idx,saq1_1,saq1_2,saq2_1,saq2_2,saq3_1,saq3_2,saq4_1,saq4_2,saq5_1,saq5_2,saq6_1,saq6_2,saq7_1,saq7_2,saq8_1,saq8_2,saq9_1,saq9_2,saq10_1,saq10_2,saq11_1,saq11_2,saq12_1,saq12_2,saq13_1,saq13_2,saq14_1,saq14_2,saq15_1,saq15_2,saq16_1,saq16_2,saq17_1,saq17_2,saq18_1,saq18_2,saq19_1,saq19_2,saq20_1,saq20_2,saq21_1,saq21_2,saq22_1,saq22_2,saq23_1,saq23_2,saq24_1,saq24_2,saq25_1,saq25_2,saq26_1,saq26_2,saq27_1,saq27_2,saq28_1,saq28_2,saq29_1,saq29_2,saq30_1,saq30_2,saq31_1,saq31_2,saq32_1,saq32_2,saq33_1,saq33_2,saq34_1,saq34_2,saq35_1,saq35_2,saq36_1,saq36_2,saq37_1,saq37_2,saq38_1,saq38_2,saq39_1,saq39_2,saq40_1,saq40_2,saq41_1,saq41_2,saq42_1,saq42_2,saq43_1,saq43_2,saq44_1,saq44_2,vq1,vq2,vq3,vq4,vq5,vq6,vq7,vq8,vq9,vq10,vq11,vq12,vq13,bq1,bq2,bq3,bq4,bq5,bq5_1,bq6,bq7,bq8_1,bq8_2,bq8_3,bq9,bq10,bq11,bq12_1,bq12_2,bq12_3,bq12_4,bq12_5,bq13_1,bq13_2,bq13_3,bq14_1,bq14_2,bq14_3,bq14_4,bq14_5,bq14_6,bq14_7,bq15,bq16_1,bq16_2,bq16_3,bq16_4,bq16_5,bq16_6,bq16_7,bq16_8,bq16_9,bq16_10,bq17,bq18_1,bq18_2,bq18_3,bq18_4,bq18_5,bq18_6,bq18_7,bq18_8,bq18_9,bq19,bq20,bq21_1,bq21_2,bq21_3,bq21_4,bq22_1,bq22_2,bq22_3,bq22_4,bq22_5,bq22_6,bq23_1,bq23_2,bq23_3,bq24,bq25,bq26,bq27_1,bq27_2,bq28,bq29,bq30_1,bq30_2,bq30_3,knowcode,text_response,major
27127,4,4,4,4,4,5,4,5,3,3,4,5,1,0,4,5,3,4,1,0,3,4,3,4,4,5,3,4,4,5,3,4,3,4,1,0,1,0,4,5,3,3,3,4,4,4,1,0,4,5,1,0,1,0,1,0,5,5,1,0,3,4,4,5,1,0,3,4,3,4,3,4,1,0,3,4,3,3,2,3,2,3,3,4,4,5,3,4,2,4,5,3,4,4,4,4,4,3,4,5,4,16,5,3,1,2,0,7,5,4,4,4,4,4,4,3,3,4,4,4,1,5,5,4,5,5,5,3,3,1,3,4,4,5,4,5,4,4,4,3,4,4,2,2,2,2,2,2,2,2,2,1,3,3,2,3,2,5,7,4,5,2,3,3,4,3,2,42,4,1,1,1,40,4000,2600,0,304003,보건교사 자격증 간호사 자격증 인원 일자리 변화,간호학
27128,5,6,5,6,4,5,4,5,4,5,4,5,5,6,4,5,4,5,4,5,4,5,4,5,4,5,4,5,4,5,4,5,4,5,4,5,3,4,4,5,4,5,4,5,4,5,3,4,3,4,4,5,3,3,2,3,2,2,2,2,2,2,3,4,2,2,3,4,3,3,3,3,3,4,3,4,3,3,4,5,4,5,4,4,4,5,4,4,4,4,3,4,4,3,4,4,4,3,4,4,4,15,2,2,1,1,4,4,5,4,4,4,4,4,4,5,5,5,4,4,2,5,4,3,4,4,3,4,4,4,3,4,3,3,4,4,4,4,4,3,4,3,2,2,2,2,2,2,2,2,2,1,2,3,3,3,2,3,4,3,5,6,6,3,6,5,1,45,4,1,1,1,40,4000,3000,0,221401,법무사 현장 업무 경기 침체,기계공학
27129,3,4,3,4,3,4,3,5,3,5,3,5,3,5,4,5,4,5,4,5,3,4,3,4,3,4,4,5,4,4,4,5,3,4,4,5,4,5,3,5,4,4,3,5,4,5,3,4,4,4,4,5,4,5,4,5,4,5,4,5,4,5,3,4,4,5,4,5,4,5,4,5,3,4,3,4,4,6,3,4,3,4,4,5,3,4,3,4,4,4,4,3,4,3,4,4,4,4,4,4,4,3,1,4,2,2,0,5,5,4,4,4,3,4,4,4,4,4,4,4,2,4,4,4,4,3,4,2,4,4,3,4,3,4,4,4,3,4,4,4,4,3,2,2,1,1,2,2,2,2,2,2,2,3,2,3,2,5,7,5,5,5,5,5,5,5,1,38,4,1,1,1,48,4300,3000,0,815001,장비 기술 도입 전체 경기 악화 때문,기계
27130,4,5,2,3,3,3,4,5,3,4,3,5,4,4,3,3,3,2,1,0,2,3,3,4,3,5,3,2,3,3,4,4,3,4,1,0,5,6,3,4,3,5,4,4,4,4,2,3,3,3,1,0,2,4,1,0,2,3,1,0,3,2,1,0,1,0,1,0,1,0,1,0,2,3,3,3,2,3,1,0,3,3,1,0,3,3,2,1,4,4,4,4,4,3,4,2,3,4,4,2,4,16,5,3,1,1,2,4,5,4,3,3,4,4,3,4,3,3,3,4,3,4,4,2,2,3,4,3,3,4,4,4,3,4,3,3,2,3,4,3,2,2,2,2,2,2,2,2,2,2,2,1,3,3,3,3,2,6,4,7,3,6,7,7,6,4,2,25,4,1,1,1,40,3500,3300,0,304003,보건교사 자격증 기초보건교육 인성교육 사람 상태 소통 확인 가의 처방 일이 대체 불가,보건학
27131,5,6,4,5,3,5,4,4,4,6,4,5,4,5,5,6,4,5,4,5,4,5,4,5,5,6,4,5,1,0,1,0,4,5,4,5,4,5,5,6,4,5,4,5,4,5,3,3,4,4,1,0,4,5,4,6,4,5,4,5,3,3,3,4,3,4,4,6,4,6,5,5,1,0,3,5,4,4,2,3,3,5,4,5,3,3,3,2,4,3,5,3,4,2,4,4,3,4,4,4,5,6,1,2,1,2,0,7,5,4,4,3,4,4,4,3,4,5,5,4,2,4,4,2,4,3,3,5,2,3,3,5,3,2,3,4,4,5,4,3,5,4,2,2,2,2,2,2,2,2,2,2,2,2,2,3,2,8,8,7,5,3,6,6,2,1,1,49,4,1,1,1,40,5700,2700,0,140201,건축기사 건설 경기 침체,건축설비공학
27132,4,5,5,6,3,4,5,6,3,4,4,6,3,4,3,4,3,4,3,4,3,4,1,0,3,4,3,4,3,4,3,4,4,5,4,4,1,0,4,5,3,4,3,4,4,5,3,4,1,0,1,0,1,0,1,0,1,0,1,0,4,5,1,0,1,0,1,0,1,0,1,0,4,5,3,4,3,4,3,4,3,4,3,4,3,4,3,4,4,4,3,3,3,3,4,3,3,3,3,4,4,11,1,2,1,2,0,3,5,4,4,3,4,4,4,4,5,5,4,4,2,4,4,4,3,3,2,1,4,3,4,3,3,3,3,3,4,5,4,3,3,4,1,2,2,2,1,1,2,2,2,3,2,3,3,3,1,2,8,8,3,3,3,1,2,8,2,34,4,1,1,1,40,4500,3200,0,32201,자산관리사 신용분석사 발달 발달 기계 업무 대체,경제학
27133,4,4,3,4,2,3,3,3,3,4,3,3,4,5,3,4,3,4,4,4,4,5,4,5,4,5,4,5,4,4,4,4,3,3,4,5,3,3,4,4,3,3,3,3,3,3,3,4,4,5,3,4,4,5,4,5,4,5,4,5,3,5,4,5,4,6,4,5,4,5,4,4,4,5,4,6,4,6,4,5,4,5,4,4,3,4,3,4,4,3,3,4,4,2,4,4,3,2,4,3,2,3,1,2,2,2,0,7,1,3,4,3,3,3,2,4,4,3,4,4,3,4,3,4,4,3,4,4,4,4,3,4,3,3,3,4,4,5,4,4,5,4,2,2,2,2,2,2,1,2,2,2,2,2,2,2,1,8,9,8,2,6,6,8,8,2,1,34,4,1,1,1,52,3800,2800,0,835201,회사 구조조정 모든 자동화 감소,대학교 기계학
27134,1,0,2,3,1,0,1,0,1,0,1,0,4,4,3,4,2,3,1,0,1,0,1,0,3,4,1,0,3,5,1,0,1,0,1,0,1,0,4,6,3,4,1,0,1,0,1,0,4,5,3,4,2,2,1,0,2,3,1,0,1,0,1,0,1,0,1,0,1,0,1,0,1,0,1,0,1,0,1,0,2,3,1,0,1,0,1,0,4,5,4,3,4,2,3,4,3,2,4,1,4,19,1,2,1,2,0,7,1,4,3,3,4,4,3,3,4,3,3,3,2,4,4,4,3,3,4,3,2,3,3,4,5,4,3,3,4,4,3,4,4,3,2,2,2,2,2,2,2,2,2,1,3,2,2,2,2,7,8,6,4,4,4,7,3,2,2,32,3,1,1,1,48,2800,2000,0,511201,헤어 자격증 변화,메이크업
27135,3,4,4,5,2,3,1,0,1,0,2,3,2,3,2,3,2,3,2,2,2,2,2,2,3,4,2,3,2,3,4,5,2,3,2,3,2,3,2,3,3,4,2,3,2,3,2,3,3,4,3,4,3,4,3,4,4,5,3,4,2,3,4,5,4,5,4,5,4,5,4,5,2,3,5,7,5,7,4,5,5,7,4,5,4,5,5,7,4,4,5,4,4,2,3,3,3,4,4,3,4,3,1,1,2,1,4,6,2,3,4,3,4,4,3,3,3,4,4,4,3,4,5,2,3,2,2,5,4,5,2,5,4,5,5,4,4,5,4,4,5,4,2,2,2,2,2,2,2,2,2,2,3,2,2,3,2,7,4,7,2,3,4,2,3,2,1,46,2,1,1,1,40,2500,2400,0,885101,현장실습 변화,전기
27136,4,6,5,6,5,6,5,6,2,2,4,5,4,5,4,5,4,5,5,6,4,6,4,5,5,6,4,5,5,6,5,6,4,5,4,5,3,4,4,5,4,5,5,6,5,6,3,4,2,2,4,5,1,0,1,0,1,0,1,0,1,0,1,0,1,0,1,0,1,0,1,0,4,5,2,2,1,0,5,3,4,3,4,5,4,5,5,6,4,4,4,3,3,4,4,4,4,3,3,4,4,15,2,2,1,1,4,4,5,4,4,4,5,4,4,5,5,4,5,5,1,4,4,2,3,4,4,4,4,4,2,4,4,4,4,4,3,4,4,3,4,3,2,2,2,2,2,2,2,2,2,1,3,3,3,3,2,7,6,5,5,5,6,7,6,5,1,33,4,1,1,1,40,3500,3000,0,221401,변리사 집합 교육 무량,경제
27137,4,3,3,3,3,2,4,4,1,0,3,5,3,3,2,2,4,3,3,3,3,3,2,2,3,3,4,5,4,3,3,3,4,4,4,3,3,3,4,4,3,3,4,4,5,3,4,3,3,5,4,3,2,1,2,2,2,2,2,2,2,1,3,2,2,1,3,3,3,3,2,1,2,2,4,5,2,2,4,3,3,3,2,2,4,4,2,1,3,4,4,3,3,3,3,4,4,2,3,3,4,19,1,1,1,1,6,5,2,3,3,3,4,4,3,4,9,9,9,4,3,3,3,3,4,4,3,3,3,3,3,4,3,3,3,3,4,4,4,4,4,4,2,2,2,2,2,2,2,2,2,1,3,3,2,2,2,6,6,6,5,6,6,6,5,4,2,52,2,1,3,2,40,1900,1700,0,511201,미용사 미용 실무 헤어 유행 관심 고용 안정,인문계
27138,4,4,4,5,4,4,4,4,4,5,4,5,4,4,4,4,4,4,3,4,3,4,4,4,4,4,4,4,4,4,3,4,4,5,4,5,4,5,4,3,4,4,4,4,3,4,3,3,4,4,3,4,3,4,3,4,3,4,3,4,3,3,3,3,3,3,3,3,1,0,3,4,3,3,3,3,3,3,2,3,3,3,1,0,4,5,4,5,4,3,4,4,4,4,4,4,4,4,3,3,3,15,2,3,1,2,0,4,5,3,3,3,3,4,3,3,3,3,4,3,4,4,4,4,3,4,3,4,3,3,3,3,3,4,3,3,4,3,3,3,3,3,2,2,2,2,2,2,2,2,2,2,3,3,3,3,2,7,7,7,6,7,7,3,4,3,1,30,4,1,1,1,40,3200,2800,0,140503,교통산업기사 변화,지상교통학
27139,3,3,2,3,2,3,2,3,2,3,2,3,2,4,2,2,3,3,1,0,2,3,3,4,2,2,2,3,2,3,2,3,2,2,2,3,2,3,3,3,3,4,2,3,2,2,3,3,2,2,3,4,2,3,2,3,2,4,2,3,2,2,3,2,2,2,2,2,2,2,2,2,2,3,3,3,3,3,2,4,2,2,2,5,3,3,2,3,3,3,3,3,4,2,4,3,2,3,3,2,3,18,1,1,1,1,1,5,3,4,3,3,4,3,2,3,3,3,4,4,2,4,4,4,3,2,2,1,3,3,3,4,3,4,2,2,3,4,3,3,3,4,2,2,2,2,2,2,2,2,2,1,3,2,2,2,2,9,8,8,7,2,1,2,3,8,2,34,3,1,1,1,60,4000,2000,0,511201,헤어미용사자격증 손님응대 미용 전문학교 정도 유입 인원 증가,전문대 미용학
27140,1,0,2,2,1,0,2,2,1,0,1,0,1,0,1,0,2,2,1,0,1,0,1,0,1,0,1,0,1,0,1,0,1,0,1,0,1,0,2,2,1,0,1,0,1,0,1,0,1,0,1,0,1,0,1,0,1,0,1,0,1,0,1,0,1,0,1,0,1,0,1,0,1,0,1,0,1,0,1,0,1,0,1,0,2,2,2,2,3,3,4,2,2,3,1,4,3,1,1,2,2,18,4,1,2,1,4,4,2,4,5,5,4,5,3,3,2,2,5,3,2,4,5,3,3,3,4,5,2,5,3,5,5,5,5,5,4,5,4,4,5,4,2,2,2,2,2,2,2,2,2,1,4,2,2,2,2,8,8,9,3,9,9,8,9,9,2,26,3,1,4,2,14,2400,1100,0,416202,워킹 예술 활동 대한 영역 점점,모델학
27141,3,3,2,4,2,3,2,3,3,3,2,3,3,3,2,4,2,3,2,4,2,3,2,3,3,3,2,4,3,4,4,4,3,3,3,4,4,4,3,4,2,4,4,4,3,3,3,4,4,4,3,5,3,4,4,4,4,4,3,4,4,4,3,3,4,4,4,5,3,3,4,4,4,5,3,5,4,5,4,4,4,5,3,4,4,4,3,5,3,4,4,3,3,4,4,3,4,3,3,4,4,18,1,2,1,1,4,3,2,4,3,3,3,4,3,4,5,4,4,3,4,4,3,3,4,5,4,4,3,3,3,4,3,2,3,4,4,3,4,4,4,3,2,2,2,2,2,2,2,2,2,3,3,2,2,2,2,8,7,7,6,6,7,7,6,7,1,35,2,1,3,2,30,3000,2500,0,420402,스포츠 운동 건강 관심,상고
27142,3,4,3,4,3,3,3,4,2,2,2,2,3,4,2,3,2,3,2,2,2,2,2,3,3,3,3,3,4,5,3,4,4,4,3,3,3,3,5,6,4,5,3,4,3,3,3,4,3,3,3,3,3,3,3,3,2,2,2,2,3,3,2,2,2,2,2,2,2,3,2,2,2,2,2,2,2,3,2,2,2,2,2,3,4,4,4,5,3,3,3,4,3,4,3,4,3,4,3,3,4,17,1,2,1,1,4,7,2,4,4,4,4,3,4,4,3,4,4,4,3,4,4,4,3,4,5,4,4,4,4,4,5,4,4,5,4,4,5,4,4,4,2,2,2,2,2,2,2,2,2,1,3,3,3,3,2,9,8,8,3,2,2,7,3,6,2,26,2,1,1,1,48,2400,2000,0,307501,간호조무사 자격증 보수교육 병원 항상,인문계
27143,1,0,1,0,1,0,3,4,3,4,3,4,1,0,1,0,1,0,1,0,2,2,2,2,2,2,1,0,1,0,2,2,2,2,2,2,3,4,3,4,3,4,2,2,2,2,1,0,3,4,3,4,3,4,4,5,4,5,4,5,2,2,1,0,1,0,3,4,4,5,3,4,1,0,3,4,1,0,1,0,1,0,1,0,1,0,1,0,3,4,4,3,3,4,3,3,2,3,4,3,3,14,1,2,1,2,0,4,3,3,4,3,4,3,3,4,3,4,3,3,2,3,2,2,3,3,3,4,2,3,3,2,3,3,4,3,4,3,2,3,3,4,2,2,2,2,2,2,2,2,2,1,4,3,3,3,2,6,7,4,5,3,3,8,7,7,1,36,2,1,1,1,40,3600,2800,0,811401,공조냉동 에어컨 수요 증가,이과
27144,4,5,4,5,3,3,4,5,3,3,2,5,3,4,3,4,4,4,2,3,2,3,3,4,3,4,4,4,3,4,3,4,4,5,3,4,3,4,4,4,3,4,4,5,4,5,2,4,3,3,2,3,2,2,2,2,2,2,2,2,3,4,1,0,1,0,1,0,3,3,3,3,2,3,2,3,2,3,3,4,3,4,3,4,3,4,4,5,4,4,2,2,3,3,2,3,2,3,3,2,2,16,5,2,1,1,4,3,4,3,2,3,2,1,1,1,2,1,3,2,3,2,3,3,3,2,3,4,3,3,4,4,4,3,4,3,4,4,3,5,4,4,2,2,2,2,2,2,2,2,2,1,3,1,1,2,1,3,3,5,6,3,8,4,5,8,2,29,3,1,1,1,40,2700,2200,0,213001,보육교사자격증 정교사2급 아이들을 사랑하는 방식 계속 때문 보육 시설,유아교육
27145,3,4,3,4,3,4,3,4,3,5,3,4,3,4,3,4,3,4,4,5,3,4,3,4,3,4,3,4,3,4,4,5,3,4,3,4,4,5,3,4,3,4,3,4,3,4,3,4,4,5,4,5,3,4,3,4,3,4,1,0,3,3,2,3,2,3,2,3,1,0,3,4,3,4,1,0,1,0,1,0,1,0,1,0,1,0,1,0,3,3,3,3,3,3,3,3,3,3,3,3,3,15,2,5,2,1,5,5,4,2,3,3,5,4,4,3,3,3,3,3,2,4,4,3,4,3,3,3,3,3,4,3,3,4,4,3,3,3,4,3,4,4,2,2,2,2,2,2,2,2,2,2,3,3,3,3,2,4,7,6,6,5,4,3,7,7,1,38,3,1,1,1,45,4000,2000,0,140503,도시계획서 작성요령 경기 회복,교통시스템
27146,3,4,3,4,2,2,3,5,2,3,1,0,1,0,2,2,3,4,2,2,1,0,2,3,3,3,1,0,3,4,2,3,3,4,1,0,3,5,2,2,3,5,3,4,2,4,1,0,1,0,1,0,2,2,1,0,2,3,3,3,1,0,5,5,3,4,3,4,3,5,3,5,1,0,4,4,3,3,3,4,3,4,1,0,3,4,2,3,5,3,2,4,5,2,2,2,3,1,2,4,4,3,1,4,2,2,0,1,2,2,2,2,4,2,2,3,3,2,4,3,2,4,3,5,3,2,4,1,5,1,4,5,3,2,1,1,2,5,2,2,4,5,2,2,2,2,2,2,2,2,2,2,3,3,3,3,2,8,6,4,2,3,4,4,3,4,1,47,2,1,1,1,44,4500,2300,0,817201,자동차 부품 수요 변화,기계
27147,3,3,3,4,3,3,3,4,3,3,1,0,1,0,3,3,4,3,1,0,2,3,3,4,1,0,1,0,4,5,3,3,4,4,1,0,1,0,5,6,4,2,1,0,5,3,1,0,4,4,1,0,1,0,1,0,1,0,1,0,2,3,1,0,1,0,1,0,1,0,1,0,1,0,1,0,1,0,1,0,1,0,1,0,2,3,3,4,3,3,2,3,2,4,2,2,4,2,1,3,4,7,4,1,2,2,0,7,2,3,2,2,3,3,4,3,9,9,9,3,4,2,1,4,3,3,3,2,4,4,4,4,3,2,2,2,2,4,4,3,4,4,2,2,2,2,2,2,2,2,2,1,3,3,3,3,2,8,6,6,4,2,1,7,3,3,2,29,2,2,6,1,45,0,0,2500,615401,전반 경기 불황 변화,인문계
27148,3,5,4,5,2,2,5,6,4,6,4,6,1,0,3,5,3,4,1,0,2,2,3,4,3,4,3,4,1,0,1,0,2,3,4,5,2,3,4,6,4,5,5,6,4,5,5,6,1,0,1,0,3,4,1,0,1,0,1,0,4,6,1,0,1,0,1,0,1,0,1,0,3,4,1,0,1,0,2,3,1,0,1,0,3,4,3,4,4,3,4,4,5,4,3,4,3,4,4,3,3,11,1,2,1,2,0,4,5,3,4,4,4,4,3,3,3,4,5,4,1,4,3,3,2,3,4,3,5,5,3,5,4,5,3,4,5,5,4,4,4,4,2,2,2,2,2,2,2,2,2,2,3,3,2,3,2,7,8,3,3,5,3,2,7,8,1,36,4,1,1,1,40,8000,3000,0,32201,증권투자상담사 인터넷 모바일 테크 상품 증가 일자리 크게 변동,수학
27149,4,5,5,6,3,4,5,7,4,4,2,4,4,5,5,6,4,5,1,0,4,5,5,7,5,7,4,5,3,4,4,5,4,6,3,5,5,6,1,0,4,5,4,5,3,4,1,0,5,7,5,7,5,7,5,7,4,6,5,6,5,7,1,0,5,7,5,7,4,6,5,7,3,4,4,5,5,7,1,0,1,0,1,0,4,5,4,5,3,4,2,3,4,3,4,4,3,3,4,4,5,18,1,1,1,2,0,6,5,4,3,4,4,4,4,3,4,4,5,4,4,3,3,4,4,4,4,4,3,3,4,4,5,4,3,4,5,4,5,3,4,3,2,2,2,2,2,2,2,2,2,1,3,2,2,2,1,8,1,2,9,1,8,9,8,2,2,52,4,1,1,1,42,7000,5500,0,13601,사서 기계로,문헌정보학
27150,4,6,4,6,4,6,4,6,4,6,4,6,4,5,5,6,4,6,4,5,4,6,4,6,4,6,4,6,4,6,4,6,4,6,4,6,4,6,5,6,4,6,4,6,4,6,4,6,4,6,4,6,4,6,3,4,3,4,3,4,4,6,4,6,2,2,1,0,1,0,1,0,4,6,2,2,2,2,2,2,1,0,2,2,3,4,2,2,5,4,5,4,4,5,4,4,3,3,4,4,4,18,1,3,2,2,0,3,5,3,2,3,3,3,4,4,3,3,4,4,3,3,3,4,3,3,4,3,3,3,3,3,3,4,3,4,3,4,3,3,4,4,2,2,2,2,2,2,2,2,2,2,2,2,2,2,1,5,5,5,6,6,6,6,6,6,1,45,4,1,1,1,50,6500,3000,0,521101,경기 침체 일자리 감소,영문학
27151,1,0,2,3,1,0,3,4,1,0,1,0,1,0,2,2,3,3,2,2,1,0,1,0,1,0,1,0,3,3,3,3,2,3,1,0,1,0,2,3,1,0,2,2,1,0,1,0,1,0,2,2,1,0,1,0,1,0,1,0,1,0,1,0,1,0,1,0,1,0,1,0,1,0,1,0,1,0,1,0,1,0,1,0,3,3,2,4,4,4,4,2,2,4,2,1,2,1,1,2,1,18,4,1,2,1,3,3,2,4,3,4,3,4,4,3,4,3,4,4,3,5,5,2,3,3,3,3,2,5,3,3,4,4,3,3,3,3,3,4,5,4,2,2,2,2,2,2,2,2,2,1,1,2,2,2,2,7,9,8,4,8,8,7,7,6,2,25,4,1,4,2,10,1800,1100,0,416202,워킹 연기 환경 조건,현대무용
27152,1,0,1,0,1,0,1,0,1,0,3,4,1,0,3,4,2,1,3,3,1,0,3,3,4,4,1,0,1,0,1,0,2,3,1,0,3,2,3,3,2,4,3,3,4,4,3,3,2,3,3,3,4,5,4,4,3,4,3,4,2,2,3,3,2,4,4,4,5,6,3,3,3,2,2,3,3,3,4,6,4,5,3,3,3,3,3,4,2,4,4,2,3,2,4,2,2,2,4,2,2,6,1,2,2,2,0,7,4,3,3,3,4,3,3,4,3,3,3,3,2,2,4,3,3,2,2,2,2,4,3,3,3,3,2,3,3,4,4,3,2,3,2,2,2,2,2,2,2,2,2,2,3,3,3,3,2,4,4,4,4,4,6,5,5,5,1,42,4,1,1,1,40,3800,3500,0,811401,작업 과정,전기
27153,1,0,2,3,1,0,3,3,2,2,1,0,1,0,3,3,2,2,1,0,1,0,1,0,2,2,1,0,3,3,2,3,1,0,1,0,1,0,5,3,1,0,1,0,2,3,1,0,1,0,1,0,1,0,1,0,2,3,1,0,1,0,1,0,2,3,1,0,1,0,1,0,1,0,4,3,3,3,3,3,2,2,2,2,3,3,2,2,1,3,2,1,1,1,1,2,3,1,1,1,2,7,4,2,2,2,0,7,1,1,1,1,3,2,3,3,3,3,4,3,4,1,2,2,2,3,3,3,4,4,2,4,4,2,2,2,3,3,2,2,3,3,2,2,2,2,2,2,2,2,2,4,1,3,3,3,2,8,6,7,7,7,6,7,6,7,1,34,2,1,4,1,40,2400,1900,0,615701,전기차 수소차 생산,공고
27154,4,5,3,4,2,3,4,5,1,0,3,4,1,0,3,4,3,4,1,0,3,4,3,4,4,5,3,4,4,5,4,5,4,5,3,4,3,4,4,5,4,5,3,4,4,5,1,0,1,0,1,0,1,0,1,0,1,0,1,0,2,2,1,0,1,0,1,0,1,0,1,0,2,2,1,0,2,2,1,0,1,0,1,0,1,0,3,3,3,4,4,3,4,2,4,2,2,3,2,4,3,19,1,2,1,1,3,1,5,3,4,4,4,3,3,4,3,3,4,4,3,4,3,3,4,3,3,2,3,3,4,3,4,4,3,3,3,4,3,2,3,4,2,2,2,2,2,2,2,2,2,1,4,2,2,2,2,3,3,3,2,2,2,3,3,3,2,30,4,1,1,1,40,3000,2300,0,29904,직업상담사 자원봉사활동 취업,사회복지학
27155,3,3,3,3,2,2,3,3,3,2,2,2,2,2,2,2,3,3,2,2,1,0,3,3,2,3,2,3,3,3,3,3,3,4,3,4,3,3,4,5,4,4,4,4,3,3,2,3,2,2,3,3,2,2,3,3,3,3,2,2,2,2,3,3,2,3,3,3,4,4,4,4,3,3,4,3,3,3,4,4,5,5,3,4,3,3,3,3,4,4,4,4,3,2,4,2,3,2,3,4,4,1,4,1,2,2,0,6,1,4,4,3,4,4,4,3,9,9,9,3,4,4,4,4,4,4,4,1,3,3,2,4,3,4,3,2,4,4,4,3,4,4,2,2,2,2,2,2,2,2,2,1,2,3,3,2,2,2,3,4,3,3,6,6,4,6,1,72,2,2,6,1,50,0,0,2000,901201,인구 감소 소비,이과
27156,3,4,3,4,3,3,3,4,3,4,3,3,3,4,3,4,2,3,2,2,2,3,2,3,3,4,4,5,3,4,3,3,3,4,3,4,2,3,4,5,4,5,4,5,3,4,3,3,4,5,3,4,4,6,5,6,4,6,5,6,2,2,4,6,5,6,5,6,5,6,5,6,2,3,4,6,4,6,4,6,4,6,4,6,4,6,4,6,5,4,4,3,4,2,4,2,3,3,4,3,4,4,1,1,1,2,0,3,2,4,2,2,4,3,3,3,9,9,3,3,2,4,4,4,4,5,4,3,4,4,2,4,4,5,4,4,5,4,4,4,4,5,1,2,1,1,1,1,2,2,2,1,4,3,3,3,2,9,8,2,2,3,2,8,2,2,1,54,2,2,5,1,40,0,0,5000,811501,공조냉동기계 기능사 가스안전관리사 에너지산업관리기사 보일러 기능 향상 기계 장비 항상 연구 주거 보일러 불가분 관계 항상 사람,기계설비
27157,2,1,3,4,1,0,3,4,3,3,2,2,1,0,3,4,3,4,3,4,1,0,3,4,3,4,1,0,4,5,4,4,2,3,2,3,2,4,4,5,4,5,3,4,4,6,2,3,2,3,3,4,1,0,2,3,4,5,4,4,1,0,3,5,3,4,4,6,4,5,4,5,1,0,2,1,4,4,4,5,4,5,3,4,3,4,4,4,3,3,4,2,2,4,2,3,4,2,3,1,3,19,1,1,2,2,0,2,3,3,3,4,4,4,4,3,3,4,3,4,3,3,3,4,3,3,4,3,3,3,4,3,4,3,4,4,4,4,4,4,4,3,2,2,2,2,2,2,2,2,2,3,1,1,1,1,1,5,6,6,6,5,4,5,4,4,1,38,2,1,1,1,25,2500,2200,0,615701,셀프 주유소 증가,인문
27158,3,5,4,6,4,6,3,5,2,3,3,4,5,6,3,5,4,6,3,6,3,5,3,5,4,6,4,6,4,6,3,6,3,5,4,5,4,6,3,5,3,5,3,5,4,5,4,5,5,6,4,5,3,4,3,5,2,3,2,2,4,5,4,5,2,3,2,2,2,2,2,2,3,5,3,2,3,6,2,3,4,5,2,3,2,4,1,0,4,5,4,3,4,4,4,4,4,5,4,4,4,16,5,3,2,2,0,4,4,4,3,3,4,4,4,3,4,4,4,4,4,3,3,4,3,2,3,1,2,4,4,5,4,4,1,1,3,3,3,2,4,4,2,2,2,2,2,2,2,2,2,2,3,2,2,2,1,8,7,7,3,3,4,7,6,5,1,38,3,1,1,1,48,3800,2500,0,24404,소규모 맞춤 행사 행사 전시 활성화 전망,경영학
27159,4,4,4,4,2,3,3,4,4,5,4,5,4,5,3,4,4,4,4,5,3,4,3,4,4,5,3,4,3,4,4,5,3,4,3,4,3,3,3,4,3,4,3,4,3,5,3,4,3,3,3,4,4,5,4,5,4,5,4,5,4,5,4,6,4,4,4,5,4,5,4,5,4,5,4,5,4,5,4,5,4,5,4,5,4,5,4,5,4,4,3,4,4,4,4,4,4,4,4,4,4,4,1,2,1,2,0,4,4,4,4,4,4,4,4,4,4,4,4,4,3,3,3,4,5,4,4,4,4,4,4,4,4,5,5,4,4,5,4,4,4,4,2,2,2,2,2,2,2,2,2,2,2,3,3,3,2,8,6,7,4,4,4,7,7,7,1,36,4,1,1,1,40,5500,4000,0,153102,전기기사 기술 개발,전기공학
27160,3,4,3,4,3,4,3,4,3,4,3,4,3,4,3,4,3,4,3,4,2,2,2,4,3,4,4,4,4,5,3,4,4,5,3,4,4,4,4,4,3,3,4,6,3,4,4,4,4,4,4,3,3,4,3,5,3,4,3,4,3,5,3,4,4,6,3,5,3,5,3,4,3,5,3,5,3,5,3,5,3,5,3,4,3,5,3,5,4,2,4,4,4,3,2,3,3,3,3,3,4,13,1,2,1,2,0,6,5,4,4,3,3,4,3,4,4,4,4,4,3,3,3,4,3,3,3,3,2,3,3,3,3,3,3,3,3,3,3,3,4,4,2,2,2,2,2,2,2,2,2,2,1,2,2,3,1,4,4,4,4,4,4,5,5,5,1,39,4,1,1,1,45,4800,2800,0,140503,교통기사 하락,교통시스템학
27161,4,5,5,5,4,5,4,5,3,4,4,5,4,5,4,5,4,4,4,3,3,5,5,5,3,5,3,3,4,4,3,5,4,4,4,4,5,5,4,3,4,4,3,3,5,4,3,4,2,2,2,2,2,4,2,2,2,4,2,2,2,4,1,0,2,2,2,3,2,3,2,1,3,3,2,3,2,1,3,3,3,2,2,4,3,3,4,3,4,4,4,3,4,2,4,3,3,4,4,4,4,16,5,2,1,2,0,6,5,4,4,4,4,4,4,4,4,4,4,4,4,3,3,4,4,4,4,3,3,3,3,4,4,5,4,4,5,4,4,3,3,2,2,2,1,2,2,1,2,2,2,2,2,1,3,3,1,3,3,3,4,3,4,2,2,3,2,37,4,1,1,1,40,4000,3000,0,213001,교원자격증 소프트웨어 교육활동 도입 기기 활용 교수 대두 인공 지능 업종 종사 감소,유아교육학
27162,4,3,4,3,3,3,3,3,2,3,3,4,1,0,3,3,3,3,3,3,3,4,3,4,3,4,2,4,2,3,3,4,2,4,3,3,3,4,3,5,3,4,4,4,2,4,1,0,1,0,1,0,2,3,1,0,3,4,3,4,3,3,3,3,5,4,5,4,5,4,5,4,1,0,4,4,4,4,3,4,3,5,3,4,4,4,3,4,4,4,4,4,3,2,3,3,3,3,2,3,4,3,1,6,1,1,1,5,3,2,1,2,4,3,3,4,3,3,4,3,2,4,4,1,2,3,4,4,4,4,4,5,2,1,1,1,2,5,1,1,5,4,2,2,1,2,2,1,2,2,2,1,2,3,2,2,2,4,4,3,2,3,2,3,4,4,1,47,2,1,1,1,52,7000,2900,0,815001,전기 전자 기계 설비 제어 전기 전자 기계 설비 제어 관련교육 무인 측정 검사 장비 무인 이동 장치 자동화 장비 축소 인공 지능 자체 해결 진단,기계
27163,3,4,3,4,3,4,5,7,4,6,5,6,5,5,4,6,3,4,5,6,5,6,3,4,3,4,3,4,3,4,4,6,3,4,3,4,3,4,3,4,3,4,3,4,3,4,3,4,3,4,4,6,4,6,3,4,3,4,3,4,3,4,3,4,3,4,3,4,4,6,4,6,3,4,5,7,4,6,4,6,5,5,5,6,5,5,5,5,5,4,3,4,5,3,4,3,3,3,3,4,3,6,1,1,1,1,3,5,2,3,3,2,5,5,5,2,3,4,4,4,2,4,4,3,4,5,4,3,4,4,4,4,5,4,5,5,4,4,5,5,5,4,2,2,2,2,2,2,2,2,2,1,3,3,3,3,2,7,6,8,7,6,5,6,5,5,1,35,2,1,1,1,40,2800,2500,0,702502,유리시공기능사 유리시공 훈련 수요,인문계(문과)
27164,3,3,3,5,3,5,3,4,3,5,3,5,3,4,3,4,3,4,3,4,3,4,3,4,3,4,3,4,4,5,3,4,3,5,3,4,4,3,3,4,3,4,3,4,3,4,3,4,3,4,3,4,3,4,3,4,3,4,3,3,3,3,3,4,3,3,3,4,3,4,3,4,3,3,3,3,3,3,3,3,3,4,3,5,3,4,3,4,4,4,4,3,4,1,3,3,2,3,4,4,4,17,3,2,1,1,4,7,5,4,3,4,4,4,4,4,4,5,4,4,2,3,4,3,4,5,5,5,5,5,4,3,4,4,3,4,3,4,3,4,3,4,2,2,2,2,2,2,2,2,2,2,4,1,1,3,2,8,8,9,9,9,9,8,8,7,1,55,4,1,3,1,40,7500,2800,0,306502,작업치료사 재활치료 코로나 환자,물리치료학
27165,4,4,3,4,4,4,5,3,2,4,3,4,2,3,4,4,5,3,4,4,2,4,4,4,5,4,4,3,5,4,4,3,2,3,1,0,3,4,1,0,4,4,5,4,3,3,4,2,4,3,1,0,3,4,4,4,3,3,2,3,3,2,4,3,1,0,1,0,1,0,1,0,4,4,2,4,4,4,3,2,2,3,1,0,4,4,3,3,4,4,3,4,5,4,4,2,4,3,4,4,5,13,1,2,1,2,0,3,5,3,5,4,4,5,3,5,4,5,3,4,4,3,4,3,2,4,3,3,5,4,5,4,5,3,4,4,3,5,4,2,3,4,2,2,2,2,2,2,2,2,2,2,3,3,3,3,2,7,4,5,4,3,6,4,7,6,1,31,4,1,1,1,40,3200,3200,0,155304,수질환경기사 대기환경기사 토양환경기사 환경 대한 관심,환경공학
27166,2,3,2,3,2,4,3,4,3,4,2,3,2,3,3,4,3,4,2,3,3,5,2,3,2,4,4,4,3,4,3,3,2,4,3,4,4,4,4,4,4,4,3,3,2,3,5,5,4,5,4,5,5,4,5,4,3,4,5,4,4,4,4,4,4,3,5,4,4,4,4,4,3,3,4,5,5,4,3,6,4,5,4,4,5,4,4,4,4,2,4,3,4,4,3,3,2,4,3,4,4,10,1,2,1,1,3,2,2,3,3,3,4,4,3,3,3,3,4,3,3,3,3,4,4,3,4,4,3,3,3,4,2,4,3,4,4,3,4,4,4,3,2,2,2,2,2,2,2,2,2,1,3,3,2,3,2,5,6,5,4,3,4,5,4,4,1,42,2,1,1,1,52,3640,3170,0,842301,방송통신기능사 인터넷 케이블 설치 수리 실무 교육 인터넷 수요 증가 고용 안정,전기
27167,5,4,5,4,2,3,3,3,4,3,4,3,5,5,3,3,4,3,4,4,3,4,2,4,4,4,5,4,2,3,4,4,4,4,2,2,4,3,4,4,4,3,4,4,4,4,2,3,4,4,3,3,4,3,5,4,5,4,5,3,5,3,5,2,4,3,3,4,4,4,5,4,4,3,3,3,2,5,3,3,3,3,3,3,4,5,3,3,5,3,5,3,5,1,5,5,5,3,5,2,5,13,1,1,1,1,1,1,2,3,4,4,4,4,3,4,9,9,9,4,2,4,4,4,4,3,4,3,4,3,4,3,4,4,3,4,4,4,4,3,3,3,2,2,2,2,2,2,2,2,2,1,2,2,2,2,2,7,7,6,7,7,6,7,7,3,1,57,4,2,5,1,52,0,0,3800,414201,사진기능사 영상촬영교육 결혼 감소 출산율 조화로 사진 웨딩사진 감소,사진학
27168,2,3,4,5,2,3,1,0,4,4,2,3,4,4,2,3,2,3,2,3,2,3,4,4,2,4,1,0,2,3,3,4,1,0,1,0,2,3,3,4,1,0,2,3,4,5,2,5,1,0,2,4,4,5,2,3,4,6,3,4,1,0,1,0,5,5,4,5,3,4,2,4,2,3,4,5,2,3,4,5,3,3,2,4,5,6,4,5,4,3,4,4,4,3,3,4,5,4,4,3,4,3,1,1,1,2,0,2,2,3,4,4,4,3,3,4,3,4,5,5,3,4,4,4,3,4,4,3,4,5,4,4,4,3,3,4,5,4,4,5,5,3,2,2,2,2,2,2,2,2,2,3,2,2,2,2,1,6,7,6,5,5,6,6,7,7,1,48,3,2,5,1,48,0,0,5300,885101,피아노조율기능사 개발 인원 감축,설계
27169,2,4,2,4,2,3,3,3,3,3,3,4,1,0,3,4,3,3,2,3,1,0,3,4,3,3,3,4,2,3,2,4,3,4,3,4,3,3,3,3,3,4,4,4,4,3,4,3,4,3,4,5,2,2,3,4,2,2,2,2,1,0,3,3,2,2,2,2,2,2,2,2,3,4,2,3,2,3,2,3,3,4,3,3,4,3,2,2,3,3,2,3,2,1,2,2,1,2,1,3,2,6,4,1,2,2,0,6,1,2,2,1,3,3,2,2,9,9,9,2,4,2,2,3,3,3,3,4,2,3,3,4,4,3,3,4,3,4,3,3,4,4,2,2,2,2,2,2,2,2,2,2,3,3,3,3,2,9,7,9,6,8,7,8,4,3,1,56,2,2,6,1,48,0,0,3800,702601,신축 재건축 건축 도장,공고
27170,4,5,5,7,4,5,3,4,4,5,3,4,3,4,3,4,4,5,3,4,4,5,4,5,4,5,4,5,2,2,3,4,3,4,3,4,3,4,3,4,4,5,4,5,3,4,5,6,3,4,4,5,3,4,1,0,2,3,2,3,4,5,3,4,1,0,1,0,1,0,1,0,1,0,1,0,1,0,1,0,1,0,1,0,3,4,3,5,4,4,3,3,4,4,3,5,3,4,3,3,3,18,1,4,1,1,2,6,4,4,5,4,4,5,4,3,3,3,3,3,2,4,4,2,2,3,3,4,4,5,3,5,4,4,5,5,4,5,5,4,4,4,2,2,2,2,2,2,2,2,2,2,2,2,2,2,1,7,2,2,2,2,7,2,2,3,1,30,4,1,1,1,40,4000,4000,0,521101,관광통역안내사 국내여행안내사 관광통역과 국내여행 안내 교육이 필요하다 개발 일자리 축소,영어영문
27171,3,3,4,3,3,3,4,4,3,3,2,3,2,3,4,4,3,3,1,0,1,0,1,0,2,3,3,4,4,3,3,3,3,4,3,3,1,0,3,3,2,2,3,2,3,3,1,0,1,0,1,0,1,0,1,0,1,0,1,0,3,3,1,0,1,0,1,0,1,0,1,0,1,0,1,0,1,0,1,0,2,3,1,0,4,2,4,2,2,3,3,3,2,3,2,2,2,2,2,2,3,7,1,1,2,2,0,7,2,2,3,3,4,3,3,3,3,3,3,3,4,1,3,3,2,2,2,2,3,4,3,4,3,2,3,3,3,4,4,4,4,4,2,2,2,2,2,2,2,2,2,1,2,2,2,2,2,7,8,7,7,6,4,6,4,4,2,33,2,1,1,1,45,2200,1800,0,615401,온라인 시스템 발달 오프라인 매장 관련 직원 감소 예상,인문계
27172,3,2,3,2,2,2,2,3,4,3,3,3,2,3,5,5,2,2,3,4,3,3,1,0,4,3,1,0,1,0,4,3,1,0,1,0,1,0,1,0,3,2,2,2,3,3,2,2,2,3,1,0,3,2,1,0,2,2,5,4,1,0,3,2,3,3,4,5,4,5,3,4,1,0,4,3,2,3,2,2,4,3,4,3,4,4,2,2,3,2,1,2,3,2,3,3,2,3,3,2,2,3,1,2,2,2,0,4,2,3,3,3,4,4,3,3,2,3,4,3,4,3,4,4,5,4,4,5,3,2,3,4,5,4,3,3,4,5,2,2,4,4,2,2,2,2,2,2,2,2,2,2,3,3,3,3,2,8,9,7,4,7,2,2,7,5,1,53,2,1,1,1,40,4500,2500,0,703201,산업 제조업 설비 투자 계속,공고
27173,1,0,1,0,1,0,1,0,1,0,1,0,1,0,1,0,1,0,1,0,1,0,1,0,3,4,1,0,1,0,1,0,1,0,1,0,1,0,1,0,1,0,3,4,3,3,4,4,4,4,1,0,1,0,1,0,3,4,3,4,1,0,1,0,3,3,4,5,4,5,4,4,1,0,3,4,1,0,1,0,2,3,2,3,3,4,2,3,4,3,3,3,3,2,4,2,3,3,4,3,4,3,1,1,2,2,0,3,2,3,3,2,4,3,4,2,9,9,9,3,2,4,4,3,2,1,3,2,4,3,4,4,3,4,3,3,4,5,4,3,5,3,2,2,2,2,2,2,2,2,2,1,3,2,2,2,2,8,5,6,5,7,6,5,6,4,1,40,3,2,5,1,45,0,0,4000,882101,상황,기계
27174,3,4,3,4,3,4,4,4,3,4,3,4,3,4,3,4,3,6,5,6,3,4,2,2,3,4,3,3,4,5,4,6,3,4,3,4,3,4,4,6,5,7,4,6,5,7,3,4,3,4,4,6,5,7,5,6,5,7,5,6,3,3,5,7,4,6,5,7,5,6,5,6,4,5,5,6,4,6,5,6,5,5,5,6,5,6,5,6,5,4,2,3,5,2,5,4,4,2,3,4,5,6,1,1,2,1,3,5,2,4,3,3,4,4,4,2,3,4,4,3,4,2,3,3,3,4,3,4,3,3,4,4,4,5,4,5,4,4,5,5,5,4,2,2,2,2,2,2,2,2,2,1,3,3,3,3,2,6,5,7,8,6,5,6,5,6,1,30,2,1,1,1,40,3000,2400,0,702502,유리 시공 훈련 수요,인문계(문과)
27175,4,5,3,5,4,5,2,3,2,3,3,5,1,0,2,3,2,3,3,4,2,3,2,3,2,3,2,3,2,3,3,4,2,4,3,4,2,4,3,4,2,4,2,4,2,5,3,4,2,3,3,4,2,4,2,4,3,4,2,4,3,5,3,5,4,5,4,5,3,4,2,4,3,4,2,4,3,4,3,4,2,3,2,4,2,4,2,4,2,3,2,4,4,5,4,4,4,5,4,4,4,18,1,2,2,1,4,4,2,3,3,3,2,3,2,3,3,3,4,3,4,4,4,4,5,4,4,4,4,4,2,4,5,4,4,4,5,4,4,4,4,4,2,2,2,2,2,2,1,2,2,1,2,2,2,2,1,7,7,7,6,6,6,7,7,7,2,29,2,1,2,2,30,3200,1500,0,416202,워킹교육 자세교육 코로나 패션쇼 경기,문과
27176,2,3,2,3,2,3,3,4,1,0,3,5,2,1,3,4,3,3,3,5,1,0,3,5,3,4,3,5,3,4,3,4,1,0,2,1,4,5,3,4,3,5,3,5,2,1,3,5,3,4,3,4,2,1,2,1,3,4,3,4,1,0,2,3,3,4,3,5,3,5,1,0,3,4,1,0,4,5,2,2,2,2,4,5,4,5,4,5,3,3,2,3,4,2,3,3,2,3,4,2,3,19,5,2,1,2,0,3,4,3,2,2,4,5,3,3,3,3,4,4,3,4,4,3,3,4,4,4,3,4,4,3,3,3,3,4,4,3,2,2,4,3,2,2,2,2,2,2,2,2,2,1,4,3,3,3,1,5,6,6,6,6,4,3,3,5,1,34,4,1,1,1,25,3505,3100,0,420402,선수트레이너 물리치료 선수 대비 트레이너 부족,사회체육
27177,3,5,3,3,3,3,2,3,1,0,2,4,1,0,5,6,4,4,1,0,1,0,3,5,3,3,1,0,2,3,4,6,1,0,1,0,4,5,5,4,5,3,1,0,3,4,1,0,2,3,1,0,4,5,2,2,5,4,4,5,1,0,3,3,5,7,4,4,3,4,2,3,3,4,3,3,5,5,2,3,3,5,4,5,4,5,3,4,2,1,5,2,3,2,2,5,3,4,1,2,2,8,1,2,2,2,0,3,2,2,1,1,2,2,1,2,1,2,4,3,4,2,2,3,4,2,3,3,5,3,3,5,2,3,4,2,3,5,3,3,5,3,2,2,2,2,2,2,2,2,2,1,3,3,3,3,2,6,7,6,4,5,3,7,4,4,1,40,2,1,1,1,40,2900,2400,0,842301,유선 전화 감소 일자리 현상 유지,전자
27178,4,6,4,6,4,5,4,4,4,6,4,5,4,5,4,6,4,5,4,6,4,5,4,5,4,5,4,5,4,5,4,5,4,5,4,5,4,5,4,5,4,5,4,5,4,4,4,6,4,5,4,5,4,5,4,5,4,5,4,5,4,5,4,5,4,5,3,5,4,6,4,5,4,5,4,6,4,6,4,6,4,5,4,6,4,5,4,5,4,4,5,4,4,4,4,4,4,3,4,4,4,13,1,2,1,2,0,3,5,4,3,4,4,5,4,5,4,5,5,5,3,4,4,4,4,4,3,4,4,3,4,4,4,3,4,4,4,3,4,4,4,4,2,2,2,2,2,2,2,2,2,1,4,2,3,3,1,7,4,5,6,5,6,7,6,7,2,36,4,1,1,1,44,6500,5000,0,221201,변호사 여성 경제활동 증가 육아휴직 법적 분쟁 증가,법학
27179,2,2,2,4,1,0,2,4,2,2,2,4,3,3,4,5,3,3,1,0,2,4,4,4,4,3,3,3,2,3,2,3,2,2,2,4,2,2,3,5,5,6,3,4,4,4,5,3,3,3,2,2,5,6,5,6,5,5,5,4,2,4,3,3,5,5,4,4,5,6,5,4,4,4,4,3,3,3,2,3,3,5,3,2,4,3,3,6,4,4,4,3,2,2,3,3,2,3,3,3,4,3,1,3,2,2,0,3,4,4,3,3,4,4,4,4,4,5,5,5,2,4,4,4,3,2,2,3,4,4,5,4,2,3,4,4,4,5,4,3,4,4,2,2,2,2,2,2,2,2,2,1,3,3,3,3,2,7,2,8,3,7,2,6,1,8,1,56,3,1,1,1,45,4500,2000,0,835201,장비 생산 일자리 안정,기계공학
27180,3,4,4,3,2,2,2,3,4,5,4,5,3,5,4,4,4,3,4,5,5,4,4,4,2,2,3,3,2,2,3,3,4,4,4,4,2,3,4,4,5,6,4,5,2,3,3,3,4,5,4,4,5,6,5,5,4,5,5,4,4,5,5,5,4,5,4,5,5,5,4,5,4,5,3,4,3,3,2,3,2,3,2,3,4,5,3,4,3,4,3,4,4,2,4,3,4,3,4,3,4,1,1,3,1,2,0,5,5,4,3,3,4,4,3,3,3,3,4,3,3,3,4,3,4,3,2,3,3,3,3,3,4,4,3,4,4,4,5,4,5,4,2,2,2,2,2,2,2,2,2,1,3,2,3,3,1,7,8,5,3,4,5,3,7,6,1,35,4,1,1,1,40,3800,3200,0,153102,전자응용기술사 산업계측제어 기계 대체 불가,전기
27181,1,0,2,3,2,2,1,0,1,0,1,0,1,0,2,3,1,0,1,0,1,0,1,0,2,2,2,3,2,3,1,0,1,0,1,0,1,0,1,0,2,3,1,0,1,0,1,0,1,0,1,0,1,0,1,0,2,3,1,0,1,0,1,0,1,0,1,0,2,2,1,0,1,0,1,0,1,0,1,0,3,3,2,2,2,2,2,2,3,4,5,3,1,2,2,3,2,1,4,3,5,19,1,2,2,2,0,1,1,2,1,1,3,2,1,4,9,3,4,4,4,2,1,3,3,2,2,3,3,2,3,4,2,3,2,1,3,4,2,2,4,2,2,2,2,2,2,2,2,2,2,1,2,2,2,2,2,9,8,8,2,2,3,5,8,6,2,55,1,1,3,2,45,1900,1700,0,561601,차지,0
27182,3,4,3,3,2,2,3,4,2,2,3,4,1,0,1,0,1,0,1,0,1,0,3,4,3,3,3,4,3,4,3,4,2,2,2,1,3,4,3,3,3,4,3,4,2,2,1,0,1,0,1,0,1,0,1,0,1,0,1,0,1,0,1,0,1,0,1,0,1,0,1,0,3,4,1,0,1,0,1,0,1,0,1,0,2,1,1,0,4,3,5,5,5,2,4,5,2,4,4,2,3,11,1,5,2,2,0,7,3,4,4,3,4,3,3,3,3,3,4,3,2,3,4,2,2,3,4,3,4,2,3,5,3,4,2,3,4,3,2,2,5,5,2,2,2,2,2,2,2,2,2,2,3,3,3,3,1,6,5,4,5,4,5,5,4,5,1,52,4,1,1,1,51,10000,5000,0,31401,기계 대체 불가,경영학
27183,4,5,4,5,3,5,4,4,4,5,4,5,4,5,4,6,4,5,4,5,4,6,4,6,4,5,4,6,4,5,4,5,4,6,4,5,4,5,4,6,4,6,4,5,4,6,4,6,4,5,4,6,4,6,4,5,4,6,4,6,4,5,4,6,4,5,4,5,4,6,4,6,4,6,4,5,4,5,4,6,4,5,4,6,4,5,4,5,4,4,3,4,4,4,4,4,3,4,4,3,4,13,1,2,1,2,0,4,5,4,3,4,4,4,4,3,5,4,4,4,3,4,3,4,4,4,3,3,4,4,4,3,3,4,4,4,3,4,4,3,4,4,2,2,2,2,2,2,2,2,2,1,4,2,2,2,1,6,7,4,5,5,6,7,7,6,1,35,4,1,1,1,45,6800,4600,0,221201,변호사 분쟁 미리 예방 차원 업무 영역 확대,법학
27184,4,4,4,4,3,5,4,4,3,4,4,4,4,4,3,5,4,5,4,4,4,5,3,5,3,4,4,5,3,4,4,4,4,5,3,5,4,5,3,5,3,5,3,3,2,4,3,4,2,4,3,3,2,3,2,3,2,3,2,3,2,2,2,3,2,3,3,3,2,4,3,3,3,3,2,3,2,3,2,4,3,3,2,3,3,3,2,3,3,4,3,4,4,3,3,4,3,3,4,4,4,18,4,2,2,1,3,3,4,4,3,3,3,3,3,5,5,4,4,4,3,4,4,2,2,3,3,2,2,3,3,4,4,4,4,3,3,3,4,4,3,3,2,2,2,2,2,2,2,2,2,2,3,3,3,3,2,8,7,7,6,6,7,8,7,7,1,38,3,2,6,1,40,0,0,3000,420402,운동 건강 대한 관심,레저스포츠학
27185,5,5,5,5,5,5,4,6,4,4,4,6,5,5,4,5,4,5,4,5,4,6,4,6,4,5,4,6,4,6,5,6,5,5,4,5,4,5,4,7,5,6,4,6,4,5,4,5,3,4,4,5,4,5,4,4,3,5,2,3,4,6,2,4,1,0,1,0,1,0,2,3,3,5,1,0,1,0,1,0,1,0,1,0,2,3,1,0,4,5,2,4,3,4,5,3,3,4,4,5,2,15,2,6,2,1,5,7,2,3,4,4,4,4,3,3,3,3,4,4,1,5,5,5,5,4,5,3,4,4,4,5,5,5,5,5,5,5,5,4,5,5,2,1,2,2,2,2,2,1,1,2,2,1,1,3,1,7,6,5,4,5,4,4,6,5,1,37,4,1,1,1,40,4500,2500,0,25401,외국어 IT 코로나 바이러스 대면 사업 중단 비대 추진 방법 도입 모색 온라인 서비스 이용 증가,행정학
27186,3,4,2,4,3,4,2,1,3,4,3,4,1,0,3,4,3,4,4,5,3,4,3,4,3,4,3,4,3,4,4,5,2,3,2,3,3,4,4,5,3,4,4,5,4,6,3,4,3,4,3,5,3,4,4,6,4,6,4,5,2,1,3,4,4,6,4,6,4,6,4,6,4,5,3,4,4,5,4,6,4,5,3,4,4,6,4,5,4,3,4,4,3,3,3,4,3,3,3,2,3,6,1,2,1,2,0,5,5,3,4,4,4,5,3,3,3,4,3,3,2,4,4,4,4,3,4,3,3,3,4,3,4,4,4,3,3,3,4,3,2,4,2,2,2,2,2,2,2,2,2,1,3,1,1,2,1,5,5,5,6,5,4,5,6,6,1,52,3,1,1,1,30,4950,3200,0,623001,기중기운전기능사 인력 증가,자동차학
27187,3,4,4,4,2,3,3,3,4,3,4,4,4,5,4,4,4,4,3,4,4,4,3,3,3,3,3,3,2,3,2,3,3,2,4,4,2,3,4,4,4,4,4,3,2,3,2,3,4,4,2,3,3,3,5,5,4,5,5,4,3,3,4,4,4,4,4,5,5,5,4,5,2,3,3,3,3,2,2,3,2,3,2,2,2,3,2,3,3,4,3,4,4,3,3,4,3,4,3,3,4,3,1,3,1,2,0,5,5,4,5,4,5,4,4,5,4,4,4,4,3,3,3,4,4,3,4,3,4,4,4,4,4,5,5,4,4,3,3,3,4,3,2,2,2,2,2,1,2,2,2,3,1,3,3,3,1,2,6,7,5,3,5,3,7,5,1,46,4,1,1,1,40,4500,3400,0,153102,전자계산기기능사 전자응용기술사 산업계측제어기술사 구조 조정 시스템 개발,전자공학
27188,3,4,5,7,2,2,4,6,3,4,2,3,3,4,2,2,1,0,2,2,4,6,3,4,4,6,2,2,3,4,2,2,3,4,3,4,2,2,3,4,3,4,4,6,3,4,1,0,1,0,2,2,1,0,1,0,1,0,1,0,3,4,1,0,1,0,1,0,1,0,1,0,3,4,1,0,1,0,1,0,1,0,3,4,3,4,3,5,5,4,2,4,2,2,3,2,2,3,2,4,4,11,1,2,1,1,4,7,5,3,3,4,4,4,3,4,4,4,4,4,2,4,4,4,4,4,2,1,4,2,4,3,4,3,3,2,4,4,4,3,4,3,2,2,2,2,2,2,2,2,2,2,1,2,2,3,2,3,8,4,7,4,7,3,7,3,2,43,4,1,1,1,40,6500,4000,0,31401,증권투자상담사 증권사에 실무경험 침체 주식 안정 시장,경영학
27189,5,6,5,6,4,5,5,6,5,6,4,5,5,6,5,6,4,5,5,6,4,4,3,3,4,5,3,3,4,5,4,5,4,4,3,4,3,4,4,4,3,3,5,5,5,6,3,3,3,4,4,5,1,0,2,2,2,2,2,2,2,2,2,2,2,2,2,2,2,2,2,2,2,2,2,2,2,2,4,5,4,4,3,4,4,5,3,4,4,4,3,4,3,4,4,4,3,3,3,3,4,15,2,2,1,1,3,4,5,4,4,4,4,4,4,5,4,5,5,4,2,4,4,2,3,4,4,4,3,3,3,4,4,4,4,4,3,3,4,4,4,2,2,2,2,2,2,2,2,2,2,1,3,3,3,3,2,7,6,5,6,7,6,7,6,5,1,42,4,1,1,1,40,4000,3000,0,221401,변리사 현장 교육 일자리 부족,경제학
27190,2,2,2,3,2,1,2,3,2,2,1,0,1,0,2,2,2,3,1,0,2,2,2,3,2,2,1,0,2,3,2,2,1,0,1,0,1,0,2,3,2,3,2,3,1,0,1,0,2,1,1,0,2,2,1,0,1,0,1,0,1,0,2,2,1,0,1,0,1,0,1,0,1,0,1,0,2,2,2,1,2,3,2,2,2,2,2,3,3,3,4,2,2,4,3,2,3,2,4,2,3,7,3,6,2,2,0,7,2,2,1,1,4,2,2,3,3,3,2,3,3,2,2,3,3,4,3,2,3,3,4,4,3,3,3,3,3,4,3,3,3,3,2,2,2,2,2,2,2,2,2,3,2,3,1,3,2,6,6,6,5,5,5,2,3,4,1,38,2,1,1,1,56,2400,2000,0,615701,셀프 유기 주유 필요성,화학
27191,3,7,3,6,3,6,3,6,3,5,4,6,3,5,4,6,3,6,3,5,3,6,3,6,3,5,3,5,3,6,3,5,3,6,3,5,3,5,3,6,3,7,3,5,3,7,3,5,3,6,3,6,3,5,3,5,3,6,3,4,3,4,3,4,3,4,3,4,3,3,3,4,3,5,3,5,3,3,3,4,3,3,3,3,3,3,3,3,4,4,4,3,4,3,3,3,3,4,4,4,4,17,1,6,1,1,5,6,5,4,4,3,4,4,2,3,3,4,4,4,2,4,4,4,4,4,3,2,4,2,3,3,4,4,3,4,4,3,4,3,4,3,1,1,1,1,1,1,1,1,1,2,2,1,1,3,2,7,7,8,7,7,7,7,7,5,2,33,5,1,2,2,55,7000,4000,0,301104,의사 면허증 전문의 자격증 CPR교육 병원 안전 교육 임상시험 종사자 교육 초음파 기술 도입 정밀 초음파 확인 범위 증가 다태 임신 증가 위험 임신 관련 태아 치료 발전 출산율 감소 원격 진료 활성화,의학
27192,3,4,3,4,3,3,4,5,1,0,2,2,1,0,1,0,2,3,1,0,1,0,2,2,2,3,3,4,3,4,2,3,1,0,1,0,1,0,4,5,3,3,3,4,2,3,1,0,2,3,1,0,1,0,1,0,1,0,1,0,1,0,3,4,1,0,1,0,1,0,1,0,1,0,2,2,1,0,2,1,1,0,2,2,2,1,2,2,4,3,3,3,3,4,2,4,2,4,3,2,2,18,1,2,2,2,0,5,5,3,4,4,5,4,2,3,2,2,3,3,3,2,3,4,3,3,4,2,2,4,5,3,3,2,4,3,2,2,3,4,4,4,2,2,2,2,2,2,2,2,2,2,2,2,2,2,1,4,3,4,5,5,5,4,5,5,2,37,4,1,1,1,48,2520,2460,0,521201,특수성 매우 취약,중국어
27193,5,6,4,6,3,3,4,5,4,5,4,5,4,4,4,4,4,5,4,3,4,4,4,4,4,5,3,4,3,3,4,4,3,3,4,4,4,3,3,3,3,4,4,5,3,4,3,4,4,3,3,3,4,5,4,5,4,4,2,3,3,3,3,3,3,3,2,3,2,3,3,3,4,4,3,3,3,3,4,4,2,3,2,2,4,4,3,4,4,3,3,3,4,3,4,3,3,4,3,3,3,15,2,2,1,1,3,3,5,4,4,5,4,4,4,5,4,4,5,4,2,4,4,4,3,3,4,4,4,4,4,4,4,3,4,4,5,4,4,3,4,4,2,2,2,2,2,2,2,2,2,1,3,3,3,3,2,9,9,1,1,1,1,8,1,9,1,50,4,1,1,1,40,5000,3000,0,140503,정보관리기술사 교통시스템 분석 검토 연구 컴퓨터 기계,경영학
27194,4,6,4,6,4,5,4,5,5,6,5,6,5,6,5,6,3,5,5,6,4,5,5,5,5,5,4,4,3,5,3,6,4,5,3,4,5,5,5,5,5,5,5,4,4,4,3,5,4,4,4,4,5,6,5,5,4,5,4,5,5,6,4,5,5,4,4,4,4,5,4,5,4,5,4,4,5,5,2,4,2,6,2,4,4,5,3,5,4,4,3,3,4,4,3,3,3,4,4,3,4,3,1,5,1,2,0,5,5,3,3,3,4,4,3,3,3,3,4,3,3,2,3,4,3,2,3,3,3,4,4,4,3,2,2,2,3,4,4,3,4,3,1,1,1,2,1,1,1,2,2,2,4,3,3,3,2,9,2,5,3,8,8,8,4,2,1,34,4,1,1,1,41,4000,3200,0,151201,정보처리기사 전기기사 검사 도입 자동화 장비 투입 자동화 증가 것이므,컴퓨터공학
27195,5,7,5,7,5,7,5,7,4,5,5,7,4,6,4,6,4,6,4,5,4,6,4,6,4,6,4,5,4,5,4,5,3,5,3,4,4,5,4,5,4,5,4,5,3,5,4,5,4,5,4,5,4,5,3,4,4,5,3,4,3,4,3,4,3,4,3,4,2,3,2,4,3,4,3,6,3,6,4,6,3,4,3,5,3,4,3,4,4,4,4,3,4,4,4,4,3,4,4,4,4,17,1,6,1,2,0,6,5,4,4,4,4,4,3,3,4,9,4,4,1,5,5,4,4,3,4,2,4,2,3,4,4,4,3,3,3,4,4,3,4,3,2,2,2,2,2,2,2,2,2,2,2,3,3,2,1,5,5,5,5,5,5,5,5,5,1,57,6,1,1,1,60,10000,8000,0,301104,의사면허증 전문의자격증 출산 저하,의학
27196,1,0,1,0,1,0,1,0,1,0,1,0,1,0,1,0,2,3,1,0,1,0,1,0,1,0,1,0,1,0,1,0,1,0,1,0,1,0,1,0,1,0,1,0,1,0,1,0,1,0,1,0,1,0,1,0,2,3,1,0,1,0,2,3,3,4,4,5,3,4,3,4,1,0,1,0,4,5,2,3,4,5,2,3,2,3,1,0,3,3,3,4,3,2,3,3,4,3,3,3,3,15,2,2,1,2,0,7,2,3,3,3,3,4,3,4,3,4,4,4,3,3,3,3,3,4,3,3,3,3,3,3,3,4,4,4,4,4,3,3,3,3,2,2,2,2,2,2,2,2,2,1,3,3,3,3,2,6,6,5,4,6,4,5,7,7,1,32,4,1,1,1,42,4569,4300,0,812301,전기철도기능사 지속 고용 인력,기계공학
27197,3,5,4,5,2,4,3,4,2,3,2,4,2,3,3,4,3,4,3,4,2,3,3,4,3,4,3,4,3,4,3,4,2,4,2,3,3,4,4,5,3,4,3,4,2,4,1,0,1,0,2,4,2,4,2,4,2,4,2,4,2,3,1,0,4,5,3,4,3,3,3,4,2,4,3,3,3,4,3,5,4,5,3,4,3,4,3,4,4,4,4,3,4,3,3,2,3,3,4,3,4,17,1,2,1,1,4,3,4,4,3,3,3,4,3,3,3,4,4,4,2,3,3,3,2,2,3,3,2,3,2,5,4,3,4,4,4,4,3,3,5,5,2,2,2,2,2,2,2,2,2,3,3,2,3,3,2,7,7,7,3,3,7,3,3,3,1,30,3,1,1,1,48,3300,2500,0,306502,물리치료사 작업치료 실무교육 기계 장비 대체,물리치료학
27198,5,4,4,5,3,4,5,6,3,4,3,4,5,5,2,3,5,6,4,5,3,4,3,4,5,5,3,4,4,7,5,6,4,5,3,4,5,5,4,4,2,3,4,4,5,6,3,4,2,2,2,3,1,0,1,0,1,0,1,0,4,5,2,2,1,0,1,0,1,0,1,0,1,0,5,6,4,5,5,6,5,5,5,5,5,4,5,3,4,4,4,3,3,3,3,2,2,2,3,3,3,18,1,2,2,2,0,6,5,4,4,4,1,4,2,2,2,3,3,3,4,2,3,4,3,3,4,3,4,3,3,5,5,5,3,3,5,4,4,4,3,4,2,2,2,2,2,2,2,2,2,1,3,2,2,2,1,2,3,4,3,3,4,9,2,8,2,32,4,1,1,1,40,3000,2200,0,414701,로봇 기계로 대체 불가,무용학
27199,4,4,4,3,2,2,3,3,3,3,4,3,4,3,3,3,2,2,2,2,2,2,3,3,3,3,2,3,2,3,4,3,4,4,4,3,2,2,3,3,3,3,4,3,2,3,2,3,3,3,3,4,4,5,4,5,3,4,4,5,4,5,4,4,4,4,3,3,4,3,3,3,4,4,2,2,2,2,2,3,2,2,1,0,4,4,3,2,3,4,3,3,4,4,3,3,4,4,5,4,4,10,1,4,1,2,0,5,5,4,2,2,5,4,4,3,4,3,4,4,4,3,3,2,2,3,3,2,4,4,2,2,3,3,4,5,4,3,3,4,5,3,2,2,2,2,2,2,2,2,2,3,2,2,2,3,1,3,2,4,3,7,5,5,5,5,2,38,4,1,1,1,40,3400,3100,0,134401,정보처리기능사 워드프로세서1급 시스템 개발,정보학
27200,4,6,4,6,4,5,5,6,4,5,4,5,1,0,5,7,5,7,4,6,5,6,5,6,5,6,5,7,5,7,5,6,4,4,4,4,4,5,5,6,4,5,5,6,4,6,5,3,5,6,5,4,5,5,3,4,5,7,3,4,4,4,3,4,4,5,4,4,3,4,3,4,4,5,5,7,5,5,3,4,3,4,3,4,5,6,4,5,4,5,1,3,5,3,4,5,3,4,3,5,5,17,1,2,1,2,0,6,6,4,4,3,4,4,3,3,9,9,4,4,2,5,5,5,4,4,4,3,4,3,4,4,4,3,5,4,1,4,3,2,4,4,2,2,2,2,2,2,2,2,2,1,2,2,2,2,2,3,2,4,5,9,9,7,4,4,2,53,5,2,5,1,44,0,0,10000,301104,전문의자격증 결혼 사람 줄어듬 출산율,의학
27201,4,5,4,5,4,6,4,5,3,4,4,6,3,4,3,4,3,5,4,4,3,5,4,5,5,5,1,0,3,5,4,6,3,5,3,4,3,4,4,5,3,5,1,0,3,5,1,0,1,0,1,0,1,0,1,0,1,0,1,0,3,4,1,0,1,0,1,0,1,0,1,0,1,0,1,0,1,0,3,4,1,0,2,4,3,5,3,5,4,5,2,3,4,2,3,4,3,5,4,4,2,18,2,2,2,2,0,4,5,4,4,4,3,4,3,3,3,4,3,3,2,4,4,4,3,4,3,4,3,3,4,3,4,5,4,4,5,4,4,5,4,4,2,2,2,2,2,2,2,2,2,1,4,2,2,2,1,8,5,4,4,3,4,7,8,5,1,34,4,1,3,2,40,2640,2160,0,416302,매체,신문방송학
27202,3,4,2,3,3,4,4,5,2,1,1,0,1,0,2,2,3,3,1,0,1,0,2,2,3,3,2,1,3,4,3,4,3,3,3,4,2,2,4,5,3,4,3,4,2,3,2,2,2,2,2,2,1,0,1,0,1,0,1,0,1,0,3,4,2,2,1,0,1,0,1,0,2,3,2,2,2,3,1,0,2,1,3,3,2,3,2,2,4,2,3,2,3,4,1,4,2,4,3,1,3,18,1,2,2,2,0,5,5,3,5,4,4,4,3,2,4,4,4,3,2,3,3,2,1,3,1,2,4,4,4,3,1,2,4,3,3,2,1,3,4,4,2,2,2,2,2,2,2,2,2,2,3,2,2,2,1,7,5,3,4,6,5,4,3,5,1,40,4,1,1,1,48,3000,2500,0,521201,국내 시장 활성화,체대
27203,4,6,4,5,3,5,3,4,4,5,4,5,4,5,5,5,3,5,3,5,3,5,3,5,3,4,3,4,3,4,3,4,3,4,3,3,3,5,3,4,3,5,3,5,3,4,3,4,3,5,3,5,3,5,3,5,3,5,4,5,4,5,3,4,3,5,3,5,3,4,3,4,3,4,3,5,3,4,3,5,3,6,3,3,2,3,2,3,4,3,3,3,3,2,2,4,3,4,3,3,3,3,1,5,2,2,0,5,5,3,3,3,2,4,3,3,3,3,4,3,3,2,3,4,3,2,3,2,2,4,4,4,3,3,2,2,3,3,2,3,3,2,2,2,2,2,2,2,2,2,2,2,4,3,3,2,2,5,4,7,6,3,4,3,5,3,1,42,5,1,1,1,40,5000,3000,0,151201,산업 자동화 분야 진행 관련 산업 역시 증가,기계공학
27204,5,6,5,6,4,5,4,5,3,4,4,5,5,5,4,5,4,5,2,3,4,5,4,5,4,5,4,5,4,5,3,3,4,4,4,3,5,6,3,4,4,5,4,5,4,6,4,5,3,3,2,3,3,3,3,3,2,3,2,2,2,2,1,0,2,2,2,2,1,0,1,0,2,2,2,2,1,0,1,0,3,3,2,2,2,2,2,2,5,4,3,4,5,5,4,4,4,5,4,4,5,16,5,5,2,2,0,7,7,5,5,5,5,5,4,4,4,4,4,4,2,4,4,3,4,3,4,3,4,2,4,4,4,5,5,4,4,4,5,4,4,3,2,2,2,2,2,2,2,2,2,2,2,2,2,3,1,3,4,5,4,6,5,5,6,5,1,46,5,1,1,1,40,8000,6000,0,211101,학생 감소,식품영양학
27205,4,4,4,3,3,3,4,3,3,3,4,3,4,4,4,3,3,2,4,4,4,4,3,3,4,3,4,3,3,3,4,4,3,3,4,3,4,3,3,2,3,4,4,4,5,4,2,2,3,2,4,2,4,2,4,3,3,5,2,4,4,3,3,2,4,3,4,3,3,2,3,3,4,3,2,4,2,4,4,3,3,2,2,4,3,3,3,4,4,3,2,3,4,3,3,3,2,3,4,4,2,10,1,4,1,2,0,5,5,4,3,3,4,3,4,4,2,3,2,3,4,3,2,4,3,2,3,2,1,4,4,4,3,2,2,3,4,5,3,2,4,5,2,2,2,2,2,2,2,1,2,3,2,3,3,3,1,4,8,8,7,6,8,7,2,3,1,32,4,1,1,1,40,3200,3200,0,134401,정보처리기능사 구조조정 시스템 개발,정보학
27206,4,3,4,3,3,4,4,6,4,5,4,6,4,6,3,5,4,4,3,5,2,4,4,5,4,6,4,5,3,5,2,4,4,5,5,5,4,5,3,5,4,6,4,6,3,3,3,5,2,4,2,4,4,4,4,5,3,5,4,4,4,6,3,3,4,4,4,4,4,3,3,3,3,5,2,3,2,4,4,4,2,4,2,4,4,4,3,5,4,2,3,4,4,4,4,3,2,4,4,3,4,3,1,2,1,2,0,5,5,3,4,4,3,4,4,5,3,3,4,4,2,3,3,4,2,3,3,2,4,3,3,4,3,4,5,4,3,2,3,2,4,4,2,2,2,2,2,2,1,2,2,2,2,3,3,1,1,7,4,5,8,3,5,4,6,3,1,36,4,1,1,1,40,3500,3200,0,134401,정보처리기능사 워드프로세서1급 구조 조정 시스템 개발,정보미디어
27207,4,5,2,3,1,0,3,4,3,4,3,4,3,3,3,3,5,6,3,4,3,4,3,3,3,4,1,0,1,0,1,0,1,0,1,0,3,3,2,3,4,6,1,0,1,0,1,0,2,2,1,0,3,3,3,3,3,3,4,6,3,3,1,0,3,4,3,3,5,7,5,7,1,0,3,4,4,6,4,6,4,6,3,4,4,6,4,6,3,4,3,3,4,2,4,5,2,3,3,4,4,15,2,6,1,1,4,4,4,4,3,3,2,3,2,3,3,3,4,3,3,3,3,4,4,5,4,3,4,4,3,5,4,3,3,2,4,5,4,3,4,4,2,2,2,2,1,2,2,2,2,2,4,2,2,2,1,7,3,4,1,4,6,7,3,8,1,39,4,1,1,1,40,2900,2400,0,812102,항공정비사 정비 훈련 교육 헬리콥터 성능 업그레이드 정비 기술 조직 개편 산불 대형화 헬기 정비 수선 증가 추세 향후 해상 육상 운송 수단 한층 도감 항공 수단 개체 출현,전기공학
27208,4,6,4,5,4,5,4,6,4,4,4,5,4,5,4,5,4,5,4,5,4,5,4,5,4,4,4,5,4,4,4,5,4,5,4,4,4,5,4,4,4,5,4,4,4,4,4,5,4,5,4,5,4,4,4,5,4,4,4,5,4,5,4,5,4,5,4,5,4,5,4,5,4,5,4,3,4,4,4,5,4,5,4,5,4,5,4,4,4,3,4,4,4,4,4,4,3,4,4,4,4,15,2,2,2,2,0,6,5,4,4,4,4,4,4,4,4,4,4,4,2,4,4,4,3,4,4,3,4,4,4,4,4,4,4,3,4,4,4,3,4,4,2,2,2,2,2,2,2,2,2,2,3,2,2,2,1,5,6,6,5,4,5,6,6,5,1,40,4,1,2,2,40,9000,4500,0,420201,사람,체육학
27209,4,4,3,3,2,2,3,3,2,2,2,2,1,0,2,2,3,3,3,3,2,2,3,3,3,4,1,0,3,2,2,5,1,0,1,0,3,3,3,3,2,4,3,3,3,3,1,0,2,2,1,0,2,2,1,0,5,5,4,2,1,0,3,3,3,3,4,4,1,0,1,0,4,5,4,5,4,5,3,3,3,3,4,5,4,5,3,3,3,3,2,3,3,2,2,3,3,2,3,3,2,6,1,3,2,2,0,6,2,2,2,2,2,3,2,3,1,2,3,3,4,2,2,3,3,3,2,3,3,4,3,4,3,3,4,2,3,5,4,2,3,3,2,2,2,2,2,2,2,2,2,2,2,2,2,2,2,7,6,8,3,8,5,9,3,5,1,51,2,1,3,2,40,3900,2500,0,702601,근무 환경 위험 직종,공고
27210,1,0,1,0,1,0,1,0,1,0,1,0,1,0,1,0,1,0,1,0,1,0,1,0,1,0,1,0,1,0,1,0,1,0,2,3,1,0,1,0,1,0,1,0,1,0,2,2,2,2,1,0,1,0,1,0,1,0,1,0,1,0,1,0,1,0,1,0,1,0,1,0,1,0,1,0,1,0,3,4,4,5,2,3,1,0,1,0,3,4,3,4,3,2,3,3,3,2,3,4,3,1,4,1,2,2,0,7,2,3,3,3,4,4,3,3,4,4,3,3,3,2,3,4,3,4,2,3,3,2,3,3,3,4,4,4,3,3,4,3,3,3,2,2,2,2,2,2,2,2,2,2,3,3,3,3,2,4,5,4,5,3,3,7,6,5,1,57,2,2,6,1,60,0,0,5000,901301,현재 비교 변화,문과
27211,3,4,3,4,2,2,3,4,1,0,1,0,1,0,2,2,3,3,2,1,1,0,1,0,3,4,3,2,2,2,3,4,3,3,2,1,1,0,2,3,3,4,2,3,3,4,2,2,2,3,1,0,1,0,1,0,1,0,1,0,1,0,1,0,1,0,1,0,1,0,1,0,1,0,1,0,1,0,1,0,1,0,2,2,2,3,3,2,3,2,3,3,3,1,2,3,1,2,3,1,3,19,1,1,2,2,0,3,2,3,2,2,3,3,3,3,9,9,4,3,3,4,2,3,3,4,3,3,4,3,3,4,3,4,3,3,4,4,3,3,4,4,2,2,2,2,2,2,2,2,2,3,2,2,2,2,2,4,7,4,5,5,3,3,4,6,2,53,2,1,1,1,50,3000,2000,0,615601,모바일 사업 발달,문과
27212,5,7,4,6,3,5,3,5,5,5,4,5,2,5,3,5,4,4,3,3,2,3,3,5,3,4,4,5,3,5,4,6,4,5,2,5,4,5,4,5,3,4,3,4,2,4,2,3,1,0,1,0,1,0,2,2,1,0,1,0,5,7,2,3,3,4,3,1,2,1,1,0,4,5,2,4,3,4,2,3,3,4,1,0,4,5,3,3,3,4,3,3,3,4,5,3,3,3,2,3,3,15,2,4,1,2,0,5,5,3,3,3,3,3,3,3,3,3,4,3,2,5,3,4,2,2,4,2,2,3,3,3,4,5,4,5,5,3,3,4,4,4,2,1,1,2,2,1,2,1,1,1,3,1,2,3,1,1,1,2,1,2,2,2,1,2,2,49,4,1,1,1,40,4200,2300,0,25401,사회조사분석사2급 가계 동향 조사 가계부 도입 컴퓨터 활용 시스템 교육 업무 한정 규모 인력 유지,경영학
27213,4,4,3,4,2,2,2,4,2,4,2,4,2,2,1,0,3,4,1,0,2,4,3,4,2,2,2,2,1,0,3,3,3,5,2,3,3,3,2,4,2,3,2,3,3,3,3,3,3,3,2,2,3,3,2,2,2,2,2,2,3,5,3,4,3,4,2,3,1,0,1,0,2,3,2,4,2,4,3,3,3,3,3,3,2,2,2,2,4,4,3,4,4,2,4,4,4,4,5,3,4,13,1,2,2,2,0,2,4,4,3,3,5,4,4,3,2,3,4,3,4,3,3,4,3,3,4,2,3,2,3,4,4,3,4,4,4,3,3,4,3,3,2,2,2,2,2,2,2,2,2,2,3,2,2,3,1,8,7,7,3,2,3,6,2,2,1,51,4,1,1,1,40,3800,2500,0,26103,경제 둔화 유지,경영학
27214,4,5,4,4,4,5,5,6,3,3,5,5,4,5,4,4,4,3,4,4,3,3,4,6,4,4,4,6,5,5,3,4,3,4,2,3,4,6,4,4,3,3,2,4,4,4,2,3,2,2,3,4,2,3,1,0,1,0,1,0,3,4,2,2,2,2,1,0,1,0,1,0,3,3,4,5,3,4,3,4,2,2,3,3,4,4,4,4,4,3,4,2,4,2,1,3,2,3,3,4,4,16,5,2,1,1,2,5,5,3,1,2,2,3,2,2,2,3,3,3,4,2,3,4,4,3,2,3,4,5,3,4,3,3,4,4,3,4,4,3,4,4,2,2,2,2,2,2,2,2,2,1,2,2,2,3,2,7,6,7,7,7,7,8,8,8,2,38,3,1,1,1,45,3300,2160,0,213001,유치원 정교사 자격증 유아 심리발달 교재 교육 방법 연수 저출산 감소,유아교육
27215,3,4,3,4,2,2,5,7,3,4,4,6,5,5,3,4,2,2,3,4,5,7,2,2,4,5,3,4,3,4,4,5,2,2,3,4,1,0,3,4,3,4,4,5,5,7,1,0,1,0,1,0,1,0,1,0,1,0,1,0,2,2,3,4,1,0,1,0,1,0,3,4,5,2,3,4,2,2,2,2,2,3,3,4,3,4,5,3,4,4,2,3,3,2,4,1,2,3,2,4,4,11,1,2,1,1,3,7,5,4,3,3,4,4,3,4,4,3,4,4,2,4,4,4,4,4,2,2,4,2,4,3,4,3,3,2,4,5,4,3,4,4,2,2,2,2,1,1,2,2,2,2,1,2,2,3,2,2,7,3,8,3,7,3,7,3,1,37,4,1,1,1,40,7000,4000,0,31401,선물거래상담사 증권투자상담사 은행실무업무 경험 인적 지원 감소 발달 일자리,경영학
27216,4,3,3,4,2,4,2,4,2,4,2,3,2,4,2,3,3,3,4,4,2,4,2,3,4,4,3,5,3,5,4,4,4,4,4,4,3,5,3,4,2,3,3,5,3,5,3,4,2,4,2,4,2,4,3,3,3,3,3,4,3,2,4,4,2,4,4,4,3,3,2,4,2,4,2,4,2,4,2,4,2,4,2,4,2,4,2,3,3,2,4,3,3,4,3,4,2,3,3,2,3,3,1,1,2,2,0,2,2,3,4,4,4,3,3,4,3,4,4,5,4,4,3,4,4,3,5,4,4,4,3,4,3,3,4,5,4,4,3,4,4,4,2,2,2,2,2,2,2,2,2,1,3,2,2,2,1,3,7,5,7,5,4,7,5,4,1,40,2,1,1,1,40,3500,2800,0,817201,자동차 생산량 한정 일자리,기계
27217,4,6,4,6,4,6,4,6,4,6,4,5,4,5,4,5,4,4,4,4,4,5,4,4,4,4,4,5,4,4,4,5,4,4,4,4,4,4,4,4,4,4,4,4,4,4,4,4,4,5,4,4,4,4,4,5,4,4,4,5,4,5,4,4,4,3,4,4,4,3,4,4,4,5,4,5,4,3,4,5,4,5,4,5,4,4,4,4,4,5,4,4,4,4,4,4,4,4,4,4,4,18,2,6,2,1,5,6,4,4,4,4,4,4,4,4,4,4,4,4,3,4,4,4,4,4,4,3,4,4,4,4,4,4,4,4,4,4,3,3,4,4,2,2,2,2,2,2,2,2,2,5,3,2,2,3,2,7,7,7,7,7,7,7,7,7,1,28,3,1,2,2,40,10000,6000,0,420201,훈련교육 인원 제약,체육학
27218,3,4,3,3,1,0,2,4,2,4,1,0,2,3,1,0,2,4,2,4,1,0,1,0,2,3,1,0,2,3,2,3,2,3,1,0,1,0,3,4,1,0,2,3,2,3,1,0,1,0,1,0,1,0,1,0,1,0,1,0,1,0,1,0,1,0,2,2,2,3,2,2,1,0,1,0,2,2,2,2,2,3,2,3,3,4,3,3,3,3,4,3,2,2,3,3,2,2,2,2,3,7,1,2,2,2,0,1,1,2,2,1,4,3,2,2,2,3,3,3,4,2,4,3,3,3,3,4,4,4,3,4,3,3,3,4,3,5,3,2,4,3,2,2,2,2,2,2,1,1,2,5,1,3,3,3,2,5,5,5,5,4,5,5,5,5,1,40,2,1,1,1,40,3000,2800,0,615701,자동화 기계 등장 셀프 유기 자동화 기계 등장,공고
27219,3,5,1,0,2,4,1,0,1,0,3,5,3,4,4,6,2,2,1,0,2,3,3,4,3,3,1,0,1,0,1,0,1,0,1,0,1,0,1,0,4,5,2,3,1,0,1,0,1,0,1,0,2,3,1,0,4,5,1,0,3,4,5,6,1,0,1,0,1,0,1,0,1,0,4,5,1,0,1,0,1,0,1,0,1,0,1,0,3,2,3,4,4,4,4,2,4,4,2,2,3,3,1,6,1,1,3,7,5,3,4,4,4,4,3,3,3,3,4,4,2,3,3,4,3,3,2,2,4,3,3,5,3,3,3,4,2,4,2,2,4,3,2,2,2,2,2,2,2,2,2,1,3,3,3,3,2,4,4,5,5,6,6,4,3,4,1,32,5,1,1,1,40,4000,3000,0,152201,금속재료기사 자격증 실무교육 사람 직접 분석 결괄르 작성,신소재공학
27220,1,0,2,3,3,4,2,4,3,4,3,5,3,4,3,5,2,4,5,5,4,5,2,3,3,4,3,4,2,4,2,3,2,4,2,4,2,3,2,5,2,4,3,5,3,5,3,5,3,4,2,3,3,3,5,6,5,6,5,5,3,4,2,4,2,4,2,5,2,4,2,4,2,4,3,4,2,3,2,4,3,3,2,4,3,3,1,0,4,3,3,4,3,3,3,4,4,4,3,4,3,6,1,5,1,1,4,5,5,3,3,3,4,4,4,3,3,4,4,3,3,3,3,4,3,3,3,1,3,3,5,5,4,3,3,1,3,3,3,3,4,5,2,2,2,2,2,2,2,2,2,2,3,3,3,3,2,8,7,6,7,7,5,4,3,4,1,38,4,1,1,1,48,3900,2700,0,140201,건축구조기술자 건축기사 산업기사 분야의 기술자들과 소통을 해야함 현재 변동,토목공학
27221,5,7,5,7,5,7,5,7,4,5,5,6,5,6,4,6,5,6,4,5,5,5,5,7,4,5,4,5,5,7,5,7,5,6,5,6,5,7,5,7,5,7,5,6,4,5,4,5,4,5,4,5,5,7,4,5,5,3,3,4,3,4,3,4,3,3,2,2,1,0,1,0,3,4,3,4,3,4,5,6,5,3,1,0,4,5,4,5,5,5,5,4,4,4,5,2,4,4,4,4,4,16,5,3,1,1,1,6,5,4,4,4,5,4,4,4,1,4,4,4,2,5,4,4,4,3,5,4,5,1,2,5,5,5,5,5,5,5,5,2,5,5,1,1,2,2,2,2,2,2,2,1,4,1,1,3,2,1,9,1,1,1,1,7,7,2,2,46,4,1,1,1,40,6000,3000,0,304003,간호사 자격증 보건교사 자격증 보건교육 성교육의 방법과 기술 학교에서 실시 가능한 응급 처치 교직 환경 변화 교육 행정 시스템 자꾸 학사 행정 시스템 변화 학교 현장 보건 교사 직접 교육 소외 경시 시대 발전 건강 대한 요구 중요도 증가 사람 정서 정신 보건 교사 수요 증가 하리,대학교 간호학
27222,1,0,3,4,1,0,3,4,2,2,3,3,2,2,2,2,3,3,3,4,3,4,1,0,3,4,3,4,1,0,3,4,3,4,2,2,3,4,3,4,3,4,3,4,4,6,1,0,1,0,2,2,3,4,3,4,3,4,4,6,3,4,3,4,3,4,3,4,3,4,3,4,1,0,3,4,3,4,3,4,3,4,4,5,4,5,3,4,5,4,2,3,3,2,4,3,2,3,3,4,3,19,1,1,1,2,0,2,3,4,2,2,4,4,3,3,9,9,4,4,2,3,3,4,4,4,2,1,3,2,4,4,4,4,3,3,4,5,4,3,4,3,2,2,2,2,2,2,2,2,2,3,2,2,2,2,1,3,7,2,7,3,7,2,8,2,1,48,2,2,5,1,48,0,0,5000,812401,자동차정비사 차체 수리 줄어듬,문과
27223,4,3,2,3,1,0,2,4,4,4,3,4,3,4,2,3,3,3,2,3,3,4,5,3,2,3,2,2,2,4,3,3,2,2,3,3,2,2,4,3,3,3,3,4,2,2,4,2,2,2,4,3,3,3,3,3,4,3,3,3,3,4,3,3,4,3,3,3,4,3,3,3,3,3,2,3,3,2,3,3,1,0,1,0,3,3,2,3,4,4,2,3,3,5,3,4,2,3,4,3,3,10,1,5,2,2,0,3,5,3,3,3,4,4,4,3,3,4,4,4,2,4,4,3,3,3,4,4,3,3,3,4,4,5,4,2,4,4,3,4,4,5,2,2,2,2,2,2,2,2,2,2,2,3,3,3,1,4,1,1,6,5,3,5,3,5,1,32,4,1,1,1,45,3000,2900,0,133201,인공 지능 발달 때문,컴퓨터공학
27224,4,6,5,6,4,5,5,5,4,5,4,4,5,6,4,5,4,5,4,5,3,4,3,5,4,5,3,4,4,4,3,4,3,4,3,3,3,4,4,5,3,4,4,4,3,4,4,4,3,4,4,5,1,0,2,2,1,0,2,2,3,5,4,4,2,2,2,2,2,2,2,2,3,4,3,3,2,3,4,5,3,4,3,4,4,4,3,4,4,3,3,4,4,3,3,4,3,3,3,4,4,15,2,3,2,2,0,3,4,4,4,3,4,3,3,4,3,4,4,4,2,3,3,3,4,4,4,3,2,3,3,4,4,3,3,4,4,4,3,3,4,2,2,2,2,2,2,2,2,2,2,2,3,3,3,3,2,6,5,5,5,6,6,7,6,7,2,38,4,1,1,1,40,3500,2000,0,25401,공무원 채용 인원 한정,경제학
27225,4,5,4,5,4,5,4,5,3,4,3,4,5,7,4,5,4,4,4,5,5,6,5,7,5,6,4,5,4,5,3,4,2,2,2,2,4,5,3,4,4,5,4,5,3,4,4,5,3,4,4,5,4,5,4,5,3,4,2,3,2,3,3,4,2,3,2,2,1,0,1,0,2,3,2,3,2,2,2,2,4,5,4,5,3,4,3,4,4,4,4,4,4,3,2,4,2,4,4,4,4,18,3,2,2,2,0,2,4,3,3,3,4,4,2,3,3,3,3,3,3,2,2,2,3,2,3,3,3,4,4,4,4,4,4,3,3,3,2,2,3,3,2,2,2,2,2,2,2,2,2,1,3,2,2,2,1,8,8,8,3,3,3,3,7,7,2,52,4,1,3,2,52,5000,2500,0,13601,사람,예체능
27226,1,0,1,0,1,0,1,0,1,0,1,0,5,5,4,4,1,0,1,0,1,0,1,0,4,5,1,0,1,0,1,0,1,0,1,0,1,0,4,4,1,0,2,3,1,0,4,5,4,4,1,0,1,0,4,5,4,5,4,5,2,2,4,4,4,4,4,5,3,5,4,5,1,0,4,5,3,4,3,4,3,4,3,3,5,5,1,0,4,4,3,3,4,2,4,4,3,3,4,3,4,3,1,1,2,2,0,3,3,3,3,2,4,3,4,2,9,9,9,3,3,3,2,3,3,2,4,3,3,3,3,3,4,3,4,4,3,4,3,2,4,4,2,2,2,2,2,2,2,2,2,2,2,2,2,2,2,9,5,4,7,8,5,8,6,4,2,43,3,2,5,1,45,0,0,2500,884101,경기 침체,공예학
27227,1,0,1,0,1,0,1,0,1,0,1,0,1,0,1,0,1,0,1,0,1,0,1,0,5,6,1,0,1,0,1,0,1,0,1,0,1,0,1,0,1,0,1,0,3,4,1,0,1,0,1,0,1,0,1,0,4,5,1,0,1,0,1,0,4,5,4,5,4,5,4,5,1,0,1,0,1,0,4,5,3,4,3,3,3,3,2,3,4,4,3,3,4,2,4,1,2,3,4,3,4,3,1,1,2,2,0,3,2,4,3,3,4,3,4,3,3,4,3,3,4,3,2,4,3,4,3,4,3,5,3,5,2,3,4,4,4,5,3,2,4,4,2,2,2,2,2,2,2,2,2,1,3,2,2,2,2,9,3,7,3,5,7,8,2,6,1,33,3,1,1,1,45,3200,2000,0,881101,변동,체육학
27228,3,3,3,4,2,2,3,4,3,3,3,4,3,4,3,4,3,3,1,0,3,4,3,4,3,3,4,4,3,4,1,0,1,0,1,0,3,4,2,3,3,3,4,4,3,3,3,3,4,4,2,3,4,4,4,4,3,4,4,4,2,3,4,4,4,4,4,5,3,4,1,0,2,2,4,4,4,3,1,0,4,3,3,4,3,3,3,3,2,2,3,2,2,2,2,2,2,2,2,3,4,6,4,1,2,2,0,3,2,3,2,2,3,2,2,1,9,9,9,1,2,3,3,5,3,3,4,3,4,4,3,4,4,5,4,4,4,5,4,3,4,4,2,2,2,2,2,2,2,2,2,1,2,3,2,2,2,8,8,7,5,3,3,3,4,7,1,48,3,2,6,1,54,0,0,3500,702502,선호,실내인테리어학
27229,1,0,2,1,1,0,2,1,4,3,2,1,1,0,3,2,2,1,2,1,2,3,3,2,3,2,2,1,2,1,2,1,1,0,1,0,2,1,3,1,3,1,3,3,3,2,3,3,3,3,3,3,3,3,2,2,4,4,4,4,2,1,5,5,3,3,4,2,4,1,4,2,2,1,4,3,4,3,2,1,4,5,4,5,3,2,2,1,2,2,2,2,2,1,1,3,3,3,2,3,3,1,1,2,2,2,0,5,2,3,1,1,4,3,2,2,3,3,3,3,4,4,2,3,3,2,3,4,4,4,2,4,2,3,3,3,4,4,3,3,4,4,2,2,2,2,2,2,2,2,2,2,1,3,2,2,2,7,7,7,5,5,5,5,6,5,2,57,2,1,1,1,50,2300,2000,0,901201,점점 사람 부족,이과
27230,2,2,4,5,2,1,4,5,3,3,2,2,1,0,2,2,3,3,1,0,1,0,2,3,3,3,2,2,3,4,3,4,2,2,3,4,4,5,4,5,4,5,3,4,3,3,4,5,3,4,3,3,4,5,3,3,3,4,2,2,2,2,3,4,4,5,4,5,4,5,4,5,3,4,4,5,3,3,2,2,3,3,3,4,2,2,2,1,4,3,4,4,2,1,3,4,3,4,2,1,3,13,4,2,1,2,0,5,2,4,4,3,4,3,4,3,9,9,4,3,3,4,3,3,4,4,4,2,4,2,5,4,3,4,5,5,5,5,4,3,4,2,2,2,2,2,2,2,2,2,2,2,2,3,3,3,1,6,5,5,4,5,5,5,3,3,1,58,2,2,6,1,40,0,0,4000,812401,자동차 정비기사 자동차정비 기능장 자동차세 유지비 연료비 상승 보유 방식 변화,기계
27231,2,2,2,3,3,2,1,0,1,0,1,0,1,0,3,3,3,4,3,3,2,2,1,0,2,3,2,1,1,0,3,3,1,0,1,0,1,0,2,2,2,2,3,3,2,2,1,0,1,0,1,0,3,3,2,3,3,3,4,4,1,0,2,2,2,3,3,4,3,4,3,4,1,0,2,3,3,4,2,2,2,4,2,2,3,3,2,3,4,3,3,3,3,1,4,3,2,3,4,3,3,3,1,5,1,1,2,2,2,4,3,2,4,4,3,4,9,3,3,3,1,4,3,3,3,2,3,4,3,4,3,4,3,2,2,5,4,5,3,2,4,4,2,2,2,2,2,2,2,2,2,2,2,3,2,3,1,8,8,7,5,4,4,7,4,5,1,34,2,1,1,1,40,3000,2200,0,835201,전기기능사 산업기사 전자산업기사 전자부품 생산기계 조작훈련 생산 시설 로봇 자동화 생산 인력 감소,문과
27232,2,3,2,3,2,2,2,2,1,0,1,0,1,0,3,3,3,3,2,2,1,0,1,0,2,3,1,0,1,0,1,0,1,0,1,0,3,3,1,0,2,3,1,0,2,2,1,0,1,0,1,0,1,0,1,0,2,2,3,4,1,0,3,5,2,3,2,3,3,4,3,3,1,0,3,4,2,2,2,3,2,2,1,0,3,4,2,2,3,4,2,2,3,1,2,1,3,2,2,3,3,3,1,4,2,1,1,3,3,3,3,3,4,3,4,2,2,3,3,2,3,3,3,3,3,2,3,3,2,4,2,5,4,4,4,1,4,5,3,2,4,5,2,2,2,2,2,2,2,2,2,2,2,3,3,3,2,7,8,6,7,9,7,7,2,1,1,39,2,1,1,1,44,3200,2500,0,817201,현장실무교육 정상 자동화,금속
27233,3,4,3,4,4,6,4,6,2,3,4,6,3,4,2,3,3,4,2,3,4,6,4,5,3,4,5,6,4,5,3,4,3,4,2,3,4,5,4,6,4,5,3,4,2,3,1,0,3,4,2,3,4,5,4,5,3,4,3,4,4,6,4,6,2,3,2,3,2,2,3,4,2,3,2,3,2,3,2,3,3,4,1,0,2,2,3,4,4,4,4,3,4,3,4,3,4,2,3,3,4,6,1,1,1,1,1,1,4,4,4,4,4,4,4,3,3,4,4,4,2,4,4,3,4,3,3,2,4,4,4,4,4,5,4,3,4,4,4,4,4,5,2,2,2,2,2,2,2,2,2,3,3,2,2,2,1,6,5,8,4,4,3,5,4,3,2,34,4,1,1,1,40,3800,1800,0,140401,조경기술사 조경업무에 대한 총괄교육 전산 추세,조경학
27234,3,4,4,4,3,4,3,4,4,5,4,5,4,5,4,4,3,4,4,5,4,5,4,5,3,4,4,5,4,4,4,6,4,6,4,6,4,5,3,3,5,6,4,5,4,5,4,6,4,6,4,5,4,5,4,5,4,5,4,5,3,4,4,5,4,5,4,6,4,6,4,6,4,5,5,6,4,6,4,6,4,5,4,5,4,5,4,5,3,4,4,3,3,2,4,3,4,3,3,3,3,3,1,2,2,1,2,7,3,3,3,3,4,4,3,3,3,4,4,4,4,3,3,2,3,4,4,3,3,3,4,4,4,3,4,4,3,3,4,4,4,3,2,2,2,2,2,2,2,2,2,2,2,2,2,2,1,6,6,5,4,3,4,7,5,5,1,32,2,1,1,1,45,4700,3800,0,835201,기계 장비의 설치 작동 방법 자동 기계 조립 생산,전자
27235,4,4,4,5,4,4,4,5,4,5,4,5,4,5,5,5,4,6,4,5,4,5,4,6,4,5,4,5,4,5,3,5,3,5,4,5,4,4,4,5,4,5,3,5,3,5,4,5,4,5,3,5,4,5,4,5,3,5,4,5,4,4,4,4,4,4,4,5,3,5,4,5,4,4,4,5,3,5,4,5,3,4,4,5,4,4,4,5,4,4,4,5,4,3,4,3,4,4,3,4,4,17,1,2,1,2,0,5,3,4,3,3,3,4,4,4,4,3,5,5,4,3,3,4,4,3,4,3,3,3,4,4,4,3,2,3,4,4,4,4,3,3,2,2,2,2,2,2,2,2,2,1,4,2,2,2,2,7,5,7,8,6,7,7,4,5,2,57,2,1,1,1,40,2300,1500,0,307501,간호조무사 국민 의료 복지 서비스 수요 증가,인문계
27236,3,2,3,4,2,3,2,3,2,2,1,0,1,0,2,2,2,2,3,4,1,0,1,0,3,4,1,0,1,0,2,2,1,0,1,0,2,2,1,0,2,3,2,3,1,0,1,0,1,0,1,0,1,0,1,0,3,3,2,3,1,0,1,0,3,4,3,3,2,3,3,4,1,0,4,3,4,4,3,3,4,6,3,4,3,4,3,4,2,1,3,2,1,1,4,3,3,3,3,4,3,3,1,2,2,2,0,7,1,2,2,2,4,2,2,2,1,3,3,3,4,2,2,4,4,3,2,3,3,4,3,4,5,3,4,3,4,3,3,4,3,5,2,2,2,2,2,2,2,2,2,2,2,3,3,3,2,7,7,7,5,6,5,5,5,5,1,44,2,1,1,1,48,3000,2400,0,852401,점점 기계화,공고 전자
27237,3,4,4,5,2,3,4,5,3,4,3,4,3,4,3,4,3,4,3,4,2,3,4,5,3,4,3,4,4,5,3,4,4,4,2,2,4,5,2,2,3,4,3,4,3,4,2,2,1,0,2,2,1,0,1,0,1,0,1,0,2,2,1,0,1,0,1,0,1,0,1,0,1,0,2,3,3,4,3,4,3,5,3,3,3,4,2,3,5,5,4,3,4,4,3,4,4,4,5,2,4,17,1,2,1,2,0,5,4,4,3,3,4,4,4,3,3,3,4,3,2,4,4,2,3,2,3,2,4,3,3,4,3,4,3,4,4,3,4,3,4,2,2,2,2,2,2,2,2,2,2,1,2,3,3,3,2,7,7,6,2,2,2,5,3,5,1,38,3,1,1,1,40,2500,1800,0,306903,놀이치료사 출산율 감소,유아교육
27238,3,2,4,2,1,0,3,2,2,1,3,4,3,4,5,2,3,2,3,2,3,2,1,0,4,2,3,4,4,1,2,5,3,3,4,5,4,5,5,1,4,1,5,1,5,1,3,3,4,2,5,3,5,1,4,3,5,1,3,1,2,1,3,3,3,2,5,1,3,1,4,3,3,4,5,1,3,2,3,2,4,2,5,2,5,2,5,2,3,4,5,3,4,4,3,1,5,3,3,1,5,7,1,1,1,1,6,5,3,3,1,1,2,2,3,2,9,9,9,3,4,3,2,5,5,4,3,3,1,5,3,4,2,3,1,1,3,5,1,1,5,1,2,2,2,2,2,2,2,2,2,1,2,2,2,2,2,6,4,2,2,1,1,5,5,4,2,61,2,2,5,1,40,0,0,2500,511201,미용사 자격증 미용학 개론 인구 감소 검소 생활,인문계(문)
27239,1,0,2,3,1,0,3,3,1,0,1,0,1,0,2,2,2,4,1,0,1,0,1,0,1,0,1,0,2,2,2,3,1,0,1,0,1,0,3,3,2,2,1,0,2,3,1,0,1,0,1,0,1,0,1,0,1,0,1,0,1,0,1,0,1,0,1,0,1,0,1,0,1,0,1,0,1,0,1,0,1,0,2,2,3,3,2,3,3,3,4,2,1,4,2,1,2,1,2,1,2,18,4,1,2,2,0,7,2,4,3,4,4,3,4,3,4,3,4,3,3,4,4,3,3,3,2,3,2,5,3,4,4,4,4,3,3,3,3,3,4,4,2,2,2,2,2,2,2,2,2,1,2,2,2,2,2,8,7,7,4,8,7,6,7,7,2,26,4,1,4,2,12,1800,1100,0,416202,코로나 감소,모델
27240,4,4,3,4,1,0,3,4,2,3,3,4,3,4,4,5,5,6,3,3,2,1,3,3,4,6,1,0,1,0,1,0,1,0,1,0,3,4,2,2,3,3,1,0,1,0,1,0,2,2,1,0,2,2,2,2,2,3,5,6,2,2,3,4,4,4,4,6,5,7,5,7,3,5,4,6,4,6,4,5,4,5,4,5,5,6,4,6,4,4,3,3,4,2,3,5,2,3,4,3,4,15,2,5,1,1,3,7,4,3,2,3,2,3,2,3,3,3,4,3,3,3,3,3,5,4,3,4,4,3,2,4,5,4,3,3,3,4,5,3,3,3,2,2,2,2,1,1,2,2,2,1,4,3,3,3,2,7,3,2,4,1,4,1,3,7,1,45,4,1,1,1,42,3800,2400,0,812102,항공정비사 정비교육 훈련 기능 탑재 헬기 도입 교육 훈련 개인 수요 증대 레저 활동 다변 헬기 수요 대폭 증대,제어계측
27241,2,3,2,3,1,0,2,2,4,5,4,6,2,3,3,4,3,4,4,5,3,4,2,3,3,4,4,6,3,4,2,2,2,2,2,3,1,0,3,4,4,6,3,4,1,0,2,3,2,2,2,3,4,5,3,5,3,4,3,4,3,5,2,3,4,5,1,0,1,0,1,0,2,3,1,0,1,0,1,0,1,0,1,0,1,0,1,0,4,4,3,4,4,3,4,4,3,4,4,3,4,6,3,4,1,2,0,2,4,4,3,4,5,4,4,3,3,4,3,3,2,3,3,4,4,4,3,2,3,2,1,4,4,4,3,3,4,5,4,3,3,4,2,2,2,2,2,2,2,2,2,2,1,2,2,3,1,3,3,4,3,6,6,7,5,6,1,32,4,1,1,1,40,3000,3000,0,140503,교통산업기사 정장 경기 분위기,도시공학
27242,5,7,5,7,5,7,5,7,4,6,5,7,4,5,4,6,4,5,4,6,4,5,4,5,4,5,4,5,4,5,4,5,5,6,5,5,4,7,5,6,5,5,4,5,3,5,4,5,3,4,3,4,1,0,1,0,1,0,1,0,1,0,1,0,1,0,1,0,1,0,1,0,2,4,1,0,1,0,1,0,1,0,1,0,2,2,2,2,4,4,3,4,4,4,4,5,4,4,4,5,5,16,5,4,1,2,0,6,7,5,5,5,5,5,5,5,5,3,3,3,2,4,4,3,4,4,4,4,3,4,3,4,4,3,4,4,4,3,4,3,4,3,2,2,2,2,2,2,2,2,2,1,3,3,3,3,1,3,2,2,3,2,3,4,2,3,1,60,6,1,1,1,52,7000,4000,0,110202,박사학위 현재,경제학
27243,2,2,2,2,2,2,2,2,2,2,3,3,2,2,2,2,3,3,2,2,2,2,2,2,3,3,2,2,2,2,3,3,2,2,2,2,3,3,2,2,2,2,2,2,2,2,3,4,3,3,2,2,2,2,2,2,3,3,2,2,2,2,3,3,2,2,3,3,2,2,3,4,3,4,2,2,3,4,3,3,2,2,2,2,2,2,2,2,3,4,4,3,3,4,3,2,2,3,2,2,2,6,1,2,2,2,0,1,1,2,3,2,3,3,3,3,9,3,3,3,2,3,3,2,3,4,3,3,3,3,3,4,3,3,4,4,3,3,3,2,3,3,2,2,2,2,2,2,2,2,2,2,2,2,2,2,2,4,5,6,6,3,4,3,6,5,1,47,1,1,2,2,40,2100,2000,0,706001,굳이 직종,0
27244,3,3,2,3,2,2,2,2,1,0,1,0,5,5,3,4,3,5,5,6,4,4,2,4,4,5,4,5,3,5,3,3,1,0,1,0,1,0,3,5,3,4,4,5,1,0,1,0,1,0,1,0,2,3,1,0,1,0,1,0,1,0,2,2,3,4,1,0,1,0,1,0,3,3,4,5,3,4,5,6,3,3,5,6,3,3,2,3,4,5,4,2,5,2,3,5,4,3,5,4,4,18,1,2,2,2,0,1,5,4,4,3,5,4,4,1,2,4,4,3,2,4,3,3,4,3,4,2,3,4,2,4,5,4,4,4,3,4,4,3,4,4,2,2,2,2,2,2,2,2,2,1,2,2,2,2,1,5,4,3,4,5,4,6,4,4,2,33,4,1,1,1,40,3000,2500,0,414701,장기 경기 침체,무용학
27245,3,2,4,3,2,2,4,3,2,1,2,1,5,4,2,1,2,2,2,1,1,0,1,0,2,1,3,2,4,4,3,3,2,1,2,1,1,0,3,4,2,1,2,1,3,2,1,0,2,1,1,0,3,2,1,0,1,0,1,0,1,0,1,0,1,0,1,0,1,0,1,0,1,0,3,2,2,2,2,1,2,2,2,2,3,4,3,3,4,5,1,2,4,1,3,4,2,2,3,2,3,18,1,2,2,1,1,1,2,4,3,2,3,2,3,2,3,3,4,4,2,3,3,1,3,2,1,5,4,5,4,4,3,2,2,3,2,4,3,2,4,4,2,2,2,2,2,2,2,2,2,2,2,2,2,2,1,7,9,7,8,5,4,3,4,6,2,27,4,1,3,2,30,2400,2000,0,420403,직무교육 예전 레크레이션 강사,사회체육학
27246,2,3,2,2,2,2,2,2,2,2,2,3,3,4,3,4,2,3,2,3,2,2,2,2,2,2,2,2,3,4,2,3,4,6,4,6,3,3,3,3,3,3,4,6,4,5,2,3,2,2,2,3,2,2,2,2,2,2,2,2,2,2,2,2,2,2,3,3,2,2,2,2,2,2,2,2,2,2,2,2,2,2,2,2,4,5,3,4,4,3,3,4,4,3,4,3,4,4,4,3,2,17,1,1,1,2,0,3,4,4,5,4,4,4,4,4,3,4,4,4,2,5,4,4,5,4,4,5,4,4,4,4,5,4,4,5,4,4,5,4,4,4,2,2,2,2,2,2,2,2,2,1,3,3,3,3,2,9,6,7,2,2,3,8,3,6,2,39,3,1,1,1,45,3700,2500,0,29202,치과위생사 자격증 치과 치료 평생,치위생학
27247,3,2,3,2,2,2,2,3,2,2,1,0,1,0,2,2,2,3,3,4,3,3,3,4,2,3,1,0,3,3,3,2,1,0,2,2,2,2,4,3,2,2,2,2,5,3,1,0,1,0,1,0,3,2,1,0,3,3,2,3,1,0,1,0,3,2,2,2,2,3,2,2,1,0,2,2,2,3,3,3,2,3,3,4,5,4,2,3,4,3,5,2,3,2,3,2,2,2,2,3,4,4,1,2,2,2,0,1,2,3,2,1,3,3,2,2,1,2,2,2,3,2,3,4,4,3,3,2,3,2,3,4,3,3,4,4,3,5,4,3,3,3,2,2,2,2,2,2,2,2,2,2,2,3,2,3,2,7,7,6,8,7,7,7,6,7,2,47,2,1,2,2,40,2500,1850,0,562101,검침 시스템 개발,상고(상업계)
27248,4,6,5,7,4,5,4,5,4,5,3,4,3,4,3,4,4,5,3,4,4,5,4,5,4,6,4,6,2,3,3,4,3,4,3,4,4,5,3,4,4,5,4,5,3,4,5,7,3,4,4,5,3,4,3,4,2,3,2,3,4,5,3,4,1,0,1,0,1,0,1,0,1,0,1,0,1,0,1,0,1,0,1,0,3,4,3,4,4,4,5,3,4,2,3,4,3,4,4,4,4,18,1,2,1,2,0,6,4,5,5,5,5,5,4,4,4,4,4,4,2,4,4,3,2,3,2,4,4,5,3,5,4,5,4,5,5,5,4,4,5,4,2,2,2,2,2,2,2,2,2,3,2,2,2,2,1,8,2,3,2,3,6,2,3,1,2,30,4,1,1,1,40,3800,3000,0,521101,관광통역안내사 국내여행사 프로그램 여행 테마 설명,국제무역
27249,2,3,3,4,2,3,4,5,2,3,3,4,4,5,2,3,4,5,4,5,2,3,4,5,4,6,3,5,2,3,3,4,4,5,2,3,3,4,2,3,2,3,3,4,4,5,2,3,2,3,3,4,1,0,1,0,1,0,1,0,2,2,1,0,1,0,1,0,1,0,1,0,2,3,3,4,4,5,3,5,3,5,4,5,3,4,4,5,3,3,3,2,3,3,2,4,3,3,4,3,3,18,2,3,2,2,0,4,5,4,5,5,4,4,3,3,4,3,3,4,4,3,4,4,3,3,3,4,3,4,3,4,5,5,5,5,5,3,3,3,3,3,2,2,2,2,2,2,2,2,2,1,3,2,2,2,2,2,3,3,2,1,3,7,9,9,1,47,6,1,3,2,20,2500,1000,0,414501,공연 기회 지금 수준 변동,합창지휘
27250,4,5,4,5,2,2,4,5,4,5,4,5,4,6,4,5,4,5,4,5,4,5,4,5,4,5,4,5,4,5,4,5,4,5,4,5,3,5,4,5,4,5,4,5,4,5,4,5,3,4,4,5,4,5,4,5,4,5,4,5,3,4,4,5,4,5,4,5,4,5,4,5,4,5,4,5,4,5,4,5,4,5,4,5,4,5,4,5,4,4,4,3,3,4,4,4,4,4,3,3,3,6,1,1,1,2,0,6,4,2,3,2,3,4,3,4,4,4,3,4,2,4,4,4,4,3,3,4,4,3,4,4,4,3,3,4,4,4,3,3,3,3,2,2,2,2,2,2,2,2,2,2,4,2,2,2,1,5,4,7,3,4,2,3,2,3,1,64,2,2,5,1,48,0,0,4500,623001,천장크레인운전기능사 경기 부영 정부 투자가 증가,중기
27251,3,4,2,3,2,2,2,2,3,3,3,3,3,3,3,3,3,3,2,3,2,2,2,2,3,3,2,2,2,2,2,2,2,2,2,3,2,2,4,5,4,4,3,4,3,3,3,3,3,3,3,3,3,2,2,2,2,2,2,2,3,3,3,2,3,3,2,2,2,2,2,2,2,2,2,2,2,2,2,2,2,2,2,2,4,4,4,4,4,3,3,3,4,3,3,4,3,3,3,2,3,17,1,2,1,2,0,2,4,4,3,3,4,4,5,5,4,4,4,4,2,4,3,5,4,4,5,4,4,2,4,5,4,5,4,4,5,4,4,4,4,4,2,2,2,2,2,2,2,2,2,1,3,3,3,3,2,9,8,6,2,2,3,8,7,6,2,26,2,1,1,1,48,2500,2100,0,307501,간호조무사 자격증 노인 인구 증가 건강 관심,인문계
27252,3,3,3,3,2,2,3,3,3,3,3,3,1,0,3,3,3,3,3,3,2,2,1,0,3,3,3,3,3,3,3,3,3,4,3,3,3,3,4,4,3,4,3,3,5,4,4,4,4,4,3,4,1,0,1,0,1,0,1,0,3,2,2,2,1,0,1,0,1,0,1,0,2,2,1,0,3,3,3,3,3,3,3,3,3,3,3,3,4,4,3,3,4,3,3,3,4,3,4,3,4,19,4,1,2,2,0,2,2,4,2,2,4,3,2,2,9,9,3,3,3,4,4,4,4,3,4,5,4,3,4,5,4,3,2,3,4,5,4,3,4,3,2,2,2,2,2,2,2,2,2,2,1,3,3,3,2,5,4,6,4,4,5,6,7,5,2,50,4,2,6,1,48,0,0,2500,615401,인터넷 무료 다운 무제한 요금 자료 사용 때문,통계학
27253,3,3,4,4,3,4,5,4,3,4,3,4,4,4,2,3,4,3,3,3,4,5,3,3,3,4,4,4,3,4,3,4,2,3,4,4,3,4,4,5,4,4,3,3,3,4,3,4,2,3,4,4,5,5,4,5,3,4,4,4,4,4,3,3,4,5,4,4,3,4,4,4,4,4,2,3,2,4,2,3,1,0,3,3,1,0,2,3,4,5,4,3,4,5,3,5,4,3,4,4,4,13,1,3,2,2,0,2,4,4,4,3,4,5,4,4,4,4,5,4,2,5,4,5,5,4,4,4,4,4,3,3,4,4,3,2,2,4,3,4,4,4,2,2,2,2,2,1,1,2,2,2,2,3,2,2,1,4,1,4,2,2,4,6,3,7,1,42,4,1,1,1,45,3900,2600,0,133201,기술 장비 도입 교육 과학 기술 발달,컴퓨터공학
27254,3,4,3,4,3,4,3,4,3,4,3,4,3,4,3,4,3,5,5,6,4,5,3,3,5,7,3,3,3,3,4,6,3,4,3,4,3,3,4,5,5,6,3,4,5,7,3,4,3,4,3,4,3,4,4,4,3,5,5,6,3,4,5,7,5,6,4,6,5,6,5,6,5,6,4,6,5,6,5,6,5,5,5,6,5,7,5,7,4,4,3,3,5,3,5,4,4,2,3,4,3,6,4,1,2,2,0,4,1,4,4,4,4,4,4,4,9,9,9,4,4,3,4,4,3,4,4,4,4,4,4,4,5,4,4,5,5,4,4,5,5,4,2,2,2,2,2,2,2,2,2,1,3,3,3,3,2,8,7,6,7,8,5,7,5,6,1,56,1,2,6,1,40,0,0,3500,702502,수요,0
27255,1,0,1,0,1,0,1,0,3,2,4,4,4,3,4,4,4,5,5,7,5,6,3,4,4,5,4,4,5,7,5,6,1,0,1,0,3,3,2,1,3,3,4,4,4,5,1,0,1,0,3,4,1,0,1,0,1,0,1,0,1,0,1,0,1,0,1,0,1,0,1,0,1,0,3,3,4,4,4,5,5,7,5,7,5,7,4,5,3,3,3,3,3,1,1,4,3,3,4,4,4,15,2,5,2,2,0,6,2,4,2,2,1,2,3,4,9,9,9,4,3,3,3,4,3,3,4,5,4,5,1,5,4,3,4,4,5,5,4,3,5,3,2,2,2,2,2,2,2,2,2,1,3,3,3,3,2,7,7,7,3,3,5,8,8,3,2,32,4,1,3,2,50,2800,2500,0,420201,스포츠 선택 학생,체육학
27256,4,5,4,4,4,4,4,5,4,6,4,6,3,3,3,5,3,5,1,0,2,3,3,3,3,4,3,5,3,4,2,3,3,5,4,6,2,4,4,6,3,5,5,6,3,5,5,3,3,4,2,4,3,4,1,0,1,0,1,0,2,2,1,0,1,0,1,0,1,0,1,0,4,5,1,0,1,0,1,0,1,0,1,0,1,0,1,0,4,3,4,5,4,5,3,3,4,3,4,2,3,11,1,6,1,2,0,5,5,5,4,4,4,4,3,4,4,3,3,4,2,3,3,4,4,3,2,3,3,2,3,3,4,4,3,3,4,4,3,3,4,5,2,2,1,1,2,1,1,1,1,2,2,3,3,3,1,8,5,3,3,3,4,3,3,7,2,33,4,1,1,1,40,4800,3800,0,31301,보험계리사 시스템 전산 화로 업무 난이도 하락 보험 리사,수학
27257,3,4,3,4,2,3,2,3,1,0,1,0,1,0,3,4,1,0,1,0,1,0,2,3,1,0,1,0,2,3,1,0,1,0,1,0,1,0,1,0,4,5,2,3,1,0,1,0,1,0,1,0,1,0,1,0,1,0,1,0,2,3,1,0,1,0,1,0,1,0,1,0,1,0,4,4,2,3,1,0,2,3,2,3,3,3,2,3,4,3,3,3,4,3,4,4,3,3,3,3,3,16,5,3,1,2,0,1,5,4,3,2,4,4,4,3,3,3,4,3,3,3,3,2,3,3,3,3,2,3,3,3,3,3,2,3,4,4,3,3,3,4,2,2,2,2,2,2,2,2,2,2,3,2,2,3,1,4,4,5,4,6,5,6,5,6,2,31,4,1,1,1,40,4000,3819,0,304003,보건교사2급 보건 교사 인원 공고 계속 상태,간호학
27258,2,3,4,5,1,0,3,5,1,0,4,5,4,5,3,4,4,5,4,5,2,3,4,6,4,5,4,5,3,4,4,5,3,5,2,4,4,5,2,3,2,3,3,4,4,5,2,3,1,0,2,3,1,0,1,0,1,0,1,0,2,3,1,0,1,0,1,0,1,0,1,0,2,3,4,5,4,5,4,6,1,0,2,3,3,4,4,6,3,2,2,2,3,2,2,4,3,3,3,2,2,18,2,3,2,2,0,4,5,4,4,5,4,4,5,3,4,4,4,3,3,4,5,2,3,3,2,3,3,5,2,4,4,4,4,3,3,3,3,4,5,4,2,2,2,2,2,2,2,2,2,1,3,2,2,2,2,3,2,1,2,3,2,7,8,7,1,52,6,1,3,2,20,3000,1000,0,414501,변화,합창지휘
27259,2,2,4,3,1,0,4,3,2,3,1,0,3,3,1,0,3,2,1,0,2,2,2,2,2,2,2,3,4,4,3,3,3,3,2,2,1,0,3,3,2,2,3,3,3,2,3,2,2,2,3,3,2,3,2,2,2,2,2,1,1,0,1,0,1,0,2,2,2,2,2,2,1,0,5,5,2,2,2,2,2,2,2,2,4,3,3,3,2,4,3,2,4,2,4,2,3,2,4,3,4,19,4,1,2,2,0,5,1,4,3,2,4,4,4,3,9,9,9,3,1,5,4,4,4,3,4,2,3,3,3,4,4,3,3,3,4,4,3,3,4,5,2,2,2,2,2,2,2,2,2,1,1,3,3,3,2,5,4,6,5,5,6,6,4,5,1,58,1,2,6,1,50,0,0,2000,511101,미용실 커트,0
27260,2,2,3,3,2,2,3,4,1,0,4,5,1,0,4,5,1,0,1,0,1,0,1,0,1,0,3,4,1,0,1,0,1,0,1,0,1,0,1,0,5,4,1,0,1,0,1,0,1,0,1,0,1,0,1,0,1,0,1,0,1,0,1,0,1,0,1,0,1,0,1,0,1,0,1,0,2,3,1,0,2,4,1,0,3,4,3,5,2,4,4,4,4,4,4,4,4,4,4,4,4,15,2,4,1,2,0,2,5,4,4,4,4,4,4,3,3,4,4,3,3,3,2,2,2,3,2,3,3,4,3,4,3,4,5,4,5,4,3,4,4,4,2,2,2,2,2,2,2,2,2,1,4,2,2,3,1,6,5,4,6,5,5,5,5,5,1,29,4,1,3,2,48,3000,3000,0,155501,대기환경기사 환경 중요성 강조 사회,대기환경과학
27261,5,6,4,6,5,7,5,7,3,4,4,5,5,6,3,4,2,3,2,4,3,3,5,7,3,5,3,4,4,5,5,6,5,3,4,5,4,5,4,5,4,6,3,4,4,5,3,4,2,3,2,2,2,4,2,2,1,0,1,0,2,2,1,0,2,2,1,0,1,0,1,0,2,2,3,3,2,3,2,2,2,2,1,0,2,3,2,2,5,4,1,3,4,4,4,3,2,4,5,5,4,16,5,2,1,1,6,5,5,4,4,2,4,4,4,3,3,3,2,3,4,3,3,5,4,2,2,2,2,5,3,5,3,5,3,3,4,4,3,2,4,4,2,2,2,1,2,1,2,1,1,1,2,3,3,3,2,8,7,2,5,3,3,4,5,5,2,26,4,1,1,1,42,3000,2000,0,213001,유치원정교사자격증 교육과정 교육 학생지도 상담 행정 업무 교육과정 개정 교육 교사 교육 방식 혁신 전문성 향상 위해 노력 출산율 저하 학생 감소,유아교육학
27262,2,4,2,3,3,4,3,4,1,0,3,5,4,5,3,4,1,0,4,5,1,0,3,4,3,5,4,4,1,0,1,0,1,0,1,0,2,3,1,0,3,5,3,4,3,3,1,0,1,0,1,0,2,4,1,0,1,0,1,0,3,4,1,0,1,0,1,0,1,0,1,0,1,0,1,0,1,0,1,0,1,0,1,0,3,3,1,0,4,4,4,3,3,2,3,3,3,3,3,2,3,13,1,2,1,1,4,7,2,3,3,3,3,4,3,3,3,3,3,3,4,2,3,4,3,3,4,3,4,3,3,4,2,3,3,3,2,4,3,2,4,4,2,2,2,2,2,2,2,2,2,1,1,3,3,3,2,4,6,6,7,7,5,6,4,3,1,40,4,1,1,1,48,4000,2500,0,140401,조경기능사 제도법 실무 예전 수요,조경학
27263,2,2,2,4,2,1,2,3,2,4,1,0,1,0,2,1,2,2,2,4,1,0,1,0,2,3,1,0,1,0,2,3,1,0,1,0,1,0,2,2,2,4,2,3,2,2,1,0,2,2,2,2,1,0,1,0,1,0,1,0,1,0,2,3,2,2,1,0,2,3,2,3,2,2,1,0,1,0,1,0,1,0,2,1,2,2,2,2,5,2,5,3,2,4,3,5,3,2,2,2,4,14,1,2,2,2,0,7,2,3,2,2,3,3,3,2,9,3,4,3,4,3,2,3,2,4,4,4,4,3,2,2,3,4,3,2,3,3,2,4,4,3,2,2,2,2,2,2,2,2,2,3,3,3,3,3,2,5,5,6,4,4,5,4,4,5,2,49,2,1,1,1,50,2410,2300,0,562101,공란,문과
27264,3,5,3,5,2,5,2,5,2,6,2,5,3,5,3,5,3,5,3,5,2,3,2,3,3,5,3,5,2,3,2,3,2,3,2,3,3,5,3,5,3,5,2,3,2,3,3,5,2,3,3,5,2,3,2,3,3,5,2,3,2,3,2,3,3,5,3,5,3,5,3,5,3,5,3,5,3,5,2,3,2,3,2,3,3,6,2,3,4,4,4,4,4,4,4,3,3,3,4,3,4,17,1,2,1,1,6,6,5,4,3,4,4,4,4,4,5,4,4,5,3,4,3,4,3,3,4,3,3,3,3,4,3,4,4,4,4,4,3,4,4,3,2,2,2,2,2,2,2,2,2,2,2,3,3,3,1,8,7,8,7,8,7,7,8,7,1,43,4,1,1,1,48,7200,3400,0,306501,물리치료사 자격증 물리치료 방법 로봇 수출 대체로,물리학
27265,5,6,5,6,4,5,4,5,4,4,4,4,3,4,3,4,4,4,4,4,4,5,3,4,4,4,4,4,3,3,4,4,3,3,4,4,4,4,3,3,3,3,4,4,3,4,3,3,3,3,4,4,4,4,3,4,4,3,2,2,3,3,2,3,2,3,2,2,2,3,3,3,2,2,3,3,2,2,3,3,2,2,3,3,3,3,3,3,4,3,3,3,4,4,4,3,3,3,3,3,4,18,3,2,2,2,0,2,5,4,2,3,4,4,3,4,3,2,3,3,4,3,3,4,3,4,3,3,4,3,4,4,3,3,3,4,3,3,3,3,3,3,2,2,2,2,2,2,2,2,2,3,1,2,2,2,1,8,7,8,4,7,8,8,6,3,1,42,4,1,3,1,52,6000,3500,0,13601,인구 감소,연극영화
27266,2,2,3,5,1,0,4,6,2,2,2,2,4,6,3,4,4,6,4,6,1,0,4,6,4,6,1,0,3,4,3,4,3,4,1,0,4,4,4,6,1,0,1,0,4,6,1,0,1,0,3,4,1,0,1,0,1,0,1,0,4,6,1,0,1,0,1,0,1,0,1,0,1,0,4,6,3,4,3,4,1,0,4,6,4,6,3,4,4,4,3,3,3,2,3,3,3,4,3,4,3,18,4,1,1,2,0,1,4,4,4,4,4,4,3,4,9,9,4,5,2,4,4,4,4,3,2,2,4,2,3,4,4,3,3,2,4,5,4,2,3,3,2,2,2,2,2,2,2,2,2,2,4,2,2,2,1,2,7,3,6,4,5,3,6,3,2,35,3,2,6,1,40,0,0,3000,420403,웃음치료사 노인복지레크레이션사 레크레이션 개발 일자리,사회복지학
27267,2,2,3,3,1,0,3,3,2,3,1,0,1,0,2,3,3,4,3,4,1,0,2,3,2,3,2,2,3,3,3,4,2,3,1,0,2,3,3,4,3,3,2,3,2,2,3,3,2,2,3,4,2,3,1,0,2,3,1,0,1,0,2,3,3,4,2,3,2,2,3,4,2,3,2,1,2,2,2,3,4,4,2,3,2,3,2,1,3,3,3,2,2,3,3,2,3,2,3,2,3,14,1,2,2,2,0,7,2,3,3,4,4,3,4,3,2,2,3,3,3,4,5,3,2,4,2,3,4,2,4,3,2,3,4,3,4,3,2,3,4,4,2,2,2,2,2,2,2,2,2,3,2,2,3,3,2,6,4,5,6,5,4,4,2,6,2,46,2,1,1,1,45,2500,2000,0,562101,자동 증가,문과
27268,5,4,4,5,4,4,4,4,4,4,4,5,2,5,2,3,4,4,3,5,3,4,3,3,4,4,3,3,3,4,3,4,3,3,3,4,3,3,4,5,4,4,4,4,4,4,3,4,3,4,3,4,3,4,2,3,2,3,2,3,3,4,3,4,3,4,3,4,3,4,3,4,3,4,3,4,3,4,3,4,3,4,3,4,3,3,3,3,3,3,3,3,3,3,3,3,3,3,3,3,3,13,1,2,2,1,3,6,4,3,3,3,3,3,3,3,3,3,3,3,3,3,3,3,3,2,2,3,3,5,3,5,3,3,3,3,3,3,3,3,4,3,2,1,2,2,2,2,2,2,2,2,3,3,3,3,2,5,5,5,5,5,5,5,5,5,2,38,3,1,1,1,45,3500,2000,0,222001,소송방법 전산 프로그램 발달 관련 업무,행정학
27269,3,4,4,5,3,4,5,6,4,5,3,4,3,4,2,2,4,5,3,5,3,4,2,2,3,4,4,5,4,5,4,6,4,5,3,4,3,4,3,4,3,5,4,5,3,4,3,3,2,2,2,4,1,0,1,0,1,0,1,0,1,0,3,4,1,0,1,0,1,0,1,0,1,0,1,0,2,2,4,5,4,5,2,3,4,5,4,5,4,2,4,3,4,2,3,2,3,2,4,4,3,7,1,2,1,2,0,6,2,4,3,3,4,3,3,4,3,3,4,4,3,3,3,4,3,4,3,2,4,3,2,4,4,4,3,4,4,3,4,4,4,3,2,2,2,2,2,2,2,2,2,1,3,3,3,3,2,9,9,7,3,3,3,3,8,7,1,62,4,1,1,1,60,4500,3000,0,612501,경매사 희귀 업종,사회학
27270,4,5,4,5,3,3,3,3,3,3,4,4,4,4,4,4,4,4,4,5,4,5,4,4,3,3,4,5,4,5,4,5,4,5,4,5,4,5,3,3,4,5,4,4,4,5,4,5,4,5,4,4,4,4,2,3,2,3,2,2,3,4,3,4,2,2,3,3,3,3,3,4,3,3,3,3,2,2,3,4,3,4,3,4,4,4,4,4,4,4,4,3,4,4,4,3,3,3,4,3,3,18,3,2,2,2,0,2,5,4,3,2,4,3,3,4,2,2,3,3,4,3,2,4,3,3,3,3,4,4,4,4,4,4,3,3,3,3,3,2,3,3,2,2,2,2,2,2,1,1,1,2,3,2,2,2,1,8,2,4,8,3,4,8,4,8,2,36,4,1,3,1,52,3000,2400,0,13601,시스템 도입 인공 지능,인류학
27271,4,5,4,6,4,5,4,6,4,6,4,5,3,4,4,5,2,3,2,2,3,5,3,5,5,6,2,3,3,5,5,7,2,2,2,3,2,2,3,4,3,3,2,3,3,4,1,0,2,3,1,0,4,5,1,0,2,5,1,0,5,7,5,7,4,5,2,3,2,4,2,4,3,4,4,5,5,5,3,4,3,4,2,3,3,5,3,5,5,4,4,4,4,5,4,2,4,3,3,4,3,3,1,3,1,1,3,5,4,4,3,4,4,4,3,5,4,4,5,4,4,4,3,4,4,3,4,4,4,3,3,4,4,3,4,4,5,4,4,3,5,4,2,2,2,2,2,2,2,2,2,2,2,3,3,2,1,5,5,7,8,9,4,6,5,5,2,32,4,1,1,1,40,3200,3000,0,306101,임상병리사 생물학 연구 개발 검사 시설 자동화,임상병리학
27272,1,0,1,0,1,0,1,0,1,0,1,0,1,0,1,0,2,3,2,3,1,0,1,0,2,3,1,0,1,0,1,0,1,0,1,0,1,0,1,0,2,3,1,0,2,3,1,0,1,0,1,0,1,0,2,3,2,3,2,3,1,0,2,3,2,3,4,5,3,5,3,4,1,0,2,3,2,3,1,0,3,4,1,0,3,4,1,0,4,3,3,4,3,3,4,3,3,3,3,2,3,8,2,2,1,2,0,7,5,4,3,3,4,3,3,3,3,3,4,3,2,3,4,3,3,4,3,3,3,3,3,3,4,4,3,3,2,3,4,3,3,4,2,2,2,2,2,2,2,2,2,1,4,3,3,3,1,5,6,7,4,6,5,6,5,6,2,28,4,1,1,1,40,4735,4511,0,812301,전기철도산업기사 궤도장비기능사 정비 지속,기계학
27273,5,6,5,6,5,5,5,5,5,6,4,5,5,5,5,5,3,3,5,5,3,4,2,2,4,5,3,3,4,4,4,5,4,5,4,5,4,4,4,5,4,5,4,5,4,5,2,2,3,4,5,6,2,2,2,2,2,2,2,2,1,0,3,3,2,2,1,0,1,0,1,0,2,2,4,4,3,4,4,4,4,5,3,4,4,5,4,4,3,3,4,4,3,4,3,4,4,3,4,4,3,11,1,2,2,2,0,3,5,2,3,3,4,3,4,3,2,3,4,4,3,3,4,3,3,3,4,4,3,3,3,3,3,4,4,3,4,4,3,4,4,4,2,2,2,2,2,2,2,2,2,2,3,3,3,3,2,7,6,4,5,6,5,6,5,6,1,59,3,1,3,2,40,3500,2500,0,32501,전산 화로 업무 처리 일자리,경영학
27274,2,2,2,2,2,2,3,3,2,2,1,0,2,2,4,2,3,3,3,3,4,2,2,2,3,3,1,0,5,5,5,6,3,3,3,3,2,2,4,4,3,3,2,2,3,3,1,0,1,0,1,0,1,0,1,0,1,0,1,0,1,0,1,0,1,0,1,0,2,2,2,1,1,0,2,2,5,5,4,4,5,3,4,4,4,4,3,3,2,4,4,3,2,1,3,2,2,2,2,4,4,17,1,2,1,2,0,2,1,3,2,2,3,4,2,3,4,3,3,3,4,2,1,3,4,3,2,4,2,4,2,3,2,2,5,2,2,5,3,2,5,3,2,2,2,2,2,2,2,2,2,1,4,2,2,2,2,6,6,7,7,8,7,8,2,1,2,42,2,1,2,2,40,1950,1800,0,550101,요양보호사 자격증 인구 고령화 노인 인구 수가,인문계
27275,4,4,3,3,2,2,3,4,3,3,3,4,2,2,3,3,3,3,2,2,2,2,2,2,3,3,2,2,2,2,2,2,3,3,3,3,2,2,4,4,3,3,3,2,3,3,3,4,1,0,2,2,3,3,1,0,1,0,1,0,2,2,2,2,2,2,1,0,1,0,1,0,2,2,1,0,1,0,2,2,2,2,2,2,2,2,1,0,3,3,4,3,3,2,4,3,3,3,3,3,4,11,1,2,1,1,3,3,5,3,3,4,4,4,4,4,3,3,3,4,3,3,4,3,3,4,3,2,3,3,3,3,3,3,4,4,4,3,3,4,4,3,2,2,2,2,2,2,2,2,2,2,3,2,2,1,1,5,5,4,4,6,6,5,6,6,2,28,4,1,1,1,48,3200,2500,0,31301,보험계리사 실무 교육 변화,경제학
27276,4,5,4,6,2,2,3,4,4,5,3,3,2,3,4,5,3,4,3,3,3,3,3,3,4,5,4,5,2,2,3,3,2,3,2,3,1,0,3,3,4,4,4,5,2,2,2,3,2,3,2,2,4,5,2,2,4,4,3,5,3,4,4,5,3,3,4,4,3,4,4,5,3,3,3,4,4,4,3,5,2,2,3,3,3,4,2,3,4,5,2,3,4,3,4,2,4,3,5,4,4,3,1,2,1,2,0,2,5,4,4,3,4,5,4,3,3,2,4,3,3,3,4,3,3,3,4,2,3,4,1,4,4,4,3,4,3,4,4,3,3,2,2,2,2,2,2,2,2,2,2,2,2,3,1,3,2,6,6,5,3,4,4,5,4,4,1,34,4,1,1,1,40,2700,2500,0,303002,한약사 수요 밀림,한약학과
27277,3,3,3,4,3,4,4,5,1,0,1,0,1,0,2,2,3,3,1,0,1,0,5,6,1,0,3,4,3,4,2,3,2,2,1,0,5,6,1,0,1,0,1,0,4,6,1,0,1,0,1,0,1,0,1,0,1,0,1,0,2,3,1,0,1,0,1,0,1,0,1,0,1,0,1,0,1,0,1,0,1,0,1,0,2,2,2,2,3,3,1,2,4,3,4,4,3,3,3,3,3,16,5,2,2,2,0,6,5,4,3,3,4,3,3,2,2,3,3,3,4,2,2,4,4,3,3,2,1,2,2,5,2,3,3,4,5,3,2,3,3,3,2,2,2,2,2,2,2,2,2,4,1,2,2,2,1,3,3,3,4,5,5,7,3,3,2,38,4,1,1,1,40,5000,2500,0,214102,인강 통한 언어 교육 학원 강사 감원,독어독문학
27278,4,4,4,4,4,4,3,5,3,5,4,4,4,4,3,5,3,4,4,4,4,4,3,4,3,5,3,4,4,4,3,5,3,4,4,5,3,4,4,4,4,4,3,5,3,4,3,4,3,5,3,4,4,4,4,4,4,5,3,4,4,4,4,4,4,4,3,4,4,5,4,4,4,4,4,4,3,3,4,4,4,4,4,4,4,4,3,4,4,4,3,4,4,4,3,4,3,4,3,4,3,19,4,1,2,2,0,1,2,4,5,4,4,3,4,4,9,9,9,4,4,5,4,4,4,3,4,4,4,4,4,4,3,4,3,4,4,4,4,4,4,4,2,2,2,2,2,2,2,2,2,2,2,2,2,2,2,6,7,6,3,3,5,4,7,4,1,55,2,2,6,1,50,0,0,3000,615401,인터넷 보급 영상 온라인서점 영향 감소,이과
27279,4,5,4,4,4,5,3,4,4,5,4,4,4,5,4,4,4,5,4,5,4,4,4,5,4,5,3,4,4,5,4,5,3,4,3,3,3,4,5,6,4,5,4,5,4,5,3,4,4,5,4,4,3,5,2,2,1,0,1,0,1,0,2,2,3,3,4,4,3,4,2,2,4,4,4,5,4,5,3,3,3,4,3,3,3,4,3,3,4,3,3,4,4,3,3,4,3,3,4,4,3,7,1,2,2,2,0,2,2,4,3,4,4,3,4,3,4,3,4,4,3,4,3,3,3,4,4,3,3,3,3,3,2,3,4,4,4,3,3,4,3,3,2,2,2,2,2,2,2,2,2,2,3,3,3,3,2,7,6,5,5,6,6,6,5,6,2,40,2,1,1,1,30,2500,1500,0,615401,수요 한계,상고
27280,5,5,5,4,5,7,5,5,4,4,5,5,5,5,5,6,5,5,5,5,5,5,5,5,5,4,5,5,4,4,4,5,5,5,5,5,4,4,5,4,5,5,5,5,5,4,5,5,5,5,5,5,5,5,2,2,2,2,1,0,4,4,2,2,2,2,2,2,1,0,1,0,4,4,2,2,1,0,2,2,2,2,1,0,2,2,2,2,3,4,3,3,3,3,3,2,4,4,3,3,4,13,1,2,2,1,3,5,4,3,3,3,4,4,3,3,3,3,3,3,3,3,3,2,3,3,3,2,3,4,3,3,3,3,3,3,3,3,3,3,3,3,2,2,2,2,2,2,1,2,2,2,2,3,3,3,2,7,7,7,7,7,7,7,7,7,1,51,4,1,1,1,36,4800,2200,0,222001,업무수행능력 퇴직 채용 직원 구성원 변동 비대 서비스 증가 노동 인력 수요 감소,행정학
27281,4,5,3,4,5,7,3,4,1,0,1,0,5,7,3,5,4,6,4,5,5,7,3,5,3,4,4,5,3,4,1,0,4,4,1,0,1,0,2,2,2,3,2,3,2,3,1,0,1,0,1,0,1,0,2,2,1,0,1,0,3,4,3,3,2,2,1,0,1,0,1,0,1,0,4,4,3,4,3,3,1,0,3,3,4,5,1,0,4,3,4,3,3,2,4,4,4,3,3,3,4,18,4,1,2,2,0,7,1,3,4,4,4,4,4,3,9,9,9,3,4,4,4,4,4,4,4,3,4,4,4,4,5,4,3,3,4,4,4,4,4,4,2,2,2,2,2,2,2,2,2,2,2,3,3,3,2,4,3,6,4,8,9,7,6,1,1,35,3,1,4,2,60,3500,2000,0,414301,문화 콘텐츠 출현 수요 감소 예상,만화학
27282,5,5,5,5,5,5,4,4,5,6,5,7,2,3,5,7,3,4,1,0,4,5,5,7,5,6,5,6,2,2,1,0,3,5,5,4,5,5,5,6,5,6,5,7,4,4,5,7,4,5,3,5,3,4,3,4,4,5,1,0,5,3,3,3,1,0,1,0,1,0,1,0,2,2,1,0,1,0,1,0,1,0,1,0,3,4,1,0,3,2,5,4,4,5,5,3,3,4,4,5,3,15,2,4,1,1,4,4,5,5,5,5,4,4,4,3,3,4,4,4,3,5,5,5,5,2,4,1,3,3,3,4,3,4,4,4,5,3,3,3,5,2,2,1,2,2,2,2,2,1,2,5,2,3,1,3,1,2,2,1,3,1,1,1,2,7,2,47,4,1,1,1,40,6500,3800,0,25101,세무시 배정부서 업무파악 조세 법률 변경 소프트웨어 업그레이드 업무 자동화 인원 감축,세무회계학
27283,5,5,4,5,4,4,3,3,4,3,3,4,2,3,4,3,2,3,3,2,2,2,4,4,4,3,4,5,4,4,3,3,2,4,2,3,3,4,4,5,4,3,2,4,3,3,1,0,1,0,2,4,2,4,4,5,4,5,1,0,4,5,3,4,1,0,2,3,2,2,1,0,2,4,1,0,1,0,1,0,1,0,1,0,4,4,2,3,4,4,3,4,4,3,3,4,3,4,5,5,3,6,1,2,1,2,0,4,5,3,3,3,4,5,3,3,4,3,4,4,1,4,3,3,4,3,4,4,2,3,3,3,2,4,4,3,4,5,3,3,4,3,2,2,2,2,2,2,2,2,2,2,3,2,2,3,2,7,8,9,6,7,3,4,2,6,1,50,4,1,1,1,48,6000,3000,0,140205,건축 기사 자격증 건축 건설 업무 인력,건축공학
27284,1,0,1,0,1,0,1,0,1,0,1,0,1,0,1,0,2,3,1,0,1,0,1,0,2,3,1,0,1,0,1,0,1,0,1,0,1,0,1,0,2,3,1,0,2,3,1,0,1,0,1,0,2,3,1,0,2,3,1,0,1,0,2,3,3,4,3,4,3,4,3,4,1,0,2,3,2,3,2,3,3,4,1,0,3,4,2,3,3,3,4,3,3,3,3,3,3,3,3,2,3,4,1,3,1,2,0,7,2,3,2,2,4,4,3,3,3,4,3,3,3,3,3,3,4,4,3,3,3,3,3,3,4,3,3,3,4,3,3,3,3,3,2,2,2,2,2,2,2,2,2,2,2,2,3,3,1,6,6,5,6,4,4,6,5,5,1,46,3,1,1,1,46,3999,2800,0,811401,공조냉동기계기능사 기계 자동화 기계 산업 성장 인력 감소,산업경영
27285,2,2,2,3,2,2,4,4,2,3,3,3,2,2,2,3,3,4,2,2,2,3,3,4,2,2,2,2,3,4,2,3,2,2,3,3,3,4,2,2,3,4,2,3,3,4,2,2,3,4,2,2,3,5,3,4,3,5,2,3,2,2,4,5,3,3,3,4,3,3,3,3,3,4,4,6,4,5,3,5,3,4,3,4,4,6,2,3,3,2,4,3,4,4,4,2,3,3,3,2,4,19,1,1,2,2,0,4,1,4,2,2,4,3,4,3,9,9,4,4,3,2,2,4,3,3,4,4,3,4,3,4,2,3,3,4,3,4,2,3,4,4,2,2,2,2,2,2,2,2,2,2,2,2,2,2,2,7,7,6,3,3,5,7,7,5,2,56,2,2,5,1,60,0,0,4500,863401,유행,문과
27286,5,6,5,6,4,5,5,6,4,5,5,6,3,3,4,5,4,5,3,3,1,0,4,5,5,6,4,5,1,0,4,5,4,5,4,5,3,3,5,6,4,5,4,5,4,5,4,4,3,3,2,4,1,0,1,0,4,5,4,5,5,6,3,5,1,0,1,0,1,0,1,0,1,0,1,0,1,0,1,0,1,0,1,0,5,6,5,6,4,4,2,2,3,4,2,4,3,4,2,3,4,6,1,2,1,2,0,6,4,3,3,3,3,3,3,3,3,3,5,3,2,3,4,4,3,2,4,3,2,3,4,4,5,4,4,4,5,5,4,2,5,4,2,2,2,2,2,2,2,2,2,1,3,2,2,3,2,5,5,8,4,1,5,5,2,6,1,43,4,1,1,1,40,6700,3300,0,140304,토목기사자격증 경기 침체 건설,토목공학
27287,4,6,4,6,4,6,4,6,4,6,4,6,4,6,5,6,5,6,4,6,4,6,4,6,4,6,4,7,4,6,4,6,4,6,5,6,4,6,4,6,4,6,4,6,4,6,5,6,4,6,5,6,5,6,4,6,4,6,5,6,4,6,4,6,4,6,4,6,4,6,4,6,4,6,5,6,5,6,4,6,4,6,4,6,4,6,5,6,4,4,5,4,4,4,4,4,4,5,4,5,4,17,1,1,1,1,6,6,5,4,5,5,4,4,4,5,4,4,5,4,4,4,5,4,5,4,4,4,5,4,4,4,5,4,4,4,4,5,4,5,4,4,2,2,2,2,2,2,2,2,2,1,3,3,3,3,2,8,7,7,3,2,3,7,8,3,1,43,4,2,5,1,40,0,0,9000,301401,의사자격 의료지식 사람,치의학
27288,4,5,4,5,3,4,3,3,1,0,2,3,1,0,3,4,3,4,2,3,2,4,2,3,1,0,3,3,3,4,4,3,2,4,1,0,1,0,4,4,3,4,4,4,3,4,1,0,1,0,4,3,1,0,1,0,1,0,1,0,3,3,1,0,1,0,1,0,1,0,1,0,1,0,1,0,1,0,1,0,1,0,1,0,2,3,2,4,3,5,1,3,3,5,3,3,3,5,3,4,4,19,4,1,2,2,0,7,2,3,2,2,4,4,3,3,2,4,3,3,2,3,3,4,3,2,4,2,4,2,4,4,2,1,2,1,3,4,2,1,4,4,2,2,2,2,2,2,2,2,2,4,2,2,2,3,2,4,5,4,6,6,5,6,5,1,2,25,3,1,4,1,48,2400,1800,0,29904,인터넷 이용 고객,피부미용학
27289,1,0,2,3,1,0,3,3,1,0,1,0,1,0,1,0,2,2,1,0,1,0,1,0,1,0,1,0,2,3,1,0,1,0,1,0,1,0,1,0,1,0,1,0,2,2,1,0,1,0,1,0,1,0,1,0,1,0,1,0,1,0,1,0,1,0,1,0,1,0,1,0,1,0,1,0,1,0,1,0,1,0,1,0,2,2,2,3,3,3,3,1,1,4,2,1,2,1,1,1,1,18,4,1,2,1,4,4,3,4,5,5,4,3,3,3,3,3,5,3,2,5,5,3,3,3,2,4,3,5,2,4,4,4,5,3,4,3,3,3,5,3,2,2,2,2,2,2,2,2,2,1,4,2,2,2,2,8,7,9,3,7,6,7,8,5,2,29,4,1,4,2,22,2800,1100,0,416202,런웨이 연기 미디어 등장 모델 활용,모델학
27290,1,0,1,0,1,0,1,0,1,0,1,0,1,0,1,0,1,0,2,3,1,0,1,0,3,3,2,1,1,0,2,2,1,0,1,0,3,2,1,0,1,0,2,3,1,0,1,0,1,0,1,0,1,0,1,0,3,4,3,4,1,0,1,0,3,2,3,4,4,4,3,3,1,0,3,5,3,4,3,2,3,4,3,5,4,5,1,0,2,4,4,4,4,2,2,2,4,3,3,3,3,6,4,1,2,2,0,4,2,3,3,3,3,3,3,4,9,9,9,4,3,3,3,2,2,3,4,2,2,4,3,4,4,2,2,2,2,5,2,1,4,2,2,2,2,2,2,2,2,2,2,1,3,3,3,3,2,5,5,5,5,5,5,9,8,5,1,52,2,2,6,1,60,0,0,6500,702401,기계,인문계
27291,4,4,4,4,3,3,4,4,4,4,4,4,4,4,3,3,4,4,4,4,4,4,4,5,4,4,4,4,4,4,4,4,4,4,4,4,4,4,4,4,4,4,4,4,4,4,3,3,4,4,4,4,4,4,5,6,5,6,4,4,4,4,4,4,4,4,4,4,4,4,4,4,4,4,5,5,4,4,4,4,4,4,4,4,4,4,4,4,3,4,2,3,4,2,3,4,2,4,4,4,2,6,1,2,1,1,2,4,2,4,2,2,4,4,3,3,2,4,4,4,4,2,2,4,4,4,4,3,4,4,3,4,3,4,4,2,4,4,4,4,4,5,2,2,2,2,2,2,2,2,2,3,3,3,3,3,2,5,7,5,4,5,4,5,7,7,1,43,2,1,3,2,40,3800,3200,0,701401,콘크리트 기사 설계도면 해석 훈련 재건축 활성화,토목공학
27292,4,7,4,6,5,6,4,6,4,5,5,6,5,6,4,6,5,6,5,6,4,6,5,7,5,6,4,6,5,6,5,6,5,6,5,7,3,5,5,6,4,7,4,5,5,7,4,5,4,5,5,7,4,5,5,6,3,5,1,0,4,6,2,3,1,0,1,0,1,0,1,0,3,5,1,0,1,0,1,0,1,0,1,0,2,2,1,0,4,4,3,4,4,3,4,5,2,4,4,4,4,15,2,4,2,2,0,7,7,4,2,2,4,4,2,3,3,3,4,4,2,3,3,4,4,3,4,1,2,4,4,4,2,2,2,3,3,4,3,3,4,4,2,2,2,2,2,2,2,2,2,2,2,3,3,3,1,8,2,3,2,2,2,2,2,2,1,38,6,1,1,1,52,6000,5000,0,110202,지식 경험 바탕 직업 안정 기계화 경제 예측,국제경제학
27293,4,5,3,5,4,6,4,6,4,5,5,6,4,5,3,5,3,4,4,5,3,4,4,6,4,5,4,5,4,6,4,5,4,5,4,5,4,5,4,5,4,6,4,6,4,5,4,5,4,5,4,5,4,6,3,3,2,3,3,4,4,6,4,5,3,4,2,3,2,3,2,3,3,4,3,4,3,4,4,5,4,5,4,5,4,6,4,6,4,3,4,4,5,4,5,4,3,4,4,5,4,17,2,3,1,2,0,2,5,4,5,4,5,5,5,5,4,4,5,5,4,4,5,4,5,5,4,5,4,4,4,4,5,5,5,4,4,5,4,4,5,4,2,2,2,2,2,2,2,2,2,1,1,3,3,3,2,8,6,7,7,8,7,7,5,6,2,36,4,1,1,1,40,3700,2500,0,304003,보건교사 자격증 학교 감소,간호학
27294,3,2,2,3,1,0,1,0,3,2,4,3,2,2,3,3,1,0,2,2,1,0,2,2,3,2,2,2,2,2,3,3,1,0,1,0,2,2,4,3,4,3,4,2,5,5,1,0,4,3,1,0,4,2,3,4,3,4,3,2,2,2,1,0,4,2,5,5,5,5,5,6,2,1,2,2,1,0,4,3,2,2,1,0,4,4,5,4,2,2,4,1,2,3,4,2,2,2,2,2,1,15,2,3,1,1,1,4,2,2,1,2,3,3,1,1,3,3,3,3,4,2,1,2,3,2,1,4,3,5,2,4,3,2,1,3,3,2,3,3,2,4,2,2,2,2,2,2,2,2,2,2,3,3,1,3,2,3,3,9,2,9,3,3,3,3,1,44,4,1,1,1,40,4500,2800,0,842201,통신선로 자격증 빠른 현장 적응을 위해 교육이 필요하다 변화,전자공학
27295,5,7,5,7,5,7,5,6,5,6,5,7,5,6,5,7,5,7,5,6,5,7,5,6,5,7,5,6,5,7,5,6,4,6,5,7,5,7,5,6,5,6,5,7,5,6,5,6,5,5,3,5,3,6,5,6,5,6,5,7,4,5,1,0,1,0,3,5,5,5,5,7,5,6,5,7,5,6,4,5,5,5,4,4,5,6,4,5,5,5,4,3,4,4,4,4,4,4,3,3,4,16,5,6,1,2,0,6,7,3,3,3,4,4,4,3,3,4,3,4,3,3,3,3,4,3,4,4,3,3,4,3,3,4,4,3,4,4,3,4,4,5,2,2,2,2,2,2,2,2,2,1,3,3,3,3,1,3,3,2,3,4,6,4,4,5,1,60,6,1,1,1,40,8000,4500,0,211101,박사학위 상태 유지,건축학
27296,4,4,5,5,4,6,4,4,4,5,4,5,3,5,3,5,4,5,4,5,4,5,4,5,4,5,3,5,4,5,4,5,3,5,4,5,4,5,3,5,3,4,3,5,3,5,3,6,4,4,3,5,3,5,4,5,4,5,4,5,3,4,4,4,3,5,4,5,3,6,4,5,4,5,3,6,4,4,4,5,3,6,4,4,4,4,4,5,4,4,4,3,5,4,4,3,4,4,4,3,4,7,1,2,1,2,0,2,3,3,4,4,4,4,4,4,3,4,4,3,3,4,4,3,3,4,4,3,4,3,4,3,4,4,3,3,2,3,3,4,4,3,2,2,2,2,2,2,2,2,2,1,3,1,1,1,1,7,4,5,6,7,5,6,6,6,1,40,2,1,1,1,44,3300,2500,0,623002,지게차면허증 일자리 변동,실업계
27297,4,5,5,5,3,3,4,5,2,2,1,0,1,0,2,2,4,4,4,4,3,3,2,2,5,3,1,0,4,4,4,5,3,3,3,3,2,2,2,2,4,4,4,4,3,3,1,0,1,0,1,0,4,6,4,5,4,5,5,3,1,0,4,5,4,4,4,5,4,4,4,4,1,0,5,3,5,5,4,5,5,4,4,5,4,5,4,2,3,3,2,2,1,1,3,3,2,2,2,3,3,6,1,2,2,2,0,4,1,2,1,1,2,2,2,2,2,2,3,2,2,4,3,3,4,4,4,5,4,2,3,4,2,1,2,3,4,5,4,4,4,4,2,2,2,2,2,2,2,2,2,2,2,3,3,3,2,7,7,8,5,5,7,3,2,3,1,38,2,1,1,1,40,3200,2500,0,701101,건설 경기 갈수록 침체,기계
27298,3,5,3,4,3,4,2,3,4,6,3,4,4,5,3,4,4,5,2,3,3,4,2,3,3,4,4,5,3,4,2,3,3,5,3,4,3,5,4,6,3,5,3,4,3,5,3,4,2,3,2,3,3,5,2,6,2,2,2,2,4,5,2,2,2,2,2,3,2,2,2,2,2,2,1,0,1,0,1,0,1,0,1,0,1,0,1,0,4,3,3,4,2,3,3,2,2,3,2,2,3,13,1,3,2,2,0,3,4,4,3,3,3,3,2,2,3,2,3,3,3,2,2,3,2,2,3,4,3,4,2,4,3,4,3,4,5,4,4,4,4,5,2,1,2,1,1,1,2,2,2,3,4,3,3,3,2,7,7,4,5,4,4,7,7,7,2,29,4,1,1,1,40,3300,3000,0,134401,유비쿼터스 환경 변화 소프트웨어 도입 응용소프트웨어 확대,컴퓨터응용학
27299,2,1,2,1,1,0,3,3,4,3,3,1,1,0,4,5,2,1,2,3,2,2,3,2,4,4,3,1,3,1,2,2,1,0,1,0,2,2,3,1,3,2,3,3,3,4,3,2,3,2,3,3,2,3,2,3,4,5,2,1,2,1,5,5,3,4,4,4,4,3,4,4,2,1,4,5,4,3,3,2,4,5,4,4,3,2,2,1,2,2,1,1,2,1,1,3,2,3,2,3,2,1,1,2,2,2,0,5,1,2,2,2,4,3,3,2,9,3,3,3,2,4,3,2,2,2,3,4,4,4,2,4,3,3,4,4,4,5,3,3,5,5,2,2,2,2,2,2,2,2,2,2,1,3,3,3,2,8,7,8,4,5,6,8,7,6,1,66,2,2,5,1,50,0,0,2800,901201,사람 직업,이과
27300,4,6,5,6,4,5,5,6,2,3,4,6,4,5,3,4,4,6,2,3,3,4,4,5,3,4,4,5,4,5,3,4,3,4,3,4,3,3,4,4,4,4,3,4,3,5,3,4,2,3,3,5,3,5,3,5,4,5,3,4,3,3,3,5,3,3,1,0,1,0,1,0,1,0,1,0,1,0,2,3,1,0,1,0,3,5,3,4,4,4,4,3,3,5,4,4,4,5,4,3,4,17,3,3,1,2,0,3,4,4,3,3,4,4,3,4,4,3,4,4,4,3,3,4,4,3,4,4,3,3,4,4,3,3,4,4,3,3,4,4,4,3,2,2,2,2,2,2,2,2,2,1,3,3,3,3,2,7,6,7,7,6,6,6,7,7,2,42,5,1,1,1,40,2500,2000,0,231201,청소년상담사2급 현대인 스트레스 증가,상담심리학
27301,3,4,5,6,2,2,3,4,5,6,5,6,4,6,4,6,4,6,5,6,4,6,3,4,4,6,4,5,5,4,5,3,4,5,4,5,2,2,4,5,5,6,4,6,3,4,1,0,1,0,2,2,1,0,1,0,1,0,1,0,2,3,1,0,1,0,1,0,1,0,1,0,2,2,1,0,1,0,3,4,3,4,2,2,4,6,3,4,5,4,3,3,3,3,4,4,3,3,2,4,3,11,1,2,1,2,0,7,5,4,3,3,4,4,2,3,9,9,4,4,2,3,3,4,4,4,2,1,4,2,3,4,4,2,2,2,4,5,4,3,4,2,2,1,2,2,2,2,1,2,1,2,3,2,2,3,2,4,7,4,8,3,7,3,7,4,1,35,4,1,1,1,40,5000,3900,0,31101,국제재무분석사 투자자문분석사 전산 시스템 업그레이드 증가 거나,경제학
27302,4,6,5,5,3,3,5,5,4,5,3,3,2,2,3,4,4,4,4,4,5,5,4,4,4,5,3,3,5,5,5,5,4,5,5,5,2,2,5,6,4,4,3,3,5,5,4,4,4,4,5,5,4,4,1,0,5,5,5,6,5,5,3,3,5,5,3,3,4,4,4,4,4,4,2,2,1,0,4,5,3,6,3,3,5,5,4,5,4,3,2,3,4,2,3,3,2,4,3,3,3,19,1,2,2,2,0,1,2,4,3,3,3,4,3,4,3,4,4,4,2,3,3,2,3,4,3,3,4,4,3,5,3,4,4,3,3,4,4,3,5,4,2,2,2,2,2,2,2,2,2,2,2,2,2,2,2,8,7,5,3,4,5,5,6,4,1,57,2,1,1,1,40,2800,2200,0,512201,결혼식 기피 스몰 웨딩 증가,인문계
27303,4,5,5,6,4,5,5,5,3,4,3,4,2,2,3,4,2,3,3,3,1,0,2,4,5,6,3,4,3,4,4,5,5,6,4,5,2,2,4,5,4,5,4,5,4,5,4,5,4,5,1,0,1,0,1,0,3,4,1,0,5,7,1,0,1,0,1,0,1,0,1,0,1,0,1,0,1,0,1,0,1,0,3,4,2,5,3,3,3,4,4,4,4,3,4,4,3,4,4,3,4,11,1,2,2,2,0,7,5,3,3,3,4,4,3,3,4,3,4,3,1,4,3,4,2,1,2,3,3,4,2,4,4,5,4,5,4,5,5,3,4,4,2,2,2,2,2,2,2,2,2,2,3,3,3,3,2,8,5,7,6,4,5,7,5,5,1,40,4,1,1,1,40,6000,3000,0,32201,공란,경영학
27304,3,3,2,2,2,3,1,0,3,4,3,4,3,4,2,3,2,3,1,0,3,4,2,3,1,0,1,0,1,0,1,0,1,0,1,0,1,0,1,0,2,3,2,2,2,3,1,0,1,0,1,0,3,4,3,4,2,2,2,2,2,3,4,5,3,3,2,2,2,2,2,3,1,0,3,2,1,0,1,0,1,0,1,0,1,0,1,0,3,3,4,3,4,4,4,3,3,4,2,3,3,6,1,5,1,2,0,6,5,3,4,4,4,4,4,4,3,4,4,4,2,4,4,4,3,4,3,2,4,3,3,4,3,4,4,4,3,4,3,3,4,3,2,2,2,2,2,2,2,2,2,1,3,3,3,3,1,3,3,3,4,4,5,5,4,4,1,34,4,1,1,1,40,4200,3400,0,153102,전기기사 공업계측제어기사 제어 시스템 설계 자동화,전기공학
27305,2,2,3,4,1,0,3,4,2,2,2,2,2,2,3,4,3,4,3,4,3,4,2,2,4,6,3,4,3,4,2,2,2,2,3,4,2,2,3,4,3,4,4,6,4,6,2,2,3,4,2,2,1,0,1,0,3,4,3,4,3,4,3,4,2,2,3,4,3,4,2,2,2,2,3,4,3,4,3,4,3,4,3,4,3,4,3,4,4,4,4,3,2,3,3,3,3,3,2,3,3,19,1,1,2,2,0,1,2,4,3,2,4,4,3,3,9,9,4,4,2,3,3,4,4,4,2,1,4,2,4,3,4,2,2,2,4,5,4,4,4,3,2,2,1,2,1,2,2,2,2,1,3,2,2,2,2,3,5,7,4,8,6,1,8,3,1,57,2,1,1,1,48,3000,2000,0,882101,혁신 장비 도입 기술 요하 직업 변화,공고
27306,3,6,3,6,3,6,2,5,2,4,5,6,1,0,4,6,3,4,2,4,4,6,3,4,4,5,4,6,3,5,3,4,1,0,1,0,3,4,3,5,3,5,4,6,1,0,1,0,1,0,1,0,3,5,3,5,3,6,3,4,3,3,3,5,3,4,2,4,3,3,3,4,1,0,2,4,3,3,3,3,3,4,2,2,4,4,3,3,3,3,3,4,3,2,3,2,3,4,3,3,4,17,1,2,1,2,0,7,4,3,3,3,3,3,3,2,1,3,3,3,3,4,3,4,3,3,2,1,4,4,4,4,3,4,5,3,3,5,4,4,5,4,2,2,1,2,2,2,2,2,2,2,3,2,2,2,2,6,5,3,5,4,5,7,5,4,1,40,4,1,1,1,40,3100,2400,0,306201,방사선사면허증 방사선 기계 도입 검사 기계화 자동화 사람 부분,방사선학
27307,1,0,1,0,1,0,1,0,1,0,1,0,2,4,1,0,1,0,1,0,1,0,1,0,5,5,1,0,1,0,1,0,1,0,1,0,1,0,1,0,3,4,1,0,3,4,1,0,1,0,1,0,1,0,1,0,3,4,4,5,1,0,1,0,1,0,3,3,3,5,3,4,1,0,1,0,4,5,3,4,3,5,4,5,3,4,1,0,3,4,3,3,3,2,3,3,4,3,2,3,3,3,1,3,2,2,0,7,2,3,4,3,4,5,3,3,4,2,3,3,2,3,2,4,3,4,3,3,4,3,4,2,3,3,5,4,5,4,3,4,3,4,2,2,2,2,2,2,2,2,2,3,2,2,2,2,1,5,6,5,6,6,6,7,6,6,1,44,3,1,1,1,44,3300,2400,0,883201,입산 증가,사회복지
27308,3,3,3,3,3,3,3,3,3,3,3,3,3,3,3,2,3,3,1,0,1,0,4,6,3,2,2,2,2,4,4,4,3,3,2,2,4,5,3,4,3,2,3,4,3,4,3,3,3,2,1,0,1,0,1,0,1,0,1,0,3,3,1,0,1,0,1,0,1,0,1,0,1,0,1,0,1,0,1,0,1,0,1,0,1,0,1,0,3,3,3,3,4,4,4,2,4,3,3,3,3,19,3,3,1,2,0,3,5,4,4,5,4,4,3,4,4,4,3,4,2,5,5,3,3,2,4,2,4,4,4,4,5,3,3,4,4,3,2,4,5,4,2,2,2,2,2,2,2,2,2,1,3,3,2,3,2,6,5,5,5,6,6,6,5,5,2,33,4,1,1,1,40,2800,2300,0,231301,청소년지도사1급 학생 감소,사회복지학
27309,2,3,3,5,2,3,5,5,4,5,4,5,1,0,2,4,4,5,3,5,1,0,3,4,3,4,4,6,3,4,3,4,3,5,4,5,3,4,5,7,2,3,4,5,4,5,2,4,2,2,5,6,1,0,1,0,3,3,2,3,2,3,1,0,3,3,2,2,2,2,2,2,1,0,2,3,2,4,3,4,2,3,3,4,3,4,4,5,2,3,2,2,3,3,3,2,2,1,3,3,2,19,1,3,2,2,0,3,2,4,3,1,4,3,2,2,2,2,3,2,4,1,2,5,4,1,3,3,1,5,3,4,2,3,3,2,3,3,3,2,3,2,2,2,2,2,2,2,2,2,2,4,1,2,2,2,1,8,8,7,3,4,5,3,4,3,2,57,2,2,5,1,40,0,0,6500,29904,통신망 발달,문과
27310,2,2,2,2,2,2,3,3,2,2,2,2,2,2,2,2,2,2,1,0,2,2,2,2,3,3,3,3,3,3,3,4,2,2,3,4,3,4,5,6,4,5,3,4,4,4,2,2,3,3,2,3,3,3,1,0,1,0,2,4,2,2,2,3,2,2,2,2,2,2,2,2,2,2,2,2,2,2,2,2,3,3,2,2,2,3,2,2,4,4,4,3,3,4,4,3,3,4,4,2,3,18,1,3,2,2,0,4,2,3,3,4,4,4,3,4,4,3,3,4,3,3,4,4,3,3,4,4,3,3,3,4,4,3,3,3,3,4,4,4,3,3,2,2,2,2,2,2,2,2,2,3,2,3,3,3,2,6,5,4,5,6,5,6,6,5,1,36,4,1,1,1,40,4000,3500,0,523001,경기,호텔경영학
27311,5,6,4,6,4,6,3,5,4,4,5,5,1,0,5,6,4,5,3,4,5,5,5,5,2,4,3,3,3,4,3,4,2,4,3,4,3,3,3,4,4,5,4,4,3,4,3,4,1,0,3,4,5,5,4,5,4,6,3,4,5,6,4,5,4,4,4,4,3,4,4,4,3,4,1,0,2,3,2,2,1,0,1,0,4,4,3,3,4,4,3,3,4,4,4,4,4,4,3,4,4,13,3,2,2,2,0,5,5,4,4,4,5,4,3,4,3,3,4,4,2,4,4,4,4,3,4,3,4,3,2,5,3,3,4,5,3,4,4,3,5,5,2,2,2,2,2,2,2,2,2,2,3,3,3,3,2,6,5,1,4,3,3,5,4,3,2,32,5,1,1,1,42,4300,3200,0,156101,섬유 산업 불황 계속 일자리 증가,섬유소재공학
27312,5,6,5,6,4,4,5,6,3,5,5,5,5,6,4,5,5,6,4,5,5,6,5,6,4,5,4,5,5,7,4,5,5,7,4,6,5,7,4,7,5,6,5,6,4,5,3,3,1,0,1,0,3,3,1,0,3,4,1,0,3,4,4,4,1,0,1,0,1,0,1,0,4,5,3,4,2,3,4,4,2,3,2,2,3,3,3,3,4,4,4,4,5,4,3,2,3,4,4,4,4,17,1,2,1,2,0,6,5,5,4,3,3,4,3,4,3,4,3,4,2,3,3,4,4,3,3,4,4,4,2,5,4,4,4,5,4,4,3,4,4,5,2,2,2,2,2,2,2,2,2,1,4,2,2,2,1,4,3,6,5,4,6,3,6,5,2,42,4,1,1,1,40,3200,2600,0,306903,놀이치료사자격증 정신 문제,유아교육
27313,4,5,4,3,4,4,4,4,3,4,4,5,2,3,3,6,3,5,2,5,3,4,3,4,4,4,4,5,4,4,3,4,3,4,2,3,2,4,3,5,4,6,4,5,3,4,2,3,3,4,3,4,2,4,2,3,2,3,2,3,2,3,2,3,2,3,2,3,2,3,2,3,3,4,3,4,3,4,3,4,3,4,2,3,3,3,3,3,4,4,3,2,3,3,4,3,2,3,3,4,3,15,2,2,2,2,0,4,3,3,2,2,3,2,2,2,2,3,3,2,4,3,2,4,3,3,2,4,3,4,3,4,3,3,3,4,3,4,3,2,4,5,2,2,2,2,2,2,2,2,2,2,4,1,1,3,2,8,8,8,3,3,3,2,2,5,2,30,4,1,1,1,60,3000,2300,0,25401,수요 증가,행정학과
27314,2,2,2,4,1,0,2,4,3,4,3,4,3,5,3,4,3,4,2,3,1,0,2,4,3,4,2,4,1,0,2,3,3,4,3,4,2,5,2,3,2,5,3,5,2,4,2,5,4,5,2,4,3,4,3,4,3,4,3,5,2,3,3,5,3,4,2,4,4,5,3,4,3,3,2,2,2,3,2,4,4,5,4,6,3,5,2,4,4,3,4,3,3,2,4,2,3,3,3,3,3,7,1,1,2,2,0,4,2,2,3,3,4,3,3,2,3,4,3,3,3,3,3,4,4,3,4,2,3,3,4,4,3,3,2,3,3,3,4,3,3,3,2,1,1,2,2,2,2,2,2,1,3,3,3,3,2,9,8,7,3,3,3,8,7,4,1,43,2,1,1,1,52,4200,2300,0,883201,캐드 활용 작업,전기과
27315,3,3,2,2,3,3,2,3,1,0,3,4,1,0,4,4,3,3,1,0,1,0,1,0,3,3,2,3,1,0,3,4,3,3,2,3,2,3,4,6,2,2,3,5,3,4,1,0,1,0,1,0,3,3,2,3,5,6,2,3,1,0,4,5,4,5,2,2,3,3,3,3,1,0,4,6,5,3,3,3,4,4,4,5,3,4,3,3,2,2,1,2,2,1,2,4,2,2,2,2,2,6,4,2,1,2,0,5,1,3,2,2,2,3,2,3,3,3,3,3,2,4,4,3,3,4,3,4,2,3,4,4,3,3,4,3,4,3,2,3,4,3,2,2,2,2,2,2,2,2,2,1,3,3,3,3,2,7,6,7,6,3,4,8,6,7,1,43,2,1,4,2,40,3000,2500,0,702601,건축도장 기능사 선호 업종,공고
27316,4,6,3,5,4,5,2,3,2,3,2,4,5,4,2,4,3,4,5,5,4,3,2,2,4,5,3,3,2,3,3,4,1,0,1,0,1,0,2,3,5,3,4,3,2,3,2,3,2,2,1,0,2,3,1,0,3,3,2,2,5,4,2,4,2,3,3,3,2,4,2,4,3,4,4,4,2,3,2,2,1,0,1,0,3,3,1,0,4,5,4,3,4,3,2,5,4,4,5,4,4,18,1,2,2,2,0,1,2,4,3,2,3,4,3,2,9,3,4,4,3,4,4,2,3,2,3,2,3,4,2,4,5,5,4,3,3,3,2,2,3,4,2,2,2,2,2,2,2,2,2,1,4,3,3,3,2,7,7,6,3,4,3,4,2,7,1,39,3,1,1,1,40,3000,2400,0,414301,인터넷 발달 유료 웹툰 수요 증가,만화학
27317,5,5,4,5,4,5,3,4,3,4,3,5,2,3,3,4,4,4,4,4,2,4,3,4,3,4,2,3,3,4,2,3,2,3,3,4,3,4,3,5,5,5,4,4,4,4,2,4,3,4,3,4,3,3,4,5,2,3,2,3,5,5,4,5,4,4,2,4,2,3,2,3,2,3,3,4,3,4,2,3,2,4,2,3,4,4,3,4,4,3,4,4,4,5,4,2,4,5,4,4,2,11,1,4,2,2,0,1,5,5,4,4,4,5,3,4,4,4,5,4,1,4,3,5,2,3,4,3,4,3,4,4,4,3,3,3,3,4,4,3,3,4,2,2,2,2,2,2,2,2,2,1,2,3,2,3,1,8,7,5,4,4,5,3,5,5,1,34,4,1,1,1,40,3200,3000,0,26103,전반 수출 하락 인력 감소,경영학
27318,4,5,3,3,2,2,4,4,3,4,3,5,2,2,4,5,3,5,3,4,3,4,4,5,4,5,2,3,2,3,4,5,3,4,3,4,3,4,4,6,2,2,3,4,4,5,1,0,3,4,2,3,3,4,2,3,4,5,2,2,3,4,2,2,4,5,3,4,3,4,4,5,2,3,3,4,3,4,4,4,4,6,2,4,4,5,3,4,3,4,3,3,3,3,2,3,3,2,2,2,3,19,1,1,2,2,0,3,2,2,2,1,4,3,2,3,9,3,9,3,4,2,4,4,4,3,4,3,3,3,4,4,3,3,2,2,3,3,2,2,3,3,2,2,2,2,2,2,2,2,2,4,4,2,2,2,1,5,6,7,6,7,6,6,3,4,1,40,1,1,3,2,48,2800,1200,0,881101,기계 자동화,0
27319,3,4,2,4,2,3,4,5,4,5,3,4,4,5,4,5,4,5,4,5,4,5,4,5,4,5,3,4,4,4,4,5,4,5,4,5,4,5,4,5,4,5,4,5,4,5,4,5,4,6,4,5,4,5,4,5,4,5,4,5,4,6,4,5,3,4,4,5,4,6,4,5,4,6,2,2,3,4,3,5,4,4,4,4,4,5,3,4,4,3,4,4,3,3,3,4,4,4,3,4,3,10,1,6,2,2,0,7,5,4,3,3,4,4,4,4,4,3,3,3,4,3,3,4,3,3,4,3,3,3,3,4,3,4,3,3,2,3,3,3,3,3,2,2,2,2,2,2,2,2,2,2,4,3,3,3,1,7,6,6,4,3,4,6,4,3,1,45,4,1,1,1,40,7500,4000,0,131203,사업 다양 화로,기계공학
27320,5,6,4,6,2,2,3,4,5,6,4,6,2,2,3,4,4,6,3,4,2,5,5,6,5,6,3,4,2,2,2,2,5,6,5,6,2,2,4,5,4,5,4,6,3,4,2,2,2,2,2,2,1,0,1,0,1,0,1,0,3,4,1,0,1,0,1,0,1,0,1,0,2,2,1,0,1,0,1,0,2,2,2,2,3,4,3,5,4,4,3,3,2,3,4,4,3,3,4,4,4,11,1,2,1,1,4,4,5,4,3,3,4,4,3,3,9,9,4,4,2,3,3,4,4,4,2,2,4,2,5,4,4,1,1,1,4,5,4,3,3,3,2,1,2,2,2,1,2,1,2,3,3,2,2,3,1,3,7,3,6,3,8,3,8,3,1,38,4,1,1,1,40,5000,3800,0,31101,투자자산운용사 국제투자분석사 증시의 흐름과 안전성 수익성 유동성을 분석 익힌다 시스템 업그레이드 변화,경영학
27321,5,7,5,6,2,4,4,6,3,3,3,5,2,4,2,3,4,4,2,5,3,5,2,3,3,4,2,4,4,6,3,5,4,3,1,0,3,4,4,4,4,4,3,3,3,3,4,3,3,4,3,5,1,0,1,0,1,0,1,0,4,3,2,2,2,2,3,3,3,2,3,3,1,0,1,0,2,2,2,3,2,4,2,4,4,3,3,3,4,4,4,3,4,4,4,2,2,4,5,4,4,17,1,1,1,1,2,4,4,4,5,5,4,4,2,4,9,9,2,3,1,4,4,4,4,4,4,1,3,2,2,4,5,3,2,3,3,4,3,2,2,1,2,1,1,1,2,2,2,1,1,2,2,2,2,2,1,5,7,3,2,4,5,8,8,8,2,68,4,1,1,1,60,6000,3500,0,303001,약사 면허증 신제품 보수교육 새로운 학술이론등 고객 인적 사항 비밀 유지 자율 점검 시스템 프로그램 입력 인구 대비 약사 인력 과잉 배출 대도시 밀집 포로 수급 불포 때문,약학
27322,2,2,2,3,1,0,4,4,2,3,1,0,2,1,2,3,2,3,2,2,1,0,2,3,1,0,1,0,3,3,4,3,3,4,2,3,2,3,3,4,1,0,2,3,2,3,2,2,2,2,2,2,1,0,1,0,1,0,1,0,2,3,2,2,1,0,1,0,1,0,1,0,1,0,1,0,2,3,2,2,2,3,1,0,2,3,2,2,3,2,3,2,1,3,2,2,2,2,3,2,3,7,1,2,2,2,0,7,2,1,1,1,3,3,3,2,2,2,4,3,2,2,2,2,2,2,4,4,2,4,3,4,3,3,3,3,3,4,3,3,4,5,2,2,2,2,2,2,2,2,2,3,1,2,2,2,1,5,5,5,5,5,5,5,5,5,2,38,3,1,1,1,40,3600,2400,0,615601,전자상거래 확대,식품영양
27323,3,5,3,5,3,4,3,5,3,4,3,3,3,4,2,2,3,4,3,4,3,4,2,2,3,4,3,4,3,4,4,5,4,5,3,4,3,3,3,3,3,4,4,5,3,4,3,3,3,3,2,3,1,0,1,0,1,0,1,0,1,0,3,5,1,0,1,0,1,0,1,0,1,0,1,0,2,2,4,5,4,5,2,2,4,5,4,5,4,2,3,3,4,2,3,2,3,2,3,3,3,7,1,2,1,2,0,6,2,4,4,3,4,3,3,4,2,2,2,2,3,3,2,4,4,4,3,4,4,3,3,4,3,4,3,4,4,4,3,3,4,3,2,2,2,2,2,2,2,2,2,1,3,3,3,3,2,7,7,2,2,2,3,3,7,7,1,56,4,1,1,1,60,4500,3000,0,612501,경매사 자동화,국어국문학
27324,3,3,3,3,4,5,1,0,1,0,2,1,3,4,2,2,2,2,2,1,3,4,3,4,2,6,1,0,1,0,3,3,3,4,1,0,1,0,2,1,2,2,2,1,2,1,2,2,2,1,1,0,1,0,2,1,2,1,1,0,1,0,1,0,1,0,2,6,2,1,2,2,2,2,2,2,1,0,1,0,2,1,1,0,4,5,1,0,4,4,3,4,4,3,4,4,3,3,4,3,4,18,4,1,1,1,2,6,3,4,4,3,4,4,3,2,2,3,2,3,2,2,2,4,4,3,4,3,3,3,3,3,4,4,3,4,4,5,5,4,4,4,2,2,2,2,2,2,2,2,2,2,2,2,2,2,2,5,5,4,7,6,5,4,7,6,2,50,4,2,1,2,50,0,0,3000,414201,사진기능사 사진 영상촬영 실무 사진 디지털화,사진학
27325,5,7,5,7,1,0,5,7,1,0,4,6,5,7,5,7,5,7,5,6,4,6,4,6,5,6,1,0,1,0,1,0,1,0,1,0,1,0,1,0,1,0,3,4,1,0,1,0,1,0,1,0,1,0,1,0,1,0,1,0,1,0,1,0,1,0,1,0,1,0,1,0,1,0,1,0,1,0,1,0,5,7,5,7,5,7,5,6,4,3,4,1,3,2,2,3,1,3,3,3,3,18,4,1,2,2,0,7,1,2,1,1,1,2,2,1,9,9,9,1,5,1,1,3,4,3,4,3,3,3,3,4,4,3,2,3,3,4,4,3,4,1,2,2,2,2,2,2,2,2,2,1,1,2,2,2,2,4,3,6,4,2,7,8,4,3,1,32,4,1,4,2,15,800,500,0,416203,연극 종사 처우 사업 환경 직종 계속 지속,연극영화
27326,3,4,3,4,4,4,4,5,4,5,4,5,4,5,4,5,4,5,4,5,4,6,4,5,4,4,4,5,4,5,4,5,4,5,4,5,4,5,4,5,4,5,4,5,4,6,4,5,4,5,4,5,4,5,2,2,4,5,4,5,3,4,3,4,3,3,3,4,3,4,2,3,3,4,4,4,3,3,4,4,4,5,3,4,4,5,4,4,4,4,1,3,4,2,2,3,2,3,4,3,3,18,1,3,2,1,3,7,5,4,4,4,4,3,3,4,3,3,3,3,2,4,3,2,3,4,3,4,3,3,3,4,3,2,3,3,4,4,3,3,3,3,2,2,1,2,2,2,2,2,2,1,3,2,2,2,1,7,8,6,4,3,2,8,2,3,1,40,5,1,3,2,40,8500,5000,0,416104,광고제작법 광고주와의 미팅 필터 카메라 도입 크게 변화 요소,광고학
27327,2,3,4,6,2,2,3,4,3,3,4,5,2,2,3,3,2,2,2,3,2,2,2,2,3,3,1,0,1,0,1,0,1,0,1,0,2,4,2,2,3,3,1,0,2,3,1,0,1,0,1,0,1,0,1,0,4,5,5,3,1,0,1,0,5,5,2,2,4,4,5,3,1,0,4,4,2,2,2,2,2,2,3,2,4,6,3,5,2,3,3,3,4,2,3,3,4,2,2,4,2,8,2,3,1,1,2,4,5,4,4,4,4,5,4,4,4,4,5,4,2,4,4,4,4,3,3,3,4,4,3,4,4,3,4,3,4,5,4,2,4,4,2,1,1,2,2,2,1,2,2,2,3,3,3,3,2,5,6,6,6,5,4,5,6,3,1,26,4,1,1,1,40,3000,3000,0,705201,철도토목산업기사 업무내용파악 훈련 건설 유지관리 교육 드론 활용 업무 수행 정부 정책 일자리 당분간 변화,토목공학
27328,4,5,3,3,4,4,3,3,4,5,3,4,4,4,3,4,3,4,3,4,4,5,3,4,4,5,3,3,3,3,1,0,1,0,1,0,4,5,1,0,4,5,1,0,3,3,3,4,2,2,3,3,4,5,3,3,2,2,1,0,3,3,1,0,3,3,3,3,2,2,3,2,2,2,3,4,3,4,3,3,2,3,2,2,3,4,3,4,4,2,3,3,4,4,4,4,2,3,4,3,2,13,1,4,1,2,0,3,5,4,3,3,4,3,3,3,3,3,3,3,3,4,3,3,2,2,2,2,3,3,4,4,4,4,4,4,4,4,2,3,4,4,2,1,2,2,2,2,2,2,2,1,3,2,2,2,1,5,5,5,5,5,5,5,5,5,1,35,4,1,1,1,40,2800,2000,0,134303,정보처리기사 정보처리 프로그램 설치 기술 계속 때문 포화상태,전기
27329,3,1,3,2,1,0,3,3,1,0,1,0,1,0,2,2,2,3,1,0,1,0,3,3,3,3,1,0,3,3,3,3,2,2,2,1,3,3,3,3,3,3,3,4,2,2,1,0,2,1,1,0,1,0,1,0,1,0,1,0,1,0,1,0,1,0,1,0,1,0,1,0,1,0,1,0,1,0,1,0,1,0,1,0,2,2,2,1,3,3,2,1,3,3,1,3,2,1,2,1,2,19,1,3,2,2,0,7,2,3,2,1,3,3,2,3,9,3,3,3,3,2,2,3,2,3,3,3,3,3,4,3,2,3,4,3,2,3,3,3,4,5,2,2,2,2,2,2,2,2,2,1,2,3,3,3,2,6,8,7,4,4,6,4,4,5,2,52,2,1,1,1,60,2700,2300,0,561601,경기 침체 인구 감소,이과
27330,2,4,2,3,3,5,2,3,2,4,2,3,3,5,3,4,4,5,3,3,2,3,3,4,3,5,3,4,4,5,3,3,2,2,1,0,2,2,1,0,3,5,2,4,3,3,4,4,3,3,2,3,4,5,4,6,4,4,3,4,4,4,2,2,3,3,3,3,2,2,3,3,3,3,2,2,3,3,2,3,2,2,2,2,3,3,2,2,2,2,3,3,3,4,3,4,3,3,3,3,2,13,1,2,1,2,0,5,5,3,3,3,3,3,2,3,3,4,4,3,3,3,3,4,2,3,2,2,2,3,4,4,2,3,3,3,2,4,2,3,3,3,2,1,2,2,2,2,2,2,2,2,3,2,2,3,1,6,6,6,5,5,5,5,5,5,2,30,4,1,1,1,48,3200,2800,0,134303,정보처리기사 데이터 처리 프로그램 도입 현재 상황 지속,컴퓨터공학
27331,4,5,4,5,3,3,3,3,4,4,4,4,5,6,4,6,5,6,4,5,5,6,3,4,4,5,4,4,3,3,4,4,3,2,2,2,4,4,3,2,1,0,5,5,4,3,4,4,5,6,5,6,2,2,5,5,5,7,3,2,4,5,2,2,1,0,3,4,1,0,1,0,1,0,5,6,5,5,4,3,5,7,4,4,5,5,2,2,5,4,5,3,5,1,3,5,3,5,4,3,5,18,1,1,2,2,0,5,4,4,3,3,4,4,4,3,9,9,4,4,1,4,4,3,3,4,3,4,2,5,3,4,5,5,5,5,5,3,3,3,3,3,2,2,2,2,2,2,2,2,2,1,2,3,3,3,2,8,9,7,9,8,9,9,7,9,2,50,4,2,5,1,46,0,0,4000,884101,공예 희망,공예학
27332,2,3,4,5,2,2,3,4,1,0,3,4,2,3,1,0,3,4,1,0,1,0,4,6,2,3,3,3,4,6,1,0,2,2,1,0,1,0,5,6,1,0,2,3,4,5,1,0,2,3,2,2,3,4,4,5,2,2,1,0,1,0,1,0,1,0,1,0,1,0,1,0,1,0,1,0,1,0,1,0,3,4,4,5,1,0,1,0,4,4,5,3,2,1,3,2,3,2,4,2,4,18,1,1,1,1,3,2,2,3,2,3,3,3,4,3,3,3,4,3,3,3,3,4,4,3,4,3,4,4,4,4,3,4,3,3,4,5,4,3,5,4,2,2,2,2,2,2,2,2,2,1,3,2,2,2,2,9,8,7,1,3,4,8,7,4,1,42,3,1,1,1,48,3500,2500,0,307601,안마사 자격증 마사지 지압 실무교육 상황 유지,물리치료
27333,4,5,3,4,3,4,4,5,3,3,4,4,3,4,2,3,4,4,3,3,3,3,2,3,3,3,3,3,3,3,3,3,3,3,2,3,4,4,3,4,3,3,3,4,4,4,3,3,3,3,3,3,1,0,1,0,2,2,2,2,3,4,1,0,2,2,2,2,1,0,1,0,3,3,1,0,3,2,3,3,3,3,3,3,4,4,3,3,4,4,2,3,4,3,4,4,2,3,3,4,4,17,2,2,1,1,3,4,5,4,4,3,4,4,2,3,3,4,4,4,2,4,4,5,4,5,4,4,5,2,4,4,5,3,2,3,5,4,3,2,4,4,2,2,2,2,2,2,2,2,2,1,3,3,3,3,2,2,8,5,2,3,6,2,6,3,2,29,4,1,1,1,40,2800,2400,0,231301,2급 청소년지도사 보수 교육 나라 청소년 활동 지원 활동 권장,청소년복지학
27334,4,4,4,4,2,2,2,2,3,3,3,4,2,2,3,3,3,3,2,2,2,3,3,3,4,4,3,3,3,3,4,4,3,3,2,3,2,2,3,3,4,4,4,4,3,5,4,5,3,4,4,4,4,6,4,5,3,5,4,5,4,5,3,4,4,4,3,3,2,2,2,2,3,3,2,2,2,2,4,4,2,2,2,2,3,4,3,2,4,4,3,3,3,4,4,4,3,4,4,3,4,10,1,4,1,2,0,4,5,5,4,4,5,4,5,3,4,5,5,4,2,4,4,2,3,3,4,3,4,5,3,2,3,3,4,4,3,3,3,3,4,4,2,2,2,2,2,2,1,1,2,3,1,1,1,3,1,8,5,5,3,4,5,5,7,4,1,33,4,1,1,1,40,3200,3000,0,134401,정보처리기능사 워드프로세서1급 구조 조정 시스템 개발,정보미디어
27335,3,3,3,4,3,4,4,4,2,2,2,2,1,0,3,3,2,3,2,2,2,2,2,3,3,3,1,0,2,2,2,3,1,0,1,0,1,0,2,3,3,4,2,2,2,3,1,0,1,0,1,0,1,0,1,0,3,4,1,0,4,4,1,0,1,0,1,0,1,0,1,0,1,0,1,0,1,0,1,0,1,0,1,0,3,3,3,3,2,3,2,3,2,3,2,5,4,5,4,3,4,15,2,4,2,1,1,1,2,3,3,3,3,3,3,2,3,2,3,3,5,3,4,5,4,4,4,1,3,2,4,4,4,5,5,4,3,5,3,4,5,4,2,2,2,2,2,2,2,2,2,2,1,3,3,3,2,5,6,4,3,6,7,6,5,7,2,28,3,1,3,2,40,1800,1700,0,29501,엑셀 컴퓨터활용 사무 자동화 시스템 갈수록 발달,관광경영학
27336,5,6,5,6,4,5,4,6,4,6,5,7,4,6,4,5,5,7,4,6,4,6,5,6,4,5,4,6,5,6,5,6,4,6,4,6,4,6,4,6,5,6,5,6,5,6,4,5,3,5,3,4,3,3,3,4,3,4,3,4,1,0,1,0,1,0,1,0,1,0,1,0,1,0,1,0,1,0,1,0,1,0,1,0,3,4,2,3,3,3,2,3,4,3,3,2,3,4,3,3,3,16,5,5,1,2,0,6,7,3,3,3,4,4,4,3,4,4,4,4,3,3,3,3,3,3,3,2,3,3,5,3,3,3,3,2,3,3,3,2,4,4,2,2,2,2,2,2,2,2,2,2,3,3,3,3,2,2,2,2,5,7,8,3,4,5,1,61,6,1,1,1,50,8000,3200,0,110202,박사학위 상태 유지,경영학
27337,3,4,2,3,1,0,2,3,1,0,1,0,3,4,2,2,3,5,1,0,3,4,2,3,2,3,1,0,3,3,2,2,2,2,2,3,3,4,3,4,3,3,2,3,2,3,2,2,2,2,1,0,4,5,2,3,3,4,2,2,2,2,2,3,2,2,2,3,3,4,3,3,1,0,2,3,3,4,3,4,3,4,3,5,4,4,2,3,4,3,4,3,2,1,4,3,2,3,3,2,3,19,4,1,2,1,4,7,2,3,4,4,4,4,4,3,9,9,9,3,3,3,4,3,4,4,3,4,4,4,2,3,4,4,5,5,4,4,3,3,3,4,2,2,2,2,2,2,2,2,2,2,2,3,3,3,2,7,6,7,6,7,6,7,6,7,1,46,2,2,6,1,50,0,0,3000,561501,섬유감별교육 가정 의류 관련 기기 구비,기계
27338,1,0,1,0,1,0,1,0,3,3,1,0,1,0,3,2,1,0,2,2,2,2,1,0,2,2,3,3,1,0,3,3,1,0,2,3,2,2,3,2,3,3,2,3,3,3,3,4,3,4,2,3,2,3,1,0,3,3,1,0,1,0,4,3,3,3,2,2,1,0,1,0,3,3,1,0,3,4,1,0,3,4,2,2,3,2,1,0,4,3,2,3,3,1,5,4,2,2,3,3,2,1,1,2,2,2,0,2,1,3,3,2,4,4,3,3,9,9,4,4,4,3,2,3,3,3,3,3,4,5,3,4,2,3,3,4,3,5,4,2,4,4,2,2,2,2,2,2,2,2,2,2,3,3,3,3,2,7,8,7,8,8,6,5,5,4,1,55,2,2,5,1,50,0,0,4000,901301,기술 변화 요인 대체 불가,문과
27339,3,5,4,5,3,4,4,5,4,5,4,5,2,4,3,4,3,6,3,5,4,6,4,6,4,5,4,6,4,6,4,5,4,5,4,5,3,4,3,4,3,4,4,5,4,5,4,5,4,5,4,5,4,5,4,4,3,4,2,3,3,3,2,3,3,4,2,3,2,4,2,4,3,4,2,2,3,2,3,6,2,6,1,0,4,4,4,5,3,3,3,3,3,3,3,3,3,3,3,5,3,13,2,2,1,2,0,5,2,3,3,3,3,3,3,3,3,3,3,3,3,3,3,3,3,3,3,3,2,5,3,3,3,3,3,3,3,3,3,3,2,3,1,1,1,1,1,1,1,1,2,2,3,3,3,3,2,5,5,5,4,5,4,5,4,5,1,33,4,1,1,1,60,4000,3000,0,621402,항해사 무선전파사 인력 부족 변화 직업,항해학
27340,3,3,3,4,2,3,2,3,1,0,2,3,1,0,3,4,3,5,1,0,1,0,1,0,3,5,1,0,4,3,4,3,1,0,1,0,1,0,3,3,4,4,1,0,2,3,1,0,1,0,1,0,4,4,1,0,4,5,5,5,1,0,1,0,5,4,5,4,3,5,4,3,1,0,3,4,3,5,3,3,2,4,2,3,3,4,2,3,2,2,3,2,2,1,3,4,2,3,3,3,3,10,1,2,1,2,0,2,3,2,1,1,2,3,3,3,3,4,4,4,3,2,2,4,4,3,3,3,4,4,3,3,4,4,3,3,4,4,3,2,3,4,2,2,2,2,2,2,2,2,2,2,4,3,3,3,2,6,7,6,6,5,4,4,4,2,1,42,3,1,1,1,40,3700,2400,0,842201,무선설비기사 정보통신기능사 광통신 케이블 보급 화로 일자리 증가,기계
27341,5,6,5,6,4,5,4,5,4,5,5,5,4,6,4,5,4,5,4,5,4,5,4,4,4,5,4,4,4,4,4,5,4,5,4,5,4,5,4,4,4,5,4,4,4,5,3,4,3,4,4,5,2,2,2,2,2,2,1,0,1,0,1,0,2,2,2,2,2,2,3,4,2,2,1,0,3,4,4,5,4,5,4,4,4,4,4,4,4,3,4,4,3,4,4,4,3,3,4,4,4,14,1,2,1,2,0,3,4,4,3,3,4,4,4,4,3,4,3,4,4,3,4,4,3,3,4,4,3,4,4,4,4,4,3,3,4,4,4,3,3,3,2,2,2,2,2,2,2,2,2,2,3,2,3,2,2,7,4,5,6,7,6,7,6,7,1,46,4,1,1,1,40,5000,3000,0,22103,웹프로그래머 경영지도사 무량,경영학
27342,4,6,4,6,3,5,3,5,4,5,4,5,2,3,4,5,4,5,2,2,3,5,3,5,4,5,3,5,3,5,4,5,4,5,4,5,4,6,3,5,3,5,3,5,3,5,3,5,3,5,3,5,3,5,4,5,3,5,3,4,2,3,1,0,2,2,3,5,1,0,1,0,3,4,4,6,3,4,3,5,3,4,3,4,4,5,2,3,4,3,4,4,4,3,4,3,4,4,4,2,3,17,1,2,1,2,0,7,7,4,5,5,5,5,5,4,5,4,4,4,1,5,5,5,5,5,4,3,4,4,4,5,4,4,4,4,4,5,4,4,4,2,2,2,2,2,2,2,2,2,2,1,4,3,3,3,2,5,4,4,3,4,4,5,4,3,1,35,5,1,1,1,48,7000,5000,0,301401,의사 면허 질병 증가,의예
27343,5,6,5,6,5,6,5,5,5,5,5,5,4,5,4,5,4,5,4,5,4,5,4,5,5,5,4,6,5,5,4,5,4,4,4,5,4,4,4,5,4,5,4,5,4,5,4,5,4,6,4,5,3,5,4,5,4,5,4,5,4,4,4,4,4,4,4,4,4,4,4,4,4,4,4,4,4,4,4,5,4,6,3,6,3,4,3,5,4,4,4,4,4,2,4,3,1,3,4,5,4,15,2,2,1,1,2,6,5,4,2,2,4,5,2,4,4,4,4,4,2,5,4,3,3,3,2,3,5,4,3,4,2,2,4,4,2,5,2,2,4,5,2,2,2,2,2,1,2,2,2,1,3,3,3,3,2,7,5,3,2,8,4,7,7,6,1,36,4,1,1,1,60,7000,3000,0,903101,산림기사 산림경영 회계 유통관리 예산 기획 드론 교육 교육 공익 기능 정부 예산 진행,산림자원학
27344,2,3,3,4,2,3,3,4,1,0,2,3,1,0,2,4,3,4,2,3,1,0,3,4,2,5,3,4,4,5,4,5,3,5,3,4,2,3,4,7,2,3,2,4,3,4,4,6,3,4,2,3,3,4,2,4,3,4,2,2,2,2,3,5,3,4,4,6,3,5,3,4,2,2,3,4,3,3,3,5,4,6,3,4,2,3,2,4,4,4,3,3,2,2,2,3,3,2,3,3,4,7,1,2,2,1,2,2,2,2,3,3,2,3,2,3,3,4,4,4,3,2,2,3,3,4,2,3,3,5,4,5,2,3,2,3,4,5,4,3,5,4,2,2,2,2,2,2,2,2,2,2,2,3,3,3,2,5,7,5,3,7,5,7,4,4,1,42,2,1,1,1,40,3000,2500,0,872101,안전교육 자동화 시스템,마이스터고
27345,2,3,3,4,2,3,3,4,2,2,3,4,3,4,2,2,3,4,3,5,3,4,4,6,3,5,3,4,3,4,4,5,3,5,3,4,4,5,3,4,3,5,3,4,3,5,2,1,3,4,1,0,4,5,2,3,4,5,2,1,2,1,1,0,4,5,4,5,4,5,4,5,1,0,1,0,4,5,4,5,2,1,4,5,4,5,4,5,4,4,2,3,4,2,2,4,3,2,4,2,4,18,3,2,1,2,0,5,5,2,2,2,4,4,3,3,2,2,3,3,3,2,3,3,3,3,3,3,2,3,2,3,4,4,4,3,3,3,4,3,3,3,2,2,2,2,2,2,2,2,2,1,4,1,1,3,1,5,4,4,5,5,5,3,3,5,1,32,4,1,1,1,30,3300,3000,0,420402,선수트레이너 스포츠 사람 증가,물리치료
27346,3,4,4,4,1,0,1,0,3,5,3,3,1,0,3,3,3,4,3,4,2,2,3,3,3,3,3,4,1,0,1,0,1,0,1,0,1,0,1,0,1,0,2,3,3,3,3,3,1,0,1,0,3,4,3,4,3,3,2,3,1,0,3,4,4,4,3,3,3,4,3,3,3,5,3,3,3,5,3,5,3,4,3,5,3,4,1,0,4,3,3,2,4,2,4,3,2,3,3,3,2,10,1,2,1,2,0,1,4,4,3,3,4,3,3,3,3,2,4,3,2,4,3,3,3,4,3,2,4,3,3,4,3,4,4,4,3,5,4,3,3,4,2,2,2,2,2,2,2,2,2,2,3,2,2,3,1,4,5,6,4,4,4,4,5,5,1,38,3,1,1,1,40,3500,3000,0,842301,정보통신 산업기사 방송통신산업기사 이동통신 산업 포화상태 유지 예정,정보통신학
27347,5,4,5,5,5,6,5,5,2,5,4,5,5,6,4,6,4,6,4,6,4,5,4,5,4,5,5,6,5,6,4,6,5,6,5,6,3,5,4,6,4,6,4,6,4,5,4,6,4,6,4,6,4,6,4,6,4,6,4,6,4,6,4,6,4,6,4,6,5,6,4,6,4,6,4,6,4,6,4,6,4,6,4,6,4,6,4,5,4,3,4,4,4,4,4,3,4,4,4,3,4,18,1,3,2,1,5,6,5,4,5,4,4,4,3,4,3,2,4,3,4,3,3,4,4,2,5,4,3,4,4,4,4,3,5,4,4,5,4,4,5,5,1,1,1,1,1,2,1,2,1,2,3,1,1,3,1,7,8,8,9,7,8,8,9,8,1,52,4,1,1,1,40,9000,4800,0,416104,그림 실력 카피 실력 미적 감각 기술 개발 근로자 인적 구조조정 실시 기계로 업무 크게 변화,감독
27348,2,4,2,3,3,3,2,4,2,3,2,4,2,3,4,4,4,5,4,4,3,4,4,4,4,6,5,4,4,4,4,5,3,5,3,4,5,5,5,5,3,4,4,4,4,5,5,5,4,4,4,5,2,4,1,0,4,4,4,4,1,0,2,3,4,4,3,4,3,4,3,4,2,3,3,4,4,4,2,3,3,5,2,4,4,4,3,5,3,3,2,3,2,2,3,3,3,3,3,3,4,9,1,6,1,2,0,6,4,4,4,3,4,3,2,3,3,3,3,3,2,3,4,3,4,3,2,3,3,4,4,5,4,3,3,4,3,5,3,2,4,4,2,2,2,2,2,2,2,2,2,1,4,3,2,3,2,6,8,7,6,8,9,6,4,3,2,45,4,1,1,1,60,4300,3700,0,531101,한식조리사자격증 외식 문화 다양성 업체 증가 일자리,호텔조리학
27349,4,5,4,5,2,2,4,5,1,0,3,4,1,0,3,4,3,4,1,0,3,4,3,4,3,4,3,4,4,5,4,5,4,5,3,4,3,4,3,4,4,5,3,4,3,4,1,0,1,0,1,0,1,0,1,0,1,0,1,0,2,3,1,0,1,0,1,0,1,0,1,0,2,2,1,0,2,3,1,0,1,0,1,0,1,0,3,4,4,4,4,3,4,3,4,2,2,3,2,3,3,19,1,2,1,1,3,2,5,4,3,3,4,4,3,4,3,3,3,3,3,4,3,4,3,3,4,4,3,3,3,4,3,3,4,4,3,4,4,3,4,4,2,2,2,2,2,2,2,2,2,1,4,2,2,3,2,3,3,3,1,1,2,2,2,2,2,36,4,1,1,1,40,3500,2300,0,29904,직업상담사 자원봉사활동 취업 난이,교육학
27350,4,5,4,6,1,0,4,5,3,5,4,4,1,0,3,4,5,6,3,4,4,5,2,3,3,4,3,3,2,2,5,6,4,4,1,0,3,4,5,6,5,6,3,4,3,3,3,4,3,3,2,2,3,4,3,4,3,4,3,4,3,4,1,0,5,6,5,6,5,6,5,5,4,5,5,7,5,6,5,6,5,6,4,5,5,6,2,2,3,4,3,3,3,2,3,4,3,2,3,3,3,14,1,2,1,2,0,5,5,4,3,4,4,4,4,4,4,5,4,4,4,5,4,4,5,4,3,4,5,4,4,5,4,5,4,4,5,4,5,4,4,4,2,2,2,2,2,2,2,2,2,2,3,3,3,3,2,6,5,4,5,6,6,7,6,5,1,32,4,1,1,1,40,3800,3000,0,834001,공조냉동기계기능사 산업기사 전기 제어 시스템 자동화 시스템 기계 설비 증가,기계공학
27351,3,1,2,1,2,2,2,3,4,3,2,3,4,5,2,1,3,3,2,3,2,4,3,4,2,3,2,3,3,4,2,3,4,3,2,3,3,2,3,4,2,3,3,2,2,3,3,2,4,3,3,2,3,2,3,4,4,3,4,3,5,4,3,4,4,3,2,1,3,5,3,2,3,2,3,1,2,1,2,1,1,0,2,1,2,4,2,1,5,4,4,3,4,5,4,2,3,4,4,5,2,10,1,2,2,2,0,2,5,4,3,2,4,3,2,4,3,4,5,4,4,3,2,3,2,2,3,2,4,5,5,4,5,4,3,2,3,4,3,4,5,2,2,1,2,1,1,2,1,2,2,2,3,1,2,3,1,8,4,6,7,5,6,6,5,7,1,57,3,1,1,1,42,4200,3800,0,133205,애플리케이션 발달 보완 업무 증가 모바일 개발 기계 한계,정보통신학
27352,2,3,3,5,2,2,3,5,2,3,1,0,1,0,3,4,3,4,2,1,1,0,2,2,4,4,1,0,2,3,2,4,2,3,1,0,3,3,3,4,3,4,1,0,2,3,1,0,2,3,1,0,2,1,1,0,2,3,2,3,1,0,3,3,1,0,2,4,2,3,3,3,1,0,5,5,2,4,2,3,3,4,3,4,3,4,5,6,4,4,4,3,4,3,4,3,4,3,3,3,4,19,4,1,1,2,0,1,2,3,3,3,4,3,3,3,9,9,3,3,2,4,3,3,3,4,2,2,3,4,3,4,4,4,4,4,3,4,4,3,4,4,2,2,2,2,2,2,2,2,2,2,2,2,2,2,2,7,5,5,6,4,4,4,6,7,1,57,2,2,6,1,48,0,0,4000,885101,피아노 조율사 국가공인 아동 인구 감소 피아노 소유자 감소,인문계
27353,5,5,5,5,4,5,3,4,4,6,2,2,4,5,5,6,5,6,4,5,5,6,5,6,4,5,2,2,4,4,2,2,2,2,2,2,5,6,2,2,2,2,2,2,3,4,4,5,4,5,3,4,3,4,3,4,2,2,2,2,3,4,1,0,3,4,4,5,3,4,3,4,4,5,4,4,2,2,2,2,1,0,1,0,2,3,2,2,4,2,3,3,4,4,3,4,2,4,4,3,3,10,1,3,1,1,2,3,4,3,2,2,3,4,3,2,2,3,3,3,2,2,3,4,2,2,2,1,2,3,3,4,3,3,3,3,2,4,2,2,4,3,2,1,2,2,2,2,2,2,2,2,4,2,2,2,2,9,7,7,3,3,5,2,2,5,1,34,4,1,1,1,48,3800,2800,0,135001,정보처리기사 DB skill 실무교육 문제 탐색 프로그램 설치 개인정보 관련 보안 대한 관심,정보통신공학
27354,3,4,3,4,2,4,2,4,2,4,3,5,2,4,2,3,2,4,3,5,3,3,2,2,2,2,2,4,2,4,2,3,2,5,2,2,2,3,4,5,3,5,2,3,2,3,2,1,2,1,2,3,3,5,2,4,2,4,2,4,3,5,4,5,2,3,2,2,4,6,2,2,2,2,2,2,2,2,2,2,2,1,2,1,2,1,2,1,3,3,3,3,3,4,3,3,3,4,3,3,3,13,1,2,1,2,0,4,4,3,3,3,3,4,3,3,3,4,4,4,2,4,4,3,3,2,4,2,3,3,2,5,4,4,2,2,3,3,3,3,4,3,2,2,2,2,2,2,2,2,2,2,4,3,3,3,1,4,4,4,5,4,4,7,4,3,1,37,4,1,3,2,40,3800,3000,0,133901,CSTS 관련 산업,컴퓨터공학
27355,4,6,4,6,4,6,4,6,4,5,4,6,4,6,4,5,4,5,4,5,4,5,4,5,4,4,4,5,4,5,4,5,4,5,4,5,4,5,4,5,4,5,4,4,4,4,4,5,4,5,4,4,4,4,4,5,4,5,4,5,4,5,4,5,4,5,4,4,4,5,4,5,4,5,4,5,4,4,4,5,4,5,4,6,4,5,4,4,4,3,4,4,4,4,4,3,4,4,4,4,4,17,1,2,1,2,0,6,5,4,4,4,4,4,4,4,4,4,4,4,2,4,4,4,3,4,4,4,4,4,4,4,4,4,4,4,4,4,4,3,4,5,2,2,2,2,2,2,2,2,2,2,3,2,2,3,2,6,6,5,5,5,5,7,6,5,1,39,4,1,1,1,40,6000,4000,0,301110,전문의 질병 환자 증가,마취통증의학
27356,5,6,5,6,3,4,2,3,5,6,5,6,5,6,5,6,2,3,3,5,5,5,5,6,3,4,1,0,1,0,2,4,1,0,1,0,3,5,1,0,5,6,4,5,4,5,1,0,1,0,2,3,5,6,5,5,4,5,4,5,5,6,3,4,4,5,3,4,5,6,3,5,3,4,1,0,1,0,1,0,1,0,1,0,1,0,1,0,4,2,4,3,3,4,3,4,2,3,4,3,4,10,1,2,2,2,0,3,5,3,4,3,4,4,2,3,4,4,4,4,3,2,3,3,3,2,4,4,3,3,2,4,4,4,4,4,4,4,3,3,4,4,2,2,2,2,2,2,2,2,2,1,4,3,3,3,1,8,8,8,2,2,2,7,3,3,1,30,4,1,1,1,50,3800,2900,0,133204,모바일 게임 활성화,컴퓨터공학
27357,2,3,2,3,2,3,2,3,2,3,2,3,2,3,2,3,2,3,2,3,2,3,2,3,2,2,3,3,2,3,2,3,2,3,2,3,2,3,2,3,2,3,2,3,3,4,2,3,3,4,3,4,4,5,4,5,4,5,4,5,2,3,2,3,3,4,4,5,4,5,4,5,4,5,4,5,4,5,3,4,4,5,4,5,3,4,3,4,2,3,2,3,3,3,3,3,3,3,3,3,3,14,1,3,1,2,0,2,5,3,3,3,3,3,3,3,3,3,4,4,3,3,3,3,4,4,4,2,3,3,4,4,4,3,3,3,4,4,4,4,4,3,2,2,2,2,2,2,2,2,2,1,3,2,2,2,2,8,2,7,3,4,7,2,7,7,1,41,4,1,1,1,40,4500,2400,0,705201,토목기사 기계 대체 불가,토목
27358,4,4,3,4,3,5,3,5,2,3,2,3,2,2,2,3,3,3,3,4,1,0,1,0,1,0,3,3,3,4,2,4,2,2,1,0,3,4,4,5,3,4,1,0,2,3,1,0,2,2,2,4,1,0,1,0,1,0,1,0,2,3,2,3,1,0,2,3,1,0,1,0,2,3,2,2,1,0,3,4,4,5,4,5,3,4,2,3,3,5,3,2,3,3,3,3,3,4,3,3,4,8,1,2,1,1,2,3,2,3,3,3,2,2,3,2,2,2,3,2,3,2,3,4,4,3,4,3,3,2,4,3,4,4,4,3,4,4,3,4,4,4,2,2,2,2,2,2,2,2,2,2,2,2,2,2,2,4,4,4,6,6,5,5,5,5,2,31,4,1,3,2,40,3000,2400,0,522201,일본어 관련 자격증 승선안전 교육 코로나 관광객,일본어학
27359,5,6,5,6,3,4,4,5,3,4,4,5,1,0,5,6,4,5,2,2,3,4,3,4,4,4,3,3,4,4,3,3,4,4,3,4,2,2,5,5,3,3,4,4,4,5,3,4,4,5,4,5,3,4,1,0,4,5,1,0,3,3,3,3,4,4,4,4,2,3,2,2,2,2,1,0,1,0,1,0,1,0,1,0,3,4,4,5,5,4,4,4,4,5,4,3,3,4,4,5,4,17,1,1,1,2,0,6,5,4,4,4,4,5,4,4,9,9,4,4,1,4,5,4,4,4,5,4,4,3,3,4,4,4,4,4,5,4,3,3,5,5,2,2,2,2,2,2,2,2,2,1,3,2,2,2,2,5,5,4,4,4,5,3,7,7,1,74,4,2,5,1,54,0,0,6000,303002,한약사면허증 변화 사회 이슈,한약학
27360,5,6,4,6,4,7,5,7,3,5,5,7,3,4,4,6,4,5,2,5,4,6,4,6,3,5,3,5,5,5,4,6,5,7,4,6,4,5,3,5,5,6,4,6,5,6,3,4,1,0,4,6,2,4,1,0,1,0,1,0,2,3,1,0,1,0,1,0,1,0,1,0,1,0,1,0,1,0,1,0,1,0,1,0,3,4,1,0,4,5,4,3,3,4,3,4,2,4,4,4,4,13,1,2,1,1,2,3,6,4,3,3,4,4,2,3,3,3,4,4,2,5,4,4,4,3,3,2,3,3,4,5,4,4,3,2,4,5,4,2,4,4,2,1,2,1,2,1,2,2,2,2,3,3,3,3,2,7,7,7,6,3,3,5,4,6,1,36,4,1,3,1,50,5400,4500,0,221201,변호사 실무 수습 변호사 등장 의뢰인 연결 개발 변호사,법학
27361,5,7,5,7,4,5,5,6,2,3,3,4,2,3,4,5,3,4,4,5,4,5,4,6,5,7,4,5,3,4,3,4,3,4,2,3,5,6,3,4,3,4,5,7,3,4,2,3,2,3,2,3,3,4,3,4,3,4,2,2,2,3,2,3,1,0,1,0,1,0,1,0,2,2,2,3,2,3,2,3,3,4,3,4,5,7,5,7,3,5,3,4,5,4,4,4,3,5,5,5,3,17,5,6,1,1,6,6,7,5,4,5,5,5,4,4,4,4,4,4,2,4,4,3,3,2,3,4,4,4,2,4,4,5,5,5,4,5,5,4,5,4,2,2,2,2,2,2,2,2,2,2,3,1,1,1,1,2,3,2,2,2,4,9,2,1,1,37,6,1,1,1,40,7500,6000,0,301113,의사면허 전문의면허 3년의 과정을 거쳐 전문의 시험에 합격해야만 한다 소득 상승 의료 기술 발달 인구 고령화 의식 개선 건강 보험 발전 가정의학 의사,의학
27362,3,5,4,5,3,5,3,5,3,5,3,5,3,5,3,5,3,5,3,5,3,5,3,6,3,6,3,5,3,5,3,5,3,5,3,5,3,5,3,5,3,4,3,5,3,5,3,5,3,5,3,5,3,5,3,5,3,5,3,5,3,5,3,4,3,5,3,3,3,2,3,3,3,5,3,3,3,5,3,2,3,2,3,2,3,5,3,5,4,4,2,3,4,3,3,3,3,3,3,3,4,3,1,3,1,1,1,4,4,3,3,3,4,3,3,3,3,4,5,3,3,2,2,4,3,3,3,2,2,4,4,4,3,3,3,3,4,5,3,3,5,3,2,2,2,2,2,2,2,2,1,2,3,1,2,3,2,7,3,3,7,3,3,6,3,4,2,37,4,1,1,1,40,4500,2800,0,26101,컴퓨터활용능력 인터넷 활용능력 사무 자동화 인력,회계학
27363,2,2,3,4,1,0,3,3,2,2,3,3,4,3,2,3,3,4,3,4,3,4,1,0,3,4,3,4,1,0,3,4,2,2,2,2,3,4,3,4,3,4,4,6,4,6,1,0,3,4,2,3,3,5,2,2,5,6,4,6,3,4,3,4,3,4,5,6,5,6,5,6,1,0,3,4,3,4,3,4,3,4,2,2,3,5,3,4,4,4,3,3,2,2,4,3,2,3,2,3,3,19,1,2,1,2,0,2,1,4,2,2,4,4,3,4,9,9,4,4,2,3,2,4,4,4,3,1,4,2,4,3,4,3,3,2,4,4,4,3,4,4,2,2,2,2,2,2,2,2,2,2,1,2,2,2,1,2,7,3,8,2,7,2,8,2,1,60,1,2,5,1,48,0,0,5000,812401,정비사 자격증 정비 자동화 시스템 일자리,0
27364,2,4,2,3,3,3,2,2,3,4,2,3,1,0,2,4,3,4,2,3,1,0,4,4,5,5,3,3,3,4,2,3,2,2,2,2,4,4,4,6,3,5,4,4,2,4,3,5,4,5,2,3,3,4,4,5,3,5,4,5,2,2,3,4,4,5,4,5,3,4,3,4,2,2,4,5,3,4,2,4,3,3,3,5,3,4,3,3,3,4,4,2,3,3,3,2,2,3,3,3,4,3,1,2,1,2,0,2,2,3,2,2,4,3,3,3,3,4,4,4,3,2,3,3,4,3,4,3,5,4,3,5,3,4,3,4,4,3,4,3,4,5,2,2,2,2,2,2,2,2,2,2,2,2,2,2,2,3,4,5,5,3,6,5,4,6,1,53,2,1,1,1,40,3500,2400,0,702701,판금제관산업기사 수요 감소,기계
27365,2,2,3,2,2,2,2,2,2,2,3,3,3,4,3,4,2,3,1,0,3,3,2,2,4,3,3,3,3,5,4,4,3,4,2,3,4,5,3,3,2,3,4,3,4,4,3,4,3,2,3,3,3,3,2,2,3,3,2,2,1,0,2,2,2,3,3,4,4,5,4,5,1,0,3,4,2,2,2,3,3,3,3,4,2,2,2,4,5,4,3,3,4,1,3,3,4,4,3,3,2,19,4,1,1,2,0,4,2,5,3,3,5,4,3,4,4,4,4,4,1,4,4,4,5,4,5,4,3,3,4,4,3,3,4,4,5,5,4,2,4,4,2,2,2,2,2,2,2,2,2,2,4,2,2,3,2,6,4,4,5,4,5,4,3,4,1,47,2,1,4,1,52,3500,2400,0,812401,자동차정비기능사 향후 전기차 차등 자동차 일자리 전망,상고
27366,4,6,3,4,1,0,3,4,2,2,2,2,3,4,2,2,2,2,2,2,3,4,2,2,4,6,3,4,2,2,2,2,2,2,3,4,2,2,3,4,3,4,4,6,4,5,3,4,3,4,2,2,3,4,3,4,3,4,2,2,3,4,3,4,2,2,3,4,3,4,3,4,3,4,3,4,4,6,3,4,3,4,3,4,3,4,3,4,5,4,4,3,3,2,3,3,2,2,2,4,3,19,1,2,2,2,0,1,2,4,3,2,4,4,3,4,9,9,4,4,2,3,3,4,4,4,2,1,4,2,4,4,4,3,3,2,4,5,4,4,4,4,2,2,1,2,2,1,2,1,1,2,1,2,2,2,2,4,7,3,8,3,8,2,7,4,1,47,1,1,1,1,48,3500,2100,0,882101,장비 도입 생산 라인 자동화 추세,0
27367,4,6,4,5,4,4,4,5,4,5,3,4,2,4,4,4,4,4,4,5,2,2,2,2,4,5,4,5,2,4,4,5,4,5,2,5,4,5,4,5,3,4,4,4,2,4,3,4,1,0,1,0,2,3,1,0,1,0,2,2,5,7,1,0,2,3,3,3,2,2,1,0,4,6,3,5,4,5,2,2,4,5,1,0,5,5,3,4,4,4,4,4,4,3,5,5,3,4,4,5,4,15,2,4,1,1,5,4,5,4,4,4,4,5,4,3,2,3,4,3,2,5,5,5,5,5,5,1,5,3,2,4,4,5,4,5,5,3,4,3,4,4,2,2,2,1,2,2,2,2,2,1,3,3,3,3,1,5,4,5,5,5,5,4,4,5,1,28,4,1,1,1,40,3000,2600,0,25401,사회조사분석사 유연근무제 도입으로 인한 관리 재택근무 코로나 복무 관리 시스템 도입 업무 일자리 변화,경제학
27368,1,0,2,1,1,0,1,0,1,0,1,0,1,0,1,0,1,0,2,3,1,0,1,0,4,3,1,0,1,0,1,0,1,0,1,0,1,0,1,0,2,2,1,0,3,2,1,0,2,2,1,0,2,1,1,0,2,2,2,2,1,0,2,2,3,2,3,3,3,4,3,3,1,0,4,3,3,2,1,0,3,3,3,3,3,4,1,0,3,3,3,3,3,3,3,3,3,3,2,4,4,6,1,2,2,1,3,7,3,3,3,3,3,3,3,4,3,3,3,3,3,3,3,3,3,3,3,3,3,3,3,3,3,2,3,4,3,3,2,4,3,3,2,2,2,2,2,2,2,2,2,1,3,3,2,3,2,5,4,6,5,3,6,5,5,5,1,47,4,1,1,1,40,4200,3500,0,811401,직무연수 기술 냉장,기계공학
27369,4,5,4,4,4,4,4,5,3,4,4,4,3,3,2,3,3,5,4,4,4,4,4,5,3,4,4,4,3,4,4,5,3,4,4,4,3,5,3,5,4,4,3,3,3,3,4,4,3,3,4,5,3,3,1,0,3,3,2,4,4,4,1,0,3,3,1,0,1,0,1,0,1,0,1,0,1,0,2,3,1,0,1,0,2,3,3,3,4,3,4,3,3,4,4,3,3,2,3,3,4,3,1,2,2,2,0,7,4,4,4,4,3,3,4,3,4,4,4,4,3,4,4,4,4,3,4,4,4,3,4,4,4,3,4,4,5,4,4,4,4,4,2,1,2,2,2,2,2,2,2,2,2,3,3,3,2,6,5,6,7,6,5,6,5,6,2,43,4,1,3,1,52,3500,2200,0,29501,자재 출고 전산 입력 제조업 자리 점점 자동화,사회학
27370,3,4,4,5,2,3,1,0,1,0,2,3,2,3,2,3,2,3,2,2,2,2,2,2,3,4,2,2,2,3,4,5,2,2,2,3,2,3,2,3,3,4,2,3,2,3,2,3,3,4,3,4,4,5,3,4,4,5,3,4,2,3,4,5,4,5,4,5,4,6,4,5,2,3,5,7,5,7,4,5,5,7,4,5,4,5,5,7,5,4,5,3,4,2,3,3,3,4,4,3,4,3,1,4,2,1,4,6,2,3,4,4,4,4,3,3,3,4,4,4,3,4,4,2,3,2,2,5,4,5,2,5,4,4,5,4,4,5,4,5,5,4,2,2,2,2,2,2,2,2,2,2,3,2,2,3,2,8,2,3,2,2,3,2,3,2,1,30,2,1,1,1,40,2800,2400,0,885101,실습 출산 감소,문과
27371,3,3,3,5,2,2,4,6,2,2,2,2,2,2,2,3,3,3,3,3,2,2,2,2,3,3,3,4,4,3,2,3,2,2,1,0,2,2,4,5,2,2,3,3,2,3,1,0,1,0,1,0,1,0,1,0,1,0,1,0,1,0,1,0,1,0,1,0,1,0,1,0,1,0,1,0,1,0,1,0,1,0,3,3,3,4,3,5,3,4,2,3,2,3,2,3,2,3,4,4,4,18,1,2,1,2,0,7,2,3,3,2,4,3,3,3,3,4,4,3,3,3,3,4,3,3,2,4,2,4,4,4,3,4,5,5,5,3,4,4,4,3,2,2,2,2,2,2,2,2,2,1,3,3,2,2,2,5,5,5,5,6,5,7,5,4,2,50,3,1,1,1,28,2000,1800,0,521304,국내여행안내사 국내 관광 활성화,관광
27372,3,4,4,4,3,4,3,4,2,3,2,4,1,0,4,5,4,5,1,0,2,2,3,4,2,3,3,4,1,0,2,3,2,3,2,3,3,3,3,4,3,4,3,3,2,3,3,4,5,5,3,5,3,4,2,2,3,5,4,5,4,5,4,4,4,4,4,3,3,3,1,0,4,4,3,3,3,3,2,3,2,3,1,0,3,4,1,0,4,4,4,3,4,4,3,2,3,4,4,3,3,15,2,2,1,2,0,1,5,3,3,4,5,4,3,3,2,2,3,3,2,3,4,3,4,4,4,5,4,4,3,5,4,4,4,3,3,4,3,3,4,3,2,1,1,2,1,1,1,2,2,3,1,2,2,2,2,7,7,4,3,3,4,7,5,3,2,39,4,1,1,1,40,2500,1500,0,413201,도서관 사서 자동화 설비 로보트 도입,경영
27373,5,6,5,6,4,5,5,5,4,5,4,5,4,5,4,4,5,5,4,5,4,5,4,5,5,6,4,5,4,5,4,5,3,3,4,5,5,6,5,5,4,5,2,3,3,4,4,5,4,6,5,5,4,4,5,6,4,4,4,4,5,7,4,5,4,4,4,5,5,5,4,3,4,5,4,4,4,4,4,5,2,2,2,2,5,6,4,5,4,4,3,4,4,3,4,4,3,4,5,4,3,10,1,2,1,2,0,6,4,4,4,4,4,5,3,4,4,4,5,4,4,3,4,3,5,4,4,3,4,4,3,3,4,5,4,3,5,4,4,3,3,4,2,2,2,2,2,2,2,2,2,1,3,3,3,3,1,1,1,1,9,1,8,1,9,2,1,39,4,1,1,1,42,6000,3200,0,132004,정보관리기술사 컨설팅 무궁무진,정보통신
27374,2,2,3,3,2,2,2,2,2,2,3,3,2,2,2,3,3,2,2,3,3,2,3,3,4,4,2,3,1,0,2,2,2,3,1,0,3,3,2,1,2,2,2,2,2,3,1,0,1,0,1,0,2,3,1,0,3,2,3,3,1,0,2,2,3,3,3,4,3,3,1,0,2,1,4,3,4,3,2,2,3,4,3,3,2,3,2,4,3,3,2,2,2,1,3,3,3,3,4,3,2,3,1,2,2,2,0,7,1,3,2,1,4,3,2,2,3,3,4,3,2,4,4,4,3,3,4,5,4,3,2,4,3,4,3,3,4,4,4,3,5,5,2,2,2,2,2,2,2,2,2,1,4,2,2,2,2,5,6,7,6,6,6,8,4,4,1,58,2,1,1,1,50,3500,2000,0,883201,노후 주택 모델링 사업 증가,상고
27375,3,4,2,5,3,5,2,3,4,4,3,5,4,5,4,5,3,4,4,5,3,4,3,5,2,3,4,5,3,4,2,3,3,3,4,4,3,3,3,5,3,4,4,5,3,5,3,4,3,4,4,5,4,4,2,3,3,5,3,4,2,4,4,4,3,3,4,5,3,5,3,5,3,3,3,5,3,4,4,4,3,4,4,5,2,3,4,4,2,3,3,2,3,3,2,3,2,3,2,4,4,13,1,4,1,1,5,5,5,3,2,2,3,4,4,3,4,4,4,4,2,3,4,4,3,3,3,2,3,4,4,4,4,3,3,3,3,3,4,3,3,4,2,2,2,2,2,2,2,2,2,1,4,3,2,2,1,7,3,3,4,6,4,7,3,4,1,33,4,1,1,1,50,4100,2900,0,133204,정보처리기사 게임프로그래밍 코딩 설계 코로나 세균 질환 증가 고령화 증가,컴퓨터공학
27376,2,2,2,1,2,2,3,2,2,2,1,0,1,0,3,2,4,3,2,2,1,0,1,0,2,2,1,0,3,2,2,2,1,0,3,3,2,2,2,2,2,2,2,2,3,2,2,2,2,2,1,0,2,4,1,0,2,2,2,2,1,0,2,2,2,3,3,2,3,3,3,3,1,0,4,5,5,5,3,2,4,3,4,3,3,3,2,2,3,3,3,1,2,1,3,2,2,1,2,2,3,20,4,1,2,2,0,1,1,3,2,2,4,3,2,2,2,2,3,3,4,2,1,4,3,3,4,2,3,3,3,5,4,3,3,3,4,4,3,4,5,4,2,2,2,2,2,2,2,2,2,2,2,3,3,3,2,5,6,5,6,7,9,6,5,3,2,57,3,2,7,2,50,0,0,2800,901301,농사 사람 농사 직업,사회복지
27377,3,5,3,4,2,2,2,2,3,4,3,3,2,2,3,3,3,3,2,5,2,4,3,4,2,4,1,0,2,4,3,4,2,3,1,0,3,4,3,5,3,5,3,5,3,2,3,4,3,4,3,5,3,3,1,0,3,5,2,3,2,4,2,2,3,3,3,5,4,5,3,4,3,4,2,3,3,5,3,3,3,6,3,4,2,5,1,0,4,4,2,3,4,2,4,2,3,4,4,4,2,15,2,3,1,2,0,2,3,4,3,3,4,4,3,3,3,3,3,4,2,4,4,4,4,4,3,2,4,2,4,4,3,4,3,3,3,4,4,3,4,4,2,2,1,2,2,1,2,2,2,2,3,3,3,3,2,5,5,5,5,5,5,5,5,4,1,27,4,1,1,1,40,3000,2000,0,250301,정비기능사 용접기능사 장비 도입 사용 부분 대해 다시 공부 상태 유지,사회복지학
27378,1,0,3,2,1,0,3,2,1,0,1,0,2,1,1,0,1,0,1,0,1,0,1,0,3,3,1,0,1,0,2,1,2,1,1,0,2,1,4,3,1,0,2,1,2,2,1,0,1,0,1,0,1,0,1,0,1,0,1,0,1,0,1,0,1,0,1,0,1,0,1,0,1,0,3,4,2,2,1,0,2,1,2,1,2,3,1,0,4,4,4,2,2,4,4,2,3,3,3,3,3,19,4,1,1,2,0,4,3,4,4,4,4,4,3,4,9,9,9,4,4,4,4,3,4,2,3,4,2,3,3,3,4,3,3,2,3,4,3,2,3,3,2,2,2,2,2,2,2,2,2,1,3,3,2,2,2,8,8,8,5,5,5,7,4,4,1,56,2,2,6,1,48,0,0,2300,511101,이용사자격증 이용원 이용 사람,인문계
27379,3,6,5,6,4,5,5,6,2,1,3,5,1,0,4,5,3,4,3,4,2,3,4,4,2,2,3,4,5,5,2,3,2,4,3,3,2,4,5,5,4,4,4,5,4,6,4,5,3,2,2,3,3,5,3,3,4,5,1,0,2,4,1,0,2,3,4,3,1,0,2,2,2,2,5,6,4,5,1,0,1,0,2,3,2,4,3,4,5,5,2,5,5,3,3,2,2,3,5,5,4,17,1,2,1,1,6,6,6,4,3,4,3,4,3,4,4,3,4,4,4,4,4,4,3,4,4,3,4,3,4,4,3,4,4,3,4,4,3,4,4,3,2,2,2,2,2,2,2,2,2,2,4,3,2,2,2,6,5,4,3,4,6,4,6,3,1,42,6,2,5,1,40,0,0,13000,301103,의사면허 성형외과전문의 레지던트 인턴과정 의료 기술 향상,의학
27380,2,3,2,3,2,3,3,3,2,3,3,4,2,3,2,3,3,3,2,4,2,4,2,3,2,3,3,2,3,3,4,4,3,3,3,3,2,4,2,4,2,3,2,4,2,4,2,3,2,3,3,3,3,4,4,4,3,3,3,3,3,3,3,5,3,3,4,4,3,5,3,3,2,4,2,4,2,3,4,4,2,3,3,3,2,3,3,3,4,5,4,3,3,3,3,4,3,3,4,2,3,10,1,3,2,2,0,3,4,4,3,3,4,3,3,4,5,4,3,4,4,3,4,4,3,3,4,3,4,4,3,4,5,4,3,3,4,4,3,3,3,3,2,2,2,2,2,2,2,2,2,1,3,3,3,3,2,8,5,3,7,6,7,7,5,4,1,47,4,1,1,1,40,5000,3000,0,134301,수요,컴퓨터학
27381,1,0,1,0,1,0,4,5,1,0,1,0,1,0,1,0,1,0,1,0,1,0,1,0,1,0,3,4,3,4,1,0,2,3,2,3,3,4,4,5,4,5,1,0,2,2,1,0,1,0,1,0,1,0,1,0,1,0,1,0,1,0,1,0,1,0,1,0,1,0,1,0,1,0,1,0,1,0,1,0,3,4,3,4,3,3,1,0,4,4,2,3,3,3,3,3,3,2,2,3,3,8,1,2,2,2,0,7,2,3,2,3,3,3,3,3,4,3,3,2,2,3,2,2,3,2,3,2,3,2,3,4,5,4,3,4,3,3,3,3,3,4,2,2,2,2,2,2,1,2,2,4,2,2,2,2,1,6,4,4,3,4,4,5,5,5,2,28,4,1,1,1,40,3000,2400,0,522201,관광객 감소 인원 축소 자동화,체육학
27382,1,0,2,3,1,0,2,3,2,2,1,0,1,0,2,4,2,2,2,2,1,0,2,3,3,4,1,0,3,4,2,3,2,2,3,4,2,3,3,4,2,2,2,3,3,4,2,2,1,0,3,4,1,0,1,0,1,0,1,0,1,0,1,0,1,0,1,0,1,0,1,0,1,0,1,0,2,2,3,4,3,5,3,4,2,3,2,3,3,4,3,3,3,2,2,2,3,2,3,2,3,19,1,2,1,2,0,3,2,3,2,3,4,3,3,2,2,3,4,3,3,4,3,3,3,2,4,3,4,3,3,4,3,3,3,2,2,3,3,3,3,3,2,2,2,2,2,2,2,2,2,1,4,1,1,3,2,8,8,7,2,2,3,3,5,5,2,38,2,1,3,1,40,2300,2000,0,307601,안마사 스트레스 찾기 때문,문과
27383,2,3,4,5,2,2,2,3,4,5,4,5,1,0,3,4,3,4,2,3,1,0,3,4,4,5,2,3,4,4,4,5,4,5,3,4,2,3,3,4,2,2,3,4,3,4,1,0,1,0,1,0,2,3,2,3,4,5,2,2,1,0,2,2,3,4,3,4,3,4,3,4,2,3,3,4,4,5,3,4,4,5,3,4,3,4,3,4,2,4,3,2,3,2,2,2,3,2,3,2,3,19,1,1,1,2,0,3,1,3,3,1,2,2,3,2,9,4,3,3,3,2,3,4,4,3,3,4,3,4,4,3,3,3,3,3,3,3,3,3,3,4,2,2,2,2,2,2,2,2,2,4,1,2,2,2,1,7,7,7,5,5,5,6,5,4,1,46,2,2,5,1,42,0,0,1800,881101,인쇄기사 인쇄기 자동화,이과
27384,4,5,3,4,5,7,4,6,1,0,1,0,5,7,3,4,4,5,2,2,5,6,4,5,3,4,4,4,2,3,2,3,1,0,1,0,1,0,2,2,3,3,3,4,1,0,1,0,1,0,1,0,1,0,1,0,1,0,1,0,3,5,2,2,1,0,2,3,1,0,1,0,1,0,4,5,3,5,2,3,4,5,2,4,5,5,1,0,4,3,4,3,4,2,4,4,2,3,3,3,4,18,4,1,2,1,3,7,2,3,4,4,4,4,2,3,9,9,9,3,2,4,4,4,5,4,4,3,4,5,3,4,5,3,3,3,4,4,4,3,4,3,2,2,2,2,2,2,2,2,2,2,4,1,1,1,2,4,1,3,4,3,6,8,7,2,2,28,3,1,4,2,70,3200,2500,0,414301,스케치 교육 사람 재택하 경우 증가 문화 수요 만화 수요 편승 증대 예상,만화
27385,4,5,4,5,4,5,3,4,3,4,4,5,4,5,3,4,5,6,3,4,4,5,3,4,4,5,5,7,3,4,2,3,4,5,3,4,3,4,3,4,4,5,3,4,4,5,3,4,2,3,2,2,1,0,1,0,1,0,1,0,3,4,4,5,1,0,1,0,1,0,1,0,1,0,1,0,1,0,1,0,1,0,1,0,3,4,3,4,4,4,4,4,5,5,4,5,4,5,5,4,4,3,1,6,1,1,3,5,3,3,4,4,5,5,3,3,3,4,4,4,2,4,4,2,3,3,2,4,4,4,2,4,5,5,5,4,4,5,4,4,5,5,2,2,2,2,2,2,2,2,2,2,4,1,1,1,1,5,3,2,1,1,5,1,2,6,1,39,4,1,1,1,40,3800,2200,0,24301,유통관리사 거래상거래관리사 2급 상품관리 현장실습 소매업 통신 판매 마케팅 전략 강화 제품 홍보 기획 판매 상품 계획 자의 역할,경영학
27386,3,4,3,4,2,3,3,4,2,3,1,0,1,0,2,3,4,3,3,4,2,2,2,3,4,4,1,0,2,3,2,3,1,0,1,0,3,4,2,3,3,4,1,0,1,0,1,0,1,0,1,0,3,3,1,0,4,5,3,4,1,0,2,2,4,3,3,4,2,3,3,4,1,0,4,4,3,4,4,4,4,5,3,5,3,3,2,3,2,2,1,2,1,2,4,2,2,1,2,2,2,3,1,3,2,2,0,7,2,3,2,2,3,4,3,2,3,3,2,2,3,3,3,3,4,3,3,3,4,3,3,4,3,3,2,4,3,3,4,3,4,3,2,2,2,2,2,2,2,2,2,2,3,3,3,3,2,7,6,7,5,7,8,7,7,6,1,40,2,1,1,1,48,3000,2400,0,882101,수입 의존 목재 경우 한계 변화,상고
27387,3,4,4,6,1,0,4,6,2,4,3,4,2,4,2,3,2,4,3,5,2,3,3,5,3,4,1,0,3,4,2,3,3,4,2,4,2,3,3,4,2,4,2,3,3,5,2,4,2,3,1,0,2,3,1,0,2,4,2,3,1,0,1,0,2,3,3,4,2,3,1,0,1,0,5,6,2,4,2,3,3,4,3,5,1,0,5,5,3,4,4,3,3,2,3,2,4,3,4,3,4,19,1,1,1,2,0,1,1,3,3,2,4,4,3,3,3,4,4,4,2,4,4,4,3,3,3,1,4,3,3,5,3,3,4,4,4,4,5,4,4,5,2,2,2,2,2,2,2,2,2,1,2,2,2,2,2,8,4,5,3,3,5,4,3,4,2,54,4,1,3,2,40,1800,1500,0,307601,국가공인안마사 스포츠 마사지 직종,행정학
27388,1,0,1,0,1,0,2,3,2,3,2,3,2,3,2,2,2,2,2,2,2,2,2,2,2,2,2,2,2,2,2,2,2,2,2,2,2,2,2,2,2,2,2,2,2,2,2,2,2,2,2,3,2,2,2,2,2,2,2,2,2,2,2,2,2,2,2,3,2,2,2,2,2,2,2,2,2,2,2,2,2,2,2,2,2,2,2,2,3,3,2,3,3,3,2,3,3,3,2,3,2,1,4,1,2,2,0,2,5,3,3,3,3,3,3,3,3,3,3,3,3,3,3,3,3,3,3,3,3,4,3,3,3,3,3,3,3,3,2,2,4,3,2,2,2,2,2,2,2,2,2,2,1,3,3,3,2,5,5,5,5,5,5,5,5,5,1,59,4,2,6,1,10,0,0,1000,901301,기계화,경영정보학
27389,3,4,3,4,3,4,3,4,3,4,3,4,3,4,3,4,3,4,3,4,3,4,3,4,3,4,3,4,3,4,3,4,3,4,3,4,3,4,4,6,3,4,3,4,3,4,3,4,5,6,5,6,5,5,5,7,5,6,5,6,3,4,3,4,4,6,5,6,5,7,5,6,5,6,5,7,5,6,5,6,4,5,5,5,5,6,5,6,4,4,3,3,5,2,5,3,3,3,3,4,4,6,1,1,1,1,3,5,2,4,3,2,4,4,4,4,3,4,4,4,4,4,4,3,4,5,4,3,4,4,4,4,5,4,4,5,4,4,5,4,4,4,2,2,2,2,2,2,2,2,2,1,3,3,3,3,2,7,6,8,7,8,7,6,7,6,1,42,2,1,1,1,40,3700,2400,0,702502,유리시공기능사 유리시공 훈련 수요 계속,인문계(문과)
27390,1,0,1,0,1,0,4,5,2,3,1,0,4,5,1,0,2,3,2,3,2,3,2,3,2,3,3,4,3,4,2,3,2,3,1,0,1,0,2,3,2,3,2,3,4,5,1,0,3,3,2,3,2,2,1,0,2,3,2,3,2,2,1,0,2,2,2,2,2,2,2,2,1,0,3,4,3,4,3,3,3,4,3,3,2,3,2,3,3,3,3,3,4,3,3,3,4,3,3,2,3,18,1,2,2,2,0,7,2,3,3,3,4,4,3,3,3,4,4,3,3,3,3,3,3,4,3,3,3,3,3,3,3,4,3,3,3,3,4,3,3,4,2,2,2,2,2,2,2,2,2,1,4,2,2,2,1,5,6,6,4,4,4,4,6,7,1,26,2,1,3,2,44,2011,1900,0,420403,개인 단체 활성화 일자리 증가,일반고등학교
27391,3,4,3,4,1,0,3,4,1,0,1,0,1,0,1,0,1,0,1,0,1,0,1,0,4,4,3,3,3,4,1,0,3,3,1,0,1,0,3,4,3,4,1,0,1,0,1,0,1,0,1,0,1,0,1,0,3,3,1,0,2,2,1,0,3,3,3,4,2,3,3,4,1,0,2,2,2,2,1,0,1,0,1,0,3,3,1,0,3,3,4,2,3,3,3,2,2,3,4,4,3,17,1,2,1,2,0,2,3,4,3,2,3,3,4,3,3,3,4,3,2,2,2,3,3,2,3,3,2,4,4,4,2,3,4,4,3,4,2,2,4,3,2,2,2,2,2,2,2,2,2,3,1,2,2,2,2,9,5,7,5,5,7,8,5,7,1,36,3,1,1,1,40,3800,2200,0,306501,물리치료사자격증 전산 자동화,물리치료학
27392,4,4,4,4,2,3,2,3,3,3,3,3,4,4,4,4,3,3,2,3,3,3,3,3,4,4,4,5,2,3,2,3,3,3,3,3,3,3,4,3,4,4,4,4,2,2,2,3,3,3,2,3,4,3,4,5,3,4,4,4,4,6,3,4,4,4,3,4,4,4,3,3,4,4,2,3,3,3,4,4,1,0,2,2,3,3,3,3,4,4,3,3,4,3,4,4,2,3,3,3,3,10,1,4,1,2,0,3,5,3,5,5,5,5,4,4,5,4,4,4,3,3,2,4,3,3,2,3,3,3,4,3,4,4,3,4,4,4,3,4,4,4,2,2,2,2,2,2,2,2,2,2,2,1,3,3,2,8,7,3,7,5,5,7,8,5,2,34,4,1,1,1,40,3300,3200,0,133302,정보처리기능사 시스템 개발,정보미디어학
27393,3,4,4,4,3,4,3,4,4,4,3,4,3,4,2,4,2,4,3,5,3,4,3,5,3,4,2,4,3,4,4,5,3,5,3,5,4,4,3,5,3,4,4,4,3,4,2,3,3,4,3,3,3,4,3,4,2,3,3,4,3,4,3,4,3,4,3,5,3,4,4,4,4,4,3,3,3,3,3,4,3,3,3,3,3,4,3,4,4,4,4,3,3,3,4,3,4,4,4,4,3,14,1,1,1,2,0,2,5,3,3,4,4,3,3,4,9,9,3,4,3,4,3,3,3,4,3,3,3,4,4,3,4,3,4,3,4,3,4,4,4,2,2,2,2,2,2,2,2,2,2,1,4,3,2,2,2,6,5,6,5,6,7,6,6,5,1,52,4,2,5,1,40,0,0,4000,521304,국내여행안내사 이용자,관광학
27394,3,4,4,4,3,4,2,4,3,5,4,4,3,4,4,4,3,4,2,4,4,4,3,4,3,4,4,5,2,4,3,4,3,3,4,4,4,5,3,4,4,4,2,5,1,0,2,3,3,4,2,4,4,5,3,4,3,4,4,4,5,6,2,4,4,4,3,4,4,5,4,4,3,5,3,4,3,4,3,4,1,0,2,4,2,4,1,0,4,3,2,3,3,4,4,4,3,4,3,4,4,10,1,2,2,2,0,3,4,3,3,3,4,4,4,4,3,4,4,4,2,4,4,4,4,3,4,3,4,4,3,4,4,4,4,4,4,5,4,4,5,4,2,2,2,2,2,2,2,2,2,2,2,3,3,2,1,5,6,4,4,4,5,4,4,7,1,36,4,1,1,1,45,3200,2700,0,133201,세계 과학 발전,컴퓨터공학
27395,4,5,3,5,1,0,1,0,2,3,1,0,1,0,5,5,4,4,2,3,2,2,1,0,5,7,3,4,1,0,2,2,5,6,5,6,1,0,1,0,4,5,4,5,4,6,2,4,1,0,1,0,2,3,1,0,2,4,2,3,2,4,3,4,4,5,2,3,1,0,5,5,1,0,2,2,4,4,1,0,1,0,1,0,4,5,4,5,4,3,3,2,2,4,5,2,1,2,2,3,3,18,1,5,1,2,0,6,3,3,4,4,4,4,5,5,4,5,3,4,4,5,5,4,3,2,1,4,4,5,4,3,2,2,1,3,4,5,4,3,4,2,2,1,1,2,1,2,1,1,1,2,4,1,2,2,1,6,5,7,6,4,3,7,6,5,1,47,4,1,2,2,12,6500,5000,0,416104,시포디나자격증 일러스트레이터 컴퓨터 프로그램 도입 사용 변화 미디어 시대 발전 가능성 때문,광고학
27396,4,4,4,4,4,4,4,4,2,4,4,4,3,3,1,0,4,4,2,3,2,4,2,3,3,4,2,3,4,4,3,3,2,3,3,4,4,4,2,4,3,4,2,2,4,4,2,2,4,4,3,5,3,5,4,4,3,4,4,5,2,2,3,4,4,4,3,3,4,5,4,5,3,4,2,4,3,4,3,3,4,4,2,4,1,0,2,4,3,2,4,3,3,4,3,4,3,3,4,3,2,4,1,2,1,2,0,3,3,4,3,3,4,3,3,3,4,4,3,3,4,4,3,3,4,3,4,4,5,4,4,3,3,4,3,3,4,3,3,4,3,4,2,2,2,2,2,2,2,2,2,1,3,3,3,3,2,7,6,6,7,6,6,6,6,7,1,31,3,1,3,2,52,2900,1750,0,811501,보일러설치자격증 서비스 때문,기계공학
27397,1,0,1,0,1,0,1,0,2,1,1,0,2,1,2,2,2,2,1,0,1,0,1,0,2,2,1,0,1,0,1,0,1,0,2,1,2,2,1,0,1,0,1,0,1,0,1,0,3,4,1,0,1,0,3,3,4,5,4,5,1,0,1,0,2,2,2,1,1,0,1,0,2,2,2,2,3,3,1,0,4,5,4,4,2,1,1,0,3,2,2,3,2,2,2,2,2,1,2,2,2,14,1,2,1,2,0,7,2,2,2,2,3,2,3,4,9,9,4,4,2,3,3,2,2,2,2,2,2,3,4,3,3,2,2,2,2,4,2,2,4,3,2,2,2,2,2,2,2,2,2,1,1,2,2,2,2,5,5,6,5,7,7,4,4,5,1,38,3,1,1,1,40,2720,2400,0,702701,판금산업기사자격증 기계화,기계
27398,1,0,2,1,1,0,2,2,2,1,1,0,1,0,3,3,2,2,3,3,3,3,2,2,3,3,3,3,2,3,2,3,2,2,4,5,2,2,2,2,3,3,2,2,3,3,2,2,2,3,3,3,3,4,2,2,2,2,1,0,2,2,3,3,2,2,3,4,2,3,3,4,3,3,2,2,3,3,3,3,2,2,2,2,2,3,2,2,3,2,2,2,2,2,2,2,2,2,2,2,2,6,1,2,2,2,0,1,1,2,2,2,3,3,3,2,2,2,3,2,4,2,2,3,3,2,3,2,3,3,4,3,1,3,3,3,5,3,3,5,4,4,2,2,2,2,2,2,2,2,2,2,2,2,2,2,2,8,7,7,3,2,3,8,3,1,1,62,2,1,4,2,52,2800,1500,0,706001,기계화 일자리 감소,인문계
27399,4,5,4,5,3,3,4,5,3,4,2,4,3,4,2,3,2,3,4,4,4,4,2,2,4,4,2,3,2,3,2,4,2,3,2,4,2,3,4,4,4,4,2,3,3,3,2,3,3,4,2,3,4,3,1,0,2,4,3,4,2,4,3,4,4,3,4,3,4,4,3,3,3,4,4,3,3,4,4,4,4,4,2,4,4,5,2,3,4,4,4,3,3,3,4,2,2,3,4,3,4,6,1,2,1,2,0,2,2,4,4,4,4,5,4,4,4,4,5,4,2,4,4,4,3,5,4,4,4,3,4,4,4,4,4,3,3,4,4,3,4,4,2,2,2,2,2,2,1,2,2,1,2,3,1,3,2,9,7,9,8,7,8,3,4,7,1,49,2,1,1,1,52,2700,2200,0,703201,배관기능사 없다 설비 투자 감소 인원 감축 소음 진동 근무 환경,기계
27400,3,5,3,5,3,4,2,3,3,5,2,4,2,2,2,3,2,3,2,2,2,2,2,3,2,2,2,2,3,4,2,2,2,2,2,3,3,4,2,4,2,3,2,3,2,3,2,2,2,2,2,2,2,2,2,2,2,2,2,2,2,2,2,2,2,2,2,2,2,2,2,2,2,2,2,2,2,2,2,2,2,2,2,2,2,2,2,2,4,4,3,4,4,2,4,2,3,3,2,3,3,15,2,3,2,2,0,1,5,4,3,3,4,4,4,4,4,3,4,4,2,3,4,3,3,2,4,3,4,5,4,4,4,3,4,4,5,5,4,3,4,4,2,2,2,2,2,2,2,2,2,2,2,3,3,3,2,3,4,3,6,5,6,3,4,5,2,39,4,1,1,1,40,4800,2400,0,25101,인구 감소,회계학
27401,3,4,3,4,1,0,3,4,3,4,3,4,3,4,2,2,3,4,3,4,3,4,1,0,3,4,3,4,1,0,3,4,2,2,3,4,2,2,3,4,3,4,2,2,3,4,2,2,3,4,2,2,3,4,2,2,3,4,3,4,3,4,3,4,2,3,3,4,3,4,3,4,1,0,3,4,3,4,3,4,3,4,3,4,3,4,3,4,5,4,4,3,3,2,4,2,2,3,2,4,3,8,1,1,1,2,0,2,2,4,3,2,4,4,3,3,9,9,4,4,2,3,3,4,4,4,2,1,3,2,4,4,4,4,3,2,4,5,4,3,4,2,2,2,2,2,2,2,2,2,2,2,1,2,2,2,1,2,8,3,8,2,8,2,8,2,1,66,1,2,5,1,40,0,0,4500,812401,자동차정비사 인구 감소,0
27402,3,3,3,2,3,2,4,3,3,2,2,2,3,2,2,2,3,2,3,2,3,2,1,0,3,2,2,2,2,2,3,2,3,2,3,3,3,2,3,2,3,2,3,2,3,2,2,2,1,0,1,0,1,0,2,2,3,2,1,0,1,0,1,0,1,0,1,0,1,0,1,0,1,0,1,0,3,2,3,2,3,2,3,2,3,2,3,2,3,3,2,3,3,2,3,4,2,2,2,3,3,6,1,2,2,1,2,2,2,3,2,2,2,2,2,3,9,9,9,3,4,2,2,4,3,4,4,4,4,4,3,4,2,3,2,2,2,4,2,2,4,2,2,2,2,2,2,2,2,2,2,1,1,2,2,2,2,4,5,7,5,5,5,6,6,6,1,67,1,2,5,1,45,0,0,3500,701101,무거운 자재 다루는 방법 건설 경기,0
27403,3,6,4,6,3,5,4,6,3,5,4,6,3,5,4,5,4,5,4,5,4,5,4,5,4,6,4,6,4,5,4,6,4,6,4,6,4,6,4,6,5,6,5,6,4,6,3,5,4,5,4,6,4,5,4,5,4,6,4,5,4,6,4,6,4,6,4,6,4,6,4,6,3,5,5,6,4,6,5,6,4,6,4,6,4,6,4,6,4,5,4,4,4,4,5,4,3,4,5,4,5,17,4,1,1,1,6,4,6,5,4,4,4,5,4,4,9,9,5,5,2,5,5,4,5,4,4,4,4,2,3,4,4,5,5,5,5,4,5,4,3,2,1,1,1,1,1,1,2,1,1,2,4,3,3,3,2,7,2,2,2,1,1,2,3,3,1,52,5,2,6,1,40,0,0,15000,301111,전문의자격증 비뇨기과 최신장비 실습 훈련 컴퓨터 이용 수술 작업 진행 비뇨기 계통 환자 운동 부족 식생활 변화 증가,의예
27404,4,4,3,5,3,5,4,4,3,5,3,5,3,3,3,5,3,5,4,4,4,4,3,4,3,5,3,5,4,5,3,6,3,5,2,4,3,5,3,4,3,4,3,3,3,5,3,5,3,5,3,5,3,5,4,4,3,4,3,3,3,5,2,4,3,4,4,4,3,5,3,3,3,4,2,5,3,4,4,4,3,3,3,4,3,3,3,4,3,2,3,3,3,4,4,3,3,4,3,2,3,15,2,5,1,2,0,5,5,3,3,3,4,3,3,4,4,4,5,4,3,4,3,3,4,4,4,3,3,3,4,3,4,4,3,4,3,3,4,3,4,3,2,2,2,2,2,2,2,2,2,1,3,3,3,3,2,6,5,6,5,6,5,6,7,6,1,30,4,1,1,1,40,3520,2500,0,621403,관제사 지하철 증설,행정학
27405,4,6,4,6,3,4,4,6,3,4,4,6,4,5,4,5,4,5,4,5,4,6,4,5,4,6,4,6,4,6,4,6,4,6,4,5,4,6,5,7,4,6,4,6,4,5,3,4,2,3,4,6,1,0,2,2,1,0,1,0,3,4,4,5,2,3,1,0,2,2,2,2,3,4,3,4,4,6,4,6,4,6,4,5,4,6,4,5,4,4,2,5,3,1,2,4,3,3,3,3,3,8,1,6,2,2,0,3,4,3,4,2,2,4,4,5,3,3,4,4,2,4,4,4,4,2,4,4,4,4,2,4,4,4,4,4,4,4,4,4,4,5,2,2,2,2,2,2,2,2,2,2,4,2,2,2,1,4,7,8,6,8,5,4,4,3,2,38,3,1,1,1,46,5500,2500,0,522101,코로나 종식,스튜어디스
27406,2,2,3,3,1,0,2,3,2,1,1,0,1,0,2,2,2,3,2,2,1,0,2,3,3,4,3,3,2,3,2,3,2,2,2,1,3,3,3,4,3,4,2,3,2,2,3,3,2,3,3,3,3,4,1,0,2,3,1,0,1,0,3,3,2,3,3,3,3,4,2,3,2,2,3,4,3,3,3,3,2,3,2,2,2,3,2,2,3,4,4,2,3,2,3,4,4,3,3,2,3,9,1,1,2,2,0,3,2,3,2,4,5,4,3,3,2,3,4,3,2,3,3,3,3,2,4,3,2,2,4,4,3,2,3,2,3,4,3,2,3,3,2,2,2,2,2,2,2,2,2,2,3,2,2,3,2,4,6,5,4,5,6,4,5,6,2,52,2,1,1,1,50,2300,2300,0,872201,가구 증가 이용 고객 증가,문과
27407,4,6,4,6,4,6,2,3,2,3,2,3,4,5,4,6,4,6,4,6,2,2,2,2,4,6,4,6,4,6,2,2,2,2,2,2,4,6,2,2,4,6,2,2,2,2,2,2,4,6,4,5,3,5,2,3,2,3,2,3,4,5,3,5,3,5,4,5,3,4,3,5,3,5,2,3,2,3,1,0,3,3,2,3,2,3,3,3,2,2,3,3,4,3,3,4,2,3,3,3,3,13,1,2,1,1,3,6,5,5,4,4,4,4,2,3,3,4,4,3,1,4,4,4,3,3,3,1,3,3,4,4,4,3,3,3,3,4,2,2,4,4,2,1,2,2,2,2,2,2,2,2,4,3,3,3,2,3,3,3,5,5,5,5,5,5,1,35,5,1,1,1,48,4000,2500,0,155305,소음진동기사 소음진동기술사 신규법 규제 숙지 프로그램 교육 측정 데이터 분석 환경 분석 모델링 프로그램 도입 환경 규제 소득 수준 향상 환경 대한 관심 증대,기계공학
27408,3,5,3,5,3,4,4,5,3,4,4,5,1,0,2,3,4,5,3,5,2,3,3,5,4,5,2,3,3,4,4,5,4,5,3,4,3,5,5,6,3,4,3,4,4,5,2,3,3,4,3,4,2,3,2,3,2,3,1,0,2,3,2,3,2,2,2,2,2,2,2,2,3,3,2,2,4,5,3,4,5,7,4,6,3,4,3,4,4,4,2,4,4,2,3,3,3,3,3,3,3,8,1,6,2,2,0,3,4,3,4,4,3,3,4,4,4,3,4,4,2,4,4,4,4,3,4,4,4,4,2,4,5,3,4,4,3,4,3,3,3,4,2,2,2,2,2,2,2,2,2,1,4,2,2,2,1,7,6,7,5,7,6,4,4,4,2,27,3,1,1,1,45,4500,3500,0,522101,여가,스튜어디스학
27409,5,5,3,4,5,5,2,3,4,5,4,5,3,4,4,4,3,4,1,0,4,5,2,2,2,2,4,4,1,0,1,0,1,0,1,0,1,0,1,0,2,2,1,0,2,3,1,0,1,0,1,0,1,0,1,0,2,2,2,3,3,4,5,4,3,4,2,2,1,0,3,4,1,0,1,0,1,0,1,0,1,0,1,0,2,2,1,0,3,3,2,3,3,4,3,4,3,4,3,3,3,13,1,2,2,2,0,6,5,4,4,4,4,4,4,4,4,4,4,4,2,4,4,4,4,4,5,3,4,4,3,5,4,4,4,4,4,5,3,3,4,4,2,2,2,2,2,2,2,2,2,3,1,3,3,3,2,5,5,3,4,4,5,3,3,3,2,35,4,1,1,1,40,4800,2400,0,133901,테스트 자동화,전산학
27410,5,7,3,4,3,4,3,4,2,2,3,4,2,2,3,4,2,2,3,4,2,2,3,4,4,6,3,4,2,2,2,2,3,4,2,3,2,2,2,3,3,4,4,6,3,4,1,0,1,0,2,2,1,0,1,0,1,0,1,0,3,4,1,0,1,0,1,0,1,0,1,0,2,2,1,0,1,0,2,2,2,3,2,3,3,4,3,4,4,4,3,3,2,3,4,3,3,3,2,3,3,11,1,2,1,1,3,7,5,4,3,3,4,4,3,4,9,9,4,4,2,3,3,4,4,4,2,1,4,2,3,3,3,1,2,4,4,4,4,3,3,3,2,2,2,2,1,2,1,2,2,2,1,2,2,2,2,3,7,4,8,4,7,3,8,3,1,53,4,1,1,1,42,8500,3800,0,31101,국제투자분석사 투자상담사 선물거래상담사 경기흐름파악 전산 시스템 업그레이드 자동화 일자리 감소,경제학
27411,1,0,2,2,1,0,1,0,1,0,1,0,2,1,3,3,1,0,1,0,1,0,1,0,2,3,1,0,1,0,1,0,1,0,2,2,1,0,1,0,1,0,2,2,1,0,2,2,3,4,1,0,1,0,2,2,4,5,3,4,1,0,3,3,1,0,3,4,2,2,2,2,2,2,4,5,4,5,3,3,5,6,4,5,3,3,2,2,2,1,2,3,1,1,4,3,3,2,2,3,2,6,1,2,2,2,0,1,2,1,1,1,3,2,3,3,9,9,9,3,4,2,2,3,3,3,3,2,3,3,4,4,3,3,2,2,2,3,2,3,4,4,2,2,2,2,2,2,2,2,2,1,3,3,3,3,2,5,7,7,6,7,6,5,5,5,1,29,3,1,3,2,40,2813,2500,0,702502,공란,기계공학
27412,2,2,3,3,1,0,1,0,1,0,3,4,1,0,1,0,2,2,3,3,1,0,1,0,2,1,1,0,2,3,4,3,1,0,2,3,1,0,4,4,2,2,3,3,3,3,3,2,2,2,1,0,1,0,1,0,3,3,1,0,1,0,2,2,2,2,1,0,1,0,1,0,1,0,1,0,1,0,2,2,2,4,1,0,3,2,2,2,3,5,4,2,2,2,3,3,3,2,2,2,3,20,4,1,2,2,0,4,2,2,2,1,4,3,3,3,9,3,9,3,3,1,1,3,2,2,3,4,2,5,2,3,2,3,2,3,2,3,3,2,3,3,2,2,2,2,2,2,2,2,2,2,3,3,3,3,2,7,8,7,4,5,4,5,5,5,2,49,2,1,4,2,40,1800,1500,0,561601,맞벌이 부부 때문,문과
27413,2,2,2,2,1,0,1,0,2,3,1,0,1,0,2,2,3,3,3,3,1,0,1,0,3,3,1,0,2,2,2,3,1,0,1,0,1,0,2,1,2,2,3,3,2,3,1,0,1,0,1,0,3,3,2,2,3,4,1,0,1,0,2,3,2,3,3,3,2,3,3,4,1,0,3,2,1,0,2,3,3,5,2,3,3,3,3,3,4,2,4,3,3,2,4,3,2,2,3,2,4,6,1,2,1,1,2,2,2,3,3,3,3,4,3,4,9,9,4,4,2,4,3,3,2,3,4,3,3,5,3,4,3,1,2,2,3,3,2,1,4,4,2,2,2,2,2,2,2,2,2,1,2,3,3,3,2,8,7,6,4,3,5,8,3,4,1,38,2,1,1,1,40,3500,2500,0,702601,건축도장공기능사 산업기사 건축 도장공 훈련 건설 경기 불황,문과
27414,3,4,4,4,4,4,4,4,3,5,3,4,2,3,1,0,2,4,3,3,3,3,3,3,3,3,3,3,4,4,3,3,3,5,3,3,3,3,4,4,4,4,2,2,3,3,4,4,3,3,4,4,2,4,3,3,4,4,4,3,1,0,3,4,2,4,3,3,4,4,2,3,2,3,4,3,3,4,3,3,3,5,3,3,2,3,2,3,3,2,3,4,3,2,3,4,3,2,4,3,3,4,1,1,1,2,0,7,3,3,3,3,4,3,4,4,3,4,3,3,4,3,3,3,4,3,4,3,3,3,4,3,3,4,3,3,4,4,3,3,4,4,2,2,2,2,2,2,2,2,2,1,3,2,2,2,2,7,6,7,6,5,5,6,5,6,1,39,4,1,3,1,56,3300,1800,0,811501,전기기술자격증 보일러수리자격증 변동,기계공학
27415,5,6,5,6,4,5,5,6,3,4,4,5,3,4,4,5,3,5,3,4,5,6,3,4,4,4,5,5,5,6,4,5,4,5,4,5,3,4,4,6,5,6,4,5,5,6,4,6,3,4,5,5,1,0,1,0,1,0,1,0,3,4,3,5,1,0,1,0,1,0,1,0,4,4,1,0,1,0,1,0,1,0,1,0,3,4,3,3,4,5,4,4,5,3,3,4,4,3,5,4,4,13,1,1,1,2,0,6,5,5,4,4,3,5,4,4,9,9,4,4,2,4,5,4,4,3,2,3,4,4,2,5,4,4,5,4,4,4,4,3,5,4,2,2,2,2,2,2,2,2,2,1,3,3,3,3,2,5,3,1,4,2,2,2,5,5,2,42,5,2,5,1,48,0,0,8000,221201,변호사 자격증 변호사 업무,법학
27416,2,1,2,2,1,0,2,2,1,0,1,0,1,0,3,3,2,3,3,2,1,0,3,4,3,2,1,0,3,3,4,5,4,4,3,4,4,3,3,2,2,2,2,3,2,1,3,2,4,3,2,2,4,2,3,2,3,3,3,3,1,0,3,3,1,0,2,1,1,0,1,0,2,2,4,5,3,2,4,4,5,5,4,5,3,4,2,3,5,3,2,3,3,1,1,3,3,2,4,3,4,9,1,1,1,2,0,7,2,4,3,3,4,3,2,1,1,2,3,2,4,2,3,3,3,2,2,4,2,5,3,5,3,3,3,3,4,4,2,1,5,4,2,2,2,2,2,2,2,2,2,1,3,2,2,2,2,6,6,6,4,7,6,6,5,5,2,35,2,1,3,1,40,2500,2000,0,531401,양식조리기능사 맞벌이 부부 증가 외식 문화,실업계(여상졸업)
27417,1,0,1,0,1,0,1,0,1,0,1,0,5,6,4,5,4,6,4,5,4,5,4,5,4,5,4,5,4,5,4,6,4,5,4,5,4,5,4,5,4,5,3,4,3,5,1,0,1,0,3,5,1,0,1,0,1,0,1,0,1,0,1,0,3,4,4,3,1,0,1,0,4,5,4,5,5,7,5,6,5,6,4,6,3,4,4,5,4,3,2,4,4,2,4,3,4,3,4,3,3,18,1,4,2,2,0,7,5,4,3,3,4,3,3,4,3,3,4,4,3,3,3,2,3,4,3,3,2,3,3,3,4,3,3,3,2,4,3,3,3,4,2,2,2,2,2,2,2,2,2,2,4,2,2,2,1,7,6,8,4,3,4,7,2,3,2,35,5,1,1,1,35,6500,5000,0,414701,발레 대중화,발레
27418,2,3,1,0,2,3,4,5,2,3,1,0,2,3,2,3,3,4,1,0,1,0,1,0,1,0,2,3,1,0,2,3,1,0,1,0,1,0,1,0,2,3,1,0,2,3,1,0,1,0,2,3,1,0,1,0,1,0,1,0,2,3,1,0,1,0,1,0,1,0,1,0,1,0,1,0,2,3,1,0,2,3,1,0,1,0,1,0,3,2,3,4,3,3,3,3,4,3,3,2,3,18,1,4,2,2,0,7,2,4,3,3,3,4,3,3,3,4,3,4,2,3,4,3,4,3,3,3,4,4,3,3,4,3,3,4,3,3,4,3,3,4,2,2,2,2,2,2,2,2,2,1,4,2,2,3,1,6,5,6,5,6,5,5,4,5,2,45,3,1,1,1,42,3019,2600,0,521101,관심,무역학
27419,5,6,5,6,4,5,5,7,1,0,3,4,4,4,4,5,5,6,4,5,3,4,5,7,4,4,4,5,5,6,5,7,4,5,2,3,5,5,5,5,5,5,4,6,5,6,1,0,1,0,1,0,3,4,1,0,3,4,1,0,3,3,4,4,1,0,1,0,1,0,1,0,2,3,1,0,1,0,1,0,1,0,1,0,5,5,5,6,4,4,4,3,3,4,3,3,3,3,3,3,4,16,5,2,2,2,0,6,5,3,3,3,3,4,3,3,3,2,3,3,3,3,3,3,3,2,1,3,2,5,2,4,4,3,5,3,3,2,3,3,4,3,2,2,2,2,2,2,2,2,2,2,2,2,2,2,2,5,3,7,3,3,5,5,5,5,2,33,4,1,3,2,42,4500,2800,0,214102,온라인 강의 발달 대형화 학원 소규모 학원 폐업 것이므,영어영문학
27420,3,1,2,4,4,2,4,2,3,2,4,4,4,2,2,3,5,3,2,2,1,0,2,3,4,2,3,3,4,1,2,2,4,1,3,2,2,2,4,2,3,2,4,3,2,1,3,1,2,3,1,0,4,4,3,1,4,1,2,3,2,2,4,4,4,4,4,3,5,2,2,2,3,2,4,1,2,2,4,1,5,2,4,2,2,2,2,2,2,3,3,2,5,4,4,2,4,4,3,1,2,3,1,2,1,2,0,1,2,4,4,2,3,4,4,2,3,4,4,3,4,2,3,3,2,4,2,3,3,2,4,2,2,4,4,5,3,4,3,5,4,4,2,2,1,2,2,2,2,2,2,2,2,2,3,3,2,6,7,7,4,6,3,7,3,3,2,30,3,1,1,1,40,2900,2800,0,862101,양장기능사 패션디자인산업기사 컴퓨터 캐드 패턴 작업 수행 컴퓨터 발전 패턴 작업 동시 발전 감소 예정,의류학
27421,5,5,5,6,3,5,5,6,2,4,4,6,3,4,3,5,5,6,3,5,3,6,4,6,5,7,5,7,4,5,5,7,5,7,5,6,3,5,4,6,4,6,5,6,4,7,1,0,2,2,4,6,2,3,1,0,3,4,1,0,3,4,1,0,5,7,4,4,4,4,4,4,4,4,4,4,4,4,3,4,1,0,1,0,3,5,4,5,5,5,4,2,4,4,5,2,2,3,4,5,5,15,2,2,1,1,2,5,5,4,3,3,5,4,4,3,4,5,5,4,2,4,3,5,3,2,5,1,4,4,5,5,4,5,4,5,5,3,2,3,5,5,2,1,1,2,1,1,2,2,2,3,2,3,3,3,2,5,5,6,5,3,7,3,5,6,2,28,4,1,1,1,50,4000,3500,0,621402,5급항해사 이상 면허소지 1년 승선경력 업무에 필요한 각종 장비의 기능 이해 조작법 습득 관제 운용 프로그램 개발 도입 장비 첨단 자동화 감소 예상,해사수송과학부
27422,2,3,2,3,2,2,4,5,3,4,3,4,2,3,2,3,4,5,3,4,3,3,2,3,3,5,3,4,4,5,4,5,3,4,3,3,2,2,4,5,4,5,4,5,3,4,3,3,2,3,2,3,2,3,1,0,1,0,2,3,2,2,3,4,3,3,2,3,3,3,2,2,2,3,2,3,2,3,3,4,3,4,2,2,2,3,2,3,3,2,2,3,4,2,2,3,3,4,4,2,3,9,1,6,2,2,0,3,2,3,3,3,4,4,2,3,3,9,2,3,2,4,3,4,3,5,3,4,3,2,4,3,4,4,3,3,4,3,3,4,4,4,2,2,2,2,2,2,2,2,2,2,3,2,2,3,2,6,5,7,4,5,3,4,5,3,2,36,2,1,1,1,48,2500,1800,0,532101,매출 일자리 변화,미용
27423,4,5,4,5,4,5,3,4,4,5,1,0,3,4,2,2,3,4,4,3,1,0,1,0,1,0,3,4,3,4,3,4,1,0,3,4,4,5,3,4,3,4,4,5,4,5,3,4,3,4,2,3,2,3,2,3,1,0,1,0,2,2,1,0,4,5,2,3,3,4,4,5,3,4,3,4,1,0,1,0,1,0,1,0,3,3,3,3,2,3,4,4,2,4,3,4,3,4,4,4,3,13,1,4,2,2,0,2,2,2,4,3,4,3,2,4,3,4,4,4,2,4,3,4,3,3,3,2,3,3,4,4,3,3,2,2,2,4,2,2,4,4,2,2,2,2,2,2,2,2,2,2,3,3,3,3,1,7,6,6,4,5,5,2,3,6,1,50,4,1,1,1,48,4500,2600,0,135001,업계 급성 소강 상태,토목공학
27424,4,6,3,6,2,4,1,0,5,6,4,5,2,6,5,5,4,4,2,5,4,6,3,4,4,5,3,5,1,0,2,3,2,5,2,4,3,5,1,0,5,4,3,4,3,5,2,4,4,4,3,5,5,6,5,6,4,6,3,5,3,5,4,6,4,4,3,5,4,6,5,5,3,5,4,5,3,4,2,2,1,0,1,0,4,5,2,1,4,3,4,4,4,4,5,2,4,5,3,3,4,3,1,2,1,2,0,2,4,4,4,3,4,3,4,4,3,4,5,4,4,3,3,4,3,3,2,3,3,3,2,5,4,4,3,4,5,4,3,4,4,3,2,2,2,2,2,2,2,2,2,1,4,3,3,3,2,8,9,8,3,5,2,5,5,5,1,39,4,1,1,1,40,4000,3200,0,152201,금속가공기술사 금속재료산업기사 금속 소재 산업 기술 현재 산업 영향 주어,금속공학
27425,3,4,3,3,2,2,3,4,2,2,2,3,1,0,2,1,3,4,1,0,1,0,2,2,3,4,1,0,2,3,3,4,1,0,2,2,2,1,3,4,3,3,3,4,2,2,1,0,1,0,2,2,1,0,1,0,1,0,1,0,2,3,2,2,1,0,1,0,1,0,1,0,1,0,1,0,2,2,2,2,2,1,2,3,2,3,2,1,3,1,2,2,3,3,2,3,2,1,2,3,3,18,1,2,2,2,0,4,5,3,2,4,3,4,3,3,2,2,3,3,2,3,2,4,4,3,2,3,2,2,4,3,2,2,3,1,2,3,4,3,4,3,2,2,2,2,2,2,2,2,2,3,3,2,2,2,1,4,5,4,3,6,4,5,5,6,1,36,4,1,1,1,50,2900,2500,0,521201,공란,호텔관광
27426,4,5,4,4,3,3,4,5,4,4,4,4,3,3,3,3,4,3,3,4,3,4,3,3,4,3,3,3,4,4,4,4,3,4,4,4,4,3,4,5,4,4,4,4,4,3,4,4,3,3,3,3,2,5,2,2,2,2,2,2,4,4,3,2,3,1,2,3,2,2,2,2,2,2,2,2,2,2,3,3,3,3,3,3,4,4,4,3,4,3,4,2,3,4,3,4,4,3,3,3,3,18,1,2,2,2,0,2,5,3,3,3,3,4,4,2,3,3,4,3,4,2,2,2,3,3,3,4,3,3,4,4,2,3,3,3,4,4,3,3,3,4,2,2,2,2,2,2,2,2,2,1,3,2,2,2,1,6,4,7,5,4,6,7,8,3,2,42,4,1,1,1,40,5000,2000,0,521101,변화,호텔경영
27427,4,5,3,5,3,4,5,5,1,0,3,4,1,0,3,4,3,4,2,4,4,4,3,4,4,4,4,4,4,5,4,5,2,3,1,0,5,5,4,4,2,3,2,4,5,5,2,2,2,2,2,3,1,0,1,0,4,5,1,0,3,4,1,0,4,5,5,5,4,4,3,4,3,4,3,4,5,5,4,5,5,7,4,5,5,5,5,5,3,4,2,2,3,2,3,2,2,3,4,4,3,15,2,6,2,2,0,7,2,3,2,2,3,2,3,1,2,3,3,2,5,2,3,4,3,3,3,3,4,4,2,4,3,4,5,4,5,4,4,2,5,3,2,2,2,2,2,2,2,2,2,1,3,3,3,3,2,6,8,4,7,5,3,3,3,5,1,32,2,1,1,1,40,2400,2100,0,250301,변화 직업,인문계졸업
27428,4,3,3,4,2,2,3,5,4,5,3,4,3,4,3,4,2,4,3,5,3,5,3,3,3,5,3,5,3,4,3,5,3,4,3,5,3,5,3,4,4,5,4,5,3,4,3,4,3,4,3,4,3,4,3,5,3,4,3,4,4,5,3,4,4,4,5,4,3,4,3,4,3,3,3,4,2,4,3,4,4,5,2,2,2,2,2,2,4,4,2,5,4,1,4,4,3,4,4,4,4,1,2,2,1,1,1,1,5,4,3,2,3,4,4,4,4,4,4,4,2,4,3,4,4,4,4,2,4,4,5,4,4,4,4,4,4,4,4,4,4,4,2,1,1,2,2,2,2,2,2,1,4,1,1,1,2,6,6,6,3,3,3,3,3,3,2,24,4,1,3,2,40,2400,2400,0,903101,산림기사 산림기술사 산림조사방법 프로그램 PC 활용법 조사 위성 자료 도입 기계 이기 때문,산림경영학
27429,1,0,3,4,1,0,1,0,2,2,3,4,1,0,1,0,3,4,3,4,3,4,1,0,3,4,3,4,1,0,3,4,1,0,1,0,3,4,2,2,3,4,4,6,3,4,2,2,3,4,2,2,3,4,1,0,3,4,3,4,3,4,3,4,3,4,3,4,4,6,4,6,1,0,3,4,3,4,3,4,4,5,3,4,3,4,3,4,4,4,3,3,3,2,4,3,2,3,2,3,3,1,4,1,2,2,0,2,1,4,2,2,4,4,4,4,9,9,4,4,2,4,4,4,4,3,2,2,3,2,4,3,4,3,3,3,4,4,4,3,3,3,2,2,2,2,2,2,2,2,2,2,1,3,3,3,2,2,8,3,8,3,8,2,8,3,1,55,1,2,6,1,40,0,0,3000,904201,사람,0
27430,3,3,3,4,3,4,4,5,3,5,4,5,3,4,2,3,3,3,3,3,2,3,3,4,4,4,2,2,3,3,4,4,2,3,3,3,3,3,1,0,1,0,2,2,3,3,2,2,3,3,3,3,4,5,5,6,4,6,3,4,3,5,4,4,4,6,3,5,4,6,2,2,4,4,2,3,2,3,2,2,2,2,2,2,2,3,2,2,2,3,4,3,4,4,3,4,2,3,3,2,2,10,1,6,2,1,2,5,5,3,2,3,4,3,3,4,3,4,5,4,1,3,3,3,3,3,3,2,3,3,4,4,3,3,3,3,3,3,2,3,3,4,2,2,2,2,2,2,2,2,2,2,3,3,3,3,1,7,6,6,4,4,5,5,5,5,2,31,5,1,1,1,40,3400,3000,0,134303,논리적 분석 훈련 상황 유지 기대,전자공학
27431,2,2,3,3,1,0,1,0,1,0,1,0,3,3,3,3,2,2,3,3,1,0,2,2,2,3,3,3,2,2,3,3,3,3,3,2,4,4,4,4,4,4,3,3,4,3,3,3,5,4,4,4,5,5,3,3,5,3,5,5,5,4,4,3,4,3,4,4,5,6,5,4,5,5,4,3,4,4,5,4,4,3,3,3,5,4,4,4,3,2,2,3,3,3,3,2,3,3,3,3,3,15,2,3,1,2,0,4,4,3,3,3,4,4,2,3,4,4,4,3,3,3,3,4,4,3,2,4,3,4,4,4,3,3,4,3,3,4,4,2,4,4,1,1,1,1,1,1,1,1,1,1,4,1,1,1,1,5,5,5,5,5,5,5,5,5,1,36,4,1,1,1,40,4000,2800,0,842201,정보통신기술사 통신 장비 발전 현장 일자리 갈수록,전자공학
27432,3,3,2,3,2,3,2,3,2,2,1,0,2,3,2,3,2,2,2,2,2,2,2,2,2,2,2,2,2,2,2,2,1,0,2,2,2,2,2,2,2,2,2,2,2,2,2,2,2,2,2,2,2,2,2,2,2,2,2,2,2,2,2,2,2,2,2,2,2,2,2,2,2,2,4,3,2,3,2,3,2,2,2,2,2,2,2,3,2,3,2,2,2,4,2,2,2,4,2,4,2,17,1,2,1,2,0,6,6,2,2,3,2,2,2,3,3,2,3,3,3,2,2,3,2,2,2,3,3,3,3,3,3,2,3,3,3,2,3,2,2,4,2,2,2,2,2,2,2,2,2,1,3,3,3,3,2,7,6,7,7,6,6,6,7,7,1,48,4,2,5,1,40,0,0,10000,301111,의사자격증,의예
27433,4,4,3,5,3,5,3,5,1,0,2,5,4,5,3,5,3,4,3,5,3,5,4,5,5,5,3,5,3,4,3,5,1,0,1,0,5,5,2,5,3,5,2,4,3,4,1,0,3,5,3,4,2,4,2,4,2,4,1,0,1,0,1,0,2,4,2,4,1,0,2,4,1,0,3,5,2,4,2,4,2,6,2,4,3,5,1,0,5,5,2,3,4,4,4,2,3,2,4,4,4,16,5,2,1,2,0,4,4,4,4,3,4,4,4,3,9,4,4,3,3,4,3,5,4,3,2,1,3,3,3,4,3,3,3,2,4,4,2,3,4,4,2,2,2,2,2,2,2,2,2,2,3,2,2,2,1,8,5,7,3,3,7,7,7,5,1,34,4,1,1,1,42,3700,2200,0,214401,보육교사 온라인 무료 강습 증가,산업디자인
27434,2,3,3,4,3,3,3,4,3,4,3,4,4,5,4,5,4,5,1,0,2,3,3,4,4,4,4,4,3,4,4,5,4,5,4,5,4,5,4,5,3,4,4,5,4,5,4,5,4,5,4,5,4,5,3,4,4,5,4,5,3,4,4,6,3,4,4,5,1,0,2,3,3,4,4,5,4,5,2,2,3,4,2,3,3,4,3,3,3,4,2,3,4,2,4,4,2,3,4,4,4,9,1,5,1,1,4,7,5,4,3,3,4,3,3,3,4,4,4,4,4,3,3,3,4,4,3,3,4,3,3,3,3,2,3,4,3,4,3,3,3,4,2,2,2,2,2,2,2,2,2,3,2,2,2,3,1,7,6,6,4,3,3,7,4,3,2,31,4,1,1,1,40,4300,3200,0,305001,영양사 영양식단 조리법 학습 인력 총괄 가능 범위 증가,식품영양학
27435,4,4,4,4,3,4,3,4,4,4,3,4,4,5,4,5,4,4,4,5,4,5,4,5,3,4,3,4,3,4,4,5,4,5,4,5,4,4,4,4,3,4,4,4,3,5,3,4,4,4,3,4,3,4,3,4,3,4,3,3,4,4,3,4,3,3,4,5,3,4,3,4,4,4,3,4,3,3,3,4,3,4,3,4,3,4,3,4,4,4,3,3,4,4,4,4,4,5,5,4,4,17,1,2,1,2,0,3,5,3,4,3,4,4,4,5,4,4,5,4,3,3,3,4,4,3,3,4,3,3,3,4,4,4,4,4,4,4,3,3,3,3,2,2,2,2,2,2,2,2,2,2,2,2,2,2,1,7,6,7,6,6,6,7,6,6,1,36,4,1,1,1,40,6800,4000,0,301110,의사 자격증 기술 개발,마취
27436,2,2,2,2,2,2,2,2,2,3,2,3,3,4,3,4,2,2,2,3,2,2,2,4,3,2,2,2,2,2,2,2,2,3,3,3,2,4,2,2,2,3,2,2,2,2,2,1,3,2,1,0,3,3,2,3,3,3,2,3,1,0,3,3,3,3,3,3,3,3,3,2,2,4,4,5,4,5,3,4,3,5,3,4,3,4,2,2,2,2,2,2,3,2,3,3,3,3,3,3,2,3,1,2,2,2,0,4,3,3,2,2,3,3,3,2,9,4,4,3,4,4,3,3,3,4,3,2,4,4,3,5,3,3,2,2,3,5,3,3,5,5,2,2,2,2,2,2,2,2,2,2,2,3,2,2,2,8,7,6,4,3,4,6,4,4,2,53,2,1,3,2,38,2600,2000,0,862301,자동화 설비 증가,이과
27437,4,6,4,5,4,5,4,5,4,5,4,5,4,4,3,4,3,5,2,3,3,4,3,4,3,4,4,5,4,5,4,5,4,5,4,5,4,6,4,5,4,5,4,5,4,5,2,2,2,3,3,3,2,3,1,0,1,0,2,2,1,0,2,2,2,3,3,3,2,2,1,0,3,4,3,3,3,4,3,4,3,3,2,3,4,5,4,4,4,4,4,4,5,4,4,5,4,4,4,5,4,17,1,4,1,2,0,7,5,4,4,4,4,4,4,4,3,4,4,4,4,3,4,4,3,2,3,4,4,4,3,4,4,5,4,3,4,4,4,4,4,3,2,2,2,1,2,2,2,2,2,2,4,2,2,2,2,2,3,3,2,3,3,3,4,3,2,40,4,1,1,1,40,5200,2800,0,306903,놀이심리상담사 진단 시스템 기계 발달 아동 관심 증가,사회복지
27438,4,6,4,6,4,6,4,5,3,5,4,6,3,5,3,5,4,5,3,5,4,5,4,5,4,5,4,5,4,5,3,5,5,5,5,5,4,5,4,5,4,5,4,5,4,5,4,5,3,4,5,5,4,4,2,3,2,3,2,3,3,4,2,3,2,2,2,3,2,3,2,2,4,5,3,3,2,3,2,2,3,4,2,3,3,5,3,4,3,4,3,2,3,3,3,3,2,3,4,4,4,19,1,2,1,1,2,4,5,4,4,4,4,4,2,2,3,3,3,3,4,4,3,4,3,2,3,4,3,4,4,3,3,3,3,3,3,3,3,3,3,2,2,2,2,2,2,2,2,2,2,1,3,3,3,3,1,3,3,3,3,3,3,3,3,3,1,37,4,1,1,1,52,4000,3000,0,22201,공인노무사자격증 인사노무실무 자격 통제 수요 유지,법학
27439,2,4,3,4,2,3,4,4,4,4,4,6,3,5,3,5,5,6,1,0,3,4,2,4,2,4,2,4,2,5,3,5,4,6,4,4,3,5,3,5,4,5,4,5,4,4,4,6,2,4,2,4,1,0,1,0,1,0,1,0,3,5,1,0,1,0,1,0,1,0,1,0,1,0,1,0,1,0,1,0,1,0,1,0,4,4,1,0,4,4,4,4,4,3,4,5,4,3,4,5,4,13,1,1,1,1,5,5,5,4,4,5,5,5,4,4,9,9,9,4,2,4,4,4,5,5,5,3,4,3,3,4,4,5,5,4,4,5,4,5,5,4,2,2,2,2,2,2,2,1,2,3,4,2,2,2,1,8,2,3,3,1,2,2,7,3,1,44,4,2,5,1,45,0,0,9000,23101,회계사 회계업무 불경기 인원 감축 세법 개정 변화,경영학
27440,3,5,3,5,2,3,4,5,2,4,3,4,3,5,3,4,4,4,2,3,3,4,4,5,4,4,4,3,4,4,5,5,4,5,2,1,4,6,4,5,4,5,5,5,3,4,1,0,2,2,1,0,2,4,1,0,3,2,1,0,2,3,1,0,1,0,2,2,1,0,2,3,1,0,4,4,3,3,4,5,2,3,3,4,4,3,3,4,4,5,3,3,4,3,4,5,5,5,5,5,5,16,5,2,1,1,3,5,5,4,4,4,4,4,4,3,2,4,4,3,3,4,4,4,4,4,4,2,4,2,3,4,4,5,4,3,4,4,5,4,5,3,2,2,2,2,2,2,2,2,2,1,4,1,1,3,1,2,2,4,2,2,2,7,4,4,1,49,4,1,3,1,35,2800,2200,0,306903,놀이재활사2급 심리상담치료사 환자군의 상담 부모들의 상담 교육 행동 장비 아동 갈수록 증가,미술치료학
27441,4,5,4,6,4,6,4,6,2,3,4,5,2,3,4,5,3,4,4,5,4,5,4,6,4,6,3,4,3,4,3,4,3,4,2,3,5,7,3,4,3,4,5,7,3,4,2,3,2,3,2,3,3,4,3,4,3,4,2,3,3,4,2,3,2,3,1,0,1,0,1,0,2,3,2,3,2,3,2,3,3,4,3,4,5,7,5,7,3,5,4,4,5,4,4,5,3,5,5,5,3,17,1,2,1,1,6,6,7,4,5,5,5,5,4,4,4,4,4,4,2,4,5,2,3,2,3,5,4,5,2,5,5,5,5,5,4,5,5,4,5,4,2,2,2,2,2,2,2,2,2,2,3,1,1,1,1,1,1,3,3,2,4,1,1,2,2,31,6,2,5,1,40,0,0,7000,301113,의사 전문의 3년의 훈련 고령화 대가 식생활 습관 건강 관심,가정의학
27442,4,5,4,6,4,5,4,6,4,5,4,5,1,0,4,6,5,6,3,4,3,4,2,3,3,4,4,4,4,4,3,3,3,4,4,4,1,0,4,5,3,4,3,4,4,4,2,3,1,0,1,0,1,0,1,0,1,0,1,0,4,4,4,5,1,0,1,0,1,0,1,0,1,0,1,0,1,0,1,0,1,0,1,0,4,4,3,4,2,4,4,3,5,4,4,4,3,4,5,5,4,19,1,2,1,2,0,2,5,4,4,4,5,4,5,4,3,4,4,4,2,4,4,4,4,4,5,4,4,2,2,4,4,4,5,5,4,4,4,4,4,3,2,2,2,2,2,2,2,2,2,2,4,3,2,2,2,5,5,3,4,5,4,7,6,3,1,42,4,1,1,1,40,6000,5000,0,221401,변리사 자격증 직종 선호 직업,물리학
27443,2,4,4,5,2,2,3,5,3,4,3,3,2,3,3,3,2,3,4,4,3,3,4,5,3,3,2,4,4,5,4,4,3,3,3,3,4,4,2,3,3,3,4,4,3,3,3,4,4,4,3,5,1,0,1,0,2,5,1,0,4,4,2,5,3,5,1,0,1,0,1,0,4,4,4,5,4,4,4,4,3,4,2,4,4,4,2,4,4,3,3,4,5,4,4,5,4,4,3,4,4,17,1,2,1,2,0,2,4,4,3,4,4,3,3,4,5,4,3,4,4,3,3,4,4,3,3,3,4,4,3,3,4,4,3,3,4,5,4,3,4,4,2,2,2,2,2,2,2,2,2,2,3,3,3,3,1,7,3,5,7,3,4,7,3,5,2,40,4,1,3,2,30,2800,2000,0,306903,놀이치료사 향후 일자리 변화,심리학
27444,2,2,2,2,2,2,2,3,2,2,2,2,2,2,2,2,2,2,2,3,2,2,2,2,2,3,3,5,3,5,2,2,2,2,2,3,2,2,2,2,2,2,2,2,2,2,2,2,2,2,2,2,2,2,2,2,2,2,2,2,2,2,2,2,2,2,2,2,2,2,2,2,2,3,2,2,2,2,2,4,2,4,2,4,3,3,2,3,4,4,3,3,3,2,2,3,3,2,4,4,4,16,5,4,2,2,0,3,5,4,3,4,4,4,3,3,9,5,2,3,2,4,3,4,4,3,3,3,4,4,4,4,4,4,4,4,4,5,4,4,5,4,2,2,2,2,2,2,2,2,2,1,2,2,2,3,2,6,4,5,4,4,5,4,5,5,1,53,4,1,1,1,43,5000,3000,0,420101,운동선수 감소,체육
27445,4,4,4,3,4,4,3,3,3,4,3,4,5,5,4,4,2,2,4,5,3,3,3,4,2,2,5,5,4,3,2,2,2,2,2,4,1,0,5,5,3,4,4,3,2,2,2,3,1,0,1,0,2,2,1,0,1,0,1,0,4,4,3,3,1,0,1,0,1,0,1,0,3,3,2,2,1,0,2,2,2,2,1,0,1,0,1,0,4,4,3,2,4,3,3,3,3,3,4,3,3,18,1,2,1,1,2,2,4,3,2,2,4,3,3,2,4,3,4,3,3,2,3,3,2,2,3,2,3,3,3,5,5,4,3,3,2,4,3,2,3,4,2,2,2,1,2,2,1,2,1,1,2,2,2,2,1,6,7,6,3,2,2,8,3,3,2,39,3,1,1,1,40,3200,2400,0,521101,관광통역안내사 국내여행안내사 회사 업무 파악 코로나 영향 인력 감축 여행 상품 제약 코로나 부정 영향,호텔경영학
27446,4,5,4,6,2,4,4,5,1,0,3,5,3,4,5,4,3,3,3,3,2,2,3,4,2,2,2,2,3,3,2,3,1,0,1,0,1,0,3,2,3,4,4,4,2,3,1,0,3,4,1,0,1,0,1,0,1,0,1,0,3,4,2,2,1,0,1,0,1,0,1,0,1,0,2,2,1,0,2,1,2,3,1,0,3,4,3,1,5,3,2,4,4,3,4,4,3,4,3,2,2,16,5,2,1,2,0,7,5,4,4,4,4,4,3,4,4,3,4,4,2,3,3,2,2,3,3,3,3,4,3,3,4,4,3,3,3,3,3,1,3,3,2,2,2,2,2,2,2,2,2,1,1,3,2,3,2,4,5,2,6,3,4,7,6,3,1,31,4,1,1,1,40,3000,2000,0,413101,박물관 미술관 준학예사 인공 지능 기술 발달 로봇 기계로 큐레이터 학예사 업무,영상예술학
27447,1,0,1,0,1,0,1,0,2,3,2,5,2,3,3,5,2,2,3,5,2,3,3,4,3,4,4,5,4,5,3,4,4,5,4,5,3,3,3,4,4,4,4,4,3,4,4,5,4,5,4,4,4,4,4,5,4,5,4,5,2,3,4,4,4,4,4,4,3,4,3,4,2,3,2,3,2,5,1,0,2,4,2,3,2,2,2,3,4,3,2,3,3,2,4,4,2,4,3,3,4,3,1,1,2,2,0,2,3,2,3,3,4,4,2,3,9,9,9,3,3,2,3,4,4,3,4,4,2,3,3,4,3,3,3,3,2,3,3,4,4,4,2,2,2,2,2,2,2,2,2,1,3,2,2,2,2,6,6,7,7,7,6,6,5,6,1,58,2,2,5,1,45,0,0,3500,702701,용량 변화,기계
27448,2,1,2,2,2,1,3,4,2,1,1,0,4,4,2,1,3,3,2,3,2,2,2,1,3,5,2,1,3,3,3,3,2,3,1,0,2,3,3,3,2,2,2,2,2,1,2,2,1,0,1,0,3,3,1,0,1,0,1,0,1,0,1,0,1,0,1,0,1,0,1,0,1,0,3,2,3,1,2,2,2,1,2,3,3,4,3,2,3,5,1,2,3,1,2,3,2,2,4,1,3,18,1,2,2,1,2,1,2,3,1,1,2,2,3,4,3,3,3,3,2,3,2,2,3,1,4,3,4,4,2,3,4,4,2,4,5,5,1,1,5,5,2,2,2,2,2,2,2,2,2,1,3,2,2,2,1,7,8,7,6,5,4,7,6,4,1,33,4,1,3,2,30,3000,2000,0,420403,직무교육 결혼 이벤트 돌잔치,경호학
27449,4,6,4,5,2,2,5,6,1,0,2,2,1,0,3,3,2,2,1,0,1,0,5,6,2,2,1,0,3,5,4,3,1,0,1,0,5,6,4,5,2,3,3,4,1,0,1,0,3,2,2,2,1,0,1,0,1,0,1,0,3,3,1,0,1,0,1,0,1,0,1,0,1,0,3,1,2,2,1,0,2,3,2,2,2,3,3,2,4,4,4,3,4,4,4,4,4,4,4,4,3,16,5,3,1,1,3,3,5,4,4,4,4,4,4,4,4,4,5,4,3,4,4,4,4,4,2,3,4,4,4,4,4,2,4,4,4,4,4,2,4,4,2,2,2,2,2,2,2,2,2,1,3,3,3,3,2,7,7,6,5,4,4,7,6,3,2,39,4,1,1,1,40,4200,3000,0,304003,보건교사 적성 교육 학생 수가 지금 별반 차이,보건학
27450,3,5,3,5,3,2,4,5,2,3,2,3,4,5,3,3,2,3,2,3,2,2,2,3,2,2,1,0,5,5,2,3,3,5,2,2,2,5,3,4,2,2,1,0,3,4,1,0,1,0,1,0,2,3,2,3,3,4,2,2,2,2,1,0,1,0,1,0,1,0,1,0,1,0,1,0,1,0,1,0,1,0,1,0,3,4,2,4,4,4,2,3,4,3,3,4,3,4,3,3,3,6,1,2,1,2,0,7,4,4,4,3,4,4,3,3,3,5,5,4,2,4,4,5,4,3,4,4,5,3,4,4,3,4,4,4,5,4,4,3,5,3,2,2,2,2,2,2,2,2,2,1,4,3,2,2,2,7,5,6,4,3,4,4,4,3,2,27,4,1,1,1,40,2700,2500,0,415301,실내건축기사 실내건축기능사 인테리어 대한 의식 향상,산업디자인학
27451,4,5,4,5,3,5,2,4,4,5,4,5,3,4,3,4,3,3,2,2,2,5,2,3,2,2,2,4,2,2,2,2,3,4,3,3,2,2,2,2,3,5,4,5,2,4,2,1,2,1,2,3,2,2,1,0,1,0,1,0,3,5,2,3,2,1,2,1,1,0,1,0,2,3,2,1,2,1,2,1,2,2,2,2,2,2,2,1,4,3,4,3,3,4,4,3,4,4,3,3,4,11,1,6,2,2,0,5,5,3,3,3,3,4,3,4,4,3,4,4,1,4,4,3,3,2,3,3,3,3,3,4,3,3,3,3,3,4,3,3,4,4,2,2,2,2,2,2,2,2,2,2,4,3,3,3,1,3,4,3,5,4,3,6,4,4,1,43,5,1,1,1,40,7500,5000,0,31302,고객 금융 상품 개발 수요,통계학
27452,4,4,3,3,2,3,4,5,2,2,2,2,2,2,2,2,4,4,2,2,2,2,3,4,3,3,1,0,2,2,3,3,2,2,2,4,2,2,2,2,4,4,3,3,4,5,1,0,1,0,1,0,2,2,1,0,4,5,3,3,1,0,4,5,5,4,4,4,4,4,4,4,1,0,3,4,3,3,2,2,4,4,4,4,3,3,3,3,4,3,2,3,3,1,4,3,3,3,4,2,4,3,1,6,2,2,0,4,3,2,2,1,3,2,2,3,3,2,4,3,1,5,4,4,4,3,2,1,5,4,4,3,2,2,3,3,2,4,4,4,5,3,2,2,2,2,2,2,2,2,2,2,1,3,3,3,2,8,7,8,4,4,6,3,5,4,1,46,2,1,1,1,40,4200,2500,0,882201,인쇄 신문용지 감소,공고(공업계)
27453,4,5,4,5,3,4,4,5,3,4,4,5,4,5,3,4,3,4,4,5,3,4,4,5,4,5,4,5,4,5,3,3,4,5,4,5,4,5,3,3,4,5,4,5,4,4,4,4,4,5,4,5,4,4,3,3,3,4,4,5,3,3,4,5,4,5,4,5,4,5,4,5,4,5,4,5,4,5,4,5,4,4,4,5,4,5,4,4,4,4,4,3,4,2,3,4,3,3,4,3,4,10,1,3,1,1,4,4,5,3,3,2,3,3,4,3,2,2,3,3,3,3,3,4,2,3,3,3,4,4,5,4,3,3,3,3,2,4,3,2,4,4,2,2,2,2,2,2,2,2,2,3,2,2,2,2,1,8,8,8,3,4,3,2,3,7,1,33,4,1,3,1,52,5200,4000,0,131203,전자산업기사 통신관련 사내교육 전산,방송통신
27454,2,4,1,0,1,0,1,0,3,4,4,4,1,0,1,0,1,0,1,0,1,0,1,0,1,0,1,0,1,0,1,0,1,0,1,0,1,0,2,2,3,3,1,0,1,0,1,0,1,0,1,0,1,0,1,0,3,5,1,0,2,2,4,4,3,3,2,3,3,4,3,5,1,0,2,4,2,4,2,3,2,3,2,3,3,5,1,0,4,2,4,4,4,2,3,2,3,3,3,3,2,3,1,3,1,2,0,3,4,4,3,5,5,4,5,4,3,5,5,4,2,5,4,4,5,3,3,5,4,3,5,4,5,5,3,4,3,5,5,4,3,5,2,2,2,2,2,2,2,2,2,2,4,3,3,3,2,8,5,6,4,8,6,5,8,7,1,43,4,1,1,1,40,4800,3500,0,152201,금속재료산업기사 금속 나노 핵심 분야 연구 증가,재료공학
27455,3,4,4,4,3,5,4,4,4,5,3,4,3,3,3,4,3,4,3,4,3,3,3,4,4,5,3,5,3,4,4,5,3,4,4,3,3,4,3,3,3,4,4,3,3,5,3,3,3,4,3,4,3,4,4,5,3,3,2,4,4,5,3,5,3,5,3,4,4,4,2,4,3,5,4,5,3,5,2,3,3,3,4,3,3,5,3,4,3,5,3,4,3,4,3,4,4,3,3,3,3,4,1,5,2,1,2,5,5,3,4,3,4,4,4,4,4,4,4,3,4,3,3,3,4,5,4,3,4,3,4,4,4,4,3,3,4,5,4,3,4,4,2,2,2,2,2,2,2,2,2,1,3,2,2,2,1,9,7,4,4,3,4,5,4,6,1,46,4,1,1,1,40,4100,3600,0,26401,현장견습이나 문서작성 능력 교육 기업 사무 제한 업무,법학
27456,4,6,4,7,4,6,5,6,3,4,4,6,5,7,3,3,4,6,2,2,4,6,4,6,4,5,2,2,4,6,1,0,3,3,2,2,5,7,3,3,4,5,3,4,2,3,2,3,2,2,2,2,2,3,2,3,4,5,1,0,1,0,2,2,1,0,2,3,1,0,1,0,3,4,5,7,4,4,2,2,1,0,1,0,5,7,3,3,4,5,5,5,5,5,5,1,2,4,5,4,4,17,1,1,1,2,0,4,6,5,5,5,4,4,3,4,9,9,9,4,1,4,4,4,3,4,3,3,3,2,4,4,4,5,5,5,4,3,4,3,4,2,2,2,2,2,2,2,2,2,2,1,3,2,2,2,2,5,3,2,1,1,2,8,7,3,1,42,5,2,5,1,40,0,0,18000,301103,의학국가고시 사람 얼굴 이마 상태 직접 확인,성형외
27457,3,5,4,5,2,4,3,4,2,3,4,4,1,0,3,4,3,4,3,4,3,4,4,4,4,5,1,0,5,7,3,4,3,4,1,0,2,2,5,4,3,4,3,3,4,4,1,0,1,0,1,0,3,4,1,0,4,4,3,5,3,3,1,0,4,4,4,4,2,3,5,4,1,0,4,5,4,4,4,4,3,5,3,4,4,4,2,3,3,4,4,3,4,1,3,4,3,3,3,3,3,17,1,4,1,2,0,3,4,3,3,3,2,3,4,3,1,3,4,3,1,4,4,3,2,3,3,2,5,4,3,5,3,4,4,5,3,4,4,3,4,4,2,2,2,2,2,2,2,2,2,2,3,2,2,3,2,4,5,2,5,3,2,9,2,1,1,32,4,1,1,1,40,2900,2500,0,306501,물리치료사 치료 환자,물리치료학
27458,4,6,4,6,4,4,4,7,4,6,4,7,4,5,4,5,4,7,4,6,4,6,4,6,4,5,3,5,3,4,3,4,4,5,4,6,4,6,4,5,4,5,4,6,4,6,3,4,3,4,3,4,3,5,4,5,4,5,4,5,4,4,3,4,4,6,4,5,4,4,4,6,4,6,4,4,3,4,4,5,3,5,3,4,4,6,4,5,4,4,4,4,5,2,3,4,3,4,4,3,4,18,1,2,1,2,0,3,4,4,4,4,4,5,4,4,4,4,4,4,2,4,4,4,4,4,4,4,4,3,4,4,4,4,4,4,4,4,4,3,4,3,2,2,2,2,2,2,2,2,2,1,3,2,2,2,2,9,9,9,1,1,1,1,1,9,1,42,3,1,1,1,40,4000,3000,0,420101,생활지도사자격증 변화,스포츠학
27459,3,4,3,4,2,3,4,5,3,4,3,4,4,6,3,4,4,5,3,4,4,5,4,5,3,4,4,5,3,4,2,3,4,5,3,4,2,3,2,3,3,4,4,5,4,5,3,4,2,3,2,3,2,2,1,0,1,0,1,0,3,4,3,4,1,0,2,2,1,0,1,0,1,0,1,0,1,0,1,0,1,0,1,0,2,3,2,2,5,4,4,4,5,4,3,5,3,5,5,4,5,17,1,4,1,2,0,5,3,3,4,5,5,5,3,4,4,4,4,4,2,4,4,3,3,2,2,4,4,5,2,5,4,5,5,4,4,5,4,4,5,5,2,2,2,2,2,2,2,2,2,2,3,1,1,1,1,5,4,3,3,2,5,1,3,3,1,33,4,1,1,1,40,3000,2200,0,24301,유통관리사 거래 상거래 관리사 모바일 쇼핑 구매 증가,경제학
27460,4,5,4,7,4,5,4,5,3,4,3,6,4,4,4,5,4,4,2,2,3,4,4,6,4,5,4,4,4,4,4,5,4,5,3,3,5,6,4,4,4,5,2,2,2,2,2,3,2,2,2,3,2,2,1,0,2,3,2,2,5,5,4,5,3,2,2,2,2,2,3,4,2,2,2,2,3,4,2,2,3,4,2,2,4,5,4,6,4,4,4,3,4,3,3,3,3,4,4,3,3,16,5,2,1,2,0,7,2,4,4,5,3,5,3,4,4,4,4,4,2,4,4,5,4,4,4,2,4,4,4,4,4,5,4,4,4,5,4,4,5,4,2,2,2,2,2,2,1,2,2,1,3,2,2,2,1,8,2,2,5,5,5,5,5,5,1,42,3,1,1,1,52,4800,3000,0,214201,워드프로세서1급자격증 정보처리기능사 구조 조정 진행중,전자공학
27461,2,2,2,2,1,0,1,0,1,0,1,0,1,0,1,0,1,0,1,0,1,0,1,0,1,0,1,0,1,0,1,0,1,0,1,0,1,0,1,0,1,0,1,0,1,0,1,0,1,0,1,0,1,0,1,0,2,3,2,3,1,0,1,0,1,0,1,0,1,0,3,3,1,0,3,2,1,0,1,0,3,4,2,4,3,4,3,3,2,2,4,2,2,2,2,2,2,2,2,2,4,3,1,2,1,2,0,1,4,4,3,2,4,3,2,2,3,3,3,3,2,3,3,4,4,4,4,3,4,4,2,3,4,4,3,2,3,4,3,2,4,4,2,2,2,2,2,2,2,2,2,1,3,2,2,3,2,6,5,5,4,5,5,5,5,5,1,38,3,1,1,1,48,3600,2000,0,836001,전기기능사 제조업 하락,전기전자
27462,4,5,4,5,3,4,3,4,2,3,2,3,4,5,3,4,3,4,3,4,2,3,2,3,3,4,3,4,4,5,4,4,3,4,3,4,3,4,4,5,3,4,4,5,4,5,3,4,4,5,4,5,4,5,3,4,2,2,2,2,3,4,4,5,4,4,2,3,2,2,2,2,3,3,4,5,3,4,3,4,3,4,4,4,4,4,3,4,4,3,3,3,4,4,3,4,3,3,3,4,4,6,1,5,1,2,0,3,4,4,3,4,4,4,4,4,3,3,4,4,4,3,4,4,3,3,3,4,4,3,3,4,4,3,3,3,3,4,4,3,3,3,2,2,2,2,2,2,2,2,2,2,3,3,3,3,2,7,6,7,7,6,7,6,6,6,2,30,3,1,1,1,40,3500,3000,0,133302,정보관리사 웹디자인 웹기획 모름,디자인
27463,5,6,4,5,4,4,4,5,3,4,4,5,4,5,3,4,3,5,4,4,4,5,3,5,4,5,3,4,4,5,3,4,4,4,3,4,4,4,3,5,4,4,2,2,4,4,1,0,1,0,1,0,1,0,1,0,1,0,1,0,1,0,3,4,2,2,1,0,1,0,1,0,1,0,4,5,4,5,3,4,4,5,3,4,3,4,2,4,4,3,4,4,4,4,4,3,3,4,3,3,4,11,1,2,2,2,0,3,4,3,3,3,4,4,4,4,3,4,3,4,3,4,4,4,3,3,4,3,3,4,4,3,4,4,3,3,3,4,4,4,3,3,2,2,2,2,2,2,2,2,2,2,3,3,3,3,2,7,6,6,6,7,7,6,5,6,2,48,4,1,1,1,40,3500,2000,0,32501,경제 연체 증가 추정,경영학
27464,5,6,5,7,5,6,5,7,5,7,5,7,4,6,4,5,5,6,5,7,5,6,5,6,5,7,5,7,5,6,4,6,5,7,5,7,5,6,5,6,5,7,3,4,3,4,3,4,5,6,5,7,5,5,3,5,4,5,4,6,3,5,1,0,1,0,1,0,1,0,1,0,1,0,1,0,1,0,1,0,1,0,1,0,1,0,1,0,5,5,5,3,4,4,5,3,3,3,3,3,3,16,5,6,1,2,0,6,7,3,4,4,5,5,5,3,3,4,3,4,3,3,3,3,3,3,4,3,4,3,4,3,4,4,4,4,3,3,3,3,3,4,2,2,2,2,2,2,2,2,2,1,3,3,3,3,1,3,3,4,6,4,4,3,4,3,1,59,6,1,1,1,40,9000,4000,0,211101,박사학위 상태 유지,컴퓨터공학
27465,4,5,4,5,2,2,4,5,4,5,4,5,4,5,4,5,4,5,4,5,4,5,4,5,4,5,3,4,4,5,4,5,4,5,4,5,4,5,4,5,4,5,4,5,4,4,4,4,3,3,4,5,4,6,4,5,4,6,4,4,3,3,3,5,3,4,4,5,4,6,4,5,4,5,4,6,4,6,4,5,4,5,4,5,4,5,4,5,4,4,4,3,4,4,3,4,4,3,3,4,4,6,1,3,1,2,0,6,4,3,2,2,4,4,3,4,4,4,3,3,2,4,4,4,4,4,4,3,4,3,4,4,4,4,4,4,3,3,4,4,4,4,2,2,2,2,2,2,2,2,2,2,3,3,3,3,2,3,4,6,5,3,4,3,2,3,1,61,2,1,1,1,35,2800,2200,0,623001,기중기 운전기능사 건설 상태 유지,중장비
27466,2,1,3,3,3,2,3,4,1,0,1,0,3,3,1,0,3,3,2,1,2,1,1,0,2,4,3,1,2,3,3,4,3,3,1,0,3,2,4,3,2,1,3,2,1,0,1,0,1,0,2,1,3,2,2,1,1,0,1,0,1,0,1,0,2,1,1,0,1,0,1,0,1,0,2,1,2,1,2,2,2,3,3,2,3,2,3,2,3,4,2,3,3,1,1,4,2,3,2,2,2,18,1,2,2,1,1,2,2,3,4,4,2,3,3,4,4,3,4,3,3,3,4,4,3,2,2,3,4,3,2,4,3,4,2,2,3,4,3,3,4,3,2,2,2,2,2,2,2,2,2,2,2,2,2,2,1,9,9,9,5,5,5,4,7,6,1,30,4,1,3,2,30,3200,2000,0,420403,직무교육 사람 이용 빈도,사회체육학
27467,4,4,5,5,3,4,5,5,4,4,4,4,2,3,4,4,5,5,2,4,3,3,3,5,4,4,3,4,5,5,3,4,5,5,4,4,5,4,4,4,5,4,3,4,3,4,3,4,3,4,2,2,3,4,2,2,2,4,3,5,3,5,3,3,3,4,2,3,1,0,3,4,3,4,3,3,2,4,3,4,3,3,3,3,3,4,3,4,3,5,2,4,5,4,4,2,4,3,5,5,4,16,5,2,1,1,2,2,5,4,3,4,4,4,5,4,3,4,4,4,3,4,4,4,3,2,3,3,3,3,2,4,5,4,4,3,4,4,3,4,3,3,2,2,2,2,2,2,2,2,2,1,2,1,1,3,1,5,4,5,4,5,5,5,4,4,2,41,4,1,1,1,40,4100,3000,0,304003,간호사면허증 보건교사2급 학생현황 파악 학생 감소,간호학
27468,3,4,2,3,1,0,3,5,3,4,2,3,3,5,4,5,4,5,3,4,2,3,4,6,4,5,5,5,2,3,3,4,1,0,3,3,4,5,3,4,3,4,2,3,3,3,4,6,5,6,4,4,4,5,4,5,5,6,4,6,3,3,4,5,5,6,4,6,5,4,4,5,3,3,5,6,4,5,3,4,2,3,3,5,3,5,1,0,4,4,2,3,3,2,2,2,2,3,4,4,3,3,1,5,2,1,2,3,2,3,4,3,4,3,3,3,3,3,4,3,4,2,3,3,2,4,3,3,3,5,4,5,3,2,3,3,3,5,3,3,5,4,2,2,2,2,2,2,2,2,2,2,2,2,2,2,2,5,4,7,6,5,6,7,5,6,2,26,2,1,1,1,40,2500,2400,0,836001,직무교육 인건비 증가 로봇 대체 가능성,인문계
27469,3,3,2,2,3,3,3,3,2,2,2,3,2,4,2,4,3,3,3,3,3,4,2,3,3,3,2,2,3,3,2,3,3,2,1,0,3,3,2,1,3,2,2,2,3,4,2,2,2,2,1,0,1,0,1,0,2,2,2,2,3,3,1,0,1,0,1,0,1,0,1,0,3,2,3,2,2,3,2,2,3,3,2,2,4,3,3,2,4,5,2,2,4,4,3,4,3,4,3,4,2,17,2,3,1,1,3,3,5,4,3,3,3,4,3,3,3,3,3,3,3,3,2,5,4,4,4,2,2,2,3,4,3,2,2,2,3,4,3,4,5,4,2,2,2,2,2,2,2,2,2,1,4,3,2,3,2,7,4,2,7,5,3,2,7,5,1,28,4,1,1,1,40,2300,2200,0,231301,청소년지도사2급 청소년 지도자 맞춤형 교육 청소년 상담 산업 갈수록 증가 추세,아동심리학
27470,4,6,4,5,4,5,3,5,4,5,4,5,1,0,1,0,3,3,1,0,4,4,3,4,3,2,4,5,3,3,4,3,4,4,2,1,3,4,4,5,4,1,4,5,2,1,1,0,1,0,3,5,1,0,1,0,1,0,1,0,4,4,1,0,1,0,1,0,1,0,1,0,1,0,1,0,1,0,1,0,1,0,1,0,4,4,3,2,3,4,3,3,4,4,4,3,2,2,3,4,3,15,2,4,2,1,1,7,5,5,4,4,5,5,4,4,4,3,4,4,4,4,3,2,3,3,2,4,3,4,2,4,2,4,4,4,3,5,3,3,5,3,2,2,2,2,2,2,2,2,2,1,2,3,1,1,2,5,5,5,5,5,5,5,5,5,1,46,4,1,1,1,42,4700,4400,0,25101,세법 전산 인공 지능 발달,행정학
27471,2,2,2,2,1,0,2,2,1,0,2,2,1,0,1,0,2,2,2,2,2,2,2,2,2,2,2,2,2,2,2,2,2,2,2,2,2,2,2,2,2,2,2,3,2,4,1,0,2,3,2,2,2,2,2,2,2,2,2,2,1,0,2,2,2,2,3,4,3,4,3,4,3,3,3,5,4,4,2,3,2,3,1,0,3,4,2,4,3,2,2,1,2,2,2,3,3,2,3,2,2,6,1,3,1,1,5,5,2,3,2,2,3,2,2,3,2,3,3,3,4,3,3,3,4,4,5,4,4,4,2,4,4,5,4,4,4,5,4,4,4,5,2,2,2,2,2,2,2,2,2,2,2,2,2,2,2,7,4,3,3,4,5,7,3,4,1,47,2,1,1,1,40,4200,4000,0,811601,건설중기정비 기계만지는 교육이 필요 경기,전자기계
27472,3,4,3,5,1,0,3,4,1,0,1,0,3,4,1,0,3,2,3,4,3,5,1,0,1,0,1,0,3,4,3,4,3,5,3,4,2,3,3,4,3,4,3,5,3,4,3,4,3,4,3,4,3,4,1,0,3,4,4,5,1,0,3,4,3,4,4,5,4,4,4,4,1,0,3,4,2,3,3,4,2,4,3,4,3,2,3,4,4,3,3,3,3,3,3,3,3,2,2,4,3,3,4,1,1,2,0,2,2,3,2,2,3,4,3,3,9,9,9,3,2,3,3,4,3,4,3,2,4,3,2,3,4,3,3,3,4,5,4,3,4,4,2,2,2,1,2,2,1,2,2,2,2,2,2,2,1,7,7,3,3,3,2,3,8,7,1,62,2,2,6,1,40,0,0,3000,824101,용접기능사 인력 경기 하락,상고
27473,3,3,4,3,3,3,3,3,3,3,2,2,2,2,2,2,3,3,5,5,3,3,3,3,2,3,1,0,3,3,4,2,1,0,1,0,2,2,4,4,3,2,3,3,2,2,2,2,2,2,1,0,2,2,1,0,2,2,1,0,1,0,2,2,2,2,1,0,2,2,5,2,1,0,1,0,4,3,4,4,2,2,2,2,3,3,3,3,4,2,5,2,3,2,3,4,2,2,4,4,4,8,1,4,1,2,0,1,1,3,2,2,3,2,2,2,2,2,2,2,5,2,2,4,4,5,2,2,2,4,2,3,3,2,3,3,4,5,4,2,4,4,2,2,2,2,2,2,2,2,2,1,1,2,2,2,2,8,4,7,5,8,6,5,7,5,1,43,2,1,3,1,55,2200,2000,0,622101,자동차운전면허증1종 택시운전자격증 근무 환경 수입 사람,상고
27474,3,3,3,3,3,3,1,0,2,2,3,2,3,4,3,3,2,2,1,0,2,2,2,2,2,2,3,2,3,3,2,2,2,2,3,3,2,2,3,3,3,3,3,3,3,3,2,2,2,2,1,0,3,3,2,2,1,0,1,0,3,3,3,3,3,3,2,2,3,4,3,3,3,3,3,3,2,2,2,2,2,2,1,0,2,2,1,0,4,3,4,3,3,3,3,4,2,3,3,3,3,10,1,2,1,2,0,3,5,3,3,3,3,4,4,3,3,3,4,3,3,3,4,3,4,3,4,3,3,3,3,3,4,4,4,3,3,3,4,4,4,4,2,2,2,2,2,2,2,2,2,2,3,2,2,2,1,5,6,6,5,4,5,6,5,5,1,38,4,1,1,1,50,3600,2900,0,133302,정보처리산업기사 변화,광고홍보학
27475,4,4,4,4,3,3,2,2,1,0,1,0,3,2,2,1,3,2,4,3,3,5,5,4,5,3,2,3,1,0,4,2,3,3,3,3,5,7,4,4,3,3,5,5,3,3,4,4,5,5,4,4,5,4,5,6,4,5,3,3,5,6,5,4,4,3,5,5,3,6,2,3,3,4,4,4,4,5,1,0,2,2,1,0,4,3,1,0,5,3,2,2,4,1,5,4,1,2,4,4,4,6,1,2,1,1,1,6,2,4,3,4,5,4,3,4,4,3,4,4,1,4,4,3,4,3,4,3,5,3,5,3,3,4,3,2,3,4,3,3,5,4,2,2,2,2,2,2,2,2,2,1,3,2,2,2,2,7,6,5,4,5,6,7,5,5,1,48,4,1,1,1,40,4500,2500,0,901501,조경산업기사 직무교육 조경수 사람 나무 사람,조경학
27476,5,7,4,7,2,5,4,6,4,6,4,6,4,6,5,6,4,6,4,6,4,6,4,6,4,6,4,7,4,6,4,6,5,6,4,6,4,6,4,6,4,6,4,5,4,6,4,6,4,6,4,6,4,6,4,6,4,6,4,6,4,6,4,6,4,6,4,6,4,6,4,6,4,6,4,7,4,6,4,6,4,6,4,6,4,6,4,6,4,5,5,4,5,4,4,4,4,5,4,4,4,17,1,1,1,1,6,6,5,4,5,4,4,4,4,5,4,4,5,5,4,5,5,4,4,5,4,5,4,4,4,4,5,5,4,4,5,5,4,4,4,4,2,2,2,2,2,2,2,2,2,1,3,3,3,3,2,8,9,8,7,8,5,6,4,5,2,35,4,1,3,1,40,4300,3800,0,301401,의사자격 의료기술 사람,치의학
27477,2,2,4,3,2,2,3,3,2,3,1,0,1,0,2,3,3,2,2,3,1,0,1,0,2,3,3,2,3,4,3,3,1,0,1,0,1,0,3,3,2,3,1,0,3,2,1,0,1,0,1,0,1,0,1,0,1,0,1,0,3,3,1,0,4,3,2,3,2,2,2,3,1,0,3,4,3,3,1,0,1,0,2,3,4,5,4,6,2,2,4,2,2,2,2,2,2,2,3,3,3,18,4,1,2,2,0,7,2,3,1,1,2,2,2,2,1,3,4,3,3,3,2,3,4,2,3,2,3,4,3,4,3,3,2,3,3,2,3,3,2,4,2,2,2,2,2,2,2,2,2,2,4,2,2,2,2,4,5,5,5,6,4,5,5,6,2,24,2,1,4,1,48,2000,2000,0,524001,놀이 시설 증가,관광
27478,4,5,4,5,2,4,2,4,2,3,3,3,1,0,3,4,4,3,2,4,2,3,2,3,2,4,1,0,2,3,4,4,1,0,1,0,2,3,2,4,3,4,2,4,3,4,1,0,2,4,1,0,3,4,3,4,4,7,5,5,1,0,3,4,5,6,5,6,5,7,5,6,1,0,4,4,4,6,4,5,5,6,2,3,4,4,3,4,3,3,3,2,2,2,3,3,2,3,2,3,2,3,1,3,1,2,0,4,2,3,3,3,3,4,2,3,3,3,3,3,3,2,3,4,3,2,3,3,2,2,4,3,3,2,3,3,3,4,4,4,4,5,2,2,2,2,2,2,2,2,2,3,3,2,2,2,2,8,7,7,7,8,9,5,4,4,1,50,2,1,1,1,42,3600,2600,0,824101,용접기능사 제조 공정 로봇 대체 대가 인력 수요 크게 변화,인문계
27479,1,0,3,4,1,0,2,3,1,0,2,2,5,6,4,5,5,6,5,5,2,2,4,6,3,4,5,6,5,6,5,6,3,4,3,4,3,5,4,5,3,3,3,4,3,6,1,0,1,0,4,6,4,4,1,0,1,0,1,0,2,2,2,3,5,6,1,0,1,0,1,0,5,6,5,7,1,0,5,7,5,5,5,7,4,6,5,6,5,4,2,3,4,1,2,5,2,3,4,4,4,18,3,2,2,2,0,7,5,4,3,3,2,5,4,3,4,2,4,4,2,5,4,3,4,2,1,4,3,4,2,4,5,5,4,3,3,4,2,4,4,4,2,2,2,2,2,2,2,2,2,1,5,2,2,2,2,8,8,7,3,2,4,8,3,1,2,36,5,1,1,1,30,5200,3500,0,414701,문화 예술 매체 다양 관심 증가,현대무용
27480,3,3,3,4,1,0,3,4,2,1,1,0,1,0,2,1,3,4,2,1,1,0,3,3,3,4,2,3,3,4,3,4,3,4,3,4,1,0,2,3,3,4,3,3,3,4,2,2,3,3,2,1,1,0,1,0,1,0,1,0,1,0,3,4,1,0,1,0,1,0,1,0,2,2,1,0,1,0,1,0,2,1,3,3,3,2,2,1,4,1,4,2,2,3,2,4,2,2,3,1,4,19,1,4,2,2,0,7,2,2,1,1,3,3,2,2,9,3,3,3,4,2,2,2,2,2,2,3,2,4,3,4,3,2,3,2,4,3,2,2,4,2,2,2,2,1,2,2,2,2,2,4,2,2,2,2,1,4,3,5,7,6,4,3,2,6,2,44,2,1,1,1,50,2300,2100,0,615601,인터넷 비대 주문 사람 선호,이과
27481,4,6,3,4,4,5,4,4,3,6,4,4,5,7,5,5,3,5,3,3,4,6,4,5,3,3,4,4,4,4,3,4,4,4,5,5,3,4,2,5,3,4,3,6,3,5,3,5,3,5,4,4,4,5,3,5,4,6,3,4,4,4,3,5,3,6,4,4,4,5,3,5,3,4,2,4,3,5,4,4,3,5,3,5,3,4,4,4,4,3,4,3,3,2,4,3,4,4,3,3,4,15,2,2,1,2,0,2,5,4,4,4,4,5,5,5,5,5,5,5,4,4,4,4,4,4,4,4,4,4,2,4,4,4,4,4,4,4,4,4,4,3,2,2,2,2,2,2,2,2,2,3,1,3,3,3,2,4,9,5,2,9,4,9,9,9,1,42,4,1,1,1,52,8000,4000,0,903101,산림기사 산림 면적,산림
27482,3,3,3,4,2,3,3,4,2,3,1,0,1,0,2,3,3,5,2,3,1,0,1,0,4,3,1,0,3,3,3,4,1,0,1,0,2,3,2,4,2,3,1,0,1,0,1,0,1,0,1,0,2,4,1,0,4,4,2,3,1,0,2,3,5,3,2,3,3,4,3,4,1,0,3,3,4,3,4,5,4,5,3,4,3,4,3,4,2,1,3,2,1,2,4,1,1,2,2,3,1,3,1,3,2,2,0,7,1,2,1,1,4,2,2,2,1,3,3,3,2,4,3,4,5,4,3,4,4,4,3,3,4,4,3,3,4,5,4,3,5,3,2,2,2,2,2,2,2,2,2,2,2,3,3,3,2,7,7,8,7,8,9,6,4,1,1,38,2,1,1,1,48,2500,2300,0,882101,공정 기계화,기계
27483,2,3,2,2,1,0,2,2,2,2,1,0,1,0,3,5,2,2,4,5,3,2,1,0,3,3,1,0,2,2,2,2,2,2,1,0,1,0,5,4,2,2,2,2,2,2,1,0,2,2,1,0,1,0,1,0,3,3,2,2,1,0,1,0,3,3,2,2,3,4,3,4,1,0,2,1,2,2,4,3,2,2,2,2,3,2,2,3,3,2,4,1,2,1,4,1,2,2,3,2,4,8,1,2,1,2,0,2,1,3,3,2,2,3,1,2,1,3,3,2,5,1,2,4,3,2,4,4,3,3,2,5,5,3,4,4,3,4,3,1,4,4,2,2,2,2,2,2,2,2,2,2,2,2,2,2,2,7,4,8,8,7,7,7,6,7,1,59,2,1,1,1,50,2600,1800,0,622101,택시 운전 자격증 자동차운전면허 자가 운전 사람,기계
27484,3,3,3,3,2,2,2,3,3,3,4,4,2,3,3,3,3,3,2,3,3,3,3,3,2,3,4,4,3,3,3,4,3,3,2,4,3,3,4,4,4,4,2,3,2,3,2,2,4,4,3,3,4,5,4,6,5,5,4,4,3,3,3,3,4,4,4,5,5,4,4,4,3,4,4,4,3,3,2,3,3,3,2,2,3,3,3,3,4,3,3,3,4,2,3,3,2,3,3,3,4,3,1,2,1,2,0,5,4,4,3,4,4,4,4,4,3,4,3,3,3,3,4,2,3,3,4,2,3,3,3,3,4,4,3,4,3,4,4,5,5,4,2,2,2,2,2,2,1,1,2,2,2,1,1,3,1,3,6,5,4,6,5,6,4,5,1,47,4,1,1,1,40,3300,2000,0,153105,전기산업기사 전기응용기술자 구조조정 시스템 개발,전기공학
27485,1,0,2,2,1,0,2,2,1,0,1,0,1,0,1,0,2,3,1,0,1,0,1,0,1,0,2,2,2,4,2,3,2,2,1,0,1,0,3,4,2,2,2,3,2,3,1,0,1,0,1,0,1,0,1,0,1,0,1,0,1,0,1,0,1,0,1,0,2,2,1,0,1,0,1,0,1,0,1,0,1,0,1,0,3,3,2,3,3,3,4,2,2,3,3,1,3,1,1,2,3,18,4,1,2,2,0,7,2,4,4,3,4,3,3,3,3,4,4,3,2,4,5,3,3,3,3,4,2,5,3,3,4,4,4,3,3,4,4,3,4,4,2,2,2,2,2,2,2,2,2,1,3,2,2,2,2,8,6,8,4,4,7,7,7,8,2,28,4,1,4,2,12,2000,1200,0,416202,변화,모델학
27486,1,0,2,2,1,0,1,0,1,0,1,0,2,1,3,4,1,0,1,0,1,0,1,0,2,2,1,0,1,0,1,0,1,0,2,2,1,0,1,0,1,0,2,1,1,0,2,2,3,4,1,0,1,0,3,4,4,5,3,4,1,0,3,3,1,0,3,4,2,2,2,2,2,2,4,5,4,5,3,3,5,6,4,4,3,3,2,2,3,1,2,3,2,2,3,3,2,2,2,2,2,19,1,2,2,2,0,2,3,3,2,2,4,2,3,3,9,9,9,3,3,3,3,4,3,2,3,1,4,4,5,4,3,2,2,2,2,4,2,2,4,3,2,2,2,2,2,2,2,2,2,1,3,2,2,2,2,6,6,7,5,7,7,5,5,5,1,34,4,1,1,1,45,3000,2800,0,702502,공란,재료공학
27487,3,3,4,4,1,0,1,0,1,0,1,0,3,3,4,5,2,4,1,0,1,0,4,6,3,6,1,0,1,0,3,5,2,4,1,0,2,4,5,6,4,5,2,5,4,6,2,4,2,4,2,4,4,3,4,4,4,3,5,6,1,0,3,3,4,5,4,6,5,5,3,5,2,4,4,6,3,4,2,4,4,5,3,4,4,5,2,4,4,4,3,3,4,2,3,4,3,3,3,2,3,3,1,4,2,2,0,3,3,4,3,3,4,4,3,4,3,4,4,4,2,3,3,3,3,2,3,4,4,4,4,4,2,3,3,4,4,4,4,3,4,4,2,2,2,2,2,2,2,2,2,3,2,3,3,3,2,8,2,8,2,2,8,8,9,8,1,32,4,1,1,1,40,2400,2000,0,835201,전산 화로 공정 발전,전기전자
27488,3,4,3,4,4,4,3,4,3,5,3,5,3,4,3,5,3,4,3,4,3,4,3,5,3,5,3,4,3,5,3,4,3,5,3,4,3,5,3,4,3,4,3,4,3,5,3,4,3,4,4,5,4,5,3,4,3,5,3,4,3,4,4,5,4,5,3,5,3,4,3,5,3,4,3,3,3,3,2,3,3,3,3,4,4,5,3,4,3,4,3,3,3,4,3,3,3,4,3,3,3,3,1,4,2,2,0,2,5,3,4,4,3,3,4,3,3,3,4,3,3,4,4,3,3,3,3,2,4,3,3,3,4,4,4,3,4,4,4,3,5,3,2,2,2,2,2,2,2,2,2,2,2,2,2,2,1,5,6,6,5,5,7,6,5,6,1,54,4,2,5,1,50,0,0,7000,872301,경기 침체 장기,식품공학
27489,4,5,3,5,4,5,2,4,4,4,4,5,2,3,4,5,3,5,3,3,3,3,2,3,2,3,5,5,4,4,4,4,3,5,4,4,3,4,4,4,4,5,4,4,5,5,3,4,4,4,3,4,5,5,4,4,3,4,2,3,4,5,3,4,3,4,3,4,2,3,3,4,4,5,2,2,2,2,1,0,1,0,1,0,4,4,3,3,4,4,3,3,4,3,3,5,3,3,4,4,4,13,1,2,2,2,0,5,5,4,3,3,3,4,3,3,4,3,4,3,2,4,4,4,3,3,2,2,3,5,3,4,3,3,4,4,3,5,4,3,5,5,2,2,2,2,2,2,2,2,2,2,3,3,3,3,2,4,2,3,4,2,4,3,6,4,1,42,4,1,1,1,45,6000,2800,0,155304,환경 영향 평가 것이므,환경공학
27490,5,6,4,5,5,6,4,6,3,3,4,6,4,6,5,7,3,4,2,3,4,5,4,5,5,6,5,7,4,5,4,6,5,6,5,7,4,6,4,5,5,6,2,2,3,3,1,0,1,0,5,7,1,0,1,0,1,0,1,0,1,0,1,0,1,0,1,0,1,0,1,0,1,0,1,0,1,0,1,0,1,0,1,0,1,0,1,0,4,4,3,3,4,3,4,3,3,4,3,4,3,15,2,6,1,2,0,7,5,3,4,4,3,4,3,4,3,3,4,4,1,4,4,4,4,5,4,4,3,4,2,4,5,4,4,3,4,5,5,3,4,4,2,2,2,2,2,2,2,2,2,2,2,3,3,3,2,9,5,3,2,2,5,5,9,8,1,49,5,1,1,1,40,6000,4000,0,12101,행정고시 인구 감소 공직 업무 수요 감소,경제학
27491,3,5,3,5,2,3,1,0,1,0,1,0,3,5,3,3,1,0,1,0,1,0,2,3,1,0,2,3,1,0,1,0,1,0,1,0,2,3,1,0,3,4,2,2,3,3,1,0,1,0,1,0,1,0,1,0,1,0,1,0,2,3,1,0,2,2,1,0,1,0,1,0,1,0,1,0,1,0,1,0,1,0,1,0,2,3,1,0,2,2,2,4,3,3,4,3,3,3,4,3,3,18,2,2,1,2,0,7,6,3,4,3,4,4,4,4,4,4,4,4,2,4,3,4,3,3,3,2,5,3,4,4,4,4,4,3,3,3,3,4,4,4,2,2,2,2,2,2,2,2,2,1,3,3,3,3,1,3,4,3,6,5,4,5,3,3,2,28,5,1,1,1,40,3800,3500,0,413101,준학예사 주로 사람 일이,미술사학
27492,4,6,4,4,3,5,3,4,3,4,4,6,1,0,5,6,4,5,5,6,3,4,3,4,4,5,5,5,2,3,3,4,2,3,2,3,3,3,2,2,3,3,2,3,4,5,3,4,2,3,1,0,4,5,4,6,4,6,4,5,4,6,3,4,3,4,4,5,3,4,3,4,2,2,3,5,3,4,4,5,3,4,3,4,4,6,4,5,4,3,2,4,5,2,4,4,3,4,3,3,4,13,1,2,1,2,0,6,4,4,4,3,4,3,4,4,3,3,4,3,2,4,3,4,3,4,2,4,5,5,4,3,4,3,4,4,4,5,4,3,3,4,2,2,2,2,2,2,2,2,2,1,3,3,2,3,2,7,8,9,4,5,5,8,4,3,1,37,4,1,1,1,40,4500,3000,0,140304,토목기사 건설 경기 위축 일자리 변화,토목공학
27493,2,1,2,1,1,0,2,2,3,4,3,4,3,3,1,0,3,3,1,0,1,0,3,3,4,4,3,3,1,0,1,0,1,0,1,0,1,0,1,0,4,5,1,0,3,4,2,1,1,0,3,3,4,4,3,3,3,4,2,4,1,0,1,0,4,3,2,5,1,0,2,2,3,2,1,0,1,0,1,0,1,0,1,0,3,2,1,0,4,4,3,4,3,4,4,4,3,4,3,4,4,10,1,4,1,2,0,6,5,4,3,5,5,4,4,4,5,5,4,5,3,3,4,4,3,4,4,4,3,4,5,4,3,3,4,4,3,4,4,3,4,3,2,2,2,2,2,2,2,2,2,2,3,3,3,3,1,8,7,8,8,7,8,8,7,8,1,37,4,1,1,1,40,4200,4000,0,132002,정보처리기사 산업 활성화,컴퓨터정보학
27494,2,2,2,2,1,0,1,0,2,2,1,0,1,0,2,2,1,0,1,0,1,0,1,0,2,2,3,3,1,0,1,0,1,0,1,0,1,0,2,2,2,2,1,0,2,2,1,0,1,0,1,0,1,0,2,2,3,4,2,3,1,0,1,0,1,0,4,5,3,4,4,5,1,0,3,4,4,4,1,0,3,4,1,0,3,3,2,1,4,3,2,3,2,2,3,2,3,2,2,2,4,3,1,4,2,2,0,2,2,3,3,2,4,4,3,4,3,3,3,3,2,3,3,4,3,1,3,3,4,4,4,4,3,1,2,2,4,4,3,2,4,4,2,2,2,2,2,2,2,2,2,3,2,3,3,3,2,8,9,8,5,3,4,4,5,2,1,38,2,1,1,1,40,3500,2500,0,826101,생산 기계 자동화 대형화,문과
27495,2,2,4,4,2,3,3,4,2,1,2,2,4,5,3,2,2,3,4,3,1,0,1,0,4,4,3,3,3,3,4,4,3,4,1,0,1,0,3,3,1,0,2,3,3,4,1,0,3,4,1,0,2,4,2,2,3,4,2,2,1,0,2,2,3,4,3,3,4,4,4,5,1,0,3,4,2,3,3,1,2,2,3,4,4,3,2,1,4,3,4,4,4,2,2,2,3,3,4,1,3,19,1,1,2,2,0,3,5,2,2,2,4,4,5,4,9,9,4,5,2,3,4,2,2,2,3,4,4,4,4,4,3,3,4,3,5,5,4,4,3,5,2,2,2,2,2,2,2,2,2,3,1,2,3,3,2,6,7,6,6,5,4,6,6,5,1,33,4,1,2,2,40,3200,2800,0,414201,기계 사용 무인 시스템 운영,미디어영상학
27496,4,4,4,5,3,4,3,2,3,4,3,4,4,3,3,4,4,4,3,4,3,4,4,4,3,3,4,2,5,4,4,3,3,3,3,3,3,2,3,3,3,5,3,3,3,4,3,4,3,3,1,0,4,5,3,4,3,5,3,4,3,3,1,0,3,3,3,3,3,3,1,0,3,3,1,0,1,0,1,0,1,0,2,3,5,5,3,4,3,3,3,3,4,4,4,3,2,4,2,3,3,13,1,2,2,2,0,7,5,4,3,3,4,4,3,3,3,3,3,3,3,2,2,1,1,1,3,3,2,5,4,4,1,3,3,3,3,4,2,3,4,2,2,2,2,2,2,2,2,2,2,2,2,3,3,3,2,3,5,6,3,5,5,3,3,7,1,29,4,1,1,1,40,2800,2800,0,140503,전반 건설 경기 장기간 침체 예상,경영학
27497,5,4,5,4,5,5,5,5,5,4,5,4,5,5,5,2,5,4,5,5,5,5,5,5,5,5,5,5,5,5,5,4,5,5,5,4,4,5,5,4,5,5,5,4,5,2,5,4,5,5,5,4,5,4,5,4,5,4,5,5,5,3,5,3,5,4,5,5,5,4,5,5,5,4,5,4,5,4,5,5,5,3,5,4,5,4,5,5,5,4,5,4,4,5,5,3,4,5,4,5,5,18,1,4,2,2,0,3,5,4,3,3,5,5,4,3,3,4,4,3,1,4,4,5,5,4,4,2,4,2,2,5,3,5,4,5,5,5,5,4,5,4,2,2,2,2,2,2,2,2,2,1,3,3,3,3,2,7,3,2,3,1,3,8,3,5,1,38,4,2,5,1,60,0,0,8000,411301,업무 작업 기존 형식,도서편집
27498,2,3,2,3,2,2,3,3,3,2,3,4,5,6,2,3,3,3,3,4,4,5,2,2,5,4,3,3,2,3,3,4,2,1,2,2,3,3,3,4,4,5,3,3,2,2,3,3,3,4,3,3,2,4,3,4,2,3,3,4,1,0,2,1,2,4,3,3,2,2,2,3,1,0,2,3,3,4,3,5,2,3,3,3,5,5,3,5,4,2,3,3,3,2,3,3,2,2,2,2,3,3,1,3,1,1,2,2,3,3,3,2,4,4,3,3,2,2,3,3,3,3,2,3,1,3,4,3,4,5,3,5,2,1,2,3,3,4,3,2,4,4,2,2,2,2,2,2,2,2,2,2,2,3,3,3,2,7,8,5,6,3,2,6,5,3,1,37,2,1,1,1,45,3800,3000,0,836001,전기기능사 전기전자부품 조립훈련 제조업 인력 감소,전기
27499,3,4,3,4,2,3,2,2,2,2,4,5,4,6,3,4,3,4,1,0,2,3,3,5,5,7,3,4,2,3,1,0,2,3,2,3,1,0,4,5,2,3,2,3,1,0,1,0,1,0,2,2,4,6,2,4,2,2,1,0,5,7,1,0,3,4,2,3,1,0,1,0,2,3,2,3,1,0,1,0,2,2,2,2,3,4,3,4,5,4,5,4,4,4,2,4,2,3,3,4,4,10,1,2,2,2,0,7,5,4,4,4,4,4,3,3,3,4,4,4,4,3,4,2,3,4,4,4,5,5,4,4,4,5,2,4,4,4,5,2,4,4,1,1,2,2,1,1,1,2,2,2,2,3,2,3,1,3,4,3,6,7,4,6,3,4,1,33,4,1,1,1,48,9300,3200,0,133204,경쟁 증가 매출 부진 인력 구조조정 시장 게임 수요 점점,경영
27500,2,3,2,3,2,3,2,1,2,3,2,2,2,3,2,3,2,2,2,1,2,1,2,4,2,3,2,2,2,2,2,2,2,2,2,3,2,3,2,3,2,3,2,3,2,2,1,0,1,0,2,1,3,3,2,2,2,2,2,1,2,3,2,3,3,4,2,2,2,1,2,1,2,1,3,3,3,4,2,3,2,3,2,3,2,3,2,1,2,3,3,2,3,3,3,3,3,2,2,3,2,3,3,2,1,2,0,4,3,3,3,2,4,3,2,3,9,4,4,3,2,3,3,4,3,2,3,3,3,3,3,5,3,3,2,2,3,4,3,3,4,4,2,2,2,2,2,2,2,2,2,2,2,3,2,3,2,7,6,5,4,4,4,7,4,3,2,38,3,1,1,1,40,3600,2900,0,862101,양장기능사 패턴 캐드 점점 발전,의상학
27501,2,4,3,3,2,3,3,3,2,3,2,3,3,3,2,3,2,3,3,4,3,3,2,3,3,3,3,3,3,3,3,3,3,4,2,3,3,3,2,3,3,4,4,5,3,4,3,5,3,3,3,3,4,4,4,4,4,5,4,5,4,4,3,4,3,5,4,5,3,5,4,4,3,4,3,5,4,4,4,5,3,4,3,3,4,4,3,5,3,2,4,3,4,2,4,2,3,3,4,2,4,6,1,2,1,1,3,4,2,3,3,2,4,4,3,4,3,4,4,4,3,4,3,4,3,2,2,2,5,4,4,4,3,2,2,3,3,5,3,2,4,4,2,2,2,2,2,1,2,2,2,2,2,2,3,3,2,7,6,6,3,3,4,6,4,6,1,45,2,1,1,1,45,2200,2040,0,824101,용접기능사 안전교육 용접 장비 교육 추가 용접 자동화 일자리 감소,문과
27502,3,4,3,4,2,3,4,3,2,3,3,5,2,2,2,3,3,3,3,4,3,4,4,5,3,3,3,4,4,5,3,5,4,5,4,4,4,5,4,5,4,4,3,4,3,4,2,3,2,2,4,5,1,0,1,0,1,0,1,0,2,3,1,0,1,0,1,0,1,0,1,0,2,2,1,0,1,0,2,3,1,0,1,0,2,3,2,3,4,3,4,3,3,2,3,2,3,3,4,4,4,19,1,2,2,2,0,7,2,2,2,2,4,3,4,4,4,3,4,4,2,4,4,4,4,4,4,3,2,4,3,4,4,4,3,3,4,4,4,4,4,5,2,2,2,2,2,2,2,2,2,1,3,3,3,3,2,7,7,7,5,5,5,5,5,5,2,38,3,1,1,1,48,3900,3300,0,512102,스몰 웨딩 유행 각광 추세 웨딩 도움 계획 예비 부부,관광경영학
27503,2,3,2,4,1,0,1,0,2,4,2,4,2,4,2,4,1,0,3,5,2,4,2,4,3,4,1,0,1,0,2,4,1,0,1,0,2,3,1,0,3,4,3,4,2,4,1,0,2,4,1,0,4,5,3,4,4,5,4,5,1,0,3,4,5,5,5,6,4,4,4,5,3,4,4,5,5,5,4,5,5,5,3,4,3,5,3,5,4,4,4,3,4,4,4,3,4,4,4,4,3,5,2,3,1,2,0,4,2,4,3,3,4,4,3,3,9,4,4,4,4,3,3,4,4,3,3,1,2,4,4,4,4,4,3,3,4,4,4,3,4,4,2,2,2,2,2,2,2,2,2,2,3,3,3,3,2,6,6,5,4,4,5,6,5,5,1,28,3,1,1,1,45,3200,2700,0,853101,수질환경산업기사 수질오염 중요성 인식,기계공학
27504,1,0,1,0,1,0,2,2,1,0,4,4,1,0,1,0,2,1,1,0,1,0,3,3,2,2,3,5,1,0,3,4,2,3,2,3,4,6,3,5,5,6,3,4,3,3,1,0,1,0,1,0,5,6,4,5,4,6,3,5,1,0,4,5,5,6,4,5,5,7,5,5,2,2,4,5,5,5,3,4,2,2,1,0,3,3,2,1,3,2,4,4,3,3,2,2,4,4,3,2,3,4,2,4,1,2,0,3,2,4,3,2,4,4,3,4,3,5,5,5,2,4,4,4,4,4,4,4,4,4,4,4,3,4,4,4,4,4,4,3,4,4,2,2,2,2,2,2,2,2,2,1,3,3,3,3,2,8,2,2,8,7,8,8,3,8,1,50,3,1,1,1,45,4800,2000,0,812301,전기철도 객화차정비 철도 이용 승객,전기
27505,4,6,3,5,3,5,2,3,5,6,3,5,2,3,2,3,2,3,2,2,2,2,2,3,2,2,2,2,2,3,2,2,2,2,2,2,2,2,2,2,2,3,3,4,2,3,3,3,2,2,2,2,2,2,2,2,2,2,2,2,2,4,2,2,2,3,2,2,2,2,2,2,2,3,2,2,2,2,2,3,2,2,2,2,2,3,2,3,4,4,4,3,3,4,4,2,2,2,3,4,3,15,2,3,2,2,0,1,5,4,4,4,4,4,3,3,4,4,3,4,1,4,3,4,4,3,3,3,2,4,4,4,5,4,4,4,4,4,3,3,4,2,2,2,2,2,2,2,2,2,2,2,2,3,3,3,2,4,3,4,5,6,5,6,5,7,2,50,4,1,1,1,40,5500,2000,0,25101,출산 감소 인구,경제학
27506,5,6,5,7,5,6,4,5,3,4,4,5,4,5,4,5,4,4,4,4,5,6,4,5,4,4,4,5,4,5,4,5,4,5,4,5,4,4,4,4,4,5,4,4,4,4,3,3,3,3,3,4,3,3,3,3,3,3,2,2,3,3,2,2,2,2,2,2,2,2,2,2,3,3,2,2,2,2,2,2,2,2,2,2,2,2,2,2,4,3,3,3,3,4,3,3,2,3,4,3,4,17,3,5,1,1,6,6,5,3,3,3,3,4,4,3,3,3,3,3,2,3,3,4,2,2,3,2,4,4,4,3,2,3,3,3,4,3,3,3,4,3,2,2,2,2,2,2,2,2,1,2,2,2,2,2,1,3,4,5,3,3,5,7,6,7,1,36,4,1,3,1,52,7000,4000,0,301107,정신과 전문의 자격증 의학지식습득 환자 증가 프로그램 도입 산업 발전 현대 화가,정신의학
27507,4,5,4,5,2,3,3,4,2,2,4,6,1,0,4,5,3,4,1,0,1,0,3,4,4,5,3,4,5,6,4,6,3,4,1,0,2,2,5,7,4,6,4,6,1,0,2,3,1,0,3,4,3,5,1,0,3,5,1,0,2,3,1,0,2,3,2,3,2,3,1,0,2,2,2,3,3,4,4,5,1,0,1,0,3,5,3,5,5,5,3,4,5,4,4,2,3,4,4,4,3,17,1,2,1,2,0,6,7,5,5,5,5,4,4,3,3,4,4,4,3,5,4,4,2,3,4,3,4,5,4,5,5,5,3,5,5,5,4,3,5,4,2,2,2,2,2,2,2,2,2,2,5,3,3,3,2,3,2,4,6,5,4,3,6,6,1,51,4,2,5,1,8,0,0,9000,301111,비뇨기과 전문의 국내 입국 의료 수요 의료 기술 선진 화로 일자리 증가,비뇨기
27508,3,5,4,5,4,6,3,5,2,2,3,4,5,6,3,4,4,6,3,5,3,6,3,6,4,6,4,5,4,5,3,5,3,5,4,6,4,6,3,6,3,6,3,6,4,5,4,6,5,6,4,6,3,5,3,5,2,2,2,2,4,5,4,5,2,2,2,2,2,2,2,2,3,5,3,5,3,6,2,3,4,5,2,3,2,3,1,0,4,4,3,3,4,4,4,4,4,4,4,5,5,16,5,3,2,2,0,4,4,4,3,3,4,5,4,3,3,4,4,4,4,3,3,4,3,2,3,1,2,4,4,5,3,4,2,2,3,3,3,3,3,4,2,2,2,2,2,2,2,2,2,2,3,2,2,2,1,8,7,6,3,3,4,7,6,5,1,36,3,1,1,1,48,3700,2500,0,24404,코로나 이후 관광 문화 산업 관련 전시 행사 증가 예정,광고홍보학
27509,3,4,3,4,2,3,3,5,3,4,2,3,2,2,2,2,3,5,1,0,3,4,2,2,4,4,3,3,3,4,1,0,2,3,1,0,3,5,3,4,3,4,2,3,3,4,1,0,3,4,4,5,3,4,1,0,3,4,3,5,1,0,3,4,3,4,4,5,4,5,4,5,1,0,3,4,2,3,4,4,3,3,3,3,3,4,3,3,3,3,2,4,4,1,1,3,3,2,4,3,3,3,1,3,2,1,1,2,3,3,2,2,4,2,2,2,1,3,4,3,2,5,4,4,3,2,4,1,4,1,4,5,3,3,2,3,3,5,2,2,5,5,2,2,2,2,2,2,2,2,2,2,2,3,3,3,2,5,7,3,3,2,1,7,3,3,1,51,2,1,1,1,40,5000,2200,0,813201,기계 안전 교육 산업 구조 변화,기계
27510,2,3,3,5,2,2,5,5,2,4,4,5,1,0,2,3,3,4,4,5,2,3,3,4,3,4,4,5,3,4,4,5,4,5,4,5,4,5,5,6,3,4,3,4,4,5,2,3,2,3,4,6,2,4,2,3,2,2,2,2,2,3,2,2,3,3,2,2,2,4,1,0,1,0,2,2,2,2,2,4,1,0,1,0,4,4,4,4,2,3,2,2,2,4,3,3,3,2,3,3,2,19,1,2,2,2,0,2,2,3,1,1,3,1,2,2,9,3,3,3,5,1,1,3,3,2,3,3,2,3,4,3,2,2,2,3,3,4,3,3,4,4,2,2,2,2,2,2,2,2,2,2,3,2,2,2,2,6,7,5,5,3,3,5,3,3,1,49,2,2,5,1,40,0,0,7500,29904,예전 변화,이과
27511,5,6,5,6,5,5,4,5,3,5,5,5,4,5,3,5,4,5,4,5,4,4,4,5,4,5,5,6,4,5,4,5,3,5,4,5,4,5,4,5,4,5,5,6,5,6,3,3,3,4,4,5,2,2,2,2,1,0,1,0,4,5,3,4,4,5,4,5,3,4,4,5,4,5,3,4,4,5,4,4,3,5,4,5,4,5,3,5,4,4,3,3,4,4,3,4,4,3,3,4,4,18,1,2,2,2,0,3,2,4,4,3,4,4,3,4,3,3,4,4,3,4,4,3,3,4,4,4,4,3,3,4,3,3,4,4,4,4,4,4,4,3,2,2,2,2,2,2,2,2,2,3,3,3,3,3,2,7,6,6,4,4,5,6,6,5,2,28,4,1,3,1,30,3000,2500,0,416201,대체,연극영화
27512,4,5,3,5,3,4,2,3,5,5,4,5,2,3,4,4,2,3,1,0,4,5,1,0,1,0,1,0,1,0,1,0,1,0,1,0,1,0,1,0,1,0,2,3,2,3,4,6,1,0,1,0,1,0,1,0,1,0,1,0,3,3,1,0,1,0,1,0,1,0,1,0,1,0,1,0,1,0,1,0,1,0,1,0,1,0,1,0,4,3,1,4,4,4,3,3,3,3,4,2,3,11,1,4,2,2,0,6,5,4,4,4,4,4,4,4,3,3,4,4,2,3,3,4,4,4,5,2,3,3,4,5,3,4,4,4,3,4,3,3,4,4,2,2,2,2,2,2,2,2,2,3,1,3,3,3,1,7,7,7,4,5,5,5,6,6,1,49,4,1,1,1,40,10000,4000,0,31302,인공 지능 판단 금융 상품 효율,통계학
27513,4,5,4,5,3,3,4,5,3,3,2,4,3,3,2,2,3,4,5,5,4,4,2,3,4,5,2,3,2,3,2,3,2,4,3,4,2,3,4,4,3,4,2,3,3,3,2,3,3,2,2,3,4,3,2,2,2,4,3,4,2,3,2,4,4,4,4,3,4,4,3,3,3,4,5,3,3,4,4,5,4,4,2,4,4,5,2,4,4,3,4,4,3,2,4,2,3,3,4,4,4,3,1,2,1,1,3,3,4,4,4,4,4,4,4,4,4,3,4,4,2,3,5,4,4,5,4,4,4,3,4,4,5,4,4,4,4,4,5,2,4,5,1,2,2,2,2,2,1,2,2,2,2,2,2,2,2,8,8,7,3,2,3,6,4,5,2,37,3,1,1,1,60,3500,2800,0,862101,양복기능사 양장기능사 패턴 활용과 변형 기능 습득 프린터 운용 기술 인공 지능 개발 프린터 기능 기술 때문,의류학
27514,4,5,3,5,3,5,4,5,3,5,3,5,3,3,3,5,3,4,2,4,3,5,3,4,3,3,3,5,3,4,3,3,3,4,4,5,3,4,3,3,3,4,3,3,3,5,4,4,3,4,3,5,2,4,3,3,2,4,3,5,3,3,3,5,3,4,3,4,2,4,3,4,3,4,3,5,4,4,3,3,3,5,4,5,3,3,3,5,3,2,3,3,3,2,3,3,2,3,3,4,4,17,5,2,1,1,1,6,5,4,3,4,4,4,4,5,4,5,5,5,2,3,4,4,3,4,4,4,3,4,4,4,3,4,4,4,4,3,4,4,4,3,2,2,2,2,2,2,2,2,2,2,2,2,2,3,1,8,7,8,7,8,8,8,7,8,2,40,4,1,1,1,40,6000,3800,0,305001,영양사자격증 업무적응훈련 업무 시스템,식품영양
27515,3,4,4,5,3,4,3,4,1,0,1,0,1,0,1,0,3,5,3,4,1,0,1,0,3,4,2,4,3,5,3,4,4,5,4,4,1,0,1,0,3,5,1,0,4,5,1,0,1,0,3,5,1,0,1,0,1,0,1,0,1,0,1,0,1,0,1,0,1,0,1,0,1,0,1,0,1,0,4,4,4,5,1,0,3,4,3,4,2,3,4,4,3,2,2,3,2,2,4,2,4,18,1,2,2,2,0,3,4,2,2,2,2,2,2,2,2,3,3,3,3,2,2,2,3,3,2,3,2,3,2,4,3,4,5,5,5,4,3,3,4,3,2,2,2,2,2,2,2,2,2,1,4,2,2,2,2,7,6,7,5,3,4,5,5,4,2,35,4,1,3,2,50,3000,2000,0,417201,연예인 사람,경영학
27516,4,3,5,5,4,4,3,3,2,2,3,4,1,0,4,4,3,3,3,2,1,0,3,5,4,3,3,3,4,4,3,3,1,0,1,0,3,2,1,0,3,2,1,0,5,3,2,2,1,0,2,2,1,0,1,0,4,4,1,0,2,2,1,0,3,3,2,3,1,0,3,3,2,4,3,4,3,3,4,4,1,0,3,3,3,3,3,3,3,4,4,4,5,5,4,3,4,4,3,3,2,17,3,2,2,2,0,1,5,4,3,3,4,5,4,4,3,3,5,4,4,3,3,3,4,3,2,3,4,4,4,3,4,4,3,4,5,3,2,4,3,4,2,2,1,2,2,2,2,1,2,1,4,3,3,3,2,7,5,6,3,3,6,6,5,3,1,35,4,1,1,1,40,3100,2400,0,306902,장비 도입 헤드폰 사용,물리치료학
27517,3,3,3,5,4,5,3,5,3,5,4,5,3,3,4,5,4,4,4,4,3,5,3,5,3,3,4,5,3,4,4,4,3,5,4,4,3,4,4,5,3,5,3,5,3,4,4,4,3,4,4,4,3,5,3,4,3,3,3,5,3,3,3,3,4,4,3,5,3,5,2,4,3,3,3,5,3,4,3,5,3,4,4,4,3,3,3,5,3,2,2,3,4,3,3,2,3,3,4,4,4,17,1,2,1,2,0,6,6,3,4,4,4,4,4,5,4,5,5,4,2,4,4,4,3,4,4,3,4,4,4,4,4,3,4,4,4,4,3,4,4,3,2,2,2,2,2,2,2,2,2,2,2,3,3,3,2,8,7,8,7,8,7,8,7,8,2,37,5,2,5,1,40,0,0,18000,301104,의사 면허증 전문의 자격증 출산 저조,산부인
27518,1,0,2,1,1,0,3,4,1,0,1,0,1,0,2,4,2,3,1,0,1,0,2,3,4,4,3,4,3,4,4,5,3,4,1,0,3,4,3,4,3,3,4,5,3,4,1,0,3,3,1,0,1,0,1,0,1,0,1,0,1,0,1,0,1,0,1,0,1,0,1,0,1,0,1,0,1,0,1,0,1,0,2,3,3,3,2,2,4,4,4,3,3,3,2,4,3,2,2,3,2,19,1,3,2,2,0,7,2,2,2,1,3,2,4,2,9,4,3,3,2,2,2,4,2,3,3,2,2,2,3,3,2,3,4,3,3,3,2,2,3,4,2,2,2,2,2,2,2,2,2,2,3,3,3,3,2,8,7,7,6,3,3,4,2,4,2,40,2,1,1,1,60,2750,2400,0,561601,변화,문과
27519,3,4,3,5,3,5,4,4,3,5,4,5,3,5,3,3,4,3,4,4,3,4,4,6,4,5,4,4,4,5,4,4,4,5,3,4,4,3,4,6,4,5,4,5,4,4,3,4,3,4,3,4,3,3,3,4,3,4,3,3,3,3,3,4,3,3,3,3,3,3,3,3,3,4,3,3,4,3,3,4,4,4,4,5,3,3,3,2,3,4,4,4,4,1,3,3,3,3,4,4,4,17,1,3,1,1,4,5,5,5,4,4,3,4,3,4,4,4,5,5,2,4,3,3,3,4,4,2,2,3,5,3,4,4,3,2,4,3,3,2,3,3,2,2,2,2,2,2,2,2,2,2,3,2,2,3,2,6,6,7,6,5,6,6,7,6,2,51,4,1,3,1,48,6000,3000,0,306502,작업치료사 신경인재활치료 재활의료자격증 필수 복지 의료 변화,작업치료학
27520,2,2,2,3,2,2,2,3,2,3,1,0,2,2,2,2,2,3,2,2,1,0,2,2,3,2,2,2,2,3,2,2,2,2,1,0,1,0,4,3,2,2,2,2,3,3,2,3,2,2,1,0,2,2,1,0,3,3,3,3,1,0,2,2,2,3,2,2,2,3,2,3,2,2,2,3,2,2,2,2,3,3,2,3,3,4,3,3,4,2,4,2,2,1,3,2,3,2,3,2,4,19,1,1,2,2,0,2,1,2,1,1,3,2,2,2,9,9,3,2,4,2,2,4,3,4,3,2,2,4,4,5,4,4,3,2,2,4,4,2,5,2,2,2,2,2,2,2,2,2,2,2,1,2,2,3,2,7,6,8,3,4,5,3,2,6,1,62,2,2,5,1,50,0,0,2800,561501,가정 셀프 기구 제품,공고
27521,4,5,3,4,3,3,1,0,1,0,3,4,4,4,3,4,3,4,4,5,3,4,4,4,3,3,3,3,3,3,1,0,1,0,1,0,5,6,1,0,1,0,1,0,3,3,3,3,4,5,4,5,4,5,3,3,2,3,1,0,3,3,3,3,4,5,3,3,3,3,4,5,4,5,3,4,4,5,3,3,3,4,3,3,4,5,3,3,4,3,3,4,3,3,4,4,3,3,3,3,3,10,1,6,2,2,0,7,5,4,3,3,5,4,3,4,4,4,4,4,1,3,3,4,3,3,3,2,4,3,4,4,3,3,3,3,3,4,3,2,4,4,2,2,2,2,2,2,2,2,2,3,3,3,3,3,2,8,7,7,3,3,5,4,3,4,1,40,4,1,1,1,45,3500,2800,0,135001,보안 직업 포화상태,정보통신공학
27522,1,0,1,0,1,0,1,0,2,3,2,2,1,0,2,2,2,3,3,4,3,4,1,0,2,2,2,2,1,0,3,4,2,3,2,3,1,0,2,3,4,3,4,4,3,4,3,2,3,3,3,2,2,3,1,0,3,4,2,2,1,0,3,3,2,2,2,2,2,2,2,1,4,3,1,0,2,2,1,0,3,4,2,2,3,2,1,0,4,3,3,3,3,3,4,4,2,1,2,3,3,1,1,1,2,2,0,2,1,3,2,2,4,3,2,3,9,9,9,3,3,3,1,3,3,4,2,5,3,5,3,4,2,1,2,3,4,4,4,2,4,4,2,2,2,2,2,2,2,2,2,2,2,3,3,2,2,9,9,9,9,5,5,6,5,5,1,60,2,2,5,1,50,0,0,3600,901301,농업 경기 불황,문과
27523,5,7,4,6,4,6,4,6,2,2,4,6,2,2,5,7,3,5,5,6,3,4,5,7,5,7,3,4,3,4,4,6,3,5,2,3,3,4,5,7,5,7,2,3,2,3,3,4,2,3,2,3,5,7,2,3,3,5,1,0,2,3,1,0,2,3,2,3,1,0,1,0,1,0,4,6,4,6,4,6,3,4,3,3,2,3,2,3,4,4,4,4,4,3,3,2,2,5,5,3,4,17,1,2,1,2,0,7,7,3,4,4,4,5,5,4,9,9,4,4,2,4,4,3,2,2,4,4,4,5,4,5,4,5,2,5,5,5,2,2,4,4,2,2,2,2,2,2,2,2,2,2,5,3,2,2,2,8,4,2,6,4,3,8,3,6,1,48,4,2,5,1,8,0,0,9500,301103,성형외과 전문의 인구 고령화 외모 충족 욕구 일자리 증가,의학
27524,4,4,4,4,4,4,4,4,4,4,4,4,4,4,4,4,4,4,4,4,4,4,4,4,4,4,4,4,4,4,4,4,4,4,4,4,4,4,4,4,4,4,4,4,4,4,4,4,4,4,4,4,4,4,4,4,4,4,4,4,4,4,4,4,4,4,4,4,5,5,4,4,4,4,4,4,4,4,4,4,4,4,4,4,3,3,4,4,3,3,4,3,2,3,3,3,2,4,3,3,4,3,1,1,2,2,0,7,2,4,2,1,4,4,3,3,2,4,4,4,4,2,2,4,4,5,4,3,2,3,3,4,3,4,3,3,4,4,3,4,4,5,2,2,2,2,2,2,2,2,2,2,2,2,2,3,2,7,4,5,7,4,5,6,3,5,1,37,2,1,1,1,60,3200,2800,0,882101,목재 사용,전기
27525,5,6,5,6,5,6,5,5,5,5,5,6,1,0,5,6,5,5,5,5,5,6,3,3,5,6,5,6,5,6,5,6,2,4,5,4,5,5,5,4,5,6,5,5,5,5,5,5,5,5,5,5,5,5,5,4,5,4,5,6,5,6,3,4,5,6,5,6,5,6,5,6,5,5,4,4,5,6,5,5,3,2,3,3,4,5,4,5,4,4,3,3,4,3,4,3,3,4,4,3,4,15,2,6,1,1,4,6,3,3,3,2,3,3,3,3,3,3,3,3,2,2,3,5,4,3,3,3,3,2,3,4,3,4,3,3,3,3,3,3,4,4,2,2,2,2,2,2,2,2,2,1,4,1,1,3,2,5,5,5,5,5,5,5,5,5,1,31,4,1,1,1,40,4000,2800,0,250301,정보처리기사 정보산업기사 리눅스마스터 서버 네트워크 보안 관련 교육 상급 부대 관심 변화 가능,대학교 컴퓨터공학
27526,2,2,3,4,1,0,3,4,2,3,1,0,1,0,2,1,2,3,2,3,2,2,2,3,2,2,3,3,2,1,2,2,1,0,1,0,2,2,2,2,3,4,2,2,2,3,1,0,2,3,2,2,1,0,1,0,1,0,3,4,1,0,2,3,3,4,2,2,3,4,3,4,3,3,1,0,1,0,1,0,1,0,2,1,2,3,2,1,3,2,3,2,2,1,2,3,3,2,2,1,3,14,1,2,2,2,0,7,2,3,2,3,2,3,2,4,3,2,3,3,3,2,4,2,3,2,4,3,4,3,3,3,2,2,4,2,3,4,3,2,4,4,2,2,2,2,2,2,2,2,2,3,2,2,2,3,1,6,7,5,4,4,5,4,4,5,2,43,3,1,1,1,45,2550,2000,0,562101,자동 검침 기기 발달 검침원 감소,주얼리
27527,3,4,4,5,2,4,3,4,3,5,3,4,3,5,2,3,4,5,2,3,2,3,2,2,2,2,2,2,3,4,2,3,3,4,3,4,3,4,3,5,3,5,2,2,3,4,2,3,3,5,3,4,2,3,2,2,3,4,2,3,3,3,2,2,2,2,1,0,2,3,1,0,1,0,1,0,1,0,1,0,1,0,1,0,3,4,2,3,5,4,2,3,4,3,4,5,3,5,4,2,4,6,1,2,1,2,0,7,4,3,4,3,4,5,4,4,9,9,3,4,1,5,4,4,3,4,4,4,5,3,4,3,4,4,5,5,5,4,4,3,4,4,2,2,2,2,2,2,2,2,2,1,4,3,3,3,2,6,6,6,5,5,5,5,5,5,2,54,3,2,5,1,40,0,0,5000,415301,실내건축기사 실내건축기능사 인테리어 대한 사람 관심,조경학
27528,4,5,4,4,3,4,4,5,4,4,3,4,2,4,3,4,2,4,2,4,3,4,3,4,4,5,3,4,3,4,3,5,3,4,3,5,3,4,3,3,3,4,4,4,4,4,4,3,3,3,3,4,2,4,2,4,3,3,3,3,2,3,3,3,2,3,3,3,2,3,2,3,3,3,3,3,3,3,2,3,2,3,2,3,3,3,3,3,3,3,3,4,3,2,3,3,3,3,2,3,3,18,1,4,2,1,2,2,5,4,5,3,4,4,4,3,4,4,5,4,4,4,3,4,4,3,3,3,3,3,4,4,3,3,3,3,3,4,4,3,4,3,2,2,2,2,2,2,2,2,2,2,2,2,2,2,1,7,7,6,5,6,5,5,5,5,2,47,3,1,1,1,48,3700,2100,0,521201,고객의 요구에 맞는 여행 상품 추천 세계 감염병 단절,행정학
27529,4,5,4,4,4,4,5,5,3,4,2,3,4,4,1,0,5,5,2,3,1,0,3,5,4,5,5,5,3,4,4,5,3,4,2,2,4,5,1,0,3,4,3,4,5,7,2,3,2,3,2,3,1,0,1,0,1,0,1,0,1,0,2,2,1,0,1,0,1,0,1,0,1,0,4,5,3,4,2,3,4,5,5,7,5,5,5,3,4,4,3,3,3,4,3,3,3,2,4,2,3,18,1,1,2,2,0,6,5,3,4,3,3,4,2,2,2,3,3,3,2,4,4,4,4,3,3,4,3,3,4,5,4,4,4,4,4,3,5,5,2,4,2,2,2,2,2,2,2,2,2,1,3,2,2,2,1,4,5,4,4,6,5,6,5,5,2,26,4,1,1,1,42,2400,2200,0,414701,변화,무용학
27530,1,0,1,0,1,0,1,0,2,2,2,3,2,2,2,3,1,0,1,0,1,0,1,0,1,0,2,2,2,3,2,2,1,0,2,2,2,3,3,3,1,0,1,0,2,3,2,3,3,2,1,0,1,0,1,0,1,0,1,0,1,0,1,0,1,0,1,0,1,0,1,0,1,0,2,3,2,2,1,0,3,3,1,0,1,0,1,0,3,2,3,3,3,3,4,4,3,3,2,2,3,9,1,2,1,1,2,2,4,3,3,4,4,4,2,3,9,9,9,4,2,3,4,2,2,3,3,3,3,5,3,3,2,3,2,4,4,3,4,1,3,4,2,2,2,2,2,2,2,2,2,1,4,3,3,3,2,7,9,6,3,4,4,7,5,3,1,36,3,1,1,1,40,3100,1800,0,531401,양식조리기사 양식조리훈련 외식 문화,조리학
27531,3,4,3,4,4,5,4,5,4,5,4,5,4,5,3,4,3,4,3,4,3,4,4,5,3,4,3,4,3,4,3,4,3,5,3,5,3,4,3,5,3,4,3,4,3,4,3,4,3,4,3,4,3,4,3,4,3,4,3,4,3,4,3,4,3,4,3,4,3,4,3,5,3,4,3,4,3,4,3,4,3,4,3,4,3,4,3,4,3,3,3,3,3,3,3,3,3,4,4,3,3,16,5,4,2,2,0,2,5,3,3,3,3,3,3,3,2,3,3,3,3,3,3,3,3,4,3,3,4,3,3,3,4,3,3,3,4,4,3,3,4,5,1,1,1,1,2,2,1,1,2,1,2,2,2,2,1,5,6,5,5,5,5,6,6,5,2,43,4,2,5,1,48,0,0,6900,411301,자동화 설비 도입 전자책 증가 일자리 감소,국문학
27532,4,4,3,4,3,4,4,4,1,0,1,0,1,0,1,0,2,3,2,3,1,0,2,3,1,0,1,0,1,0,2,2,1,0,1,0,1,0,2,5,2,4,2,2,4,3,2,3,2,2,1,0,2,3,1,0,2,3,2,3,2,4,2,2,1,0,1,0,1,0,1,0,2,3,1,0,3,5,1,0,4,6,4,5,4,5,4,5,3,4,4,4,4,1,3,1,4,2,3,4,4,7,1,4,2,2,0,5,2,4,5,4,4,4,3,2,3,3,4,4,2,2,3,4,3,4,4,3,4,3,2,4,5,3,4,4,5,4,5,4,4,5,2,2,1,2,2,2,2,1,2,2,3,2,3,3,1,8,4,5,3,7,3,3,6,3,1,31,2,1,1,1,48,2600,2300,0,624401,자동화 설비 도입 업무 줄어듬 기계 부분 대신 일자리 부족,인문계
27533,3,4,3,3,1,0,2,2,3,3,3,4,3,3,2,2,3,3,1,0,2,2,2,3,2,2,3,3,1,0,1,0,2,2,3,3,2,2,3,4,4,4,3,3,3,3,2,2,3,3,1,0,3,4,2,2,2,3,3,3,3,3,3,3,3,3,2,2,2,2,3,4,3,3,2,2,1,0,3,3,1,0,1,0,3,3,1,0,4,3,4,3,4,4,3,3,2,4,4,4,3,3,1,5,1,1,3,3,5,3,3,4,4,4,3,4,3,4,4,4,3,4,4,3,4,3,3,4,3,3,3,4,3,4,4,3,3,3,4,4,3,3,2,2,2,1,2,2,2,2,2,2,4,2,2,2,1,6,5,5,4,5,4,5,5,4,1,30,4,1,1,1,48,3900,2900,0,134101,DB개발 자격증 실무 업무 기술 다양 산업혁명 기술 수요 증가,전자공학
27534,4,5,4,5,5,5,4,5,3,4,5,5,4,5,3,4,5,5,5,5,2,3,3,3,2,3,3,4,4,4,4,4,4,4,4,4,5,5,1,0,4,4,3,4,3,4,3,4,4,4,3,4,4,4,3,4,1,0,1,0,2,3,1,0,3,4,3,4,1,0,1,0,4,5,5,5,3,4,1,0,3,4,2,3,2,4,2,3,3,4,4,3,4,3,3,4,3,3,4,3,3,13,1,3,2,1,2,6,4,4,3,3,4,3,3,3,4,4,4,4,2,4,4,4,3,2,2,1,2,3,4,4,3,4,3,3,2,4,2,2,4,4,2,2,2,2,2,2,2,2,2,2,4,2,2,2,1,8,6,7,3,4,6,3,3,5,1,30,4,1,1,1,45,2700,2700,0,135001,네트워크 서버 전문적 지식 일정 규모 시스템 구축 분야 음으로,정보통신공학
27535,2,2,1,0,1,0,1,0,3,3,2,3,3,4,2,3,3,4,1,0,4,5,4,5,3,5,1,0,1,0,2,4,2,2,2,2,4,5,1,0,4,6,4,5,4,4,2,3,3,4,4,5,5,6,5,6,5,6,2,3,1,0,2,2,4,4,3,5,2,2,2,2,4,3,5,6,3,6,2,3,5,6,4,4,4,4,4,4,4,4,5,1,2,1,2,5,2,2,4,4,2,6,1,2,1,2,0,2,1,3,2,2,5,4,2,3,3,3,4,4,3,5,4,3,3,4,4,3,4,5,4,5,3,3,3,4,4,5,4,3,5,5,2,2,2,2,2,2,2,2,2,1,3,2,2,2,2,5,6,8,3,5,4,7,4,5,1,58,1,1,1,1,40,3500,2800,0,701501,석공기능사 작업 때문,0
27536,3,5,3,5,1,0,1,0,1,0,3,5,1,0,3,5,4,5,1,0,3,5,3,5,4,5,4,6,1,0,3,5,1,0,1,0,2,3,1,0,3,4,3,5,3,5,2,3,3,4,1,0,4,5,2,3,2,3,2,3,3,5,3,5,3,4,2,3,2,3,2,3,1,0,3,4,2,4,2,3,2,3,2,3,2,3,2,2,3,3,4,4,4,3,4,3,3,3,4,3,4,3,1,5,1,2,0,3,4,3,4,3,4,4,3,4,4,3,3,4,4,1,4,3,3,2,3,3,4,5,3,4,3,3,2,2,4,5,3,3,4,4,1,1,1,1,1,2,2,2,2,2,5,1,1,3,2,7,6,4,3,3,4,7,3,4,1,50,4,1,1,1,45,4200,3000,0,872301,식품가공기능사 기술 재교육 판매량 급증,식품영양학
27537,1,0,1,0,1,0,1,0,1,0,1,0,1,0,1,0,1,0,1,0,1,0,1,0,1,0,1,0,1,0,1,0,1,0,1,0,1,0,1,0,1,0,1,0,1,0,1,0,1,0,1,0,3,4,1,0,3,4,1,0,2,2,1,0,4,5,3,4,1,0,1,0,1,0,1,0,3,4,1,0,1,0,1,0,1,0,1,0,4,3,4,3,4,3,3,3,2,3,3,2,3,18,1,3,2,2,0,7,4,3,4,3,3,4,3,4,3,3,3,3,2,3,2,2,4,3,4,3,3,3,3,3,2,3,3,4,4,4,4,4,3,4,2,2,2,2,2,2,2,2,2,3,3,3,3,3,2,7,5,6,7,7,7,8,9,6,1,32,3,1,1,1,40,2800,2200,0,416501,채용 인원 한정,영상학
27538,2,2,3,3,2,1,3,4,2,3,1,0,1,0,2,2,3,3,2,1,1,0,2,3,3,4,3,3,2,3,3,4,1,0,2,2,1,0,3,4,3,4,3,3,3,4,3,4,2,3,1,0,2,3,1,0,2,2,1,0,1,0,2,2,2,3,3,4,2,3,1,0,2,3,4,5,2,3,3,4,2,2,2,2,2,1,2,2,5,3,5,2,3,4,2,4,3,5,4,2,5,18,4,1,2,2,0,7,2,4,4,5,5,5,3,5,9,9,9,5,2,4,5,4,5,4,4,3,5,2,4,4,5,4,5,4,4,5,4,5,4,5,2,2,2,2,2,2,2,2,2,1,3,2,2,2,2,7,8,6,4,3,4,3,3,3,1,60,2,2,6,1,40,0,0,3500,524001,수요 감소,기계
27539,4,4,4,5,3,4,5,5,4,5,4,4,2,4,3,5,4,4,4,5,2,3,3,3,3,4,4,4,3,3,3,4,4,5,4,4,2,4,3,4,3,4,5,5,4,4,3,5,3,4,3,5,4,4,4,5,3,4,3,4,4,5,3,5,3,4,4,4,3,5,4,4,4,5,4,4,3,5,3,4,3,4,2,4,3,3,3,4,5,4,3,4,4,3,4,2,3,4,4,3,3,4,1,5,2,1,2,5,5,3,3,3,3,3,3,3,4,4,4,4,3,3,3,3,3,2,4,2,3,3,4,5,5,5,4,4,3,5,4,4,4,3,2,2,2,2,2,2,2,2,2,1,4,2,2,2,1,4,4,5,3,3,4,4,5,6,1,36,4,1,1,1,40,3700,3600,0,26401,교육 자문을 위한 행정 회계관련 교육 윤리경영 기업 사회 책무 대한 관심,경영학
27540,3,5,3,5,2,4,2,3,2,3,2,3,2,3,3,5,3,5,2,3,2,3,3,5,3,5,3,5,2,3,2,3,2,3,2,3,2,3,3,5,3,5,3,5,3,5,2,3,3,5,2,3,3,5,3,5,3,5,3,5,3,5,3,5,3,5,3,5,3,5,3,5,3,5,3,5,3,5,2,3,2,3,3,5,3,5,3,5,4,3,4,3,3,4,4,4,3,3,4,3,4,3,1,2,1,2,0,6,2,3,3,4,3,3,3,4,5,4,5,4,3,3,4,4,3,4,3,4,3,4,3,4,3,3,4,3,4,3,4,3,4,3,2,2,2,2,2,2,2,2,2,2,3,3,3,3,2,8,7,8,7,8,7,7,8,7,1,39,3,1,1,1,40,5000,3100,0,861301,양장기능사 대체 업무,회계
27541,4,5,5,5,3,4,4,5,3,5,4,5,3,4,4,5,3,5,3,4,5,5,4,5,5,6,5,6,4,7,3,5,3,4,4,4,4,6,4,6,5,5,4,5,4,6,4,6,5,5,4,5,3,5,4,6,4,5,2,2,3,4,1,0,3,5,3,4,2,3,4,4,4,6,5,6,5,5,3,4,2,3,3,4,5,6,2,3,5,5,3,5,5,3,4,4,3,4,5,5,5,17,1,2,1,2,0,6,6,5,4,4,5,4,4,4,9,9,3,4,2,5,4,5,4,4,5,3,4,2,4,5,4,4,5,4,3,3,4,3,5,4,2,2,2,2,2,2,2,2,2,2,3,3,3,2,2,4,3,5,4,3,5,9,5,4,1,45,5,2,5,1,45,0,0,10000,301103,의사면허 생활수준 향상 외모 사람 계속,의학
27542,4,3,5,5,5,4,4,4,2,2,4,4,3,3,5,5,3,2,3,2,2,2,4,4,3,3,3,3,4,4,4,4,4,4,4,4,5,5,2,2,4,4,4,4,4,3,1,0,1,0,1,0,1,0,1,0,1,0,1,0,1,0,1,0,1,0,1,0,1,0,1,0,1,0,4,4,3,3,3,3,1,0,1,0,5,5,4,5,2,2,3,2,2,3,3,1,2,2,2,2,2,16,5,2,1,1,1,3,5,3,1,2,3,3,3,2,2,3,3,2,4,3,2,3,2,2,1,4,3,5,2,3,3,3,3,3,3,4,3,2,3,3,2,2,2,2,2,2,2,2,2,1,1,2,2,3,1,3,3,3,5,5,5,5,5,5,2,45,4,1,1,1,50,4200,2500,0,212301,특수교육교사 자격증 장애학교 근무 초에는 교육이 필요하다 적응을 위해서는 특성 지원,특수교육학과
27543,5,7,5,7,5,6,5,7,2,3,5,6,4,6,3,5,5,6,3,5,4,6,4,5,3,4,5,6,5,7,3,4,4,5,4,6,3,4,4,6,5,7,4,6,4,6,4,5,3,4,4,6,4,6,4,4,4,4,4,5,4,5,4,5,4,5,1,0,1,0,1,0,2,3,1,0,1,0,3,4,1,0,1,0,3,4,3,4,5,5,4,4,4,5,5,4,4,5,4,3,4,17,3,2,1,2,0,2,4,4,3,3,4,4,3,4,3,4,4,4,4,3,3,4,3,4,3,3,4,3,4,4,3,4,3,3,4,4,4,4,4,3,2,2,2,2,2,2,2,2,2,2,3,3,3,3,2,8,7,7,8,8,7,7,6,7,2,54,4,1,1,1,40,3500,1800,0,231201,아동심리상담사2급 스트레스 사람,언어치료학
27544,3,3,3,2,3,2,3,2,4,5,3,5,1,0,3,4,3,6,1,0,1,0,1,0,3,2,1,0,2,1,2,1,2,2,2,2,2,2,2,2,1,0,2,2,3,6,2,2,2,2,1,0,1,0,1,0,1,0,1,0,4,5,1,0,1,0,1,0,1,0,1,0,1,0,1,0,1,0,1,0,1,0,1,0,1,0,1,0,4,4,2,5,4,4,4,3,4,3,4,4,4,11,1,2,1,1,1,7,5,4,4,4,4,4,4,4,4,3,4,5,2,3,3,3,3,3,4,3,3,4,3,4,3,3,4,3,4,5,4,4,3,3,2,2,2,2,2,2,2,2,2,2,3,3,3,3,2,5,5,6,5,5,4,5,5,5,2,32,4,1,1,1,40,5000,4500,0,32201,증권투자상담사 직무교육 주식 투자 유지,경제학
27545,2,3,2,3,2,2,2,2,2,3,2,3,2,3,2,3,2,3,2,3,2,2,2,3,2,2,2,3,2,3,2,3,2,3,2,3,2,3,2,2,2,3,2,3,2,3,2,3,2,2,2,2,1,0,1,0,1,0,1,0,3,4,1,0,1,0,1,0,1,0,1,0,1,0,1,0,1,0,1,0,2,1,2,1,2,2,2,1,3,3,3,3,3,5,3,3,3,3,3,3,3,3,1,2,1,2,0,3,3,3,3,3,2,2,4,3,2,3,3,3,4,2,3,3,3,2,4,2,3,3,3,5,3,3,3,3,3,4,3,3,5,4,2,2,2,2,2,2,2,2,2,2,2,3,2,3,2,5,4,4,4,4,4,6,4,4,2,35,4,1,1,1,40,3200,2500,0,29501,컴활1급 MOS엑셀 파워포인트 사무 자동화 사회 변화,국어국문
27546,3,3,3,3,2,2,2,2,2,2,3,3,4,4,3,3,3,4,3,4,3,3,2,2,3,3,4,4,3,4,3,3,3,3,3,3,4,5,4,5,4,5,4,5,3,4,3,4,4,5,4,4,4,5,3,4,3,4,3,4,1,0,4,5,3,3,3,4,1,0,3,3,3,4,1,0,1,0,3,3,3,4,4,5,1,0,1,0,4,4,4,4,4,4,4,4,4,4,4,3,3,6,1,2,1,1,4,4,4,4,3,3,4,4,4,3,3,3,3,3,2,4,4,2,3,4,3,4,3,4,4,4,3,4,4,4,4,3,4,4,4,3,2,2,2,2,2,2,2,2,2,2,3,3,3,3,2,7,5,7,6,4,7,6,6,6,1,40,4,1,1,1,45,6500,2800,0,140201,구조성능평가 건축구조기술사 비선형내진성능 평가이론 상황 유지,기계학
27547,3,2,3,3,1,0,1,0,2,2,2,2,1,0,3,4,4,4,2,2,1,0,1,0,3,3,1,0,3,3,3,3,2,2,2,2,1,0,3,3,4,5,2,2,3,3,1,0,1,0,1,0,4,5,2,2,2,2,2,2,1,0,2,2,4,5,2,2,5,5,4,4,4,4,3,3,3,3,2,2,3,3,2,2,4,4,3,4,4,4,3,3,3,4,4,2,2,3,3,3,3,8,1,2,2,1,1,3,2,4,4,3,4,4,3,3,3,4,4,4,3,3,3,4,4,3,4,3,4,5,4,3,3,2,3,4,4,4,4,4,4,3,2,2,2,2,2,2,2,2,2,2,2,2,2,2,2,6,6,7,5,5,5,6,6,5,1,38,2,1,1,1,40,3300,3100,0,624301,기초안전교육 해상 운송 여행객 감소,인문계
27548,3,4,3,4,3,3,2,3,3,5,3,5,3,4,4,5,2,3,2,2,3,4,2,3,2,3,2,2,2,2,2,3,2,2,2,2,2,3,2,2,3,5,3,4,2,3,2,1,2,2,2,2,4,5,4,5,2,3,2,2,2,4,3,4,3,5,2,4,2,3,2,5,2,3,2,2,2,2,2,2,2,2,2,2,2,1,2,1,3,4,3,3,3,3,3,3,3,4,3,4,3,4,1,3,1,2,0,5,5,4,3,3,4,4,3,3,3,3,4,4,2,4,4,4,3,2,4,2,4,3,3,4,3,3,2,3,4,4,3,3,5,4,2,2,2,2,2,2,2,2,2,1,3,3,3,3,2,4,4,4,5,3,4,6,4,4,1,45,4,1,1,1,40,5500,3800,0,153102,산업계측제어기술사 전력 용량 자동화 무인 시스템 도입 상태 유지,전기공학
27549,3,3,2,3,2,3,3,4,4,6,4,5,1,0,4,5,2,3,1,0,1,0,2,3,4,5,3,4,2,3,1,0,3,4,3,4,1,0,4,6,3,5,5,6,4,6,4,5,1,0,2,2,5,6,1,0,1,0,1,0,4,5,1,0,1,0,1,0,1,0,1,0,2,2,1,0,1,0,2,3,1,0,1,0,2,2,1,0,4,4,4,3,5,4,3,2,3,4,4,3,3,11,1,2,1,2,0,4,5,4,4,4,3,4,3,4,3,4,4,4,1,2,3,3,2,3,4,4,4,4,4,4,3,4,2,3,4,4,4,3,4,4,2,2,2,2,2,2,2,2,2,2,4,2,2,3,1,7,5,8,4,7,6,3,7,7,1,37,4,1,1,1,48,6900,3300,0,32201,증권투자상담사 선물거래상담사 고객 유형 세분 파악 맞춤 금융 상품 판매,컴퓨터공학
27550,4,6,4,6,3,4,2,3,2,3,2,2,1,0,2,2,4,6,1,0,1,0,1,0,4,5,1,0,1,0,1,0,1,0,1,0,1,0,1,0,1,0,1,0,1,0,1,0,1,0,1,0,2,2,1,0,2,2,1,0,2,3,1,0,3,3,2,1,1,0,2,2,1,0,4,4,4,5,1,0,2,3,2,3,3,3,1,0,2,4,4,4,4,4,3,2,4,3,3,3,4,17,1,6,1,2,0,1,5,5,5,4,5,4,4,4,3,3,4,4,1,5,3,2,3,3,2,3,4,3,3,4,4,5,5,5,5,4,3,3,4,4,2,2,2,2,2,2,2,2,2,2,4,3,3,3,2,5,5,6,5,4,5,5,6,5,2,37,3,1,1,1,40,6500,3000,0,306101,임상병리사 고령화 시대 환자 증가,임상병리
27551,4,4,4,5,3,4,4,5,4,5,4,6,4,4,3,4,4,4,4,5,3,4,3,3,4,5,3,4,4,4,4,5,4,4,4,5,4,5,3,4,4,4,4,5,4,4,4,5,4,5,4,4,4,5,4,5,4,5,3,4,4,4,4,5,4,4,4,5,3,4,4,5,4,5,4,4,4,5,4,5,3,4,4,5,4,4,4,5,4,3,3,4,4,3,3,4,4,4,3,3,4,13,2,3,2,2,0,2,5,4,4,5,4,4,5,4,4,5,5,4,4,4,3,4,3,4,4,4,4,3,4,4,4,4,4,3,4,4,3,4,4,4,2,2,2,2,2,2,2,2,2,2,4,3,3,3,2,7,7,6,5,4,5,5,7,4,1,37,4,1,1,1,40,4600,4000,0,155102,온실가스 감축 재생 에너지 전환,신재생에너지
27552,3,4,3,4,2,2,3,4,5,6,3,4,2,2,3,4,4,5,4,6,3,4,4,6,4,6,3,4,1,0,3,4,2,2,2,3,2,2,2,2,4,4,4,6,3,4,1,0,1,0,2,2,1,0,1,0,1,0,1,0,3,4,1,0,1,0,1,0,1,0,1,0,3,4,2,2,1,0,2,2,2,2,2,2,3,4,3,4,5,4,3,3,2,3,4,4,3,3,2,4,3,11,1,2,1,1,3,3,5,4,3,3,4,4,3,3,9,9,4,4,2,3,3,4,4,4,2,1,4,1,3,3,4,3,2,2,4,5,4,3,3,3,2,2,2,2,2,2,2,2,2,3,3,3,3,3,2,3,7,3,8,4,7,2,7,3,2,51,4,1,1,1,40,6500,4000,0,31101,투자자산운용사 세계경제파악,경제학
27553,4,4,3,3,3,4,3,4,4,4,4,4,2,3,4,4,4,4,4,4,3,5,3,3,3,4,3,4,2,3,4,4,4,4,4,4,2,3,3,4,4,5,5,6,4,5,3,4,3,5,3,4,3,4,3,4,3,3,2,4,2,3,3,4,3,4,3,5,4,5,3,4,3,3,4,4,3,3,2,4,3,4,3,4,3,4,3,4,5,4,3,4,4,4,3,2,2,4,3,2,4,6,1,4,1,1,3,5,5,4,4,5,5,4,4,4,5,3,4,5,4,4,4,3,4,4,4,3,3,3,4,3,4,4,4,3,3,5,4,2,4,4,2,2,2,2,2,2,2,2,2,2,4,3,3,3,2,8,9,5,4,3,4,4,5,7,1,47,4,1,1,1,42,4100,2900,0,158402,산업기사 자격증 없다 유해 위험방지 관한 훈련 안전 보건 체제 구축 기업 관심,기계공학
27554,5,3,5,5,3,3,5,3,3,4,3,5,3,4,4,4,5,5,3,4,4,5,3,4,3,3,4,4,5,3,4,4,5,4,5,4,5,4,5,4,5,4,5,3,5,3,5,3,3,3,3,2,3,4,3,4,3,4,2,3,5,5,2,2,3,2,3,3,3,3,2,2,3,3,2,1,1,0,2,3,1,0,1,0,3,3,3,3,3,3,4,5,3,4,2,2,3,4,3,3,4,13,1,2,1,1,5,5,2,3,3,2,4,4,4,4,4,2,5,3,4,2,3,4,3,2,3,2,4,5,2,5,2,3,3,3,3,5,3,3,5,4,2,1,2,2,2,2,2,1,1,5,1,3,3,3,2,2,5,2,2,2,5,5,6,4,2,27,3,1,1,1,40,2600,2200,0,29501,전산회계 전산세무 세금신고 관련교육 전산 프로그램 사용 전산 발달 무량 증가 세분 전산 발달 기계 장비 업무 대체 가능,전산학
27555,1,0,2,1,1,0,2,1,2,1,1,0,2,1,2,2,2,2,4,4,1,0,2,2,3,4,1,0,1,0,1,0,1,0,1,0,1,0,2,2,1,0,2,1,2,2,1,0,2,1,1,0,1,0,1,0,2,1,1,0,1,0,1,0,1,0,1,0,1,0,1,0,1,0,3,4,3,2,1,0,3,3,3,4,3,2,1,0,4,4,4,3,2,2,2,4,2,2,4,4,4,1,4,1,2,1,2,7,1,3,3,2,2,3,3,3,9,9,9,4,4,3,2,4,4,4,4,2,2,4,5,4,4,4,2,2,3,4,2,1,3,3,2,2,2,2,2,2,2,2,2,1,1,2,2,2,2,7,6,7,6,7,8,5,4,5,2,48,2,2,6,1,30,0,0,1400,904201,실습훈련 양식,문과
27556,4,6,5,6,4,5,4,5,3,4,4,6,4,5,3,5,4,5,3,4,4,5,5,6,3,4,4,5,4,5,3,4,3,4,4,6,4,5,4,6,4,5,4,5,4,5,3,4,4,4,3,4,3,3,1,0,1,0,1,0,2,3,3,4,3,3,1,0,1,0,1,0,3,4,1,0,2,3,3,4,2,3,1,0,2,3,2,3,4,4,3,4,4,3,4,4,3,4,3,3,5,15,2,5,2,2,0,7,5,4,3,3,4,5,4,4,3,3,3,3,1,4,3,3,3,2,2,1,4,3,4,4,4,2,2,3,3,5,3,3,4,4,2,2,2,2,2,2,2,2,2,1,3,3,3,3,2,6,5,5,6,4,4,4,5,4,1,61,4,1,1,1,50,8300,5000,0,12101,대체 불가 일자리 생각,행정학
27557,4,4,3,3,2,3,5,5,4,5,3,4,4,4,3,4,4,4,3,4,3,4,3,4,4,4,3,4,1,0,3,3,2,3,2,4,3,3,3,3,4,4,2,3,3,4,2,3,3,4,3,4,4,4,3,4,3,4,3,4,4,5,2,4,4,4,3,4,4,4,4,3,3,3,3,4,2,3,2,3,2,5,3,4,2,3,2,4,4,5,4,3,4,5,4,4,2,4,3,4,4,10,1,3,2,2,0,3,4,4,3,3,3,4,4,3,3,4,5,4,2,4,4,4,4,4,3,3,4,4,3,4,4,4,3,2,4,4,4,3,4,5,2,2,2,2,2,2,2,2,2,2,2,3,3,2,1,2,3,2,4,4,4,4,6,5,1,31,4,1,1,1,45,2800,2700,0,133201,기술 도입 인력,컴퓨터공학
27558,4,3,3,3,3,4,4,4,1,0,2,3,1,0,1,0,3,4,1,0,1,0,4,6,3,3,3,4,4,4,2,3,2,3,1,0,4,2,2,3,3,2,2,2,4,3,1,0,1,0,1,0,1,0,1,0,1,0,1,0,3,2,1,0,1,0,1,0,1,0,1,0,1,0,1,0,1,0,1,0,1,0,1,0,3,2,2,2,4,5,2,3,3,3,2,2,3,4,4,1,4,16,5,2,2,1,1,3,5,3,2,2,4,4,3,2,3,3,4,3,3,3,3,3,3,2,3,2,3,3,4,5,3,3,4,4,4,4,4,3,4,3,2,2,2,2,2,2,2,2,2,2,2,2,2,2,1,7,7,3,4,4,4,6,4,4,2,30,4,1,2,2,30,3000,2400,0,214102,강의 방법 훈련 인공 지능 기술 발달 외국어 대화,영어영문
27559,1,0,1,0,1,0,1,0,1,0,1,0,1,0,1,0,1,0,1,0,1,0,1,0,3,6,4,5,4,5,1,0,1,0,1,0,1,0,1,0,1,0,2,2,2,3,2,2,2,2,2,3,3,4,4,5,5,5,4,5,4,5,4,5,3,4,1,0,1,0,1,0,3,4,3,4,3,4,1,0,1,0,1,0,3,4,1,0,4,4,3,4,3,4,3,3,3,5,4,4,3,18,1,2,2,2,0,7,4,3,3,3,4,3,3,3,3,4,3,3,2,3,3,4,3,4,3,3,3,2,4,3,3,3,3,4,4,3,3,4,3,4,2,2,2,2,2,2,2,2,2,2,4,1,1,1,2,5,4,5,6,6,6,5,4,5,2,28,3,2,5,1,40,0,0,6000,417102,업계 성장 증가,미디어
27560,5,5,5,5,5,5,4,5,4,5,5,5,3,4,4,6,5,5,3,4,4,5,4,5,4,5,3,4,4,5,3,4,4,5,4,5,3,4,4,5,4,5,4,5,4,5,4,5,3,4,3,4,4,5,3,4,2,3,2,3,2,3,2,2,2,2,2,2,2,2,2,2,3,4,2,2,1,0,2,3,4,6,3,4,2,2,2,2,5,5,4,3,3,2,3,3,4,3,3,3,3,13,1,2,1,1,3,2,6,3,3,3,4,4,2,3,3,4,3,3,3,3,3,4,3,3,3,3,3,3,5,4,3,3,3,3,3,4,3,3,3,4,2,2,2,2,2,2,2,2,2,2,4,3,3,3,2,2,2,3,2,3,3,2,3,2,1,34,5,1,1,1,50,6000,5000,0,221201,변호사자격증 문서 작성 소송 실무 변호사 공급 증대 신출 분야 다각,법학
27561,3,3,3,4,1,0,2,4,2,4,1,0,3,4,4,4,3,4,4,4,3,5,3,4,4,4,2,4,3,4,4,4,2,5,3,3,4,4,2,5,3,5,4,3,4,4,4,4,5,5,1,0,3,4,4,4,3,5,4,4,4,4,4,6,3,4,4,4,4,5,3,5,1,0,4,4,4,5,5,5,3,5,3,4,4,4,3,4,4,3,3,4,3,4,4,4,2,3,3,2,3,14,1,2,1,2,0,2,2,4,3,3,3,4,3,4,3,4,4,4,4,4,3,4,4,3,3,4,4,4,4,4,5,4,4,4,3,3,4,4,4,3,2,2,2,2,2,2,2,2,2,3,3,3,3,3,2,7,3,4,3,5,6,7,3,4,1,47,2,1,1,1,42,4000,2800,0,811401,공조기사운전원 향후 변동 예상,기계
27562,4,5,4,5,2,3,2,2,3,4,3,4,2,3,2,3,3,3,2,3,3,3,3,4,2,3,2,2,3,3,3,4,2,2,1,0,2,2,2,3,4,4,3,3,3,3,2,2,2,2,2,2,3,2,3,3,3,3,3,3,2,2,4,6,3,4,4,4,4,4,4,4,3,3,3,3,3,4,4,4,4,5,3,3,3,5,3,4,3,2,3,3,2,2,2,3,1,3,2,2,2,13,2,2,2,1,2,4,6,5,5,5,5,5,4,4,4,4,3,4,2,4,4,4,4,3,4,4,4,4,3,4,3,4,4,4,4,3,4,4,4,4,2,2,2,2,2,2,2,2,2,1,3,3,3,3,2,6,7,6,4,4,6,6,5,6,1,35,5,1,1,1,40,3900,3800,0,156101,제반 이론 생산 기술 활용 교육 섬유 개발,섬유소재공학
27563,4,6,3,4,5,7,3,4,5,7,4,5,4,5,5,7,3,4,3,4,5,7,4,6,4,5,4,6,3,4,3,4,3,4,3,4,3,4,2,3,4,6,4,5,3,4,3,4,4,5,3,4,5,7,4,5,4,5,4,5,5,7,3,4,4,5,4,5,3,4,3,4,4,5,3,4,3,4,2,3,2,3,2,3,2,3,2,3,4,4,3,4,4,3,4,3,3,4,4,3,4,3,1,5,2,2,0,6,5,4,4,4,4,5,5,3,3,3,4,3,2,4,4,2,2,3,3,4,3,4,3,4,3,4,4,4,4,4,3,3,4,4,2,2,2,2,2,2,2,2,2,2,3,2,2,2,1,2,2,2,3,3,6,7,3,3,1,38,4,1,1,1,40,4800,3000,0,151108,전문직 공급,해양공학
27564,1,0,1,0,1,0,1,0,1,0,1,0,1,0,1,0,4,5,3,4,1,0,1,0,3,3,1,0,1,0,1,0,1,0,1,0,1,0,1,0,1,0,4,5,3,3,5,5,4,5,1,0,4,4,1,0,4,5,1,0,1,0,4,4,4,4,4,5,4,4,4,5,1,0,1,0,1,0,1,0,4,5,4,4,1,0,3,3,4,4,4,4,3,1,4,2,3,2,4,3,3,1,1,1,2,2,0,2,1,4,4,4,4,4,2,5,9,9,9,5,2,4,4,4,4,3,4,3,4,3,3,4,3,4,4,4,3,5,4,3,4,3,2,2,2,2,2,2,2,2,2,1,3,3,3,3,2,9,2,8,3,5,7,8,3,6,1,55,4,2,5,1,50,0,0,3000,902201,경제 상황,축산학
27565,4,4,2,3,3,3,2,2,1,0,1,0,1,0,3,4,3,3,2,3,3,4,3,3,1,0,1,0,2,3,4,4,1,0,1,0,1,0,3,4,2,2,2,2,1,0,1,0,2,2,1,0,1,0,1,0,2,2,1,0,2,3,1,0,2,3,1,0,1,0,1,0,1,0,1,0,1,0,1,0,2,2,2,1,2,2,3,3,3,4,3,3,4,2,4,3,3,4,4,3,2,17,1,2,1,2,0,6,4,4,4,4,4,4,4,4,4,5,4,4,4,4,3,4,4,3,4,4,4,4,4,3,4,4,3,4,4,4,3,3,4,2,2,2,2,2,2,2,2,2,2,1,4,3,3,3,2,4,6,6,3,4,5,4,6,3,2,24,3,1,1,1,40,2100,1800,0,307501,간호조무사 의료 기관 추가 증가 인력 수요 증가,보건행정학
27566,2,4,2,2,2,1,3,3,4,4,3,3,4,5,3,3,3,4,3,3,2,2,2,3,3,3,2,2,2,3,2,3,2,2,2,3,4,5,3,4,2,2,3,3,2,3,2,2,3,3,3,3,2,3,3,3,2,3,2,2,3,4,2,3,2,2,3,3,2,2,2,2,3,3,2,2,2,2,3,3,2,2,2,2,3,3,2,2,3,2,2,3,3,3,3,4,2,4,3,2,3,6,1,3,1,2,0,5,5,3,4,5,5,3,4,5,4,4,4,4,4,4,4,3,2,4,3,2,4,3,4,2,2,4,4,4,4,3,2,3,3,3,2,2,2,2,2,2,2,2,2,2,2,3,3,3,1,3,3,5,5,3,4,5,4,5,1,44,4,1,1,1,55,4000,2650,0,140201,건축시공사 건축구조사 경기 침체,건축설비학
27567,2,2,3,4,2,2,2,2,3,4,2,3,4,4,3,3,3,5,2,2,3,3,2,4,2,4,2,2,2,4,3,3,2,3,2,3,2,3,3,4,2,3,2,3,2,2,3,4,3,4,2,3,4,5,2,3,2,2,3,4,2,3,3,4,2,3,2,3,2,3,3,4,2,3,3,4,2,3,3,4,2,3,2,3,2,3,2,2,2,3,2,2,2,3,3,2,3,2,2,3,3,7,1,2,2,2,0,1,1,4,3,4,4,4,4,3,9,3,3,3,4,3,3,4,4,5,3,4,4,4,4,3,4,3,4,4,4,4,4,3,4,4,2,2,2,2,2,2,2,2,2,2,2,2,2,2,2,6,7,6,8,7,7,5,6,5,1,46,2,1,1,1,40,2600,1700,0,615701,전기차 이용,상고
27568,2,3,3,4,2,2,3,4,4,5,4,4,5,5,1,0,3,4,1,0,4,5,3,5,5,5,4,4,1,0,2,3,3,4,3,4,2,3,2,3,3,5,3,3,3,4,3,4,3,4,2,3,3,4,5,5,3,4,3,4,5,5,2,3,3,3,3,4,2,3,2,3,4,4,1,0,1,0,1,0,1,0,1,0,3,3,2,5,3,4,2,3,4,4,2,4,3,4,3,3,4,10,1,3,1,1,6,5,5,4,2,1,3,3,2,3,2,2,3,3,4,2,2,3,2,1,1,2,3,4,3,4,3,2,1,1,2,4,3,3,5,3,2,2,2,2,2,2,2,2,2,3,4,1,1,1,1,5,6,7,4,3,2,8,7,6,1,28,4,1,1,1,45,3000,2700,0,133204,게임프로그래밍 전문가 자격증 정보처리기사 다이렉트X OPEN GL기반의 그래픽 처리를 수있는 교육 스마트폰 발달 증가,정보통신공학
27569,2,4,2,3,3,4,3,4,4,5,3,4,3,4,3,5,3,4,3,5,4,5,3,5,3,4,3,4,3,4,4,5,3,4,3,5,4,4,4,4,3,5,4,4,4,5,3,5,4,5,3,5,3,4,4,5,3,5,3,5,3,4,4,4,4,4,4,5,3,5,4,5,3,5,3,5,3,5,4,5,3,5,3,5,4,3,3,4,3,2,3,2,2,2,3,2,3,2,2,2,2,3,1,2,2,2,0,2,2,2,2,2,4,3,3,3,4,4,4,4,3,3,3,3,2,3,4,3,4,4,3,4,2,3,4,3,2,2,3,4,4,4,2,2,2,2,2,2,2,2,2,3,1,3,3,3,2,7,3,6,4,7,3,6,4,7,2,49,2,1,1,1,44,4000,2000,0,861201,기계화,이과
27570,4,4,4,5,3,3,4,3,3,3,3,3,4,4,3,5,4,5,3,4,4,5,4,5,4,4,3,4,3,5,4,4,3,4,4,4,4,4,3,4,3,5,3,4,3,4,3,3,3,3,3,4,4,5,4,4,3,3,3,3,2,3,2,2,3,4,3,3,3,2,2,2,3,4,4,7,4,5,3,3,2,5,5,7,4,4,4,4,4,3,4,4,5,2,2,4,3,4,4,3,4,18,1,2,1,1,4,3,5,5,5,5,4,4,4,4,3,4,3,4,2,4,4,4,4,4,4,3,4,3,4,4,4,5,5,4,4,4,4,3,4,4,2,2,2,2,2,2,2,2,2,1,3,2,2,3,2,9,1,1,1,1,1,1,1,9,2,33,4,1,1,1,35,3200,2500,0,414701,밸리댄스자격증 무용 작품 평가 작품 창작 변화,무용
27571,4,4,3,4,3,4,3,4,3,4,3,5,4,4,3,4,3,4,3,4,3,4,4,5,3,4,3,4,3,4,3,4,3,4,3,4,3,4,3,4,3,4,4,5,3,4,3,4,3,4,3,5,4,4,2,2,1,0,3,5,5,5,4,5,4,4,4,5,4,4,4,4,3,5,3,4,3,4,3,4,3,5,3,4,3,4,4,4,4,3,4,4,4,3,4,4,3,4,3,4,4,7,1,2,2,2,0,3,4,4,4,3,4,3,4,3,3,3,4,3,3,3,3,4,4,3,3,4,4,3,3,4,3,4,3,3,4,4,3,4,4,4,2,2,2,1,2,2,2,2,2,2,2,3,3,3,2,5,5,6,5,4,5,6,5,5,1,35,3,1,1,1,40,3000,2000,0,134301,지구 온난화 현상 비코 전시 물레 작업 중요 인식 의거 서비스 개발 노력 전산 업그레이드 일자리 대체 효과,컴퓨터학
27572,3,4,3,5,3,5,3,4,4,5,3,4,3,4,3,4,3,5,3,4,3,4,3,4,3,4,3,4,3,4,3,4,3,4,3,4,3,4,3,4,3,3,3,4,3,4,3,4,3,4,3,4,3,4,3,4,3,5,3,4,4,4,3,4,3,4,3,4,3,4,3,4,3,4,3,4,3,4,4,4,3,4,3,4,3,4,3,5,4,2,3,3,3,3,3,3,3,3,3,3,4,4,1,2,1,2,0,7,5,3,3,3,4,3,3,3,3,3,3,4,3,3,3,3,3,3,3,4,3,3,3,3,3,3,4,3,3,3,3,3,4,4,2,2,2,2,2,2,2,2,2,2,2,3,3,3,2,7,7,8,7,7,7,6,6,6,1,46,4,1,1,1,40,3800,3000,0,153104,전기공사산업기사 산업안전기사 전기 기술 발달 일자리 감소 대체 기술 발달,경영학
27573,3,4,3,4,3,4,3,4,3,4,3,4,3,4,3,4,3,4,3,4,3,4,3,4,3,4,3,4,3,4,3,4,3,4,3,4,3,4,3,4,3,4,3,4,3,4,3,4,3,4,3,4,3,4,3,4,3,4,3,4,3,4,3,4,3,4,3,4,3,4,3,4,3,4,3,4,3,4,3,4,3,4,3,4,3,4,3,4,4,4,4,4,4,4,4,4,4,4,4,4,4,18,1,5,2,2,0,3,5,4,3,4,3,4,4,4,4,5,5,4,3,4,4,3,3,4,3,4,4,3,3,4,3,4,4,5,4,3,3,4,4,4,2,2,2,2,2,2,2,2,2,4,3,2,2,2,1,6,4,5,7,6,6,7,5,6,1,55,4,1,1,1,55,4800,3500,0,416105,미디어 비디오 발달,미디어학
27574,5,5,5,6,5,6,5,5,5,6,5,5,5,6,4,4,5,5,5,5,4,4,4,4,4,5,5,5,5,5,5,5,5,6,5,6,5,5,5,5,5,5,5,5,5,5,4,4,4,4,4,4,4,4,4,4,4,4,4,4,5,5,3,4,4,4,4,4,3,3,4,4,5,5,4,4,4,5,4,6,4,4,4,4,5,5,5,7,4,5,4,5,4,4,5,4,5,4,4,3,4,19,1,1,1,2,0,3,2,4,4,4,4,4,3,3,2,3,3,3,2,4,4,4,4,4,5,3,4,4,4,4,3,5,4,5,5,5,4,3,4,4,2,2,2,2,2,2,2,2,2,2,3,2,2,2,2,7,3,7,5,6,7,3,6,7,1,32,3,1,1,1,40,3200,2200,0,29902,한글속기 자격증 없다 지금 유지 생각,전기공학
27575,5,5,3,5,3,3,2,2,3,5,3,4,4,5,4,5,4,5,2,3,4,5,3,4,4,5,2,2,3,5,2,2,1,0,2,1,5,6,2,2,3,4,1,0,3,4,4,4,3,4,2,3,2,2,2,2,2,2,3,4,2,2,1,0,3,4,3,4,4,4,3,4,3,3,2,3,2,2,2,2,1,0,1,0,2,3,2,3,2,2,4,2,4,4,3,4,2,4,4,3,3,13,1,3,1,1,5,6,4,4,3,3,4,4,2,2,4,4,4,3,1,4,4,4,1,3,3,1,4,3,4,4,3,4,3,3,3,4,2,3,4,4,2,1,2,2,2,2,2,2,2,3,4,2,2,2,1,8,7,8,4,5,6,2,2,5,2,37,3,1,1,1,48,3800,2800,0,134303,정보보안기사 보안관련 익히기 보안시물레이션 훈련 보안 시뮬레이션 프로그램 도입 랜섬 웨어 업체 지속 발전 바이러스 방지 위해 필요,행정전산
27576,3,3,2,3,2,2,3,4,3,3,2,2,3,4,3,4,3,4,3,4,3,4,3,4,3,4,3,3,3,4,3,4,3,4,3,3,3,4,3,4,3,4,3,4,3,4,3,4,3,4,3,4,3,4,4,5,3,4,3,4,3,4,3,4,3,4,3,4,3,4,3,4,4,5,3,3,3,4,1,0,1,0,1,0,1,0,1,0,4,3,3,4,3,3,3,4,3,3,4,3,3,7,1,4,2,1,5,5,4,3,3,4,4,4,4,3,3,3,3,3,2,4,4,3,4,3,3,3,3,3,3,3,4,3,3,3,3,3,3,3,4,4,2,2,2,2,2,2,2,2,2,3,3,3,3,3,2,4,8,2,6,5,7,4,8,7,2,32,4,1,1,1,45,3800,2700,0,416105,방송영상물 관리교육 크게 변화,방송기술학
27577,4,6,4,6,5,5,4,5,4,4,3,4,4,5,4,4,4,5,3,4,3,4,4,4,4,5,3,4,4,4,4,4,3,4,3,5,4,4,3,4,4,6,4,5,4,6,4,4,3,4,4,4,3,5,4,4,2,3,2,4,3,3,3,4,4,4,1,0,1,0,1,0,4,4,3,4,2,3,3,3,2,3,2,2,4,4,4,4,3,4,4,5,4,4,5,4,3,5,4,4,4,15,2,5,1,2,0,7,4,4,4,4,4,4,3,4,3,3,3,4,3,4,4,3,4,3,3,2,4,4,4,5,3,4,4,4,5,5,4,5,5,4,2,2,2,2,2,2,2,2,2,1,4,3,3,3,2,5,6,6,4,4,5,3,4,5,1,48,4,1,1,1,50,6800,3000,0,157101,농산물품질관리사 식품 안전성 대한 지속 관심,식품공학
27578,4,4,4,4,3,5,3,5,2,4,3,5,4,4,3,5,3,4,4,4,4,4,4,4,4,4,4,4,3,5,4,4,4,4,4,5,3,5,3,5,3,5,4,4,4,5,3,4,4,4,3,4,4,5,4,4,3,4,3,5,3,4,4,5,4,6,3,5,3,4,4,5,3,4,3,3,2,4,3,4,3,5,3,4,3,4,3,4,4,3,4,3,4,3,3,4,3,3,3,4,3,3,1,5,2,2,0,2,4,4,3,3,4,3,3,4,3,4,3,4,3,2,3,2,3,2,3,3,3,3,4,3,3,3,3,2,3,2,3,3,3,2,2,2,2,2,2,2,2,2,2,1,4,3,3,3,2,4,6,4,6,4,6,5,6,5,1,33,3,1,1,1,40,3500,2500,0,156201,제조 기술 개발,화학
27579,3,3,1,0,1,0,2,2,1,0,1,0,1,0,2,3,1,0,2,3,1,0,1,0,1,0,2,3,1,0,1,0,1,0,1,0,2,3,1,0,2,3,3,3,1,0,1,0,1,0,1,0,1,0,1,0,3,3,1,0,1,0,1,0,3,3,3,3,1,0,3,3,1,0,2,3,3,3,2,3,2,2,1,0,1,0,1,0,3,3,2,3,3,3,4,2,4,3,3,3,3,4,1,2,1,1,1,7,3,3,3,3,4,4,3,4,4,4,4,4,3,2,3,3,4,4,3,2,4,2,4,4,4,3,3,4,3,5,3,3,4,3,2,1,1,2,2,2,2,2,2,1,2,3,3,3,2,7,7,8,5,7,7,3,3,5,1,45,5,1,1,1,54,3300,2600,0,158402,가스안전관리사 안전교육 결재 시스템 차량 차량,화학
27580,3,4,4,4,2,4,3,4,3,4,3,4,2,3,2,3,2,4,3,4,3,4,3,5,4,4,3,4,2,4,3,4,3,4,3,4,2,3,2,3,4,5,4,4,3,4,2,4,3,4,3,4,4,4,2,3,4,4,3,3,2,3,2,3,2,3,4,4,4,4,3,4,5,4,5,4,3,4,3,4,5,4,4,4,4,5,4,4,3,2,3,3,3,2,2,3,3,2,3,2,3,7,1,2,1,2,0,1,2,2,3,3,4,3,3,2,2,3,4,3,3,3,3,3,2,3,3,2,3,2,3,4,2,2,2,3,4,5,2,2,4,3,2,2,2,2,2,2,2,2,2,3,2,3,2,2,2,8,9,8,2,2,2,4,5,5,1,39,2,1,2,2,50,2500,2400,0,811901,농기계정비기능사 농업인 점차,농업
27581,4,4,3,4,3,4,3,3,3,4,4,4,1,0,4,4,4,4,2,2,3,4,3,3,2,3,1,0,3,2,2,3,2,2,2,3,1,0,2,3,2,2,2,2,4,4,3,3,3,4,1,0,1,0,1,0,1,0,1,0,3,3,2,2,1,0,1,0,1,0,1,0,2,3,1,0,1,0,1,0,1,0,1,0,3,3,2,2,3,3,3,4,3,4,3,3,4,3,3,4,3,7,1,2,2,2,0,2,4,4,3,3,4,4,3,4,2,3,4,3,4,3,2,3,4,4,2,3,4,4,4,4,4,3,4,4,3,4,4,3,4,4,2,2,2,2,2,2,2,2,2,1,2,3,2,3,2,5,8,8,8,7,7,7,6,7,2,27,3,1,1,1,40,2600,2300,0,28101,전반 경기 불황 인적 구조 조정 진행,경영학
27582,2,1,3,4,2,2,2,3,2,2,1,0,1,0,3,4,3,4,1,0,2,3,2,3,3,5,1,0,1,0,1,0,1,0,1,0,2,2,1,0,2,2,1,0,2,3,1,0,1,0,1,0,2,2,1,0,2,1,2,2,1,0,1,0,2,3,3,4,4,4,4,5,1,0,3,3,2,2,3,3,2,2,2,2,3,6,3,5,3,3,2,3,3,2,3,3,2,2,3,2,2,3,1,2,1,2,0,7,2,2,2,1,3,3,3,2,2,3,4,3,3,3,3,5,4,4,4,3,4,2,3,5,3,3,3,4,5,4,3,3,4,3,2,2,2,2,2,2,2,2,2,2,4,3,3,3,2,6,5,7,6,6,6,6,4,4,1,28,3,1,1,1,40,3000,2600,0,813201,금형기능사 점차 수출 산업화 가속 증가,기계
27583,5,6,3,5,5,7,3,7,3,5,5,7,2,4,5,7,2,4,1,0,4,6,2,4,4,5,5,5,4,5,3,5,3,5,3,5,2,4,3,5,5,6,4,6,2,4,1,0,1,0,1,0,2,4,1,0,1,0,1,0,2,4,4,3,1,0,1,0,1,0,1,0,1,0,1,0,1,0,1,0,1,0,1,0,1,0,1,0,3,3,4,3,4,5,4,2,3,4,5,4,4,15,2,4,1,1,2,2,5,5,4,3,4,4,3,3,3,4,4,4,2,4,3,3,3,2,2,1,4,3,4,4,3,4,2,3,3,4,3,3,3,3,2,2,2,2,2,2,2,2,2,1,3,3,3,2,2,5,5,4,4,4,4,5,5,5,1,32,4,1,1,1,50,7500,6500,0,221101,변호사 자격 업무 시스템 사용 실무 기록 연수 상태 유지,법학
27584,3,4,3,4,2,3,5,5,3,4,3,4,2,4,3,4,2,3,3,4,3,4,3,4,3,4,4,5,4,5,3,5,3,5,4,5,3,4,3,4,3,3,2,3,3,4,3,4,3,4,3,4,3,4,3,4,3,4,4,5,3,4,3,4,3,3,2,3,2,3,3,3,2,3,3,3,2,3,2,3,3,3,3,3,3,4,3,3,3,3,2,3,4,4,4,3,3,3,2,2,3,19,1,2,2,1,2,2,3,3,3,3,3,3,2,4,5,4,4,3,4,3,3,3,3,3,4,4,3,3,3,4,4,4,4,3,4,4,3,4,3,3,2,2,2,2,2,2,2,2,2,2,2,2,2,2,2,6,5,6,4,5,5,6,6,6,2,31,2,1,2,2,40,2500,2000,0,512102,상담스킬 인구 감소,인문계
27585,3,5,4,5,4,5,3,6,3,5,3,6,2,5,3,5,3,5,3,5,3,5,3,5,4,5,3,4,3,5,4,5,4,5,4,5,3,5,3,5,3,5,3,5,3,5,3,5,3,4,3,4,4,4,4,5,4,5,4,5,3,5,4,5,4,5,4,5,4,5,4,5,4,5,4,5,4,5,4,6,4,5,4,5,3,5,3,5,4,4,4,4,4,4,5,4,3,3,4,4,4,17,1,2,1,2,0,7,6,5,4,4,4,5,5,4,5,5,4,5,1,5,5,5,5,4,4,5,5,4,4,5,4,4,5,5,5,4,4,4,4,3,2,2,2,2,2,2,2,2,2,1,3,3,3,3,2,4,5,4,3,3,3,3,4,3,1,47,6,1,1,1,40,15500,10000,0,301106,국가의사면허증 의료 업무 계속 유지됨,의학
27586,1,0,1,0,1,0,1,0,3,3,1,0,1,0,1,0,3,3,4,4,1,0,1,0,4,5,5,6,1,0,4,5,1,0,1,0,1,0,3,3,5,5,4,5,5,6,5,6,5,6,3,3,4,4,1,0,4,5,4,5,5,6,5,6,5,6,5,6,5,6,5,6,1,0,4,4,4,4,4,4,5,6,3,3,4,5,4,5,5,3,3,4,3,1,4,1,3,2,4,4,3,1,1,2,1,2,0,7,2,4,4,4,5,4,3,4,9,9,4,4,4,4,4,3,3,2,1,3,3,3,3,4,4,4,3,4,5,5,4,2,5,4,2,2,2,2,2,2,2,2,2,1,3,3,3,3,2,2,5,9,5,3,5,5,8,5,1,52,2,2,5,1,48,0,0,5000,902101,축산기사 유제품 생산,이과
27587,4,4,3,5,2,4,4,5,3,4,2,3,2,4,3,4,3,5,3,3,2,4,2,4,1,0,3,3,3,5,2,3,3,5,3,4,2,3,4,5,3,5,2,3,4,5,2,3,1,0,1,0,1,0,1,0,1,0,1,0,3,4,2,3,1,0,1,0,1,0,1,0,2,2,1,0,1,0,1,0,1,0,1,0,3,4,3,4,4,3,3,3,4,4,5,4,3,3,4,3,3,18,1,2,2,2,0,7,2,3,3,3,4,5,3,3,3,3,4,3,3,4,3,4,4,3,2,4,2,4,3,4,3,4,4,5,5,3,4,4,4,4,2,2,2,2,2,2,2,2,2,1,4,3,2,2,2,6,6,6,5,5,5,6,4,6,2,35,3,1,1,1,40,3000,2100,0,521201,여행 수요 계속 증가 추세,관광
27588,4,4,4,5,4,5,4,5,4,6,4,7,4,6,4,6,4,6,4,5,4,6,4,5,4,5,4,4,3,4,4,4,4,5,4,6,4,5,4,5,4,6,4,6,4,5,4,6,4,5,4,6,4,6,4,6,4,6,4,6,4,6,4,6,4,6,4,5,4,6,4,6,4,6,4,6,4,6,4,5,4,5,3,4,4,6,4,5,4,4,4,5,4,3,4,4,3,4,4,3,4,13,1,2,1,1,3,3,4,4,4,4,4,5,4,5,5,4,4,5,2,4,4,3,4,4,4,3,4,4,3,4,4,4,4,4,4,4,5,3,4,4,2,2,2,2,2,2,2,2,2,1,3,3,3,3,2,9,9,1,1,1,1,3,1,8,1,52,4,1,1,1,40,3800,2200,0,140602,정보처리기사 지리 정보 시스템 개발 분석 변화,지리학
27589,2,3,2,2,3,3,2,2,3,3,1,0,2,3,3,4,3,3,3,3,2,2,4,5,3,3,2,2,1,0,3,4,1,0,1,0,1,0,3,3,3,3,2,3,3,3,1,0,1,0,1,0,3,4,2,3,3,4,3,5,2,2,3,4,3,4,3,4,4,5,3,3,3,3,3,5,4,5,3,4,3,5,3,3,3,3,3,4,3,4,3,2,4,2,3,2,4,3,4,3,3,3,1,3,1,2,0,3,4,3,3,2,2,4,3,3,4,4,5,4,4,3,3,3,3,2,4,2,2,4,2,4,4,3,4,3,4,5,4,4,4,2,2,2,2,2,2,2,2,2,2,2,2,2,2,2,1,5,7,6,4,5,4,6,4,5,1,36,3,1,1,1,40,3000,2500,0,817201,기계조립산업기사 금속재료시험기사 코로나 경기 둔화,금속공학
27590,3,3,4,4,1,0,2,3,1,0,2,3,1,0,3,3,3,3,1,0,3,4,3,4,3,3,1,0,1,0,2,3,1,0,1,0,2,3,1,0,3,3,2,3,1,0,1,0,3,4,1,0,3,4,3,3,4,5,3,4,1,0,3,4,4,4,4,5,4,5,3,4,1,0,3,4,4,4,2,3,3,4,3,4,3,4,2,4,2,2,3,2,2,2,1,1,2,1,1,4,1,3,1,2,2,2,0,2,2,2,2,1,3,2,2,2,2,2,3,2,3,3,2,4,3,4,5,4,4,2,2,4,4,4,4,5,4,4,4,3,4,4,2,2,2,2,2,2,2,2,2,2,3,3,2,2,2,7,7,6,5,7,8,7,3,4,1,48,3,1,1,1,54,4300,2200,0,861101,생산 시설 자동화 변화,전기
27591,4,5,4,5,3,4,3,4,3,4,4,5,4,5,3,4,5,6,3,4,4,5,4,5,4,5,5,6,3,4,2,3,4,5,3,4,3,4,3,4,4,5,4,5,4,5,3,4,2,3,2,3,1,0,1,0,1,0,1,0,4,5,3,4,1,0,1,0,1,0,1,0,1,0,1,0,1,0,1,0,1,0,1,0,3,4,3,4,5,4,4,3,4,4,3,5,3,5,4,4,5,7,1,2,1,2,0,5,2,3,4,4,5,5,3,3,3,4,4,4,2,4,3,2,3,2,3,4,4,5,2,5,4,5,5,5,4,5,4,4,5,5,2,2,2,2,2,2,2,2,2,2,4,1,1,1,1,5,3,2,1,1,4,1,2,4,1,35,4,1,1,1,40,3200,2200,0,24301,유통관리사 거래 상거래관리사 모바일 쇼핑 점차 증가 상품 소개 영역 일자리,무역유통학
27592,3,5,3,5,3,2,3,5,4,5,4,5,2,2,3,3,5,4,3,4,3,3,3,3,5,6,1,0,3,3,1,0,1,0,4,5,3,3,2,2,2,3,5,4,1,0,4,5,1,0,1,0,1,0,1,0,1,0,1,0,1,0,5,4,1,0,1,0,1,0,1,0,1,0,3,3,3,4,5,6,3,5,4,4,4,5,3,3,4,4,3,4,4,2,4,5,5,5,5,5,5,7,3,2,1,2,0,5,2,4,3,3,4,4,3,4,9,9,9,4,1,4,5,5,4,4,3,4,3,3,3,4,4,2,3,3,4,5,4,3,5,3,2,2,2,2,2,2,2,2,2,3,2,2,2,2,2,8,2,2,3,2,3,7,8,7,1,58,2,2,5,1,40,0,0,4000,612501,경매사 자격증 홈쇼핑 인터넷 쇼핑 발달,공고
27593,5,4,3,4,4,5,3,4,3,4,3,5,3,5,3,4,2,3,2,3,3,4,3,4,3,4,3,4,3,4,3,4,4,5,4,5,3,4,3,4,4,5,3,5,4,4,2,3,3,4,3,4,3,4,1,0,1,0,1,0,2,3,1,0,2,3,1,0,1,0,1,0,1,0,1,0,1,0,2,2,1,0,1,0,1,0,2,2,4,4,4,2,1,4,4,3,2,2,2,4,5,15,2,4,2,2,0,7,3,4,2,2,1,1,3,2,2,5,5,3,4,1,1,5,4,4,4,1,2,2,2,4,4,4,4,4,4,4,4,3,4,3,2,2,2,2,2,2,2,2,2,4,2,2,3,3,1,5,5,5,5,5,5,5,5,5,2,34,5,1,2,2,40,3800,3800,0,110104,변화,교육학
27594,2,3,3,3,2,2,2,4,1,0,2,2,2,3,4,4,3,4,3,5,2,2,5,6,2,2,2,2,3,4,3,3,2,2,2,1,3,5,3,4,3,3,2,2,2,2,3,4,2,2,3,5,1,0,1,0,4,5,2,2,2,3,1,0,3,2,1,0,1,0,1,0,1,0,2,1,3,3,3,3,2,2,3,3,5,3,4,4,3,5,1,4,4,3,5,4,3,2,4,3,4,16,5,3,1,2,0,4,5,4,4,3,4,4,3,4,3,4,5,4,3,5,3,2,4,2,1,3,4,5,4,4,3,1,1,3,5,5,3,2,4,4,2,2,2,2,2,2,2,2,2,1,4,3,3,3,1,6,8,2,8,2,2,3,5,6,2,34,4,1,1,1,40,3500,2400,0,212301,특수학교 2급 사회 약자 인식 관심 증가,특수교육학
27595,1,0,1,0,1,0,2,3,1,0,1,0,4,4,2,2,3,3,2,3,3,3,1,0,4,4,1,0,1,0,1,0,1,0,1,0,1,0,1,0,2,2,2,3,4,4,2,3,2,2,1,0,1,0,1,0,4,5,2,3,3,4,1,0,3,3,3,3,3,2,2,2,1,0,1,0,2,2,2,4,2,2,1,0,5,4,1,0,5,3,5,2,4,3,3,5,4,2,2,2,5,19,4,1,2,2,0,6,1,3,3,2,5,5,4,2,3,3,3,3,2,4,4,4,4,3,4,3,2,3,3,4,4,4,4,4,4,4,3,3,3,2,2,2,2,2,2,2,2,2,2,1,3,3,3,3,2,7,7,7,6,6,6,8,3,3,1,42,4,2,6,1,40,0,0,3500,414201,예술 부분 변화 생각,사진학
27596,2,2,3,3,1,0,2,2,1,0,1,0,1,0,3,1,2,2,2,4,1,0,2,2,3,4,2,3,2,3,3,3,2,3,3,3,2,3,2,3,2,3,3,3,2,3,3,4,3,3,3,3,2,3,3,3,2,2,2,1,1,0,2,2,1,0,2,2,2,1,1,0,2,2,3,4,3,2,1,0,3,4,2,2,2,2,2,1,3,3,3,3,2,1,2,4,3,3,2,2,3,6,1,2,2,2,0,7,4,3,3,4,4,3,3,3,9,9,9,3,2,2,3,3,3,3,4,4,3,3,3,3,3,4,3,2,3,3,3,3,3,3,2,2,2,2,2,2,2,2,2,1,3,3,3,2,2,8,7,6,5,6,5,4,5,5,2,52,2,2,7,2,40,0,0,6200,702401,기계 대체 불가,문과
27597,3,4,3,4,4,6,3,5,4,6,3,4,3,5,4,5,4,5,3,4,3,4,4,5,4,5,4,5,4,5,3,4,3,4,3,4,2,3,3,5,4,6,4,5,4,5,4,5,4,6,4,5,2,2,1,0,1,0,1,0,3,4,4,6,3,4,1,0,1,0,1,0,4,6,3,4,3,4,4,5,3,4,3,4,4,5,4,5,4,3,4,4,4,4,3,3,3,4,4,3,4,3,1,2,2,2,0,2,2,2,2,2,3,4,3,3,2,4,4,3,2,4,3,4,4,5,4,3,4,4,4,4,4,5,4,4,5,4,4,3,4,4,2,2,2,2,2,2,2,2,2,2,3,2,2,2,1,5,3,4,3,3,3,4,3,4,2,29,4,1,1,1,40,3000,2000,0,28101,무역 발전 기본,국문학
27598,3,3,3,3,3,3,2,3,1,0,1,0,1,0,4,4,3,3,3,3,1,0,3,3,4,4,1,0,1,0,4,4,1,0,1,0,3,3,3,2,4,3,1,0,3,2,1,0,1,0,1,0,1,0,1,0,3,2,3,2,1,0,1,0,3,2,3,2,3,2,3,3,1,0,4,3,1,0,3,4,1,0,1,0,3,5,2,3,4,4,3,3,3,3,3,2,2,3,3,3,2,3,1,2,2,2,0,7,2,3,2,1,3,3,2,2,3,3,4,3,4,2,2,3,3,2,4,3,2,4,3,5,3,3,2,2,4,5,3,3,4,3,2,2,2,2,2,2,2,2,2,3,2,3,3,3,2,6,5,6,4,6,4,4,6,6,1,24,2,1,1,1,40,2100,2040,0,852401,자동화 변화,금속재료
27599,3,5,3,5,2,2,2,4,1,0,1,0,1,0,3,5,2,4,2,2,1,0,1,0,3,5,3,3,3,3,2,2,2,3,2,3,3,3,3,3,2,2,2,2,2,3,1,0,1,0,1,0,2,4,2,1,3,5,3,4,1,0,3,3,4,6,4,5,4,6,5,4,1,0,3,5,4,3,4,5,3,5,3,5,3,3,2,2,4,3,4,2,3,2,2,4,2,2,3,4,3,19,1,2,2,2,0,3,2,2,2,2,2,2,1,3,3,4,3,3,4,2,2,3,4,4,2,2,3,4,4,3,4,4,3,3,3,4,4,4,3,4,2,2,2,2,2,2,2,2,2,2,2,3,3,3,2,6,7,7,6,4,4,6,5,4,1,58,2,1,1,1,60,3200,2600,0,811301,침체 일자리 증가,상고
27600,4,5,4,5,3,5,2,3,4,5,3,5,3,4,3,5,4,5,2,3,3,4,3,4,4,5,4,6,4,5,3,4,3,5,3,5,2,3,3,4,2,3,3,4,2,4,3,4,2,2,3,4,4,6,3,4,3,4,2,3,4,6,3,4,2,3,2,3,1,0,1,0,2,4,1,0,1,0,1,0,1,0,1,0,1,0,1,0,2,3,4,3,3,4,3,3,3,4,3,4,3,13,1,3,2,2,0,3,4,3,3,2,4,3,2,4,4,3,4,4,4,3,3,4,3,2,3,3,4,4,4,4,3,5,4,4,5,4,3,4,4,4,2,2,2,1,2,2,2,1,1,2,2,1,1,3,1,7,3,4,6,6,5,4,6,5,2,28,4,1,1,1,40,3700,3400,0,134102,업무 스트레스 기술 발전 기계 대신,통계학
27601,2,3,2,3,2,3,1,0,2,3,1,0,1,0,1,0,3,3,1,0,1,0,1,0,1,0,1,0,1,0,1,0,1,0,1,0,1,0,3,4,1,0,3,4,1,0,1,0,1,0,1,0,1,0,1,0,1,0,1,0,3,5,1,0,1,0,1,0,1,0,1,0,1,0,1,0,1,0,1,0,1,0,1,0,2,3,1,0,4,3,3,3,3,4,4,2,3,3,3,4,3,15,2,4,2,2,0,7,3,4,4,4,5,5,5,3,3,3,3,3,2,2,2,4,3,4,4,4,4,4,4,3,2,2,3,3,2,4,3,3,5,4,2,2,2,2,2,2,2,2,2,2,2,3,1,3,1,6,6,4,4,3,7,3,3,5,2,32,4,1,1,1,40,3200,2300,0,25301,자동화 전산 화로,행정학
27602,5,6,5,7,5,7,5,6,5,7,5,5,5,6,5,6,5,6,3,5,4,6,5,6,5,5,5,6,5,6,5,7,5,7,4,7,5,6,5,6,4,6,5,6,4,6,5,7,5,5,5,6,5,7,5,7,5,7,5,4,4,6,5,6,5,6,3,4,3,4,3,3,3,5,3,3,2,4,3,3,3,5,3,3,2,4,3,4,5,5,5,4,5,3,4,3,3,4,3,4,4,13,5,2,1,2,0,6,7,3,3,3,4,4,4,4,4,3,4,3,3,3,3,3,3,3,4,3,3,4,4,3,3,3,4,3,4,4,3,3,4,4,2,2,2,2,2,2,2,2,2,2,3,3,3,3,2,2,3,2,2,3,3,3,3,4,1,43,6,1,1,1,40,4800,3000,0,122102,박사학위 상태 유지,약학
27603,2,2,2,2,1,0,2,2,2,2,1,0,1,0,2,2,2,2,2,2,2,2,2,2,2,2,1,0,2,2,2,2,2,2,2,2,1,0,1,0,2,2,2,2,2,2,1,0,2,2,1,0,2,2,2,2,2,2,2,2,1,0,2,2,2,2,2,2,2,2,2,2,2,2,2,2,2,2,1,0,2,2,1,0,2,3,2,3,3,2,2,2,3,2,2,2,3,2,3,2,2,3,1,3,2,2,0,2,1,3,2,2,2,2,2,2,2,2,3,2,4,2,2,4,3,4,4,4,4,4,2,4,5,4,4,5,4,4,4,5,4,5,2,2,2,2,2,2,2,2,2,2,2,2,2,2,2,7,6,3,3,6,5,7,4,6,1,40,1,1,3,2,48,3000,2000,0,864201,경기,0
27604,3,3,3,3,2,2,2,3,3,3,4,4,2,3,3,3,3,3,4,4,4,4,3,3,2,3,4,4,3,3,2,3,3,3,3,4,3,3,3,4,4,5,5,5,2,3,2,4,5,4,3,4,4,5,5,5,4,5,4,4,3,4,4,4,4,4,4,5,5,5,3,4,2,3,4,4,3,3,3,3,2,3,2,3,3,3,3,3,4,3,3,4,4,3,3,3,3,4,4,4,3,6,1,2,1,2,0,5,4,4,4,3,4,5,4,4,5,4,3,4,3,4,3,3,3,4,2,3,4,3,3,3,4,4,4,3,3,3,4,4,5,4,2,2,1,2,2,2,2,1,2,2,2,1,3,3,1,7,6,4,3,4,3,5,7,7,1,44,3,1,3,1,40,3500,1800,0,153105,전기공사산업기사 전기산업기사 전기응용기술사 장비 도입 시스템 개발,전기공학
27605,3,3,3,3,3,2,3,2,3,1,3,2,1,0,3,2,1,0,1,0,1,0,5,6,2,1,1,0,3,5,2,4,1,0,1,0,4,4,2,1,1,0,2,1,2,3,1,0,2,2,1,0,1,0,1,0,1,0,1,0,3,2,1,0,1,0,1,0,1,0,1,0,1,0,1,0,1,0,1,0,1,0,1,0,1,0,1,0,2,3,2,3,4,3,3,3,3,4,4,3,3,19,3,2,1,2,0,7,5,4,5,5,4,3,4,4,4,4,4,4,2,3,5,4,3,4,3,5,4,4,2,4,2,2,3,2,3,3,1,2,4,4,2,2,2,2,2,2,2,2,2,1,3,3,3,3,1,4,5,6,5,6,6,4,5,5,1,34,4,1,1,1,40,2600,2300,0,231301,청소년지도사1급 상담 시설 분야 별로 필요성,사회복지학
27606,4,5,4,5,3,5,4,5,3,4,3,4,5,5,4,6,4,5,3,3,4,4,3,5,4,5,4,6,5,6,4,4,3,5,3,5,5,6,4,5,4,5,5,6,5,5,5,6,4,6,4,6,5,5,3,4,5,6,1,0,3,5,1,0,4,4,5,5,3,4,4,4,3,4,4,6,5,5,4,4,2,4,3,3,5,7,3,4,4,4,2,4,4,3,5,4,4,3,4,3,5,17,1,2,1,2,0,6,6,4,4,4,5,5,3,4,9,9,4,4,1,4,4,2,3,3,2,4,4,4,3,5,4,3,5,4,4,5,5,1,4,5,2,2,2,2,2,2,2,2,2,2,4,3,3,2,2,7,8,5,5,6,7,8,4,2,1,50,6,2,5,1,42,0,0,14000,301103,의사면허 우리나라 성형 기술 강대국 지금 의료 서비스 수요,의학
27607,4,5,3,4,2,4,4,4,3,3,3,3,3,4,4,5,3,4,4,4,4,4,4,4,4,4,4,4,4,4,4,4,2,4,2,4,2,3,4,4,4,4,4,4,4,4,3,4,4,4,2,4,5,5,4,4,5,5,5,5,3,3,3,3,4,3,4,3,4,3,4,4,4,5,3,5,3,5,3,5,4,4,4,4,4,4,3,4,3,2,2,3,4,3,4,4,3,3,4,4,4,15,2,2,2,2,0,7,2,3,3,4,4,4,3,4,9,4,3,4,2,4,3,4,4,4,5,4,4,4,3,4,5,3,3,2,4,4,4,4,5,4,2,2,2,2,2,2,2,2,2,1,3,3,3,3,2,8,8,5,6,6,6,5,5,6,1,46,2,1,3,1,52,4500,2400,0,853101,사람 자동화 부분,기계
27608,3,4,2,3,2,3,2,3,3,4,3,4,2,3,3,4,4,5,5,6,4,5,4,5,3,5,4,5,4,5,4,5,4,5,4,5,4,5,4,5,4,5,4,5,4,6,3,4,3,4,4,5,4,5,5,6,4,5,4,5,5,6,4,5,4,5,4,5,5,5,4,5,4,5,4,5,4,5,4,5,4,5,4,5,4,6,1,0,3,4,5,4,4,4,3,3,4,4,4,3,3,10,1,4,2,2,0,7,5,3,4,4,4,4,3,3,4,4,4,3,4,3,3,4,3,3,3,2,3,3,4,3,4,4,4,2,3,4,3,2,3,3,2,1,2,2,2,2,2,2,2,2,4,3,3,3,1,6,4,3,7,6,5,6,4,3,1,35,4,1,1,1,43,5200,4000,0,131203,시스템 변경 컴퓨터 모바일 시스템 변경,전자공학
27609,3,4,3,3,3,4,3,3,5,5,4,5,3,3,4,4,2,3,1,0,4,4,2,3,1,0,1,0,1,0,1,0,1,0,1,0,1,0,1,0,2,2,1,0,2,3,1,0,1,0,1,0,2,3,5,6,2,2,2,3,2,3,1,0,3,2,2,2,2,2,2,2,1,0,1,0,1,0,1,0,1,0,1,0,2,2,1,0,3,3,2,3,4,3,3,4,3,4,3,2,3,4,1,2,1,2,0,6,5,4,4,4,4,4,3,4,4,4,4,4,2,3,3,3,3,4,4,2,3,3,3,5,4,4,4,4,3,4,3,3,4,4,2,2,2,2,2,2,2,2,2,3,2,3,3,3,2,4,4,4,4,4,5,3,3,5,1,34,4,1,1,1,40,4000,3000,0,153203,전자응용기술사 반도체설계기사 도입 부분 자동화 무량,전기공학
27610,4,4,4,4,3,4,4,4,4,4,3,4,4,4,4,4,3,4,4,5,4,5,3,4,4,5,3,4,3,4,4,5,4,5,4,5,4,5,3,4,3,4,4,5,3,4,3,4,3,4,3,4,3,4,4,5,4,5,3,4,3,4,3,3,2,4,4,5,4,5,4,5,5,5,4,5,3,4,4,5,4,5,3,5,4,5,4,4,4,4,4,3,3,3,3,4,3,3,4,4,4,4,1,4,1,2,0,3,4,4,3,3,4,3,3,4,4,3,4,4,4,4,4,4,3,3,4,4,3,3,4,4,3,3,4,3,3,4,4,3,3,3,2,2,2,2,2,2,2,2,2,1,2,3,3,3,2,8,7,7,6,8,7,8,7,7,1,48,4,1,1,1,48,4000,2000,0,153102,전기기사 1급 시스템 개발,전기
27611,4,4,4,4,4,4,4,3,3,3,4,4,1,0,3,3,3,4,3,4,3,3,3,3,4,5,4,3,4,3,4,3,3,3,3,3,3,3,4,3,4,3,3,2,4,2,3,2,2,2,4,3,3,3,1,0,3,2,4,3,4,3,1,0,1,0,1,0,1,0,1,0,4,3,3,3,3,3,4,4,3,4,3,3,4,4,3,2,4,4,2,4,4,3,4,3,3,4,4,4,2,15,2,6,2,1,4,7,4,4,4,4,4,4,4,4,3,3,4,3,3,4,3,3,4,3,3,4,3,4,4,5,3,4,4,4,5,4,4,4,4,2,2,2,2,2,2,2,2,2,2,3,3,2,2,3,2,7,5,4,6,3,3,6,7,5,1,30,4,1,1,1,40,2900,2800,0,25301,전시임무교육 전산 화가 발달,행정학
27612,1,0,1,0,1,0,3,3,1,0,1,0,5,7,1,0,3,2,1,0,1,0,1,0,1,0,1,0,4,7,5,6,5,6,2,2,1,0,5,7,1,0,5,7,4,6,1,0,1,0,1,0,1,0,1,0,1,0,1,0,1,0,1,0,1,0,1,0,1,0,1,0,1,0,5,7,4,6,1,0,1,0,1,0,4,6,2,2,4,5,4,4,5,4,4,5,5,4,5,5,4,19,4,1,1,2,0,2,2,5,4,4,4,5,4,4,9,9,9,4,4,5,4,4,4,5,5,4,4,4,4,4,4,5,4,5,4,4,5,5,4,4,2,2,2,2,2,2,2,2,2,1,3,2,2,2,2,7,6,7,6,6,6,9,8,9,2,33,3,2,6,1,60,0,0,5000,511302,네일아트 직업 사람,미용
27613,4,5,3,5,2,2,4,6,2,2,1,0,1,0,3,4,2,3,3,4,2,2,2,3,2,3,4,5,4,5,1,0,1,0,1,0,1,0,2,2,4,5,4,5,3,4,1,0,1,0,1,0,1,0,1,0,1,0,1,0,3,5,1,0,1,0,1,0,1,0,1,0,1,0,1,0,1,0,1,0,1,0,1,0,2,2,1,0,3,4,2,3,4,3,3,3,3,3,4,3,3,16,5,2,1,2,0,2,4,4,3,4,4,4,4,2,3,3,4,3,2,3,3,3,3,2,3,2,3,4,2,4,3,4,4,3,4,4,3,4,4,3,2,2,2,2,2,2,2,2,2,2,4,2,2,3,1,7,8,7,6,4,5,3,6,5,2,33,4,1,3,2,40,2500,2300,0,231401,직업상담사 직업 연령 성별 국적 다양 화로 수요 증가,사회복지학
27614,4,6,4,6,5,6,5,6,4,6,5,7,4,6,4,6,5,6,4,6,5,7,4,6,4,6,4,5,4,5,4,6,4,5,4,6,4,5,4,6,4,5,4,5,4,5,4,6,3,4,4,5,3,5,4,6,4,6,4,6,4,6,4,5,4,5,4,6,4,6,4,5,3,4,3,4,3,3,3,3,3,4,3,4,3,4,3,4,3,3,3,2,3,3,3,3,3,4,4,3,3,15,2,4,2,2,0,4,6,3,3,3,5,5,5,4,4,4,4,4,2,3,3,3,3,3,3,3,3,3,5,3,3,3,3,3,4,4,4,2,4,5,2,2,2,2,2,2,2,2,2,2,3,3,3,3,2,8,8,5,7,3,3,3,3,7,1,38,6,1,1,1,50,6000,5500,0,110202,상태 유지,경제학
27615,3,4,3,3,3,4,3,4,3,4,3,4,3,4,3,4,2,3,3,4,3,4,2,3,3,4,2,2,1,0,2,2,2,2,2,2,3,4,1,0,2,2,3,4,2,3,1,0,3,4,2,2,3,4,3,4,1,0,2,2,1,0,1,0,1,0,2,2,2,2,1,0,3,4,1,0,1,0,1,0,1,0,1,0,1,0,1,0,3,3,3,3,3,3,3,4,4,3,3,4,4,13,1,4,2,2,0,2,4,2,3,3,4,3,3,3,3,4,3,3,3,4,3,3,4,3,3,3,3,3,3,3,4,4,4,4,4,5,4,4,4,4,2,2,2,2,2,2,2,2,2,2,3,3,3,3,2,7,8,5,6,6,6,4,4,4,2,37,3,1,1,1,48,4200,3200,0,159104,자동화,산업디자인
27616,2,2,3,4,3,3,2,2,1,0,2,2,2,2,3,4,2,2,4,5,2,2,2,3,3,3,2,2,3,4,3,3,2,2,2,3,3,3,2,4,2,2,3,3,2,2,2,2,2,3,2,2,2,3,3,4,3,5,2,2,1,0,2,3,2,3,3,4,4,5,3,4,2,2,4,5,2,2,2,2,2,2,2,2,2,3,2,2,4,4,4,4,3,3,3,2,4,2,2,2,3,3,4,2,2,2,0,6,2,2,2,3,2,2,3,3,3,2,3,3,3,2,3,4,4,3,3,3,3,2,2,5,2,3,2,3,3,3,2,3,4,2,2,2,2,2,2,2,2,2,2,2,3,3,3,3,2,6,6,6,6,6,3,3,3,5,2,52,2,2,6,1,42,0,0,2500,864101,공란,문과
27617,3,3,3,3,1,0,3,3,4,4,2,2,1,0,3,2,3,2,2,4,4,5,4,4,3,3,2,4,2,4,4,5,2,3,2,3,3,3,2,3,3,5,1,0,3,3,1,0,1,0,2,3,3,3,1,0,2,4,4,4,3,4,2,2,5,4,4,4,3,5,3,5,3,4,3,4,4,5,3,4,2,5,2,4,3,3,2,3,4,4,3,2,3,3,4,4,2,4,3,4,4,3,1,6,1,1,1,2,3,4,4,4,3,4,3,3,2,3,4,3,2,4,4,4,4,4,4,2,5,3,4,4,3,3,3,2,3,4,4,3,4,3,1,1,1,1,1,1,2,2,2,3,2,1,1,1,1,3,3,3,3,2,3,3,3,4,1,53,2,1,1,1,52,8000,2500,0,815001,전자기기1급 자동화프로그램PLC고급기능 신형 차량 개발 장비 로보트 지그 변경 교체 장비 교육 테스트 기술 습득 전기 차량 개발 자동화 설비 감소,전자
27618,1,0,1,0,1,0,1,0,1,0,1,0,2,3,1,0,2,3,3,4,1,0,1,0,3,4,2,3,1,0,3,4,1,0,1,0,3,4,1,0,1,0,3,4,2,2,1,0,2,3,1,0,4,5,3,4,4,6,4,5,1,0,2,2,3,4,4,5,3,4,3,4,2,3,4,5,5,7,4,5,4,5,4,5,3,4,1,0,4,3,4,3,3,4,3,4,3,3,3,3,4,3,1,4,1,1,3,3,2,3,4,4,3,3,3,3,3,4,4,4,2,4,4,2,2,3,2,5,4,5,2,5,4,4,5,5,5,5,4,4,5,4,2,2,2,2,2,2,2,2,2,2,3,1,1,1,2,7,8,3,7,3,3,9,3,1,1,36,3,1,1,1,40,3500,3000,0,835101,전기기능사 기사 산업기사 기사 실습,전자전기
27619,4,5,4,5,3,5,4,5,3,5,3,5,1,0,3,5,4,4,3,5,4,5,3,4,3,4,1,0,3,4,3,4,3,5,3,4,3,5,3,4,3,4,3,4,3,5,1,0,1,0,1,0,3,4,1,0,4,5,4,6,1,0,1,0,4,5,4,5,4,5,4,5,1,0,4,5,4,5,4,5,4,5,3,4,4,5,4,5,5,4,2,3,3,2,5,4,2,2,3,5,3,8,2,6,1,1,2,3,4,4,3,3,4,3,3,3,3,3,3,3,3,4,4,5,4,5,4,2,5,2,3,5,4,4,4,4,4,4,4,3,4,4,2,2,1,1,1,1,2,2,2,2,2,1,1,3,1,3,3,3,3,3,3,7,7,7,1,35,3,1,3,1,40,5000,3000,0,831101,전기기사 비파괴검사기사 전기 전자기기 관련 교육 기계 장비 도입 통한 단축 증가 단순 반복 업무 자동화 업무 감소,산업전기공학
27620,3,4,2,4,3,4,3,4,3,4,4,6,3,3,2,5,4,4,4,5,3,4,3,5,3,5,3,4,3,6,4,5,4,5,3,5,2,3,4,5,4,5,3,4,4,5,3,4,3,4,3,4,4,4,4,5,4,6,4,4,3,4,4,5,4,4,3,5,3,6,4,6,4,6,2,4,4,5,3,4,4,5,3,4,3,4,3,5,3,4,4,3,3,2,4,4,3,3,3,2,3,13,1,2,1,2,0,3,5,4,4,4,4,4,3,3,3,3,4,3,3,4,4,3,3,3,4,3,4,4,4,3,3,3,4,4,3,3,4,4,4,3,2,2,2,2,2,2,2,2,2,1,4,2,2,2,1,5,5,5,5,5,5,5,6,6,1,36,4,1,1,1,35,3800,3500,0,834001,전기기능사 전기산업기사 전체 건물 관리,전기전자공학
27621,4,5,4,6,4,4,4,5,4,4,4,5,4,5,3,4,4,5,4,5,3,4,4,5,4,5,4,5,3,4,3,4,4,4,2,3,4,5,3,5,4,5,3,4,4,4,3,4,2,3,3,4,3,5,3,4,3,4,4,4,4,4,3,4,3,5,3,4,2,4,3,5,4,5,3,4,2,4,3,4,2,4,3,4,4,4,3,3,4,3,3,4,4,3,4,4,4,4,3,5,4,13,2,5,1,2,0,7,5,4,4,4,5,5,4,4,3,3,3,4,3,4,4,4,3,3,3,2,4,4,4,4,3,4,4,3,3,4,3,4,4,4,2,2,2,2,2,2,2,2,2,1,4,3,3,3,2,7,6,6,5,4,6,3,6,6,1,43,5,1,1,1,50,5400,2800,0,155102,신소재공학 석사이상 전력 용량 증가 신재생에너지 대한 관심 증가,신소재공학
27622,4,5,4,5,3,4,3,4,3,4,4,5,4,5,3,4,5,7,3,4,4,5,3,4,4,5,5,6,3,4,2,3,4,5,3,4,3,4,3,4,4,5,3,4,4,5,3,4,2,3,2,3,1,0,1,0,1,0,1,0,3,4,3,4,1,0,1,0,1,0,1,0,1,0,1,0,1,0,1,0,1,0,1,0,3,4,3,4,4,4,4,3,4,4,3,5,3,5,4,4,4,17,1,4,1,2,0,5,3,3,4,4,5,5,3,4,3,3,4,4,2,4,4,2,3,3,2,5,4,5,2,4,5,5,5,4,4,5,4,4,5,4,2,2,2,2,2,2,2,2,2,2,4,1,1,1,1,5,3,3,1,1,5,1,2,4,1,36,4,1,1,1,40,3200,2200,0,24301,유통관리사 거래 상거래관리사 모바일 쇼핑 상품 기획,무역유통학
27623,3,5,3,4,3,4,3,5,3,5,3,4,3,4,3,3,3,4,3,4,4,4,3,5,3,5,3,5,3,4,3,4,4,5,4,5,3,5,4,5,3,4,3,5,3,4,3,5,3,3,3,4,4,5,3,5,4,5,4,5,3,5,3,4,3,5,3,5,4,5,4,5,3,4,4,5,3,5,3,5,4,5,4,5,3,4,3,4,3,4,4,3,4,3,3,4,3,3,4,3,3,17,1,2,1,1,3,3,4,4,5,4,4,4,3,4,3,3,4,4,3,4,3,4,4,4,3,4,3,3,3,4,3,4,4,4,4,4,3,3,4,4,2,2,2,2,2,2,2,2,2,2,4,2,2,3,2,6,6,4,5,4,4,4,4,5,1,39,3,1,1,1,44,3700,2800,0,306501,물리치료사 환자의 상태 파악 요양 병원 노인 문병원,물리치료학
27624,2,3,3,5,2,2,2,4,3,3,1,0,4,5,4,5,3,4,3,3,3,4,3,4,4,5,3,4,2,3,3,4,3,3,2,2,1,0,4,4,4,4,3,3,3,3,2,2,3,3,1,0,3,3,2,3,4,4,4,4,3,4,2,4,3,3,3,4,4,4,3,3,3,3,4,6,3,4,2,2,3,3,2,3,3,3,2,2,4,3,3,2,3,3,4,3,3,3,2,3,3,3,1,2,2,2,0,2,2,4,3,3,3,4,4,3,3,2,4,3,4,2,2,3,4,3,4,2,4,3,2,5,4,4,3,2,3,5,4,3,4,4,2,2,2,2,2,2,2,2,2,2,1,3,2,3,2,6,7,6,4,4,5,6,3,4,1,52,2,1,1,1,40,3300,2200,0,864201,국내 인건비 상승 해외 제조 공장 때문,문과
27625,1,0,1,0,1,0,1,0,1,0,1,0,4,5,1,0,1,0,1,0,1,0,1,0,5,6,1,0,1,0,1,0,1,0,1,0,1,0,4,4,1,0,3,4,1,0,4,4,4,4,1,0,1,0,1,0,3,4,3,3,1,0,1,0,1,0,3,4,1,0,4,4,1,0,5,5,1,0,1,0,3,3,3,4,4,4,1,0,3,3,4,3,4,3,5,4,3,3,4,3,4,3,1,1,2,2,0,3,2,3,4,3,4,3,3,3,9,9,9,4,4,4,3,4,3,3,4,1,3,3,3,4,3,4,3,4,4,5,3,3,4,4,2,2,2,2,2,2,2,2,2,2,2,2,2,2,2,9,7,6,5,7,6,8,6,7,2,28,3,2,5,1,48,0,0,2300,884101,기계 대량생산,공예학
27626,3,4,3,4,1,0,1,0,1,0,3,4,2,2,2,3,3,4,1,0,1,0,1,0,1,0,1,0,1,0,1,0,1,0,1,0,1,0,3,4,3,4,3,4,3,4,1,0,1,0,1,0,3,4,3,4,3,4,1,0,3,4,3,4,3,4,3,4,4,5,4,5,1,0,1,0,3,4,1,0,2,3,2,3,3,4,4,5,3,3,3,4,3,3,4,3,3,4,3,4,3,3,1,2,1,2,0,1,1,3,2,3,4,4,4,3,4,4,3,4,2,3,3,4,3,3,2,3,3,4,4,2,4,3,3,3,4,5,3,3,3,3,2,2,2,2,2,2,2,1,2,2,1,2,3,3,2,2,2,2,8,5,7,1,2,8,1,55,2,1,1,1,40,3500,2300,0,813201,공작기계절삭가공사 주문 급증 무량 자동화 기기 인력 대체,공고
27627,3,4,2,4,2,4,2,3,4,5,3,5,3,4,3,4,3,5,3,4,3,5,2,4,3,4,2,4,2,3,3,4,2,3,2,4,2,4,3,4,2,4,1,0,2,3,2,4,2,3,2,3,2,4,3,4,2,4,2,4,3,4,2,3,2,4,3,4,2,4,2,4,2,3,3,4,3,5,3,4,2,4,3,5,3,4,2,4,4,4,2,3,3,3,4,4,3,4,4,3,2,3,1,5,1,2,0,6,5,3,3,2,3,3,2,3,2,2,3,3,4,2,3,4,3,2,3,4,2,4,3,4,2,3,4,3,2,4,2,3,4,3,2,2,2,2,2,2,2,2,2,1,3,3,3,3,1,4,5,5,6,5,4,5,6,4,2,35,4,1,1,1,40,4500,3700,0,151105,그래픽 기술자격 기술 변화 요인,항공기계설계학
27628,2,3,2,3,3,4,2,3,2,3,2,3,2,3,3,4,2,3,3,4,2,3,3,4,5,7,3,4,2,3,2,3,2,2,2,3,3,4,2,3,4,5,3,4,2,3,2,3,3,5,3,4,4,5,3,4,4,5,4,5,2,3,5,6,4,5,5,7,4,5,4,5,3,4,4,6,5,6,4,5,5,7,4,5,5,6,2,3,3,3,3,2,3,2,3,4,3,3,3,3,2,3,1,2,1,1,3,3,2,3,3,3,3,3,3,3,3,3,3,3,4,3,3,2,3,2,3,3,3,5,2,4,3,3,4,3,4,4,3,3,4,3,2,2,2,2,2,2,2,2,2,2,3,2,2,2,2,5,8,6,8,3,1,8,3,1,1,33,2,1,1,1,40,2800,2000,0,861201,양복기능사 양장기능사 염색기능사 수습기간 지금 변화,기계
27629,4,6,3,4,3,3,3,4,2,3,3,3,2,3,2,3,3,3,1,0,1,0,4,6,2,2,1,0,4,6,2,2,4,5,1,0,4,4,3,4,4,4,2,3,3,4,1,0,1,0,1,0,2,3,2,3,1,0,1,0,1,0,1,0,1,0,1,0,1,0,1,0,1,0,1,0,1,0,1,0,1,0,1,0,3,4,2,3,4,4,3,3,3,5,4,2,3,4,5,4,4,17,1,2,1,2,0,2,4,4,4,4,4,4,4,3,9,4,3,4,3,3,3,3,4,4,4,3,4,3,3,4,5,4,3,4,5,5,4,3,4,3,2,2,2,2,2,2,2,2,2,1,4,2,2,3,2,6,4,3,2,2,2,7,6,4,1,37,4,1,1,1,40,3500,2400,0,306903,놀이심리 상담사 치료 아동,교육학
27630,3,4,4,5,2,2,3,3,2,2,4,5,4,4,2,2,4,4,3,3,2,2,3,3,4,5,1,0,4,5,3,4,4,5,4,5,2,2,4,5,4,5,3,3,4,5,2,2,4,5,1,0,2,2,5,5,4,5,2,2,2,2,4,5,3,3,4,5,4,5,4,5,1,0,4,5,4,5,5,5,4,5,3,5,4,5,3,3,4,4,5,2,3,1,3,5,5,5,5,5,5,3,4,1,2,2,0,6,1,2,1,1,4,4,1,2,9,9,9,2,1,4,4,4,4,3,2,2,2,5,4,4,3,4,4,5,5,4,5,3,5,5,2,2,2,2,2,2,2,2,2,2,2,3,3,3,2,7,8,6,5,6,5,9,1,5,1,48,2,2,6,1,55,0,0,3500,864101,업종 사람,공고
27631,5,4,4,4,3,5,2,4,3,3,4,5,1,0,2,3,3,3,1,0,1,0,1,0,1,0,1,0,3,4,2,2,2,2,1,0,1,0,3,4,3,4,2,2,1,0,3,3,2,3,1,0,1,0,1,0,3,4,2,2,2,3,4,4,3,3,2,3,1,0,3,2,1,0,1,0,1,0,1,0,1,0,2,2,4,4,3,3,5,4,3,5,3,4,3,2,4,3,4,3,3,17,1,1,1,2,0,6,5,4,4,4,4,3,3,4,9,9,9,4,4,4,4,4,4,4,3,4,4,4,3,4,4,4,3,4,4,5,4,4,4,2,2,2,2,2,2,2,2,2,2,1,4,3,3,3,2,6,5,4,3,4,5,5,4,5,2,55,4,2,5,1,50,0,0,7200,303001,약사 면허 고령화 제품 수요 증가,약학
27632,3,4,2,3,3,4,3,4,3,4,2,3,3,4,2,3,2,3,3,4,2,3,3,3,3,4,3,5,3,4,3,4,2,3,3,4,3,5,3,4,2,3,3,4,3,4,2,3,2,3,3,5,3,4,3,4,2,3,2,2,3,4,2,3,2,3,2,3,3,5,3,4,3,4,3,4,2,2,2,3,2,2,2,3,3,4,2,3,4,3,4,4,4,3,4,4,3,4,4,4,3,3,1,2,1,1,1,2,6,4,4,4,5,4,4,4,4,5,5,4,1,4,4,3,4,5,4,4,3,3,2,4,3,3,4,4,3,3,4,4,3,3,2,2,2,2,2,2,2,1,2,1,3,3,3,3,1,6,4,5,6,4,5,4,7,5,1,58,5,1,1,1,40,5100,3500,0,151107,CAD 건설기계기사 사내시스템 숙지 신제품 출시 무량 증가 신제품 자동화 필요성 증가,자동차공학
27633,2,2,2,3,2,2,2,3,2,3,2,3,2,3,2,3,2,3,3,4,3,4,3,4,3,4,4,5,2,3,2,3,3,4,3,4,3,4,4,5,3,4,4,4,3,4,3,4,3,3,3,4,3,4,4,4,4,4,4,4,3,4,3,4,3,4,4,4,4,4,3,4,4,4,3,4,3,4,4,4,3,4,4,5,4,5,2,2,3,4,3,3,4,4,3,4,4,3,2,3,3,13,1,2,2,2,0,7,4,3,4,3,3,4,3,3,3,3,4,4,4,4,4,3,4,4,3,4,3,3,3,3,4,4,4,3,4,4,4,4,3,3,2,2,2,2,2,2,2,2,2,2,4,2,2,2,1,7,6,6,4,3,4,6,3,4,1,40,4,1,1,1,45,4400,2400,0,415404,광고 매체 다양성,시각디자인
27634,1,0,1,0,1,0,3,4,1,0,1,0,1,0,1,0,3,3,1,0,1,0,1,0,4,4,4,5,4,4,1,0,4,4,1,0,1,0,4,5,1,0,1,0,2,3,1,0,1,0,1,0,1,0,1,0,1,0,1,0,1,0,1,0,1,0,1,0,1,0,1,0,1,0,1,0,3,4,1,0,4,4,3,4,2,2,1,0,4,5,3,2,4,2,4,2,3,3,4,4,3,9,1,2,2,2,0,3,2,3,2,2,3,4,3,2,3,3,4,3,3,3,2,2,3,2,3,4,2,4,3,4,2,3,4,3,2,4,3,2,4,3,2,2,2,2,2,2,2,2,2,1,3,2,2,2,2,9,7,5,3,4,6,8,4,5,1,45,2,1,1,1,45,3800,2200,0,523001,현재 변동,관광
27635,2,3,3,3,2,1,4,5,2,3,2,2,2,1,2,3,2,2,2,2,2,2,2,2,3,3,3,3,2,3,2,3,2,2,2,2,2,2,3,4,4,5,3,4,3,4,4,5,3,4,1,0,3,4,3,4,2,3,2,2,1,0,3,4,3,4,3,4,3,4,3,4,3,4,3,4,2,2,3,3,2,2,2,1,2,3,2,2,3,2,4,3,3,2,4,3,4,2,3,2,4,19,4,1,1,2,0,7,2,2,3,2,4,3,3,3,9,9,9,3,3,4,4,3,2,3,4,2,3,3,3,4,3,4,3,4,3,4,3,5,5,2,2,2,2,2,2,2,2,2,2,1,2,3,3,3,2,6,7,5,4,5,5,6,5,6,1,47,3,2,6,1,40,0,0,3200,561501,세탁기능사 인식,경영학
27636,3,3,4,4,3,5,3,4,1,0,3,5,1,0,1,0,3,2,1,0,1,0,3,5,3,5,3,4,3,3,3,3,1,0,1,0,3,4,4,5,3,5,3,3,3,3,3,3,2,4,4,4,1,0,1,0,4,5,1,0,3,4,1,0,1,0,4,4,4,4,3,3,1,0,3,4,1,0,2,2,1,0,2,3,2,2,3,2,5,3,2,5,4,2,3,3,4,3,5,4,4,17,2,5,1,1,6,6,5,4,4,3,4,3,3,5,4,5,4,4,4,4,3,4,3,3,3,4,3,4,3,4,4,3,4,3,4,3,4,5,4,2,2,2,2,2,2,2,2,2,2,2,2,3,3,3,2,4,3,4,4,5,6,3,6,5,1,34,5,1,1,1,40,11000,8000,0,301106,의사 면허 안과 레지던트 인턴 과정 안과 의사 증가,의학
27637,3,4,3,4,2,3,3,4,5,6,4,6,4,4,3,4,3,4,3,4,2,2,3,4,4,6,2,2,2,2,3,3,2,2,2,3,2,2,2,2,2,2,4,6,3,4,1,0,1,0,2,2,1,0,1,0,1,0,1,0,3,4,1,0,1,0,1,0,1,0,1,0,3,4,2,2,1,0,3,4,1,0,1,0,3,4,3,4,4,4,3,3,2,3,4,4,3,3,2,4,5,11,1,2,1,1,3,7,5,4,3,3,4,4,3,3,9,9,4,4,2,3,3,4,4,3,2,1,4,2,4,3,4,1,1,1,4,5,4,3,2,3,2,1,2,2,2,1,2,2,2,1,3,2,2,2,2,4,7,3,8,3,8,2,8,3,2,39,4,1,1,1,40,5000,3800,0,31101,국제재무분석사 투자자산운용사 금융투자분석사 국제적 시황에 따른 투자분석 정보등을 조사 분석한다 전산 시스템 업그레이드 전산 대체,통계학
27638,4,5,5,5,2,5,5,7,4,6,3,4,1,0,4,5,5,6,4,5,4,4,3,4,4,5,1,0,5,7,4,5,1,0,1,0,3,4,4,5,4,4,4,6,3,4,4,5,3,4,4,5,2,2,1,0,1,0,3,3,2,3,3,4,2,2,3,4,4,5,5,6,4,5,2,2,4,5,4,6,5,6,4,5,4,6,4,5,2,3,3,2,3,2,2,2,4,2,2,3,3,7,1,1,2,2,0,7,2,3,3,3,3,2,2,2,1,3,4,3,3,2,1,4,4,4,3,2,4,3,3,5,4,5,4,4,4,5,4,4,5,2,2,2,2,2,2,2,2,2,2,3,1,3,3,3,2,8,7,8,7,6,5,5,6,5,1,57,2,1,1,1,48,2800,1800,0,615701,셀프 주유소 생기,상고
27639,4,3,3,4,2,3,4,2,4,4,3,5,4,4,4,5,3,2,3,5,4,5,4,2,3,2,3,4,4,5,4,6,4,5,3,5,4,5,4,6,3,5,4,6,3,3,3,4,3,5,5,5,3,6,4,5,4,3,3,3,5,4,3,4,3,5,1,0,4,5,4,4,3,4,5,4,4,5,5,4,2,5,3,4,4,4,3,3,3,4,4,5,5,4,5,5,5,5,3,3,3,11,1,6,1,1,1,6,5,4,4,4,5,3,5,3,9,4,3,5,1,5,5,5,5,3,5,3,5,2,3,5,3,5,3,2,5,3,3,3,3,1,2,2,2,2,2,2,2,2,2,4,3,2,2,3,2,3,4,3,3,1,3,1,2,1,2,61,2,1,1,1,30,6000,4000,0,33202,보험모집인 자격증 변액보험 자격증 변화하는 영업스킬 크게 변화,상고
27640,4,5,4,6,4,6,4,6,4,6,4,4,4,5,4,5,4,5,4,5,4,5,4,5,4,4,4,5,4,5,4,5,4,5,4,4,4,5,4,4,4,5,4,4,4,4,4,4,4,5,4,4,4,4,4,5,4,4,4,5,4,5,4,3,4,3,4,4,4,3,4,4,4,5,4,5,4,5,4,5,4,5,4,5,4,5,4,4,4,4,4,3,4,4,4,4,3,4,4,4,4,18,1,2,2,2,0,4,5,4,4,4,4,4,4,4,4,4,4,4,2,4,4,4,3,4,4,3,4,4,4,4,4,3,4,4,3,4,3,3,4,4,2,2,2,2,2,2,2,2,2,2,3,2,2,2,1,6,6,5,5,4,4,6,5,4,1,40,4,1,2,1,40,4800,3500,0,416204,지층 안정,방송연예
27641,3,4,3,4,2,1,2,2,2,3,1,0,1,0,2,1,3,3,1,0,1,0,3,4,3,4,2,1,2,3,3,4,2,2,4,5,3,4,2,3,4,5,3,3,3,4,1,0,3,4,2,3,2,1,3,4,3,4,2,2,1,0,3,3,2,2,2,3,4,5,3,3,2,2,4,5,3,4,2,2,4,5,3,4,2,2,2,1,3,2,2,3,4,2,5,5,2,2,3,4,3,6,1,4,2,2,0,3,2,2,3,3,4,3,4,3,2,4,4,4,2,4,2,3,2,4,4,3,4,2,4,3,3,4,3,2,4,4,2,4,3,4,2,2,2,2,2,2,2,2,2,3,4,3,3,3,1,6,8,8,7,4,3,4,3,6,1,53,2,1,1,1,54,3800,2600,0,706001,문화생활 공간 건축 수요 증가,문과
27642,4,4,4,4,2,3,3,3,2,4,4,4,3,3,3,3,3,3,2,4,2,3,3,4,3,3,3,3,2,3,4,4,4,4,4,4,3,3,3,3,3,4,4,3,1,0,1,0,2,3,3,3,3,3,4,3,3,3,3,4,4,4,4,3,3,4,4,4,4,2,2,3,2,3,1,0,1,0,2,3,1,0,1,0,2,3,3,3,5,3,3,4,3,4,3,4,3,4,3,3,4,10,1,4,1,2,0,5,5,4,3,4,4,4,3,4,4,3,3,4,2,3,3,4,3,3,2,2,4,5,3,5,4,3,2,3,4,3,4,3,4,3,2,2,2,2,1,2,2,2,1,2,1,3,3,3,2,8,3,5,5,3,5,7,8,5,1,46,4,1,1,1,40,4700,3500,0,133302,정보처리기능사 기술 개발 시스템 개발,정보미디어학
27643,4,5,3,4,3,3,4,5,3,4,4,5,5,6,4,5,3,4,5,6,5,6,4,5,4,4,4,5,4,5,5,6,5,6,5,6,3,4,3,4,5,6,5,7,4,5,5,5,4,4,5,6,4,4,3,3,2,2,2,2,2,2,2,2,2,2,2,2,2,2,2,3,3,3,2,3,3,3,3,4,5,5,5,6,4,4,3,4,4,4,4,4,5,3,3,4,4,4,4,3,4,18,3,2,2,1,1,3,5,4,4,4,4,4,4,5,4,4,3,4,4,4,4,4,4,4,4,3,4,4,4,4,4,4,4,4,3,3,3,4,3,3,2,2,2,2,2,2,2,2,2,2,2,2,2,2,1,7,8,3,8,2,2,3,7,8,1,38,4,1,3,1,52,4000,3600,0,13601,자기개발 인공 지능 발달,예체능
27644,4,5,4,6,2,2,4,5,4,5,4,5,4,5,4,5,4,6,4,6,4,6,4,5,4,5,4,5,4,5,4,5,4,5,4,5,4,4,4,5,4,5,4,5,4,4,3,4,4,5,4,5,4,5,4,5,4,6,4,5,3,3,3,4,4,5,4,5,4,5,4,5,4,5,4,5,4,5,4,5,4,5,4,5,4,5,4,5,4,4,3,4,4,4,3,4,4,3,3,4,3,6,1,1,1,2,0,6,4,4,2,2,4,4,3,4,4,4,3,4,2,4,4,4,4,4,3,4,4,3,4,4,4,4,4,3,3,4,4,4,3,4,2,2,2,2,2,2,2,2,2,2,4,3,3,3,2,7,7,3,4,6,5,3,4,2,1,58,2,1,3,1,36,3500,2100,0,623001,기중기 운전기능사 태양광 풍력 신생 에너지 대한 신규 투자가 증가 때문,중기
27645,2,2,2,3,1,0,1,0,1,0,1,0,1,0,3,4,2,3,1,0,1,0,1,0,4,3,1,0,2,3,2,3,1,0,1,0,1,0,3,3,1,0,2,3,2,3,1,0,1,0,3,2,1,0,1,0,2,2,2,3,1,0,1,0,4,3,3,3,2,4,3,3,1,0,4,4,4,4,3,4,5,6,3,4,3,5,3,4,2,1,3,2,1,1,3,2,2,1,1,1,3,8,1,2,2,2,0,7,1,1,1,1,3,1,2,2,2,3,4,3,4,2,2,4,4,3,4,4,3,4,3,4,4,3,2,2,2,3,2,2,4,4,2,2,2,2,2,2,2,2,2,1,2,3,2,3,2,7,7,7,8,7,7,7,6,6,1,50,2,1,1,1,50,2800,2000,0,624401,불황,공고 전자
27646,4,6,3,4,2,3,3,4,3,4,3,4,3,4,3,3,4,6,4,6,4,6,2,2,2,3,3,3,3,3,3,3,3,3,3,4,4,6,4,6,4,7,4,7,4,6,2,2,4,4,3,4,3,4,3,4,4,6,5,6,2,2,4,4,4,4,4,6,4,6,4,6,4,6,5,7,4,6,4,6,4,6,4,5,4,7,3,6,5,4,3,3,3,2,3,2,3,2,2,4,4,14,1,2,1,2,0,6,5,4,5,4,5,4,4,5,5,4,5,5,4,5,4,4,5,4,4,5,4,4,4,4,5,4,5,5,5,4,5,5,5,4,2,2,2,2,1,1,2,2,2,2,2,3,3,3,2,5,6,5,7,6,5,6,4,3,1,52,4,1,1,1,40,6000,3000,0,834001,공조냉동기계기능사 산업기사 자동화 기술 장비 도입 작업 인원 조직 개편 교육 자동화 설립 도입,기계공학
27647,2,4,2,3,3,4,4,4,3,3,2,4,2,4,2,3,3,3,4,4,3,5,3,5,4,4,4,4,4,5,4,4,4,5,3,6,3,6,3,5,3,5,3,5,3,5,4,4,4,4,4,4,4,5,4,4,4,5,3,6,4,4,4,5,4,5,4,4,4,6,4,5,4,5,4,4,4,5,3,6,4,5,3,5,5,5,4,5,3,4,4,5,4,3,3,4,3,4,3,4,4,18,1,2,1,1,2,3,2,3,4,4,4,3,3,4,5,9,9,5,4,4,3,4,5,4,4,4,3,4,3,3,4,3,2,3,4,4,3,3,3,3,2,2,2,2,2,2,2,2,2,2,3,3,3,3,2,7,2,3,6,5,7,7,4,5,2,42,2,1,3,2,25,2000,1500,0,420403,웃음치료사 봉사활동 레크레이션 레크리에이션 진행 기계 대신,상고
27648,3,4,4,4,3,4,4,5,4,4,3,4,2,4,3,4,2,3,2,3,3,4,3,4,4,5,3,4,3,4,4,5,3,4,3,4,3,4,3,3,3,4,4,4,4,4,3,5,3,4,3,4,3,4,2,4,2,4,3,3,2,3,3,3,2,3,3,3,2,3,2,3,3,3,3,3,3,3,2,3,2,3,2,3,3,3,3,3,3,3,4,3,3,3,2,3,2,2,2,3,2,18,1,2,2,1,2,2,4,4,4,3,4,4,5,3,4,5,4,4,4,4,3,4,4,3,3,4,3,3,4,4,3,3,4,3,3,3,4,3,3,2,2,2,2,2,2,2,2,2,2,2,2,2,2,2,1,5,5,4,5,6,5,5,4,5,2,36,3,1,1,1,46,3600,2700,0,521201,여행경비 계산 신종 감염,경제학
27649,3,4,3,5,3,5,2,3,3,4,3,5,3,4,2,3,2,3,2,3,2,4,2,4,2,2,2,4,2,4,2,3,2,4,2,2,2,5,2,2,3,4,2,3,2,3,2,1,2,1,2,2,3,4,3,5,2,2,3,5,4,5,4,5,2,3,2,2,2,2,2,5,2,1,2,1,2,1,2,2,2,1,2,1,2,1,2,1,3,3,3,3,3,4,3,3,3,3,3,3,3,13,1,2,1,2,0,3,4,3,3,2,4,4,3,3,2,3,4,3,2,4,4,3,3,2,3,2,3,3,3,4,4,3,2,2,3,4,3,3,4,4,2,2,2,2,2,2,2,2,2,1,4,3,3,3,2,4,4,4,4,5,5,7,4,3,1,32,4,1,3,2,40,3600,3200,0,133901,CSTS 산업 성장,컴퓨터공학
27650,5,6,5,6,4,6,4,6,4,6,5,6,4,6,4,6,5,6,4,6,4,6,4,6,4,6,4,6,4,6,4,6,4,5,5,6,4,5,4,6,4,6,4,6,4,6,4,5,4,5,4,6,4,6,4,5,4,6,4,6,4,5,4,6,4,6,4,5,4,6,4,6,4,6,4,5,3,5,4,5,4,6,4,6,4,5,4,4,3,3,3,3,3,3,3,3,3,4,3,3,3,15,2,5,1,2,0,5,6,3,3,3,4,4,4,3,3,3,3,3,3,3,3,3,3,3,2,2,3,3,4,3,3,3,3,2,3,3,2,2,3,4,2,2,2,2,2,2,2,2,2,2,4,3,3,3,2,3,4,5,5,5,5,5,5,5,1,34,5,1,1,1,50,4600,2800,0,155102,화학공학 석사이상 전기 대신 태양 사용 증가 인력 증가 것이므,화학공학
27651,2,2,3,4,2,2,2,2,3,4,3,5,4,5,4,5,4,5,4,5,4,5,4,4,3,4,3,4,3,4,4,5,2,3,3,5,3,4,3,4,4,4,3,4,3,4,3,4,3,4,3,4,3,4,3,4,3,4,3,4,3,4,3,4,3,5,3,4,3,4,3,4,3,4,3,5,4,5,3,4,4,5,4,5,3,5,3,4,3,3,3,3,4,3,3,3,4,4,4,4,3,18,3,4,2,1,2,2,5,4,3,3,3,4,3,3,4,4,3,3,2,3,3,4,3,3,3,2,4,3,3,4,3,3,4,4,3,4,3,3,4,4,2,2,2,1,1,1,2,1,1,1,3,2,2,2,1,6,6,5,7,7,7,5,6,5,2,25,4,1,3,2,48,2700,2200,0,414703,안무 실습 음향 장비 도입 변동,무용학
27652,3,5,3,5,4,4,4,4,4,5,3,4,4,4,3,5,4,5,4,5,3,4,2,4,4,5,4,5,4,5,4,5,1,0,1,0,3,4,2,3,3,5,4,5,2,2,1,0,1,0,3,4,4,5,1,0,4,5,2,2,4,5,4,6,4,5,2,1,2,3,3,3,3,4,2,3,3,3,3,5,3,4,3,3,4,5,3,4,4,4,3,3,4,3,4,3,4,4,3,3,4,3,1,3,1,1,4,3,5,4,3,3,4,4,3,4,4,5,5,4,3,3,4,4,3,3,4,2,4,5,4,4,3,4,2,4,3,5,3,4,5,4,1,2,1,1,2,1,1,2,2,2,2,1,3,3,2,7,6,3,3,4,4,3,3,4,1,53,4,1,1,1,55,3600,3000,0,872301,식품산업기사 식품안전교육 제조 기술 개발 코로나 경제 악화,식품영양학
27653,3,2,3,3,2,3,3,4,2,3,2,2,3,3,2,2,3,3,1,0,1,0,2,3,3,3,1,0,4,3,3,3,3,4,2,2,3,2,4,3,2,2,2,2,3,2,1,0,4,4,1,0,2,2,1,0,2,3,3,4,2,2,3,3,2,1,1,0,1,0,1,0,1,0,2,2,2,1,3,2,2,2,2,1,3,4,2,3,3,2,3,4,3,2,2,3,2,4,3,1,2,7,1,2,2,2,0,3,2,3,3,3,4,4,3,4,3,4,5,4,2,3,3,3,4,4,2,2,3,3,3,4,2,1,2,3,3,4,4,3,5,5,2,2,2,2,2,2,2,2,2,3,1,3,3,3,2,7,6,4,3,1,4,2,1,5,1,28,2,1,3,2,40,2800,2500,0,615203,오프라인 시장 감소 온라인 시장 감소,스포츠과학
27654,5,7,5,7,3,7,3,7,1,0,3,5,4,6,3,6,4,6,3,5,4,6,5,6,4,6,4,6,4,6,4,6,3,5,4,6,5,7,4,6,4,6,4,5,4,5,4,4,4,4,4,4,2,3,3,4,3,4,2,3,3,4,3,4,3,3,3,4,2,3,2,3,3,3,1,0,1,0,2,4,1,0,1,0,3,5,4,5,4,4,3,3,4,5,4,2,4,4,4,3,5,16,5,1,2,2,0,6,6,4,3,3,5,4,4,4,4,9,5,5,1,5,5,3,3,2,4,2,4,3,3,3,4,4,3,3,4,4,3,3,3,3,2,2,2,2,2,2,2,2,2,2,1,2,2,2,1,1,1,1,2,2,2,9,8,8,1,51,5,2,5,1,30,0,0,6000,214102,강사 필요 소프트웨어 번역가 필요,영어영문학
27655,2,3,3,5,2,3,4,5,2,4,2,3,2,3,2,3,2,3,2,3,1,0,2,4,2,3,1,0,3,4,3,4,3,5,2,4,2,3,3,5,3,4,2,3,3,4,1,0,1,0,2,3,1,0,1,0,1,0,1,0,2,3,1,0,2,3,1,0,1,0,1,0,2,3,1,0,2,3,2,3,2,3,1,0,3,3,2,3,3,3,4,3,3,3,3,3,3,4,3,3,3,7,1,2,2,2,0,7,2,4,2,2,3,4,3,4,3,4,3,4,3,2,3,3,4,3,3,3,2,3,4,3,2,3,3,4,4,4,3,3,3,4,2,2,2,2,2,2,2,2,2,2,3,2,2,3,1,7,6,5,6,4,4,6,4,6,1,40,4,1,1,1,44,5670,3800,0,612301,필요 직업,토목
27656,4,5,3,5,2,2,4,5,3,4,2,2,4,5,3,3,3,3,4,5,4,4,3,3,5,6,4,6,3,4,3,3,3,3,3,4,3,4,3,4,4,4,3,3,2,2,1,0,1,0,1,0,3,4,2,4,4,5,4,5,3,4,4,5,5,5,4,4,4,5,3,5,3,5,5,5,3,4,4,4,3,3,3,4,3,4,3,4,4,5,3,4,4,4,4,4,3,3,4,3,3,18,1,1,2,2,0,2,2,4,4,3,3,4,4,4,3,3,4,3,3,2,3,3,3,2,3,2,3,3,3,4,4,4,3,3,3,4,3,3,4,3,2,2,2,2,2,2,2,2,2,2,4,2,2,3,1,7,6,5,6,6,5,5,4,6,2,34,4,1,1,1,40,2800,2500,0,417102,방송,미디어학
27657,3,5,4,4,3,4,4,4,1,0,2,3,5,4,3,3,2,3,3,4,2,3,4,4,4,4,4,5,3,4,4,4,3,4,1,0,3,5,4,5,3,4,2,3,4,4,3,3,2,2,1,0,3,3,1,0,1,0,1,0,2,2,1,0,1,0,1,0,1,0,1,0,3,3,1,0,1,0,1,0,1,0,1,0,3,3,3,3,5,5,2,3,3,3,2,4,3,4,5,3,4,13,1,2,1,2,0,3,5,4,4,3,4,4,4,4,3,3,4,3,2,4,3,3,4,4,3,2,4,5,4,4,4,3,3,3,4,5,3,3,4,4,2,2,2,2,2,2,2,2,2,1,4,2,2,2,2,5,6,4,7,7,4,4,6,4,2,34,5,1,1,1,40,2700,2300,0,306904,미술치료사 자격증 미술 통한 치료 접근 효과 일자리,미술치료학
27658,4,5,2,4,2,4,4,5,1,0,2,4,5,5,3,4,4,4,2,4,3,3,2,3,3,3,2,4,4,3,3,3,2,4,2,3,2,3,3,5,2,4,3,4,3,5,2,4,2,5,3,5,2,4,2,3,3,5,4,5,1,0,2,4,4,4,2,4,3,5,4,4,2,4,2,3,3,4,3,3,2,5,2,4,1,0,4,4,3,3,2,2,2,1,3,5,2,3,2,2,2,18,1,2,2,2,0,2,2,3,1,1,3,4,3,3,3,4,5,3,3,3,3,4,3,3,2,3,4,4,3,5,3,3,3,2,4,5,5,5,5,5,2,2,2,2,2,2,2,2,2,1,2,2,2,2,1,7,9,9,8,8,5,9,9,5,1,38,4,1,1,1,50,3200,2100,0,24404,공란,체육
27659,4,3,3,4,4,4,3,4,4,4,4,4,3,4,4,4,3,3,4,4,3,4,3,4,3,4,4,4,2,3,2,4,3,4,4,4,3,4,2,4,4,4,3,4,3,3,4,4,3,3,3,4,4,4,4,4,3,3,4,4,5,4,4,4,3,4,3,3,3,3,3,4,5,4,1,0,3,4,3,4,2,5,2,4,3,5,3,4,5,4,2,3,4,3,3,4,3,4,4,4,4,6,2,4,1,2,0,5,5,5,3,3,4,4,3,3,3,4,4,3,2,4,3,3,3,2,3,2,4,3,4,5,3,4,1,1,5,3,2,3,5,4,2,2,2,2,2,2,2,2,2,2,3,3,3,3,1,8,8,3,5,1,2,3,3,3,1,34,5,1,1,1,48,4000,2900,0,140503,교통산업기사 개발 사업 교통 영향 평가 대책 마련,도시공학
27660,3,4,4,5,2,3,4,5,2,3,3,4,2,3,3,4,3,4,3,4,3,4,3,4,3,4,4,5,4,5,4,5,4,6,4,5,4,6,4,6,4,6,4,5,4,5,2,3,2,3,2,3,2,3,2,3,2,3,2,3,4,5,4,5,3,4,2,2,2,2,2,2,4,5,2,2,2,2,2,3,3,4,3,4,2,3,2,2,3,3,3,3,3,3,3,3,3,3,3,3,3,10,1,2,2,2,0,3,2,3,3,3,3,3,3,3,3,4,4,4,3,3,3,4,4,4,4,2,3,4,4,4,4,4,3,3,4,4,3,4,4,3,2,2,2,2,2,2,2,2,2,1,3,2,2,2,2,8,3,7,3,5,7,8,7,5,1,42,2,1,1,1,40,3500,1800,0,26103,기계로 대체,전자학
27661,5,6,5,6,4,7,5,6,4,6,4,5,4,6,4,6,4,6,4,5,4,6,4,6,4,5,4,6,4,5,4,5,4,6,4,5,4,5,4,5,4,5,4,5,3,5,3,5,4,5,4,5,4,5,4,5,4,5,4,5,4,5,4,5,4,5,4,5,4,5,3,4,4,4,4,5,4,5,4,5,4,4,4,5,4,5,4,4,4,3,4,4,3,4,4,3,4,3,4,3,4,10,1,4,2,2,0,2,5,4,4,3,4,3,4,4,3,4,4,4,3,4,3,4,3,4,3,4,4,4,4,4,3,4,4,3,4,3,4,4,4,3,2,2,2,2,2,2,2,2,2,2,3,3,2,2,1,7,6,3,6,7,6,7,7,5,1,39,5,1,1,1,50,3400,2000,0,412003,지금,국어국문
27662,3,3,3,3,1,0,3,4,2,3,2,3,1,0,1,0,2,2,3,3,2,2,2,2,3,3,2,2,2,2,2,2,3,3,2,2,2,2,2,2,2,2,4,4,3,4,3,4,3,4,2,2,4,5,4,5,4,6,4,5,1,0,3,4,4,5,4,5,4,6,4,6,4,5,4,5,4,5,4,5,4,5,3,3,4,5,4,5,4,3,3,3,2,3,3,3,3,3,3,2,3,19,1,2,1,2,0,3,2,3,2,2,4,3,2,4,3,3,4,4,4,3,4,3,4,3,4,3,4,3,3,4,4,3,3,3,3,3,4,4,3,4,2,2,2,2,2,2,2,2,2,2,3,3,3,3,2,5,4,5,6,5,5,5,4,5,1,48,2,1,1,1,42,4800,3000,0,811301,건설 기계정비 변화,자동화기계
27663,2,3,3,4,1,0,3,4,2,1,1,0,1,0,2,3,3,4,1,0,2,2,3,4,2,3,1,0,3,4,3,3,2,2,2,2,2,3,3,4,3,3,3,3,3,4,2,2,1,0,3,3,1,0,1,0,1,0,1,0,1,0,2,3,1,0,1,0,1,0,1,0,2,2,2,3,2,2,3,3,3,4,2,2,2,2,2,2,4,4,2,3,3,4,2,4,2,3,4,2,3,17,1,2,1,2,0,5,2,3,4,4,3,4,4,2,2,4,4,3,2,3,3,3,3,4,3,2,3,3,4,4,2,4,3,2,4,4,3,2,4,5,2,2,2,2,2,2,2,2,2,2,4,2,3,3,1,7,6,6,5,4,4,4,4,5,2,44,3,1,1,1,56,2890,2100,0,550101,요양보호자격증 사람 증가,치위생
27664,4,6,5,7,4,6,3,5,5,7,4,6,1,0,5,6,5,4,3,4,4,6,4,6,5,6,4,6,2,4,4,6,1,0,2,4,4,5,3,4,4,5,2,3,5,6,3,5,1,0,3,3,4,5,2,4,4,5,2,3,1,0,4,5,3,4,3,5,2,3,3,5,4,6,4,6,3,5,3,5,3,5,4,5,4,6,3,5,4,3,4,5,4,5,5,3,3,4,5,4,3,17,3,3,2,2,0,2,5,4,5,5,5,5,3,4,3,3,5,4,1,4,4,4,5,3,2,3,5,4,3,3,2,4,5,4,3,4,4,3,4,3,2,2,2,2,2,2,2,1,1,1,4,1,1,1,2,3,2,3,7,4,3,3,2,4,1,39,4,1,1,1,45,3500,2700,0,157201,자동화 설비 도입 숙련 기술 노하우 업무 줄어듬 기계 사람 대신,식품영양학
27665,2,1,3,4,2,1,3,4,2,2,1,0,1,0,3,4,3,3,2,1,1,0,2,2,2,3,3,4,2,2,3,4,1,0,1,0,1,0,3,4,3,3,3,4,2,2,1,0,2,2,1,0,2,2,1,0,1,0,1,0,1,0,2,2,2,3,1,0,2,2,2,3,1,0,1,0,2,2,3,4,2,2,2,2,2,2,2,1,3,2,4,3,3,4,3,3,2,3,3,2,4,18,1,1,2,2,0,7,2,2,2,2,4,3,4,3,9,4,9,3,2,4,3,3,3,3,3,4,3,3,3,3,2,3,4,2,4,2,3,3,3,1,2,2,2,2,2,2,2,2,2,1,3,2,2,3,2,7,6,6,4,4,5,4,3,5,1,29,3,1,1,1,40,1800,1800,0,524001,관심,전자공학
27666,4,6,4,6,3,4,3,5,5,6,5,7,4,5,3,5,4,5,2,4,4,6,3,5,4,6,3,4,4,5,4,6,4,6,4,6,4,6,4,6,5,7,5,7,5,6,4,6,2,3,3,5,3,5,2,3,2,3,1,0,4,6,2,3,2,2,1,0,2,2,2,2,4,6,1,0,3,3,3,4,2,3,1,0,3,4,2,2,4,3,4,4,4,3,3,5,3,5,4,4,4,13,3,6,1,1,4,3,5,4,4,3,4,5,3,3,3,4,4,4,3,4,4,3,3,4,4,2,2,3,4,4,4,4,4,4,4,3,3,3,3,4,2,1,2,1,1,1,2,2,1,2,2,3,3,3,1,3,2,2,2,2,7,4,4,6,1,27,4,1,1,1,50,4500,4500,0,23101,공인회계사 세무사 신고서 작성요령 소명서 이유서 작성 요령 데이터 분석 프로그램 클라우드 기반 협업 작업 상당 부분 대체 것임,경제학
27667,5,7,5,7,5,7,5,6,4,6,5,7,4,5,3,4,3,4,3,4,2,3,2,3,2,3,3,5,3,5,3,4,3,4,3,4,4,6,3,4,2,4,2,2,2,2,2,2,2,2,2,2,2,5,2,3,2,2,2,2,2,2,2,2,3,3,2,2,2,2,2,2,4,4,3,3,2,2,1,0,1,0,1,0,2,2,2,2,4,4,3,3,3,4,4,4,4,5,5,4,4,16,5,5,2,2,0,6,7,3,3,3,4,4,3,4,4,4,4,4,2,3,3,4,4,4,3,3,3,3,4,4,2,2,3,2,4,3,4,3,3,4,2,2,2,2,2,2,2,2,2,2,2,3,3,3,1,6,5,5,4,4,5,5,4,5,1,57,6,1,1,1,50,7000,3200,0,121102,침체 일자리 감소,화학
27668,3,4,3,5,3,4,3,4,3,4,3,5,2,3,5,6,3,4,2,3,3,3,3,5,2,3,2,2,2,2,2,3,2,3,2,3,3,5,3,5,3,4,3,5,3,4,2,3,2,3,2,2,3,3,3,6,3,5,3,4,3,3,5,4,3,4,3,3,3,3,3,4,2,2,2,2,2,3,2,3,2,2,2,2,2,2,2,2,4,3,2,3,3,4,3,3,3,4,4,3,4,3,1,3,1,2,0,6,4,4,3,3,4,4,3,3,4,4,4,4,2,4,3,4,4,4,4,3,2,4,3,5,4,4,5,4,4,5,3,4,4,4,2,2,2,2,2,2,1,2,2,2,3,3,3,3,2,5,5,5,4,4,4,4,6,6,1,40,4,1,1,1,40,4800,3200,0,152201,금속가공기술사 구조조정 신입사원 채용 기술 부분 정도 자동화,금속공학
27669,4,6,4,6,4,5,4,5,4,6,4,5,4,6,4,6,4,5,4,6,5,7,4,6,4,5,3,4,3,4,4,5,4,6,4,5,3,5,4,5,4,5,4,5,3,5,4,5,4,5,3,4,5,7,5,7,4,6,4,6,4,5,3,5,4,6,4,5,4,5,5,6,4,6,4,4,3,4,3,5,3,5,3,4,4,6,4,5,4,4,4,4,4,4,5,4,3,4,4,3,5,10,1,4,1,1,4,4,5,4,4,4,4,3,4,5,5,4,4,5,3,4,4,4,4,3,3,4,4,3,4,4,4,3,3,4,4,3,3,4,4,3,2,2,2,2,2,2,2,2,2,1,3,3,3,3,2,9,1,1,9,9,9,9,8,6,1,60,4,1,1,1,52,4200,3000,0,136002,방송통신 기사 송출장비를 조작하여 프로그램을 송출한다 변화,방송학
27670,4,7,5,7,4,5,4,5,3,4,4,5,4,7,3,5,4,5,4,5,4,6,5,6,4,6,5,6,5,5,4,5,5,6,5,3,5,5,3,5,4,6,4,6,4,5,3,5,4,5,5,4,5,4,4,5,3,5,3,5,4,6,4,5,4,5,3,5,4,5,5,6,4,6,4,6,3,5,4,5,4,6,3,5,3,4,3,5,4,4,2,3,4,3,3,2,4,4,4,5,3,13,2,3,1,2,0,5,6,5,4,4,4,4,4,4,3,4,4,4,2,4,4,4,4,4,4,4,5,4,4,4,3,4,4,4,4,5,5,4,4,2,2,2,2,2,2,2,2,2,2,2,3,2,3,3,2,7,7,7,7,7,7,8,7,7,1,38,6,1,3,1,40,5000,3200,0,122106,축산기사 품종 생산 연구 계속 것이므,축산학
27671,4,6,5,5,4,5,5,6,1,0,5,5,1,0,4,4,3,4,1,0,3,5,5,6,5,5,4,5,3,4,3,4,2,4,1,0,5,5,3,3,4,5,3,3,3,3,3,2,2,2,2,2,1,0,1,0,1,0,1,0,3,3,1,0,1,0,1,0,1,0,1,0,3,2,1,0,1,0,1,0,4,4,3,5,4,5,4,3,4,5,3,4,4,4,4,2,2,4,4,3,4,16,5,1,2,2,0,7,5,4,4,4,4,4,4,4,9,9,4,4,2,4,4,4,4,3,4,2,4,4,4,4,4,3,4,3,3,4,3,3,5,3,2,2,2,2,2,2,2,2,2,2,4,2,2,2,1,8,7,3,4,4,5,7,3,4,1,47,4,2,5,1,35,0,0,3600,214102,국제화 시대 더욱 요구 과목 학원 크게 변동,영어영문학
27672,3,4,5,6,1,0,4,5,2,2,2,2,3,5,3,2,4,5,2,2,2,2,1,0,5,5,1,0,5,5,2,2,2,2,1,0,2,2,5,5,4,5,3,4,4,4,2,2,2,2,1,0,4,5,1,0,1,0,1,0,1,0,1,0,1,0,1,0,2,2,2,2,1,0,5,6,5,6,4,5,4,5,4,5,1,0,4,5,4,3,4,2,3,1,3,2,4,4,3,2,4,18,4,1,1,2,0,3,1,2,2,2,4,5,2,2,9,9,9,2,1,5,4,2,4,3,4,3,4,2,3,4,3,3,5,4,4,5,4,4,5,4,2,2,2,2,2,2,2,2,2,1,4,2,2,2,2,7,6,7,5,6,5,5,5,6,1,55,1,2,6,1,40,0,0,2500,307601,안마사 근무 일자리,0
27673,3,4,3,4,1,0,1,0,3,4,3,4,3,4,4,5,3,4,2,3,1,0,2,4,4,5,1,0,1,0,3,4,1,0,2,3,3,4,2,4,2,4,1,0,2,3,1,0,1,0,1,0,1,0,1,0,1,0,1,0,1,0,1,0,1,0,1,0,1,0,1,0,1,0,4,5,1,0,1,0,1,0,2,4,3,4,1,0,4,3,4,3,4,3,4,3,4,3,3,3,4,3,1,2,2,2,0,5,2,3,3,2,4,4,4,3,3,4,4,4,2,4,4,5,3,3,2,3,4,3,4,4,5,5,3,3,4,4,4,2,3,4,2,2,2,2,2,2,2,2,2,3,2,3,3,3,2,6,6,6,7,4,4,3,3,4,2,27,2,1,1,1,40,2680,2340,0,862101,컴퓨터 때문,의상
27674,4,4,4,3,3,3,4,4,4,3,4,4,4,4,4,3,4,4,4,4,4,4,3,4,3,4,3,4,4,4,4,4,4,4,4,5,4,4,3,4,4,4,4,5,3,4,4,4,4,5,3,4,4,4,4,5,4,5,4,4,3,4,4,4,4,5,4,5,3,4,4,4,4,4,3,4,4,4,3,4,4,4,3,4,2,3,2,2,3,4,2,3,3,4,3,4,4,3,4,3,4,3,1,2,1,1,1,6,5,3,4,3,4,4,2,4,3,4,3,4,3,4,3,4,3,3,4,3,3,4,4,4,3,4,4,3,3,4,4,3,3,3,1,1,1,1,1,1,1,2,2,2,4,2,2,2,1,4,3,3,5,6,6,5,4,6,1,42,4,1,3,1,40,2900,2700,0,151105,건축전기설비기술사 의공산업기사 새로운 기술 개발 교육 기술 개발 교육 청정 에너지 이유 개발 수요 증가 개발 인력 고용 증가,전기공학
27675,2,2,2,2,3,3,2,2,2,3,4,5,2,2,3,3,3,3,3,3,3,3,2,2,2,2,3,3,2,2,3,3,2,2,3,4,2,2,4,4,3,3,2,2,3,4,4,5,4,4,3,3,4,4,3,4,2,3,4,5,2,2,3,3,4,5,4,5,3,4,4,4,3,3,3,3,4,5,3,4,2,3,2,2,3,4,3,3,3,2,4,4,2,2,3,2,3,3,2,3,3,3,1,3,1,2,0,1,4,3,4,4,4,4,4,3,4,4,4,4,3,4,4,3,4,3,4,3,3,3,3,4,3,4,4,3,2,3,3,4,3,3,2,2,2,2,2,2,2,2,2,2,2,2,2,2,2,3,4,5,6,5,5,2,7,5,1,40,2,1,1,1,40,4100,3600,0,623002,지게차운전기능사 세계 경제성장 저조 물동량 감소 지속,인문계
27676,2,4,2,4,2,4,3,4,3,4,4,4,5,6,1,0,2,4,1,0,3,6,3,4,5,3,4,4,1,0,1,0,2,3,2,4,2,3,2,3,3,3,4,4,4,5,1,0,4,6,5,5,5,5,3,4,4,4,4,6,5,6,1,0,2,5,3,5,3,5,2,4,5,5,1,0,1,0,1,0,1,0,1,0,2,6,1,0,5,3,4,3,5,5,1,3,2,3,4,2,5,10,1,2,1,1,6,6,5,4,1,1,2,5,1,3,4,4,4,4,3,4,3,4,3,2,1,4,5,5,4,5,4,3,2,3,2,5,4,3,5,5,2,2,2,2,2,2,2,2,2,2,4,1,1,1,1,7,8,5,4,3,2,9,5,6,1,37,4,1,1,1,40,5000,1800,0,133204,게임프로그래밍 전문가 자격증 정보처리기사 체계적인 게임 알고리즘 스마트폰 발달 게임 산업 유망 생각,컴퓨터공학
27677,4,5,4,4,4,5,4,5,3,5,4,5,3,4,4,5,3,4,3,4,4,4,3,5,4,4,5,5,3,4,4,5,3,4,3,4,4,4,4,4,4,5,4,4,4,4,1,0,1,0,3,5,4,4,1,0,3,5,1,0,3,4,1,0,4,4,5,5,3,5,4,4,3,4,1,0,3,4,1,0,3,4,2,3,4,4,4,4,3,3,3,3,5,3,5,3,4,3,4,5,4,8,2,6,1,2,0,5,3,4,4,3,3,4,4,4,3,3,3,3,2,4,3,4,4,3,3,2,4,3,2,5,3,2,2,3,4,5,3,3,4,3,1,1,1,1,1,1,2,2,2,2,2,1,3,2,2,4,8,7,8,7,7,9,5,5,1,57,4,1,1,1,52,8100,2400,0,621403,철도운송기능사 철도관재사 장비 현대 화로 안전성 향상 기술 발전 인원 감소 예상,정보통신학
27678,4,5,4,5,4,5,3,5,4,5,4,5,5,5,3,5,4,5,4,5,4,5,4,5,5,6,4,5,4,5,4,5,3,5,4,5,4,5,1,0,4,4,4,5,5,6,3,4,4,5,3,5,5,6,4,6,4,5,4,6,5,6,5,6,4,5,3,4,4,6,4,5,4,5,1,0,1,0,1,0,1,0,1,0,4,5,1,0,5,3,3,4,4,4,3,3,3,4,4,4,3,13,1,5,1,2,0,3,4,4,4,4,4,4,4,4,5,4,5,4,3,4,4,3,3,3,3,3,4,4,4,4,3,4,4,4,4,5,3,3,4,4,2,2,2,2,2,2,2,2,2,2,3,2,2,2,1,2,2,2,2,2,8,8,8,8,1,38,4,1,1,1,40,3500,2500,0,156201,섬유산업기사 섬유기계기능장 섬유디자인산업기사 변화 요소,섬유공학
27679,4,2,3,2,3,2,3,2,3,2,4,4,3,2,4,5,2,4,3,4,5,6,4,6,3,4,3,4,3,4,2,3,3,4,3,5,5,6,4,4,2,3,3,4,2,4,3,4,3,5,3,6,4,6,3,5,3,2,3,3,3,4,3,5,3,5,3,3,3,3,3,3,3,2,3,5,3,2,3,2,3,5,3,3,4,5,4,4,3,2,3,3,3,3,3,3,3,4,4,3,3,13,1,4,2,1,5,5,4,4,3,3,3,4,4,3,3,4,4,4,2,3,3,3,2,2,3,1,3,2,4,4,4,4,4,4,3,4,2,2,4,4,2,1,2,2,2,2,2,2,2,3,3,2,2,2,1,7,7,7,5,5,5,2,3,6,2,23,4,1,1,1,40,2500,2200,0,415503,다루기 콘텐츠 제작경험 영상편집 프로그램 도입 상태 유지,디지털콘텐츠학
27680,4,4,2,3,2,1,1,0,2,3,2,3,3,3,2,3,3,4,2,3,2,4,4,4,2,3,1,0,1,0,2,3,1,0,1,0,2,4,2,5,2,3,2,3,4,4,1,0,1,0,1,0,5,6,3,5,2,3,4,5,1,0,1,0,3,4,4,4,2,4,4,4,2,3,4,4,3,4,4,5,2,3,1,0,4,5,3,5,4,3,4,4,3,3,4,4,4,3,4,5,4,3,1,2,1,2,0,2,5,3,2,3,3,4,3,4,5,4,3,4,4,4,3,3,4,3,3,2,3,4,4,3,4,3,3,4,4,4,3,3,3,4,1,1,1,2,2,2,2,1,1,5,3,2,2,2,1,3,6,5,6,7,7,7,6,7,2,50,3,2,5,1,48,0,0,6300,835101,전기설비조작원 자동화 시스템 도입 지금,토목
27681,5,7,5,7,5,7,5,6,5,6,4,7,5,6,4,6,4,6,4,6,4,6,4,6,4,5,4,5,4,5,4,5,4,5,4,4,4,4,4,5,4,5,2,4,3,4,2,2,2,3,2,3,2,3,2,2,2,2,2,3,2,3,1,0,1,0,1,0,1,0,1,0,1,0,1,0,1,0,1,0,1,0,1,0,1,0,1,0,4,4,4,4,4,4,4,3,3,4,4,3,3,15,2,2,2,2,0,6,6,3,3,3,4,4,4,4,5,5,4,5,3,4,4,4,4,3,3,4,4,4,4,4,3,4,4,3,3,4,4,4,4,4,2,2,2,2,2,2,2,2,2,2,3,3,3,3,2,7,6,5,7,6,7,6,5,7,2,47,5,1,1,1,40,4500,3000,0,110102,상태 유지,사학
27682,1,0,1,0,1,0,1,0,1,0,1,0,1,0,1,0,1,0,1,0,1,0,1,0,2,3,1,0,1,0,1,0,1,0,1,0,1,0,1,0,1,0,1,0,2,3,1,0,1,0,1,0,1,0,1,0,1,0,1,0,1,0,1,0,3,4,3,4,2,3,2,4,1,0,2,3,2,3,2,3,2,3,2,3,2,3,1,0,3,3,3,3,4,3,3,3,3,3,3,3,3,14,1,6,1,2,0,7,2,4,3,3,4,3,3,3,3,4,3,3,3,3,3,3,4,3,3,3,2,4,3,3,3,4,4,3,3,4,3,3,3,4,2,2,2,2,2,2,2,2,2,2,3,2,3,3,1,6,5,4,6,4,5,5,6,5,1,39,3,1,1,1,42,3457,2900,0,834001,전기기능사 전기 관련 조작 인력,기계학
27683,3,5,3,5,2,4,4,5,1,0,2,3,1,0,4,3,3,5,3,5,1,0,2,3,2,2,1,0,3,4,3,4,2,3,1,0,1,0,4,5,2,2,1,0,2,3,1,0,1,0,1,0,1,0,1,0,1,0,1,0,2,3,1,0,1,0,1,0,1,0,1,0,1,0,1,0,1,0,2,2,3,3,3,3,2,3,3,4,4,3,1,3,3,1,3,4,3,2,3,3,4,9,4,2,2,1,1,7,1,2,3,3,4,2,4,2,1,3,3,3,2,4,4,5,3,2,4,1,4,1,4,4,2,3,1,1,2,5,3,2,5,5,2,2,2,2,2,2,2,2,2,1,4,2,2,2,2,7,6,3,2,3,4,3,2,3,1,50,2,1,4,1,60,4000,2200,0,523001,고객 응대 예절 교육 레저 산업 활성화,인문계
27684,5,6,5,6,4,5,4,5,4,5,3,4,3,4,3,4,3,4,3,4,3,4,3,3,4,5,3,4,3,4,3,3,3,3,1,0,4,5,3,4,3,4,4,5,4,5,3,4,4,5,4,5,1,0,1,0,1,0,1,0,1,0,1,0,1,0,1,0,1,0,1,0,1,0,1,0,1,0,1,0,1,0,1,0,4,5,1,0,4,3,3,4,4,4,4,4,3,4,4,4,4,16,5,2,2,2,0,5,4,3,4,4,4,4,4,3,4,4,4,4,3,3,3,3,2,3,4,3,3,3,3,3,4,4,4,4,4,4,4,2,4,3,2,2,2,2,2,2,2,2,2,3,3,3,3,3,2,5,3,8,7,4,3,3,7,6,1,44,4,1,1,1,45,6800,2500,0,411301,현재 상황 유지,국문학
27685,4,6,4,6,3,5,3,5,3,3,3,5,4,6,3,5,4,5,4,6,4,6,3,5,3,5,1,0,3,5,2,4,1,0,1,0,2,4,2,4,4,5,3,5,2,2,1,0,1,0,1,0,4,6,3,5,3,4,4,5,3,5,2,4,3,5,3,5,3,5,3,5,3,5,3,5,3,5,1,0,3,5,4,6,3,3,2,3,5,4,4,3,4,3,4,3,4,3,4,3,4,6,1,2,1,2,0,3,5,4,4,4,5,4,4,4,3,3,4,4,1,4,4,3,4,3,5,4,3,4,3,4,3,4,5,3,4,3,5,4,4,2,2,2,2,2,2,2,2,2,2,2,3,3,3,3,2,7,4,7,4,5,8,7,5,3,1,32,4,1,1,1,40,4000,3600,0,140101,토목구조기술사 토목기사 농어업토목기술사 건설 경기 하락 감소 예상,토목
27686,4,6,4,6,4,5,3,4,2,5,5,7,4,5,4,5,4,4,1,0,4,6,3,4,4,5,4,5,4,5,4,5,4,4,3,4,3,4,4,5,4,5,4,4,4,4,3,4,3,4,3,5,3,4,4,5,2,3,2,2,4,4,3,4,1,0,1,0,1,0,1,0,3,4,1,0,1,0,1,0,1,0,1,0,2,4,3,4,4,4,4,4,4,4,3,4,3,4,4,4,4,13,4,1,1,1,1,6,5,4,4,4,4,4,4,4,9,9,9,4,3,3,4,4,4,4,4,3,2,4,3,4,4,3,4,4,4,4,4,4,4,4,2,2,2,2,2,2,2,2,2,1,3,2,2,2,1,8,8,6,8,6,8,8,8,7,1,59,5,2,6,1,40,0,0,7000,221401,변리사 실제 적응훈련 지식 재산권 증가 특허분쟁 증가 국제 출원 업무 증가,경제학
27687,4,4,4,5,4,4,4,5,3,5,4,5,4,4,4,5,3,5,4,5,3,4,3,4,3,4,4,5,4,4,4,5,3,4,4,5,4,5,4,4,4,4,3,4,3,5,4,5,4,5,3,4,3,4,3,4,4,5,3,4,3,5,3,5,4,3,3,4,4,4,3,4,4,4,4,4,4,4,4,4,3,4,4,5,4,6,4,6,4,5,5,4,5,5,4,4,4,5,5,5,4,3,1,2,1,1,6,6,6,4,3,3,4,5,4,5,4,5,4,5,1,5,4,4,3,4,4,3,4,3,4,2,4,3,4,4,5,4,3,4,3,4,2,2,2,2,2,2,2,2,2,1,2,2,2,2,1,5,4,6,5,4,5,6,5,4,1,45,6,1,1,1,40,13000,4000,0,22103,경영지도사 재무관리 생산관리 시스템 개발,경영학
27688,2,3,2,3,3,4,2,3,1,0,3,4,2,2,3,4,4,5,4,5,4,5,2,2,4,5,3,4,4,5,4,5,2,2,3,4,2,3,3,4,4,6,4,5,4,5,1,0,2,2,2,3,2,3,2,3,3,4,3,3,2,3,1,0,2,3,2,3,3,3,2,3,3,4,2,3,2,3,5,7,5,7,4,5,3,5,3,5,4,5,3,3,5,2,4,3,2,4,5,5,3,15,2,2,1,2,0,7,5,4,3,3,4,3,2,4,3,4,4,4,1,4,5,3,2,2,4,4,5,5,4,4,4,5,2,2,3,4,3,3,5,4,1,1,1,1,1,2,2,2,2,1,4,3,3,3,2,6,8,7,4,5,4,8,6,3,1,38,3,1,1,1,40,3200,2200,0,13305,소방안전관리자 장비 도입 위험 이용 에너지 사용 증가 소방관 일자리,체육
27689,3,5,3,4,2,3,3,5,3,4,4,6,4,5,4,5,4,5,4,5,3,4,4,5,4,5,4,6,4,5,5,6,3,4,2,3,5,5,3,4,2,3,3,4,3,4,1,0,1,0,3,4,1,0,1,0,1,0,1,0,2,3,1,0,1,0,1,0,1,0,1,0,1,0,1,0,1,0,4,5,1,0,5,6,4,5,3,4,4,4,2,4,4,2,3,4,3,4,4,4,4,18,1,3,1,1,3,3,3,4,4,4,4,5,4,3,3,4,4,4,2,4,4,2,2,2,3,4,3,5,4,5,4,4,4,4,4,5,3,3,4,4,2,2,2,2,2,2,2,2,2,1,3,2,2,2,1,7,4,6,3,3,5,5,6,4,1,37,4,1,1,1,40,4500,2500,0,420101,코치자격증 수습 현장실습 직종,체육학
27690,4,6,3,5,5,7,5,6,2,2,4,6,4,5,5,7,2,2,3,4,4,5,3,4,3,4,5,7,5,6,4,6,4,5,5,6,5,6,4,6,5,6,2,2,3,4,1,0,1,0,5,7,1,0,1,0,1,0,1,0,1,0,1,0,1,0,1,0,1,0,1,0,1,0,1,0,1,0,1,0,1,0,1,0,1,0,1,0,4,4,3,3,4,3,3,4,3,4,4,5,4,15,2,6,1,2,0,7,5,4,4,5,3,4,3,4,3,4,3,4,1,4,4,3,4,4,4,3,5,3,3,5,5,3,4,3,4,4,5,3,4,3,2,2,2,2,2,2,2,2,2,1,2,3,3,3,2,3,6,2,4,7,6,2,5,7,1,49,4,1,1,1,40,6200,4200,0,12101,행정고시 인구 감소 공무원 인원 감축,경영학
27691,4,5,3,4,5,6,2,2,1,0,1,0,4,5,3,3,3,4,1,0,4,4,3,4,4,5,4,5,4,5,3,4,1,0,1,0,4,4,2,2,1,0,1,0,1,0,1,0,2,2,1,0,1,0,1,0,1,0,1,0,1,0,1,0,1,0,1,0,1,0,1,0,1,0,1,0,1,0,1,0,1,0,1,0,1,0,1,0,3,3,4,3,3,4,3,3,3,3,3,3,3,18,1,3,2,1,5,5,3,3,3,3,3,4,4,3,3,3,3,3,1,4,4,2,3,4,3,3,4,3,3,3,4,3,3,4,3,4,3,2,3,3,2,2,2,2,2,2,2,2,2,3,3,2,2,2,1,2,6,6,4,8,8,4,7,7,2,30,3,1,3,2,45,2500,1200,0,414303,등장인물 기본 동작 연습 예나 지금 이후 변화,애니메이션
27692,5,6,4,4,4,5,4,5,3,6,3,4,4,5,3,5,3,5,4,4,4,4,4,6,3,5,4,5,5,6,5,5,4,6,4,6,5,5,4,5,4,5,3,5,3,5,2,4,2,5,4,6,3,4,1,0,1,0,2,5,3,5,1,0,1,0,3,4,2,4,2,3,2,5,1,0,5,6,1,0,1,0,2,5,5,4,4,5,4,3,3,3,3,4,2,5,3,5,4,3,4,18,1,2,1,2,0,5,5,4,4,4,5,4,3,3,4,3,5,4,3,3,2,3,4,5,5,3,4,3,4,4,4,3,3,4,2,5,3,4,2,3,2,2,2,2,2,1,2,2,2,2,3,2,2,3,1,5,7,3,5,4,6,3,4,2,2,42,4,1,2,2,40,4000,3000,0,521303,국내여행안내사 관광통역안내사 신규 장비 사용 숙지 변화,우주과학
27693,2,2,2,3,3,2,1,0,2,3,1,0,1,0,3,3,3,3,1,0,1,0,1,0,1,0,1,0,1,0,1,0,1,0,1,0,1,0,2,1,1,0,1,0,2,2,1,0,1,0,1,0,4,4,2,1,2,2,1,0,1,0,3,3,4,4,3,3,1,0,2,3,1,0,4,4,3,3,1,0,2,2,3,3,4,3,1,0,3,2,2,4,2,2,3,3,3,2,2,2,3,3,1,4,1,1,2,2,2,4,4,3,5,4,3,3,3,2,4,3,3,4,2,3,4,3,2,4,3,5,4,4,1,1,1,3,2,4,2,2,4,5,2,2,2,2,2,2,2,2,2,1,2,3,3,3,2,8,7,8,4,5,6,7,3,2,1,26,2,1,1,1,40,3000,2500,0,882201,펄프제지기능사 펄프종이 제조장치 조작훈련 사람 본적,문과
27694,2,3,1,0,1,0,5,4,1,0,2,2,5,4,4,4,3,4,4,5,3,3,1,0,4,3,4,4,3,5,2,3,1,0,1,0,2,2,2,4,1,0,2,4,4,4,1,0,4,4,3,4,4,5,4,5,5,5,4,5,4,4,2,4,4,5,4,4,4,5,3,4,3,3,4,5,3,3,3,5,4,4,3,5,3,3,3,5,4,2,4,4,4,3,2,4,3,4,2,2,4,18,4,1,2,2,0,2,4,3,3,2,3,4,4,4,5,3,3,4,3,2,2,2,4,3,4,4,3,4,4,4,4,2,4,3,5,3,4,4,4,3,2,2,1,2,1,2,2,2,2,1,4,3,3,3,2,6,7,7,4,3,4,6,7,2,2,29,3,2,6,1,40,0,0,3000,417102,기계 도입 방송 산업 융화,정보미디어
27695,1,0,1,0,1,0,3,5,1,0,3,5,4,5,5,7,4,5,5,7,4,4,4,6,5,6,5,7,3,3,4,5,3,4,5,6,5,6,4,6,4,5,5,6,5,6,5,5,5,7,5,7,5,6,4,5,5,6,5,5,1,0,2,3,2,2,5,6,5,5,4,5,3,4,5,4,5,6,4,3,5,5,5,6,5,6,2,2,5,4,3,4,4,1,4,1,1,4,4,4,4,1,4,1,2,2,0,5,1,4,3,4,2,4,2,4,9,9,9,4,2,3,3,4,4,2,4,1,3,2,5,4,2,4,2,2,4,5,4,2,4,4,2,2,2,2,2,2,2,2,2,4,1,3,3,2,2,8,9,9,5,4,4,6,7,7,2,55,1,2,6,1,30,0,0,2000,904201,어촌 인구 감소,0
27696,1,0,1,0,1,0,1,0,1,0,3,4,1,0,1,0,2,2,3,5,1,0,1,0,1,0,3,4,1,0,1,0,1,0,1,0,1,0,3,3,3,4,1,0,1,0,1,0,4,5,1,0,4,4,4,5,4,5,3,4,1,0,3,3,4,5,4,5,3,4,2,4,1,0,1,0,1,0,1,0,3,3,1,0,1,0,1,0,2,2,4,2,2,3,2,4,2,2,2,2,2,17,1,3,2,2,0,1,2,2,2,2,2,2,2,2,2,1,1,1,4,2,2,3,3,2,2,3,2,4,3,3,2,2,2,2,2,2,2,2,3,2,2,2,2,2,2,2,2,2,2,1,3,3,3,3,2,8,8,7,7,6,7,3,4,6,1,39,2,1,1,1,40,3400,2400,0,561301,바이러스 해충 때문 직업 생각,이과
27697,3,4,1,0,3,4,1,0,1,0,1,0,1,0,1,0,1,0,1,0,1,0,1,0,2,2,2,2,1,0,1,0,1,0,1,0,1,0,1,0,2,2,1,0,1,0,1,0,1,0,1,0,3,4,1,0,2,2,1,0,2,2,2,3,4,5,3,4,3,4,3,4,1,0,3,4,3,4,2,2,3,4,1,0,1,0,1,0,3,3,2,3,3,3,2,2,3,3,2,3,3,19,1,3,2,2,0,2,2,2,3,2,3,4,4,3,4,3,4,3,3,2,3,3,4,2,2,2,2,2,3,2,3,3,3,2,2,3,4,3,3,3,2,2,2,2,2,2,2,2,2,2,3,3,3,3,2,6,7,4,5,6,6,7,6,6,1,28,2,1,1,1,40,2800,2600,0,835201,장비 수요,인문계
27698,4,5,4,4,4,5,4,5,4,4,4,6,3,5,3,5,4,6,4,5,3,5,4,6,4,6,4,5,4,5,4,5,3,5,3,5,3,5,4,5,4,6,4,5,4,5,4,6,3,4,3,5,3,5,4,5,4,4,3,4,4,5,4,6,3,4,4,5,3,4,4,4,4,5,4,4,4,4,4,4,4,4,3,5,3,4,4,5,3,4,3,4,3,4,4,3,3,4,3,3,4,6,4,2,1,1,3,3,1,3,4,4,4,4,4,4,9,9,9,4,2,3,3,4,3,4,3,4,4,3,5,4,4,4,3,4,4,3,4,3,3,3,2,2,2,2,2,2,2,2,2,1,2,2,2,2,1,6,5,6,7,6,5,5,4,6,1,50,2,2,6,1,40,0,0,4700,701601,건축목공기능사 현장안전 교육 위험 직종 일부,인문계
27699,4,5,3,4,3,4,3,3,3,3,3,3,3,3,3,3,3,3,3,3,3,4,3,4,3,4,3,3,3,4,3,4,2,3,3,4,3,5,3,4,3,4,3,4,3,4,3,4,3,4,3,5,3,4,3,3,3,3,3,4,3,2,3,4,3,3,4,4,3,4,4,4,3,4,4,4,3,4,3,3,3,5,3,4,3,4,3,5,4,3,4,2,3,2,3,4,3,3,2,2,2,3,1,3,2,1,2,2,2,2,2,1,4,4,4,3,2,3,4,3,2,4,3,2,3,4,2,3,4,3,3,4,3,3,2,3,3,4,2,2,3,5,2,2,2,2,2,2,2,2,2,1,3,3,3,3,2,7,8,6,5,6,4,6,5,4,1,32,2,1,2,2,40,3500,2300,0,822301,기기관련 교육 용접 교육 대체 수단,기계
27700,3,5,4,4,2,3,4,4,4,4,3,5,3,5,2,3,3,5,2,3,3,5,3,3,4,5,2,3,4,5,2,3,5,5,4,5,3,4,2,4,4,5,4,4,3,4,4,4,4,3,3,4,4,5,4,4,3,2,3,3,2,3,2,3,3,3,4,3,4,4,2,4,2,2,2,3,3,4,2,4,4,4,3,4,3,5,3,5,4,4,3,3,4,3,2,4,3,4,4,4,3,13,1,1,2,2,0,6,5,4,3,3,2,3,3,2,3,3,4,3,3,3,3,2,3,2,2,4,3,5,2,5,3,3,3,3,4,3,2,3,4,4,1,1,1,1,1,1,1,1,1,2,2,2,2,3,2,8,5,5,3,2,5,5,6,4,1,50,4,2,5,1,48,0,0,5000,140502,코로나 대면 시스템 개발 변화 경기 침체,도시설계학
27701,4,5,5,5,5,5,5,2,5,4,5,4,4,3,5,5,5,4,4,5,5,6,5,5,5,3,4,5,5,4,4,4,5,4,5,4,4,4,4,2,4,4,5,3,5,3,5,3,4,2,4,4,5,6,5,5,4,4,4,4,5,4,5,6,4,3,4,4,4,6,5,5,5,5,5,5,5,4,5,4,5,4,5,5,5,5,5,4,5,3,5,3,4,2,4,3,2,4,4,5,3,6,1,6,1,2,0,3,5,4,3,3,4,5,3,4,3,4,5,4,1,4,4,5,5,5,4,2,5,4,2,5,3,4,3,5,5,5,5,4,5,5,2,1,1,1,2,1,2,1,1,2,2,3,3,3,1,5,3,3,8,5,5,5,5,5,1,51,4,1,1,1,50,8000,2800,0,140206,건설안전기사 컴퓨터 프로그램 도입 품질 안전 정확성 인력 감축 기계 장비 도입 근로자 감소 인적 구조조정,건축학
27702,5,6,5,6,5,6,5,6,4,6,4,6,4,6,4,6,4,6,4,5,4,5,4,5,4,5,4,5,4,5,4,5,4,5,4,5,5,6,4,6,4,5,4,6,4,6,4,6,4,5,4,5,4,5,4,5,4,5,4,5,4,5,3,5,3,4,5,6,4,6,4,5,4,5,4,5,4,5,4,5,4,5,4,5,5,6,5,6,5,4,5,3,4,3,4,3,4,3,4,4,3,13,2,2,2,2,0,3,7,4,5,4,4,4,3,4,3,4,4,4,1,4,4,4,3,5,4,3,4,3,3,3,4,5,4,3,4,5,4,3,4,3,2,2,2,2,2,2,2,2,2,1,3,3,3,3,2,3,7,6,5,8,3,4,8,6,1,47,6,1,1,1,40,6000,4000,0,122106,식량 보안 정책 농림 어업 대한 정부 지원 변동,축산
27703,3,3,3,3,3,2,2,2,3,3,3,3,3,3,2,2,3,3,1,0,2,2,2,2,2,2,3,3,1,0,1,0,1,0,2,2,2,2,3,2,2,2,2,2,3,3,2,2,2,2,2,2,2,2,2,2,3,3,3,3,3,3,3,3,2,2,2,2,3,3,3,3,2,2,2,2,1,0,3,2,1,0,1,0,2,3,2,2,4,3,3,4,3,3,3,3,3,4,3,3,3,10,1,2,1,1,3,3,5,3,3,4,4,4,3,4,3,3,4,3,3,3,3,3,4,3,4,3,3,4,4,3,3,4,4,4,3,3,3,3,3,3,1,2,2,2,2,2,2,2,2,2,4,1,2,2,1,5,6,5,6,5,5,6,5,4,1,43,4,1,1,1,48,3900,2800,0,134401,웹디자인기능사 정보처리기능사 실무 업무 프로그램 혁명,컴퓨터공학
27704,3,4,3,3,2,3,4,4,2,2,1,0,3,3,4,4,2,2,1,0,1,0,2,3,2,4,1,0,5,4,4,5,5,5,4,5,2,4,5,3,4,4,1,0,4,3,1,0,1,0,2,3,1,0,1,0,1,0,1,0,2,2,1,0,1,0,1,0,1,0,1,0,1,0,1,0,1,0,1,0,2,2,2,3,3,3,2,3,4,3,4,2,3,2,3,4,2,2,3,4,4,7,1,2,2,1,2,3,4,3,3,2,4,4,3,3,3,4,3,3,3,3,3,4,3,4,4,3,3,2,3,4,4,5,3,3,4,4,4,3,4,3,2,2,2,2,2,2,2,2,2,1,3,3,2,2,1,5,4,5,5,5,4,5,5,6,1,40,4,1,1,1,42,4200,2500,0,612401,고객 응대기법 교육 기업 매출 성장 역할 부분 변화,경영학
27705,3,5,4,6,3,6,4,6,4,5,4,6,3,4,2,4,3,5,2,5,4,5,4,5,3,4,2,4,3,4,4,6,4,5,4,5,3,5,5,6,4,5,4,5,3,4,4,5,3,4,4,5,1,0,1,0,1,0,1,0,4,3,3,4,1,0,1,0,1,0,1,0,2,3,1,0,1,0,1,0,1,0,1,0,2,4,3,4,4,4,4,3,4,4,4,4,3,4,4,4,4,13,1,1,1,1,1,7,5,4,4,3,3,3,3,3,3,3,3,3,2,5,4,4,4,4,4,2,3,2,3,4,3,3,4,4,3,4,3,3,4,5,2,1,2,2,2,2,2,2,2,2,2,2,2,2,2,3,6,4,4,4,4,4,5,4,1,69,6,2,5,1,40,0,0,7000,23201,세무사 자격증 개정세법 교육 회계 자료 대한 프로그램 개발 업무 효율 증가 인공 지능 비교 회계 업무 내용 대체 가능성,경영학
27706,2,2,2,2,2,2,2,3,2,3,2,3,2,3,3,3,3,3,3,3,2,3,3,3,2,4,2,4,2,3,2,3,3,3,2,4,2,4,2,4,3,3,2,4,2,3,3,4,2,3,3,3,2,3,2,3,3,3,2,3,2,4,2,3,3,3,3,3,3,4,2,3,2,3,3,3,3,3,4,4,3,3,3,3,3,2,2,2,3,2,3,3,2,3,3,3,4,3,3,3,2,7,1,1,1,2,0,7,2,3,4,4,3,3,4,4,5,4,4,4,4,5,4,3,4,4,5,4,4,4,3,3,4,4,4,3,3,4,5,4,4,3,2,2,2,2,2,2,2,2,2,2,5,3,3,3,2,3,5,6,7,4,5,7,6,6,1,40,2,1,3,2,40,4000,2500,0,901501,조경기능사 공사 조경,실업
27707,3,4,3,3,3,3,2,3,1,0,1,0,1,0,4,5,3,4,1,0,1,0,2,4,4,3,1,0,1,0,2,4,1,0,1,0,3,4,1,0,3,1,1,0,1,0,1,0,1,0,1,0,3,3,1,0,5,4,4,4,1,0,1,0,5,4,4,3,1,0,2,3,1,0,3,3,4,3,3,3,4,5,4,5,3,3,2,3,1,2,1,2,1,2,3,3,2,2,2,3,2,6,1,2,2,2,0,2,1,2,2,2,2,1,1,3,2,2,2,2,4,2,1,3,3,4,3,4,4,2,1,3,3,2,4,3,2,4,4,2,4,4,2,2,2,2,2,2,2,2,2,2,3,3,2,2,2,7,7,6,5,7,6,6,4,3,1,50,2,1,1,1,48,3400,2300,0,701601,정부 정책 가게 대출 억제 부동산 억제 정책 민간 건설 시장 자체 위축 상태,공고 전자
27708,2,1,3,4,1,0,3,3,3,5,3,4,4,5,3,4,4,5,1,0,3,4,4,5,4,5,3,4,2,3,3,4,1,0,1,0,2,3,3,4,3,4,3,4,3,4,1,0,2,2,3,4,3,4,1,0,2,3,1,0,1,0,4,6,3,4,2,3,1,0,2,3,2,3,4,5,3,4,4,5,4,5,3,4,4,5,2,3,3,4,3,2,3,1,4,4,2,3,3,2,3,9,1,2,1,2,0,1,1,3,3,2,4,4,2,2,2,3,3,2,3,4,3,3,3,2,3,2,3,3,4,5,4,4,3,3,4,5,4,3,5,4,2,2,2,2,2,2,2,2,2,1,3,1,2,2,1,4,6,5,7,6,4,8,4,2,2,41,3,1,2,1,50,3400,2500,0,531201,한식조리사 한식요리사 가구 맞벌이 가구 외식,생물학
27709,1,0,1,0,1,0,1,0,1,0,1,0,1,0,2,3,2,3,3,3,1,0,2,2,4,5,1,0,1,0,2,3,1,0,1,0,1,0,1,0,1,0,1,0,4,5,1,0,1,0,1,0,3,3,1,0,1,0,1,0,1,0,1,0,4,5,4,5,4,4,4,4,1,0,4,4,4,5,4,5,3,4,4,5,3,4,3,4,4,3,3,2,3,2,3,2,3,2,3,4,4,3,1,2,2,2,0,2,2,3,2,1,2,2,2,3,2,3,3,3,2,2,2,3,4,3,4,4,2,4,3,4,3,3,4,5,4,4,3,2,4,4,2,2,2,2,2,2,2,2,2,2,2,3,3,3,2,9,7,9,1,2,8,1,9,3,1,37,2,1,1,1,40,3500,2000,0,861101,섬유 회사 폐출,기계
27710,2,3,3,4,3,4,3,4,4,5,4,5,3,5,4,5,4,5,5,6,4,5,3,5,4,6,1,0,2,3,3,5,2,5,1,0,4,5,3,4,3,5,2,3,4,6,1,0,1,0,1,0,4,6,4,5,4,5,5,5,5,6,4,6,5,5,5,5,4,5,4,5,2,2,5,4,3,4,3,4,4,5,3,4,4,5,4,6,5,4,4,4,4,3,3,4,3,3,2,4,2,13,1,3,1,1,2,4,4,3,3,3,3,3,3,2,3,3,3,3,4,3,2,3,2,3,3,4,4,5,3,4,3,3,3,3,4,5,4,3,4,4,2,2,2,2,2,2,2,2,2,3,1,2,2,2,1,6,5,5,6,7,5,7,8,8,1,26,3,1,1,1,40,3000,2800,0,159104,전산응용기계제도사 도면이해 프린터 도입,전산
27711,2,2,3,3,2,2,3,3,2,2,2,2,1,0,2,2,3,3,2,2,1,0,3,3,2,2,1,0,1,0,3,3,1,0,1,0,1,0,1,0,3,3,2,2,2,2,1,0,1,0,1,0,2,2,1,0,4,4,2,2,1,0,2,2,5,3,5,5,5,5,5,5,1,0,4,4,3,3,3,3,4,5,4,5,3,3,3,3,3,2,1,2,3,2,2,2,2,1,2,3,2,3,1,2,2,2,0,4,1,2,2,2,3,3,2,2,3,3,4,3,4,3,2,3,3,4,2,2,4,4,3,4,2,2,3,4,5,5,5,3,4,3,2,2,2,2,2,2,2,2,2,2,1,3,3,3,2,6,6,7,7,6,6,5,4,4,1,36,2,1,1,1,40,2900,2200,0,864201,중국 신발 대량,공고
27712,5,6,5,6,4,5,3,4,3,4,4,4,5,5,4,6,4,4,4,5,5,5,3,4,3,4,4,4,2,3,4,4,3,4,4,4,4,4,3,5,3,5,2,3,3,4,4,4,2,3,1,0,4,6,5,6,3,4,4,6,5,7,2,4,2,3,2,2,1,0,1,0,3,4,1,0,1,0,1,0,1,0,1,0,5,5,4,5,3,3,2,4,4,3,4,3,4,3,4,3,3,13,1,2,2,2,0,4,4,4,4,3,5,4,4,4,3,4,4,4,1,4,5,5,4,3,3,4,5,4,2,4,3,4,4,3,2,3,3,3,3,4,2,2,2,2,2,2,2,2,2,2,4,3,3,3,2,2,2,2,3,1,1,5,5,5,1,33,4,1,1,1,42,3200,2600,0,140602,공간 정보 산업 정부 투자 연구개발,측지정보학
27713,4,5,4,6,4,7,4,5,4,7,4,6,4,6,4,6,4,6,4,6,4,6,4,6,4,6,4,6,4,6,4,6,4,6,4,6,4,6,4,6,4,6,4,4,4,6,4,5,4,7,4,3,4,6,4,6,4,6,4,6,4,6,4,7,4,6,4,6,4,6,4,6,4,6,5,6,4,6,4,6,4,6,4,6,4,6,4,6,4,5,4,4,5,4,4,4,4,5,4,4,4,17,1,1,1,1,6,6,5,4,5,5,5,5,5,5,5,9,4,5,2,5,4,4,5,4,4,5,4,4,4,4,5,5,4,4,5,4,4,5,4,4,2,2,2,2,2,2,2,2,2,2,2,3,3,2,2,8,7,7,7,4,3,8,8,4,1,58,4,2,5,1,40,0,0,10000,301401,의사 의료지식 코로나,치의학
27714,3,4,3,4,3,4,2,3,1,0,1,0,1,0,1,0,1,0,1,0,1,0,1,0,1,0,1,0,1,0,1,0,1,0,1,0,1,0,4,5,3,5,2,3,1,0,4,5,3,4,1,0,1,0,1,0,1,0,1,0,3,4,1,0,1,0,1,0,1,0,1,0,1,0,1,0,1,0,1,0,1,0,1,0,2,3,2,2,4,3,3,3,4,3,3,3,3,3,4,2,3,7,1,1,2,2,0,7,4,3,3,3,3,4,3,4,4,4,4,4,2,4,4,4,3,2,3,4,3,4,3,4,3,3,3,3,4,4,3,2,3,3,2,2,2,2,2,2,2,2,2,1,3,1,1,1,2,7,6,7,3,4,3,8,4,3,2,47,2,1,1,1,45,2500,2000,0,615301,변동 직종,문과
27715,2,2,3,4,1,0,3,4,3,3,1,0,1,0,3,4,2,2,1,0,1,0,1,0,2,3,1,0,1,0,2,3,1,0,1,0,1,0,2,3,3,4,3,3,1,0,1,0,1,0,1,0,1,0,1,0,1,0,1,0,2,3,1,0,1,0,1,0,1,0,1,0,1,0,1,0,2,2,3,4,2,1,2,2,2,2,2,1,3,3,2,2,3,3,2,2,3,2,3,2,2,7,1,2,2,2,0,7,2,2,2,3,3,3,3,3,9,4,3,3,2,3,3,3,2,4,3,3,2,3,3,4,3,2,2,2,3,4,3,4,3,4,2,2,2,2,2,2,2,2,2,3,2,2,2,3,2,5,6,5,4,5,5,6,5,4,2,48,2,1,1,1,52,2300,2200,0,616101,자동화 기계로 대체 가능,문과
27716,1,0,1,0,1,0,1,0,1,0,3,4,2,3,1,0,1,0,1,0,1,0,2,2,1,0,3,3,1,0,1,0,1,0,3,3,1,0,3,3,4,4,2,1,1,0,1,0,1,0,3,3,4,4,4,5,1,0,1,0,2,2,1,0,2,2,2,2,3,3,3,3,1,0,1,0,1,0,1,0,1,0,1,0,1,0,1,0,4,3,3,5,4,5,4,4,3,4,3,5,5,10,1,4,1,2,0,5,5,5,4,5,4,3,4,5,4,5,4,4,2,4,3,4,4,5,5,4,5,4,5,4,5,4,5,4,5,5,4,4,5,4,2,2,2,2,2,2,2,2,2,4,3,1,1,1,1,7,6,8,8,7,8,7,6,8,2,41,4,1,1,1,40,4600,4000,0,132002,정보처리기사 산업 발달,컴퓨터공학
27717,3,3,4,6,2,2,4,4,1,0,1,0,1,0,3,3,2,3,2,3,3,3,2,4,4,5,1,0,5,3,2,3,3,3,2,2,4,5,4,5,4,5,4,5,3,4,1,0,1,0,2,3,1,0,1,0,1,0,1,0,1,0,1,0,1,0,1,0,1,0,1,0,1,0,4,5,4,5,5,6,3,4,5,7,1,0,5,3,4,4,3,4,2,2,3,3,3,1,2,1,4,18,1,1,1,2,0,6,1,2,1,1,4,2,3,4,9,9,4,4,1,4,4,2,4,4,4,1,3,4,3,4,2,1,3,2,3,5,3,1,5,4,2,2,2,2,2,2,2,2,2,1,4,2,2,2,2,8,9,9,5,3,4,9,5,3,1,60,2,2,5,1,40,0,0,3600,307601,안마사 안마 수요 계속 증가,맹학교졸업
27718,1,0,1,0,1,0,1,0,1,0,1,0,1,0,1,0,1,0,1,0,1,0,1,0,1,0,1,0,1,0,1,0,1,0,1,0,1,0,1,0,1,0,1,0,1,0,1,0,1,0,2,2,1,0,1,0,1,0,1,0,1,0,1,0,2,3,1,0,1,0,1,0,1,0,1,0,2,4,2,2,4,5,2,3,1,0,1,0,3,4,3,3,3,2,3,3,4,3,4,3,3,1,4,1,2,2,0,7,2,3,3,3,4,3,4,4,3,4,3,3,3,3,3,4,3,4,3,2,3,2,3,2,2,3,3,4,4,4,4,4,3,3,2,2,2,2,2,2,2,2,2,2,3,3,3,3,2,6,7,5,6,5,5,5,6,5,1,46,2,2,6,1,60,0,0,4500,901301,공란,상고
27719,5,6,4,6,4,6,5,6,4,6,5,6,4,6,5,6,5,6,4,5,5,6,4,5,5,6,5,7,5,6,2,3,4,5,4,6,5,6,4,6,4,5,4,6,4,5,4,6,2,3,4,5,2,4,2,2,2,2,3,5,4,6,1,0,2,3,2,2,1,0,1,0,3,3,1,0,1,0,3,4,2,2,1,0,2,3,2,3,4,3,3,4,4,5,5,3,2,3,4,4,3,7,1,2,1,2,0,2,4,5,4,4,3,3,4,3,3,4,4,4,3,3,3,4,4,3,4,3,5,4,2,3,4,4,3,4,4,5,4,3,4,3,2,2,2,2,2,2,1,2,2,2,2,2,2,2,1,8,3,7,2,8,2,8,7,2,1,34,4,1,1,1,40,3800,3000,0,28101,국제무역사 외환관리사 코로나 구조조정 자동 시스템,대학교 경영학
27720,4,6,4,6,4,6,4,5,4,6,4,5,4,5,4,6,4,6,4,5,4,5,4,6,4,5,4,5,4,6,4,6,4,5,4,6,4,5,5,6,4,6,4,5,4,5,4,5,4,5,4,6,4,6,4,5,4,6,4,6,4,5,4,6,4,6,4,5,4,4,4,5,4,5,4,6,4,5,4,5,4,6,4,5,4,5,4,5,4,4,4,4,4,4,4,4,3,4,5,5,4,17,1,1,1,1,5,3,5,3,3,3,4,4,3,4,4,3,4,4,2,4,3,4,4,3,3,2,4,4,4,4,3,3,3,3,4,4,3,2,3,4,2,2,2,2,2,2,2,2,2,2,4,2,2,3,2,3,3,4,3,4,5,5,6,6,2,32,5,1,1,1,45,16000,9000,0,301103,의사 면허증 전공의 자격증 인턴 레지던트 고령화 노인 인구 증가 성형 관심 한류 열풍 증가,의예과 성형외
27721,4,4,4,4,2,3,2,3,3,3,3,3,4,4,4,4,3,3,2,3,3,3,3,3,4,4,4,5,2,3,2,3,3,3,3,3,3,3,4,3,4,4,4,4,2,2,2,3,3,3,2,3,4,3,4,5,3,4,4,4,4,6,3,4,4,4,3,4,4,4,3,3,4,4,2,3,3,3,4,4,1,0,2,2,3,3,3,3,4,3,3,4,4,4,3,4,3,4,3,3,3,10,1,4,1,2,0,5,5,4,4,4,4,5,4,4,4,3,4,4,2,3,3,3,2,3,4,3,3,3,4,3,4,4,4,3,3,3,3,4,4,4,2,2,2,2,2,2,2,2,2,2,1,3,3,3,2,7,8,6,7,6,5,6,8,5,1,38,4,1,1,1,40,3700,3400,0,133302,정보처리기능사 시스템 개발,정보미디어학
27722,4,5,4,5,1,0,1,0,3,4,2,4,3,2,3,3,3,3,3,5,4,5,3,5,4,4,2,4,3,4,3,5,3,4,4,5,1,0,4,5,4,5,4,5,3,5,3,5,1,0,1,0,1,0,4,4,4,5,4,5,1,0,3,5,4,5,3,4,4,5,4,5,4,4,4,4,4,5,4,4,3,4,1,0,3,4,4,5,3,3,4,3,4,2,2,3,2,2,3,3,2,3,1,2,2,2,0,4,2,3,2,2,3,4,2,2,3,3,3,3,3,3,2,5,2,4,4,3,4,4,4,4,3,4,4,4,3,4,4,4,5,4,1,1,1,2,2,2,2,2,2,3,2,2,2,3,2,7,7,8,3,3,4,3,6,6,1,47,2,1,1,1,45,3200,1600,0,701601,빅데이터 기술 변화 자동 기계화,공고
27723,4,6,4,5,2,4,3,4,3,4,2,4,2,3,3,4,2,3,2,4,2,4,1,0,1,0,1,0,1,0,2,2,3,4,1,0,1,0,2,4,2,4,3,6,2,3,1,0,1,0,1,0,3,4,3,5,3,5,4,4,3,5,3,5,1,0,1,0,1,0,1,0,1,0,1,0,1,0,1,0,1,0,2,1,2,3,3,3,4,3,3,5,4,3,2,3,3,4,4,5,4,3,1,5,2,2,0,6,6,4,4,4,4,4,4,5,4,5,4,4,4,4,4,4,3,4,4,3,4,4,4,4,3,4,5,4,3,4,4,4,4,3,2,2,2,2,2,2,2,2,2,1,3,3,3,3,2,3,4,2,3,2,4,4,6,7,2,29,5,1,1,1,40,4600,3800,0,122102,고령 인구 증가 시장 규모 재정 향상,약학
27724,2,1,1,0,3,3,1,0,1,0,3,3,3,3,4,4,3,3,3,3,2,3,3,3,3,4,3,4,2,3,3,3,1,0,1,0,1,0,3,4,2,2,3,3,2,3,3,2,4,3,1,0,3,4,3,3,2,4,3,2,1,0,4,4,2,3,3,4,3,3,4,4,3,3,2,5,3,3,3,3,2,3,3,3,3,3,2,3,3,3,4,3,2,2,3,3,2,3,3,2,4,4,1,2,1,1,1,2,2,3,3,3,4,3,4,4,4,3,3,3,4,3,3,4,4,2,2,2,3,3,3,3,3,3,2,4,4,3,4,2,3,4,2,2,2,2,2,2,2,2,2,3,1,2,2,2,1,7,7,5,5,3,3,7,7,5,1,25,2,1,1,1,40,3700,3200,0,831301,전기기능사 직무교육 인공 지능 로봇 발달 일부 작업 대체,문과
27725,3,3,3,4,3,4,4,5,2,2,3,4,2,2,2,3,3,4,2,2,2,2,3,4,3,4,3,4,3,4,3,4,4,6,2,2,1,0,3,4,3,4,4,5,4,5,1,0,1,0,3,4,1,0,1,0,1,0,1,0,3,4,1,0,1,0,1,0,1,0,1,0,3,4,1,0,2,3,1,0,2,2,2,2,3,4,3,4,4,4,3,2,3,2,4,3,2,3,2,3,4,11,1,4,1,1,2,7,2,4,3,2,4,4,3,4,4,4,4,4,2,3,3,4,4,4,2,1,3,2,4,3,3,3,2,2,4,4,4,3,3,3,2,1,2,2,2,2,2,2,2,2,2,2,2,2,2,2,7,2,8,3,8,3,2,8,2,61,2,1,3,2,25,4000,2300,0,33202,설계사자격증 보험설계에 대한 이해 전산 발달 비대 상담 가입 인터넷 가입 계약,문과
27726,3,3,3,4,1,0,2,2,1,0,1,0,5,6,3,4,4,4,5,5,3,4,3,3,3,4,3,3,1,0,2,2,1,0,1,0,2,2,3,3,3,3,1,0,1,0,1,0,1,0,1,0,3,4,1,0,1,0,1,0,1,0,1,0,1,0,1,0,1,0,1,0,1,0,4,4,3,4,5,5,2,3,5,5,3,4,2,2,4,4,2,3,5,2,3,5,4,4,5,4,4,18,2,3,2,2,0,2,4,4,2,3,4,4,3,3,2,3,5,4,2,3,4,3,3,2,3,2,3,4,2,4,4,5,4,4,4,4,3,4,4,3,2,2,2,1,2,2,2,2,2,1,2,2,2,3,1,6,5,6,5,5,5,6,4,4,2,29,4,1,1,1,40,2500,2300,0,414701,코로나 공연 택트 변화 코로나 영향,무용학
27727,2,2,1,0,1,0,1,0,4,6,4,4,4,5,3,3,3,3,3,3,3,3,1,0,3,3,3,3,1,0,2,2,1,0,1,0,1,0,1,0,1,0,2,2,4,5,2,2,2,2,3,3,5,6,4,6,5,6,4,5,1,0,4,3,2,2,4,4,2,3,3,4,2,2,1,0,1,0,3,2,4,6,2,2,2,3,3,3,4,5,5,2,1,2,1,5,2,2,2,3,4,3,1,2,1,2,0,1,2,3,3,4,4,4,3,4,3,4,4,4,3,4,4,2,3,4,3,4,3,3,3,5,3,4,3,4,4,5,3,4,4,4,2,2,2,2,2,2,2,2,2,2,2,2,2,2,2,4,5,7,6,6,5,4,5,6,1,25,2,1,1,1,40,2500,2100,0,824101,용접산업기사 첨단 기기 등장,기계
27728,3,5,3,4,3,4,4,4,3,5,3,4,1,0,3,4,3,4,3,5,3,5,3,4,3,4,3,4,3,4,3,4,3,4,3,4,3,4,3,4,3,4,3,5,3,4,1,0,1,0,3,4,1,0,1,0,3,4,3,4,1,0,3,4,3,4,3,4,3,4,3,3,3,4,3,4,3,4,3,4,3,6,3,4,3,4,3,5,4,4,4,3,4,4,5,3,2,3,4,4,4,8,2,4,1,1,2,2,2,4,5,4,4,4,4,3,3,3,3,3,3,4,3,4,4,3,4,2,4,3,2,4,3,3,3,3,4,4,3,3,4,3,1,1,1,1,1,1,1,1,1,2,2,3,3,2,1,4,4,4,5,5,4,5,6,7,1,46,3,1,1,1,40,5000,3000,0,831101,전기기사 작업 메뉴얼에 의한 점검사항 정비방법 샐버 구류 개선 골결 반복 작업 차종 변경 핵심 부품 교환 수준 부품 구년 증가,전기공학
27729,3,2,2,2,2,2,4,3,2,2,3,3,2,1,3,2,2,2,3,2,2,1,2,2,3,3,4,1,2,2,3,3,4,3,2,2,3,1,4,4,3,1,2,2,3,1,2,1,3,3,1,0,3,3,1,0,2,2,1,0,2,2,4,3,2,2,1,0,1,0,1,0,1,0,2,2,3,1,2,1,2,2,3,1,4,3,3,3,4,3,3,4,3,3,2,3,2,2,3,1,2,10,1,1,2,2,0,3,2,2,3,3,3,4,3,4,4,3,3,4,2,2,3,1,2,2,3,3,4,3,3,2,2,3,3,2,3,3,3,3,4,4,2,2,2,2,2,2,2,2,2,2,2,2,2,2,2,4,5,4,6,5,4,6,5,4,1,32,2,1,2,2,40,3000,2300,0,615203,온라인 시장 증가 오프라인 판매 감소,인문계
27730,4,5,4,5,4,5,4,5,2,5,4,5,3,3,2,5,2,4,2,4,2,2,2,4,2,2,2,3,2,4,3,4,3,5,4,5,2,4,4,5,4,5,3,5,3,2,4,5,2,2,2,3,2,3,2,3,2,2,2,2,2,3,2,2,2,2,2,2,3,4,2,3,2,3,2,3,2,2,2,3,2,3,2,4,3,4,3,5,4,3,4,4,4,4,4,3,3,3,2,3,3,14,1,1,1,2,0,2,5,3,2,3,4,4,3,3,3,3,3,3,2,4,4,4,3,4,3,4,4,4,3,4,3,4,4,3,4,4,4,3,3,3,1,1,1,2,2,1,1,1,1,2,2,2,2,2,1,3,4,3,3,3,3,4,4,5,1,57,4,2,5,1,40,0,0,4000,23201,세무사자격증 비대 서비스 증가 발달 일자리 감소,회계학
27731,3,5,4,6,3,5,3,5,3,5,3,5,3,6,4,6,4,6,3,5,4,6,3,5,4,6,4,6,4,6,3,5,2,4,3,5,4,6,4,5,4,6,4,6,4,6,3,5,4,6,3,5,2,4,2,4,1,0,1,0,3,5,3,5,2,4,3,5,2,3,2,4,3,5,3,5,3,5,3,5,3,5,3,5,3,5,3,5,4,4,4,3,4,2,4,3,4,4,3,3,4,15,2,2,1,2,0,2,4,4,3,2,5,4,4,3,3,3,3,3,2,4,4,4,4,4,4,3,4,4,4,4,4,5,4,4,5,4,4,3,4,4,2,2,2,2,2,2,2,2,2,2,3,2,2,2,1,7,7,3,5,3,7,7,3,7,2,46,3,1,1,1,40,3000,1800,0,413201,정사서 자격증 현재 비슷,문헌정보학
27732,3,5,4,5,3,5,3,4,1,0,1,0,1,0,3,4,3,4,1,0,1,0,1,0,1,0,3,5,4,5,1,0,3,4,1,0,3,4,1,0,4,5,3,4,3,4,1,0,1,0,3,5,1,0,1,0,1,0,1,0,1,0,1,0,1,0,1,0,1,0,1,0,4,6,1,0,1,0,1,0,2,4,1,0,4,6,5,6,4,4,3,4,4,2,3,4,3,2,5,4,3,15,2,5,1,2,0,7,5,3,2,2,4,4,4,4,4,4,4,4,2,4,4,4,3,2,3,4,3,4,4,4,3,5,4,4,5,4,3,3,5,3,2,2,2,2,2,2,2,2,2,1,3,3,3,3,2,8,7,6,3,3,4,3,8,8,1,45,4,1,1,1,40,3500,2500,0,13305,소방안전 관리자 자격증 위험물안전관계자 자격증 서비스,소방학
27733,3,4,3,5,4,4,3,4,3,4,3,4,2,2,4,5,3,5,4,4,3,5,3,5,3,3,5,5,3,4,3,4,3,4,3,3,3,5,3,5,2,4,3,3,3,4,1,0,2,3,4,5,4,4,1,0,3,4,3,3,4,4,2,2,4,6,5,6,4,4,3,5,3,4,1,0,5,5,4,6,1,0,3,4,4,5,3,4,5,4,4,5,4,4,5,5,2,3,4,5,4,8,1,4,1,1,1,6,4,3,2,2,3,4,2,4,4,3,4,4,2,5,4,5,4,4,5,3,4,2,3,4,3,4,2,3,4,5,3,2,4,3,2,2,2,2,2,2,2,2,2,1,3,3,3,3,2,8,6,8,7,9,9,6,5,4,1,25,2,1,1,1,42,4000,3700,0,621201,해기사 항해사 안전교육 물동량,항해
27734,4,5,4,4,3,5,3,5,3,4,2,4,1,0,3,4,3,5,1,0,2,3,2,4,1,0,2,2,3,3,3,4,2,3,3,4,3,3,2,2,3,3,3,3,3,4,4,5,3,4,1,0,1,0,1,0,1,0,1,0,4,4,1,0,1,0,1,0,1,0,1,0,1,0,1,0,1,0,1,0,1,0,1,0,3,4,3,4,3,4,2,3,3,4,3,4,4,3,3,3,4,3,1,2,2,2,0,3,2,3,3,2,4,3,3,2,3,3,4,3,4,1,3,4,3,3,3,4,5,2,3,4,2,3,3,4,3,5,2,2,4,5,2,2,2,2,2,2,2,2,2,2,2,3,2,2,1,3,7,4,3,2,7,3,5,8,1,43,2,1,1,1,40,3500,2400,0,26301,전반 불황,상고
27735,4,5,3,4,4,5,3,4,3,4,3,5,3,5,4,4,4,5,3,4,4,5,4,5,4,5,4,5,4,5,3,4,3,2,3,3,3,4,3,3,3,3,2,2,2,2,3,4,4,5,3,4,3,4,4,5,3,4,4,5,4,5,3,4,3,4,3,4,3,5,4,5,4,5,4,5,4,5,3,4,3,5,1,0,2,2,2,3,3,4,3,2,3,2,2,4,4,3,3,4,4,3,1,2,2,2,0,2,4,4,3,4,4,4,4,4,4,5,4,4,4,3,3,3,4,4,3,4,4,4,3,4,4,4,3,3,5,4,4,4,4,3,2,2,2,2,2,2,2,2,2,2,2,3,3,3,2,6,6,6,4,5,7,5,3,5,2,37,4,1,1,1,40,3800,2400,0,415202,매체 정보,제품디자인
27736,2,2,2,2,2,2,4,5,4,6,4,5,4,5,4,5,4,5,4,6,4,5,4,5,4,5,4,5,4,5,4,5,4,5,4,5,4,5,4,5,4,5,4,6,4,5,4,5,3,5,4,5,4,5,4,5,4,5,4,5,3,4,4,5,4,5,4,5,4,5,4,5,4,5,4,6,4,6,4,5,4,5,4,5,4,6,4,6,4,4,4,3,4,4,3,4,4,4,3,4,4,6,1,1,1,2,0,6,4,3,2,2,4,3,3,4,4,4,4,3,2,4,4,4,4,3,3,4,4,4,4,4,4,3,3,4,4,4,3,4,4,4,2,2,2,2,2,2,2,2,2,2,4,2,2,2,1,7,7,4,5,3,4,3,3,2,1,53,2,1,3,1,40,3800,2100,0,701101,용접관리자격 건설 경기 향기 크기 때문 도로 철도 항만 사회 기반시설 숙기,인문계
27737,1,0,3,5,1,0,2,4,1,0,3,5,3,5,4,6,1,0,3,4,1,0,3,5,4,5,1,0,3,5,4,5,3,5,3,5,3,5,3,5,4,5,1,0,2,4,1,0,1,0,1,0,1,0,1,0,1,0,1,0,1,0,1,0,1,0,1,0,1,0,1,0,1,0,3,4,2,4,1,0,4,6,3,5,3,5,1,0,4,4,2,3,4,1,4,4,3,4,4,4,3,1,1,2,1,2,0,6,4,4,4,3,4,4,3,3,3,4,4,4,2,4,4,4,4,3,3,4,3,4,3,5,5,4,4,4,4,4,4,4,5,4,2,2,2,2,2,2,2,2,2,1,4,2,2,3,2,8,7,3,6,4,5,7,6,3,1,34,4,1,1,1,40,3200,2480,0,901501,산림기능사 신축 재개발 공사 수요,조경학
27738,3,4,3,5,2,4,3,4,4,5,5,5,2,2,3,5,4,5,2,4,2,3,4,5,4,5,4,5,4,5,4,6,4,5,4,5,4,5,5,5,4,5,4,6,4,4,4,5,3,4,4,5,4,6,4,5,4,4,4,5,4,5,4,6,4,5,4,5,4,4,4,5,4,5,1,0,1,0,1,0,1,0,1,0,3,4,3,4,4,2,3,3,3,4,3,3,2,4,3,4,4,13,1,4,2,1,1,7,6,4,4,4,4,4,3,3,3,3,4,3,3,3,3,3,2,1,3,1,1,5,3,4,3,1,1,3,2,4,4,1,2,3,1,1,1,2,2,1,2,1,1,2,3,1,1,3,2,6,6,3,5,5,5,6,6,4,2,34,5,1,3,1,40,5500,3000,0,122102,약전 의약품 기준관련 정보 습득 프로그램 기계 도입 생명공학 기술 개발 계속,생명과학
27739,2,2,2,2,1,0,2,2,2,3,2,2,2,2,3,2,2,2,2,2,2,2,2,2,2,2,3,3,2,2,2,2,2,2,2,2,2,2,2,2,3,3,2,3,3,3,3,3,3,3,3,3,2,3,2,2,3,3,2,2,1,0,2,2,2,2,2,2,2,3,2,2,1,0,2,2,2,2,2,2,3,3,2,2,2,2,2,2,3,2,3,2,2,2,3,2,2,2,2,3,3,1,1,2,2,2,0,7,2,2,2,2,4,4,2,3,2,3,3,3,3,2,2,4,5,4,4,4,2,4,2,4,4,3,4,4,5,4,4,4,4,2,2,2,2,2,2,2,2,2,2,2,2,2,2,2,2,5,4,4,5,6,6,3,4,6,1,42,2,1,2,2,43,3000,2000,0,904101,양식 산업 귀향,기계
27740,4,6,5,6,4,6,5,6,2,3,3,4,3,4,2,3,2,2,3,4,4,5,4,5,4,5,4,6,5,5,4,5,4,6,4,5,4,5,4,6,2,3,4,5,4,6,3,4,2,3,4,6,2,3,2,3,2,2,2,3,4,5,2,2,3,4,2,3,2,3,2,2,4,5,2,3,1,0,2,3,2,2,1,0,2,3,3,4,4,3,2,4,4,4,3,4,3,4,4,3,4,10,1,3,2,2,0,2,2,4,3,2,4,4,4,4,4,5,9,4,2,3,4,4,4,3,5,4,4,4,3,4,4,3,4,4,4,5,3,3,4,3,2,2,2,1,1,2,2,2,2,2,2,2,3,3,1,6,6,4,5,6,5,5,4,4,2,52,2,1,1,1,40,3600,2000,0,615203,인원 배치 업무 부담 인공 지능 대체 업무,상고
27741,3,4,2,3,3,4,2,3,2,3,2,2,1,0,2,2,2,2,1,0,1,0,3,4,2,3,3,4,2,2,3,3,2,3,2,1,3,4,2,3,3,3,3,4,2,3,3,4,2,2,2,3,2,3,1,0,2,3,1,0,1,0,3,4,2,2,3,4,2,3,3,4,3,4,2,2,2,3,2,2,2,3,2,2,2,3,2,2,3,3,3,2,3,2,3,3,2,2,2,2,3,14,1,2,2,2,0,2,2,2,3,2,3,4,4,3,3,3,4,3,2,3,3,3,3,4,3,2,3,4,4,4,3,2,3,2,3,4,3,2,3,4,2,2,2,2,2,2,2,2,2,2,3,3,3,3,2,6,5,7,5,4,6,5,3,5,2,46,2,1,1,1,45,2700,2000,0,562101,사람,문과
27742,3,4,3,3,3,4,3,4,4,5,3,4,2,2,1,0,3,4,3,4,2,2,2,3,4,4,3,4,1,0,3,3,1,0,1,0,1,0,1,0,3,5,4,5,3,5,4,4,3,4,2,3,4,5,3,4,4,6,2,3,3,4,4,5,4,4,3,5,3,4,5,6,3,5,3,3,3,4,3,4,1,0,1,0,3,3,1,0,3,3,4,4,3,3,3,3,2,3,4,3,4,3,1,2,1,2,0,1,2,4,3,4,4,3,4,3,3,2,4,4,3,4,3,3,3,2,3,2,2,4,2,4,3,4,3,3,4,4,3,3,3,2,2,2,2,2,2,2,2,2,2,2,2,2,2,2,2,7,4,7,6,6,4,3,4,4,1,29,2,1,1,1,40,3000,2800,0,882201,펄프제지 기능사 인터넷 시장 발달 때문,문과
27743,3,3,5,4,4,5,3,4,4,5,4,5,3,3,3,4,4,3,4,5,4,5,3,5,5,3,4,5,3,5,3,3,4,4,4,5,3,5,5,5,5,4,4,6,3,3,3,3,3,3,2,3,1,0,1,0,2,3,3,3,3,3,1,0,2,3,2,4,2,2,2,2,1,0,3,5,3,4,5,4,3,3,2,2,3,3,4,4,4,5,1,4,5,3,5,1,3,4,3,4,5,17,1,1,1,2,0,5,5,4,4,3,4,4,3,4,9,9,4,4,2,3,4,3,4,3,5,3,3,2,4,5,2,3,4,4,4,5,3,2,5,4,2,2,2,2,2,2,2,2,2,1,4,3,3,3,2,8,6,4,4,3,5,7,6,7,1,38,4,2,5,1,40,0,0,5400,302001,수의사 노인 인구 증가 반려 동물 증가,수의학
27744,5,6,4,5,3,3,2,2,5,5,4,5,3,5,4,4,4,5,4,4,3,3,4,5,4,5,4,5,1,0,1,0,3,3,3,3,1,0,1,0,4,4,3,3,2,2,2,2,2,3,2,2,5,5,4,5,4,4,4,4,4,5,4,4,5,5,4,5,3,5,4,4,4,5,3,4,4,6,3,3,1,0,1,0,3,3,2,3,4,4,4,4,5,2,4,4,5,4,5,4,4,3,1,2,1,2,0,2,4,4,5,4,4,5,4,4,3,4,4,4,2,4,4,4,3,2,4,2,3,4,2,4,4,5,4,3,2,3,3,4,3,2,2,2,2,2,2,2,2,2,2,2,3,2,1,3,1,6,4,5,5,5,3,6,3,4,1,49,5,1,1,1,40,6000,4000,0,151105,항공기관기능사 항공기관정비기능사 고부 가치 산업 지속 성장 코로나 상황 유지 예정,항공학
27745,2,2,1,0,1,0,2,4,1,0,1,0,1,0,4,4,3,4,2,4,2,4,3,3,3,3,1,0,3,3,1,0,1,0,1,0,1,0,1,0,4,5,1,0,3,4,1,0,1,0,1,0,3,3,2,4,3,3,4,5,1,0,2,4,3,3,3,3,3,5,2,4,2,3,4,4,3,5,3,3,4,5,4,5,3,3,2,5,2,3,2,3,2,1,3,3,2,3,2,2,2,6,3,3,1,1,2,2,2,3,2,2,4,3,2,4,2,2,3,3,3,2,2,4,5,4,3,4,4,4,4,4,4,3,4,2,4,5,4,4,4,4,2,2,2,2,2,2,2,2,2,1,2,2,2,3,2,7,8,7,3,3,4,7,7,4,1,37,2,1,1,1,45,3500,3100,0,703201,배관기능사 숙련배관공의 보조 훈련 쌓기 제조업 설비 투자 감소,공업고등학교
27746,2,2,3,4,2,1,3,3,2,2,1,0,1,0,2,2,2,3,2,1,1,0,2,3,3,3,2,2,4,5,4,5,1,0,1,0,1,0,3,3,3,4,3,4,2,2,1,0,2,2,1,0,1,0,1,0,2,3,1,0,1,0,1,0,3,4,1,0,1,0,1,0,1,0,4,5,3,3,3,3,2,2,3,4,2,2,2,3,4,5,3,2,4,4,3,5,3,2,4,3,4,13,1,1,1,2,0,7,2,2,4,3,4,3,4,4,3,3,3,3,2,2,3,2,3,3,2,4,3,2,3,3,2,3,4,3,2,2,3,3,4,2,2,2,2,2,2,2,2,2,2,1,4,2,2,2,1,6,7,7,4,4,5,5,4,5,1,42,2,1,1,1,48,2400,2300,0,511101,미용 면허 유행,전자
27747,1,0,3,4,1,0,3,4,2,2,3,4,3,4,3,4,2,2,3,4,3,4,3,4,4,6,3,4,3,4,1,0,2,2,2,2,2,2,3,4,2,3,4,6,4,6,3,4,1,0,2,2,3,4,1,0,1,0,1,0,3,4,1,0,1,0,1,0,1,0,1,0,2,2,4,6,3,4,3,4,1,0,3,4,4,6,3,4,5,4,4,3,2,3,4,4,3,3,2,4,3,19,1,1,2,2,0,1,2,4,3,2,4,4,3,4,9,9,4,4,2,3,3,4,4,4,1,1,3,2,4,4,4,3,2,2,4,4,4,3,3,3,2,1,2,2,2,1,2,1,2,4,1,2,2,2,2,4,7,2,7,3,7,3,8,3,2,42,2,1,1,1,48,3200,2400,0,863201,의상 장비 첨단 기성복 다양,인문계
27748,4,5,5,6,3,5,3,4,3,5,4,4,1,0,5,4,4,6,3,3,2,5,3,3,4,5,3,3,4,5,2,3,1,0,3,4,3,3,3,4,4,6,1,0,4,4,4,6,2,3,1,0,3,5,1,0,3,4,2,3,1,0,2,4,2,3,3,3,1,0,2,2,3,3,3,5,4,6,3,5,2,4,4,5,4,4,4,6,5,4,4,5,4,4,5,3,3,4,4,5,3,17,3,3,1,1,3,3,5,4,5,5,5,5,4,5,4,5,5,5,2,4,4,3,4,4,5,3,4,4,3,3,4,5,5,3,4,5,5,3,4,4,2,2,2,2,2,2,2,2,2,1,4,1,1,1,2,3,4,2,4,3,5,4,3,3,1,43,4,1,1,1,45,4400,2800,0,155501,산업위생관리 산업기사 관련법 이해 환경 중요성,환경공학
27749,3,4,5,7,3,4,3,4,3,4,3,4,4,5,5,6,5,7,3,4,3,4,3,4,4,6,3,4,5,6,5,6,3,4,3,4,3,4,5,6,5,6,5,6,5,7,3,4,5,6,3,4,4,5,4,5,4,5,4,5,3,4,3,4,4,5,4,5,4,5,4,6,5,6,5,6,4,5,4,5,5,6,4,5,4,5,4,6,5,4,3,3,4,1,3,3,3,3,4,3,4,3,1,2,1,1,2,5,2,4,2,2,4,4,4,2,2,3,4,3,3,3,3,4,5,4,3,4,3,3,3,4,5,4,4,5,5,5,4,4,4,4,2,2,2,2,2,2,2,2,2,3,1,3,3,3,2,7,6,5,6,7,5,6,5,4,2,42,2,1,1,1,40,2600,2000,0,861301,염색기능사 사내 직무교육 검사 시스템 도입 작업,실업계(전산학)
27750,5,6,5,7,4,5,4,5,4,5,4,5,4,5,4,5,4,5,1,0,2,3,1,0,4,5,1,0,4,5,4,5,4,5,4,5,4,5,4,5,4,5,4,5,4,5,3,4,2,2,4,5,3,4,4,5,4,6,4,5,3,5,4,5,4,5,4,6,4,5,4,5,4,5,4,5,4,5,4,5,4,5,3,3,4,6,4,5,4,5,4,4,5,3,4,4,3,4,5,4,4,17,1,1,1,1,6,4,6,5,4,4,4,5,4,5,9,9,9,5,2,5,5,4,5,4,5,4,5,2,4,4,5,5,4,5,5,4,5,4,4,2,1,1,1,1,1,1,2,2,2,2,4,3,3,3,2,8,2,2,2,2,2,2,2,1,1,40,5,1,1,1,40,15000,12400,0,301111,전문의자격증 최신장비 실습훈련 최신 장비 이용 수술 시행 현대인 비뇨기 계통 병원 환자 증가,의예
27751,5,6,5,7,5,6,3,4,5,6,3,5,4,5,4,5,4,5,3,5,3,5,3,5,3,4,3,4,3,4,2,3,3,3,2,2,3,4,2,4,2,4,2,2,2,2,1,0,3,5,2,3,2,4,2,3,2,3,1,0,2,2,2,2,1,0,1,0,1,0,1,0,2,2,1,0,1,0,1,0,1,0,1,0,1,0,1,0,4,4,4,3,3,4,4,4,4,4,4,4,4,15,2,2,2,2,0,6,6,4,4,5,4,4,4,4,4,4,4,4,1,4,4,4,4,4,3,2,4,3,4,4,4,4,4,3,4,3,2,2,4,4,2,2,2,2,2,2,2,2,2,1,3,3,3,3,1,2,2,2,3,3,2,3,2,3,1,57,6,1,1,1,50,5000,3000,0,121101,상태 유지,물리학
27752,4,5,4,5,3,3,4,5,3,4,3,3,3,3,3,4,4,5,4,4,3,3,3,4,3,3,3,4,4,5,3,4,4,5,4,5,3,3,3,5,4,5,3,3,2,2,1,0,1,0,1,0,2,2,3,3,2,3,1,0,3,5,3,4,3,3,1,0,1,0,1,0,2,2,3,4,3,3,3,3,2,2,2,2,3,4,2,2,4,4,2,4,5,2,4,4,4,4,3,4,4,3,1,2,2,2,0,2,4,4,4,4,4,5,4,3,3,2,3,3,4,3,4,4,3,4,4,2,4,3,2,4,4,3,4,4,4,5,4,4,4,3,2,2,2,2,2,2,2,2,2,2,3,2,2,3,1,6,6,6,4,3,4,6,4,4,1,40,4,1,1,1,40,4000,2800,0,612201,필요성 코로나 영향 유지 예정,국제학
27753,3,3,4,3,2,2,3,4,1,0,2,3,1,0,4,4,2,4,1,0,3,4,5,6,4,4,4,4,1,0,3,3,2,3,1,0,3,4,4,4,4,4,4,5,5,5,5,5,4,5,5,4,3,4,4,4,4,5,5,5,2,2,4,4,5,5,4,5,5,5,4,5,4,4,5,5,4,4,5,6,4,5,3,5,4,4,3,3,4,3,3,2,2,2,1,5,2,3,2,3,4,20,4,1,2,2,0,4,1,4,3,2,3,4,2,3,9,9,9,3,1,4,4,4,3,2,3,4,2,4,2,5,4,3,4,5,3,5,4,2,5,3,2,2,2,2,2,2,2,2,2,2,2,3,3,3,2,7,8,9,6,6,7,8,6,3,2,50,1,2,7,2,55,0,0,3000,904101,갈수록 수확량 사람,0
27754,3,3,3,3,5,6,2,2,3,5,4,6,1,0,5,5,2,3,1,0,4,5,3,3,4,5,3,4,3,4,3,4,2,3,2,4,1,0,2,4,3,4,3,6,2,4,1,0,1,0,1,0,1,0,1,0,1,0,1,0,3,4,1,0,1,0,1,0,1,0,1,0,1,0,1,0,1,0,1,0,1,0,1,0,4,3,2,3,4,4,2,3,4,4,3,2,3,4,2,3,3,13,1,1,2,2,0,7,2,4,3,3,3,3,3,3,3,3,3,3,2,4,3,4,2,3,3,2,4,3,4,4,4,2,2,2,3,4,4,4,5,4,2,2,2,2,2,2,2,2,2,2,3,3,3,2,2,8,7,8,4,5,5,7,5,5,2,28,2,1,1,1,40,2600,2000,0,222001,것이므 변화,인문계졸업
27755,5,6,4,5,4,5,3,4,3,4,4,5,4,5,5,5,4,5,4,5,4,5,3,4,3,4,2,3,2,3,3,4,3,3,3,3,3,3,3,4,4,5,3,4,4,5,3,4,2,3,2,3,4,4,5,6,4,4,5,6,5,6,3,4,2,3,3,4,1,0,2,2,2,3,1,0,1,0,1,0,1,0,1,0,4,4,3,4,4,3,2,3,3,4,3,4,3,3,3,4,3,13,2,4,1,2,0,4,4,3,3,3,3,3,3,3,3,3,3,3,3,4,4,5,4,3,2,4,3,5,4,5,3,3,4,3,2,3,3,1,4,4,2,2,2,2,2,2,2,2,2,3,4,3,3,3,2,3,2,1,4,3,1,6,4,6,1,33,4,1,1,1,40,4000,3200,0,140602,정보처리산업기사 융합 다방면 활용 산업부,공간정보학
27756,5,3,4,4,3,3,2,3,3,2,3,3,1,0,4,3,3,3,3,3,4,2,3,3,3,2,2,2,4,1,3,2,1,0,1,0,2,2,4,3,5,4,4,3,3,4,2,4,4,2,3,2,4,3,4,3,3,4,2,1,2,2,4,4,2,4,2,3,4,3,2,3,3,3,4,2,3,2,1,0,1,0,1,0,4,3,3,3,3,4,5,3,4,4,4,4,3,5,4,3,4,13,1,2,1,2,0,2,4,3,5,5,4,5,5,5,3,4,4,5,1,4,5,3,4,5,4,5,4,4,4,4,4,5,4,5,5,5,3,4,4,4,2,2,2,2,2,2,2,2,2,1,3,3,3,3,2,4,8,6,7,6,3,4,8,7,1,43,4,1,1,1,40,5000,4700,0,155501,산업위생관리산업기사 환경수질기사 식품위생 전염병 예방 강조 일자리 증가,생명과학
27757,4,5,3,4,2,2,3,4,2,2,2,2,2,2,3,3,3,4,2,2,2,1,2,3,4,5,3,4,3,3,3,4,2,2,3,4,4,5,4,5,4,5,4,5,4,5,3,4,4,5,3,4,3,3,3,3,2,2,2,2,2,2,3,4,2,2,2,2,2,2,3,3,3,3,3,4,3,4,3,3,3,4,3,3,2,2,2,2,4,2,1,3,4,4,2,4,2,3,4,1,3,9,1,6,2,2,0,3,2,2,3,3,4,4,3,4,2,9,3,3,2,4,4,3,4,2,3,2,4,3,4,4,3,3,3,3,2,4,3,2,3,4,2,2,2,2,2,2,2,2,2,1,3,3,3,3,2,6,6,6,5,4,5,4,4,5,1,45,2,1,1,1,50,2800,2400,0,532101,메뉴 계속 추가 때문,화학
27758,5,7,4,6,5,7,4,5,1,0,2,3,5,7,5,6,5,6,3,3,2,2,2,3,2,3,3,4,4,5,3,3,2,2,1,0,1,0,1,0,3,2,4,5,3,4,2,2,1,0,1,0,1,0,1,0,1,0,1,0,2,3,1,0,1,0,1,0,1,0,2,2,1,0,1,0,1,0,2,2,1,0,2,2,2,2,1,0,4,3,4,4,3,2,3,3,3,3,3,3,3,18,4,1,2,2,0,7,2,4,3,3,3,4,2,4,9,9,9,4,2,2,2,3,4,4,4,4,4,4,3,4,4,4,3,3,4,4,4,3,4,3,2,2,2,2,2,2,2,2,2,1,4,2,2,2,2,3,1,4,4,6,8,7,8,6,1,36,4,1,4,2,50,2000,1000,0,411103,우리나라 영화 산업 세계 경향,연극영화
27759,3,3,5,4,1,0,4,5,1,0,1,0,1,0,2,4,3,4,2,3,2,3,2,4,4,5,1,0,3,4,2,2,3,4,1,0,4,5,4,6,4,5,4,5,3,4,1,0,1,0,1,0,1,0,1,0,1,0,1,0,1,0,1,0,1,0,1,0,1,0,1,0,1,0,4,5,5,6,4,5,2,2,5,6,1,0,5,4,3,4,5,2,3,2,3,1,3,2,2,1,3,18,1,1,1,2,0,6,1,2,2,2,5,4,3,2,9,9,3,2,1,5,5,3,4,3,5,3,4,3,2,4,2,2,3,2,3,4,3,1,4,4,2,2,2,2,2,2,2,2,2,1,4,2,2,2,2,9,9,4,6,3,2,7,3,6,1,59,1,2,5,1,38,0,0,3000,307601,안마사 건강 위해 안마 사람,0
27760,4,4,4,5,2,3,2,2,3,3,4,5,5,6,4,5,4,5,3,4,3,4,2,2,4,5,3,4,2,3,3,4,4,5,2,2,2,2,3,4,4,5,4,5,3,4,2,2,2,2,3,4,4,5,4,5,4,5,4,5,5,6,2,2,4,5,4,5,4,5,4,5,2,2,5,6,2,2,4,5,2,2,2,2,5,5,4,4,5,5,3,1,3,5,1,5,1,5,5,5,3,18,1,2,2,2,0,5,4,4,3,3,1,3,3,1,4,1,3,3,3,3,3,3,4,4,3,2,4,3,5,5,4,4,3,4,4,4,4,3,5,5,1,1,1,1,1,1,2,2,2,1,4,3,2,3,2,8,8,2,7,9,2,3,3,2,1,56,4,1,1,1,40,4500,2000,0,415503,디자인 프로그램 개발 점점 디자인 모든 분야 때문,미술디자인
27761,3,4,3,4,3,3,2,2,3,5,3,4,2,3,3,4,2,3,2,3,3,5,2,4,2,2,2,3,2,2,2,3,2,3,2,1,2,3,2,3,3,5,2,3,2,2,2,1,2,1,2,2,3,4,3,4,2,4,4,5,3,4,4,6,4,5,2,3,2,5,5,6,2,4,2,2,2,2,2,3,2,2,2,2,2,1,2,1,3,4,3,3,3,3,3,3,3,4,3,4,3,4,1,3,1,2,0,6,5,4,3,3,4,4,3,3,3,3,4,4,2,5,4,3,3,2,4,2,4,3,3,5,3,4,2,3,3,4,3,2,4,4,2,2,2,2,2,2,2,2,2,2,4,3,3,3,2,4,4,4,5,4,4,6,3,3,1,29,4,1,1,1,40,4400,4200,0,153102,전자응용기술사 발전 설비 증가 신재생에너지 수요 증가,전기공학
27762,2,5,5,4,1,0,5,4,2,5,4,6,1,0,3,3,4,3,5,6,3,4,2,4,5,7,4,5,4,3,5,6,5,5,4,5,2,4,5,7,5,7,4,5,2,3,1,0,1,0,2,3,2,3,1,0,1,0,1,0,2,3,1,0,5,7,2,2,3,3,5,3,1,0,1,0,1,0,4,3,3,4,2,3,4,3,5,4,4,5,4,4,4,5,5,1,3,2,3,5,2,13,2,2,1,1,1,7,5,4,5,4,5,3,4,4,3,4,5,4,1,4,3,5,3,3,4,1,3,2,5,2,3,4,3,4,5,3,4,4,3,4,2,2,2,2,2,2,2,2,2,2,3,3,3,3,2,7,5,4,4,3,3,5,4,4,1,28,4,1,1,1,48,4000,4000,0,621402,5급항해사이상 승선경력1년이상 무선설비전파전자통신 또는 정보통신산업기사 이상 항세파악 관제장비 친숙화 긴급상황시 대처방안 선박 무인 화가 미래 생각 선원 승선 선박 운항 계속 일자리,해사수송과학
27763,4,5,4,6,2,4,3,3,3,5,3,4,5,7,4,5,5,6,1,0,4,6,5,6,5,6,4,5,3,4,2,3,3,4,1,0,5,6,4,4,3,4,3,4,3,5,1,0,1,0,1,0,3,4,4,6,2,4,1,0,1,0,1,0,1,0,1,0,1,0,1,0,1,0,4,6,4,6,3,4,1,0,2,3,1,0,4,5,4,4,4,3,4,4,4,4,4,4,4,3,4,18,4,2,2,1,6,6,4,3,4,4,4,4,4,3,9,9,3,3,1,4,4,2,3,4,4,2,3,3,4,4,4,4,2,2,4,3,3,2,3,3,2,2,2,2,2,2,2,2,2,1,2,3,2,2,2,7,5,6,5,5,5,8,7,5,2,30,4,2,6,1,22,0,0,2500,214401,악보인식 손가락움직임 응용력 저출산 인구 감소,클래식피아노
27764,1,0,1,0,1,0,3,3,2,2,2,2,1,0,1,0,3,3,3,2,2,1,1,0,3,2,3,2,4,3,4,3,4,4,4,4,1,0,5,4,2,1,2,1,4,4,1,0,1,0,3,4,3,4,3,4,3,4,3,4,3,4,4,5,3,4,4,4,5,5,5,5,2,1,2,2,3,3,3,2,3,4,1,0,4,4,2,2,1,3,3,1,2,3,2,3,3,1,4,3,1,4,2,4,2,2,0,7,5,1,4,3,4,1,3,4,3,2,3,2,4,2,1,3,2,2,3,3,2,4,3,3,3,2,2,2,3,2,2,2,2,5,2,2,2,2,2,2,2,2,2,1,2,1,1,3,2,5,5,5,5,5,5,5,5,5,1,55,4,1,1,1,40,6000,3500,0,16201,중간 관리자 자리 대체,전자공학
27765,3,4,4,5,3,5,5,5,3,4,3,3,3,3,3,3,3,3,1,0,3,3,3,4,2,3,2,3,3,5,3,4,5,6,5,6,3,3,3,5,3,4,3,4,2,3,3,3,2,2,3,3,2,3,2,2,1,0,1,0,2,3,1,0,1,0,1,0,1,0,1,0,2,4,1,0,1,0,1,0,1,0,1,0,2,2,1,0,4,3,2,3,3,2,3,4,3,3,3,3,3,18,1,3,2,2,0,5,3,3,2,2,3,3,2,3,2,3,3,3,4,2,1,4,3,2,5,3,1,4,3,5,2,2,3,4,3,5,3,2,4,4,2,2,2,2,2,2,2,2,2,1,3,2,2,2,1,7,7,6,4,4,4,7,4,4,1,43,4,1,1,1,40,5000,3000,0,612401,영업 사람 직접 해햐하 일이,경영학
27766,5,5,4,5,4,5,4,4,3,4,3,4,3,4,3,4,4,4,4,4,4,4,4,4,4,4,3,4,4,5,4,5,4,4,4,5,4,5,3,4,4,5,4,4,4,5,3,4,2,2,3,3,1,0,2,3,1,0,2,3,2,3,1,0,1,0,1,0,1,0,2,2,3,3,2,2,2,2,3,3,2,2,2,3,3,3,3,3,4,3,3,4,3,3,3,4,3,3,3,3,3,13,1,1,1,1,2,2,5,4,3,2,3,4,3,3,4,4,3,4,3,3,3,3,4,4,3,3,3,4,4,4,3,4,3,4,4,4,4,3,4,4,2,2,2,2,2,2,2,2,2,1,3,1,1,2,2,6,7,6,7,5,6,7,6,6,1,54,4,1,1,1,40,4800,3600,0,22201,공인노무사 사전 실무교육 공인 노무사 역할 이기 때문,법학
27767,3,4,3,4,2,3,3,5,2,1,4,6,1,0,4,5,3,4,2,1,4,5,1,0,4,6,4,5,3,5,3,5,4,5,3,5,1,0,2,3,3,4,4,5,4,5,3,4,1,0,3,5,4,5,3,5,3,3,2,3,3,3,4,6,4,5,3,4,2,3,2,3,2,1,4,5,3,5,4,5,3,5,3,4,4,3,3,3,4,3,4,4,4,3,4,3,3,4,4,3,4,3,1,4,1,2,0,3,4,4,3,3,4,4,4,4,4,3,3,4,3,4,3,3,2,4,3,2,5,5,4,4,3,2,2,3,3,5,3,2,4,4,1,1,2,2,1,1,1,2,2,2,2,1,3,3,2,7,7,4,4,4,5,7,4,4,1,39,4,1,1,1,45,3600,2900,0,872301,식품산업기사 제품 개발 가공 제품 개발 자동화 시스템 인력 감소,식품생명공학
27768,4,5,4,5,4,5,3,5,4,5,4,5,1,0,4,5,4,5,3,4,4,5,4,5,4,5,1,0,3,3,3,5,3,4,3,5,4,4,4,5,4,5,1,0,3,4,1,0,3,4,1,0,3,4,3,4,4,5,3,4,3,5,4,4,4,5,3,5,3,5,3,4,3,4,4,5,4,4,3,4,1,0,1,0,4,5,3,5,4,5,3,4,4,2,4,3,3,4,3,4,2,17,1,3,1,2,0,3,5,5,4,4,4,4,3,4,4,4,3,4,3,4,3,4,4,2,3,4,3,3,4,4,5,4,4,3,4,3,4,4,4,3,2,2,2,2,2,2,2,2,2,2,2,1,1,3,2,7,8,5,5,4,3,3,7,7,1,42,4,1,1,1,40,2900,2500,0,306101,임상병리사 자동화 시스템 검시 기법 향상 임상병리사,임상병리학
27769,3,5,3,4,2,4,4,5,3,5,2,4,4,4,2,4,4,4,4,4,4,4,4,4,2,5,4,4,2,4,3,5,3,3,3,5,3,5,4,4,2,4,4,4,4,4,4,3,4,4,3,6,3,5,3,5,4,4,2,4,3,4,4,4,2,4,3,5,4,4,2,4,4,4,2,4,4,4,3,5,3,5,3,5,2,4,4,4,4,4,4,3,3,4,4,4,3,4,4,4,4,19,4,1,1,2,0,1,4,4,2,4,3,4,4,2,9,9,9,3,4,2,3,3,4,2,3,2,3,4,3,3,4,3,2,3,4,3,4,3,4,3,2,2,2,2,2,2,2,2,2,2,2,2,2,2,2,3,6,5,4,7,6,5,3,7,1,35,4,2,6,1,50,0,0,3000,841101,pc정비사 2급 컴퓨터 사용,전기
27770,2,1,2,3,2,1,2,2,2,2,1,0,1,0,1,0,2,2,1,0,1,0,2,3,2,3,2,1,2,2,2,3,2,1,1,0,1,0,2,3,2,2,2,3,2,2,1,0,1,0,1,0,1,0,1,0,1,0,1,0,1,0,2,2,2,3,2,2,2,1,2,3,2,2,2,3,2,2,2,2,2,3,4,5,2,2,2,1,3,1,2,2,3,3,2,4,2,3,2,1,3,9,1,1,1,2,0,3,2,2,3,2,3,4,3,3,3,2,4,3,3,4,2,3,3,4,2,3,2,3,4,4,2,3,3,2,3,4,3,2,4,5,2,2,2,2,2,2,2,2,2,2,4,3,3,3,2,6,6,4,5,6,4,5,4,5,1,28,3,1,1,1,58,2500,2360,0,531201,한식자격증 백종원 물의 상승세 지속,호텔조리
27771,2,3,2,3,2,3,2,4,3,4,3,4,3,5,3,4,3,4,3,4,2,4,3,4,4,5,3,4,4,5,3,4,2,3,2,3,2,3,3,5,3,5,4,5,4,5,3,5,3,4,3,5,4,6,2,3,3,4,2,3,1,0,3,5,3,4,1,0,1,0,1,0,3,4,3,4,2,3,4,5,4,6,2,2,4,5,4,5,3,3,4,3,4,2,3,4,3,3,3,2,4,9,1,2,1,2,0,3,2,3,3,3,4,3,2,4,4,3,3,3,3,4,3,3,3,3,4,3,3,3,4,3,3,3,3,4,3,3,3,3,3,2,2,2,2,2,2,2,2,2,2,1,3,1,1,1,2,6,5,5,4,4,6,5,6,6,2,29,4,1,1,1,40,3500,2400,0,531301,중식조리기능사 사람 배달 음식 중식 이용,식품관리학
27772,2,4,2,4,1,0,1,0,2,4,2,4,2,3,2,4,1,0,3,5,2,4,2,4,3,5,1,0,1,0,2,4,1,0,1,0,2,4,1,0,3,5,3,5,2,4,1,0,2,4,1,0,4,6,3,5,4,6,4,6,1,0,3,5,5,6,5,6,4,5,4,5,3,5,4,6,5,5,4,5,5,6,3,6,3,5,3,5,4,4,4,4,4,4,4,3,3,3,4,4,3,3,1,2,1,2,0,4,2,4,3,3,4,4,3,4,4,4,4,4,3,3,3,4,4,3,3,1,2,4,5,5,3,5,3,3,4,5,4,3,5,4,2,2,2,2,2,2,2,2,2,2,3,2,2,2,1,6,5,5,4,4,5,6,5,4,1,37,2,1,1,1,48,3800,2300,0,853101,수질환경산업기사 환경 산업 선진국 산업 지속 성장 가능성,기계공학
27773,2,3,4,4,2,2,1,0,2,1,3,4,1,0,4,3,3,3,3,3,1,0,3,2,4,2,5,3,2,1,2,1,1,0,1,0,1,0,1,0,2,3,4,2,3,3,2,3,3,3,1,0,2,3,4,2,3,3,4,3,1,0,2,2,4,6,3,3,4,4,5,3,3,3,2,2,4,4,1,0,1,0,1,0,2,2,2,2,2,2,4,3,2,3,2,2,3,3,2,2,4,4,1,4,1,2,0,3,5,2,3,3,4,2,3,3,2,4,3,3,2,4,4,3,4,5,2,3,3,5,3,2,3,3,4,3,5,3,4,4,3,4,2,2,2,2,2,2,2,2,2,1,3,3,2,2,2,7,6,7,3,4,6,7,5,6,1,45,4,1,1,1,40,5300,4800,0,851101,산업기사 유가 하락 경쟁력 경기 침체 당분간 유지,기계
27774,4,5,4,5,4,5,4,5,4,5,4,5,4,5,3,3,3,5,4,5,4,5,4,4,4,4,4,4,4,6,4,4,4,5,3,4,3,3,3,4,4,5,4,5,4,5,3,3,3,3,4,6,3,3,1,0,1,0,2,2,1,0,2,2,2,2,2,2,2,2,2,1,3,5,2,2,2,1,2,2,2,2,2,2,2,4,2,3,3,3,1,3,4,2,4,2,2,4,3,2,4,16,5,2,1,1,2,6,5,4,3,3,5,5,3,4,9,9,4,4,1,5,4,3,2,4,3,2,4,3,4,3,4,3,3,4,4,4,2,3,4,5,2,2,2,2,2,2,2,2,2,1,2,3,2,3,2,5,5,6,5,6,5,5,7,7,2,54,4,2,5,1,54,0,0,5000,13201,유치원 정교사 2급 유치원 경영에 관한 전반적인 연수 저출산,유아교육
27775,5,7,5,7,5,7,3,7,3,5,5,7,2,5,5,7,3,5,2,5,5,6,5,7,2,4,2,4,5,5,3,6,5,7,3,5,2,6,3,5,5,7,5,7,3,6,1,0,2,2,4,5,2,5,1,0,1,0,1,0,2,5,1,0,1,0,1,0,1,0,1,0,3,5,1,0,1,0,1,0,1,0,1,0,2,3,2,2,4,4,5,4,4,5,4,2,3,5,5,5,4,15,2,3,1,1,4,7,5,4,4,3,4,4,3,3,4,3,4,4,3,3,3,3,3,2,4,2,2,3,4,4,3,4,4,4,4,4,3,3,4,5,2,2,2,2,2,2,2,2,2,2,4,2,2,3,1,2,7,2,5,7,4,4,4,6,1,33,4,1,1,1,50,8000,6500,0,221101,변호사 자격증 사법고시 법학개론 헌법 소송 증가,법학
27776,2,3,2,3,2,2,2,2,2,3,2,2,2,3,3,3,2,3,2,2,2,2,2,4,2,3,2,1,2,1,2,2,2,1,2,2,2,3,2,2,2,4,2,1,2,2,1,0,1,0,2,1,3,2,2,2,2,1,2,1,2,3,2,3,2,4,2,1,2,1,2,2,2,1,3,3,2,4,2,2,2,4,2,3,2,3,2,2,3,3,3,3,3,3,3,2,3,3,2,3,3,3,3,3,1,2,0,3,3,3,2,2,3,3,3,3,3,4,4,3,2,3,3,3,3,2,3,2,3,3,4,5,3,4,3,3,3,4,3,2,4,3,2,2,2,2,2,2,2,2,2,2,3,3,3,3,2,6,6,5,4,3,4,7,4,3,2,29,2,1,3,2,40,3200,2900,0,862101,양장기능사 전산 수요 선호 직종,의상학
27777,4,6,4,6,5,6,4,6,1,0,4,6,1,0,3,5,4,6,1,0,2,5,2,5,4,4,4,5,1,0,1,0,2,3,2,4,3,4,4,4,4,4,1,0,2,3,1,0,2,5,3,5,1,0,1,0,1,0,1,0,3,5,1,0,1,0,1,0,1,0,1,0,1,0,1,0,1,0,1,0,1,0,1,0,2,4,1,0,5,5,2,3,4,4,5,1,4,4,5,5,5,15,1,2,1,2,0,6,5,5,4,4,4,5,5,4,4,4,4,4,1,4,4,3,3,3,3,3,5,5,3,5,5,5,5,5,4,5,3,2,5,5,2,2,2,2,2,2,2,2,2,2,4,2,2,2,2,7,6,4,3,2,3,3,2,5,1,38,4,2,5,1,40,0,0,6500,29903,행정사 자격증 행정사 인원 일자리 증가,경영학
27778,1,0,1,0,1,0,1,0,1,0,1,0,1,0,1,0,1,0,1,0,1,0,1,0,1,0,1,0,1,0,1,0,1,0,1,0,1,0,1,0,2,3,1,0,1,0,1,0,1,0,1,0,1,0,1,0,1,0,1,0,1,0,1,0,2,3,3,4,4,5,2,3,1,0,2,3,3,4,2,3,3,4,2,3,3,4,2,3,3,3,3,4,3,2,3,2,3,2,3,3,3,4,1,1,1,1,2,7,4,3,3,2,4,4,4,4,3,3,4,3,2,3,4,2,3,3,3,3,2,3,3,3,3,2,3,3,4,4,3,3,3,3,2,2,2,2,2,2,2,2,2,2,2,2,3,3,2,5,5,4,6,6,7,3,5,7,1,32,4,1,1,1,40,4009,3700,0,831301,전기 기능사 실무 훈련이 필요함 주택 경기 침체 영향,전기공학
27779,3,3,2,3,2,2,3,3,2,2,1,0,1,0,3,4,2,5,1,0,2,2,3,4,3,5,1,0,2,4,1,0,2,2,1,0,2,2,2,2,1,0,2,2,3,2,1,0,1,0,1,0,2,2,3,3,2,3,3,4,1,0,1,0,3,3,2,3,4,5,3,4,2,2,3,3,4,4,3,5,5,7,5,6,4,4,2,3,3,4,3,2,2,1,3,3,3,3,4,4,3,19,4,1,2,2,0,7,2,3,3,2,3,2,2,2,9,3,3,3,2,4,3,4,4,4,5,3,4,3,3,4,3,4,4,3,4,5,3,3,5,4,2,2,2,2,2,2,2,2,2,2,2,3,2,2,2,8,6,7,8,8,5,6,3,4,1,45,2,1,4,2,36,2700,2700,0,702701,건설 경기 불황,인문계
27780,5,4,5,5,5,4,5,5,4,3,4,5,5,5,5,6,5,5,5,5,5,6,5,4,5,5,5,6,5,3,5,5,5,6,5,5,5,5,4,7,5,5,5,3,4,4,5,5,5,6,3,4,5,5,3,5,5,6,3,4,3,3,3,3,4,4,5,6,5,5,5,4,5,4,5,4,4,4,4,3,5,6,5,6,3,6,5,6,4,4,5,3,5,1,5,2,3,4,2,4,5,1,1,1,2,2,0,3,5,4,5,4,5,4,4,3,3,3,3,3,2,4,5,5,5,4,5,1,5,4,3,5,4,5,3,4,5,5,5,3,5,5,2,2,2,2,2,2,2,2,2,3,2,3,3,3,2,5,5,3,2,2,5,1,9,5,1,59,4,2,5,1,60,0,0,3000,902101,사료 배분 자동화기 도입 일자리 감소,식물학
27781,2,2,3,4,2,2,2,2,3,4,4,5,3,3,2,2,3,3,2,2,4,5,3,4,3,3,2,2,4,5,3,3,3,4,3,5,2,2,2,2,3,4,2,3,3,3,2,2,3,3,4,5,3,4,3,3,3,4,4,5,3,3,3,3,3,3,3,4,4,5,3,4,3,4,4,4,3,3,4,5,3,4,4,5,3,4,4,4,4,3,3,3,4,3,3,2,3,3,2,3,3,3,1,3,1,2,0,1,2,3,4,3,3,3,3,3,9,4,4,4,3,4,4,3,4,3,3,3,4,3,4,3,4,4,3,4,4,3,3,4,4,3,2,2,2,2,2,2,2,2,2,3,2,3,3,3,2,4,7,6,5,6,4,3,7,7,1,52,2,1,1,1,40,4400,3600,0,623002,지게차운전기능사 화로 물품 감소,인문계
27782,2,3,3,3,1,0,2,3,2,3,1,0,2,3,3,3,2,3,2,3,1,0,1,0,2,3,2,3,2,3,3,4,1,0,1,0,1,0,3,4,3,4,2,3,2,3,2,3,2,3,2,3,2,3,1,0,3,4,3,4,4,5,1,0,3,4,4,5,3,4,3,4,1,0,4,4,3,4,3,4,3,4,3,4,4,5,3,4,3,3,2,3,3,3,3,3,3,3,4,3,3,3,1,2,2,1,3,7,2,2,3,3,3,3,3,4,3,3,3,3,3,2,3,3,3,2,3,3,3,3,3,3,4,3,2,3,3,4,4,3,3,3,2,2,2,2,2,2,2,2,2,3,2,2,2,3,1,6,7,6,4,3,2,4,3,4,1,40,3,1,1,1,45,4700,3000,0,861301,염색기기 사용 처리 방법 기계 업무 대체,기계공학
27783,3,4,4,4,2,2,2,2,2,3,3,4,2,2,2,3,3,5,2,3,3,4,3,4,2,4,3,4,4,5,2,4,3,5,3,4,1,0,2,2,3,3,4,5,4,5,3,3,3,4,4,4,3,3,3,3,3,4,5,5,2,3,4,5,4,5,4,5,5,5,4,4,4,5,4,5,4,4,3,4,4,5,4,5,3,4,3,4,2,3,2,3,4,4,3,4,2,3,3,3,2,5,1,2,1,2,0,3,2,3,2,2,2,3,2,4,3,2,3,2,3,2,3,4,4,4,3,3,4,4,4,3,3,4,3,4,4,3,3,3,3,3,2,2,2,2,1,2,1,1,1,2,3,3,3,2,2,7,7,6,7,7,6,7,5,6,1,40,2,1,1,1,45,3500,2000,0,853101,수질환경기사 인력 부족 대한 근무 초과 업무 기계화 자동화 인력 부분,토목
27784,3,5,4,5,4,5,3,5,4,5,4,5,3,4,3,4,4,5,3,4,3,4,3,4,3,4,3,4,3,4,4,5,3,5,3,4,3,4,5,6,4,5,4,5,3,5,3,4,4,5,4,5,4,5,3,4,4,5,4,5,3,5,4,5,3,4,3,4,4,5,4,6,4,5,4,6,4,6,4,5,4,6,4,6,4,6,4,6,3,5,2,2,2,2,1,4,2,2,2,2,2,14,1,2,1,1,2,2,4,2,2,1,2,3,3,2,2,3,3,2,4,2,2,4,5,5,4,4,5,3,4,4,4,5,5,4,5,5,5,3,4,4,2,2,1,2,1,1,1,1,2,3,2,3,3,3,2,9,8,9,2,2,1,2,2,1,1,34,3,1,1,1,40,3400,2400,0,541301,경비지도사 특수경비 시설관리 보안 주차관리 필수적 교육 이수 사람 대신 기술 장비 대체 구조조정 점점 스트레스 증가 업무 주차 부문 자동 통제 장치 대체 경비 부문 조만간 변화 것임,마이스터
27785,4,4,4,4,3,4,2,4,4,5,5,5,4,5,4,5,3,5,2,5,4,5,4,5,4,4,3,4,2,4,3,5,2,4,2,4,2,4,1,0,5,5,3,4,4,6,2,5,2,4,3,4,5,5,5,5,4,5,5,6,5,6,4,5,5,5,4,6,5,5,4,6,4,6,3,5,2,4,2,4,2,4,2,4,2,4,1,0,4,4,4,4,4,5,4,4,4,4,4,5,4,10,1,5,1,2,0,5,5,4,4,4,5,5,5,4,4,4,4,4,3,4,4,4,3,3,3,1,3,4,4,5,4,4,3,3,3,3,3,3,4,4,2,2,2,2,2,2,2,2,2,2,3,1,1,1,1,3,6,3,6,6,4,4,6,5,1,34,4,1,1,1,48,3600,3000,0,133101,정보처리산업기사 스마트폰 대중화 증가 예정,전자공학
27786,3,3,3,3,1,0,3,3,1,0,2,2,1,0,3,3,3,3,3,2,1,0,3,2,3,3,1,0,2,2,3,3,2,1,2,2,2,3,1,0,3,3,3,3,3,3,1,0,2,2,1,0,3,2,2,2,4,2,4,2,1,0,1,0,2,2,4,4,4,2,3,2,1,0,2,2,2,2,2,2,3,4,2,3,2,2,2,2,3,2,3,2,2,2,2,3,2,2,2,2,3,1,4,1,2,2,0,7,1,3,1,1,3,3,3,3,9,9,9,3,2,4,3,3,2,3,3,3,4,4,3,4,2,3,2,3,4,4,2,3,4,4,2,2,2,2,2,2,2,2,2,2,2,3,3,3,2,7,8,7,4,3,4,6,4,5,2,58,2,2,6,1,50,0,0,4000,901201,기계로 대체,인문계
27787,3,3,4,3,2,2,3,3,1,0,1,0,3,3,2,1,3,2,2,2,1,0,3,2,2,3,3,4,5,4,3,6,3,4,2,3,5,3,3,5,3,4,3,3,2,4,4,5,4,3,5,5,1,0,1,0,3,4,1,0,1,0,1,0,2,2,2,1,1,0,1,0,3,4,2,3,1,0,1,0,1,0,2,2,2,4,3,2,4,5,1,2,3,1,4,2,3,2,4,3,2,16,5,2,1,1,4,5,4,4,4,4,4,4,4,4,4,5,4,3,2,4,4,3,4,3,3,3,3,4,3,4,4,5,4,4,4,4,4,4,4,4,2,2,2,2,2,2,2,2,2,1,2,2,2,2,2,6,5,4,5,6,5,6,5,6,2,39,4,1,3,2,40,3500,3000,0,13201,유치원 정교사 자격증 교육 관련 훈련 유치원 학생 감소 유치원 수가 감소,유아교육학
27788,3,4,4,5,1,0,4,5,1,0,4,5,3,4,1,0,3,4,3,4,4,5,1,0,4,5,4,6,4,4,1,0,1,0,3,4,4,5,4,6,4,5,1,0,4,5,1,0,1,0,4,5,4,6,3,4,4,6,4,5,4,5,4,5,4,5,4,6,4,6,4,6,3,4,5,7,3,4,4,5,3,4,2,3,3,4,3,5,4,3,4,4,4,3,4,3,3,3,4,4,4,17,1,1,1,1,3,2,4,4,4,4,4,4,3,4,9,9,4,4,2,4,4,4,3,2,2,3,4,5,4,4,3,4,4,4,5,5,4,3,4,5,2,2,2,2,2,2,2,2,2,2,2,2,2,2,1,8,2,8,2,8,2,8,2,8,1,54,5,2,5,1,40,0,0,12000,301401,전문의 실습긱관이 필요함 전산 자동화 시스템 변화,치의학
27789,2,2,2,2,1,0,1,0,1,0,1,0,4,5,1,0,1,0,1,0,1,0,1,0,1,0,1,0,1,0,2,4,2,4,2,4,2,4,1,0,1,0,2,2,2,2,2,2,1,0,1,0,1,0,4,5,2,2,2,2,2,2,2,2,1,0,4,4,1,0,5,2,4,4,1,0,3,4,2,3,1,0,1,0,3,4,3,4,4,3,3,3,4,3,3,4,3,3,4,3,4,3,1,1,1,2,0,3,4,5,4,4,5,4,4,5,4,4,5,4,4,3,4,5,4,4,4,5,4,4,5,4,4,5,4,4,4,5,4,4,4,5,2,2,2,2,2,2,2,2,2,1,1,3,3,3,2,3,5,4,5,4,5,4,5,5,2,29,3,1,1,1,40,2800,2400,0,415201,소잉디자이너 인공 지능,의상디자이너
27790,4,5,4,5,3,4,3,4,2,5,4,5,3,4,4,5,4,5,4,5,3,4,4,6,4,5,3,4,4,5,4,5,3,4,2,3,4,5,3,4,4,5,4,5,4,5,2,3,2,3,3,4,3,4,2,3,3,4,2,3,3,3,2,3,4,5,3,4,3,3,3,3,3,4,4,5,4,5,4,5,3,4,2,3,3,4,3,4,4,4,4,4,4,4,4,2,4,4,4,4,4,17,5,5,1,1,6,6,5,4,4,4,4,4,4,4,4,4,4,4,2,4,3,3,3,2,3,4,3,4,2,4,4,4,3,4,4,4,3,3,4,4,2,2,2,2,2,2,2,2,2,2,2,3,3,3,2,7,7,7,3,3,7,3,3,3,2,33,4,1,1,1,48,8300,5000,0,301108,의사국시 전문의자격증 레지던트 출산율,의예
27791,3,4,3,4,3,3,2,4,4,4,4,5,3,5,4,5,3,3,4,6,3,3,3,6,3,5,3,5,2,4,2,4,3,4,3,4,2,4,2,5,4,4,3,4,3,4,3,5,3,4,3,4,3,5,4,5,3,4,4,5,5,5,4,4,3,5,3,4,3,5,3,3,5,5,1,0,3,5,3,5,3,5,2,4,3,5,3,5,4,3,3,3,3,2,4,4,2,4,3,4,3,10,1,5,1,2,0,5,5,3,3,2,4,4,2,2,2,2,4,2,4,2,2,4,1,1,3,1,3,3,5,5,1,5,2,1,5,5,1,3,5,4,2,2,2,2,2,2,2,2,2,2,3,3,3,3,2,8,9,4,3,2,1,2,3,4,1,35,5,1,1,1,48,4900,3500,0,140503,교통산업기사 신도시 개발 사업 감소 보임,지리학
27792,2,4,2,3,2,3,2,4,3,5,3,3,4,4,3,5,3,4,4,4,4,4,3,4,4,4,3,5,3,4,4,5,2,5,3,4,4,4,4,5,3,4,4,4,4,4,4,4,4,5,3,6,4,4,4,5,3,5,4,5,4,4,4,5,3,4,3,5,4,5,3,5,4,5,3,5,4,5,5,5,3,5,3,4,4,5,4,5,4,3,5,4,4,3,4,4,3,4,4,4,3,7,4,1,2,2,0,2,2,3,4,4,3,2,3,4,9,9,5,5,3,4,4,3,4,4,3,3,4,4,3,3,4,3,2,4,5,4,4,3,4,2,2,2,2,2,2,2,2,2,2,2,2,2,2,2,1,6,5,4,7,7,7,7,3,3,2,38,2,2,6,1,40,0,0,3500,872101,경기 침체,상고
27793,2,2,3,3,2,2,3,2,2,2,3,2,1,0,4,3,3,2,2,2,2,1,3,2,4,2,1,0,4,3,4,3,2,1,2,2,2,1,4,2,3,3,4,2,3,3,4,3,2,2,3,3,4,3,4,2,3,3,4,3,2,3,3,2,4,2,4,3,3,4,4,4,2,1,4,2,3,2,2,1,1,0,1,0,2,1,3,2,2,4,3,5,4,5,3,4,3,5,3,4,4,4,1,3,1,2,0,2,4,3,5,4,4,5,5,3,4,4,5,3,4,1,3,3,5,5,2,4,3,4,5,4,3,3,5,4,2,4,5,4,3,5,2,2,2,2,2,2,2,2,2,2,4,3,3,3,2,6,8,4,7,3,3,4,4,5,1,34,3,1,1,1,40,3000,2700,0,158402,위험물기능사 산업기사 산업 재해 안전 법률 예정,소방안전
27794,4,4,3,4,4,4,3,3,3,3,3,4,3,5,4,4,3,3,3,4,3,5,3,4,3,4,3,3,3,5,3,3,3,4,4,5,3,4,3,4,3,4,3,4,4,4,3,5,3,4,3,5,4,5,3,4,3,5,4,5,4,5,3,4,3,5,3,4,4,5,3,4,4,5,3,4,4,4,4,5,4,5,4,5,4,4,4,5,4,4,4,4,3,3,4,4,4,3,3,4,4,19,1,5,2,2,0,1,4,4,4,4,4,4,4,5,4,4,5,5,4,3,3,4,4,3,3,4,4,4,4,4,4,3,3,4,4,3,3,4,4,3,1,2,2,2,2,2,2,2,1,2,2,2,3,3,1,7,7,6,4,4,4,4,6,4,1,36,3,1,1,1,40,2600,2400,0,24203,컴퓨터 시스템 개발 변화 경기 침체,마케팅
27795,4,6,4,5,3,5,3,5,3,5,2,5,2,5,2,5,2,5,3,4,2,4,5,7,3,6,3,6,3,6,1,0,2,5,3,4,5,7,4,5,3,5,3,6,3,6,1,0,1,0,3,6,1,0,2,4,1,0,1,0,1,0,1,0,1,0,2,4,1,0,2,5,1,0,1,0,1,0,2,5,3,5,1,0,2,5,2,5,4,3,4,2,2,2,2,3,2,2,2,2,2,16,5,1,2,2,0,7,5,3,2,2,4,3,3,5,4,4,4,4,3,4,3,2,3,4,4,3,4,4,3,4,3,3,4,4,4,4,3,3,3,4,2,2,2,2,2,2,2,2,2,2,2,3,3,3,2,8,6,4,4,4,4,7,4,4,1,30,4,2,6,1,50,0,0,3200,215105,자동화 일자리 감소,수학
27796,5,6,4,6,4,5,4,5,4,6,4,5,3,5,3,4,4,5,1,0,4,6,3,5,3,5,1,0,3,5,3,3,3,5,3,4,4,6,3,4,1,0,1,0,4,4,1,0,1,0,4,5,1,0,1,0,1,0,1,0,3,5,1,0,3,5,1,0,1,0,1,0,1,0,1,0,1,0,1,0,3,2,3,2,3,2,1,0,5,4,4,3,4,4,4,4,3,4,3,3,3,13,2,3,2,2,0,3,5,5,4,5,5,4,4,4,3,3,5,4,1,4,4,3,4,3,5,4,3,3,4,3,4,5,3,4,3,4,5,4,3,3,2,2,2,2,2,2,2,2,2,2,3,3,3,3,2,7,3,8,5,6,7,6,3,8,1,40,6,1,1,1,40,3800,3000,0,110102,연구원 제한 일자리,역사학
27797,4,6,5,6,4,6,4,6,5,6,4,6,4,6,5,6,5,6,4,6,5,6,4,6,4,6,5,6,5,6,4,6,4,7,5,6,4,6,5,6,5,6,4,6,5,6,4,6,4,6,5,6,5,6,4,6,5,6,5,6,4,6,4,6,4,6,4,5,4,6,5,6,4,6,4,6,4,6,4,6,4,6,4,6,4,6,4,6,4,4,4,5,4,5,4,4,5,4,4,4,5,10,1,4,2,1,3,2,5,3,4,4,4,3,4,4,3,4,4,4,2,4,3,4,3,4,3,4,3,4,4,4,3,4,3,3,2,3,3,4,3,3,2,2,2,2,2,2,2,2,2,1,3,2,2,3,2,6,4,5,4,6,6,6,5,4,1,38,4,1,1,1,40,5000,3500,0,412002,현장교육 전문 분야,신문방송학
27798,2,3,2,3,2,3,3,4,3,4,2,3,3,4,3,4,2,3,3,4,2,3,2,3,2,3,3,4,3,4,3,4,2,3,2,3,2,3,2,3,2,3,3,4,3,4,2,3,2,3,2,3,2,3,3,5,3,5,3,4,3,5,3,4,2,3,2,3,3,4,2,3,2,3,2,4,2,3,3,4,2,4,3,3,2,3,2,2,4,3,4,3,4,4,3,2,4,3,4,3,4,6,1,3,1,1,1,1,5,3,4,4,4,3,4,4,5,5,5,4,3,4,4,4,5,5,4,3,3,3,4,4,3,4,4,3,4,3,3,3,4,4,2,2,2,2,2,2,2,2,2,2,2,3,2,3,2,8,3,6,4,6,5,8,4,6,1,42,4,1,1,1,40,3800,3200,0,140206,건설안전기사 기계작동 인구 감소 경기 침체,건축학
27799,2,5,3,5,2,3,3,4,1,0,4,4,4,5,3,4,4,4,2,5,4,4,3,4,3,5,4,5,4,4,3,4,4,5,4,5,5,5,3,4,3,4,4,4,4,5,3,4,4,5,1,0,4,5,3,4,4,5,5,5,3,5,1,0,3,5,3,3,3,3,3,4,2,2,4,5,3,5,3,3,4,3,2,3,4,4,2,3,3,3,4,3,4,2,5,2,4,3,3,4,4,18,2,3,1,1,3,5,5,3,2,3,4,4,4,3,3,3,4,4,3,3,3,4,3,3,4,3,3,3,3,4,3,3,2,3,3,3,3,3,4,4,2,2,2,2,2,2,2,2,2,2,3,3,3,3,1,6,6,7,4,5,5,5,5,5,2,28,4,1,1,1,40,2900,2400,0,413102,문화재수리기능자 보존처리에 대한 꾸준한 기술교육들 문화 전반 사업 갈수록 확충 일자리 변화 크게,문화재보존학
27800,2,2,3,3,2,2,3,3,3,3,3,3,3,3,2,2,3,4,4,4,3,3,3,3,3,3,3,4,4,4,3,3,3,4,3,4,4,4,3,4,3,3,4,5,4,4,4,4,4,5,4,5,4,5,4,5,4,5,4,5,4,4,2,2,2,3,4,5,4,5,4,5,4,5,4,5,4,5,4,5,3,4,3,3,4,4,3,3,4,3,4,4,4,4,4,3,3,3,3,3,2,6,1,3,1,1,4,5,4,4,4,4,4,4,3,4,3,3,3,3,4,4,4,4,2,3,4,4,4,4,3,4,4,4,5,4,4,4,3,3,4,4,2,2,2,2,2,2,2,2,2,2,3,3,3,3,2,8,5,7,7,4,5,7,6,6,1,34,4,1,1,1,45,4500,3000,0,140201,건축기사 건축구조기술사 구조역학 변화,건축학
27801,3,5,5,6,2,4,4,5,2,3,3,5,3,4,3,4,3,5,4,6,2,3,2,3,5,7,4,6,2,3,3,4,2,3,2,3,3,4,4,5,3,4,4,5,2,3,1,0,1,0,2,3,2,3,1,0,2,3,2,2,3,4,2,3,4,6,2,3,2,2,3,4,2,3,2,2,5,6,3,4,1,0,1,0,3,5,3,4,3,4,3,2,3,4,4,3,3,3,3,4,3,13,2,2,1,1,2,6,5,3,2,2,4,2,3,3,3,3,3,3,3,3,3,4,4,4,3,2,3,3,3,4,3,3,3,3,3,3,4,2,4,4,2,1,1,2,1,1,2,1,2,2,4,3,3,3,2,7,6,4,4,3,4,3,4,6,1,33,4,1,1,1,60,5500,4000,0,621402,해기사면허증 현장직무교육을 더욱 길게 신규발령자 기준 시스템 변화 조직 변화 무량 증가 해수부 해양경찰 안전 안전 업무 국가 관심 증가,해양경찰학
27802,4,5,4,6,4,6,4,6,4,6,4,6,3,5,4,6,4,6,4,6,4,6,3,5,3,6,4,6,4,5,4,6,4,5,4,6,4,6,3,5,4,6,4,6,4,5,3,5,3,5,4,5,4,5,4,5,3,5,3,5,3,4,3,4,3,5,3,5,2,4,2,4,4,6,2,4,2,4,3,5,3,4,2,3,4,5,3,4,4,3,4,4,4,3,3,3,3,4,4,3,3,3,1,5,1,1,2,6,5,4,3,3,3,4,4,4,3,4,3,3,2,4,3,4,3,4,4,3,4,2,3,4,4,4,3,4,4,4,3,2,3,4,1,1,2,2,2,1,2,1,1,2,3,3,3,3,1,4,6,4,4,5,4,7,7,5,1,44,4,1,1,1,40,5900,3000,0,151108,조선산업기사 전산응용기계제도기능사 전산 응용 기계 제도 데이터 분석 업무 추가 전산 때문 변화,조선해양공학
27803,4,4,4,5,5,4,4,5,4,5,4,5,3,5,4,5,4,4,3,5,4,5,4,5,4,6,4,5,4,5,4,6,4,5,4,4,4,5,4,6,5,4,4,4,4,4,3,4,4,3,4,5,4,4,3,4,3,4,3,3,4,5,3,4,3,4,3,4,4,4,4,4,3,4,4,3,4,4,4,5,4,5,3,5,3,4,3,5,4,5,4,3,5,1,3,4,2,4,4,4,4,17,1,6,1,1,5,4,5,4,4,4,4,4,2,3,3,3,4,4,2,4,4,4,4,3,3,2,4,3,2,4,4,4,4,4,4,4,3,3,4,4,2,1,1,2,2,2,2,1,2,2,2,3,3,3,1,3,3,3,3,4,3,7,7,7,2,43,3,1,1,1,40,7000,3000,0,301004,면허증 간호사 보수 교육 의료 전산 장비 업그레이드 집중 일로 업무 집중 근무 휴게 불가 일반 업무 대체,간호학
27804,4,5,4,6,4,4,4,5,5,6,4,6,4,5,5,6,4,5,5,6,5,6,4,6,4,6,4,6,4,5,4,6,4,5,4,5,3,5,3,5,4,6,4,6,4,6,4,6,4,6,4,6,4,6,4,6,4,6,4,6,4,5,3,5,3,4,4,6,4,6,4,5,4,6,3,4,3,5,4,5,4,6,4,5,3,4,4,5,4,4,3,4,4,4,3,4,4,3,4,3,3,6,1,2,1,2,0,7,5,4,3,3,4,4,3,3,3,3,4,4,2,4,4,4,3,4,4,3,4,4,4,4,4,3,4,4,4,4,4,3,4,4,2,2,2,2,2,2,2,2,2,1,3,2,2,2,1,7,7,5,3,3,3,7,3,4,1,43,4,1,1,1,45,6000,3500,0,140101,건축설계사 건축,건축
27805,2,4,3,3,2,3,1,0,3,4,3,4,2,4,4,4,2,4,3,5,4,3,1,0,2,3,3,3,1,0,2,4,2,4,2,4,2,4,4,4,4,4,4,4,2,4,3,5,3,3,3,3,4,4,4,4,4,4,4,4,3,3,3,2,3,3,4,4,4,4,4,4,4,3,1,0,2,4,3,3,2,3,1,0,3,5,3,5,4,3,3,4,4,3,4,3,4,3,4,3,2,3,1,2,1,2,0,5,4,3,2,2,3,4,2,3,3,4,3,3,4,2,2,2,3,3,4,2,4,5,4,5,3,4,3,4,5,4,3,2,3,3,2,2,2,2,2,2,2,2,2,1,3,2,1,3,1,5,3,7,4,5,8,7,8,5,1,36,4,1,1,1,40,2800,1900,0,153104,전기기능사 산업기사 전기공사산업기사 기계 대체 불가,전기
27806,3,4,3,4,2,2,3,4,4,6,2,2,1,0,2,2,4,5,2,3,2,3,3,4,2,3,2,3,2,3,3,4,4,5,4,5,2,2,3,4,2,2,4,5,3,3,4,4,1,0,1,0,1,0,1,0,1,0,1,0,1,0,4,5,1,0,1,0,1,0,1,0,1,0,2,3,3,3,5,5,3,5,4,5,4,4,3,4,4,4,3,3,3,2,3,3,2,3,3,2,5,7,3,2,1,2,0,6,2,3,3,2,3,5,2,3,9,9,9,3,2,4,4,4,4,2,3,1,4,5,4,4,3,3,3,3,4,4,3,3,4,4,2,2,2,2,2,2,2,2,2,2,3,2,2,2,2,8,8,7,4,4,5,6,5,4,1,57,2,2,5,1,40,0,0,4500,612501,경매사 자격증 계속 경매 필수 인력,상고
27807,4,4,3,3,2,2,2,4,2,2,3,4,3,5,3,3,3,3,2,3,4,5,3,6,3,4,2,3,3,3,3,4,3,5,3,4,3,4,5,5,5,6,2,3,3,4,2,3,3,3,2,3,3,4,3,3,4,5,3,4,2,3,4,4,3,4,5,6,5,6,5,6,2,3,4,6,2,3,2,3,3,4,3,4,3,4,3,5,3,3,2,2,4,2,3,3,4,4,3,3,4,8,1,2,1,1,1,4,3,4,4,4,4,4,5,3,3,4,4,4,2,4,4,4,4,4,4,1,4,2,5,4,4,4,3,3,3,3,3,3,4,3,2,2,2,2,2,2,2,2,2,1,4,3,2,3,2,7,7,7,3,5,5,7,6,4,1,28,3,1,1,1,35,2520,2160,0,812101,항공정비사 면장 정비 실무 코로나 일자리 때문 이유,항공기계
27808,4,5,3,4,3,4,3,4,2,3,3,4,2,3,2,2,2,3,1,0,3,3,1,0,4,4,1,0,1,0,1,0,1,0,1,0,1,0,3,3,3,4,2,2,1,0,1,0,1,0,2,2,2,3,1,0,3,3,2,3,2,3,1,0,3,3,3,3,2,2,4,4,1,0,2,2,2,2,2,2,1,0,1,0,2,2,2,2,3,3,3,3,4,3,4,4,3,4,3,3,3,17,1,2,1,2,0,6,5,4,3,3,4,4,3,3,3,3,4,3,3,3,3,5,5,3,4,3,2,3,3,5,3,3,3,3,3,5,4,3,3,4,2,2,2,2,2,2,2,2,2,3,2,2,2,3,1,4,5,5,4,4,4,5,4,5,2,40,3,1,1,1,40,3700,2700,0,306101,임상병리사 의료 시스템 자동화,임상병리학
27809,4,5,5,5,4,5,4,5,2,3,4,5,4,5,4,5,4,5,4,6,4,5,5,6,5,6,4,3,5,7,4,6,5,6,5,5,5,5,4,5,5,5,4,3,5,3,3,3,4,3,5,5,4,3,4,5,4,4,5,4,4,5,4,4,4,3,5,5,5,4,5,4,4,4,4,4,4,4,4,5,5,6,4,5,4,3,3,4,5,5,2,4,5,1,5,3,4,4,4,5,4,15,2,6,1,1,2,5,4,5,4,4,4,5,2,3,3,3,5,4,2,5,4,5,4,4,3,2,4,4,4,4,4,4,3,4,4,5,5,4,4,3,2,2,2,2,2,2,1,2,2,2,2,3,3,3,2,4,4,4,9,8,9,3,5,5,1,26,3,1,1,1,40,3800,2800,0,250301,통신선로기능사 부사관 보수교육 양성 초급 중급 고급 과정으로 시행중 군무원 전환 직위 확대 출생 저하,정보통신부사관학
27810,3,3,5,5,2,3,2,2,1,0,1,0,1,0,5,5,4,5,1,0,1,0,1,0,3,4,1,0,1,0,1,0,1,0,1,0,2,2,1,0,2,2,1,0,1,0,1,0,1,0,1,0,1,0,1,0,3,4,3,4,1,0,2,3,4,3,3,3,4,4,3,4,1,0,3,3,3,4,3,3,4,5,3,3,4,2,2,2,5,5,5,5,5,5,5,4,3,2,4,3,2,3,1,5,2,2,0,2,2,3,3,3,2,3,3,3,2,3,3,3,2,3,3,4,2,3,5,2,4,3,3,5,3,4,1,2,3,3,4,2,3,3,2,2,2,2,2,2,2,2,2,2,3,3,3,3,2,5,6,6,7,5,7,6,7,6,1,50,2,1,1,1,40,4800,2200,0,816103,업종 사람 변화,공고
27811,3,4,3,3,3,3,2,3,4,4,4,4,4,4,3,3,4,4,1,0,1,0,1,0,2,2,4,5,1,0,1,0,1,0,1,0,2,3,2,2,4,5,2,2,2,3,1,0,1,0,1,0,4,6,4,5,1,0,5,6,5,6,1,0,4,6,3,3,3,3,3,3,1,0,1,0,1,0,1,0,1,0,1,0,2,2,1,0,4,3,3,3,4,4,4,3,3,3,3,3,3,13,1,3,2,2,0,6,4,4,4,4,4,4,4,4,4,4,4,4,2,4,4,4,3,4,4,2,2,4,3,5,4,4,4,4,4,5,3,4,4,3,2,1,2,2,2,2,2,2,2,3,3,3,3,3,1,2,2,2,3,3,5,5,3,3,2,48,4,1,1,1,40,9000,4800,0,133302,개발 환경 하드웨어 교체 커스터 마이 웹페이지 판매 개발 소프트웨어 개발 단계,미디어공학
27812,2,2,2,2,2,2,2,2,2,2,2,2,2,2,2,2,2,2,2,2,2,2,2,2,2,2,2,2,2,2,2,2,3,4,2,2,2,5,2,2,2,2,2,2,2,2,2,2,2,2,2,2,2,2,2,2,2,2,2,2,2,2,2,2,2,3,2,2,2,3,2,2,2,2,2,3,2,2,2,2,2,3,2,2,2,2,2,3,2,2,3,2,2,2,2,2,2,2,3,2,2,16,5,1,1,1,4,5,4,4,3,4,4,4,3,3,4,3,3,3,2,3,3,4,4,3,4,4,3,4,3,4,4,3,4,4,4,5,4,4,4,4,2,2,2,1,2,2,1,2,2,1,2,2,2,2,2,7,6,7,3,2,4,2,3,5,1,37,4,1,3,2,45,4800,2800,0,214201,컴퓨터프로그래머 컴퓨터에 대한 코로나 인원 구조 조정 비대 학습 방식 변화 대응 컴퓨터 사람,컴퓨터
27813,4,6,4,6,4,5,3,5,4,5,4,6,4,6,4,6,4,6,2,3,4,6,4,6,4,5,4,6,1,0,3,3,1,0,1,0,3,5,3,5,4,5,3,3,4,5,3,3,4,5,1,0,4,5,3,3,3,5,3,3,3,5,4,5,4,6,3,4,1,0,2,2,3,3,4,5,3,5,3,5,3,3,3,3,5,6,4,5,5,4,5,4,4,3,3,3,3,4,4,3,3,3,1,4,2,2,0,3,6,5,4,4,5,4,3,4,5,3,4,4,2,4,4,3,4,3,5,4,3,3,3,3,4,3,5,4,3,4,4,3,3,2,2,2,2,2,2,2,2,2,2,2,4,3,3,3,2,7,3,5,6,4,8,7,4,6,1,38,5,1,1,1,40,4100,3800,0,121102,안전 분석 산업 분야 진출 연구소 수용 인원 증가,화학공학
27814,4,5,4,5,4,5,3,5,2,5,3,6,2,4,3,4,4,4,3,5,3,4,3,4,3,5,3,5,3,4,3,4,3,4,3,4,2,3,3,5,3,4,3,4,3,4,1,0,2,2,2,2,2,3,3,3,2,3,2,3,2,3,2,3,2,3,3,4,3,4,3,4,3,4,3,4,3,4,3,4,3,4,3,4,2,4,3,3,3,3,4,2,3,4,2,3,3,3,3,2,4,13,3,2,2,2,0,4,5,3,1,1,2,2,3,3,3,3,3,3,4,1,1,3,1,1,3,4,3,5,2,4,1,1,3,3,2,3,2,2,3,4,2,2,2,2,2,2,2,2,2,2,2,3,3,3,2,7,7,7,7,7,7,6,6,6,2,29,4,1,1,1,40,2200,1980,0,222001,기술 변화 요인,행정학
27815,1,0,1,0,1,0,1,0,1,0,1,0,2,3,1,0,2,3,2,3,1,0,2,3,1,0,1,0,1,0,1,0,1,0,1,0,1,0,1,0,1,0,1,0,1,0,1,0,3,4,1,0,1,0,1,0,3,4,4,4,1,0,1,0,3,4,3,4,2,3,1,0,1,0,3,4,3,4,1,0,3,4,3,4,3,4,2,3,4,2,2,3,4,2,3,3,4,3,2,2,3,3,1,1,2,2,0,7,2,4,3,2,3,3,3,3,3,4,4,3,3,3,3,4,3,2,3,3,3,4,4,4,3,3,4,2,3,4,3,3,4,4,2,2,2,2,2,2,2,2,2,2,2,2,2,3,1,7,4,7,5,6,5,7,4,4,1,35,4,1,1,1,42,3028,2711,0,883201,자동화,일어
27816,2,2,2,3,2,2,3,3,2,3,2,3,3,3,2,3,2,2,3,3,2,3,2,2,3,4,2,2,2,3,3,4,3,3,2,3,3,3,2,3,3,4,3,3,2,3,2,2,3,4,3,3,3,4,3,4,2,2,2,2,2,3,3,3,3,4,3,3,2,3,2,3,3,4,3,5,2,3,3,3,2,3,2,2,2,5,2,3,3,2,3,3,2,2,3,3,3,2,2,2,3,3,1,2,1,1,1,1,4,3,4,4,4,3,3,3,9,3,4,3,3,4,3,3,4,4,3,3,4,3,3,4,4,3,4,4,3,3,4,4,3,4,2,2,2,2,2,2,2,2,2,2,3,2,2,2,2,4,5,6,6,3,4,6,5,4,2,38,3,1,1,1,40,3400,2800,0,884201,귀금속가공기능사 귀금속 보석 세공원 실무 교육 귀금속 관심 사람 때문,귀금속공예
27817,2,2,2,4,2,1,2,2,2,1,2,1,2,2,2,3,2,3,2,1,2,2,2,3,2,4,2,1,2,2,2,4,2,3,2,1,2,2,2,4,2,4,2,4,2,4,2,3,2,4,2,3,2,4,2,1,2,3,2,1,2,1,2,2,2,2,2,4,2,4,2,3,2,4,2,4,2,3,2,4,2,2,2,3,2,2,2,3,4,2,3,3,4,1,2,4,2,2,3,1,4,9,1,2,1,2,0,7,2,4,3,3,4,5,2,3,9,9,4,3,3,5,5,2,1,5,4,3,5,2,4,5,1,3,4,2,3,5,1,2,4,5,2,2,2,2,2,2,2,2,2,2,2,2,2,3,2,9,8,6,2,2,4,2,2,1,1,56,2,2,5,1,40,0,0,5000,531301,중식조리사 전염병 확대 외식 줄어듬,문과
27818,4,5,4,5,3,5,3,4,2,4,1,0,1,0,3,4,3,5,4,5,1,0,4,4,3,4,3,3,4,6,1,0,4,4,1,0,3,4,4,4,3,3,3,4,4,4,2,4,1,0,4,5,2,4,1,0,2,4,3,3,2,3,2,4,2,3,1,0,1,0,2,3,1,0,2,2,3,2,1,0,1,0,1,0,3,4,4,3,4,5,4,4,5,4,4,3,4,4,4,4,4,17,1,1,1,1,2,2,5,4,4,4,5,5,3,4,9,9,4,4,2,4,4,4,4,4,4,4,3,3,3,3,4,4,3,2,3,4,4,4,4,3,2,2,2,2,2,2,2,2,2,2,2,3,2,2,2,3,3,3,3,4,3,5,4,4,1,60,4,2,5,1,54,0,0,9200,303001,약사 조제 실무교육 자동화 기계로 고용 감소,약학
27819,4,4,3,4,2,2,3,4,2,5,2,2,1,0,3,4,3,4,1,0,1,0,1,0,1,0,1,0,1,0,1,0,3,3,2,4,1,0,3,3,3,3,1,0,2,3,1,0,1,0,1,0,1,0,1,0,1,0,1,0,3,4,1,0,1,0,1,0,1,0,1,0,4,4,3,3,1,0,1,0,1,0,1,0,3,4,3,3,4,3,4,2,2,4,3,3,1,2,2,2,2,11,3,2,1,1,2,2,5,3,2,2,3,3,2,2,3,2,3,3,3,2,2,2,3,3,2,4,3,5,3,4,1,1,2,3,2,4,3,1,3,4,2,2,2,2,2,2,2,2,2,2,3,3,3,3,2,5,6,4,6,4,3,2,2,5,1,37,4,1,1,1,40,3500,2900,0,32501,신용관리사 신용추심원 훈련 경제 침체 제때 제때 결제 사람,경제학
27820,4,6,4,5,4,5,4,6,4,5,4,6,1,0,3,4,2,2,1,0,2,3,1,0,2,1,1,0,2,2,4,4,4,5,4,4,3,4,4,5,5,5,4,5,2,2,1,0,1,0,1,0,1,0,1,0,1,0,1,0,3,4,2,3,1,0,1,0,1,0,1,0,1,0,1,0,1,0,1,0,1,0,1,0,3,4,3,2,2,2,2,3,2,4,2,2,2,4,4,1,2,11,1,2,1,1,1,6,5,2,1,1,4,4,3,4,4,3,4,4,2,3,3,1,1,1,3,4,1,5,2,4,1,3,4,4,4,4,3,3,4,3,2,2,2,2,2,2,2,2,2,1,4,3,2,2,1,5,5,5,5,5,5,3,3,5,1,39,4,1,3,2,45,4500,3600,0,31501,손해사정사 정보 자료분석 인력 수요 증가,경제학
27821,3,4,1,0,3,4,1,0,1,0,1,0,1,0,1,0,1,0,1,0,1,0,1,0,1,0,2,2,1,0,1,0,1,0,1,0,1,0,1,0,1,0,1,0,1,0,1,0,1,0,1,0,2,3,2,3,3,4,3,4,2,3,4,5,5,6,3,4,3,4,3,4,1,0,3,4,4,5,2,2,1,0,1,0,3,4,1,0,3,4,3,4,3,3,3,4,3,4,3,3,3,19,1,3,2,2,0,2,2,2,3,2,3,4,3,3,4,3,3,3,2,2,2,2,3,2,3,2,2,2,2,2,3,3,3,4,3,3,2,3,3,4,2,2,2,2,2,2,2,2,2,2,3,2,3,3,2,6,4,5,3,4,3,6,5,6,1,33,2,1,1,1,40,3200,2600,0,835201,사람 조작,인문계
27822,2,2,2,1,2,1,2,2,1,0,1,0,1,0,2,3,3,2,2,2,1,0,2,3,4,3,2,3,1,0,3,3,1,0,1,0,2,1,3,2,3,3,3,3,2,3,2,2,2,3,3,3,2,3,1,0,2,3,3,2,2,2,1,0,2,4,3,2,1,0,2,2,1,0,2,2,1,0,3,3,2,2,1,0,4,3,3,3,4,2,3,3,2,3,4,3,2,2,3,2,3,3,1,6,2,1,2,2,2,3,4,2,4,4,2,3,3,2,4,4,3,4,4,3,2,4,1,3,3,5,4,3,4,2,3,4,2,3,4,1,3,3,2,2,2,2,2,2,2,2,2,2,2,3,3,3,2,8,8,6,5,4,4,6,7,6,1,36,2,1,1,1,40,3300,2600,0,826201,점토생산기계 조작훈련 자동화 일자리 감소,문과
27823,1,0,1,0,1,0,1,0,1,0,1,0,1,0,1,0,1,0,1,0,1,0,1,0,1,0,1,0,1,0,1,0,1,0,1,0,1,0,1,0,1,0,2,3,2,3,3,4,4,5,1,0,2,3,2,3,2,3,1,0,1,0,2,3,1,0,2,3,2,3,2,3,1,0,2,3,3,4,1,0,4,5,4,5,3,4,3,4,3,3,4,3,2,2,4,2,3,2,2,3,2,1,1,2,1,1,2,2,3,2,3,3,4,4,3,3,3,3,3,3,3,4,3,3,2,2,4,4,3,4,2,5,4,3,3,3,3,4,3,2,4,4,2,2,2,2,2,2,2,2,2,2,3,3,3,3,2,7,7,7,4,3,4,3,3,3,1,43,2,2,5,1,40,0,0,4500,901401,임업종묘 기능사 화훼작물 재배 실무 변동,인문계
27824,4,5,3,4,2,3,3,4,3,5,3,4,3,5,2,3,3,3,2,3,3,4,3,4,2,3,2,2,3,4,3,3,3,5,3,4,2,3,3,5,3,4,2,3,1,0,2,3,3,3,2,3,3,4,2,3,3,4,2,3,3,4,2,3,3,3,2,3,2,4,3,3,2,3,3,3,2,3,2,3,2,3,2,2,3,4,3,3,4,3,3,3,4,3,2,4,3,3,4,2,3,10,3,2,2,2,0,2,4,3,4,4,2,3,2,2,3,3,4,3,3,3,2,4,3,3,4,3,3,5,3,4,3,3,4,4,3,5,4,3,4,4,2,2,2,2,2,2,2,2,2,2,3,3,3,3,2,3,4,6,4,6,5,3,3,5,1,36,4,1,1,1,40,3900,2500,0,133205,모바일 산업,컴퓨터소프트웨어
27825,3,3,2,3,2,2,4,4,2,2,2,3,3,1,2,2,3,1,3,2,1,0,2,2,3,3,2,1,2,3,3,2,3,2,2,1,1,0,3,3,2,2,2,1,1,0,1,0,1,0,1,0,2,2,1,0,2,2,1,0,2,1,3,3,1,0,1,0,1,0,1,0,1,0,2,2,2,1,3,2,2,1,2,2,3,4,2,3,3,2,3,3,3,2,3,2,3,3,2,1,2,7,1,2,2,2,0,3,2,2,3,3,3,4,4,4,4,3,3,4,4,3,3,2,3,3,2,4,3,3,3,3,2,4,3,3,2,2,4,3,3,4,2,2,2,2,2,2,2,2,2,1,2,3,3,3,2,3,4,5,6,8,6,3,4,6,1,33,4,1,2,2,40,3500,2300,0,615203,오프라인 시장 감소,화학
27826,1,0,3,4,1,0,3,4,4,4,3,4,4,5,3,4,4,4,5,5,1,0,1,0,3,4,3,4,3,4,3,4,1,0,1,0,2,2,4,5,4,5,4,5,4,5,4,5,4,5,4,5,5,5,5,6,5,6,5,5,4,5,4,5,5,5,5,6,5,5,5,5,4,4,5,5,4,5,4,5,5,5,5,5,5,4,4,4,4,1,4,4,4,1,3,3,3,4,3,3,3,6,1,2,2,2,0,1,2,3,1,2,3,3,3,5,5,9,5,5,3,3,3,5,5,5,5,3,5,3,3,4,4,3,3,3,3,4,3,3,4,4,2,1,1,2,1,2,2,1,1,2,2,2,2,2,2,9,5,6,6,6,6,8,8,8,1,74,2,2,5,1,48,0,0,10000,826401,사람 첨단 기능 기계 대체로 조직 축소 기계로 생산 향상 이바지 업종 향후 일자리 감소,기계공고
27827,2,3,3,4,3,4,2,3,3,4,3,5,2,3,2,3,3,4,3,5,2,3,2,3,3,4,2,3,3,4,3,4,3,5,2,3,2,3,3,4,2,3,3,5,3,4,2,3,2,3,3,4,3,4,3,5,3,4,2,3,3,4,2,3,3,4,3,5,3,4,2,3,2,3,3,4,3,4,3,4,3,4,2,3,3,4,3,4,4,3,3,3,3,2,4,2,2,3,4,3,3,3,1,4,2,2,0,5,4,4,3,3,4,3,2,4,3,3,4,4,2,3,3,4,4,3,3,2,3,3,3,4,3,2,3,3,3,4,3,3,4,3,2,2,2,2,2,2,2,2,2,3,2,3,3,3,2,5,5,5,5,5,5,5,5,5,1,36,3,1,1,1,48,4800,3100,0,817201,자동화 인공 지능 대체,의류학
27828,4,4,4,4,3,3,2,3,2,3,4,3,1,0,4,5,3,3,4,3,3,3,4,4,3,4,1,0,1,0,3,4,1,0,1,0,1,0,3,3,3,3,2,3,2,2,1,0,3,3,1,0,4,4,1,0,3,3,3,2,4,4,1,0,3,3,4,4,4,3,3,3,1,0,3,2,3,3,4,5,1,0,3,3,4,3,3,2,3,3,2,3,1,3,2,4,1,4,3,4,3,13,1,2,2,2,0,7,2,3,2,2,3,3,2,2,3,3,3,3,2,4,3,4,3,2,2,3,4,5,3,3,2,3,4,4,4,5,2,2,4,3,2,2,2,2,2,2,2,2,2,2,4,3,3,3,2,5,5,6,4,5,5,6,5,5,1,30,3,1,1,1,40,3000,2600,0,155203,신생 에너지 분야 일자리 면서 에너지 시험 증가,에너지공학
27829,4,5,4,6,3,4,2,4,3,5,3,5,3,5,2,4,4,6,3,5,3,5,3,5,3,5,2,5,2,5,2,4,2,4,3,5,2,4,2,4,4,6,3,5,2,4,2,4,2,4,3,5,3,5,3,5,3,5,3,5,2,5,3,5,3,5,3,5,3,5,3,5,4,6,3,5,3,5,3,5,3,5,3,5,5,6,2,3,5,4,4,3,4,3,3,3,4,3,3,3,4,15,2,4,1,2,0,2,5,4,5,4,5,4,4,4,3,3,4,4,2,5,4,3,4,4,3,5,4,3,4,3,4,4,3,5,4,3,4,5,4,3,2,2,2,2,2,2,2,2,2,1,4,3,3,3,1,7,4,6,4,4,6,7,4,4,1,45,4,1,1,1,40,4200,4200,0,140602,지적산업기사 지적기능사 측량 지형공간정보기술사 측량 기술 융합 공간 정보 활용 매우,도시공학
27830,5,7,5,7,5,7,5,7,4,5,4,5,4,5,4,5,4,5,3,3,2,3,2,3,2,3,3,4,3,4,2,3,2,3,2,3,2,2,2,2,3,5,2,2,2,3,2,2,2,2,2,2,2,4,1,0,1,0,1,0,2,2,2,2,2,3,1,0,1,0,1,0,2,3,2,2,1,0,1,0,1,0,1,0,2,3,2,3,4,4,4,4,4,3,4,4,4,5,4,4,4,13,2,5,2,2,0,5,6,4,4,4,4,4,3,4,4,4,4,4,2,3,3,3,3,2,3,2,2,3,4,4,4,3,3,2,3,2,3,3,3,4,2,2,2,2,2,2,2,2,2,2,4,3,3,3,1,5,4,4,3,4,4,4,4,3,2,32,5,1,1,1,50,4000,3000,0,121102,기초과학 분야 국가 지원이 분야,화학
27831,3,4,3,4,1,0,2,2,1,0,2,3,1,0,1,0,3,4,1,0,1,0,3,4,3,4,3,4,2,4,3,4,1,0,2,3,3,3,3,3,3,3,3,3,3,3,2,3,3,3,2,3,3,3,1,0,5,5,1,0,1,0,1,0,3,4,3,4,3,3,2,3,1,0,4,4,2,3,3,3,3,3,3,3,3,5,3,3,4,3,3,3,5,2,3,3,3,2,3,4,4,9,1,2,1,1,1,7,1,3,3,3,4,4,3,2,3,3,4,3,3,4,3,5,4,2,4,3,2,4,3,4,3,4,5,3,4,5,3,3,4,3,2,2,2,2,2,2,2,2,2,1,4,2,2,2,2,8,7,6,3,3,4,6,4,6,1,27,2,1,1,1,50,3000,2400,0,531501,일식조리기능사 손님응대교육 외식 시장 성장 계속 것이므,인문계
27832,3,2,2,2,3,2,4,3,4,2,4,2,4,2,4,2,4,2,2,2,3,2,3,2,3,2,4,2,3,2,4,2,4,2,3,2,4,2,4,3,3,2,4,2,4,2,4,2,4,2,4,2,3,2,4,3,3,2,3,2,4,2,3,2,4,2,4,2,4,2,4,2,4,2,3,2,4,2,4,2,4,3,4,3,4,3,4,5,3,4,2,2,3,4,2,4,4,2,3,2,4,19,4,1,2,2,0,5,2,3,2,2,4,3,3,3,9,9,9,3,2,4,4,2,4,4,2,3,2,3,4,4,2,4,3,4,3,4,3,3,5,2,2,2,2,2,2,2,2,2,2,2,1,2,2,2,2,2,6,3,2,3,6,2,3,5,2,58,2,2,6,1,40,0,0,2500,863401,사람,문과
27833,3,4,3,4,3,4,3,4,4,5,2,3,2,2,2,2,3,4,2,2,2,2,3,4,2,2,2,2,2,3,2,2,1,0,2,3,3,4,2,2,2,3,2,2,2,3,2,2,4,5,2,3,2,2,1,0,1,0,1,0,4,5,3,4,2,3,2,3,2,2,2,3,2,2,2,3,2,3,2,2,2,2,3,4,2,3,3,4,3,4,3,2,3,2,3,2,3,2,3,4,3,6,1,2,2,2,0,2,5,3,4,3,2,3,3,3,4,4,4,4,3,4,3,3,4,2,3,4,3,3,4,4,3,2,3,4,3,4,4,4,3,4,2,2,2,2,2,2,2,2,2,1,2,2,2,2,2,3,6,5,4,6,6,7,3,4,1,34,4,1,1,1,40,3100,2300,0,26301,경기 악화,경영학
27834,5,7,5,7,5,6,5,6,5,6,5,6,4,6,5,6,5,7,5,7,4,6,5,7,5,6,3,5,3,3,3,4,3,5,4,5,4,5,4,6,5,6,4,6,5,6,4,5,4,5,4,6,4,6,4,6,5,6,5,7,4,5,5,6,5,7,5,6,5,6,4,5,4,6,5,6,5,7,5,6,4,6,4,6,4,5,5,6,3,3,3,2,3,3,4,3,3,3,3,3,3,15,2,5,2,2,0,5,6,3,3,3,4,4,4,3,3,3,4,4,3,3,3,3,3,3,3,3,3,3,4,3,3,3,3,3,3,3,4,2,3,5,2,2,2,2,2,2,2,2,2,2,4,3,3,3,2,3,4,5,4,5,5,4,5,5,1,34,5,1,1,1,48,4000,2800,0,155103,풍력 발전 결합 융합 에너지 발전,에너지공학
27835,2,3,2,3,2,3,2,3,2,2,1,0,1,0,5,5,3,4,1,0,1,0,3,4,2,3,1,0,1,0,3,3,1,0,1,0,2,3,1,0,2,3,1,0,1,0,1,0,2,4,1,0,2,3,1,0,4,4,2,3,1,0,1,0,4,4,3,4,1,0,2,3,1,0,4,4,2,4,2,4,3,5,3,5,2,3,2,2,1,1,2,2,2,1,1,3,1,1,1,3,1,6,1,2,2,2,0,3,1,3,1,1,2,3,2,3,2,3,3,3,2,3,3,3,3,2,2,3,4,4,4,4,4,3,2,3,5,5,3,2,5,5,2,2,2,2,2,2,2,2,2,1,4,3,2,2,2,5,7,7,6,6,5,7,4,4,1,47,4,1,1,1,42,3700,2400,0,701601,경기 침체 폐업 자리 가게,산업공학
27836,2,5,3,5,1,0,3,5,2,4,3,5,2,5,3,4,4,5,3,4,3,4,3,4,4,5,4,5,3,4,3,4,3,4,2,2,3,4,3,4,3,4,3,4,3,4,3,4,3,4,3,4,3,4,3,4,3,4,2,2,4,5,3,4,3,4,3,4,3,5,4,5,3,4,3,4,3,4,3,4,3,4,3,4,4,5,4,5,4,3,3,3,3,3,3,2,3,3,3,3,3,17,1,1,1,1,1,2,5,3,3,3,4,4,2,3,9,9,9,3,3,3,2,3,3,3,3,3,3,3,3,3,3,3,3,3,3,3,3,3,3,3,2,2,2,2,2,2,2,2,2,2,2,2,2,2,2,3,3,3,6,5,4,5,5,5,2,32,4,2,5,1,44,0,0,4000,303001,약사 고객응대와 처방전에 대한 전산처리 다한 졸업생 배출 업계 포화,약학
27837,3,5,2,4,1,0,1,0,4,5,1,0,2,3,4,3,3,3,2,4,3,3,4,3,3,3,1,0,1,0,3,3,1,0,1,0,2,4,1,0,4,5,2,3,1,0,3,3,2,3,1,0,4,5,3,3,4,4,2,3,2,3,2,3,4,4,3,3,2,2,2,3,1,0,4,4,5,6,4,4,1,0,1,0,3,2,1,0,4,2,4,3,5,4,4,2,2,5,4,3,2,6,1,2,1,2,0,3,5,3,5,4,5,3,4,4,3,5,4,3,4,2,4,4,3,5,5,4,2,2,4,3,5,4,5,4,3,4,4,3,2,4,2,2,2,2,2,2,2,2,2,2,3,3,3,3,2,4,3,5,7,6,5,7,4,6,1,39,4,1,1,1,40,4000,3300,0,140601,측량기사 측량지형정보기술사 건설업 부진 유지,토목
27838,3,4,4,5,4,4,3,4,2,4,3,4,2,3,4,5,3,4,3,4,2,3,3,3,3,2,4,5,2,3,2,4,3,4,2,2,2,4,4,5,4,4,3,4,4,4,1,0,2,2,5,5,2,4,2,3,2,2,1,0,3,3,3,3,1,0,1,0,1,0,1,0,3,4,1,0,1,0,1,0,1,0,1,0,2,2,2,2,2,4,2,2,3,4,4,1,4,2,4,5,2,15,2,4,1,1,3,3,2,4,2,2,4,2,2,2,2,2,3,2,4,2,2,4,4,2,4,2,2,4,2,4,2,2,2,4,3,4,3,3,4,4,2,2,2,1,1,2,2,2,2,4,3,3,3,3,1,7,7,7,3,3,4,3,3,6,1,35,4,1,1,1,40,2700,2200,0,25301,국가직공무원 업무 특성파악 업무 배치 경직 공무원 문화,행정학과
27839,3,5,3,5,3,5,3,5,4,5,3,4,3,5,3,4,3,5,3,5,4,5,4,6,5,6,4,5,2,3,3,4,1,0,3,5,3,4,1,0,3,4,4,5,2,4,1,0,4,4,4,4,4,4,4,5,3,5,4,6,5,6,5,6,4,5,5,6,4,6,4,5,4,5,2,3,3,4,3,4,2,3,2,3,3,3,2,3,4,3,3,3,4,4,3,4,3,4,3,3,3,16,5,4,2,1,2,1,2,3,3,3,4,3,4,3,3,4,4,3,3,3,2,4,2,2,2,1,2,3,4,4,3,3,3,3,3,4,2,3,4,3,2,2,2,2,2,2,2,2,2,3,2,2,2,2,1,5,5,5,5,5,5,3,3,5,1,39,4,1,1,1,48,3100,2900,0,134303,디바이스 시스템 관련 교육 자동화 인력 수요 감소,컴퓨터프로그래밍학
27840,2,3,4,4,2,3,4,5,2,4,4,5,5,4,4,4,2,4,3,5,3,5,4,4,4,3,4,4,4,5,4,5,3,4,4,4,4,5,4,4,3,4,4,5,4,4,4,5,4,5,4,4,3,4,4,5,4,5,5,5,4,5,4,5,4,4,4,5,4,4,5,4,4,4,5,5,4,4,5,5,5,7,4,4,4,4,4,4,4,3,1,3,3,1,3,5,2,4,3,3,3,3,1,4,2,1,1,1,2,3,1,1,3,4,2,3,3,4,5,4,2,4,4,5,4,3,4,1,4,4,1,5,5,4,2,4,4,5,4,4,5,5,2,2,2,2,2,2,2,2,2,3,2,3,2,2,1,9,6,7,3,7,8,7,5,7,1,48,4,1,1,1,45,4200,2300,0,16301,안전교육 자동화 설비 때문,기계공학
27841,4,4,4,5,3,5,4,4,4,5,3,4,3,5,4,5,4,5,4,4,4,5,3,4,4,5,3,4,3,4,4,5,4,5,3,4,4,5,3,5,3,4,4,4,4,5,4,5,4,4,4,4,3,5,4,5,4,4,3,4,4,4,4,5,4,5,3,5,4,4,4,5,4,4,3,5,4,4,4,5,3,5,3,4,3,4,3,4,4,3,4,3,3,3,3,3,3,4,3,3,3,3,1,6,1,2,0,3,4,2,3,3,4,4,4,3,4,4,3,4,3,2,4,4,3,4,3,3,4,3,3,4,4,5,5,4,4,4,5,5,4,4,2,2,2,2,2,2,2,2,2,2,3,1,2,2,1,7,6,5,6,5,6,4,5,5,1,38,4,1,1,1,40,5800,3000,0,154101,화공기술사 일자리 한정,화학
27842,2,2,3,3,3,3,5,6,4,5,4,4,3,3,3,3,4,4,2,2,3,3,3,3,3,3,3,4,3,3,3,5,2,2,4,4,2,2,5,6,4,5,4,6,4,5,3,4,1,0,4,5,1,0,1,0,1,0,1,0,3,2,1,0,1,0,1,0,1,0,1,0,1,0,1,0,2,2,2,2,3,3,3,5,4,5,3,4,4,3,3,4,3,3,3,4,3,3,4,3,3,19,1,2,2,2,0,7,1,4,4,3,4,3,3,4,9,4,4,4,3,4,4,4,4,4,4,3,4,4,3,4,4,3,4,3,4,4,4,3,4,4,2,2,2,2,2,2,2,2,2,1,3,2,3,3,1,8,8,5,2,2,5,8,5,5,1,31,2,1,1,1,56,3500,2100,0,612301,온라인 펀매등 판매 방법 다양성,마이스터고
27843,2,3,3,3,3,4,4,5,3,3,3,3,5,5,2,2,5,4,2,3,2,3,2,2,2,3,4,4,5,5,4,3,5,6,4,4,3,2,3,3,4,3,3,3,4,4,2,3,3,3,4,4,2,3,2,2,4,4,3,2,2,3,2,3,3,3,1,0,1,0,1,0,3,3,2,3,3,3,4,4,2,3,3,3,4,4,3,3,2,4,3,2,4,1,2,5,3,3,5,1,4,18,1,1,2,2,0,4,4,4,3,2,2,4,3,4,3,3,4,4,2,3,2,4,4,3,4,3,3,4,4,4,3,3,4,3,3,4,3,3,3,5,2,2,2,2,2,2,2,2,2,2,1,2,2,2,2,7,5,6,4,5,6,3,6,4,1,37,3,1,1,1,40,2000,1700,0,420403,전체 인구 감소 경기 침체,기계
27844,3,3,4,5,3,4,3,3,1,0,1,0,1,0,3,2,3,4,1,0,1,0,3,4,3,4,4,5,4,5,3,3,3,4,1,0,3,2,3,4,4,5,3,3,3,3,1,0,3,4,3,3,4,5,3,2,3,4,1,0,1,0,3,4,4,5,3,3,3,4,4,5,3,3,1,0,4,5,3,3,3,4,3,4,3,2,3,2,3,4,2,5,4,3,4,4,2,4,5,3,2,17,1,5,2,2,0,7,4,5,4,4,5,4,2,5,3,3,4,3,2,4,3,4,2,3,2,4,3,3,2,5,3,3,2,3,4,5,2,2,4,4,2,2,2,2,2,2,2,2,2,1,4,1,1,3,1,6,4,5,4,4,5,4,3,6,1,50,3,1,1,1,56,5200,2800,0,306201,영향 요소,방사선
27845,2,2,2,3,1,0,1,0,2,3,1,0,2,4,1,0,1,0,1,0,1,0,1,0,2,2,1,0,2,2,2,2,1,0,3,3,1,0,2,3,3,3,2,2,3,3,2,2,4,2,1,0,1,0,1,0,1,0,1,0,1,0,3,3,1,0,1,0,1,0,1,0,1,0,2,2,3,3,1,0,3,3,3,3,1,0,1,0,3,4,2,3,3,2,3,3,2,2,3,2,3,9,1,2,1,1,2,2,3,2,3,3,4,3,3,3,3,3,3,3,2,3,3,3,3,1,4,4,3,4,3,4,3,2,2,2,3,3,3,3,3,4,2,2,2,2,2,2,2,2,2,2,3,3,3,2,2,9,8,6,7,3,2,5,3,5,1,28,3,1,1,1,40,2500,1800,0,531401,양식조리사 양식조리사훈련 외식 업체 증가,조리학과
27846,2,2,3,4,1,0,2,3,1,0,1,0,1,0,2,3,2,4,3,4,1,0,2,3,2,4,1,0,3,4,3,4,1,0,2,3,1,0,5,4,3,3,2,3,3,4,2,3,3,4,1,0,1,0,1,0,3,4,1,0,1,0,1,0,1,0,2,3,1,0,1,0,1,0,3,4,3,4,1,0,3,4,3,4,2,4,2,3,3,4,4,1,2,1,2,3,3,1,1,2,5,19,4,1,2,2,0,7,1,2,2,1,4,3,3,2,9,9,9,2,3,3,2,3,3,2,4,4,2,3,2,4,2,2,2,3,4,5,4,3,4,4,2,2,2,2,2,2,2,2,2,1,4,2,2,2,2,8,7,7,3,3,4,4,3,6,2,62,2,1,4,2,30,2000,1600,0,561601,맞벌이 부부 증가 계속,인문계고등학교
27847,3,4,4,4,2,3,3,5,3,5,2,3,4,5,3,5,3,4,4,5,3,4,2,4,5,5,3,4,2,3,3,4,2,3,2,2,2,4,3,4,3,5,5,5,3,4,3,3,2,3,2,3,3,5,4,5,3,5,3,4,2,3,2,3,3,4,4,5,3,5,4,5,3,4,5,3,5,5,5,5,3,4,3,3,3,5,5,4,5,4,4,3,5,1,2,5,3,3,4,3,5,13,1,2,1,2,0,2,4,4,3,4,4,4,4,3,4,3,4,4,3,2,3,3,2,3,3,2,3,3,2,4,3,4,3,4,3,4,2,3,3,3,2,2,2,2,2,2,2,2,2,2,4,3,3,3,2,4,4,5,7,5,5,4,7,6,1,30,4,1,1,1,40,3000,3000,0,416501,방송통신 산업기사 문화 여자 대한 관심,음향
27848,5,7,4,6,4,6,4,6,4,6,4,6,2,3,4,6,4,6,2,3,1,0,5,7,5,7,4,6,5,7,4,5,4,6,5,7,4,6,5,7,4,5,4,6,4,6,4,6,2,3,4,6,2,3,1,0,1,0,1,0,3,5,1,0,2,3,1,0,1,0,1,0,5,7,1,0,1,0,2,3,2,2,1,0,2,2,2,3,3,5,3,4,5,4,5,4,2,4,5,4,3,16,5,2,1,2,0,5,5,4,4,3,4,4,3,4,9,9,5,4,2,5,5,3,3,4,4,3,5,5,5,4,4,2,2,3,4,4,3,2,4,5,2,2,2,2,2,2,2,2,2,2,2,2,2,2,1,7,3,8,2,2,7,2,3,7,2,51,4,2,5,1,40,0,0,5000,13201,정교사1급 원격 수업 도입 업무,유아교육학
27849,2,2,3,4,1,0,2,2,1,0,1,0,1,0,2,1,2,2,1,0,1,0,2,2,3,4,2,3,2,3,3,4,2,3,3,3,3,3,2,3,2,3,3,3,2,3,2,3,3,3,2,3,2,3,3,2,2,3,2,1,1,0,2,3,1,0,2,2,2,1,1,0,2,2,3,4,3,2,1,0,3,4,2,2,2,2,2,1,3,2,2,2,3,1,2,3,2,1,3,3,2,6,1,2,2,2,0,7,4,3,3,3,4,4,3,3,9,9,9,3,2,3,3,3,2,2,3,3,4,3,3,3,2,3,4,3,3,3,3,3,3,3,2,2,2,2,2,2,2,2,2,1,3,3,2,3,2,8,7,6,6,7,6,3,4,5,1,32,2,1,1,1,52,3800,3600,0,702401,기계 대체 불가,기계
27850,4,4,2,5,2,3,3,3,4,6,3,5,1,0,3,4,2,3,2,2,1,0,2,3,3,3,2,2,1,0,2,1,1,0,1,0,3,3,1,0,1,0,2,2,3,4,3,3,3,2,1,0,1,0,4,2,3,2,3,3,4,5,4,4,1,0,3,3,3,3,3,4,4,2,3,4,3,4,3,3,3,3,3,3,3,4,3,4,2,3,4,3,4,2,4,3,3,4,4,3,3,3,1,3,2,2,0,3,5,3,3,3,3,3,3,4,3,4,4,4,3,3,4,2,3,4,4,3,3,4,3,4,4,3,4,4,4,4,4,3,4,3,2,2,2,2,2,2,2,2,2,1,4,3,3,3,2,4,4,4,6,6,5,7,3,5,1,39,4,1,1,1,40,4500,3600,0,155203,에너지 수급 증가,신재생에너지
27851,2,2,1,0,1,0,2,2,1,0,1,0,2,2,3,3,3,2,3,2,1,0,1,0,2,2,3,2,2,2,1,0,1,0,1,0,3,4,1,0,2,2,1,0,3,3,2,2,2,2,2,2,1,0,2,2,2,2,1,0,2,2,1,0,2,2,2,2,4,5,3,4,2,2,2,2,1,0,1,0,1,0,1,0,3,3,2,3,4,3,4,4,3,4,3,4,3,4,4,3,3,10,1,4,2,2,0,5,4,3,2,2,4,4,3,4,3,3,3,3,3,3,3,3,2,2,2,1,2,3,4,4,2,3,3,3,3,4,1,2,4,3,2,1,2,2,2,2,2,2,2,1,3,3,3,3,1,8,8,8,5,5,5,3,3,5,1,29,3,1,1,1,48,2800,2300,0,135001,문제 탐색 분석 종합 솔루션 프로그램 도입 정보보안 중요성 시장 확대 상태,컴퓨터
27852,4,5,4,5,3,4,5,7,2,2,3,4,2,3,2,2,4,5,4,5,3,4,4,5,3,4,4,5,3,4,4,5,3,4,2,3,4,5,3,4,3,4,2,3,2,2,1,0,1,0,1,0,1,0,1,0,1,0,1,0,2,2,1,0,1,0,1,0,1,0,1,0,1,0,1,0,1,0,1,0,3,4,4,5,4,5,4,5,3,4,3,3,4,3,3,4,3,3,4,4,3,16,5,2,2,2,0,5,2,4,3,3,4,4,3,2,3,3,3,3,2,4,4,2,3,2,2,4,4,5,2,5,4,4,5,4,4,5,4,4,5,4,2,2,2,2,2,2,2,2,2,2,3,2,2,2,1,3,2,3,2,2,3,7,3,2,2,36,2,1,2,2,40,2900,1800,0,521303,관광 안내 직종 선호 직종,문과
27853,3,4,3,4,3,4,3,4,3,4,3,4,4,5,4,5,3,5,4,5,3,4,3,4,3,5,3,5,2,3,2,3,4,5,2,3,3,4,3,4,3,6,4,6,4,6,3,4,2,3,4,5,4,5,4,5,4,5,3,4,3,4,3,4,4,4,3,5,4,5,4,5,4,5,4,5,4,5,4,5,3,5,3,4,2,4,2,4,3,4,3,2,4,3,3,3,4,4,4,4,3,6,1,2,1,2,0,7,5,3,3,3,4,5,4,3,4,3,3,3,3,4,3,2,3,4,3,3,4,3,3,3,4,3,2,4,4,4,3,2,3,3,2,2,2,2,2,2,2,2,2,2,4,2,2,3,1,7,3,5,6,4,5,6,3,4,1,40,5,1,1,1,45,6700,3600,0,140502,교통기술사 도로 교통 통제 흐름 대한 분석 연구 필요,도로공학
27854,4,6,4,6,4,6,4,6,4,6,5,6,4,5,4,6,4,5,4,5,4,5,4,6,4,6,4,5,4,5,4,5,4,6,4,6,4,6,4,6,4,5,4,6,4,5,5,6,3,5,4,6,4,5,4,5,4,6,4,6,4,6,4,6,4,5,4,5,4,6,4,5,4,5,4,6,4,5,4,6,4,5,4,5,4,5,4,6,4,4,4,3,4,4,4,4,4,3,4,4,4,17,1,2,1,2,0,5,5,3,4,4,4,4,4,4,4,5,4,4,4,3,4,4,3,4,4,3,4,4,4,4,4,3,4,4,4,5,4,4,4,4,2,2,2,2,2,2,2,2,2,1,4,3,3,3,1,7,6,5,7,7,8,8,6,7,1,37,3,2,5,1,40,0,0,6000,302001,수의사 반려동물 구가 예방접종 치료 건강 담당 수의사 증가,수의학
27855,4,5,4,5,3,4,4,5,2,2,2,2,3,3,3,4,4,5,2,2,2,1,3,3,3,4,2,2,4,5,3,4,2,2,3,4,3,3,3,4,4,5,3,4,4,5,2,2,3,3,3,4,2,2,2,2,2,1,3,3,4,5,2,2,3,4,3,3,2,2,2,3,2,2,2,2,2,3,2,2,2,3,3,4,3,3,3,3,4,3,3,2,3,4,3,4,2,4,3,2,4,18,1,4,2,2,0,3,2,3,4,4,4,4,2,3,2,4,4,3,2,4,3,2,3,4,3,3,2,2,4,4,3,3,2,2,3,4,3,2,4,4,2,2,2,2,2,2,2,2,2,1,4,2,2,2,1,4,3,6,5,4,5,4,3,2,2,41,4,1,1,1,53,2700,2400,0,521201,머리 희망,일본어
27856,3,6,3,6,3,5,2,4,4,5,3,6,3,4,3,6,2,5,5,5,3,6,3,5,2,5,3,5,2,4,2,4,2,4,3,5,3,5,2,3,4,5,4,4,3,5,3,5,3,5,4,5,5,5,5,4,4,4,3,6,5,5,4,6,4,6,4,5,3,5,4,5,4,5,2,5,2,5,1,0,1,0,1,0,2,4,1,0,5,5,3,3,3,3,4,2,3,4,4,4,3,6,1,2,1,2,0,4,4,4,3,2,4,4,3,3,2,3,4,3,2,3,3,3,2,1,3,1,4,3,4,5,3,4,2,2,5,5,3,3,5,5,2,1,1,1,1,1,2,2,2,2,3,3,3,3,1,3,3,1,4,3,4,2,3,5,1,40,4,1,1,1,45,4600,3000,0,140602,공간정보기술사 구축 시스템 상향 데이터베이스 사용자 인터페이스 종합 파악 시스템 구조 설계 정보 제공 분야 공공 민간 수요 증가,정보통신공학
27857,1,0,1,0,1,0,1,0,2,2,2,2,1,0,1,0,2,3,3,3,2,2,1,0,4,3,4,3,3,3,4,4,4,3,4,3,2,3,3,2,3,2,3,3,2,3,2,2,3,3,3,2,4,4,4,4,4,4,4,4,4,3,4,3,5,4,5,4,5,4,2,3,4,3,4,4,4,3,4,3,4,3,2,2,3,3,3,2,3,3,4,3,3,2,3,3,2,2,4,1,3,6,1,2,1,1,4,3,2,3,2,3,4,4,2,3,3,3,4,3,3,3,3,3,3,3,3,3,3,4,3,4,3,3,3,4,4,4,4,4,4,3,2,2,2,2,2,2,2,2,2,1,3,3,3,3,2,7,7,7,4,4,4,5,5,4,1,58,2,1,1,1,52,3800,3100,0,701101,철근 기능사 특수용접 기능사 특수용접 실무 교육 재건축 시장 모델링 화가 진행 인력 시장 안정화,건축토목
27858,3,4,3,3,3,4,4,4,2,1,2,3,1,0,4,5,3,3,3,3,3,3,1,0,3,3,3,3,3,3,3,3,1,0,1,0,3,4,3,4,1,0,2,2,3,2,1,0,1,0,2,2,1,0,1,0,1,0,1,0,4,3,1,0,1,0,1,0,1,0,1,0,2,2,1,0,1,0,1,0,3,2,2,2,3,2,3,2,1,3,1,3,4,2,4,1,1,1,3,4,2,15,2,4,2,2,0,7,2,4,3,3,4,3,2,4,4,5,5,4,2,3,3,4,4,4,3,2,4,3,4,3,4,4,3,4,5,5,4,2,4,3,2,2,2,2,2,2,2,2,2,1,2,3,2,3,2,5,8,5,2,5,5,5,8,5,1,28,4,1,1,1,40,2400,2100,0,25301,인구 감소 군입대 지원,경제학
27859,4,4,3,4,4,4,4,4,3,5,4,4,2,4,3,4,3,4,4,3,3,4,4,5,3,4,4,4,3,4,3,4,3,4,3,4,3,3,3,3,3,4,5,5,3,4,4,5,3,4,4,4,4,4,5,6,4,5,4,5,4,5,4,4,4,4,4,5,4,4,3,4,3,3,3,5,4,5,4,4,3,3,3,5,4,5,3,4,5,4,4,4,3,4,3,3,3,4,3,3,3,17,3,2,1,2,0,6,5,4,4,3,3,4,3,4,5,4,4,4,3,3,3,4,4,4,4,4,3,3,4,3,3,3,4,4,3,5,3,4,5,4,2,2,2,2,2,2,2,2,2,1,4,3,3,3,2,4,4,4,3,2,4,5,4,6,2,41,3,1,1,1,43,3000,2000,0,306904,웃음치료사자격증 고령화 시대 웃음 치료 일자리,사회복지
27860,3,3,2,2,1,0,2,2,1,0,1,0,5,6,3,3,3,4,4,6,4,4,3,3,5,5,4,5,4,5,2,2,1,0,1,0,3,3,3,4,4,5,4,4,1,0,1,0,1,0,1,0,2,2,1,0,1,0,1,0,1,0,2,2,2,2,1,0,1,0,1,0,2,3,3,4,2,3,5,5,4,4,4,5,3,4,2,2,4,5,2,2,5,2,3,5,4,3,5,4,4,18,1,2,2,2,0,1,5,4,4,3,4,5,4,2,2,3,4,3,3,4,3,3,3,2,4,2,3,4,1,4,4,5,4,4,4,3,4,3,3,3,2,2,2,2,2,2,2,2,2,1,2,2,2,2,1,5,4,5,4,6,5,5,6,4,2,34,4,1,1,1,40,3000,2500,0,414701,전염병 유행,무용학
27861,4,4,4,4,2,2,2,3,4,4,4,4,1,0,4,4,3,4,1,0,2,3,2,4,3,4,1,0,4,4,4,4,3,3,2,3,3,3,5,4,3,4,2,3,2,2,1,0,1,0,1,0,2,2,1,0,3,3,2,2,1,0,2,3,3,3,3,4,3,4,4,5,1,0,2,2,2,2,2,3,3,3,3,3,3,5,2,2,3,4,2,3,4,4,3,2,2,1,2,3,3,19,1,2,2,2,0,4,2,3,3,3,4,3,3,3,2,3,4,3,2,3,3,4,3,2,4,1,3,2,4,4,2,1,1,1,5,5,2,1,5,4,2,2,2,2,2,2,2,2,2,1,3,3,2,2,2,7,8,3,7,3,2,9,3,2,1,35,3,1,1,1,48,3400,2200,0,811901,농업 변화,기계
27862,3,3,5,4,2,2,3,4,1,0,2,2,1,0,3,3,2,2,2,2,2,2,3,5,3,3,4,6,3,3,2,2,2,1,2,3,3,3,4,4,2,3,3,3,3,3,2,3,2,2,2,3,1,0,1,0,3,4,2,2,2,3,1,0,2,2,1,0,1,0,1,0,3,3,2,2,2,2,3,3,2,1,2,3,3,5,2,3,4,4,3,3,3,4,4,3,4,2,3,2,3,19,1,1,1,1,2,2,2,4,3,3,4,5,4,4,3,3,3,3,3,4,3,3,2,4,4,3,4,5,3,4,3,3,3,3,4,4,2,2,3,4,2,2,2,2,2,2,2,2,2,3,4,3,3,3,2,5,4,7,5,7,8,4,4,5,2,45,2,1,1,1,40,2600,2400,0,29904,직업상담사 2급 직업상담사 교육 일자리 사람 증가 일자리 증가,문과
27863,1,0,1,0,1,0,1,0,1,0,1,0,2,3,2,3,2,3,1,0,2,2,1,0,2,3,1,0,1,0,1,0,1,0,1,0,1,0,1,0,1,0,1,0,1,0,1,0,1,0,1,0,2,2,1,0,2,2,2,2,1,0,1,0,3,3,2,3,2,2,3,3,1,0,2,2,2,2,2,2,2,2,2,2,2,2,2,2,2,2,3,2,1,2,2,2,2,2,1,1,2,3,1,2,1,2,0,5,3,2,2,2,4,2,2,2,2,3,3,2,4,2,1,4,3,2,3,2,3,3,3,5,2,4,4,5,4,5,3,3,4,4,2,2,2,2,2,2,2,2,2,3,3,3,3,3,2,8,8,8,3,3,4,3,3,4,1,32,2,1,1,1,40,3200,2400,0,861101,방사기술사 기계화 업무 기계화 장비 작일 반대 유지,공고
27864,2,2,2,3,1,0,1,0,2,3,2,2,1,0,3,3,3,4,4,5,2,2,4,5,3,3,2,2,2,2,2,3,2,2,2,3,4,5,4,5,3,3,2,3,4,4,3,4,4,5,2,2,2,3,3,3,4,5,2,3,1,0,3,3,3,3,3,4,2,3,3,3,2,2,3,3,3,4,3,5,5,6,4,5,3,4,3,4,4,4,2,3,2,1,4,2,4,2,3,4,4,6,1,2,1,2,0,5,3,2,2,2,4,4,2,3,9,9,4,3,2,4,4,4,4,4,2,4,2,4,2,4,2,2,2,2,3,4,3,2,4,2,2,2,2,2,2,2,2,2,2,1,3,3,2,2,2,7,7,7,6,7,7,3,4,5,1,38,3,1,3,2,45,3200,2300,0,701401,콘크리트기능사 산업기사 기술 변화 요인 대체 불가능,토목
27865,4,5,4,5,3,4,3,4,3,5,4,5,2,3,4,5,4,5,4,5,2,4,4,5,5,6,3,4,3,4,4,5,3,4,3,4,4,5,3,4,4,5,5,6,4,5,2,3,2,3,3,4,4,5,4,5,4,5,2,3,3,3,2,3,5,6,3,4,3,4,3,4,3,4,5,6,5,6,4,5,4,5,3,4,4,5,3,4,4,4,4,4,4,2,4,4,3,4,4,3,4,17,3,4,1,2,0,6,5,5,5,5,4,4,4,4,4,4,4,4,2,4,3,4,4,2,4,4,3,3,3,5,4,4,4,4,4,4,4,3,4,4,2,2,2,2,2,2,2,2,2,2,2,3,3,3,2,8,8,3,3,3,7,7,3,7,2,38,5,1,1,1,48,9500,5500,0,301104,의사 국시 저출산,의학
27866,2,4,2,4,2,3,2,4,2,4,2,4,2,4,2,4,2,4,2,4,2,4,3,4,4,6,4,4,1,0,2,3,1,0,3,5,3,4,2,4,4,6,1,0,2,4,1,0,1,0,2,5,2,4,1,0,3,4,2,5,2,5,1,0,5,6,5,6,5,6,4,6,3,5,1,0,1,0,2,3,1,0,1,0,3,4,2,3,5,4,3,4,5,4,3,3,2,3,3,3,5,13,1,5,1,2,0,1,7,4,3,3,4,4,3,3,3,2,3,4,2,4,4,5,5,4,4,3,4,4,4,5,4,4,3,3,4,4,4,3,5,4,2,2,2,2,2,2,2,2,2,2,2,2,2,2,1,2,4,3,3,4,4,3,3,2,1,43,4,1,1,1,40,5400,3200,0,134302,컴퓨터활용능력 2급 워드1급 자격증 업무 강도 세고 결함 발생 장애 처리 업무 불규칙 이외 업무,멀티미디어
27867,4,5,4,4,3,5,3,4,4,6,5,6,3,5,4,6,3,4,2,3,4,6,4,6,3,4,4,6,3,5,3,3,4,6,4,6,3,5,4,6,5,6,4,6,3,5,4,6,1,0,2,3,2,2,1,0,1,0,1,0,2,3,2,2,1,0,1,0,1,0,1,0,3,3,1,0,1,0,1,0,1,0,1,0,1,0,1,0,5,4,4,4,4,5,3,3,4,3,4,4,3,11,1,2,2,1,3,5,5,4,3,4,4,5,3,4,4,3,4,4,2,2,3,4,3,2,5,4,3,4,3,4,5,4,3,4,4,3,4,4,4,4,2,1,1,2,1,1,1,1,2,2,4,1,1,3,1,9,8,4,3,2,5,3,3,7,2,45,4,1,1,1,40,8200,4100,0,31302,데이터분석 시장분석 금융 기술 테크 상품 활성화 업무 계속 증가 고객 요구 개발 부분,통계학
27868,3,6,3,5,3,4,3,5,3,5,4,6,4,6,3,5,4,6,1,0,3,5,3,5,3,5,1,0,1,0,1,0,1,0,2,2,4,5,3,4,4,5,1,0,3,5,1,0,3,5,1,0,4,6,4,5,4,6,3,5,3,5,4,5,4,5,1,0,1,0,3,5,3,3,4,6,4,6,3,5,4,4,2,2,5,6,3,2,5,4,4,4,4,3,4,3,4,4,4,4,3,13,1,4,2,2,0,3,6,4,4,4,5,4,4,4,4,4,5,4,1,4,4,3,4,3,5,4,3,4,4,3,4,3,4,5,4,3,3,4,4,2,2,2,2,2,2,2,2,2,2,2,4,3,3,3,2,7,6,4,7,8,3,4,7,5,1,36,5,1,1,1,40,4200,3800,0,121102,기초 산업 연구 사항 대해 지원이 수요 증가,화학공학
27869,2,5,3,5,4,5,3,4,2,4,3,5,3,5,3,5,3,5,4,6,4,5,4,5,4,5,3,4,3,4,4,5,4,5,4,5,3,5,4,5,3,4,3,4,4,5,4,5,4,6,4,5,4,5,4,6,4,5,4,5,4,5,4,5,3,4,4,5,3,5,3,4,3,4,3,4,3,4,4,5,2,3,3,4,3,4,3,4,4,4,3,3,3,4,3,3,3,3,3,3,3,9,1,1,1,2,0,2,2,3,3,3,3,3,3,4,3,4,4,4,3,3,3,3,3,3,3,3,3,3,4,3,4,4,4,3,4,3,4,3,3,3,2,2,2,2,2,2,2,2,2,1,3,2,2,2,1,6,7,8,5,7,5,4,6,6,1,31,3,1,1,1,42,3800,1600,0,531601,조주 기능사 전염병 침체 지속,호텔경영학
27870,2,3,2,3,2,4,5,5,1,0,1,0,3,4,3,4,3,4,1,0,1,0,5,6,3,5,2,1,3,4,2,1,3,4,3,4,3,4,5,5,3,4,2,2,4,4,2,2,1,0,1,0,3,3,1,0,3,4,2,2,1,0,1,0,2,3,2,2,2,2,3,4,1,0,1,0,3,3,3,4,5,5,5,5,3,3,2,3,4,4,2,3,4,2,4,4,4,4,5,4,5,18,1,2,1,2,0,1,4,4,4,4,4,4,4,4,3,3,4,4,2,4,3,2,2,3,4,3,3,4,2,4,4,4,4,4,5,5,3,4,5,5,2,2,2,2,2,2,2,2,2,1,4,2,2,2,2,7,6,4,5,3,6,3,7,4,1,40,4,1,1,1,48,3500,2000,0,420402,선수트레이너 자격증 형태 스포츠 활성화,스포츠지도학
27871,5,6,5,6,3,3,3,3,4,5,4,4,4,5,4,5,4,4,4,4,4,4,4,5,4,5,3,3,4,5,4,5,4,5,4,5,3,3,4,4,4,4,4,5,4,4,4,5,3,3,4,5,4,5,4,5,4,4,4,5,2,2,4,5,4,5,4,5,4,5,5,6,4,5,5,6,4,4,4,5,5,6,4,5,3,3,3,3,4,3,4,2,4,2,4,2,3,4,4,4,4,19,1,1,1,2,0,5,2,4,2,2,4,4,2,3,3,4,4,4,4,2,3,5,4,4,4,3,4,2,3,3,2,4,4,4,5,4,3,2,4,5,2,2,2,2,2,2,2,2,2,2,2,2,3,2,2,6,4,5,7,4,3,7,4,5,1,39,2,1,1,1,60,3800,3200,0,812401,자동차 정비 기능사 불경기 자동차 구입,기계
27872,4,4,3,3,2,2,2,2,3,3,3,3,3,3,2,2,2,2,2,2,2,2,1,0,2,2,3,2,1,0,1,0,1,0,2,2,2,2,3,2,3,3,2,2,3,2,2,2,3,3,1,0,3,3,3,3,2,2,3,3,2,2,3,3,3,3,3,3,2,2,3,3,3,3,2,2,1,0,2,2,1,0,1,0,2,2,1,0,4,3,3,3,3,3,2,3,3,4,3,3,3,13,1,2,1,1,3,3,5,3,3,4,4,4,3,4,4,3,3,3,3,4,3,4,3,3,4,2,3,3,2,3,3,4,4,4,3,3,3,4,3,4,1,1,2,2,2,2,2,2,2,2,4,2,2,2,1,6,6,5,4,6,4,5,6,5,1,40,4,1,1,1,45,4000,3000,0,153203,산업계측제어기사 실무경험 기술 발달 산업,전자공학
27873,4,6,3,4,1,0,4,5,2,4,2,4,3,4,4,6,5,6,3,4,3,5,3,4,5,6,1,0,1,0,1,0,1,0,1,0,3,3,3,3,3,5,1,0,1,0,1,0,2,1,1,0,2,3,2,2,4,6,5,7,2,2,3,4,4,6,3,5,5,7,5,7,3,4,5,6,4,5,3,4,4,6,4,5,5,6,4,6,4,3,4,3,4,2,4,5,2,4,4,4,3,8,1,6,1,1,6,7,5,3,2,2,2,3,3,3,3,4,4,3,2,3,3,3,5,4,4,4,3,4,3,4,5,4,2,3,4,5,4,2,4,3,2,2,2,2,2,2,2,2,2,1,4,2,2,2,2,7,3,7,2,4,1,9,6,2,1,40,4,1,1,1,40,7800,3500,0,812101,항공정비사 실무경력 항공기 증대 수요 증대,기계공학
27874,2,2,3,4,2,3,3,4,2,2,4,5,3,4,3,4,3,3,4,5,4,5,3,4,3,4,4,5,3,4,3,4,3,4,4,5,3,4,4,5,4,5,3,4,4,6,4,6,3,4,4,5,4,5,3,4,4,5,3,4,3,4,3,4,3,4,2,3,3,4,4,5,3,4,2,2,3,4,2,2,3,4,3,4,3,4,3,4,4,4,3,3,4,2,3,3,2,3,1,1,2,1,1,1,2,2,0,2,3,3,2,2,3,4,2,3,3,3,4,3,2,4,3,4,3,3,4,2,3,3,4,4,3,3,4,3,2,3,3,4,3,4,2,2,1,2,2,2,2,2,2,2,3,2,2,2,2,4,4,4,3,3,3,5,5,3,1,48,4,2,5,1,40,0,0,4000,901201,장비 먹거리 관심 증가,농업학
27875,5,6,4,5,3,5,3,4,5,6,4,5,4,5,4,5,5,6,4,6,4,4,4,5,3,4,3,5,1,0,3,3,2,3,2,2,4,5,1,0,3,4,3,4,2,2,1,0,1,0,1,0,5,5,4,4,3,4,4,5,4,6,5,6,4,5,4,5,5,5,4,5,4,4,3,4,4,5,3,3,2,2,2,2,3,4,2,2,4,5,4,4,5,2,4,4,4,5,5,4,4,3,3,6,1,2,0,3,4,4,4,4,4,5,4,4,3,4,3,4,2,4,4,4,3,4,3,2,4,3,2,4,5,5,5,4,4,4,3,3,3,4,2,2,2,2,2,2,2,2,2,2,3,3,1,3,1,6,6,4,5,4,5,7,4,5,1,51,5,1,1,1,40,6000,3800,0,151105,항공기관정비기능사 항공기관기술사 선진국 기반 산업 증가 코로나 여파 현행 유지 상황,항공학
27876,4,5,4,5,4,5,4,5,4,5,4,5,4,4,4,5,4,5,4,5,4,5,4,4,4,4,4,5,4,4,4,5,4,5,4,4,4,4,3,3,4,5,4,5,4,5,3,4,3,3,4,5,4,4,3,4,3,4,3,3,3,3,3,3,3,4,3,3,3,3,4,4,4,4,4,5,4,4,4,4,3,2,3,4,4,5,4,4,4,4,4,3,4,3,3,4,3,4,3,3,3,18,1,5,2,2,0,6,5,3,4,4,4,4,3,4,4,3,4,4,2,4,4,4,3,4,4,4,3,3,4,4,4,4,4,3,4,4,3,3,4,3,1,1,1,1,1,1,1,1,1,2,3,2,2,2,1,7,6,6,6,5,4,3,3,6,1,40,4,1,3,1,40,3900,3200,0,416104,경력 감독 중심 채용 광고 시청자 즐거움 때문,영상편집
27877,5,7,5,7,3,4,5,7,1,0,3,4,5,7,5,7,5,7,5,7,5,7,1,0,4,6,4,6,3,4,5,7,3,4,3,4,1,0,1,0,3,4,3,4,3,4,1,0,1,0,1,0,1,0,1,0,1,0,1,0,1,0,1,0,1,0,1,0,1,0,1,0,1,0,3,4,3,4,3,4,4,6,4,5,4,5,5,6,4,3,3,2,3,2,3,3,3,3,3,3,4,18,4,1,2,2,0,7,2,3,3,3,3,3,3,2,9,9,9,2,3,3,3,3,4,4,4,3,4,4,3,4,4,3,3,4,4,4,3,3,5,4,2,2,2,2,2,2,2,2,2,1,4,2,2,2,2,6,3,4,1,3,6,3,1,3,1,39,4,1,4,2,48,1000,800,0,416203,콘텐츠 활성화 가운데 감성 연극 뮤지컬 비중 증가 예상,연극영화
27878,4,6,4,6,4,5,3,4,3,4,4,5,5,7,4,5,4,5,4,6,3,4,3,4,5,7,4,5,4,5,3,4,4,5,3,4,3,3,3,4,2,3,3,4,4,5,3,4,4,6,4,5,3,3,2,2,2,2,1,0,4,5,4,5,4,5,2,2,2,2,3,4,4,5,4,5,4,4,4,5,3,5,4,5,5,6,4,5,4,3,4,4,4,4,4,4,4,3,4,4,3,13,1,2,1,1,2,2,4,4,4,3,4,4,4,4,4,5,5,4,3,3,3,4,4,3,3,4,3,3,4,4,4,3,4,4,4,4,3,4,4,3,2,2,2,2,2,2,2,2,2,2,3,2,2,2,1,6,6,5,4,5,6,6,5,6,2,43,3,1,1,1,40,3500,2000,0,415404,시각디자인 디자인 편집 자동화 대체 부분,시각디자인
27879,3,4,4,4,3,4,4,4,3,5,3,5,3,4,4,4,4,4,4,5,3,5,4,5,4,4,3,5,4,5,4,5,3,5,4,5,4,4,3,5,3,4,4,5,3,5,4,5,3,4,4,5,3,5,4,5,3,4,4,5,4,4,3,4,2,5,4,4,4,5,3,5,4,5,3,4,4,5,4,5,4,5,3,5,3,4,3,5,4,3,4,4,3,4,4,4,4,3,4,4,4,3,1,3,2,2,0,5,5,3,4,4,4,4,4,5,3,4,4,4,4,4,3,4,3,4,4,3,3,4,4,3,4,4,3,2,5,4,4,4,4,3,2,2,2,2,2,2,2,2,2,1,4,2,2,2,1,6,5,7,7,8,4,6,7,6,1,35,5,1,1,1,40,3800,3200,0,153204,해상도 사양 제품,전자공학
27880,4,4,4,4,3,3,4,5,4,4,4,4,4,4,3,4,4,4,4,4,4,4,4,4,4,3,4,4,4,4,4,5,4,4,4,4,4,4,4,4,4,4,4,4,4,4,4,5,4,5,4,5,3,5,4,5,3,4,4,5,3,4,4,5,4,5,4,5,4,5,4,5,4,4,4,5,4,5,4,5,4,5,4,5,2,3,2,2,4,4,3,3,4,4,4,4,3,3,3,4,3,3,1,4,1,1,1,6,5,3,3,2,3,4,2,3,4,4,4,4,4,3,4,4,3,4,4,4,3,4,4,3,3,4,4,4,4,3,4,4,3,4,1,1,1,1,1,1,1,1,1,2,4,3,3,3,2,6,3,4,6,7,6,6,5,7,1,44,4,1,3,1,40,3600,2900,0,151105,건설기계기사 건설기계산업기사 기계장치 설계 교육 기술 재교육 우리나라 기계 관련 증가,기계공학
27881,3,4,5,5,3,4,5,4,4,5,4,5,3,4,3,4,4,3,4,4,4,3,3,3,4,3,4,3,4,5,5,6,5,4,5,5,4,4,4,4,4,4,4,5,5,4,4,3,3,3,4,5,2,3,3,4,4,5,3,4,3,4,5,5,4,3,3,3,4,4,4,4,3,5,3,5,3,3,4,4,2,3,3,3,2,3,3,3,4,4,5,4,5,3,2,5,3,3,4,3,4,7,1,2,2,2,0,2,2,4,4,4,3,4,3,4,3,3,4,4,3,2,2,4,3,2,3,2,2,3,4,4,2,3,2,2,4,4,3,4,4,2,2,2,2,2,2,2,2,2,2,1,2,3,3,2,2,7,7,6,7,7,7,7,7,6,1,34,4,1,1,1,45,5000,2000,0,612301,비대 고객,경제
27882,5,4,3,3,3,3,5,5,2,3,4,5,1,0,2,3,3,3,1,0,3,3,4,4,3,3,4,4,1,0,2,2,3,3,1,0,1,0,2,4,4,4,4,4,2,2,2,4,3,5,3,3,4,4,4,4,4,4,3,4,4,4,3,3,3,3,4,4,4,4,3,3,4,4,2,4,2,4,2,4,2,4,1,0,3,5,3,3,5,4,5,4,3,3,3,4,3,3,4,3,4,10,1,4,1,2,0,5,5,4,4,4,5,4,5,5,4,4,5,5,2,3,4,3,4,3,2,2,4,5,4,4,3,4,5,5,4,3,4,3,4,4,2,2,2,2,2,2,1,2,2,1,2,2,3,3,1,7,5,5,5,7,6,6,5,7,1,40,4,1,1,1,40,3900,3200,0,134401,정보처리기능사 워드프로세서1급 구조 조정 시스템 개발,정보학
27883,3,5,4,4,4,5,3,4,4,4,4,4,3,5,3,5,3,4,3,5,3,4,4,5,3,5,3,5,3,4,3,5,3,4,4,4,3,4,4,5,3,4,3,4,4,4,3,4,3,4,4,4,3,5,3,5,3,4,3,4,3,5,3,5,3,5,3,4,4,4,3,5,3,4,4,4,3,4,3,4,4,4,3,4,3,4,3,5,3,3,4,3,3,3,4,3,3,3,4,4,3,10,1,2,2,2,0,2,5,3,3,4,3,3,4,3,4,4,3,3,3,4,3,3,3,4,3,3,4,4,4,3,4,3,3,4,3,3,3,4,3,3,2,2,2,2,2,2,2,2,2,1,3,2,2,2,1,5,6,5,6,7,6,5,6,6,2,35,4,1,3,1,52,3800,3600,0,132004,미래 유망 직종,컴퓨터공학
27884,4,5,4,6,2,3,3,4,4,5,3,3,4,6,3,5,4,5,3,5,3,4,4,5,4,4,4,4,5,6,3,3,4,4,4,5,4,4,3,4,4,4,4,5,4,5,3,4,3,4,3,4,2,3,3,5,3,5,3,3,2,5,3,3,3,5,2,4,2,3,3,4,3,3,4,5,3,4,3,3,4,4,3,4,4,4,3,5,4,3,3,2,4,2,2,5,4,4,5,3,4,18,1,2,2,2,0,1,4,4,2,2,3,4,3,2,3,4,4,4,4,3,3,3,3,4,3,2,3,4,2,4,4,3,4,4,3,4,4,3,4,4,2,2,2,2,2,2,2,2,2,2,3,2,2,2,1,6,5,3,4,5,4,5,4,4,2,31,3,1,3,2,40,2000,2000,0,417201,전염병 위기 유지 추세,방송학
27885,3,4,3,4,3,4,3,4,3,4,3,4,3,4,3,3,3,3,3,3,3,4,3,4,3,4,3,4,3,3,3,4,3,4,3,4,3,4,3,4,3,3,3,3,3,3,3,4,3,4,3,4,3,4,3,4,3,4,3,4,3,4,3,4,3,3,4,4,3,3,3,4,3,4,3,3,3,3,3,3,3,4,3,3,3,3,3,3,3,3,3,4,4,3,4,3,4,4,3,3,3,11,1,4,2,2,0,7,5,3,3,3,4,3,3,3,3,4,4,4,3,3,3,3,4,3,3,3,3,3,3,3,3,3,4,4,3,3,3,3,3,3,2,2,2,2,2,2,2,2,2,1,3,3,3,3,2,6,5,5,5,5,5,7,7,7,1,46,4,1,1,1,52,5000,3000,0,32301,기계,경제학
27886,2,2,4,5,1,0,4,5,1,0,4,6,1,0,3,3,1,0,3,3,4,6,3,3,4,6,3,4,5,6,4,5,5,6,4,6,2,3,4,5,4,5,1,0,4,4,1,0,1,0,1,0,1,0,1,0,1,0,1,0,1,0,1,0,1,0,1,0,2,2,3,3,2,2,1,0,1,0,4,5,3,4,3,4,4,5,4,5,4,5,2,4,4,3,3,2,3,3,3,2,2,8,1,6,1,1,3,3,5,4,4,3,4,3,3,3,3,4,4,3,3,2,2,3,4,3,3,2,3,3,3,4,3,3,3,4,4,3,3,4,4,3,2,2,2,2,2,2,2,2,2,1,3,2,2,2,2,2,3,2,1,2,2,3,2,2,2,35,4,1,1,1,30,3800,3500,0,522101,토익 JLPT HSK 고객대응 교육,항공서비스학
27887,4,5,4,6,3,4,4,4,4,5,4,5,5,6,3,4,5,6,3,3,4,5,4,5,3,4,3,4,4,5,4,4,4,5,3,4,4,5,2,2,4,5,4,4,4,4,3,4,3,3,4,5,3,3,3,3,2,2,2,2,2,2,3,3,1,0,2,2,2,2,2,2,2,2,2,2,4,5,3,3,3,4,3,3,3,3,3,3,3,4,3,2,3,4,3,3,3,3,3,2,3,18,3,2,2,1,1,1,4,3,3,3,3,3,2,3,2,2,2,2,3,2,2,3,3,2,3,2,2,3,4,4,3,3,2,3,3,3,3,2,3,3,2,2,2,2,2,2,1,1,1,3,2,2,2,2,1,7,7,7,3,3,3,7,7,7,1,48,3,1,3,2,52,6000,4000,0,13601,박물관 운영 교육 구조조정 진행 자동화 일자리 감소,체육학
27888,4,5,4,5,4,5,3,4,3,5,4,5,4,5,4,5,3,4,4,5,3,4,3,4,3,4,4,5,3,4,4,5,4,5,3,4,4,5,4,5,4,5,4,4,4,4,2,3,3,3,3,5,4,4,3,3,3,4,3,4,3,4,4,4,3,4,3,4,4,4,4,4,2,3,2,4,3,4,3,4,3,4,2,3,4,4,3,5,4,4,4,3,4,3,3,3,3,3,4,3,3,3,1,2,1,2,0,4,4,4,4,4,4,3,3,3,2,3,4,3,3,4,3,3,4,4,4,4,5,5,3,4,3,4,4,4,4,4,3,3,5,4,2,2,2,2,2,2,2,2,2,2,4,1,1,2,2,7,7,7,8,8,8,2,8,5,1,40,4,1,1,1,48,4500,2900,0,153104,전기기사 산업 활성화,전기공학
27889,2,3,2,3,2,2,2,2,2,3,2,3,3,4,3,3,3,4,3,4,4,5,4,5,4,5,4,5,4,5,4,5,4,4,3,4,4,5,4,5,4,5,4,5,4,5,2,3,3,4,4,5,4,5,4,6,5,6,4,6,4,5,4,6,4,5,4,5,4,5,4,5,4,5,4,5,4,5,4,5,4,5,4,5,4,5,4,6,4,4,4,3,4,4,3,4,4,3,4,4,4,3,1,4,2,2,0,7,5,4,3,3,4,2,3,3,4,3,2,3,3,3,3,4,3,3,3,4,3,3,4,3,4,3,3,2,3,3,3,4,3,3,2,1,2,2,1,2,2,2,2,2,2,2,2,2,1,7,6,3,7,6,4,7,4,5,1,45,4,1,1,1,43,5200,3300,0,16301,작동 시스템 도입 자동화 가속,산업공학
27890,4,6,5,6,4,6,4,6,4,6,4,6,4,6,4,6,5,6,4,5,5,6,4,6,4,5,4,6,5,6,4,6,4,6,4,5,4,5,3,5,4,6,4,5,4,6,4,6,4,5,4,4,4,5,4,5,4,6,4,6,3,6,4,6,4,5,4,5,4,3,4,5,4,6,4,6,4,5,4,6,4,6,4,5,5,6,5,4,4,4,5,5,5,4,4,4,4,5,4,4,4,17,1,3,1,2,0,5,6,4,3,4,4,4,4,3,3,3,4,4,2,5,4,3,4,5,4,3,5,4,3,4,5,5,5,5,4,5,5,5,4,5,2,2,2,2,2,2,2,2,2,1,4,3,3,3,2,6,5,7,6,6,7,6,5,7,2,40,5,1,1,1,40,6000,4000,0,306601,임상심리사 2급 정신보건임상심리사 개인 심리 정서 대인관계 문제 대한 상담 치료 필요성 증가,심리학
27891,3,4,5,6,5,6,2,4,4,7,3,3,3,3,4,6,5,5,3,5,3,3,5,6,5,7,4,7,4,6,1,0,2,3,3,7,4,7,5,7,5,7,5,7,5,6,4,4,2,4,1,0,2,4,2,2,3,1,1,0,1,0,1,0,5,5,4,5,5,7,2,3,4,5,4,5,3,3,1,0,1,0,1,0,2,2,3,4,3,3,4,3,4,4,3,4,2,4,4,3,3,13,1,2,1,2,0,4,6,4,3,3,3,4,3,3,4,4,4,3,4,4,4,4,2,3,3,1,3,3,4,5,3,4,4,4,3,4,2,3,4,3,2,2,2,2,2,2,2,2,2,4,4,2,2,3,2,5,5,5,5,5,5,2,2,5,1,32,4,1,1,1,45,3500,2800,0,155305,소음기술사 정부 사회 관심 분야,환경공학
27892,3,3,3,3,2,3,3,4,3,3,3,3,3,3,2,3,2,3,3,4,3,3,3,3,3,3,3,4,3,4,3,3,2,3,3,3,3,3,2,3,3,3,3,3,3,3,3,3,3,3,3,3,3,3,3,3,3,3,3,4,3,3,2,3,3,3,3,3,3,3,3,3,3,3,3,3,3,3,3,3,2,3,3,3,3,3,3,3,4,3,3,3,3,3,3,3,3,3,3,2,3,13,1,2,1,2,0,2,5,3,3,3,4,3,3,4,4,4,4,4,3,3,3,3,4,3,3,3,3,3,3,4,4,4,4,3,3,3,3,3,3,3,2,2,2,2,2,2,2,2,2,1,3,3,3,3,2,5,6,6,6,6,6,7,7,7,1,49,4,1,1,1,60,4000,3000,0,31501,관세사 손해사정사 변화 일자리 변화,경영학
27893,4,5,4,6,4,5,4,6,4,6,4,6,4,6,4,6,4,6,4,6,4,6,4,6,4,6,4,6,4,6,4,5,4,5,4,5,4,5,4,5,4,5,4,5,4,5,4,6,4,5,4,6,4,6,4,5,4,5,4,6,4,5,4,5,4,5,3,4,3,4,3,4,3,4,3,4,3,4,3,4,3,4,3,4,3,5,3,5,4,3,4,4,4,4,4,4,3,3,3,3,3,16,5,3,2,1,5,7,5,4,3,3,4,3,3,4,5,4,4,4,2,3,4,4,3,3,4,3,3,3,3,4,3,3,3,3,4,3,3,4,4,3,2,2,2,2,2,2,2,2,2,2,2,3,3,3,1,8,7,7,7,7,7,7,6,7,2,34,4,1,1,1,42,4500,2500,0,215105,학과 교육 인구 감소,국어국문학
27894,2,2,3,4,2,1,3,4,2,2,1,0,2,3,2,1,3,4,2,1,1,0,2,3,2,3,2,2,3,3,3,4,2,3,1,0,1,0,2,3,3,4,3,4,3,4,1,0,2,2,1,0,1,0,1,0,2,3,1,0,1,0,1,0,1,0,2,3,1,0,1,0,1,0,3,4,2,3,1,0,2,2,3,4,3,4,2,1,4,3,2,3,4,4,2,3,4,2,3,2,4,18,1,1,1,2,0,3,2,3,2,3,4,4,4,3,9,4,4,4,2,3,3,3,2,3,4,4,3,2,3,3,2,3,4,3,2,4,3,2,4,5,2,2,2,2,2,2,2,2,2,2,4,2,2,3,1,7,7,5,4,4,5,3,2,3,2,30,2,1,1,1,54,2400,2300,0,511302,네일 자격증 관심,문과
27895,4,4,2,3,2,3,4,4,1,0,2,4,1,0,3,4,3,3,3,4,1,0,1,0,1,0,1,0,3,3,3,3,2,2,1,0,2,2,3,4,4,4,3,4,3,3,1,0,3,3,1,0,1,0,1,0,1,0,1,0,2,3,1,0,1,0,1,0,1,0,1,0,1,0,4,4,3,1,1,0,3,4,3,3,3,4,2,3,4,5,3,3,1,2,4,3,2,3,5,4,4,17,1,2,1,2,0,3,4,4,4,4,3,3,3,4,3,4,3,4,4,3,4,4,3,3,3,4,4,3,3,4,4,3,4,4,3,4,3,4,3,3,2,2,2,2,2,2,2,2,2,1,2,3,3,3,2,3,4,5,6,7,6,4,5,6,1,36,3,1,1,1,40,3200,2500,0,512301,장례지도사 선호 직업,행정학
27896,5,7,4,6,5,7,5,7,5,6,5,6,4,6,4,6,5,6,5,6,5,6,5,7,5,7,4,5,4,6,5,6,5,6,5,6,4,5,5,7,5,7,5,6,5,7,5,6,4,5,5,6,5,6,5,6,5,7,4,6,4,6,5,6,5,7,5,6,4,6,5,7,3,5,4,4,4,5,4,5,5,2,1,0,1,0,1,0,3,3,3,4,3,4,4,3,3,3,3,3,3,15,2,4,2,2,0,2,5,3,3,3,3,4,4,4,4,4,4,4,3,3,4,3,3,4,3,3,4,4,4,3,3,3,4,4,4,4,3,4,4,4,2,2,2,2,2,2,2,2,2,2,3,3,3,3,2,4,5,5,3,5,4,3,2,5,1,47,4,1,1,1,40,5000,3100,0,121104,상태 유지,생명공학
27897,2,3,3,4,2,3,3,4,2,3,3,4,4,5,3,4,4,5,3,4,2,3,3,4,4,6,4,5,3,4,4,5,3,5,2,3,3,5,4,6,3,4,4,5,4,5,3,4,2,3,3,4,2,3,1,0,1,0,1,0,1,0,1,0,1,0,1,0,1,0,1,0,2,3,1,0,2,2,2,3,3,5,3,5,3,5,4,5,4,4,2,3,4,4,4,4,3,4,4,3,3,18,3,3,2,2,0,7,5,3,5,5,4,4,3,3,3,3,3,3,4,3,4,4,4,5,5,3,3,5,3,4,4,5,5,4,4,4,4,5,5,4,2,2,2,1,2,2,2,2,2,1,4,3,3,3,2,1,1,1,4,4,3,7,8,8,1,58,4,1,3,2,20,3000,1500,0,414501,코로나 확대 비대 방식 공연 상품 개발 규모 공연장 공연 기회 지휘자,지휘(MC)
27898,5,7,5,7,4,6,4,6,5,7,5,6,5,7,4,6,5,4,4,5,5,4,4,6,5,7,4,6,4,6,4,5,4,6,4,6,4,6,4,6,5,4,4,6,5,7,4,6,4,6,4,6,5,7,5,6,5,7,4,6,5,7,4,6,5,2,5,6,4,6,3,5,5,3,5,6,3,5,4,6,4,3,3,5,4,7,4,7,4,4,5,5,5,4,5,4,4,5,4,4,4,16,5,2,1,2,0,4,5,4,4,3,4,5,4,2,3,3,4,3,3,4,3,3,4,3,4,4,4,4,3,5,4,5,4,5,4,5,5,5,5,5,2,2,2,2,2,2,2,2,2,1,4,2,2,2,1,3,2,2,3,3,5,6,5,4,2,39,4,1,1,1,40,3600,2700,0,214201,워드프로세서1급 정보처리기능사 컴퓨터활용능력 1급 수요,응용소프트웨어공학
27899,5,6,3,6,3,5,3,5,4,5,4,5,3,4,4,5,4,5,1,0,3,4,5,6,5,6,4,5,3,5,4,5,1,0,3,3,4,5,5,6,4,5,4,4,4,5,3,4,3,4,3,5,5,7,5,7,5,6,5,6,5,6,4,6,4,5,4,5,4,5,5,5,3,6,1,0,1,0,1,0,1,0,4,5,3,3,3,2,4,3,4,3,4,4,4,3,4,3,4,3,4,10,1,4,1,2,0,7,4,3,3,3,4,3,3,3,3,3,3,3,2,3,3,3,3,4,3,4,4,3,4,3,2,4,3,3,3,5,4,4,4,4,2,2,2,2,2,2,2,2,2,2,3,2,2,3,2,7,6,5,4,3,4,3,4,4,1,38,4,1,1,1,40,5000,2700,0,134301,정보처리산업기사 정보처리기사 기업 정보 관리 운영자 부분 일자리 변동,컴퓨터공학
27900,3,4,5,6,4,5,3,4,2,3,3,4,4,5,3,4,4,5,3,4,3,4,4,5,2,3,4,5,3,4,3,4,2,3,2,3,2,3,4,5,3,4,4,5,4,5,3,4,3,4,3,4,2,3,2,2,1,0,1,0,4,6,5,6,2,2,2,2,1,0,1,0,3,4,1,0,1,0,1,0,2,3,2,3,3,4,2,3,4,3,3,3,4,3,4,4,3,4,3,3,3,17,1,2,2,2,0,3,2,3,4,4,3,4,3,3,4,4,4,4,3,4,4,2,2,3,3,4,4,5,3,5,4,4,4,3,3,5,4,4,5,3,2,2,2,2,2,2,2,2,2,2,3,2,2,2,1,4,5,8,5,9,8,2,2,5,2,37,4,1,1,1,40,2500,2000,0,29101,안내 접수 무인 가능,"호텔,관광경영학"
27901,4,5,4,4,4,4,3,4,3,4,4,5,5,4,3,3,3,4,3,4,4,4,3,4,2,3,3,5,3,4,4,4,3,5,3,3,4,5,3,4,4,3,3,4,3,3,3,3,4,4,3,3,4,3,4,5,3,3,3,5,4,5,2,4,3,3,3,5,3,3,3,3,3,4,4,4,3,2,3,2,1,0,2,4,2,3,2,2,4,3,4,4,4,5,4,3,4,3,4,4,4,10,1,3,2,2,0,2,4,5,3,3,4,5,4,4,4,4,5,4,2,5,5,4,5,3,3,3,4,4,3,3,3,4,4,4,5,5,4,4,5,5,2,2,2,2,2,2,2,2,2,2,4,3,2,2,1,1,3,2,5,7,2,4,7,4,1,37,4,1,1,1,40,3500,2500,0,133101,경제 때문,컴퓨터공학
27902,3,2,2,3,2,2,2,2,2,3,1,0,1,0,2,3,3,3,2,4,1,0,2,3,3,3,1,0,1,0,1,0,1,0,2,3,2,2,1,0,3,3,2,2,1,0,1,0,1,0,1,0,2,3,1,0,2,3,4,4,1,0,1,0,1,0,2,4,3,3,2,2,2,3,2,3,3,5,3,4,4,5,4,4,2,2,2,4,4,3,2,2,3,1,4,3,2,3,3,2,2,19,4,1,2,2,0,7,1,3,3,2,3,3,2,2,9,3,4,3,2,5,3,3,3,3,2,5,4,4,2,5,2,3,4,4,4,5,4,3,4,5,2,2,2,2,2,2,2,2,2,2,2,3,2,2,2,8,7,7,6,7,7,8,5,2,1,55,2,1,4,2,35,3600,2600,0,702701,전반 건설 산업 불황 건축 경기,인문계
27903,3,2,2,3,2,2,2,1,1,0,1,0,2,2,3,2,2,2,2,2,1,0,2,5,3,3,2,1,1,0,3,3,2,1,1,0,2,2,1,0,3,5,2,1,2,2,1,0,3,4,2,1,3,3,3,2,5,2,5,3,1,0,2,1,3,3,4,4,4,3,2,2,2,2,3,3,4,4,4,3,5,6,4,6,3,3,3,2,4,3,3,2,2,1,3,4,2,3,3,3,2,3,1,4,1,2,0,7,3,3,3,3,3,3,3,2,3,3,4,3,4,3,2,4,4,4,2,3,3,5,4,4,2,4,3,3,5,5,2,2,4,3,2,2,2,2,2,2,2,2,2,3,2,3,3,3,2,8,5,7,4,7,6,8,4,3,1,35,4,1,1,1,40,4000,2400,0,811101,건설기계기관장비기능사 기계 기술 향상 비율 갈수록,메크트로닉스공학
27904,2,3,2,3,2,2,2,2,2,3,2,2,2,3,2,3,2,2,2,3,2,4,3,4,2,2,2,4,2,2,2,3,2,3,3,4,3,4,3,3,3,4,2,3,2,2,2,3,3,3,2,3,3,3,2,3,3,4,3,3,2,1,3,3,2,3,3,3,3,2,3,2,1,0,2,3,3,4,2,3,4,6,3,4,2,2,2,2,3,3,2,2,3,2,3,3,3,3,3,3,4,1,4,1,2,2,0,4,3,3,3,2,4,3,4,2,9,9,9,3,2,4,4,4,4,3,4,4,4,3,3,5,3,3,3,3,4,5,3,3,5,3,2,2,2,2,2,2,2,2,2,2,2,3,3,3,2,6,6,6,4,4,4,7,4,4,1,57,2,2,6,1,60,0,0,3500,901301,해외 농산물 개방 국내 생산 소비 감소,인문계
27905,4,6,4,5,4,5,4,6,4,5,4,5,4,5,4,5,4,6,4,5,4,5,4,5,4,4,4,5,4,5,4,5,4,5,4,5,4,4,4,4,4,5,4,5,4,4,4,4,4,5,4,5,4,4,4,5,4,5,4,5,4,5,4,5,4,5,4,5,4,4,4,5,4,5,4,5,4,5,3,4,3,4,3,4,4,5,4,6,4,4,4,4,4,4,4,4,4,4,4,4,4,14,2,2,1,2,0,4,5,4,4,4,4,4,4,4,4,4,4,4,2,4,4,4,4,4,4,2,3,4,4,4,4,4,4,3,3,3,3,3,4,5,2,2,2,2,2,2,2,2,2,2,3,2,2,3,2,7,7,7,7,7,7,7,7,7,2,31,4,1,1,1,40,3700,3200,0,413102,문화재수리기술사 일자리 변동,화학
27906,5,6,4,5,4,5,4,5,4,5,4,5,5,6,5,6,4,5,4,5,4,5,4,4,4,5,3,4,4,5,4,5,4,5,4,5,3,3,3,4,3,3,4,5,5,6,4,5,4,5,4,5,2,2,2,3,2,3,2,2,3,4,3,3,2,2,3,3,2,2,2,3,2,2,2,2,2,2,4,5,4,5,4,5,3,4,3,3,4,5,4,4,5,4,4,4,4,3,3,3,4,11,1,2,2,2,0,7,2,4,3,4,4,4,4,4,4,3,4,4,2,4,4,2,4,4,4,3,4,4,3,5,4,4,4,5,5,4,4,4,4,3,2,2,2,2,2,2,2,2,2,3,3,3,3,3,2,7,6,4,4,5,6,7,7,6,1,54,2,1,1,1,40,4000,2500,0,32501,경기 침체,인문계
27907,2,3,4,3,1,0,2,2,1,0,1,0,1,0,3,3,3,4,1,0,1,0,1,0,3,3,1,0,2,2,3,3,1,0,1,0,1,0,1,0,1,0,2,3,2,3,1,0,1,0,1,0,1,0,1,0,4,4,1,0,1,0,1,0,3,4,4,4,1,0,3,4,1,0,5,4,4,3,3,3,4,4,4,5,4,5,3,4,3,4,2,2,2,2,1,4,3,2,3,4,1,3,1,2,2,2,0,3,1,2,1,1,3,2,3,2,1,3,4,3,5,2,2,4,5,4,3,3,4,2,4,5,2,4,2,4,3,4,3,2,4,5,2,2,2,2,2,2,2,2,2,2,2,3,3,3,1,4,6,2,7,5,3,4,7,2,2,57,2,1,1,1,40,2200,2100,0,816103,업종 사람 갈수록,상고
27908,2,2,2,2,1,0,2,2,1,0,2,2,1,0,2,2,2,2,2,2,2,2,2,2,2,2,2,2,2,2,2,2,2,2,2,2,1,0,2,2,2,2,2,2,2,2,1,0,2,2,2,2,2,2,2,2,2,2,2,2,1,0,2,2,2,2,2,3,2,3,2,3,3,3,3,3,3,3,3,3,2,3,1,0,3,4,2,3,3,2,2,2,3,4,3,4,3,2,3,2,2,3,1,2,2,1,4,4,2,4,3,4,4,2,2,3,2,2,3,3,3,4,3,4,4,3,4,4,4,4,2,4,4,5,4,5,4,4,5,4,4,4,2,2,2,2,2,2,2,2,2,2,2,2,2,2,2,7,7,6,4,4,5,7,6,4,2,48,2,1,3,1,50,3400,1900,0,862101,패턴 치수 재는 컴퓨터 프린터 그릴,디자인
27909,4,3,5,3,1,0,5,3,4,4,5,5,3,4,3,4,5,3,4,5,5,5,3,4,5,3,5,6,5,5,4,6,5,4,5,3,3,3,4,3,5,5,4,3,5,3,3,3,1,0,1,0,1,0,1,0,1,0,1,0,1,0,1,0,1,0,1,0,1,0,1,0,1,0,1,0,1,0,1,0,1,0,1,0,1,0,1,0,5,3,5,5,5,4,3,2,3,4,4,2,5,11,1,6,2,1,1,1,2,4,3,3,5,4,4,3,3,3,3,4,2,5,3,5,4,4,5,2,5,3,3,4,3,3,2,4,4,4,3,4,5,4,2,2,1,2,2,2,1,1,1,3,1,3,2,2,2,7,7,6,7,7,7,7,7,7,2,53,2,1,3,2,40,7000,3000,0,33202,DB영업의 교육 경기 불황 인원 감축 디지털 발전 다이렉트 보험 가입 판매,이과
27910,4,6,5,5,4,5,4,6,4,6,4,6,4,5,4,6,5,6,4,6,4,6,4,6,4,6,5,6,4,6,4,5,4,6,4,6,4,6,5,6,4,6,4,6,4,5,4,6,4,6,4,5,4,6,4,6,4,6,4,6,4,6,4,5,4,5,3,5,4,4,3,4,3,4,4,4,3,4,3,4,4,5,4,4,3,4,3,5,3,3,4,3,3,3,4,4,4,4,3,4,4,18,4,2,2,2,0,7,2,4,3,3,4,4,3,4,9,4,4,4,2,3,4,4,3,3,4,3,3,3,4,4,3,4,3,3,3,4,3,3,3,3,2,2,2,2,2,2,2,2,2,1,3,2,2,2,1,8,7,8,7,8,8,8,7,7,2,32,2,2,6,1,40,0,0,4500,416204,기계 대체 불가,방송연예
27911,3,4,3,5,4,4,4,4,4,5,4,5,1,0,4,4,3,3,3,4,3,4,4,4,2,2,2,3,3,3,3,4,3,4,1,0,2,3,2,2,3,3,3,3,2,2,2,2,2,2,2,3,3,3,2,2,2,2,2,2,4,5,2,2,3,3,2,3,3,3,2,4,2,2,4,5,3,4,4,4,3,4,4,3,2,3,2,3,4,4,2,3,4,3,3,3,2,4,4,3,3,17,2,6,1,1,6,6,7,4,4,4,5,4,5,5,4,4,4,4,4,4,4,3,4,4,4,5,4,4,4,4,4,5,4,4,4,4,5,4,4,3,2,2,2,2,2,2,2,2,2,3,4,3,3,3,2,7,3,4,3,2,6,6,4,4,1,38,6,1,1,1,40,8800,8200,0,301101,의사자격증 심장내과전문의 인턴 레지던트 과정 노인 환자 증가,의학
27912,3,5,3,5,3,4,3,4,4,5,3,5,3,5,3,5,4,5,3,6,3,5,3,5,3,5,2,5,4,5,4,5,3,5,3,5,3,4,4,4,3,5,4,5,4,4,3,4,4,5,4,5,3,5,4,5,4,6,4,5,3,5,4,5,3,5,4,5,4,6,4,6,3,5,4,5,4,5,4,5,4,5,4,5,4,5,4,5,3,4,3,4,3,2,3,2,3,3,3,3,4,7,1,1,2,2,0,2,1,3,1,1,2,2,2,3,3,3,4,3,2,2,2,4,4,3,2,3,2,3,4,4,3,4,3,3,4,4,4,3,4,3,2,2,1,2,1,2,2,1,1,1,4,1,1,3,2,4,5,5,4,5,5,5,6,6,1,52,3,1,1,1,52,2300,1500,0,872201,조리기구 교체 직장인 가구 증가 조리 음식 판로 확대,경영학
27913,2,2,2,3,2,2,1,0,1,0,2,3,4,5,4,5,4,5,4,6,4,6,4,5,4,5,4,6,4,5,4,5,4,5,4,5,4,5,4,5,4,4,4,5,4,5,2,3,3,4,3,4,3,3,3,4,3,4,2,3,2,2,3,3,2,2,3,4,3,4,4,5,1,0,5,6,3,3,2,4,2,3,2,3,5,6,1,0,4,3,4,4,3,4,3,3,3,4,2,3,3,18,1,2,1,2,0,1,4,4,3,3,4,3,3,2,3,3,3,3,2,3,3,2,3,4,3,3,3,3,3,3,4,3,3,4,3,3,3,3,3,3,2,2,2,2,2,2,2,2,2,2,3,2,2,2,1,8,7,7,3,3,2,7,3,2,2,32,3,1,1,1,42,3200,2200,0,511401,메이크업아티스트 분장사 당분간 변화 요인,메이크업
27914,3,4,4,5,4,5,4,5,1,0,1,0,1,0,1,0,1,0,1,0,1,0,1,0,2,3,2,3,5,6,2,3,4,5,1,0,1,0,4,5,5,6,2,3,1,0,1,0,1,0,4,5,4,5,1,0,1,0,1,0,2,3,3,4,1,0,1,0,1,0,1,0,1,0,3,4,1,0,1,0,1,0,1,0,3,4,1,0,4,4,3,4,3,4,3,3,4,3,4,3,4,17,1,5,1,2,0,7,5,4,4,4,5,5,4,5,4,4,4,4,3,4,3,3,4,4,4,3,4,3,4,3,3,4,4,4,4,3,4,4,4,4,2,2,2,2,2,2,2,2,2,2,3,3,3,3,2,7,6,7,7,6,8,7,6,7,1,34,5,1,1,1,40,6000,5000,0,301106,의사 건강 관심,의학
27915,4,4,4,5,4,4,4,5,3,4,4,4,3,4,4,5,3,4,2,3,3,3,4,6,4,5,4,5,4,5,4,5,3,4,3,4,4,5,3,4,3,3,3,4,3,5,2,3,2,3,2,3,2,3,2,3,2,3,2,3,2,3,2,3,2,3,2,4,2,2,2,2,2,2,3,3,2,2,4,5,3,4,2,2,4,5,4,4,4,4,4,4,4,3,4,4,4,3,3,4,4,17,1,2,1,2,0,1,5,4,3,3,4,4,3,4,3,4,4,4,3,3,3,2,3,4,4,3,3,4,3,4,3,4,4,3,4,4,4,4,4,3,2,2,2,2,2,2,2,2,2,2,4,2,2,3,1,3,2,2,2,3,8,2,3,8,2,28,4,1,1,1,40,3000,2500,0,306903,놀이심리상담사 아동 심리 대한 관심 증가,사회복지학
27916,1,0,3,2,1,0,2,2,1,0,2,2,2,2,1,0,2,3,4,4,1,0,1,0,4,4,1,0,1,0,1,0,1,0,1,0,1,0,1,0,3,2,2,3,3,2,2,2,2,1,1,0,2,2,1,0,2,3,1,0,1,0,1,0,2,3,2,3,3,2,1,0,1,0,2,3,3,3,3,2,4,4,4,5,4,5,4,6,3,2,5,2,2,1,5,2,3,2,2,3,2,1,4,1,2,2,0,7,1,1,1,1,4,4,2,2,9,9,9,3,2,4,3,4,4,4,2,3,3,4,3,5,1,3,4,3,4,5,4,3,4,3,2,2,2,2,2,2,2,2,2,1,1,3,3,3,2,7,7,6,5,6,5,7,4,6,2,63,1,2,6,1,48,0,0,2500,904201,어장 환경 오염 지원 감소,0
27917,4,5,3,4,3,3,3,4,3,4,3,3,3,4,4,5,4,4,3,4,4,4,3,3,3,4,3,4,4,4,3,4,2,3,3,4,3,4,4,4,3,4,4,5,3,4,4,4,4,5,3,4,4,4,4,5,3,4,4,4,4,4,4,4,4,4,4,5,4,5,4,4,4,5,4,4,3,3,3,4,4,5,3,4,3,4,4,4,4,3,3,3,4,4,3,3,3,4,4,3,3,19,1,2,2,2,0,2,2,4,3,4,4,3,3,4,3,3,4,4,3,2,3,4,3,3,4,4,3,3,3,3,3,4,4,4,3,3,4,4,4,2,2,2,2,2,2,2,2,2,2,2,3,3,3,3,2,7,4,4,5,6,5,7,6,5,1,38,2,2,5,1,40,0,0,4000,811101,공란,상고
27918,4,5,4,6,4,4,4,4,3,5,4,5,3,5,3,3,4,5,3,4,4,4,4,6,3,3,4,5,3,5,3,5,3,3,3,4,3,5,4,5,5,5,4,5,3,4,3,5,2,3,4,5,4,4,3,4,3,3,2,3,4,4,5,5,2,2,3,3,2,2,2,3,5,5,2,3,2,2,3,3,2,2,2,3,3,3,3,4,4,3,4,3,4,3,4,3,4,4,4,4,4,4,2,3,2,2,0,6,5,5,4,4,4,5,3,3,4,3,4,4,2,4,4,4,4,4,4,2,2,3,3,5,4,3,5,4,4,5,5,3,5,4,2,2,2,2,2,2,2,2,2,1,3,3,3,3,2,6,6,5,4,4,5,6,5,5,1,55,4,1,1,1,40,8600,5000,0,16201,기업 인력 관리,행정학
27919,2,2,4,5,1,0,3,4,2,2,1,0,1,0,2,2,2,3,3,5,1,0,1,0,3,3,2,2,2,2,3,4,2,2,3,3,1,0,4,4,2,2,4,5,4,5,3,4,1,0,1,0,1,0,1,0,2,3,1,0,1,0,1,0,1,0,2,3,2,3,3,4,1,0,2,3,2,3,3,4,2,2,2,1,3,3,3,4,3,3,5,3,2,4,3,4,2,1,2,1,3,8,1,1,1,1,5,5,2,3,2,1,4,3,3,3,9,9,4,4,3,2,4,4,4,5,3,2,3,2,5,4,3,2,3,2,3,5,4,3,5,4,2,2,2,2,2,2,2,2,2,1,3,3,3,3,2,7,8,8,4,5,5,3,2,5,1,59,2,1,1,1,52,3400,2000,0,622101,1종보통운전증 택시자격증 주행능력 자율 주행,전기
27920,3,5,4,4,4,5,3,3,3,4,2,3,3,3,2,3,3,3,2,3,2,3,2,3,2,3,2,2,2,5,2,2,3,4,2,2,2,3,3,4,3,4,2,2,2,3,1,0,1,0,2,2,2,4,1,0,2,3,1,0,3,4,2,4,2,2,2,2,1,0,1,0,3,5,3,4,3,4,3,3,2,2,3,4,3,4,3,5,3,3,3,4,3,2,5,3,2,3,3,3,2,15,2,2,1,1,1,7,4,3,3,3,4,3,3,3,2,3,3,3,3,3,3,3,3,4,3,3,4,5,3,4,3,3,4,4,4,3,4,3,3,3,2,2,2,2,1,1,2,2,2,2,2,3,1,3,2,7,7,7,5,6,5,6,6,5,2,34,4,1,1,1,40,2900,2300,0,306101,임상병리사 검사하는 병리 관한 업무 교육 병리 조직 기계 도입 임상병리사 업무 자동화 시스템 검사 기기 발달 인력 감소 예상,임상병리학
27921,5,7,5,7,5,7,5,6,4,5,5,6,4,5,4,5,5,6,4,5,4,6,5,5,4,5,5,6,4,5,4,4,2,3,2,4,4,6,4,5,5,6,4,5,4,4,3,4,3,4,3,3,4,5,1,0,1,0,1,0,2,3,3,4,2,3,1,0,1,0,1,0,4,5,3,3,2,3,3,4,2,5,2,3,4,4,4,4,4,3,3,4,4,4,4,4,3,4,3,4,4,15,2,5,1,2,0,7,5,4,4,4,5,4,4,3,3,4,4,4,2,3,3,3,2,3,3,2,4,3,3,4,3,3,4,4,3,5,4,3,4,5,2,2,2,2,2,2,2,2,2,1,3,3,3,3,2,6,6,5,5,6,6,6,5,5,1,41,5,1,1,1,48,6000,3000,0,122106,축산기술사 축산기사 상태 유지,축산학
27922,4,7,4,7,3,5,3,5,1,0,2,3,2,3,1,0,3,4,1,0,1,0,2,3,3,3,2,3,3,5,2,3,2,3,3,3,3,5,3,3,3,3,3,3,2,4,1,0,2,2,2,2,2,3,1,0,1,0,1,0,2,3,1,0,1,0,1,0,1,0,1,0,2,2,1,0,2,3,2,3,2,4,2,2,3,4,3,3,4,4,4,4,4,3,4,4,4,4,4,4,4,17,1,2,1,1,6,6,5,4,3,3,4,4,5,4,4,3,4,4,2,4,3,3,3,2,3,4,4,3,3,3,4,4,3,3,4,3,3,4,4,3,2,1,1,2,2,1,2,1,1,1,2,2,2,2,1,6,4,6,5,4,4,6,5,7,2,35,4,1,1,1,48,8000,7500,0,301104,의사 전문의 인턴 전문의 과정 기계 도입 교육 종사,의예
27923,4,6,4,5,3,4,3,4,5,6,3,4,2,3,4,5,3,3,3,4,3,3,4,5,4,6,4,5,3,4,4,6,2,3,2,2,3,5,4,4,3,4,3,4,2,3,2,3,2,2,2,2,4,5,2,2,4,4,4,5,4,6,3,5,3,3,4,4,3,4,3,3,3,3,3,5,4,5,3,3,3,4,3,3,4,5,2,2,4,5,2,4,5,2,4,3,4,3,5,4,4,17,1,2,1,2,0,2,4,5,4,4,5,4,4,4,3,3,4,4,2,3,4,4,3,2,4,2,4,3,2,4,4,3,4,3,4,4,4,3,4,4,2,2,2,2,1,1,2,1,1,2,4,2,2,3,2,6,5,4,4,5,4,6,4,4,2,46,4,1,1,1,40,4000,3200,0,306201,방사선사 코로나 방역 관리 지침 수요 증가 코로나 영향,방사선
27924,4,5,3,5,4,5,4,4,3,5,4,4,3,5,4,6,3,4,3,5,3,6,4,5,4,4,3,5,4,5,4,5,3,4,4,5,3,4,3,5,4,4,4,5,3,5,4,3,4,4,4,5,2,4,3,4,3,4,3,3,4,4,3,4,3,4,3,2,3,2,3,3,3,4,2,2,2,2,2,3,3,4,2,5,3,5,3,5,4,4,3,2,4,3,5,4,2,3,4,5,3,15,2,6,2,2,0,7,3,4,2,2,5,3,2,1,2,3,3,2,4,3,2,3,4,3,4,4,2,2,2,5,2,4,4,4,4,4,4,3,4,4,2,2,2,2,2,2,2,2,2,2,4,1,1,1,2,3,3,5,3,3,5,7,7,5,2,28,4,1,1,1,40,3000,2500,0,231401,상태 유지,상담심리학
27925,1,0,2,2,1,0,1,0,1,0,1,0,2,3,3,3,2,3,2,3,2,3,2,2,2,3,3,3,2,2,2,3,2,3,2,2,1,0,2,2,2,2,2,2,2,3,2,2,2,2,2,2,2,3,2,3,2,3,2,1,3,3,2,2,2,3,3,3,2,3,2,2,2,2,2,3,3,4,3,3,3,3,2,3,3,4,3,3,4,4,3,3,3,3,2,2,3,2,2,2,2,9,1,2,2,2,0,2,1,2,1,1,4,3,3,3,3,3,4,3,4,2,2,3,3,3,3,3,2,3,3,4,2,3,3,3,3,4,4,4,4,3,2,2,2,2,2,2,2,2,2,2,2,2,2,2,2,6,6,6,5,5,5,6,6,5,1,30,2,1,1,1,40,3200,2300,0,532201,무인기 셀프서비스 등장 고용 감소,문과
27926,2,2,2,3,2,2,2,2,4,4,1,0,1,0,2,4,2,2,3,4,3,3,3,3,4,3,1,0,1,0,2,3,1,0,1,0,1,0,4,4,2,2,1,0,2,2,1,0,1,0,1,0,3,3,1,0,3,4,4,4,1,0,1,0,3,3,4,5,5,5,5,4,1,0,3,3,3,4,3,3,3,4,3,5,3,4,3,5,3,3,2,3,4,2,3,1,2,1,2,4,2,6,1,2,1,1,2,1,2,4,3,3,4,3,2,3,1,3,4,3,3,3,3,4,4,2,3,3,4,2,4,5,3,2,1,2,3,5,2,2,4,5,2,2,2,2,2,2,2,2,2,3,2,2,2,2,2,6,5,3,8,4,4,7,3,4,1,50,2,1,1,1,40,4000,2400,0,811301,크레인운전기능사 현장 실무 교육 건설 경기 위축,기계
27927,4,6,3,5,1,0,3,4,3,3,4,6,3,3,4,5,5,7,3,4,2,3,1,0,4,6,1,0,1,0,1,0,1,0,1,0,3,4,2,3,3,4,1,0,3,3,1,0,3,3,1,0,3,5,3,4,5,7,5,7,2,2,2,3,4,6,4,6,5,7,5,7,1,0,3,3,4,5,2,5,4,5,3,4,5,6,4,6,3,4,3,3,4,2,3,5,1,3,4,4,4,8,1,6,1,1,2,3,4,3,3,3,2,3,2,3,3,3,4,3,3,3,3,3,4,4,4,3,4,4,3,5,5,4,3,3,4,4,4,2,4,4,2,2,2,2,2,2,2,2,2,1,4,2,2,2,2,6,2,6,3,6,5,1,6,5,1,30,4,1,1,1,40,4500,3800,0,812101,항공정비사 정비판단 비교검사 교육 훈련 저가 항공사 기존 항공사 항공 고객 증대,항공정비
27928,3,4,5,5,4,5,4,5,2,4,3,4,3,3,3,4,2,3,2,2,3,4,3,4,2,3,1,0,2,3,3,3,2,3,2,2,2,2,4,4,2,2,3,5,3,3,2,2,2,2,2,2,3,4,1,0,1,0,1,0,2,3,1,0,1,0,1,0,1,0,1,0,1,0,1,0,1,0,1,0,1,0,1,0,3,3,3,3,4,4,4,2,3,4,1,2,4,4,3,2,2,17,3,5,1,1,1,6,6,3,4,3,2,4,4,3,2,3,4,3,3,2,1,1,3,1,2,4,5,5,2,5,1,3,4,3,3,4,2,2,4,4,2,2,2,2,2,2,1,1,1,1,3,3,3,3,2,7,2,5,7,5,9,7,7,7,2,35,5,1,2,2,40,3500,3000,0,306601,정신건강임상심리사 정신건강 업무관련 교육 매년 상향 조정 성과 업적 자격증 취득 제한 조건,심리학
27929,1,0,3,4,1,0,3,4,1,0,2,2,3,4,2,3,1,0,1,0,1,0,2,3,4,5,1,0,3,4,4,5,3,4,1,0,2,2,2,2,1,0,1,0,2,2,1,0,1,0,1,0,4,5,4,5,4,6,1,0,1,0,1,0,1,0,1,0,1,0,1,0,1,0,2,2,2,3,3,4,1,0,3,4,3,4,3,4,4,4,3,3,4,3,3,2,3,4,2,2,3,9,1,2,1,1,2,3,3,3,3,4,4,3,3,4,3,3,4,3,3,4,3,4,3,3,4,4,3,3,4,3,2,2,3,3,4,3,3,3,4,4,2,2,2,2,2,2,2,2,2,1,3,2,2,2,2,3,3,3,2,2,2,3,3,2,2,28,3,1,1,1,32,3000,2300,0,531601,조주기능사 칵테일 제조 연습 음주 문화 지속 때문,소믈리에학
27930,2,3,3,4,2,3,3,3,3,3,4,7,5,7,5,6,3,3,5,7,3,3,5,6,2,3,1,0,2,3,5,6,1,0,1,0,1,0,4,6,4,4,3,3,2,2,1,0,2,1,1,0,4,6,4,6,4,6,4,6,4,6,2,1,4,6,1,0,1,0,1,0,1,0,4,6,4,5,4,6,2,3,2,1,5,5,3,3,5,5,4,4,5,4,4,5,5,4,4,4,5,13,2,3,2,2,0,2,6,4,5,4,5,4,4,4,3,3,4,4,1,4,4,4,2,5,4,2,5,4,3,4,3,5,4,3,5,4,3,5,4,2,2,2,2,2,2,2,2,2,2,1,4,3,3,3,2,6,8,3,7,4,2,7,5,7,1,38,5,1,1,1,40,5100,4500,0,121106,과학기술 기초 분야 인력 육성 위해 정부 투자,천문학
27931,3,5,3,4,3,3,3,3,3,3,3,3,3,4,3,3,3,4,3,4,3,3,3,3,3,4,3,4,3,3,3,4,3,3,3,4,3,3,3,3,3,3,3,4,3,3,3,3,3,3,3,3,3,3,3,3,3,4,3,3,3,4,3,4,3,3,3,3,3,4,3,3,3,4,3,3,3,3,3,3,3,3,3,4,3,3,3,4,4,3,3,4,4,4,4,4,4,4,4,4,4,11,1,6,1,2,0,7,4,3,4,4,3,3,3,3,3,3,3,3,4,3,3,3,3,3,3,3,4,3,3,3,3,4,4,3,4,3,3,3,3,3,2,2,2,2,2,2,2,2,2,1,3,3,2,3,2,6,6,6,7,6,5,5,5,5,2,44,4,1,1,1,58,4000,3000,0,31301,보험계리사 일자리 변화,통계학
27932,3,4,2,2,1,0,2,2,1,0,1,0,1,0,1,0,1,0,2,2,1,0,2,2,2,2,2,2,2,2,2,2,2,2,2,2,2,2,2,2,2,2,2,2,2,2,1,0,2,2,1,0,2,2,2,2,2,2,2,2,2,2,2,2,2,2,2,2,2,2,2,2,2,2,2,2,2,2,2,2,2,2,2,2,3,3,2,2,3,4,3,1,1,2,2,2,2,2,2,2,2,3,1,4,2,2,0,1,1,1,2,2,2,2,3,2,2,3,3,2,4,2,2,4,4,3,4,4,4,4,1,4,4,3,4,4,4,5,4,4,4,5,2,2,2,2,2,2,2,2,2,3,2,2,2,2,2,7,6,5,6,4,7,7,3,4,1,45,2,1,1,1,50,3800,2200,0,861101,일자리,섬유
27933,1,0,2,5,1,0,1,0,1,0,2,5,1,0,2,5,2,6,1,0,1,0,2,4,3,5,1,0,1,0,2,6,1,0,1,0,1,0,4,5,5,7,4,5,3,4,1,0,4,4,2,4,4,5,5,6,5,5,5,4,1,0,4,4,5,5,4,5,4,6,4,5,2,5,5,6,5,6,3,5,4,6,4,4,4,4,4,3,4,4,3,3,2,2,3,4,2,4,3,3,4,3,1,2,2,2,0,3,2,4,1,1,4,4,2,3,2,3,3,3,4,2,2,4,3,2,2,3,3,4,4,4,2,3,4,4,4,4,4,3,4,4,2,2,2,2,2,2,2,2,2,2,2,3,3,3,2,8,1,8,1,8,8,8,2,8,1,32,3,1,1,1,40,2400,1800,0,882201,기계 장비 도입 자동화 시스템,자동차
27934,3,4,4,6,4,5,4,5,5,6,4,6,4,6,4,6,4,6,4,5,5,6,4,6,4,5,4,6,4,6,4,5,4,6,4,5,4,6,4,6,4,5,4,5,4,6,4,5,4,6,3,5,4,5,4,6,4,6,4,6,4,6,4,6,4,5,4,5,4,6,4,6,4,5,4,5,4,5,4,5,4,5,4,5,4,4,4,5,4,4,4,5,4,3,4,4,4,3,4,5,4,18,1,2,2,2,0,3,2,3,4,4,4,4,4,5,5,4,5,5,4,3,4,4,4,4,3,4,4,3,4,4,4,3,5,5,4,4,4,4,4,4,2,2,2,2,2,2,2,2,2,1,4,2,2,2,1,5,3,5,4,7,6,7,7,6,2,30,2,1,3,2,38,2400,1600,0,617101,홍보 마케팅,인문계
27935,3,3,3,3,2,3,2,3,2,3,2,3,1,0,2,2,2,3,1,0,3,3,1,0,3,3,1,0,2,3,2,2,2,3,1,0,1,0,4,6,4,5,1,0,1,0,1,0,1,0,1,0,2,4,1,0,4,5,2,4,2,3,1,0,3,3,2,2,2,3,4,3,1,0,2,2,1,0,1,0,1,0,1,0,2,3,2,2,3,4,2,3,4,3,4,3,3,3,2,2,2,17,1,1,1,2,0,5,4,3,3,3,4,2,3,3,3,3,4,3,3,4,3,4,4,3,3,3,2,3,3,5,3,2,2,3,3,4,3,2,4,4,2,2,2,2,2,2,2,2,2,3,2,2,2,3,1,6,6,6,4,4,6,5,5,4,1,38,3,1,1,1,40,3600,2000,0,306902,청능사 업무 절반 정도 자동화 수도,청각학
27936,3,5,3,5,4,6,1,0,1,0,1,0,1,0,4,6,5,7,2,5,1,0,3,6,4,6,1,0,4,5,2,4,1,0,1,0,2,5,1,0,2,4,1,0,1,0,1,0,2,2,1,0,2,5,1,0,3,5,3,4,3,4,1,0,4,6,3,4,2,4,2,4,1,0,4,6,3,6,4,6,1,0,3,5,3,5,3,5,4,2,3,3,3,5,5,3,3,3,3,3,3,15,2,6,1,2,0,3,4,3,4,2,4,4,3,3,3,3,3,3,3,5,3,3,3,2,3,3,3,3,3,3,3,3,3,2,3,3,2,2,3,4,2,2,2,2,2,2,2,2,2,4,1,3,3,3,2,7,4,4,3,3,4,2,4,7,2,31,4,1,1,1,40,5500,3000,0,29902,속기사 녹음기 능이,영어영문학
27937,4,5,4,5,2,3,3,4,3,5,4,5,4,5,2,3,4,5,4,5,3,4,4,5,5,6,2,4,4,6,3,5,2,3,1,0,5,7,2,3,4,5,5,6,4,5,1,0,1,0,2,4,2,3,1,0,4,6,4,5,3,4,1,0,2,3,2,3,2,3,4,5,4,5,5,7,4,6,4,6,3,4,3,4,4,5,3,4,4,5,2,5,5,2,5,5,3,5,5,5,3,17,1,3,1,1,6,6,7,4,4,4,5,5,2,4,5,5,5,5,2,4,4,4,3,3,4,2,3,3,2,3,3,4,4,4,4,3,4,4,4,4,2,2,1,1,2,1,2,2,2,3,2,3,3,3,2,6,6,4,4,3,3,4,6,7,2,41,4,1,1,1,40,12000,8000,0,301102,외과 전문의 자격증 인턴 레지던트 의료 기술 발달 시스템 개발 노령 인구 증가 지속 수요,일반외
27938,1,0,1,0,1,0,1,0,1,0,1,0,1,0,2,3,2,3,2,3,1,0,2,3,2,3,2,3,1,0,1,0,1,0,1,0,2,3,2,3,1,0,1,0,2,3,1,0,1,0,1,0,2,3,1,0,2,3,1,0,1,0,3,4,2,3,3,4,2,3,2,4,2,3,2,3,2,3,2,3,3,4,1,0,3,4,2,3,3,3,4,3,3,3,4,3,3,4,3,3,3,8,2,6,2,2,0,7,2,4,3,2,3,3,3,3,3,4,3,3,3,3,3,3,3,3,2,3,3,3,3,3,3,4,4,4,3,4,4,3,3,4,2,2,2,2,2,2,2,2,2,2,3,2,2,3,1,6,6,7,4,4,5,6,6,5,1,52,4,1,1,1,40,5210,3100,0,621901,유지 생각,행정학
27939,3,5,3,4,3,2,3,5,4,4,4,4,3,3,3,3,3,4,4,4,3,3,3,4,3,3,3,4,3,3,4,4,3,3,3,6,3,2,3,5,3,3,4,3,3,4,4,3,4,3,4,4,3,4,3,3,3,5,3,5,3,3,3,3,3,4,3,2,3,5,3,3,3,4,3,3,3,4,3,3,4,4,3,3,4,4,3,3,4,4,3,3,4,3,4,3,2,3,3,2,3,6,1,1,1,2,0,6,4,4,3,4,4,3,3,5,4,5,5,5,4,3,4,4,4,3,3,4,4,4,4,4,3,3,4,4,4,4,3,3,5,4,2,2,2,2,2,2,2,1,1,2,2,3,3,2,2,3,7,3,5,6,6,7,4,6,1,51,3,2,5,1,52,0,0,5000,140304,토목감리기술사 전산 자동화 기술 변경 스트레스 자동화 일자리 감소,건축학
27940,2,5,3,5,3,5,2,4,3,4,2,5,2,4,2,4,3,4,3,5,2,4,2,4,3,4,3,5,3,5,2,4,2,5,2,4,3,4,3,4,2,4,2,3,3,3,2,3,1,0,2,3,3,4,2,3,3,4,2,4,3,4,4,5,2,3,3,4,3,3,3,4,2,3,2,2,2,4,2,4,4,4,4,3,3,3,3,2,4,3,3,2,3,2,3,4,2,3,3,3,3,13,1,2,1,1,2,5,4,3,2,2,2,2,3,3,3,3,3,3,3,3,3,4,3,1,4,2,4,5,3,5,2,4,4,3,4,4,4,4,4,5,2,2,1,2,1,1,2,1,1,2,1,3,3,3,2,6,7,6,7,7,6,7,6,6,1,40,4,1,1,1,48,4800,3400,0,158501,방사선비파괴검사기사 장비 다루는 기술 습득 신규 장비 구매 조직 변경 전문 장비 사용 인력 감소 때문,원자력공학
27941,3,4,3,3,3,4,3,4,2,4,1,0,1,0,1,0,3,4,4,5,1,0,2,3,3,3,3,5,4,4,1,0,3,4,1,0,3,4,4,4,3,4,4,4,3,4,2,3,1,0,4,5,2,4,1,0,2,4,3,3,2,2,3,4,2,4,1,0,1,0,3,4,1,0,3,3,3,2,1,0,1,0,1,0,3,4,4,3,3,5,3,4,5,3,3,3,3,4,4,4,4,17,1,1,1,1,3,2,5,4,4,4,4,4,3,4,3,3,4,4,3,3,3,4,4,4,4,3,3,3,3,4,4,4,3,4,2,4,4,4,4,3,2,2,2,2,2,2,2,2,2,2,2,3,2,3,2,4,4,4,3,3,3,6,6,3,2,33,4,1,1,1,53,6230,5890,0,303001,약사 조제 전산업무 제조 기술 기계화 무인 가능,약학
27942,3,4,3,4,2,2,2,3,3,4,3,4,2,2,2,2,3,4,1,0,2,3,2,3,3,4,3,4,1,0,2,2,1,0,2,3,2,2,3,4,3,4,3,4,2,3,2,3,2,3,1,0,3,4,3,4,4,5,3,5,2,3,3,4,3,4,3,4,3,4,3,4,3,4,2,3,1,0,3,4,1,0,1,0,2,2,1,0,4,3,3,3,4,4,3,4,3,4,4,4,3,4,1,2,1,1,3,3,5,4,4,3,4,4,4,4,3,3,4,4,3,4,4,3,4,4,3,3,3,3,3,3,3,4,4,3,3,4,4,3,4,4,2,2,2,1,2,2,2,2,2,2,4,1,2,2,1,5,4,5,6,6,5,6,5,5,1,49,4,1,1,1,50,5000,3000,0,153101,전자기계산기능사 실무 경험 상품 개발 산업 수요 증가,전자공학
27943,3,2,4,5,3,5,3,4,3,5,3,5,1,0,3,4,3,4,4,5,1,0,3,3,3,4,1,0,2,4,2,4,1,0,1,0,3,5,4,5,4,5,3,5,3,3,1,0,3,3,1,0,3,5,1,0,3,5,4,6,3,4,1,0,3,5,3,4,3,4,3,5,1,0,3,4,3,3,3,4,3,4,3,4,2,4,2,4,4,4,2,3,3,2,3,3,3,2,3,4,3,8,2,6,1,2,0,4,2,3,3,4,3,3,3,3,2,4,4,3,2,4,3,4,4,4,3,1,2,2,3,3,3,3,3,3,4,3,3,3,4,4,1,1,1,2,2,1,1,1,1,2,2,3,3,3,2,3,3,4,4,3,3,5,4,4,1,27,2,1,1,1,52,3500,3000,0,831101,전기기능사 비정규직 정규직 전환 업무 간소화 설비 개발 것이므,전기
27944,3,4,3,4,2,4,4,5,2,2,3,5,3,4,4,4,3,3,3,5,4,6,2,3,3,3,2,2,2,3,3,4,4,5,3,3,2,2,4,6,4,6,4,5,4,6,2,3,2,2,3,4,2,2,2,3,3,4,4,5,3,4,3,4,2,3,3,4,4,5,3,4,2,3,3,3,2,2,3,4,1,0,2,2,3,4,2,3,4,4,4,4,3,4,4,3,4,4,3,3,4,10,1,2,1,1,2,2,2,3,4,4,4,4,4,4,4,4,4,4,2,4,4,3,3,2,3,3,4,4,4,4,4,3,4,4,4,5,2,4,5,3,2,2,2,2,2,2,2,2,2,1,4,1,1,1,2,7,4,4,3,3,5,7,4,5,1,45,3,1,1,1,48,3600,3100,0,842301,방송통신기능사 설치 수리 실무 인터넷 사용자 증가 인력 확충,정보통신학
27945,3,2,3,2,2,3,2,2,1,0,1,0,1,0,2,2,2,2,1,0,1,0,3,3,2,2,2,3,3,3,3,3,1,0,1,0,2,2,2,3,3,3,2,2,3,3,1,0,1,0,1,0,1,0,1,0,1,0,1,0,1,0,1,0,1,0,1,0,1,0,1,0,1,0,1,0,1,0,1,0,1,0,2,2,3,3,3,3,4,4,3,3,3,3,3,3,3,3,5,3,3,15,2,2,1,1,2,2,4,3,4,4,4,5,4,3,2,3,4,3,2,3,4,3,3,1,4,3,4,5,4,4,3,2,2,2,2,3,2,2,3,4,2,2,2,2,2,2,2,2,2,2,4,3,1,2,2,6,5,4,3,3,2,4,5,4,2,28,4,1,1,1,40,2500,2400,0,231401,직업상담사1급 직업상담사훈련 직업 상담 수요 증가,심리학
27946,2,3,2,3,2,2,2,2,2,2,1,0,1,0,2,3,2,2,2,1,1,0,3,4,3,4,2,3,2,2,3,4,2,2,2,3,3,4,3,4,3,4,3,4,2,3,3,4,3,4,2,3,2,2,2,3,2,3,2,3,1,0,3,4,2,3,2,2,2,2,1,0,3,3,3,4,2,2,2,3,3,4,2,2,2,2,2,3,3,3,3,2,2,2,2,3,1,3,2,1,3,7,1,1,2,2,0,4,2,2,3,3,3,4,3,3,3,3,4,3,3,3,2,3,4,3,2,3,4,3,3,4,3,4,4,3,3,4,4,3,4,4,2,2,2,2,2,2,2,2,2,2,3,2,2,3,2,4,4,5,6,5,5,5,4,6,2,48,2,1,1,1,54,2600,2100,0,872201,불경기,이과
27947,1,0,1,0,1,0,1,0,3,5,3,5,1,0,1,0,3,5,1,0,1,0,1,0,1,0,1,0,1,0,1,0,1,0,1,0,1,0,1,0,1,0,1,0,1,0,1,0,1,0,1,0,5,7,5,7,4,6,5,7,4,5,4,6,4,6,4,6,4,5,4,6,1,0,1,0,1,0,1,0,1,0,1,0,1,0,1,0,4,4,3,3,3,2,4,3,3,4,3,2,3,13,1,2,2,2,0,7,5,3,3,3,4,4,4,4,4,4,4,4,2,4,4,4,3,2,3,4,3,3,4,4,3,3,2,3,3,4,2,2,4,3,2,2,2,2,2,2,2,2,2,2,2,2,2,3,1,7,4,4,3,4,5,6,4,4,1,30,4,1,1,1,40,3600,3000,0,153102,자동화 인구 감소 일자리 감소,전기공학
27948,4,5,5,6,4,5,5,6,3,3,4,5,5,6,4,5,3,5,4,4,4,5,4,5,4,5,4,4,4,5,4,5,4,5,3,4,4,5,5,6,4,5,4,5,4,4,4,5,3,4,4,5,2,2,2,2,2,1,2,2,4,5,4,5,2,3,2,2,2,2,2,2,2,2,2,3,2,2,4,4,3,4,3,4,4,4,4,4,4,4,5,5,4,4,4,4,3,3,3,4,4,9,1,2,1,1,2,2,4,4,3,4,4,4,4,4,3,4,4,3,4,3,4,4,3,3,4,4,3,3,3,3,3,4,4,3,3,4,4,4,3,3,2,2,2,2,2,2,2,2,2,3,4,3,2,2,1,6,5,5,6,6,5,6,5,6,1,35,4,1,1,1,40,4500,3000,0,14103,호텔관리사 일반업무 여행 대한 관심,호텔관광학
27949,5,7,5,6,4,6,4,5,4,5,4,6,4,6,4,6,4,5,3,5,4,5,4,6,4,6,3,3,4,6,4,5,3,5,4,5,5,6,4,6,4,6,4,6,3,4,3,3,2,2,3,5,3,3,2,2,1,0,1,0,2,2,1,0,2,2,1,0,1,0,1,0,4,4,1,0,1,0,1,0,1,0,1,0,1,0,1,0,4,4,4,4,4,4,4,4,4,4,4,4,4,15,2,5,1,2,0,6,5,5,4,4,4,4,4,4,4,4,4,4,2,3,3,4,3,3,4,3,3,3,4,4,4,3,4,4,3,2,3,3,3,4,2,2,2,2,2,2,2,2,2,2,2,3,3,3,1,3,3,2,3,3,4,6,4,5,2,45,5,1,1,1,52,4000,3300,0,110104,워드 교육학 상태 유지,교육학
27950,3,4,3,4,3,4,3,2,3,2,3,4,1,0,3,3,3,5,3,2,2,2,4,4,3,3,1,0,3,4,3,4,3,4,3,4,2,2,3,4,2,2,3,3,3,3,1,0,1,0,1,0,1,0,1,0,2,3,1,0,2,3,1,0,1,0,2,3,2,2,3,3,1,0,2,3,2,3,3,2,1,0,3,3,2,2,2,2,4,4,2,4,4,3,4,4,4,3,4,3,4,17,1,2,1,2,0,4,5,4,3,3,4,4,3,4,3,3,4,4,2,3,4,3,3,4,4,3,2,3,4,4,3,4,3,4,3,4,4,3,4,4,2,2,2,2,2,2,2,2,2,2,4,2,2,2,2,7,6,7,7,8,7,9,5,7,2,39,3,1,1,1,40,3600,2500,0,301004,간호사 분야 간호사 필요,간호학
27951,4,4,4,5,3,3,4,5,4,5,4,5,4,5,3,4,3,4,4,5,4,5,3,4,3,4,3,4,3,4,3,4,3,5,3,4,3,4,4,5,4,5,4,5,4,5,3,5,4,5,4,5,4,4,4,5,4,5,4,5,4,4,4,6,4,4,3,5,4,5,3,4,3,4,4,5,4,4,4,5,4,5,4,5,4,5,4,5,4,4,3,3,4,2,3,4,4,4,3,3,3,19,1,1,1,1,4,3,4,3,3,3,3,4,3,5,4,4,4,4,4,3,3,4,3,4,3,3,3,4,4,4,4,4,3,3,3,4,3,3,4,3,2,2,2,2,2,2,2,2,2,2,4,2,2,2,2,6,5,5,6,5,5,6,5,5,1,44,3,1,1,1,47,4200,3000,0,415301,실내건축산업기사 건축설계 노후 주택 증가 모델링,건축학
27952,4,6,4,5,4,6,4,5,3,5,4,4,3,4,4,5,4,4,2,3,4,5,3,5,3,5,3,4,4,4,3,4,4,5,3,5,4,4,2,4,4,4,3,3,3,4,4,4,3,5,3,4,4,4,2,4,3,5,4,4,2,4,3,5,3,4,4,4,3,5,4,4,4,4,2,3,3,5,3,5,2,3,3,5,3,5,2,3,3,3,3,4,4,4,4,3,3,3,4,4,4,17,1,1,1,1,6,6,5,4,4,4,4,4,3,4,4,4,4,4,2,4,4,4,3,3,3,2,3,3,4,3,4,3,3,3,4,4,4,3,3,4,2,2,2,2,2,2,2,2,2,2,2,2,2,2,2,2,2,2,4,3,4,3,6,6,1,37,4,1,1,1,40,17000,8000,0,301101,의사면허증 전문의자격증 레지던트 디지털 대의 로봇 진료,소화기내
27953,2,4,4,4,2,2,5,5,2,2,3,4,2,3,3,4,3,4,4,5,1,0,3,4,3,4,3,4,2,3,3,4,3,4,1,0,3,4,4,5,4,5,3,4,1,0,1,0,4,4,3,4,4,4,4,5,4,5,3,4,1,0,2,3,3,3,4,4,4,3,4,4,1,0,3,4,4,4,4,5,4,6,2,4,2,5,3,4,4,4,4,2,3,1,5,4,2,4,3,4,4,15,2,4,1,1,1,7,5,5,1,1,4,4,2,2,3,3,3,3,1,5,5,4,4,2,2,1,4,4,4,4,3,4,3,3,3,4,3,3,3,2,2,2,1,2,2,2,2,2,2,1,3,3,3,3,2,5,5,5,5,5,5,5,5,5,1,27,2,1,1,1,55,4500,3800,0,240201,인명구조사 스쿠버다이빙 1종 대형 면허 인명구조 장비 구매 증가,정보고등학교 정보학
27954,3,4,2,3,2,4,4,5,3,5,2,5,1,0,3,4,4,4,4,5,1,0,1,0,4,4,4,5,5,5,4,5,4,5,4,5,3,5,5,5,5,5,4,5,4,5,5,5,3,3,4,5,1,0,1,0,5,4,1,0,2,2,1,0,4,3,3,3,3,4,2,2,1,0,3,5,5,4,3,4,3,4,4,3,2,4,3,4,4,3,5,2,2,1,3,1,3,1,4,4,4,8,4,1,1,2,0,6,2,4,2,2,4,3,3,3,9,9,4,4,2,3,3,5,5,3,2,1,4,4,5,4,3,4,2,2,3,5,4,2,4,4,2,2,2,2,2,2,2,2,2,1,4,1,1,3,2,7,7,8,7,3,3,7,3,3,1,46,4,2,6,1,64,0,0,6000,624101,화물운송자격 1종운전면허 택배 이용 고객 증가,경영학
27955,5,6,3,5,5,4,4,6,1,0,4,4,4,3,3,3,2,3,4,2,3,4,5,4,4,3,2,3,4,2,4,2,3,2,1,0,5,5,3,4,4,3,2,3,4,4,2,2,4,3,2,1,1,0,1,0,3,3,1,0,4,4,1,0,2,3,4,2,1,0,1,0,2,2,1,0,1,0,1,0,2,1,2,2,3,3,3,3,3,2,5,4,4,3,5,4,5,5,4,5,5,16,5,4,2,2,0,3,7,4,5,5,5,5,5,4,5,3,4,4,2,4,4,3,2,4,5,3,4,4,5,4,3,5,5,4,2,3,4,5,5,5,2,2,2,2,2,2,2,2,2,2,3,3,2,2,2,2,3,3,7,6,5,7,9,9,1,40,6,1,1,1,40,7000,6200,0,211101,인구 감소 학교 상황 감소,국문
27956,3,5,3,5,4,4,4,4,3,5,3,4,4,4,3,5,3,4,4,4,4,5,4,5,2,3,3,3,2,2,2,3,2,4,2,3,2,4,2,2,2,3,2,4,2,3,2,3,2,3,3,4,3,3,2,3,3,3,2,4,3,3,3,3,2,3,3,3,4,4,3,3,4,5,3,4,2,3,2,3,3,3,3,3,2,3,3,3,3,4,4,3,4,4,4,4,3,4,4,4,4,7,1,2,2,2,0,3,2,3,4,3,3,3,4,4,5,4,4,4,4,3,3,4,5,4,3,3,4,4,4,4,3,3,4,5,4,4,3,3,3,4,2,2,2,2,2,2,2,2,2,4,3,3,3,3,2,7,6,6,7,7,7,7,7,8,2,40,2,1,2,2,45,3000,2000,0,612401,영업 직원 한정,인문
27957,4,3,2,3,3,2,3,2,2,1,3,2,3,2,3,2,2,1,2,1,4,3,4,2,4,3,3,2,4,4,3,2,3,4,4,3,2,1,3,2,4,3,2,1,4,3,2,3,2,3,3,2,4,3,5,3,3,2,4,3,5,3,2,1,4,2,4,2,3,2,4,3,4,2,1,0,2,1,3,1,2,1,2,2,4,2,2,1,4,2,4,3,4,3,4,3,2,4,3,4,2,10,1,2,1,2,0,2,4,4,4,3,4,4,2,4,3,4,3,4,4,3,2,4,3,2,3,2,2,4,2,4,3,4,5,4,3,4,5,4,5,2,2,2,2,2,2,2,2,2,2,2,2,3,2,3,2,8,7,8,6,7,8,7,6,5,1,29,3,1,3,2,40,3400,3100,0,134301,소프트웨어 자동화 인공 지능 발전 일자리 감소,전산학과
27958,3,3,3,3,2,3,2,2,2,2,2,3,2,2,2,2,2,2,2,2,2,2,2,2,2,2,2,2,2,2,2,2,2,2,2,2,3,2,2,2,2,2,2,2,2,2,2,2,2,2,2,2,2,3,2,2,2,2,2,2,1,0,2,2,2,2,1,0,1,0,1,0,1,0,3,4,4,5,4,5,4,5,4,5,4,5,4,5,4,3,4,3,4,4,4,4,4,4,4,4,3,18,3,3,1,2,0,5,5,3,4,3,3,3,3,4,4,4,3,4,4,3,4,4,3,4,3,3,3,3,3,4,3,4,3,3,3,4,3,3,3,3,2,2,2,2,2,2,2,2,2,2,2,2,2,2,1,7,6,5,6,5,5,6,5,6,1,39,3,1,1,1,40,3600,2700,0,420301,심판 자격증 변화,체육학
27959,4,5,5,7,4,6,5,7,2,3,5,7,5,7,4,5,4,5,4,6,5,6,4,6,5,6,3,5,5,6,4,6,5,7,5,7,5,6,4,5,5,6,4,6,4,5,1,0,5,6,5,6,4,5,4,5,5,6,4,5,5,6,1,0,4,5,1,0,1,0,1,0,1,0,1,0,1,0,1,0,1,0,1,0,4,5,5,6,4,5,4,4,5,4,5,2,4,4,5,4,5,17,1,2,1,1,6,6,5,5,5,5,5,5,3,4,4,9,4,4,1,5,5,4,5,4,4,3,4,3,4,3,4,5,4,4,5,4,5,4,4,3,2,2,2,2,2,2,2,2,2,1,4,3,3,3,1,1,1,2,1,2,1,1,1,8,1,51,5,2,5,1,40,0,0,15000,301107,전문의자격증 의사면허증 레지던트 스트레스 정신질환,의학
27960,2,2,2,2,2,3,2,2,2,2,3,2,2,2,4,5,2,2,2,2,1,0,1,0,4,4,1,0,1,0,1,0,1,0,1,0,1,0,1,0,2,2,2,2,4,3,1,0,1,0,1,0,2,2,1,0,2,2,3,3,1,0,2,2,2,2,3,2,3,2,3,3,1,0,2,2,2,2,2,2,3,3,3,3,2,4,2,2,4,3,2,3,2,1,3,3,2,3,2,3,2,3,1,2,2,2,0,2,2,3,2,1,3,3,2,2,2,2,3,2,3,3,3,4,5,3,4,3,3,2,3,3,4,3,1,2,2,4,5,3,5,5,2,2,2,2,2,2,2,2,2,2,2,3,3,3,2,4,7,8,5,2,5,2,4,2,1,53,2,1,1,1,40,4800,2500,0,703201,건설 경기 위축,공고
27961,2,2,3,4,2,1,3,3,2,2,2,1,3,4,3,3,2,2,2,2,2,1,3,3,3,3,2,3,3,4,3,3,2,2,2,3,3,4,3,4,3,3,3,4,2,2,3,4,2,2,3,3,3,3,3,4,2,2,2,1,2,1,3,4,3,3,3,3,3,4,3,3,3,3,3,4,3,4,2,2,2,3,3,4,3,3,2,2,4,4,4,4,4,3,3,4,3,3,3,3,4,18,4,1,2,2,0,3,2,4,3,4,4,4,4,4,9,9,3,3,2,4,3,2,3,4,3,2,3,4,4,4,3,3,4,3,4,4,3,4,4,5,2,2,2,2,2,2,2,2,2,2,3,3,3,3,2,6,4,5,6,4,5,5,6,7,2,41,4,2,6,1,40,0,0,3200,884101,공예품 대한 소비 증가,한지공예
27962,3,3,3,4,2,2,3,4,2,1,2,2,2,3,2,2,2,3,2,2,1,0,3,3,2,3,1,0,4,4,4,5,3,3,1,0,2,2,3,3,3,4,4,5,2,3,1,0,3,4,2,2,2,3,2,2,1,0,1,0,1,0,2,3,1,0,1,0,1,0,1,0,2,3,3,4,3,3,3,4,2,2,3,3,2,2,2,2,4,4,3,2,3,2,3,4,3,2,4,2,3,17,1,2,1,2,0,7,2,3,4,2,3,4,3,3,2,3,4,3,3,2,4,4,4,4,4,3,4,2,4,3,3,2,3,4,2,3,3,2,4,3,2,2,2,2,2,2,2,2,2,1,4,3,3,3,2,6,7,7,5,4,4,5,6,7,2,57,2,1,1,1,56,3600,2100,0,550101,요양보호사증 수요 인원 필요,문과
27963,3,2,3,5,1,0,4,5,2,4,3,4,1,0,2,3,2,2,2,2,3,3,3,4,5,5,3,3,2,4,1,0,1,0,3,4,2,4,4,5,2,3,2,3,1,0,2,1,3,4,1,0,2,3,4,4,3,4,2,1,4,5,3,4,4,3,2,3,2,3,2,1,1,0,4,5,5,4,4,5,3,4,2,3,5,5,2,3,3,3,4,3,2,3,3,4,4,3,2,2,3,7,4,1,1,2,0,2,4,3,3,3,3,4,3,3,2,3,4,3,2,4,4,4,4,4,2,3,3,4,2,4,4,4,2,3,4,4,4,3,4,4,2,2,2,2,2,2,2,2,2,1,4,2,2,2,2,6,7,4,6,4,4,6,4,3,2,29,4,1,4,1,44,2900,2000,0,307301,안경사 자격 연령 대별 안경 구가,안경광학
27964,3,4,3,3,2,4,3,4,2,2,2,3,2,3,2,3,4,4,2,3,3,3,2,3,2,3,2,3,2,4,2,3,3,4,3,4,2,3,4,5,3,4,3,4,3,4,2,4,2,3,3,4,3,4,3,4,3,3,3,4,3,4,3,4,3,4,3,4,3,4,3,4,3,4,2,3,3,3,3,4,3,5,2,3,4,5,4,5,4,4,3,3,3,3,3,3,3,2,3,3,3,19,1,1,1,1,4,3,3,4,4,3,4,4,4,4,4,4,5,4,2,4,4,4,4,5,4,4,3,3,4,4,4,4,4,3,4,4,5,4,4,4,2,2,2,2,2,2,2,2,2,2,4,2,2,3,2,5,7,5,5,6,6,6,5,5,2,42,2,2,5,1,40,0,0,5300,511501,애견미용사 털다듬기 반려동물 인구,문과
27965,5,6,5,6,4,5,5,6,4,5,3,5,2,3,3,4,3,5,3,3,2,3,5,6,4,6,3,4,3,5,4,6,4,6,4,6,3,5,4,5,3,4,5,5,5,7,5,6,3,5,2,4,2,4,2,3,1,0,1,0,2,3,1,0,1,0,1,0,1,0,1,0,2,3,1,0,1,0,1,0,2,3,2,2,4,5,3,5,4,4,4,4,4,4,5,4,4,4,4,4,4,11,1,2,1,2,0,3,2,4,3,3,4,4,4,3,3,4,4,4,4,3,3,4,3,2,2,1,2,4,4,5,3,3,2,2,3,3,3,3,5,4,2,2,2,2,2,2,2,2,2,2,2,2,2,2,1,5,6,5,4,5,5,4,5,5,2,29,3,1,1,1,49,3100,2000,0,33202,보험설계사 온라인 상품 증가,경제학
27966,3,4,3,4,2,2,3,4,5,7,3,4,2,2,3,4,2,4,3,4,2,2,3,4,4,6,3,4,2,3,3,3,3,4,3,4,2,2,3,4,3,4,4,6,3,4,1,0,1,0,2,2,1,0,1,0,1,0,1,0,3,4,1,0,1,0,1,0,1,0,1,0,3,4,1,0,1,0,2,2,3,4,2,2,3,4,3,4,5,4,4,3,2,3,4,3,3,3,2,4,3,11,1,2,1,1,3,7,5,4,3,3,4,4,3,4,9,9,4,4,2,4,4,4,4,3,1,1,4,2,3,3,4,1,1,1,5,5,4,3,3,3,2,1,2,2,2,2,1,1,2,1,3,2,2,3,2,3,7,4,7,3,7,3,7,4,2,45,4,1,1,1,40,8500,4000,0,31101,투자자산운용사 세계 증시 파악 시스템 업그레이드 전산 업무 업그레이드 사람 대체,경제학
27967,2,4,3,4,2,3,4,5,2,2,2,3,4,5,2,3,2,3,3,4,2,3,4,5,3,4,1,0,2,3,2,3,3,4,1,0,3,5,3,4,3,4,3,4,3,5,2,1,2,3,2,3,2,3,2,3,2,2,2,3,2,3,1,0,2,2,2,3,2,2,2,2,2,3,2,3,2,4,2,3,3,4,3,5,3,5,3,4,4,4,4,4,4,2,4,4,3,3,3,3,4,19,4,2,1,2,0,1,2,4,3,3,4,4,3,3,9,9,9,3,3,4,5,3,4,2,4,1,2,3,2,4,4,4,5,4,3,5,5,3,4,4,2,2,1,2,2,1,2,2,2,2,2,2,2,2,2,4,6,4,6,5,4,7,3,3,2,47,4,2,6,1,30,0,0,2400,420403,레크레이션 지도사 실버체조 지도사 웃음치료사 놀이기구 장비 발달 항상 교육 코로나 이유 단체 모임 사회 발달 개인주의 성향 증가,사회복지학
27968,2,2,3,4,1,0,2,3,2,1,1,0,1,0,2,2,3,4,4,5,1,0,1,0,3,3,1,0,2,2,2,3,2,2,2,2,1,0,2,3,2,2,2,3,3,4,3,3,1,0,1,0,1,0,1,0,1,0,1,0,1,0,1,0,1,0,1,0,1,0,2,2,1,0,2,3,3,3,4,6,1,0,2,2,3,4,2,1,4,3,5,3,3,5,4,3,4,3,4,3,5,8,1,2,1,1,4,5,2,3,3,3,4,3,4,3,9,9,9,3,2,2,3,3,5,4,3,5,4,4,2,4,3,5,4,3,4,4,3,3,5,2,2,2,2,2,2,2,2,2,1,1,3,3,2,3,2,6,8,7,4,5,3,3,2,6,1,47,3,1,1,1,58,2800,2200,0,622101,운전면허 택시운전증 시내 주행력 주소 경우,실용음악
27969,3,4,3,4,1,0,3,4,2,2,3,4,2,2,2,2,3,4,3,4,3,4,3,4,2,2,3,4,1,0,3,4,1,0,1,0,1,0,3,4,3,4,4,5,4,5,1,0,1,0,2,4,3,4,4,5,4,5,3,4,3,4,3,4,4,5,4,5,4,6,4,6,1,0,4,5,3,4,4,6,3,4,3,4,3,4,5,7,4,4,3,3,2,2,4,3,2,3,2,3,3,19,1,2,1,1,5,2,2,4,2,1,4,4,4,3,9,9,4,4,2,3,3,4,4,4,3,2,3,3,4,4,3,3,3,3,4,5,4,2,3,3,2,2,2,2,2,2,2,2,2,3,2,2,2,2,2,2,8,2,7,2,7,2,8,3,1,52,2,1,2,2,50,4500,2500,0,885101,악기조율사 악기별 음색 특징 장기 경제 불황,전자
27970,3,4,3,4,3,4,3,4,3,5,4,5,4,5,3,4,4,5,3,4,3,4,1,0,3,4,3,4,3,4,2,2,4,5,3,4,1,0,4,5,3,4,3,4,3,4,2,2,1,0,1,0,1,0,1,0,1,0,1,0,4,5,1,0,1,0,1,0,1,0,1,0,3,4,3,4,1,0,3,5,3,4,2,4,3,6,3,4,4,4,3,3,4,3,4,3,3,3,3,4,4,11,1,2,1,2,0,2,5,4,4,3,4,4,3,4,5,5,4,4,2,4,4,2,3,3,2,2,4,4,5,3,4,3,3,3,4,5,3,3,3,4,2,2,2,1,1,1,2,1,1,3,3,3,2,3,1,2,2,7,8,7,3,2,3,2,2,43,4,1,1,1,48,5500,3000,0,32201,자산관리사 신용분석사 프로그램 기술 도입 상태 유지,경제학
27971,3,4,4,4,2,4,4,5,2,2,2,2,2,2,3,3,3,4,2,2,2,2,2,2,2,3,2,2,5,4,2,2,4,3,1,0,2,2,5,4,2,3,2,2,4,4,1,0,1,0,1,0,1,0,1,0,1,0,1,0,1,0,1,0,1,0,1,0,1,0,1,0,1,0,1,0,1,0,1,0,1,0,3,4,2,4,3,5,3,4,2,2,3,2,1,3,3,3,5,3,4,18,1,2,1,2,0,7,2,2,2,2,4,3,3,2,2,3,4,3,2,4,3,5,3,3,4,4,3,3,4,5,3,4,4,4,3,4,4,3,4,4,2,2,2,2,2,2,2,2,2,1,3,3,2,2,2,4,6,6,4,6,8,6,5,6,2,42,2,1,1,1,28,2200,2000,0,521304,국내여행안내사 생활수준 향상 여행 대한 관심,인문계
27972,4,5,4,4,3,4,3,3,3,5,4,5,4,4,3,5,4,3,2,5,1,0,3,5,2,5,3,4,2,3,4,5,4,5,4,4,3,3,3,5,4,4,3,6,4,5,3,3,2,5,3,5,4,5,1,0,4,5,3,5,2,4,3,3,4,5,4,5,2,5,3,6,4,5,3,3,1,0,1,0,2,1,3,5,2,4,3,5,3,4,3,2,3,4,4,2,3,4,3,3,4,8,1,3,1,2,0,2,4,4,4,3,4,4,3,4,4,3,3,4,2,3,3,4,3,3,3,4,3,4,3,2,3,3,3,4,4,3,2,3,4,3,2,2,2,1,1,2,1,1,1,3,3,3,3,2,2,4,8,5,4,3,7,3,2,8,1,36,3,1,1,1,42,3900,3200,0,28201,컴퓨터활용능력2급 직업 직구 업계 변화 생각,사회학
27973,2,3,3,3,1,0,3,5,2,3,2,2,2,2,3,3,2,3,2,2,2,3,3,4,1,0,2,2,2,3,3,3,2,3,2,2,3,4,2,2,2,3,3,3,3,4,2,2,3,3,2,2,3,4,2,2,2,2,2,3,1,0,2,2,2,2,2,2,1,0,2,2,1,0,3,3,2,2,1,0,2,2,2,2,2,2,2,2,2,1,2,3,2,3,2,2,1,3,2,1,2,9,1,1,1,2,0,5,3,3,2,1,3,2,2,2,9,9,9,3,5,1,2,4,4,4,5,3,3,3,2,3,4,3,5,5,4,4,5,4,4,4,2,2,2,2,2,2,2,2,2,1,3,2,2,2,2,7,6,7,5,5,5,8,2,3,2,37,3,1,3,2,50,2500,2000,0,531601,조주기능사 유흥 사람,조리학
27974,3,5,4,5,3,4,4,5,5,5,3,5,3,3,2,5,3,4,4,5,3,4,3,4,3,4,4,4,2,3,3,3,2,5,2,5,4,5,5,5,3,5,1,0,2,3,1,0,3,2,3,4,4,4,1,0,1,0,4,5,3,3,1,0,1,0,1,0,1,0,1,0,1,0,1,0,1,0,4,5,3,5,3,5,2,2,3,4,2,4,4,2,3,4,2,4,3,4,4,4,4,20,4,1,2,2,0,5,2,4,4,4,3,4,4,4,5,4,4,5,4,4,4,4,3,3,4,3,3,4,3,4,4,3,3,3,4,4,4,3,4,3,2,2,2,2,2,2,2,2,2,1,4,3,3,3,2,8,8,4,5,3,6,7,3,5,1,35,4,2,6,1,40,0,0,3400,417102,방송 활성화,정보미디어
27975,3,3,2,3,1,0,2,2,1,0,1,0,1,0,1,0,1,0,1,0,1,0,1,0,2,1,2,2,2,2,1,0,1,0,2,2,1,0,1,0,2,2,3,4,2,2,1,0,1,0,1,0,1,0,1,0,1,0,1,0,2,2,2,2,1,0,1,0,1,0,1,0,2,2,1,0,1,0,1,0,1,0,1,0,2,3,3,3,3,3,2,2,2,3,2,3,3,3,3,3,2,7,4,1,2,2,0,2,4,5,4,4,4,4,4,4,9,9,9,4,2,5,4,4,5,4,5,4,5,2,4,4,5,4,5,5,5,4,5,4,4,4,2,2,2,2,2,2,2,2,2,1,5,3,3,3,2,9,9,8,2,2,1,9,2,2,2,40,4,2,6,1,40,0,0,4000,615301,분야 온라인 판매 증가,경영학
27976,1,0,2,4,1,0,2,4,3,4,1,0,2,4,3,5,3,3,4,4,2,3,2,2,3,5,3,5,2,2,4,4,1,0,2,1,3,2,4,2,3,4,4,3,2,2,3,2,3,2,2,1,4,5,4,4,2,3,4,3,4,3,3,4,4,4,4,4,3,3,4,3,5,3,5,6,4,3,4,3,4,4,2,3,3,2,2,2,2,1,2,3,2,2,3,4,2,3,4,2,2,3,1,2,1,2,0,2,2,1,1,1,2,5,4,4,3,5,5,4,3,4,2,3,2,4,4,2,3,5,5,4,5,3,4,4,5,3,3,4,4,5,2,2,2,2,2,2,2,2,2,2,2,2,2,2,2,7,6,5,4,4,4,3,5,6,1,34,2,1,1,1,48,2500,2500,0,861101,방사기술사 의류기사 섬유 산업 저조 업체 해외 진출 감소,기계
27977,5,6,4,5,5,6,5,6,4,5,3,4,3,4,3,3,4,5,3,3,3,4,3,4,4,5,4,5,3,4,3,3,4,5,4,5,4,5,4,5,3,4,4,5,3,3,4,5,3,3,1,0,4,4,3,4,4,5,4,5,4,5,4,4,3,3,3,4,3,4,1,0,1,0,1,0,1,0,3,3,3,3,4,5,4,5,5,6,4,3,3,3,4,2,3,4,4,3,3,3,3,6,1,2,2,2,0,6,4,3,3,3,4,4,3,3,2,3,4,3,2,4,3,4,5,4,4,3,5,2,4,3,4,4,5,4,5,5,5,3,4,3,2,2,2,2,2,2,2,2,2,2,3,2,2,3,2,5,5,7,7,5,6,3,2,5,1,40,4,1,1,1,40,5200,3200,0,140305,건축물 안전 진단 보강 관련 것이므,토목공학
27978,2,3,2,3,2,2,4,5,1,0,2,3,1,0,3,4,2,2,4,5,4,5,3,4,3,4,4,5,4,5,4,6,4,5,3,4,3,4,4,5,4,4,3,4,4,5,4,4,1,0,1,0,1,0,1,0,1,0,1,0,1,0,1,0,1,0,1,0,1,0,2,2,1,0,1,0,1,0,5,6,3,4,3,4,4,5,4,5,3,4,2,3,3,2,3,3,3,4,2,2,2,8,1,6,1,1,3,3,5,3,3,3,3,3,4,4,3,3,4,3,3,2,3,3,3,4,3,3,3,4,4,3,4,3,3,2,3,2,3,3,4,4,2,2,2,2,2,2,2,1,2,1,3,3,3,3,2,2,2,2,2,2,3,3,3,3,2,28,4,1,1,1,30,3800,3500,0,522101,HSK 토익 JLPT 위기상황 대처 훈련 고객 요구 부탁 고객 이용 증가,항공서비스학
27979,5,5,4,3,5,6,4,5,2,3,4,4,5,4,4,4,4,3,4,5,2,3,4,5,5,4,4,5,5,5,4,3,3,2,2,1,4,5,5,4,4,5,4,4,5,5,4,5,4,4,5,5,1,0,1,0,2,2,1,0,2,2,1,0,2,1,1,0,1,0,1,0,2,2,1,0,1,0,2,2,2,2,2,1,4,2,3,1,3,4,3,5,4,5,4,3,4,5,5,4,3,16,5,5,2,2,0,3,7,4,5,5,4,5,5,5,9,9,5,4,1,4,4,5,4,4,5,3,4,4,5,4,3,5,4,4,5,2,4,4,5,4,2,2,2,2,2,2,2,2,2,2,3,3,3,2,1,3,6,5,8,4,5,3,7,7,1,52,6,2,5,1,40,0,0,9200,13204,특정 직업 고용 유지,무역학
27980,3,4,4,4,3,4,2,4,3,4,5,5,4,5,4,5,3,4,2,4,4,5,4,5,4,5,3,4,2,3,3,5,2,3,2,4,3,4,2,2,5,5,3,4,3,5,2,3,2,4,2,3,5,6,5,5,4,5,4,5,5,5,4,4,4,5,4,4,4,3,3,5,3,5,2,4,2,3,2,3,2,4,1,0,2,4,1,0,4,4,4,5,4,4,5,4,4,5,5,5,4,10,1,3,1,2,0,5,5,4,4,4,5,4,4,3,4,3,4,4,4,3,3,4,3,2,3,3,2,3,4,4,4,3,3,2,2,3,3,3,4,4,2,2,2,2,2,2,2,2,2,2,4,1,1,1,1,4,5,4,6,4,5,4,5,5,1,34,4,1,1,1,48,3600,2800,0,133101,정보처리산업기사 스마트폰 이용 증가 게임 증가 추세,전자공학
27981,2,2,2,3,3,3,3,3,2,5,2,5,2,4,3,3,2,3,1,0,1,0,3,4,5,5,4,4,1,0,4,5,1,0,1,0,4,4,5,6,2,4,1,0,4,5,3,5,5,6,3,5,4,5,4,5,5,6,4,4,2,1,4,5,3,5,4,5,4,5,5,6,1,0,5,6,4,4,4,5,3,3,4,5,5,7,3,4,4,2,4,3,4,4,2,3,3,4,3,3,4,7,4,1,1,2,0,7,1,3,3,2,3,3,3,2,9,9,3,2,4,2,3,4,4,3,4,3,2,3,4,3,4,4,3,5,4,4,4,2,4,4,2,2,2,2,2,2,2,2,2,3,2,2,2,2,2,8,6,7,3,3,7,4,5,3,2,47,4,2,6,1,48,0,0,3500,884201,귀금속기공기능사 손수 공이 자동기계,디자인학
27982,3,4,4,5,2,3,4,5,2,3,3,4,2,3,2,3,2,2,1,0,2,2,1,0,2,3,3,4,2,3,2,2,2,3,3,4,1,0,4,5,3,4,4,5,3,4,1,0,1,0,2,3,4,5,4,5,4,6,4,5,2,3,4,5,4,5,4,6,4,6,4,5,4,6,4,6,4,5,4,5,4,4,4,5,3,4,3,5,4,2,3,2,3,2,4,3,4,4,4,3,4,17,1,1,1,2,0,2,4,4,4,4,4,4,4,4,3,5,5,5,2,4,4,4,3,2,2,3,4,5,4,4,4,4,4,4,5,5,4,3,4,5,2,2,2,2,2,2,2,2,2,2,2,3,3,3,2,8,2,2,8,8,2,8,2,8,1,36,4,1,1,1,40,4600,2400,0,301401,전문의 자동화 인공 지능,치과
27983,4,6,4,6,4,6,4,5,4,4,4,5,4,5,4,5,4,5,4,5,4,5,4,5,4,4,4,5,4,5,4,5,4,5,4,4,4,5,4,5,4,5,4,4,4,4,4,5,4,5,4,5,4,4,4,5,4,4,4,5,4,5,4,5,4,5,4,4,4,5,4,5,4,5,4,5,4,5,4,5,4,5,4,6,4,5,4,5,4,4,4,4,4,4,4,3,3,4,4,4,4,4,1,2,1,2,0,4,5,4,4,4,4,4,4,4,4,4,4,4,2,4,4,4,4,4,4,2,4,4,4,4,4,4,4,4,3,4,3,3,4,5,2,2,2,2,2,2,2,2,2,3,3,2,2,3,2,7,7,7,7,7,7,7,7,7,1,51,4,1,1,1,40,6100,3700,0,153102,전기기사 인구 감소,전자
27984,2,4,4,4,3,3,4,4,1,0,3,4,3,3,2,3,2,2,3,4,1,0,1,0,3,3,1,0,3,3,4,4,3,2,1,0,2,3,3,3,4,4,4,3,3,4,1,0,2,4,1,0,3,2,2,3,2,4,1,0,2,2,1,0,3,2,2,3,3,2,2,2,1,0,2,2,2,3,1,0,4,4,4,5,3,3,2,3,4,4,4,4,5,3,2,4,3,3,4,4,4,17,1,2,1,2,0,6,4,4,5,4,4,4,4,4,4,4,5,4,4,4,4,4,3,4,4,3,4,3,3,3,4,4,3,4,4,3,4,4,4,2,2,2,2,2,2,2,2,2,2,1,4,3,3,3,2,4,5,6,6,7,6,5,4,4,2,30,3,1,1,1,40,3100,2600,0,306501,물리치료사 노인 재활 분야 증가,물리치료학
27985,1,0,2,3,1,0,2,3,2,2,2,3,4,5,2,3,3,4,1,0,1,0,2,3,2,3,1,0,2,3,2,3,1,0,2,3,2,3,3,4,1,0,1,0,4,5,1,0,1,0,1,0,1,0,1,0,1,0,1,0,1,0,1,0,1,0,1,0,1,0,1,0,1,0,3,4,3,5,1,0,2,3,2,3,4,4,1,0,3,4,3,3,4,3,3,3,3,4,3,3,3,18,1,2,1,2,0,7,2,3,3,3,4,4,4,3,4,4,4,3,3,3,3,4,2,3,3,4,3,3,3,3,3,2,3,4,3,4,3,3,3,4,2,2,2,2,2,2,2,2,2,1,3,2,2,3,1,6,6,7,7,4,4,6,5,5,2,31,2,1,1,1,40,2290,1990,0,511302,네일아트 인기 직업,인문계(문과)
27986,4,5,3,5,4,3,4,4,4,5,4,4,4,5,3,4,5,4,3,4,4,5,4,4,3,4,4,5,3,4,2,4,3,4,3,4,3,3,3,4,4,5,2,4,2,3,1,0,2,3,2,4,4,4,4,5,3,4,2,4,3,4,2,3,3,3,3,4,3,5,3,5,3,4,2,3,2,3,2,3,1,0,2,4,3,4,3,4,4,4,4,3,4,3,4,4,3,5,4,4,4,10,1,2,2,2,0,2,4,3,3,3,3,4,4,3,3,4,4,4,2,4,5,4,5,4,4,4,5,4,4,4,4,4,3,3,4,4,3,3,4,4,2,1,2,2,2,2,2,2,2,2,2,3,3,3,1,2,3,1,5,6,4,5,7,4,1,31,4,1,1,1,45,2900,2700,0,133201,소프트웨어 개발 프로그램 도입 컴퓨터 시스템 발달,컴퓨터공학
27987,1,0,2,2,1,0,3,2,2,1,3,2,3,3,2,2,3,3,2,2,2,1,3,4,3,2,4,3,2,2,3,3,3,2,1,0,2,1,2,2,3,3,2,2,2,1,2,2,4,3,1,0,3,3,3,3,2,2,1,0,1,0,2,1,1,0,1,0,1,0,2,2,2,2,4,4,3,3,2,2,4,3,2,2,3,2,2,2,3,3,4,2,3,1,3,2,4,2,3,1,3,18,2,3,1,1,1,2,5,2,2,3,3,3,4,3,9,9,4,4,2,4,4,1,3,2,4,4,5,5,3,4,4,3,4,3,3,2,4,1,5,4,2,2,2,2,2,2,2,2,2,1,3,2,2,2,2,7,9,9,7,6,5,6,8,6,1,29,4,1,3,2,40,2800,2400,0,901501,산림기능사 산업기사 직무교육 도시 발달 주변 환경 대한 관심,조경학
27988,3,5,3,5,2,5,2,4,3,5,4,5,2,3,4,4,3,5,2,3,2,4,2,4,2,2,2,2,2,2,2,3,2,3,2,3,2,3,2,2,3,4,4,6,3,3,2,2,2,1,2,3,2,3,1,0,1,0,1,0,3,4,2,1,2,1,1,0,1,0,1,0,2,1,2,1,2,1,2,1,2,2,2,1,2,1,2,1,4,3,3,3,3,4,3,3,3,3,3,3,3,11,1,6,1,2,0,6,5,4,3,3,4,4,3,3,3,4,4,4,2,4,4,3,3,2,4,2,4,3,3,4,3,3,2,2,3,4,3,3,4,4,2,2,2,2,2,2,2,2,2,1,4,3,3,3,2,3,4,3,5,4,4,6,4,4,1,42,4,1,1,1,40,7000,5000,0,32301,보험계리사 AKLU CPCU 개인 자산 관리 노후 비등 관심,수학
27989,4,4,3,4,3,4,1,0,1,0,4,6,4,5,4,4,3,4,1,0,3,5,1,0,1,0,1,0,1,0,1,0,1,0,1,0,1,0,1,0,3,4,2,4,1,0,1,0,1,0,1,0,1,0,1,0,1,0,1,0,1,0,4,5,1,0,1,0,1,0,1,0,1,0,1,0,1,0,1,0,1,0,1,0,4,4,1,0,4,4,3,3,3,3,3,3,3,3,3,2,4,13,2,4,1,2,0,7,6,4,4,4,5,5,3,5,4,4,4,4,1,5,5,4,4,3,4,4,4,4,4,4,4,4,4,4,4,4,4,3,4,3,1,1,1,2,2,1,2,1,2,3,2,3,3,3,2,3,3,3,4,4,3,7,3,2,1,50,5,1,1,1,50,7000,4000,0,122103,유기농종자기사자격증 작물보호기사자격증 장비 전산 자동화 인구 감소,농업
27990,2,2,2,3,1,0,3,3,1,0,2,4,2,3,3,4,2,2,3,4,2,3,2,2,3,3,1,0,2,4,2,3,1,0,1,0,2,2,2,3,2,3,2,3,3,4,1,0,1,0,1,0,1,0,1,0,2,2,2,2,1,0,1,0,2,2,2,2,2,2,2,3,1,0,2,3,4,4,2,2,3,4,2,4,2,3,2,3,3,3,2,2,2,2,3,3,2,3,3,3,3,4,4,1,2,2,0,7,1,2,2,1,4,2,2,3,2,3,3,3,2,3,2,4,3,3,2,1,2,3,3,5,2,4,4,5,4,4,4,3,4,4,2,2,1,2,2,2,2,2,2,2,2,2,2,2,2,7,8,7,3,6,6,6,4,2,1,51,2,1,4,2,40,3000,1900,0,706001,도구 장비 발달 예전 장비 발달 불황 건설 경기 침체,인문계
27991,3,5,3,4,2,3,4,5,3,4,3,4,2,4,3,4,2,3,3,4,3,4,3,4,3,4,3,4,4,5,3,5,4,5,4,5,4,4,3,4,3,4,2,3,3,4,3,4,3,4,3,3,3,4,3,4,3,4,3,4,3,4,3,3,3,3,2,3,2,3,3,3,2,3,3,3,2,3,2,3,3,4,3,3,2,4,3,3,3,3,2,3,2,3,3,3,3,4,4,3,2,19,1,2,2,1,2,2,4,4,4,3,4,3,3,4,5,4,4,3,4,3,3,3,3,3,4,4,3,3,3,4,4,4,4,3,4,4,3,4,4,3,2,2,2,2,2,2,2,2,2,2,2,2,2,2,2,8,8,7,8,7,7,6,6,6,2,26,3,1,1,1,38,2300,2000,0,512102,상담안내 인구 감소,패션스타일학
27992,2,2,2,2,2,2,2,2,3,3,1,0,2,2,3,4,2,2,1,0,1,0,2,4,2,2,2,2,3,4,2,2,2,2,1,0,2,2,3,4,2,2,2,2,2,2,1,0,2,2,2,2,1,0,1,0,2,2,1,0,2,2,2,2,2,2,2,2,2,2,1,0,1,0,3,4,2,2,2,2,2,3,3,3,2,3,3,3,3,2,2,2,3,3,2,4,3,4,3,4,3,9,4,2,2,2,0,1,2,3,3,2,3,2,2,3,3,4,4,3,3,2,3,4,3,5,2,3,2,4,2,3,2,3,2,3,4,4,4,3,4,3,2,2,1,2,2,2,2,2,2,2,4,2,2,3,2,6,4,5,6,4,6,4,6,5,2,40,3,1,4,2,35,2000,1800,0,532101,오스 주문 생활 식생활 외식 문화 규모 증가,유아교육학
27993,3,4,2,3,3,4,2,3,1,0,2,2,2,3,1,0,2,2,1,0,1,0,1,0,2,3,1,0,1,0,1,0,1,0,1,0,1,0,1,0,1,0,1,0,2,2,1,0,1,0,1,0,1,0,1,0,1,0,1,0,1,0,1,0,1,0,1,0,1,0,1,0,1,0,1,0,1,0,1,0,1,0,1,0,2,3,1,0,4,2,4,3,3,4,3,3,3,3,3,3,3,18,1,2,2,2,0,3,2,3,3,3,3,3,3,3,3,3,3,3,3,2,2,2,2,2,2,3,4,4,3,4,3,3,3,2,2,3,3,2,3,3,2,2,2,2,2,2,2,2,2,1,4,3,3,3,1,6,6,6,4,4,5,4,6,4,2,40,4,1,1,1,52,4400,2800,0,411104,드라마 증가,국어국문
27994,1,0,2,3,1,0,2,2,1,0,1,0,1,0,2,3,3,3,2,1,1,0,4,5,3,4,3,3,2,3,3,3,1,0,2,2,1,0,3,4,3,3,3,3,3,4,2,2,3,3,1,0,2,2,1,0,1,0,1,0,1,0,2,2,1,0,1,0,1,0,1,0,2,2,2,1,3,3,3,3,3,4,2,2,2,3,2,2,4,3,2,2,3,4,2,4,2,3,4,2,2,9,1,2,1,1,3,3,2,2,4,3,4,4,2,3,9,2,2,3,3,4,3,3,2,4,3,4,2,2,3,4,3,3,4,2,3,4,2,3,3,4,2,2,2,2,2,2,2,2,2,1,2,1,2,3,2,6,5,7,3,5,4,4,5,7,1,30,3,1,1,1,48,2200,2000,0,531301,중식조리사 용어 숙지 인구 감소,조리학
27995,1,0,2,3,1,0,4,5,3,4,2,2,2,2,1,0,3,3,3,4,1,0,2,2,3,4,2,2,3,3,3,4,1,0,2,3,1,0,3,4,3,4,3,3,3,4,3,4,2,2,1,0,3,3,1,0,2,3,1,0,1,0,2,2,2,2,3,4,4,5,3,4,1,0,3,4,3,4,4,5,2,2,3,4,3,3,2,1,5,3,5,3,2,4,3,5,3,2,4,2,5,8,1,2,1,2,0,3,2,2,3,1,5,3,2,3,9,4,3,3,3,4,2,3,2,3,4,5,3,3,2,4,5,3,2,3,5,5,2,2,4,3,2,2,2,2,2,2,2,2,2,2,3,2,2,2,2,6,7,6,4,4,6,4,4,5,1,39,3,1,1,1,60,2800,2200,0,622101,운전보통면허 택시운전자격,연영
27996,4,5,3,4,3,4,3,3,3,4,4,4,4,5,3,5,4,5,4,5,4,5,4,5,3,3,3,3,3,3,3,3,4,5,4,4,3,4,4,4,4,4,4,5,3,3,4,5,3,4,3,3,3,3,4,5,3,4,3,4,3,3,3,3,3,3,3,3,3,3,3,3,3,4,3,3,3,3,3,4,3,4,3,3,3,4,3,3,4,2,3,2,2,3,3,3,2,3,3,2,3,10,1,3,2,2,0,1,4,3,2,2,3,3,4,3,3,3,3,3,3,3,2,3,2,2,4,3,3,3,4,4,3,3,3,3,3,3,3,2,3,4,2,2,2,2,2,2,2,2,2,4,1,2,2,2,1,7,7,7,4,4,3,3,4,7,1,35,3,1,3,1,52,4500,3500,0,131203,기계 자동화,전자사업
27997,1,0,3,5,2,3,3,3,1,0,2,4,4,5,4,4,3,3,4,4,3,5,4,5,4,4,1,0,1,0,4,4,4,3,1,0,2,4,4,4,1,0,1,0,4,4,2,3,2,3,1,0,3,4,3,4,4,4,2,4,3,3,1,0,4,5,2,4,1,0,3,4,2,4,5,5,5,5,4,5,4,5,3,5,4,5,3,4,4,3,4,3,3,2,2,4,2,3,3,2,4,18,4,2,1,2,0,2,4,3,2,2,2,3,3,2,2,3,3,3,4,2,2,2,4,3,5,4,4,4,3,3,2,4,4,3,5,4,3,4,4,4,2,1,1,2,2,2,2,2,2,2,2,2,2,2,1,7,6,7,3,3,5,6,8,3,2,34,4,2,6,1,45,0,0,3500,414201,사진기능사 장비 도입 출산율 저하,영상학
27998,2,3,4,5,1,0,4,5,1,0,1,0,1,0,2,3,5,6,2,3,2,3,2,2,4,6,1,0,2,3,5,6,4,5,4,5,1,0,2,2,2,3,4,5,5,6,1,0,4,6,4,5,4,5,5,6,4,6,4,5,1,0,2,3,2,2,4,5,1,0,2,3,4,5,4,5,4,5,2,2,2,3,2,2,1,0,1,0,2,2,1,3,4,4,5,4,5,4,2,4,2,3,1,5,1,2,0,3,4,4,5,5,3,2,1,2,1,2,3,2,4,1,2,4,3,4,3,4,4,4,4,4,4,5,4,4,5,4,5,4,4,4,2,2,2,2,2,2,2,2,2,1,1,1,1,1,1,8,5,4,7,7,8,7,6,3,1,48,4,1,1,1,40,5800,5200,0,151105,항공기계정비사 항공기사 인구 감소 소비 저하 수행 업무 축소,기계공학
27999,3,5,3,5,1,0,2,3,3,4,3,4,3,3,3,4,2,4,4,5,3,5,4,4,2,4,3,5,3,5,3,5,3,4,4,4,1,0,2,4,3,4,4,6,3,4,4,4,3,4,4,4,4,4,3,4,4,2,3,5,2,4,4,5,4,4,4,5,5,5,4,5,4,5,3,5,4,4,3,4,4,4,3,6,3,5,4,3,2,3,2,3,4,2,3,4,3,3,3,4,4,5,1,2,2,1,1,2,2,3,2,2,2,3,2,4,3,4,3,3,3,4,3,4,3,3,2,3,2,2,3,4,3,4,4,4,3,4,3,3,4,4,2,2,2,2,2,2,2,2,2,3,3,3,2,3,1,7,7,6,6,7,8,5,6,6,1,56,2,1,1,1,50,5000,3000,0,853101,각종 기계와 장비의 조작법 인지 숙달 기계화 최신 장비,토목
28000,4,4,4,4,3,3,4,4,4,5,4,4,4,4,4,4,5,6,4,4,4,4,3,3,4,5,3,4,3,2,3,3,4,4,4,4,3,3,3,4,4,4,4,4,3,4,3,3,3,3,2,3,4,4,4,4,4,4,3,3,4,4,4,4,5,5,4,4,4,4,4,4,4,4,4,5,4,4,3,4,3,3,3,3,4,5,4,5,4,4,4,4,5,2,5,2,2,4,5,4,4,3,1,2,1,1,2,6,4,4,4,4,4,4,2,5,4,4,4,4,2,4,4,4,3,4,3,4,4,3,2,4,3,4,3,4,4,4,4,2,4,3,2,2,2,2,2,2,2,2,2,1,3,3,3,3,2,9,9,3,1,1,1,1,2,9,1,59,3,1,1,1,40,3000,2100,0,306701,의지보조기기사 의지보조기 보장구 제작 변화,스포츠학
28001,5,5,5,5,5,5,4,5,3,4,4,4,4,5,3,4,4,5,3,5,4,5,3,4,4,5,3,4,4,4,4,4,4,4,4,5,4,5,3,4,4,5,4,5,4,4,3,3,3,4,3,3,3,5,3,3,2,2,2,2,3,4,3,5,3,5,2,3,1,0,1,0,4,5,3,4,3,3,3,4,3,4,2,3,3,5,3,5,3,3,4,4,4,3,4,3,4,5,4,4,4,15,2,5,1,2,0,7,4,4,4,4,4,4,4,4,3,3,4,4,2,3,3,4,3,3,2,2,4,3,4,4,3,3,3,4,4,5,3,4,5,4,2,2,2,2,2,2,2,2,2,1,4,3,3,3,2,4,4,4,5,5,5,4,6,6,1,40,4,1,1,1,45,5400,3000,0,157101,수산제조기술사 농산물품질관리사 식품 산업 활성화 가능,식품공학
28002,3,4,4,5,1,0,1,0,1,0,1,0,1,0,1,0,1,0,1,0,1,0,1,0,1,0,1,0,1,0,1,0,1,0,1,0,1,0,3,4,3,4,1,0,1,0,1,0,1,0,1,0,1,0,1,0,1,0,1,0,1,0,1,0,3,3,3,4,4,5,3,5,1,0,4,5,1,0,1,0,1,0,1,0,1,0,5,7,5,5,4,3,4,3,3,3,3,4,5,3,4,13,1,2,1,1,6,6,5,4,4,4,5,5,4,5,9,9,5,5,1,5,5,4,3,4,3,2,4,3,4,4,4,3,3,3,4,4,4,3,3,4,2,2,2,2,2,2,2,2,2,1,5,3,3,3,2,6,7,7,6,6,4,3,3,5,1,35,6,2,5,1,52,0,0,10000,306902,청능사 언어재활사 임상경험 병리학 관련 교육 업무 6년이상 전공자 일자리 전공자 일자리 크게 증가 예측 기존 보청기 판매 업체 비자 격자 규제 법규 정리 예상,청각학
28003,4,5,5,6,4,5,4,5,4,5,4,5,4,4,4,5,4,4,4,5,3,3,4,6,5,5,4,5,3,4,5,6,4,5,4,5,4,4,3,5,4,6,4,5,4,5,3,4,2,3,4,5,2,5,2,4,3,1,3,4,5,6,2,3,3,4,2,5,3,4,2,3,3,5,2,4,1,0,2,4,2,4,3,4,3,4,5,4,4,3,3,4,3,4,3,3,4,3,4,4,3,7,1,2,2,2,0,5,5,3,4,4,3,4,4,4,5,3,4,4,4,4,4,4,4,3,4,3,3,3,4,4,4,4,4,3,3,5,4,3,4,4,2,1,2,2,2,2,2,2,2,1,4,3,3,3,2,5,5,4,3,2,4,5,4,6,1,45,4,1,1,1,40,3800,2700,0,306902,프린터 기술 고령 인구 급증,물리치료학
28004,3,5,2,3,2,3,3,4,3,3,3,4,1,0,3,5,4,6,1,0,1,0,3,5,3,5,3,5,5,7,5,7,2,2,1,0,2,3,5,7,5,7,4,6,2,2,1,0,1,0,2,3,3,4,1,0,2,3,1,0,2,3,1,0,1,0,2,2,1,0,2,3,2,3,3,4,2,3,4,5,1,0,1,0,2,2,2,2,3,5,4,4,5,3,4,2,3,4,4,4,2,17,1,2,1,2,0,5,7,4,3,2,4,4,4,3,9,9,9,3,2,4,4,2,2,2,3,3,4,4,4,5,3,4,2,4,5,5,4,2,3,4,2,2,2,2,2,2,2,2,2,2,4,3,3,3,2,2,2,2,8,8,6,2,2,8,1,55,4,2,5,1,40,0,0,8500,301111,비뇨기과 전문의 건강 보험 발전 의료 서비스 대한 수요,의학
28005,2,2,1,0,1,0,1,0,2,2,1,0,2,2,2,3,3,3,1,0,2,2,2,4,3,4,2,3,2,3,2,3,2,3,1,0,3,2,2,3,1,0,2,3,3,3,1,0,2,2,1,0,2,3,1,0,3,3,1,0,1,0,2,3,3,4,3,2,3,3,2,3,2,2,4,4,3,3,3,3,4,4,2,3,2,3,1,0,4,2,4,3,3,4,2,3,2,2,2,3,4,3,1,1,2,2,0,6,1,2,1,1,4,4,2,3,3,4,4,3,2,4,3,4,3,4,4,4,5,3,2,2,3,3,4,3,4,4,4,3,5,4,2,2,2,2,2,2,2,2,2,3,2,2,2,2,2,3,4,5,4,5,5,4,5,3,2,56,2,1,1,1,46,2400,1500,0,862301,인건비 상승 감소 중국 제나 대체,상고
28006,3,4,2,3,2,4,3,4,2,3,2,3,1,0,1,0,3,4,2,3,2,2,3,4,1,0,3,4,2,3,2,3,1,0,1,0,3,4,1,0,2,3,2,3,2,2,1,0,2,3,2,2,3,4,2,3,2,3,2,3,2,3,4,5,3,3,1,0,2,3,2,3,3,4,2,3,2,3,1,0,2,4,2,2,2,3,2,2,5,4,4,4,3,4,4,4,4,3,3,3,3,3,1,2,1,2,0,1,5,3,4,4,4,3,3,3,4,4,4,4,3,4,4,5,4,4,3,4,4,4,4,3,4,4,3,4,4,4,4,4,5,4,2,2,2,2,2,2,2,2,2,2,2,2,3,3,1,7,7,5,4,5,4,4,5,5,1,49,4,1,1,1,40,4200,3000,0,28402,품질관리기술사 품질관리경영기사 경제,전기공학
28007,4,3,4,5,3,4,4,4,3,4,3,4,3,5,4,4,3,4,4,5,4,5,4,5,4,5,3,5,3,5,4,5,4,5,3,4,3,4,4,5,4,4,3,4,4,4,3,4,3,4,3,3,3,3,3,5,4,5,4,5,3,4,4,5,3,3,4,4,3,4,4,5,4,5,4,4,3,5,4,5,4,5,4,5,4,4,3,4,3,4,4,3,4,4,4,4,4,3,4,4,3,11,1,6,1,2,0,1,5,4,3,3,4,4,3,4,4,4,4,4,2,3,3,4,3,4,4,3,4,4,4,4,4,3,4,4,4,3,4,4,4,3,2,2,2,2,2,2,2,2,2,2,2,3,3,3,1,8,7,7,7,7,7,7,8,7,2,45,4,1,1,1,42,6500,6300,0,31302,보험중개사 시스템 발달,법학
28008,2,3,3,4,3,4,3,4,3,2,2,3,3,3,2,4,4,4,2,3,3,3,3,3,2,3,3,4,2,4,2,3,3,3,3,4,2,4,3,4,3,4,3,5,4,5,4,5,2,4,3,4,3,4,2,4,3,3,3,4,3,4,2,3,3,3,3,4,3,5,2,4,3,4,4,4,3,5,4,4,3,5,2,4,4,5,4,5,3,3,4,3,2,3,3,4,4,3,3,4,3,19,1,1,1,1,3,3,3,4,3,3,3,3,3,4,4,4,4,4,2,4,4,4,3,3,4,3,3,3,3,4,3,3,4,3,3,4,3,4,4,3,2,2,2,2,2,2,2,2,2,2,4,2,2,2,2,6,5,5,6,5,5,6,7,6,2,31,3,1,1,1,44,3300,2700,0,511501,반려동물미용사 미용 애견 인구,애완동물학
28009,3,3,2,3,2,2,3,3,1,0,2,5,1,0,3,3,3,5,1,0,1,0,1,0,2,4,1,0,4,3,4,4,3,3,1,0,3,4,4,4,5,4,1,0,3,3,1,0,1,0,1,0,4,3,1,0,5,4,5,5,1,0,3,4,5,3,5,4,5,5,5,4,1,0,3,5,4,5,3,5,3,4,3,4,3,3,2,2,3,3,1,3,3,1,2,4,2,1,3,3,4,10,1,2,1,2,0,7,3,3,2,2,2,2,2,3,3,4,4,3,3,2,2,3,3,4,3,2,3,3,2,3,3,4,4,3,2,3,3,3,4,5,2,2,2,2,2,2,2,2,2,2,2,3,3,3,2,5,6,7,6,7,4,5,3,4,1,56,2,1,1,1,44,4200,2500,0,842201,정보통신기능사 유선 통신 이용자 수가 감소 장비 첨단 화로 일자리 줄어듬,공고
28010,4,5,4,4,4,5,2,3,3,4,4,5,1,0,5,5,4,5,1,0,4,4,4,4,3,3,5,5,3,4,3,4,1,0,3,5,4,4,3,4,4,4,3,5,4,5,3,4,3,4,4,5,5,6,4,5,5,5,4,4,4,5,4,5,4,5,3,4,3,4,3,4,5,5,1,0,3,4,2,3,1,0,2,3,4,5,2,3,4,3,3,3,4,3,3,4,3,4,4,4,5,13,3,2,2,2,0,4,5,4,4,4,5,5,3,4,4,3,4,4,1,4,4,3,3,2,3,4,3,4,2,4,4,5,3,3,3,4,3,3,4,4,2,2,2,2,2,2,2,2,2,2,2,3,3,3,2,4,1,4,2,2,1,6,3,1,1,47,5,1,1,1,40,7000,3500,0,156101,섬유 산업 전반 침체,섬유공학
28011,3,4,2,3,1,0,4,4,4,4,3,4,5,6,4,5,4,4,5,6,4,5,2,2,4,5,2,2,3,3,3,3,2,2,2,2,2,2,3,4,4,4,4,5,4,5,2,2,3,3,2,3,1,0,1,0,4,4,3,4,3,4,3,3,3,4,4,5,1,0,2,2,4,4,4,5,3,3,4,4,3,3,3,4,3,4,4,4,4,4,4,3,3,4,4,4,4,3,3,4,4,6,1,2,1,2,0,4,4,3,4,3,3,4,4,4,3,4,4,4,2,4,4,3,4,4,4,3,3,4,3,4,4,4,3,4,4,4,4,4,3,2,2,2,2,2,2,2,2,2,2,1,3,3,3,3,2,7,3,4,4,6,6,7,5,5,1,43,3,1,1,1,40,3800,2500,0,140401,조경기술사 일자리,도시조경
28012,4,6,4,6,3,5,4,5,4,6,5,6,4,5,5,5,4,5,4,6,4,6,4,6,4,5,5,6,5,6,4,6,4,6,4,6,4,6,5,6,4,6,4,6,4,5,4,5,4,6,4,6,4,5,4,5,4,6,5,6,4,5,4,5,4,6,4,5,4,6,4,5,4,5,4,6,4,5,4,6,4,6,4,6,4,5,4,5,4,4,5,4,4,4,3,4,4,4,5,4,4,10,1,2,2,2,0,2,5,4,3,4,4,4,4,4,4,4,5,4,3,4,4,3,4,4,4,4,4,4,4,4,4,4,4,4,4,4,3,4,4,2,2,2,2,2,2,2,2,2,2,1,4,2,2,2,1,6,5,4,6,6,5,6,7,6,2,35,4,1,1,1,40,3700,2500,0,416302,인터넷 방송,국어국문학
28013,2,3,3,5,2,3,4,6,1,0,2,3,1,0,2,3,3,5,1,0,1,0,2,3,4,6,2,3,5,7,4,6,2,3,3,4,3,4,5,7,5,6,4,6,2,3,2,3,1,0,2,3,2,2,1,0,1,0,1,0,3,4,2,3,2,3,1,0,1,0,1,0,3,4,1,0,1,0,3,4,3,4,1,0,2,3,2,3,4,4,4,3,4,2,3,4,3,4,4,3,4,7,1,2,2,2,0,7,5,3,2,2,3,2,3,3,2,3,4,3,2,4,4,4,3,4,5,4,4,5,5,4,3,5,2,3,4,5,3,4,4,5,1,1,1,1,1,1,1,1,1,2,2,2,2,2,1,7,7,6,8,3,3,3,3,6,1,58,4,1,1,1,48,5000,2800,0,15101,상품 개발 판매 방법 변화 일자리 영향,기계공학
28014,2,2,2,2,2,2,2,2,2,2,2,2,2,2,3,4,4,5,3,4,3,3,3,3,3,3,3,3,2,3,2,3,3,5,5,6,3,4,4,4,4,4,4,5,3,3,2,2,2,2,2,3,2,2,2,2,2,2,2,2,2,2,2,2,3,3,2,2,2,2,2,2,2,2,2,2,2,2,2,2,2,2,2,2,4,5,4,5,4,4,5,3,3,4,3,4,3,4,3,4,4,17,1,2,1,2,0,5,4,4,5,4,4,4,4,4,3,4,4,4,3,5,4,4,5,4,4,4,4,4,4,4,5,4,5,4,4,4,5,4,4,4,2,2,2,2,2,2,2,2,2,1,3,3,3,3,2,8,7,8,2,2,2,7,4,5,2,38,3,1,1,1,46,3500,2700,0,29202,치과위생사 자격증 고객 서비스 차원 필요,치위생학
28015,4,5,4,4,3,4,2,5,5,5,3,5,2,4,3,4,3,5,2,4,3,5,3,5,4,5,2,4,2,4,2,4,1,0,2,4,3,4,2,5,3,5,4,4,3,5,5,5,3,4,2,4,3,4,2,4,1,0,1,0,5,5,1,0,2,5,1,0,1,0,1,0,2,5,1,0,2,5,2,4,3,3,1,0,3,5,2,3,4,4,3,3,4,4,4,2,3,3,3,4,4,11,1,4,1,2,0,3,4,3,3,3,4,4,4,3,3,4,4,4,2,4,3,4,4,3,3,2,3,1,4,5,3,3,2,2,4,5,4,4,5,5,2,2,2,2,2,2,2,2,2,1,3,2,2,2,1,2,2,3,5,5,4,3,2,4,1,32,3,1,1,1,46,3200,2300,0,27101,전산회계운용사 회사 회계 중요성 증가,통계학
28016,3,4,3,4,2,3,2,2,3,4,2,2,3,3,3,3,2,2,3,4,2,2,2,2,3,4,3,3,3,3,3,3,3,4,2,3,3,4,4,5,3,4,3,4,4,5,3,4,4,5,3,4,4,5,5,5,4,5,4,5,4,5,3,4,4,4,4,5,5,6,4,5,4,5,3,4,3,4,3,4,4,5,3,4,4,5,3,5,4,3,3,4,4,4,3,4,4,3,3,4,3,19,1,2,2,2,0,2,2,4,3,3,4,3,3,4,3,3,3,4,3,2,2,3,4,3,3,4,4,3,2,3,3,4,4,3,3,2,2,3,3,3,2,2,2,2,2,2,2,2,2,2,3,3,3,3,2,5,4,4,5,6,3,6,4,6,1,46,2,2,5,1,40,0,0,3000,811101,변화,공고(기계과)
28017,3,2,3,2,2,3,2,3,2,3,1,0,2,2,2,3,3,3,1,0,1,0,1,0,3,3,1,0,2,3,3,3,1,0,1,0,1,0,4,3,2,2,2,2,2,2,1,0,1,0,1,0,1,0,1,0,3,3,1,0,2,2,1,0,2,2,1,0,1,0,1,0,1,0,1,0,1,0,1,0,1,0,2,3,3,3,3,3,3,5,2,2,2,4,3,3,2,2,3,2,3,19,1,2,2,1,2,1,2,3,2,2,3,3,3,3,9,3,3,3,3,2,2,2,2,2,4,3,3,4,3,4,3,2,2,3,3,3,4,2,3,4,2,2,2,2,2,2,2,2,2,2,3,2,2,2,2,8,8,7,5,4,4,4,5,6,2,27,2,1,1,1,40,2400,2200,0,29101,안내접수 관련 훈련 업종 변화 생각,문과
28018,2,4,2,4,1,0,2,4,5,4,5,3,3,3,2,3,3,3,5,4,5,4,5,4,5,4,5,3,3,4,3,4,3,4,3,3,1,0,1,0,4,3,3,4,4,5,4,5,4,5,3,3,4,5,5,6,5,5,5,4,5,5,5,4,5,4,5,5,5,4,5,4,4,3,5,3,3,3,4,4,5,3,5,2,5,3,5,3,3,2,3,3,3,1,2,2,2,2,3,2,3,3,1,2,2,2,0,1,2,1,1,1,2,3,3,3,9,3,3,3,5,1,1,4,4,4,4,1,1,4,1,5,5,3,2,2,2,5,2,2,5,5,2,2,2,2,2,2,1,2,2,2,2,2,2,2,2,7,8,4,2,2,1,8,8,6,1,52,2,1,3,2,40,3000,2400,0,826401,일자리 감소 산업 일자리 감소,공고
28019,3,4,3,4,2,3,3,4,1,0,2,4,4,4,3,4,3,3,3,4,3,4,5,4,4,3,2,4,3,4,3,4,3,3,2,4,5,4,3,3,3,3,2,3,3,4,2,4,2,3,3,4,2,4,2,3,2,3,1,0,1,0,1,0,2,3,3,4,3,4,3,4,2,4,2,4,4,4,2,3,3,4,2,3,2,4,4,5,5,5,4,3,4,3,3,2,3,3,4,3,4,13,1,2,1,2,0,4,4,4,3,3,4,4,4,3,9,4,4,3,3,4,3,5,1,1,3,1,4,3,5,5,2,4,1,1,5,4,2,3,4,5,2,2,2,2,2,2,2,2,2,2,3,2,2,2,1,8,5,6,3,5,7,7,4,2,2,27,4,1,1,1,42,2700,2500,0,214401,PA지도사 자격증 보육교사 온라인 방송 증가,실용음악
28020,4,4,4,5,4,5,3,5,3,5,3,5,4,4,4,5,5,5,4,5,3,5,4,6,3,5,3,5,3,5,4,5,3,5,4,4,4,4,4,4,4,4,4,4,4,5,5,5,4,5,3,5,4,4,4,4,4,5,3,5,4,5,3,6,4,6,3,5,3,6,4,4,4,5,4,4,4,5,4,4,4,5,4,5,3,4,3,5,4,3,4,4,4,3,4,4,3,3,4,4,3,13,2,2,2,2,0,2,5,4,3,4,4,5,4,4,4,5,4,5,4,4,4,4,3,4,4,4,3,4,4,3,4,4,3,4,4,4,3,3,4,4,2,2,2,2,2,2,2,2,2,1,3,3,3,3,2,6,7,6,6,7,6,6,6,5,1,33,4,1,1,1,52,3600,2800,0,151107,변화 한다해 크게 기대,자동차공학
28021,3,4,4,4,1,0,3,3,3,4,1,0,3,4,4,4,3,4,4,4,3,3,3,3,4,4,4,6,3,4,2,2,2,2,2,2,1,0,3,4,3,4,4,4,2,2,1,0,1,0,1,0,3,3,3,4,3,4,4,4,4,5,4,6,4,5,3,4,4,4,2,2,4,5,5,6,4,6,3,3,2,2,2,2,3,4,4,5,4,5,4,3,4,2,4,4,3,3,5,4,4,7,1,2,2,2,0,2,4,4,4,3,3,4,4,4,3,3,4,4,3,4,4,4,3,3,4,2,4,2,2,4,4,3,3,4,4,5,4,4,4,4,2,2,2,2,2,2,2,2,2,2,4,2,2,3,2,6,5,4,5,5,4,7,5,5,2,35,4,1,1,1,40,4000,2700,0,306902,고령 인구 증가 수요,특수교육학
28022,3,3,3,2,2,1,3,2,3,4,4,3,3,3,4,5,3,4,3,4,2,4,3,4,3,4,4,3,3,4,3,3,3,4,4,3,4,4,4,3,4,5,3,3,4,4,3,4,4,3,3,4,4,3,4,3,2,1,4,5,5,4,3,5,3,4,2,2,5,3,4,3,3,4,1,0,2,2,2,1,2,3,2,1,3,3,1,0,5,4,5,3,4,5,4,3,4,4,5,4,4,10,1,2,1,2,0,4,5,4,5,4,3,4,3,3,4,4,5,5,3,3,4,4,3,2,4,2,4,5,2,3,4,3,4,5,4,5,5,4,5,3,2,1,1,2,1,1,2,1,2,2,2,3,3,3,2,7,6,4,5,6,3,7,8,6,1,37,4,1,1,1,40,4600,4400,0,131201,정보통신산업기사 전자응용기술사 시스템 개발 무량 변화 업체 규모 감소 일자리 감소,정보통신
28023,5,4,3,6,1,0,4,6,5,6,4,4,5,6,5,5,1,0,4,4,4,6,5,6,5,7,4,5,2,4,4,5,3,3,5,5,5,6,5,6,5,5,1,0,5,6,3,5,5,6,5,4,4,4,5,6,2,4,4,5,5,6,5,5,5,5,5,5,5,7,5,6,4,5,1,0,3,4,5,6,5,6,5,4,5,5,5,5,4,5,4,1,2,1,2,4,1,4,5,4,5,3,1,5,2,2,0,4,2,3,2,3,4,3,3,3,3,3,4,4,4,3,3,3,3,3,2,3,2,5,4,5,2,3,2,3,3,5,4,2,5,4,2,2,2,2,2,2,2,2,2,2,2,2,2,2,2,4,5,4,7,6,5,5,4,7,2,26,2,1,1,1,40,2400,2200,0,836001,자동화 시스템 라인,인문계
28024,2,2,3,3,2,2,3,4,4,5,3,5,2,4,3,4,3,4,4,5,1,0,2,4,4,5,3,4,1,0,4,5,2,3,2,4,1,0,3,4,3,4,4,5,4,5,1,0,3,4,3,5,4,6,3,4,4,6,4,5,1,0,1,0,4,5,4,5,4,5,4,5,4,5,4,5,4,5,4,6,4,6,3,5,4,6,1,0,4,4,4,4,3,2,3,3,2,3,3,2,4,13,1,2,1,2,0,5,2,3,4,4,3,2,3,3,4,4,3,5,3,2,3,3,3,4,3,3,3,2,4,3,3,4,3,2,3,3,4,2,3,3,2,2,2,2,2,2,2,2,2,2,3,2,3,3,1,5,6,6,5,4,5,5,4,7,1,53,2,1,1,1,40,4100,1800,0,702502,유리시공기능사 유입 인원 부족,문과
28025,2,2,4,5,2,2,3,4,1,0,2,1,4,4,4,4,3,3,3,3,2,1,2,2,3,4,4,4,3,5,3,3,3,5,3,5,3,4,5,6,2,2,4,3,4,5,3,4,3,4,4,5,3,4,3,4,3,4,3,5,4,5,3,3,3,3,4,5,4,5,4,4,1,0,4,4,3,4,4,5,4,5,4,5,4,4,4,3,4,4,2,4,4,1,4,2,2,4,4,4,4,13,1,3,1,2,0,6,4,4,4,2,4,4,2,4,4,4,4,4,2,4,3,2,2,2,4,4,1,5,2,4,3,3,4,4,4,4,3,3,5,3,2,2,2,2,2,2,2,2,2,1,4,1,1,1,2,7,6,7,5,6,5,5,5,5,1,45,4,1,3,2,44,4000,3200,0,416401,포토샵 자격증 프리미어 자격증 사진 영상 추세,사진학
28026,5,6,4,4,4,4,4,4,4,4,4,4,4,4,4,4,4,4,4,4,4,4,4,4,4,4,4,4,4,4,4,4,4,4,4,4,4,4,4,4,4,4,4,4,4,4,4,4,4,4,4,4,4,4,4,4,4,4,4,4,4,4,4,4,4,4,4,4,4,4,4,4,4,4,4,4,4,4,4,4,4,4,4,4,4,4,4,4,4,4,3,4,4,3,4,3,4,3,4,4,4,3,1,2,1,1,4,5,2,3,2,2,4,4,4,3,4,3,4,4,3,2,3,4,3,4,4,3,2,4,3,4,3,4,3,2,4,5,3,2,4,5,2,2,2,2,2,2,2,2,2,2,2,3,3,3,2,5,4,6,3,5,7,5,7,4,1,38,2,1,1,1,50,3900,2400,0,823301,주조기능사 금속가열교육 기계화 일자리,기계
28027,5,6,4,6,5,6,4,5,3,4,4,6,4,5,3,4,4,6,4,5,4,6,5,7,4,5,4,6,5,5,3,4,3,4,2,3,4,6,4,6,3,5,4,5,4,6,3,4,4,5,3,4,2,3,2,2,1,0,2,3,2,3,3,3,2,3,1,0,1,0,1,0,3,5,2,3,3,4,2,3,2,4,2,3,3,4,3,4,4,3,3,4,4,4,5,4,3,4,4,3,4,16,5,6,2,2,0,7,5,4,4,4,5,4,3,5,4,4,3,4,2,4,3,4,3,3,2,1,4,4,3,4,3,3,3,4,3,4,4,3,4,5,2,2,2,2,2,2,2,2,2,1,3,3,3,3,2,7,6,6,6,5,5,4,5,5,1,50,5,1,1,1,45,7000,4200,0,110103,상태 유지,국어국문학
28028,2,3,2,1,2,5,3,3,2,2,2,3,3,3,2,2,2,4,2,4,3,4,3,4,3,2,2,2,2,3,2,2,3,3,3,4,3,2,2,3,3,3,3,3,4,4,2,3,3,3,2,3,2,2,2,2,3,3,3,3,2,2,3,3,3,2,3,3,3,4,3,4,2,2,2,3,3,3,3,2,3,3,3,3,3,4,3,3,4,4,4,2,3,2,1,3,4,4,4,3,4,1,4,1,2,1,1,7,1,2,1,1,3,3,4,1,9,9,9,3,4,2,3,4,3,4,4,2,4,5,1,4,3,3,3,3,4,5,3,2,5,4,2,1,1,1,1,1,2,2,2,1,3,3,3,3,2,3,3,3,3,3,3,3,3,3,1,75,4,2,6,1,50,0,0,4500,901201,농업 전반적 작물재배 농약 비료 인터넷 검색 상품 장비 도입 생업 향상 농업 기계화 시설 자동화,사학
28029,1,0,3,3,1,0,2,2,2,1,1,0,1,0,1,0,2,1,1,0,1,0,2,3,3,4,1,0,2,2,2,2,1,0,1,0,1,0,2,3,3,4,3,3,3,4,1,0,3,3,1,0,1,0,1,0,1,0,1,0,1,0,3,3,1,0,2,3,2,2,1,0,1,0,3,3,2,2,3,4,2,3,4,5,2,1,2,1,3,2,2,2,2,3,3,3,3,3,3,2,2,9,1,2,2,2,0,7,2,3,2,2,4,3,2,3,9,2,3,3,3,2,2,3,4,4,4,3,2,2,4,4,2,2,3,2,3,4,4,3,4,2,2,2,2,2,2,2,2,2,2,2,3,2,3,3,1,5,6,7,6,5,4,4,4,7,1,38,2,1,1,1,58,2590,2280,0,532301,변수,기계
28030,3,3,2,3,1,0,2,2,2,3,2,2,2,2,2,2,1,0,1,0,2,2,2,2,3,3,2,2,3,3,2,3,2,2,1,0,2,2,2,3,3,4,2,2,2,3,1,0,1,0,1,0,2,2,1,0,1,0,1,0,1,0,1,0,1,0,1,0,2,2,2,2,2,2,1,0,2,2,1,0,2,2,1,0,2,2,2,2,4,3,4,3,2,3,2,2,3,2,4,3,3,7,3,2,2,2,0,1,2,2,2,1,2,2,3,3,9,4,4,3,4,2,2,4,5,4,3,2,2,3,3,5,5,4,4,3,5,5,4,4,5,3,2,2,2,2,2,2,2,2,2,1,3,2,2,3,2,9,9,9,3,2,2,6,7,5,2,30,4,1,2,2,40,2000,1900,0,616101,현재 상황 유지,사회복지
28031,1,0,3,4,1,0,3,4,2,4,2,3,3,5,3,5,3,4,4,5,2,4,3,4,3,4,1,0,2,3,3,4,3,4,2,4,1,0,2,3,3,4,3,5,2,2,1,0,1,0,1,0,3,4,1,0,4,5,1,0,1,0,1,0,1,0,3,4,2,4,3,5,1,0,4,5,2,3,3,5,4,6,4,6,3,5,3,5,5,4,2,2,3,1,2,4,2,3,2,3,2,6,4,1,2,2,0,7,1,3,2,2,3,3,2,2,3,2,3,3,3,4,4,4,3,2,3,3,2,3,3,4,3,4,4,5,4,5,4,3,4,4,2,2,2,2,2,2,2,2,2,2,2,2,2,2,2,6,6,8,3,3,6,6,4,3,1,41,2,1,4,2,42,3200,2400,0,701401,장기 불황 작업 기계 발달 인력 감소,전자
28032,3,4,3,4,2,2,3,4,2,3,4,5,3,4,3,4,2,2,4,5,4,5,4,5,4,5,4,5,4,5,4,5,4,5,4,5,4,5,4,5,4,5,3,4,3,4,2,3,4,5,2,2,3,4,4,5,4,5,2,3,2,3,2,3,3,4,3,4,4,5,3,4,2,3,3,4,3,4,3,4,2,3,2,3,5,6,2,2,4,4,3,3,4,4,3,4,3,4,3,4,3,6,1,2,1,2,0,3,4,4,4,4,4,4,3,3,4,4,4,4,2,4,4,3,2,3,2,5,4,5,2,5,5,4,4,5,5,5,4,4,5,4,2,2,2,2,2,2,2,2,2,2,3,3,3,3,2,1,1,2,1,1,3,1,1,2,1,35,4,1,1,1,40,4600,3000,0,140206,건설산업안전기사 기술사 건설안전기사 기술사 건설환경기사 기술사 현장 기피 현상 수요,건축설비공학
28033,2,3,3,4,2,2,3,3,2,4,2,2,1,0,3,3,3,4,1,0,2,2,2,2,2,3,2,2,3,3,2,2,2,2,1,0,2,3,3,4,1,0,2,2,4,3,1,0,1,0,1,0,1,0,1,0,1,0,1,0,2,2,1,0,1,0,1,0,1,0,1,0,1,0,1,0,1,0,1,0,1,0,1,0,2,3,3,5,3,4,2,2,3,4,3,2,3,2,3,2,2,17,1,1,1,2,0,7,2,3,3,2,3,3,3,2,3,4,4,3,3,3,3,5,3,4,4,4,3,3,4,3,3,4,4,4,5,3,4,3,4,4,2,2,2,2,2,2,2,2,2,1,3,3,2,2,2,6,7,7,7,6,5,6,7,6,2,29,3,1,1,1,40,2400,2000,0,29202,의료코디네이터 고객 대한 서비스 것이므 변화,유아교육
28034,4,6,4,5,4,5,1,0,1,0,3,4,4,6,5,7,5,7,4,6,2,2,3,4,3,4,3,4,3,4,1,0,1,0,1,0,4,6,1,0,1,0,1,0,1,0,5,7,4,6,2,3,2,2,3,4,2,2,1,0,2,3,2,2,1,0,1,0,1,0,2,2,2,3,2,3,4,6,1,0,5,7,3,3,4,5,3,3,3,3,3,4,4,2,4,3,2,4,4,4,2,15,2,6,1,2,0,7,5,3,4,3,3,3,3,4,3,3,4,4,2,3,3,4,2,3,3,1,4,3,5,5,3,3,3,3,3,4,1,2,4,4,2,2,2,2,2,2,2,2,2,2,2,3,3,3,1,6,6,6,5,5,5,5,5,5,1,37,4,1,1,1,40,3500,2800,0,413202,기록물관리사 정도 자동화 영향,기록물관리
28035,2,2,2,2,2,2,2,3,2,2,1,0,2,2,2,1,2,2,2,4,2,2,1,0,1,0,3,3,3,3,3,4,1,0,1,0,3,4,3,3,3,3,3,3,3,3,2,3,2,3,4,5,1,0,1,0,3,3,1,0,1,0,3,3,3,3,1,0,1,0,1,0,1,0,2,2,2,1,1,0,2,2,1,0,3,2,2,1,3,3,3,4,3,3,3,3,2,2,3,2,3,9,1,1,1,2,0,3,2,3,2,2,4,5,4,3,9,9,3,3,3,3,2,3,3,3,4,4,4,5,3,3,2,3,2,3,3,5,3,2,4,4,2,2,2,2,2,2,2,2,2,2,2,3,3,3,2,8,8,7,8,7,6,5,4,4,1,37,3,1,1,1,45,3800,2300,0,531101,일식 자격증 경기 불황,식품영양학
28036,3,4,3,4,3,4,2,3,3,4,3,4,2,3,3,4,2,4,2,3,3,4,2,3,2,3,2,3,2,3,2,3,2,4,2,4,2,2,2,4,2,3,3,3,2,3,3,4,2,3,1,0,2,4,1,0,1,0,1,0,2,4,2,3,1,0,1,0,1,0,1,0,3,3,2,2,1,0,1,0,3,2,3,3,2,3,2,2,3,3,4,3,3,4,2,2,3,3,2,4,4,3,1,2,2,1,1,4,2,2,2,2,4,4,3,3,3,3,3,3,3,2,3,2,3,2,3,4,4,4,2,4,3,3,3,3,3,3,3,3,4,4,2,2,2,2,2,2,2,2,2,2,2,3,1,3,2,7,7,7,7,4,4,3,5,6,2,53,4,1,1,1,40,2800,2000,0,615601,고객서비스 판매제품에 대한 교육 코로나 전자상거래 증가,소프트웨어
28037,4,6,4,6,3,4,3,5,3,5,3,4,3,4,2,4,3,4,3,5,4,6,4,4,3,5,3,4,3,4,3,5,4,4,4,5,3,3,3,4,4,4,3,5,3,5,3,5,3,5,3,5,3,4,4,4,4,4,4,4,4,4,3,5,3,4,3,4,4,4,4,4,3,3,3,4,3,4,3,4,4,4,4,5,3,4,4,3,5,4,3,3,4,3,3,4,3,3,4,4,4,7,1,4,2,2,0,4,4,4,3,4,4,4,4,5,4,4,5,5,4,4,4,4,3,4,4,4,3,4,4,4,3,3,4,4,4,4,3,4,4,4,2,2,2,2,2,2,2,2,2,2,4,3,3,3,2,7,7,3,4,4,5,6,3,5,2,39,4,1,1,1,40,3300,2600,0,157201,인증 의무 식품 분석 업무 대신 때문,농업학
28038,2,2,2,2,1,0,4,5,1,0,4,5,1,0,3,4,2,3,3,4,4,5,3,4,4,5,3,4,3,4,4,5,3,4,4,5,4,5,3,4,4,6,4,5,3,4,1,0,1,0,1,0,1,0,1,0,2,2,3,4,1,0,1,0,4,5,2,2,3,4,2,2,1,0,1,0,4,5,4,5,3,4,4,5,4,5,4,5,3,5,2,4,4,2,4,3,3,3,2,4,2,17,2,2,1,1,2,2,5,4,4,3,4,4,4,4,3,4,4,4,3,4,3,3,4,3,3,4,3,4,4,4,4,3,3,4,3,4,4,4,3,2,2,2,2,2,2,2,2,2,2,1,3,3,3,3,2,3,3,3,2,2,2,3,3,1,1,29,4,1,1,1,40,2400,1900,0,307101,응급구조사1급 응급상황 훈련 안정 직업,응급구조학
28039,2,2,1,0,2,2,3,3,3,4,3,3,4,5,4,5,3,4,4,5,3,4,4,4,3,4,4,5,3,4,4,4,4,5,3,4,4,5,4,5,4,5,4,4,4,5,4,4,4,5,4,5,4,4,4,5,4,5,4,5,4,6,4,5,4,5,3,4,4,5,3,4,4,5,4,5,4,4,4,4,4,4,4,5,4,4,1,0,4,3,2,4,4,3,3,4,3,4,4,4,3,7,1,5,2,2,0,7,6,4,3,3,3,3,4,3,3,2,3,3,3,4,3,3,4,3,2,4,4,4,3,3,4,2,3,4,4,4,3,2,3,3,2,2,2,2,2,2,2,2,2,2,4,3,3,3,1,6,6,4,3,4,5,6,4,3,1,41,4,1,1,1,45,7000,4000,0,132002,시스템 설계 수요 증가,컴퓨터공학
28040,3,5,5,5,4,5,2,3,4,4,4,5,3,5,4,4,4,4,1,0,5,6,2,4,2,4,4,5,3,4,3,3,3,3,3,4,2,3,1,0,4,4,4,3,4,4,1,0,1,0,3,5,1,0,1,0,1,0,1,0,5,5,1,0,1,0,1,0,1,0,1,0,1,0,1,0,1,0,1,0,1,0,1,0,3,3,2,3,3,4,1,4,4,4,4,3,4,4,4,5,5,8,2,3,2,2,0,3,5,4,3,3,3,3,4,4,3,3,3,3,2,3,3,3,4,2,3,2,3,4,4,4,3,4,4,3,3,4,3,3,4,5,2,2,2,2,2,2,2,2,2,2,4,3,3,3,1,4,3,4,3,4,3,4,3,6,1,42,4,1,1,1,40,5700,3200,0,28202,지하철 회선 증가 음으로,경영학
28041,3,5,3,3,3,3,4,4,3,6,3,3,4,4,2,5,3,4,3,6,3,4,4,4,4,5,4,4,4,5,4,5,3,5,4,5,4,5,3,5,4,5,4,4,4,5,3,5,5,5,3,3,3,4,5,5,3,4,4,4,4,5,3,5,4,4,5,5,4,5,4,4,4,5,3,5,4,4,5,5,4,4,4,4,4,4,4,5,4,4,3,3,4,5,4,4,3,4,4,3,3,3,1,2,2,2,0,3,2,4,3,3,4,3,3,4,5,5,4,5,4,3,4,4,4,4,3,4,5,4,3,4,5,4,4,3,3,3,4,4,3,3,2,2,2,2,2,2,2,2,2,3,3,3,3,3,2,7,3,5,7,3,4,7,5,7,1,48,2,1,1,1,40,4900,3000,0,883201,기계로 대체,기계
28042,3,4,3,4,3,4,3,4,3,4,3,4,3,3,3,4,3,4,3,4,3,4,3,4,4,5,4,5,3,4,3,4,3,4,3,4,4,5,4,5,4,5,4,5,4,5,4,5,4,5,3,4,3,4,3,4,3,4,3,4,3,4,3,4,4,5,3,4,3,4,3,4,3,4,3,4,3,4,3,4,3,4,1,0,1,0,1,0,4,3,3,4,4,3,3,3,3,4,3,3,3,13,1,3,2,1,4,5,4,4,4,4,4,4,4,3,4,4,3,4,3,4,4,3,3,3,4,3,3,3,4,3,4,3,4,3,3,3,3,4,3,3,2,2,2,2,2,2,2,2,2,4,3,2,2,2,2,8,7,7,6,7,7,6,8,7,1,30,3,1,1,1,45,4000,2100,0,140503,조사과정 교육 변화,지리
28043,3,5,3,5,3,6,3,5,4,5,3,5,2,4,2,4,2,4,3,4,3,5,3,4,2,4,2,4,3,4,3,5,2,4,2,5,3,5,2,5,3,4,4,5,3,6,5,5,5,5,3,4,3,4,2,4,2,4,2,4,5,5,2,4,2,5,2,5,1,0,1,0,3,4,1,0,2,5,1,0,2,3,2,5,3,4,2,5,5,4,3,3,3,3,4,4,4,4,3,3,4,3,1,2,2,2,0,3,3,3,3,3,4,3,4,3,9,4,4,3,4,2,2,4,3,2,2,1,3,3,4,4,3,4,3,3,5,5,2,3,5,5,2,2,2,2,2,2,2,2,2,1,3,3,3,3,2,8,7,7,3,4,5,3,4,3,2,30,3,1,1,1,42,3100,2500,0,26301,조직 운영 위해 부서 로서 감소 보임,경영학
28044,4,5,3,4,3,3,3,4,1,0,4,6,5,7,2,3,3,4,3,4,1,0,2,3,5,7,2,2,2,3,4,5,2,3,2,3,3,4,3,4,5,7,4,5,3,3,1,0,2,3,2,2,3,4,4,5,2,3,1,0,5,7,1,0,2,3,1,0,1,0,1,0,3,4,2,2,1,0,2,2,2,2,1,0,2,3,2,3,5,3,4,3,2,3,2,4,2,3,4,3,2,10,1,5,1,1,3,7,5,4,4,4,3,4,4,3,4,3,4,3,3,3,4,3,4,5,5,4,5,5,5,4,4,4,3,4,5,5,4,3,4,4,2,2,2,1,1,1,2,2,2,2,4,3,3,3,2,6,7,8,7,7,4,3,3,5,1,35,4,1,1,1,48,7000,3200,0,133204,정보처리산업기사 3D 애니메이션 디지털웹디자인 게임 그래픽 디자인등 게임 시장 발전 게임 소프트웨어 차지 비중,기계공학
28045,2,3,2,3,2,2,3,4,1,0,1,0,3,5,2,2,3,5,3,5,1,0,2,3,3,5,3,5,3,4,3,4,2,3,2,3,4,6,3,4,1,0,2,3,2,3,2,4,3,5,3,5,3,5,3,5,3,5,1,0,1,0,1,0,1,0,1,0,1,0,1,0,2,3,3,5,3,5,3,5,2,3,4,6,3,5,3,5,4,4,2,3,3,2,2,4,3,3,3,4,4,18,1,1,2,2,0,1,2,3,2,2,4,4,3,4,9,9,9,4,2,4,4,5,5,4,3,3,2,2,3,4,5,5,4,4,4,4,3,4,4,4,2,2,2,2,2,2,2,2,2,1,4,2,2,2,2,8,2,3,2,2,3,8,3,3,1,39,2,2,5,1,40,0,0,4200,414703,여가 생활 필요성 증대,인문계
28046,2,3,2,3,2,3,1,0,3,5,3,6,1,0,1,0,1,0,1,0,3,5,1,0,1,0,1,0,1,0,1,0,1,0,1,0,1,0,1,0,1,0,1,0,1,0,1,0,1,0,1,0,3,5,3,5,3,5,3,4,1,0,4,6,3,4,2,4,1,0,1,0,1,0,1,0,1,0,1,0,1,0,1,0,1,0,1,0,3,4,4,3,3,2,3,3,3,4,3,2,3,13,2,3,2,1,1,7,6,4,3,3,2,5,5,3,3,3,3,3,4,1,2,3,3,2,2,2,4,3,3,4,2,3,3,3,2,4,2,2,4,3,2,2,2,2,2,2,2,2,2,1,4,1,1,3,1,4,7,7,7,8,5,4,3,4,1,42,6,1,1,1,40,4000,2000,0,157201,검사방법 교육 유해 물질 사량 증가 때문,병리학
28047,4,4,3,5,3,5,4,4,4,5,3,5,4,5,3,5,3,5,4,4,4,5,4,5,4,5,4,5,3,4,4,4,3,5,4,5,3,5,3,5,4,5,3,6,4,3,3,3,2,3,3,3,2,4,2,4,3,3,4,5,2,3,3,3,2,3,2,4,2,3,2,3,4,4,3,3,2,4,2,4,3,3,4,4,4,6,4,5,4,3,4,4,4,3,4,4,3,4,4,3,4,17,1,2,1,2,0,3,4,4,3,3,4,3,3,5,4,4,4,5,4,3,3,5,4,3,4,4,3,4,3,4,5,3,4,4,3,4,4,3,4,2,2,2,2,2,2,2,2,1,2,4,3,3,3,3,2,7,6,7,8,4,5,7,6,5,2,40,4,1,1,1,40,4000,2000,0,306902,언어치료사자격증 야간 근무 전문직,언어치료학
28048,4,4,4,4,2,2,3,4,4,4,4,5,4,4,4,4,3,4,4,4,4,4,4,4,3,4,4,4,4,4,4,5,3,4,4,5,4,5,3,3,4,5,4,5,3,4,4,5,3,3,3,3,4,4,4,5,3,3,3,3,4,5,4,6,3,4,3,4,3,4,3,4,4,5,4,5,3,4,4,4,3,3,3,3,4,6,4,6,4,3,4,4,3,3,4,4,3,4,3,4,3,13,1,3,1,2,0,6,5,3,3,3,4,4,3,4,5,4,4,4,2,4,4,4,3,4,4,4,3,4,4,4,4,4,3,3,4,4,3,4,4,3,1,1,1,1,1,1,1,2,2,1,4,3,3,3,2,3,4,3,4,3,3,4,7,7,1,39,4,1,1,1,40,3000,2700,0,140502,교통기사 교통산업기사 기술 재교육 문화 관광 서비스 산업 발달 관자 활용 가치 증가 때문,도시공학
28049,2,2,3,3,1,0,2,3,1,0,1,0,4,4,2,2,2,3,2,2,1,0,3,5,3,4,1,0,2,2,1,0,1,0,1,0,3,4,1,0,3,3,1,0,2,2,1,0,2,2,1,0,1,0,2,1,3,3,1,0,2,1,1,0,2,2,2,2,1,0,1,0,1,0,3,3,1,0,1,0,2,2,1,0,3,2,1,0,3,2,2,2,3,2,3,3,2,3,3,2,3,16,5,1,2,2,0,7,5,3,2,2,4,4,2,2,3,4,4,3,2,3,4,4,2,3,3,2,3,3,4,4,4,3,3,4,3,3,2,3,3,3,2,2,2,2,2,2,2,2,2,1,3,2,2,3,1,6,8,5,7,4,3,8,4,2,2,26,4,1,3,1,45,2500,2000,0,414101,기술,서양학
28050,5,7,5,7,5,7,5,7,4,5,5,7,4,5,4,6,4,6,4,5,4,6,4,6,4,5,3,3,4,4,3,5,4,5,4,5,3,4,2,3,4,6,3,4,3,4,3,4,2,2,2,2,1,0,1,0,1,0,1,0,1,0,1,0,1,0,1,0,1,0,1,0,3,4,1,0,1,0,1,0,1,0,1,0,3,4,3,4,5,5,4,4,5,4,4,4,4,4,4,4,4,15,2,4,2,1,3,3,5,2,3,3,4,4,4,4,4,4,5,4,2,3,3,4,4,4,3,2,4,4,4,5,4,4,4,3,4,4,3,4,4,2,2,2,2,2,2,2,2,2,2,2,4,3,3,3,1,2,3,2,1,2,3,4,2,3,1,38,4,1,1,1,50,7500,7000,0,221102,사법연수원 범죄 증가 이해,법학
28051,4,6,3,4,4,6,4,5,4,6,2,2,4,6,4,6,4,6,4,6,2,2,4,5,3,5,4,6,4,6,2,2,2,2,4,5,4,6,4,6,4,6,2,2,2,2,2,2,4,6,4,6,4,6,2,2,2,2,2,2,4,5,2,3,4,5,4,5,2,3,2,3,4,6,4,6,3,4,1,0,3,3,2,2,3,3,3,4,3,3,4,3,4,3,3,4,3,4,3,3,2,13,1,2,1,2,0,6,5,5,4,4,4,4,1,3,3,4,2,3,2,4,3,3,3,3,3,1,3,3,4,4,3,3,3,3,3,3,2,2,3,3,2,1,2,2,2,2,2,2,2,2,4,3,3,3,2,6,6,6,5,5,5,5,5,5,1,43,4,1,1,1,48,4600,2500,0,155305,소음진동기사 환경 조건 분석 프로그램 도입 환경 규제 강화 환경 개선 투자가 증가,환경공학
28052,2,2,2,3,1,0,4,5,1,0,4,5,1,0,2,2,3,4,3,4,4,5,1,0,3,4,2,3,4,5,4,5,4,5,1,0,3,4,4,5,4,5,3,4,4,5,1,0,1,0,2,2,2,2,1,0,1,0,1,0,1,0,1,0,1,0,1,0,2,2,2,3,2,2,1,0,1,0,4,5,3,4,3,4,4,5,4,5,3,4,2,4,4,2,3,2,2,3,2,3,3,8,1,6,1,1,3,4,5,3,3,2,4,3,3,3,3,3,3,3,4,3,2,3,3,4,3,3,4,3,3,4,3,4,4,3,3,4,3,4,3,3,2,2,2,2,2,2,2,2,2,1,3,3,3,3,2,3,3,3,2,2,2,3,3,4,1,28,4,1,1,1,30,3800,3500,0,522101,WSET 토익 HSK OJT비행훈련,항공서비스학
28053,3,4,4,5,4,4,4,4,3,4,5,4,2,3,5,5,5,5,3,4,5,5,5,5,4,4,4,5,4,5,4,4,3,4,3,4,4,4,5,6,4,4,4,4,4,5,4,5,5,5,5,5,4,4,2,2,5,5,3,4,3,3,3,4,4,4,5,5,3,4,5,5,5,5,4,5,2,2,1,0,1,0,2,3,4,4,4,4,5,4,4,4,5,4,5,3,4,3,3,5,5,17,1,1,1,2,0,6,6,5,5,4,4,5,4,4,9,9,4,4,1,5,4,3,3,2,2,3,3,5,2,3,4,3,3,4,4,5,4,3,4,4,2,2,2,2,2,2,2,2,2,1,2,3,2,2,2,4,3,2,4,3,2,6,5,4,1,72,5,2,5,1,48,0,0,9000,301108,전문의 자격증 출산율 저하,의학
28054,3,4,4,6,3,4,5,7,1,0,2,3,1,0,2,3,3,5,3,4,1,0,2,3,5,6,3,4,5,7,2,3,3,5,2,3,3,4,5,7,4,5,4,6,2,3,1,0,2,3,3,4,1,0,1,0,1,0,1,0,2,3,1,0,1,0,1,0,1,0,1,0,2,3,1,0,3,4,4,6,3,4,1,0,2,2,2,2,3,5,2,3,4,2,2,4,2,4,5,3,3,18,1,2,1,2,0,7,4,3,4,4,3,3,2,3,2,3,3,3,3,4,3,2,3,4,5,5,4,5,3,4,4,5,4,3,3,4,2,2,4,5,2,2,2,2,2,2,2,2,2,1,2,2,2,2,1,6,7,6,4,3,3,8,3,3,1,42,4,1,1,1,40,3900,2000,0,521304,관광통역안내사 국내여행안내사 코로나 전염병 종식 관광 산업 다시 활성화,체육
28055,3,4,3,3,3,3,3,4,3,5,4,5,4,5,3,5,4,5,4,5,3,4,3,4,4,5,3,4,3,4,4,4,3,4,3,4,3,3,4,5,4,5,3,5,4,5,2,4,3,4,3,4,4,5,4,5,3,6,3,6,3,4,4,5,4,5,4,5,4,6,4,5,4,6,3,3,3,3,4,4,4,5,3,4,3,4,3,4,3,3,2,3,2,3,3,4,3,2,3,3,4,13,1,2,1,2,0,3,4,3,3,4,4,5,2,4,3,3,4,4,3,3,3,3,4,3,3,3,3,4,4,4,3,3,3,3,4,3,3,2,2,3,2,2,2,2,2,2,2,2,2,1,5,1,1,1,1,5,6,5,5,5,3,4,4,5,1,52,5,1,1,1,35,4500,3000,0,834001,전기기능사 전기 각광 미래 산업,전기전자공학
28056,3,3,3,5,3,2,3,7,3,2,3,2,3,2,2,2,2,5,1,0,1,0,4,7,1,0,1,0,3,5,1,0,1,0,1,0,5,7,4,3,3,3,2,2,4,3,3,2,3,2,2,1,1,0,1,0,1,0,1,0,4,3,1,0,1,0,1,0,1,0,1,0,1,0,1,0,1,0,1,0,1,0,1,0,1,0,1,0,3,3,3,3,3,3,2,3,3,4,3,3,3,16,5,2,2,2,0,7,5,4,4,4,4,4,4,4,4,4,4,4,3,3,3,3,3,3,3,3,3,3,3,3,3,3,4,4,3,3,3,4,3,3,2,2,2,2,2,2,2,2,2,2,2,3,3,3,2,7,6,5,7,5,5,5,4,7,1,48,5,1,2,2,38,4500,4200,0,214101,전체 인구 감소,법학
28057,3,6,3,5,4,5,4,6,3,4,5,6,4,5,4,4,4,6,4,5,3,5,4,5,4,5,3,4,4,5,4,5,3,5,4,6,4,4,3,5,5,6,4,5,4,5,4,6,3,5,4,5,3,4,2,3,2,4,2,4,3,4,3,4,3,4,2,3,1,0,1,0,3,4,1,0,1,0,1,0,1,0,1,0,2,4,2,2,5,5,3,4,4,4,5,2,4,4,4,4,3,15,2,6,2,2,0,7,2,4,4,4,5,4,4,4,3,4,4,4,1,4,4,4,4,4,4,2,4,4,5,4,4,4,4,4,4,4,4,3,4,4,2,2,2,2,2,2,2,2,2,1,3,1,3,3,1,5,6,5,4,4,4,4,6,3,1,53,4,1,1,1,40,6000,2500,0,25401,변화,경영학
28058,5,7,5,6,4,5,4,5,2,3,4,5,5,6,4,5,3,4,5,7,5,7,3,4,5,7,5,6,4,6,5,7,4,5,4,5,4,5,1,0,3,4,5,7,3,4,2,3,3,4,5,7,2,3,3,4,3,4,3,4,3,4,3,4,4,5,2,2,1,0,1,0,3,4,2,3,2,3,2,3,4,5,2,2,4,5,3,4,4,4,3,3,4,3,3,4,3,4,4,4,3,18,1,5,2,1,6,6,5,4,4,4,4,4,3,3,3,3,4,3,3,5,4,2,2,3,2,5,4,5,2,4,3,3,4,4,3,5,4,4,5,4,2,2,2,2,2,2,2,2,2,2,3,2,2,2,1,2,5,2,5,2,2,2,1,2,1,53,4,1,1,1,40,4800,3000,0,416105,현장실습 변화,연극영화학
28059,3,4,2,3,3,2,4,4,2,3,3,3,4,4,2,2,3,5,3,3,4,5,3,3,3,4,2,3,2,7,4,6,3,3,3,5,2,2,2,2,3,4,3,5,4,5,3,4,2,3,3,5,2,3,2,3,2,2,3,4,2,2,3,4,2,2,4,4,4,4,2,5,3,3,4,4,4,4,4,5,3,5,4,4,4,4,3,3,4,3,5,5,4,4,4,4,3,4,4,3,4,17,4,1,1,1,6,6,6,5,5,4,5,4,4,4,4,9,4,4,4,4,4,4,5,4,4,4,5,5,3,4,4,5,4,4,4,4,4,4,4,4,2,2,2,2,2,2,1,2,2,1,3,3,3,2,1,4,3,3,2,3,4,6,7,6,2,38,5,2,6,1,40,0,0,9000,301107,의사 면허증 인턴 레지던트 코로나 인원 감축 상담 필요 직업,의학과
28060,3,3,3,5,2,3,4,5,3,3,3,3,2,3,3,3,3,4,2,2,3,4,2,2,2,2,3,2,2,3,2,2,4,5,4,5,3,3,2,3,2,3,3,3,4,3,2,2,3,3,2,2,3,3,2,2,2,1,2,1,3,4,4,4,3,2,2,1,2,2,3,3,3,4,3,4,2,2,2,2,2,1,2,1,3,4,3,3,4,3,2,3,3,4,3,4,3,4,3,3,3,7,1,2,1,1,1,4,2,3,2,2,3,2,3,4,3,4,4,4,3,4,3,4,3,3,4,3,3,4,3,4,3,3,4,4,3,4,3,3,4,4,2,2,2,2,2,2,2,2,2,1,3,3,3,3,2,8,7,8,2,2,3,7,4,5,1,30,3,1,1,1,40,3000,2500,0,612501,경매사 자격증 직접 해보는 연습 정도 먹거리 농산물 계속 생산 판매,토목
28061,4,5,3,3,2,3,1,0,3,5,2,4,3,5,2,2,2,3,2,4,3,5,1,0,2,4,1,0,1,0,1,0,1,0,1,0,1,0,1,0,3,5,2,4,1,0,1,0,1,0,1,0,4,5,4,5,3,5,3,4,3,5,4,5,3,5,2,3,4,5,4,5,1,0,2,3,2,3,1,0,2,4,2,3,3,4,1,0,5,3,3,3,3,3,5,1,3,3,3,4,4,4,1,4,1,2,0,2,5,3,5,4,4,5,4,4,3,9,5,4,4,5,5,2,4,4,3,5,4,4,4,4,3,3,5,4,4,5,3,4,4,5,2,2,2,2,2,2,2,2,2,2,3,3,3,3,2,4,2,7,6,5,8,4,8,6,1,32,4,1,1,1,40,4600,4400,0,153103,전기기능사 산업기사 전기 생활 유지,에너지공학
28062,3,4,4,5,3,4,3,4,4,5,3,5,3,4,3,4,3,4,3,4,4,5,3,4,3,5,3,4,4,4,3,4,4,4,4,5,3,3,3,4,3,4,3,4,4,4,4,5,3,5,4,4,4,4,3,4,4,4,3,4,3,4,3,5,3,4,3,4,3,4,4,5,3,5,3,4,3,5,3,4,3,5,3,4,3,4,3,5,3,4,4,3,3,4,4,4,4,3,4,4,4,13,1,2,1,1,4,3,3,4,3,3,4,3,3,3,4,3,3,4,2,3,3,4,3,3,3,2,3,3,3,4,3,3,3,4,3,3,3,4,4,3,2,2,2,2,2,2,2,2,2,2,2,2,2,2,1,7,6,7,7,6,7,6,7,6,1,32,3,1,1,1,43,3800,3600,0,821201,금속재료시험기능사 열처리기능사 실무교육 기술 개발,기계
28063,5,5,4,5,1,0,5,5,4,4,4,4,4,4,3,4,4,4,4,4,4,5,3,4,4,4,4,4,4,5,4,4,4,5,5,5,4,4,4,4,5,4,4,5,4,4,4,4,4,4,1,0,4,4,4,4,4,5,5,5,4,5,4,4,4,4,4,4,4,5,4,4,4,4,4,4,4,4,4,4,4,5,3,4,5,5,5,5,5,4,5,4,4,5,4,4,5,4,4,3,4,17,1,2,1,2,0,3,5,5,4,4,4,3,4,4,2,3,4,3,3,2,3,4,4,5,3,3,4,3,5,4,3,4,3,4,3,4,5,4,4,4,2,2,2,2,2,2,2,2,2,2,3,2,2,2,2,6,3,6,3,6,3,3,7,6,2,28,3,1,1,1,48,2400,2000,0,306401,치과위생사 없다 사용 관리,치위생학
28064,4,3,2,4,2,4,4,4,4,4,4,5,4,4,2,5,4,3,4,5,2,3,3,4,3,5,2,3,3,5,2,4,3,3,3,3,3,5,3,5,2,4,3,3,2,4,3,4,3,3,3,4,3,4,2,3,2,4,3,5,3,5,3,5,4,4,4,5,3,4,3,4,4,5,4,4,4,4,3,3,2,4,2,4,3,3,3,4,4,4,4,3,3,3,4,3,3,4,3,3,3,3,1,6,2,2,0,1,2,4,4,4,3,2,4,3,2,4,3,3,2,3,3,2,3,3,4,4,3,3,3,2,2,3,4,3,3,3,2,3,3,4,2,2,2,2,2,2,2,2,2,2,2,2,2,3,2,2,6,5,4,3,7,4,5,6,1,42,2,1,1,1,48,5600,3000,0,825101,자동화 설비 발달,기계
28065,4,5,4,5,3,3,4,5,3,4,2,4,3,3,2,3,3,4,4,4,4,5,2,3,4,4,2,4,2,3,2,4,3,4,2,4,2,3,3,4,4,4,3,3,3,3,2,3,3,3,2,3,4,3,2,3,3,3,3,4,2,4,3,4,4,3,4,4,4,4,3,4,3,4,5,2,3,4,4,5,4,4,3,4,4,4,2,4,4,3,5,3,4,2,4,2,2,2,4,4,4,3,1,3,1,2,0,3,2,3,3,3,4,4,3,4,3,3,4,3,2,3,3,2,3,2,3,3,2,3,3,4,2,2,2,3,2,2,3,2,3,3,2,2,2,2,2,2,2,2,2,1,3,3,3,3,2,8,7,7,3,2,5,5,4,5,1,34,2,1,1,1,48,2400,2300,0,814001,에너지관리 기능사 없다 근무 환경 일자리 변화,전기
28066,2,3,3,4,2,2,2,3,2,3,1,0,1,0,2,2,3,4,2,3,1,0,2,3,3,3,1,0,1,0,2,2,2,3,1,0,1,0,1,0,2,1,2,3,2,2,1,0,1,0,1,0,1,0,1,0,3,4,2,3,1,0,1,0,3,2,3,5,3,5,2,3,2,3,3,4,3,3,3,5,4,4,3,3,2,4,2,4,4,3,3,2,2,1,3,4,1,3,3,3,1,19,4,1,2,2,0,7,1,2,3,1,3,3,2,2,9,4,4,4,3,3,3,5,4,3,3,5,4,4,5,4,3,3,4,3,5,4,3,2,4,5,2,2,2,2,2,2,2,2,2,1,3,3,3,3,2,6,7,7,6,6,5,5,5,4,1,41,2,1,4,2,30,2600,2600,0,702701,신축 공간 모델링 산업 발전 인력,인문계
28067,3,4,2,3,3,3,2,2,3,4,4,4,1,0,3,3,4,4,4,4,3,3,2,3,3,3,2,2,3,4,4,4,3,3,3,3,2,3,5,5,5,5,5,4,4,4,1,0,1,0,2,2,2,2,1,0,3,4,4,4,1,0,3,3,5,5,5,4,5,5,4,5,1,0,5,5,5,6,5,5,5,5,3,3,3,2,4,5,3,3,2,3,4,2,5,5,2,4,3,3,3,19,1,2,1,1,4,4,2,4,4,4,4,5,2,3,3,3,3,4,4,3,4,4,2,3,2,2,3,4,1,2,4,2,3,1,3,4,2,3,3,4,2,2,2,2,2,2,2,2,2,2,1,3,3,3,2,5,8,5,3,6,3,6,4,5,1,28,3,1,1,1,46,4200,2800,0,812401,자동차정비산업기사 자동차정비 보수 주의사항 자동차 생산 기술 발달 고장 갈수록,자동차정비
28068,3,3,2,2,2,2,3,4,2,3,2,3,2,3,3,4,3,3,3,3,2,3,2,3,2,3,1,0,4,5,3,4,2,4,2,2,2,3,4,5,3,4,3,3,2,3,1,0,3,3,1,0,1,0,1,0,2,3,1,0,1,0,1,0,2,3,2,3,3,4,2,5,1,0,2,3,4,4,4,5,3,4,3,3,3,4,2,3,3,3,3,2,1,2,1,4,2,3,2,4,2,14,1,2,2,2,0,3,3,2,2,1,3,1,1,3,2,3,2,3,4,3,3,3,2,3,3,4,3,4,2,3,4,3,2,2,3,4,3,2,4,4,2,2,2,2,2,2,2,2,2,1,3,2,2,2,2,7,6,6,7,8,7,8,8,9,2,58,2,1,1,1,40,1700,1500,0,561201,일자리 변화 직종,상고
28069,1,0,1,0,1,0,1,0,1,0,1,0,1,0,4,5,3,4,2,3,1,0,1,0,3,3,1,0,1,0,3,3,1,0,1,0,1,0,1,0,3,5,1,0,2,4,1,0,1,0,1,0,2,4,3,4,2,4,1,0,1,0,1,0,2,3,3,4,4,5,4,6,3,5,4,5,4,6,4,5,5,5,5,6,4,4,3,4,3,2,3,4,3,2,3,4,2,3,2,2,2,6,1,2,1,2,0,2,2,2,2,1,3,2,3,3,3,4,4,3,3,2,3,4,5,3,4,4,3,4,4,4,3,5,4,2,2,4,3,4,4,3,2,2,2,2,2,2,2,2,2,1,2,2,2,3,2,6,7,7,4,3,3,7,8,3,1,29,2,1,1,1,48,3200,3200,0,811601,건설기계기관 정비사 생산 과정 자동화 기계화,공고
28070,3,3,2,2,2,2,3,3,2,2,2,2,2,2,2,3,2,2,2,6,2,5,2,4,2,2,2,4,2,3,2,2,2,2,2,2,2,2,2,2,2,4,2,3,2,2,2,2,2,2,2,2,2,2,2,2,2,2,2,2,2,2,2,2,2,3,3,5,2,3,3,5,2,2,2,2,2,5,3,5,2,2,2,2,2,6,2,2,3,3,4,4,4,3,4,4,4,4,3,3,3,8,1,2,1,1,2,6,2,4,4,3,4,3,4,4,3,4,3,4,2,4,3,4,4,3,3,4,3,4,4,4,4,3,4,4,3,4,3,3,4,4,2,2,2,2,2,2,2,2,2,2,2,2,2,2,2,7,4,4,5,4,4,7,7,4,1,52,2,1,1,1,40,4600,3000,0,621201,항해사 안전교육 교량 증가,상고
28071,3,3,3,3,3,3,3,3,3,3,3,3,3,3,3,3,2,2,3,3,3,3,3,3,3,3,3,3,2,3,3,3,3,3,3,4,3,5,3,4,3,3,3,5,3,4,3,5,3,4,3,3,3,4,3,3,3,5,4,5,4,5,4,4,4,4,4,4,3,5,4,5,4,5,4,3,4,3,4,4,4,5,4,4,3,5,3,5,4,1,2,1,1,2,1,2,2,3,2,1,1,3,1,2,2,1,2,2,2,1,1,1,3,3,2,3,2,3,4,3,3,4,3,2,2,3,3,3,5,3,3,4,2,3,2,3,3,4,2,2,3,4,2,2,2,2,2,2,2,2,2,2,2,3,3,3,2,6,7,7,5,4,4,6,6,5,1,26,2,1,2,2,40,2500,2200,0,822301,용접교육 기기조작 업무교육 기계화,기계
28072,1,0,2,4,1,0,2,3,1,0,1,0,1,0,2,5,1,0,3,5,1,0,2,4,3,5,1,0,1,0,1,0,1,0,1,0,2,4,2,3,3,3,1,0,2,4,1,0,3,4,1,0,2,4,2,3,4,4,1,0,1,0,1,0,5,6,5,6,4,4,4,6,1,0,5,6,5,6,3,5,4,4,2,4,4,4,2,3,3,3,4,4,2,3,3,3,3,1,2,2,4,8,1,1,1,2,0,2,2,4,2,2,4,4,3,4,3,4,5,4,2,4,4,4,3,2,2,2,4,5,4,3,2,3,4,4,4,4,4,3,4,4,2,2,2,2,2,2,2,2,2,1,3,3,3,3,2,7,3,2,7,4,2,3,7,3,1,38,2,1,1,1,45,2800,1800,0,623002,지게차면허증 기계 대체 불가,실업
28073,2,3,3,3,2,3,4,4,1,0,4,5,1,0,1,0,3,4,1,0,3,3,3,6,1,0,1,0,3,3,1,0,3,4,1,0,3,3,3,4,3,4,3,4,2,3,1,0,3,2,1,0,3,4,3,4,1,0,1,0,1,0,3,4,1,0,1,0,1,0,1,0,1,0,3,4,3,4,3,3,2,3,2,3,3,4,3,5,2,4,4,3,4,3,3,4,4,4,5,3,4,17,1,6,1,2,0,1,5,4,4,4,4,4,4,4,3,4,3,3,2,4,4,3,4,3,3,4,3,3,3,5,4,4,3,4,5,4,3,4,4,4,2,2,2,2,2,2,2,2,2,1,4,2,2,3,2,3,6,5,7,4,6,3,7,5,2,48,4,1,3,2,40,4500,2600,0,306902,청능사 환경오염,청각학
28074,4,5,4,5,3,4,4,4,5,6,4,5,3,4,5,6,3,4,4,5,3,5,3,4,3,4,4,5,4,5,3,5,3,5,4,4,3,4,3,4,4,5,4,5,4,5,4,4,2,3,3,4,3,4,4,6,4,6,4,5,3,4,4,4,3,4,4,5,4,5,4,5,3,4,4,4,3,4,3,5,4,5,3,4,3,4,3,4,4,4,3,4,4,4,4,3,4,3,3,3,4,6,1,5,1,1,5,3,5,4,4,4,4,4,4,4,4,5,4,4,3,3,3,4,3,4,4,3,4,4,4,3,3,4,3,3,3,3,4,3,3,3,2,2,2,2,2,2,2,2,2,1,3,3,3,2,2,4,5,5,6,5,4,6,6,6,1,58,4,1,1,1,46,6300,3000,0,140304,토목기술사 공사진행계획 감리방법 변화,토목공학
28075,1,0,2,4,1,0,4,5,1,0,2,3,1,0,4,4,4,4,3,3,2,4,4,5,4,4,4,6,3,3,4,5,3,5,2,4,4,4,4,6,2,4,2,3,4,4,2,3,1,0,3,4,4,5,1,0,4,5,1,0,1,0,2,4,1,0,3,4,2,5,3,4,1,0,1,0,3,5,2,4,4,5,4,6,3,5,2,2,4,3,2,4,3,1,2,3,2,2,4,2,3,18,1,2,2,2,0,2,5,3,3,4,3,4,2,4,4,3,5,4,4,4,3,3,5,4,3,3,4,3,4,4,5,4,3,4,4,5,4,3,4,4,2,2,1,2,2,1,2,2,2,1,4,2,3,2,2,6,4,8,4,3,5,7,6,3,1,29,3,1,1,1,60,3400,2900,0,420402,장비 도입 일반인 대상 스포츠 센터 역할 담당,체육학
28076,2,4,4,5,3,4,3,4,2,3,3,5,3,5,4,5,3,5,1,0,3,5,3,5,4,5,1,0,3,5,3,6,3,5,4,5,3,5,4,5,3,5,1,0,3,4,1,0,1,0,1,0,1,0,1,0,3,4,3,5,3,5,3,4,3,5,3,5,3,4,2,4,1,0,3,5,3,5,3,5,3,4,1,0,3,5,1,0,5,4,5,3,4,3,4,2,4,3,3,3,4,13,1,1,1,2,0,5,4,3,3,3,5,4,4,3,3,4,3,3,2,4,3,4,2,3,2,3,2,4,4,3,5,5,4,4,5,4,4,5,4,3,2,2,2,2,2,2,2,2,2,3,3,3,2,3,2,3,7,6,7,4,4,7,4,4,1,30,3,1,1,1,40,2820,2400,0,881201,사진기능사 온라인 주문 때문 변화,사진학
28077,4,5,4,6,4,6,4,6,5,6,5,6,4,6,4,6,4,5,4,5,4,6,4,6,4,6,4,6,4,6,4,5,5,6,5,6,4,6,4,6,5,6,5,6,4,5,5,6,5,6,4,5,4,5,3,4,3,5,3,3,5,6,4,6,4,5,3,4,3,3,3,4,4,5,4,5,3,4,4,5,2,3,2,3,4,5,4,5,4,4,4,5,5,4,4,4,3,4,5,2,4,11,1,2,1,1,4,3,5,5,5,5,4,5,4,4,4,3,4,4,2,5,5,5,5,4,5,4,5,2,3,4,5,5,5,5,4,5,4,4,4,5,2,2,2,2,2,2,2,1,1,1,4,3,3,3,2,4,3,4,3,3,2,2,2,3,2,32,3,1,1,1,45,3600,2700,0,32302,국제공인내부감사 전문자격증 CIA 보험 사고 유형별 분석을 통한 보상의 적절성 판단 담당 업무 대한 스트레스 강도 감사 업무 일자리 증가,회계학
28078,3,3,3,2,2,1,2,1,1,0,2,2,2,4,3,2,2,1,1,0,1,0,1,0,1,0,4,5,1,0,2,2,1,0,1,0,1,0,4,5,2,5,3,2,1,0,1,0,1,0,1,0,2,3,2,2,1,0,3,5,4,4,1,0,3,3,1,0,1,0,1,0,2,4,1,0,1,0,1,0,1,0,1,0,3,3,1,0,4,4,4,4,4,4,4,3,3,4,2,3,4,3,1,2,2,2,0,2,5,4,4,3,4,4,3,4,3,3,4,4,2,4,3,3,2,2,2,3,4,4,4,4,3,4,3,3,4,3,3,3,4,4,2,2,2,2,2,2,2,2,2,1,4,3,3,3,1,9,8,7,3,3,3,1,2,2,2,36,4,1,1,1,40,3400,2900,0,133302,통신 산업 발전,전산학
28079,1,0,2,4,1,0,1,0,1,0,2,4,1,0,2,4,2,4,2,4,2,3,4,5,2,3,1,0,1,0,2,3,3,3,1,0,2,4,2,3,1,0,2,3,4,4,1,0,1,0,1,0,2,4,2,4,4,4,1,0,1,0,4,4,4,4,4,5,3,4,4,5,3,3,4,5,2,4,4,5,1,0,2,4,4,5,5,5,4,4,3,3,3,4,4,4,3,4,3,3,4,3,1,3,1,2,0,2,4,3,4,3,4,3,4,4,5,5,4,4,4,4,3,4,3,4,5,4,3,3,3,4,4,3,4,5,4,3,4,5,4,4,1,1,1,1,2,2,2,2,2,2,2,2,2,2,1,6,5,7,6,8,8,4,5,6,1,38,3,1,1,1,45,3600,2200,0,835101,전기설비조작원 전산 프로그램 변화 저출산 인력 감소,설비
28080,5,6,4,6,5,6,4,6,3,5,4,5,4,5,2,3,5,6,4,5,3,5,4,5,4,5,3,4,5,5,4,5,4,6,4,5,4,5,4,6,5,6,4,5,4,6,4,5,1,0,3,5,4,5,1,0,1,0,2,2,4,5,1,0,4,5,4,5,3,3,1,0,4,4,2,2,3,4,4,3,1,0,3,4,4,5,5,6,2,4,4,2,2,4,3,4,2,3,4,4,3,19,1,2,2,2,0,7,2,2,2,2,3,3,3,2,3,4,4,4,2,3,3,3,2,3,3,3,4,4,4,4,3,3,3,3,3,3,2,3,4,4,2,2,2,2,2,2,2,2,2,2,2,3,3,3,2,7,7,6,6,6,5,4,4,4,2,36,3,1,1,1,40,2800,2100,0,29101,자동화 시스템 도입,뷰티미용학
28081,4,4,4,5,3,4,2,3,4,5,3,3,4,5,4,5,4,5,4,5,2,2,3,3,2,2,1,0,2,2,1,0,1,0,1,0,3,4,2,2,2,2,1,0,3,3,4,5,3,3,3,3,3,4,2,2,2,2,3,3,2,2,1,0,3,3,3,3,1,0,2,2,2,3,3,3,2,2,2,2,3,3,2,2,3,4,2,3,3,3,3,3,4,3,4,4,4,4,4,4,2,15,2,6,1,2,0,3,5,3,3,3,4,3,3,3,3,3,3,3,2,3,3,3,2,2,2,1,4,4,4,4,3,4,3,3,4,4,2,3,4,4,2,2,1,2,2,2,2,2,2,2,3,2,2,3,1,5,5,5,5,5,5,3,3,5,1,30,4,1,1,1,40,3500,3300,0,155302,수질환경기사 소음진동기사 환경 실험 측정 분석 기기 도입 환경문제 심각,환경공학
28082,3,4,4,4,2,3,3,2,2,1,1,0,1,0,3,2,3,3,3,5,2,2,2,2,3,2,3,4,3,4,3,4,1,0,1,0,3,5,4,4,2,2,3,4,4,4,4,4,3,4,3,4,1,0,1,0,3,3,1,0,2,2,1,0,3,4,3,4,3,3,2,3,3,4,3,4,4,6,3,4,4,4,5,4,4,4,3,5,2,2,4,3,1,1,2,3,1,1,3,3,4,8,4,1,1,2,0,3,2,3,2,1,4,3,2,3,9,9,4,4,2,4,3,4,4,3,4,1,3,3,4,5,2,3,4,2,4,5,3,3,5,4,2,2,2,2,2,2,2,2,2,1,5,1,1,1,1,6,8,8,7,7,7,3,3,7,1,45,3,2,6,1,63,0,0,5000,624101,화물운송자격증 1종운전면허 택배 이용 고객 증가,기계공학
28083,2,2,4,3,2,2,3,3,1,0,1,0,2,4,3,3,2,2,3,3,1,0,2,2,3,3,3,3,3,4,3,3,2,2,2,2,1,0,4,5,1,0,2,2,4,3,1,0,1,0,1,0,3,4,1,0,2,2,3,3,1,0,1,0,2,2,3,3,2,3,3,2,2,2,5,4,3,4,2,3,2,3,3,3,3,4,2,3,2,3,3,4,3,3,2,4,3,3,2,3,3,18,1,2,2,2,0,3,2,4,3,3,4,3,3,4,3,4,4,3,2,3,4,4,2,3,4,4,3,2,4,4,3,4,4,3,4,4,3,4,4,4,2,2,2,2,2,2,2,2,2,2,3,2,2,1,2,8,4,5,7,6,3,7,4,8,2,32,3,1,1,1,40,2400,2100,0,511301,외모 관심 가지 때문,피부미용
28084,2,3,3,3,2,2,3,3,2,2,3,3,4,3,3,4,3,3,3,4,1,0,1,0,3,3,3,4,3,3,3,2,3,3,1,0,1,0,2,2,3,3,2,2,1,0,2,3,3,3,1,0,2,3,3,2,2,3,1,0,1,0,4,4,2,2,3,4,1,0,1,0,1,0,4,5,4,3,3,3,4,4,3,4,3,4,2,3,3,4,4,4,4,2,3,3,2,2,3,2,3,19,1,2,1,1,1,2,2,3,3,2,4,4,3,4,3,3,4,4,4,2,3,3,3,3,2,4,3,3,3,2,4,3,3,3,4,4,3,3,3,4,2,2,2,2,2,2,2,2,2,2,2,2,2,2,1,9,9,9,5,5,5,8,8,5,1,42,2,1,1,1,52,3000,2000,0,863201,양복기능사 양장기능사 직무교육 기성복 품질 계속 향상 선호 도도 증가,문과
28085,5,7,5,6,5,6,5,6,5,6,5,6,5,6,5,7,5,6,5,4,5,7,4,6,5,6,5,7,4,6,5,7,5,6,5,6,5,7,4,6,5,5,5,6,5,6,4,6,5,7,5,7,5,7,1,0,1,0,1,0,1,0,1,0,1,0,2,2,1,0,1,0,2,3,1,0,1,0,1,0,1,0,1,0,1,0,1,0,3,3,4,3,3,3,3,4,4,4,3,4,4,16,5,6,1,2,0,6,7,3,3,3,4,5,4,3,3,4,3,4,3,3,3,3,2,3,3,3,3,3,4,3,3,4,3,3,2,3,3,3,3,4,2,2,2,2,2,2,2,2,2,2,3,3,3,3,2,2,2,1,2,2,2,2,3,4,1,63,6,1,1,1,40,13000,3200,0,122102,박사학위 상태 유지,병리학
28086,2,5,3,4,4,4,5,5,1,0,1,0,1,0,1,0,4,5,3,4,2,4,3,5,4,4,2,5,4,4,3,5,4,3,4,6,4,5,5,5,3,5,3,5,3,5,3,4,2,4,1,0,3,4,1,0,1,0,1,0,1,0,4,4,4,5,1,0,4,2,3,4,1,0,4,4,2,4,3,5,1,0,1,0,4,5,3,4,4,3,4,2,4,5,2,3,4,2,3,3,4,18,2,2,1,2,0,3,2,3,4,2,3,4,4,2,3,3,4,3,3,2,3,4,3,4,3,4,3,4,4,2,4,3,2,4,5,3,4,2,3,3,2,2,2,2,2,2,1,2,2,1,3,2,2,2,1,6,6,3,5,6,7,6,3,6,2,48,4,1,2,2,40,4000,2400,0,521303,학예사 근로 자수 감소 변화,국문학
28087,1,0,1,0,3,3,3,3,4,6,2,4,1,0,3,5,4,5,3,5,1,0,1,0,3,4,2,3,1,0,1,0,1,0,2,5,2,4,2,4,3,4,1,0,4,4,1,0,1,0,4,5,1,0,3,5,4,4,1,0,2,4,1,0,3,3,3,5,2,3,3,4,1,0,2,4,3,2,2,4,4,5,2,4,4,5,3,4,4,3,4,3,4,4,4,4,3,4,4,3,4,15,2,2,1,1,2,7,4,4,4,4,4,4,3,4,3,3,4,4,2,4,3,4,4,3,3,3,3,3,4,4,4,4,4,3,3,4,4,4,4,4,2,2,2,2,2,2,2,2,2,2,2,3,3,3,2,5,4,5,4,4,3,4,4,4,1,32,3,1,1,1,43,3950,3340,0,140601,지적기술사 지적 측량 기술 관련 실무교육 전산 무인,지적학
28088,1,0,1,0,1,0,3,3,1,0,2,2,3,4,3,3,3,3,3,3,2,2,3,3,4,5,1,0,3,4,3,3,3,4,3,4,3,4,3,4,1,0,3,3,3,4,3,4,3,3,2,3,2,3,2,2,3,3,1,0,1,0,2,2,2,2,2,2,2,2,2,2,1,0,5,6,2,2,1,0,2,2,3,3,3,3,1,0,4,4,2,3,4,4,4,4,3,4,4,2,4,13,1,1,1,2,0,4,3,2,3,3,4,4,4,4,9,9,4,4,2,4,4,4,4,4,4,1,4,4,5,2,4,4,3,2,3,3,2,3,4,3,2,2,2,2,2,2,2,2,2,1,3,2,2,2,2,7,6,7,5,7,7,7,5,3,2,33,3,1,1,1,40,3010,2200,0,511201,미용사 자격증 미용 대한 관심 일자리 변동,미용학
28089,3,3,3,3,2,3,4,3,1,0,1,0,2,2,1,0,4,5,2,3,1,0,3,3,4,5,4,4,4,4,3,5,2,4,2,3,4,3,3,5,2,3,2,2,2,3,1,0,1,0,2,2,1,0,1,0,1,0,1,0,1,0,1,0,1,0,1,0,1,0,1,0,1,0,2,3,2,2,3,3,3,3,2,3,3,3,3,3,4,5,1,1,3,1,2,4,2,3,4,3,3,16,5,1,1,2,0,2,4,4,3,3,4,4,3,2,3,4,4,4,3,3,2,3,4,2,2,2,2,4,4,4,3,3,3,3,4,4,4,3,4,3,2,2,2,2,2,2,2,2,2,1,1,3,3,3,2,8,8,7,5,4,5,6,3,4,2,43,3,1,2,2,40,2400,2000,0,232101,보육교사 자격증 출산 저하 감소,판매관리
28090,3,4,3,4,2,2,2,3,3,3,2,3,1,0,2,2,3,4,2,3,1,0,3,5,3,4,2,4,3,5,3,4,2,3,2,3,2,3,3,5,2,2,3,4,3,4,3,4,3,4,2,3,1,0,1,0,1,0,1,0,2,3,1,0,1,0,1,0,1,0,1,0,1,0,2,3,3,4,3,4,2,3,2,3,3,4,3,5,5,4,4,5,4,3,4,3,4,4,3,3,4,17,1,4,1,2,0,2,5,4,4,4,5,4,4,4,3,3,3,3,2,4,4,1,3,3,4,1,4,4,4,4,4,3,4,3,3,4,4,4,4,2,2,2,2,2,2,2,2,2,2,1,3,3,3,3,2,6,6,6,3,3,3,5,6,6,2,44,4,1,1,1,40,4000,2800,0,303001,약사면허 수요 때문,약학
28091,3,3,3,4,2,1,3,3,3,3,2,2,1,0,2,3,2,2,2,1,1,0,3,3,3,4,3,4,3,3,2,2,2,2,3,3,3,4,2,2,3,4,2,3,3,4,3,3,2,3,2,2,3,4,3,4,3,3,3,3,3,3,3,4,3,4,2,2,3,4,3,3,3,4,1,0,2,2,1,0,2,1,1,0,2,3,2,1,3,2,3,4,3,2,3,4,3,3,4,3,3,3,1,2,1,2,0,7,2,4,3,2,3,4,2,3,4,2,3,3,3,4,2,3,2,2,3,3,2,3,3,3,2,3,3,2,3,3,2,3,3,3,2,2,2,2,2,2,2,2,2,1,3,1,2,3,2,6,7,5,3,4,5,4,5,5,1,48,3,1,1,1,45,4520,2100,0,813101,금형산업기사 금형프레스사 유지 예상,기계공학
28092,3,5,4,4,2,3,4,4,2,2,2,2,1,0,3,4,3,3,2,2,1,0,2,3,2,2,2,2,3,3,2,2,2,2,1,0,2,3,4,4,1,0,2,2,3,3,1,0,1,0,1,0,1,0,1,0,1,0,1,0,3,4,1,0,2,4,1,0,1,0,1,0,1,0,1,0,1,0,1,0,1,0,1,0,2,2,3,4,4,3,3,2,4,4,4,3,4,3,4,4,3,17,1,4,1,1,2,7,4,4,4,3,4,4,3,3,2,4,4,4,3,4,3,4,3,4,5,4,3,3,4,4,2,4,4,5,5,3,4,4,5,5,2,2,2,2,2,2,2,2,2,1,4,3,2,2,2,3,4,5,5,3,4,5,8,6,2,45,4,1,1,1,40,3400,2400,0,29202,의료코디네이터 기본역량 전문역량 의료용어 병원 고객 유치 경쟁 때문 병원 인력,간호학
28093,2,2,2,2,2,2,2,2,2,2,2,2,2,2,2,2,2,2,2,2,2,2,2,2,2,2,2,2,2,2,2,2,2,2,2,2,2,2,2,2,2,2,3,3,2,2,2,2,2,2,2,2,2,2,2,2,2,2,2,2,2,2,2,2,2,2,3,3,3,3,3,3,2,2,2,3,3,5,2,3,4,6,3,3,2,3,2,3,4,3,3,3,4,2,3,2,2,2,2,3,3,6,1,2,2,2,0,1,2,4,3,3,4,3,3,4,3,4,3,4,2,4,3,3,3,4,3,3,3,4,4,4,4,3,4,4,3,4,4,3,4,4,2,2,2,2,2,2,2,2,2,1,3,3,3,3,2,3,4,3,5,4,5,5,6,5,1,35,2,1,1,1,40,4000,2800,0,705101,자동화 유지,인문계
28094,3,5,4,5,3,4,4,5,3,5,3,5,2,2,3,5,4,4,3,5,3,4,3,5,4,5,3,4,4,5,4,5,4,5,4,5,3,4,4,5,4,5,4,5,4,5,4,5,4,5,4,5,3,4,2,2,2,3,1,0,4,5,3,4,3,4,4,5,4,5,3,4,2,2,4,5,3,4,3,4,3,4,3,4,3,4,3,4,4,4,3,3,3,4,3,2,3,2,3,3,2,17,1,1,1,2,0,5,2,4,2,2,2,2,3,3,3,3,3,3,3,2,2,4,4,3,2,3,4,4,3,4,3,3,3,3,4,4,3,4,4,4,2,1,1,2,2,2,2,2,2,3,1,3,2,3,2,6,6,6,6,6,6,6,6,6,2,44,4,1,1,1,40,2500,2400,0,307501,간호주무사 자격증 의료기기 전산 의료 기간 전산,간호학
28095,3,5,2,4,3,5,3,5,3,5,3,5,3,5,2,4,3,5,2,5,3,4,3,4,3,4,2,4,2,4,3,5,2,4,2,5,2,4,3,5,2,5,4,5,2,4,4,4,5,5,3,5,3,5,2,5,2,4,2,4,5,5,2,4,2,5,1,0,1,0,1,0,3,5,1,0,2,4,1,0,2,4,2,4,3,4,2,4,5,4,3,3,3,2,4,4,3,4,4,3,4,6,1,5,2,2,0,3,4,4,3,2,4,3,4,2,3,4,4,3,3,2,3,4,2,2,3,1,2,3,5,5,1,5,1,1,5,5,2,3,5,5,2,2,2,2,2,2,2,2,2,1,3,3,3,3,2,6,6,7,3,3,4,4,4,2,2,29,3,1,1,1,42,3000,2200,0,26301,인력 축소 경향 감소 우려,경영학
28096,3,5,3,4,3,5,3,5,3,5,4,5,3,5,3,5,4,4,4,5,3,4,4,5,3,4,4,4,3,5,3,4,3,5,3,4,3,5,3,5,3,4,3,4,4,4,3,4,3,3,4,5,3,5,3,5,3,4,4,5,3,3,3,5,4,4,4,4,4,4,3,5,3,4,3,5,4,5,3,5,3,3,4,4,3,5,3,5,3,4,4,4,3,5,4,4,3,3,4,4,4,7,1,2,1,2,0,4,3,3,4,4,4,4,4,4,4,3,5,5,3,4,4,4,4,3,4,5,4,4,4,4,4,3,5,5,4,4,3,3,4,2,2,2,2,2,2,2,2,2,2,1,3,2,2,2,1,4,7,6,6,5,5,5,4,6,1,38,2,1,1,1,40,3300,2000,0,623002,지게차면허증 기계 대체 불가라 일자리 변동,인문계
28097,3,3,3,4,2,3,3,5,3,4,3,3,4,5,3,3,3,3,3,4,3,4,3,4,4,5,4,5,4,4,3,4,3,4,3,4,4,5,4,5,4,4,3,4,4,4,2,2,1,0,1,0,3,4,3,3,3,5,3,4,3,4,4,5,3,4,4,4,4,5,4,4,3,4,3,5,4,5,3,4,3,4,2,2,3,4,3,4,4,4,5,4,5,4,4,3,4,4,3,4,3,18,1,1,2,2,0,2,2,4,4,3,3,4,4,3,2,3,3,3,2,3,4,3,3,4,3,3,3,2,2,4,4,5,4,3,4,4,4,3,4,3,2,2,2,2,2,2,2,2,2,2,4,2,2,3,1,5,3,4,5,4,4,4,4,3,2,35,3,1,1,1,40,3300,2500,0,417102,방송 컨텐츠 관심 증가,회화
28098,5,7,5,7,5,6,2,3,4,5,2,3,3,5,5,6,5,6,1,0,2,3,5,6,3,3,2,2,1,0,1,0,1,0,1,0,5,6,5,6,2,2,2,3,2,3,3,5,4,5,1,0,2,3,1,0,1,0,1,0,5,6,4,5,2,2,2,2,1,0,1,0,1,0,2,2,3,3,1,0,2,3,2,2,3,4,1,0,4,4,4,4,4,3,4,4,4,5,4,5,4,16,5,3,1,1,2,3,5,4,5,5,5,4,4,3,3,4,4,4,4,5,4,5,3,4,5,4,3,4,4,5,5,4,5,5,4,5,5,5,4,5,2,2,2,2,2,2,2,2,2,2,2,2,2,2,2,6,7,8,7,6,7,7,4,6,2,29,4,1,1,1,40,2600,2400,0,413201,정사서1급 정사서2급 준사서 직무교육 전산 자동화 시스템 도입,문헌정보학
28099,5,6,4,6,4,6,3,4,4,5,4,6,4,6,4,5,4,5,2,2,2,4,3,4,3,5,3,5,2,3,3,4,3,5,4,6,3,4,3,4,4,6,5,6,4,6,4,6,2,2,2,3,2,2,1,0,1,0,1,0,4,5,1,0,1,0,1,0,1,0,1,0,2,3,1,0,1,0,1,0,1,0,1,0,1,0,1,0,4,2,2,3,4,2,3,2,2,4,3,2,1,11,1,6,2,2,0,4,5,3,2,2,4,3,3,4,3,3,4,4,3,4,3,3,2,2,3,4,3,3,4,3,4,5,4,3,5,4,3,3,4,3,2,1,2,2,2,2,1,1,1,3,4,3,3,3,1,7,3,7,3,5,4,3,7,6,2,40,4,1,1,1,40,6000,3400,0,32301,프로그램 개발 인력 감소 고객 다양성 보험 상품 지속 출시 심사 인력 계속 고용,수학
28100,3,4,4,6,3,4,3,4,4,5,3,4,3,4,4,5,3,4,3,4,3,4,4,5,4,5,4,5,3,4,3,4,2,3,3,4,2,3,4,6,4,5,3,5,3,4,3,4,3,4,3,4,4,6,4,5,4,5,4,6,3,4,4,6,4,6,4,5,4,6,4,6,3,4,4,6,4,5,3,4,4,5,4,6,4,6,4,6,4,4,3,4,4,4,4,3,3,3,4,3,3,14,1,2,1,2,0,1,2,4,2,1,4,4,3,3,3,3,4,4,2,4,4,4,4,5,4,3,4,4,4,4,4,4,4,4,5,4,4,3,4,4,1,2,1,1,1,1,2,2,2,2,3,3,3,3,2,7,6,7,3,4,3,7,4,5,1,58,1,2,5,1,40,0,0,3000,811501,공조냉동기계기능사 특수용접 기능사 자동 온도 조절 시스템 시스템 변화 기계화 자동화 대체 가능성,0
28101,3,4,3,4,2,2,2,2,4,6,4,5,5,7,4,5,4,5,3,4,3,4,3,4,3,4,3,4,1,0,1,0,1,0,1,0,2,2,2,3,4,5,3,4,1,0,1,0,1,0,1,0,5,6,5,7,4,5,4,6,5,6,3,4,1,0,2,3,1,0,1,0,1,0,2,3,2,2,3,4,2,2,1,0,4,5,1,0,5,4,4,3,3,3,4,3,3,5,4,3,4,13,1,2,2,2,0,7,5,4,3,4,4,4,3,5,5,4,4,5,3,4,3,5,3,3,4,4,3,5,4,4,4,5,5,4,5,4,4,2,4,3,2,2,2,2,2,2,2,2,2,2,4,2,2,3,2,2,1,2,2,3,8,8,8,5,1,42,5,1,1,1,40,5500,3300,0,159103,추세,정보통신
28102,3,5,4,5,4,4,3,4,3,4,3,3,3,4,4,4,3,5,4,5,4,5,4,5,4,4,3,4,4,4,4,4,4,4,3,4,3,5,4,4,3,4,3,4,3,4,4,4,3,4,3,4,3,4,3,4,3,4,3,5,3,4,3,5,3,4,3,4,4,4,3,4,3,5,3,4,3,5,3,4,4,4,3,5,3,3,3,3,3,4,4,3,4,4,3,4,4,3,4,4,4,10,1,3,1,2,0,4,5,4,4,4,4,4,4,4,4,4,4,4,4,4,4,4,3,4,4,3,4,4,4,4,4,3,4,4,4,4,4,3,4,4,2,2,2,2,2,2,2,2,2,3,3,3,3,3,2,6,6,4,4,5,5,5,6,5,1,33,4,1,1,1,40,5700,3500,0,133901,ISTQB 전문가 필요,컴퓨터공학
28103,5,7,4,6,4,6,4,5,4,5,5,7,2,2,3,4,4,6,2,2,2,2,3,4,4,5,3,4,4,5,4,5,4,6,4,6,4,5,3,4,5,7,5,7,4,5,4,6,1,0,3,4,2,3,1,0,1,0,1,0,3,4,4,5,1,0,1,0,1,0,1,0,1,0,1,0,1,0,1,0,2,2,1,0,2,2,2,2,4,4,3,4,4,3,4,4,3,4,4,3,2,15,2,5,2,2,0,7,6,3,3,3,4,4,3,3,2,3,3,3,3,4,3,3,2,4,3,4,3,4,4,4,3,4,3,5,4,5,5,4,4,4,1,1,1,1,2,2,2,1,1,1,2,3,2,3,1,4,2,5,6,6,5,3,3,5,1,55,4,1,1,1,48,5300,2800,0,26101,발달 변화 경기 악화 일자리 감소,경영
28104,2,2,2,2,2,2,3,4,3,3,2,2,5,7,3,4,3,3,3,3,3,3,3,3,3,3,3,3,3,3,3,3,2,2,2,2,3,3,3,4,4,6,3,4,4,4,2,2,4,4,3,3,2,2,2,2,2,2,2,2,2,2,2,2,2,2,3,3,3,4,4,4,2,2,3,5,2,2,3,3,3,2,2,3,4,5,4,5,4,3,4,4,3,3,5,3,4,3,3,3,4,9,1,2,1,2,0,2,2,4,4,4,4,4,5,5,4,5,5,5,3,5,4,4,5,5,4,4,5,4,4,4,5,4,5,4,4,4,5,4,4,4,2,2,2,2,2,2,2,2,2,1,3,2,2,3,2,9,8,7,2,2,3,8,4,6,1,27,3,1,1,1,48,3000,2200,0,871101,제빵기능사 식사 사람 증가,식품조리학
28105,4,5,3,4,3,5,3,5,3,5,3,5,2,4,1,0,3,4,1,0,1,0,4,6,2,4,3,5,3,5,1,0,3,5,4,5,5,4,2,3,3,5,4,4,3,5,1,0,1,0,4,6,1,0,1,0,1,0,1,0,1,0,1,0,1,0,1,0,1,0,1,0,3,5,1,0,1,0,1,0,1,0,1,0,2,3,2,3,5,5,3,3,5,3,4,4,4,5,3,3,3,16,5,3,1,2,0,7,6,5,4,4,4,4,4,4,4,4,4,4,2,4,4,5,4,3,4,2,3,3,3,5,3,4,4,4,4,5,4,3,4,3,2,2,2,2,2,2,2,2,2,1,2,2,2,3,1,4,3,4,4,4,7,3,4,7,2,56,5,1,1,1,40,8000,6000,0,13202,교감 자격증 인구 감소,초등교육학
28106,2,3,3,4,1,0,2,2,2,3,3,3,1,0,4,4,3,4,1,0,2,2,3,4,2,3,1,0,1,0,3,4,1,0,1,0,1,0,1,0,3,4,1,0,2,3,1,0,2,3,1,0,2,2,1,0,2,3,3,4,1,0,3,3,2,3,3,3,3,4,3,3,1,0,3,4,5,4,3,4,3,3,3,4,2,3,3,4,1,2,2,1,1,2,1,1,2,2,2,4,3,3,1,2,2,2,0,2,2,2,2,2,2,1,2,1,2,2,3,2,4,2,1,4,4,4,5,4,3,2,2,4,4,5,5,4,4,5,4,3,5,5,2,2,2,2,2,2,2,2,2,2,3,3,3,3,2,6,8,5,4,5,5,6,3,5,1,42,3,1,1,1,54,3000,2500,0,823301,근무 환경 사람,자동차정비학
28107,2,3,2,3,2,3,1,0,5,7,4,5,3,4,4,5,2,3,5,7,3,4,4,6,5,6,1,0,1,0,1,0,1,0,1,0,2,2,1,0,4,5,4,5,1,0,1,0,1,0,4,5,5,7,5,7,5,6,4,5,4,5,3,4,4,5,3,4,3,4,3,3,4,5,2,3,1,0,1,0,2,3,1,0,3,4,1,0,4,3,4,4,4,3,4,4,3,4,4,4,4,6,1,2,1,1,3,6,5,4,4,4,4,4,4,3,4,4,4,4,3,4,5,3,2,3,2,5,3,5,5,4,4,5,4,4,4,5,4,4,5,4,2,2,2,2,2,2,2,2,2,2,3,2,2,2,1,2,1,2,3,2,7,2,2,7,1,37,4,1,1,1,40,7000,3000,0,140101,건설기계기술사 농어민토목기술사 도로및공항기술사 수습 현장실습 현장 변화,토목공학
28108,3,3,3,3,3,3,3,4,3,4,3,3,1,0,3,2,1,0,1,0,2,2,2,3,2,2,2,2,2,2,3,3,2,3,2,3,3,2,2,2,1,0,1,0,3,3,3,3,3,2,2,2,1,0,1,0,3,4,1,0,4,3,1,0,1,0,1,0,1,0,1,0,1,0,1,0,1,0,1,0,1,0,1,0,1,0,1,0,2,4,2,2,4,3,4,2,4,3,4,3,3,3,1,2,2,2,0,7,2,4,3,3,4,3,3,4,3,3,3,3,3,4,3,3,4,3,3,4,3,3,3,4,3,3,3,4,3,4,3,3,4,3,2,2,2,2,2,2,2,2,2,2,4,3,3,3,2,5,6,5,6,5,6,6,5,5,2,28,3,1,1,1,40,2600,2300,0,27201,기술 발전,관광학
28109,2,3,2,2,1,0,3,3,3,3,3,3,3,3,4,5,3,4,3,4,4,4,3,4,3,3,2,3,2,3,3,3,2,3,2,2,1,0,3,4,3,3,4,4,3,4,4,4,3,3,1,0,4,4,3,4,4,4,3,4,2,3,2,3,4,5,4,5,3,4,3,4,1,0,3,5,4,5,4,4,3,3,4,5,3,3,2,3,4,3,4,3,3,3,2,3,3,4,3,4,3,4,1,3,1,1,3,2,5,4,4,3,4,4,3,4,4,3,3,4,3,3,3,4,3,5,4,4,3,4,3,4,3,3,4,4,3,4,4,4,4,5,2,2,2,2,2,2,2,2,2,2,2,3,3,3,2,6,7,8,5,6,7,7,8,7,1,33,4,1,1,1,40,2800,2400,0,811401,공조냉동기계기사 기계 관리 소프트웨어 개발 자동화 시스템 기계 설비 도입,기계설비
28110,4,6,3,4,3,3,2,2,3,3,2,3,4,4,2,4,4,4,4,4,3,4,2,3,4,6,1,0,1,0,3,3,3,3,3,3,4,5,1,0,3,4,4,5,3,4,1,0,1,0,1,0,4,4,4,5,2,3,2,3,1,0,1,0,1,0,1,0,1,0,1,0,1,0,1,0,1,0,1,0,1,0,1,0,1,0,1,0,4,4,4,4,3,3,3,2,2,3,3,2,2,13,1,4,2,2,0,2,5,3,3,3,3,3,3,4,4,3,3,3,2,3,3,2,2,3,2,3,2,2,3,4,3,3,3,3,3,3,3,3,3,3,2,2,2,2,2,2,2,2,2,1,3,3,3,3,2,3,4,3,4,3,2,7,6,4,1,46,4,1,1,1,40,5000,3200,0,159104,상태 유지,기계공학
28111,2,2,2,2,1,0,2,2,1,0,2,2,2,2,2,2,2,2,2,2,2,2,2,2,2,2,2,2,2,2,2,2,2,3,2,3,1,0,3,5,4,4,3,4,3,4,2,2,3,4,3,4,3,5,3,4,3,5,3,5,2,3,3,4,3,5,2,3,2,4,2,4,3,5,3,5,3,4,3,4,2,4,1,0,2,3,3,4,3,2,2,1,2,3,3,3,2,2,3,2,2,19,1,2,2,1,3,3,2,2,1,1,2,2,2,2,2,3,2,2,4,2,2,4,5,4,4,5,4,4,2,4,4,5,4,4,4,5,4,4,4,4,2,1,1,2,2,2,2,2,2,2,2,2,2,2,2,7,6,3,3,4,6,7,7,4,1,40,2,1,1,1,50,3700,2300,0,881201,인화기술을 배우기 위해 기술 경기,이과
28112,3,4,3,5,2,4,3,5,3,5,3,5,3,4,4,4,2,4,3,5,2,4,3,3,3,5,3,5,3,5,4,4,4,4,3,5,3,5,3,5,3,5,4,5,3,5,3,5,4,4,4,4,4,5,4,5,4,5,4,4,3,4,4,4,4,5,3,5,4,5,4,4,3,4,4,5,4,5,4,5,4,4,4,5,3,5,3,4,3,4,3,4,3,4,4,3,4,3,4,2,2,15,2,4,2,2,0,6,5,3,3,3,3,3,3,4,4,4,3,3,3,4,3,3,3,4,3,4,2,3,4,3,4,4,3,4,3,3,4,3,2,2,2,2,2,2,2,2,2,2,2,2,3,3,3,3,2,5,4,5,4,5,5,4,5,6,1,29,4,1,1,1,40,2400,2000,0,250201,노후 보장 직종,국어국문학
28113,2,3,2,2,1,0,1,0,3,3,3,3,5,7,3,5,3,4,4,6,3,3,1,0,4,4,2,2,3,4,1,0,3,3,1,0,1,0,2,3,3,4,3,4,1,0,1,0,1,0,1,0,3,4,3,3,3,4,3,3,2,2,2,3,1,0,3,4,2,2,1,0,1,0,5,6,3,4,1,0,3,4,1,0,2,4,1,0,5,4,4,2,4,4,4,4,3,3,4,3,3,3,1,2,1,2,0,2,1,4,3,3,4,5,4,3,4,3,4,4,3,4,3,3,3,2,3,2,2,4,2,4,4,5,4,4,3,3,3,4,4,3,2,2,2,2,2,2,2,2,2,3,2,2,2,2,1,7,5,6,4,5,5,3,5,4,2,36,3,1,1,1,40,2900,2000,0,863101,한복산업기사 인구 감소 결혼 인구 수가 줄어듬,산업디자인
28114,5,6,5,7,5,6,5,7,5,6,5,6,5,6,5,6,5,6,3,5,5,6,5,6,5,6,4,6,5,6,5,6,5,6,5,6,5,6,5,6,5,7,5,7,5,6,5,6,5,6,5,6,4,5,3,3,3,4,2,3,2,3,3,4,3,3,3,3,3,4,2,3,3,4,2,3,1,0,5,4,1,0,1,0,3,4,1,0,5,4,4,4,5,5,5,5,4,5,5,5,5,13,1,1,1,1,2,5,5,5,5,5,5,5,4,4,5,5,5,5,1,5,4,4,4,3,1,1,5,4,4,5,3,4,3,3,3,5,3,4,5,5,2,2,2,2,2,2,2,2,2,2,3,3,3,2,1,1,6,1,1,1,1,9,5,5,1,45,5,1,1,1,50,7000,3500,0,23201,세무사 세법 회계 교육,부동산자산관리
28115,4,4,4,4,2,4,3,4,3,4,3,5,2,3,2,3,2,3,3,4,3,4,3,4,4,4,3,4,2,3,3,4,3,4,3,4,2,3,2,3,4,4,4,4,3,4,2,3,3,4,3,4,4,3,2,3,4,4,3,4,2,3,2,3,2,2,4,4,4,4,4,4,5,4,5,4,4,4,3,4,5,4,4,5,5,5,4,5,3,2,3,2,3,2,2,3,3,2,3,2,4,3,1,2,1,1,2,3,2,2,3,3,5,2,2,2,3,3,4,3,3,4,3,3,3,3,3,2,3,2,3,5,2,2,2,3,3,5,2,2,4,3,2,2,2,2,2,2,2,2,2,2,2,3,3,3,2,8,9,7,1,2,2,5,5,5,1,37,2,1,1,1,42,2900,2700,0,816103,산업기사자격증 다양한 공구 정밀측정교육 에너지 개발 기계 도입 인력 감소,전기
28116,2,1,2,4,3,2,3,6,2,1,3,3,1,0,2,1,3,4,1,0,2,3,3,4,3,2,3,4,2,4,2,1,4,5,3,4,3,2,4,3,4,3,2,3,4,3,2,3,3,2,4,4,3,2,2,1,1,0,2,1,2,3,1,0,2,1,2,1,3,2,2,3,2,1,2,1,3,2,2,3,1,0,2,1,3,4,5,4,4,2,3,2,2,4,2,1,2,3,2,3,2,11,1,6,2,2,0,2,2,3,2,1,2,3,2,3,4,3,5,4,2,3,4,3,4,5,4,2,3,4,3,2,3,4,3,4,5,4,3,4,5,4,2,1,2,2,1,2,1,2,2,3,2,2,2,2,1,3,4,6,5,6,3,3,5,4,1,54,4,1,1,1,40,3800,2300,0,613001,바운드 형태 아웃소싱 형태 분류 업무 난이도 대한 인심 기피 현상,컴퓨터공학
28117,3,5,4,5,3,5,3,5,3,4,3,3,3,3,2,3,3,4,3,4,3,3,2,4,3,3,2,3,3,3,3,4,3,5,3,4,2,4,2,3,3,4,3,4,3,4,3,4,3,4,1,0,3,4,2,4,3,4,1,0,3,4,4,4,2,4,3,3,2,3,4,4,3,3,1,0,1,0,1,0,3,2,2,2,3,4,3,4,3,4,2,2,3,4,4,3,3,4,4,4,3,3,1,2,2,2,0,4,4,4,4,3,4,4,3,3,3,4,4,3,4,2,2,4,4,5,2,4,5,5,3,4,2,2,4,3,3,4,4,2,4,5,2,2,2,2,2,2,2,2,2,2,2,3,3,3,2,3,5,8,5,7,5,7,3,5,1,30,3,1,1,1,40,3860,2600,0,28402,제조업 불황 침체,자동차학
28118,3,4,5,4,1,0,4,5,3,5,2,5,4,7,2,3,2,2,2,5,1,0,1,0,1,0,4,5,4,5,3,3,3,4,4,5,4,4,2,3,2,3,3,4,3,3,1,0,1,0,1,0,1,0,1,0,1,0,1,0,3,3,2,3,1,0,1,0,1,0,1,0,2,3,2,2,1,0,1,0,1,0,1,0,1,0,1,0,4,2,3,4,3,2,2,4,3,3,3,1,5,13,1,2,2,2,0,5,4,3,4,3,4,4,4,2,9,9,3,3,2,4,3,4,4,4,3,3,4,4,4,4,4,4,2,3,4,4,3,3,4,4,2,2,2,2,2,2,2,2,2,1,4,2,2,3,2,6,7,8,3,4,4,3,3,7,2,32,4,1,1,1,56,2700,2500,0,415101,개성 강조,국어국문학
28119,4,4,4,4,3,3,4,4,4,4,4,4,4,4,3,3,4,4,4,4,4,4,4,4,4,4,4,4,4,4,4,4,4,4,4,4,4,4,4,4,4,4,4,4,4,4,4,4,4,4,4,4,4,4,4,4,4,4,3,3,4,4,4,4,4,4,4,4,4,4,4,4,4,4,4,4,4,4,4,4,4,4,4,4,5,5,4,4,4,3,3,3,4,3,4,4,3,4,4,4,4,17,1,1,1,1,3,5,5,4,4,3,4,4,3,3,3,4,5,4,3,4,2,5,4,4,4,4,4,3,2,4,5,4,3,3,4,4,5,3,4,5,2,2,2,2,2,2,2,2,2,1,4,3,2,3,2,5,3,7,5,3,7,7,8,4,2,33,3,1,1,1,50,3800,2600,0,511502,동물간호복지사 동물 건강 증진 교육 반려견 호도,애완동물학
28120,5,7,5,6,5,6,5,6,5,7,5,6,4,5,4,5,3,5,5,6,5,7,5,5,4,6,4,6,5,7,4,5,5,6,5,7,5,7,5,7,5,6,5,6,4,4,4,4,3,4,3,5,3,4,3,5,3,4,3,3,3,4,3,3,3,3,1,0,1,0,1,0,3,3,3,3,3,3,1,0,1,0,1,0,3,4,3,3,5,5,5,3,5,3,3,3,3,3,3,3,3,16,5,6,1,2,0,6,7,3,3,3,5,5,5,3,3,3,3,3,3,4,3,4,4,2,3,3,3,3,4,3,3,4,3,3,3,4,3,3,3,4,2,2,2,2,2,2,2,2,2,2,3,3,3,3,2,2,3,3,5,6,5,3,3,3,2,50,6,1,1,1,40,7000,4500,0,211101,박사학위 상태 유지,컴퓨터공학
28121,4,5,4,5,3,4,3,4,3,5,5,6,3,4,4,5,4,5,4,5,3,4,5,6,5,6,3,4,3,4,4,5,3,4,3,4,4,5,3,4,5,6,5,6,4,5,2,3,2,3,3,4,4,5,4,5,4,5,2,3,3,3,2,3,4,5,3,4,3,3,3,3,3,4,5,6,4,5,4,5,4,5,3,4,4,5,3,4,4,4,4,4,4,2,4,4,3,4,4,4,4,17,5,5,1,1,6,6,5,5,5,5,4,4,4,4,4,4,4,4,2,4,3,3,3,2,3,4,4,4,2,5,4,4,3,3,3,4,3,3,4,4,2,2,2,2,2,2,2,2,2,2,2,3,3,3,2,8,8,8,3,3,3,3,3,3,2,29,4,1,1,1,58,7500,5500,0,301104,의사 국시 의사 면허증 대인 관계 교육 출산율 저하,의예
28122,4,6,5,7,4,6,4,6,5,6,5,6,4,6,5,6,5,7,5,6,5,7,5,7,5,7,5,7,5,6,4,6,5,6,5,6,5,7,5,6,5,6,5,6,5,7,5,6,5,6,5,6,4,6,5,5,5,6,4,5,4,6,4,5,4,5,5,5,4,5,4,5,5,6,5,6,5,6,5,6,5,5,4,5,5,6,5,6,5,5,3,5,5,3,5,3,3,4,5,5,5,17,1,1,1,2,0,6,6,5,5,5,5,5,4,5,5,4,4,4,2,4,4,4,4,4,4,3,4,4,3,4,4,4,4,4,4,4,4,3,4,4,2,2,2,2,2,2,2,2,2,1,3,3,3,3,2,9,1,1,2,2,2,7,7,7,1,45,5,2,5,1,40,0,0,9000,301110,마취과전문의자격증 기계 대체 불가,의대
28123,2,3,3,4,2,2,2,4,2,2,1,0,1,0,3,4,2,4,3,4,2,4,3,5,2,4,3,5,2,4,3,4,2,4,3,5,3,5,4,4,3,5,3,5,4,6,1,0,1,0,1,0,2,4,3,5,2,4,1,0,1,0,1,0,3,5,1,0,2,3,1,0,2,2,3,3,4,3,3,5,2,4,3,5,2,5,3,3,4,4,3,4,4,1,4,3,2,3,4,4,3,15,2,2,2,2,0,4,3,2,3,4,4,3,4,2,3,3,4,3,3,4,4,2,3,3,4,4,3,4,3,3,2,4,4,3,4,3,2,3,4,4,2,2,2,2,2,2,2,2,2,3,4,3,3,3,2,2,3,7,6,6,7,2,2,5,1,59,2,1,1,1,40,3500,3000,0,561201,환경 변화,문과
28124,3,3,3,4,2,3,2,4,5,3,3,5,1,0,4,4,4,3,1,0,1,0,1,0,1,0,2,1,3,4,5,4,3,4,2,4,2,3,5,5,3,3,1,0,1,0,1,0,5,3,1,0,1,0,1,0,1,0,1,0,1,0,1,0,1,0,1,0,1,0,1,0,1,0,2,2,3,3,3,3,3,3,5,5,3,3,2,3,3,4,2,2,3,2,3,4,2,3,3,3,2,8,2,4,2,2,0,7,4,3,2,2,2,3,2,3,1,3,4,3,4,3,3,3,3,3,2,3,4,5,3,4,3,4,2,3,4,4,3,2,3,4,2,2,2,2,2,2,2,2,2,1,4,3,2,3,2,5,6,7,6,7,6,7,6,4,2,32,3,1,1,1,40,3300,2300,0,522202,민간 열차 수가 열차 이용 운행 횟수 증가,관광
28125,3,4,3,5,2,5,2,4,3,5,3,5,3,4,3,5,3,4,2,3,3,5,2,4,2,3,3,4,3,5,2,2,2,2,2,2,2,2,2,3,3,4,2,4,2,3,2,1,2,1,2,3,3,5,2,4,2,2,2,2,4,5,2,2,2,2,2,1,2,1,2,1,2,2,2,1,2,1,2,1,2,1,2,1,2,2,2,1,3,4,3,3,3,4,3,3,3,4,3,3,3,13,1,2,1,2,0,5,5,3,3,3,4,4,3,3,3,4,4,4,2,4,4,4,4,3,4,2,3,3,3,4,3,4,2,2,4,4,3,3,5,4,2,2,2,2,2,2,2,2,2,1,4,3,3,3,2,3,3,3,5,4,4,6,4,4,2,30,5,1,1,1,40,4300,4000,0,134102,정보처리기사 사회 전반 산업 빅데이터 분석 활용 범위,컴퓨터공학
28126,1,0,1,0,1,0,1,0,1,0,1,0,3,4,1,0,2,3,2,3,1,0,1,0,3,4,1,0,1,0,1,0,1,0,1,0,1,0,1,0,1,0,1,0,1,0,1,0,1,0,1,0,1,0,1,0,1,0,1,0,1,0,1,0,2,3,2,3,1,0,2,3,1,0,3,4,2,3,3,4,2,3,2,3,4,4,2,3,2,2,3,3,3,3,3,3,4,2,2,3,3,3,1,2,2,2,0,7,4,3,2,2,3,3,3,3,3,4,3,3,2,3,3,2,3,3,3,2,3,3,4,3,4,4,3,3,3,4,4,3,2,3,2,2,2,2,2,2,2,2,2,2,2,2,2,2,1,6,5,5,4,4,5,5,5,5,1,33,4,1,3,2,40,3201,2755,0,836001,자동화 장비 도입,전기기계학
28127,3,4,4,6,4,5,4,5,1,0,3,4,4,6,3,4,4,5,4,5,4,5,4,6,4,6,4,5,4,5,4,6,4,5,4,5,4,5,4,6,4,5,4,5,4,5,2,3,4,5,3,4,4,5,4,5,3,4,3,4,4,6,4,5,3,4,3,4,3,4,3,4,4,6,4,5,4,5,3,4,3,4,2,3,4,5,4,5,4,3,4,3,4,3,4,4,4,3,4,3,4,3,1,4,1,1,3,3,5,4,2,2,4,4,3,3,2,2,3,3,2,4,4,4,4,4,5,4,4,2,3,4,4,5,4,4,5,4,4,4,4,5,2,2,2,2,1,1,2,2,2,2,3,3,3,3,2,8,8,8,3,2,2,2,2,8,1,27,4,1,1,1,40,3000,2500,0,158401,산업안전기사 산업 안전 교육 산업 현장 작업 환경 변화 안전교육,경영학
28128,4,6,3,2,1,0,3,3,1,0,4,3,3,2,4,2,5,4,3,5,2,2,3,3,4,4,2,2,3,3,4,4,3,5,2,3,3,4,3,3,3,4,3,4,4,3,2,3,2,2,2,3,1,0,1,0,1,0,1,0,1,0,1,0,1,0,1,0,1,0,1,0,1,0,1,0,1,0,2,3,2,4,2,3,3,4,2,3,4,3,4,1,3,2,5,4,2,4,4,3,4,18,1,2,2,1,3,7,1,4,4,4,5,4,2,1,3,5,5,4,1,5,5,3,4,4,4,2,2,4,4,4,5,3,3,2,4,4,4,4,4,5,2,2,2,2,2,2,2,2,2,1,3,2,2,2,2,6,8,4,6,3,1,7,8,9,2,32,3,1,1,1,36,1000,500,0,416103,연출기획 역량교육 상황 지속,영화학
28129,3,5,2,4,2,5,3,4,3,6,2,4,1,0,2,3,3,5,1,0,1,0,1,0,1,0,2,4,3,4,3,4,2,4,2,4,1,0,3,5,3,5,3,3,2,4,1,0,1,0,1,0,1,0,1,0,2,1,1,0,3,4,1,0,1,0,1,0,1,0,1,0,1,0,1,0,1,0,1,0,1,0,2,2,2,3,2,1,5,5,3,5,5,4,4,2,3,3,4,3,3,19,1,1,1,1,2,3,5,5,4,4,4,4,4,4,9,9,9,4,2,4,4,3,3,3,4,3,4,4,3,4,4,3,4,4,4,3,4,4,4,4,2,2,2,2,2,2,2,2,2,2,4,2,2,2,1,6,5,5,6,5,6,6,6,6,1,36,4,2,5,1,40,0,0,5800,23201,세무사 자격증 경제 회계 관련 훈련 세무사 처리 무량 증가,회계학
28130,2,2,1,0,1,0,3,3,1,0,1,0,5,4,2,2,4,4,2,2,1,0,3,5,4,3,1,0,1,0,1,0,1,0,1,0,3,4,1,0,2,3,1,0,2,3,1,0,2,1,1,0,2,2,1,0,3,3,1,0,1,0,1,0,1,0,1,0,1,0,1,0,1,0,3,3,3,5,2,1,2,2,1,0,4,3,1,0,5,3,4,2,2,2,3,3,4,3,4,2,5,16,5,1,2,2,0,7,5,4,3,3,5,5,5,5,9,9,5,5,2,4,4,4,2,3,4,3,4,3,3,4,4,4,3,3,3,4,2,3,4,3,2,1,2,2,2,2,2,2,2,1,4,2,2,2,1,7,3,4,1,4,6,7,6,3,1,47,4,2,5,1,40,0,0,4000,414101,업무 인원 관리 프로그램 활용 기계 문명 행위 증가,(동양)한국화
28131,4,5,4,5,3,6,3,4,4,3,3,6,3,6,2,5,3,4,4,4,3,5,3,5,4,4,3,4,4,5,5,4,4,4,4,4,4,4,4,3,5,5,5,5,4,5,4,4,3,4,4,4,3,6,5,5,5,4,4,4,4,5,3,7,4,5,5,4,4,4,3,2,4,5,3,5,3,5,4,5,3,5,3,5,3,5,4,4,4,4,4,4,4,2,5,3,3,5,5,5,5,15,2,3,1,1,1,4,4,5,5,5,5,4,5,3,2,5,5,5,1,5,5,4,4,3,4,4,4,4,4,4,4,4,5,4,5,4,3,4,5,4,2,2,1,2,1,1,2,2,2,2,3,1,1,2,2,1,2,3,1,3,2,2,3,2,1,25,3,1,1,1,56,3000,2000,0,250301,자동차 정비 지뢰제거 전문 자격 군사훈련 장비 직업 군인 항상 그대로,상담심리학
28132,4,5,4,5,5,6,4,5,4,6,4,6,4,5,5,6,5,6,4,6,4,6,4,6,3,5,4,6,5,6,4,5,4,6,4,6,3,6,4,6,5,6,4,5,4,6,5,5,4,5,4,6,5,6,4,5,4,6,4,6,4,5,4,6,4,6,4,5,4,6,4,5,4,6,4,6,4,5,4,6,4,6,4,6,4,5,4,6,4,4,3,4,4,4,4,5,4,5,4,5,4,14,1,2,1,2,0,2,5,2,4,3,4,3,4,4,3,4,5,4,3,4,3,4,3,4,3,4,3,4,4,4,3,4,3,4,3,4,3,2,3,4,2,2,2,2,2,2,2,2,2,2,3,2,2,2,2,4,6,5,5,6,6,6,6,6,2,37,4,1,1,1,40,2000,1800,0,521304,국내여행안내사 여유 사람,관광학
28133,5,6,4,5,4,6,4,5,5,6,5,6,4,6,4,5,4,5,4,5,4,5,4,5,4,6,4,4,5,6,4,5,5,6,5,6,2,2,2,2,4,5,5,6,5,6,5,6,4,4,4,5,2,2,1,0,2,2,2,2,1,0,2,2,2,2,1,0,1,0,1,0,2,2,2,2,2,2,1,0,1,0,3,4,4,5,2,2,5,5,4,5,4,4,4,4,4,4,4,2,2,15,2,3,1,1,2,7,5,5,5,4,4,4,4,5,5,3,5,4,2,2,2,4,4,5,4,3,4,4,3,4,4,3,5,4,4,3,4,4,4,3,2,2,2,2,2,2,2,2,2,1,3,2,2,2,2,5,6,6,4,6,5,6,5,5,1,54,4,1,1,1,52,7500,3500,0,23101,공인회계사 재무제표 보고서 작성법 직업 향후 현재,경영학
28134,4,5,4,4,3,3,3,4,1,0,1,0,3,3,2,3,2,3,2,2,4,4,2,2,3,3,3,4,1,0,1,0,1,0,1,0,1,0,1,0,3,3,4,4,1,0,1,0,1,0,1,0,3,3,1,0,1,0,1,0,1,0,1,0,1,0,1,0,1,0,1,0,1,0,2,3,2,3,1,0,1,0,1,0,3,3,2,3,3,4,4,3,4,3,2,2,3,2,3,2,3,13,1,2,2,2,0,4,5,4,3,3,4,3,3,3,4,4,3,3,2,3,3,3,3,3,4,4,3,5,4,4,4,4,5,5,4,5,4,4,5,4,2,1,2,2,2,2,2,2,2,2,1,3,3,3,2,2,3,2,3,2,2,8,7,3,2,39,4,1,1,1,40,3300,2500,0,411201,인간 두뇌 기능 번역 정확성 점점,일어일문학
28135,3,3,2,3,2,2,2,2,1,0,1,0,1,0,3,4,2,3,1,0,3,3,2,4,4,3,1,0,5,4,5,4,3,3,1,0,3,4,5,4,4,3,1,0,4,2,1,0,1,0,1,0,4,4,1,0,5,4,5,4,1,0,3,3,4,3,5,2,5,3,5,3,1,0,4,2,5,3,2,4,4,3,3,3,3,4,2,3,2,1,2,2,3,2,3,3,2,3,2,2,2,10,1,2,2,2,0,2,2,3,3,2,3,2,2,3,2,3,3,3,3,3,3,4,3,3,3,4,2,4,3,4,3,4,3,5,3,5,4,4,5,4,2,2,2,2,2,2,2,2,2,2,2,3,3,3,2,5,6,7,6,8,9,5,4,4,1,37,2,1,1,1,44,3700,2400,0,842201,통신 이용자 감소 일자리 감소,기계
28136,1,0,1,0,1,0,1,0,1,0,1,0,2,2,1,0,2,2,3,4,1,0,1,0,3,4,2,3,1,0,3,4,1,0,1,0,3,4,1,0,1,0,3,4,2,3,1,0,2,2,1,0,4,5,3,4,4,5,4,5,1,0,2,3,3,4,4,5,3,4,3,4,2,3,4,5,5,7,4,6,4,5,4,6,3,4,1,0,4,3,4,3,3,3,3,3,3,3,3,3,4,3,1,6,1,1,3,3,2,3,4,4,4,4,3,3,3,4,4,4,2,4,4,3,2,2,3,4,4,5,2,5,4,4,5,4,4,5,4,4,5,4,2,2,2,2,2,2,2,2,2,2,3,1,1,1,2,7,5,3,6,3,2,8,4,1,1,40,3,1,1,1,40,3800,3000,0,835101,전기기능사 기사 산업기사 기사 실습 업무 한정,전자전기
28137,2,2,2,2,2,3,3,5,3,4,2,4,1,0,2,3,3,3,2,4,2,3,3,4,5,6,4,5,3,5,2,4,2,2,2,3,4,5,4,5,3,4,3,5,2,4,2,4,2,4,3,5,3,4,3,3,2,3,2,2,3,5,2,3,2,4,2,3,3,4,3,5,2,2,2,3,3,5,3,3,2,2,3,4,4,6,2,4,5,5,5,5,5,5,5,3,3,2,3,3,3,6,1,2,1,2,0,2,4,4,3,4,4,3,4,4,4,5,4,4,2,4,3,3,3,4,3,3,4,5,4,5,3,3,3,4,4,5,3,4,5,4,2,2,2,2,2,2,2,2,2,2,2,2,2,2,2,4,6,5,4,7,5,4,5,6,2,27,4,1,1,1,40,2300,2000,0,29501,컴퓨터활용능력 엑셀 사무 자동화 발달,경영학
28138,2,1,2,3,2,1,3,2,2,1,2,2,1,0,2,1,3,2,2,1,2,3,2,2,2,3,3,2,2,3,2,1,2,3,3,2,2,3,2,3,2,3,2,1,2,3,2,3,2,3,3,2,1,0,1,0,2,1,2,1,1,0,2,1,2,3,2,2,3,2,2,1,2,1,3,2,2,3,2,1,2,1,2,2,3,2,2,1,4,5,2,4,4,3,2,2,4,3,4,4,3,3,4,1,2,2,0,3,2,4,3,2,3,4,2,4,9,9,9,4,2,3,3,4,3,4,3,2,3,4,4,4,3,2,3,4,3,4,5,4,5,4,1,2,1,1,2,1,2,2,1,2,2,2,3,3,1,7,6,7,3,4,3,7,3,4,2,38,3,2,6,1,40,0,0,2400,863401,무선 초소 미니 재봉틀 가격 수선 일거리 나이 한계 인력,패션디자인
28139,2,2,2,2,1,0,2,1,1,0,1,0,1,0,2,2,2,2,1,0,1,0,1,0,1,0,2,2,2,2,1,0,1,0,1,0,1,0,2,2,2,1,2,3,2,2,1,0,1,0,1,0,1,0,1,0,1,0,1,0,2,2,1,0,1,0,1,0,2,3,2,3,1,0,1,0,1,0,1,0,2,1,1,0,2,2,2,3,2,2,4,3,2,2,4,2,3,2,2,3,4,4,2,2,2,2,0,1,2,2,2,2,4,2,4,3,3,3,3,3,3,2,2,4,4,3,3,3,2,3,3,4,3,2,2,2,3,3,3,2,4,3,2,2,2,2,2,2,2,2,2,3,2,3,3,3,2,5,3,5,5,5,5,5,6,6,1,53,2,1,1,1,48,4800,1600,0,562101,전산 기술 개발 사람 대체,원예
28140,4,4,5,4,4,3,3,4,4,4,5,6,5,6,5,4,4,5,1,0,4,6,4,6,4,4,4,4,4,5,2,3,3,3,4,4,5,6,5,4,4,5,5,6,4,5,5,5,4,6,4,5,4,4,4,5,3,4,2,3,5,6,5,6,4,5,3,3,2,3,2,3,4,4,2,4,2,2,2,2,2,3,2,2,3,4,2,2,5,3,4,3,4,4,3,4,1,4,4,4,4,13,1,4,2,1,2,5,6,4,2,2,4,4,4,2,4,3,3,3,2,3,3,4,4,3,2,2,4,3,3,4,4,4,2,4,3,4,3,4,2,5,1,1,2,1,1,2,2,1,1,3,2,2,2,3,1,7,5,6,4,4,5,3,6,7,1,55,5,1,1,1,40,10000,3800,0,22103,구조 개선 경영 상태 데이터 관리 업무 증가 컨설팅 사람,경영학
28141,4,5,4,5,3,5,4,5,4,5,5,6,4,6,4,6,4,6,4,5,4,5,4,5,4,5,4,6,4,5,4,6,4,5,4,5,4,5,4,5,4,5,4,5,4,6,3,5,3,5,4,6,4,5,2,3,4,5,3,4,3,4,4,5,3,4,3,4,3,4,3,4,3,4,3,4,3,4,4,6,5,7,4,5,3,4,3,4,4,4,2,3,4,2,4,4,3,3,4,4,4,8,1,6,2,2,0,3,4,4,4,4,3,3,3,4,3,3,3,3,3,4,3,3,3,2,3,3,3,4,3,3,3,4,4,4,4,3,3,3,4,4,2,2,2,2,2,2,2,2,2,1,3,2,2,2,1,6,7,8,5,7,7,4,6,5,2,29,4,1,1,1,42,4500,3500,0,522101,코로나 여행,국어국문학
28142,4,6,5,6,5,7,3,5,2,2,1,0,5,7,4,4,4,6,3,4,5,7,4,4,3,4,4,5,3,5,3,4,4,5,3,4,2,2,1,0,3,4,4,5,2,3,1,0,1,0,4,4,1,0,1,0,1,0,1,0,3,3,1,0,1,0,1,0,1,0,1,0,2,3,2,3,1,0,3,3,1,0,1,0,2,2,1,0,4,3,4,1,4,2,5,4,4,3,4,3,4,18,4,1,2,2,0,7,1,4,4,4,5,4,4,1,9,9,9,1,1,5,5,3,5,5,4,2,5,4,4,4,5,4,3,2,4,4,5,3,4,5,2,1,1,2,2,2,2,2,2,2,5,2,2,2,2,4,3,1,4,3,4,5,8,8,1,59,3,1,4,2,50,1300,1200,0,411103,기술 파워포인트 효율 강화 기술 발달 문화 콘텐츠 분야 동반 상승 효과,극작
28143,3,5,3,5,2,5,2,5,4,5,4,5,2,4,3,5,2,4,1,0,2,3,2,4,3,4,1,0,1,0,2,6,1,0,1,0,1,0,1,0,2,3,2,2,2,3,4,4,1,0,1,0,1,0,1,0,2,3,1,0,3,4,1,0,3,3,1,0,1,0,3,3,1,0,4,5,2,3,3,3,1,0,1,0,2,3,1,0,2,2,2,3,4,4,5,2,3,4,2,3,2,13,2,4,2,1,1,7,5,3,4,4,5,4,3,3,4,4,4,4,2,4,4,4,3,4,3,2,3,3,4,5,3,3,4,4,3,4,3,3,5,3,2,2,2,2,2,2,2,2,2,1,3,3,3,3,2,4,7,7,8,8,6,4,2,3,1,42,4,1,1,1,40,4000,3000,0,121201,실무 안전 교육 사람 직접,자연공학
28144,4,4,3,5,4,4,4,6,4,5,3,5,4,5,3,4,4,5,4,4,4,5,4,4,3,5,3,5,4,4,3,5,3,5,4,4,3,5,3,5,4,4,4,5,3,5,3,5,3,5,3,5,3,5,4,4,3,4,1,0,3,3,3,3,3,3,3,3,2,3,3,4,3,4,2,3,3,4,4,4,4,4,4,5,3,4,4,3,4,3,4,4,3,3,2,4,3,4,4,2,3,9,1,2,2,2,0,5,2,3,2,2,4,3,3,4,4,3,3,3,3,2,3,4,2,3,2,2,4,3,2,3,3,2,2,3,4,5,3,2,4,4,2,2,2,2,2,2,1,2,2,1,2,1,2,2,1,6,7,7,6,6,5,3,3,5,1,43,2,1,1,1,42,3500,3000,0,14201,코로나 매출 하락 직원 근무시간 조정 인원 감축 폐업 일자리 부족,이과
28145,3,6,4,6,4,5,4,5,4,5,4,6,4,5,4,5,4,5,4,5,4,5,4,5,4,5,4,5,4,4,4,5,3,5,3,5,4,5,3,5,4,5,4,5,3,5,4,5,4,5,4,5,3,5,4,4,4,5,3,5,4,5,3,5,3,5,4,4,3,5,3,5,4,5,4,5,3,5,3,5,3,5,3,5,4,5,3,5,4,4,3,4,4,3,4,3,4,3,3,4,4,13,1,2,1,1,4,1,4,4,3,3,4,3,3,3,3,4,3,3,2,3,3,4,3,3,2,2,3,3,3,3,3,4,3,2,3,3,4,3,3,3,2,2,2,2,2,2,2,2,2,2,2,2,2,3,1,8,7,6,6,6,7,7,6,6,1,38,4,1,1,1,42,5200,5000,0,153203,정보통신기사 무선설비기사 전자기사 실무교육 기계 발달,전자공학
28146,4,5,4,5,2,2,4,5,4,4,4,6,4,6,4,6,4,5,4,5,4,5,3,4,4,5,4,5,3,4,3,4,3,3,3,3,3,4,4,4,4,5,4,5,3,4,3,4,3,5,3,4,4,4,3,5,3,3,3,3,4,6,4,6,3,4,3,3,3,3,3,3,4,4,4,4,3,4,3,4,3,4,3,3,4,5,4,5,3,4,3,4,4,3,3,4,3,3,4,4,4,15,2,5,1,2,0,6,5,3,3,4,4,4,3,4,3,4,4,4,2,3,4,4,3,4,3,3,4,3,4,3,3,4,4,4,3,3,4,4,3,3,2,2,2,2,2,2,2,2,2,2,2,3,3,3,2,6,7,7,6,8,7,6,4,6,1,46,4,1,1,1,40,3500,2800,0,140502,정보통신기술사 교통기술자 신도시 개발 신규 택지 개발 사업 감소 일자리 전망,환경공학
28147,3,3,2,2,1,0,1,0,1,0,2,2,2,3,2,2,2,2,1,0,2,2,1,0,2,2,1,0,2,3,1,0,1,0,1,0,1,0,3,3,1,0,2,2,2,2,1,0,1,0,1,0,1,0,1,0,2,2,2,3,1,0,1,0,2,2,3,3,3,3,2,2,1,0,1,0,2,1,1,0,1,0,2,3,3,3,2,1,3,4,3,3,3,2,3,3,3,3,3,2,3,3,1,2,1,1,2,2,2,3,3,3,4,5,3,3,2,3,3,3,3,4,2,3,1,2,2,3,5,4,3,3,2,1,1,3,3,4,2,2,4,4,2,2,2,2,2,2,2,2,2,2,2,3,3,3,1,5,6,7,5,6,7,5,6,5,1,33,2,1,1,1,40,2800,2200,0,881201,사진기능사 사진제판기능사 사진인화 현상기 조작원 훈련 디지털카메라 휴대폰 성능 향상,문과
28148,3,4,3,3,3,3,2,2,3,4,2,2,2,2,2,1,3,4,3,2,3,3,3,4,3,4,2,2,2,3,1,0,2,2,2,2,3,4,3,3,3,3,2,2,3,4,1,0,4,5,2,2,3,4,3,4,4,5,4,5,3,5,4,5,4,5,4,5,4,5,4,6,2,3,3,3,3,4,2,3,3,4,2,3,3,4,3,4,4,4,2,3,3,2,4,3,3,4,4,4,4,3,1,2,1,2,0,5,5,4,3,3,4,4,4,4,4,4,4,4,2,4,3,2,4,3,4,4,4,4,2,4,3,4,4,4,4,4,3,4,4,4,1,1,1,1,1,1,1,2,2,2,2,3,3,3,1,7,8,6,6,5,5,7,5,3,1,45,3,2,5,1,45,0,0,4400,811601,건설기계정비사 건설중기정비 기술 개발 업무 수행 자동 제어 시스템 증가,기계
28149,5,6,4,6,1,0,3,4,3,4,4,6,3,4,3,4,4,6,3,4,3,4,2,2,3,4,4,6,4,5,5,6,4,5,4,5,3,4,3,4,4,6,4,5,3,4,1,0,4,6,4,5,4,5,3,4,5,6,4,6,2,4,3,4,3,4,3,4,3,4,3,4,1,0,2,3,2,3,3,4,3,4,3,3,4,5,4,5,4,4,3,3,2,2,3,3,2,3,1,3,3,8,1,1,1,2,0,7,2,4,3,2,4,4,3,4,9,9,4,4,2,3,3,4,4,4,2,1,3,2,4,4,4,3,2,2,4,4,4,3,3,3,2,2,2,2,2,2,2,2,2,2,1,2,2,2,1,2,8,3,7,2,8,2,8,2,1,68,1,2,5,1,40,0,0,3000,812401,자동차정비사 인구,0
28150,3,4,3,4,2,2,3,4,2,2,2,3,2,2,2,2,2,2,2,2,2,2,2,2,2,3,2,3,2,3,3,4,3,4,2,3,2,3,3,4,3,4,3,4,3,4,2,2,2,2,2,2,2,2,2,2,2,2,2,2,2,2,2,2,2,2,3,3,2,3,2,2,2,2,2,2,2,2,2,2,2,2,2,2,2,2,2,2,3,3,3,3,3,2,3,2,3,3,3,3,3,17,1,2,1,2,0,4,3,3,3,3,3,3,3,3,9,4,4,4,3,3,3,4,4,4,4,2,3,4,4,4,4,3,3,4,4,4,4,4,4,3,2,2,2,2,2,2,2,2,2,1,2,3,3,3,2,8,2,7,3,3,5,8,7,6,1,43,4,1,1,1,40,2800,1800,0,512301,장례지도사 기피 직업,장례지도학
28151,2,3,2,3,2,3,2,3,3,4,3,4,2,3,2,3,3,4,3,4,3,4,3,4,3,4,3,4,2,3,2,3,2,3,3,4,2,3,2,3,2,3,3,4,2,3,2,3,3,4,2,2,3,4,3,4,2,3,2,3,3,4,3,4,3,4,3,4,3,4,3,4,2,3,2,3,2,3,2,3,2,3,2,3,2,3,2,3,4,3,4,4,4,3,3,4,3,3,3,3,3,3,1,2,1,1,1,2,5,4,3,4,4,4,4,4,5,5,4,4,2,5,5,3,4,4,4,3,4,4,4,3,4,5,4,4,4,3,4,4,4,3,2,2,2,2,2,2,2,2,2,2,2,3,3,3,2,8,3,7,5,3,6,7,4,6,2,29,4,1,1,1,40,3200,3000,0,852301,화공기사 기계작동법 기계화 증가,화학공학
28152,4,4,4,4,4,4,4,4,4,4,4,4,4,4,4,4,4,4,4,4,4,4,4,4,4,4,4,4,4,4,4,4,4,4,4,4,4,4,4,4,4,4,4,4,4,4,3,3,4,4,4,4,4,4,5,6,4,4,5,6,4,4,5,6,4,4,5,6,4,6,5,6,4,4,4,4,4,4,4,4,4,4,4,4,4,4,4,4,3,4,2,3,4,3,4,2,3,4,3,4,3,7,1,2,1,1,3,5,2,4,3,3,4,3,3,3,3,4,4,4,3,4,3,5,4,4,4,4,3,4,3,5,3,3,4,5,5,5,3,2,4,5,2,2,2,2,2,2,2,2,2,2,3,3,3,3,2,7,3,6,4,6,5,5,6,4,1,38,2,1,1,1,60,3800,2800,0,834001,전기기능사 수리방법 교육 신축 건물,전기
28153,3,3,2,3,1,0,1,0,1,0,1,0,1,0,1,0,2,3,2,3,1,0,1,0,4,5,1,0,1,0,1,0,1,0,1,0,1,0,3,4,1,0,3,4,4,5,1,0,1,0,1,0,1,0,1,0,5,6,1,0,1,0,1,0,1,0,4,4,4,5,1,0,1,0,4,5,2,3,1,0,1,0,1,0,4,5,1,0,4,3,3,4,4,2,4,3,3,2,2,4,3,18,1,2,1,2,0,6,2,3,3,3,5,3,2,3,3,3,4,3,3,3,3,2,3,3,3,3,3,2,2,4,3,3,4,3,3,3,3,3,4,3,2,2,2,2,2,2,2,2,2,1,3,3,3,3,2,2,6,7,8,8,8,2,2,6,1,52,4,1,1,1,40,5000,3000,0,413102,문화재수리기능자 변화,건축공학
28154,1,0,1,0,1,0,1,0,1,0,1,0,1,0,1,0,1,0,1,0,1,0,1,0,1,0,1,0,1,0,1,0,1,0,1,0,1,0,1,0,1,0,1,0,1,0,1,0,1,0,1,0,2,3,4,5,4,5,4,5,4,5,4,5,4,5,3,5,4,4,4,5,4,5,3,5,4,4,4,5,3,5,3,5,4,5,1,0,4,4,4,4,4,2,4,3,3,4,3,3,3,6,1,3,1,2,0,7,4,3,4,3,4,3,3,4,3,3,3,2,2,3,2,2,3,2,3,2,3,2,3,3,3,4,3,3,3,4,3,3,3,4,2,2,2,2,2,2,2,2,2,1,3,3,3,3,2,7,6,7,4,5,5,7,5,5,1,42,4,1,1,1,40,4200,2800,0,811601,건설기계정비기사 기계 대체 불가,건축
28155,3,4,3,3,4,4,3,4,4,4,4,4,4,6,4,4,3,3,2,3,4,6,4,3,4,3,4,3,1,0,4,6,4,4,1,0,5,3,1,0,5,6,4,5,4,6,4,3,4,4,1,0,4,6,4,6,4,6,3,3,4,3,4,3,2,4,4,5,4,4,4,2,1,0,4,4,4,4,3,5,4,4,1,0,3,3,2,3,4,5,4,5,4,2,5,3,4,3,4,4,3,13,2,3,1,2,0,2,5,4,4,4,4,4,3,4,3,4,5,4,1,4,4,4,3,5,4,4,3,5,4,4,5,4,5,3,4,4,3,5,4,4,2,2,2,2,2,2,2,2,2,1,2,3,3,3,2,4,6,8,7,6,8,2,6,7,1,44,5,1,1,1,40,4800,4200,0,122103,식물보호기사 시설원예기사 축산물 개방 감소,농업학
28156,5,4,4,5,3,4,4,4,2,4,4,4,2,3,3,4,4,5,2,3,4,4,4,4,3,5,4,5,4,5,5,5,4,4,3,5,4,5,4,5,3,3,3,5,4,5,4,6,4,4,3,4,4,4,3,4,3,4,1,0,3,4,2,3,4,4,3,3,2,3,1,0,3,3,3,4,1,0,1,0,1,0,2,3,5,5,3,3,4,3,4,5,4,4,4,4,4,5,4,4,5,17,1,2,1,2,0,6,6,5,4,4,5,4,4,4,9,9,4,4,2,5,4,3,4,1,4,4,2,3,4,4,4,5,4,4,5,4,3,3,4,4,2,2,2,2,2,2,2,2,2,1,4,3,3,2,2,2,1,3,5,2,3,9,5,1,1,50,5,2,5,1,44,0,0,12000,301112,전문의자격증 소득 향상 외모 중시 관리인 구의 증가,의학
28157,4,5,4,5,4,5,4,5,3,4,3,4,4,5,4,5,3,5,4,5,4,4,4,5,4,5,3,5,4,5,4,5,4,5,4,5,4,5,4,4,4,5,4,5,4,5,4,5,4,6,4,5,4,5,4,5,5,5,4,5,4,5,4,5,4,5,4,5,3,5,4,4,4,6,5,5,4,5,4,5,3,4,4,5,4,5,4,5,4,4,3,4,4,4,4,4,4,4,3,4,4,17,1,3,1,1,6,6,5,4,5,4,4,4,5,5,5,4,5,5,4,4,4,4,4,3,4,4,4,4,4,5,4,4,5,4,4,5,5,4,4,4,2,2,2,2,2,2,2,2,2,2,3,2,2,2,1,8,7,6,3,3,6,7,6,6,1,40,4,1,3,2,48,7500,5300,0,301111,의사자격증 의료기술 변화,의
28158,3,4,3,4,3,4,2,4,3,5,4,5,2,4,3,4,3,4,3,3,3,3,3,5,3,5,2,4,2,4,2,4,2,4,3,5,3,3,4,5,4,5,3,3,4,5,3,5,4,4,1,0,4,5,2,4,3,3,3,3,3,3,2,2,2,4,3,3,4,5,3,5,3,3,4,4,3,4,2,5,3,5,3,5,4,4,3,3,4,3,3,2,3,3,2,4,3,4,3,4,4,13,1,2,2,2,0,2,5,3,3,3,3,3,3,2,3,2,3,3,2,3,3,4,3,3,2,3,3,4,4,5,2,2,2,2,2,3,1,3,3,2,2,2,2,2,2,2,2,2,2,2,3,3,3,3,2,5,6,5,4,6,6,7,6,4,1,28,4,1,1,1,48,2800,2700,0,140503,일정 규모 상의 개발 사업 교통 영향 평가 대한 반영,교통공학
28159,4,5,4,6,3,4,4,5,3,4,4,4,5,7,3,4,4,6,4,5,5,6,4,5,3,3,4,5,3,4,3,4,4,5,3,5,3,4,2,3,4,5,5,6,5,6,3,4,3,3,4,5,4,4,3,4,4,5,3,4,2,2,4,5,2,3,3,3,4,6,3,4,3,4,2,2,2,2,4,5,4,5,3,4,3,4,2,3,4,3,4,2,3,2,2,3,2,3,4,3,3,18,3,3,2,1,2,3,5,4,2,2,3,4,2,2,2,3,3,3,3,2,2,4,3,3,3,2,3,4,3,4,3,4,4,4,4,3,2,2,3,4,2,2,1,2,1,1,1,1,1,2,4,2,2,2,1,7,7,7,3,3,3,7,8,8,1,48,4,1,1,1,52,4800,2000,0,13601,전반적 업무 연수 자주 기계 장비 도입 교육 훈련 필요 자동화 인공 지능 부분,예체능
28160,3,4,3,3,2,3,4,5,1,0,2,3,2,2,1,0,2,3,1,0,2,2,4,3,1,0,3,3,4,3,4,3,1,0,1,0,5,3,4,2,3,3,2,2,3,3,1,0,1,0,1,0,1,0,1,0,1,0,1,0,3,3,1,0,1,0,1,0,1,0,1,0,2,2,1,0,1,0,1,0,1,0,1,0,3,2,3,2,4,4,1,3,4,4,3,4,3,4,4,1,2,16,5,2,2,2,0,2,5,4,4,3,4,3,4,4,4,4,5,4,4,4,4,4,4,4,4,4,4,4,3,4,4,4,3,4,4,4,4,4,4,3,2,2,2,2,2,2,2,2,2,2,2,2,2,2,2,4,4,5,3,3,7,6,7,6,2,32,4,1,2,2,40,3300,2400,0,214102,인터넷 강의 온라인 시스템 구축,경제학
28161,3,4,3,4,1,0,1,0,1,0,1,0,1,0,3,4,1,0,1,0,1,0,1,0,4,5,1,0,2,2,2,2,1,0,1,0,1,0,2,2,2,2,1,0,1,0,1,0,1,0,1,0,3,4,1,0,3,4,1,0,4,5,4,5,4,5,2,2,1,0,3,4,1,0,3,4,3,4,3,4,2,2,2,3,4,5,1,0,3,4,3,4,3,3,2,3,4,2,3,2,3,17,1,3,1,2,0,7,5,4,3,4,4,4,4,4,5,4,5,4,4,3,4,3,4,3,4,3,4,3,4,3,3,4,3,4,3,3,4,4,3,3,2,2,2,2,2,2,2,2,2,2,3,3,3,3,2,9,8,9,6,8,2,5,6,6,2,28,4,1,1,1,40,4200,3600,0,306101,임상병리사 건강 관심 상승,임상병리학
28162,2,2,2,2,1,0,1,0,1,0,1,0,1,0,1,0,3,3,3,3,3,3,2,2,3,3,3,3,3,3,2,2,3,2,2,2,3,3,3,3,3,2,2,2,3,3,3,3,3,3,2,2,3,4,3,3,3,3,3,3,2,2,3,3,4,4,3,3,2,3,3,3,3,3,2,2,2,3,3,4,3,4,1,0,1,0,1,0,4,3,3,4,4,4,4,4,4,3,3,2,3,3,1,3,1,1,4,5,3,4,4,4,4,4,2,3,3,3,3,3,3,3,3,2,3,4,4,3,4,2,4,2,4,3,4,4,4,3,3,2,2,4,2,2,2,2,2,2,2,2,2,4,3,2,2,2,1,8,8,3,3,3,5,4,5,4,1,26,3,1,1,1,45,2800,2500,0,823301,품질관리기사 품질관리실무 상황 유지,금속공학
28163,2,2,2,3,2,2,2,2,2,3,2,2,1,0,3,3,2,2,3,3,1,0,3,4,3,4,2,2,3,4,3,3,2,2,1,0,2,2,4,4,3,3,2,2,3,4,1,0,3,3,2,3,2,2,1,0,2,2,2,2,2,2,1,0,1,0,2,2,2,2,2,2,1,0,3,3,3,4,3,4,3,3,3,4,3,3,3,3,3,4,2,3,2,3,3,2,2,2,3,2,3,18,4,2,2,2,0,7,2,2,2,2,3,3,3,3,3,3,3,3,4,3,3,4,3,4,4,2,4,4,2,4,3,3,3,3,3,5,4,2,3,3,2,2,2,2,2,2,2,2,2,1,3,2,2,2,2,7,2,8,3,5,5,8,8,7,1,42,4,2,6,1,60,0,0,10000,524001,오락 게임 계속,체육학
28164,3,4,3,4,4,5,3,4,4,4,3,5,3,5,4,4,3,4,3,4,3,5,3,5,3,4,4,4,2,4,2,4,3,4,3,4,3,5,3,5,3,5,3,4,3,4,4,5,3,4,2,4,3,5,4,4,3,5,3,5,5,5,4,4,3,4,3,4,3,4,2,5,5,5,1,0,2,5,3,4,2,2,2,3,3,4,2,4,4,5,3,4,5,3,3,4,3,4,3,5,3,6,2,4,1,1,4,4,5,4,4,3,4,4,3,4,4,4,4,4,2,4,3,4,3,2,3,1,4,3,4,5,3,4,1,1,5,5,3,3,5,5,2,1,1,1,1,1,2,2,2,2,3,3,3,3,1,8,7,2,2,1,4,2,3,2,1,34,4,1,1,1,46,3600,2900,0,140503,교통산업기사 실무경험을 충분히 습득 교통 도로 설계 건설 경기 숙기 추후 감소 예상,지리학
28165,1,0,1,0,1,0,1,0,3,5,1,0,3,5,1,0,3,5,3,5,1,0,1,0,2,5,1,0,1,0,2,3,1,0,1,0,1,0,3,4,3,3,1,0,1,0,1,0,1,0,1,0,3,3,4,5,4,3,4,2,3,4,3,1,3,4,3,4,4,5,4,4,4,4,4,2,4,2,3,4,3,6,3,4,3,4,3,4,2,1,2,2,2,1,2,2,2,3,3,2,2,3,1,2,2,2,0,1,2,1,1,1,1,2,2,2,3,4,4,3,4,1,1,4,4,4,4,4,4,4,1,4,4,4,4,4,4,4,4,4,4,3,2,2,2,2,2,2,1,2,2,3,1,2,2,2,2,3,2,5,7,4,6,7,5,7,1,22,2,1,3,2,20,2400,2400,0,826401,사람 대신 최신 장비 도입 최신 장비 도입,인문계
28166,2,4,2,3,2,3,3,4,2,3,4,6,1,0,5,7,3,5,1,0,1,0,3,5,4,6,3,5,5,7,5,7,3,4,1,0,2,3,5,7,4,6,4,6,1,0,1,0,1,0,2,3,3,5,1,0,3,5,1,0,2,4,1,0,2,4,2,3,2,3,1,0,2,3,2,3,3,5,4,5,1,0,1,0,3,4,2,3,5,5,4,4,5,4,5,2,3,4,5,4,4,17,1,2,1,2,0,5,7,4,3,2,4,4,2,4,9,9,4,4,4,3,3,3,2,2,4,3,4,5,4,4,3,5,3,4,4,4,2,2,4,4,2,2,2,2,2,2,2,2,2,1,3,3,3,3,2,4,3,5,5,3,4,3,2,6,1,51,4,2,5,1,40,0,0,9000,301111,비뇨기과 전문의 의료 서비스 의존 인구 비중 수요,비뇨기
28167,3,5,3,4,3,4,2,4,4,5,3,4,4,5,4,5,3,4,4,5,4,5,4,5,3,4,2,3,3,4,3,4,2,3,2,4,4,5,1,0,2,3,3,4,2,3,3,4,2,3,2,3,2,3,4,5,4,5,4,5,4,5,3,4,2,3,2,3,2,3,2,3,3,4,3,4,2,3,1,0,3,4,2,3,3,4,3,4,4,3,4,3,3,4,4,4,4,3,4,3,4,6,1,3,1,1,5,5,5,3,4,4,4,4,4,3,4,4,4,4,2,4,3,4,4,2,4,4,4,3,2,4,4,4,3,3,4,4,3,3,4,4,2,2,2,2,2,2,2,2,2,2,2,3,3,3,1,7,7,7,3,3,7,7,3,3,1,33,4,1,1,1,44,3800,2800,0,140101,건축사 건축설계시공 건설 경기 위축,건축학
28168,3,4,3,4,3,3,4,5,3,3,4,4,2,3,4,6,3,4,2,3,5,6,5,6,3,4,1,0,4,3,3,4,4,5,1,0,5,4,1,0,4,5,3,5,1,0,1,0,1,0,1,0,2,4,1,0,4,5,1,0,3,4,2,3,2,2,4,5,4,5,2,2,2,2,1,0,1,0,1,0,1,0,1,0,2,2,2,2,4,4,1,3,3,4,4,4,3,3,4,3,4,10,1,6,1,2,0,6,4,4,3,3,4,3,3,3,3,4,4,4,2,3,3,4,4,3,4,3,3,3,3,5,3,4,3,3,3,4,4,3,4,3,2,2,2,2,2,2,2,2,2,1,3,2,2,3,1,7,7,7,4,5,5,5,6,6,1,37,4,1,1,1,40,3600,3000,0,158401,산업안전 산업기사 안전교육 훈련 항상,화공학
28169,4,5,5,5,4,5,5,6,4,6,5,5,4,5,5,6,5,6,4,5,4,5,4,5,5,5,4,7,5,5,4,5,4,5,4,5,5,5,4,6,4,5,4,3,4,6,4,6,5,5,4,6,4,5,4,5,4,4,3,3,4,6,5,6,4,6,3,5,3,4,4,4,4,4,2,2,2,2,2,3,1,0,1,0,2,2,2,2,4,5,4,4,5,5,5,4,4,5,3,4,4,15,2,3,2,2,0,7,5,4,2,2,2,3,4,5,5,4,5,5,2,4,4,4,3,4,5,4,5,4,3,5,5,4,4,5,4,5,4,4,5,4,2,2,2,2,2,2,2,1,1,3,3,3,3,3,2,5,5,5,7,7,7,8,8,7,1,48,4,1,1,1,40,5000,3000,0,21001,업무 스트레스 때문 현재,행정학
28170,4,5,3,6,4,7,4,5,3,5,3,5,4,5,5,6,5,4,5,6,5,5,3,6,4,6,3,7,3,6,5,7,5,4,4,5,3,6,4,7,3,4,5,7,4,6,3,7,4,7,4,5,5,5,5,6,3,7,4,4,4,7,4,4,3,7,5,5,3,6,5,5,4,5,3,4,4,4,5,6,5,4,4,2,5,5,5,4,5,3,3,4,5,3,4,5,4,4,3,5,4,10,1,2,1,2,0,6,5,5,4,3,5,5,4,4,5,5,4,5,2,4,5,4,4,5,4,3,4,3,4,4,4,5,5,3,4,5,3,4,4,5,2,2,2,2,2,2,2,2,2,1,3,3,1,3,1,7,8,8,9,8,7,8,7,8,1,32,4,1,3,1,52,3500,3500,0,132004,컴퓨터 활용능력 1급 정보 통신 산업 발전,컴퓨터정보
28171,4,4,5,5,3,3,5,5,3,3,2,3,3,3,3,3,4,4,2,1,3,3,3,3,3,3,2,2,4,4,4,5,5,6,4,6,3,4,3,3,3,3,4,5,4,3,2,2,1,0,1,0,1,0,1,0,2,1,1,0,4,5,2,2,3,3,1,0,1,0,1,0,1,0,1,0,1,0,1,0,1,0,1,0,4,3,3,4,3,2,4,3,2,4,3,3,1,3,2,2,3,13,1,4,2,1,1,1,2,3,3,3,3,4,4,3,3,4,4,4,4,2,2,3,3,4,2,3,4,4,2,5,3,2,2,2,3,3,2,3,4,3,2,2,2,2,2,2,2,2,2,2,3,3,3,3,2,8,6,7,5,5,6,4,5,5,2,28,3,1,1,1,40,2100,1900,0,29201,정보통신에 대한 전반적인 내용 기업 경쟁력 강화 위해 인력,보건행정학
28172,2,3,2,3,2,2,2,3,2,2,2,3,2,3,2,2,2,2,2,3,2,3,2,2,2,3,2,2,2,2,2,3,2,2,2,2,2,3,2,2,2,2,2,3,3,4,2,3,3,4,2,3,3,4,3,4,3,4,3,4,2,3,3,4,2,3,2,3,3,3,2,3,2,3,3,4,3,4,3,4,3,3,3,4,3,4,3,3,2,3,3,3,3,2,3,3,2,2,3,3,3,3,1,2,1,2,0,2,2,3,3,3,3,2,2,3,9,4,4,4,2,3,3,3,4,4,4,2,3,2,4,4,3,3,3,3,4,4,3,3,3,3,2,2,2,2,2,2,2,2,2,2,3,2,2,2,2,8,7,8,3,5,5,2,7,7,1,40,2,1,1,1,40,3600,2400,0,703201,용접기사 인원 한정,기계
28173,1,0,2,2,1,0,2,2,2,2,3,4,1,0,3,5,3,3,1,0,2,2,1,0,2,1,3,4,3,4,1,0,1,0,1,0,1,0,2,3,2,3,1,0,2,2,2,3,3,4,1,0,2,2,2,2,3,3,2,3,3,3,2,1,2,3,2,3,2,3,3,3,3,3,2,3,3,3,1,0,2,3,1,0,3,5,3,2,4,3,3,3,3,2,3,3,3,3,4,2,3,3,1,5,1,1,2,2,2,3,4,3,4,5,3,3,9,3,3,4,3,2,3,3,2,2,3,4,3,5,4,3,2,2,2,4,4,5,4,1,4,4,2,2,2,2,2,2,2,2,2,2,2,3,2,3,2,9,8,7,4,3,4,5,3,2,1,29,5,1,1,1,40,3400,3000,0,811101,건설기계기관정비기능사 공업기계설치 정비훈련 기계 자동화 전산,기계
28174,5,6,5,6,4,6,4,5,4,6,5,6,5,6,5,6,5,6,5,6,5,6,4,6,4,6,4,6,4,6,4,6,4,6,4,6,4,5,2,3,4,5,5,6,5,6,4,6,5,2,5,6,1,0,1,0,1,0,1,0,2,3,1,0,3,4,1,0,1,0,1,0,3,4,1,0,1,0,1,0,2,2,2,2,2,2,2,2,4,3,4,5,5,4,4,4,4,4,4,1,2,15,2,5,1,2,0,2,5,5,5,4,4,4,4,4,4,5,4,4,2,4,4,4,4,4,5,5,4,4,4,5,5,4,4,5,5,5,4,5,4,4,2,1,2,2,2,2,2,1,2,2,4,3,3,3,2,4,6,5,7,6,5,6,4,5,1,53,4,1,1,1,52,7500,3500,0,23101,공인회계사 전산 개발 도입 기업 재정 감시 일이 다해,경영학
28175,4,5,3,4,3,4,2,3,4,5,4,5,3,4,3,4,2,3,5,7,3,4,3,4,3,4,2,3,1,0,3,4,2,3,2,3,3,4,1,0,4,5,4,5,2,3,2,3,4,5,3,4,5,7,5,7,4,5,4,5,3,4,2,3,5,7,4,5,4,5,4,5,2,3,5,7,4,5,5,7,5,7,5,7,2,3,2,3,4,4,4,3,3,3,4,4,3,4,4,4,4,6,1,5,1,2,0,3,2,4,4,4,4,4,3,3,3,4,4,4,3,3,4,2,2,3,3,4,4,5,2,5,4,4,5,4,4,5,4,4,5,4,2,2,2,2,2,2,2,2,2,2,3,2,2,2,1,7,8,6,9,5,2,8,5,2,1,45,4,1,1,1,40,4200,3000,0,140201,건설기계산업기사 기술사 건설안전산업기사 기술사 건설재료시험기능사 산업기사 건축 경기,건축학
28176,1,0,1,0,1,0,1,0,1,0,1,0,1,0,1,0,1,0,1,0,1,0,1,0,4,4,2,3,1,0,1,0,1,0,1,0,2,2,3,3,2,2,2,2,2,2,1,0,2,3,1,0,1,0,1,0,1,0,1,0,1,0,1,0,1,0,3,4,1,0,2,2,1,0,1,0,2,2,1,0,4,4,3,4,2,3,1,0,3,3,4,3,3,3,3,3,2,3,2,3,2,9,1,2,1,2,0,7,2,3,4,3,4,4,4,4,4,3,4,3,3,4,3,3,4,3,2,3,3,3,3,3,4,3,3,3,2,3,3,4,3,4,2,2,2,2,2,2,2,2,2,2,3,3,3,3,2,7,7,8,7,5,6,7,4,5,2,26,3,1,1,1,40,3000,2200,0,531401,양식조리기능사 현재 변화,호텔조리학
28177,1,0,1,0,1,0,1,0,1,0,1,0,1,0,1,0,1,0,4,5,1,0,1,0,4,5,4,5,4,5,1,0,1,0,1,0,1,0,3,4,1,0,1,0,1,0,1,0,1,0,1,0,1,0,1,0,1,0,1,0,1,0,1,0,1,0,1,0,1,0,1,0,1,0,1,0,1,0,4,5,5,6,4,5,4,5,3,4,4,4,2,3,4,2,3,2,3,2,4,4,4,14,1,2,2,2,0,1,2,2,2,2,2,2,3,2,2,3,4,3,4,2,2,3,3,1,2,3,2,4,4,4,2,3,3,4,3,3,2,2,3,3,2,2,2,2,2,2,2,2,2,2,1,3,3,3,2,9,6,5,4,7,5,7,5,4,1,27,3,1,1,1,40,2000,1800,0,541301,보급,체육학
28178,5,7,5,7,5,7,5,7,5,6,4,6,4,6,4,5,4,5,5,7,5,7,5,7,3,4,4,5,4,6,3,4,3,5,4,6,5,7,4,5,5,6,5,7,5,7,5,7,3,4,4,6,5,7,3,4,3,5,5,6,4,5,3,6,4,6,3,4,3,4,3,4,3,4,4,5,3,4,4,4,3,4,3,3,5,6,4,3,3,3,3,2,3,3,3,3,3,3,3,3,3,15,2,5,1,2,0,5,6,3,3,3,4,4,4,3,4,4,3,4,3,3,3,3,3,3,3,3,3,3,4,2,4,4,2,3,3,5,4,2,3,4,2,2,2,2,2,2,2,2,2,2,3,3,3,3,2,2,2,3,2,2,2,4,4,5,1,38,6,1,1,1,40,3900,3000,0,121105,박사학위 상태 유지,지리학
28179,4,6,3,5,2,2,2,2,3,4,4,4,2,4,2,2,3,3,4,4,2,4,2,2,1,0,2,4,1,0,4,3,1,0,1,0,2,2,1,0,4,4,3,3,4,3,1,0,2,3,3,3,4,6,5,5,3,5,2,3,3,2,3,4,3,5,4,4,2,4,2,3,3,3,2,3,4,4,1,0,1,0,1,0,2,3,1,0,3,5,4,4,5,3,5,3,5,4,4,3,5,3,1,2,1,2,0,2,4,4,5,5,4,4,5,5,4,3,3,5,2,5,4,3,3,5,2,4,4,3,4,4,5,5,3,2,4,4,3,5,5,4,2,2,2,2,2,2,2,2,2,2,3,3,3,3,2,4,2,3,4,4,6,4,8,7,1,56,5,2,5,1,40,0,0,5000,157101,식품산업기사 사람 수준 관심,식품영양
28180,3,4,4,5,3,4,3,4,3,3,4,5,1,0,3,4,3,4,3,4,3,4,3,5,4,4,3,4,4,4,3,5,3,4,3,4,2,4,3,4,4,5,3,4,4,4,1,0,1,0,1,0,2,4,1,0,1,0,1,0,1,0,3,4,3,4,3,4,4,4,4,4,3,4,1,0,1,0,3,4,1,0,1,0,3,4,3,4,4,4,4,3,3,3,4,3,4,3,4,4,3,3,1,2,1,1,3,3,5,4,3,4,4,4,3,3,4,2,3,3,4,3,3,4,2,3,2,3,2,3,4,4,3,4,2,3,4,4,3,3,3,3,2,2,2,2,2,2,2,2,2,1,4,3,3,3,2,6,5,6,4,6,4,7,4,5,1,38,4,1,1,1,40,3600,2900,0,158402,가스기능사 가스산업기사 안전교육 기업 자체 자율 안전 관리 증가,화학
28181,5,5,5,4,1,0,1,0,2,4,3,4,2,3,2,3,2,3,2,3,1,0,1,0,4,4,1,0,5,5,1,0,1,0,1,0,1,0,1,0,1,0,3,4,4,4,4,4,4,4,4,5,4,4,2,4,4,4,5,4,1,0,5,4,3,5,5,4,5,5,4,4,3,3,4,4,4,3,3,4,3,5,1,0,3,4,2,3,4,3,1,3,4,1,4,2,2,1,5,2,3,3,1,3,2,2,0,6,4,5,2,2,4,3,3,4,4,5,4,4,1,4,3,4,4,5,4,5,5,4,3,3,2,3,3,2,3,4,4,2,3,5,2,2,2,2,2,2,2,2,2,2,1,2,2,2,1,7,8,7,5,6,5,6,4,5,1,43,3,1,1,1,54,3200,2200,0,826301,경기 악화 침체,전기
28182,3,4,2,3,2,3,2,3,2,3,3,4,5,6,4,6,4,4,4,6,4,5,4,5,3,4,4,6,4,5,4,4,2,3,4,5,2,3,5,6,4,5,4,5,4,6,2,2,3,4,3,3,2,3,2,3,3,5,4,5,2,2,4,4,3,4,4,6,3,4,3,4,4,5,3,4,3,4,3,4,3,3,2,3,4,5,2,2,4,2,3,3,4,4,3,4,3,4,4,4,4,19,1,2,2,1,2,7,5,3,4,4,4,3,3,3,3,2,3,3,2,2,3,2,3,2,3,2,4,4,3,2,3,3,4,3,3,4,3,3,3,3,1,1,1,2,2,2,2,2,2,2,2,2,2,2,1,7,6,5,3,3,5,7,3,2,2,28,4,1,1,1,42,3200,2800,0,415404,일러스트 프로그램 캐드 시스템 변화 프로그램 개발 전문가,시각디자인
28183,3,5,4,5,2,3,2,3,2,3,2,3,1,0,3,4,1,0,2,3,2,3,3,4,3,5,3,5,3,4,3,3,3,5,3,4,3,4,4,5,5,5,3,3,4,5,3,5,3,5,3,5,4,4,3,5,4,5,4,5,2,4,3,5,3,4,4,5,5,6,4,5,3,4,4,4,4,4,3,5,3,4,2,4,2,3,2,3,3,4,3,3,3,2,3,3,2,2,3,2,4,10,1,6,1,1,3,3,4,5,3,3,4,3,3,3,2,3,4,3,2,4,4,4,5,4,5,4,5,3,4,5,4,5,4,5,5,5,4,4,4,4,2,2,2,2,2,1,2,2,2,1,4,3,3,3,1,9,8,9,2,2,1,8,2,2,1,28,3,1,1,1,40,2400,2000,0,136001,통신장비기사 수요자의 다양한 요청을 소화하기 위해 내부 교육이 3개월이상 필요하다 장비 기술 요청 소화 위해 교육 훈련 수요 고도 기술 장비 서비스 때문 기사 항상 대비,전기
28184,3,5,2,4,3,5,3,3,4,6,4,6,3,5,2,5,3,6,3,5,2,5,3,5,3,4,4,5,2,4,3,5,2,5,3,5,3,4,2,4,3,5,4,6,3,4,2,5,3,5,3,5,2,5,4,3,2,5,3,5,2,5,3,5,2,5,3,5,3,4,2,4,3,4,4,4,3,6,4,6,3,4,2,4,3,5,2,4,4,3,2,3,3,4,3,2,3,4,4,3,3,13,1,4,1,2,0,3,6,4,3,4,4,4,3,4,3,3,4,2,3,4,3,3,2,3,4,3,4,4,4,3,2,3,4,3,2,3,4,3,4,3,2,2,1,2,2,1,2,2,1,2,2,2,2,3,2,4,7,3,8,3,4,3,4,8,2,38,5,1,1,1,40,4000,3200,0,154104,화학분석기능사 업무 재교육 인공 지능,화학
28185,5,7,5,6,5,7,4,6,5,7,5,7,4,6,5,5,4,6,3,4,3,5,3,4,3,5,4,4,3,5,3,3,2,2,3,4,3,4,2,3,2,3,2,3,3,4,3,4,3,4,2,4,3,4,3,3,2,2,2,3,2,2,1,0,2,2,2,2,2,2,2,2,2,2,1,0,1,0,1,0,1,0,1,0,2,3,2,2,4,4,3,3,3,5,3,4,3,3,3,4,4,19,3,3,2,2,0,3,6,4,4,4,3,4,4,4,4,4,4,4,2,4,3,4,4,3,3,3,3,3,4,4,4,3,3,4,4,4,4,4,4,4,2,2,2,2,2,2,2,2,2,2,4,3,3,3,2,4,4,5,3,4,3,4,3,4,2,35,5,1,3,1,45,3000,2500,0,110102,과거 미래 예측,역사학
28186,1,0,1,0,1,0,1,0,1,0,1,0,4,4,1,0,1,0,1,0,1,0,3,4,4,5,1,0,1,0,1,0,1,0,1,0,1,0,1,0,1,0,1,0,1,0,1,0,1,0,1,0,1,0,1,0,1,0,1,0,1,0,1,0,1,0,3,4,1,0,4,5,1,0,5,5,1,0,1,0,5,6,4,5,5,5,3,4,3,3,2,3,3,2,3,4,2,3,2,3,2,9,1,2,1,2,0,6,2,2,2,1,2,4,2,2,3,3,4,2,3,3,3,3,4,2,3,4,2,4,5,4,3,4,3,4,4,3,3,2,3,3,2,2,2,2,2,2,2,2,2,1,4,2,2,3,2,8,5,7,4,7,4,6,5,6,1,27,3,1,1,1,60,3300,3000,0,531401,양식 조리사 자격증 양식 선호,양식조리학
28187,4,5,4,5,4,5,3,4,4,4,5,5,3,4,4,6,3,4,2,2,5,5,4,6,5,5,4,4,2,2,3,3,2,2,2,2,4,5,3,5,4,6,4,3,4,4,2,2,3,4,2,3,4,3,3,3,4,5,2,3,5,6,2,3,4,5,4,4,3,4,4,5,4,6,2,2,1,0,1,0,1,0,1,0,3,3,1,0,2,4,3,2,2,4,5,2,3,3,4,5,3,15,2,4,1,1,4,6,4,4,2,3,4,4,3,2,2,3,3,3,4,2,3,5,4,3,4,1,2,3,3,5,2,3,3,3,4,3,2,3,4,4,2,1,2,2,1,2,1,2,2,4,3,3,3,3,1,5,4,5,3,3,4,2,2,7,1,45,4,1,1,1,40,4300,2500,0,25301,국가공무원 소프트웨어 관리 이용 인적자원 배치 소프트웨어 교육 변화,정치외교학
28188,3,4,4,5,2,3,5,6,2,3,2,3,1,0,4,5,2,3,1,0,1,0,4,5,4,5,3,4,4,6,5,6,3,4,4,6,2,3,5,7,5,7,4,6,3,4,2,3,1,0,3,4,2,3,1,0,1,0,1,0,3,4,1,0,2,3,1,0,1,0,1,0,1,0,1,0,2,2,2,3,3,4,1,0,2,3,2,3,3,2,4,3,4,2,3,4,3,4,4,3,4,7,1,3,2,2,0,7,5,4,2,2,4,4,3,3,4,4,3,4,2,4,4,3,4,3,5,4,3,5,5,4,3,5,2,4,4,5,3,4,4,4,2,2,2,2,2,2,2,2,2,2,4,2,2,2,1,3,6,6,4,5,7,3,5,5,1,35,4,1,1,1,48,4700,2500,0,15101,판매 상품 다양 관리자 고용 지금,행정학
28189,5,6,5,6,5,6,5,5,5,5,5,5,5,6,5,6,5,5,5,6,5,5,5,5,5,5,5,6,5,4,5,6,5,6,5,5,4,5,4,5,4,5,5,5,5,6,5,5,4,5,5,5,5,5,5,6,5,6,5,5,5,5,4,5,5,5,5,5,4,6,4,5,4,5,4,5,4,5,5,4,4,5,4,5,4,5,4,5,4,4,2,4,4,2,4,2,4,4,4,4,3,3,1,2,1,2,0,7,5,4,4,4,4,4,3,4,3,4,4,4,2,4,4,2,4,3,4,4,4,4,3,4,4,5,3,4,4,4,4,4,4,2,2,2,2,2,2,2,2,2,2,2,3,3,3,3,2,8,7,5,2,2,3,8,5,5,1,43,4,1,1,1,40,6200,4000,0,151108,선체건조기능사 변화,조선공학
28190,5,6,5,6,5,5,5,5,5,5,5,5,5,6,5,6,5,6,5,5,5,5,5,5,5,6,5,6,5,4,5,6,5,5,5,5,5,5,4,4,4,4,5,6,5,5,5,5,4,6,4,5,4,5,5,5,5,5,5,5,5,5,4,5,4,5,5,5,4,5,4,5,4,5,4,5,4,5,5,4,4,4,4,5,4,5,4,4,4,4,3,3,4,4,4,2,4,4,4,4,4,3,1,2,1,2,0,7,5,5,4,3,4,4,3,3,3,4,4,4,2,4,3,4,4,3,4,4,4,4,3,5,4,4,4,4,5,5,4,4,5,4,2,2,2,2,2,2,2,2,2,1,3,3,3,3,2,8,5,3,7,5,6,7,8,5,1,34,4,1,1,1,40,4800,3600,0,151108,조선산업기사 변화,조선공학
28191,5,6,5,5,4,5,5,5,4,3,3,5,2,3,3,4,3,4,3,3,2,3,5,5,4,5,3,4,3,4,4,6,4,6,4,6,3,5,4,6,3,5,5,6,5,5,5,5,3,5,2,4,2,4,2,3,1,0,1,0,2,4,1,0,1,0,1,0,1,0,1,0,2,3,1,0,1,0,1,0,2,3,2,3,4,5,3,4,4,5,4,4,4,4,4,4,3,4,3,4,4,11,1,3,1,2,0,3,2,4,3,3,4,4,4,3,4,4,4,4,3,4,3,4,3,2,2,1,2,4,4,5,3,3,1,1,2,3,3,3,4,4,2,2,2,2,2,2,2,2,2,2,2,2,2,2,1,5,6,6,4,5,5,4,5,6,2,43,2,1,1,1,50,3200,2000,0,33202,보험설계사 국가 의료 지원 가능성,문과
28192,3,4,3,4,3,4,3,3,2,3,3,4,3,4,3,3,3,4,3,4,3,4,4,4,3,4,2,3,2,3,3,4,3,4,3,3,3,4,3,3,3,4,3,4,4,5,3,4,3,4,3,4,4,5,4,5,4,5,4,5,4,5,4,4,4,5,5,6,4,5,5,5,5,6,4,5,4,5,3,4,4,5,4,4,3,4,3,4,3,3,4,4,4,4,3,4,4,3,3,3,4,3,1,2,2,2,0,2,2,4,3,3,4,3,3,4,3,3,4,4,3,4,3,4,3,3,3,4,4,3,3,3,3,4,4,3,2,2,3,4,3,2,2,2,2,2,2,2,2,2,2,3,2,3,2,2,2,8,3,4,5,5,6,6,5,6,1,34,2,1,1,1,40,3500,3000,0,826401,중국산 수입 외국산 제품 수입 제품 가격 경쟁력 매우,공고
28193,2,3,2,3,2,2,3,4,1,0,1,0,3,3,2,2,3,3,3,4,2,1,4,6,4,4,2,3,3,3,3,3,2,1,2,2,4,4,3,3,3,4,2,2,2,2,3,3,3,2,2,2,2,1,1,0,3,4,3,2,3,3,1,0,3,2,1,0,1,0,1,0,1,0,3,2,3,3,3,4,2,2,3,3,4,3,3,3,2,5,2,3,4,4,5,3,3,2,4,3,4,16,5,2,1,1,4,4,4,3,3,3,4,3,3,3,3,2,5,3,2,5,3,2,4,4,2,3,2,4,4,4,4,2,3,3,4,5,4,2,4,4,2,2,2,2,2,2,2,2,2,1,4,3,3,3,1,6,7,5,6,3,4,4,8,7,2,31,4,1,1,1,40,3700,2800,0,212301,특수학교 1급 특수교육교사 훈련 사회 약자 대한 인식 증가,특수교육학
28194,4,4,3,4,3,3,3,3,2,2,3,3,2,2,4,4,3,4,3,3,3,4,3,4,4,4,3,3,4,4,3,3,1,0,2,2,4,4,3,4,3,4,2,2,3,3,2,2,2,2,1,0,2,3,2,3,4,3,3,4,2,2,3,4,5,4,3,3,3,4,4,3,1,0,4,3,3,4,3,3,4,4,3,4,3,4,3,3,2,4,2,2,3,2,2,3,3,2,3,4,3,3,1,3,2,2,0,2,2,4,4,3,4,3,2,3,3,2,3,3,3,4,4,3,3,5,4,3,3,3,3,5,4,4,4,4,3,4,4,4,5,4,2,2,2,2,2,2,2,2,2,2,3,2,2,2,2,9,8,7,5,8,8,8,6,5,1,45,2,1,1,1,50,4500,2500,0,825101,조선업 불황 일자리 당분간 변화,상고
28195,3,5,3,5,3,4,2,4,4,5,4,5,4,4,3,6,3,5,3,5,4,5,4,5,3,4,3,5,2,4,3,4,2,4,2,4,2,4,3,5,4,5,4,5,3,5,2,5,2,4,2,4,5,5,5,4,4,3,4,3,5,4,4,3,4,5,4,5,4,5,4,5,4,4,3,5,2,4,1,0,3,6,1,0,2,5,1,0,5,4,3,4,3,4,3,5,3,4,3,3,4,13,1,3,2,2,0,5,4,4,3,3,4,3,4,4,3,4,4,4,3,3,3,4,3,2,3,1,3,3,4,5,3,4,2,1,5,5,3,3,4,5,2,1,2,1,2,2,2,2,2,1,3,3,3,3,1,3,4,1,8,6,5,2,3,5,2,29,4,1,1,1,44,3200,2500,0,133201,상세 설계 단위 프로그램 재개발 디지털 시장 증가,교육학
28196,4,5,4,5,4,5,4,4,3,4,3,4,3,4,2,4,2,4,4,4,4,4,3,4,3,4,3,4,3,4,4,4,3,4,3,3,3,4,3,4,3,3,4,4,3,4,3,3,4,4,3,4,3,4,3,4,3,3,2,3,3,4,3,3,2,3,4,4,3,3,2,3,4,5,3,5,3,4,3,4,2,3,3,3,3,4,3,3,4,4,3,4,4,3,3,4,4,3,3,4,3,3,1,2,2,2,0,3,5,4,3,3,4,4,4,4,5,5,4,4,3,4,3,4,4,3,3,3,4,3,3,3,4,4,3,3,3,4,3,3,3,3,2,2,2,2,2,2,2,2,2,2,2,2,2,2,1,4,6,5,7,6,6,6,5,6,1,37,4,1,1,1,40,4800,3000,0,154102,기술 개발,화학공학
28197,5,5,4,5,4,6,2,3,3,5,4,5,3,3,3,3,3,3,3,4,3,3,3,4,4,5,3,5,2,3,2,2,3,3,2,3,2,2,2,3,4,4,3,4,3,3,2,3,4,4,3,3,3,4,2,3,3,4,2,3,3,3,3,4,2,3,3,3,2,2,4,5,2,2,2,3,2,3,2,3,1,0,1,0,2,3,2,3,4,4,4,4,3,2,3,3,4,4,4,3,4,3,1,3,2,2,0,3,5,3,3,3,3,3,4,3,2,2,2,2,3,2,3,2,3,2,3,4,3,5,4,5,3,3,4,3,3,4,2,4,3,3,1,2,1,1,2,2,1,2,1,1,4,3,3,3,2,3,4,5,3,4,4,7,6,7,2,44,4,1,1,1,40,4800,3200,0,154104,화장품 품질 기능 개선 연구 새로이 의약품 화장품 품질,화학
28198,4,6,4,6,4,5,5,6,4,5,4,5,2,2,3,3,4,5,2,3,3,4,4,5,3,4,5,7,5,6,4,6,4,5,4,5,4,5,5,6,4,5,4,5,4,5,3,5,2,2,4,5,3,3,2,2,2,2,2,2,3,3,1,0,2,2,1,0,1,0,1,0,3,3,1,0,1,0,2,2,1,0,1,0,2,2,2,2,4,4,2,4,4,3,4,2,2,4,3,3,3,11,1,6,1,1,4,7,5,5,4,4,4,4,3,4,3,3,4,4,3,3,4,3,4,2,2,4,3,4,2,3,4,3,4,4,3,3,4,3,3,4,2,1,1,1,1,1,2,1,1,4,1,1,1,3,1,5,5,4,4,4,3,3,4,5,2,51,4,1,1,1,47,13000,5000,0,12401,펀트투자권유대행인 파생상품투자권유대행인 변액보험상품권유인 사내 집합교육 사이버 연수 교육 계속 태블릿 도입 방법 교육 필요 발전 비대 거래 중심,행정학
28199,5,6,5,5,4,4,3,5,3,4,4,5,3,5,4,5,3,5,3,5,3,4,4,5,3,4,4,5,5,6,5,7,4,5,5,5,5,6,3,4,4,4,3,5,3,5,4,5,3,4,4,4,4,5,4,5,3,4,4,4,3,4,4,4,4,6,5,7,5,6,5,6,4,5,4,6,3,4,4,5,4,5,4,4,3,4,4,6,3,3,3,4,3,4,4,3,3,3,4,3,4,15,2,5,1,2,0,5,7,3,3,3,4,5,4,3,3,4,4,3,3,3,4,3,3,3,4,4,3,4,4,3,3,3,4,4,3,4,3,4,4,4,2,2,2,2,2,2,2,2,2,2,3,3,3,3,2,1,6,7,7,7,5,3,5,5,2,48,6,1,1,1,40,5500,3000,0,122104,박사학위 상태 유지,생물공학
28200,4,6,4,6,4,6,4,6,4,6,4,5,4,5,4,4,3,5,3,3,3,5,4,6,4,5,3,3,4,5,3,4,2,3,2,3,4,5,3,5,3,5,3,4,3,4,2,3,1,0,3,4,1,0,1,0,1,0,1,0,3,4,2,2,2,2,1,0,1,0,1,0,3,4,1,0,1,0,1,0,1,0,1,0,2,3,2,3,5,4,3,3,4,4,4,4,4,4,5,3,4,16,5,5,2,2,0,6,7,4,4,4,4,3,3,4,4,5,5,4,3,3,3,3,4,3,4,3,3,3,3,3,3,4,4,3,4,4,4,3,3,4,2,2,2,2,2,2,2,2,2,2,3,3,3,3,1,6,4,8,7,7,7,7,7,6,2,45,5,1,1,1,45,5500,4000,0,110104,상태 유지,교육학
28201,4,5,4,4,4,5,4,5,4,5,4,6,5,5,4,5,4,5,4,5,4,5,4,6,4,5,4,5,4,5,4,5,4,5,4,5,4,6,4,5,4,5,4,6,3,5,4,5,4,5,4,5,4,5,3,4,4,5,3,4,4,5,4,5,4,5,2,3,2,2,2,2,4,5,2,3,2,3,4,5,3,4,3,4,4,5,4,5,4,4,4,4,4,4,2,2,2,4,4,4,4,16,5,2,1,2,0,1,4,4,2,1,4,4,3,2,3,3,4,3,2,4,4,2,3,2,3,3,4,3,3,4,4,3,2,3,4,4,3,2,4,5,2,2,2,2,2,2,2,2,2,2,2,2,2,3,2,5,6,7,4,5,4,4,6,6,2,34,4,1,1,1,48,3000,2150,0,213001,유치원 정교사 자격증 인구 감소,유아교육
28202,4,5,5,6,5,6,4,5,4,6,4,5,4,5,4,5,4,6,3,5,4,4,4,5,4,5,4,6,4,5,4,5,3,5,4,4,4,5,4,4,4,5,4,4,4,5,4,4,4,4,3,4,4,4,4,5,4,4,4,5,3,4,4,4,4,5,4,4,3,4,4,4,4,5,3,5,4,4,3,4,3,5,3,5,4,4,4,4,5,4,4,4,5,4,5,4,5,5,4,5,4,15,2,5,1,2,0,7,4,4,4,4,5,5,4,5,5,4,4,4,2,4,3,4,3,3,4,1,4,3,4,4,2,2,3,4,4,5,4,3,5,5,2,2,2,2,2,2,2,2,2,2,4,3,3,3,2,6,5,5,4,4,5,4,5,5,1,38,5,1,1,1,50,5400,3600,0,155106,원자력발전기술사 지속 정부 정책 정책 변화,방사선학
28203,4,4,3,4,4,5,4,5,1,0,4,5,1,0,1,0,1,0,1,0,1,0,1,0,4,4,4,5,4,4,1,0,1,0,1,0,1,0,2,3,3,4,3,4,1,0,1,0,1,0,1,0,1,0,1,0,1,0,1,0,3,4,1,0,1,0,1,0,1,0,1,0,1,0,1,0,1,0,1,0,1,0,1,0,2,2,1,0,4,3,4,3,4,3,3,3,4,3,4,4,4,11,1,3,2,2,0,3,5,3,3,4,4,3,4,4,4,5,5,4,2,3,4,4,3,4,3,4,3,3,4,4,3,3,4,3,4,5,4,3,4,4,2,2,2,2,2,2,2,2,2,1,3,2,2,3,2,8,6,5,4,5,6,7,5,6,1,35,4,1,1,1,40,4200,3500,0,32302,상황 유지,일어일문
28204,1,0,1,0,1,0,1,0,1,0,1,0,1,0,1,0,1,0,1,0,1,0,1,0,3,4,1,0,1,0,1,0,1,0,1,0,1,0,1,0,1,0,4,5,1,0,1,0,1,0,1,0,4,5,3,4,4,5,4,5,1,0,1,0,3,5,3,4,4,5,4,6,1,0,1,0,1,0,1,0,4,5,1,0,1,0,1,0,4,5,3,4,4,2,4,4,2,3,5,4,3,13,1,2,1,1,1,7,5,4,4,4,4,4,4,4,4,4,4,4,2,4,3,4,2,1,3,3,2,4,4,4,3,4,3,3,4,4,2,4,3,4,2,2,2,2,2,2,2,2,2,1,2,2,2,2,1,7,8,7,4,3,7,7,3,4,1,38,4,1,1,1,40,4800,2500,0,831301,전기안전기사 전기에 대한 전반적인 현장 점검 전기 신규 포설 공사 점점,전기공학
28205,5,6,5,7,5,7,3,4,2,2,2,2,5,7,3,4,5,7,3,4,2,2,3,5,3,3,3,3,1,0,1,0,2,3,3,3,1,0,1,0,3,4,3,5,3,3,1,0,1,0,2,2,1,0,1,0,1,0,1,0,2,4,1,0,1,0,1,0,1,0,1,0,1,0,1,0,1,0,2,3,3,5,2,3,3,4,2,4,4,3,3,2,4,2,2,4,3,4,4,3,4,18,4,1,2,2,0,7,1,4,3,3,2,4,3,2,9,9,9,2,3,3,3,3,4,4,4,3,4,4,3,4,5,4,4,3,4,4,5,3,4,4,2,2,2,2,2,2,2,2,2,2,3,2,2,2,2,7,4,8,3,7,9,7,9,8,1,49,4,1,4,2,30,2200,1500,0,411103,영화 방송 발전 가능성,국문학
28206,4,4,4,4,2,3,3,4,3,3,3,4,3,3,2,2,3,3,3,3,3,3,3,3,2,1,3,4,4,4,3,4,3,4,2,2,2,2,2,3,3,2,2,3,3,4,2,3,2,2,3,4,1,0,1,0,1,0,1,0,2,3,2,3,1,0,1,0,1,0,1,0,3,4,2,2,3,3,2,2,3,3,3,2,3,4,3,4,4,3,3,4,3,2,4,4,3,4,3,3,3,17,4,1,1,2,0,7,5,4,4,4,4,4,3,4,3,3,3,3,2,3,3,3,4,4,3,3,4,4,4,5,3,4,4,3,4,4,3,4,4,4,2,2,2,2,2,2,2,2,2,2,2,2,2,2,1,7,6,5,4,5,4,4,6,5,1,57,4,2,6,1,40,0,0,5600,303002,한약사자격증 컴퓨터 인터넷 매체 민간요법 활성화 정보,한약학
28207,1,0,3,4,1,0,2,2,1,0,1,0,2,2,1,0,2,3,3,4,1,0,1,0,3,3,3,4,2,1,3,3,2,2,1,0,2,2,3,3,3,4,3,4,1,0,1,0,1,0,1,0,1,0,1,0,1,0,1,0,1,0,1,0,1,0,1,0,1,0,1,0,1,0,1,0,1,0,2,2,2,1,3,3,3,3,2,2,3,4,3,2,3,4,3,2,4,2,2,2,4,14,1,3,1,2,0,7,2,2,1,2,4,3,4,3,9,9,4,3,2,3,2,3,2,4,3,3,4,2,4,3,1,2,3,3,3,3,2,1,3,3,2,2,2,2,2,2,2,2,2,1,4,1,2,3,1,6,6,5,5,4,5,5,4,5,1,59,2,1,1,1,53,2800,2000,0,562301,운전면허 주차장 관리 전문 업체 증가,공업고 전자
28208,3,4,3,5,2,5,2,3,3,4,4,5,2,4,2,4,2,4,2,3,3,4,2,4,2,3,3,5,2,3,2,3,2,3,2,2,2,2,3,4,3,5,3,4,2,3,2,1,2,1,2,2,2,4,3,4,3,4,3,4,3,4,3,4,3,4,2,2,2,2,2,2,2,2,2,2,2,2,2,2,2,2,2,2,2,2,2,1,3,4,3,3,3,4,3,3,3,3,3,3,3,14,1,2,1,2,0,4,4,3,3,2,3,4,3,3,3,3,3,3,2,3,3,3,4,3,4,2,3,4,3,5,3,3,2,2,3,4,3,3,5,4,2,2,2,2,2,2,2,2,2,2,4,3,3,3,2,4,4,4,5,4,4,6,4,4,1,47,4,1,1,1,40,4800,3300,0,133901,ISTQB CSTS 제품 수요 증가,컴퓨터공학
28209,3,3,3,3,2,2,2,2,3,3,3,3,3,3,3,3,2,2,3,4,3,3,3,3,3,3,3,3,1,0,2,2,2,2,3,3,2,2,3,3,3,3,3,3,3,4,3,4,3,3,2,2,4,4,4,4,3,4,3,4,3,3,3,3,3,4,3,4,3,4,3,3,3,3,3,4,3,3,3,4,2,2,2,2,3,3,1,0,4,3,4,4,4,3,3,3,3,4,3,3,3,13,2,2,1,1,3,4,5,4,4,3,3,4,3,4,3,3,4,3,3,4,3,2,3,4,4,2,3,3,3,3,4,4,4,4,3,3,4,4,3,3,1,2,1,1,2,2,2,2,2,2,4,1,2,2,1,5,6,4,5,5,4,5,4,5,1,55,5,1,1,1,45,4800,3000,0,155203,전기 전자기사 자격증 전반적 기계 사용 시스템 변화 환경 에너지 중요,에너지공학
28210,4,6,3,6,4,6,4,6,4,5,4,6,4,6,4,5,4,6,4,6,4,6,4,6,4,5,4,6,4,5,4,6,4,6,4,5,4,5,4,5,4,6,4,5,4,6,4,5,4,5,4,6,4,5,4,5,4,6,4,5,4,5,4,5,4,6,4,6,4,6,4,6,4,5,4,6,4,6,4,5,4,6,4,5,4,5,4,6,3,2,3,3,2,3,4,4,4,3,4,3,3,18,4,2,2,2,0,7,2,4,3,3,4,4,3,4,5,4,4,4,2,4,4,4,3,4,3,3,3,3,4,4,3,3,3,3,4,3,4,4,4,3,2,2,2,2,2,2,2,2,2,1,3,2,2,2,1,8,7,7,7,7,7,8,7,7,2,28,2,2,6,1,40,0,0,4500,416201,기계 대체 불가,방송연예
28211,3,3,4,5,2,1,2,2,2,1,3,3,2,2,2,1,4,5,2,3,2,1,3,4,4,4,2,2,3,3,3,4,3,3,2,2,2,2,4,5,4,4,3,4,3,3,2,2,2,3,2,2,2,1,2,1,2,2,2,2,2,1,3,3,4,5,2,3,2,2,2,3,2,2,2,1,2,1,2,1,4,5,3,4,2,1,1,0,3,1,3,2,1,2,3,2,2,1,1,1,3,14,1,3,2,2,0,7,2,3,2,1,3,3,2,3,2,3,4,3,3,2,2,3,1,2,4,3,1,4,3,3,2,3,2,3,2,3,2,3,3,3,2,2,2,2,2,2,2,2,2,3,3,2,2,3,2,7,6,7,4,3,5,4,4,5,1,48,2,1,1,1,54,3500,2000,0,561201,일이 업종,전기
28212,4,5,4,6,2,3,4,6,3,4,2,3,1,0,5,6,3,4,3,3,2,3,3,5,4,6,4,5,4,6,4,6,4,5,3,5,3,3,4,5,4,4,4,6,3,4,1,0,1,0,1,0,2,3,2,3,3,4,3,3,3,6,3,3,3,4,3,3,2,2,2,3,3,4,3,5,3,4,2,2,1,0,2,4,2,4,3,3,4,5,3,3,5,3,4,3,3,4,4,3,4,17,1,2,1,2,0,1,5,4,4,3,5,4,4,3,2,4,4,4,4,3,4,4,3,3,4,2,3,2,2,4,4,3,4,4,3,4,4,3,4,4,2,2,2,2,2,2,2,2,2,2,4,3,3,3,1,6,5,5,4,4,4,6,4,5,2,49,4,1,1,1,40,5000,3000,0,306601,임상심리사2급 사회 문제 증가,심리학
28213,3,5,4,4,3,4,3,5,3,5,4,5,3,5,3,4,4,5,3,4,3,4,3,5,3,4,3,5,4,5,3,4,4,5,3,5,3,4,3,4,3,4,3,3,3,3,4,4,3,2,3,4,2,3,1,0,1,0,1,0,4,4,1,0,2,2,1,0,1,0,1,0,2,3,1,0,2,2,2,3,2,2,1,0,2,4,3,3,4,4,3,3,3,3,4,3,3,3,3,4,4,15,2,2,1,2,0,7,5,3,3,3,2,3,3,3,3,3,3,3,3,3,3,5,4,3,4,2,3,3,4,4,3,3,3,3,4,5,4,3,5,4,2,2,2,2,2,2,2,2,2,1,4,3,3,3,2,7,7,7,7,7,7,7,7,7,1,35,4,1,1,1,48,5000,3000,0,25401,사회복지사 수요 증가 행정 업무 증가,행정학과
28214,4,5,4,4,4,3,4,3,3,4,3,4,2,4,4,4,4,4,3,4,2,4,4,3,4,4,1,0,3,4,3,4,4,4,2,3,3,4,4,4,4,3,4,4,3,4,1,0,1,0,1,0,3,4,1,0,4,4,5,3,3,3,1,0,4,3,5,6,5,4,5,5,1,0,3,4,4,4,3,4,3,4,3,4,3,4,3,3,4,4,3,2,4,1,5,5,3,5,4,5,3,15,2,2,1,1,1,2,2,4,4,3,4,4,3,2,3,2,3,3,3,3,3,4,5,2,3,2,2,4,2,4,3,3,4,2,3,4,4,3,5,5,2,2,1,2,2,2,2,2,2,3,1,1,1,3,2,8,8,6,5,4,6,7,4,6,1,29,2,1,1,1,40,4000,3500,0,307101,1종 대형 면허 응급구조사 전문 장비 교육 장비 보급 자동화 전문 분야 장비 도입,인문계
28215,2,3,3,4,1,0,3,4,2,3,2,3,3,5,2,3,2,3,2,3,2,3,3,4,2,3,1,0,3,4,2,3,2,3,2,3,2,3,3,4,2,3,2,3,2,3,2,3,2,3,1,0,2,3,1,0,2,3,1,0,1,0,1,0,2,2,2,3,2,2,2,2,1,0,3,5,2,3,2,3,3,4,3,4,3,4,3,4,4,3,3,3,3,2,3,4,3,3,4,3,4,19,4,1,1,2,0,1,2,3,4,3,4,4,3,3,3,3,4,3,3,4,4,4,4,4,3,2,2,3,2,4,3,4,4,4,3,4,4,3,4,4,2,2,2,2,2,2,2,2,2,1,2,2,2,2,2,6,5,5,3,3,5,4,4,3,2,47,2,1,4,1,48,2400,2000,0,511301,피부관리사 장기 경제 불황,인문계
28216,3,3,3,3,2,1,3,3,1,0,1,0,1,0,3,2,3,2,3,3,3,3,3,3,3,3,1,0,3,4,3,3,1,0,1,0,1,0,1,0,2,2,3,2,3,3,2,3,3,3,3,3,2,3,3,3,3,4,2,3,1,0,3,2,2,3,3,3,3,3,3,3,3,3,3,3,2,3,3,3,2,3,2,3,2,2,2,2,3,3,3,2,3,2,2,3,2,2,2,2,2,1,4,1,2,2,0,7,1,2,1,1,4,2,2,2,9,9,9,3,3,4,3,3,2,4,3,3,4,4,3,4,3,2,2,2,4,5,2,3,5,4,2,2,2,2,2,2,2,2,2,2,2,3,3,3,2,7,8,8,3,2,5,4,5,5,2,74,1,2,7,2,50,0,0,3000,901201,기계로 대체,0
28217,2,2,2,3,2,2,2,2,3,3,2,2,3,3,3,3,2,3,3,3,1,0,2,3,2,4,1,0,3,2,2,2,1,0,1,0,1,0,3,2,2,3,2,3,3,3,1,0,2,2,1,0,1,0,1,0,1,0,1,0,1,0,2,3,2,3,1,0,1,0,2,2,1,0,3,2,1,0,1,0,2,3,2,3,3,4,2,2,3,3,2,4,5,3,4,3,2,4,2,2,3,3,1,2,1,2,0,5,4,4,4,4,4,3,3,4,5,5,4,4,4,4,4,4,5,4,4,4,4,3,4,4,4,5,4,3,4,4,4,4,4,3,2,2,2,2,2,2,2,2,2,2,3,3,2,2,2,7,3,4,2,3,6,4,3,4,2,24,3,1,1,1,40,2500,2400,0,871101,제과기능사 제빵기능사 인력 증가 상태,식품영양학
28218,3,4,3,4,2,2,4,5,2,3,2,3,1,0,2,2,2,3,2,2,1,0,2,3,2,2,2,2,2,3,3,4,3,4,3,3,2,3,3,4,2,3,2,3,2,2,2,2,2,2,1,0,1,0,1,0,1,0,1,0,2,3,2,3,1,0,1,0,1,0,1,0,1,0,1,0,1,0,2,2,3,3,2,2,2,3,2,2,4,3,2,4,3,2,3,2,3,2,2,1,3,3,1,2,2,1,1,1,2,3,2,2,3,3,4,4,4,4,4,4,2,4,4,2,3,2,2,3,4,4,2,4,2,3,3,3,3,4,3,3,4,4,2,2,2,2,2,2,2,2,2,2,2,3,2,2,1,4,4,4,5,6,6,3,3,6,2,54,4,1,3,2,40,2400,2000,0,615601,사내제품에 대한 교육 코로나 대면 판매 감소,경영
28219,3,4,4,4,4,3,4,5,1,0,3,4,4,5,3,4,3,3,2,2,3,3,5,6,4,5,4,5,4,5,3,4,3,4,1,0,5,5,5,6,2,2,2,2,3,4,3,3,2,2,1,0,3,4,1,0,4,4,1,0,2,2,1,0,1,0,1,0,1,0,1,0,2,3,4,4,3,3,1,0,2,2,3,4,4,4,3,2,4,4,3,3,4,3,3,4,4,3,4,4,3,13,1,2,1,2,0,2,5,4,3,3,4,4,3,3,2,3,3,3,2,4,5,3,4,4,3,2,4,2,3,4,4,3,3,4,4,4,4,3,3,4,2,2,2,2,2,2,2,2,2,1,3,2,2,2,2,3,7,7,6,8,7,7,6,7,2,34,5,1,3,2,32,2400,2100,0,306904,미술치료사 자격증 아동 청소년 정서 문제 치료 필요 예술 통한 접근 치료 효과 일자리 유지,미술교육학
28220,3,4,3,5,4,5,4,5,4,5,4,5,3,4,3,4,3,4,4,5,3,4,3,5,3,5,4,5,3,4,4,5,4,5,3,5,4,5,4,6,4,5,3,5,3,5,4,4,3,5,4,7,4,5,3,5,3,5,3,4,3,5,3,5,4,4,3,3,3,4,3,4,3,4,3,5,3,5,3,4,3,4,3,2,4,3,3,3,4,4,4,3,4,4,5,4,4,4,3,4,4,1,1,2,1,2,0,3,5,4,4,4,5,4,2,4,9,9,4,4,2,5,3,4,3,3,3,3,4,4,4,4,3,3,3,3,4,4,4,4,4,4,2,2,2,2,2,2,2,2,2,2,3,2,2,2,1,7,7,7,7,7,6,6,6,6,1,68,4,2,5,1,40,0,0,1300,901401,농기계운전기능사 농업 향후 유지,농업
28221,3,5,3,5,2,2,3,4,1,0,1,0,1,0,3,4,3,4,3,4,1,0,2,3,4,3,1,0,3,4,3,4,3,5,1,0,2,2,3,4,3,4,4,5,3,2,1,0,1,0,1,0,1,0,1,0,2,2,1,0,1,0,1,0,2,3,2,3,1,0,1,0,1,0,1,0,3,3,3,4,3,4,3,4,3,4,3,4,3,3,2,2,3,1,1,2,2,2,3,3,2,14,1,2,2,2,0,2,1,3,2,2,4,4,2,3,2,3,4,3,4,3,2,3,3,3,4,2,3,2,3,5,3,3,2,2,3,5,3,3,3,5,2,2,2,2,2,2,2,2,2,2,2,3,3,3,2,8,7,6,7,5,6,6,3,4,1,38,3,1,1,1,40,2600,2000,0,542001,경기 침체 건물 빌딩 일자리,전기
28222,4,4,4,5,3,4,4,5,2,2,3,4,4,5,4,5,3,4,4,5,3,4,3,4,3,4,4,4,3,4,3,4,4,5,4,5,3,4,4,5,4,5,4,5,3,4,4,5,4,5,3,4,3,4,3,4,2,2,2,2,3,4,4,5,4,5,2,2,1,0,1,0,3,4,5,5,4,5,3,4,4,4,3,4,4,4,3,4,4,4,3,3,3,4,4,4,4,3,3,4,3,11,1,2,1,2,0,3,4,4,4,3,4,4,4,5,4,4,5,4,2,3,3,2,2,3,3,4,3,2,2,3,3,4,4,3,3,4,4,4,4,2,2,2,2,2,2,2,2,2,2,2,2,3,3,3,2,6,3,3,4,5,4,3,4,5,2,40,3,1,1,1,40,4800,3000,0,31302,전산회계 투자자산운용사 경기 침체,경영학
28223,2,3,3,5,2,4,4,5,1,0,2,2,1,0,2,3,3,4,2,3,2,3,1,0,4,5,1,0,4,5,5,5,3,3,3,3,2,3,4,4,4,3,1,0,1,0,1,0,1,0,1,0,1,0,1,0,2,3,2,2,2,1,1,0,2,3,3,3,3,3,3,3,1,0,1,0,4,4,2,3,3,3,2,2,4,4,2,3,1,2,2,2,1,2,1,1,2,1,4,3,1,3,1,2,2,2,0,5,2,3,1,1,3,2,2,2,3,3,3,3,4,3,3,2,3,2,3,4,3,4,2,4,4,3,2,3,3,3,2,3,4,4,2,2,2,2,2,2,2,2,2,2,3,3,3,3,2,7,7,8,8,7,7,7,8,7,1,43,2,1,1,1,40,2300,1800,0,542001,생활수준 향상 안전 서비스 인력 변화,경호학
28224,4,5,5,7,4,5,4,5,2,2,2,3,2,1,3,3,4,5,4,4,3,2,4,5,5,4,4,6,4,4,2,2,4,5,2,2,4,5,2,2,4,5,3,3,4,6,5,5,2,3,4,5,4,3,1,0,1,0,1,0,2,2,3,4,2,1,1,0,1,0,1,0,4,4,1,0,1,0,2,3,2,2,1,0,2,1,2,1,5,4,4,5,4,5,4,4,3,5,4,5,3,16,5,4,2,2,0,2,7,4,2,3,4,5,3,4,9,9,5,4,4,4,4,4,3,5,4,4,5,5,4,5,4,4,5,4,5,5,5,4,5,4,2,2,2,2,2,2,2,2,2,2,3,2,2,3,1,7,6,6,4,5,3,4,6,5,1,57,6,1,1,1,40,9000,8600,0,13204,직책 고정 유지됨,국문
28225,5,6,4,5,4,4,4,5,4,5,3,4,3,4,4,5,4,5,4,6,4,5,4,4,3,4,2,4,2,5,3,4,1,0,2,5,5,5,4,5,5,5,3,5,4,4,1,0,1,0,2,4,3,4,1,0,4,5,5,6,2,4,5,5,5,6,5,5,5,5,5,5,2,5,4,4,4,6,3,4,4,5,5,4,4,5,4,5,3,4,2,3,4,2,3,4,3,5,3,4,4,13,1,3,1,1,2,4,5,5,4,3,3,4,2,5,4,3,4,4,2,4,1,3,2,2,3,4,2,3,3,4,4,3,4,4,4,3,2,2,3,5,2,1,1,2,2,2,2,2,2,2,3,3,2,2,2,7,8,8,7,8,9,3,5,6,1,36,4,1,1,1,40,3600,3000,0,158501,방사선비파괴 초음파비파괴 침투비파괴 초음파 빅데이터 응용 업무 특성 기복,금속공학
28226,4,4,3,3,4,5,3,3,4,5,5,5,4,6,3,6,4,3,3,5,4,3,2,5,4,5,4,7,3,4,1,0,1,0,3,3,4,5,2,3,4,3,4,3,3,4,2,3,3,2,4,5,3,4,1,0,4,6,3,4,4,3,4,2,3,4,3,5,4,2,5,3,3,4,4,3,3,4,3,3,2,4,3,6,4,3,4,5,4,5,4,3,5,2,5,3,2,4,3,4,4,8,2,4,1,1,2,2,2,4,3,4,4,4,3,3,3,4,4,4,2,4,4,4,4,3,5,2,5,4,1,5,4,5,2,2,4,4,3,4,4,4,1,1,1,1,1,1,2,2,1,2,1,2,2,2,1,1,7,6,4,5,4,7,3,5,1,50,4,1,1,1,40,4800,4200,0,831101,전기기능사 안전교육 기계 발달 산업 기술 기계 발달,전기공학
28227,2,2,2,3,2,2,2,2,4,5,4,5,4,5,4,5,4,5,4,5,4,5,4,5,4,5,4,5,4,5,4,5,4,5,4,5,3,4,4,5,4,5,4,5,4,5,4,5,3,4,3,4,4,5,3,4,4,4,3,4,3,4,4,5,4,5,3,4,4,6,3,4,3,4,4,5,4,5,4,5,4,5,4,5,4,5,4,5,4,4,3,4,4,3,3,4,4,4,3,3,4,6,1,3,1,2,0,6,5,3,2,2,3,3,2,3,3,4,3,3,3,4,4,4,4,3,4,4,3,3,3,4,4,4,3,3,4,4,4,3,4,3,2,2,2,2,2,2,2,2,2,2,3,3,3,3,2,4,3,4,5,3,4,3,4,7,1,63,3,1,3,1,36,4700,3500,0,705901,화약류관리기술자 광산 지하공간 화약 폭발,자연공학
28228,5,6,5,6,5,6,3,6,3,5,5,6,4,6,4,5,3,4,4,6,5,6,4,6,5,6,4,5,4,6,4,5,3,5,3,4,4,5,2,4,4,5,4,5,4,5,3,5,2,4,3,5,2,2,1,0,2,3,1,0,2,4,1,0,2,4,1,0,1,0,1,0,3,4,1,0,2,4,2,4,4,5,2,3,3,5,3,4,4,4,5,4,5,4,5,4,4,4,4,5,5,10,1,4,1,2,0,5,5,4,4,4,4,4,4,4,4,4,4,4,3,4,4,4,4,4,4,2,3,5,5,5,4,4,3,4,4,4,4,4,5,4,2,1,2,2,2,2,2,2,2,2,3,1,1,1,1,3,3,4,5,4,5,5,6,6,1,39,4,1,1,1,50,4800,3500,0,412002,한국어검정능력 자격증 편집 프로그램 도입 케이블 채널 증가,국제학
28229,2,3,3,4,3,4,4,6,2,2,2,3,1,0,2,2,3,4,1,0,1,0,3,3,2,2,2,3,3,4,4,5,2,2,3,4,2,3,4,5,4,5,2,3,3,3,2,2,2,3,3,4,1,0,1,0,1,0,1,0,3,3,2,3,2,3,1,0,1,0,2,2,2,3,1,0,2,2,2,2,2,4,1,0,2,3,2,3,5,4,2,3,4,3,3,5,3,3,4,3,5,9,1,2,1,2,0,6,5,4,3,3,5,4,3,4,3,3,4,3,2,3,3,3,3,1,2,5,3,4,3,5,2,3,4,4,3,4,3,4,5,4,2,2,2,2,2,2,2,2,2,1,3,3,2,2,2,3,6,5,3,2,3,7,5,4,1,48,4,1,1,1,44,6000,4300,0,14103,호텔관리사 여행객,경영
28230,4,2,2,4,2,1,4,4,2,2,5,3,4,5,4,4,5,3,4,3,2,2,3,2,4,1,4,3,2,1,4,2,2,1,1,0,1,0,2,2,3,1,4,3,2,2,3,2,4,3,1,0,5,3,4,3,5,2,4,1,1,0,4,2,5,3,4,1,5,3,4,3,4,2,5,3,4,3,4,2,2,4,5,4,2,4,2,3,3,1,1,4,3,2,4,4,2,3,2,2,4,18,4,1,1,2,0,4,4,4,2,2,4,4,5,3,4,4,3,4,4,3,4,2,3,3,4,4,5,3,4,4,4,5,3,4,4,5,5,2,4,3,2,2,2,2,2,2,2,2,2,1,3,2,2,2,2,6,5,7,7,5,7,3,4,3,2,43,5,2,6,1,42,0,0,5000,884101,도자기공예기능사 문화 수준 향상 부가가치 사업,도예
28231,3,5,4,5,3,5,4,5,3,4,4,5,1,0,4,6,3,5,4,5,2,4,3,4,3,4,2,3,4,5,4,6,4,5,4,5,3,5,3,4,4,4,4,5,4,4,1,0,1,0,4,6,4,6,1,0,4,5,3,5,3,5,3,6,3,4,3,4,3,4,3,4,1,0,2,3,3,4,2,3,4,5,3,4,3,5,3,5,4,4,4,3,3,2,2,4,2,4,3,4,4,13,1,2,1,1,2,6,4,3,1,1,2,3,2,3,3,3,4,3,4,2,2,3,2,3,1,1,4,4,2,4,2,3,3,3,2,4,3,3,4,3,2,2,2,2,2,2,2,2,2,1,3,3,3,3,2,7,7,7,7,6,7,8,6,6,1,37,3,1,1,1,50,4500,2800,0,158501,방사선비파괴기사 초음파비파괴기사 자기비파괴기사 현장의 안전사항 확보 장비 사용법 습득 검사절차에 대한 이해 검사결과에 대한 판단 관련 업계 차이,컴퓨터하이테크
28232,2,2,2,3,1,0,4,5,3,4,1,0,1,0,3,4,2,3,1,0,2,2,2,2,2,2,3,4,2,3,3,3,1,0,1,0,2,2,4,5,3,4,2,3,3,3,1,0,1,0,1,0,1,0,1,0,1,0,1,0,2,2,2,2,1,0,1,0,1,0,1,0,2,3,2,3,3,3,3,4,3,4,2,2,2,2,2,3,3,4,4,3,2,4,2,2,4,2,2,2,3,18,1,2,2,2,0,1,1,3,3,2,3,2,3,2,2,3,4,3,4,2,2,3,3,4,2,4,2,4,2,5,2,3,3,3,4,5,4,3,5,3,2,2,2,2,2,2,2,2,2,1,2,3,2,3,2,7,7,6,5,4,4,3,5,7,2,29,3,1,1,1,40,2900,2000,0,562401,이용자 감소,관광학
28233,2,2,4,5,1,0,5,6,1,0,4,5,1,0,2,2,2,2,2,2,3,3,3,3,3,3,1,0,3,3,4,5,4,5,3,4,3,4,5,6,4,5,3,3,3,4,1,0,1,0,1,0,1,0,1,0,1,0,1,0,1,0,1,0,2,2,1,0,3,3,3,3,2,2,1,0,1,0,4,5,2,3,2,2,4,5,5,6,3,5,2,3,4,4,3,2,3,4,2,2,2,8,1,6,1,1,3,3,5,2,2,2,2,2,3,2,3,3,4,3,2,2,3,4,4,3,2,4,3,4,3,4,3,2,2,5,4,5,4,3,4,3,2,2,2,2,2,2,2,2,2,1,3,2,3,3,2,3,3,3,1,1,3,2,2,3,2,34,5,1,1,1,30,4000,3500,0,522101,토익 JLPT HSK 사고대처훈련 항공기 서비스,항공서비스학
28234,3,5,3,4,4,4,3,4,3,3,4,6,3,4,4,5,4,5,4,5,3,4,3,4,3,4,4,5,4,5,4,5,3,5,4,5,3,4,4,5,4,5,4,5,4,5,2,2,4,5,4,5,4,5,3,4,4,5,3,3,2,3,4,5,4,5,4,5,3,5,3,4,4,5,3,5,3,4,4,5,4,4,3,4,4,5,3,4,3,3,4,3,3,2,3,3,3,4,3,2,3,14,1,5,2,2,0,7,5,4,3,3,4,4,4,3,4,4,3,3,3,3,3,4,3,2,3,3,4,3,3,3,3,2,3,4,3,3,2,4,3,3,2,2,2,2,2,2,2,2,2,2,1,2,2,2,1,7,6,7,4,5,5,6,4,3,1,45,4,1,1,1,42,6100,3000,0,14301,경비 인력 필요성 감소 기계 시스템 도입,사회학
28235,1,0,5,6,1,0,5,7,3,3,3,3,2,2,3,3,4,4,2,2,3,3,1,0,2,2,1,0,5,6,5,4,4,4,5,6,1,0,5,7,4,5,5,7,3,4,1,0,4,5,5,6,1,0,1,0,1,0,1,0,1,0,2,2,1,0,1,0,1,0,1,0,1,0,1,0,1,0,4,5,1,0,1,0,4,4,4,6,4,4,4,5,4,4,3,3,4,3,3,2,3,7,4,2,2,2,0,3,2,4,3,4,4,4,4,5,9,9,5,5,2,4,4,4,4,4,4,3,4,5,3,4,4,4,4,3,5,5,4,5,4,3,2,2,2,2,2,2,2,2,2,1,2,2,2,2,2,3,3,3,5,5,5,5,5,5,2,49,2,2,6,1,50,0,0,4200,615601,영업 이직,문과
28236,5,7,5,7,4,5,3,4,1,0,4,5,5,7,4,5,2,3,4,5,5,6,4,6,5,7,5,6,4,6,5,6,4,5,4,5,3,4,2,2,4,6,5,7,5,6,4,5,3,4,5,6,2,3,2,2,4,5,2,2,1,0,2,2,3,3,2,2,1,0,1,0,4,5,1,0,2,3,3,3,4,6,3,3,2,3,2,3,4,3,3,3,5,4,3,4,3,4,5,5,4,14,1,4,2,1,5,6,4,4,4,4,4,5,4,3,3,4,4,4,3,4,4,3,2,3,3,5,3,5,4,5,4,4,5,5,4,5,4,3,5,3,2,2,2,2,2,2,2,2,2,2,3,2,2,2,1,3,3,3,2,4,7,6,3,3,2,45,4,1,1,1,40,6000,2500,0,416101,현장실습 대체 불가,사회학
28237,1,0,1,0,1,0,1,0,3,3,1,0,1,0,1,0,1,0,3,4,1,0,1,0,1,0,1,0,1,0,1,0,1,0,1,0,1,0,4,5,4,5,1,0,1,0,1,0,1,0,1,0,1,0,1,0,1,0,1,0,1,0,1,0,1,0,1,0,1,0,1,0,1,0,4,5,1,0,1,0,1,0,1,0,1,0,1,0,4,3,4,3,4,3,3,4,4,3,4,4,4,18,1,2,1,1,3,5,4,3,3,3,4,4,4,3,4,5,4,4,2,4,4,3,4,3,3,4,3,3,4,3,4,3,3,3,3,3,3,2,3,4,2,2,2,2,2,2,2,2,2,2,3,2,2,2,1,7,3,4,7,6,4,5,8,8,2,28,4,1,3,2,45,3400,2800,0,414102,도시환경 디자인 기능사 조각가 조형물 디자인 경기 침체 장기 예상,미술학
28238,4,4,4,4,4,4,4,4,4,5,3,5,4,4,3,4,2,4,4,4,2,3,2,4,3,4,4,5,4,4,4,4,4,5,3,4,3,3,3,2,2,4,3,3,2,4,2,4,3,3,3,3,3,3,3,5,4,5,2,2,3,3,2,3,2,2,2,4,2,3,2,2,3,5,4,4,2,2,3,3,2,4,2,4,4,4,2,4,4,3,4,4,3,4,4,4,3,4,3,4,4,13,1,1,2,2,0,7,5,4,4,4,4,3,4,5,4,4,5,4,4,4,4,5,4,4,4,5,4,4,4,4,5,5,4,4,4,5,4,5,4,4,2,2,2,2,2,2,2,2,2,1,2,3,3,3,2,6,5,4,3,4,5,6,5,6,1,45,4,1,3,1,50,7000,2200,0,24402,불황 일자리 감소,신문방송
28239,1,0,3,3,1,0,3,3,2,3,3,4,3,4,2,2,3,3,5,6,3,4,4,5,3,4,3,4,3,4,4,5,4,5,4,5,3,3,3,4,3,4,4,5,4,6,1,0,4,5,3,4,4,5,4,6,4,6,4,5,4,5,4,5,3,4,4,6,4,6,4,5,4,6,4,6,4,5,4,5,3,4,3,4,3,4,3,4,3,3,3,3,4,3,3,3,3,3,3,4,3,6,1,4,1,2,0,3,3,3,4,2,5,5,3,4,3,3,3,3,2,4,4,3,3,4,3,3,2,3,3,3,4,4,3,2,3,3,2,3,3,3,2,2,2,2,2,2,2,2,2,1,2,2,2,2,2,7,8,7,3,2,2,7,3,2,1,50,3,1,1,1,42,6800,4000,0,623001,기중기운전기능사 건설 경기,토목
28240,3,3,3,3,3,3,3,3,1,0,3,4,1,0,4,4,3,5,1,0,1,0,1,0,4,3,1,0,3,3,4,5,1,0,1,0,1,0,2,4,5,4,1,0,1,0,1,0,2,4,1,0,1,0,1,0,5,4,5,5,1,0,1,0,4,5,4,4,3,4,5,4,1,0,3,4,3,5,4,5,3,5,3,5,3,3,2,3,1,2,1,2,2,1,3,3,2,2,2,4,2,10,1,2,2,2,0,7,3,2,2,1,2,3,1,3,3,3,4,3,4,2,1,3,4,2,3,2,1,3,3,4,2,3,3,4,4,5,3,1,5,3,2,2,2,2,2,2,2,2,2,1,2,3,2,2,2,5,6,7,4,6,5,5,3,4,1,36,2,1,1,1,40,2600,2500,0,842201,이동전화 증가 무선통신 장비 수요,전기
28241,4,5,5,5,4,5,5,6,5,5,5,5,2,2,4,6,4,7,4,4,4,6,4,6,5,7,4,5,4,7,4,6,5,6,5,6,5,7,5,7,4,6,5,5,4,5,1,0,2,2,2,3,4,7,1,0,5,7,1,0,4,4,5,4,5,5,3,4,2,3,4,4,3,4,5,5,4,4,5,5,1,0,4,4,4,5,4,4,5,5,2,4,5,3,4,5,3,4,3,5,4,17,5,6,1,2,0,6,6,4,5,5,4,5,4,4,3,3,4,4,2,5,5,4,3,1,4,3,3,3,3,4,4,3,5,4,4,5,5,3,4,4,2,2,2,2,2,2,2,2,2,2,4,3,3,3,2,2,1,2,5,8,8,9,5,1,1,48,6,1,1,1,42,10000,7500,0,301110,전문의자격증 의료 서비스 확대 예방 차원 이용 고객 증가,의학
28242,5,6,5,5,4,6,4,6,4,5,5,6,4,5,3,5,4,5,3,4,4,5,5,6,3,4,4,6,4,5,3,4,3,5,3,5,4,5,4,6,4,5,3,4,4,4,3,4,4,4,3,4,3,4,1,0,1,0,1,0,3,4,3,4,2,3,1,0,1,0,1,0,3,4,2,4,2,4,2,3,2,5,2,4,2,3,3,3,3,4,4,3,4,4,5,4,3,4,4,3,4,16,5,5,2,2,0,7,6,4,3,3,5,4,4,4,4,3,3,3,2,4,3,3,2,2,3,1,4,4,4,4,3,3,2,2,4,5,3,3,4,4,2,2,2,2,2,2,2,2,2,1,3,3,3,3,2,6,6,5,4,5,4,6,5,5,1,57,6,1,1,1,45,8500,4000,0,110103,상태 유지,국어학
28243,2,4,3,4,1,0,3,3,4,4,1,0,1,0,2,4,4,4,3,3,3,3,3,4,3,4,2,3,1,0,2,4,2,4,3,3,4,5,3,3,4,4,1,0,1,0,1,0,1,0,4,5,2,3,1,0,2,4,4,3,1,0,1,0,1,0,4,4,4,5,4,4,1,0,2,3,3,2,1,0,4,7,1,0,3,3,4,5,3,4,4,4,4,2,4,4,3,3,3,2,3,13,1,2,1,1,2,3,2,3,2,3,4,4,3,3,3,3,4,3,2,4,3,4,4,2,3,3,3,4,3,4,3,2,2,3,4,5,4,3,4,4,2,2,2,2,2,2,2,2,2,1,3,3,3,3,2,5,5,4,6,6,5,4,5,4,1,57,2,1,1,1,48,4500,3100,0,811501,보일러 시공기능사 설비 수리 실무교육 신축 아파트 증가 고용 인력 수급 안정화,전기
28244,4,5,4,6,4,5,4,5,4,5,4,6,4,5,4,5,4,5,4,5,3,5,4,5,4,5,4,5,4,5,4,5,4,5,4,5,4,5,3,6,4,5,4,5,4,5,4,6,4,5,4,6,4,5,4,4,4,6,4,6,4,5,4,6,4,5,4,5,3,6,4,6,4,5,4,4,4,5,4,6,4,5,4,5,4,5,4,5,4,3,4,4,5,4,4,4,4,3,4,4,3,13,1,2,1,2,0,4,5,4,5,4,5,4,4,4,5,5,4,4,4,4,3,4,4,3,3,4,4,4,4,4,3,4,5,4,4,3,4,4,4,4,2,2,2,2,2,2,2,2,2,1,4,2,2,2,1,6,4,8,7,6,6,6,5,6,1,36,4,1,1,1,45,7000,5500,0,221201,변호사 일반 기업체 금융기관 행정기관 변호사 수요 증가,법학
28245,2,3,3,5,1,0,3,5,3,4,4,5,3,4,4,5,3,4,3,4,3,4,4,5,4,6,1,0,2,3,3,3,1,0,1,0,2,4,3,4,4,5,1,0,4,5,1,0,3,4,1,0,1,0,1,0,2,4,1,0,1,0,4,5,5,6,3,4,5,6,5,6,2,3,4,5,4,5,3,4,3,4,3,4,4,4,4,5,3,2,2,3,2,2,3,2,3,3,2,3,4,3,1,3,2,2,0,3,1,3,3,3,3,3,2,3,3,3,3,3,2,4,3,5,4,3,4,4,4,3,2,5,4,4,2,3,4,5,4,4,5,4,2,2,2,2,2,2,2,2,2,3,2,3,2,2,2,6,7,8,7,6,7,4,7,8,1,57,2,1,1,1,42,3400,2300,0,861101,생산 정의 기계화 전산 화로,공고
28246,4,4,4,4,1,0,4,5,1,0,4,4,3,3,3,3,5,5,3,4,4,4,3,4,3,4,4,4,5,5,4,5,5,5,4,4,4,5,4,5,4,4,4,5,4,5,1,0,3,4,4,4,1,0,1,0,1,0,2,2,2,2,3,4,3,2,1,0,1,0,2,2,3,2,3,2,4,4,3,4,2,2,3,4,2,3,2,2,4,4,3,3,3,2,3,4,2,3,3,4,2,17,3,2,1,1,4,3,3,3,3,3,4,3,2,3,3,3,3,3,3,4,4,2,3,4,3,3,3,3,3,4,3,4,3,3,4,3,4,3,4,3,2,2,2,2,2,2,2,2,2,1,5,2,2,2,2,7,7,6,7,6,7,7,6,5,2,40,3,1,1,1,48,3000,2800,0,232901,사회복지사 현장실습교육 사회 복지 제도 증가 일자리 증대,사회복지
28247,3,3,5,3,2,3,2,2,3,1,4,5,1,0,3,4,4,3,4,5,3,3,3,3,4,4,5,4,3,3,2,3,2,2,2,2,4,2,3,3,4,3,4,4,3,5,1,0,2,2,4,3,2,2,1,0,2,2,3,2,1,0,1,0,2,2,4,3,4,3,3,3,2,1,2,1,4,3,4,3,3,3,2,3,3,3,3,2,4,5,3,2,3,1,3,3,4,2,5,5,2,15,2,4,1,2,0,3,5,5,4,4,3,4,4,3,5,4,4,3,1,4,3,4,2,4,3,5,5,4,5,4,4,3,5,3,3,2,4,3,4,4,2,2,2,2,2,2,2,2,2,2,4,3,3,3,2,4,5,4,3,5,4,6,4,4,1,29,4,1,1,1,40,3900,3400,0,240102,화약류제조기사 응급구조사 1급 화약류관리기사 정부 공공 일자리 증가 인력 증원,경호학
28248,4,4,4,4,4,4,3,5,3,5,3,5,4,4,4,4,4,4,4,4,4,5,3,6,4,5,3,5,4,4,4,5,3,5,4,5,4,4,4,4,4,5,3,5,3,5,3,5,4,4,4,5,3,5,4,4,4,4,4,5,3,5,3,5,3,4,4,4,4,4,4,5,4,5,4,4,4,5,4,5,3,5,3,5,4,4,4,4,4,4,4,3,5,4,4,3,4,4,3,3,4,7,1,2,1,2,0,2,3,4,4,3,4,4,4,4,5,4,4,5,3,4,4,3,4,4,3,2,3,3,3,4,4,3,3,4,5,4,3,3,3,3,2,2,2,2,2,2,2,2,2,1,4,2,2,2,1,6,7,5,6,7,7,7,7,6,1,40,2,1,1,1,40,3000,2500,0,623002,지게차면허증 창고업 활성화,인문계
28249,3,5,3,4,1,0,3,4,2,3,3,4,1,0,4,5,4,5,3,4,1,0,4,4,3,4,3,5,2,2,4,5,4,5,3,3,4,5,4,5,4,5,3,5,4,5,1,0,1,0,3,4,1,0,1,0,3,3,1,0,1,0,1,0,2,3,4,5,4,5,4,6,1,0,2,2,2,3,3,3,2,4,2,4,3,3,2,3,4,3,3,3,3,2,4,2,2,3,3,4,4,3,1,2,2,2,0,6,3,4,4,3,3,3,3,3,9,9,4,4,2,3,3,5,4,2,4,3,3,3,3,5,3,3,3,3,4,4,4,3,4,3,2,2,2,2,2,2,2,2,2,2,3,3,3,3,2,7,7,6,4,4,4,7,4,3,1,49,2,2,5,1,48,0,0,5000,852401,제품 관련 사업 계속 발전,인문계
28250,1,0,1,0,1,0,1,0,1,0,1,0,3,4,1,0,3,4,1,0,1,0,1,0,3,4,1,0,1,0,3,4,1,0,3,4,3,4,3,4,1,0,1,0,3,4,3,4,3,4,1,0,3,4,1,0,1,0,1,0,3,4,3,4,1,0,1,0,1,0,3,1,1,0,3,4,3,5,3,4,3,4,3,4,3,4,3,4,4,3,4,3,3,3,4,4,3,3,3,4,4,19,4,1,2,2,0,1,1,4,3,3,4,4,3,3,9,9,3,3,2,3,3,2,3,4,3,2,4,3,5,4,4,3,3,3,4,5,4,3,3,3,2,2,2,2,2,2,2,2,2,5,4,3,3,3,2,2,3,2,8,7,8,1,2,7,2,65,1,2,7,2,40,0,0,3000,872201,미혼 반찬 증가,0
28251,5,7,5,7,2,2,5,7,1,0,4,5,5,7,5,7,5,7,5,7,4,5,2,3,4,5,1,0,1,0,4,5,3,4,2,2,2,2,1,0,2,3,3,4,1,0,1,0,1,0,1,0,1,0,1,0,1,0,1,0,1,0,1,0,1,0,1,0,1,0,1,0,1,0,1,0,1,0,1,0,4,5,3,5,5,6,3,4,4,3,4,2,3,2,3,4,3,3,3,3,4,18,4,1,2,1,3,7,4,3,1,1,2,3,3,2,9,9,9,2,3,3,3,4,4,5,4,3,4,4,2,4,5,4,3,2,4,4,4,3,4,3,1,1,1,2,2,2,2,2,2,1,2,2,2,2,2,8,6,9,4,6,7,5,5,5,1,35,4,1,4,2,40,1500,500,0,416203,ppt 교육 프리젠테이션 교육 공연 무대 장치 컴퓨터 소프트 기능 다양 화로 무대 환경 업그레이드 공연 분위기 매혹 연기력 향상 도움 미디어 다양성 연극 뮤지컬 이외 분야 수요 이동,뮤지컬학
28252,1,0,1,0,1,0,1,0,1,0,1,0,1,0,1,0,1,0,4,4,1,0,1,0,4,4,3,3,1,0,1,0,1,0,1,0,1,0,4,4,3,3,2,2,3,4,3,3,4,4,3,3,1,0,1,0,3,4,1,0,1,0,1,0,3,3,4,4,4,4,4,4,1,0,1,0,3,4,3,3,4,4,3,4,1,0,1,0,4,3,2,3,3,2,4,2,2,3,3,3,4,19,1,2,2,2,0,3,2,3,3,4,4,3,3,4,9,9,9,4,2,4,4,3,4,3,4,3,3,3,3,4,3,4,3,3,4,4,3,3,4,3,2,2,2,2,2,2,2,2,2,1,5,1,1,1,2,4,6,5,6,4,7,6,5,6,1,50,2,2,5,1,55,0,0,6000,624101,배달 증가,전기
28253,3,3,3,3,2,2,3,3,3,3,2,1,1,0,2,2,1,0,1,0,1,0,5,6,2,1,2,1,3,5,3,3,2,2,2,2,4,4,2,3,1,0,1,0,1,0,1,0,3,2,1,0,1,0,1,0,1,0,1,0,3,2,1,0,1,0,1,0,1,0,1,0,1,0,2,1,1,0,1,0,1,0,1,0,1,0,1,0,3,3,2,4,3,4,3,5,5,5,5,5,5,19,3,2,1,2,0,7,5,3,4,4,4,3,3,4,4,4,3,4,2,5,5,3,3,2,4,1,2,2,4,4,4,4,3,3,3,3,3,2,4,4,2,2,2,2,2,2,2,2,2,1,1,1,1,3,1,5,6,5,4,5,5,4,5,5,1,33,4,1,1,1,40,3000,2300,0,231301,청소년지도사1급 청소년 감소 인력,사회복지학
28254,4,4,4,5,3,5,4,5,4,5,4,5,5,5,3,5,4,5,3,5,4,5,4,5,4,5,4,5,4,5,4,5,3,4,4,5,4,6,4,4,4,5,4,5,3,5,4,5,3,5,4,4,4,6,4,5,3,5,4,5,3,4,4,4,4,4,4,5,3,5,3,4,3,4,4,4,3,4,3,4,4,4,4,5,3,4,4,5,4,4,4,3,5,4,4,4,3,3,4,4,4,3,1,3,2,2,0,4,7,3,4,4,4,4,4,4,5,5,4,4,4,4,3,4,4,3,3,4,4,3,4,3,3,2,4,4,4,4,3,3,4,3,2,2,2,2,2,2,2,2,2,1,3,1,1,1,1,7,5,6,7,6,7,5,6,6,1,43,5,1,1,1,40,4500,3000,0,154101,선호 직종,기계공학
28255,4,5,3,4,3,4,3,4,5,5,4,5,3,4,4,4,3,3,1,0,4,5,1,0,1,0,1,0,1,0,1,0,1,0,1,0,1,0,1,0,2,2,1,0,1,0,1,0,1,0,1,0,5,5,5,6,2,3,1,0,3,4,1,0,2,3,2,2,2,2,2,2,1,0,1,0,1,0,1,0,1,0,1,0,1,0,1,0,3,3,2,3,4,4,3,4,3,4,3,2,2,3,1,2,2,2,0,6,6,4,4,4,5,5,4,3,3,4,4,3,2,3,3,4,3,3,4,1,3,3,4,4,3,4,4,3,3,4,3,3,4,4,2,2,2,2,2,2,2,2,2,2,5,3,3,3,2,3,3,3,4,4,4,5,4,4,1,34,4,1,1,1,40,5000,3000,0,153201,전자제품 개발 대한 수요,전자공학
28256,2,2,2,2,2,2,2,2,2,2,2,2,5,6,3,3,4,4,2,2,2,2,2,2,2,2,2,2,2,2,2,2,2,2,2,2,2,2,3,3,3,4,3,4,4,5,3,3,4,4,3,3,3,3,3,3,2,2,2,2,2,2,4,5,3,3,2,2,4,4,3,3,4,4,2,4,2,3,2,2,3,3,3,3,4,4,4,4,4,3,4,3,3,3,5,4,4,3,3,3,5,9,1,2,1,2,0,2,2,4,5,4,4,5,4,4,3,4,4,4,2,5,4,4,5,4,5,4,5,4,4,4,5,5,4,4,5,4,5,4,4,4,2,2,2,2,2,2,2,2,2,1,3,2,2,3,2,8,8,5,2,2,3,8,7,2,2,25,2,1,1,1,48,2500,2200,0,871101,제빵기능사 세대,인문계
28257,4,6,5,7,5,6,5,7,3,3,4,6,4,6,4,6,4,6,2,2,3,3,3,4,3,4,4,5,4,5,4,5,4,5,4,5,4,5,4,6,4,4,4,5,4,5,2,2,4,5,4,5,4,5,1,0,1,0,1,0,1,0,1,0,2,2,2,2,2,2,2,2,4,4,2,4,2,2,3,4,2,2,3,4,4,5,4,4,4,4,4,3,4,3,4,5,2,4,5,5,2,10,1,6,2,1,1,7,5,4,5,4,3,5,2,4,3,4,3,3,4,3,3,2,3,4,4,3,2,3,4,2,3,4,5,4,4,3,4,4,4,3,1,2,2,1,2,2,2,2,2,2,2,2,2,3,1,2,3,8,3,2,3,2,8,7,2,30,4,1,1,1,45,4000,3600,0,412002,쵤영기법 유투브 동영상 콘텐츠 제작 활성화 티비 시청 인원 감소,신문방송
28258,2,2,3,4,1,0,2,2,2,1,1,0,1,0,2,2,2,3,1,0,1,0,2,3,3,4,1,0,2,2,2,2,1,0,1,0,3,3,3,4,3,3,3,3,2,2,1,0,2,3,1,0,1,0,1,0,1,0,1,0,1,0,2,3,1,0,1,0,1,0,1,0,1,0,3,4,3,4,3,4,2,3,2,2,2,2,2,1,3,2,1,2,3,2,1,3,2,1,2,1,3,9,1,2,2,2,0,3,2,2,2,3,3,3,1,2,2,3,3,3,2,3,3,3,2,3,4,3,4,3,4,3,2,2,3,2,2,3,2,3,3,3,2,2,2,2,2,2,2,2,2,3,2,2,2,3,2,6,6,7,4,5,5,5,4,5,2,44,2,1,1,1,54,2800,1900,0,532301,공란,전기
28259,4,6,4,6,3,4,5,6,2,3,2,3,2,2,4,6,5,5,3,5,2,2,5,5,5,6,4,4,4,4,4,6,4,4,3,5,3,5,4,4,4,6,4,4,3,3,1,0,1,0,1,0,3,4,2,2,4,5,2,2,3,5,3,3,3,4,2,2,2,3,2,2,2,3,4,6,3,3,3,3,1,0,3,3,2,3,2,3,3,4,3,3,5,3,4,4,3,4,5,4,4,17,3,2,1,2,0,1,5,5,4,4,5,4,4,3,3,2,4,4,2,4,3,4,4,2,4,2,4,2,2,4,3,4,4,4,4,5,4,3,4,5,2,2,2,2,2,2,2,2,2,2,5,3,3,3,1,6,5,6,5,4,4,4,5,4,2,47,5,1,1,1,40,4800,3000,0,306601,임상심리사2급 정신보건임상심리사 소득 사회 문제 다양성 필요 의식 증가,심리학
28260,1,0,1,0,1,0,1,0,1,0,1,0,1,0,1,0,3,3,4,4,1,0,1,0,4,4,4,4,1,0,4,4,1,0,1,0,1,0,3,3,4,5,4,5,4,4,5,6,4,5,1,0,3,4,1,0,3,3,3,3,2,2,4,5,4,5,4,5,4,5,5,6,1,0,2,2,5,6,3,3,4,4,2,2,3,3,3,4,4,4,4,3,3,1,5,2,2,2,3,3,4,1,1,1,2,2,0,4,1,3,4,4,5,4,3,4,4,4,4,4,2,4,5,4,4,5,3,3,5,4,3,5,5,3,3,4,5,5,4,4,5,4,2,2,2,2,2,2,2,2,2,1,3,2,2,2,2,3,3,5,5,5,5,3,3,5,1,42,4,1,1,1,48,4000,3300,0,902101,사람 직업,축산학
28261,1,0,1,0,1,0,1,0,1,0,1,0,1,0,1,0,1,0,4,5,1,0,1,0,1,0,1,0,1,0,1,0,1,0,1,0,1,0,1,0,1,0,1,0,1,0,1,0,1,0,1,0,1,0,1,0,1,0,1,0,1,0,1,0,1,0,2,2,3,3,2,2,1,0,1,0,1,0,2,3,3,4,3,4,4,3,4,3,3,3,3,2,3,3,3,3,3,2,2,3,3,6,1,1,2,2,0,1,1,3,2,3,3,3,3,4,3,4,4,4,3,3,3,3,2,3,3,3,3,3,3,3,4,3,3,4,3,3,3,3,4,3,2,2,2,2,2,2,2,2,2,1,1,3,3,3,2,5,5,5,6,5,5,5,6,5,1,53,2,2,5,1,40,0,0,1000,706001,소비 감소,인문계 이
28262,3,2,3,3,4,4,3,3,3,4,3,3,3,3,3,3,4,4,4,4,4,4,3,3,4,4,3,3,4,4,4,4,4,4,4,4,4,4,4,4,4,4,4,4,3,3,1,0,1,0,1,0,3,3,4,4,3,3,4,5,4,4,4,4,4,3,4,5,4,4,4,4,4,5,2,2,4,4,3,3,2,2,3,4,4,4,3,3,4,4,3,3,4,3,4,4,3,3,3,2,3,14,1,2,2,2,0,7,2,4,3,3,2,4,3,4,4,4,4,4,3,3,3,4,4,4,4,3,4,4,3,4,3,4,4,4,4,4,3,3,5,3,2,2,2,2,2,2,2,2,2,1,3,3,3,3,2,8,9,6,2,5,5,8,5,2,1,36,2,1,1,1,52,3450,2450,0,811401,작업 환경 유입,공고
28263,4,6,4,6,4,6,4,5,5,6,4,5,5,6,4,5,4,6,4,6,4,6,5,5,5,6,4,5,4,6,4,6,4,6,4,6,4,6,4,6,5,6,4,6,5,6,4,5,4,5,4,6,4,6,4,5,4,3,4,5,4,5,3,3,2,2,1,0,1,0,1,0,3,4,3,3,2,3,2,3,2,3,2,3,4,5,5,6,4,5,4,4,4,5,4,4,4,5,4,4,4,13,1,1,1,1,3,2,5,4,4,4,4,3,4,5,9,9,4,5,4,4,4,4,5,5,4,4,5,5,4,4,4,5,4,4,4,4,5,4,4,4,2,2,2,2,2,2,2,2,2,1,3,2,2,2,1,5,6,7,6,6,7,7,6,7,1,35,4,2,5,1,40,0,0,5000,23201,세무사 실무교육 세무 업무 이용자,경영학
28264,1,0,1,0,1,0,1,0,1,0,1,0,3,4,1,0,1,0,1,0,1,0,1,0,2,4,2,3,1,0,1,0,1,0,3,4,1,0,4,5,1,0,1,0,2,2,3,4,4,5,1,0,3,4,1,0,1,0,1,0,1,0,3,4,3,4,1,0,1,0,1,0,1,0,5,5,5,5,3,4,4,5,3,4,4,5,2,2,4,5,5,3,4,2,3,4,3,4,3,2,3,14,1,1,1,2,0,7,4,3,4,3,4,3,3,4,5,4,4,4,2,3,2,3,4,3,4,3,3,3,3,3,4,3,4,3,4,4,4,4,4,4,2,2,2,2,2,2,2,2,2,2,3,3,3,3,2,7,6,7,8,6,5,7,6,7,1,30,4,1,1,1,40,3200,3000,0,901501,조경산업기사 산업 기술 발달,조경학
28265,3,3,3,3,3,4,2,2,3,3,2,2,2,2,2,3,3,3,3,2,2,2,1,0,2,2,1,0,3,3,2,3,1,0,1,0,2,3,1,0,3,4,2,2,3,3,3,3,2,3,1,0,2,2,1,0,2,2,1,0,3,3,2,2,1,0,1,0,1,0,1,0,2,3,2,2,3,2,2,2,2,2,3,2,4,5,3,3,4,3,2,2,2,4,3,3,3,2,3,3,2,3,1,2,2,2,0,7,2,3,2,2,3,2,3,3,2,3,3,3,3,2,3,4,3,3,3,3,1,2,3,5,3,2,2,3,4,5,3,2,4,4,2,2,2,2,2,2,2,2,2,2,2,3,3,3,2,8,4,6,8,3,7,7,3,5,2,32,4,1,1,1,40,2700,2100,0,28401,전과 정이 전산 화가 발달 인력 수요,기계공학
28266,3,3,3,3,2,2,3,3,3,3,3,4,2,2,3,3,3,3,1,0,2,2,3,3,3,3,4,4,3,3,3,2,2,2,3,3,2,2,4,4,3,3,3,3,3,3,2,2,3,3,2,2,3,3,2,2,3,3,3,3,3,3,4,4,3,3,3,3,3,3,3,4,3,3,3,3,2,2,3,3,2,2,1,0,3,3,2,2,4,3,3,4,4,3,2,3,2,3,3,3,3,10,1,2,1,1,3,3,5,3,4,3,4,3,4,3,3,3,4,3,3,3,3,3,4,3,3,2,3,3,3,3,4,4,3,3,3,4,4,4,3,3,2,2,2,1,2,2,2,2,2,2,4,2,2,2,1,5,6,5,4,4,5,5,6,6,1,43,4,1,1,1,50,4900,3200,0,133901,정보처리기능 전자계산조직응용 실무 교육 프로그램 산업혁명 증가,공학교육학
28267,5,4,4,5,4,5,3,4,3,4,4,4,2,3,3,4,5,5,4,4,2,5,3,4,3,4,2,4,3,4,2,3,2,4,4,4,3,4,3,4,5,5,4,3,4,4,2,4,3,3,3,4,3,3,4,5,2,3,2,3,5,5,4,5,3,3,2,4,2,3,2,2,2,3,3,4,3,5,2,3,2,5,2,3,3,4,3,5,4,3,3,4,4,5,4,2,5,5,4,4,2,17,1,6,1,2,0,2,5,4,5,5,5,5,4,5,5,4,5,4,1,4,4,5,2,2,3,4,4,5,5,4,3,4,4,4,4,4,2,3,4,3,2,2,2,2,2,2,2,2,2,1,4,2,2,2,1,8,7,6,4,4,5,3,5,4,2,35,4,1,1,1,44,2500,2300,0,306901,언어재활자격증 국민 교육 수준 인식 변화 증가,특수교육학
28268,3,4,5,4,3,2,3,3,2,1,3,4,2,1,2,2,2,2,2,2,2,2,1,0,3,3,2,1,3,3,3,2,2,2,1,0,1,0,5,4,3,3,3,3,2,2,2,1,2,1,1,0,1,0,1,0,2,1,1,0,1,0,1,0,2,2,1,0,1,0,1,0,1,0,1,0,2,1,3,4,3,5,2,3,3,3,3,3,3,5,2,3,3,2,3,4,3,2,3,3,2,15,2,4,1,1,2,2,4,3,3,2,4,3,3,3,3,4,4,4,3,3,3,2,3,2,4,3,4,5,4,3,3,3,3,3,4,4,3,2,4,4,2,2,2,2,2,2,2,2,2,1,4,3,3,3,2,9,9,9,5,5,5,3,4,7,1,26,3,1,1,1,40,2400,2200,0,541201,일반경비지도사 청원경찰훈련 회북 요소 점점 증가 때문 증가 예상,경호학
28269,2,2,1,0,2,2,4,5,2,2,2,3,2,3,2,2,3,2,2,3,2,2,2,2,3,2,3,3,4,3,2,3,2,2,1,0,1,0,5,5,4,4,4,3,3,2,2,2,2,2,2,3,1,0,2,2,1,0,1,0,1,0,2,2,3,2,2,1,4,2,2,3,4,4,3,2,3,2,4,2,2,2,2,2,2,2,2,2,4,4,3,3,4,2,4,4,3,3,4,3,3,3,1,2,2,2,0,2,2,4,3,3,4,3,4,4,3,4,4,4,3,3,2,4,3,3,3,4,3,3,3,4,3,4,4,4,4,3,4,4,4,3,2,2,2,2,2,2,2,2,2,2,2,2,1,3,1,7,4,5,3,3,3,7,4,3,1,34,2,1,1,1,40,2800,2600,0,612401,온라인 활성화 영향,건축학
28270,5,6,5,6,5,6,5,7,4,6,5,6,5,6,4,5,5,4,5,6,4,6,4,5,5,6,4,4,5,3,4,5,4,6,4,6,4,5,4,6,4,5,5,6,5,6,4,5,4,5,4,6,4,6,4,5,4,4,4,5,4,6,4,5,4,5,4,5,4,4,4,5,4,5,4,5,4,5,4,6,4,3,4,4,5,7,3,3,4,5,4,5,4,2,4,4,5,5,4,2,4,13,2,5,2,2,0,2,6,4,4,4,5,4,3,4,3,3,4,4,1,4,4,5,4,3,4,3,3,3,4,4,4,3,3,4,4,4,3,3,4,4,2,2,2,2,2,2,2,2,2,2,4,3,3,3,2,7,5,6,4,4,6,8,5,4,1,48,6,1,1,1,40,7000,5500,0,121104,생명 생물 연구,생물학
28271,4,5,3,4,3,4,3,4,4,6,4,6,3,5,3,4,4,5,3,4,3,4,2,2,4,6,4,5,3,4,3,4,4,6,4,5,4,4,3,4,4,6,4,5,4,5,4,4,4,4,4,4,4,6,4,5,3,5,4,5,3,4,4,6,4,5,4,5,3,5,5,6,4,5,2,3,3,4,3,3,1,0,1,0,4,5,3,5,4,3,3,4,4,4,4,3,3,4,4,3,4,3,1,2,1,2,0,4,5,4,3,4,4,3,3,4,4,3,4,4,3,3,3,2,3,3,4,3,3,3,4,4,3,3,3,3,3,4,4,3,3,2,2,2,2,2,2,2,2,2,2,1,3,3,3,3,2,3,4,3,3,4,4,2,6,5,1,40,4,1,1,1,40,4800,3600,0,154101,섬유물리기사 변화,섬유공학
28272,4,5,4,5,1,0,5,5,3,4,3,3,5,6,3,4,3,5,4,5,4,5,3,4,5,5,3,4,3,4,2,2,3,3,2,3,2,4,4,4,3,4,4,4,3,3,2,3,2,2,2,2,3,3,3,3,3,4,3,3,3,5,3,5,3,4,3,4,2,2,3,4,3,4,4,4,3,5,3,5,2,3,2,2,3,4,3,3,4,5,4,4,4,2,2,4,3,4,3,4,4,10,1,2,2,2,0,2,2,3,4,4,5,4,4,4,3,3,4,4,3,4,3,3,2,3,3,4,3,3,2,4,3,4,4,4,4,3,4,3,4,3,2,2,2,2,2,2,2,2,2,2,4,1,1,1,1,7,7,6,3,4,4,7,2,3,1,51,3,1,1,1,40,4800,2500,0,417102,방송 증가,정보미디어
28273,2,2,3,4,2,2,3,4,2,2,3,4,2,2,3,4,3,4,2,2,3,4,2,2,4,6,2,2,2,2,2,2,3,4,3,4,3,4,2,2,3,4,4,6,4,6,3,4,3,4,2,2,3,4,3,4,3,4,2,2,3,4,3,4,2,2,3,4,3,4,3,4,3,4,4,6,4,6,3,4,4,6,3,4,3,4,3,4,5,4,4,3,3,2,4,3,3,3,2,3,3,3,1,1,2,2,0,2,1,4,3,2,4,4,3,4,9,9,4,4,2,3,3,4,4,5,2,1,4,2,4,4,4,3,2,2,4,5,4,3,3,3,2,1,2,2,2,2,1,1,2,2,1,2,2,2,2,3,7,3,8,3,7,3,6,3,1,56,1,2,5,1,48,0,0,3000,826101,기술 첨단 기술 개발 시공,0
28274,4,5,4,5,2,2,4,5,1,0,2,3,1,0,3,4,3,4,1,0,2,2,2,2,2,2,2,2,2,2,2,3,2,2,1,0,2,2,2,2,2,3,1,0,2,3,1,0,1,0,1,0,1,0,1,0,1,0,1,0,1,0,1,0,1,0,1,0,1,0,1,0,1,0,1,0,1,0,3,4,1,0,1,0,2,3,2,3,4,3,3,3,2,2,2,4,2,3,3,3,3,10,3,4,2,2,0,2,2,4,3,3,3,3,3,4,3,3,3,3,2,2,2,2,3,3,2,2,2,4,4,4,3,3,2,2,2,2,3,4,3,3,2,2,2,2,2,2,2,2,2,1,4,3,3,3,2,6,7,6,4,4,4,6,4,6,2,40,4,1,1,1,50,4600,2800,0,416301,티비,신문방송
28275,2,2,2,3,2,2,3,4,2,2,2,2,2,2,2,1,2,2,2,2,2,2,2,1,2,2,2,3,3,3,2,2,4,4,3,3,2,2,4,5,2,2,2,3,2,2,2,2,2,2,2,2,2,2,2,2,1,0,2,2,2,2,2,2,2,2,2,2,2,2,2,2,1,0,2,2,2,2,2,2,2,2,2,2,2,2,2,2,3,3,4,3,3,3,2,3,2,3,2,3,3,7,4,1,2,2,0,2,2,3,2,2,2,3,2,3,9,3,3,3,3,2,2,3,3,3,4,3,2,3,3,4,3,2,2,2,3,4,2,3,4,4,2,2,2,2,2,2,2,2,2,2,4,2,2,3,2,7,6,5,5,4,4,5,4,4,1,48,2,2,6,1,40,0,0,3800,812902,자전거 취미 활동 인구,기계
28276,5,7,5,7,3,4,5,7,2,3,2,3,4,6,2,3,4,5,2,3,3,4,3,4,5,6,3,4,2,3,3,4,2,3,2,3,3,4,2,3,2,3,2,3,5,6,2,3,2,3,3,4,3,4,2,2,2,3,2,3,2,3,2,3,2,3,2,3,2,2,2,3,2,2,1,0,1,0,3,4,2,3,2,3,5,7,5,7,3,4,3,4,4,4,3,4,3,4,4,4,3,18,1,2,2,2,0,6,4,4,4,3,4,5,4,3,3,4,4,4,2,4,4,2,3,3,2,4,4,5,2,5,4,5,4,4,5,5,4,4,5,4,2,2,2,2,2,2,2,2,2,2,3,2,2,2,2,3,3,4,5,4,5,3,4,6,2,27,3,1,3,2,40,2800,2800,0,416205,방송 프로그램 증가,방송연예
28277,3,4,4,5,3,4,4,5,1,0,3,4,1,0,3,4,1,0,3,4,4,5,3,4,4,5,3,4,4,5,4,5,4,5,3,4,4,5,3,4,3,4,4,5,3,4,1,0,1,0,1,0,1,0,1,0,1,0,1,0,1,0,1,0,1,0,1,0,2,2,1,0,3,4,1,0,3,4,3,4,1,0,3,4,3,4,3,4,2,5,2,3,4,1,3,2,2,3,2,4,2,15,2,5,2,2,0,2,5,3,3,2,4,3,3,3,3,4,4,3,2,4,3,3,3,2,3,2,4,4,3,2,3,1,3,3,3,2,2,3,3,3,2,2,2,2,2,2,2,2,2,1,3,3,3,3,2,3,3,2,7,7,8,2,2,7,1,39,4,1,1,1,40,2200,2000,0,13305,공무원 변화,경찰행정학
28278,2,2,2,2,2,2,2,2,2,2,2,2,2,2,2,2,2,3,3,3,2,2,2,2,2,2,2,2,2,2,2,3,2,2,2,2,2,1,3,4,2,1,2,2,2,2,2,2,2,2,2,2,2,2,2,2,2,2,2,2,2,2,2,2,2,2,2,2,2,2,2,2,2,2,2,2,2,2,2,3,2,3,2,2,2,3,2,2,4,4,3,3,4,2,2,2,2,3,3,3,3,8,1,2,2,1,1,7,2,2,4,3,4,3,2,2,3,3,2,3,2,3,3,4,4,3,4,4,3,4,4,3,3,4,3,3,4,4,3,3,4,4,2,2,2,2,2,2,2,2,2,2,2,2,2,2,2,6,6,6,6,4,5,7,4,4,1,37,3,1,1,1,43,3500,2000,0,522201,안전 직무 교육 인구 감소,기계공학
28279,1,0,1,0,1,0,1,0,1,0,1,0,3,4,2,3,1,0,1,0,1,0,1,0,1,0,1,0,1,0,1,0,1,0,1,0,1,0,1,0,1,0,1,0,1,0,1,0,1,0,1,0,3,4,2,3,1,0,1,0,1,0,1,0,2,3,1,0,1,0,1,0,1,0,3,4,2,3,2,3,3,4,3,4,3,4,1,0,3,2,3,3,4,3,3,3,4,3,3,2,3,3,1,2,2,2,0,7,4,3,3,2,4,4,3,3,3,4,4,4,3,3,3,3,4,3,3,2,3,3,4,3,3,2,3,3,4,3,3,3,3,3,2,2,2,2,2,2,2,2,2,2,2,2,3,2,1,6,5,4,5,6,4,4,5,4,2,30,4,1,1,1,44,3340,2900,0,862101,패션 시장 감소,의상학
28280,4,5,3,4,4,4,4,4,4,4,3,3,3,4,3,3,4,4,3,4,3,4,4,5,4,4,4,5,3,4,3,4,4,5,3,4,5,5,3,3,3,3,3,4,3,4,1,0,1,0,1,0,1,0,1,0,1,0,1,0,2,2,1,0,1,0,1,0,1,0,1,0,1,0,1,0,1,0,1,0,2,2,1,0,2,3,3,4,4,4,2,3,4,4,3,4,2,5,5,4,4,16,5,1,2,2,0,5,5,4,3,3,4,4,2,3,3,3,3,3,3,2,2,3,3,4,3,3,2,3,3,4,3,3,4,3,3,4,3,3,4,4,2,2,2,2,2,2,2,2,2,1,2,2,2,2,1,2,2,3,3,3,3,6,6,6,2,31,4,1,1,1,52,3800,3500,0,214101,학생 감소,영어학
28281,3,3,3,4,2,2,3,3,1,0,2,2,1,0,2,2,3,4,2,2,1,0,2,2,3,3,1,0,3,3,2,2,2,2,3,3,2,2,2,2,4,5,2,2,4,5,1,0,1,0,1,0,1,0,1,0,4,5,3,3,1,0,4,5,4,3,4,5,4,5,4,5,1,0,4,3,4,5,4,5,4,5,4,5,4,4,3,3,3,2,2,2,3,2,3,2,3,1,3,2,3,3,1,2,2,2,0,3,1,1,1,1,3,2,1,2,2,2,3,3,2,4,3,3,4,3,3,3,2,3,2,3,3,4,4,3,4,5,5,3,3,3,2,2,2,2,2,2,2,2,2,3,1,2,2,2,2,6,9,9,5,9,7,4,3,1,1,47,2,1,1,1,40,4000,2100,0,864201,정의 자동화 점차,공고
28282,3,4,3,4,3,3,3,5,3,5,3,5,3,3,3,3,4,4,3,3,2,3,2,3,3,2,3,3,3,5,3,3,3,4,2,3,2,2,2,4,2,3,2,2,3,3,2,3,3,3,2,2,3,2,2,3,3,3,3,3,2,2,3,4,3,3,3,4,3,4,2,4,3,3,3,5,3,4,3,4,4,5,3,3,3,4,2,3,3,4,4,3,4,2,5,3,3,3,4,2,3,3,1,2,2,2,0,3,3,3,3,3,5,4,3,3,4,3,3,3,3,3,3,4,4,4,4,4,4,3,2,3,4,3,3,4,5,5,4,4,5,4,2,2,2,2,2,2,2,2,2,2,2,2,3,3,2,5,4,5,5,5,6,5,6,5,1,64,2,2,5,1,50,0,0,4700,864101,사람 도전 점점,문과
28283,3,3,3,4,2,4,3,2,3,2,3,4,4,4,2,2,4,4,3,3,1,0,3,5,4,4,4,4,1,0,3,3,2,3,2,3,3,3,1,0,1,0,3,3,4,4,1,0,4,4,1,0,3,4,1,0,1,0,1,0,3,3,4,4,3,3,3,5,3,4,3,3,1,0,1,0,1,0,1,0,1,0,3,5,3,3,3,4,3,4,3,3,3,4,3,4,2,3,3,3,3,20,4,1,2,2,0,5,2,4,4,4,3,4,3,4,4,4,3,3,4,3,4,3,3,4,3,3,3,4,4,4,3,3,4,3,4,4,4,3,4,3,2,2,2,2,2,2,2,2,2,2,3,3,3,3,2,8,8,3,3,3,5,6,3,5,2,45,4,1,4,2,30,3300,3100,0,414702,저출산,무용학
28284,4,5,4,5,4,5,4,5,3,4,4,5,4,5,4,4,4,5,4,5,3,3,4,5,2,3,1,0,3,3,4,6,4,5,2,3,1,0,4,6,3,4,3,4,3,4,4,5,2,2,1,0,4,5,1,0,2,4,3,3,3,4,3,3,2,2,4,5,4,5,4,4,1,0,4,5,4,5,1,0,4,4,2,1,4,5,2,3,4,4,2,2,3,2,4,4,2,4,4,4,2,13,2,2,1,1,3,4,3,3,3,3,4,4,2,2,3,3,3,3,3,3,3,4,3,2,4,4,4,2,3,4,3,4,4,4,4,4,4,3,4,5,2,2,2,2,2,2,2,2,2,2,2,1,1,3,1,5,3,2,3,3,3,3,5,7,2,29,4,1,1,1,50,3000,2600,0,122301,종자기사 직무관련교육 작물 병해충 농업트랜드등 산업 발전 한계,분자생명공학
28285,3,4,3,4,2,3,2,2,2,2,2,2,4,4,3,4,2,2,3,4,2,2,3,3,3,3,3,4,2,2,3,3,2,3,3,3,3,4,3,3,2,3,5,5,3,4,2,2,2,2,3,4,3,4,5,6,5,6,4,5,4,5,3,4,3,4,3,4,4,5,3,3,4,5,3,4,4,5,3,3,3,4,3,3,3,3,3,4,4,3,3,4,4,3,3,3,3,4,3,3,3,3,4,2,2,2,0,2,2,4,4,4,4,4,4,3,3,2,3,3,2,3,3,3,3,3,4,3,3,4,3,4,3,3,3,4,4,3,3,4,4,3,2,2,2,2,2,2,2,2,2,2,3,3,3,3,2,6,5,4,4,5,6,6,5,4,1,57,2,2,6,1,40,0,0,3000,702701,변화,공고(기계과)
28286,1,0,1,0,1,0,1,0,1,0,1,0,1,0,1,0,1,0,1,0,1,0,1,0,1,0,1,0,1,0,1,0,1,0,1,0,1,0,1,0,1,0,2,3,1,0,3,4,4,5,1,0,1,0,2,3,3,4,1,0,1,0,2,3,1,0,2,4,2,3,2,3,1,0,2,3,3,4,1,0,5,5,5,5,3,4,2,4,4,3,3,3,2,2,3,2,3,3,2,3,3,1,1,2,1,1,2,2,3,2,3,2,4,4,4,3,4,4,4,4,3,4,4,3,3,2,4,4,4,4,2,4,4,3,2,3,3,4,3,2,5,5,2,2,2,2,2,2,2,2,2,2,2,3,3,3,2,7,7,7,3,7,3,3,3,3,1,34,3,1,1,1,50,3300,2300,0,901401,임업종묘기능사 화훼작물 재배법 설비 자동화 기계화,원예
28287,2,4,2,4,2,4,2,4,2,4,2,4,2,4,2,4,2,4,2,4,2,4,2,4,2,4,3,5,3,4,3,4,3,4,2,4,2,4,2,4,3,4,2,3,2,3,2,3,2,3,1,0,3,4,3,5,4,5,3,4,3,4,2,4,3,4,3,4,3,4,2,4,2,3,1,0,1,0,1,0,1,0,2,3,4,4,3,3,3,2,2,3,3,4,2,2,4,3,3,4,4,3,1,2,2,2,0,1,6,4,4,4,4,5,4,3,3,3,4,3,2,4,3,3,3,3,2,4,4,5,4,4,3,3,2,2,3,4,3,3,4,3,2,2,2,2,2,2,2,2,2,2,4,3,3,3,2,7,5,6,6,4,5,6,4,5,1,36,5,1,1,1,40,3800,2600,0,153204,사용 계속 증가,전자통신학
28288,3,3,3,4,2,1,2,2,1,0,1,0,1,0,1,0,2,2,2,1,1,0,2,2,3,3,2,2,3,4,2,2,1,0,1,0,1,0,3,3,3,4,2,3,2,2,1,0,3,4,1,0,2,2,1,0,1,0,1,0,1,0,2,2,1,0,1,0,1,0,1,0,1,0,2,2,2,3,2,3,3,4,3,3,2,2,2,2,2,3,2,2,3,3,2,4,2,3,3,2,3,7,1,6,2,2,0,7,2,2,3,2,3,3,4,2,9,3,4,3,4,3,2,2,2,3,3,3,2,5,4,5,3,3,4,3,4,4,3,5,4,1,2,2,2,2,2,2,2,2,2,3,3,3,2,3,2,7,7,6,3,4,5,5,3,3,1,32,4,1,1,1,42,1900,1900,0,532101,패스트푸드 증가,레저스포츠
28289,2,2,2,3,2,2,2,3,3,3,2,2,2,3,2,3,1,0,2,2,2,2,3,2,2,2,2,3,2,3,3,3,2,2,2,3,2,2,2,3,2,2,2,3,2,3,2,3,2,2,2,3,2,3,2,2,2,2,2,2,1,0,2,2,2,2,2,3,2,3,2,2,2,2,2,3,2,2,2,2,2,3,2,2,2,2,2,2,3,2,2,2,2,1,3,3,2,2,2,2,3,1,1,1,2,2,0,7,1,2,2,2,4,3,3,3,4,3,3,3,4,2,2,3,4,4,3,4,2,3,3,4,4,3,4,5,4,4,4,3,4,3,2,2,2,2,2,2,2,2,2,2,2,2,2,3,2,5,6,3,4,5,6,4,5,7,1,47,1,1,2,2,50,2700,2000,0,904101,경기 침체 소비 감소,0
28290,3,4,3,5,3,3,3,4,1,0,3,5,1,0,2,3,2,3,1,0,2,2,3,3,4,5,3,5,2,2,1,0,2,2,1,0,2,3,4,4,2,3,3,3,2,2,3,4,4,4,3,3,1,0,1,0,3,4,1,0,4,4,1,0,1,0,1,0,1,0,1,0,1,0,3,5,3,4,1,0,1,0,2,3,5,6,4,5,4,4,3,4,4,3,5,3,3,3,2,3,4,17,1,1,1,2,0,6,5,4,4,4,5,4,4,4,9,9,4,4,2,4,3,5,4,2,3,1,4,5,3,5,4,5,4,5,4,5,4,3,4,4,2,2,2,2,2,2,2,2,2,2,2,2,2,2,2,3,6,6,4,6,5,6,5,5,1,51,4,2,5,1,50,0,0,9000,301201,의사면허 공급 과잉 때문,의학
28291,2,3,2,3,2,3,1,0,4,6,4,5,3,5,3,4,3,4,2,4,4,6,1,0,1,0,2,4,1,0,1,0,1,0,1,0,1,0,1,0,1,0,1,0,1,0,1,0,1,0,1,0,4,6,3,4,3,5,3,4,1,0,5,6,3,4,1,0,1,0,1,0,1,0,1,0,1,0,1,0,1,0,1,0,1,0,1,0,4,4,3,4,3,2,3,4,3,4,4,3,3,3,1,2,1,1,5,7,5,3,3,3,3,3,3,3,3,3,3,3,3,3,3,4,3,2,3,3,4,4,4,4,4,4,4,4,4,5,3,3,4,4,2,2,1,2,2,1,2,2,2,1,2,3,3,3,2,7,7,4,3,3,4,7,4,4,1,34,4,1,1,1,40,3600,3000,0,156101,섬유기술사 직물분석 염색가공이론 자동화 기기 도립 교육 기계 자동화 점점 일자리 감소,섬유공학
28292,3,5,4,5,4,4,4,4,3,4,3,3,3,4,2,3,3,3,3,3,2,3,3,3,4,4,3,3,2,3,4,5,3,3,2,3,4,4,3,4,3,3,3,3,3,3,3,3,4,4,3,3,3,3,3,4,3,4,3,4,3,4,3,3,2,3,3,5,3,4,3,4,3,4,3,4,3,3,4,5,3,4,3,4,4,4,3,4,4,4,4,5,4,4,4,3,3,4,4,3,3,3,1,2,2,2,0,6,2,4,4,4,4,4,4,5,4,4,5,4,4,3,3,4,4,4,4,3,3,3,4,4,5,5,5,4,4,5,4,4,4,4,2,2,2,2,2,2,2,2,2,1,2,2,2,2,1,7,6,7,5,5,6,6,5,6,2,47,3,1,1,1,48,5000,2000,0,415202,컴퓨터,디자인
28293,3,5,3,4,2,4,1,0,4,6,5,6,4,5,4,5,3,5,3,5,3,5,3,4,3,4,1,0,1,0,5,6,1,0,3,3,3,4,1,0,4,7,3,4,4,5,2,4,3,5,3,5,5,5,5,6,4,6,4,7,3,4,1,0,5,5,4,6,5,4,3,5,1,0,4,5,4,5,2,3,4,3,2,4,3,4,1,0,3,3,4,5,4,2,4,2,3,3,4,4,2,3,1,3,1,2,0,3,5,4,4,3,5,4,5,4,4,3,5,4,1,3,3,4,3,4,4,4,3,4,4,4,5,4,3,4,4,3,3,5,4,5,2,2,2,2,2,2,2,2,2,2,4,3,3,3,2,7,5,8,4,4,5,3,6,6,1,49,4,1,1,1,40,4500,3400,0,153203,산업제어계측기술사 전자응용기술사 반도체 부분 발달 수요 증가,제어계측공학
28294,2,3,2,3,1,0,4,4,2,3,2,3,1,0,2,3,2,4,2,3,2,3,2,3,2,2,2,3,2,3,3,3,3,3,2,3,2,3,3,4,2,3,2,3,3,3,1,0,1,0,3,3,1,0,1,0,1,0,1,0,3,3,3,3,1,0,1,0,1,0,1,0,2,3,1,0,1,0,1,0,1,0,1,0,2,2,2,2,3,2,2,3,2,2,3,2,3,2,2,3,3,7,1,2,2,2,0,7,2,1,1,1,3,3,3,3,3,3,3,3,2,4,3,4,4,4,4,3,4,4,3,4,3,4,3,3,3,4,4,3,4,5,2,2,2,2,2,2,2,2,2,2,2,2,2,2,1,5,5,5,5,5,5,5,5,5,2,54,2,1,1,1,40,3000,1920,0,615601,전자상거래 확대,문과
28295,2,3,2,2,3,4,3,2,2,2,3,3,2,3,3,3,1,0,2,3,2,1,1,0,2,3,3,2,1,0,3,2,2,1,1,0,2,2,3,2,2,2,2,2,2,2,2,2,1,0,1,0,3,3,2,3,2,1,1,0,2,3,3,4,4,4,3,4,3,3,2,3,1,0,4,4,4,4,3,3,4,4,2,2,3,3,2,2,3,3,4,3,2,2,3,3,2,3,2,1,3,6,4,1,1,1,2,3,2,3,3,3,3,4,4,4,9,9,4,3,3,4,3,2,4,3,4,4,3,3,4,4,2,1,1,1,2,3,3,4,4,3,2,2,2,2,2,2,2,2,2,2,2,2,2,2,1,6,6,6,5,5,5,5,5,5,1,48,2,2,6,1,40,0,0,4500,701602,문화재수리기능사 직무교육 수요 경쟁,문과
28296,5,6,5,7,4,5,5,7,2,3,5,6,3,4,4,6,2,3,4,5,5,6,3,5,4,6,5,7,4,6,5,7,4,6,4,5,5,6,3,5,5,6,2,2,3,4,1,0,1,0,5,7,1,0,1,0,1,0,1,0,1,0,1,0,1,0,1,0,1,0,1,0,1,0,1,0,1,0,1,0,1,0,1,0,1,0,1,0,4,4,2,5,4,3,4,3,3,4,4,4,3,15,2,6,2,2,0,7,5,4,4,4,3,3,3,4,4,4,4,4,2,4,4,4,3,4,4,3,5,4,3,4,4,3,4,3,4,4,5,3,4,4,2,2,2,2,2,2,2,2,2,1,3,3,3,3,2,9,5,7,3,2,5,9,5,2,1,52,5,1,1,1,40,6200,4000,0,12101,상황 수요 유지,행정학
28297,2,3,4,5,3,4,2,3,2,4,2,4,2,4,2,3,3,4,4,5,3,4,4,5,3,4,2,3,3,5,4,4,3,5,2,4,2,3,3,5,2,4,3,5,2,4,2,4,1,0,1,0,2,4,3,5,3,4,2,4,1,0,1,0,2,4,3,3,2,4,2,4,2,3,3,4,2,4,3,5,2,3,4,4,2,4,3,5,4,4,3,3,4,3,4,3,4,3,4,4,3,16,5,2,1,2,0,2,5,4,4,4,3,3,4,4,5,4,4,5,4,3,4,4,4,3,3,4,4,4,4,4,3,3,4,4,4,4,3,3,4,4,2,2,2,2,2,2,2,2,2,2,3,2,2,2,1,8,8,7,7,6,7,5,5,6,2,50,4,1,1,1,49,4000,2500,0,215105,이러닝자격증2급 방과후지도사자격증 창의 교육 증가,교육학
28298,3,4,3,5,4,4,3,4,4,4,3,5,3,5,3,5,3,5,3,4,4,4,3,4,3,4,3,4,3,4,3,4,3,5,3,5,3,4,3,6,4,5,3,5,3,4,4,5,3,4,2,4,2,4,3,5,3,4,3,4,3,4,3,3,3,4,4,5,3,4,4,4,4,4,3,4,3,4,3,5,3,4,4,4,3,4,2,4,4,4,3,3,4,3,3,4,3,4,3,4,4,13,2,4,2,2,0,2,6,3,4,3,4,3,4,4,3,4,4,3,3,4,3,3,4,3,4,3,3,3,5,3,3,4,4,3,3,4,4,3,3,2,2,2,2,2,2,2,2,2,2,2,4,3,3,3,2,4,3,4,5,6,6,4,5,5,2,33,5,1,1,1,40,4400,3000,0,122103,농업 환경 개선 증가,농학
28299,4,5,5,5,3,3,4,5,3,3,4,5,5,6,4,4,5,5,4,5,4,5,4,5,4,5,4,5,5,5,4,5,5,6,4,5,3,4,4,5,3,3,4,5,4,5,3,3,3,4,4,5,4,4,4,5,4,5,4,5,3,3,2,2,3,4,2,2,2,2,3,3,3,4,4,5,4,4,4,5,4,5,3,4,4,5,4,5,4,4,4,5,4,4,3,4,4,5,4,5,4,18,1,1,1,1,4,4,2,3,3,3,4,4,3,3,3,4,4,3,2,3,3,2,3,3,3,3,4,3,3,4,4,3,4,4,3,4,4,3,4,3,2,2,2,2,2,2,2,2,2,1,4,3,3,3,2,7,4,4,5,6,5,4,6,6,2,48,2,2,5,1,40,0,0,4800,511501,반려동물 미용사 애견 미용 실습 반려동물 가구,상고
28300,4,4,4,4,3,3,4,4,4,4,4,4,4,4,3,3,4,4,4,4,4,4,4,4,4,4,4,4,4,4,4,4,4,4,4,4,4,4,4,4,4,4,4,4,4,4,4,4,4,4,4,4,4,4,4,4,4,4,4,4,4,4,4,4,4,4,4,4,4,4,4,4,4,4,4,4,4,4,4,4,4,4,4,4,4,4,4,4,3,4,2,4,4,2,4,4,3,4,3,4,3,6,1,2,2,1,3,4,2,4,2,2,4,4,3,3,2,4,3,4,4,3,4,4,3,4,4,4,2,4,3,4,2,4,3,4,5,5,4,3,4,5,2,2,2,2,2,2,2,2,2,2,3,3,3,3,2,7,7,4,3,3,3,5,7,4,1,61,2,1,3,2,40,5300,2800,0,701401,콘크리트 섞는 훈련 재건축 재개발,이과
28301,5,6,5,6,3,4,5,5,5,6,4,5,2,3,3,4,1,0,1,0,2,2,1,0,4,5,1,0,5,6,4,6,3,4,3,5,4,5,5,6,5,6,4,6,4,6,2,3,5,7,4,6,4,6,3,4,5,7,4,5,1,0,5,6,3,4,5,7,4,6,5,7,5,6,5,6,5,6,4,6,4,6,5,4,3,4,1,0,4,4,3,4,5,4,5,4,4,3,4,5,5,4,1,3,1,2,0,3,4,4,4,4,4,3,1,4,3,4,5,4,4,4,4,4,5,4,4,5,3,5,1,4,3,4,5,3,5,4,4,5,4,1,1,1,1,1,2,1,2,2,2,2,2,2,2,2,1,7,6,9,4,3,8,8,7,7,1,47,3,1,1,1,40,6500,3500,0,705901,발송배전기술사 전기산업기사 구조 조정 업무 변동 교육 기술 발달 전산 인원 감축,화학부
28302,5,6,5,6,5,5,5,6,3,5,4,6,5,7,4,3,5,7,5,6,5,6,5,6,5,6,4,5,4,5,5,6,5,6,1,0,5,7,4,6,5,6,5,6,4,5,2,3,1,0,4,6,5,6,1,0,2,3,3,4,4,5,4,3,1,0,1,0,1,0,1,0,4,3,5,6,5,6,2,4,1,0,1,0,4,5,4,5,5,4,2,3,4,1,2,5,2,4,4,4,5,16,5,1,1,1,1,1,5,4,4,3,5,5,4,3,9,9,9,3,4,4,3,3,3,3,2,2,4,4,4,3,4,4,3,3,4,3,3,2,3,3,2,2,2,2,2,2,2,2,2,2,2,2,2,2,2,7,5,5,7,4,6,6,4,5,2,48,4,2,6,1,25,0,0,3500,214401,교원자격증 직무교육 저출산,음악학
28303,4,5,4,4,3,3,4,4,4,5,4,5,1,0,3,3,4,5,2,2,3,3,3,3,3,3,3,4,4,4,4,4,5,5,4,5,4,4,5,5,4,4,4,4,4,4,4,3,3,3,3,3,1,0,1,0,1,0,1,0,5,3,1,0,1,0,1,0,1,0,1,0,2,2,1,0,1,0,1,0,1,0,1,0,3,3,3,3,4,3,3,3,4,4,3,3,3,4,3,3,3,7,4,1,2,1,2,2,2,3,3,3,3,3,3,3,9,9,4,3,4,3,3,3,2,3,3,3,4,4,2,5,3,4,4,4,4,5,3,2,5,5,2,2,2,2,2,2,2,2,2,1,2,2,2,2,2,7,5,5,5,5,4,4,6,5,1,47,2,2,6,1,60,0,0,5000,615203,통신영업과 마케팅전략 고객서비스 고객과의 상담 의사소통 서비스 온라인 판매,공고
28304,4,6,4,6,3,5,3,4,4,7,4,6,3,5,4,6,4,6,1,0,3,4,4,6,4,6,3,4,2,2,4,6,1,0,3,4,4,5,3,5,4,6,4,6,4,6,1,0,1,0,3,6,4,6,4,6,4,6,3,4,4,6,4,6,4,6,4,6,3,4,4,6,4,6,4,6,4,6,4,5,3,4,1,0,3,4,3,4,4,3,4,4,4,4,4,3,2,4,3,3,4,13,3,2,1,1,3,3,5,3,3,3,3,3,4,3,3,1,3,3,2,4,3,4,4,2,2,2,4,5,3,3,2,2,3,3,3,4,4,4,4,3,2,2,2,2,2,2,2,2,2,2,3,3,3,3,2,9,8,8,8,2,2,2,8,8,2,31,4,1,1,1,48,4700,3000,0,157201,식품기사 식품 실험법 품질별 기준법 식품 건강 관계,식품공학
28305,2,2,4,4,2,1,2,2,1,0,1,0,3,3,4,3,3,3,3,3,2,2,2,3,3,5,3,5,4,3,4,6,4,6,4,5,3,3,5,6,3,5,3,3,4,4,2,3,2,2,3,3,3,4,3,3,3,4,3,3,4,5,3,3,4,4,4,4,4,4,4,4,1,0,4,4,4,2,4,4,3,2,4,3,4,4,3,3,4,4,3,4,4,2,3,4,2,3,4,4,4,13,1,3,1,2,0,4,4,4,3,2,4,4,2,4,3,3,4,3,2,4,4,2,2,3,3,4,2,4,3,4,3,3,4,4,4,4,3,3,4,4,2,2,2,2,2,2,2,2,2,1,3,2,2,2,2,7,7,7,5,5,5,5,5,3,2,31,4,1,3,2,47,3400,2700,0,416401,사진기능사 포토샵 자격증 크게 변동,정보통신학
28306,2,3,3,2,3,4,3,2,3,3,4,4,3,2,4,4,2,3,3,4,2,3,3,3,3,4,3,3,2,2,3,4,3,1,1,0,1,0,3,2,4,3,3,3,3,2,2,3,3,3,1,0,3,4,3,3,4,3,3,4,3,3,2,3,4,3,3,3,3,3,3,4,3,2,4,3,4,4,3,3,4,3,3,3,3,3,2,3,3,2,3,3,2,3,3,2,4,3,4,2,3,3,1,3,2,1,1,2,2,3,4,4,4,4,4,4,4,3,3,4,3,4,3,3,3,4,4,3,4,3,3,3,4,5,5,4,3,4,2,3,3,5,2,2,2,2,2,2,2,2,2,3,1,2,2,2,1,7,8,6,4,4,3,7,7,5,1,45,4,1,1,1,40,4300,3200,0,826301,안전 교육 대형화 자동화 인력 수요 감소 일자리 감소,전기
28307,5,5,5,6,3,4,4,6,5,5,4,5,4,5,4,4,5,4,4,4,4,5,3,4,4,4,3,4,4,4,4,4,4,4,4,4,4,3,5,4,5,4,4,5,4,6,3,3,5,2,4,3,4,3,5,4,5,4,5,5,3,3,4,4,4,4,4,4,4,5,4,5,4,3,4,4,4,6,4,4,5,4,4,3,5,5,5,6,3,4,3,3,4,1,4,3,2,4,3,4,4,15,2,3,1,1,6,6,3,3,3,3,3,4,2,3,3,3,3,2,4,3,3,4,3,3,4,3,2,4,2,5,2,3,3,3,3,5,3,4,5,4,1,1,1,1,2,1,2,1,1,2,4,3,1,3,2,2,2,3,2,2,2,2,3,1,1,29,2,1,1,1,48,4500,1800,0,811901,농기계정비 산업기사 농기계정비 기능사 농기계정비 관련 실무교육 농기 첨단 제어 수리 전용 통신 장비 진단 수리 점등 노후 인구 일자리 증가 직종 청년 기피 직업,자동차
28308,2,4,2,4,2,2,2,2,3,4,2,4,3,3,3,3,2,2,2,1,2,3,2,2,3,3,2,1,2,1,3,3,2,1,1,0,2,2,3,3,3,4,3,3,2,3,2,3,1,0,1,0,4,3,3,4,3,4,3,3,1,0,2,1,3,3,3,3,2,2,3,3,2,2,3,4,3,4,2,3,4,4,2,1,3,3,3,3,4,2,3,4,3,2,4,3,3,2,3,3,4,3,1,2,1,1,3,3,2,3,4,3,4,5,3,4,3,3,4,4,1,4,3,3,4,2,3,3,4,3,3,4,2,3,4,4,4,5,4,2,4,4,2,2,2,2,2,2,2,2,2,2,2,3,3,3,2,8,6,8,3,5,6,6,4,4,1,27,4,1,1,1,40,3400,3000,0,813101,금형기술사 금형원 훈련 자동화 시스템 증가,금형
28309,2,4,3,4,1,0,2,3,3,5,3,4,3,4,3,5,4,5,3,4,2,2,3,5,3,5,4,5,2,3,2,3,1,0,2,4,2,4,2,3,3,4,3,4,2,4,1,0,2,4,1,0,3,4,3,5,3,4,4,5,3,5,3,4,3,4,3,4,4,5,4,5,3,4,3,4,3,3,3,4,3,4,2,3,3,4,3,5,4,4,3,3,4,3,4,2,3,3,2,3,3,3,1,2,2,1,2,3,4,3,3,4,4,3,3,3,4,4,4,4,3,4,3,4,5,4,4,3,4,4,3,3,3,3,3,3,4,4,5,4,4,3,2,2,2,2,2,2,2,2,2,1,4,1,3,3,2,7,8,5,4,4,4,5,6,6,1,34,4,1,1,1,48,4200,3100,0,153301,성능 시험 훈련 전기 기술 발전 신제품 계속 출시,전기공학
28310,2,2,2,2,2,2,2,2,2,2,2,2,2,2,2,2,2,2,2,2,2,2,2,2,2,2,2,2,2,2,2,2,2,2,2,2,2,2,3,2,2,2,2,2,2,2,2,2,2,2,2,2,2,2,2,2,2,2,2,2,2,2,2,2,2,2,2,2,2,2,2,2,2,2,2,2,2,2,2,2,2,2,2,2,2,2,2,2,3,3,3,3,3,2,3,3,3,2,3,3,3,1,1,2,2,2,0,7,2,2,2,2,3,3,3,4,3,4,3,3,3,2,3,2,3,2,3,3,3,4,4,3,3,3,3,3,4,3,4,4,4,2,2,2,2,2,2,2,2,2,2,2,2,2,2,2,2,6,5,4,5,6,5,3,4,5,1,58,2,1,2,2,50,3000,2000,0,904101,수산물 소비 감소,문과
28311,3,2,3,2,3,2,3,2,3,3,3,3,4,4,3,2,4,3,3,3,3,2,4,3,3,2,3,2,3,2,3,2,4,3,4,3,3,2,3,3,4,3,4,3,4,3,3,3,4,3,3,2,3,3,2,3,3,3,3,2,3,2,2,3,3,2,3,2,3,2,3,3,1,0,3,2,4,3,3,3,3,3,4,3,3,2,3,2,4,3,3,3,3,2,3,4,3,3,3,3,3,1,4,1,2,1,2,7,1,4,2,2,3,3,3,2,9,9,9,3,5,1,3,5,4,4,5,2,3,5,2,5,3,3,3,2,4,4,3,3,4,3,2,2,2,2,2,2,2,2,2,1,3,3,3,3,2,4,4,4,6,4,4,3,3,3,1,70,2,2,6,1,45,0,0,5500,901201,농약 비료 사용법 농업 전산 화가 것임,인문계
28312,4,4,3,4,2,3,4,5,1,0,2,3,3,4,2,2,3,4,3,4,3,2,3,3,4,3,4,3,3,4,4,3,3,3,3,3,3,3,3,3,3,3,3,3,3,3,3,3,2,2,4,3,1,0,1,0,1,0,1,0,1,0,1,0,1,0,1,0,1,0,1,0,2,2,2,2,2,3,3,3,3,4,3,4,3,3,3,3,4,5,3,3,4,2,3,4,3,3,4,3,3,18,4,1,2,2,0,4,2,3,4,3,4,4,4,4,9,9,4,4,2,4,5,3,2,4,3,3,5,4,4,4,5,5,5,4,4,5,4,4,5,3,2,2,2,2,2,2,2,2,2,1,2,2,2,2,1,9,8,4,3,4,6,8,3,3,2,28,3,1,4,2,40,3000,2000,0,416204,프로그램 방송 점점,연극영화
28313,3,4,4,4,1,0,2,3,3,4,4,5,5,5,3,4,2,3,5,5,2,3,2,3,5,4,3,4,3,3,3,4,3,4,3,4,3,4,4,4,3,4,3,4,3,3,3,3,3,3,2,2,5,5,3,4,4,4,4,5,2,5,3,4,5,4,3,5,4,4,4,5,3,4,4,4,4,5,5,5,3,4,3,3,3,4,1,0,4,5,4,3,5,2,2,3,3,3,4,3,5,18,4,1,1,2,0,1,5,3,4,3,4,4,3,3,9,3,3,3,2,4,4,3,3,2,3,2,2,3,1,4,3,4,4,3,2,3,3,4,3,2,2,2,2,2,2,2,2,2,2,3,2,2,2,2,1,3,4,4,5,5,5,7,2,2,1,49,3,2,6,1,50,0,0,4000,414201,사진기능사 인구 감소 스마트폰 기술 발달 때문 감소,사진학
28314,3,4,3,4,1,0,3,4,3,4,3,4,2,2,3,4,3,4,3,4,3,4,3,4,3,4,3,4,3,4,2,4,3,4,1,0,3,4,3,4,4,5,3,5,4,5,1,0,3,5,4,5,4,4,3,4,3,4,3,4,4,6,5,5,3,4,3,4,3,4,3,4,4,5,4,5,3,4,4,4,3,2,2,3,4,5,4,5,3,3,3,3,2,3,3,4,3,3,3,3,3,10,1,4,2,2,0,7,4,4,3,3,3,3,3,4,3,3,3,3,3,3,3,3,2,3,3,3,3,3,3,3,2,3,4,3,3,3,3,3,3,3,2,2,2,2,2,2,2,2,2,2,4,3,2,3,1,3,4,5,4,3,3,8,3,4,1,45,5,1,1,1,45,6200,3600,0,134301,모든 정보 컴퓨터 언어 회로 기록,정보시스템학
28315,3,3,4,4,2,3,2,2,1,0,4,4,1,0,3,3,3,3,1,0,2,2,3,3,2,1,4,4,2,2,1,0,2,1,3,3,4,5,3,4,4,5,2,2,3,3,1,0,3,3,2,2,4,5,4,5,4,6,5,7,5,7,3,3,5,5,5,5,4,6,2,1,5,7,2,3,2,3,1,0,1,0,1,0,2,3,1,0,2,2,5,3,1,5,3,3,3,3,2,3,4,10,1,2,2,2,0,7,5,2,2,1,2,3,2,3,3,3,4,3,3,2,2,4,3,2,2,2,4,4,3,4,2,3,2,2,3,4,2,3,4,3,2,2,2,2,1,2,2,2,2,2,4,3,3,3,2,9,7,7,3,6,4,3,3,5,1,34,4,1,3,1,45,3700,3500,0,134301,모바일 기기 사용 확대 증가 모바일 통신 기기 확대 무선 네트워크 산업화 서버 네트워크 정보 시스템 운영 관리 인력 역활 점점 증가,산업공학
28316,4,5,4,6,4,5,4,5,4,5,4,6,3,4,4,5,4,5,3,4,4,4,4,6,3,4,4,4,3,4,3,4,2,3,2,3,4,4,3,4,4,6,3,3,4,4,3,3,3,4,3,4,4,5,3,4,2,3,3,3,3,4,3,4,3,5,2,3,2,2,2,3,3,5,3,4,2,3,2,3,2,3,2,4,3,5,3,4,4,3,4,4,4,3,4,4,4,5,4,5,4,15,2,5,1,2,0,7,5,4,3,3,5,4,4,4,4,4,4,5,1,3,4,4,3,3,3,1,4,4,4,4,3,4,4,3,3,4,3,2,5,5,2,2,2,2,2,2,2,2,2,2,3,3,3,3,2,6,6,4,4,4,3,4,5,6,2,28,5,1,1,1,52,4300,3800,0,155106,원자력기사 원자력발전기술사 상태 유지,방사선학
28317,3,4,3,4,2,3,4,4,1,0,3,3,3,4,4,5,2,3,1,0,1,0,3,4,3,4,4,3,3,3,1,0,1,0,2,3,3,4,3,4,3,3,4,3,5,4,3,3,3,4,2,2,2,3,2,2,3,3,1,0,1,0,4,4,3,3,3,3,1,0,1,0,1,0,3,4,3,4,2,3,3,3,2,2,4,3,3,3,2,3,4,2,3,2,3,2,3,4,3,3,4,3,4,1,2,2,0,6,1,3,2,2,3,3,2,2,9,9,3,2,2,3,3,4,4,3,3,4,4,4,2,5,3,4,5,5,3,4,4,3,4,3,2,2,2,2,2,2,2,2,2,1,3,3,2,2,2,3,2,3,5,4,3,5,6,6,2,49,4,2,6,1,54,0,0,3500,863101,전통 한복 대신 개량 한복 수요,패션디자인학
28318,3,4,2,4,1,0,1,0,1,0,2,3,1,0,1,0,1,0,3,3,3,4,2,4,3,3,4,4,1,0,1,0,3,4,1,0,2,3,1,0,4,5,1,0,1,0,1,0,1,0,1,0,3,4,1,0,3,5,1,0,1,0,1,0,2,3,4,5,2,3,4,6,1,0,1,0,1,0,2,3,1,0,1,0,3,3,2,4,2,3,4,3,3,3,4,2,3,3,4,3,3,3,1,2,1,1,3,7,4,3,3,3,4,2,4,3,3,3,3,3,3,2,2,4,3,2,2,2,3,3,4,4,3,4,3,3,3,4,3,2,4,3,2,2,2,2,2,2,2,2,2,1,1,3,3,3,2,7,8,8,7,7,5,2,2,6,2,34,4,1,1,1,40,3000,2700,0,158401,대기환경기사 근골격 사무보건쪽 기업,환경공학
28319,3,3,3,4,2,2,3,4,3,3,2,2,2,2,3,4,2,3,2,2,2,1,3,3,3,4,4,5,3,3,3,4,2,2,2,3,3,4,4,5,3,4,3,4,2,3,3,4,3,4,3,3,2,3,1,0,2,3,2,1,2,2,3,4,3,3,1,0,2,3,3,4,2,3,4,5,3,4,3,3,2,3,3,4,2,3,2,2,3,4,3,2,3,2,2,4,4,3,3,2,4,7,1,1,2,2,0,5,2,4,3,4,4,4,3,3,9,4,4,4,4,3,4,3,4,2,3,4,3,2,3,4,2,3,4,3,3,4,3,4,2,4,2,2,2,2,2,2,2,2,2,2,2,2,2,3,2,5,5,6,4,4,5,6,5,3,2,53,2,1,1,1,52,2500,2200,0,872201,대기업 대량 제조,상고
28320,2,3,2,3,2,2,3,3,3,3,2,3,4,6,4,5,4,5,4,6,4,6,4,5,4,6,4,6,4,5,4,4,3,3,2,3,2,3,4,4,3,3,3,4,4,5,1,0,2,2,2,2,3,4,2,3,2,3,2,2,1,0,2,2,2,2,4,5,2,3,3,4,3,3,3,3,2,3,4,6,3,4,3,4,4,5,4,4,4,3,2,3,4,4,4,3,4,4,3,3,3,19,1,3,2,2,0,7,4,2,3,3,2,3,4,3,2,3,3,3,2,3,3,2,3,3,4,2,3,3,3,2,3,4,3,4,3,3,3,4,3,3,2,1,1,1,2,1,2,2,2,2,4,2,2,3,1,2,3,4,7,4,3,2,2,3,2,40,4,1,1,1,42,4300,2800,0,415404,테블릿 통한 직접 그림 디자인 시작 홍보 디자인 필요성,패션디자인
28321,1,0,1,0,1,0,5,7,3,4,3,4,1,0,1,0,4,6,1,0,1,0,1,0,2,2,3,4,4,6,2,2,5,7,5,7,1,0,5,7,2,2,5,7,5,6,3,4,1,0,1,0,1,0,1,0,1,0,1,0,2,2,1,0,1,0,1,0,1,0,1,0,1,0,1,0,1,0,1,0,1,0,1,0,1,0,1,0,4,4,4,5,4,4,4,4,4,5,4,4,4,7,1,2,2,2,0,7,2,4,5,4,4,5,4,3,3,2,3,3,2,3,3,4,4,5,4,4,4,4,4,4,4,5,4,4,4,5,4,4,4,5,2,2,2,2,2,2,2,2,2,1,3,2,2,2,2,6,5,6,5,6,6,7,6,6,1,48,2,1,1,1,55,5000,2000,0,612301,고객 집접 보고,건축
28322,3,4,3,4,3,4,3,4,2,4,4,5,3,4,4,5,4,5,1,0,3,4,3,4,3,4,4,5,4,5,3,4,3,4,3,4,3,4,4,6,4,5,4,5,4,5,3,4,4,5,3,5,1,0,1,0,3,3,2,3,3,4,3,3,3,3,3,4,1,0,1,0,3,4,2,2,1,0,3,4,1,0,1,0,4,4,3,4,3,4,3,3,3,4,4,3,2,3,4,4,4,7,1,4,2,1,2,7,5,4,4,3,4,4,4,3,4,4,4,4,3,4,3,3,4,2,3,4,3,3,4,3,4,3,3,2,3,4,4,3,3,4,2,2,2,2,2,2,2,2,2,2,2,3,3,3,1,3,4,3,7,4,3,7,3,4,2,48,4,1,1,1,40,4800,3400,0,12301,마케팅 연구 마케팅 기술 발달,경영학
28323,3,4,5,4,4,4,5,4,1,0,4,5,1,0,3,4,3,5,3,3,4,4,1,0,5,5,3,4,4,5,5,6,4,4,2,2,1,0,2,3,3,4,3,4,4,5,1,0,1,0,1,0,1,0,1,0,1,0,1,0,1,0,1,0,1,0,1,0,1,0,1,0,1,0,1,0,1,0,1,0,1,0,2,3,3,5,4,4,4,3,4,2,3,2,1,5,3,3,3,4,4,10,1,5,2,2,0,6,5,4,3,3,4,4,4,2,2,3,4,3,3,4,4,4,4,3,3,3,2,3,3,4,4,3,2,3,3,3,3,3,4,5,2,2,2,2,2,2,2,2,2,2,3,3,3,3,2,6,5,7,4,7,8,5,6,4,2,35,4,1,3,2,35,3000,2050,0,416302,분야 전문화 프로그램 계속 때문 인력 계속,국어국문학
28324,4,6,4,5,4,5,4,5,4,5,4,5,5,6,4,6,4,5,4,6,4,5,4,5,4,6,5,6,4,5,1,0,1,0,1,0,4,6,4,5,4,5,4,6,4,6,4,6,4,5,4,5,4,5,4,6,4,5,4,6,5,6,4,6,5,7,4,6,4,6,5,6,4,6,5,6,4,6,1,0,1,0,1,0,4,5,3,5,4,4,3,4,4,4,4,3,4,4,4,5,4,13,1,3,1,1,4,5,5,4,5,4,4,5,4,4,4,4,5,4,4,4,4,3,3,2,2,4,4,4,4,4,4,5,5,5,4,4,4,4,4,3,2,2,2,2,2,2,2,2,2,1,4,1,1,1,1,1,1,1,2,2,3,8,7,3,1,35,5,1,1,1,40,6500,3000,0,151201,로봇기구 개발기사 로봇하드웨어개발기사 항공정비 기능사 로봇 제조업체 의료 국방 환경 실버 수요 처가,기계공학
28325,4,5,3,4,4,5,2,3,3,3,4,6,4,5,2,3,3,4,4,5,2,3,4,5,3,4,3,5,4,5,3,3,1,0,1,0,4,6,1,0,1,0,4,4,4,4,4,4,2,3,3,3,3,3,2,3,2,3,3,3,3,3,2,3,3,3,2,3,4,6,3,3,3,3,2,3,3,3,2,3,2,2,2,2,2,3,2,2,3,3,3,3,4,4,3,4,3,3,4,3,3,10,1,6,2,1,1,4,5,3,2,2,4,3,3,3,3,2,4,3,3,3,3,4,2,3,3,2,3,3,3,4,3,3,3,2,2,4,2,3,3,3,2,2,1,2,2,2,2,2,2,2,2,3,3,3,1,6,7,7,6,6,5,5,5,5,1,33,4,1,1,1,40,3600,3000,0,134303,시스템 개론 정보처리 장비 도입 첨단 기술 시스템 도입 자체 사전 감지 기능 시스템 에러 확률 줄어듬,컴퓨터공학
28326,4,6,4,5,2,2,3,4,3,5,3,4,2,2,4,5,3,4,3,3,3,3,3,4,3,3,3,5,2,3,2,3,3,3,3,3,1,0,3,4,4,4,2,3,1,0,1,0,1,0,1,0,1,0,1,0,1,0,2,2,4,6,2,3,2,3,1,0,1,0,2,2,2,2,1,0,1,0,1,0,1,0,1,0,2,4,2,1,4,4,2,3,4,3,3,3,2,3,3,3,2,13,1,4,2,2,0,2,4,4,4,3,4,5,4,4,3,4,4,4,2,4,4,3,2,3,3,2,2,4,2,4,4,5,4,4,4,5,4,4,3,4,2,2,2,2,2,2,2,2,2,2,2,2,2,3,1,6,6,4,4,3,4,3,4,4,2,29,4,1,1,1,40,3100,3000,0,28101,전염병 유행 경제 침체,국제무역학
28327,5,6,4,5,2,3,2,3,4,5,4,5,1,0,3,3,3,3,1,0,1,0,1,0,2,2,1,0,1,0,1,0,1,0,1,0,1,0,2,2,4,4,4,5,3,4,2,2,1,0,2,2,1,0,1,0,1,0,1,0,1,0,1,0,1,0,1,0,1,0,1,0,1,0,1,0,1,0,1,0,1,0,1,0,2,2,2,2,5,3,3,4,5,5,4,4,3,3,3,4,4,8,1,3,1,2,0,4,5,5,4,4,4,4,4,5,4,4,4,4,2,4,4,2,3,4,3,3,4,4,4,4,4,4,4,3,4,5,3,3,4,4,2,2,2,2,2,2,2,2,2,1,4,3,3,3,2,7,2,4,3,2,4,2,6,6,1,41,4,1,1,1,40,5000,3200,0,23301,관세사 수출 수입 통한 무역의존도 구조이,경영학
28328,3,4,3,4,2,3,3,4,3,4,3,4,4,5,3,4,4,5,3,4,3,4,4,5,3,4,3,4,4,5,3,4,2,3,2,3,2,3,4,5,3,4,3,4,4,5,3,4,4,5,3,4,2,4,1,0,3,4,1,0,1,0,4,5,2,4,1,0,1,0,1,0,3,4,2,3,2,3,4,5,4,6,3,2,3,5,4,5,4,4,3,2,3,2,2,3,3,2,3,2,3,9,1,3,1,2,0,3,5,3,4,4,4,3,4,3,4,3,4,4,3,3,3,4,3,3,3,3,3,4,3,3,4,3,3,3,4,4,3,3,4,3,2,2,2,2,2,2,2,2,2,1,4,2,2,2,1,5,6,5,6,5,4,5,6,6,2,34,4,1,1,1,30,3600,3200,0,531301,중식조리기능사 외식,식품요리
28329,4,6,5,6,4,6,4,6,4,6,4,6,3,5,3,6,3,6,4,6,4,6,4,6,4,6,4,6,4,6,4,6,4,6,4,6,4,6,4,6,4,6,4,6,5,6,4,6,4,6,4,6,4,6,4,6,4,6,4,6,4,6,4,6,4,6,4,6,4,6,4,6,4,6,5,6,4,6,4,6,4,6,4,6,5,6,4,6,4,4,3,4,4,4,4,4,3,3,3,3,4,17,1,1,1,1,6,6,5,4,5,5,4,5,4,5,4,9,5,5,4,4,4,4,5,4,4,4,3,4,4,4,5,5,4,4,4,5,4,4,4,4,2,2,2,2,2,2,2,2,2,1,3,3,3,3,2,8,7,7,6,6,5,7,6,4,1,43,4,1,3,1,45,5600,3700,0,301401,의사자격증 의사자격 사람,치의학
28330,1,0,1,0,1,0,1,0,1,0,1,0,1,0,1,0,1,0,2,3,1,0,1,0,1,0,1,0,1,0,2,3,1,0,1,0,1,0,1,0,1,0,1,0,1,0,1,0,2,3,1,0,1,0,1,0,1,0,1,0,1,0,1,0,1,0,2,3,1,0,1,0,1,0,3,4,2,3,1,0,4,4,3,4,3,4,2,3,4,3,3,4,3,3,3,3,3,2,2,3,3,14,1,1,1,2,0,7,2,3,3,2,4,3,3,3,3,3,4,3,2,3,4,3,3,2,3,3,3,4,3,3,4,3,3,3,3,4,4,4,3,4,2,2,2,2,2,2,2,2,2,1,3,2,2,2,2,5,4,6,5,4,5,5,4,5,1,39,4,1,1,1,46,4200,3240,0,903101,산림기능사 환경 휴양 관심,조경관리
28331,4,5,4,5,4,5,5,6,2,1,5,6,3,4,5,6,2,1,2,2,5,7,3,4,4,5,5,7,4,5,4,5,4,5,5,6,4,6,3,5,4,6,3,3,3,4,2,1,1,0,5,6,1,0,1,0,1,0,1,0,1,0,1,0,1,0,1,0,1,0,1,0,1,0,1,0,1,0,1,0,1,0,1,0,1,0,1,0,3,4,2,4,4,2,4,3,3,4,5,4,4,15,2,6,2,2,0,7,5,5,4,4,4,3,4,4,4,3,4,4,2,4,4,3,4,5,5,3,5,4,3,4,5,3,4,3,4,5,4,3,4,4,2,2,2,2,2,2,2,2,2,1,3,3,3,3,2,6,3,4,2,4,5,5,8,9,1,51,4,1,1,1,40,6500,4000,0,12101,상황 지속,정치외교학
28332,4,4,4,3,1,0,1,0,1,0,3,5,1,0,4,4,3,4,1,0,2,3,3,4,4,4,2,3,2,3,1,0,1,0,1,0,2,3,4,4,3,5,3,4,3,3,1,0,1,0,1,0,3,4,1,0,4,6,4,6,1,0,1,0,4,6,3,5,4,5,4,6,1,0,4,6,2,4,4,4,4,4,3,5,3,3,2,3,2,2,1,3,2,1,3,4,2,2,1,3,2,4,1,2,1,1,2,3,2,3,2,1,2,1,1,3,2,3,4,3,2,1,1,3,4,2,3,4,3,4,2,3,3,2,3,3,4,4,3,2,3,5,2,2,2,2,2,2,2,2,2,1,2,3,3,3,2,6,7,6,4,3,3,7,4,3,1,33,2,1,1,1,50,4900,3600,0,831301,전기기능사 한전정기교육 공사 수요 유지 보수 대부분 일자리,기계
28333,3,5,3,4,2,4,3,5,2,2,2,4,2,2,3,4,3,5,2,3,2,2,3,4,4,6,3,4,2,3,3,4,2,3,2,2,3,4,3,5,3,5,3,5,4,5,2,3,3,5,2,3,5,6,5,6,3,4,2,3,3,5,4,6,4,6,3,4,2,2,2,3,5,6,4,5,3,4,3,4,2,3,3,4,3,4,3,4,4,3,3,3,3,2,2,4,3,3,3,3,4,6,1,2,1,2,0,7,4,3,4,4,4,5,3,4,3,3,4,4,2,4,3,3,4,3,3,5,4,4,4,4,3,5,4,4,3,5,4,3,5,4,2,2,2,2,2,2,2,2,2,2,2,3,3,3,2,7,6,5,8,4,6,7,4,5,1,30,4,1,1,1,40,2900,2600,0,159104,건축산업기사 발전,건축공학
28334,2,3,3,3,2,3,3,4,2,3,2,4,2,2,3,3,3,3,3,4,3,3,3,4,2,3,1,0,3,3,2,3,2,3,1,0,1,0,2,3,3,4,3,3,3,3,1,0,3,3,1,0,3,3,1,0,1,0,1,0,3,3,3,3,2,3,3,3,2,3,2,2,1,0,2,3,1,0,1,0,1,0,3,3,4,5,3,3,3,4,3,3,5,3,5,4,3,4,4,3,4,17,1,2,1,2,0,6,4,4,5,4,4,3,4,4,5,5,4,5,4,4,4,4,3,5,4,4,4,4,4,4,4,4,3,4,4,4,3,4,4,3,2,2,2,2,2,2,2,2,2,2,4,3,3,3,2,4,5,6,6,7,6,5,4,4,2,26,3,1,1,1,40,2700,2500,0,306401,치과위생사 고령 인구 증가,치위생
28335,4,5,4,5,3,5,4,5,3,4,4,5,4,5,3,4,2,3,1,0,3,4,2,4,4,5,2,3,3,4,2,4,4,5,3,4,4,5,4,5,5,6,4,6,4,5,3,5,3,4,3,5,3,4,4,6,3,7,1,0,5,7,3,4,5,7,5,7,5,5,3,4,1,0,1,0,1,0,1,0,1,0,1,0,3,4,3,4,5,3,5,3,5,4,4,4,3,4,4,2,5,7,1,2,1,2,0,6,5,5,5,5,4,4,2,3,4,4,4,4,1,5,5,5,3,4,3,3,5,3,4,5,5,3,3,4,3,5,5,4,5,3,2,2,1,1,2,2,2,2,2,1,3,3,3,3,2,8,8,2,1,2,5,3,3,5,1,44,4,1,1,1,52,9000,5000,0,134301,정보처리기사 서버 가상화 그룹 웨어 개발 중견 기업 조직 전산 인프라 구축,전산
28336,4,5,4,5,3,4,4,4,4,4,4,6,5,6,3,4,3,4,3,4,4,5,4,5,4,4,4,5,4,5,4,5,4,5,4,5,4,5,3,3,4,4,5,6,5,6,3,4,3,3,4,4,3,3,2,2,2,2,2,2,3,3,3,3,2,2,2,2,2,2,2,2,2,2,2,2,2,2,3,3,2,2,3,3,3,3,3,3,3,2,3,3,3,3,2,3,3,3,3,4,4,18,3,3,2,1,2,3,4,3,3,3,3,4,3,3,2,2,3,2,4,2,3,2,3,2,2,3,3,4,4,4,3,3,4,3,3,3,2,2,4,4,2,2,2,2,2,2,2,2,2,2,2,2,2,2,1,7,7,7,3,3,3,7,8,8,1,52,3,1,1,1,52,7000,5000,0,13601,연수 인공 지능,사회
28337,3,4,3,3,3,3,3,4,3,4,2,4,4,4,4,4,2,3,3,5,3,3,3,5,4,4,4,3,5,4,3,3,2,3,3,3,4,4,4,4,5,4,4,4,2,3,2,3,1,0,1,0,2,3,3,3,2,3,2,2,1,0,2,2,2,3,1,0,1,0,1,0,3,3,2,3,2,5,2,3,2,2,2,2,3,4,2,3,4,5,3,2,4,3,3,3,3,4,5,4,4,17,3,2,2,2,0,2,4,4,3,4,4,5,4,4,3,2,3,4,3,3,2,3,4,3,3,2,3,3,2,4,4,3,4,3,3,4,4,3,3,3,2,2,2,2,2,2,2,2,2,1,4,2,2,2,1,4,3,4,5,4,4,7,3,4,2,32,4,1,3,2,40,2000,1800,0,306904,복지 센터 교육 기관 활용 증가,특수교육학
28338,4,5,4,4,4,4,4,4,4,4,4,4,4,4,3,3,4,4,4,4,4,4,4,4,4,4,4,4,4,4,4,5,4,4,4,4,4,4,4,5,3,3,4,4,4,4,4,4,4,4,4,4,4,4,4,4,4,4,4,4,4,4,4,4,4,4,4,4,4,4,4,4,4,4,4,4,4,4,4,4,4,4,4,4,4,4,4,4,4,4,3,2,4,2,4,4,3,4,4,4,4,7,1,1,1,1,3,4,2,4,3,2,4,4,3,3,3,4,4,4,3,2,3,4,3,4,4,4,2,4,3,4,3,4,4,3,4,4,4,2,4,5,2,2,2,2,2,2,2,2,2,2,3,3,2,3,2,5,3,5,3,5,4,5,7,5,2,49,2,2,7,2,60,0,0,7300,901401,원예기능사 병충해 예방방법 교육 수목원 사람 증가,인문계
28339,5,7,4,5,3,5,1,0,4,3,5,6,5,6,4,4,3,4,4,4,2,3,4,4,3,2,5,3,3,4,3,2,1,0,1,0,3,2,1,0,5,5,3,3,4,3,4,4,2,3,1,0,4,4,3,2,3,4,4,4,1,0,3,2,4,6,4,3,3,3,1,0,1,0,1,0,4,3,1,0,1,0,1,0,2,2,1,0,5,3,4,4,2,3,4,2,3,5,5,3,4,13,1,4,2,2,0,2,5,4,3,5,5,3,4,5,4,4,3,5,1,4,3,5,3,3,4,3,5,4,5,4,4,3,5,4,5,5,3,4,4,5,2,2,2,2,2,2,2,2,2,2,4,3,3,3,2,7,3,4,6,8,7,7,4,5,1,46,5,1,1,1,40,7900,4500,0,155102,대체에너지 발굴 수요 증가,금속공학
28340,5,6,5,7,4,6,5,7,2,3,5,6,4,5,1,0,4,4,1,0,4,6,5,6,3,4,5,6,5,6,5,6,5,6,5,5,4,6,5,6,5,6,5,6,4,5,1,0,1,0,5,6,1,0,1,0,1,0,1,0,5,6,1,0,1,0,1,0,1,0,1,0,4,6,1,0,1,0,1,0,1,0,1,0,4,5,4,5,4,5,2,3,4,4,3,5,4,4,5,4,3,13,1,4,1,2,0,6,5,4,3,4,5,5,4,3,3,4,5,4,4,4,4,3,4,4,3,4,3,3,4,4,4,5,3,4,4,4,5,3,4,4,2,2,2,2,2,2,2,2,2,1,3,2,3,3,1,2,2,8,1,2,4,2,9,9,1,57,4,2,5,1,42,0,0,9500,22202,경영지도자 HR1급자격증 마음 일이,경영학
28341,3,4,3,4,1,0,3,4,2,2,3,4,3,4,2,2,2,2,2,2,3,4,2,2,4,6,2,2,3,4,2,2,3,4,3,4,3,4,3,4,3,4,4,6,4,5,3,4,3,4,2,2,3,4,3,4,3,4,2,2,3,4,2,2,3,4,3,4,3,4,3,4,2,2,3,4,3,4,3,4,4,5,4,5,3,4,3,4,4,4,2,3,2,2,4,3,3,3,2,4,3,3,1,1,2,2,0,2,2,4,3,3,4,4,3,3,9,9,3,3,2,3,3,4,4,4,2,1,4,2,4,4,4,2,2,2,4,5,4,3,4,2,2,2,1,1,1,2,2,2,2,2,1,2,2,2,2,2,8,4,7,3,7,3,7,4,1,60,2,2,5,1,40,0,0,3500,826101,장비 도입 전문화 장비 기술 도입 때문,상고
28342,2,3,3,3,2,3,3,2,1,0,3,4,2,3,3,3,3,2,2,3,3,3,3,3,3,3,1,0,3,3,3,3,1,0,1,0,2,2,3,4,4,4,2,2,3,3,1,0,1,0,1,0,2,2,1,0,1,0,1,0,2,2,3,3,2,3,2,3,3,1,3,3,1,0,4,3,1,0,1,0,3,3,1,0,3,3,3,3,4,3,3,4,5,2,4,3,1,4,5,4,4,3,1,2,1,2,0,5,4,4,3,4,4,4,4,4,4,4,4,4,4,3,4,3,4,4,3,4,4,3,3,4,4,3,4,4,3,4,3,4,4,3,2,2,2,2,2,2,2,2,2,2,3,3,3,3,2,5,6,7,6,8,8,4,5,6,2,32,3,1,1,1,40,2800,2300,0,871101,제과기능사 제빵기능사 제과점 자영 업자,식품조리학
28343,2,2,4,5,1,0,2,2,3,4,2,3,2,3,3,4,2,2,1,0,1,0,3,4,3,4,3,3,2,2,3,4,1,0,2,2,1,0,2,2,3,4,4,5,3,4,2,3,3,3,1,0,2,2,3,4,4,5,3,3,2,2,3,3,3,4,3,4,4,5,4,5,3,4,2,2,2,3,3,3,1,0,2,2,2,3,2,3,4,3,4,3,3,2,3,4,3,3,2,2,4,3,1,2,1,2,0,3,2,3,3,4,4,3,4,3,3,2,3,3,2,4,4,2,2,3,4,3,2,4,3,3,2,3,4,3,3,3,2,3,4,4,2,2,2,2,2,2,2,2,2,3,3,3,3,3,2,4,5,5,6,4,5,6,5,7,1,32,4,1,1,1,52,2800,2300,0,813101,금형기술사 사출금형기능사 일거리,금형설계
28344,4,6,4,5,4,5,5,6,4,6,4,6,4,6,4,5,5,7,3,4,2,3,4,6,5,6,4,6,4,6,4,6,4,6,4,6,4,6,4,6,4,6,3,4,4,6,2,2,1,0,1,0,1,0,1,0,1,0,1,0,1,0,1,0,1,0,1,0,1,0,1,0,4,5,4,4,3,3,4,6,2,3,2,3,4,5,5,6,4,5,5,4,4,4,4,4,4,4,4,5,4,19,1,3,2,2,0,7,6,4,4,4,4,3,4,4,3,4,4,4,4,3,4,2,3,4,2,2,4,4,4,2,3,4,5,4,4,4,3,3,3,3,2,2,2,2,2,2,2,2,2,2,2,2,2,2,1,2,2,1,1,1,2,2,2,2,1,34,5,1,3,2,30,3200,3000,0,411202,번역 시스템 자동화,이탈리아
28345,2,2,2,2,2,2,2,2,2,2,2,2,1,0,1,0,3,3,1,0,1,0,1,0,3,4,2,2,2,2,1,0,1,0,1,0,1,0,3,3,2,3,3,3,1,0,1,0,1,0,1,0,4,5,1,0,2,3,2,2,1,0,1,0,1,0,4,5,4,5,4,5,1,0,1,0,3,3,2,2,1,0,1,0,2,2,2,2,4,4,3,4,3,4,4,3,4,3,4,3,3,8,2,2,1,2,0,3,2,2,3,2,2,2,2,3,4,3,3,3,2,3,2,3,2,3,3,3,2,2,3,3,3,2,3,4,3,2,4,4,3,2,2,2,2,2,2,2,2,2,2,1,3,3,3,3,2,3,4,7,8,5,6,8,7,3,1,34,2,1,1,1,40,3400,2600,0,812301,전기철도 기계 대체 일자리,기계
28346,4,5,4,4,5,4,1,0,2,3,2,3,5,5,2,3,3,3,5,5,3,3,2,2,4,4,3,4,2,3,3,3,2,2,1,0,1,0,2,4,4,4,4,4,2,3,2,3,1,0,1,0,2,3,4,4,4,4,4,4,5,4,3,3,4,4,4,4,3,3,3,3,3,4,5,4,5,4,3,3,2,2,1,0,2,3,1,0,4,5,4,4,5,3,2,4,3,4,5,4,5,18,1,2,2,2,0,2,4,3,1,1,2,4,3,3,3,4,5,4,2,4,4,3,3,2,3,3,2,4,2,4,5,4,3,3,3,3,2,2,3,2,2,2,2,2,2,2,2,2,2,1,4,3,3,3,2,7,8,7,3,3,2,8,3,2,2,37,3,1,1,1,40,3000,2300,0,414303,디지털 미디어 산업 활성화,컴퓨터공학
28347,3,4,3,4,2,2,2,2,4,6,4,5,5,7,4,5,4,5,3,4,3,4,3,4,3,4,3,4,1,0,1,0,1,0,1,0,2,2,2,3,4,5,3,4,1,0,1,0,1,0,1,0,5,6,5,7,4,5,4,6,5,6,3,4,1,0,2,3,1,0,1,0,1,0,2,3,2,2,3,4,2,2,1,0,4,5,1,0,5,4,4,3,3,3,4,3,3,5,4,3,4,13,1,2,2,2,0,7,5,4,3,4,4,4,3,5,5,4,4,5,3,4,3,5,3,3,4,4,3,5,4,4,4,5,5,4,5,4,4,2,4,3,2,2,2,2,2,2,2,2,2,2,4,2,2,3,2,2,1,2,2,3,8,8,8,5,1,30,4,1,1,1,40,3700,3200,0,159103,수요 업체 증가,영상디자인
28348,3,3,4,5,2,2,3,3,4,3,4,4,4,5,4,5,4,5,4,5,4,5,4,5,4,5,4,5,2,2,4,5,4,5,4,4,2,2,3,3,4,5,4,4,2,2,3,3,4,4,3,4,4,5,4,5,4,5,5,5,3,3,4,5,5,6,5,6,5,6,4,5,4,5,5,6,4,5,4,5,4,5,2,2,5,6,4,5,4,4,4,4,4,2,4,4,3,4,4,3,4,3,1,2,1,2,0,6,4,4,3,3,4,4,2,4,3,3,4,4,2,4,4,4,3,3,3,4,4,2,3,5,3,4,2,4,5,4,4,2,4,4,2,2,2,2,2,2,2,2,2,2,2,3,3,3,2,8,8,2,2,2,2,2,8,8,1,49,4,1,1,1,40,3300,2400,0,815001,기계정비산업기사 자동 전산 시스템 변화,건축
28349,2,3,2,3,2,2,2,3,2,3,1,0,1,0,2,2,2,3,1,0,1,0,2,2,2,3,2,2,2,3,2,3,1,0,1,0,1,0,2,3,2,3,2,3,2,2,1,0,2,2,1,0,1,0,1,0,1,0,1,0,1,0,1,0,1,0,1,0,1,0,1,0,1,0,2,2,2,3,2,3,2,3,2,2,2,2,2,1,3,2,1,2,2,4,2,2,3,2,1,2,2,7,1,2,2,2,0,7,2,2,3,2,4,4,3,2,9,4,4,4,3,4,2,2,3,4,3,2,3,4,4,4,3,4,3,3,4,4,4,2,3,4,2,2,2,2,2,2,2,2,2,4,2,1,2,3,2,5,6,6,4,4,5,3,4,4,2,54,2,1,1,1,52,2400,2200,0,616101,무인 계산기 사람,문과
28350,4,4,4,4,4,4,4,5,4,4,4,5,4,5,4,5,4,5,4,4,4,4,5,6,4,5,4,5,5,6,3,3,4,4,4,4,4,4,4,4,4,3,3,3,4,4,4,4,4,4,4,4,4,4,4,4,3,4,3,3,3,3,4,4,4,5,3,3,3,3,2,1,2,2,2,2,2,2,1,0,1,0,1,0,2,2,2,2,5,4,4,3,4,4,3,4,3,4,4,4,4,18,1,4,2,2,0,1,5,4,2,2,4,4,4,4,3,2,4,4,3,3,3,3,2,2,3,3,3,4,4,4,2,3,4,3,2,3,3,4,3,3,2,1,1,1,1,1,1,1,1,2,2,2,2,2,1,7,7,3,3,2,5,7,7,5,1,44,4,1,3,1,52,8000,3000,0,24402,영화 장비 도입 산업혁명 디지털화,예술디자인
28351,3,4,3,4,3,3,3,3,1,0,2,3,2,3,2,2,2,3,2,3,2,3,2,3,2,2,1,0,4,5,2,3,2,3,2,3,2,3,3,3,3,3,1,0,1,0,1,0,1,0,1,0,1,0,1,0,1,0,1,0,2,3,1,0,1,0,1,0,1,0,1,0,1,0,1,0,1,0,1,0,1,0,1,0,2,2,2,2,3,4,2,3,3,3,4,3,3,3,4,3,4,16,5,2,1,2,0,6,5,4,4,4,4,4,3,3,3,3,4,3,3,4,3,4,4,4,4,3,3,3,3,5,3,3,3,3,4,4,4,3,4,3,2,2,2,2,2,2,2,2,2,3,2,2,2,3,1,4,4,4,5,5,5,6,6,6,2,36,4,1,1,1,40,3200,2000,0,304003,보건교사2급 교원자격증 빅데이터 통한,간호학
28352,1,0,1,0,1,0,4,5,1,0,1,0,4,5,3,3,4,5,2,3,1,0,1,0,4,5,3,3,4,4,3,4,4,4,2,3,4,4,4,4,4,4,4,4,4,4,4,5,4,5,4,4,1,0,1,0,1,0,1,0,1,0,1,0,3,4,4,5,4,4,4,4,3,4,1,0,3,4,2,3,4,5,3,5,3,3,1,0,4,4,3,4,3,4,4,4,2,4,4,4,3,9,1,2,1,2,0,2,1,4,3,4,4,3,2,3,9,9,9,3,2,4,3,4,4,2,3,4,3,4,4,4,3,4,4,5,4,5,4,3,4,3,2,2,2,2,2,2,1,2,2,1,3,2,2,2,1,9,9,9,2,2,8,8,3,8,2,66,1,2,5,1,50,0,0,5000,531201,한식조리기능사 매출 부진 인력 구조조정 상황 유지,0
28353,2,1,2,2,1,0,2,1,1,0,2,1,1,0,1,0,3,4,1,0,1,0,1,0,3,4,4,5,3,3,3,4,1,0,1,0,4,5,3,4,3,4,3,4,2,2,2,1,3,4,2,2,2,3,1,0,1,0,1,0,1,0,1,0,1,0,2,2,2,2,2,2,2,2,3,3,2,2,2,2,2,1,3,4,2,2,2,1,3,2,2,3,2,3,2,4,2,3,2,2,3,9,1,2,1,2,0,5,2,3,3,2,4,3,2,3,2,3,2,3,2,2,3,3,3,3,4,3,3,4,4,3,4,3,2,3,4,3,2,3,3,3,2,2,2,2,2,2,2,2,2,1,3,2,2,3,2,7,6,7,6,4,3,3,4,4,1,48,2,1,1,1,56,3600,2240,0,531101,조리기능자격 기계 영역,전기
28354,3,5,4,5,4,4,5,5,4,5,4,5,3,4,4,4,4,4,3,4,2,4,2,3,3,2,4,5,5,5,4,5,5,5,4,4,4,4,5,5,3,3,4,5,4,4,4,5,3,4,4,5,2,4,2,3,2,5,2,1,2,3,2,3,2,3,2,2,2,3,2,2,4,5,2,2,2,2,1,0,2,2,1,0,5,3,5,4,4,3,3,4,3,3,2,3,3,4,3,3,3,18,1,2,1,1,2,7,3,3,3,3,2,3,3,3,3,3,4,3,3,3,2,3,3,3,4,2,3,2,3,4,4,3,3,3,3,4,3,4,4,4,2,2,2,2,2,2,2,2,2,1,3,2,2,2,1,7,8,4,4,5,6,3,2,5,2,40,2,1,1,1,45,3500,2000,0,512102,웨딩플래너2급자격증 디렉트 실습 플래너 보조업무 결혼 수가 일자리 변화,인문계
28355,2,2,3,3,2,2,3,4,2,2,4,5,2,2,3,4,3,3,2,2,3,4,2,2,3,3,3,3,2,2,2,2,2,2,3,3,2,2,3,3,3,3,3,3,3,3,3,4,3,3,2,2,1,0,2,2,3,4,2,2,3,4,4,5,3,4,3,3,2,3,3,4,4,5,2,2,3,3,3,3,2,2,3,4,2,2,3,4,3,3,4,3,4,4,3,4,3,3,3,2,2,7,1,2,2,2,0,2,2,4,3,3,3,3,3,3,9,4,4,4,3,4,4,3,4,3,3,4,3,3,3,3,4,3,3,3,4,3,4,3,4,3,2,2,2,2,2,2,2,2,2,2,2,3,3,3,2,3,4,5,6,4,5,3,6,5,1,45,2,1,3,2,40,2600,2000,0,615701,인구 감소 차량 감소,상고
28356,3,3,3,2,3,2,3,4,2,2,3,5,2,5,2,4,3,2,3,5,3,2,3,4,3,4,3,5,3,4,3,6,4,6,3,3,3,4,4,4,3,3,3,5,3,2,3,4,2,3,3,5,3,3,2,5,2,4,2,2,3,3,2,2,2,2,3,2,3,4,3,5,3,3,4,2,3,2,3,2,3,3,3,2,4,4,4,2,3,4,4,4,3,2,3,3,4,3,3,3,4,19,1,1,2,2,0,7,3,2,2,2,4,2,2,3,9,9,3,3,3,2,2,2,4,4,4,4,4,3,2,4,4,3,2,3,4,4,4,4,4,4,2,2,2,2,2,2,2,2,2,2,2,2,3,3,2,3,2,3,3,4,5,3,3,3,1,74,2,1,3,2,42,2292,2220,0,542001,자동화 부분,상고
28357,5,7,5,7,5,7,5,7,5,6,5,6,5,6,4,5,4,6,2,3,3,5,3,4,4,5,3,4,4,5,3,5,3,5,3,4,2,3,3,4,3,4,4,6,3,5,2,3,3,3,3,3,3,3,3,4,1,0,1,0,1,0,1,0,2,2,1,0,1,0,1,0,1,0,1,0,1,0,1,0,1,0,1,0,1,0,1,0,5,3,3,4,4,4,4,4,4,4,4,4,4,19,3,3,2,2,0,6,6,4,4,4,4,4,4,4,3,3,4,3,3,3,3,4,4,3,3,2,3,3,3,4,4,4,4,4,4,3,3,3,3,4,2,2,2,2,2,2,2,2,2,2,3,3,3,3,1,6,4,3,6,5,5,4,4,4,1,63,4,2,5,1,45,0,0,5000,110102,상태 유지,국어국문학
28358,3,2,2,2,2,3,4,5,1,0,2,3,3,4,1,0,2,3,3,4,1,0,4,6,3,4,3,4,3,4,3,4,4,4,1,0,5,6,2,3,2,3,3,3,3,4,1,0,1,0,3,4,1,0,1,0,1,0,1,0,1,0,1,0,1,0,1,0,1,0,1,0,2,2,2,2,2,3,4,4,1,0,3,4,4,3,5,6,4,4,2,3,4,2,3,3,4,3,4,3,4,15,2,3,2,2,0,5,5,4,4,4,5,5,4,4,3,5,5,5,2,4,4,3,2,2,2,2,4,4,3,4,4,4,4,2,4,4,4,3,4,3,2,2,2,2,2,2,2,2,2,1,3,3,3,3,2,7,7,7,7,7,7,6,7,6,1,42,4,1,1,1,42,4500,2800,0,414501,침체 음악 산업 생각,음악학
28359,3,3,3,3,2,2,2,2,1,0,2,2,2,2,2,2,3,3,1,0,2,2,3,3,4,3,1,0,2,3,2,3,1,0,1,0,1,0,3,3,2,2,2,2,1,0,2,2,2,2,1,0,2,2,2,2,3,3,1,0,1,0,2,3,1,0,2,3,2,2,1,0,1,0,3,3,3,3,1,0,2,3,3,2,3,5,2,4,1,3,4,2,3,2,3,3,2,3,3,4,3,9,4,2,1,2,0,6,1,4,3,3,4,4,2,3,3,4,4,4,2,4,4,4,4,4,5,3,2,2,3,5,3,4,5,4,4,4,5,3,4,4,2,2,2,2,2,2,2,2,2,1,4,3,2,3,2,3,3,4,3,4,3,8,8,7,1,35,3,1,4,1,54,3300,3000,0,531501,일식기능사 조리자격증 갈수록 외식 문화,호텔조리학
28360,3,3,3,3,2,2,2,1,2,2,2,2,3,3,4,5,3,2,2,2,3,4,3,4,2,2,2,3,2,2,3,4,2,2,2,1,3,4,2,2,3,3,3,2,2,2,2,1,2,2,3,3,2,2,3,5,3,5,3,4,2,3,3,3,2,3,3,4,4,4,4,4,3,4,4,4,3,4,4,5,4,5,2,2,3,5,3,5,3,2,4,3,3,2,3,2,2,2,3,3,3,3,1,3,2,2,0,2,1,3,2,2,3,3,2,4,3,4,4,4,2,3,3,2,3,3,2,3,4,4,2,4,2,3,3,2,2,4,3,3,4,5,2,2,2,2,2,2,2,2,2,1,2,3,3,3,2,8,4,5,6,2,5,8,7,6,1,23,2,1,1,1,40,2200,2000,0,823101,자동기계 화가,기계
28361,3,4,4,3,2,5,3,2,2,4,3,2,4,3,2,3,4,2,4,3,3,3,5,3,4,2,3,2,4,1,4,3,3,4,1,0,3,2,1,0,5,5,4,3,3,2,4,3,5,2,2,1,4,4,3,3,4,4,2,5,2,3,4,2,3,3,4,4,2,3,3,4,2,2,4,4,2,3,2,1,1,0,1,0,2,2,2,2,3,2,4,5,3,3,4,2,4,5,3,5,4,13,2,4,2,2,0,3,5,4,5,4,5,4,4,3,5,5,4,4,1,3,4,3,4,4,4,3,4,3,4,5,4,3,3,4,5,4,5,4,4,4,2,2,2,2,2,2,2,2,2,2,4,2,3,3,2,3,6,7,7,6,6,4,7,8,1,33,4,1,1,1,40,3900,3900,0,155203,환경 관심,에너지공학
28362,2,3,2,3,2,3,2,3,2,4,2,3,2,3,3,3,2,3,2,3,3,3,3,4,3,2,3,3,3,4,3,4,4,4,3,3,4,3,2,3,3,3,3,3,3,3,2,3,3,3,3,3,2,3,3,3,3,3,2,4,2,4,2,3,3,3,3,3,2,4,2,3,2,3,3,3,4,3,3,3,3,5,2,3,2,4,2,4,4,3,4,3,3,3,3,4,3,4,4,3,4,3,1,2,2,2,0,7,2,4,3,3,3,2,3,4,5,4,4,4,3,4,4,4,5,4,3,4,4,4,3,3,4,4,4,4,4,3,3,4,4,3,2,2,2,2,2,2,2,2,2,4,2,2,2,2,2,4,3,6,5,7,7,4,3,6,2,49,2,1,3,1,40,3500,2000,0,862101,경기 침체,상고
28363,4,5,4,4,4,4,5,5,2,2,2,2,1,0,1,0,2,2,1,0,2,2,3,3,2,2,3,4,2,2,2,2,4,5,2,2,3,4,2,3,2,2,2,3,2,2,2,2,1,0,1,0,1,0,1,0,1,0,1,0,3,3,1,0,1,0,1,0,1,0,1,0,2,2,2,2,1,0,1,0,1,0,1,0,2,2,3,4,4,4,2,4,4,5,4,4,2,3,2,2,3,11,1,4,2,2,0,2,2,3,2,3,4,4,4,4,4,4,4,4,2,3,3,2,3,4,3,3,2,3,3,3,3,4,4,4,3,5,3,3,4,4,2,2,2,2,2,2,2,2,2,2,2,2,2,2,1,6,5,4,4,5,4,3,3,4,2,53,2,1,1,1,40,4800,2200,0,613001,인터넷 사용 직접,회계
28364,2,2,3,4,4,5,2,3,4,5,3,4,2,2,3,3,4,5,3,4,4,5,4,5,3,4,2,2,4,5,2,2,4,5,3,4,4,4,3,4,4,5,3,4,4,5,2,2,3,4,4,5,3,4,2,2,3,4,2,2,4,5,3,4,4,5,3,4,1,0,2,2,2,2,3,4,4,5,2,3,3,4,2,2,2,2,3,4,2,4,3,4,3,5,4,3,4,2,4,3,3,11,1,2,1,2,0,3,5,4,4,3,3,4,3,4,3,4,5,4,3,4,4,4,3,2,4,3,4,3,3,3,4,2,3,4,3,3,2,3,4,3,2,2,2,2,2,2,2,2,2,1,3,3,3,3,2,3,4,7,6,4,5,5,7,4,1,47,4,1,1,1,40,5100,3900,0,31302,보험계리사 CFP 고객 눈높이 다양 고객 금융 상품 개발 필요성,통계학
28365,2,3,3,3,1,0,3,4,2,3,4,5,1,0,4,5,4,5,1,0,3,3,2,3,3,3,1,0,1,0,3,4,1,0,1,0,1,0,1,0,4,4,3,3,2,3,1,0,2,3,1,0,2,3,4,4,3,4,3,3,1,0,3,3,5,4,3,3,4,4,3,4,1,0,5,5,3,4,1,0,3,3,2,3,2,3,2,4,2,1,2,2,1,2,2,2,1,1,2,2,2,3,1,2,2,2,0,2,2,2,2,2,2,2,1,2,3,3,4,3,4,2,2,4,4,4,5,4,4,2,2,5,4,5,5,5,4,5,4,4,5,5,2,2,2,2,2,2,2,2,2,2,2,3,2,2,2,6,7,6,4,4,2,5,4,3,1,47,2,1,1,1,54,2600,2400,0,852201,선호 직업,공고
28366,2,3,3,3,2,3,3,3,2,2,4,5,3,3,3,3,3,2,1,0,4,4,3,3,2,3,1,0,3,3,2,3,1,0,1,0,1,0,4,5,4,4,3,3,2,2,2,3,4,4,1,0,2,3,2,2,3,3,3,3,1,0,4,5,3,4,3,3,2,3,1,0,1,0,3,4,4,3,1,0,1,0,2,3,3,2,3,3,2,3,5,3,4,2,2,2,2,3,4,4,5,3,4,1,2,2,0,7,3,4,3,3,4,4,3,2,9,9,9,2,2,3,4,5,3,4,4,3,3,2,3,5,4,5,4,4,3,4,3,3,4,3,2,2,2,2,2,2,2,2,2,1,4,3,2,2,2,7,6,8,3,4,6,8,7,3,2,63,2,2,6,1,48,0,0,2800,863101,개량 한복 실용 제품,인문고
28367,3,4,4,4,4,4,4,4,2,2,2,2,3,5,4,4,4,5,4,5,2,3,3,4,4,4,4,4,4,4,4,3,4,5,2,3,3,4,4,3,3,4,3,4,5,5,4,4,4,4,4,4,4,4,4,4,3,3,4,4,3,4,3,4,3,4,3,5,3,4,4,4,2,4,4,4,4,2,4,4,4,4,3,4,3,4,4,5,4,4,3,3,4,3,3,4,3,4,4,4,4,6,1,1,1,2,0,3,3,4,4,4,3,4,3,3,3,4,4,4,3,3,2,4,4,3,4,2,3,3,3,4,3,4,4,3,3,3,4,2,3,4,2,2,2,2,2,2,2,2,2,2,2,2,3,3,2,8,7,3,5,4,3,3,6,7,1,67,2,2,5,1,50,0,0,4500,140204,건축설비기사 자격증 산업 발달,이과
28368,4,5,5,6,4,5,4,5,4,5,4,5,4,5,5,6,5,6,4,5,5,6,4,6,4,5,5,6,4,5,5,6,4,6,4,6,5,6,5,6,5,6,4,6,4,6,3,2,3,3,5,6,1,0,1,0,1,0,2,2,2,2,1,0,2,3,4,5,3,4,5,6,5,6,4,5,5,6,5,6,5,6,5,6,5,6,5,6,3,4,3,3,4,2,3,3,3,4,4,4,4,14,1,2,1,1,2,3,4,4,3,3,4,4,4,3,4,4,5,5,3,4,4,3,4,3,4,4,4,3,4,4,5,4,4,3,4,5,4,3,4,4,2,2,2,2,2,2,2,2,2,1,4,2,3,3,2,6,5,7,6,4,4,6,5,7,1,30,3,1,1,1,40,3600,3000,0,541301,경비지도사 운전면허1종 2종 직무훈련 수요,경호학
28369,4,5,4,5,2,2,4,5,5,7,3,3,2,2,4,6,4,4,1,0,1,0,3,4,4,5,5,4,3,3,2,3,4,6,1,0,3,3,4,5,3,4,5,4,2,4,3,5,1,0,1,0,1,0,1,0,1,0,1,0,4,6,1,0,1,0,1,0,1,0,1,0,4,4,1,0,1,0,1,0,1,0,2,3,4,5,4,5,4,3,2,3,3,4,4,2,4,2,3,4,4,15,2,4,2,2,0,5,5,5,4,4,4,4,4,3,3,3,3,3,2,4,3,3,3,2,4,3,5,3,3,4,3,4,3,3,4,5,4,4,4,4,2,2,2,2,2,2,2,2,2,1,3,3,3,3,2,7,3,7,5,4,4,7,8,6,1,36,4,1,1,1,40,4000,2400,0,25101,업무 특성 일자리 변화 직종,회계학
28370,4,5,4,5,3,5,4,5,4,5,4,5,3,4,3,4,3,4,4,5,3,4,4,5,3,5,4,5,3,4,3,4,3,4,3,4,3,4,4,5,4,5,4,6,4,5,4,5,4,5,4,5,3,4,3,4,3,4,3,4,3,4,4,5,4,6,3,4,5,7,5,7,3,4,4,5,4,5,4,5,4,5,4,5,4,5,4,6,4,5,4,2,4,2,4,3,3,4,4,4,4,3,1,4,1,2,0,3,4,4,3,2,4,4,3,3,2,2,3,3,2,4,4,4,4,5,4,3,4,2,2,4,4,5,4,4,5,4,4,4,4,4,2,1,1,2,2,2,2,2,2,2,3,3,3,3,2,8,8,8,2,2,3,2,2,2,1,42,3,1,1,1,45,3200,2400,0,158402,가스안전 관리자 현장 위험관리 방지 장비 프로그램 도입 필요 산업 현장 위험 관리 요원 관리 부서 항상,전기공학
28371,2,2,4,4,2,2,2,2,2,2,2,2,2,2,2,2,3,4,3,4,2,2,2,2,2,2,2,3,3,3,2,2,2,2,2,2,2,2,4,5,2,2,2,2,2,2,2,2,2,2,2,2,2,2,2,2,2,2,2,2,2,2,2,2,2,2,2,2,2,2,2,2,2,2,2,2,2,2,2,2,2,2,2,2,2,2,3,3,4,4,4,3,3,2,2,3,3,2,3,3,3,8,2,2,2,1,1,1,5,4,3,3,3,3,3,4,3,4,2,3,3,4,3,4,4,3,3,4,4,4,4,4,4,3,3,4,4,4,4,3,4,4,2,2,2,2,2,2,2,2,2,2,2,2,2,2,2,7,4,5,4,5,6,4,5,7,1,31,4,1,1,1,40,3500,2800,0,522202,승무직 수행에 필요 지식 기술 태도에 대한 입문교육 대체 운송 수단,사회학
28372,2,2,2,3,1,0,3,2,1,0,1,0,3,5,3,4,3,3,1,0,1,0,3,3,3,5,3,4,3,2,3,4,2,2,2,1,1,0,2,3,3,5,3,4,2,2,1,0,2,3,1,0,3,5,3,4,3,3,1,0,1,0,3,5,3,5,2,2,3,2,2,1,3,3,3,5,1,0,3,2,2,1,3,2,2,2,2,1,2,1,4,4,4,4,3,3,2,1,4,1,3,3,1,2,1,2,0,7,4,3,2,4,3,4,2,3,2,4,4,3,3,2,4,4,2,3,2,4,3,4,3,3,2,3,4,4,4,3,2,2,3,3,2,2,2,2,2,2,2,2,2,1,3,2,2,3,2,7,6,6,3,4,4,7,7,2,2,36,4,1,1,1,52,5900,3500,0,415101,디자인기사 컴퓨터그래픽기능사,인테리어디자인
28373,3,4,4,4,1,0,1,0,2,3,4,3,4,3,3,3,2,2,3,4,2,3,1,0,4,3,4,3,1,0,4,3,3,2,2,2,1,0,1,0,3,3,4,2,2,3,1,0,3,3,2,2,3,3,3,4,2,2,3,3,1,0,5,3,4,3,4,3,3,2,3,4,2,1,5,5,2,4,3,2,3,3,2,2,4,3,2,2,4,1,4,4,2,2,3,5,4,3,4,2,4,18,1,2,1,2,0,4,4,5,3,3,4,5,5,5,9,9,9,4,4,5,4,3,4,5,5,4,3,5,4,4,5,5,4,4,5,3,4,4,5,4,2,2,2,2,2,2,2,2,2,1,3,2,2,2,2,3,5,7,4,5,7,6,4,3,1,56,4,2,5,1,43,0,0,5000,884101,목공예기능사 미적 기술 요하 작업 문화 수준 향상 변화,전통공예
28374,3,3,3,4,2,2,3,4,3,3,2,2,2,2,2,3,3,4,2,1,2,1,2,2,3,4,2,2,3,4,3,3,2,2,2,3,2,1,3,4,3,4,3,3,3,4,3,4,3,4,2,1,2,2,3,3,3,3,2,2,2,2,3,3,3,4,2,2,2,3,3,4,2,1,3,4,3,2,3,3,3,4,3,3,3,4,3,3,5,3,4,2,3,4,3,5,4,3,2,2,3,19,4,1,2,2,0,7,2,3,2,3,4,5,2,4,9,9,9,4,2,3,4,2,3,2,2,4,3,2,3,4,2,3,3,2,4,4,4,4,4,4,2,2,2,2,2,2,2,2,2,3,3,2,2,2,1,6,7,5,4,5,4,4,2,4,1,42,2,2,6,1,40,0,0,3300,561501,변화,기계
28375,5,6,4,6,4,6,2,4,5,6,4,5,4,6,5,6,2,4,3,4,5,6,3,4,4,5,5,7,5,7,1,0,2,3,1,0,2,2,1,0,4,6,2,2,2,2,5,6,4,6,5,7,5,7,5,7,5,7,5,4,4,5,5,7,4,5,4,6,2,2,3,4,2,2,2,2,5,2,5,3,5,3,3,4,4,4,3,4,4,2,4,3,4,2,2,4,3,4,4,3,3,15,2,4,1,1,6,6,5,4,4,3,4,4,3,3,3,3,3,4,2,4,3,4,2,3,3,1,2,3,3,4,3,4,3,3,2,4,2,3,4,3,2,1,2,2,2,2,2,2,2,2,3,2,2,2,1,5,4,4,4,4,5,3,4,6,2,41,4,1,1,1,40,4000,2800,0,413101,학예사 발굴조사 전시 운영 시뮬레이션 프로그램 도입 박물관 포화상태,동양화
28376,4,6,4,5,4,5,4,6,4,5,4,5,4,5,4,5,4,5,4,5,4,5,4,6,4,5,4,5,4,5,3,5,4,5,4,5,4,5,4,5,4,5,4,5,4,5,4,5,4,5,4,6,4,5,4,5,4,6,4,6,4,6,4,5,4,5,4,5,4,7,4,5,4,5,4,5,4,4,4,5,4,5,4,5,4,5,4,5,4,4,4,5,4,4,4,3,4,4,4,4,4,3,1,4,1,1,5,4,6,4,4,4,4,4,4,3,4,4,5,4,1,3,3,2,3,4,4,4,3,3,3,4,4,3,4,4,3,4,3,4,4,3,2,2,2,2,2,2,2,2,2,1,5,3,3,3,2,2,3,3,2,3,3,7,7,6,2,35,5,1,3,1,40,4000,3600,0,154101,화학분석기사 연구개발능력교육 폐기물 배출 대한 관심,화학
28377,3,5,5,6,2,5,5,7,3,5,4,6,2,4,3,5,3,5,3,4,4,5,3,4,3,4,4,5,5,6,5,6,4,5,4,5,3,4,3,4,3,4,4,6,4,5,1,0,1,0,5,6,1,0,1,0,4,5,1,0,2,3,2,4,1,0,3,4,2,3,2,3,3,4,3,4,3,4,5,6,5,7,3,5,4,5,3,5,3,4,2,4,4,2,4,2,2,3,4,4,2,15,2,3,2,1,2,2,4,5,3,3,4,4,3,4,4,4,4,4,2,4,4,4,4,3,4,3,4,3,3,3,3,3,3,4,4,4,4,3,3,4,2,2,1,2,2,2,2,2,2,1,2,1,1,3,2,6,7,8,6,7,8,7,4,4,1,29,4,1,1,1,40,2500,2000,0,250201,군사훈련 군사 장비 도입 기밀 사항 무지 자주 변경 안정감,화학
28378,4,4,4,3,3,4,3,3,1,0,4,5,1,0,1,0,2,2,3,5,2,4,2,2,3,4,1,0,4,4,2,3,3,4,1,0,1,0,4,5,2,5,3,3,3,3,1,0,3,3,3,2,1,0,1,0,2,4,1,0,3,3,1,0,2,3,1,0,3,3,2,2,1,0,1,0,1,0,2,1,1,0,2,2,2,4,3,4,3,3,2,4,4,3,5,3,2,4,5,4,4,17,3,5,1,1,6,6,6,4,4,4,4,3,4,4,5,4,5,4,4,3,4,4,3,4,4,3,4,3,4,4,3,4,4,4,3,3,4,4,4,3,2,2,2,2,2,2,2,2,2,2,2,3,3,3,2,4,5,6,6,7,6,4,5,5,1,36,5,1,1,1,40,8000,6500,0,301108,의사 면허 소아청소년과 인턴 레지던트 과정 출산율 저조 인구 감소,의학
28379,3,3,4,2,2,2,3,4,2,2,1,0,4,5,2,2,3,3,1,0,2,2,4,4,3,3,2,2,4,3,1,0,1,0,3,3,2,2,4,4,2,2,3,3,2,2,4,5,3,4,2,4,3,3,1,0,2,2,2,2,1,0,3,4,2,2,4,4,1,0,1,0,3,4,5,4,4,4,1,0,1,0,3,4,4,6,3,5,2,2,4,2,2,1,3,3,2,3,3,3,4,3,1,1,2,2,0,5,1,3,3,3,4,3,3,1,9,9,4,3,2,4,4,4,4,3,2,2,3,4,2,5,3,3,2,2,3,4,3,3,4,5,2,2,2,2,2,2,2,2,2,1,2,2,2,2,2,4,5,5,6,5,4,4,5,4,1,68,1,2,5,1,44,0,0,3500,863201,맞춤 양장 양복 수요,0
28380,4,5,3,4,4,5,2,3,3,4,4,5,3,4,4,5,3,4,4,5,3,4,4,5,3,4,3,4,2,2,2,3,3,4,3,4,4,5,1,0,4,5,5,6,3,4,3,4,4,5,4,5,5,6,5,6,5,6,2,3,2,2,5,6,3,4,3,4,3,4,3,4,4,5,2,2,2,3,2,2,4,5,3,4,4,5,3,4,4,3,4,3,4,3,3,4,3,4,4,4,4,6,1,2,1,1,3,6,5,3,4,4,4,4,3,4,4,4,4,4,2,4,4,2,3,2,3,5,4,5,2,4,5,5,5,4,4,5,4,4,5,4,2,2,2,2,2,2,2,2,2,2,2,2,2,2,1,7,8,4,8,4,3,6,3,4,1,43,4,1,1,1,40,5500,3600,0,140205,건설기계산업기사 기술사 건설안전산업기사 기술사 건설재료시험기능사 산업기사 현장 실습 건축 감리 부분 차지,건축설비공학
28381,3,4,3,4,1,0,1,0,1,0,1,0,1,0,3,4,1,0,1,0,1,0,1,0,4,4,1,0,1,0,1,0,1,0,1,0,1,0,1,0,1,0,1,0,1,0,1,0,1,0,1,0,1,0,1,0,4,4,3,4,1,0,1,0,1,0,4,5,3,4,3,4,1,0,3,5,3,4,3,4,3,5,3,5,3,4,3,4,4,2,4,4,4,2,4,3,4,3,3,2,4,4,2,4,1,2,0,2,4,3,2,2,4,3,3,2,2,4,4,2,4,3,2,3,3,4,3,2,3,3,3,5,4,3,2,3,4,3,3,3,3,3,2,2,2,2,2,2,2,2,2,1,2,2,2,3,2,5,4,6,5,3,7,6,3,5,1,54,4,1,1,1,48,5300,2600,0,703201,산업기사 제조업 설비 투자 불확실 조선업 불황,산업공학
28382,4,5,4,5,2,2,4,5,4,5,4,4,4,5,4,5,4,5,4,5,4,4,3,4,4,5,3,3,4,6,4,6,4,6,4,6,3,4,4,6,4,6,4,5,4,5,3,4,4,4,4,4,3,4,2,2,2,2,2,2,3,3,3,3,3,5,3,3,2,3,3,3,3,3,4,5,4,5,3,5,4,5,4,5,4,5,4,6,3,4,4,3,3,4,4,4,2,3,4,4,3,19,1,3,2,2,0,6,5,3,2,2,3,3,3,3,4,4,3,4,2,4,4,3,3,4,4,4,3,3,3,3,3,4,4,4,4,3,3,4,4,4,1,1,1,1,1,1,1,1,1,2,3,2,2,2,1,6,5,7,7,6,7,3,4,2,2,46,2,1,1,1,48,3100,2000,0,562401,코로나 근로자 구조조정 변동,인문계
28383,5,7,5,7,5,7,5,7,4,5,5,7,4,6,4,6,5,7,4,6,5,6,5,7,5,6,4,5,4,6,4,6,5,7,5,6,4,5,4,5,5,6,5,6,5,7,3,4,3,5,4,5,3,4,2,3,2,3,1,0,2,4,1,0,1,0,2,3,1,0,2,2,4,5,2,2,1,0,4,5,4,5,4,5,4,5,4,5,4,4,2,4,4,2,4,4,3,4,5,5,4,15,2,4,2,1,3,7,5,5,5,5,5,5,4,4,5,5,5,5,2,4,4,5,4,4,5,4,5,3,4,4,4,5,5,4,4,5,4,4,4,3,2,2,2,2,2,2,2,2,2,2,3,3,3,3,2,8,9,2,2,2,2,2,2,8,1,29,4,1,1,1,50,9000,7000,0,221102,사법연수원 검사 정원 법률,법학
28384,4,4,3,3,3,3,4,6,3,3,4,5,4,4,4,4,3,3,3,3,3,3,5,6,4,4,3,3,4,5,4,4,3,3,4,5,4,4,4,4,4,5,2,3,4,5,1,0,1,0,1,0,2,2,1,0,2,2,4,4,4,4,1,0,3,3,1,0,1,0,1,0,1,0,1,0,1,0,1,0,1,0,2,3,4,4,4,4,5,4,2,3,4,3,3,4,3,3,4,3,3,17,2,1,1,2,0,7,4,4,5,4,4,4,3,4,3,4,4,4,2,4,4,4,4,4,5,4,4,4,4,5,4,4,3,4,4,5,4,4,5,3,2,2,2,2,2,2,2,2,2,1,5,1,1,1,2,8,9,2,5,5,5,5,8,7,2,32,4,1,1,1,40,3400,2750,0,306601,정신건강임상심리사 스트레스 정신건강 문제,심리치료학
28385,5,7,5,7,5,7,3,4,1,0,2,3,4,5,2,3,4,5,2,3,3,4,2,3,5,7,3,4,2,3,4,5,2,3,2,3,4,5,1,0,1,0,2,3,4,5,2,3,1,0,2,3,1,0,1,0,1,0,1,0,2,3,2,3,2,2,1,0,1,0,1,0,3,4,1,0,1,0,1,0,1,0,1,0,5,7,5,7,3,4,3,3,4,4,4,4,3,4,4,4,3,18,1,2,2,2,0,6,4,4,4,4,4,4,4,4,3,3,4,4,3,4,3,3,2,3,2,4,4,5,3,4,4,5,4,4,4,5,4,4,4,4,2,2,2,2,2,2,2,2,2,2,3,2,2,2,2,4,3,3,4,2,6,6,4,4,2,35,4,1,1,1,40,4000,2800,0,416205,방송 영화 엔터테인먼트 산업 발달 수요 증가,국문
28386,3,5,4,5,4,5,4,6,3,4,3,4,2,3,3,4,3,4,3,3,3,3,4,6,3,5,4,5,4,5,3,4,4,5,3,4,4,5,2,3,4,4,4,5,3,4,2,3,2,2,3,2,1,0,1,0,1,0,1,0,3,3,1,0,1,0,1,0,1,0,1,0,2,3,2,1,2,1,1,0,1,0,2,2,2,3,2,3,4,4,3,4,4,4,4,2,4,3,4,4,4,16,5,3,1,2,0,1,5,4,4,4,4,3,4,4,4,4,4,4,2,4,4,3,3,2,2,3,4,4,3,4,4,4,4,4,4,4,3,3,4,4,2,2,2,2,2,2,2,2,2,1,2,1,1,3,1,4,5,4,6,5,4,4,4,5,2,38,4,1,1,1,40,3800,3000,0,212101,교원자격증 출산율 감소,영어교육
28387,2,2,4,3,1,0,2,3,2,3,3,3,2,4,3,3,2,2,2,2,3,3,3,3,4,4,4,3,3,3,3,3,2,4,2,3,3,3,4,4,4,4,4,4,4,3,1,0,4,3,3,3,4,3,4,4,4,4,4,4,2,2,3,2,3,3,4,4,5,4,4,4,4,4,4,5,4,4,3,3,2,3,1,0,3,3,3,4,4,4,2,3,3,4,4,3,2,3,4,4,3,8,1,2,1,2,0,5,5,4,3,3,4,3,4,4,3,4,4,3,4,3,3,3,2,3,4,3,4,4,3,4,4,3,2,3,4,3,4,4,4,3,2,2,2,2,2,2,2,2,2,3,1,3,3,3,2,8,3,5,3,7,5,5,7,5,1,45,4,1,1,1,40,3500,2300,0,153105,전기공사산업기사 전기응용기술사 자동화 일자리 감소,전기공학
28388,3,5,3,4,3,2,3,3,3,4,3,3,3,3,4,5,3,4,2,3,3,4,4,4,4,5,3,4,2,2,2,3,3,3,3,3,1,0,3,4,4,4,5,5,1,0,1,0,1,0,1,0,4,4,4,5,4,4,4,4,3,5,4,4,4,5,4,5,3,5,3,3,2,3,3,4,3,3,3,3,2,2,2,2,3,4,2,2,4,5,3,4,4,4,3,3,4,4,4,4,3,13,1,5,1,2,0,2,4,4,3,3,3,4,4,3,3,4,4,4,2,4,3,4,3,3,4,2,4,2,1,4,5,4,4,4,3,4,3,3,4,4,2,2,2,2,2,2,2,2,2,2,2,2,2,3,1,6,5,4,5,4,4,5,4,4,1,41,4,1,1,1,40,4000,3200,0,140701,건축재료시험기능사 사회 시설 숙기 경기 침체,건축학
28389,2,1,2,2,2,2,2,1,3,3,2,1,2,1,2,3,2,3,2,3,3,5,3,4,2,2,3,2,2,2,2,1,2,2,4,5,3,3,3,3,3,3,3,3,3,2,3,4,3,2,3,2,3,4,2,4,3,5,2,3,2,2,3,4,3,4,4,5,3,4,3,4,3,2,4,5,4,4,3,3,5,5,4,4,5,6,2,2,4,3,3,3,2,2,3,2,3,2,2,3,3,1,4,1,2,1,2,6,2,2,2,2,3,2,2,4,9,9,9,4,3,3,2,4,3,4,4,3,4,3,2,4,3,3,4,4,3,4,3,2,4,4,2,2,2,2,2,2,2,2,2,1,3,3,3,3,2,7,8,5,2,2,5,7,6,3,2,45,2,2,6,1,50,0,0,4000,901301,작물재배법 농업 과일 필수 먹거리,문과
28390,3,5,3,4,3,4,2,4,1,0,4,5,2,4,2,4,2,5,4,5,1,0,3,4,2,3,2,2,4,4,1,0,4,4,4,4,2,4,3,3,2,3,1,0,2,3,1,0,4,2,1,0,1,0,1,0,2,2,1,0,3,4,1,0,1,0,1,0,1,0,1,0,1,0,2,2,1,0,4,4,4,4,4,4,2,3,3,3,2,4,2,2,2,4,5,2,2,2,2,4,1,15,2,6,2,2,0,7,2,3,2,1,4,1,4,2,3,3,4,3,3,3,2,4,3,2,3,4,3,4,2,4,3,4,4,4,2,2,4,2,4,4,2,2,2,2,2,2,2,2,2,1,3,1,1,3,2,8,7,9,3,3,9,2,3,5,2,27,4,1,1,1,50,2800,2700,0,25401,변화,고분자 공학
28391,3,3,3,5,2,2,4,5,2,2,2,1,4,5,1,0,3,3,3,3,2,2,4,6,4,5,3,5,3,2,3,4,3,1,1,0,5,5,5,6,3,2,4,3,3,3,3,2,3,2,1,0,1,0,3,3,3,2,3,2,2,2,1,0,3,2,3,2,3,2,1,0,2,2,4,5,4,3,3,2,3,2,3,4,3,3,3,1,4,4,4,4,4,2,2,3,2,4,4,2,4,18,1,2,2,2,0,5,4,4,2,2,4,4,2,3,9,9,4,4,2,3,3,2,3,3,4,3,2,4,3,4,2,3,3,3,3,3,3,3,4,3,2,2,2,2,2,2,2,2,2,1,3,3,2,2,1,7,7,7,5,5,5,5,5,5,1,35,4,1,1,1,40,3800,2400,0,214401,지금,실용음악학
28392,2,2,3,3,3,5,2,2,2,2,3,5,3,3,4,4,4,4,4,6,2,3,3,4,3,3,3,4,2,3,3,3,3,3,3,3,3,3,3,3,3,3,4,5,2,2,2,2,4,5,3,3,4,5,5,7,4,6,4,5,3,3,4,4,4,5,4,4,4,6,4,4,4,4,4,6,4,5,3,3,3,3,4,5,4,5,3,5,4,4,3,3,4,3,4,3,2,3,3,3,3,3,1,2,2,2,0,7,2,4,4,3,3,3,3,4,3,3,4,4,4,3,3,4,3,4,4,3,4,4,3,4,3,4,4,4,3,4,4,3,5,3,1,2,2,2,2,2,2,2,2,1,4,2,3,3,1,2,8,5,2,8,1,8,2,5,1,36,4,1,1,1,52,4150,2950,0,151301,검사 시스템 도입 시험 결과 분석 성능 개선,기계
28393,4,4,4,4,3,4,4,4,3,4,3,5,3,3,2,3,2,3,4,4,3,4,3,4,5,4,3,4,2,3,4,4,3,4,3,4,3,3,2,3,4,4,4,4,3,4,3,3,3,4,3,4,3,3,3,3,4,4,3,4,3,3,2,3,2,2,4,4,4,3,4,4,4,4,4,3,4,4,3,4,5,5,4,5,4,5,4,5,4,2,3,2,3,2,2,3,3,2,3,3,4,3,1,2,1,1,3,3,2,2,3,2,5,3,3,3,2,3,4,3,3,4,3,3,3,3,2,2,3,3,4,4,2,3,2,3,3,5,3,2,4,3,2,2,2,2,2,2,2,2,2,2,3,3,3,3,2,7,9,7,1,3,2,5,6,5,1,44,3,1,1,1,40,3600,2900,0,816103,전기기능사 조립시 문제점이나 개선점 기계 자동화 공정 인력 감축,기계
28394,4,4,4,5,1,0,3,5,2,4,2,3,2,2,4,6,5,6,2,3,3,4,3,5,5,7,2,3,2,3,1,0,1,0,1,0,3,3,3,4,5,7,1,0,2,3,1,0,5,6,1,0,3,5,2,3,4,5,5,7,2,1,3,4,4,5,4,6,5,7,5,7,2,1,4,6,4,6,4,6,4,6,4,6,4,6,4,6,3,3,3,3,4,2,4,4,2,4,3,3,4,8,1,2,1,1,5,4,4,3,3,3,3,3,3,4,4,3,3,4,3,3,3,3,4,3,3,3,4,3,3,3,4,4,4,4,4,4,3,3,4,4,2,2,2,2,2,2,2,2,2,1,3,2,2,2,2,6,5,6,6,6,5,7,7,7,1,30,4,1,1,1,40,2500,2300,0,812101,항공정비사 정비실무 기계 인간 업무 대체,항공기계
28395,3,4,3,4,2,2,2,2,4,4,3,4,3,3,2,3,2,2,2,2,3,4,2,3,3,4,3,4,3,4,2,3,2,2,2,2,2,2,3,4,3,4,4,4,3,4,3,3,4,5,4,4,3,4,4,5,4,5,4,5,4,5,4,5,4,5,4,5,4,5,4,5,2,3,2,2,3,4,3,4,3,5,4,5,3,4,3,4,4,3,4,4,4,4,4,3,3,3,3,2,2,19,1,1,1,2,0,5,4,4,3,3,3,4,4,4,5,4,3,4,4,4,4,3,3,4,3,3,3,3,4,4,4,3,4,3,3,4,3,4,3,3,2,2,2,2,2,2,2,2,2,2,2,3,3,3,1,6,7,6,6,6,7,3,3,4,1,31,4,1,1,1,40,2700,2700,0,841101,워드프로세서2급 자동화 인력 감축,소프트웨어
28396,3,4,5,5,3,4,4,5,3,4,3,3,2,4,4,4,3,4,5,5,3,4,3,5,4,5,4,4,3,5,3,4,2,4,3,3,4,4,4,5,3,5,3,4,3,4,3,4,3,5,2,4,3,4,3,5,2,3,2,3,3,4,3,3,2,3,2,2,1,0,2,3,5,5,3,4,3,5,3,5,3,5,3,4,3,4,2,3,4,4,4,3,3,2,3,3,3,3,3,4,2,18,1,2,2,1,4,5,5,3,3,3,4,4,3,3,3,4,4,3,3,3,3,4,3,3,3,1,3,3,5,5,3,3,2,2,3,3,3,3,4,4,2,2,2,2,2,2,2,2,2,2,2,2,2,2,1,7,6,4,4,4,4,3,3,7,1,35,4,1,1,1,42,3300,2800,0,521101,현장과 시스템 습득 사무 자동화 시대 도래,관광경영학
28397,3,4,4,4,2,3,3,4,2,2,2,3,4,4,3,4,5,4,3,4,3,4,4,5,4,5,3,4,2,3,2,3,2,3,2,3,3,4,3,3,3,4,3,4,3,4,1,0,1,0,2,2,3,4,3,4,4,5,5,5,2,2,2,3,4,4,4,5,5,5,5,5,2,2,4,4,4,4,4,4,3,4,4,4,5,6,4,3,3,3,3,3,3,2,3,4,3,3,3,3,3,18,2,4,2,1,4,4,4,3,3,3,3,4,2,3,3,3,4,3,2,4,3,4,4,3,3,4,4,3,4,4,4,3,5,3,3,3,4,2,4,4,2,2,2,2,2,2,2,2,2,2,3,3,2,2,2,7,9,5,8,5,1,8,4,2,1,33,3,1,1,1,43,3900,2700,0,416701,다양한 장비 다루는 기술교육들 일자리 형태 지금 현재 수준 유지,정보통신학
28398,3,3,3,3,2,3,4,4,3,5,4,4,4,4,4,5,3,5,4,4,4,5,3,4,4,4,4,5,3,4,5,5,3,5,3,4,4,4,3,4,3,4,4,4,3,5,2,4,4,4,2,5,3,4,3,3,3,3,3,3,2,4,2,4,2,3,3,3,3,3,2,3,2,3,2,3,3,2,2,3,3,3,2,4,2,3,2,2,4,3,2,3,4,3,3,4,3,4,4,3,4,10,1,3,2,2,0,3,4,4,3,3,3,4,3,4,5,5,4,5,4,3,4,4,4,3,3,4,3,4,3,4,3,2,4,3,4,3,4,3,4,3,2,2,2,2,2,2,2,2,2,2,3,3,3,3,2,7,8,6,6,5,7,7,6,5,1,42,4,1,1,1,40,4200,3000,0,134301,상황 계속 유지,정보통신학
28399,4,5,5,7,2,2,3,4,4,6,3,4,2,2,3,4,3,5,3,4,2,2,3,4,4,6,4,6,2,2,3,4,3,4,2,3,1,0,3,4,3,4,4,6,3,4,1,0,1,0,1,0,1,0,1,0,1,0,1,0,3,4,1,0,1,0,1,0,1,0,1,0,2,2,1,0,1,0,1,0,2,2,2,2,3,4,3,4,5,4,4,3,3,2,4,3,3,3,2,4,4,11,1,2,1,1,3,3,5,4,2,1,4,4,2,3,9,9,4,4,4,3,3,4,4,4,2,1,4,2,4,3,3,1,1,3,5,3,3,2,3,2,2,1,2,2,2,1,2,1,2,1,3,2,2,2,2,3,8,3,6,4,8,2,7,3,1,55,4,1,1,1,40,8500,4000,0,31101,투자자산운용사 금융투자분석사 증시의 안정성 수익 유동성 파악 분석 전산 시스템 업그레이드 전산 시스템 대체 부분 크게 변화,경제학
28400,4,5,4,6,4,6,4,6,4,6,4,6,4,5,4,6,4,6,4,5,4,6,4,6,4,5,4,6,4,6,4,5,4,6,4,6,4,5,4,6,4,6,4,5,4,6,4,6,4,5,4,6,4,6,4,5,3,5,4,6,4,6,4,6,4,6,4,5,4,5,5,5,4,5,4,5,4,6,4,5,4,5,4,6,4,5,3,5,4,4,5,4,5,4,4,4,3,4,3,4,3,16,5,3,1,2,0,2,5,4,3,4,5,4,4,4,5,4,5,4,4,3,4,4,4,3,4,4,4,4,4,4,4,3,4,4,3,4,3,4,4,4,2,2,2,2,2,2,2,2,2,2,2,3,2,3,1,7,4,7,7,3,6,6,7,4,2,47,4,1,1,1,40,5000,2400,0,212201,1급 정교사 자격증 저출산,수학교육
28401,2,4,4,4,1,0,2,3,1,0,2,3,1,0,3,4,3,3,3,4,1,0,2,3,3,4,1,0,2,3,2,3,1,0,2,3,2,2,4,5,2,3,2,3,3,4,2,2,2,2,1,0,1,0,1,0,2,3,1,0,1,0,1,0,1,0,2,2,1,0,1,0,1,0,4,4,4,4,1,0,4,4,4,4,3,4,2,3,2,4,3,2,2,2,3,2,3,2,2,3,4,19,4,1,2,2,0,7,1,2,1,1,4,2,3,3,9,9,9,3,4,2,2,4,4,2,2,3,3,4,3,4,2,4,4,4,3,5,4,3,4,4,2,2,2,2,2,2,2,2,2,1,3,2,2,2,2,7,7,8,4,6,6,3,3,6,2,36,3,1,4,2,25,1600,1500,0,561601,독거 노인 도우미 요로 계속 때문,피부미용학
28402,4,4,4,5,4,4,4,4,4,5,4,5,4,4,4,4,4,4,3,4,3,4,4,4,4,4,4,4,4,4,3,4,4,5,4,5,4,5,4,3,4,4,4,4,3,4,3,3,4,4,3,4,3,4,3,4,3,4,3,4,3,3,3,3,3,3,3,3,1,0,3,4,3,3,3,3,3,3,2,3,3,3,1,0,4,5,4,5,4,3,4,4,4,4,4,4,4,4,3,3,3,15,2,3,1,2,0,4,5,3,3,3,3,4,3,3,3,3,4,3,4,4,4,4,3,4,3,4,3,3,3,3,3,4,3,3,4,3,3,3,3,4,2,2,2,2,2,2,2,2,2,2,3,3,3,3,2,7,7,7,6,7,7,3,4,3,1,45,4,1,1,1,40,3800,3000,0,140503,교통산업기사 변화,지상교통학
28403,2,4,4,5,2,4,4,5,2,3,2,3,2,3,1,0,2,4,2,4,2,3,2,4,2,2,2,3,2,4,2,3,1,0,2,3,2,2,5,7,2,3,2,2,2,2,2,3,2,2,1,0,1,0,1,0,1,0,2,2,4,5,1,0,2,2,1,0,1,0,1,0,1,0,1,0,1,0,1,0,2,2,2,2,2,2,2,2,3,3,4,3,3,4,4,2,3,2,3,4,4,15,2,6,2,1,2,2,2,4,5,5,4,3,3,4,3,3,3,3,2,4,4,3,5,2,4,3,4,3,4,4,3,3,3,3,3,5,4,2,4,4,2,2,2,2,2,2,2,2,2,1,3,3,3,3,2,6,5,5,5,5,5,5,5,5,1,46,4,1,3,1,40,5000,2400,0,29201,문서작성 보고서 작성요령 업무 수행,행정학
28404,2,3,2,3,2,3,4,4,3,4,4,5,3,4,1,0,4,5,3,4,4,5,4,4,5,7,5,6,5,6,5,6,4,5,4,5,4,5,4,5,4,5,5,6,5,6,2,3,2,2,5,6,4,5,1,0,5,6,3,4,3,3,4,5,4,5,4,4,1,0,2,3,4,6,5,6,5,7,5,7,5,7,5,5,5,6,3,5,4,4,1,4,5,1,1,4,1,3,5,4,1,18,1,4,2,1,6,6,2,5,3,3,4,5,1,3,4,5,4,4,2,4,4,3,4,4,3,2,3,3,3,3,5,4,3,2,3,4,3,3,4,4,2,2,2,2,2,2,2,2,2,1,3,3,2,2,1,8,6,3,2,3,4,2,3,4,1,46,4,1,1,1,50,8200,7000,0,420101,야구의 코칭스태프의 업무 이해 수의 유지,경영
28405,3,4,4,4,3,4,4,5,4,5,2,3,2,3,3,4,4,5,2,3,3,3,2,2,4,5,2,2,3,4,4,5,3,3,3,3,4,5,3,4,3,3,3,3,3,3,2,3,3,4,4,5,2,3,4,4,3,3,4,5,2,3,3,3,3,3,3,3,2,2,3,4,3,4,2,3,2,2,3,3,2,2,3,4,3,3,3,4,4,3,3,3,4,3,3,4,2,3,3,2,2,9,1,2,1,2,0,2,1,3,4,3,4,3,4,4,3,4,4,4,2,3,3,3,4,4,3,4,4,4,4,4,5,4,4,4,5,5,4,4,4,4,2,2,2,2,2,2,2,2,2,2,2,2,2,2,1,4,7,6,6,7,5,8,7,6,1,39,2,1,1,1,48,2300,2100,0,531301,중식조리기능사 경기 악화 외식 감소,상고
28406,5,7,3,4,2,2,4,6,3,4,3,4,3,4,3,4,2,2,2,2,3,4,2,2,4,6,3,4,3,4,2,2,3,4,3,4,2,2,3,4,3,4,4,5,4,6,1,0,1,0,2,4,1,0,1,0,1,0,1,0,3,4,1,0,1,0,1,0,1,0,1,0,3,4,1,0,1,0,2,2,2,3,3,4,3,4,4,5,4,4,2,4,4,2,4,2,3,3,2,4,4,11,1,2,1,2,0,7,5,3,3,3,4,4,3,4,4,4,4,4,2,4,4,4,4,4,2,1,4,2,4,3,4,3,3,2,5,5,4,3,4,4,2,2,2,2,2,2,2,2,2,2,3,2,2,3,2,3,7,4,7,4,7,4,7,4,2,46,4,1,1,1,40,7000,3500,0,31401,선물거래상담사 증권 관심,수학
28407,3,4,3,3,3,3,3,3,3,4,3,3,2,1,1,0,1,0,1,0,2,1,2,2,1,0,3,6,3,5,3,5,2,1,1,0,3,4,1,0,2,1,3,4,3,4,3,4,3,3,5,7,1,0,1,0,1,0,1,0,1,0,1,0,1,0,1,0,1,0,1,0,1,0,1,0,1,0,1,0,1,0,1,0,1,0,1,0,4,3,3,4,4,4,4,4,3,4,4,3,3,16,5,2,1,1,2,6,6,4,3,4,4,4,4,4,9,9,4,4,2,5,5,3,3,3,5,2,3,3,4,4,3,3,3,3,3,4,2,3,3,3,2,2,2,2,2,2,2,2,2,1,2,3,3,3,1,4,4,5,5,5,5,5,5,5,1,59,4,1,1,1,40,8600,6900,0,13203,중등학교 1급 정교사 스마트 교육 온라인 교육 직무교육에 대한 연수 출산 학교 감소,국어교육
28408,2,2,2,3,2,3,2,2,2,2,2,3,3,2,2,2,2,2,2,2,2,2,2,2,2,2,2,2,2,2,2,3,2,3,2,3,2,3,2,2,2,2,2,2,2,2,2,2,2,2,2,2,2,2,2,2,2,2,2,2,2,2,2,2,2,2,2,2,2,2,2,2,2,2,2,2,2,2,2,2,2,2,2,2,2,2,1,0,3,3,3,3,3,3,3,3,3,3,3,3,3,14,1,3,2,2,0,3,5,3,3,3,2,2,2,3,3,3,3,3,2,2,2,3,3,3,3,3,3,3,3,3,3,3,3,3,3,3,3,3,3,2,2,2,2,2,2,2,2,2,2,2,2,3,3,3,2,5,5,5,5,5,5,5,5,5,1,34,4,1,3,2,48,1800,1500,0,541201,보안 시스템 발전,경찰경호학
28409,5,7,5,7,5,7,3,4,3,5,5,7,4,5,5,7,5,7,4,5,5,7,4,6,5,6,4,6,3,4,4,5,4,5,2,3,3,4,1,0,3,4,4,5,4,5,2,3,2,3,3,4,2,3,2,3,2,3,1,0,2,3,2,3,1,0,2,3,1,0,1,0,3,4,2,3,2,3,2,3,3,4,2,3,3,4,3,4,5,4,4,3,4,3,4,4,3,4,4,4,4,10,1,2,2,2,0,6,5,4,5,4,4,5,4,3,3,4,4,4,3,5,4,2,2,3,3,5,4,5,2,5,4,4,5,4,4,5,4,4,5,4,2,2,2,2,2,2,2,2,2,2,3,2,2,2,1,8,8,4,7,3,2,6,3,2,1,29,4,1,1,1,40,3000,2400,0,412003,채널 일자리,국어국문학
28410,5,1,5,2,1,0,5,1,3,1,3,2,5,2,2,2,5,1,1,0,3,1,3,1,3,1,3,4,5,1,5,2,5,3,3,2,1,0,5,1,3,3,5,3,5,1,1,0,2,2,3,3,5,3,5,5,3,2,3,4,1,0,3,2,3,4,2,1,3,2,3,1,3,3,3,1,1,0,3,1,3,3,3,1,5,2,5,1,2,2,2,1,3,3,3,1,3,3,4,1,4,7,1,1,1,1,5,5,3,4,3,2,3,2,1,3,3,3,3,3,4,1,3,2,4,1,5,3,2,2,4,5,3,4,1,1,3,4,1,3,5,1,2,2,2,2,2,2,2,2,2,3,1,2,2,2,2,3,3,4,4,3,3,3,3,3,2,37,2,2,5,1,60,0,0,2900,511201,미용사 자격증 머리커터 교육 실습 파머 교육 현재 포화상태,인문계(문)
28411,4,5,4,5,4,5,4,5,4,4,4,5,4,5,3,4,4,5,3,4,4,5,4,5,3,4,3,5,4,5,4,5,4,5,4,6,3,4,3,4,4,5,3,4,3,4,4,5,3,4,3,4,3,4,3,3,3,3,3,4,3,4,3,4,4,4,3,3,3,3,3,3,3,4,4,5,4,5,3,4,4,5,4,4,4,5,4,5,4,3,3,4,2,3,4,4,3,4,3,3,4,18,1,4,2,2,0,6,5,3,4,3,4,4,3,3,3,4,4,4,4,3,4,4,3,4,4,3,3,4,4,4,3,4,4,3,4,4,3,3,3,4,2,2,2,2,2,2,2,2,2,2,4,2,2,2,1,6,6,7,5,7,7,2,6,6,1,34,4,1,3,1,40,4000,3500,0,416102,휴식 연극 풀기 때문,연극영화학
28412,5,6,5,6,3,4,3,4,5,6,5,5,3,4,4,5,3,4,3,4,3,5,4,5,4,5,1,0,1,0,3,4,1,0,1,0,4,5,1,0,4,5,4,5,4,5,1,0,1,0,2,3,4,5,4,5,4,5,4,5,5,6,4,5,4,5,3,4,3,4,3,4,4,5,1,0,1,0,1,0,1,0,1,0,2,3,2,3,4,2,4,2,3,4,3,4,2,3,4,3,4,10,1,5,2,2,0,3,5,4,4,4,4,4,3,3,4,4,4,4,2,4,3,4,4,2,4,4,4,3,3,5,4,4,4,4,4,4,3,3,4,5,2,2,2,2,2,2,2,2,2,2,4,3,3,3,1,7,7,7,3,3,7,7,3,3,1,40,5,1,1,1,50,4800,2800,0,133204,게임 산업 활성화,컴퓨터공학
28413,5,7,5,7,4,5,5,6,2,3,3,4,4,5,2,3,4,5,3,4,3,4,4,5,5,7,4,6,2,3,3,4,2,3,1,0,2,3,1,0,1,0,1,0,4,5,1,0,1,0,1,0,1,0,1,0,1,0,1,0,2,3,1,0,1,0,1,0,1,0,1,0,1,0,1,0,1,0,3,4,1,0,1,0,5,7,5,7,3,3,2,3,3,4,4,4,3,4,3,3,2,18,1,2,2,2,0,6,4,4,4,5,4,5,4,3,3,3,3,3,2,4,4,2,2,3,3,5,4,5,2,5,4,5,5,4,5,5,4,4,5,4,2,2,2,2,2,2,2,2,2,2,3,2,2,3,1,2,2,2,2,2,5,1,1,1,2,24,3,1,1,1,40,3000,2800,0,416205,수요 공급 차이 상태 유지,방송연예
28414,5,7,5,6,5,5,5,5,5,5,5,5,5,4,4,6,4,5,5,5,4,5,5,5,4,4,4,4,5,4,5,5,4,5,5,4,4,5,5,6,4,5,4,4,4,5,4,5,4,4,4,5,4,5,4,5,3,4,3,4,3,4,4,4,3,3,2,5,3,4,4,5,4,4,3,3,3,2,3,4,2,6,4,3,3,4,4,3,4,4,2,4,4,4,4,4,3,4,5,4,3,17,1,2,1,1,6,6,5,4,5,4,4,4,4,4,4,3,4,4,4,4,4,4,4,3,3,4,2,3,2,5,3,5,4,5,5,3,4,4,4,4,2,2,2,2,2,2,2,1,2,2,4,1,1,1,2,8,7,7,5,5,5,7,4,5,1,32,5,1,1,1,48,8000,5000,0,301112,피부과전문의 의사면허증 레지던트 피부 방문 자수 증가 업무 외모 관심 증가,의학
28415,3,4,3,3,3,4,4,5,4,5,4,5,4,5,3,4,4,4,4,5,4,4,4,5,4,4,3,4,3,3,3,4,4,5,4,5,4,5,4,4,4,4,4,5,3,3,4,5,4,5,3,4,4,5,4,5,4,5,4,5,4,5,4,5,4,5,4,5,3,4,4,5,4,5,4,4,4,5,4,5,4,4,4,5,4,4,4,5,4,4,3,3,4,3,4,4,4,3,3,2,3,3,1,2,2,2,0,1,5,4,4,5,4,4,4,4,4,4,5,4,4,4,3,3,4,3,4,3,4,4,4,3,4,4,4,3,4,4,4,3,4,4,2,2,2,2,2,2,2,2,2,2,3,3,3,3,2,6,7,4,3,5,5,4,7,5,1,43,4,1,1,1,40,3200,2800,0,157201,기계 식품 연구,식품영양학
28416,4,6,4,6,4,4,4,5,4,5,4,5,4,5,4,5,4,6,4,6,4,5,4,6,4,6,4,5,4,5,4,5,4,4,4,4,4,4,4,4,4,6,4,5,3,6,4,5,4,4,3,3,4,5,4,7,5,7,5,7,3,4,3,3,4,6,4,6,4,6,4,6,4,6,4,4,3,4,3,5,4,4,3,4,4,6,4,6,4,4,5,4,4,4,5,3,4,4,4,3,4,10,1,4,1,1,3,3,5,4,4,4,4,4,4,4,3,3,4,4,2,4,3,3,4,4,4,3,3,3,3,4,4,4,3,4,4,4,3,3,4,3,2,2,1,2,2,2,2,2,2,2,3,3,3,3,2,9,9,1,1,9,9,9,8,8,1,58,4,1,1,1,52,4000,2800,0,136002,무선설비기사 송신장비 확인 고장원인 조사 감시 장비 자동화 파일 양식 자동 송출된다 변화,방송학
28417,4,5,5,6,3,2,4,4,4,5,4,4,5,7,4,5,4,4,4,5,3,3,4,4,4,5,4,5,3,4,4,5,4,5,3,3,4,4,3,4,5,5,5,7,3,3,2,2,2,2,5,6,4,4,4,5,2,2,4,3,4,5,4,5,4,4,4,4,4,6,4,5,4,6,4,5,4,5,4,5,4,4,4,4,4,4,4,5,4,4,4,4,5,4,3,4,2,4,4,4,4,10,1,5,1,1,3,6,5,3,3,3,4,3,2,4,3,4,4,4,4,4,4,3,4,3,3,4,3,3,4,4,3,4,4,4,4,3,4,3,4,4,2,2,2,2,2,2,2,2,2,1,3,3,3,3,2,7,7,7,1,2,2,2,2,3,1,53,4,1,1,1,40,4000,3000,0,131202,컴퓨터시스템응용기술사 스마트방법 홈시큐리티 시스템 변화,통신
28418,3,5,4,5,3,4,3,4,3,5,3,5,1,0,4,6,3,5,3,5,3,5,3,5,4,5,3,4,2,4,4,6,2,5,3,5,3,5,4,6,4,5,1,0,3,4,1,0,1,0,3,5,3,5,1,0,3,6,4,6,1,0,3,5,4,5,3,5,3,5,3,5,3,5,4,6,4,6,3,5,3,5,3,5,4,5,3,5,4,3,2,3,4,2,4,3,3,4,3,4,2,4,1,2,1,2,0,5,2,4,4,3,4,4,3,3,4,3,4,4,2,4,4,5,3,3,4,3,2,3,5,4,5,4,4,4,3,4,4,3,5,5,2,2,2,2,2,2,2,2,2,2,2,2,2,2,2,8,6,7,4,6,3,3,7,6,1,51,2,1,1,1,40,3600,2200,0,831301,전기기능사 침체 장기 화로,전기
28419,4,5,3,5,4,4,5,6,1,0,4,5,1,0,4,5,4,5,4,4,1,0,4,5,5,6,4,5,1,0,3,3,4,5,4,5,3,3,5,6,4,5,4,5,4,5,3,3,4,5,1,0,1,0,4,5,4,5,4,5,5,6,5,5,1,0,2,1,2,2,3,3,1,0,1,0,1,0,1,0,3,3,3,3,3,4,3,3,3,4,3,3,4,4,3,5,4,4,3,3,3,6,1,2,1,2,0,3,4,4,3,3,4,4,3,3,4,3,4,4,2,4,3,3,3,4,3,4,5,3,2,5,3,4,3,4,4,5,4,3,5,3,2,2,2,2,2,2,2,2,2,1,2,2,2,3,2,7,6,6,1,2,8,9,5,2,1,43,4,1,1,1,40,6000,3200,0,140304,토목기사자격증 경제 건축 일도 당분간 들것,토목공학
28420,1,0,1,0,1,0,1,0,1,0,1,0,1,0,1,0,1,0,1,0,1,0,1,0,1,0,1,0,1,0,2,2,1,0,3,4,3,3,2,3,3,4,3,4,3,4,3,3,3,4,3,3,2,3,3,4,3,4,5,6,1,0,3,4,1,0,3,4,1,0,1,0,1,0,1,0,1,0,1,0,4,5,3,4,1,0,1,0,3,3,3,4,3,3,3,3,3,3,3,3,3,18,1,2,1,1,3,5,3,3,3,3,4,4,4,3,3,3,3,3,2,4,4,3,3,3,3,3,3,3,3,4,3,4,3,3,4,3,4,3,3,4,2,2,2,2,2,2,2,2,2,5,3,3,3,3,2,8,6,3,7,6,7,2,8,8,1,27,3,1,1,1,45,2800,2500,0,416701,무대조명 자격증 조명설비기술 변동,전기
28421,5,7,5,7,5,7,2,2,1,0,5,6,5,7,5,6,5,7,1,0,5,7,1,0,4,5,4,4,2,3,1,0,1,0,1,0,1,0,1,0,4,4,4,4,4,5,1,0,1,0,1,0,1,0,1,0,1,0,1,0,5,6,1,0,1,0,1,0,1,0,1,0,1,0,1,0,1,0,1,0,1,0,1,0,4,5,1,0,3,4,5,4,4,5,1,3,2,4,1,1,5,18,4,1,2,2,0,4,2,3,2,2,4,4,3,2,9,9,9,3,3,4,3,2,2,3,3,2,3,4,4,4,3,4,3,4,5,5,4,4,4,3,2,2,2,2,2,2,2,2,2,2,2,3,3,3,2,3,2,8,9,9,1,8,2,2,1,27,2,1,4,2,40,2630,1200,0,411102,독서 인구 감소 인터넷 발달,문과
28422,4,6,3,5,3,5,4,6,2,4,3,5,2,3,4,5,4,6,4,5,4,5,5,6,5,6,5,6,3,5,4,6,5,7,5,6,5,6,3,5,3,4,4,5,5,6,4,5,3,5,5,6,3,4,3,4,3,4,3,4,3,4,3,4,2,3,3,4,3,4,3,4,3,4,3,4,3,4,4,5,5,6,4,6,3,4,3,4,4,4,2,3,4,2,4,2,3,2,4,4,2,15,2,3,2,1,2,3,4,4,4,3,2,4,2,4,2,2,3,3,4,2,3,3,3,2,3,3,2,4,2,4,2,4,4,4,3,4,4,3,4,3,2,2,2,2,2,2,2,2,2,3,1,1,1,3,2,5,7,9,6,8,7,8,6,4,1,29,6,1,1,1,40,2500,2000,0,250201,군사훈련 연봉 호도,건축학
28423,3,3,2,3,1,0,1,0,3,4,3,3,3,4,3,4,3,4,3,4,3,4,3,4,3,4,3,4,3,4,3,4,3,4,1,0,4,3,3,4,3,4,3,4,3,4,3,3,3,4,2,2,3,4,3,4,3,4,3,4,1,0,1,0,1,0,3,4,3,4,3,4,3,4,2,3,3,4,3,4,3,4,1,0,1,0,1,0,4,3,3,4,3,3,3,3,3,3,3,3,3,13,1,5,2,1,6,5,4,5,4,4,4,4,4,3,3,3,3,3,3,3,3,3,4,3,3,4,3,3,4,3,4,3,3,3,3,4,3,3,3,3,2,2,2,2,2,2,2,2,2,3,3,2,2,2,1,4,8,7,4,5,7,4,8,8,1,28,3,1,3,2,45,2500,2000,0,133202,RF CDMA 기술 연구 교육 부분 사람 변화,지구시스템학
28424,3,3,4,6,2,3,2,3,2,3,4,5,5,6,4,6,2,3,4,5,4,5,5,6,5,7,4,6,2,3,3,4,3,4,3,5,4,5,1,0,4,5,4,5,4,5,4,5,2,2,2,3,4,5,3,4,2,2,2,2,3,4,2,2,3,4,2,3,2,3,2,3,2,3,3,4,2,3,1,0,1,0,1,0,2,3,2,3,5,5,4,4,5,4,5,3,4,4,5,5,5,13,1,3,2,2,0,6,5,5,5,5,5,5,5,3,3,4,4,4,3,4,4,3,2,2,3,5,4,5,4,4,5,5,5,5,5,5,4,4,5,4,2,2,2,2,2,2,2,2,2,2,3,1,1,1,1,1,1,1,2,2,8,7,3,3,1,31,6,1,1,1,40,4500,2500,0,151201,변화,자동차공학
28425,5,7,5,7,5,7,4,6,3,5,4,6,4,6,5,6,5,6,4,5,4,5,5,7,4,6,3,4,3,4,4,5,3,4,2,3,4,5,4,6,5,7,4,6,4,6,3,4,5,3,5,5,3,5,3,3,1,0,1,0,1,0,2,2,2,2,1,0,1,0,1,0,1,0,1,0,1,0,1,0,1,0,1,0,2,3,2,3,5,5,4,4,4,5,5,4,4,3,3,3,3,19,3,3,2,2,0,6,5,3,3,3,3,3,3,4,4,4,4,4,4,4,3,5,4,2,4,2,4,4,4,4,4,4,4,4,4,4,3,3,3,4,2,2,2,2,2,2,2,2,2,2,3,3,3,3,2,5,5,5,4,4,5,5,5,6,1,53,6,1,1,1,52,4000,2000,0,110102,상태 유지,역사학
28426,3,4,4,5,4,5,4,5,5,6,4,6,4,5,4,5,4,5,4,5,4,5,3,4,4,5,4,6,4,5,4,5,4,5,4,5,3,4,4,5,5,6,5,3,5,6,4,5,4,6,4,6,5,6,4,6,4,5,4,5,4,6,4,6,4,6,4,5,4,6,4,6,4,6,4,6,4,2,4,6,4,6,4,6,4,6,4,6,4,4,2,2,4,4,4,4,3,4,4,3,4,6,1,4,1,1,3,2,4,4,2,1,4,4,3,3,2,3,3,3,2,4,4,4,4,4,4,4,4,3,4,4,4,5,4,4,5,4,4,3,4,4,1,1,1,1,1,1,2,2,2,2,3,3,3,3,2,5,3,8,4,3,3,7,3,2,1,36,4,1,1,1,40,3000,2000,0,28402,콘크리트 기사 기술사 품질관리 교육 기술 자동화 시스템 도입 감소 예정,건축공학
28427,3,4,2,3,2,2,4,5,2,3,1,0,2,2,3,3,3,3,2,2,2,2,1,0,3,4,3,5,4,4,4,5,4,5,3,5,3,3,4,5,3,3,5,5,3,3,3,3,3,3,2,2,2,3,2,4,3,4,3,3,3,4,3,3,3,3,1,0,1,0,1,0,3,3,3,4,2,3,3,5,4,4,2,2,2,3,2,3,3,4,3,3,3,2,4,2,3,3,4,3,3,17,5,5,2,2,0,1,3,3,2,2,3,4,3,3,3,2,4,3,3,2,2,3,3,2,3,2,2,4,2,4,3,4,4,3,4,4,3,3,4,3,2,2,2,2,2,2,2,2,2,1,2,2,2,3,1,7,6,5,3,4,4,6,4,5,2,43,3,1,1,1,40,3200,2500,0,615401,온라인 시장 규모 영향,의무행정학
28428,3,3,3,4,3,3,3,5,3,4,3,4,3,3,3,3,3,4,4,5,3,5,3,4,3,3,3,3,3,3,3,4,3,4,3,3,3,4,3,4,3,3,3,4,3,4,3,4,3,4,3,4,3,4,3,5,4,6,4,5,3,4,3,5,3,4,4,5,4,5,4,5,4,4,3,4,3,4,3,4,3,4,3,4,4,5,4,4,3,3,3,4,3,4,4,2,3,3,3,3,3,4,1,2,1,2,0,4,4,3,3,3,2,4,2,3,3,3,3,3,2,3,3,4,4,4,3,4,5,4,3,5,4,4,4,4,5,4,4,3,4,4,2,2,2,2,2,2,2,2,2,1,3,2,3,3,1,7,5,5,6,5,5,6,5,6,1,30,3,1,1,1,40,4500,3200,0,153104,전기기사 기계 대체 불가,전기공학
28429,2,2,2,2,1,0,1,0,1,0,3,4,5,7,5,7,5,7,5,6,4,5,1,0,4,5,3,4,1,0,1,0,1,0,1,0,1,0,1,0,3,4,3,4,3,4,1,0,1,0,1,0,1,0,1,0,1,0,1,0,1,0,1,0,1,0,1,0,1,0,1,0,1,0,5,6,1,0,1,0,4,5,2,3,5,7,1,0,4,4,4,1,5,2,2,3,3,4,5,3,5,18,4,1,2,1,6,6,1,4,1,2,4,4,4,1,9,9,9,2,5,2,2,4,4,3,4,4,4,3,2,5,4,5,4,4,4,5,5,4,5,5,2,2,2,2,2,2,2,2,2,2,3,2,2,2,2,8,7,3,2,2,8,8,9,1,1,56,3,1,4,2,20,1500,1000,0,414101,기초과정 작업 전문 직업 직업 병행,기계
28430,2,2,2,2,2,2,3,3,3,3,2,3,2,2,3,2,2,3,2,3,1,0,3,4,3,3,1,0,3,4,3,3,2,2,1,0,3,3,3,3,2,3,3,3,3,3,1,0,1,0,1,0,1,0,1,0,1,0,1,0,1,0,1,0,1,0,2,2,2,2,2,2,1,0,2,2,5,2,4,4,4,4,3,4,3,3,3,3,2,4,1,3,4,2,2,2,2,2,3,3,3,9,1,1,2,2,0,7,1,3,2,2,2,1,2,3,1,2,3,3,4,2,1,5,4,5,3,3,2,2,3,5,3,3,3,2,4,5,5,2,4,3,2,2,2,2,2,2,2,2,2,1,4,2,2,2,1,8,9,9,9,9,7,1,1,9,2,47,1,1,2,2,40,2000,1700,0,532301,체인점 요식업 영업 인원,0
28431,4,4,4,4,2,2,3,3,2,2,2,2,1,0,4,5,3,3,3,3,2,2,3,3,3,3,1,0,2,2,4,5,3,3,3,3,2,2,3,3,3,3,3,3,3,3,1,0,2,2,1,0,2,2,1,0,5,4,2,2,1,0,5,2,3,3,4,5,1,0,1,0,4,5,5,5,4,5,3,3,3,3,4,5,4,5,3,3,4,2,1,3,4,1,2,3,3,3,3,4,4,6,1,2,2,2,0,6,3,2,2,1,3,2,2,3,3,4,4,3,4,2,1,4,4,4,3,3,4,1,3,5,1,2,2,1,4,4,4,3,5,4,2,2,2,2,2,2,2,2,2,2,3,2,2,2,2,8,7,8,9,4,6,4,3,5,1,55,2,1,1,1,40,4000,2500,0,702601,신축 재건축 물량 정도 유지 것이므,공고
28432,2,4,2,3,2,3,3,4,3,4,3,4,3,4,3,4,3,3,4,5,4,5,4,5,4,5,4,6,4,4,4,6,2,2,1,0,3,4,3,2,4,6,4,5,4,5,1,0,3,5,3,4,4,5,4,5,5,6,4,5,3,4,4,5,3,4,4,6,4,6,4,7,3,4,4,6,3,4,4,6,4,5,4,5,4,5,4,4,4,4,4,3,4,4,4,3,3,4,3,4,3,15,2,4,1,1,2,7,5,4,4,4,4,4,4,4,3,4,4,4,3,3,3,2,3,3,3,3,4,4,3,3,3,4,3,2,3,4,4,3,3,5,2,2,2,2,2,2,2,2,2,2,3,3,3,3,1,6,5,6,4,3,4,6,4,4,1,35,4,1,1,1,52,3600,3500,0,853101,수질환경산업기사 정수시설운영관리사 수조 펌프 정비조 시설관리 정수 시스템 변화 요소 당분,환경
28433,5,6,5,6,5,6,5,6,3,4,5,5,3,4,5,6,4,4,3,3,2,3,3,4,2,3,3,4,5,4,3,4,4,6,3,5,3,4,5,6,5,5,4,5,5,5,1,0,1,0,1,0,3,4,1,0,1,0,1,0,4,6,1,0,1,0,1,0,1,0,1,0,1,0,1,0,1,0,2,3,1,0,1,0,4,5,3,3,3,4,3,3,3,4,3,4,4,3,3,3,4,13,1,1,2,2,0,3,4,4,3,3,4,4,3,3,4,4,4,4,3,3,3,4,3,3,4,3,4,2,4,2,3,3,2,4,3,2,4,3,4,2,2,2,2,2,2,2,2,2,2,1,4,3,3,3,2,5,4,4,5,4,4,8,7,6,1,32,4,1,1,1,40,2800,2600,0,222001,소송 분쟁,행정학
28434,5,7,4,6,5,7,5,7,4,6,4,6,5,7,5,7,5,6,5,6,5,6,4,7,5,7,4,6,5,5,5,5,5,5,4,4,5,6,5,6,5,7,5,6,5,5,5,6,5,5,3,5,3,4,4,4,1,0,1,0,1,0,1,0,2,1,1,0,1,0,2,2,1,0,1,0,1,0,1,0,1,0,1,0,3,4,1,0,3,3,4,3,4,4,4,3,3,4,3,4,4,15,2,5,1,2,0,5,7,3,3,4,4,4,4,3,3,3,3,3,4,3,4,4,4,3,3,4,3,3,5,3,3,3,3,3,4,4,4,3,4,4,2,2,2,2,2,2,2,2,2,1,3,3,3,3,2,2,5,2,6,2,5,2,3,2,2,38,6,1,1,1,40,5800,3200,0,122102,박사학위 상태 유지,약학
28435,4,6,4,5,4,5,3,5,4,6,5,6,2,2,4,6,5,7,2,3,3,3,4,5,4,6,4,5,4,5,4,5,3,4,2,3,2,3,4,4,5,6,2,3,2,3,2,3,3,3,2,2,4,4,1,0,2,3,1,0,2,3,1,0,1,0,1,0,1,0,1,0,2,3,4,5,4,5,2,2,2,3,2,2,2,3,2,3,3,3,5,4,3,4,2,2,4,4,4,3,4,17,1,1,1,2,0,2,5,4,4,3,5,4,4,4,9,9,4,4,2,5,5,3,2,3,3,3,4,3,3,3,4,3,3,4,4,4,3,4,4,5,2,2,2,2,2,2,2,2,2,2,2,3,3,3,2,5,4,6,5,4,4,6,4,5,1,60,4,2,5,1,46,0,0,4500,303002,한약사 한약 선호 감소,한약학
28436,1,0,3,4,1,0,3,3,1,0,1,0,1,0,1,0,3,4,1,0,1,0,1,0,3,4,1,0,3,4,3,4,2,2,1,0,1,0,2,2,3,4,3,3,2,2,1,0,2,3,1,0,1,0,1,0,1,0,1,0,1,0,1,0,1,0,1,0,1,0,1,0,1,0,1,0,1,0,1,0,3,3,3,2,2,1,2,2,2,4,4,1,1,4,2,3,2,2,4,2,3,19,1,3,2,2,0,7,2,2,1,1,3,2,1,2,9,3,3,3,4,3,1,4,3,4,2,3,4,2,4,4,3,2,2,3,4,5,3,2,5,2,2,2,2,2,2,2,2,2,2,3,3,3,3,3,2,6,6,7,4,5,6,5,4,6,2,39,2,1,1,1,40,1900,1900,0,561601,변화,문과
28437,2,4,2,4,3,3,2,3,3,5,3,4,3,5,3,4,2,3,1,0,2,4,2,5,2,4,1,0,1,0,1,0,2,3,2,3,2,4,2,4,4,5,3,3,2,3,1,0,1,0,1,0,3,4,3,5,3,5,3,4,3,4,4,5,3,4,2,3,4,5,4,5,1,0,2,4,2,4,2,4,2,4,2,3,3,4,3,3,5,5,1,3,3,1,3,4,2,3,4,4,1,13,2,2,2,2,0,2,6,4,3,5,4,4,5,5,4,4,5,3,1,4,3,5,4,4,3,5,5,4,4,4,3,3,5,4,4,4,5,3,4,5,2,2,2,2,2,2,2,2,2,2,3,3,3,3,2,3,5,5,7,6,5,8,6,5,1,53,5,1,1,1,40,5200,4200,0,122105,자연 환경 변화 산림 대한 관심,임학
28438,3,5,3,4,3,4,3,3,1,0,3,5,1,0,3,5,4,4,1,0,2,2,4,5,2,2,4,3,1,0,1,0,1,0,1,0,4,4,1,0,3,4,4,3,1,0,1,0,3,2,1,0,1,0,1,0,1,0,1,0,1,0,1,0,1,0,1,0,1,0,1,0,2,2,1,0,1,0,1,0,1,0,1,0,3,2,1,0,4,4,3,3,2,5,4,3,4,2,4,4,3,16,5,2,2,2,0,2,6,4,5,5,5,5,5,4,5,5,3,4,4,3,4,4,3,5,5,4,3,3,4,3,3,5,4,4,5,3,4,4,5,5,2,2,2,2,2,2,2,2,2,2,3,3,3,3,2,4,2,3,6,5,6,4,3,7,1,30,5,1,1,1,40,5100,5000,0,110101,인문학 영향 동시 유지됨,철학
28439,4,5,4,5,3,5,4,5,3,5,4,4,4,4,4,4,4,4,4,5,3,5,3,5,4,5,3,5,4,4,4,5,4,5,4,5,4,4,4,5,4,5,4,4,4,4,4,5,4,5,4,4,4,5,4,5,3,5,3,5,4,4,4,5,3,5,4,4,4,5,3,4,4,5,3,4,3,4,4,4,4,5,3,5,4,4,4,5,4,4,3,4,3,4,4,4,3,4,3,4,3,17,1,1,1,1,6,6,5,3,3,3,4,4,4,4,4,3,3,4,2,4,4,4,4,4,4,2,4,3,4,4,4,3,4,4,3,4,4,3,4,4,2,2,2,2,2,2,2,2,2,2,2,3,3,3,2,3,3,4,5,4,4,3,4,6,1,40,6,1,1,1,45,19000,9000,0,301103,의사 면허증 전공의 자격증 레지던트 디지털화 싱글 증가 인구 감소,의과
28440,2,3,2,3,1,0,2,3,2,3,2,3,4,6,1,0,3,4,3,4,2,3,1,0,1,0,4,6,1,0,1,0,1,0,1,0,1,0,4,6,4,6,4,6,3,4,1,0,1,0,3,4,4,5,4,5,4,6,4,5,4,6,4,5,3,4,4,6,4,6,4,6,4,6,3,4,3,4,3,4,4,6,3,4,3,4,3,4,4,2,4,4,4,4,4,3,4,4,4,4,4,14,1,2,1,2,0,2,2,4,4,4,4,4,3,4,3,5,5,5,2,4,4,4,3,2,2,3,4,5,4,4,4,3,4,4,4,4,4,3,4,5,2,2,2,2,2,2,2,2,2,2,2,3,3,3,2,8,2,8,2,8,2,8,2,8,1,36,4,1,1,1,40,3600,2400,0,541301,특수경비 정보보안기사 정보보안산업기사 전산 화의 기능,전기
28441,5,4,3,5,4,5,3,5,3,4,3,5,3,3,3,4,4,4,4,4,3,4,3,4,3,4,2,3,2,4,2,3,2,3,2,4,3,4,3,5,5,5,5,4,4,4,2,4,2,4,3,4,3,4,4,5,3,3,2,3,4,4,4,5,4,4,2,3,2,3,2,4,2,4,3,4,3,3,2,3,2,3,2,3,4,4,3,4,4,3,4,4,3,4,4,3,3,5,4,4,2,13,4,1,2,2,0,1,5,4,3,3,2,5,5,3,4,4,5,4,2,4,3,4,2,3,4,3,4,3,4,3,4,3,3,3,3,4,4,3,3,3,2,2,2,2,2,2,2,2,2,1,4,2,2,2,1,8,7,6,5,4,5,2,4,5,2,37,4,1,4,2,20,2600,2000,0,416302,채널 방송 일자리 증가,국어국문
28442,4,4,4,4,4,5,3,4,3,3,4,5,4,5,4,5,4,4,3,4,3,4,4,4,3,4,2,3,3,4,4,5,4,4,3,4,3,4,4,4,3,3,3,4,4,5,4,5,4,5,4,5,2,2,1,0,1,0,1,0,1,0,3,4,2,2,1,0,1,0,2,2,3,4,4,5,3,3,3,4,2,2,2,2,3,4,4,4,4,3,4,4,4,3,3,4,4,4,3,3,4,13,1,2,1,2,0,3,4,4,3,4,3,3,4,4,4,3,3,4,3,3,3,4,3,3,3,4,4,3,3,4,4,3,3,4,4,3,3,4,4,4,2,2,2,2,2,2,2,2,2,2,3,3,3,3,2,7,6,6,7,7,6,7,6,7,2,30,4,1,1,1,40,3800,3000,0,24101,전산회계 광고마케터1급 선호 직종,경영
28443,3,3,3,4,1,0,3,4,2,2,2,1,1,0,2,3,2,1,3,5,1,0,1,0,2,3,1,0,2,3,3,4,2,1,3,3,1,0,3,3,2,3,3,4,3,4,3,4,1,0,1,0,2,2,2,1,1,0,1,0,1,0,1,0,1,0,2,3,2,2,3,3,1,0,3,4,2,3,3,4,1,0,1,0,3,3,2,2,3,4,5,2,2,2,3,4,3,2,4,1,5,8,1,2,1,2,0,5,2,3,2,1,3,2,3,2,9,9,9,3,4,2,1,3,4,3,4,3,5,4,3,4,2,3,5,4,4,4,2,3,4,1,2,2,2,2,2,2,2,2,2,1,3,3,3,3,2,6,6,6,4,4,5,4,4,5,1,38,4,1,1,1,50,2600,2300,0,622101,1종보통 택시운전자격증 기계 대체,화학
28444,5,6,5,5,4,5,4,5,5,5,4,5,2,5,3,4,4,5,1,0,4,5,3,5,4,5,3,5,1,0,2,4,1,0,3,5,3,5,5,5,4,4,4,5,2,4,5,5,1,0,3,4,1,0,1,0,2,5,2,4,3,5,1,0,4,5,1,0,4,5,2,3,2,5,1,0,4,3,2,5,1,0,1,0,3,4,1,0,4,4,2,4,4,4,4,3,3,3,4,4,4,13,1,2,1,1,3,2,4,4,4,3,4,4,3,4,4,9,5,5,4,4,4,5,5,2,3,2,4,4,2,5,4,3,4,2,4,5,5,4,5,5,2,2,2,2,2,2,2,2,2,2,2,3,3,3,1,4,6,3,2,3,4,8,7,8,1,33,4,1,1,1,45,3200,2800,0,27101,회계사 정확 친절 신속 컴퓨터 발전,세무회계
28445,4,5,4,4,4,5,4,5,4,5,3,5,4,4,4,5,4,5,4,4,4,5,4,5,4,5,4,4,4,5,4,5,4,5,4,5,4,5,3,5,4,5,4,5,4,4,4,5,4,5,4,5,3,5,2,3,2,4,2,3,4,5,3,5,2,3,2,3,2,3,2,3,4,5,4,4,4,5,4,4,4,5,3,5,4,5,4,4,4,4,3,4,4,3,4,4,3,4,4,3,4,17,1,2,1,2,0,7,5,4,3,4,4,4,4,5,4,5,5,4,2,4,4,4,3,4,4,3,4,4,4,4,3,4,4,3,4,4,4,4,4,3,2,2,2,2,2,2,2,2,2,2,3,2,2,3,2,8,7,8,7,8,8,8,7,8,2,52,4,1,1,1,48,7000,3600,0,305001,영양사자격증 변화,식품영양
28446,5,5,5,5,4,5,5,5,4,4,4,5,4,5,3,4,4,4,4,5,4,4,4,5,4,5,4,5,3,4,4,5,5,6,5,6,4,5,5,7,4,5,4,4,5,6,4,5,4,5,4,5,3,3,4,5,4,5,4,5,4,4,3,4,3,4,4,4,3,4,4,5,2,3,3,3,3,3,4,5,3,3,3,3,3,4,3,4,3,3,2,3,3,4,3,2,3,4,4,3,3,3,1,4,2,2,0,6,4,4,3,2,4,3,3,4,4,4,3,4,4,3,4,3,4,3,4,4,3,4,4,4,3,4,4,3,4,4,4,3,4,4,2,2,2,2,2,2,2,2,2,1,3,3,3,3,2,6,7,8,6,7,7,6,7,5,1,51,4,1,1,1,40,6000,5500,0,15101,모든 기업 매출 영업,경제학
28447,3,2,3,4,2,2,4,3,1,0,2,2,1,0,3,3,2,2,4,3,1,0,2,2,3,3,2,2,3,2,4,3,3,1,2,1,2,2,5,4,2,3,3,2,4,2,2,1,1,0,1,0,1,0,1,0,3,3,2,1,1,0,1,0,1,0,1,0,1,0,1,0,1,0,2,2,3,3,2,2,3,4,3,2,3,3,3,3,4,3,2,2,4,1,3,3,2,3,4,2,3,17,1,2,1,1,3,3,2,2,3,3,4,3,3,4,3,3,3,3,3,4,3,4,3,3,2,2,3,3,4,4,2,2,3,2,4,3,3,2,4,4,2,2,2,2,2,2,2,2,2,1,5,2,2,2,2,8,9,6,6,3,2,8,9,7,2,59,2,1,3,2,40,2500,1800,0,550101,요양보호사 건강교육 안전교육 노인 인구 증가,인문계
28448,5,7,5,6,5,7,4,6,5,7,4,6,5,6,5,6,5,6,4,6,4,7,5,6,4,5,3,4,3,4,4,6,4,6,5,6,5,7,4,5,5,7,5,7,4,5,4,5,4,5,3,4,5,7,5,7,5,5,4,6,5,6,5,6,4,6,4,6,5,6,5,6,5,6,4,5,4,5,1,0,1,0,1,0,3,3,1,0,4,3,3,3,3,3,4,3,3,3,3,3,3,15,2,4,2,2,0,3,5,3,4,3,4,4,4,4,4,4,4,4,3,3,3,2,3,3,3,3,4,3,4,3,3,3,3,4,3,4,4,2,3,4,2,2,2,2,2,2,2,2,2,2,3,3,3,3,2,2,3,5,5,5,5,3,4,2,2,53,4,1,1,1,40,5600,3200,0,121104,변화,생물학
28449,2,3,2,2,1,0,2,2,1,0,1,0,1,0,2,2,2,4,2,2,1,0,1,0,2,3,3,3,1,0,1,0,1,0,1,0,2,2,1,0,4,4,3,2,1,0,1,0,1,0,1,0,1,0,2,2,3,3,2,3,1,0,1,0,4,3,2,2,2,3,4,5,1,0,2,2,4,3,2,2,2,2,1,0,1,0,1,0,2,3,3,3,3,3,4,2,4,3,3,3,3,15,2,2,2,2,0,7,3,4,3,3,4,3,4,4,4,4,4,4,2,4,3,3,3,4,3,2,4,3,3,4,3,2,3,3,3,4,3,3,4,3,2,2,2,2,2,2,2,2,2,1,3,3,3,3,2,7,7,8,5,7,7,3,3,5,1,51,4,1,1,1,40,4000,3000,0,158402,위험 관리 크게 변동,금속
28450,5,6,5,5,5,6,4,5,2,3,4,5,2,5,3,4,5,4,4,5,3,5,3,4,5,4,5,4,5,5,4,6,3,4,3,4,1,0,5,6,5,5,4,4,5,4,2,4,3,4,5,5,1,0,1,0,2,3,1,0,5,4,1,0,1,0,2,2,2,2,2,2,4,5,2,2,2,3,4,4,5,4,4,3,1,0,5,3,5,5,3,5,5,3,5,3,3,3,4,4,4,7,1,4,2,1,2,3,4,5,4,4,3,4,5,5,5,5,5,5,2,4,4,5,5,4,1,2,4,3,5,5,5,4,4,4,4,5,5,3,5,5,1,1,1,1,1,1,1,1,1,2,2,3,3,3,2,7,7,7,8,7,5,8,9,9,1,54,4,1,3,1,40,20000,5000,0,11201,비서기본 소양교육 직무수행교육 서비스교육 정보처리능력 문서작성교육 관련 업무 도입 매출 향상 기여 사업 영역 다각 기술 발전 업무 적용 인적자원 구성원 비율 기술 자원 용도 예상,경영학
28451,3,4,3,4,4,5,2,2,2,2,4,5,5,7,4,5,4,5,5,6,4,5,2,2,4,5,3,5,4,5,4,5,4,5,3,4,3,4,4,5,4,5,4,5,4,5,3,4,4,5,3,4,2,3,2,3,2,2,2,2,3,4,4,5,2,2,2,2,3,4,2,3,3,4,3,4,4,5,3,4,3,4,4,5,4,5,3,4,4,3,4,4,4,4,4,4,3,4,4,3,4,13,1,2,1,1,2,3,4,3,4,4,4,4,4,3,3,4,4,4,2,4,4,2,3,4,4,2,4,3,3,4,4,3,4,3,4,4,4,3,4,4,2,2,2,2,2,2,2,2,2,3,3,2,2,2,1,3,4,4,6,5,6,6,5,5,2,35,4,1,1,1,40,3500,2000,0,415404,컴퓨터그래픽 운용기사 디자인 편집 기계화,시각디자인학
28452,3,2,2,2,2,2,3,4,2,2,1,0,1,0,2,2,2,2,3,3,1,0,3,4,4,5,1,0,3,4,3,4,2,2,1,0,3,3,3,4,2,2,1,0,2,2,2,2,3,4,1,0,2,2,1,0,3,4,4,5,1,0,3,4,1,0,3,4,3,4,3,3,2,2,5,6,1,0,3,4,3,4,4,5,5,6,3,3,2,4,2,4,3,5,3,4,2,3,3,3,2,17,1,1,2,2,0,2,4,3,3,4,4,3,3,3,9,9,9,3,4,4,4,3,4,2,2,3,4,3,4,4,5,5,5,3,4,3,4,3,4,4,2,2,2,2,2,2,2,2,2,1,4,2,2,2,1,8,2,3,3,4,3,5,5,5,2,33,3,1,1,1,46,2700,2605,0,306401,고령자 때문,치위생
28453,1,0,2,3,1,0,1,0,1,0,2,1,1,0,1,0,1,0,1,0,1,0,3,4,4,5,3,4,1,0,1,0,1,0,1,0,3,3,1,0,1,0,2,2,4,4,1,0,1,0,1,0,1,0,1,0,1,0,1,0,1,0,1,0,1,0,1,0,1,0,1,0,1,0,1,0,1,0,4,6,3,4,4,5,4,3,3,3,4,2,3,4,5,1,3,2,2,3,3,5,4,18,4,1,2,2,0,4,4,3,3,3,2,2,3,5,9,9,4,5,2,3,4,4,2,3,3,4,4,4,3,4,3,4,5,4,4,3,3,3,4,3,2,2,2,2,2,2,2,2,2,1,3,3,3,3,2,8,8,9,7,8,8,8,8,2,1,45,3,2,6,1,40,0,0,2500,420201,사람 직업 선택,체육학
28454,1,0,2,2,1,0,2,2,2,2,1,0,4,5,3,4,1,0,2,2,2,2,2,1,3,4,1,0,1,0,1,0,1,0,1,0,2,2,1,0,1,0,2,1,2,1,3,3,3,4,1,0,2,2,3,4,3,4,2,2,1,0,3,3,2,2,3,4,2,2,1,0,2,2,4,5,4,5,3,3,3,4,3,3,4,6,3,3,4,3,4,3,3,4,2,4,3,3,3,2,3,7,1,1,1,2,0,7,2,3,2,2,3,3,2,3,9,9,9,3,3,3,3,4,3,2,2,2,3,4,4,4,2,3,1,1,2,3,2,3,3,3,2,2,2,2,2,2,2,2,2,2,3,3,3,3,2,6,7,6,5,4,4,3,3,4,2,28,2,1,1,1,42,1860,1600,0,884201,귀금속가공기능사 변화,문과
28455,4,5,4,5,4,5,4,5,4,5,4,5,3,5,4,4,4,5,3,4,4,5,4,5,3,5,3,4,4,5,3,4,3,5,3,5,4,5,4,5,4,5,4,5,4,6,2,4,4,4,3,5,4,5,4,5,4,5,2,3,3,4,4,4,3,5,3,4,3,4,3,4,3,3,4,4,3,4,3,4,2,2,2,2,4,5,4,5,4,3,4,4,4,3,3,4,3,4,3,4,3,15,2,5,1,2,0,5,5,4,4,4,3,4,3,4,3,3,4,4,4,4,4,4,4,4,3,3,3,3,3,4,3,4,4,4,4,3,4,3,4,3,2,2,2,2,2,2,2,2,2,1,3,3,3,3,2,7,7,5,3,4,4,6,6,4,1,48,4,1,1,1,40,4700,3000,0,140503,교통산업기사 변화,도시공학
28456,2,2,3,2,2,2,3,3,1,0,1,0,3,3,2,2,4,3,2,2,1,0,2,2,3,2,3,4,4,4,2,2,3,2,2,1,2,2,3,4,2,1,2,1,3,2,2,3,3,4,3,3,3,4,3,3,2,3,1,0,1,0,3,3,2,1,1,0,1,0,1,0,1,0,3,2,2,1,2,2,3,3,2,2,3,3,3,1,4,4,2,4,4,1,3,4,2,3,4,1,1,9,4,2,1,2,0,3,2,4,4,5,4,4,3,4,4,3,3,4,1,4,4,1,4,3,2,4,4,2,4,4,3,4,4,3,4,4,4,4,5,4,2,2,2,2,2,2,2,2,2,2,4,2,1,3,2,8,8,7,5,4,4,7,8,4,1,40,2,2,6,1,40,0,0,3800,531501,일식조리사 외식 문화 증가 일자리 증가,인문계
28457,2,2,2,3,2,4,5,4,3,4,2,2,3,3,2,4,3,4,1,0,1,0,2,3,4,4,3,3,1,0,3,3,1,0,1,0,3,3,4,5,2,2,1,0,4,4,2,3,4,5,3,3,4,4,5,6,4,5,3,3,1,0,4,5,3,5,4,4,3,4,4,5,1,0,4,5,3,4,3,4,2,4,5,5,5,6,2,3,4,3,4,2,3,3,3,4,3,3,2,3,4,7,4,1,1,2,0,7,1,3,2,2,4,3,2,3,9,9,9,3,3,3,3,4,4,3,2,2,3,4,2,5,3,4,5,4,5,5,5,2,5,4,2,2,2,2,2,2,2,2,2,3,3,2,2,2,2,8,6,6,4,3,8,2,1,2,1,56,2,2,6,1,60,0,0,4500,884201,귀금속가공기능사 임금 무조건 사람,공고
28458,5,6,4,5,4,6,4,6,4,4,4,6,4,5,3,4,3,5,4,5,3,4,4,6,4,5,3,5,4,5,4,5,3,5,4,4,4,5,4,6,4,4,3,4,3,5,4,4,4,4,3,4,3,4,3,3,3,4,3,5,3,3,2,3,3,3,2,3,2,2,2,4,3,5,3,4,2,4,3,4,2,3,2,4,4,4,3,4,4,4,3,4,3,3,4,3,4,4,3,4,4,15,2,5,2,2,0,7,5,3,3,4,5,4,4,5,4,4,3,4,2,3,3,4,4,3,1,1,4,3,4,4,4,2,3,2,2,4,5,4,5,4,2,2,2,2,2,2,2,2,2,1,3,3,3,3,2,6,6,5,4,6,6,3,5,5,2,42,5,1,1,1,50,5800,3000,0,122201,상태 유지,화학공학
28459,2,2,2,2,1,0,1,0,4,5,3,3,4,5,4,5,4,5,4,4,3,4,3,3,4,4,4,4,3,3,3,3,3,3,4,4,4,5,4,4,4,4,4,4,3,4,3,3,1,0,1,0,1,0,1,0,1,0,1,0,1,0,1,0,1,0,1,0,1,0,1,0,1,0,5,6,5,5,1,0,4,5,5,6,1,0,1,0,4,3,3,3,2,3,2,3,3,3,3,2,4,18,1,2,1,2,0,5,3,3,3,3,3,3,3,3,9,3,4,3,3,4,4,3,3,4,4,4,4,3,3,2,4,4,4,3,4,3,4,4,2,4,2,2,2,2,2,2,2,2,2,3,3,2,2,2,1,9,8,8,7,6,6,2,2,2,2,31,3,1,1,1,40,4000,2000,0,414703,방송댄스자격증 가수 때문,무용학
28460,1,0,1,0,1,0,1,0,1,0,1,0,1,0,1,0,2,4,1,0,1,0,1,0,1,0,2,4,1,0,1,0,1,0,1,0,1,0,1,0,1,0,3,5,3,2,3,2,1,0,1,0,1,0,1,0,1,0,1,0,1,0,1,0,2,3,2,2,3,3,3,2,1,0,1,0,2,4,1,0,3,4,1,0,3,2,3,3,3,3,4,3,3,3,3,2,3,3,3,3,3,1,4,1,2,2,0,2,2,3,3,4,3,3,3,3,4,3,3,3,3,3,3,4,3,3,3,3,3,3,3,3,4,3,3,3,3,3,3,3,4,3,2,2,2,2,2,2,2,2,2,2,2,2,3,3,2,6,5,5,5,5,6,5,6,5,2,60,1,2,6,1,40,0,0,1000,902201,인구 감소 소비 감소,0
28461,4,4,3,5,4,4,4,5,3,4,4,5,3,5,3,4,3,4,4,4,3,5,4,5,3,4,3,5,3,5,4,4,3,4,3,5,4,4,3,4,3,4,4,5,3,5,3,5,3,4,3,4,4,5,3,4,4,5,3,5,3,5,3,4,3,4,3,4,4,4,3,4,3,4,3,3,3,3,3,4,2,5,3,4,3,4,2,4,3,4,4,3,3,4,4,4,4,4,3,4,4,6,1,5,1,2,0,5,5,4,3,4,4,4,4,4,5,5,4,5,3,3,4,4,3,3,4,4,4,4,4,4,4,3,3,4,4,4,3,4,4,3,2,2,2,2,2,2,2,2,2,1,4,2,1,1,1,4,3,7,6,5,6,5,4,7,1,45,4,1,1,1,40,4000,2500,0,158401,산업안전기사 안전 생명 직결 안전 크게 대두,기계공학
28462,4,6,4,6,4,6,4,6,3,6,4,6,3,5,3,5,3,5,3,4,4,5,3,5,3,5,3,5,3,5,3,4,3,5,3,5,3,5,3,5,3,5,3,5,3,5,3,5,3,4,3,4,3,5,3,4,3,4,3,4,3,4,3,4,3,5,3,4,3,5,3,4,3,4,2,3,2,3,3,3,2,3,2,3,2,4,3,5,4,3,4,3,4,3,4,3,3,4,3,4,4,13,1,1,1,1,6,5,5,4,4,3,4,4,3,2,3,9,9,3,3,3,3,4,4,3,3,2,3,3,3,4,3,3,4,4,4,4,4,4,4,4,1,1,2,2,2,2,1,1,2,2,2,2,2,2,1,3,3,3,3,3,3,3,3,7,1,66,5,2,5,1,40,0,0,4000,221401,변리사 명세서 작성요령등 인터넷 발달 특허 상담 온라인 추세 증가 인터넷 이용 증가 변리사 수임 고객 직접 출원,행정학
28463,3,4,3,4,3,3,4,5,3,3,3,4,3,3,3,4,4,5,3,4,3,3,3,4,3,3,3,4,4,5,3,4,4,5,4,5,3,3,3,4,4,5,4,5,3,4,4,5,3,4,1,0,1,0,1,0,1,0,1,0,1,0,3,4,1,0,1,0,1,0,1,0,3,4,1,0,3,3,3,3,3,4,3,4,3,4,3,3,4,2,4,3,2,4,3,4,3,2,3,1,4,19,4,4,2,2,0,7,2,2,2,3,3,4,4,2,9,9,9,2,3,2,3,2,3,2,4,3,3,2,3,3,2,3,4,2,4,3,3,3,3,4,2,2,2,2,2,2,2,2,2,1,3,2,2,2,1,4,5,3,5,4,4,4,3,5,1,50,2,2,6,1,40,0,0,3000,615601,변화,문과
28464,2,3,2,3,1,0,1,0,1,0,2,2,3,4,1,0,1,0,3,4,1,0,1,0,3,4,4,5,2,2,2,3,2,2,1,0,3,4,3,4,3,4,3,4,3,4,3,4,4,5,4,5,3,4,1,0,1,0,1,0,3,4,1,0,4,6,1,0,1,0,1,0,4,5,4,2,4,6,4,5,1,0,3,4,4,5,3,4,4,5,4,4,4,3,3,3,3,4,3,3,3,8,1,3,2,2,0,7,2,3,2,3,4,3,3,4,3,4,3,3,3,2,3,3,4,3,2,3,3,2,3,3,3,3,2,3,2,2,2,2,2,3,2,2,2,2,2,2,2,2,2,3,2,3,3,3,2,6,7,6,7,6,6,7,8,7,1,41,2,1,1,1,40,3500,2700,0,28201,자동화,문과
28465,3,3,2,4,2,3,1,0,4,4,3,5,1,0,2,3,3,3,1,0,3,5,2,2,3,3,4,3,1,0,1,0,1,0,1,0,2,2,1,0,5,6,3,3,2,3,1,0,1,0,3,2,2,3,5,4,3,3,1,0,3,3,3,3,2,4,3,3,4,4,2,4,3,3,2,4,2,4,3,3,2,3,1,0,2,3,1,0,4,3,5,4,3,2,4,4,3,5,4,4,2,3,1,2,1,2,0,2,5,5,4,4,5,5,3,5,4,4,3,5,2,5,4,4,3,5,4,4,4,3,5,4,5,3,2,4,4,3,3,4,5,5,2,2,2,2,2,2,2,2,2,2,4,3,3,3,2,4,3,5,4,6,7,8,5,3,1,50,5,1,1,1,40,4800,4500,0,157101,식품산업기사 먹거리 안전성 대한 연구 수요 증가,식품영양
28466,3,3,3,4,1,0,3,4,2,2,1,0,2,3,2,3,3,4,2,2,3,4,2,2,2,2,1,0,3,4,1,0,2,3,2,2,2,2,4,5,3,3,2,2,3,3,1,0,3,3,2,2,4,4,3,5,4,5,1,0,1,0,2,3,2,3,3,4,3,3,3,4,1,0,2,3,1,0,3,3,4,5,2,3,3,5,3,3,3,4,4,3,3,3,3,3,2,3,3,2,2,19,4,1,2,1,1,7,1,4,4,4,4,4,4,4,9,9,9,4,2,5,4,4,3,4,4,4,4,3,4,4,3,4,4,3,3,4,3,3,3,4,2,2,2,2,2,2,2,2,2,2,3,3,3,3,2,6,6,7,7,8,8,6,7,6,1,45,2,2,6,1,50,0,0,3000,561501,섬유소재 파악 직무교육 의복 관리 드라이크리닝 소비 증가,인문계
28467,3,5,4,5,3,5,4,5,3,5,4,5,3,5,3,4,4,5,3,4,4,5,4,6,4,5,4,4,4,5,3,4,3,4,4,4,3,4,3,4,4,5,4,5,4,4,4,5,3,4,4,5,3,4,3,5,3,4,2,3,4,5,2,3,3,4,1,0,1,0,1,0,4,5,1,0,1,0,1,0,3,4,3,3,3,4,3,3,4,3,4,4,4,3,4,3,3,4,4,4,4,11,1,4,1,2,0,3,5,4,4,3,4,4,4,4,4,3,4,4,2,4,3,3,4,3,4,3,3,3,3,4,2,4,3,4,4,3,4,4,4,4,2,2,2,2,2,2,2,2,2,1,3,3,3,3,2,8,7,6,3,4,3,2,7,5,2,28,4,1,1,1,40,3300,3000,0,32302,보험계리사,금융보험학
28468,3,4,4,4,2,3,4,4,3,4,2,4,2,2,3,3,3,4,3,3,1,0,4,4,3,3,3,4,4,4,2,3,3,4,3,4,3,4,3,5,3,4,3,4,4,4,2,3,2,2,3,3,2,3,2,3,3,4,2,2,3,4,3,3,1,0,2,3,1,0,1,0,2,2,3,4,3,4,3,4,3,4,3,3,4,4,3,4,4,3,4,4,3,3,4,4,3,4,3,3,3,17,4,2,1,1,6,6,6,4,4,4,5,4,4,4,3,3,3,3,2,4,3,3,4,4,4,3,3,3,4,4,3,4,3,4,4,4,4,3,4,4,2,2,1,2,2,2,2,2,2,1,2,2,2,2,1,7,8,7,6,6,7,8,6,5,1,48,5,2,6,1,40,0,0,10000,301112,의사면허증 전문의자격증 전문지식과 훈련 의료 장비 첨단 인구 감소,피부학
28469,3,3,2,2,1,0,2,3,1,0,2,2,1,0,2,1,1,0,1,0,2,2,3,4,3,3,2,2,1,0,1,0,1,0,1,0,3,5,1,0,2,1,2,2,1,0,1,0,2,2,1,0,3,5,4,4,2,3,1,0,3,2,4,5,4,4,2,2,2,1,3,3,2,2,1,0,1,0,1,0,1,0,1,0,2,3,2,1,4,3,4,3,4,4,4,3,3,4,3,4,4,3,1,2,2,2,0,4,5,4,3,3,4,4,3,3,3,4,5,4,2,4,3,4,4,3,4,3,4,3,4,4,3,4,3,3,5,3,3,4,5,4,1,1,1,1,2,2,2,2,2,1,3,2,2,2,1,8,2,3,7,5,5,8,3,5,1,31,4,1,1,1,40,3000,3000,0,153204,컴퓨터 프로그램 발전 첨단 과학 제품,전자공학
28470,3,4,3,4,2,3,3,4,2,2,4,5,3,4,3,4,2,3,4,5,4,5,4,5,4,5,4,5,4,5,4,5,4,5,4,5,4,5,4,5,4,5,3,4,3,4,2,2,4,5,2,3,3,4,4,5,3,4,2,3,2,3,2,3,3,4,3,4,4,5,3,4,2,3,3,4,3,4,3,4,2,3,2,2,5,6,2,3,4,4,3,3,4,4,3,4,3,4,3,4,3,6,1,4,1,2,0,3,4,4,4,4,4,4,3,3,3,3,4,3,2,4,5,2,3,2,3,5,4,5,2,5,3,4,5,5,4,5,4,4,5,4,2,2,2,2,2,2,2,2,2,2,3,3,3,3,2,2,1,2,1,1,3,2,1,2,1,29,4,1,1,1,40,3200,3000,0,140206,건설산업기사 기술사 건설안전기사 기술사 건설환경기사 기술사 에너지 분야 건축 유지,건축공학
28471,4,3,4,3,3,2,3,2,3,2,3,2,3,2,3,2,4,3,4,4,3,2,4,3,4,4,3,2,3,3,4,3,4,3,4,3,4,3,3,2,3,2,4,4,4,3,3,2,3,2,3,3,3,2,2,2,3,2,1,0,1,0,3,2,2,2,1,0,1,0,2,2,1,0,1,0,3,2,3,2,4,4,3,3,4,4,3,3,4,3,2,3,3,2,3,3,2,2,2,3,3,6,1,1,2,1,3,3,3,3,1,1,3,2,2,3,9,9,9,3,3,3,3,4,3,3,4,3,3,3,3,4,3,2,2,2,4,4,3,3,3,3,2,2,2,2,2,2,2,2,2,1,1,3,3,2,2,5,5,5,5,5,5,5,5,5,1,67,2,2,5,1,45,0,0,4500,702601,색상의 혼합 비율 같은것 건설 경기 불황,농고
28472,3,3,2,2,2,2,4,5,3,4,4,4,3,3,3,3,3,3,2,2,2,2,3,3,4,4,3,3,3,3,3,3,3,4,4,4,3,3,3,3,3,4,3,4,4,5,4,4,1,0,2,2,1,0,1,0,2,2,2,2,2,2,1,0,2,2,1,0,1,0,1,0,1,0,1,0,1,0,2,2,1,0,1,0,2,2,2,2,4,3,3,4,4,2,3,4,2,3,4,3,3,13,1,2,1,2,0,4,5,4,4,3,4,3,3,4,3,3,3,4,4,3,3,3,4,3,3,4,3,3,3,3,3,3,4,4,4,3,3,4,4,3,2,2,2,2,2,2,2,2,2,2,4,2,2,2,1,5,5,6,5,4,5,5,6,5,1,35,4,1,1,1,48,6000,4000,0,22103,경영지도사 경제 환경 변화 가속,경영학
28473,2,4,2,5,1,0,4,5,1,0,2,5,1,0,3,4,3,3,3,4,4,5,1,0,3,5,2,3,4,5,4,6,3,4,1,0,3,4,4,5,4,5,3,4,4,5,1,0,1,0,2,2,1,0,1,0,1,0,1,0,1,0,1,0,1,0,1,0,2,3,2,3,2,2,1,0,1,0,5,6,2,3,4,5,4,6,4,5,3,5,2,3,4,4,3,2,2,3,2,2,2,8,1,6,1,1,3,3,5,4,3,3,2,3,3,3,4,3,4,3,2,3,3,2,4,3,3,2,3,3,4,4,3,4,3,3,2,5,4,3,5,3,2,2,2,1,2,2,2,1,1,1,3,2,3,3,2,2,2,2,3,3,3,3,3,4,2,36,4,1,1,1,30,4200,3500,0,522101,토익 JLPT HSK 사고대처훈련 고객 스트레스 여객기 서비스 제공,항공서비스학
28474,5,5,5,5,4,4,5,5,3,4,3,4,4,5,3,4,4,5,4,5,3,4,5,6,4,5,5,5,5,5,4,5,4,4,4,5,5,6,5,6,4,5,3,4,4,4,4,4,3,5,4,5,4,4,3,3,4,5,4,5,2,3,2,4,4,3,3,4,3,3,2,3,2,5,1,0,2,3,2,6,3,6,3,4,3,5,4,3,4,4,3,4,5,3,5,4,4,5,5,5,5,15,2,6,2,1,3,6,2,5,3,3,4,5,5,4,4,4,4,4,3,3,4,4,4,3,4,2,4,2,3,4,4,4,4,4,4,5,4,4,3,4,2,2,2,2,2,1,1,2,2,1,3,2,2,3,2,3,3,3,3,3,3,3,3,2,1,33,4,1,1,1,40,4300,2200,0,250301,교관 양성화 교육 행정 군무원 전환 직위 상급 부대 관심 변화 가능,상담심리
28475,2,3,3,5,1,0,1,0,5,5,2,3,2,2,3,4,2,4,5,5,3,4,3,2,5,5,3,4,1,0,2,2,1,0,1,0,1,0,2,4,4,4,3,4,1,0,1,0,1,0,1,0,3,4,2,4,3,4,3,4,2,3,3,4,3,5,4,4,4,4,4,4,3,3,3,3,4,4,3,4,3,3,3,4,2,3,2,2,4,4,3,4,4,3,3,3,4,3,4,3,4,6,1,2,1,2,0,1,2,4,2,2,5,4,4,3,2,3,4,4,2,4,2,4,4,2,4,4,2,4,2,5,3,4,3,3,4,4,2,2,4,2,2,2,2,2,2,2,2,2,2,2,2,2,2,2,2,7,7,5,3,3,4,7,8,3,1,37,2,1,1,1,40,3800,3700,0,811301,기종기운전기능사 크레인기능사 세계 경기 침체,이과
28476,4,5,4,5,3,4,4,5,4,5,3,4,4,5,3,4,4,4,3,4,2,3,3,3,4,5,3,4,4,5,3,4,2,3,2,2,4,5,4,4,3,3,4,5,4,5,4,5,3,5,4,5,1,0,2,2,1,0,1,0,4,5,4,5,4,5,2,2,2,2,2,2,3,4,1,0,4,4,1,0,3,4,4,4,4,5,1,0,4,4,3,3,4,4,3,4,4,4,3,3,3,13,1,2,1,2,0,3,2,4,4,4,4,4,4,4,4,3,4,3,3,4,4,4,3,3,4,4,4,3,3,4,4,3,3,3,4,4,4,4,3,4,2,2,2,2,2,1,1,2,2,2,3,3,3,3,2,7,6,6,5,5,6,6,5,6,2,40,3,1,1,1,40,4200,2800,0,24101,전산회계 광고마케터1급 기술 장비 도입 인력 감소 상품 계속,언론정보학
28477,3,5,4,5,3,4,4,5,3,4,5,6,1,0,5,7,1,0,1,0,3,4,5,5,1,0,5,5,5,5,4,6,4,5,4,4,1,0,4,5,5,4,5,6,2,3,4,6,1,0,2,3,1,0,1,0,1,0,1,0,4,3,1,0,3,3,1,0,1,0,1,0,2,3,1,0,1,0,1,0,1,0,1,0,3,3,3,3,3,4,4,3,3,4,4,3,4,3,3,4,3,15,2,4,2,2,0,7,5,4,3,3,4,4,4,3,3,4,5,4,2,3,3,4,3,4,3,4,4,3,2,5,3,4,2,2,4,5,4,3,5,4,2,2,2,2,2,2,2,2,2,2,3,3,3,3,1,3,3,6,6,4,3,1,6,8,2,44,4,1,1,1,40,5300,2600,0,25101,세무 행정 인력 수요 것이므,경제학
28478,4,5,4,5,5,7,2,3,1,0,4,5,3,4,2,3,4,4,1,0,2,2,1,0,3,4,1,0,3,4,3,4,4,4,2,2,1,0,1,0,2,2,3,4,5,4,1,0,1,0,1,0,1,0,1,0,2,2,1,0,3,4,1,0,1,0,1,0,1,0,1,0,1,0,1,0,1,0,3,3,1,0,2,3,3,3,2,3,5,3,3,2,4,3,3,5,2,3,4,2,3,19,1,2,2,1,3,3,5,3,3,3,3,4,2,3,3,2,3,3,3,3,3,2,1,3,2,3,3,5,3,4,2,3,3,3,4,4,4,2,5,3,2,2,2,2,2,2,2,2,2,2,3,3,3,2,1,8,6,5,7,6,5,5,4,5,1,37,4,1,1,1,40,4000,2500,0,412002,기자 언론전문가 훈련 사회 전반 사건 사고 관심,광고홍보학
28479,1,0,1,0,1,0,1,0,1,0,1,0,1,0,1,0,3,4,1,0,1,0,1,0,1,0,4,5,1,0,1,0,1,0,1,0,1,0,1,0,1,0,1,0,1,0,1,0,1,0,1,0,4,5,3,4,3,5,4,5,1,0,1,0,4,6,3,5,3,5,4,5,1,0,1,0,1,0,1,0,1,0,1,0,1,0,1,0,4,4,3,4,4,3,3,3,3,4,4,4,3,13,1,2,1,2,0,7,5,3,4,3,3,3,3,3,4,3,4,4,2,3,3,4,3,2,4,4,2,3,4,4,3,4,3,3,4,4,3,2,4,4,2,2,1,2,2,2,2,2,2,2,2,1,1,1,2,8,7,4,3,4,5,7,6,6,1,42,4,1,1,1,45,3800,3000,0,136002,무선설비기사 자격증 기술 도입 장비 도입 기술 발달 일자리 감소,전자통신공학
28480,1,0,3,3,1,0,1,0,1,0,1,0,1,0,3,3,2,2,3,2,1,0,3,3,3,4,2,3,2,2,3,2,1,0,1,0,4,5,1,0,3,3,2,2,3,3,1,0,2,2,4,4,4,4,3,4,2,2,3,3,1,0,3,3,3,3,4,4,4,6,4,5,1,0,3,4,3,4,3,4,4,5,4,5,4,4,4,4,1,3,2,1,2,1,2,1,1,1,1,4,2,15,2,3,1,1,2,1,2,4,4,3,3,2,2,4,3,3,3,3,2,4,4,3,2,2,1,4,2,3,2,5,2,2,1,1,3,5,3,2,4,3,2,2,2,2,2,2,2,2,2,1,3,3,3,3,2,7,7,7,7,7,7,5,5,5,1,35,4,1,1,1,40,5400,4000,0,705201,철도토목기사 직무 연수 노동 직업,토목공학
28481,4,5,4,4,3,4,4,5,1,0,3,5,1,0,1,0,3,4,1,0,3,3,1,0,1,0,4,4,3,5,3,4,4,5,4,4,2,3,3,3,3,5,3,4,4,4,1,0,1,0,4,4,1,0,1,0,1,0,1,0,3,3,1,0,1,0,1,0,1,0,1,0,1,0,1,0,1,0,1,0,1,0,1,0,2,2,2,1,4,4,3,5,5,3,4,2,4,3,4,4,4,3,1,3,1,1,1,1,5,4,4,3,4,4,4,4,4,5,4,4,2,4,4,4,4,3,4,4,4,4,4,4,4,4,4,3,4,4,5,4,4,2,2,2,2,2,2,2,2,2,2,1,4,3,3,3,1,7,7,7,3,4,3,5,6,5,1,30,4,1,1,1,40,4000,3600,0,22201,공인노무사 직무교육 기업 인적자원 효율 운영 위해 채용 분위기,경영
28482,3,4,3,4,3,3,3,4,3,4,3,4,4,5,3,4,3,4,4,5,3,5,4,4,4,4,4,4,3,3,4,4,3,4,3,3,3,4,3,3,3,3,4,4,3,4,3,4,3,5,3,4,3,4,4,4,4,4,3,4,3,3,3,4,3,4,3,3,4,5,4,5,3,4,3,3,3,4,3,4,3,4,3,4,3,4,3,4,4,4,3,3,4,4,3,4,4,4,4,4,4,18,2,3,2,2,0,5,5,5,5,5,5,5,4,3,3,3,5,4,3,3,4,3,4,4,3,2,4,4,2,4,4,4,4,4,4,4,4,4,4,4,2,2,2,2,2,2,2,2,2,1,2,3,3,3,2,6,5,5,5,5,5,5,5,5,1,43,4,1,1,1,40,4000,2500,0,413102,기계 장비 발전,미술사학
28483,2,3,2,3,1,0,2,3,3,4,1,0,1,0,2,3,2,3,2,3,1,0,2,3,2,2,2,2,2,3,2,3,2,2,2,3,1,0,2,3,3,3,2,3,2,3,3,4,2,3,2,3,1,0,1,0,2,3,2,3,2,3,2,3,2,3,2,3,2,3,2,3,2,3,2,3,2,3,2,2,2,4,2,3,2,3,3,3,4,4,3,2,1,2,2,3,3,2,1,2,2,9,1,1,1,1,1,1,1,1,1,1,2,2,1,1,1,2,3,2,5,2,2,4,4,5,4,4,4,4,2,4,5,5,5,4,4,3,4,4,4,3,1,2,2,2,2,2,2,2,2,2,1,2,2,2,2,7,7,8,7,7,7,5,3,6,1,68,2,1,3,2,40,2500,1600,0,562301,운전면허증 차량운전 자율 주행 차량 출시 예정 무인 자동 운전,이과
28484,5,6,4,5,4,4,3,5,3,5,4,5,5,6,4,4,4,5,5,6,4,5,5,6,4,5,5,6,4,6,4,5,4,5,3,5,5,4,3,5,4,5,5,6,5,6,5,6,4,5,5,6,4,5,5,5,4,6,1,0,5,6,4,6,4,5,3,4,3,5,2,3,4,5,1,0,1,0,1,0,1,0,1,0,3,5,3,4,5,5,2,3,4,4,3,5,2,4,4,5,4,3,1,5,2,2,0,6,5,5,3,4,4,5,3,4,9,9,4,4,3,4,5,5,4,2,3,3,4,3,3,4,5,4,3,4,4,5,4,4,4,5,2,2,2,2,2,2,2,2,2,1,4,3,3,3,2,6,6,5,4,2,3,4,5,5,1,72,4,2,5,1,48,0,0,17000,11201,기업 전문 경영인 체제 계속 증가 것이므,화학
28485,3,4,3,4,3,4,1,0,1,0,3,4,2,3,4,6,4,5,3,4,3,4,3,4,3,5,4,6,4,6,2,2,2,2,1,0,4,6,1,0,1,0,1,0,1,0,5,7,4,6,3,4,3,4,4,5,3,4,1,0,3,4,1,0,1,0,1,0,1,0,1,0,1,0,1,0,5,7,1,0,5,7,2,3,4,5,3,3,2,2,3,3,4,2,4,4,3,3,3,4,2,15,2,4,1,1,2,2,5,5,5,4,4,4,2,4,3,3,3,3,2,3,3,4,2,2,2,1,4,4,4,4,3,4,3,3,2,4,2,2,4,4,2,2,1,2,2,2,2,2,2,2,4,3,3,3,1,7,7,7,5,5,5,2,3,6,2,28,4,1,1,1,40,3000,2500,0,413202,기록물관리사 직무관련 저장장치 도입 기록물 중요성 때문,문헌정보학
28486,4,4,4,5,3,5,4,5,3,5,4,6,4,5,3,5,4,5,4,5,3,5,4,5,3,4,4,4,3,4,4,5,4,5,3,5,4,4,4,4,3,5,4,5,3,5,4,5,3,4,4,5,3,5,4,5,3,5,4,5,4,5,3,4,4,5,4,4,4,4,4,5,4,5,3,4,3,4,4,4,4,5,3,5,4,4,4,5,4,3,3,4,4,3,3,4,3,3,4,4,3,3,1,3,2,2,0,4,7,4,4,3,4,4,4,4,5,3,3,4,2,4,3,3,4,4,3,3,4,3,3,3,4,4,3,2,3,3,4,4,3,3,2,2,2,2,2,2,2,2,2,1,3,2,2,2,1,6,6,5,4,5,5,7,6,6,1,40,5,1,1,1,40,4500,3000,0,154103,선호 직종,화학공학
28487,3,5,3,4,3,4,3,5,3,5,3,4,3,5,3,4,3,4,3,5,3,4,3,4,3,4,3,5,3,5,3,4,3,6,3,5,3,4,3,4,3,5,3,4,3,5,3,4,2,5,3,4,3,4,3,5,3,4,3,5,3,4,3,5,3,4,3,5,3,5,3,4,3,5,3,4,3,5,3,4,3,5,3,4,3,5,3,4,4,4,4,4,4,2,4,4,3,4,4,4,4,3,1,2,2,2,0,6,5,4,4,4,4,4,3,4,4,4,4,4,2,4,4,4,4,3,3,2,4,3,3,4,4,4,4,3,3,4,4,3,4,3,2,2,2,2,2,2,2,2,2,1,3,3,3,3,2,5,5,5,7,7,5,5,5,5,1,45,2,1,1,1,48,4800,3000,0,852201,용량 변화,정보통신학
28488,4,5,3,5,4,5,4,5,3,4,4,5,4,5,3,4,2,2,4,5,3,4,3,4,3,4,4,5,4,5,4,5,4,4,4,5,4,5,4,5,5,5,4,5,4,5,3,4,3,5,3,5,3,4,4,5,3,4,4,5,3,4,4,5,3,4,3,4,4,5,4,5,3,4,4,5,4,5,4,5,4,5,4,4,4,4,3,5,4,4,4,3,3,4,4,4,3,4,4,4,3,19,3,3,1,2,0,3,5,4,3,3,4,4,4,4,5,4,3,4,3,4,4,4,3,3,4,4,3,3,3,4,4,4,3,3,4,4,4,4,4,3,2,2,2,2,2,2,2,2,2,3,3,3,3,3,2,7,6,6,5,6,7,7,6,7,2,47,4,1,1,1,40,5000,3400,0,413102,문화재수리기능사 작업 필요,미술학
28489,2,3,3,5,2,2,5,5,2,3,3,4,3,4,3,5,4,5,2,2,3,4,3,4,5,5,2,3,4,6,4,5,4,5,5,5,2,2,3,4,4,5,3,4,5,5,1,0,1,0,1,0,2,2,3,3,2,3,3,3,3,4,3,4,4,5,3,3,2,2,1,0,2,3,2,2,3,4,3,3,2,2,3,3,2,2,2,2,5,4,2,3,4,4,3,5,4,4,5,3,4,7,3,2,1,2,0,2,4,4,3,4,4,4,4,4,4,4,5,4,2,3,4,4,3,2,3,2,3,4,2,4,5,4,4,3,4,5,4,3,4,3,2,2,2,2,2,2,2,2,2,2,2,2,2,2,1,7,6,5,5,4,5,6,4,4,1,38,4,1,1,1,40,4000,4000,0,612501,경매사 산지 직거래 활성화 감소,경제학
28490,5,7,4,6,5,6,4,5,3,5,3,4,5,6,4,5,3,3,3,4,4,7,4,5,4,5,3,6,5,6,5,6,5,7,5,6,4,5,4,6,5,3,3,3,4,4,4,4,2,3,2,2,2,2,1,0,1,0,2,3,4,4,1,0,1,0,1,0,1,0,1,0,1,0,1,0,1,0,1,0,1,0,1,0,1,0,3,3,4,3,4,3,3,2,4,4,4,4,4,3,4,18,4,1,2,1,3,7,1,3,3,3,4,4,4,3,9,9,9,3,2,4,4,3,4,4,4,2,4,4,4,4,5,3,3,2,4,4,4,3,5,3,2,2,2,2,2,2,2,2,2,1,4,3,3,3,2,6,8,4,6,2,1,8,7,4,1,44,4,1,4,2,35,2800,1200,0,411103,인문학 개론 시나리오 기초작업교육 문화 콘텐츠 분야 다양성 수요 증가,건축공학
28491,4,5,5,6,5,7,5,7,4,6,5,6,4,5,5,7,5,6,5,6,5,6,5,7,5,6,5,7,3,4,5,6,5,7,5,6,5,6,4,5,5,6,5,6,5,7,4,5,5,6,4,6,5,6,4,5,4,5,4,5,5,6,2,2,2,2,2,2,1,0,1,0,2,2,1,0,2,2,3,4,4,5,1,0,2,3,3,4,5,4,4,4,5,3,5,5,2,5,5,4,5,10,1,4,2,1,2,6,5,4,5,5,4,4,4,4,3,4,3,4,4,4,4,4,3,4,5,4,3,4,3,4,4,5,4,5,5,4,4,5,4,4,2,2,2,2,2,2,2,2,2,1,3,3,3,3,2,5,6,4,6,5,4,8,5,2,1,47,4,1,1,1,40,6000,4000,0,412002,기자가 되기 위한 체계적인 교육 인터넷 통해 일반인 사람,신문방송학
28492,4,5,4,4,1,0,5,6,3,3,2,3,2,2,4,4,3,4,3,4,1,0,5,6,3,4,4,5,4,5,1,0,1,0,1,0,5,6,4,4,4,4,1,0,1,0,1,0,1,0,1,0,1,0,2,3,1,0,1,0,5,5,3,3,3,4,1,0,1,0,1,0,1,0,1,0,1,0,1,0,1,0,1,0,3,3,1,0,4,4,2,3,4,3,3,3,3,3,4,2,3,16,5,2,1,2,0,1,5,4,3,3,4,4,4,3,2,3,4,3,3,3,4,3,3,2,3,2,3,4,2,5,3,4,4,4,3,4,4,3,4,4,2,2,2,2,2,2,2,2,2,2,3,2,2,3,1,3,6,4,4,4,4,7,6,5,1,38,4,1,1,1,40,4000,3200,0,214301,항공기관 기술사 항공기관 정비기사 항공산업기사 경기 문화,항공정비학
28493,4,4,4,4,4,4,5,6,2,3,4,4,1,0,2,3,3,5,2,2,2,2,4,4,3,4,4,4,5,5,4,5,5,6,5,6,3,4,4,4,4,5,3,4,3,3,4,5,3,4,4,5,2,3,2,3,4,4,3,2,5,5,3,4,5,6,2,3,1,0,1,0,2,4,1,0,1,0,3,4,2,3,1,0,3,4,3,3,5,3,2,3,5,3,3,4,3,4,4,3,4,7,1,3,2,2,0,6,2,5,2,2,3,4,4,3,4,4,4,4,2,4,4,3,3,4,3,4,4,5,2,3,5,5,4,4,4,4,2,4,4,5,2,2,2,2,2,2,2,2,2,4,1,3,2,2,1,8,5,4,3,3,6,8,3,4,1,45,3,1,1,1,40,3400,2400,0,15101,경기 침체,경영학
28494,3,5,3,5,3,5,4,5,4,4,3,4,3,4,3,3,3,4,3,4,3,3,4,5,3,4,3,5,3,4,3,4,4,4,4,5,3,4,4,4,3,4,3,4,3,5,3,4,3,4,4,4,3,4,2,4,3,4,3,4,3,4,4,4,3,4,3,3,3,4,3,4,4,5,3,4,3,4,3,4,3,5,3,5,3,5,3,5,4,3,4,4,3,4,4,4,3,4,4,4,4,3,1,3,2,2,0,2,4,3,4,4,4,4,4,4,3,5,4,4,3,4,3,2,3,4,3,2,3,3,3,4,4,3,3,4,4,3,3,4,4,2,2,2,2,2,2,2,2,2,2,1,4,3,3,3,1,4,3,6,5,3,4,4,3,6,2,35,3,1,1,1,40,2800,2100,0,415202,제품 디자인 선호,산업디자인
28495,4,4,4,4,3,4,3,3,1,0,4,5,3,3,3,4,2,3,3,3,1,0,1,0,3,3,3,3,3,3,2,3,1,0,1,0,2,3,3,4,4,4,3,3,2,3,3,3,4,4,3,3,3,4,1,0,2,4,3,3,1,0,3,3,3,4,3,3,2,3,3,4,2,3,1,0,1,0,1,0,3,4,2,3,2,3,4,4,5,4,3,3,4,2,4,4,3,4,4,5,4,17,1,1,1,2,0,6,5,4,5,4,4,4,4,4,9,9,9,4,4,5,4,4,4,3,4,3,4,3,3,3,4,3,3,4,4,3,4,4,3,3,2,2,2,2,2,2,2,2,2,2,2,3,2,2,2,6,5,4,4,3,5,4,5,7,1,60,4,2,5,1,40,0,0,4800,303002,한약사 한의원 문제,한약학
28496,4,6,5,5,5,6,4,6,4,6,4,5,4,6,3,5,3,5,4,5,3,5,4,5,3,4,4,5,3,4,2,4,3,4,3,4,3,5,4,4,3,4,2,2,3,3,2,4,2,2,2,3,3,4,3,4,2,3,2,2,1,0,1,0,1,0,1,0,1,0,1,0,1,0,1,0,1,0,1,0,1,0,1,0,1,0,1,0,4,4,3,4,3,3,4,3,3,4,4,4,4,19,3,2,2,2,0,6,6,4,4,4,3,3,3,4,4,4,5,4,3,4,3,4,4,4,4,3,3,3,3,4,4,4,4,4,4,4,4,4,4,4,2,2,2,2,2,2,2,2,2,2,3,3,3,3,2,3,3,5,5,4,6,7,4,6,1,55,6,1,1,1,40,6000,3000,0,110102,상태 유지,사학
28497,5,6,4,6,4,6,5,6,4,5,4,5,5,6,4,6,4,5,4,5,3,5,4,5,4,5,4,5,5,6,5,6,4,5,4,5,5,6,5,6,4,5,5,6,4,6,4,5,4,5,4,2,1,0,2,2,2,2,2,2,2,2,2,2,2,2,2,2,1,0,1,0,4,5,4,5,4,5,4,4,3,5,3,4,4,4,4,5,5,4,5,4,5,4,4,4,4,3,3,4,3,18,1,3,2,2,0,3,4,3,3,4,3,3,3,5,4,4,5,5,3,4,4,3,4,4,4,4,4,3,3,4,3,4,4,4,3,4,4,3,4,3,2,2,2,2,2,2,2,2,2,3,3,2,2,2,1,4,4,5,5,4,4,8,7,6,1,28,3,1,1,1,30,1000,800,0,416204,대체 직업,컴퓨터공학
28498,1,0,1,0,1,0,1,0,3,4,3,4,1,0,1,0,3,3,1,0,3,4,1,0,1,0,3,4,1,0,1,0,1,0,1,0,1,0,1,0,3,4,1,0,1,0,1,0,1,0,1,0,3,4,2,4,2,5,3,4,1,0,4,5,3,5,3,4,3,4,3,4,1,0,1,0,1,0,1,0,1,0,1,0,1,0,1,0,3,3,3,3,3,2,3,3,2,2,3,2,3,10,1,1,1,2,0,7,2,3,3,3,4,4,4,2,3,3,4,4,2,4,3,4,3,3,3,3,4,3,4,4,3,2,3,3,3,4,4,2,4,4,2,2,2,2,2,2,2,2,2,1,4,2,2,2,1,7,6,3,3,4,4,7,7,4,1,29,3,1,1,1,40,3500,3000,0,136001,정보통신기술자격증 사람,전자
28499,4,5,4,5,3,3,4,5,4,5,4,6,4,6,4,6,4,5,4,4,4,4,3,4,4,4,4,5,4,5,3,4,4,5,4,5,3,4,4,5,4,5,4,5,4,5,4,5,3,5,4,5,4,5,3,4,3,3,3,3,4,5,4,6,3,4,3,3,3,3,3,3,3,4,4,4,3,4,3,4,3,4,3,3,4,5,4,5,4,3,4,3,4,4,3,4,3,3,3,4,3,15,2,5,1,2,0,6,5,3,3,4,4,4,3,4,3,4,4,4,3,4,4,4,4,3,4,4,3,3,4,4,4,4,4,3,4,4,4,3,4,4,2,2,2,2,2,2,2,1,1,2,3,3,3,3,2,4,4,3,6,5,4,3,3,4,1,53,4,1,1,1,40,4300,3100,0,140502,교통안전관리사 토시계획사 노후 지역 대한 도시 계획 재교육 변동,화학공학
28500,2,3,2,3,2,3,3,4,2,3,1,0,1,0,2,3,3,4,1,0,1,0,1,0,2,3,1,0,3,4,3,4,3,4,3,4,1,0,3,4,1,0,1,0,3,4,1,0,1,0,1,0,1,0,1,0,1,0,1,0,2,3,1,0,1,0,1,0,1,0,1,0,1,0,1,0,1,0,2,3,1,0,2,3,3,4,2,4,3,4,2,3,3,3,3,2,3,2,4,2,3,9,1,2,2,2,0,7,2,3,3,3,4,3,3,3,3,4,3,3,3,3,3,3,4,3,3,4,3,3,3,3,3,4,3,3,4,3,3,4,3,4,2,2,2,2,2,2,2,2,2,3,2,2,2,3,1,6,7,6,4,5,6,4,5,5,2,39,4,1,1,1,40,2400,1900,0,512201,결혼식 소규모,무역학
28501,5,6,5,6,5,5,4,5,3,5,4,5,5,6,2,3,4,5,4,5,5,6,3,4,5,6,4,5,5,5,2,4,5,5,4,6,3,4,2,4,5,5,5,4,4,6,3,4,2,3,3,5,3,5,2,2,2,3,1,0,3,4,1,0,3,4,2,3,1,0,2,4,4,5,2,5,3,5,3,4,3,5,3,5,4,4,4,6,4,4,3,3,3,4,2,5,3,4,5,4,5,18,1,1,2,1,4,3,5,3,4,3,3,4,2,3,4,4,4,4,3,4,4,4,3,4,4,2,3,5,4,4,4,3,2,3,3,4,3,2,4,4,1,1,1,1,1,2,1,1,2,2,4,3,3,3,1,7,6,5,8,7,6,7,5,3,1,48,4,2,5,1,45,0,0,5000,416102,연출 실무 체험 심리학 소비 트렌드 영상 콘텐츠 노출 방영 판도 극장 인터넷 변화 제작 내용 포맷 부분 변화 영상 콘텐츠 수요 폭발 증가,산업디자인학
28502,4,6,5,7,2,3,5,7,1,0,4,5,5,7,5,7,5,7,4,5,3,4,3,4,4,6,4,5,3,4,5,6,4,5,2,2,2,2,2,2,4,5,4,5,3,4,1,0,1,0,3,4,1,0,1,0,1,0,1,0,1,0,1,0,1,0,1,0,1,0,1,0,1,0,4,5,3,4,4,5,5,7,4,5,5,6,5,7,4,3,3,1,3,2,2,4,1,3,3,3,4,18,4,1,2,1,5,7,1,3,3,3,1,4,1,1,9,9,9,1,3,2,2,3,4,4,4,4,4,4,1,5,5,3,3,2,3,4,4,3,4,4,2,2,2,2,2,2,2,2,2,1,4,2,2,2,1,6,7,9,5,7,6,8,7,3,1,37,4,1,4,2,30,1000,500,0,416203,기본 발성 교육 연기 기초 훈련 코로나 사태 종식 이로 직업 환경 변화 무대 온라인 비대 방식 전환 가능성 때문,연극영화
28503,4,5,4,5,3,4,4,4,4,5,3,5,4,5,4,4,3,4,4,5,3,4,2,3,4,5,2,2,3,4,4,5,4,4,4,5,3,4,5,6,4,5,4,5,3,5,3,4,3,4,4,5,2,2,1,0,1,0,1,0,3,4,3,4,2,2,1,0,1,0,1,0,5,6,2,2,1,0,5,2,2,2,2,2,4,5,4,5,5,3,4,4,3,2,4,3,3,4,4,3,3,19,1,2,1,1,3,5,5,4,3,4,4,4,4,4,4,3,4,4,4,4,4,2,4,4,4,3,4,3,4,4,4,4,4,4,4,4,4,3,4,4,2,2,2,2,2,2,2,2,2,1,4,3,3,3,2,3,4,3,6,7,6,6,5,6,1,52,4,1,1,1,40,4500,2000,0,22201,공인노무사 서류 작성 고학력자 권리 주장,경제학
28504,4,6,5,6,4,7,3,4,3,4,4,6,4,5,3,4,5,5,4,5,4,6,4,5,4,5,4,6,4,6,3,4,4,5,4,5,4,5,4,5,4,5,3,4,4,5,5,5,1,0,3,5,1,0,1,0,3,4,1,0,4,4,1,0,1,0,1,0,1,0,1,0,4,4,1,0,1,0,1,0,1,0,1,0,3,4,3,3,4,3,2,4,4,3,4,4,3,4,4,3,4,10,1,5,2,2,0,6,5,4,4,4,3,4,3,4,4,3,4,4,2,3,4,3,4,3,3,2,5,5,3,4,4,3,4,4,3,4,3,2,4,4,2,2,2,2,2,2,2,2,2,1,3,3,3,3,1,6,4,3,4,2,4,3,6,4,1,50,4,1,1,1,45,6500,5000,0,13601,직업 인력 변화 일자리,경영학
28505,4,5,4,5,3,3,3,5,4,6,4,6,3,3,4,6,4,5,3,4,4,5,4,6,4,6,4,5,3,5,3,5,3,4,4,5,2,3,3,5,4,6,3,5,3,5,3,4,4,5,3,5,5,7,5,7,4,7,4,7,4,6,4,6,4,7,4,5,5,7,4,6,4,6,4,6,3,5,3,4,3,5,3,4,3,5,3,5,5,4,4,4,3,4,4,3,4,3,4,4,4,13,1,4,1,2,0,3,5,4,5,5,4,5,4,4,4,5,4,4,2,4,4,3,4,4,3,4,3,4,4,4,4,5,5,4,5,4,4,5,4,4,2,2,2,2,2,2,1,1,1,3,4,1,1,1,1,2,8,4,2,2,7,8,7,8,1,37,4,1,1,1,40,4600,4000,0,131202,정보통신산업기사 전자응용기술사 사내 조직 개편 업무 내용 변화 정보통 신의 사업 발달 때문,전기공학
28506,1,0,1,0,1,0,1,0,1,0,1,0,1,0,1,0,1,0,1,0,1,0,2,4,2,3,1,0,1,0,1,0,1,0,1,0,3,4,1,0,2,3,1,0,1,0,1,0,2,2,1,0,3,4,2,2,3,4,3,4,1,0,3,4,3,5,4,6,4,5,3,5,2,3,3,5,4,6,4,5,5,5,4,6,2,2,1,0,4,3,3,4,4,2,3,2,2,4,3,3,3,3,1,3,2,2,0,5,3,3,2,2,3,3,3,3,3,3,4,3,2,3,3,4,3,3,2,3,3,4,3,4,3,4,4,4,4,4,3,4,3,5,1,2,1,1,1,1,1,2,2,1,1,3,3,3,2,7,8,5,3,3,5,7,5,5,1,62,2,1,1,1,50,4800,2600,0,826201,기계 장비 도입 인력 조정 소비,이과
28507,3,4,5,6,1,0,4,5,2,2,1,0,1,0,3,3,4,5,3,3,1,0,2,2,4,6,4,6,5,6,4,4,3,4,2,2,1,0,4,6,4,5,3,3,3,4,1,0,1,0,1,0,1,0,1,0,1,0,1,0,1,0,1,0,2,3,1,0,1,0,1,0,2,2,3,4,2,3,4,5,3,4,2,3,4,5,2,3,2,4,2,3,3,2,3,4,3,2,4,2,2,8,2,3,2,2,0,1,4,4,3,4,4,4,3,3,2,3,4,3,3,3,3,4,4,2,4,2,3,2,2,4,3,4,4,4,4,5,4,3,4,4,2,2,2,2,2,2,2,2,2,2,2,2,2,3,2,6,7,5,4,4,4,4,4,5,2,46,4,1,1,1,40,4200,3000,0,522202,노선 축소 영향,전자계산학
28508,1,0,1,0,1,0,1,0,1,0,3,3,1,0,3,5,2,2,3,3,3,3,1,0,3,2,2,2,4,4,1,0,1,0,2,2,1,0,3,2,3,3,2,2,1,0,1,0,1,0,1,0,3,3,4,4,2,2,3,3,4,5,1,0,1,0,1,0,1,0,1,0,3,3,1,0,1,0,1,0,1,0,1,0,3,3,2,2,3,3,2,2,2,3,3,3,2,2,3,3,2,15,2,4,1,1,1,7,4,3,2,2,3,4,3,3,3,3,3,3,3,3,2,3,2,2,3,3,3,4,4,2,2,3,4,3,3,3,2,2,3,3,2,2,2,2,2,2,2,2,2,3,2,3,3,3,2,6,5,7,6,6,6,5,4,5,1,52,4,1,1,1,40,5900,3000,0,240102,응급구조사 안전교육 첨단 경비 시스템 발달,체육학
28509,3,5,4,6,4,4,4,5,4,5,4,5,4,5,4,6,4,4,5,5,4,5,4,5,4,5,4,6,5,5,4,5,5,6,5,5,3,5,4,6,4,5,3,5,3,3,4,3,3,4,5,5,3,5,3,4,2,5,1,0,3,4,3,4,2,2,2,4,2,5,2,5,4,5,3,4,2,2,2,3,3,4,2,3,2,2,3,4,4,3,4,2,3,3,4,4,4,3,3,3,4,18,4,1,2,2,0,7,1,4,4,4,4,4,4,2,9,9,9,2,1,5,5,3,5,4,4,3,4,4,3,4,5,3,3,2,4,4,4,3,4,4,2,2,2,2,2,2,2,2,2,1,3,2,2,2,2,7,6,4,3,1,7,8,7,3,1,55,4,1,4,2,56,5000,1000,0,411103,상황 지속,연극영화학
28510,5,6,5,6,4,4,5,5,4,4,4,4,5,5,4,4,5,5,4,4,4,4,4,4,4,4,4,5,4,4,4,5,5,5,4,5,5,5,4,4,5,5,4,4,5,5,4,4,4,4,4,5,5,5,4,4,4,4,4,4,4,4,4,4,4,4,4,5,3,5,4,5,4,5,4,4,4,4,4,4,4,4,4,4,4,5,4,4,5,4,5,4,4,5,4,4,4,4,3,3,4,13,2,2,2,2,0,2,6,4,5,4,4,5,4,3,4,4,4,4,2,4,4,4,3,4,5,4,4,3,4,4,5,4,5,4,5,5,4,3,4,4,2,2,2,2,2,2,2,2,2,2,2,2,2,2,2,7,8,6,7,4,3,7,5,6,1,36,6,1,1,1,43,3900,2600,0,122104,인공 지능 로봇 기술 활용 자동화 시스템 일자리 감소,해양공학
28511,4,6,4,6,4,6,4,6,4,6,4,6,4,6,4,6,4,6,3,4,3,4,4,5,4,5,5,6,4,5,4,5,4,6,4,6,4,6,4,6,4,6,5,6,4,6,4,6,4,6,5,6,4,5,4,6,4,6,4,6,4,6,4,6,4,6,4,6,4,6,4,6,4,6,4,6,4,6,4,6,4,6,4,6,4,6,3,4,4,5,4,4,5,4,4,4,4,5,4,4,4,17,1,1,1,1,6,6,5,5,5,5,4,4,4,4,9,9,3,4,1,4,4,3,3,3,3,4,4,3,4,4,3,2,3,4,4,3,3,4,4,4,2,2,2,2,2,2,2,2,2,2,4,2,2,2,1,7,6,7,4,3,4,3,4,5,1,49,4,2,5,1,40,0,0,30000,301106,안과전문의 안과 수련의 과정 노령 인구 증가 안과 필요성 증가,의학
28512,3,3,3,4,2,2,4,3,3,3,3,3,3,4,4,4,3,3,3,3,2,3,3,3,2,3,2,3,4,2,2,2,3,4,1,0,3,4,3,4,3,4,3,3,4,4,1,0,1,0,1,0,3,3,1,0,1,0,1,0,3,3,3,4,2,2,3,3,4,3,4,4,1,0,3,4,1,0,1,0,3,3,1,0,4,4,3,3,4,5,3,3,4,2,4,4,3,4,5,3,4,3,1,2,1,2,0,5,4,4,4,4,4,3,4,4,3,4,4,4,4,4,4,4,4,5,4,4,4,4,3,3,4,4,3,4,4,3,4,4,4,3,2,2,2,2,2,2,2,2,2,3,2,3,3,3,2,6,6,7,5,6,6,4,5,3,1,41,3,1,1,1,40,3400,2300,0,871101,제과기능사 제빵기능사 대기업 프랜차이즈,식품영양학
28513,1,0,1,0,1,0,1,0,1,0,1,0,1,0,1,0,1,0,1,0,1,0,1,0,1,0,1,0,1,0,1,0,1,0,1,0,1,0,1,0,2,3,1,0,1,0,1,0,1,0,1,0,3,4,4,5,4,5,3,4,2,3,3,4,3,4,4,5,4,5,4,5,4,6,4,5,4,5,2,3,2,3,2,3,1,0,1,0,3,4,3,3,4,2,3,2,3,2,3,2,3,13,1,3,1,2,0,7,4,3,4,3,3,3,4,3,4,3,4,3,3,4,3,3,4,3,4,3,2,3,3,3,4,3,4,3,3,2,3,3,4,4,2,2,2,2,2,2,2,2,2,1,3,3,3,3,2,6,7,6,7,6,6,7,6,6,1,34,4,1,1,1,40,3200,2200,0,705201,철도토목기능사 채용 한정,토목
28514,3,3,3,2,2,2,2,2,2,2,3,2,3,3,2,2,2,2,1,0,2,2,2,2,3,3,2,2,1,0,1,0,1,0,2,2,2,2,3,2,2,2,2,2,2,2,2,2,2,2,2,2,2,5,3,3,2,2,2,2,2,2,2,2,2,3,2,2,3,3,2,2,2,2,3,3,1,0,2,2,2,2,1,0,2,2,1,0,4,4,3,3,4,3,3,3,3,4,3,3,3,13,1,2,1,1,3,3,5,3,3,4,4,4,3,4,3,3,4,3,3,3,3,3,3,4,3,4,3,3,3,3,3,4,3,3,4,4,4,3,3,4,1,1,1,2,2,2,2,2,2,2,3,1,2,2,1,5,6,6,5,6,3,5,6,5,1,37,4,1,3,1,52,4000,2900,0,153201,전기공사기사 실무경험 프로그램 다양 지금 비슷,컴퓨터공학
28515,1,0,2,2,1,0,1,0,1,0,1,0,5,7,1,0,5,7,1,0,1,0,1,0,5,7,1,0,5,7,5,1,3,4,1,0,1,0,5,7,1,0,5,6,4,5,1,0,1,0,1,0,1,0,1,0,5,7,1,0,1,0,1,0,1,0,4,5,1,0,1,0,1,0,5,6,1,0,1,0,4,6,5,6,5,6,5,6,5,2,4,5,4,4,5,1,2,4,3,2,2,18,1,2,1,2,0,3,4,4,3,2,5,4,4,3,2,3,2,3,4,5,4,4,4,5,4,5,4,4,5,4,4,4,5,4,4,5,4,4,4,5,2,2,2,2,2,2,2,2,2,1,3,2,2,2,2,7,5,5,4,6,5,7,4,3,2,35,4,1,1,1,40,3300,2500,0,511402,메이크업 분장가 사람,미용
28516,2,3,3,4,2,4,3,4,3,4,1,0,1,0,3,4,3,4,1,0,1,0,1,0,1,0,3,4,1,0,3,4,2,3,3,5,1,0,3,4,3,4,3,4,3,4,3,5,3,4,1,0,1,0,1,0,1,0,1,0,1,0,1,0,1,0,1,0,1,0,1,0,1,0,1,0,1,0,1,0,1,0,1,0,1,0,1,0,4,3,4,3,2,3,3,4,2,2,3,2,3,11,3,2,1,2,0,1,4,3,3,3,4,4,3,3,4,4,4,4,2,4,4,3,3,3,2,3,4,3,3,4,3,3,4,4,3,3,3,2,4,4,2,2,2,2,2,2,2,2,2,2,3,3,2,3,1,6,6,4,5,4,4,5,4,4,1,34,4,1,1,1,40,4800,3800,0,612501,청과 경매사 양곡경매사,유통학
28517,4,6,4,4,3,5,4,5,4,5,3,6,4,5,3,6,3,5,3,4,3,4,4,7,3,4,4,4,5,4,4,6,4,5,4,4,4,5,4,5,4,5,3,3,3,5,2,1,2,1,4,6,1,0,1,0,1,0,1,0,2,4,1,0,1,0,1,0,1,0,1,0,4,3,1,0,1,0,3,3,1,0,1,0,2,3,3,3,4,4,4,3,4,3,3,2,4,3,4,3,3,16,5,2,1,1,3,6,5,4,4,4,2,4,4,4,4,3,4,4,2,4,4,3,4,4,4,3,3,3,3,4,4,3,3,3,4,4,4,4,4,3,2,2,2,2,2,2,2,2,2,1,2,3,3,3,1,6,6,6,5,4,4,6,5,5,2,52,4,1,1,1,40,7100,6850,0,13202,초등학교 정교사 학교 운영 전반 실무교육 학생 감소 학교 증가,국어교육
28518,4,5,3,4,3,4,3,4,3,3,2,3,2,3,3,4,3,3,3,4,3,4,3,4,3,4,2,3,4,5,3,3,3,4,3,4,2,3,3,4,3,4,3,4,3,3,2,2,3,4,3,4,2,2,1,0,2,3,2,3,4,5,3,3,3,4,2,3,3,4,2,3,4,5,3,4,3,3,2,3,2,4,3,3,3,4,3,4,4,2,4,3,3,5,4,4,3,3,4,2,3,14,1,3,2,2,0,6,2,3,3,2,4,3,4,3,4,4,4,4,3,4,4,4,3,3,4,3,3,2,3,4,4,3,4,4,3,4,4,3,3,3,2,2,2,2,2,2,2,2,2,1,3,3,3,3,2,3,4,4,6,5,5,4,5,5,2,48,4,1,1,1,40,4800,4000,0,14301,관리 인원 최소,국문학
28519,3,4,3,4,2,2,3,3,2,2,1,0,1,0,2,1,2,3,2,1,1,0,2,3,3,4,1,0,2,3,2,2,2,3,2,2,2,3,2,3,3,4,2,2,3,4,2,1,3,4,3,3,2,2,1,0,1,0,1,0,3,3,2,2,1,0,1,0,1,0,1,0,2,2,1,0,2,3,2,1,2,2,1,0,2,2,2,1,4,3,2,2,3,4,3,4,2,3,4,2,4,7,1,1,1,2,0,3,2,3,2,2,4,3,2,3,4,4,4,4,2,3,4,4,2,3,4,2,3,2,4,4,3,2,3,2,4,4,2,3,3,2,2,2,2,2,2,2,2,2,2,2,3,3,3,3,1,6,7,7,6,4,3,5,5,6,1,40,2,1,1,1,52,2600,2000,0,615101,판매자격증 수요 공급 업종,문과
28520,5,7,4,7,4,5,4,6,3,4,4,6,5,6,4,7,5,6,5,6,4,4,5,6,5,6,5,4,3,6,5,6,4,4,4,7,5,6,4,4,3,7,3,5,4,4,5,6,5,7,4,4,4,7,3,5,5,5,3,5,5,7,4,5,5,5,5,5,4,7,3,7,5,5,5,4,4,7,5,7,4,4,5,4,5,7,4,4,5,5,3,4,3,5,4,3,3,3,4,3,4,10,1,2,1,2,0,7,5,4,4,3,4,3,5,5,5,4,5,4,3,4,4,3,3,5,4,3,4,4,4,4,4,5,4,3,3,3,4,4,5,5,2,2,2,2,2,2,2,2,2,3,4,2,2,2,1,9,9,8,8,9,8,9,9,8,2,44,4,1,1,1,50,8000,3500,0,132004,정보통신산업기사 기술 발달,컴퓨터공학
28521,4,7,4,6,5,6,4,6,4,6,4,6,4,6,4,6,5,6,4,4,4,6,5,6,4,6,4,6,4,6,4,5,5,6,4,5,5,6,4,6,4,6,4,5,4,6,5,6,4,6,4,6,4,5,4,6,4,6,4,5,4,6,4,6,4,6,4,6,4,6,4,6,4,6,5,7,4,6,5,6,5,6,4,6,5,6,5,6,5,5,4,5,5,5,4,5,5,4,5,4,4,17,1,1,1,2,0,6,5,4,4,4,4,4,4,4,5,4,5,4,2,5,4,4,5,5,4,4,5,4,4,5,5,4,5,5,4,4,5,4,4,5,2,2,2,2,2,2,2,2,2,2,3,3,3,3,2,8,8,7,8,3,3,8,8,7,1,50,4,2,5,1,40,0,0,9000,301111,의사 사람,의예
28522,4,6,4,5,4,5,4,5,4,5,3,4,3,4,4,5,4,5,3,4,4,5,4,5,4,5,4,5,4,5,3,4,3,4,3,4,3,4,4,6,5,6,4,5,4,5,4,5,4,6,4,5,2,2,1,0,1,0,1,0,4,6,4,6,3,4,1,0,1,0,1,0,4,5,3,4,3,4,4,5,3,4,3,4,4,5,4,5,4,3,4,3,4,4,3,3,3,4,4,4,4,3,1,2,2,1,3,2,2,3,4,4,3,4,3,3,2,2,3,3,2,4,4,4,4,5,4,4,4,3,3,4,4,5,4,4,5,4,4,4,4,4,2,2,2,2,2,1,2,2,2,2,3,2,2,2,1,2,2,2,3,2,2,2,2,3,2,38,2,1,1,1,40,3600,2200,0,28101,외국 관세제도 한중 FTA교육 숙지교육 세계 각국 보호 주의 정책 무역 관련 보험 자주 국가 무역 발전,문과
28523,5,7,5,7,5,7,5,7,3,4,5,7,3,4,5,7,5,7,3,4,3,4,5,7,5,7,5,7,5,7,4,6,4,5,4,5,5,7,4,5,4,6,4,5,3,4,3,4,3,4,3,4,3,4,1,0,2,2,1,0,3,4,2,3,2,3,2,2,2,2,2,2,4,5,4,6,4,5,4,5,4,5,3,3,5,6,4,5,4,3,4,4,4,4,5,3,4,4,4,2,4,17,1,1,1,2,0,3,5,3,3,2,5,4,3,4,9,9,4,4,2,5,4,3,2,3,2,3,5,4,3,4,4,3,4,3,3,4,3,3,4,4,2,2,2,2,2,2,2,2,2,2,2,3,3,3,2,5,6,4,5,4,5,4,5,6,2,38,4,2,5,1,54,0,0,4500,303002,한약사 양약 선호 증가,한약학
28524,5,7,5,7,2,2,5,7,1,0,4,5,5,7,5,7,5,7,5,6,4,5,1,0,4,5,1,0,1,0,1,0,1,0,1,0,1,0,1,0,1,0,4,5,1,0,1,0,1,0,1,0,1,0,1,0,1,0,1,0,1,0,1,0,1,0,1,0,1,0,1,0,1,0,1,0,1,0,1,0,1,0,4,5,4,5,4,5,4,3,4,2,4,3,4,4,4,3,3,3,4,18,1,2,2,2,0,7,1,4,4,4,5,4,4,2,3,4,4,4,1,5,5,3,4,5,4,3,4,4,3,4,4,3,3,2,4,4,4,3,4,4,2,2,2,2,2,2,2,2,2,1,4,2,2,2,2,7,3,2,3,1,4,9,7,3,2,34,4,1,1,1,30,900,500,0,416203,미디어 문화 생활 다양 개방 연극 수요 증가 예상,연극영화
28525,3,4,4,6,2,2,5,7,3,4,4,5,2,2,5,7,2,2,2,2,4,5,2,1,5,7,2,2,4,5,2,2,5,7,3,4,2,2,4,5,3,4,5,7,4,5,1,0,1,0,2,2,1,0,1,0,1,0,1,0,2,3,5,7,1,0,1,0,1,0,1,0,3,4,1,0,1,0,1,0,1,0,3,4,5,7,3,4,5,4,2,4,3,2,4,3,2,4,2,4,4,11,1,2,1,1,3,7,5,3,2,2,4,4,3,4,5,5,4,4,2,4,4,4,4,3,2,1,4,2,4,4,4,2,2,2,4,5,4,3,4,4,2,1,2,1,2,2,1,2,2,3,2,2,2,3,2,3,7,4,8,3,7,3,8,4,2,47,4,1,1,1,40,8000,5000,0,12401,투자분석사 재무분석사 지점관리 교육 비대 업무 서비스 교육 인력,경영학
28526,3,4,2,3,4,4,4,4,4,4,4,5,4,5,3,4,4,5,4,5,3,5,4,4,4,5,3,5,4,4,4,5,4,4,3,5,4,5,3,5,3,5,4,5,3,5,4,5,2,4,4,5,3,5,4,5,3,3,1,0,1,0,1,0,1,0,1,0,1,0,1,0,2,4,2,4,2,3,2,4,2,3,1,0,2,5,2,3,3,4,4,3,3,4,4,4,4,3,4,3,4,18,5,3,1,2,0,3,4,3,4,3,4,3,4,4,5,4,5,5,3,4,4,4,3,4,4,4,4,4,4,4,3,4,4,3,3,3,4,4,4,4,2,2,2,2,2,2,2,2,2,3,2,2,2,2,1,7,6,7,8,8,8,7,6,7,1,51,4,2,5,1,52,0,0,5500,215105,이러닝자격증 2급 출산율 인구 감소,건축
28527,4,4,4,4,4,4,4,4,4,4,4,4,4,4,4,4,4,4,4,4,4,4,4,4,4,4,4,4,4,4,4,4,4,4,4,4,4,4,4,4,4,4,4,4,4,4,4,4,4,4,4,4,4,4,5,6,5,6,4,4,3,3,5,6,5,6,5,6,5,6,5,6,4,4,5,5,4,4,4,5,4,6,4,4,4,4,4,4,4,4,2,3,4,2,3,4,2,3,3,4,4,3,1,1,1,1,1,7,2,4,2,2,4,4,2,3,3,4,4,4,4,2,2,5,4,4,5,4,2,4,4,4,3,4,3,3,5,4,4,3,4,5,2,2,2,2,2,2,2,2,2,2,2,2,3,3,2,7,4,5,6,4,5,5,7,5,1,46,2,1,1,1,60,3600,2800,0,882101,목재가공기능사 제품규격에 맞게 재단교육 자동화,기계
28528,3,4,3,4,3,4,3,4,3,4,3,4,3,4,3,4,3,4,3,4,3,4,3,4,3,4,3,4,3,4,3,4,3,4,3,4,3,4,3,4,3,4,3,4,3,4,3,4,3,4,3,4,3,4,3,4,3,4,3,4,3,4,3,4,3,4,3,4,3,4,3,4,3,4,3,4,3,4,3,4,3,4,3,4,3,4,3,4,5,3,5,1,4,3,2,3,4,4,5,3,5,18,4,1,2,1,6,6,1,4,4,4,5,4,4,1,9,9,4,3,3,4,4,4,4,4,4,2,4,2,2,4,5,5,3,3,5,4,4,4,4,4,2,2,2,2,2,2,2,2,2,1,3,2,2,2,2,5,7,8,1,1,9,8,9,1,2,56,4,1,4,2,30,2500,800,0,414101,창의적인 미술작업 창의성 선천 재능,미술학
28529,3,5,4,5,3,5,3,5,2,4,3,5,2,4,2,4,3,4,1,0,2,3,4,5,3,5,1,0,4,5,3,4,3,5,4,5,3,5,3,5,3,4,3,5,3,4,3,4,2,3,3,5,1,0,1,0,1,0,1,0,3,4,1,0,1,0,1,0,1,0,1,0,2,3,1,0,1,0,2,3,1,0,1,0,2,3,2,3,4,4,4,4,4,3,4,3,3,4,4,4,4,13,1,1,1,1,4,6,5,4,4,4,5,4,3,4,9,9,9,4,2,4,4,4,4,4,4,4,4,3,4,4,3,4,3,3,4,4,4,3,4,4,2,2,2,2,2,2,2,2,2,3,1,3,3,3,2,2,2,3,2,3,3,3,3,3,1,52,4,2,5,1,40,0,0,5000,221301,법무사 소장작성 개인파산 개인회생 전산 화로 일거리 감소,법학
28530,3,4,4,4,2,4,3,4,2,3,3,5,2,5,3,5,3,6,3,5,2,3,3,6,3,6,3,5,4,5,3,6,4,5,3,4,4,5,4,5,3,5,4,4,3,4,3,6,3,5,4,5,3,5,3,5,3,5,3,5,3,5,3,6,3,5,2,2,3,5,3,4,3,4,2,4,2,3,3,3,3,3,2,4,2,4,3,3,4,4,4,4,4,3,3,4,4,3,4,3,4,7,1,5,2,1,1,2,4,3,4,2,4,4,3,4,3,4,4,4,4,4,4,4,3,3,4,3,4,3,3,4,3,3,4,4,4,4,3,3,4,4,2,1,1,2,2,2,1,1,2,2,3,1,1,3,2,7,7,6,3,3,3,3,8,8,1,47,4,1,1,1,48,8000,3200,0,12201,자산관리 보안 자산 관리 최신 업무 특성,경영학
28531,5,7,5,6,2,2,5,5,3,4,3,4,5,7,5,7,5,6,4,5,5,5,2,2,3,4,3,4,4,5,4,5,5,6,5,6,2,3,4,5,3,4,5,6,5,6,4,4,3,3,3,4,5,6,5,6,5,6,5,6,2,3,5,7,2,2,5,6,5,7,5,6,3,3,3,6,5,6,5,6,5,6,5,6,5,6,5,6,4,4,3,4,5,2,4,3,4,4,4,3,4,6,4,1,1,2,0,4,2,4,3,3,4,4,3,3,9,9,9,3,2,4,4,4,5,4,4,4,4,4,3,4,5,4,5,5,4,4,5,5,5,4,2,2,2,2,2,2,2,2,2,1,2,2,2,2,1,5,4,6,5,4,5,5,4,4,1,50,2,2,6,1,40,0,0,3000,702701,판금제관산업기사 건물,실업계고등학교 전산
28532,3,4,2,3,2,3,4,5,2,3,2,3,2,2,2,2,3,4,2,2,2,2,4,5,1,0,1,0,2,3,2,3,2,2,1,0,4,5,1,0,2,3,2,3,2,3,1,0,1,0,1,0,1,0,1,0,1,0,1,0,2,3,1,0,1,0,1,0,1,0,1,0,1,0,2,2,1,0,1,0,2,3,1,0,2,3,2,3,4,4,4,3,3,3,3,3,4,3,3,3,4,16,5,2,2,1,2,7,2,4,2,2,4,3,4,3,3,3,4,3,3,3,3,4,3,3,3,4,4,4,3,3,4,4,4,4,3,4,3,3,4,4,2,2,2,2,2,2,2,2,2,1,4,2,2,2,1,3,3,3,4,4,6,6,4,5,2,42,4,1,2,2,20,1058,899,0,212901,교사보조에 대한 훈련 수요 지속 발생,영문
28533,5,3,5,4,5,5,5,3,5,4,5,5,5,3,5,3,5,3,5,5,5,3,5,2,5,2,5,6,5,3,5,4,5,7,5,5,5,3,5,2,5,4,5,5,5,2,5,2,5,2,5,5,5,6,5,7,5,7,5,7,5,5,5,7,5,4,5,5,5,4,5,3,5,4,5,3,5,7,5,2,5,7,5,2,5,2,5,4,5,4,3,3,3,3,3,3,3,4,3,4,4,9,1,3,2,2,0,3,4,4,4,4,4,4,3,4,3,4,5,4,2,4,4,4,5,4,5,3,5,2,3,5,4,5,4,3,5,5,5,4,5,5,1,1,1,1,1,1,1,2,2,2,2,2,3,2,1,9,9,9,1,1,9,9,9,9,2,44,3,1,1,1,45,6000,2500,0,14201,생산 라인 자동화 인력 배치 근로자 감축 자동화 라인 생산 근로자 감소 불가피,조리학
28534,2,4,2,3,2,3,2,2,2,3,2,4,3,2,2,2,2,3,3,3,3,3,3,4,3,3,3,4,2,4,3,3,2,4,3,4,4,4,3,4,3,4,4,4,3,3,3,4,3,4,2,3,3,3,3,3,3,4,3,3,3,3,3,5,3,4,4,4,4,4,3,5,4,4,3,4,4,4,4,4,4,5,4,5,4,4,3,4,3,4,3,4,4,3,3,4,3,2,3,3,3,18,4,1,2,2,0,2,2,4,3,3,3,3,3,5,4,4,4,3,4,4,3,4,4,3,3,4,3,3,3,4,4,3,3,2,3,4,4,3,3,3,2,1,2,2,2,2,2,2,2,2,2,2,2,2,2,7,7,6,6,6,7,7,6,7,1,45,2,1,4,2,35,3200,2500,0,416501,산업 기술 발달 경기 침체,실업계
28535,4,5,5,6,4,5,4,5,4,4,4,6,3,4,3,3,4,6,4,5,4,4,4,6,3,4,4,5,4,4,4,5,3,4,3,4,4,4,4,5,4,4,3,4,4,4,3,3,2,3,3,3,4,4,3,3,2,3,2,4,2,3,3,3,2,3,2,3,1,0,1,0,3,4,2,2,2,3,2,3,2,4,2,3,3,4,3,4,3,3,4,4,3,4,4,3,4,4,3,4,4,15,2,5,1,2,0,7,5,4,3,4,5,4,4,4,3,3,4,4,2,3,3,4,4,3,3,2,4,3,4,4,3,3,2,3,4,5,4,3,5,5,2,2,2,2,2,2,2,2,2,1,3,3,3,3,2,6,5,5,4,4,5,4,5,5,1,32,5,1,1,1,52,4000,3000,0,122106,축산산업기사 상태 유지,축산학
28536,2,2,3,4,2,3,3,5,2,3,2,3,3,4,2,3,2,3,2,3,2,2,2,3,2,3,1,0,3,3,3,4,2,3,3,4,2,2,4,4,2,3,2,3,3,3,3,4,2,3,1,0,2,3,1,0,2,3,1,0,1,0,1,0,2,2,2,2,2,2,2,3,1,0,4,5,3,4,2,3,2,3,2,3,3,5,2,3,4,3,3,2,3,3,4,3,4,3,3,3,4,19,4,1,1,2,0,2,1,2,2,1,4,3,4,2,9,9,9,2,4,3,3,3,3,2,3,3,2,4,2,4,2,3,4,4,3,5,3,3,4,5,2,2,2,2,2,2,2,2,2,2,1,2,2,2,2,7,7,5,3,2,4,7,3,3,2,69,1,2,6,1,48,0,0,2900,511101,이발사자격증 미용실 남자 미용실 이용,0
28537,3,5,4,5,4,5,4,5,2,3,4,6,5,6,3,5,3,5,4,6,3,5,3,6,4,5,3,5,4,5,4,6,3,5,3,6,4,5,3,5,3,5,3,5,3,5,3,5,4,6,3,5,3,5,3,5,3,5,3,5,3,6,2,4,2,5,2,3,2,3,2,2,3,5,2,4,3,5,2,3,3,4,2,4,3,5,2,5,4,5,4,3,4,4,4,4,4,5,4,4,4,18,1,2,1,2,0,4,5,4,3,4,4,4,4,3,4,4,4,4,3,2,2,4,3,3,3,1,3,4,4,5,4,4,2,3,4,4,4,3,4,4,2,2,2,2,2,2,2,2,2,2,3,2,2,2,1,7,7,6,3,4,4,6,5,5,2,30,3,1,1,1,48,3200,2500,0,24404,컨벤션기획사 이벤트 사업 활성화 증대,경영학
28538,3,3,3,3,3,3,3,3,3,4,3,4,1,0,3,4,2,2,1,0,2,2,1,0,2,2,3,5,2,3,1,0,1,0,1,0,2,2,1,0,2,2,2,2,1,0,1,0,1,0,1,0,2,3,1,0,4,5,4,4,2,3,3,4,4,5,3,3,2,3,5,6,3,4,1,0,1,0,1,0,1,0,1,0,2,2,5,6,3,3,4,3,3,4,3,4,3,3,3,3,3,3,1,2,1,2,0,5,3,3,3,2,3,3,3,2,2,3,3,3,3,2,2,4,3,2,4,2,2,3,3,5,3,3,3,4,4,5,3,3,4,4,2,1,1,2,2,1,2,2,2,4,1,3,3,3,2,2,3,4,7,3,4,2,5,4,1,39,4,1,1,1,40,4200,3000,0,155501,기사 기술사 측정 장비 구입 업무 자동화,환경공학
28539,3,6,3,6,3,5,3,5,3,4,3,4,3,4,3,4,3,4,2,3,3,5,3,4,3,4,3,4,3,3,3,4,3,4,3,3,3,5,3,4,3,4,3,3,3,4,2,3,2,2,1,0,3,5,1,0,2,1,2,2,3,4,1,0,3,3,3,3,3,4,3,3,3,3,3,4,3,4,1,0,1,0,2,4,3,4,2,3,4,5,3,3,3,3,5,4,3,5,4,5,4,13,2,4,2,2,0,1,5,4,4,4,3,5,3,3,3,4,4,3,2,4,4,3,3,4,4,1,5,2,3,3,4,4,3,3,4,4,3,3,3,3,1,2,1,2,2,1,2,2,2,2,4,1,3,3,2,7,7,7,7,7,7,5,5,5,2,40,5,1,1,1,48,6500,2800,0,155501,감염병 진단 장비 시약 도입 조기 진단 현재 워낙 부족함,식품영양학
28540,5,6,4,5,2,3,4,5,1,0,1,0,1,0,4,5,3,4,2,3,2,3,4,5,3,4,5,5,2,3,2,2,3,4,3,4,1,0,1,0,4,5,3,4,1,0,1,0,1,0,1,0,1,0,1,0,1,0,1,0,3,5,4,5,1,0,1,0,1,0,1,0,4,5,1,0,1,0,1,0,1,0,1,0,3,4,1,0,4,3,3,3,4,4,4,2,4,3,4,3,4,10,1,4,2,2,0,2,4,3,4,3,4,4,4,3,2,3,4,3,4,3,3,4,4,3,4,2,4,2,1,5,4,4,4,4,4,5,4,4,4,4,2,2,2,2,2,2,2,2,2,2,2,2,2,3,1,6,5,5,4,4,4,6,4,4,1,51,4,1,1,1,40,5000,3200,0,26101,성장 경제 분위기,통계학
28541,3,4,3,4,2,2,3,4,5,6,4,6,2,2,3,4,2,2,5,6,2,2,3,4,4,6,3,4,2,2,2,2,2,2,3,4,2,2,3,4,2,2,4,5,3,4,1,0,1,0,2,2,1,0,1,0,1,0,1,0,3,4,1,0,1,0,1,0,1,0,1,0,3,4,1,0,1,0,3,4,1,0,2,3,3,4,3,4,4,4,3,3,2,4,4,3,3,2,2,4,3,11,1,2,1,2,0,7,5,4,4,3,4,4,2,4,9,9,4,4,2,3,4,4,4,4,2,1,4,2,4,3,3,1,1,1,4,5,4,3,4,3,2,1,2,2,2,1,2,2,2,2,1,2,2,2,2,4,7,3,7,4,8,3,7,4,1,52,4,1,1,1,40,5800,3800,0,31101,투자자산운용사 시스템 업그레이드 경기 하락,경제학
28542,4,4,4,4,1,0,3,4,3,3,3,3,3,3,3,3,5,7,3,4,3,4,4,6,3,4,1,0,1,0,1,0,1,0,1,0,3,3,3,3,4,5,1,0,1,0,1,0,3,4,2,2,4,5,2,3,3,3,5,7,2,2,1,0,4,5,3,4,5,7,5,7,1,0,4,6,4,6,4,5,3,4,3,5,5,6,4,6,4,4,3,3,4,1,3,4,1,3,4,4,3,15,2,5,1,1,4,7,4,3,3,3,2,3,3,3,4,4,4,4,2,3,3,4,5,4,4,3,4,4,3,5,5,3,3,3,4,5,4,3,4,3,2,2,2,2,2,2,2,2,2,1,3,2,2,2,2,7,3,6,1,3,4,8,5,2,1,32,4,1,1,1,40,2900,2400,0,812102,항공정비사 실무 경력 변화,기계공학
28543,2,2,2,3,2,2,2,2,2,2,1,0,3,4,3,3,3,3,3,3,2,3,3,3,3,3,3,3,1,0,1,0,1,0,1,0,3,3,1,0,2,2,3,3,1,0,2,3,3,4,1,0,4,5,4,5,5,6,3,4,3,3,2,3,3,3,3,3,3,4,3,3,2,2,3,3,3,3,1,0,2,2,2,2,2,2,5,6,3,2,3,4,3,4,3,4,3,3,3,3,3,13,1,3,1,2,0,7,5,4,4,4,4,4,3,4,4,4,4,4,2,4,4,4,4,3,3,2,3,3,4,4,3,3,2,2,3,3,3,3,4,3,2,2,2,2,2,2,2,2,2,1,3,3,3,3,2,7,7,5,7,3,3,5,3,3,1,33,4,1,1,1,40,3300,2800,0,155305,소음진동기술사 수요 변화,건축공학
28544,5,6,5,6,5,6,3,5,2,4,5,6,5,6,3,4,4,5,4,5,4,6,4,5,4,5,4,5,4,6,3,4,4,5,4,5,3,5,3,4,4,4,4,5,3,4,2,4,3,4,4,6,1,0,1,0,1,0,1,0,2,5,1,0,1,0,1,0,1,0,1,0,1,0,1,0,3,5,3,4,5,6,4,5,4,6,4,6,5,5,5,2,5,5,2,2,5,5,5,5,5,18,4,1,2,2,0,5,1,3,3,3,4,4,3,1,2,3,3,2,3,4,4,3,3,4,3,2,3,3,2,4,4,5,3,3,4,4,3,3,4,3,2,2,2,2,2,2,2,2,2,2,4,3,3,3,2,3,2,8,8,3,2,9,8,8,1,64,4,1,4,2,30,1600,1000,0,411102,핵가족 시대 사람,영문학
28545,3,4,3,3,2,3,3,4,2,3,3,4,1,0,4,4,3,3,2,3,4,5,3,4,3,4,3,4,1,0,2,3,1,0,1,0,3,4,2,3,3,4,2,3,2,3,1,0,2,3,2,2,2,3,2,3,3,4,3,4,1,0,4,4,4,4,3,4,4,4,3,4,2,3,4,4,4,4,1,0,3,3,3,3,3,3,3,4,1,2,2,2,2,2,2,1,2,1,2,3,2,3,1,2,2,2,0,3,2,2,2,2,2,2,2,2,3,3,3,3,3,2,3,4,4,5,5,3,4,2,3,5,4,4,5,5,4,5,4,3,4,4,2,2,2,2,2,2,2,2,2,1,2,3,2,2,2,7,7,8,6,3,3,8,3,2,1,52,2,1,1,1,54,3500,2300,0,852201,발전 가능성,공고
28546,5,6,3,4,3,4,1,0,1,0,3,4,2,3,4,6,4,6,3,4,2,2,3,4,2,3,3,4,3,4,1,0,1,0,1,0,4,6,1,0,1,0,1,0,1,0,5,7,4,6,3,4,1,0,3,4,2,4,2,3,3,4,3,4,1,0,1,0,1,0,1,0,1,0,3,4,5,7,1,0,5,7,3,3,4,4,2,2,3,3,3,2,3,2,4,4,3,3,3,4,3,15,2,4,2,1,2,2,2,4,3,4,4,4,3,2,3,3,3,3,2,3,4,4,2,2,2,1,4,3,4,4,4,4,4,4,3,4,1,2,4,3,2,2,2,2,2,2,2,2,2,2,4,3,3,3,1,4,4,4,5,5,5,6,5,4,1,43,4,1,1,1,40,4000,2500,0,413202,기록물 체계적인 관리에 대한 직무교육 업무 자동화,기록물관리
28547,4,5,4,5,1,0,4,5,2,3,2,3,1,0,3,4,3,4,2,3,2,3,3,5,1,0,3,4,2,3,3,5,3,4,2,2,3,5,1,0,3,5,2,3,3,3,1,0,2,2,1,0,2,3,1,0,3,4,2,3,1,0,4,5,2,3,4,5,4,5,4,5,1,0,3,4,3,4,1,0,4,6,2,3,3,5,2,2,4,2,3,3,4,1,5,2,4,3,2,4,4,8,2,6,1,1,1,1,2,4,4,3,4,4,4,4,3,4,4,4,2,4,4,3,2,1,2,2,3,4,4,5,2,2,4,4,3,5,3,3,5,4,2,2,2,2,2,2,2,2,2,2,3,3,3,3,2,8,7,8,3,5,7,5,5,5,1,25,4,1,1,1,40,3600,3200,0,812301,기계기사 전기기사 철도차량정비사 안전교육 정비기술교육 철도 운행 것이므,기계공학
28548,2,3,5,6,1,0,1,0,1,0,1,0,5,7,5,7,5,7,1,0,3,4,1,0,4,5,5,6,1,0,1,0,1,0,1,0,1,0,1,0,1,0,1,0,3,4,1,0,1,0,1,0,1,0,1,0,1,0,1,0,1,0,1,0,1,0,1,0,1,0,1,0,1,0,5,7,4,5,3,4,3,4,3,4,5,7,5,7,3,1,2,2,3,2,3,3,3,3,3,3,2,18,4,1,2,1,6,6,5,3,4,4,4,4,3,4,9,9,9,3,2,4,4,4,4,4,4,3,3,2,2,5,4,4,4,3,4,5,4,4,5,4,2,2,2,2,2,2,2,2,2,1,2,2,2,2,2,8,7,8,2,2,4,7,7,3,1,27,4,1,4,2,10,2000,1000,0,414503,남을 지도할 실력을 갖추기 위해 코로나 여파 경제 어려움,실용음악
28549,3,4,3,4,3,4,3,4,4,4,3,4,4,4,3,3,4,3,4,5,3,4,2,4,4,3,4,4,3,3,3,4,5,4,5,4,4,3,2,2,4,3,5,3,3,2,5,3,5,2,5,3,5,3,5,3,5,3,5,3,3,4,4,3,5,3,5,3,4,2,4,3,4,3,1,0,2,3,3,3,4,5,3,3,3,4,3,3,3,3,4,4,2,1,2,2,2,5,3,2,2,15,2,2,1,1,2,6,3,3,2,2,4,4,3,4,3,4,4,4,2,4,3,4,4,3,4,3,4,3,4,4,3,3,2,2,4,4,4,3,3,4,2,2,2,2,2,2,2,2,2,2,2,3,3,3,2,7,7,7,5,3,3,3,3,7,1,33,4,1,2,2,40,3500,3000,0,903101,산림기사 산림사업도면의 이해 블루 칼라 유입 인원,산림자원학
28550,4,6,4,6,3,5,5,6,2,3,4,6,5,6,3,6,4,6,4,5,4,6,3,5,5,6,3,6,4,6,3,6,3,5,2,4,3,5,4,6,4,6,3,4,3,5,3,5,2,4,1,0,1,0,1,0,3,5,2,4,3,5,1,0,3,5,2,4,2,3,3,4,3,5,1,0,1,0,4,5,2,3,1,0,4,5,3,5,5,4,2,4,4,3,4,4,4,5,4,4,4,18,1,1,2,2,0,2,2,4,3,3,4,4,5,4,9,9,5,4,1,4,5,5,4,3,4,2,3,4,5,5,5,4,4,4,5,5,4,5,4,5,2,2,2,2,2,2,2,2,2,1,4,3,3,3,2,3,7,4,3,4,6,8,6,5,1,39,2,1,1,1,40,4200,3700,0,417102,유튜브 콘텐츠 다양,정보통신
28551,4,2,1,0,3,2,1,0,3,4,2,4,1,0,3,3,3,4,1,0,1,0,3,4,2,2,1,0,1,0,3,4,1,0,1,0,3,3,2,2,2,4,2,2,2,3,2,3,2,2,1,0,3,4,1,0,2,4,1,0,3,4,1,0,1,0,2,3,1,0,1,0,1,0,2,2,2,2,2,3,1,0,1,0,3,4,2,3,4,3,4,3,4,3,5,2,3,2,3,3,4,3,1,2,2,1,1,7,2,2,3,3,4,2,3,3,3,3,3,3,2,3,3,4,5,4,4,3,3,3,2,4,3,3,2,2,4,4,3,3,4,4,2,2,2,2,2,2,2,2,2,1,3,3,3,3,2,5,5,5,4,6,4,4,5,6,2,48,2,1,1,1,45,2400,1560,0,27201,업무파악 전산 시스템 구축 인원 감축 발생,실업계
28552,1,0,1,0,1,0,1,0,1,0,1,0,1,0,1,0,1,0,1,0,1,0,1,0,3,4,2,3,1,0,1,0,1,0,1,0,1,0,2,3,1,0,1,0,1,0,1,0,1,0,1,0,1,0,1,0,4,5,1,0,1,0,1,0,1,0,3,4,3,3,3,4,1,0,4,5,1,0,1,0,1,0,1,0,4,5,1,0,4,4,3,3,4,3,3,2,3,3,4,3,4,19,1,1,2,2,0,7,1,3,2,3,4,3,4,3,9,9,9,3,2,4,4,3,3,2,3,4,3,4,4,4,4,3,3,4,3,5,4,3,4,4,2,2,2,2,2,2,2,2,2,1,2,2,2,2,2,8,7,5,4,3,6,7,5,5,2,51,2,2,5,1,45,0,0,3000,863401,경쟁,상고
28553,2,2,2,3,2,2,3,3,1,0,2,2,3,4,5,4,2,2,2,3,1,0,5,7,4,5,3,4,3,5,3,3,2,1,1,0,3,5,4,3,2,2,2,1,3,3,1,0,2,2,2,1,1,0,1,0,3,5,3,3,2,3,1,0,3,3,1,0,1,0,1,0,1,0,2,1,3,3,2,3,2,2,3,3,5,5,4,3,3,5,3,3,4,4,5,3,2,3,4,3,3,16,5,3,1,1,4,4,4,4,3,3,5,3,4,4,3,4,5,4,2,4,3,2,4,4,3,2,5,5,4,4,3,3,2,3,4,3,3,1,4,4,2,2,2,2,2,2,2,2,2,2,5,3,3,3,1,8,6,6,3,3,5,5,8,6,2,27,4,1,1,1,40,3200,2800,0,212301,특수학교 1급 특수교육교사 훈련 사회 약자 대한 배려 관심 증가,특수교육학
28554,4,5,4,5,4,5,4,5,4,5,3,4,4,5,4,5,4,4,3,4,4,5,4,4,4,5,4,4,4,4,4,5,3,5,4,4,4,5,3,5,4,4,4,4,3,4,3,4,4,5,4,4,3,4,2,2,2,3,3,3,2,2,2,2,3,3,2,2,1,0,1,0,1,0,3,4,5,5,3,3,2,4,3,4,3,4,2,3,3,3,2,4,3,4,3,4,3,3,3,4,3,14,1,3,2,2,0,4,2,4,3,4,4,3,4,5,4,4,5,5,4,3,4,4,3,3,4,4,3,3,2,4,3,3,4,4,3,3,4,4,3,3,2,2,2,2,2,2,2,2,2,2,3,3,3,3,2,6,5,4,4,5,6,6,4,5,2,28,2,1,1,1,30,2000,2000,0,617101,변화,인문계고
28555,5,6,5,5,4,5,3,4,1,0,3,3,3,3,3,3,3,3,3,3,4,6,4,4,5,6,2,3,3,3,1,0,1,0,1,0,1,0,1,0,1,0,2,1,2,1,2,1,1,0,1,0,1,0,1,0,1,0,1,0,3,2,1,0,1,0,1,0,1,0,1,0,1,0,1,0,1,0,1,0,1,0,1,0,4,5,3,4,4,4,5,3,4,2,3,5,1,3,4,3,4,13,4,1,1,1,3,5,5,4,5,5,4,5,4,3,3,3,2,2,2,4,4,4,4,4,3,4,3,5,4,4,5,4,5,5,5,4,4,5,4,3,2,2,2,2,2,2,2,2,2,2,2,3,3,3,2,3,2,2,2,3,2,7,8,7,1,36,4,2,6,1,40,0,0,2700,411201,번역가 컴퓨터 활용능력 불규칙 수급 안정 수입 보장,불어불문
28556,4,4,4,4,1,0,4,4,2,5,3,5,4,6,4,5,4,4,4,4,4,5,4,4,4,5,4,4,3,4,4,4,4,6,4,4,2,4,2,3,2,2,2,3,2,2,3,3,2,5,2,3,2,2,2,3,2,3,2,3,2,3,3,3,2,2,2,3,3,3,2,3,2,3,3,3,2,3,3,3,3,3,2,3,3,3,5,7,5,5,4,3,4,4,4,4,3,3,4,4,4,17,1,2,1,2,0,3,4,4,5,4,4,3,4,3,2,4,4,4,3,4,4,4,4,3,4,4,3,4,3,4,5,4,3,3,4,3,3,3,4,3,2,2,2,2,2,2,2,2,2,3,3,2,1,1,2,7,6,5,7,5,5,7,6,6,2,32,3,1,1,1,40,3200,1700,0,306902,간호사 전문직,간호학
28557,5,5,4,5,4,5,4,4,4,4,4,5,4,5,4,4,4,4,4,3,4,4,4,6,4,4,4,5,4,5,4,6,4,6,4,5,4,6,4,5,4,5,4,4,4,5,4,4,4,3,4,6,4,4,3,3,3,3,3,2,4,3,3,2,4,2,3,2,3,2,3,2,3,2,3,2,3,2,3,3,3,2,3,4,4,4,4,5,4,4,2,4,4,3,5,4,4,4,4,4,4,16,5,3,1,1,1,1,6,5,4,4,4,5,4,4,4,4,4,4,2,5,4,4,4,4,4,1,4,2,4,4,4,4,4,4,4,2,3,3,4,4,1,1,1,1,1,1,2,1,1,1,3,1,1,3,1,4,9,6,8,8,9,2,9,9,2,58,5,1,1,1,40,8000,7480,0,13202,교감자격증 업무에 대한 역량교육 직무연수 힐링 교육 최근 학교 학부모 민원 발생 문제해결 학폭 발생 원인 해결 어려움 전문성 요구 정책 교육 방향 학교 조직 어려움 학교 사람 교육 전산 자동화 인공 지능 생명공학 거리,교육과정
28558,1,0,1,0,1,0,1,0,1,0,1,0,1,0,1,0,1,0,1,0,1,0,1,0,1,0,1,0,1,0,1,0,1,0,1,0,1,0,1,0,1,0,1,0,1,0,1,0,1,0,1,0,1,0,1,0,1,0,1,0,3,4,3,4,4,5,2,2,2,2,2,2,1,0,2,3,4,5,3,4,4,5,4,5,1,0,1,0,4,4,2,3,3,2,2,3,3,4,4,2,2,8,1,2,2,2,0,7,2,3,4,3,4,3,3,4,3,4,3,3,2,3,3,3,2,4,3,3,4,3,4,4,4,5,4,4,3,4,4,4,4,5,2,2,2,2,2,2,2,2,2,2,3,3,3,3,2,7,8,7,7,8,7,7,8,7,1,37,2,1,1,1,40,2800,2000,0,624401,일자리 변동,문과
28559,4,6,4,5,1,0,3,5,3,5,3,6,4,5,3,5,4,4,3,5,4,5,4,6,4,5,3,5,3,5,4,5,3,6,3,5,4,6,4,6,4,6,3,5,4,5,4,6,4,6,4,5,3,5,4,5,4,5,5,6,3,4,4,5,5,6,4,5,5,5,5,6,3,5,4,5,3,6,5,4,3,5,3,4,5,4,4,6,4,3,5,3,3,3,4,3,3,3,3,3,5,3,1,4,1,2,0,1,3,3,4,3,4,3,3,3,3,4,3,4,2,4,4,4,3,3,4,3,4,4,4,4,4,2,3,3,3,3,2,3,5,4,2,2,2,2,2,2,1,2,2,1,3,3,3,3,1,9,3,5,2,3,4,5,6,5,1,42,2,1,1,1,52,3700,2000,0,834001,전기기능사 전기기사 전반 경기 침체 영향 영상 이유 구조조정 단계,전기
28560,3,4,4,5,3,4,1,0,4,4,2,3,1,0,4,5,2,3,1,0,1,0,2,3,2,3,1,0,1,0,1,0,1,0,1,0,1,0,1,0,1,0,1,0,1,0,1,0,1,0,1,0,3,4,1,0,3,4,1,0,2,3,3,4,5,6,1,0,1,0,3,4,1,0,1,0,2,3,1,0,2,3,1,0,3,4,2,3,4,3,3,4,3,3,3,3,3,4,3,2,3,3,1,2,2,2,0,7,5,4,3,3,4,4,4,3,3,3,4,4,3,3,3,4,3,3,4,3,3,3,3,3,3,4,3,3,4,3,3,3,4,3,2,2,2,2,2,2,2,2,2,1,4,2,2,3,1,3,4,3,4,5,6,4,6,5,2,45,5,1,1,1,42,4029,3000,0,157201,건강 식품 관심,식품공학
28561,3,4,2,3,3,3,3,4,3,4,4,5,4,5,4,5,4,5,1,0,3,4,3,4,4,5,5,6,4,5,2,3,3,4,3,4,3,4,5,6,4,5,4,5,4,5,4,5,4,5,4,5,1,0,1,0,4,5,4,5,3,4,4,5,4,5,4,5,1,0,3,4,4,4,3,4,3,3,4,4,1,0,3,4,4,5,3,4,4,5,2,3,3,2,4,4,3,4,4,4,3,11,1,5,1,1,2,7,4,3,4,3,4,4,4,3,4,3,3,3,4,3,3,3,3,4,3,2,3,3,3,3,4,4,3,2,3,4,4,4,4,4,2,2,2,2,2,2,2,2,2,2,2,2,2,2,1,7,6,7,4,3,3,7,4,3,2,29,4,1,1,1,40,3400,3000,0,305001,영양사 조리법 영양식단 연구법 식단 관리 영양 중요성,식품영양
28562,4,5,4,4,3,5,4,4,3,4,4,5,1,0,5,5,3,3,1,0,3,4,5,7,4,4,5,6,4,5,4,4,5,3,3,4,5,5,4,5,5,5,4,4,5,5,3,3,3,4,4,4,1,0,1,0,1,0,1,0,4,4,1,0,1,0,1,0,1,0,1,0,3,4,1,0,1,0,1,0,1,0,1,0,3,3,4,3,5,4,3,5,5,3,5,4,4,5,4,5,4,16,5,3,1,1,3,3,6,5,5,4,4,5,5,4,4,4,4,4,1,5,5,4,5,4,5,1,5,2,4,4,5,5,4,5,4,5,4,5,4,4,2,1,2,2,2,1,2,2,2,1,2,1,3,3,1,2,1,2,7,6,5,3,4,9,1,60,5,1,1,1,35,8000,7000,0,13203,1급 정교사 재난안전교육 코로나19 대처 방안과 방역 규칙 청렴교육 코로나 방역 발열 체크 이행 관리 학생 감소 학교 감소 것이므,독어교육학
28563,2,1,3,2,2,3,2,2,1,0,2,2,1,0,3,2,2,2,2,3,2,2,2,5,4,3,3,3,2,4,2,3,2,3,1,0,2,3,1,0,2,3,3,3,2,3,1,0,1,0,1,0,4,2,5,4,4,5,4,3,1,0,5,4,3,3,4,3,4,5,4,3,4,4,4,5,3,3,4,4,5,6,4,3,3,4,2,3,3,2,2,3,2,1,4,3,3,3,2,4,3,3,1,2,2,2,0,2,3,3,3,3,3,4,2,3,3,3,4,3,3,4,3,3,2,3,3,3,3,3,3,4,3,4,4,3,4,5,3,3,5,4,2,2,2,2,2,2,2,2,2,3,3,2,2,2,2,3,4,2,3,1,4,9,6,1,1,38,3,1,1,1,40,4200,2700,0,811101,기계 정비 수요 것이므 인력 계속,설비공학
28564,2,3,3,4,1,0,2,3,3,4,3,4,2,3,2,2,2,2,2,3,3,4,3,4,3,4,1,0,3,4,2,3,1,0,1,0,1,0,3,4,3,4,3,4,3,4,2,3,3,4,3,4,3,4,3,4,4,5,3,4,1,0,3,4,3,4,4,5,4,6,4,6,1,0,4,5,4,5,1,0,4,5,1,0,3,4,3,4,2,3,2,3,3,3,3,2,2,3,3,3,3,6,1,2,1,2,0,3,3,3,3,3,3,3,3,3,9,4,4,4,2,3,3,4,4,4,4,2,3,3,4,4,4,4,3,3,4,4,3,4,4,3,2,2,2,2,2,2,2,2,2,1,2,2,2,2,2,8,7,7,3,7,6,7,7,5,1,47,2,1,1,1,40,4200,2400,0,811601,건설기계정비기능사 기술 발달 고장 장내 안정 증가,기계
28565,5,6,4,4,5,6,3,3,3,4,3,4,3,3,4,5,5,7,3,4,5,4,3,3,5,7,2,1,2,1,1,0,1,0,1,0,1,0,1,0,1,0,2,1,2,1,2,1,1,0,1,0,1,0,1,0,1,0,1,0,3,4,1,0,1,0,1,0,1,0,1,0,1,0,1,0,1,0,1,0,1,0,1,0,4,6,2,2,4,3,4,2,4,2,2,4,2,4,3,4,3,13,1,2,2,1,4,6,5,5,4,4,5,4,4,4,3,3,3,3,2,4,4,4,4,3,3,3,2,5,4,5,4,4,5,4,4,4,5,4,4,3,2,1,2,2,2,2,2,2,2,3,1,3,3,3,2,3,2,2,2,2,1,3,2,2,1,42,5,1,1,1,48,8000,2500,0,411201,전문번역이 필요 기계 번역 프로그램 기계 번역 발달 정확도 증가,통번역
28566,4,5,3,4,4,5,4,5,1,0,3,4,1,0,4,5,3,4,1,0,1,0,5,5,2,3,3,4,4,4,3,4,1,0,1,0,5,4,4,5,2,3,3,4,4,4,1,0,3,3,1,0,1,0,1,0,1,0,1,0,3,3,3,4,1,0,1,0,1,0,1,0,1,0,1,0,1,0,1,0,1,0,3,3,2,3,3,3,3,4,3,2,4,4,1,2,3,2,3,3,4,16,5,3,2,2,0,2,5,4,4,4,4,4,4,2,3,4,4,3,2,3,3,4,4,5,4,3,4,2,3,4,4,5,4,5,4,4,4,3,4,4,2,2,2,2,2,2,2,2,2,1,2,3,2,3,2,6,7,4,6,3,4,6,3,4,2,35,4,1,2,2,40,2000,1800,0,212901,학생 수가,영어 영문학
28567,5,6,5,6,4,5,5,5,3,3,5,5,5,4,5,3,5,4,5,5,5,3,5,7,5,6,5,4,5,6,5,7,5,3,5,3,5,6,3,2,5,4,5,3,5,5,3,3,4,3,5,5,5,4,5,6,4,2,5,3,5,6,5,2,5,4,5,5,5,6,5,3,5,4,5,6,5,6,5,6,5,7,5,6,5,6,5,5,5,5,2,2,5,1,1,5,2,5,4,5,5,18,5,2,1,1,2,2,5,5,1,1,1,3,1,1,1,3,4,2,5,2,1,5,5,5,5,4,3,4,1,4,5,5,5,5,5,3,5,4,3,3,2,2,2,2,2,2,2,2,2,1,3,2,2,3,1,9,9,1,1,1,1,1,1,1,1,43,4,1,1,1,45,5000,2800,0,420101,유단자 개인기술 변화,스포츠학
28568,3,3,4,3,2,2,1,0,3,1,3,4,1,0,2,3,4,3,1,0,2,1,3,2,4,2,3,3,1,0,2,2,3,1,1,0,1,0,1,0,4,3,4,2,3,2,1,0,3,1,1,0,1,0,2,2,3,3,4,2,1,0,2,1,3,4,2,2,5,3,4,3,2,3,1,0,5,3,2,1,1,0,1,0,3,2,2,4,3,2,2,2,1,2,4,2,4,2,2,3,4,3,1,4,1,2,0,2,4,3,4,4,2,3,3,3,3,3,4,3,3,2,3,3,2,4,4,3,5,4,3,4,4,4,3,5,5,4,4,3,4,4,2,2,2,2,2,2,2,2,2,1,4,3,3,3,2,7,5,6,3,4,4,7,7,5,1,40,4,1,1,1,40,6000,5800,0,851101,산업기사 화공기사 코로나 산업 분야 변화 석유화학 분야 진출 계기,화학
28569,2,3,2,3,1,0,1,0,3,5,3,4,1,0,1,0,1,0,1,0,1,0,1,0,3,4,1,0,1,0,1,0,1,0,1,0,1,0,1,0,1,0,1,0,1,0,1,0,1,0,1,0,3,5,4,5,3,5,4,5,1,0,4,5,3,4,3,5,4,5,3,6,1,0,1,0,1,0,1,0,2,4,1,0,1,0,1,0,4,3,3,3,3,2,2,3,3,3,2,3,2,4,2,2,1,2,0,7,5,3,4,3,4,4,4,3,3,3,3,3,2,4,4,5,3,2,3,3,4,3,3,4,3,3,3,3,4,4,3,2,4,3,2,2,2,2,2,2,2,2,2,1,3,3,3,3,2,6,7,3,4,4,4,8,4,4,1,28,4,1,1,1,40,4500,4000,0,153104,전기산업기사 전반 경기 연관 때문,전기공학
28570,3,5,3,5,1,0,3,5,3,5,1,0,1,0,1,0,4,5,3,5,3,5,1,0,3,5,5,6,1,0,4,6,1,0,1,0,1,0,1,0,4,6,4,6,4,6,1,0,1,0,3,5,1,0,4,6,1,0,1,0,3,5,1,0,5,7,2,4,1,0,1,0,1,0,1,0,4,5,1,0,2,4,1,0,3,5,2,3,4,4,3,3,4,2,4,3,2,3,2,2,3,8,2,5,1,2,0,7,5,3,3,3,4,4,4,4,4,4,4,4,2,4,3,4,3,2,3,4,4,3,4,4,3,3,3,3,4,5,3,2,4,4,2,2,2,2,2,2,2,2,2,2,2,2,2,3,1,6,7,8,4,3,3,4,3,7,1,30,4,1,1,1,40,4000,3600,0,621403,관제자격증명시험 인구 감소 자동화 발달,철도학
28571,3,4,4,4,3,3,1,0,3,4,3,4,3,4,4,4,3,4,2,3,3,5,4,5,3,4,1,0,1,0,2,2,1,0,1,0,4,6,2,2,3,5,2,2,2,3,3,4,3,4,2,3,1,0,3,4,2,3,3,4,3,4,2,1,3,4,3,4,4,4,3,4,3,3,3,5,1,0,3,3,2,2,2,2,3,3,3,3,4,2,3,3,4,4,3,4,3,4,4,3,3,13,1,3,1,1,6,6,5,4,3,3,3,4,3,3,9,9,9,4,1,4,4,3,3,3,3,2,4,3,3,4,4,4,4,4,3,3,2,3,4,3,2,1,2,2,2,2,2,2,2,3,3,2,2,2,1,9,5,5,1,1,5,7,5,3,1,38,4,1,1,1,40,5000,2600,0,134303,CISA 시뮬레이션 훈련 시뮬레이션 프로그램 도입 업계 포화상태,컴퓨터공학
28572,2,2,2,2,1,0,1,0,1,0,1,0,1,0,1,0,3,3,3,3,3,3,2,1,3,3,3,3,3,3,2,2,3,1,2,2,3,3,3,3,3,2,2,2,3,3,3,3,3,3,2,2,3,4,3,3,3,3,4,3,2,2,3,3,4,4,4,4,2,3,3,3,3,3,2,2,2,3,3,4,3,4,1,0,1,0,1,0,4,3,3,4,4,4,4,4,4,3,3,2,3,3,1,2,1,1,3,5,3,4,4,4,4,4,2,3,3,4,4,4,3,3,3,2,3,4,4,3,4,2,4,2,4,3,4,4,4,3,3,2,2,4,2,2,2,2,2,2,2,2,2,4,3,2,2,2,1,8,8,3,3,3,5,5,5,5,1,32,3,1,1,1,45,3300,2500,0,823301,품질관리기사 품질 관리 실무 상황 유지,금속공학
28573,3,4,1,0,1,0,3,4,1,0,3,5,1,0,1,0,1,0,1,0,1,0,2,3,2,3,1,0,1,0,2,4,1,0,2,4,1,0,1,0,2,5,2,4,1,0,2,4,2,4,2,3,1,0,4,5,1,0,2,4,1,0,2,4,1,0,2,4,2,4,1,0,2,4,1,0,1,0,2,4,2,2,1,0,1,0,1,0,3,4,3,3,4,4,4,4,3,3,4,4,3,13,1,5,1,2,0,2,5,3,4,3,3,4,4,3,4,5,4,4,4,3,4,4,3,3,4,4,3,4,4,4,3,4,4,3,3,4,4,4,3,4,2,2,2,2,2,2,2,2,2,3,2,2,2,2,1,7,6,7,8,7,7,7,7,6,1,47,4,1,1,1,50,4700,2300,0,151108,침투비파괴검사 조선기사자격증 저출산 인구 감소,지역개발학
28574,3,4,2,3,3,3,3,4,2,3,3,3,3,3,2,3,3,5,2,3,2,3,2,3,3,3,4,5,4,5,4,5,2,3,4,5,2,2,5,6,4,5,3,4,4,5,1,0,4,5,4,6,2,2,1,0,1,0,2,2,1,0,1,0,3,4,3,3,3,4,3,4,3,4,2,3,2,3,4,5,2,3,2,3,4,5,4,5,2,4,2,3,3,2,4,2,3,3,2,4,4,15,2,5,2,1,1,7,3,3,3,3,4,2,4,3,4,4,3,3,2,3,4,2,3,4,3,3,3,3,3,2,3,4,4,4,4,3,4,4,3,3,2,2,2,2,2,2,2,2,2,3,2,2,2,2,1,7,3,3,2,3,3,3,2,3,2,26,3,1,1,1,42,3200,3000,0,522202,고객응대 노선 안내 자동화 승무원 필요성 감소,관광학
28575,2,2,2,2,2,3,2,2,1,0,2,2,1,0,3,3,2,3,2,3,1,0,3,3,3,3,1,0,2,3,2,3,1,0,1,0,2,1,3,3,2,2,1,0,2,3,1,0,1,0,1,0,2,2,2,1,2,3,3,3,1,0,1,0,2,4,3,3,2,1,2,3,1,0,3,4,2,3,2,3,2,1,2,2,3,3,2,3,3,2,3,3,3,2,3,3,3,2,2,3,3,3,1,6,2,1,3,2,2,3,4,3,4,4,3,4,9,3,3,3,3,4,2,3,2,4,1,3,5,3,3,4,3,1,2,3,4,3,2,1,3,4,2,2,2,2,2,2,2,2,2,2,2,3,3,3,2,9,8,8,4,3,5,7,4,2,1,48,2,1,1,1,40,4200,3000,0,826201,점토생산기계 조작훈련 자동화 대형화,문과
28576,4,5,3,4,4,4,3,5,4,5,3,5,4,5,4,4,4,4,4,4,4,5,4,4,4,5,4,5,4,5,4,4,4,5,4,4,4,5,4,4,4,4,4,4,4,5,3,5,4,5,3,5,3,6,4,5,3,5,3,4,4,5,3,4,3,4,4,5,3,4,3,4,3,5,4,5,4,4,4,5,3,4,3,4,4,4,3,4,4,4,4,3,3,3,3,4,4,3,3,4,4,3,1,2,2,2,0,6,5,3,3,3,4,3,3,4,5,5,4,4,4,3,3,4,4,3,4,3,3,3,4,4,3,3,4,4,3,4,4,4,3,5,2,2,2,2,2,2,2,2,2,2,2,2,2,2,1,7,6,7,6,6,6,6,5,6,1,33,4,1,1,1,40,3000,2000,0,154104,기술 개발,화학
28577,4,6,5,6,4,6,5,6,4,6,5,6,4,6,3,6,5,7,4,6,4,5,4,6,4,6,4,6,5,6,4,5,4,5,4,6,5,6,4,5,4,5,5,6,5,6,4,5,1,0,4,5,2,3,1,0,1,0,1,0,4,6,4,5,3,4,1,0,1,0,1,0,3,4,1,0,1,0,2,3,1,0,2,2,3,5,1,0,5,4,3,4,4,5,4,2,3,4,3,4,3,7,1,2,1,1,2,2,4,5,5,4,3,4,3,4,4,3,4,4,2,4,3,4,4,4,3,3,4,2,3,3,3,4,3,4,4,4,3,4,5,3,2,2,2,2,2,2,2,2,2,2,3,2,2,2,1,8,3,8,8,3,4,3,7,4,1,49,4,1,1,1,45,4200,3200,0,28101,국제무역사2급자격증 외환관리사 업무 처리 교육,대학교 경영학
28578,3,3,3,3,2,3,3,4,1,0,2,2,1,0,3,3,3,2,1,0,1,0,1,0,3,3,1,0,1,0,1,0,1,0,1,0,2,3,1,0,3,3,1,0,4,5,2,2,1,0,1,0,3,4,4,4,4,3,1,0,1,0,1,0,3,3,4,4,3,3,4,3,1,0,4,4,4,2,4,3,5,3,3,3,3,3,2,3,2,1,2,3,2,1,2,4,2,2,3,1,1,4,2,3,1,1,3,3,5,3,2,4,3,3,2,3,2,4,4,3,3,2,2,3,5,4,3,2,2,4,4,4,3,4,2,4,3,3,4,2,4,3,2,2,2,2,2,2,2,2,2,1,4,3,3,3,2,6,7,4,3,3,5,4,6,3,1,31,4,1,1,1,40,2500,2500,0,158402,위험물기능사 안전훈련 위험 물의 대형 사고,기계공학
28579,3,3,2,3,1,0,3,4,1,0,1,0,2,3,1,0,2,3,1,0,1,0,1,0,1,0,1,0,2,3,3,4,3,4,1,0,3,4,2,3,3,4,1,0,3,4,1,0,1,0,1,0,1,0,1,0,1,0,1,0,1,0,1,0,2,3,2,4,1,0,1,0,1,0,1,0,1,0,2,3,3,4,1,0,2,3,2,3,3,3,4,3,4,3,3,3,3,2,4,2,3,18,1,2,2,2,0,7,2,3,3,2,3,3,4,3,3,4,3,3,3,3,3,4,3,2,3,3,3,4,4,3,3,2,3,4,3,3,4,3,3,3,2,2,2,2,2,2,2,2,2,2,2,2,2,2,1,6,5,6,4,6,3,6,3,4,2,36,4,2,5,1,48,0,0,2710,306904,예술 치료 경쟁,사회복지학
28580,2,3,2,2,2,2,2,3,1,0,2,2,1,0,2,3,3,3,2,2,1,0,2,3,2,2,4,3,3,3,2,3,2,3,2,2,3,3,2,3,2,1,3,3,4,3,1,0,2,2,2,2,3,2,1,0,3,3,4,4,1,0,3,4,3,3,4,4,3,4,3,4,2,1,4,5,4,5,4,5,5,6,4,4,3,3,1,0,3,2,1,2,2,1,4,2,1,1,3,3,3,3,1,2,2,2,0,7,1,2,1,1,3,3,2,2,3,3,3,3,3,2,2,4,3,4,3,3,2,4,3,5,2,3,3,2,4,4,2,3,4,3,2,2,2,2,2,2,2,2,2,2,2,3,3,3,2,8,9,7,6,4,7,6,5,2,1,55,2,1,1,1,48,3800,2600,0,826301,생산 정의 자동화 인력 감소 예상,공고
28581,2,3,2,2,2,2,3,3,2,2,2,3,2,3,2,2,3,3,3,3,2,2,2,3,2,3,2,2,3,3,2,2,2,3,2,2,2,3,3,3,2,3,3,3,2,2,2,3,2,2,2,2,3,4,2,3,3,3,2,2,2,3,2,2,3,4,2,2,3,3,2,3,2,2,2,3,2,3,3,3,2,3,2,2,2,3,2,2,2,3,2,2,2,3,2,2,2,3,2,2,3,1,1,2,1,2,0,1,3,4,4,3,4,4,4,3,3,3,4,3,3,4,3,2,3,4,4,3,3,3,4,4,4,3,3,4,4,3,4,4,5,4,2,2,2,2,2,2,2,2,2,2,2,3,3,3,2,4,5,6,3,4,5,2,6,5,1,38,4,1,1,1,40,3400,2800,0,902201,가축인공수정사 육체 직종 청년 관심,농업학
28582,4,5,3,4,2,2,4,5,4,5,3,4,2,2,2,2,4,4,2,2,2,2,3,4,4,5,3,4,4,5,4,4,3,3,3,4,3,3,4,5,4,5,4,5,3,4,2,2,2,2,2,2,2,1,2,1,2,1,2,1,2,2,2,1,2,1,2,1,2,1,2,1,2,2,2,1,2,1,2,1,2,1,2,3,2,2,2,2,4,3,3,4,4,3,3,4,3,4,4,3,3,11,1,5,2,2,0,7,5,4,4,3,4,3,3,4,3,3,4,4,3,4,4,3,3,3,4,4,3,4,3,4,3,3,3,3,3,4,3,4,4,4,2,2,2,2,2,2,2,2,2,2,3,3,3,3,1,5,5,5,4,4,5,5,4,6,1,53,4,1,1,1,50,10000,5000,0,31401,변화,체육
28583,2,3,3,3,3,3,3,4,3,4,3,4,4,4,3,4,4,5,4,5,4,5,4,5,4,5,4,5,4,4,3,3,3,5,4,5,3,4,4,4,3,4,3,4,4,5,2,4,3,4,4,5,4,5,4,6,4,5,4,5,4,5,3,4,4,5,3,4,4,5,3,4,3,5,3,5,3,4,3,4,2,3,2,3,3,5,3,4,3,4,2,4,4,3,3,4,2,4,4,3,4,6,1,4,1,2,0,7,5,4,3,3,4,5,3,4,3,3,2,3,4,3,3,2,3,4,3,3,3,3,3,4,3,2,3,4,3,3,3,2,3,3,2,2,2,2,2,2,2,2,2,2,4,3,3,3,1,8,7,4,3,5,5,7,3,4,1,43,4,1,1,1,42,6300,3200,0,140502,교통기술사 도로 개발 혼잡 구역 대한 연구 계속 필요,도로공학
28584,4,4,4,4,3,3,2,3,2,4,4,4,2,3,3,4,2,3,3,4,4,4,4,4,4,4,3,4,1,0,2,3,2,3,2,3,4,4,2,3,4,4,4,4,3,4,1,0,3,4,3,4,4,4,4,4,4,5,5,4,3,4,3,4,5,4,5,4,5,4,5,4,3,4,4,4,4,4,1,0,3,4,2,3,3,4,2,3,4,4,4,3,4,4,4,4,4,5,4,5,4,10,1,2,1,2,0,5,4,4,3,3,4,4,4,3,4,3,4,4,4,3,3,4,3,3,2,2,3,4,4,4,3,4,3,2,3,3,3,3,4,4,2,2,2,2,2,2,2,2,2,2,3,3,3,3,1,3,3,4,6,4,5,6,5,4,1,30,4,1,1,1,50,3000,2700,0,131101,정보통신산업기사 컴퓨터 제조업체 아웃소싱 증가,정보통신
28585,2,3,4,5,2,3,3,4,3,4,4,5,4,5,4,5,4,4,4,4,4,5,3,4,3,4,4,6,4,5,4,6,4,5,3,4,4,4,5,5,4,5,4,5,4,5,5,6,4,6,3,5,1,0,1,0,1,0,1,0,3,4,3,4,1,0,3,4,3,4,3,3,3,4,1,0,1,0,3,4,3,4,3,4,3,5,3,3,4,3,3,3,2,2,4,2,3,3,2,2,4,7,1,1,2,2,0,3,2,2,3,3,4,3,4,3,9,9,4,4,2,4,3,4,3,4,4,3,4,2,5,5,4,2,3,4,4,5,4,4,5,5,2,2,2,2,2,2,2,2,2,1,4,1,1,1,2,7,8,5,4,7,5,7,4,4,2,32,2,2,5,1,40,0,0,4200,615401,장점 증가,전자
28586,2,2,3,3,1,0,2,2,3,4,2,3,2,2,2,3,2,2,1,0,2,2,2,2,2,2,3,4,2,2,2,3,2,2,2,3,3,4,3,3,2,2,3,4,3,3,3,4,3,4,3,3,1,0,2,2,2,2,2,2,1,0,2,3,1,0,2,2,3,3,3,3,2,3,3,4,2,3,2,3,2,2,2,2,4,4,2,2,4,2,4,3,2,3,3,4,3,3,3,2,4,3,1,1,2,1,1,2,1,2,2,2,4,4,2,4,9,9,3,4,2,4,4,4,4,3,4,3,5,4,3,3,3,2,3,4,4,5,3,2,4,5,2,2,2,2,2,2,2,2,2,3,1,2,2,2,1,5,6,6,4,4,3,6,3,4,1,63,1,2,5,1,48,0,0,6800,862301,여러 재봉기를 조작하는 방법 기계로,0
28587,3,5,4,5,3,3,4,5,3,3,3,3,2,2,3,3,5,5,3,4,4,5,2,4,4,4,1,0,4,5,3,3,4,5,4,4,2,2,5,5,2,2,2,2,3,4,1,0,3,4,1,0,1,0,1,0,1,0,1,0,3,3,2,2,2,2,1,0,1,0,1,0,1,0,1,0,3,3,3,3,2,2,2,3,4,4,4,4,2,4,3,3,4,4,2,2,2,4,2,3,3,19,1,2,2,2,0,2,2,3,2,1,2,3,2,3,1,2,3,3,3,3,3,4,3,5,4,4,3,2,2,4,3,4,4,5,4,5,5,4,3,4,2,2,2,2,2,2,2,2,2,2,3,2,2,2,2,4,4,4,5,4,5,4,4,5,2,26,4,1,1,1,40,2400,2200,0,29101,임금 편이 변화,경영학
28588,2,3,2,3,2,3,2,3,2,3,3,4,2,3,2,3,2,3,2,3,2,2,2,3,2,3,3,3,2,3,2,3,2,3,3,4,2,3,2,3,2,3,2,3,2,3,2,3,3,3,3,3,2,3,2,3,2,3,2,3,2,3,2,3,2,2,2,3,2,3,2,3,3,4,2,3,2,2,2,3,2,3,2,3,2,3,2,3,4,3,4,4,3,4,3,2,3,4,3,3,4,3,1,5,1,2,0,2,5,4,4,3,4,4,3,4,4,4,5,4,2,4,3,4,4,3,4,4,3,3,4,3,4,4,4,3,3,4,4,3,4,3,2,2,2,2,2,2,2,2,2,3,2,3,2,3,2,3,7,4,6,5,4,3,7,5,2,33,4,1,1,1,40,2900,2300,0,156201,화학산업기사 경기 침체,섬유공학
28589,4,6,4,4,1,0,1,0,3,4,4,5,3,4,3,4,5,6,4,5,3,4,4,4,3,3,3,4,3,4,1,0,1,0,1,0,3,3,2,2,3,4,1,0,1,0,1,0,3,3,1,0,2,3,2,3,3,3,3,6,2,2,3,3,4,6,3,3,4,6,5,7,4,5,3,4,3,5,3,4,4,5,4,5,5,6,5,6,4,3,4,3,3,2,3,5,2,3,3,4,4,19,1,2,1,1,4,5,4,3,4,3,2,3,2,3,4,4,4,4,2,3,3,4,5,3,4,3,4,4,3,4,5,4,2,4,4,3,3,3,4,3,2,2,2,2,2,2,2,2,2,1,5,2,2,2,2,6,3,4,2,1,4,3,6,2,1,33,3,1,1,1,40,2400,2000,0,812101,항공정비사 실무 경력 항공기 수요 증가 편승 항공기 장비 정비 수선 증가,항공정비
28590,3,4,4,5,5,6,5,6,1,0,1,0,1,0,1,0,4,5,1,0,1,0,1,0,5,6,1,0,4,5,3,3,3,4,1,0,1,0,4,5,4,4,4,4,3,3,1,0,1,0,1,0,1,0,1,0,1,0,1,0,2,2,1,0,1,0,1,0,1,0,1,0,1,0,4,5,3,3,1,0,1,0,1,0,4,4,2,3,4,4,5,4,4,4,4,4,4,4,5,5,5,17,1,2,1,2,0,6,6,4,5,4,4,4,4,4,9,9,9,4,2,4,5,4,5,2,3,4,3,4,4,4,4,5,5,5,4,5,4,3,5,1,2,2,2,2,2,2,2,2,2,1,2,2,2,2,1,8,4,7,4,7,5,7,3,7,2,36,4,1,1,1,48,12000,10000,0,301108,소아과의사자격증 출생 감소,의대 소아
28591,3,4,4,5,2,3,3,5,1,0,2,4,1,0,1,0,2,3,1,0,3,4,2,4,3,4,3,3,3,4,2,2,2,3,1,0,2,3,2,3,3,4,2,4,2,4,1,0,1,0,1,0,2,3,1,0,2,3,1,0,1,0,1,0,1,0,1,0,2,2,2,2,2,3,2,3,1,0,3,4,3,4,2,3,3,4,3,3,4,5,2,4,5,4,4,2,2,4,4,4,4,17,1,3,1,2,0,3,5,4,4,4,4,4,3,4,4,3,4,4,2,4,3,4,3,3,3,2,3,4,4,4,3,3,4,4,3,3,3,2,4,3,2,2,1,2,2,2,2,2,2,1,2,2,2,3,2,2,3,3,2,3,3,5,4,5,2,44,4,1,1,1,45,10000,8000,0,301104,의사 최신영 장비 도입 부부 거부,의학
28592,3,4,3,4,3,3,3,3,3,3,3,3,2,2,2,3,3,4,3,3,2,3,2,3,3,3,3,3,3,3,2,3,2,2,2,2,4,5,4,4,4,4,4,4,3,4,4,4,4,4,3,4,4,5,4,5,3,4,3,4,4,4,3,4,4,5,3,4,3,4,3,3,4,4,3,3,3,4,4,4,3,3,1,0,1,0,1,0,4,3,3,4,3,3,4,4,3,3,4,3,3,3,1,5,1,1,4,4,4,3,2,2,4,3,4,3,3,2,3,3,2,3,4,2,3,3,2,3,3,3,3,2,3,4,4,4,4,4,4,1,2,3,2,2,2,2,2,2,2,2,2,2,3,3,3,3,2,6,4,7,5,6,6,2,3,5,1,33,3,1,1,1,45,4500,3000,0,821101,금속제련기술사 제강공정숙지 업무,금속공학
28593,3,5,3,5,4,5,3,4,3,4,4,5,1,0,3,3,2,3,2,4,3,3,3,3,2,3,3,3,3,5,3,3,2,3,1,0,1,0,3,4,2,4,3,3,3,4,1,0,1,0,1,0,3,4,1,0,3,3,1,0,3,4,1,0,2,4,3,3,3,4,4,3,3,4,3,3,2,3,1,0,3,3,1,0,4,5,2,3,5,4,3,4,5,3,4,3,3,4,5,4,3,17,3,5,1,1,6,6,5,4,4,4,3,4,4,4,4,5,4,4,4,4,4,4,4,4,4,3,4,4,4,4,4,4,3,3,4,4,4,3,4,2,2,2,2,2,2,2,2,2,2,2,4,3,3,3,2,3,4,5,6,6,6,4,5,6,2,43,6,1,1,1,40,9200,8000,0,301109,의사 면허 방사선사 인턴 레지던트 과정 고령화 사회 건강 중심 사회,의학
28594,5,7,5,7,3,4,5,7,1,0,3,5,5,7,5,7,5,7,5,7,5,7,1,0,5,7,5,7,3,4,3,4,3,4,3,4,3,4,2,2,3,4,4,5,4,5,1,0,1,0,1,0,1,0,1,0,1,0,1,0,1,0,1,0,1,0,1,0,1,0,1,0,1,0,3,4,3,4,3,4,4,6,4,6,4,6,4,6,4,3,3,3,3,1,3,4,4,3,3,3,4,18,4,1,2,2,0,7,4,3,3,3,3,4,4,3,9,9,9,3,2,4,4,3,4,5,4,4,4,4,2,4,4,3,3,3,4,4,4,3,4,5,2,2,2,2,2,2,2,2,2,1,3,2,2,2,2,9,6,7,3,4,7,7,8,6,1,32,5,1,4,2,52,2200,1000,0,416203,상황 계속 유지,뮤지컬
28595,4,4,3,4,4,4,4,5,2,1,3,3,1,0,3,3,3,3,1,0,1,0,4,5,3,2,3,4,3,4,4,4,3,3,3,3,4,3,3,3,3,2,3,2,3,3,4,4,3,3,3,3,3,2,1,0,3,4,1,0,4,4,1,0,1,0,1,0,1,0,1,0,3,4,1,0,1,0,1,0,1,0,1,0,1,0,1,0,4,3,4,4,4,3,3,2,4,3,4,4,5,16,5,2,1,1,3,6,5,4,4,4,4,4,4,4,4,4,4,4,2,4,5,4,3,4,4,3,4,4,4,4,4,3,4,4,4,3,4,4,4,1,2,2,2,2,2,2,2,2,2,1,2,1,2,3,1,3,3,3,4,3,4,5,5,5,2,52,4,1,1,1,40,6900,6800,0,13203,중등학교1급정교사 직무연수 학교 수의 감소,국어교육
28596,4,4,4,5,3,4,4,5,3,4,4,5,4,5,3,4,4,5,4,5,4,4,4,4,4,5,3,4,4,5,4,5,3,4,4,5,3,4,4,5,3,4,4,5,3,4,4,5,4,5,3,4,4,5,4,5,4,4,4,5,4,6,4,4,4,4,4,5,3,4,4,4,4,5,4,4,3,4,4,5,3,4,4,4,3,4,4,5,4,3,3,4,4,3,4,4,4,4,3,4,4,13,2,3,2,2,0,2,5,4,3,4,4,5,4,4,5,5,4,5,2,4,4,4,3,4,4,4,3,4,4,4,3,3,4,4,3,4,4,3,4,4,2,2,2,2,2,2,2,2,2,1,4,3,3,3,2,5,7,6,4,5,5,7,4,5,1,45,5,1,1,1,40,5500,4000,0,155102,태양 태양 모듈 수요 증가,에너지자원공학
28597,4,5,3,4,3,4,3,4,2,2,2,3,3,4,2,2,1,0,3,4,3,4,2,2,4,6,2,2,2,2,2,2,2,2,3,4,2,2,3,4,3,4,4,6,3,4,3,4,3,4,2,2,2,2,3,4,3,4,2,2,3,4,2,2,2,2,3,4,3,4,3,4,3,4,4,6,4,6,4,5,3,4,3,4,3,5,3,4,5,4,2,3,2,2,4,3,2,3,2,4,3,19,1,1,2,2,0,1,2,4,3,3,4,4,2,3,9,9,3,3,4,3,3,4,4,4,2,1,4,2,4,4,4,2,2,2,4,5,4,3,4,3,2,1,1,2,2,2,1,2,2,2,1,2,2,3,2,3,7,3,7,4,7,3,7,4,1,63,2,1,1,1,48,3200,2000,0,882101,장비 도입 완제 소비자 선호,공고
28598,4,5,4,4,4,5,4,5,4,4,4,5,4,5,3,4,3,4,4,5,5,6,2,2,3,4,3,4,5,6,5,6,4,5,5,5,4,4,3,4,4,5,5,6,5,7,3,4,4,5,4,5,1,0,1,0,1,0,1,0,1,0,2,2,1,0,1,0,1,0,1,0,4,5,4,5,4,5,4,5,3,4,4,5,4,5,4,5,4,3,4,4,4,4,4,4,4,3,3,4,4,19,1,2,1,2,0,5,5,4,4,4,4,4,4,4,4,4,4,4,2,2,4,2,2,3,3,4,4,3,3,4,4,4,4,4,3,3,3,4,4,4,2,2,2,2,2,2,2,2,2,2,3,2,2,2,1,7,6,5,5,6,6,6,5,5,1,35,4,1,1,1,40,3000,2500,0,22201,공인노무사 노동 가치 중요시,경제학
28599,2,2,2,2,2,2,3,4,2,3,1,0,1,0,3,4,2,3,2,3,1,0,2,2,2,2,2,3,3,3,3,3,2,1,2,2,3,3,3,4,3,4,3,3,2,3,2,2,3,3,3,4,1,0,1,0,1,0,1,0,1,0,2,2,3,3,2,2,2,1,2,2,2,3,1,0,1,0,1,0,2,3,2,2,2,2,2,1,3,2,4,2,2,3,3,4,3,2,3,2,4,4,1,6,2,2,0,7,2,2,2,2,4,3,2,3,9,9,4,4,3,4,3,2,3,4,3,2,3,2,4,3,2,2,2,3,3,2,3,2,3,3,2,2,2,2,2,2,2,2,2,3,2,1,3,3,1,6,7,5,6,4,5,4,4,6,1,49,2,1,1,1,55,2900,1800,0,615701,셀프 주유소 확대,기계
28600,2,4,3,2,2,1,2,3,1,0,1,0,2,2,3,2,3,3,3,2,2,3,2,1,2,2,1,0,2,2,3,2,2,1,1,0,3,4,3,2,2,2,3,3,2,2,3,3,3,2,1,0,2,2,1,0,4,4,3,3,1,0,2,2,3,3,3,3,3,2,3,3,1,0,4,5,4,4,4,4,5,6,4,4,4,4,2,3,4,2,3,2,2,1,2,3,1,2,2,3,3,3,4,1,2,2,0,7,1,3,3,2,4,3,3,3,9,9,9,3,3,3,3,3,2,1,2,3,3,4,3,4,2,3,3,3,4,4,3,3,5,3,2,2,2,2,2,2,2,2,2,2,4,2,2,2,2,6,5,5,4,4,5,5,5,6,2,62,2,2,6,1,50,0,0,2000,871201,웰빙 비량,상고
28601,4,4,3,4,4,3,3,4,4,3,3,4,4,3,3,3,4,3,3,4,4,4,4,4,3,3,2,3,4,2,3,3,3,4,4,3,4,3,3,4,3,3,3,2,2,3,3,3,4,5,3,2,3,3,3,3,2,2,3,3,4,3,4,3,3,2,4,3,3,3,3,3,3,4,4,3,3,3,4,3,3,4,4,5,4,4,4,5,3,3,2,3,2,1,3,4,1,4,2,3,2,3,1,3,2,1,1,1,1,2,2,2,3,4,3,4,4,4,4,4,2,3,3,4,4,4,5,1,3,4,1,4,4,4,2,3,4,5,4,4,5,4,2,2,2,2,2,2,2,2,2,1,3,3,2,2,1,5,1,9,3,3,3,3,7,4,1,30,2,1,1,1,45,2900,2300,0,16301,안전교육 기계 대체 불가능,토목
28602,4,4,5,6,4,4,4,4,5,6,4,4,4,4,5,6,5,6,4,4,4,5,4,5,4,5,5,6,3,6,4,5,5,6,4,4,5,6,4,4,4,5,4,5,5,6,4,4,4,5,5,6,4,4,4,5,5,6,4,5,4,5,5,6,4,4,4,4,4,5,5,6,4,5,5,6,4,5,4,4,4,5,5,3,4,4,4,4,4,3,4,4,3,2,3,4,3,4,3,4,3,3,1,3,1,1,4,6,5,3,4,3,4,3,3,4,3,5,5,4,4,3,2,4,3,4,3,3,2,2,3,2,3,2,3,4,3,3,2,3,3,3,2,2,2,2,1,2,2,2,2,2,3,2,3,3,2,7,6,7,8,9,8,7,6,7,1,41,4,1,1,1,40,4100,2100,0,135001,정보보안산업기사 프로그램 개발 훈련 기술 도입 조직개편 상태 유지,컴퓨터보안학
28603,2,3,3,4,2,3,3,4,3,3,3,3,3,3,3,3,3,4,1,0,1,0,2,4,5,6,4,4,1,0,3,3,1,0,1,0,4,4,4,4,2,4,1,0,3,3,3,4,4,4,4,4,3,3,4,5,5,4,3,3,3,3,3,3,2,4,4,5,4,5,4,6,1,0,5,7,4,3,1,0,2,4,3,3,5,6,2,3,3,4,3,3,2,4,2,4,3,3,4,3,4,7,4,1,1,2,0,7,1,2,2,1,4,4,3,3,9,9,3,3,2,3,3,3,4,3,4,5,4,3,4,3,4,4,4,4,5,5,4,3,5,4,2,2,2,2,2,2,2,2,2,3,2,2,2,2,2,7,8,7,7,4,7,4,2,4,1,56,2,2,6,1,50,0,0,3500,884201,귀금속기공기능사 근무 환경 기피,공고
28604,1,0,2,2,2,2,3,3,1,0,1,0,1,0,3,4,3,2,3,2,1,0,1,0,2,1,3,2,3,3,2,2,3,2,3,2,1,0,3,2,2,2,1,0,3,3,1,0,3,3,3,3,2,2,1,0,2,1,1,0,1,0,1,0,3,2,3,2,4,4,4,4,3,2,2,2,1,0,2,2,2,2,1,0,5,5,2,2,1,3,2,1,2,2,2,2,2,1,1,1,1,4,1,2,1,1,3,1,5,3,3,3,2,4,4,3,1,3,3,3,4,2,2,4,3,2,3,3,2,4,3,3,3,3,2,2,3,3,3,3,2,3,2,2,2,2,1,2,2,2,2,1,2,3,1,3,2,5,5,5,5,7,7,5,5,5,1,52,4,1,1,1,40,5600,3500,0,16201,전기안전 기술사 전기기사 안전을 요구되는 전기 공사 업무이기 때문 기술 도입 작업 조직 개편 태양광 신생 에너지 확충 감소,전기전자
28605,2,2,3,4,1,0,3,4,1,0,2,2,2,2,1,0,2,3,1,0,2,2,2,3,3,4,1,0,3,4,3,3,2,2,1,0,3,3,3,4,2,2,3,4,3,3,1,0,2,2,1,0,2,2,1,0,1,0,1,0,1,0,3,4,1,0,1,0,1,0,1,0,1,0,2,2,3,3,2,2,2,3,4,5,3,3,3,3,3,4,2,3,4,2,3,3,2,3,3,2,2,17,1,2,1,2,0,4,2,3,3,4,5,4,3,3,3,4,4,3,2,4,3,3,3,2,4,3,2,4,4,3,2,3,2,3,4,2,3,3,4,5,2,2,2,2,2,2,2,2,2,1,4,1,2,3,1,6,5,7,6,4,4,3,5,6,2,57,3,1,1,1,54,2400,2300,0,550101,요양보호사 시국 유지,전자공학
28606,4,4,4,4,4,5,3,4,4,4,4,5,4,4,4,4,4,5,4,4,4,4,3,4,3,4,3,4,3,4,4,5,3,5,4,4,3,4,4,5,3,5,4,4,4,4,3,5,3,3,3,5,4,4,4,4,4,5,3,4,4,4,3,4,4,5,3,5,3,4,4,4,3,5,3,5,3,5,3,4,4,4,2,4,3,5,3,5,4,3,4,3,4,3,4,3,3,4,4,4,3,3,1,2,2,2,0,2,4,4,3,4,4,3,4,4,4,3,4,5,3,3,4,3,4,3,4,3,4,4,4,3,4,4,3,4,3,2,2,2,3,2,2,2,2,2,2,2,2,2,2,1,3,2,2,2,2,6,5,4,4,5,6,6,6,6,1,30,2,1,1,1,40,2600,2200,0,882301,공란,기계
28607,4,4,4,5,4,6,4,4,4,5,4,6,4,3,3,3,4,4,3,5,3,4,3,4,4,3,4,4,4,4,4,5,4,4,4,3,3,3,4,5,4,4,4,5,3,3,2,3,1,0,2,3,1,0,1,0,1,0,1,0,3,5,2,2,1,0,1,0,1,0,1,0,3,4,2,1,1,0,3,3,1,0,3,2,3,4,3,3,5,4,4,4,4,4,3,3,2,4,3,4,4,13,1,2,1,1,3,3,5,4,4,3,4,4,3,3,3,4,3,3,2,3,3,3,3,3,2,4,3,3,3,4,3,4,4,4,5,4,4,3,4,3,2,2,2,2,2,2,2,2,2,1,4,2,2,2,1,5,6,6,5,6,5,5,6,5,1,29,4,1,1,1,40,4000,3900,0,22201,공인노무사 노동관계법 프로그램 각종 절차 파악 노사 갈등 심화,회계학
28608,3,4,2,3,2,2,3,3,3,3,1,0,2,3,3,3,2,2,1,0,1,0,1,0,4,4,4,4,3,3,1,0,1,0,1,0,1,0,2,2,3,3,2,2,2,2,1,0,1,0,1,0,1,0,1,0,1,0,1,0,2,2,2,2,1,0,2,3,2,3,2,2,1,0,2,2,2,3,3,3,2,2,2,2,3,3,3,4,3,4,2,3,2,3,1,2,3,3,2,3,2,9,1,1,1,2,0,2,2,3,2,1,4,3,2,3,2,2,3,3,2,4,4,2,3,3,4,3,2,3,4,4,4,3,2,3,4,3,3,4,4,4,2,2,2,2,2,2,2,2,2,1,4,1,2,3,1,6,7,6,5,6,7,8,6,7,1,28,3,1,1,1,40,2500,1800,0,531701,바리스타 여가 생활,경영학
28609,2,3,2,3,1,0,2,3,1,0,2,3,1,0,3,4,2,2,3,4,1,0,2,3,4,5,2,3,4,5,4,5,2,3,2,3,3,4,5,7,4,6,2,3,3,4,1,0,3,4,3,4,2,3,3,4,4,5,3,4,2,3,2,3,3,4,3,4,2,3,2,3,1,0,3,4,4,6,3,4,2,3,2,3,2,3,2,3,2,4,4,2,3,2,2,2,2,2,2,2,2,14,1,2,1,2,0,5,3,2,1,1,3,2,2,2,3,3,4,3,2,3,3,4,2,3,4,4,2,5,4,4,3,4,2,4,5,5,3,4,4,5,2,2,2,2,2,2,2,2,2,2,2,3,3,3,2,7,8,7,4,3,7,2,3,3,1,53,2,1,1,1,48,2800,2000,0,14301,경비지도사 위험물 안전관리사 무인 경비 시스템 감소,상고
28610,3,4,4,5,3,5,3,5,4,6,4,5,4,5,4,5,4,6,4,5,4,6,4,6,4,6,4,6,4,5,4,5,4,5,4,5,4,5,5,6,5,6,5,6,4,6,4,6,4,6,4,5,5,6,5,6,5,6,5,6,3,4,5,6,5,6,4,6,5,7,5,7,4,6,5,6,5,6,5,6,5,6,5,6,4,6,5,6,4,4,2,4,4,2,4,4,3,3,4,4,4,8,2,3,1,1,3,3,4,5,4,4,4,4,4,4,2,3,4,3,2,5,5,5,4,5,4,4,5,3,4,4,4,5,4,5,5,4,5,3,4,4,2,2,2,2,2,2,2,2,2,1,3,3,3,3,1,8,8,7,3,2,2,3,3,7,1,30,4,1,1,1,40,2800,2400,0,621901,철도교통안전관리자 1년 365일 운행되는 철도의 안전을 위한 정비교육은 필수적 시작 부분 채용 운행 정비 부분 안전 운행 위해 일자리,전기전자
28611,5,4,5,4,4,4,5,4,5,4,5,4,4,4,4,4,4,4,3,4,4,4,5,4,5,4,1,0,5,4,4,4,4,5,4,5,4,5,4,5,4,4,4,4,4,4,4,4,4,4,5,4,4,4,1,0,3,4,1,0,5,3,1,0,1,0,1,0,1,0,1,0,1,0,1,0,1,0,1,0,1,0,1,0,4,4,4,4,3,5,3,3,3,3,3,3,3,4,4,4,4,19,2,2,1,2,0,4,5,4,2,2,3,4,3,2,2,5,4,3,3,3,3,3,4,3,3,3,3,3,3,4,2,3,3,3,3,3,3,3,5,3,2,2,2,2,2,2,2,2,2,4,1,3,3,3,2,9,5,4,5,3,2,6,7,6,2,28,4,1,1,1,40,2800,2600,0,22202,직업상담사 정보화 시대 인공 지능 발달 일자리 생각,경영학
28612,2,2,3,4,1,0,3,3,1,0,2,2,1,0,2,2,2,3,1,0,1,0,2,2,3,4,4,5,4,5,1,0,2,2,2,3,3,4,3,4,3,3,2,2,2,1,3,3,2,2,3,4,1,0,1,0,2,3,1,0,1,0,2,1,2,3,1,0,1,0,1,0,3,3,4,5,2,2,2,2,2,1,3,4,2,2,1,0,2,1,4,3,4,2,2,4,2,3,4,1,2,19,1,1,1,2,0,7,2,4,4,4,4,4,4,3,9,9,4,4,2,4,4,3,2,4,3,5,4,3,2,3,2,1,2,4,3,2,2,1,4,4,2,2,2,2,2,2,2,2,2,1,4,2,2,3,2,6,7,5,3,3,5,4,3,3,2,39,3,2,5,1,40,0,0,5300,511301,피부미용사자격증 미용 대한 관심 증가,피부미용
28613,4,5,4,5,2,3,2,3,3,4,4,6,3,4,3,5,3,4,2,3,4,5,3,4,3,4,5,5,1,0,2,2,2,3,2,3,3,4,2,3,4,5,2,2,2,2,3,4,4,6,2,3,4,5,4,6,4,5,3,4,2,3,4,5,3,4,3,4,3,4,2,3,2,3,2,3,2,3,2,3,2,2,1,0,3,4,3,4,4,3,2,4,3,3,3,4,2,4,3,4,3,3,1,2,2,2,0,5,5,3,4,3,4,4,3,4,3,4,4,4,2,3,3,3,3,3,3,3,2,3,3,5,4,4,3,3,4,4,3,3,4,4,1,1,2,2,2,2,2,1,1,2,4,1,1,3,1,4,6,5,4,4,4,6,5,4,2,38,4,1,1,1,40,3600,3000,0,154104,제품 개발 실패 업무 스트레스 화장품 개발 업무,화학시스템공학
28614,4,5,4,5,3,4,4,5,1,0,3,4,4,5,3,4,3,3,2,3,2,2,3,3,2,2,2,3,3,4,3,4,2,2,2,3,2,2,3,4,2,3,2,2,3,3,2,2,2,2,2,2,2,2,1,0,1,0,2,2,2,2,3,4,1,0,2,2,3,3,1,0,1,0,1,0,1,0,1,0,2,3,2,2,2,2,2,1,3,2,2,2,2,4,2,3,1,2,4,1,2,18,1,1,2,2,0,3,2,3,2,1,3,2,3,3,2,2,3,3,3,2,1,3,3,4,3,2,3,5,4,3,2,3,3,2,3,3,4,4,5,3,2,2,2,2,2,2,2,2,2,1,2,3,2,3,2,4,3,3,5,5,5,2,2,3,2,30,3,1,1,1,45,2300,2300,0,812902,인터넷 쇼핑 발달,치위생
28615,2,2,3,2,2,2,4,3,2,3,2,3,2,3,2,2,4,2,4,2,1,0,1,0,4,2,3,2,2,2,3,2,2,2,1,0,2,2,1,0,4,2,3,3,3,3,2,2,4,3,5,4,3,3,4,3,2,2,3,3,2,3,4,3,3,2,4,3,5,3,4,3,3,3,5,3,4,3,4,2,2,2,3,3,2,3,1,0,3,2,1,3,2,1,3,2,3,2,4,2,3,3,1,2,2,2,0,7,2,2,2,3,4,4,3,3,4,3,4,3,2,1,3,4,4,3,5,4,5,5,4,3,5,4,4,4,5,3,3,4,4,4,2,2,2,2,2,2,2,2,2,2,2,3,2,2,2,6,7,4,4,5,7,6,4,4,1,37,3,1,1,1,48,3300,2600,0,873401,외국산 과일 채소 증가 감소,식품가공
28616,4,5,5,6,4,5,4,5,4,6,3,4,3,4,3,4,4,6,3,4,4,5,4,5,4,6,4,6,2,3,3,4,3,4,3,4,4,5,3,4,4,5,4,5,3,4,5,6,3,4,4,5,3,4,3,4,2,3,2,2,4,5,3,4,1,0,1,0,1,0,1,0,1,0,1,0,1,0,1,0,1,0,1,0,3,4,3,4,4,4,4,3,4,2,3,4,3,3,4,4,4,18,1,2,1,1,1,6,4,5,5,5,5,5,4,4,4,5,5,5,2,4,4,2,3,2,3,4,4,5,3,5,4,4,5,4,4,5,4,4,5,4,2,2,2,2,2,2,2,2,2,3,2,2,2,2,1,7,3,2,2,3,6,2,2,1,1,34,4,1,1,1,40,3800,3000,0,521101,관광통역안내사 국내여행안내사 관광통역 방법과 안내 교육이 필요하다 인터넷 후기 블로그 영향,국제무역
28617,2,3,2,3,2,3,3,3,2,3,2,3,4,5,2,2,3,5,2,3,2,2,2,3,3,4,1,0,2,3,2,3,2,3,2,2,2,2,2,3,2,3,1,0,3,4,1,0,1,0,1,0,1,0,1,0,1,0,1,0,2,3,1,0,1,0,1,0,1,0,1,0,1,0,2,2,1,0,1,0,2,3,1,0,2,4,2,3,3,4,4,3,3,3,4,3,2,4,3,2,4,13,1,2,1,2,0,7,5,3,4,3,3,3,3,3,3,3,4,3,3,3,3,3,3,4,4,3,3,3,3,4,3,4,3,3,4,4,3,4,3,3,2,2,2,2,2,2,2,2,2,1,3,2,2,3,1,6,6,7,5,4,6,4,4,5,2,27,4,1,1,1,44,3120,3000,0,415201,패션디자인산업기사 현재상황 유지,의상학
28618,1,0,2,4,1,0,2,3,1,0,1,0,4,5,2,3,3,4,1,0,1,0,2,3,3,4,2,3,3,4,3,4,1,0,2,3,2,3,3,4,2,3,1,0,3,4,1,0,1,0,2,3,1,0,1,0,1,0,1,0,1,0,1,0,1,0,1,0,1,0,1,0,1,0,2,3,3,4,2,3,2,3,2,3,3,4,2,3,3,3,4,3,4,2,4,3,3,3,4,3,3,18,1,2,1,2,0,7,2,4,3,3,4,4,3,3,4,3,3,3,2,3,4,4,3,3,3,3,3,4,4,4,4,3,2,2,3,3,3,3,3,4,2,2,2,2,2,2,2,2,2,1,4,2,2,3,1,6,6,6,4,4,4,6,5,6,2,43,4,1,1,1,48,3000,2000,0,511302,네일아트 미용 관심,뷰티아트
28619,4,4,4,3,2,3,4,6,1,0,1,0,2,4,1,0,4,4,3,5,2,2,1,0,3,3,3,3,4,4,2,4,3,4,3,4,3,3,3,3,3,3,3,3,3,3,2,3,1,0,2,3,1,0,1,0,1,0,1,0,2,2,1,0,1,0,1,0,1,0,1,0,2,2,1,0,1,0,1,0,2,2,2,2,2,3,2,3,4,4,3,4,4,4,4,2,5,3,5,4,4,18,4,1,2,2,0,3,2,5,4,4,5,4,4,4,9,9,5,4,1,5,4,5,3,4,4,4,4,4,5,4,5,4,5,4,4,5,3,4,4,2,2,2,2,2,2,2,2,2,2,1,2,3,2,2,1,8,7,6,4,4,5,8,5,5,2,35,4,1,4,2,30,3200,2000,0,416204,공연 일자리,연극영화
28620,5,6,5,6,5,7,5,6,5,7,5,6,4,6,5,7,5,6,5,6,5,6,5,6,4,6,5,6,5,6,5,6,5,7,5,7,5,6,5,6,5,7,5,7,4,7,5,6,5,6,5,7,5,6,5,7,4,6,5,6,5,7,4,6,5,6,5,6,5,6,5,6,4,6,5,5,5,6,5,6,5,3,3,3,1,0,1,0,3,3,3,4,3,4,3,3,3,4,3,4,3,15,2,5,2,2,0,2,5,3,3,3,4,4,5,3,3,3,3,4,3,3,3,3,3,3,4,3,4,3,5,3,3,3,2,3,3,4,4,2,3,4,2,2,2,2,2,2,2,2,2,2,3,3,3,3,2,5,4,3,6,4,3,2,3,5,1,55,4,1,1,1,40,6300,3000,0,121104,상태 유지,농업경영학
28621,1,0,1,0,1,0,1,0,1,0,1,0,4,5,2,2,2,2,2,2,1,0,1,0,2,3,3,3,2,2,2,2,2,2,1,0,1,0,1,0,1,0,4,6,2,2,1,0,1,0,1,0,4,5,4,6,4,6,4,6,4,6,4,5,4,6,4,5,4,6,4,5,5,7,4,7,3,4,1,0,5,7,4,5,5,7,1,0,5,4,4,4,5,4,4,3,3,2,3,2,3,4,1,2,1,2,0,4,5,4,4,4,5,4,4,4,3,4,4,4,3,3,3,4,5,4,4,4,5,4,4,4,3,3,3,4,4,4,4,5,4,4,2,2,2,2,2,2,2,2,2,2,3,2,2,2,2,5,4,5,6,5,5,6,5,5,1,35,3,1,1,1,40,4300,2500,0,811101,산업기계사 기계조립기능사 전산 자동화,기계공학
28622,1,0,1,0,1,0,3,3,1,0,1,0,1,0,1,0,1,0,4,5,1,0,1,0,1,0,1,0,3,4,1,0,1,0,1,0,1,0,4,4,3,4,3,4,1,0,1,0,1,0,1,0,1,0,1,0,1,0,1,0,1,0,1,0,1,0,1,0,3,4,3,4,1,0,1,0,4,5,4,5,3,4,3,3,3,3,2,3,4,4,4,3,4,2,3,2,3,2,4,3,4,8,1,2,1,2,0,7,1,3,2,2,4,4,3,3,9,5,5,3,3,4,3,3,3,2,4,2,3,4,4,4,3,4,3,4,3,5,4,3,4,4,2,2,2,2,2,2,2,2,2,1,3,2,2,2,2,9,7,5,4,3,6,8,4,7,1,65,2,1,1,1,40,2400,2400,0,622101,택시운전 면허증 변동 직종,공업
28623,3,5,5,7,5,7,1,0,2,4,4,6,2,4,5,6,5,7,2,4,3,4,2,4,4,6,1,0,4,5,1,0,1,0,1,0,1,0,1,0,2,5,1,0,1,0,1,0,2,4,1,0,2,4,1,0,2,3,1,0,1,0,1,0,1,0,1,0,1,0,1,0,1,0,4,5,4,6,5,6,1,0,1,0,3,5,4,5,4,3,4,4,4,4,5,3,3,3,3,4,4,19,4,3,1,2,0,3,2,4,4,5,4,4,4,4,3,3,3,4,2,4,4,4,3,2,4,2,3,2,2,4,4,4,3,4,4,3,3,3,3,2,2,2,2,2,2,2,2,2,2,2,3,3,3,3,1,9,8,4,2,3,5,3,4,6,2,39,3,1,4,2,25,3000,2000,0,29902,속기사 지금 변화,호텔경영
28624,5,7,5,7,3,4,4,6,4,5,4,5,4,5,4,6,3,5,1,0,4,6,4,5,1,0,1,0,3,3,1,0,1,0,1,0,4,4,4,5,4,6,1,0,1,0,2,3,2,3,4,5,1,0,4,4,1,0,1,0,1,0,3,4,1,0,1,0,1,0,1,0,1,0,1,0,1,0,1,0,1,0,1,0,2,2,2,2,4,4,5,4,5,5,5,1,4,4,5,5,5,17,1,1,1,2,0,7,5,5,5,3,5,5,4,4,9,9,9,4,1,5,4,4,5,4,5,2,4,1,5,5,4,5,3,3,4,4,5,3,4,3,2,2,2,2,2,2,2,2,2,1,3,2,2,2,2,1,1,1,2,1,2,7,6,3,1,52,6,2,5,1,45,0,0,25000,301301,한의사 변동,한의학
28625,4,5,4,5,3,4,2,2,3,4,3,3,4,5,3,4,3,5,2,2,3,4,4,5,3,4,2,3,3,4,3,3,2,3,3,4,3,4,4,5,2,3,2,2,3,4,3,4,3,3,2,3,2,3,3,4,2,2,2,3,4,5,2,2,2,3,3,4,2,3,2,3,3,3,2,3,2,3,2,2,2,2,2,2,3,4,2,3,3,3,2,3,4,4,3,3,2,4,3,4,3,10,1,2,1,1,2,3,5,4,3,3,3,4,3,3,3,4,4,4,2,3,4,4,3,3,4,3,3,4,3,4,3,4,4,4,3,5,4,3,4,4,2,1,1,1,2,1,2,2,2,2,2,1,3,3,1,3,4,3,5,4,3,7,6,6,1,43,4,1,1,1,40,3900,2400,0,134201,컴퓨터시스템응용기술사 정보처리기술사 C언어 JAVA 프로그래밍언어 중요 정보 때문 보안 중점 어서 개발 인터넷 사용 일자리 노동 증가 향후 점점,전자공학
28626,4,4,4,4,4,4,4,4,4,4,4,4,4,4,4,4,4,4,4,4,4,4,4,4,4,4,4,4,4,4,4,4,4,4,4,4,4,4,4,4,4,4,4,4,4,4,4,4,4,4,4,4,4,4,4,4,4,4,4,4,4,4,4,4,4,4,4,4,4,4,4,4,4,4,4,4,4,4,4,4,4,4,4,4,4,4,4,4,4,4,3,4,4,3,4,3,4,3,4,4,4,15,2,5,1,1,3,5,5,4,4,4,4,4,4,3,3,3,3,3,2,4,3,4,4,3,4,4,3,4,3,4,5,5,4,3,4,3,3,4,4,4,2,2,2,2,2,2,2,2,2,2,4,2,2,3,2,5,6,3,6,4,5,5,6,4,1,41,4,1,1,1,40,5200,3100,0,621401,항공교통관제사 교신 장비 교신 교육 해외 여행객 항공 물류 증가,항공학
28627,4,5,4,5,3,4,4,5,3,4,4,5,2,2,4,5,4,5,2,3,2,2,2,3,3,4,3,3,3,3,3,3,3,4,2,3,2,2,4,5,4,5,4,5,3,4,3,4,3,4,3,4,4,5,2,2,1,0,1,0,4,4,2,2,1,0,2,2,1,0,2,2,2,2,2,3,2,2,2,2,2,3,3,4,3,4,3,4,3,3,4,3,4,2,3,3,2,2,4,4,2,17,1,5,1,2,0,2,5,4,5,5,4,4,4,4,5,4,4,4,4,4,4,4,3,3,4,3,3,3,3,4,3,4,4,4,4,4,4,4,4,3,2,2,2,2,2,2,2,2,2,2,4,3,3,3,2,5,4,4,5,5,5,5,6,5,2,46,4,1,1,1,43,7500,3200,0,301101,국가의사 자격증 전문의자격증 고령화 한국 상황 때문,의예
28628,5,6,5,5,3,4,4,4,5,6,4,5,2,4,3,4,4,5,3,4,3,4,3,4,4,4,4,4,4,5,4,5,3,4,4,5,4,5,4,5,5,6,4,5,5,4,5,5,3,4,4,5,3,4,2,2,2,2,1,0,4,5,1,0,4,5,2,2,2,3,3,4,4,5,1,0,1,0,1,0,1,0,1,0,1,0,2,2,4,3,4,3,4,4,5,1,5,3,4,4,5,13,1,2,1,2,0,3,5,4,4,4,5,4,3,3,4,4,4,4,2,4,4,5,5,3,4,1,4,3,2,4,3,2,2,2,2,3,3,2,4,4,2,2,2,2,2,2,2,2,2,2,3,3,2,3,2,9,9,9,6,6,7,7,7,7,2,43,4,1,3,1,40,5000,4000,0,23201,세무사 변화,회계학
28629,2,4,5,4,4,4,4,5,1,0,1,0,1,0,3,4,4,4,3,4,1,0,2,4,4,4,1,0,4,4,4,3,2,4,1,0,1,0,4,4,4,5,4,4,4,3,1,0,2,1,1,0,1,0,1,0,1,0,1,0,1,0,1,0,2,2,2,4,1,0,2,2,1,0,3,4,1,0,4,3,2,4,1,0,2,2,2,2,2,4,1,2,3,1,5,2,4,3,3,4,2,15,2,2,1,1,1,7,2,4,3,3,5,5,5,5,5,5,5,5,1,1,1,4,3,4,2,2,3,3,4,4,3,4,3,3,4,4,4,3,4,4,2,2,2,2,2,2,2,2,2,1,3,1,1,1,2,7,8,7,6,5,4,5,6,6,2,26,4,1,1,1,40,2800,2000,0,307101,응급구조사 처치시술교육 변화 생각,응급구조학
28630,4,4,4,5,3,4,4,4,4,4,4,5,4,5,4,4,3,3,4,4,4,4,4,4,4,4,4,5,4,5,4,5,4,4,4,4,4,4,4,4,4,4,4,4,4,4,4,4,4,4,2,3,4,4,3,3,2,2,2,3,4,4,3,3,3,3,2,2,2,2,2,2,3,3,2,3,2,2,2,2,2,2,2,2,3,3,2,2,4,4,3,3,4,2,3,3,3,4,4,3,4,16,5,3,1,1,4,4,5,3,3,3,3,4,3,3,3,2,3,3,3,3,3,3,3,2,3,2,3,4,4,3,2,3,3,3,2,4,3,3,4,3,2,1,2,1,2,1,1,1,1,2,2,2,2,2,1,6,5,4,5,6,6,7,4,4,2,46,4,1,3,1,52,5600,3200,0,22202,해외안전보건 보건교육 프로그램 도입 인구 감소 자동화,경제학
28631,3,5,3,4,3,4,3,5,3,4,3,4,3,4,3,4,3,4,3,4,3,5,3,5,3,4,3,4,3,5,3,4,3,5,3,4,3,4,3,4,3,5,3,4,3,5,3,5,3,5,3,4,3,4,3,5,3,5,3,4,3,4,3,5,3,4,3,5,3,4,3,4,3,4,3,4,3,5,3,5,3,5,3,4,3,4,3,5,4,4,4,3,3,4,4,4,3,4,4,4,4,3,1,2,2,2,0,6,5,4,4,4,4,4,3,4,4,3,3,4,2,4,4,4,4,3,4,2,4,3,3,4,3,4,3,4,3,4,3,4,4,3,2,2,2,2,2,2,2,2,2,1,3,3,3,3,1,5,5,5,5,6,5,5,5,5,1,46,2,1,1,1,48,4900,2400,0,813101,소비 폐업 회사 인력 사용 변화,분재학
28632,2,3,2,3,2,3,2,3,2,3,2,3,2,3,2,3,2,3,3,3,3,4,3,3,4,5,5,5,3,4,3,4,3,3,3,4,3,5,3,4,3,4,4,5,3,4,3,4,4,5,4,5,4,5,4,5,4,5,4,5,4,5,3,4,4,4,4,5,3,4,3,4,4,5,4,5,4,5,3,4,4,5,3,4,3,4,3,4,3,4,4,3,3,2,2,3,3,3,3,4,4,9,1,2,1,1,6,7,2,3,3,3,4,4,2,3,4,4,3,3,2,4,4,3,4,4,3,2,3,3,3,3,4,4,3,2,3,3,4,3,3,3,2,2,2,2,2,2,2,2,2,2,4,2,2,3,1,7,8,7,3,2,3,8,4,2,2,36,3,1,1,1,50,3800,2800,0,531401,양식조리기능사 양식 조리 방법 보조 외식 산업 증가,식품영양학
28633,2,3,2,2,2,2,2,2,2,3,2,3,2,4,3,3,2,2,3,4,3,4,3,4,3,3,2,2,2,3,2,3,2,2,2,2,3,4,2,2,3,3,2,2,2,2,2,1,2,1,1,0,3,3,2,2,2,2,2,2,2,1,3,3,2,3,2,3,2,2,2,2,2,2,3,4,3,3,2,3,3,3,3,2,2,3,2,2,3,4,3,3,3,2,3,3,3,3,3,3,3,3,4,1,1,2,0,4,3,3,3,2,4,4,3,3,9,9,9,3,1,4,4,4,3,3,3,3,4,3,3,5,4,4,3,2,3,4,3,3,5,4,2,2,2,2,2,2,2,2,2,1,3,1,1,1,2,7,6,5,4,4,4,7,4,3,2,38,3,2,6,1,52,0,0,4500,871101,제빵기능사 선호 고객 증가 대형화 추세 유지,식품조리학
28634,4,5,4,4,3,5,3,3,3,5,3,3,4,4,4,4,3,5,2,3,3,3,4,5,3,4,3,5,2,5,2,4,2,3,3,4,4,4,3,5,4,5,4,4,3,4,3,3,2,2,3,4,2,3,1,0,1,0,1,0,4,5,2,2,1,0,1,0,1,0,1,0,3,3,1,0,1,0,2,2,1,0,1,0,3,4,2,1,3,2,3,3,3,4,3,4,3,4,3,3,5,3,1,4,2,2,0,6,5,4,3,3,4,4,4,4,4,3,4,4,2,4,4,4,4,3,4,3,4,2,4,5,3,3,4,3,5,4,4,4,4,4,2,2,2,2,2,2,2,2,2,2,4,3,3,3,2,6,5,5,6,6,4,6,4,4,1,48,4,1,1,1,40,5600,5400,0,12301,기업 마케팅 기업 발전 연결 인력 계속,산업공학
28635,3,4,4,4,3,4,4,4,2,3,3,4,1,0,4,5,4,4,3,5,2,2,3,4,2,3,3,4,1,0,2,3,3,4,1,0,2,2,3,4,3,4,3,4,3,3,2,4,4,4,3,5,2,4,3,4,3,5,4,4,4,4,3,4,2,3,3,3,3,3,1,0,1,0,2,2,2,3,2,3,2,3,1,0,4,4,1,0,4,4,3,3,4,3,4,2,3,4,4,3,3,15,2,2,1,2,0,1,5,3,4,3,4,3,3,3,3,2,2,3,2,3,4,3,4,4,3,4,4,4,4,5,4,3,4,4,4,4,5,3,3,4,2,2,2,2,2,2,2,2,2,4,1,1,2,2,2,7,6,4,3,4,6,6,5,4,2,43,4,1,1,1,40,3500,1500,0,413201,사서 자격증 전산 화로 인력 감축,회계
28636,5,5,5,6,4,5,4,5,4,5,4,6,4,5,4,4,3,5,4,5,3,5,4,5,4,5,3,5,4,5,4,5,3,4,4,5,4,6,4,5,3,5,4,5,3,4,3,4,4,4,3,4,5,6,1,0,4,5,1,0,3,4,2,3,2,3,1,0,3,4,1,0,3,5,2,3,2,3,3,4,2,4,2,3,4,4,3,4,4,3,4,4,3,3,4,3,4,3,3,4,4,15,2,5,2,2,0,7,5,4,3,3,5,4,4,5,5,5,4,4,1,3,3,4,3,3,3,1,4,4,5,4,4,4,3,3,4,5,5,3,5,4,2,2,2,2,2,2,2,2,2,1,3,3,3,3,2,4,5,5,6,5,6,2,5,4,1,35,5,1,1,1,50,4800,3000,0,122201,자동화 기계화 고충,생명과학
28637,3,5,2,4,2,3,3,4,3,5,3,5,2,4,3,4,2,4,2,4,3,3,3,5,2,5,2,4,2,4,2,4,2,4,2,4,2,4,2,4,2,4,3,5,3,4,2,3,2,4,3,5,3,5,3,5,3,5,3,5,3,5,4,6,3,4,3,4,2,4,2,4,2,4,2,3,2,3,3,3,2,3,2,3,2,4,2,3,3,3,2,2,3,2,3,3,4,3,2,2,3,3,1,2,2,2,0,5,4,4,4,4,3,3,4,4,3,4,3,4,2,2,3,4,2,3,4,3,2,3,3,4,4,5,4,3,4,4,4,3,4,4,1,1,1,2,2,2,2,1,1,2,4,1,1,1,1,7,6,4,5,4,5,3,5,5,1,45,4,1,1,1,40,6800,3000,0,153201,시스템 증가 장비 교육 전자제품 개발 계속,응용물리학
28638,3,3,4,4,3,4,2,2,2,2,3,4,3,3,2,2,4,4,2,2,2,2,2,2,4,4,2,2,3,3,2,2,3,3,1,0,3,3,2,2,3,3,2,2,2,2,1,0,2,2,3,3,2,3,2,2,4,5,4,4,2,2,2,2,3,4,3,3,3,4,4,5,2,2,3,3,2,2,2,2,2,3,2,2,2,3,3,4,4,4,2,4,2,2,2,3,3,4,4,3,3,17,1,3,1,1,2,2,3,3,3,3,3,4,4,4,4,4,5,4,1,5,4,5,4,4,5,3,3,2,3,5,3,3,3,4,5,5,5,2,5,4,2,2,2,2,2,2,2,2,2,2,2,3,3,3,2,7,6,5,4,6,6,4,7,6,1,50,3,1,1,1,52,4500,2800,0,814001,보일러시공기사 열관리자격증 설비기계를 다루는 기술교육 신축 건물 자동화 제어 시스템 인공 지능 변화 추세 이기 때문,소방학
28639,5,6,5,7,3,5,4,5,4,6,4,5,4,5,4,6,4,6,4,5,4,6,4,6,5,7,4,5,3,4,4,5,4,5,4,5,3,4,3,4,4,6,4,5,4,5,5,4,4,4,4,4,4,7,5,7,4,5,4,6,4,4,4,6,4,5,4,5,4,5,3,4,4,5,3,6,4,5,4,5,4,5,3,4,4,4,4,4,4,4,4,3,4,4,4,4,4,3,3,4,4,10,1,2,1,1,4,3,5,5,5,5,4,5,3,5,5,5,5,5,2,4,4,3,4,4,3,3,4,4,4,4,4,5,4,5,5,4,5,3,4,4,2,2,2,2,2,2,2,2,2,1,4,3,3,3,2,9,1,1,9,1,1,2,9,2,1,42,4,1,1,1,40,3800,3000,0,133202,정보처리기사 로봇기술 이용해 가상현실 디스플레이 시스템 구축 기술 증가,전자
28640,5,7,5,7,4,7,5,7,4,7,4,6,5,6,5,6,5,6,4,6,4,6,5,7,4,6,5,6,5,6,5,6,5,6,4,6,5,7,4,4,4,6,4,4,5,6,3,5,4,5,5,6,3,4,3,3,2,3,2,2,5,6,2,3,3,4,2,2,2,2,2,3,4,5,2,4,3,3,3,3,4,4,3,4,4,6,5,6,4,5,4,5,5,3,5,1,4,5,5,5,3,16,5,2,1,2,0,6,5,5,5,5,5,5,4,4,4,5,5,5,2,4,4,4,5,4,5,3,4,3,4,3,4,5,4,4,5,4,5,4,4,2,2,2,2,2,2,2,2,2,2,1,3,3,3,3,1,1,2,1,8,2,2,2,3,8,1,57,4,1,1,1,40,9000,3500,0,13203,교육 공무원 자격증 교장 자격증 교육 인간 기본,화학교육학
28641,2,3,3,4,2,3,4,5,3,4,4,5,1,0,3,4,4,6,4,5,3,4,3,4,3,4,3,4,3,4,4,5,4,5,3,4,3,4,4,5,3,4,2,3,4,5,2,3,3,4,4,6,3,3,3,4,1,0,2,2,2,3,3,4,2,3,2,2,2,2,2,2,2,2,3,4,3,5,3,4,3,6,3,4,3,4,3,4,3,5,1,3,5,1,2,3,4,3,3,4,2,8,1,6,2,2,0,2,4,4,5,4,3,4,3,4,3,4,5,4,2,4,5,4,4,3,3,4,2,4,2,5,4,3,3,4,4,3,4,4,3,4,2,2,2,2,2,2,2,2,2,1,5,2,2,2,1,5,6,7,3,3,4,6,4,4,2,28,3,1,1,1,50,6700,3200,0,522101,여행 인구 증가,스튜어디스학
28642,4,4,4,5,3,4,4,4,4,5,4,5,4,5,4,4,5,6,4,4,4,4,3,3,4,5,3,3,3,3,3,3,4,4,4,4,3,3,3,3,4,4,4,4,3,3,3,3,3,3,2,2,4,5,4,5,4,4,4,6,4,4,4,3,5,6,4,4,4,4,4,5,4,4,4,5,3,3,3,4,3,3,3,3,4,5,4,5,4,4,4,4,4,2,4,3,2,4,4,4,4,3,1,2,1,1,2,6,4,4,4,4,4,4,2,5,4,4,4,4,2,4,4,4,3,3,3,4,4,2,4,4,3,4,3,4,4,4,4,3,4,4,2,2,2,2,2,2,2,2,2,1,3,3,3,3,2,9,9,2,2,2,2,7,2,8,1,62,3,1,1,1,50,3000,2200,0,306701,의지보조기기사 의지보조기 제작 수리 변화,재활학
28643,2,2,3,4,1,0,2,2,2,1,1,0,1,0,2,2,2,2,3,4,1,0,2,2,3,4,3,5,2,1,2,2,1,0,1,0,2,3,2,1,3,6,2,4,2,2,1,0,3,4,2,1,1,0,1,0,1,0,1,0,1,0,1,0,1,0,2,3,1,0,1,0,1,0,1,0,2,3,2,2,3,4,2,2,2,2,2,1,4,2,4,3,3,2,2,3,2,2,3,2,4,14,1,2,2,2,0,7,2,3,2,1,3,4,2,3,9,2,3,3,3,2,4,3,2,4,3,2,3,4,4,2,3,4,3,2,1,4,2,1,3,4,2,2,2,2,2,2,2,2,2,2,2,2,2,3,1,6,6,8,3,3,4,5,4,5,2,49,2,1,1,1,52,2750,2200,0,561201,사람 인식 직종 기피,문과
28644,4,3,3,3,3,4,3,3,2,2,3,4,2,2,2,2,5,5,2,2,2,2,1,0,5,5,2,2,5,5,2,2,4,4,3,3,1,0,5,4,4,3,3,3,2,3,2,2,2,2,1,0,1,0,1,0,1,0,1,0,5,5,1,0,1,0,1,0,1,0,1,0,2,2,3,3,1,0,2,2,3,4,3,3,5,4,4,3,2,4,3,4,2,3,3,3,3,3,3,3,3,13,1,2,1,1,4,4,5,2,3,3,4,2,2,1,2,3,2,2,4,3,3,2,2,4,4,2,2,3,2,4,3,4,2,3,4,3,3,4,4,4,2,2,2,2,2,2,2,2,2,2,4,3,3,3,2,7,5,8,5,4,4,9,7,8,1,50,4,1,1,1,42,4300,2500,0,222001,워드프로세스2급 법률개론 민사실무 부동산등기 법률 소송 증가 일자리 증가,경영학
28645,4,5,4,5,3,5,3,5,2,3,2,4,2,2,3,5,4,5,2,4,2,3,2,2,4,5,4,6,4,6,4,4,4,6,3,5,2,4,4,5,4,6,4,5,3,4,2,2,2,2,3,5,2,4,3,4,2,3,2,3,2,3,2,2,2,4,2,3,3,4,2,3,2,2,2,2,2,4,4,5,5,6,2,3,3,5,3,5,2,4,2,2,4,2,4,4,2,2,4,4,4,15,2,4,1,2,0,7,5,4,4,4,4,4,4,3,5,4,5,4,2,4,4,5,4,4,5,5,4,4,5,5,4,4,4,3,4,4,4,4,4,4,2,2,2,2,2,2,2,2,2,1,3,3,3,3,2,8,7,7,8,4,4,3,7,8,1,47,4,1,1,1,48,3400,2600,0,240101,경찰공부 치안 계속 필요,경찰행정
28646,3,5,3,5,3,4,3,4,5,6,4,6,1,0,5,4,3,5,2,4,2,5,3,4,3,5,4,4,3,3,4,5,4,5,3,4,3,4,4,5,5,5,3,5,4,5,3,5,1,0,1,0,1,0,1,0,3,4,1,0,4,5,4,4,1,0,3,4,1,0,1,0,3,5,4,4,1,0,1,0,1,0,2,3,4,4,2,3,4,4,4,4,5,5,4,4,4,4,5,4,4,13,1,2,1,1,3,6,5,4,4,4,5,4,5,5,4,5,4,4,2,5,4,4,2,1,3,3,4,3,4,5,2,5,4,2,2,4,3,4,5,4,2,1,2,2,2,1,2,1,2,2,2,3,2,3,1,2,2,2,3,1,1,5,6,6,1,38,4,1,1,1,40,9000,5200,0,23101,공인회계사 세법 등의 개정사항 교육 금융기관 조회 채권 채무 회서 인터넷 반송 회신 업무 전산 화가 때문,회계학
28647,4,5,4,5,4,5,3,4,1,0,2,2,1,0,4,5,3,4,1,0,1,0,1,0,4,5,1,0,1,0,2,3,1,0,1,0,2,2,2,2,1,0,1,0,1,0,1,0,1,0,1,0,1,0,1,0,2,2,1,0,4,5,1,0,2,2,2,2,1,0,1,0,1,0,1,0,1,0,3,4,1,0,1,0,4,5,3,4,4,4,4,3,2,4,4,3,2,4,2,4,4,15,2,4,1,2,0,2,3,4,3,3,4,4,3,3,3,3,4,3,2,3,3,4,3,3,4,3,3,4,4,4,4,3,3,2,3,4,3,3,4,3,2,2,2,2,2,2,2,2,2,1,4,3,3,3,2,4,4,4,2,2,2,4,4,2,1,35,4,1,1,1,40,3400,3200,0,29902,한글속기 2급 협회시험 2급 사람 선호 향후 전망,컴퓨터공학
28648,5,7,5,7,4,5,5,7,4,4,4,6,4,6,4,6,5,7,3,5,3,5,4,5,4,5,3,3,4,6,4,5,4,5,4,5,5,6,4,5,3,5,2,3,3,4,2,2,2,2,2,2,1,0,1,0,1,0,1,0,1,0,1,0,1,0,1,0,1,0,1,0,3,4,1,0,1,0,1,0,1,0,1,0,2,2,2,3,4,4,4,4,3,5,4,5,5,4,4,4,4,16,5,5,2,2,0,6,7,4,3,3,4,4,3,5,5,5,5,5,2,5,5,5,3,4,4,4,4,4,3,4,4,3,4,4,3,4,4,4,4,4,2,2,2,2,2,2,2,2,2,2,3,3,2,3,1,2,2,1,3,3,4,3,3,3,1,58,6,1,1,1,50,8000,4000,0,110101,상태 유지,송명산유가철학
28649,3,3,3,3,3,3,3,4,1,0,2,3,1,0,3,2,3,3,1,0,1,0,1,0,2,2,2,3,3,3,3,3,1,0,1,0,1,0,4,5,2,3,1,0,2,3,1,0,1,0,1,0,1,0,1,0,3,4,1,0,1,0,1,0,2,2,1,0,1,0,1,0,1,0,1,0,2,2,1,0,2,3,2,2,3,3,2,2,3,4,3,3,3,5,3,3,2,2,4,3,4,15,2,2,1,1,2,2,4,4,3,3,4,4,4,2,3,3,3,3,3,4,4,4,3,4,3,5,4,5,3,3,4,3,3,4,4,4,3,3,4,4,2,2,2,2,2,2,2,2,2,2,4,3,3,3,2,7,6,5,5,3,5,6,7,7,2,39,4,1,1,1,40,3100,2400,0,231401,직업상담사1급 직업상담훈련 취준생들 직업 상담 증가,심리학
28650,4,6,4,6,4,5,4,6,4,6,4,6,4,6,5,6,4,6,4,6,5,6,4,6,4,6,4,6,4,6,4,6,4,6,4,6,4,6,4,6,4,6,4,6,4,6,4,6,4,6,4,6,4,6,4,6,4,6,4,6,4,6,4,6,4,5,4,5,4,6,4,2,4,6,4,6,4,5,4,6,4,6,4,6,4,6,4,6,4,4,5,4,4,4,4,4,4,5,4,4,4,18,1,5,2,2,0,2,4,4,4,4,4,4,3,4,5,4,3,4,4,4,4,4,4,3,4,4,4,3,3,4,4,4,4,3,5,4,4,3,4,4,2,2,2,2,2,2,2,2,2,2,4,1,1,1,1,6,4,7,7,6,6,7,5,6,2,43,4,1,1,1,45,3400,2800,0,411104,방송 프로그램 수가 증가 방송업 수요 증가,문예창작
28651,4,4,4,4,3,2,3,2,4,4,4,4,4,5,4,5,4,4,4,5,4,5,4,5,4,5,4,5,3,4,4,4,4,4,3,3,2,2,2,2,4,5,3,3,2,2,4,5,4,5,3,4,3,4,3,4,3,3,3,3,2,3,4,5,4,5,4,5,4,5,4,4,4,6,4,5,4,5,4,5,4,5,3,3,4,5,4,5,4,3,3,4,4,3,4,4,3,4,4,4,4,3,1,2,1,2,0,6,4,3,3,4,4,4,2,4,4,3,3,3,3,3,3,4,3,4,4,4,3,3,4,4,4,4,3,4,4,4,4,3,4,4,2,2,2,2,2,2,2,2,2,3,2,3,3,3,2,9,9,8,8,1,1,2,2,9,1,56,4,1,1,1,40,3400,2400,0,815001,기계정비산업기사 기술 도입,기계학
28652,5,5,5,5,4,6,4,5,3,4,4,6,3,3,4,5,4,5,2,5,3,4,4,5,3,4,3,4,4,5,4,5,4,4,4,4,2,4,4,3,4,5,4,5,2,4,3,3,2,3,4,4,2,4,1,0,1,0,1,0,3,3,1,0,2,2,2,2,1,0,1,0,3,3,1,0,1,0,2,3,2,3,2,3,2,4,2,4,4,3,4,3,4,4,2,4,1,4,3,3,1,19,1,2,1,1,1,6,5,4,1,1,2,4,1,2,2,2,3,3,4,2,2,4,3,1,4,3,2,3,4,5,1,4,3,3,3,2,1,3,5,5,2,2,2,2,2,2,2,2,1,4,4,2,3,3,2,7,3,2,2,2,2,2,2,2,2,40,5,1,1,1,50,5000,3000,0,22201,공인노무사자격증 다양한 사례 업무 난이도 증가 노동 관련 이슈 점차 예상,법학
28653,1,0,2,2,2,2,2,2,1,0,1,0,4,5,3,4,3,3,1,0,2,3,2,3,4,5,1,0,4,5,2,2,2,4,2,3,1,0,4,5,2,2,1,0,3,4,2,3,4,5,4,5,4,5,4,5,4,6,1,0,1,0,2,2,2,2,3,4,2,2,1,0,2,2,5,6,3,4,3,4,3,4,3,3,2,2,2,2,4,3,4,4,3,3,4,4,4,3,3,4,4,19,1,2,1,1,2,2,4,4,3,4,4,4,4,4,3,3,4,4,3,4,3,3,3,4,4,3,3,4,3,4,4,3,3,4,4,4,4,3,4,2,2,2,2,2,2,2,2,2,2,2,3,3,3,3,2,7,5,5,6,7,6,7,6,6,2,32,3,1,1,1,40,3500,3000,0,511401,메이크업 아티스트 손놀림 수요,경제학
28654,4,6,4,5,3,4,3,4,4,5,4,6,4,5,3,4,3,4,3,4,3,3,1,0,2,3,4,5,1,0,3,3,4,4,3,4,2,2,2,3,3,4,2,3,2,3,1,0,2,2,4,5,3,4,1,0,2,2,1,0,2,2,3,4,3,4,2,3,2,2,2,2,1,0,2,3,2,3,1,0,1,0,1,0,2,3,2,3,4,3,3,4,4,4,4,3,3,3,2,3,2,3,1,2,2,1,2,4,5,4,4,4,4,4,4,4,4,3,4,4,4,4,4,3,4,3,4,3,4,3,3,4,4,3,3,3,3,4,4,3,4,4,2,2,2,2,2,2,2,2,2,1,3,3,3,3,2,2,4,3,3,4,6,2,3,6,1,44,4,1,1,1,40,8000,4600,0,154104,업무 관련 교육 대체 때문 변화,화학
28655,2,2,4,5,2,1,4,5,2,2,2,2,2,2,2,3,3,4,2,1,2,2,3,4,3,4,2,2,4,5,4,5,3,4,2,2,3,4,3,4,4,5,3,4,2,2,2,1,3,3,3,4,2,2,2,1,2,3,2,2,2,2,3,4,2,1,2,3,2,1,2,2,2,2,2,3,3,4,2,3,3,4,3,4,2,2,2,2,3,5,3,3,4,2,4,5,2,3,4,2,2,17,1,2,1,2,0,5,2,4,4,3,4,4,3,3,4,4,4,4,3,4,5,4,5,3,4,5,4,3,2,3,2,2,4,3,5,5,5,4,5,5,2,2,2,2,2,2,2,2,2,2,3,2,2,3,1,7,6,6,4,5,5,4,6,6,2,48,2,1,1,1,48,3300,2000,0,550101,요양보호사 자격증,이과
28656,2,2,3,4,1,0,2,2,3,3,1,0,2,3,4,5,2,2,3,3,3,4,3,4,4,5,3,4,1,0,2,3,1,0,1,0,2,3,2,3,4,6,3,4,2,2,2,2,2,2,2,2,3,3,2,2,4,5,3,4,2,3,4,5,4,6,4,5,4,5,3,5,4,5,4,5,4,6,3,5,4,4,3,3,2,3,2,2,4,3,2,3,4,2,4,2,3,3,3,3,3,3,1,3,1,2,0,2,2,3,3,2,3,5,4,4,4,3,5,4,3,3,2,4,3,3,4,2,3,2,2,5,4,4,3,4,3,3,4,3,4,4,2,2,2,2,2,2,2,2,2,2,2,3,2,3,1,6,4,5,5,4,5,6,5,6,1,45,4,1,1,1,40,4800,3700,0,817101,기계조립산업기사 중국 신흥 공업 국가 추격 감소 추세,자동차공학
28657,3,4,2,3,2,3,1,0,1,0,1,0,3,4,3,5,3,5,3,4,2,3,2,3,3,4,3,4,3,3,1,0,1,0,1,0,4,5,1,0,1,0,1,0,1,0,3,4,1,0,1,0,1,0,1,0,1,0,1,0,1,0,1,0,1,0,3,4,1,0,1,0,1,0,3,4,1,0,1,0,1,0,1,0,3,2,3,2,2,2,3,2,4,4,2,2,2,4,3,2,2,13,1,2,2,2,0,7,4,4,3,3,3,3,3,2,2,2,2,3,2,3,3,3,2,3,3,2,3,3,3,4,4,4,3,3,2,3,2,2,4,4,2,2,1,2,2,2,2,2,2,2,3,2,2,3,2,8,7,8,4,5,6,5,5,5,1,35,4,1,1,1,48,2800,2000,0,415503,영상편집 디지털 기기 도입 경기 영향,CG디자인
28658,3,5,3,6,2,5,2,4,4,5,4,5,2,4,2,4,2,4,3,5,3,5,3,5,4,5,3,5,1,0,1,0,1,0,2,4,2,4,1,0,3,5,3,5,3,5,1,0,2,4,1,0,3,5,3,5,3,5,3,5,5,6,3,4,2,4,2,4,2,4,2,5,4,6,1,0,1,0,1,0,1,0,1,0,4,5,2,4,4,4,4,4,4,4,4,5,3,5,5,5,4,10,1,3,1,2,0,5,4,4,4,4,4,5,4,4,4,4,4,4,3,4,4,4,3,3,3,2,3,4,4,5,3,4,3,3,4,4,4,3,4,4,2,1,1,1,2,2,2,2,2,2,3,3,3,3,1,3,3,5,4,6,5,6,6,6,1,41,5,1,1,1,48,5600,3500,0,13701,정보통신기술사 프로토콜 기술 도입 산업혁명 이후 프로그램 증가,정보통신공학
28659,3,4,5,4,5,6,4,4,2,3,4,5,2,3,2,3,5,5,2,2,3,3,4,5,4,6,3,4,4,6,4,5,4,4,2,2,5,5,5,6,4,5,4,4,3,3,1,0,1,0,1,0,1,0,1,0,1,0,1,0,3,4,1,0,1,0,1,0,1,0,1,0,1,0,2,3,3,3,2,2,4,5,3,4,4,3,3,4,3,3,2,3,3,1,5,3,2,4,3,4,4,16,5,3,1,1,2,2,6,5,3,3,5,4,3,3,3,4,4,3,1,5,4,4,4,5,5,4,4,3,3,5,4,5,5,5,4,5,4,5,5,5,2,2,1,2,2,1,2,2,2,1,4,1,3,3,1,5,5,9,2,5,7,1,3,3,1,51,5,1,1,1,40,5900,2500,0,212301,중등교육 특수 정교사2급 지적장애인 심리상담론 발열 체크 특수교육 학생 확대,특수교육학
28660,2,2,4,4,2,3,3,3,2,3,3,5,4,5,2,3,3,4,4,5,2,3,2,2,3,4,1,0,3,4,4,5,1,0,1,0,2,4,2,3,3,4,3,4,3,3,3,4,3,4,1,0,3,4,1,0,3,4,2,3,1,0,1,0,3,5,3,4,1,0,1,0,1,0,4,5,3,5,2,4,4,5,3,5,4,4,2,3,3,3,2,3,3,1,4,3,2,2,4,4,2,6,1,1,2,2,0,4,1,3,2,2,3,3,2,2,1,2,3,2,3,4,4,4,4,3,3,2,2,3,3,5,3,4,4,5,4,5,4,4,5,3,2,2,2,2,2,2,2,2,2,1,2,2,2,2,2,8,6,8,3,3,5,7,3,3,1,46,2,1,3,2,30,3200,2300,0,702401,장기 경제 침체 시공 수가 감소,기계
28661,3,3,3,4,2,1,2,3,3,4,2,2,2,2,2,3,2,2,2,2,2,1,3,3,3,4,3,3,2,2,2,2,3,3,3,4,2,2,2,1,3,4,3,3,3,4,2,2,2,2,2,3,3,4,3,3,3,3,3,4,2,1,3,4,3,4,3,4,3,4,3,4,3,4,2,3,2,2,2,2,2,1,2,1,2,2,2,1,3,2,2,3,2,4,3,3,1,2,3,2,2,3,1,2,1,2,0,7,2,4,4,2,4,3,2,4,3,2,3,3,1,3,3,2,2,4,3,3,2,3,4,3,2,3,4,3,3,2,2,3,4,3,2,2,2,2,2,2,2,2,2,2,3,1,3,3,2,7,7,6,4,4,5,4,3,5,1,36,2,1,1,1,55,3650,2500,0,813101,금형기술사 금형산업기사 기계,기계
28662,5,7,5,7,5,7,4,5,3,4,5,7,4,5,5,6,5,7,4,5,5,7,4,6,4,5,4,5,4,5,4,5,4,5,2,3,3,4,2,3,3,4,4,5,4,5,2,3,2,2,2,3,2,2,2,2,2,2,1,0,4,5,2,2,1,0,1,0,1,0,1,0,2,3,2,3,2,3,2,3,3,4,2,2,4,5,4,5,5,4,4,3,4,3,4,5,3,4,4,4,4,10,1,2,2,2,0,6,5,4,5,4,4,5,4,3,3,4,4,4,3,4,4,3,2,3,2,3,3,5,3,5,4,4,5,5,4,5,4,4,5,4,2,2,2,2,2,2,2,2,2,2,3,2,2,2,1,8,9,3,6,3,2,6,3,1,1,42,4,1,1,1,40,4000,2400,0,412003,인터넷 잡지 추세,국어국문
28663,5,7,4,6,4,6,4,6,3,4,4,3,3,4,4,5,4,5,3,5,4,6,4,6,4,5,4,5,4,5,4,6,4,6,4,5,3,4,5,5,4,4,4,5,4,5,1,0,3,4,1,0,1,0,1,0,1,0,1,0,4,5,2,3,1,0,1,0,1,0,1,0,1,0,1,0,1,0,3,4,2,3,3,3,3,4,4,5,4,4,4,4,3,3,3,4,4,4,5,5,4,13,1,1,1,2,0,6,6,4,4,3,4,4,4,3,9,9,5,4,2,5,4,4,4,3,4,2,4,5,4,3,4,4,4,4,4,5,4,4,5,4,2,2,2,2,2,2,2,2,2,2,5,2,2,2,1,7,8,7,8,9,8,7,8,9,1,44,5,2,5,1,40,0,0,3800,231201,전문상담교사 2급 산업화 정신질환 증가,심리학
28664,4,4,4,5,3,4,5,5,3,3,2,4,3,3,2,3,3,4,4,4,4,4,2,3,4,4,3,3,2,4,2,4,2,4,2,4,2,3,4,4,4,3,2,4,3,3,3,3,3,3,2,2,4,3,2,3,3,3,3,4,2,4,3,4,4,4,4,4,4,4,3,3,3,4,4,4,3,4,4,4,4,5,2,4,4,4,2,3,4,3,4,3,3,3,4,3,2,3,4,5,4,6,1,2,1,2,0,2,2,4,3,3,4,4,3,4,3,2,5,4,3,4,2,3,3,3,3,2,4,2,4,4,2,2,2,2,3,2,3,3,3,3,2,2,2,2,2,2,2,2,2,2,2,3,3,3,2,7,6,6,3,3,5,5,5,5,1,38,2,1,1,1,58,3000,2700,0,701501,석공기능사 공사 방향,토목
28665,2,2,3,4,2,2,3,3,3,3,2,3,2,2,2,3,2,2,3,3,3,3,2,2,3,3,2,2,3,4,2,3,2,2,2,3,2,2,3,4,2,3,3,3,2,3,2,3,3,3,2,4,2,3,2,2,2,2,3,3,3,3,2,2,2,2,3,3,2,2,3,3,3,3,3,3,3,3,3,3,3,3,3,4,3,3,2,2,3,2,2,3,3,2,2,4,4,3,3,3,3,7,1,2,2,2,0,1,2,4,3,3,4,4,3,3,9,4,4,4,3,3,4,3,4,4,4,3,3,3,3,4,3,3,4,4,3,3,4,4,4,3,2,2,2,2,2,2,2,2,2,2,2,2,2,2,1,4,5,5,6,7,6,4,7,6,1,57,2,1,1,1,48,2200,2000,0,615701,셀프 주유소 증가,상고
28666,2,1,2,3,2,1,1,0,2,1,2,1,1,0,2,1,2,3,2,1,2,3,2,1,2,2,1,0,2,1,2,1,1,0,1,0,2,1,2,3,2,3,1,0,2,3,2,1,2,2,3,2,2,1,1,0,2,1,2,1,1,0,2,3,2,1,2,2,3,1,2,1,1,0,2,3,2,2,2,1,2,3,2,1,3,2,2,1,4,4,3,3,2,3,4,2,3,3,2,3,4,3,1,2,2,2,0,2,2,2,2,1,4,3,2,3,2,3,4,3,4,3,2,3,4,3,3,2,3,4,4,3,2,3,4,3,4,5,5,3,4,4,2,1,2,1,1,2,1,2,2,3,1,3,2,2,1,7,6,7,3,4,5,4,5,3,2,51,2,1,3,2,40,2400,2000,0,862301,자동화 시스템 업무 감소 공장 점차 무인 자동화 인력,경영
28667,1,0,1,0,1,0,1,0,1,0,1,0,1,0,1,0,1,0,1,0,1,0,1,0,4,5,1,0,1,0,1,0,1,0,1,0,1,0,4,5,1,0,1,0,1,0,1,0,1,0,1,0,1,0,1,0,1,0,1,0,1,0,1,0,1,0,1,0,1,0,1,0,1,0,1,0,1,0,1,0,4,5,4,5,3,3,3,3,4,3,4,3,4,2,3,2,2,3,3,3,4,9,1,2,2,2,0,7,2,3,3,2,3,3,2,3,9,4,3,3,2,3,3,3,2,1,3,2,3,2,4,4,2,3,3,2,3,4,2,3,4,4,2,2,2,2,2,2,2,2,2,2,2,2,2,3,2,9,7,6,8,9,9,6,4,6,2,49,2,1,1,1,50,2500,2000,0,532201,배달 음식 선호,상고
28668,3,5,3,5,2,4,3,6,1,0,2,4,5,6,3,4,5,5,3,4,4,4,3,4,2,5,4,6,4,6,4,6,4,5,2,3,5,6,4,5,4,6,4,4,4,5,2,5,2,4,3,4,3,4,1,0,1,0,1,0,1,0,1,0,1,0,1,0,1,0,1,0,1,0,1,0,2,4,2,4,3,5,3,5,2,4,5,7,4,4,3,2,3,3,4,5,3,4,4,3,4,18,1,2,2,1,3,7,1,4,4,4,4,4,3,2,9,9,4,4,1,5,5,3,4,4,3,3,4,4,3,4,5,3,3,3,4,4,5,3,4,5,2,2,2,2,2,2,2,2,2,2,1,2,2,2,1,8,4,6,1,4,7,7,8,6,1,61,4,1,2,2,20,1200,1000,0,416103,인문학 교양교육 문화 콘텐츠 수요 관심 수요 이동,건축공학
28669,4,4,5,6,3,4,5,6,2,3,4,6,1,0,4,6,4,6,2,3,1,0,5,6,5,6,5,7,4,5,5,6,1,0,3,4,5,7,4,6,5,6,5,7,5,7,1,0,1,0,1,0,4,6,4,5,5,7,3,4,1,0,1,0,1,0,4,5,5,6,5,7,5,7,4,6,3,4,5,6,5,7,5,7,5,7,4,5,5,2,2,5,5,5,3,4,5,3,4,5,4,18,2,5,2,1,5,5,3,5,1,1,2,5,5,4,4,3,2,4,2,2,4,5,4,5,5,5,5,5,1,5,5,4,5,5,4,5,4,3,3,5,1,1,1,2,2,1,2,2,2,1,5,2,2,2,1,9,8,9,2,2,8,9,8,1,1,50,4,1,1,1,40,5200,5000,0,420101,훈련계획이나 작전기술을 습득 기술 도입 반복 훈련 작전 기술 전수 도입 기술 지도 선수 추천 계약 관련 업무 대중 운동 기술 도입 여유 삶의질,스포츠
28670,5,6,4,6,4,5,4,5,4,5,4,6,4,5,3,5,4,5,4,5,3,5,3,5,4,5,3,5,4,5,4,5,3,4,2,4,3,5,3,5,4,5,4,5,4,6,3,5,3,4,4,5,2,3,2,3,1,0,2,3,4,4,1,0,1,0,1,0,1,0,1,0,3,5,2,3,3,3,4,5,4,5,2,4,4,6,4,5,4,4,2,4,3,3,4,3,2,3,3,3,3,15,2,4,2,2,0,3,5,4,4,3,4,3,3,4,4,3,4,4,4,3,3,4,3,4,4,2,3,3,3,4,2,4,4,3,4,4,3,2,4,4,2,2,2,2,2,2,2,2,2,1,2,2,2,3,1,6,6,7,5,6,6,6,6,5,1,33,4,1,1,1,30,5000,4700,0,21001,기계화 전산 화로 감소,행정학
28671,4,5,5,5,4,5,4,5,3,4,4,5,4,6,4,5,4,6,3,4,4,4,4,5,3,4,4,5,3,5,4,5,4,5,4,4,4,5,3,4,4,6,4,5,4,5,3,4,3,4,3,3,3,4,3,3,2,3,2,3,3,3,3,5,4,4,2,2,2,2,2,3,3,5,3,4,2,4,2,3,3,4,2,3,3,5,4,5,3,4,4,5,4,4,5,3,4,4,4,4,3,15,2,5,1,2,0,7,5,3,3,3,4,5,4,4,3,4,3,4,2,4,4,3,3,2,3,1,4,3,4,5,4,3,3,3,4,5,4,3,5,4,2,2,2,2,2,2,2,2,2,1,3,3,3,3,2,5,5,4,5,4,4,4,6,6,1,32,4,1,1,1,52,4300,3000,0,157101,식품기술사 수산물품질관리사 상태 유지,식품공학
28672,5,5,4,5,4,5,4,6,3,5,4,6,3,4,2,4,4,4,2,5,4,5,4,6,4,6,3,4,4,4,4,6,4,4,3,4,4,6,3,3,4,4,4,5,4,5,5,5,2,3,1,0,3,3,1,0,1,0,1,0,3,3,1,0,2,2,1,0,1,0,1,0,2,2,2,1,1,0,2,2,2,3,1,0,2,2,2,2,4,4,3,3,4,2,5,2,3,4,5,4,4,16,5,2,1,2,0,3,4,4,3,3,4,4,4,4,3,4,4,4,3,4,3,3,3,2,2,4,4,5,4,4,3,4,4,4,4,4,3,3,4,3,2,2,2,2,2,2,2,2,2,2,2,1,1,1,1,7,5,8,5,4,8,5,5,5,2,29,4,1,1,1,40,3800,3000,0,213001,유치원2급정교사자격증 출산율 감소,유아교육학
28673,5,5,3,5,3,3,4,3,1,0,5,4,1,0,3,3,4,3,1,0,3,4,2,3,4,4,3,3,3,5,4,4,2,2,3,2,1,0,1,0,5,5,5,5,3,3,1,0,1,0,1,0,1,0,1,0,1,0,1,0,1,0,1,0,2,1,1,0,1,0,1,0,3,2,1,0,1,0,1,0,1,0,2,2,3,4,3,4,4,3,3,5,4,4,5,3,4,5,4,4,3,15,2,5,2,2,0,3,6,5,4,4,4,5,3,4,5,4,4,3,4,5,5,3,5,4,4,5,3,4,4,5,4,4,2,3,4,3,4,4,5,4,2,2,2,2,2,2,2,2,2,2,3,2,3,3,2,4,3,7,6,5,5,4,7,6,1,34,5,1,1,1,40,7000,6800,0,221101,특정 공무원 제한,법학
28674,1,0,2,2,1,0,3,4,1,0,2,2,2,2,2,2,2,2,1,0,1,0,1,0,2,2,2,2,3,3,2,2,2,2,2,2,1,0,4,6,2,3,2,2,2,2,1,0,1,0,2,2,3,3,2,2,2,3,3,3,3,3,4,5,4,5,4,5,4,5,3,4,2,2,2,2,2,2,3,3,3,4,2,2,2,2,2,2,2,3,4,2,2,3,2,2,2,2,2,2,4,14,1,1,2,1,3,5,1,2,2,2,3,2,3,2,2,2,3,2,2,1,2,4,3,2,3,2,2,3,2,4,3,2,2,3,3,2,2,1,2,3,2,2,2,2,2,2,2,2,2,4,1,2,2,2,2,8,8,8,5,3,4,3,6,6,2,43,2,1,1,1,25,1500,1300,0,864301,세탁기 조작방법 경기 침체,이과
28675,2,2,3,4,2,2,4,5,3,4,2,2,2,2,2,1,3,3,2,1,2,3,3,4,4,5,3,3,4,5,4,5,3,4,3,3,3,3,4,5,3,4,4,5,3,4,4,5,3,4,2,1,2,2,2,2,3,4,3,4,2,2,3,3,3,4,4,5,4,5,3,4,2,2,3,4,2,2,3,4,2,2,2,3,3,3,2,1,4,3,4,3,2,1,3,4,3,4,4,1,3,19,4,1,1,1,3,5,2,4,5,3,4,5,4,3,9,9,9,3,2,4,5,2,3,4,2,3,3,4,4,5,3,3,5,3,4,5,3,4,5,5,2,2,2,2,2,2,2,2,2,2,3,2,2,2,1,6,8,7,6,6,4,4,2,5,1,49,3,2,6,1,40,0,0,3000,531701,바리스타 자격증 스팀 다루는 방법 라떼아트,실용음악
28676,4,5,4,5,3,4,4,4,4,4,3,3,4,4,4,4,3,4,4,5,3,5,3,4,3,3,3,3,3,3,3,4,3,4,3,3,3,4,3,4,3,3,3,3,3,4,2,3,3,3,3,3,4,4,3,4,4,4,3,3,3,3,3,3,3,3,3,4,3,4,3,3,3,4,2,3,3,3,3,4,4,4,3,4,4,5,4,5,4,4,3,4,4,2,2,3,3,4,3,3,3,19,2,6,2,1,6,6,4,3,4,3,4,3,3,4,4,5,5,4,3,4,4,4,3,3,4,4,3,3,3,4,3,3,4,4,3,3,4,4,4,3,2,2,2,2,2,2,2,2,2,1,2,2,2,2,1,6,5,6,6,5,6,7,6,6,1,29,3,1,1,1,40,8500,4000,0,420201,경마훈련 인구 감소,승마산업학
28677,5,7,5,7,5,7,5,6,4,4,4,6,4,5,5,6,4,6,4,5,4,5,3,3,3,4,2,3,3,4,2,2,3,4,3,3,3,5,3,5,2,2,2,2,1,0,2,1,1,0,2,2,2,2,2,1,1,0,1,0,2,1,1,0,2,2,2,2,1,0,1,0,2,4,1,0,1,0,1,0,1,0,1,0,2,3,2,3,5,4,3,3,4,4,4,4,3,3,4,4,4,16,5,5,2,2,0,6,7,4,4,4,4,3,3,5,4,4,3,4,2,3,3,3,4,4,2,2,2,2,4,4,4,4,4,3,3,2,3,3,3,4,2,2,2,2,2,2,2,2,2,2,2,3,3,3,2,3,2,1,1,3,2,3,3,3,1,51,6,1,1,1,45,8000,5000,0,110101,순수학문 대한 주위 인식,철학
28678,3,3,3,3,2,3,3,3,2,2,2,2,4,2,2,2,2,2,2,1,2,1,2,2,3,2,2,1,3,3,3,2,3,2,2,2,2,2,3,2,2,2,2,2,2,1,2,2,2,1,2,2,2,1,2,1,1,0,2,1,3,3,2,1,1,0,1,0,1,0,1,0,2,1,1,0,1,0,1,0,2,1,1,0,2,1,2,1,4,3,3,3,3,3,3,4,3,3,3,2,3,7,1,3,2,2,0,6,5,3,2,1,2,3,2,3,3,3,4,3,4,2,3,4,3,4,4,3,3,3,4,3,3,3,2,3,3,3,4,2,4,4,2,2,2,2,2,2,2,2,2,4,2,2,3,3,1,3,4,3,6,6,5,3,3,6,1,48,4,1,1,1,40,2400,2400,0,24301,인공 지능 발달,시각디자인
28679,3,4,4,4,4,4,3,3,2,2,2,3,3,4,3,3,2,2,3,3,3,3,3,3,3,3,2,2,3,3,2,2,3,3,3,3,2,2,3,3,3,3,3,4,3,3,3,3,2,2,3,3,3,3,2,2,2,2,3,3,2,2,2,2,2,2,1,0,1,0,2,2,1,0,2,2,1,0,2,2,1,0,1,0,2,2,2,2,4,3,2,3,4,3,2,3,2,3,3,4,4,18,1,2,2,2,0,3,5,3,3,4,3,4,4,3,4,3,3,3,3,3,4,3,3,4,4,3,3,3,3,3,4,4,3,3,3,3,3,4,4,3,2,2,2,1,2,2,2,2,2,1,3,2,2,1,1,5,5,6,6,4,5,5,6,5,1,44,4,1,1,1,48,4500,2900,0,24101,서비스 개발 변화,경영학
28680,5,7,5,7,5,6,5,6,5,7,5,7,5,6,5,7,5,7,2,2,3,4,5,7,5,3,5,6,2,2,5,6,2,2,1,0,5,6,1,0,5,7,2,3,2,2,1,0,2,2,1,0,2,2,1,0,1,0,1,0,2,3,1,0,2,2,1,0,1,0,1,0,1,0,2,2,1,0,1,0,2,2,1,0,3,4,2,3,5,5,5,4,5,4,5,5,4,5,5,2,5,16,5,2,2,2,0,5,5,4,3,3,4,3,3,3,9,9,9,4,2,5,4,3,4,4,3,4,4,4,3,4,5,4,5,5,4,4,5,5,4,5,2,2,2,2,2,2,2,2,2,1,2,2,2,2,1,6,3,3,2,2,5,5,4,2,1,45,4,2,5,1,40,0,0,3000,214101,공교육 확대 학원 수업 제한,교육학
28681,5,7,4,5,2,3,5,7,4,5,4,5,3,4,3,4,5,7,3,4,3,4,4,5,4,5,4,5,2,3,2,3,2,3,1,0,3,4,1,0,1,0,1,0,2,3,1,0,1,0,1,0,1,0,1,0,1,0,1,0,1,0,1,0,1,0,1,0,1,0,1,0,1,0,1,0,1,0,1,0,1,0,1,0,3,4,4,5,3,5,3,3,4,5,4,5,3,4,4,4,4,18,1,6,2,2,0,3,2,4,4,4,5,5,3,3,3,4,4,4,2,5,5,2,3,3,2,4,4,5,2,5,4,4,4,5,5,5,4,4,5,4,2,2,2,2,2,2,2,2,2,2,3,1,1,1,1,8,2,3,1,1,4,9,4,1,2,25,4,1,1,1,40,2400,2400,0,416205,방송사 일자리,신문방송학
28682,1,0,1,0,1,0,1,0,1,0,1,0,1,0,1,0,1,0,1,0,1,0,1,0,1,0,1,0,1,0,1,0,1,0,1,0,1,0,1,0,1,0,1,0,1,0,1,0,1,0,1,0,1,0,1,0,1,0,1,0,1,0,1,0,1,0,1,0,1,0,1,0,1,0,1,0,1,0,1,0,4,5,3,4,1,0,1,0,3,3,3,3,2,2,2,2,2,2,3,2,4,9,1,2,2,2,0,7,1,2,2,2,2,2,3,3,9,4,4,4,4,2,3,3,2,3,4,2,2,4,5,5,2,4,3,4,3,5,3,2,5,4,2,2,2,2,2,2,2,2,2,1,2,2,2,2,2,9,8,9,2,2,9,3,7,5,2,61,1,1,2,2,57,2600,2200,0,532301,인구 감소,0
28683,4,5,4,5,3,4,4,6,4,4,4,4,4,5,3,4,3,4,4,5,4,5,3,4,3,4,3,4,4,5,3,4,3,5,3,5,3,5,4,5,4,5,4,4,4,4,3,4,4,5,4,6,4,5,4,5,4,5,4,6,4,5,4,5,4,5,4,5,3,4,3,4,3,4,3,4,3,4,4,5,4,5,4,5,4,5,3,4,3,3,4,3,3,3,2,3,3,4,3,3,3,19,1,2,1,1,3,5,5,4,4,4,4,3,3,4,4,5,4,4,3,4,3,3,3,4,3,4,3,3,4,3,3,4,3,3,3,3,2,3,3,4,2,2,2,2,2,2,2,2,2,1,2,2,2,2,2,4,6,5,5,6,5,6,5,5,1,39,4,1,1,1,47,4300,3000,0,415301,실내건축산업기사 내부공간 설계 배치 경기 침체,실내디자인
28684,4,4,4,4,2,4,3,5,3,3,3,6,4,3,3,5,4,4,4,4,3,5,4,4,3,4,2,3,3,5,4,5,3,5,4,4,3,5,3,5,2,4,4,4,2,4,4,4,3,5,4,4,2,4,4,5,4,6,3,5,2,4,3,5,4,4,3,5,4,4,2,4,4,4,3,5,4,4,2,5,3,5,2,4,4,5,3,4,4,3,3,2,3,3,3,3,3,3,4,3,4,15,2,5,1,2,0,5,5,3,4,3,3,4,4,3,4,3,4,4,2,4,3,4,3,3,3,4,3,4,4,3,4,3,2,3,4,3,4,3,3,2,2,2,2,2,2,2,2,2,2,2,3,3,3,3,2,6,6,7,6,5,6,5,4,6,1,38,4,1,1,1,40,4800,3500,0,621403,관제사 이용자,경영학
28685,4,5,4,5,3,4,3,4,3,4,4,4,4,4,3,4,4,4,3,4,3,5,3,4,3,4,3,4,4,4,4,5,3,5,4,5,3,5,4,5,3,5,2,2,2,2,2,2,1,0,1,0,2,2,1,0,1,0,1,0,1,0,1,0,1,0,1,0,1,0,1,0,1,0,5,5,1,0,4,4,1,0,1,0,5,5,3,4,4,3,4,4,4,4,2,4,4,3,4,3,4,18,1,2,2,2,0,2,5,4,3,4,4,4,4,4,5,4,3,4,4,3,4,4,4,3,4,3,3,3,4,4,3,4,3,4,4,4,3,4,3,3,2,2,2,2,2,2,2,2,2,2,3,3,3,3,2,6,6,4,2,3,4,6,3,4,1,28,4,1,1,1,40,3200,2800,0,414303,변화,만화애니콘텐츠학
28686,3,3,3,3,2,3,3,4,5,5,4,5,4,5,4,5,4,5,4,4,4,5,4,5,3,4,4,5,3,4,4,5,4,5,4,5,3,3,4,6,4,5,4,5,4,5,4,4,4,5,3,4,5,6,5,6,5,6,4,5,4,6,4,6,4,6,5,6,4,6,5,7,4,5,4,5,4,6,4,6,4,6,4,6,3,4,4,5,4,3,4,3,4,1,4,4,4,3,4,5,2,13,1,2,2,1,4,7,5,4,4,3,4,5,4,4,3,3,4,4,3,4,4,3,3,4,3,2,3,3,3,3,4,2,4,4,4,3,4,4,3,4,2,1,1,1,2,2,2,2,2,2,4,2,2,2,1,9,3,2,3,2,3,2,3,2,1,40,5,1,1,1,45,5700,4200,0,151105,항공기 제작 정비 교육 체계 도입 시야 안정 확보 항공기 사용 증가,항공기계
28687,2,2,3,4,4,5,3,4,1,0,4,5,1,0,4,5,2,2,4,5,3,4,3,4,4,5,4,6,3,4,4,5,2,2,3,4,4,5,3,4,4,5,3,4,4,5,1,0,1,0,3,4,1,0,1,0,1,0,1,0,1,0,1,0,2,2,4,5,3,4,3,4,3,4,1,0,3,4,4,5,3,4,4,5,4,5,4,5,2,4,2,4,4,3,4,3,2,3,2,4,3,15,2,5,2,1,3,6,5,4,4,3,4,4,5,4,4,3,3,4,3,3,2,4,4,5,3,3,4,3,4,4,4,3,3,2,3,3,4,3,3,3,2,2,2,2,2,2,2,2,2,1,3,3,3,3,2,2,2,1,1,3,2,2,1,1,1,33,4,1,1,1,40,3800,2200,0,250201,합동교육훈련 국방 인력 유지,항공정비
28688,2,3,3,3,2,3,4,5,3,3,3,3,3,3,2,2,3,4,2,2,3,4,2,2,3,3,3,3,3,3,3,4,5,6,4,6,2,2,4,5,4,5,4,6,3,4,3,3,2,2,2,2,1,0,1,0,1,0,1,0,3,3,1,0,1,0,1,0,1,0,1,0,1,0,1,0,2,2,3,3,3,3,3,3,4,5,3,3,5,3,4,4,3,4,3,4,4,3,3,2,4,19,1,2,2,2,0,7,2,3,4,3,3,3,3,4,9,4,4,4,2,3,4,4,4,4,4,3,3,3,4,4,4,4,3,4,4,4,3,4,4,4,2,2,2,2,2,2,2,2,2,1,3,2,2,2,1,9,8,5,5,5,5,8,5,5,1,54,2,1,1,1,54,4500,2300,0,612301,사람 일이 변화,일반고
28689,5,6,5,6,4,6,5,6,4,5,4,4,5,7,4,4,4,5,4,4,4,4,4,5,4,5,5,6,4,5,4,5,5,5,4,4,5,5,4,5,5,6,5,6,5,6,5,5,5,5,5,6,4,5,4,5,5,5,3,4,4,4,3,3,3,4,4,5,4,4,4,4,4,5,3,3,3,3,4,5,3,4,3,4,4,5,4,4,5,5,3,3,4,4,3,5,2,3,4,4,4,18,1,2,2,2,0,5,5,4,2,2,2,4,3,3,3,4,4,4,4,3,3,3,4,3,3,5,3,3,3,3,4,4,4,4,3,4,3,4,4,3,2,1,1,2,2,2,2,2,2,2,2,2,3,3,2,8,7,8,4,3,4,8,6,4,2,42,4,1,1,1,40,4000,3000,0,416101,촬영 장비 개발 영상 기술 첨단,방송영상학
28690,3,4,4,4,2,2,3,3,1,0,1,0,1,0,2,2,3,3,2,3,1,0,1,0,3,3,1,0,2,2,2,3,1,0,1,0,1,0,3,4,1,0,1,0,2,3,1,0,1,0,1,0,1,0,1,0,1,0,1,0,1,0,1,0,1,0,1,0,1,0,1,0,1,0,2,3,4,4,2,4,3,4,2,2,2,3,2,2,1,3,1,2,3,1,2,1,2,3,1,2,2,9,4,2,2,2,0,7,1,2,2,1,3,1,3,1,1,3,4,2,5,2,3,4,4,3,3,4,2,5,3,5,2,2,3,2,2,4,3,2,4,3,2,2,1,2,2,2,2,2,2,4,2,2,2,2,1,7,7,8,7,9,8,8,7,7,2,55,2,1,4,1,40,2000,1700,0,532301,식기세척기 도입 세척 기계 일이,상고
28691,2,3,2,1,2,3,2,3,2,3,2,1,2,1,1,0,2,1,3,2,1,0,2,2,3,2,3,2,3,3,2,1,2,1,2,1,2,1,2,3,2,1,1,0,2,3,1,0,2,1,3,2,2,3,1,0,2,2,3,2,2,1,2,3,2,1,2,3,2,3,2,2,1,0,2,3,2,1,2,3,2,1,2,2,3,2,2,1,3,2,4,3,2,3,4,2,3,4,3,4,3,3,1,2,2,2,0,3,2,3,3,2,4,3,2,3,3,4,4,3,4,3,2,4,3,4,3,2,3,4,4,5,4,3,4,3,4,5,5,4,3,4,2,1,1,2,1,1,2,1,2,2,2,3,2,2,1,7,5,6,4,3,5,7,6,5,1,32,2,1,3,2,40,2100,2000,0,863401,기술 고용 불안 고용 업체 직종 일자리,기계공학
28692,3,4,3,4,3,4,4,4,3,2,3,4,1,0,3,4,3,4,3,4,2,4,2,2,2,4,3,5,3,4,3,5,4,5,3,4,2,3,3,5,4,5,3,5,3,4,2,2,2,3,3,4,3,3,1,0,2,3,2,2,1,0,2,3,2,4,2,3,2,3,2,3,2,3,2,3,3,5,2,5,4,5,3,3,3,4,3,4,3,4,1,2,3,2,3,4,2,2,4,4,2,15,2,2,1,2,0,7,5,4,3,3,4,4,2,2,3,3,3,3,3,3,3,3,4,4,3,4,4,4,4,4,3,3,4,4,4,4,4,4,4,4,2,2,2,2,2,2,2,2,2,1,3,3,3,3,2,8,8,8,3,3,3,2,5,6,2,28,4,1,1,1,45,2800,2400,0,240101,경찰공무원 치안유지 필요,행정학
28693,5,6,5,6,5,6,3,4,3,4,4,5,4,4,5,6,3,5,4,5,3,5,5,6,4,5,4,5,3,5,4,5,2,3,2,4,4,5,3,5,3,5,4,5,3,5,3,6,3,4,3,4,2,4,2,3,2,3,2,3,4,5,2,3,2,3,2,2,2,3,2,2,4,5,1,0,2,2,2,3,4,5,4,5,5,5,3,5,4,5,4,4,5,4,5,4,4,5,5,5,5,15,2,3,1,2,0,5,4,4,3,3,4,4,4,4,4,4,4,4,3,3,3,4,4,3,3,2,3,5,5,5,4,4,3,3,4,4,4,4,4,4,2,2,2,2,2,2,2,2,2,2,3,2,2,2,1,3,4,4,5,5,5,5,5,6,2,30,4,1,1,1,45,3300,2500,0,413201,정사서 2급 도서관 증가 정보 문화센터 증가 예상,문헌정보학
28694,3,3,4,4,2,2,3,3,2,3,2,1,1,0,3,3,3,4,3,3,2,1,3,3,2,2,3,3,2,3,3,3,4,3,1,0,3,3,3,2,3,3,3,3,2,2,2,3,4,3,1,0,1,0,1,0,1,0,1,0,3,3,1,0,1,0,1,0,1,0,1,0,1,0,2,2,1,0,2,1,2,2,2,2,3,3,2,2,3,2,3,3,2,3,3,2,2,2,3,2,3,7,4,1,2,2,0,1,2,3,2,2,4,4,5,4,3,3,4,4,2,4,3,2,2,3,3,4,2,4,4,2,1,4,4,3,3,4,4,4,5,2,2,2,2,2,2,2,2,2,2,2,2,2,2,2,1,8,8,7,5,3,3,8,8,5,2,33,4,2,6,1,40,0,0,3000,615301,컴퓨터 프로그램 발달,경영학
28695,4,6,4,5,4,5,4,6,2,2,4,5,2,2,2,2,4,5,2,2,1,0,2,2,4,4,5,4,4,6,3,4,4,4,5,4,4,4,5,5,4,5,3,4,4,4,4,4,4,4,4,4,1,0,1,0,1,0,1,0,3,4,1,0,1,0,1,0,1,0,1,0,3,4,1,0,1,0,1,0,1,0,1,0,2,3,3,4,5,5,2,3,4,4,2,3,4,5,3,4,5,18,4,1,2,2,0,1,2,3,3,2,3,3,3,3,3,3,4,3,2,4,4,4,2,2,4,1,4,2,4,4,4,4,2,2,3,5,2,1,4,5,2,2,2,2,2,2,2,2,2,1,4,2,2,2,2,3,4,3,6,3,4,7,4,3,2,42,2,1,4,1,48,4000,2100,0,521201,여행 수요 갈수록 것이므,인문계
28696,5,7,5,7,5,7,5,7,5,6,5,7,4,6,4,6,4,6,4,5,4,6,4,5,4,5,3,3,3,4,3,4,3,5,4,6,4,5,4,4,3,4,3,4,3,4,2,3,2,3,3,3,2,2,1,0,1,0,1,0,1,0,1,0,1,0,1,0,1,0,1,0,2,3,1,0,1,0,1,0,1,0,1,0,3,3,3,3,5,5,4,4,5,4,4,3,3,4,4,4,4,15,2,4,2,1,3,3,5,4,3,4,4,4,3,4,4,4,4,4,2,5,4,4,4,4,3,3,4,3,3,4,4,4,4,4,3,3,4,4,4,2,2,2,2,2,2,2,2,2,2,2,3,3,3,3,1,4,3,2,2,2,2,4,2,2,1,40,4,1,1,1,50,7500,7000,0,221102,사법연수원 상태 유지,법학
28697,2,3,2,3,1,0,4,4,1,0,1,0,1,0,1,0,1,0,1,0,1,0,1,0,1,0,1,0,4,5,1,0,4,4,2,4,1,0,2,3,4,5,2,3,1,0,1,0,1,0,2,4,2,5,2,4,1,0,1,0,1,0,1,0,1,0,2,4,2,4,1,0,2,4,2,5,1,0,1,0,2,4,1,0,1,0,1,0,4,3,2,4,3,3,4,4,3,4,3,3,4,7,1,5,2,2,0,1,4,4,3,2,3,4,3,3,4,3,4,4,3,4,4,3,3,4,4,3,3,3,4,4,3,3,4,3,3,3,4,4,3,4,2,2,2,2,2,2,2,2,2,3,1,2,2,2,1,4,5,6,5,5,6,4,3,6,2,50,2,1,1,1,49,3900,2300,0,15101,감소 고령화 회로 증가,문과
28698,4,5,3,4,2,3,4,5,4,4,3,5,2,2,4,5,4,5,2,3,2,2,2,3,3,4,3,3,3,3,3,3,3,4,2,3,2,2,4,5,3,5,4,5,3,4,3,4,3,4,3,4,4,4,2,2,1,0,1,0,2,2,2,2,1,0,2,2,2,3,2,2,2,2,2,3,2,2,2,2,2,3,3,4,3,4,3,4,3,3,4,3,4,2,3,3,2,3,3,2,3,17,1,5,1,2,0,2,5,4,4,4,4,4,3,4,4,5,4,4,3,3,4,3,3,4,3,3,4,3,3,4,4,3,4,4,4,4,4,4,4,3,2,2,2,2,2,2,2,2,2,2,2,3,3,3,2,6,5,6,5,5,6,6,6,6,1,46,4,1,1,1,45,8300,3500,0,301101,국가의사면허 전문의 한의원 가정의학 과로 분산,의예
28699,3,4,4,4,4,5,3,4,4,5,4,5,4,5,4,5,4,5,4,5,4,5,4,5,4,5,4,5,4,5,3,5,4,5,4,5,4,6,4,5,4,5,4,6,4,5,4,5,3,4,4,5,4,5,4,5,4,5,4,5,3,4,4,5,4,5,4,5,4,5,4,5,3,4,3,5,4,5,3,5,4,5,4,5,3,4,3,4,4,4,3,3,4,4,3,4,3,3,3,3,3,16,5,1,2,2,0,2,5,4,4,4,3,3,4,4,4,5,4,4,2,4,4,3,3,3,4,3,3,3,3,3,4,4,4,3,3,4,4,4,4,4,2,2,2,2,2,2,2,2,2,2,3,3,3,3,2,6,6,5,6,6,6,6,6,5,2,35,4,1,3,2,43,3600,2700,0,215105,변화,교육학
28700,2,3,3,3,2,3,2,3,2,2,2,2,1,0,2,2,2,2,1,0,1,0,4,3,2,3,1,0,1,0,2,1,1,0,1,0,1,0,2,4,3,4,1,0,1,0,1,0,1,0,1,0,1,0,1,0,4,4,3,5,2,3,2,4,5,3,5,4,5,3,5,3,1,0,3,4,5,4,4,4,2,2,2,4,3,4,2,3,3,2,1,2,3,2,3,2,3,2,2,2,2,3,1,2,2,2,0,6,1,2,2,2,2,2,2,2,3,4,4,3,4,1,1,3,2,1,1,4,2,4,2,4,3,3,2,2,4,3,3,3,4,4,2,2,2,2,2,2,2,2,2,2,3,3,3,3,2,7,7,8,7,7,6,4,1,5,1,33,3,1,1,1,40,2400,2300,0,873201,음식 제조 가공 분야,기계
28701,4,5,3,5,3,5,3,5,3,5,3,5,4,4,4,4,4,5,4,5,3,5,3,6,4,5,4,4,4,6,4,5,3,5,3,5,4,5,3,5,4,5,4,5,3,5,4,6,3,4,4,5,3,5,4,5,4,4,4,5,4,4,2,4,3,5,4,4,4,6,4,5,3,5,3,5,4,6,3,5,3,6,4,5,3,5,4,5,4,3,4,4,4,4,4,4,3,4,3,3,4,3,1,5,2,2,0,1,2,3,4,3,4,3,3,4,4,4,3,4,3,3,4,3,4,3,4,4,3,3,4,4,3,4,3,4,3,2,3,3,3,5,2,2,2,2,2,2,2,2,2,1,2,2,2,2,2,5,4,6,5,4,5,5,4,6,1,35,3,1,1,1,44,4200,2500,0,852301,자동화 설비 도입 감소,토목
28702,5,6,4,5,4,5,4,5,4,5,4,5,1,0,4,4,4,5,1,0,3,3,3,5,4,5,4,4,1,0,3,4,1,0,1,0,3,5,3,5,3,5,3,4,4,4,1,0,4,4,3,4,4,5,4,5,3,5,1,0,4,5,3,4,4,5,3,5,3,4,4,5,4,5,4,5,3,4,3,5,3,5,3,3,5,6,2,1,4,4,5,4,4,3,3,3,4,3,3,4,3,3,1,4,1,2,0,3,5,4,5,4,4,4,4,4,3,3,3,3,2,4,4,4,3,5,4,3,3,4,4,4,3,3,4,5,4,3,4,4,4,3,2,2,2,2,2,2,2,2,2,2,2,3,3,3,2,7,3,5,7,4,6,7,4,6,1,48,5,1,1,1,40,5900,4400,0,152101,산업기사 세라믹 소재 산업 기초 재료 산업 중국 이전 감소,신소재공학
28703,4,6,3,6,3,5,3,5,1,0,4,6,4,6,4,6,4,5,3,5,3,4,4,5,3,5,3,5,3,5,3,5,3,5,3,5,3,5,3,5,3,4,3,5,3,5,3,5,3,5,3,5,3,5,2,4,3,5,3,3,3,5,3,5,3,4,1,0,1,0,1,0,3,5,3,5,3,4,3,5,3,4,3,5,3,5,3,5,5,4,4,3,4,3,3,3,4,3,2,3,3,16,5,2,2,2,0,3,6,5,4,4,4,4,4,4,3,3,5,4,1,4,4,3,4,5,3,4,3,3,4,3,4,5,3,4,3,5,4,3,4,2,2,2,2,2,2,2,2,2,2,2,3,3,3,3,2,6,5,3,4,2,4,4,8,6,1,45,6,1,1,1,40,6500,6500,0,110103,언어 대한 사람 관심,국문
28704,1,0,2,3,1,0,1,0,5,3,3,3,5,4,1,0,5,5,5,4,5,4,1,0,1,0,1,0,1,0,1,0,1,0,1,0,1,0,5,5,5,4,5,4,5,5,5,5,5,4,1,0,5,4,5,4,5,4,5,3,2,2,5,4,5,3,5,4,5,4,5,5,5,4,5,5,5,4,5,5,5,6,3,3,5,5,5,5,4,4,4,4,4,1,4,3,3,4,3,3,3,3,1,2,2,2,0,1,2,1,3,3,4,4,4,4,9,4,4,4,4,1,1,5,5,5,5,4,3,3,2,5,4,4,4,4,4,5,5,4,5,3,2,2,2,2,2,2,1,2,2,2,2,2,2,2,2,8,6,3,2,1,4,8,5,3,1,47,4,1,3,2,40,3600,2400,0,826401,위험 요인 기계로 대체 기계로 대체,전산학
28705,5,5,4,6,3,4,3,4,3,4,2,5,3,3,3,4,3,3,1,0,3,3,3,3,2,3,3,3,4,5,3,4,2,3,1,0,1,0,3,4,4,4,3,3,3,3,3,4,2,4,3,4,1,0,1,0,2,3,1,0,4,3,1,0,2,3,3,3,4,5,3,3,1,0,3,4,3,3,3,3,2,4,3,3,2,4,3,4,5,5,4,4,4,4,5,2,3,4,5,4,4,17,1,1,1,1,6,6,5,4,4,4,3,4,3,4,9,9,9,4,4,4,4,4,4,3,3,4,4,3,4,4,4,3,4,3,4,4,4,3,4,2,2,2,2,2,2,2,2,2,2,2,2,3,3,3,2,4,3,6,4,6,6,5,4,4,1,39,4,2,5,1,40,0,0,8000,301201,의사 면허 인턴 레지던트 과정 전문의 의사 일반 수요 감소,의학
28706,2,3,3,5,3,4,3,4,2,4,3,3,2,3,2,3,2,5,3,4,3,3,2,5,4,5,3,4,2,5,4,5,4,5,3,5,4,3,5,5,4,4,4,4,4,4,4,6,2,3,3,5,2,3,5,5,3,6,4,5,2,2,3,3,3,4,3,4,3,4,4,5,3,4,4,5,3,4,3,4,3,6,2,3,2,2,3,4,4,3,4,4,3,3,4,4,4,4,3,4,3,14,1,2,1,1,3,3,5,3,4,4,4,4,3,5,4,5,5,4,4,5,4,4,3,4,5,4,4,4,4,3,4,5,4,3,4,5,4,3,4,4,2,2,2,2,2,2,2,2,2,2,1,2,2,2,1,8,6,7,5,6,6,5,7,6,1,38,4,1,1,1,45,5500,2600,0,140205,소방기술사 자격증 주기적인 워크샵을 해서 교육을 해주었으면 업무 시스템,건축
28707,5,6,5,6,5,6,3,5,3,5,4,5,4,6,3,5,4,5,4,5,4,6,3,5,4,5,4,6,4,4,3,4,4,6,3,5,3,4,4,5,4,4,3,4,2,4,2,3,1,0,1,0,1,0,1,0,1,0,1,0,1,0,1,0,2,4,1,0,1,0,1,0,1,0,1,0,3,4,3,4,4,5,3,4,5,6,5,6,3,2,5,2,4,4,5,5,4,4,3,3,3,18,4,1,2,2,0,4,2,4,4,4,4,4,3,5,9,9,9,4,3,4,4,3,3,4,3,4,4,4,4,4,4,5,3,4,4,4,5,3,4,3,2,2,2,2,2,2,2,2,2,1,3,3,3,3,2,3,7,9,7,2,8,8,1,2,1,81,4,1,4,2,30,1500,1000,0,411102,인기 작가 직업 대부분 경제 이유 직업 활동 여건,법학
28708,5,6,4,5,4,5,4,6,4,6,4,5,4,5,4,4,4,6,3,5,4,5,4,6,4,5,5,5,4,5,3,4,4,5,3,4,4,5,4,6,4,5,4,5,4,4,3,4,3,4,2,4,3,4,1,0,1,0,1,0,3,4,2,3,2,3,1,0,1,0,1,0,3,5,3,3,2,3,3,4,2,3,2,2,4,5,3,4,4,3,5,5,4,4,5,4,4,5,4,4,3,16,5,5,2,2,0,7,5,4,3,3,5,4,3,4,4,3,4,4,2,4,4,5,3,3,2,1,4,3,4,5,4,3,3,2,4,5,5,3,4,4,2,2,2,2,2,2,2,2,2,1,3,3,3,3,2,7,5,5,3,6,6,4,6,6,1,39,6,1,1,1,50,5200,4000,0,121103,상태 유지,수학교육
28709,3,5,3,5,2,4,5,6,3,5,4,6,3,5,4,5,4,6,4,6,3,5,3,5,4,6,4,5,4,5,4,6,4,6,5,3,3,5,5,6,4,5,5,3,4,6,4,5,2,3,2,4,1,0,1,0,4,5,1,0,3,5,1,0,3,4,3,4,3,4,3,4,1,0,4,5,3,5,3,4,2,3,4,5,3,5,3,4,3,3,3,2,2,4,2,2,3,2,4,3,3,7,1,1,1,2,0,5,4,3,2,1,3,3,3,2,9,3,3,3,4,2,3,3,3,2,3,4,2,3,3,4,2,2,2,2,3,4,3,2,2,3,2,2,2,2,2,2,2,2,2,3,1,2,2,2,1,6,7,7,6,6,5,4,4,3,1,38,2,1,1,1,54,2640,1800,0,307301,안경사 자격증 안과 첨단 시술 시력,이과
28710,2,3,2,3,2,3,3,5,1,0,1,0,1,0,4,4,2,3,1,0,1,0,2,2,2,3,1,0,2,3,3,4,2,3,1,0,3,3,4,6,2,3,1,0,1,0,1,0,2,3,2,2,1,0,1,0,1,0,1,0,1,0,1,0,1,0,2,3,2,3,2,3,1,0,1,0,3,4,1,0,4,5,3,4,2,3,2,3,2,3,2,3,3,1,2,3,3,3,2,3,3,9,4,1,2,2,0,7,1,2,2,1,3,3,2,3,3,3,3,4,2,4,3,3,3,3,2,2,4,5,2,4,2,2,4,4,3,4,4,4,4,4,2,2,2,2,2,2,2,2,2,1,3,3,2,2,2,9,9,9,5,7,7,2,2,3,2,57,1,1,4,1,50,2400,1800,0,532201,갈수록 음식 점등 진출 예상,0
28711,3,5,4,5,4,5,4,5,4,5,4,5,4,5,4,5,4,5,4,5,4,5,4,5,4,5,4,5,4,5,4,4,4,4,4,5,4,5,4,5,4,5,4,5,4,5,4,5,4,5,4,4,4,4,4,4,4,4,4,4,4,4,4,4,4,4,4,4,4,4,4,4,4,4,4,4,4,4,4,4,4,4,4,4,4,4,4,4,4,4,4,4,4,4,4,4,4,4,4,4,4,15,2,6,1,1,6,6,4,4,4,4,4,4,4,4,4,4,4,4,4,2,4,4,4,2,1,3,3,4,4,4,4,4,3,4,4,5,4,4,4,4,2,2,2,2,2,2,2,2,2,1,5,1,1,3,1,8,3,8,8,4,8,8,2,8,1,32,3,1,1,1,52,5800,3100,0,621403,철도관제사 집중력 상황판단능력 기본배경지식 기관사 무인 화로 관제 사가,전기공학
28712,2,3,3,4,2,2,3,4,2,3,1,0,1,0,1,0,3,3,1,0,1,0,3,3,1,0,3,4,2,3,1,0,2,2,1,0,1,0,2,3,3,2,1,0,2,2,1,0,1,0,1,0,1,0,1,0,1,0,1,0,3,3,1,0,1,0,1,0,1,0,1,0,1,0,1,0,1,0,1,0,1,0,1,0,3,4,2,2,4,3,3,3,2,3,3,3,1,1,3,2,2,11,3,2,1,1,2,2,5,3,2,2,3,3,2,3,3,2,3,3,3,3,1,2,1,2,3,3,3,3,3,4,1,2,3,3,2,4,3,2,4,4,2,2,2,2,2,2,2,2,2,2,2,3,3,3,2,7,8,6,7,5,4,4,5,6,1,33,4,1,1,1,40,3800,3600,0,32501,신용관리사 신용추심원 훈련 경제 침체,세무회계학
28713,3,4,4,6,2,3,4,5,3,4,5,6,4,5,4,5,4,5,4,5,4,5,4,5,3,4,3,4,3,4,3,4,4,4,3,4,3,4,4,4,3,4,3,4,3,5,4,5,2,3,3,4,3,4,3,4,3,5,4,5,2,3,3,4,3,4,1,0,1,0,2,2,5,7,3,3,5,5,2,2,3,4,4,5,4,5,4,5,4,3,4,4,3,4,4,3,3,4,3,3,3,18,1,3,1,2,0,2,5,3,3,3,3,3,3,4,4,5,4,4,2,4,3,3,4,3,3,4,3,4,4,4,4,3,3,4,4,3,4,4,4,4,2,2,2,2,2,2,2,2,2,2,4,3,3,3,2,6,5,5,6,5,6,6,6,6,1,54,4,1,2,2,45,4900,2800,0,420101,경기지도자 우수 선수 발굴 위해 청소년 체육부 신설,체육학
28714,4,5,4,5,4,5,4,5,5,6,5,6,4,5,4,5,4,5,4,5,4,5,3,4,4,5,4,6,4,5,4,5,4,5,4,5,3,4,4,5,5,6,5,3,5,6,4,5,4,6,4,6,5,6,4,6,4,5,4,5,5,6,5,7,4,6,4,5,5,6,5,6,4,6,4,6,4,2,4,6,4,6,4,6,4,6,4,6,4,4,2,3,4,2,4,4,3,4,4,4,4,3,1,3,1,1,5,3,4,4,4,4,4,4,3,3,2,3,3,3,2,4,4,4,4,5,4,4,4,3,3,4,4,5,4,4,5,4,4,4,5,5,1,1,1,1,1,1,2,2,2,2,4,3,3,3,2,9,8,8,2,2,2,8,2,2,1,43,3,1,1,1,45,4000,2400,0,28402,콘크리트 기사 자격증 기술사 품질관리자 교육훈련 건설 업종 기술 도입 장비 사용 급속도 제조업 업무,건축학
28715,4,5,4,6,3,5,4,5,4,5,4,5,3,4,4,5,4,5,3,5,3,4,3,4,3,4,3,5,4,5,4,5,4,5,3,4,3,4,3,5,4,5,3,5,4,5,4,5,3,4,3,4,4,5,4,5,4,5,4,5,3,5,4,5,4,5,4,5,3,4,3,5,4,5,4,5,4,5,3,4,3,5,4,5,4,5,4,5,4,4,4,4,4,4,3,3,3,3,3,3,3,11,1,2,1,1,2,5,5,4,4,4,3,3,3,4,4,4,4,4,2,3,3,4,4,4,4,4,4,4,4,4,3,3,3,4,4,4,4,4,4,4,1,1,1,1,1,1,1,1,1,4,2,2,3,3,2,4,4,4,4,4,4,4,4,4,1,52,4,1,1,1,50,14000,6000,0,12401,CFP 감정평가사 회계사 금융자산관리 시스템 업그레이드 대면 업무 감소,경영학과
28716,4,4,5,4,4,4,5,5,1,0,3,4,3,4,3,4,5,5,2,2,2,3,2,3,4,4,4,5,5,3,4,4,5,5,3,3,1,0,1,0,4,4,3,4,4,5,1,0,1,0,1,0,1,0,1,0,2,3,1,0,2,3,1,0,3,4,3,3,1,0,1,0,1,0,1,0,1,0,4,4,1,0,2,3,4,4,4,4,4,3,2,2,3,2,1,5,2,3,3,3,2,10,1,5,2,2,0,5,4,4,4,3,3,5,4,2,1,3,4,3,3,3,3,2,3,1,3,3,2,4,2,5,4,3,3,4,3,3,3,3,5,5,2,2,2,2,2,2,2,2,2,1,2,2,2,2,2,8,9,7,3,8,8,8,8,8,2,25,4,1,3,2,30,2200,2200,0,416302,리포터 특성 얼굴 선호 이직,신문방송학
28717,1,0,4,5,1,0,4,4,3,4,1,0,1,0,1,0,4,5,1,0,1,0,1,0,1,0,1,0,1,0,1,0,1,0,1,0,1,0,5,7,1,0,1,0,3,3,1,0,1,0,1,0,1,0,1,0,1,0,1,0,1,0,1,0,1,0,1,0,1,0,1,0,1,0,1,0,1,0,5,6,5,7,1,0,2,1,2,2,5,4,4,4,2,1,1,1,1,1,1,1,1,9,1,1,1,2,0,7,2,3,2,2,3,3,2,4,9,4,3,3,2,2,1,4,4,5,4,4,2,2,4,3,3,2,2,3,3,3,2,3,3,4,2,2,2,2,2,2,2,2,2,1,3,1,1,1,1,4,3,8,8,7,7,8,7,6,1,39,2,1,1,1,50,3500,3000,0,532401,오토바이,건축
28718,3,5,4,5,2,4,2,4,4,5,4,5,3,5,3,5,3,5,3,5,3,5,3,5,3,5,2,1,3,4,2,4,2,1,1,0,2,4,2,4,3,4,3,4,2,3,2,3,2,4,2,1,3,5,3,5,3,5,3,5,2,4,3,5,3,5,3,5,3,5,3,5,2,4,2,4,3,4,1,0,3,5,3,5,3,3,3,3,4,4,3,4,3,4,4,3,2,4,3,3,4,6,1,2,1,2,0,3,5,5,4,4,4,4,3,3,3,3,4,3,2,4,4,3,4,5,4,3,4,4,4,4,3,5,4,3,5,4,3,4,4,2,2,2,2,2,2,2,2,2,2,2,3,3,3,3,2,7,4,6,3,4,7,4,7,6,1,36,4,1,1,1,40,4400,3700,0,140101,토목구조기술사 지반기술사 토목기사 건설 경기 하락 당분간 주춤 예정,토목
28719,4,6,4,6,5,7,5,7,3,5,4,6,3,4,4,6,4,6,2,3,2,3,5,7,5,7,4,6,5,7,4,6,3,4,4,6,3,4,5,7,4,6,4,6,4,6,5,7,3,4,4,6,2,3,1,0,1,0,1,0,4,5,1,0,2,2,1,0,1,0,1,0,4,5,1,0,1,0,2,3,2,2,1,0,2,3,2,3,2,5,2,4,5,3,5,4,2,5,5,4,3,16,5,3,1,2,0,6,5,4,4,4,5,5,3,4,9,9,4,4,1,5,5,2,3,4,4,5,5,5,5,4,4,5,5,5,5,5,4,5,5,4,1,1,1,2,2,1,1,2,1,1,3,2,2,2,1,8,6,3,3,2,7,2,8,8,2,48,4,2,5,1,40,0,0,4800,13201,정교사1급 코로나 비대 교육 증가 유아 유치원 부족 변화,유아교육학
28720,1,0,3,1,2,2,1,0,2,2,1,0,1,0,2,2,3,3,4,4,1,0,1,0,2,2,4,3,1,0,3,2,1,0,1,0,2,1,1,0,5,5,2,2,4,3,1,0,2,2,4,4,5,5,3,4,4,6,5,5,2,2,3,2,4,5,4,4,5,3,3,4,1,0,3,3,4,4,1,0,2,3,1,0,3,2,2,1,4,2,4,3,3,1,2,3,4,2,3,4,4,3,1,2,2,2,0,2,2,4,3,5,4,5,5,4,3,5,4,4,1,4,4,4,2,3,4,4,5,3,5,3,4,4,5,3,4,4,3,4,5,5,2,2,2,2,2,2,2,2,2,2,2,3,3,3,2,7,9,6,4,3,5,4,7,8,1,32,3,1,1,1,40,2600,2600,0,822301,금속 하향 감소,금속공학
28721,3,4,3,4,2,2,3,3,2,3,2,2,3,3,2,2,3,4,3,4,3,4,3,4,3,3,3,3,4,5,3,4,3,4,3,4,3,4,3,4,3,3,2,3,2,3,3,4,3,3,3,3,3,4,3,4,2,3,2,2,3,4,3,4,3,3,3,4,3,4,3,4,4,4,3,4,3,4,3,4,3,4,1,0,1,0,1,0,4,4,3,4,3,4,4,3,3,3,3,3,3,3,1,5,1,1,4,5,4,3,3,4,4,4,4,3,2,3,2,3,2,4,4,2,3,4,3,4,3,3,4,3,4,3,3,4,3,3,4,3,3,3,2,2,2,2,2,2,2,2,2,3,3,3,3,3,2,2,8,8,7,5,6,8,6,8,1,30,4,1,1,1,45,4500,3800,0,151107,캐드 포토샵 캐드 포토샵 상황 유지,자동차학
28722,4,5,4,6,5,5,4,4,3,3,3,3,5,7,3,4,4,5,3,4,4,6,5,6,3,3,3,3,4,5,4,5,3,5,4,5,4,4,4,5,4,5,4,5,4,4,2,1,2,2,2,2,2,2,2,2,2,2,2,2,2,3,2,2,2,2,2,2,2,2,2,2,2,2,2,2,2,2,2,2,2,2,2,2,4,4,5,5,4,3,4,3,4,4,3,4,3,4,4,4,4,16,5,1,1,1,2,7,4,4,4,5,3,4,4,3,4,4,4,4,2,4,4,5,5,4,4,5,4,4,3,4,5,5,5,4,4,4,5,4,5,4,2,2,2,2,2,2,2,2,2,1,2,2,2,3,2,9,7,6,3,3,2,7,8,5,2,35,3,1,1,1,40,3800,2200,0,232101,보육교사자격증 직무연수 어린이 감소,유아교육학
28723,5,6,4,6,5,6,3,5,3,5,4,6,3,5,4,6,3,5,1,0,4,6,3,4,3,5,3,6,3,6,3,4,3,4,3,5,2,4,2,4,3,5,2,4,4,5,3,5,1,0,4,5,2,4,1,0,1,0,1,0,3,6,1,0,1,0,1,0,1,0,1,0,2,4,1,0,1,0,1,0,1,0,1,0,1,0,1,0,5,3,4,3,4,5,5,3,3,4,3,4,4,15,2,5,2,2,0,7,7,4,4,4,5,4,3,4,4,2,3,4,2,3,3,4,3,2,3,4,4,4,3,4,4,4,4,3,3,3,3,3,4,4,2,1,2,2,2,2,2,2,2,1,2,3,3,3,2,7,7,7,2,2,3,5,5,5,2,46,6,1,1,1,45,8800,7000,0,110202,연구 빅데이터 분석 실시 관련 분야 축소 연구 수요 감소,경영학
28724,3,4,3,4,2,3,3,3,3,5,4,5,1,0,3,4,2,4,1,0,1,0,2,3,2,3,3,4,2,3,2,2,3,5,3,5,2,3,3,4,4,4,3,4,3,4,4,5,4,4,5,5,4,4,3,4,4,5,3,4,1,0,3,4,3,4,2,2,2,2,2,2,3,4,2,3,2,3,3,3,3,4,3,4,4,3,2,2,3,2,2,3,2,2,3,2,2,2,2,2,3,6,4,1,1,2,0,6,1,2,2,2,2,3,2,3,9,9,9,3,2,4,3,4,4,3,2,2,4,4,3,4,4,3,3,3,4,4,3,3,5,4,2,2,2,2,2,2,2,2,2,1,3,3,3,3,2,8,7,7,7,5,6,7,4,4,1,43,2,2,6,1,45,0,0,3000,702601,건축도장기능사 근무 환경 기피,공고
28725,2,4,2,4,2,4,2,4,2,4,2,4,2,3,2,4,2,3,2,4,2,4,2,5,2,4,2,3,2,3,2,4,2,4,2,4,2,3,2,4,2,3,2,3,2,2,2,2,2,2,2,3,2,4,1,0,2,4,2,4,2,3,2,3,2,3,2,4,2,3,2,3,2,3,2,3,2,2,2,3,2,3,2,2,2,3,2,3,4,4,3,3,3,3,4,3,3,3,3,3,4,8,2,4,1,2,0,5,2,3,4,3,4,4,3,4,4,4,4,4,2,4,3,4,4,3,4,2,4,3,3,4,3,3,3,3,3,4,3,3,4,3,2,2,2,2,2,2,2,2,2,2,4,3,3,3,2,6,6,7,5,7,7,3,6,6,1,58,2,1,1,1,40,7000,3000,0,831101,전기기능사 도입 남북 교류 국제사회 변화 일자리 생각,정밀기계과
28726,4,5,4,5,4,6,4,4,4,5,3,5,4,5,3,5,3,5,3,5,3,5,4,5,4,5,3,5,3,5,4,5,4,6,4,5,4,5,3,5,3,5,4,4,4,4,4,5,4,4,3,5,3,5,4,4,4,4,4,5,4,5,3,5,3,5,4,4,4,5,3,5,4,5,4,4,4,4,4,5,4,5,3,5,4,5,3,4,4,4,3,4,4,4,3,4,4,3,4,4,3,13,1,2,1,2,0,5,4,4,3,3,4,3,3,3,4,3,3,3,2,3,3,4,3,4,3,3,3,3,3,4,3,3,3,3,4,3,3,3,3,3,2,2,2,2,2,2,2,2,2,2,2,2,2,2,1,8,7,6,7,7,7,7,6,7,2,36,4,1,1,1,40,4000,3800,0,133302,정보처리기사 기술 개발,전산학
28727,2,3,2,4,2,2,3,3,2,3,3,4,1,0,4,4,1,0,1,0,1,0,1,0,2,3,4,5,4,5,3,4,3,3,2,3,1,0,1,0,1,0,4,5,4,5,4,5,4,5,3,4,3,4,1,0,1,0,1,0,3,4,1,0,1,0,1,0,1,0,1,0,1,0,1,0,1,0,1,0,1,0,1,0,1,0,1,0,4,4,4,3,4,3,3,3,4,3,3,4,3,14,1,3,2,2,0,7,5,4,3,4,3,2,2,4,3,4,3,3,2,3,3,3,2,3,2,4,3,3,3,3,3,3,3,3,2,2,3,3,3,4,2,2,2,2,2,2,2,2,2,2,2,3,3,3,2,7,6,7,6,8,7,7,7,7,1,45,4,1,1,1,40,4200,2800,0,26401,인구 감소,경영학
28728,3,5,4,5,3,4,2,3,3,4,3,5,2,2,3,4,4,5,4,5,3,4,4,5,4,5,3,4,2,3,3,5,2,3,2,4,3,4,4,5,3,4,4,5,2,4,3,4,4,5,3,4,5,7,4,5,3,4,3,4,2,3,3,4,2,3,4,5,3,5,5,6,2,3,3,5,3,4,2,4,2,2,3,4,3,5,2,3,3,4,4,5,5,4,4,3,3,3,4,4,3,13,2,3,2,1,1,2,5,4,5,5,5,4,4,3,3,4,4,4,2,4,4,3,4,3,4,2,4,4,4,5,4,3,4,5,4,5,3,3,5,4,2,2,2,2,2,2,2,2,2,2,2,3,3,3,2,4,5,7,3,5,5,4,5,7,1,36,5,1,1,1,40,3500,2400,0,121201,인성교육 안전교육 인공 지능 발전,물리학
28729,2,3,3,5,2,4,2,4,2,4,2,4,2,4,3,5,3,6,3,5,3,5,2,4,3,5,2,4,3,5,3,5,3,5,3,5,2,4,3,5,3,5,3,5,3,5,2,4,2,4,2,4,3,5,2,4,2,4,2,4,2,4,2,4,2,4,2,4,3,5,3,5,2,4,2,4,2,4,3,5,3,5,3,5,3,5,3,5,3,4,4,3,3,1,4,3,2,3,2,3,2,17,3,3,1,1,1,3,3,3,2,2,3,3,2,3,3,3,3,3,3,4,3,4,4,3,4,2,3,4,3,4,3,4,3,3,3,4,3,3,4,4,2,2,2,2,2,2,2,2,2,1,3,1,2,3,2,5,5,5,5,5,5,5,5,5,2,48,2,1,1,1,42,5000,2000,0,307501,간호조무사 업무관련교육 전산 사람 영역 대체,이과
28730,3,5,4,6,2,3,3,5,1,0,5,5,4,4,4,6,4,5,3,3,4,4,2,3,4,6,3,4,3,5,3,3,2,4,1,0,2,2,4,3,3,4,1,0,2,3,1,0,1,0,1,0,1,0,1,0,3,4,1,0,4,6,1,0,3,4,3,4,2,3,3,4,1,0,1,0,3,4,3,4,3,4,3,4,4,5,4,6,4,4,4,3,4,1,4,3,3,3,3,4,4,15,2,2,1,1,3,4,5,4,4,3,3,4,3,4,3,3,4,3,1,4,3,4,4,3,4,3,4,3,3,4,3,4,4,4,4,4,4,4,4,4,2,2,2,2,2,2,2,2,2,2,4,1,3,3,1,3,3,3,2,2,2,3,3,3,2,41,4,1,1,1,40,4000,2500,0,240102,해기사 인명구조 자격증 인명구조 훈련 해양 관련 사건 사고 갈수록 발생 인력 상황,법학
28731,4,5,3,6,4,5,3,5,4,4,3,5,5,6,3,4,4,5,4,5,4,6,4,6,2,3,3,4,4,5,3,4,5,5,4,5,4,4,3,4,4,4,4,4,4,4,4,5,5,5,3,5,4,6,4,5,3,6,4,5,2,4,4,6,4,5,5,5,4,5,3,4,2,2,1,0,3,4,2,3,3,4,3,3,3,4,4,5,4,4,2,5,5,4,2,3,4,3,4,4,4,3,1,1,2,2,0,3,4,4,4,3,4,4,4,5,9,9,9,5,2,4,4,3,4,3,4,3,4,4,2,5,3,4,3,3,4,5,3,3,5,3,2,2,2,2,2,2,2,2,2,1,3,3,2,2,2,8,7,5,7,5,5,3,8,5,1,67,4,2,5,1,40,0,0,6000,15101,비대 증가,경영학과
28732,4,5,4,5,4,6,4,5,5,6,5,6,5,6,4,6,5,7,4,6,4,6,5,7,4,5,4,6,5,7,5,7,4,6,5,7,5,7,4,6,5,7,5,7,5,6,5,7,5,6,5,7,4,5,4,6,5,7,5,6,4,6,5,6,5,7,5,7,4,6,5,7,4,6,5,6,4,6,3,4,3,4,4,6,4,5,4,5,3,3,3,3,3,3,4,3,3,3,3,3,3,13,2,5,2,2,0,5,6,3,3,3,4,4,4,3,3,3,3,4,3,3,3,3,3,3,3,3,3,3,5,3,3,3,2,3,3,2,2,3,3,4,2,2,2,2,2,2,2,2,2,2,3,3,3,3,2,2,2,3,4,5,5,2,2,5,1,31,4,1,1,1,40,3500,3000,0,122103,변화,농업학
28733,2,3,2,4,1,0,2,3,3,5,3,4,3,4,2,4,2,4,2,4,2,3,2,4,2,3,1,0,1,0,2,3,2,4,2,3,1,0,1,0,4,5,1,0,2,3,1,0,1,0,1,0,4,4,3,4,3,3,3,4,2,4,4,5,3,5,2,4,4,5,3,4,1,0,2,3,2,4,2,2,2,3,2,3,3,3,3,2,5,5,2,3,3,2,4,4,2,4,3,3,2,13,2,3,2,2,0,2,5,3,5,4,5,3,4,4,3,5,4,4,2,4,4,4,5,3,3,4,4,3,4,4,4,4,5,3,4,3,4,4,5,4,2,2,2,2,2,2,2,2,2,2,3,3,3,3,2,3,7,6,5,7,6,4,7,6,1,30,4,1,1,1,40,4700,4500,0,122105,에너지 확보 증원,산림토목학
28734,5,7,4,6,5,6,4,5,2,3,1,0,5,7,4,5,5,6,4,5,5,6,3,3,4,5,3,4,3,4,3,3,4,5,3,4,2,3,3,3,4,5,4,5,4,4,1,0,1,0,4,5,1,0,1,0,2,1,1,0,2,3,1,0,1,0,1,0,1,0,2,1,3,3,1,0,1,0,1,0,1,0,2,3,2,2,1,0,4,3,4,2,3,2,3,4,2,4,4,3,5,18,4,1,2,2,0,7,2,4,1,1,3,4,2,2,9,9,9,2,3,3,3,3,4,4,4,4,4,4,1,4,5,4,3,2,4,4,4,3,4,4,2,1,1,2,2,2,2,1,1,1,4,2,2,2,2,3,4,1,7,4,3,7,9,7,2,57,4,1,4,2,30,2500,900,0,411103,인터넷 소프트웨어 컴퓨터 기능 다양성 작업 효율 작업 진도 향상 문화 콘텐츠 수요 증가 세분 시나리오 작업 수요 증가,소설(전공)
28735,2,3,2,3,2,3,2,2,2,3,3,5,3,3,3,3,2,3,2,3,2,2,3,4,2,2,2,4,2,2,2,3,2,3,2,4,2,3,2,3,3,3,2,3,2,3,2,1,2,3,2,3,3,3,3,2,2,1,3,3,2,3,3,2,2,1,2,2,2,1,2,1,2,2,2,2,2,4,2,3,4,6,3,2,2,3,2,1,2,4,2,3,3,1,3,4,3,3,3,3,2,1,3,2,1,2,0,4,3,3,3,2,4,4,2,3,3,3,4,3,2,3,3,3,3,2,3,3,3,4,3,4,3,3,3,2,3,4,3,3,5,4,2,2,2,2,2,2,2,2,2,1,4,3,3,3,2,7,6,5,4,4,4,7,4,3,1,54,3,1,1,1,40,4200,2800,0,901501,조경산업기사 일이 사람 기피 직종,조경학
28736,5,5,3,5,3,4,3,4,3,3,2,4,3,3,2,3,3,4,4,4,4,4,2,3,4,4,2,4,2,3,2,4,2,4,2,3,2,3,4,5,4,3,2,3,4,3,2,3,3,3,2,2,4,3,3,4,3,4,3,5,2,4,3,4,4,3,4,4,4,5,3,3,3,4,4,4,3,4,4,4,4,4,2,4,5,4,3,4,4,2,4,3,3,2,4,3,2,3,4,3,4,6,1,2,1,2,0,2,2,2,2,2,4,3,3,2,2,3,3,3,2,3,2,2,3,3,3,2,2,3,4,4,2,2,2,2,2,4,3,3,3,4,2,2,1,2,2,2,2,2,2,2,2,3,3,3,2,9,8,7,1,2,2,7,4,3,1,34,2,1,1,1,60,2700,2600,0,701401,산업기사자격증 펌프 도입 펌프 카등 기계 장비 성능 향상 인력 비용,건축
28737,3,4,3,4,3,4,4,4,3,4,3,5,4,4,3,3,3,4,4,4,3,4,3,4,3,4,3,4,3,4,3,4,3,4,3,5,3,3,3,2,2,3,2,3,3,3,3,4,2,3,2,4,3,5,3,4,4,4,3,4,3,3,2,4,2,4,4,4,3,4,3,5,3,3,3,4,2,3,3,4,4,5,3,4,3,4,2,3,4,3,4,3,4,3,2,4,3,3,3,4,3,3,1,5,2,2,0,2,5,3,4,2,3,3,3,3,4,3,4,3,3,3,3,2,3,2,3,2,3,3,5,3,4,3,3,4,3,2,2,3,3,4,2,2,2,2,2,2,2,2,2,2,2,3,3,3,2,5,4,5,4,5,4,2,3,4,2,38,4,1,1,1,40,4100,2500,0,156201,인공 지능 발달,섬유공학
28738,1,0,3,4,1,0,2,4,1,0,1,0,1,0,4,6,3,5,3,5,1,0,3,5,4,5,1,0,2,4,3,5,1,0,1,0,3,5,3,5,3,5,1,0,2,3,1,0,1,0,1,0,1,0,1,0,1,0,1,0,1,0,1,0,4,5,1,0,1,0,2,4,1,0,4,5,3,5,3,4,3,3,1,0,2,3,2,4,4,5,4,3,4,2,4,2,3,3,3,2,3,3,1,2,2,2,0,3,2,3,3,2,4,3,3,3,4,3,4,3,2,3,3,5,4,4,4,3,2,3,4,4,4,5,5,4,4,3,4,3,4,4,2,2,2,2,2,2,2,2,2,3,3,3,3,2,2,6,4,4,7,3,4,3,6,7,1,39,2,1,1,1,40,3000,1900,0,873401,소규모 기업 자동화 변화,전자기계
28739,2,3,3,4,2,2,3,4,2,2,2,2,2,2,2,2,2,3,1,0,2,2,2,2,2,2,1,0,2,3,3,4,3,5,3,3,2,3,3,4,2,2,2,2,1,0,2,2,1,0,1,0,1,0,1,0,1,0,1,0,2,3,1,0,1,0,1,0,1,0,1,0,1,0,2,2,1,0,1,0,2,2,1,0,2,3,2,3,4,3,4,3,2,2,3,3,4,2,3,2,4,7,1,1,2,2,0,2,2,2,3,2,2,2,3,3,3,3,4,3,4,2,3,4,3,3,3,4,2,4,2,4,3,4,2,3,4,3,2,3,3,1,2,2,2,2,2,2,2,2,2,3,1,3,3,3,2,3,5,3,4,3,2,6,4,7,1,26,2,1,1,1,40,2100,2000,0,615203,대리점 판매 판매 형태,정보
28740,4,5,3,4,2,2,3,4,4,5,4,5,3,4,3,4,3,4,4,5,4,5,4,4,4,5,3,4,3,4,4,5,3,3,3,4,3,4,4,5,5,6,4,5,4,5,3,3,3,4,3,4,5,6,3,4,4,5,4,5,2,3,4,5,1,0,4,5,5,5,5,6,2,2,4,4,4,4,4,4,4,4,3,4,4,5,4,5,4,4,4,3,3,3,4,4,4,3,3,4,4,15,2,6,1,1,5,4,5,4,3,4,4,4,3,4,4,3,5,4,2,4,4,4,5,4,4,2,5,5,2,4,4,3,3,3,5,5,4,4,4,5,2,2,2,2,2,2,2,2,2,3,3,3,3,3,1,5,6,4,7,4,7,6,4,7,1,40,4,1,1,1,40,5000,3000,0,153106,전기산업기사 전기공사산업기사 안전교육 전기 새로운 기술 습득 기술,전기공학
28741,2,3,2,3,2,3,1,0,2,4,3,5,3,5,2,4,2,4,1,0,1,0,2,4,1,0,1,0,1,0,1,0,1,0,1,0,1,0,1,0,4,4,2,4,2,3,1,0,1,0,1,0,1,0,1,0,1,0,1,0,2,4,3,5,3,4,1,0,1,0,1,0,1,0,1,0,1,0,1,0,2,4,2,3,1,0,1,0,4,4,3,4,3,4,3,4,3,4,3,3,3,13,2,4,2,2,0,3,6,4,5,3,5,4,5,4,5,5,3,4,2,5,4,5,4,4,3,5,4,3,5,4,3,3,5,4,4,5,4,5,3,5,2,2,2,2,2,2,2,2,2,1,3,3,3,3,2,4,7,6,4,3,6,7,4,6,1,34,5,1,1,1,40,4800,4500,0,122105,자연 중요성 때문,원예
28742,3,4,3,4,2,4,2,3,3,5,4,5,2,2,3,4,3,4,3,4,2,4,3,4,3,4,3,3,3,4,2,3,2,2,2,2,3,4,2,4,3,4,2,3,3,5,3,4,2,2,2,3,2,3,2,3,4,5,4,5,3,4,4,4,4,5,4,5,4,5,4,5,3,4,3,3,3,4,2,4,2,4,3,4,4,3,3,4,4,4,4,1,1,3,3,2,2,2,2,3,4,17,1,3,1,2,0,3,3,2,2,2,4,4,4,2,9,9,9,3,2,3,3,4,2,3,2,4,4,4,2,4,3,4,3,3,4,4,4,3,4,5,2,2,2,2,2,2,2,2,2,1,3,3,3,3,2,6,6,6,5,5,5,5,4,4,1,40,3,1,1,1,43,3800,2900,0,814001,에너지관리사 업종 변화 생각,IT공학
28743,4,6,5,7,5,6,4,6,4,6,4,6,4,6,5,7,5,6,5,7,4,6,5,7,5,6,5,7,5,7,5,7,5,7,5,6,5,7,5,6,5,7,4,6,5,7,5,7,3,4,3,3,4,6,3,4,3,4,3,4,3,4,4,6,3,4,3,4,3,4,3,4,3,4,3,4,3,4,3,4,4,4,3,4,3,4,4,5,3,3,4,3,3,3,3,4,3,3,3,4,3,15,2,5,2,2,0,2,5,3,3,3,4,4,4,4,4,4,4,4,2,3,3,3,3,3,3,3,3,3,4,3,4,4,2,3,4,4,4,3,5,5,2,2,2,2,2,2,2,2,2,2,3,3,3,3,2,3,5,4,5,5,5,5,5,5,2,47,4,1,1,1,40,4500,3000,0,121105,상태 유지,지질학
28744,1,0,2,2,1,0,2,2,2,2,2,2,4,6,2,2,3,3,2,2,2,2,2,2,3,5,3,4,3,3,3,3,2,3,2,3,3,3,3,3,2,2,3,3,3,4,3,3,3,3,3,3,3,3,1,0,3,4,1,0,1,0,1,0,1,0,2,3,1,0,1,0,1,0,4,6,4,5,3,3,3,3,2,2,2,2,2,2,2,2,2,1,1,1,1,1,2,3,2,2,2,10,1,2,1,2,0,2,2,4,3,2,4,4,3,4,3,3,4,4,3,3,4,3,3,2,2,3,4,4,3,4,4,4,3,3,4,4,2,3,4,5,2,2,2,2,2,2,2,2,2,1,3,3,3,3,2,7,6,7,5,4,4,7,4,4,2,41,3,1,1,1,40,3800,2200,0,511402,메이크업 자격증 기계 장비 대체,뷰티미용
28745,5,6,5,6,5,7,5,7,5,7,5,7,5,7,5,7,5,6,3,3,4,6,5,7,5,7,5,7,4,6,5,6,4,6,4,6,4,4,3,4,4,5,3,4,2,3,1,0,1,0,1,0,1,0,1,0,1,0,1,0,1,0,1,0,1,0,1,0,1,0,1,0,1,0,1,0,1,0,1,0,1,0,1,0,1,0,1,0,4,2,3,3,4,3,3,2,3,4,3,3,3,13,5,3,2,2,0,5,6,3,3,3,4,5,4,3,3,4,3,4,3,3,3,3,3,3,3,2,3,4,4,3,3,3,2,3,4,4,3,3,3,4,2,2,2,2,2,2,2,2,2,2,3,3,3,3,2,2,3,3,5,5,8,2,5,6,2,53,5,1,1,1,48,8700,4000,0,110203,상태 유지,불문학
28746,5,7,5,7,5,6,3,4,1,0,4,6,5,7,4,6,2,3,4,5,5,6,4,6,5,7,5,7,4,6,5,6,4,5,4,5,3,4,2,3,4,6,5,7,5,6,4,5,3,4,5,6,2,3,2,3,4,5,2,3,1,0,2,3,3,4,2,3,1,0,1,0,4,5,1,0,1,0,3,4,4,6,3,4,3,4,2,3,4,4,3,4,4,5,4,4,4,4,5,5,4,14,1,5,2,1,3,6,4,4,4,4,5,5,5,3,3,4,4,4,3,4,4,2,2,3,3,5,4,5,4,4,5,5,4,4,5,5,5,4,5,4,2,2,2,2,2,2,2,2,2,2,3,2,2,2,1,1,1,1,3,3,7,7,3,3,1,50,5,1,1,1,40,8000,3000,0,416101,현장실습 크게 변화 이유,신문방송학
28747,5,7,5,7,4,6,4,6,4,5,4,6,1,0,3,4,3,4,2,3,4,5,4,5,3,4,3,4,3,4,2,3,4,6,2,4,2,3,4,6,4,5,5,6,3,4,2,3,1,0,1,0,2,3,1,0,2,4,3,4,2,4,1,0,4,5,2,3,3,4,3,4,4,5,4,5,3,5,3,4,1,0,2,3,4,6,4,5,4,4,5,5,5,4,5,5,2,4,5,4,4,17,1,1,1,1,4,6,6,3,3,3,5,4,2,4,9,9,4,4,1,5,5,5,4,3,3,4,3,3,3,4,4,4,4,4,4,4,4,3,4,4,2,2,2,2,2,2,2,2,2,1,4,1,1,2,2,5,2,1,5,1,3,2,8,8,2,65,5,2,5,1,50,0,0,10000,301101,의사면허자격증 내과의료장비 사용방법 코로나 질병 의사 수가 증가,의학
28748,2,2,2,2,1,0,2,2,2,2,1,0,2,2,2,2,2,2,2,2,1,0,3,3,3,3,1,0,1,0,1,0,1,0,1,0,1,0,2,2,2,3,3,3,3,3,1,0,2,2,1,0,3,3,1,0,3,3,3,3,1,0,1,0,3,3,3,4,4,4,3,4,1,0,3,3,3,3,2,3,5,5,2,3,3,3,2,3,3,3,2,3,3,3,4,3,2,3,4,3,4,6,1,2,2,2,0,3,1,3,3,3,4,4,3,3,2,2,2,3,3,4,3,3,3,4,3,3,2,3,3,4,4,3,3,3,4,3,3,3,3,3,2,2,2,2,2,2,2,2,2,2,2,3,2,2,2,7,3,2,7,6,7,7,6,3,1,52,2,1,1,1,54,4000,2600,0,702301,근무 환경 열공 기술 사람 갈수록,공고
28749,4,6,3,4,4,5,3,5,3,5,3,5,3,4,3,5,3,4,3,5,3,5,3,5,3,4,3,5,4,5,4,5,2,4,2,4,3,4,4,5,3,5,4,5,3,5,3,5,3,4,4,5,2,4,1,0,1,0,2,4,4,6,3,5,2,2,1,0,1,0,1,0,4,6,2,3,3,5,3,5,3,5,3,4,4,5,4,3,3,3,2,3,2,4,4,4,2,3,3,4,3,15,2,5,2,2,0,5,5,4,4,4,3,3,3,4,3,3,3,4,3,3,2,3,2,3,3,4,4,3,3,4,3,3,3,4,4,4,3,3,4,4,2,2,2,2,2,2,2,2,2,1,3,3,3,3,1,6,5,5,4,4,5,5,4,4,2,43,4,1,1,1,30,5800,5500,0,21001,공급 수요,행정학
28750,3,4,4,4,3,4,4,4,3,4,4,4,1,0,3,3,3,4,2,2,3,3,3,4,3,4,1,0,4,3,3,3,4,4,3,3,2,2,4,4,3,3,4,4,2,4,1,0,1,0,1,0,1,0,1,0,1,0,1,0,4,3,1,0,1,0,1,0,1,0,1,0,1,0,1,0,1,0,1,0,1,0,1,0,3,4,3,4,3,3,4,2,3,3,2,4,2,3,2,3,2,7,4,1,2,2,0,1,2,4,2,3,4,3,3,3,1,3,3,3,4,2,3,4,3,5,4,3,2,3,2,4,3,4,5,4,3,4,3,3,4,4,2,2,2,2,2,2,2,2,2,1,2,2,2,2,2,4,5,6,4,7,8,4,5,7,1,37,2,1,4,1,48,3600,2000,0,615203,온라인 판매 활성화,공고
28751,5,6,5,6,5,6,4,6,2,2,4,6,3,4,4,6,5,6,2,3,3,4,2,2,3,3,2,3,2,2,2,3,3,4,3,4,2,3,3,4,4,6,4,5,2,2,2,2,2,2,2,2,2,2,2,2,2,3,2,2,2,3,2,3,2,2,2,2,2,2,2,2,2,2,4,7,4,5,3,4,2,3,2,2,3,5,4,6,4,4,4,4,4,3,5,4,3,4,4,4,4,17,1,2,1,2,0,2,5,5,4,4,4,4,4,4,3,4,4,4,1,5,4,3,3,2,3,2,2,4,4,4,3,3,4,4,4,3,3,3,4,2,2,2,2,2,2,2,2,2,2,2,4,3,2,2,2,7,3,4,5,6,5,6,6,4,1,41,4,1,1,1,45,6000,4000,0,302001,변호사 가구 증가 반려 동물 인구,수의학
28752,1,0,2,1,2,2,1,0,3,3,1,0,2,2,3,5,1,0,3,3,1,0,1,0,3,3,2,2,2,3,3,3,1,0,1,0,1,0,1,0,3,4,3,3,1,0,3,4,3,3,2,2,3,3,1,0,3,2,3,3,1,0,2,2,2,1,2,2,2,1,2,2,1,0,2,2,3,3,2,3,3,2,3,3,3,3,3,3,5,2,3,3,2,2,3,3,2,1,3,2,4,6,1,2,1,2,0,3,5,3,4,3,4,3,2,3,2,2,3,3,1,4,3,4,3,2,3,4,4,4,3,4,2,2,3,3,3,4,3,1,4,5,2,2,2,2,2,2,2,2,2,2,3,3,3,3,2,6,8,6,4,5,4,6,5,3,1,59,2,2,5,1,40,0,0,4000,701501,석공기능사 기술 변화 요인 대체 생각,건축학
28753,1,0,1,0,1,0,1,0,1,0,1,0,2,3,1,0,2,3,2,3,1,0,1,0,1,0,1,0,2,3,1,0,1,0,1,0,1,0,1,0,1,0,1,0,1,0,1,0,1,0,1,0,1,0,2,3,1,0,2,3,1,0,1,0,1,0,1,0,1,0,1,0,1,0,2,3,3,4,1,0,4,5,2,3,3,4,2,3,3,3,3,3,4,2,3,3,3,2,2,2,3,18,1,2,1,2,0,7,2,3,3,3,3,4,3,3,3,4,4,3,3,3,3,4,3,3,3,3,3,3,3,3,3,2,3,3,4,4,4,3,4,4,2,2,2,2,2,2,2,2,2,1,2,2,2,2,1,5,5,5,6,5,4,5,4,5,1,46,4,1,1,1,40,3408,2780,0,901501,산림기능사 주변 환경 대한 관심,조경학
28754,1,0,3,3,1,0,2,2,1,0,1,0,4,5,3,3,2,3,5,6,2,2,2,2,4,6,4,5,2,2,2,2,1,0,2,2,2,2,3,3,3,3,3,5,2,2,1,0,1,0,1,0,4,6,3,3,4,4,4,5,1,0,1,0,3,3,2,2,1,0,2,2,2,3,1,0,1,0,2,3,3,4,3,5,3,6,1,0,4,4,4,2,4,2,4,4,3,3,4,2,4,3,1,5,2,2,0,2,2,4,3,3,4,5,3,3,3,2,3,4,2,4,3,4,4,4,5,2,5,2,2,4,4,5,4,4,4,5,4,3,4,5,2,2,2,2,2,2,2,2,2,2,2,2,2,3,2,6,5,4,5,6,5,4,5,4,1,52,2,1,1,1,40,4000,2900,0,826401,시스템 자동화,기계
28755,4,6,5,6,5,6,4,6,4,5,4,6,4,5,4,6,4,6,3,5,4,5,4,5,4,5,3,4,4,5,4,5,4,5,4,6,3,5,4,5,4,6,4,6,4,6,2,3,2,2,3,4,3,5,1,0,1,0,1,0,1,0,2,2,2,1,1,0,1,0,1,0,3,4,1,0,1,0,1,0,1,0,1,0,3,3,2,2,5,5,4,4,5,4,4,4,4,4,5,4,4,15,2,4,2,1,3,3,5,4,4,4,4,4,4,4,3,4,4,4,2,3,4,4,4,3,3,4,4,4,3,4,4,4,3,4,2,3,4,3,4,3,2,2,2,2,2,2,2,2,2,2,3,3,3,3,1,4,3,2,2,2,3,4,2,2,1,33,4,1,1,1,60,7000,7000,0,221102,사법연수원 사회 요인 범죄 급증 예상,법학
28756,2,3,2,2,2,2,2,3,2,3,2,2,3,3,3,4,2,3,2,3,3,3,2,3,2,3,1,0,1,0,2,3,2,3,2,2,3,3,2,2,3,5,3,4,2,2,2,3,2,3,2,2,2,3,1,0,2,3,2,2,2,2,2,3,3,4,2,3,3,4,3,3,2,1,2,1,2,3,1,0,4,5,4,5,2,3,2,2,4,4,4,3,3,3,4,2,3,3,2,3,4,1,4,1,2,1,3,6,1,4,3,3,4,4,2,3,9,9,9,3,3,3,4,3,2,2,3,3,3,4,3,4,3,3,3,2,3,4,4,3,4,2,2,2,1,1,2,2,2,2,2,3,2,3,3,3,2,8,6,5,4,5,5,3,4,4,1,40,4,2,6,1,48,0,0,4200,901101,제초제 사용법 기후 변화 농작물 재배 기계 개발 일자리 감소,식품생명공학
28757,4,6,4,6,2,3,2,3,2,3,2,3,3,4,2,3,3,4,3,4,3,4,4,5,3,4,4,5,3,4,3,4,2,3,2,3,3,4,4,5,3,4,3,4,3,4,2,3,3,4,3,4,4,5,4,6,4,6,4,6,2,3,3,4,4,6,4,6,4,6,4,6,4,6,4,5,4,6,3,4,4,5,4,5,3,4,3,4,3,4,3,3,4,3,3,3,2,3,4,3,3,18,1,2,1,2,0,7,5,3,3,3,4,4,2,4,9,4,4,4,2,3,3,4,4,4,5,2,3,4,4,4,4,4,2,3,4,4,4,3,4,3,2,2,2,2,2,2,2,2,2,1,3,2,2,2,2,8,3,2,3,3,6,8,6,7,1,37,4,1,1,1,40,4800,2800,0,416601,GTQ1급 기계 대체 불가,광고홍보학
28758,1,0,1,0,1,0,1,0,1,0,1,0,1,0,1,0,3,4,1,0,1,0,1,0,1,0,3,5,4,5,1,0,1,0,1,0,1,0,1,0,1,0,1,0,1,0,1,0,1,0,1,0,1,0,1,0,1,0,1,0,1,0,1,0,1,0,1,0,1,0,1,0,1,0,1,0,1,0,1,0,3,4,2,3,2,3,2,3,3,3,3,3,3,3,3,2,2,1,3,3,3,15,2,5,2,2,0,7,4,3,2,2,5,5,5,4,4,4,4,4,1,5,4,5,3,4,4,3,3,4,3,4,3,2,3,3,3,3,3,2,4,3,2,2,2,2,2,2,2,2,2,1,3,3,3,3,2,6,7,6,4,3,6,3,5,3,1,36,2,1,1,1,42,6000,3000,0,240301,로봇 대체,기계
28759,5,5,4,5,4,5,2,2,3,4,4,5,4,5,4,5,4,5,2,2,2,3,4,4,4,5,4,4,4,5,1,0,2,2,1,0,5,5,2,2,4,5,2,3,2,3,1,0,1,0,2,2,2,3,2,3,2,2,1,0,3,3,3,3,2,3,2,2,2,3,2,3,2,3,2,3,1,0,1,0,1,0,1,0,4,4,1,0,4,3,2,3,4,4,3,4,2,4,3,3,3,3,1,4,2,1,3,3,5,4,3,3,2,4,3,3,4,4,4,4,2,3,3,4,3,4,4,4,3,4,2,3,3,4,4,3,3,4,4,4,4,4,2,2,2,2,2,2,2,1,2,2,2,3,3,3,2,8,2,2,3,3,2,2,7,8,2,30,4,1,1,1,40,3800,2900,0,215105,새로운 교육 방식 교육 방식 대한 교재 개발 출산율 저하 학생 감소,국문
28760,3,5,4,4,3,4,2,5,5,5,3,5,2,5,3,4,3,5,2,4,3,5,3,5,4,5,2,5,1,0,2,4,1,0,2,4,3,4,2,5,3,4,4,4,3,5,5,4,3,4,2,4,3,4,2,4,1,0,2,4,5,4,1,0,2,4,1,0,1,0,1,0,2,5,1,0,2,4,2,4,2,4,1,0,3,5,1,0,4,4,4,3,3,4,3,3,3,3,3,3,4,8,1,3,1,2,0,4,4,4,3,3,4,4,4,3,3,4,4,3,2,3,3,5,3,2,3,2,3,3,4,4,2,3,2,2,5,5,3,3,4,5,2,2,2,2,2,2,2,2,2,1,3,2,2,2,1,3,3,3,6,2,4,4,3,4,2,27,3,1,1,1,48,2700,2000,0,27101,전산회계운용사 회계 중요성 인식,경영학
28761,1,0,3,3,2,2,2,2,3,3,2,1,1,0,3,2,3,3,1,0,1,0,3,3,4,4,2,2,1,0,2,2,4,2,1,0,1,0,1,0,4,3,1,0,3,2,1,0,1,0,1,0,3,3,1,0,2,2,4,4,1,0,5,5,3,4,5,5,3,5,5,4,1,0,3,4,2,3,2,2,5,4,1,0,2,2,3,2,3,2,2,5,2,3,3,2,3,2,3,3,2,3,1,3,1,2,0,2,2,2,4,3,3,4,5,3,2,2,4,3,2,2,3,4,2,2,3,4,3,3,4,3,4,4,5,3,4,4,3,5,4,4,2,2,2,2,2,2,2,2,2,2,2,3,3,3,2,7,4,5,4,8,7,3,3,5,1,40,3,1,1,1,40,3700,3200,0,821201,금속재료시험기능사 열처리기능사 컴퓨터 프로그램 발달 로봇 대체 감소,기계
28762,3,4,5,6,3,4,5,7,2,3,2,3,5,6,4,5,3,4,4,5,2,2,3,4,4,6,3,4,4,6,4,5,3,4,4,6,3,4,4,6,4,5,3,4,4,5,2,3,1,0,3,5,2,2,2,3,3,4,2,2,2,2,1,0,1,0,1,0,1,0,1,0,4,5,3,4,3,4,3,4,3,5,2,2,2,3,3,4,4,4,2,4,3,2,3,5,2,3,2,2,4,19,1,2,2,2,0,7,5,3,3,2,4,3,2,3,4,2,3,3,3,3,2,2,2,3,3,2,3,5,4,4,3,4,2,4,4,4,2,3,4,4,2,2,2,2,2,2,2,2,2,1,2,2,2,2,1,7,6,8,3,4,7,6,3,5,2,35,3,1,1,1,40,3500,2200,0,512102,저출산 인구 감소 일자리 감소,비서학
28763,5,6,4,4,4,6,3,5,4,5,3,5,4,5,5,5,4,5,4,5,3,5,3,5,4,4,3,4,4,5,4,5,3,5,4,5,4,5,4,6,4,5,4,4,4,5,4,5,4,5,3,5,4,5,4,4,3,5,4,4,4,5,4,5,5,5,3,4,4,5,4,5,3,5,4,2,4,5,4,5,3,5,4,5,4,4,2,2,4,3,4,4,5,4,4,4,4,4,3,4,4,3,1,3,2,2,0,7,5,4,4,4,5,4,5,3,3,4,4,4,4,5,4,4,4,5,5,4,5,4,4,3,4,4,4,4,3,4,4,4,4,4,2,2,2,2,2,2,1,2,2,1,2,3,3,3,2,3,2,2,5,5,5,5,5,6,1,40,4,1,3,1,52,4800,2900,0,411301,재택근무 전산 화가 일자리,국문학
28764,4,5,3,4,5,6,3,4,3,4,4,4,4,5,4,5,4,4,4,4,3,4,3,3,4,4,4,4,4,5,4,4,3,4,3,4,3,3,2,3,3,4,3,4,3,4,3,4,4,4,3,4,4,5,2,2,2,2,3,4,3,3,2,2,2,2,2,2,2,2,2,2,2,2,1,0,1,0,1,0,1,0,1,0,1,0,1,0,4,3,4,4,3,3,3,4,4,3,3,3,3,18,1,4,1,1,4,5,4,3,4,4,4,4,4,3,3,3,3,3,4,5,5,2,3,4,3,4,4,4,4,2,3,4,4,4,5,4,4,3,4,3,2,2,2,2,1,1,1,2,2,2,4,2,2,2,1,6,5,6,6,5,6,5,5,5,1,36,4,1,1,1,45,4200,3800,0,414303,포토샵 일러스트 캐릭터 디자인 기술 장비 도입 사람,문학
28765,3,4,3,3,2,3,2,3,3,3,1,0,4,5,4,5,3,4,3,5,3,5,2,2,4,4,3,5,3,4,3,3,3,4,3,3,2,2,3,4,4,5,3,4,2,2,2,2,1,0,1,0,3,3,2,3,4,4,4,4,3,4,3,5,4,5,4,5,4,6,5,6,4,4,3,4,3,4,3,4,2,4,3,3,3,3,1,0,4,4,3,4,4,2,4,3,3,3,4,3,4,3,3,2,1,2,0,2,2,4,3,3,4,3,4,3,3,2,4,4,3,2,2,4,3,3,3,2,3,3,2,4,3,2,3,3,4,3,4,3,3,4,2,2,2,2,2,2,2,2,2,2,2,3,3,3,2,5,5,4,5,6,5,6,5,5,1,38,2,1,1,1,40,3000,2500,0,873401,식품가공기능사 수입 상품 증가,기계공학
28766,3,4,3,3,3,3,3,3,2,3,3,3,4,4,4,4,4,4,3,4,3,4,3,4,4,5,3,4,3,4,4,5,3,4,3,5,4,4,3,4,2,3,4,5,3,5,4,5,4,4,3,3,3,3,4,5,4,5,4,5,3,3,2,3,3,3,4,5,4,5,4,5,3,3,2,3,2,3,2,2,2,3,2,3,2,2,2,2,4,3,4,4,3,3,3,2,3,3,3,3,3,6,1,2,1,1,3,5,4,3,4,3,4,4,4,3,4,4,3,4,3,3,3,3,4,3,4,3,3,3,3,3,3,3,3,3,3,3,3,3,3,3,2,2,1,2,1,2,2,2,2,2,3,2,2,2,1,8,7,8,7,7,6,7,2,7,1,34,4,1,1,1,45,5000,3800,0,704001,굴삭기운전기능사 건설안전교육 장비 도입 때문,토목공학
28767,4,6,4,6,4,6,4,4,4,5,4,6,3,5,3,5,3,5,3,5,3,5,3,5,3,5,3,5,4,5,3,5,3,5,3,5,4,5,4,5,4,5,4,5,4,6,4,5,4,5,3,5,3,5,4,4,4,5,4,5,4,5,4,4,4,5,4,5,3,6,3,5,4,5,3,5,3,5,4,4,3,4,3,5,4,4,3,4,4,3,4,4,4,3,4,4,4,3,4,3,4,13,1,4,1,1,5,2,5,4,3,3,3,3,3,4,4,4,3,4,2,3,3,3,4,3,2,3,3,2,3,4,4,3,3,3,4,5,4,4,4,3,2,2,2,2,2,2,2,2,2,2,2,2,2,3,1,8,7,7,7,7,7,7,7,6,1,32,4,1,1,1,42,4200,4000,0,153201,전자응용기술사 전자계산기술사 실무교육 산업 기술 발달,전기
28768,3,4,4,4,3,3,1,0,3,3,3,4,1,0,3,3,4,3,1,0,2,3,3,3,1,0,3,3,2,3,1,0,3,4,1,0,1,0,2,3,4,3,3,4,1,0,1,0,4,5,1,0,3,4,4,4,4,5,4,5,3,4,2,4,3,3,4,5,3,4,4,5,1,0,1,0,1,0,1,0,1,0,1,0,3,3,1,0,3,4,4,3,3,4,3,3,2,2,2,3,4,13,1,4,1,2,0,5,4,3,3,2,4,4,3,3,4,3,4,4,2,4,4,4,4,3,4,3,2,4,2,4,3,4,4,4,4,5,4,3,4,4,2,2,2,2,2,2,2,2,2,1,3,3,3,3,2,7,8,6,7,4,3,5,4,4,1,31,3,1,1,1,43,3800,3200,0,158401,산업안전지도사 지금 업계 상황 별반,기계
28769,4,6,4,5,4,5,4,5,4,5,4,5,4,5,4,5,4,4,4,4,4,5,4,5,4,4,4,5,4,5,4,5,4,5,4,4,4,5,4,5,4,4,4,4,4,4,4,4,4,5,4,4,4,4,4,4,4,5,4,5,4,5,4,5,4,3,4,4,4,4,4,5,4,5,4,5,4,5,4,5,4,5,4,5,4,5,4,4,4,4,4,4,4,4,3,4,3,4,4,4,4,4,2,6,1,2,0,7,5,4,4,3,4,4,4,4,4,4,4,4,2,4,3,4,4,3,4,3,3,3,3,4,4,4,4,3,4,3,4,4,3,5,2,2,2,2,2,2,2,2,2,1,3,2,2,3,2,8,8,8,8,7,7,7,7,7,1,45,4,1,1,1,40,5300,3200,0,153105,전기기능사 전기기사 기계 대체 불가,재료공학
28770,4,3,3,4,2,3,2,3,3,4,3,4,1,0,4,4,2,3,3,4,3,4,2,3,4,4,3,4,1,0,2,3,3,3,3,3,3,4,3,4,3,4,5,4,3,3,3,4,3,3,4,4,4,4,1,0,3,4,4,4,3,3,4,4,4,5,5,5,4,5,4,6,4,3,3,4,4,4,3,4,4,4,3,4,4,4,3,4,5,4,2,4,3,2,4,3,2,4,5,3,5,8,1,4,1,1,1,6,2,4,3,3,4,4,2,4,3,3,4,3,2,4,4,5,4,3,3,3,2,4,3,4,4,5,4,4,5,4,3,3,5,4,2,2,2,2,2,2,2,2,2,2,2,3,3,3,2,9,7,5,4,7,9,5,3,5,1,37,4,1,1,1,40,5500,3600,0,621203,해기사 안전교육 가족 직업 특성 선호 직업 사람,기관공학
28771,1,0,1,0,1,0,3,4,3,1,1,0,3,4,1,0,1,0,1,0,1,0,1,0,4,5,1,0,4,4,1,0,1,0,1,0,1,0,4,5,1,0,1,0,1,0,3,4,3,4,1,0,1,0,1,0,1,0,1,0,1,0,1,0,1,0,4,5,1,0,1,0,1,0,5,5,2,3,1,0,1,0,2,3,5,5,1,0,4,3,4,2,4,4,4,3,4,3,4,3,4,19,1,1,1,2,0,2,4,3,4,3,4,3,4,4,9,9,9,4,4,4,5,3,4,2,4,2,4,3,3,4,3,4,4,3,4,4,3,3,5,4,2,2,2,2,2,2,2,2,2,1,3,2,2,2,2,9,6,5,3,4,7,7,5,6,2,37,3,2,5,1,40,0,0,4000,511401,메이크업 자격증 사람 직업 변화 유지,메이크업
28772,3,4,3,4,1,0,1,0,3,4,3,4,4,5,4,5,3,4,3,4,3,4,3,4,4,5,4,5,4,5,3,4,3,4,3,4,4,5,4,5,3,4,3,4,3,4,3,4,4,5,3,4,3,4,4,5,3,4,3,4,1,0,1,0,1,0,1,0,1,0,1,0,3,4,3,4,1,0,1,0,1,0,1,0,1,0,1,0,3,4,4,3,3,3,3,3,3,3,3,3,3,6,1,2,1,1,3,5,4,3,3,4,4,3,3,3,3,3,3,3,1,4,4,3,3,3,4,4,3,3,4,4,3,3,4,3,4,3,3,2,3,4,2,2,2,2,2,2,2,2,2,2,3,2,2,2,1,8,7,6,7,2,3,3,7,7,1,40,4,1,1,1,45,5000,2000,0,140305,토목기사 토목산업기사 안전분석 환경 품질분석 건축 토목 음으로 예상,건축
28773,2,3,4,5,1,0,4,5,3,3,3,4,5,5,2,3,4,4,4,4,3,4,3,3,3,4,5,5,5,5,5,5,4,5,3,4,3,3,4,5,5,4,3,4,2,3,2,2,1,0,3,4,2,3,2,3,4,4,3,4,3,3,4,5,4,4,3,4,3,4,4,5,4,5,4,5,4,4,3,4,3,4,4,5,4,5,2,3,4,4,2,3,4,4,2,3,3,4,4,2,4,7,1,2,2,2,0,3,5,4,3,3,3,5,2,4,3,4,4,4,4,4,3,4,2,4,3,3,4,4,4,4,4,3,4,4,3,4,3,4,4,3,2,2,2,2,2,2,1,1,1,2,3,2,2,2,1,7,6,7,7,8,8,8,7,8,2,42,4,1,1,1,50,5000,3000,0,415201,업무 유행 흐름 패션 감각 때문,의류
28774,3,4,4,4,3,3,3,4,3,5,3,4,4,5,3,5,3,4,1,0,2,2,3,4,3,3,1,0,2,3,2,3,1,0,1,0,1,0,2,3,2,2,1,0,1,0,1,0,1,0,1,0,2,2,1,0,2,2,1,0,4,6,1,0,1,0,1,0,1,0,2,2,1,0,2,3,1,0,2,2,1,0,1,0,3,4,2,2,3,3,2,2,3,2,3,3,3,4,2,3,3,13,1,1,2,1,2,2,4,4,3,3,3,4,3,4,9,4,4,4,4,3,3,4,3,3,4,3,3,4,3,3,3,4,3,3,3,4,3,4,4,3,2,2,2,2,2,2,2,2,2,2,3,3,3,3,2,4,3,4,4,5,5,6,5,5,1,29,4,1,1,1,35,2600,2400,0,133205,ios개발 swift cocoapods macOS Gift 모바일 사업 계속,전산
28775,4,6,4,6,4,6,1,0,1,0,3,4,4,6,3,4,5,7,4,5,1,0,4,5,3,4,4,6,4,6,1,0,1,0,1,0,4,6,1,0,1,0,1,0,5,7,4,6,4,6,3,4,3,4,3,4,2,3,1,0,4,6,2,2,3,4,3,4,3,4,3,4,1,0,5,7,3,4,1,0,1,0,1,0,4,5,1,0,5,4,4,3,3,3,4,3,3,5,4,3,4,15,3,6,1,1,5,5,5,4,3,4,4,4,3,5,5,4,4,5,3,4,3,5,3,3,4,4,3,5,4,4,4,5,5,4,5,4,4,2,4,3,2,2,2,2,2,2,2,2,2,2,2,3,3,3,2,5,5,4,4,4,5,4,4,4,1,42,4,1,1,1,40,5000,3000,0,621401,항공교통관제사 관제사업무 자동화 영향,항공운항
28776,4,5,4,6,4,4,5,5,3,3,3,3,3,4,2,2,4,4,4,4,3,4,4,5,4,5,3,3,5,5,5,6,3,3,3,2,4,4,3,3,3,4,3,4,2,2,1,0,2,2,1,0,1,0,1,0,4,4,1,0,4,3,1,0,2,2,1,0,1,0,1,0,2,2,1,0,1,0,1,0,1,0,3,3,3,4,3,4,3,4,1,2,3,3,3,4,2,3,4,3,3,16,5,2,1,1,1,4,4,4,3,3,4,4,3,2,3,4,4,3,3,3,3,2,2,2,3,3,2,4,3,3,2,3,3,3,2,2,2,3,4,4,2,2,2,2,2,2,2,2,2,1,2,2,2,2,2,7,5,4,6,4,4,8,6,2,2,26,3,1,1,1,40,2300,2000,0,232101,보육교사 2급 자격증 발달장애 보육 저출산 현상 유아 감소 예상,유아교육학
28777,2,2,1,0,1,0,1,0,1,0,1,0,3,3,4,4,3,3,3,2,1,0,1,0,4,3,3,4,2,3,2,4,1,0,1,0,2,2,3,4,4,3,3,3,3,3,1,0,3,3,1,0,4,4,3,3,3,3,1,0,1,0,4,4,3,3,3,3,3,3,2,3,3,2,3,4,3,3,3,3,3,5,3,3,4,4,3,3,3,2,4,3,3,3,3,3,3,2,2,1,3,10,1,2,1,1,1,2,2,2,3,3,4,3,3,4,4,3,4,3,4,3,3,4,4,3,3,4,3,2,4,3,4,4,3,2,4,4,3,3,4,5,2,2,2,2,2,2,2,2,2,1,3,2,2,2,1,8,7,9,3,7,8,3,8,7,1,28,2,1,3,2,52,3300,2800,0,842301,방송통신기능사 통신기기기능사 직무교육 지금 업계 상황 유지,문과
28778,4,5,4,5,3,5,3,5,3,5,4,6,3,5,3,4,4,5,3,5,3,4,3,4,4,6,4,6,3,4,3,5,3,5,3,5,3,4,3,4,3,4,3,4,4,5,1,0,2,3,2,3,2,2,1,0,4,5,2,2,5,5,4,6,2,3,2,3,2,2,2,3,2,3,2,2,1,0,3,4,1,0,1,0,4,5,3,4,5,3,5,3,3,4,3,3,3,3,2,4,4,17,2,2,2,1,2,2,5,3,3,3,3,4,3,3,3,3,3,3,3,2,3,2,3,3,2,5,4,5,4,3,2,2,3,2,4,2,3,3,4,3,1,1,1,2,2,1,2,2,2,2,2,2,3,3,1,7,5,4,3,4,5,4,5,6,2,32,4,1,1,1,40,4200,2400,0,157201,직무교육 기계 개발 시스템 개발,식품공학
28779,3,4,3,4,3,4,4,5,3,5,4,5,5,6,3,4,4,5,3,4,4,5,4,6,4,5,5,5,5,4,4,4,4,5,4,3,4,5,5,6,4,5,4,5,4,6,5,5,4,4,5,5,5,5,4,5,4,6,4,5,2,2,4,4,4,5,4,5,4,3,3,3,3,4,5,6,5,5,4,5,4,3,3,3,2,1,2,5,3,4,5,3,4,2,4,3,3,4,4,4,4,19,4,1,1,1,6,6,2,2,1,1,4,4,1,3,3,3,3,3,4,4,3,2,3,2,5,2,2,5,3,4,3,4,3,3,4,5,3,2,4,4,2,2,2,2,2,2,2,2,2,2,1,2,2,2,1,2,2,2,2,3,3,4,4,4,1,39,2,2,6,1,56,0,0,1000,511101,미용사자격증 실제로 하는 실습훈련 대세 창업 일자리 미용실,인문고
28780,1,0,1,0,1,0,1,0,1,0,1,0,3,3,2,2,1,0,1,0,1,0,1,0,2,2,1,0,1,0,1,0,1,0,2,1,1,0,1,0,1,0,2,1,1,0,3,3,3,3,1,0,1,0,3,4,4,5,4,5,1,0,3,3,1,0,3,4,2,1,2,2,2,1,4,5,3,4,3,3,5,6,4,5,2,2,2,2,2,1,2,3,2,2,3,2,2,2,2,2,2,6,1,2,2,2,0,7,2,3,3,3,4,4,3,4,9,9,9,4,5,5,5,4,4,3,4,2,4,4,4,4,4,3,3,2,2,5,3,3,5,3,2,2,2,2,2,2,2,2,2,1,3,3,3,3,2,6,6,7,5,7,7,5,4,5,1,61,2,1,3,2,45,3617,2500,0,702502,공란,공고
28781,3,2,3,3,2,1,2,2,1,0,1,0,4,6,3,4,2,2,1,0,1,0,2,3,3,3,3,4,2,2,4,4,2,2,3,3,3,3,3,2,4,5,3,4,1,0,1,0,3,2,1,0,4,5,3,3,1,0,1,0,3,2,4,5,4,4,1,0,1,0,1,0,3,3,4,5,2,1,3,2,3,4,4,5,4,4,3,3,5,3,4,4,5,5,3,5,4,3,4,3,5,3,1,2,1,2,0,7,4,3,2,2,3,4,3,3,2,2,3,3,3,3,2,2,3,2,4,3,3,4,3,4,3,2,3,3,4,2,3,3,4,4,2,2,2,2,2,2,2,2,2,1,3,3,3,3,1,6,7,5,3,3,5,5,6,3,2,30,4,1,1,1,55,3600,3600,0,415101,시각디자인사 웹디자인기능사 가구제작기능사 창작 인간 완성,산업디자인
28782,2,2,2,3,2,1,2,2,2,2,2,2,1,0,2,2,2,2,2,2,2,3,2,2,2,2,2,2,2,2,3,3,3,3,2,3,2,2,2,2,2,2,2,2,2,2,2,2,2,2,2,2,2,2,2,2,2,2,3,3,2,2,2,2,2,2,2,2,2,3,2,2,2,2,2,2,2,2,2,2,2,3,3,3,3,3,2,2,3,2,2,3,2,3,3,3,2,3,2,3,2,1,1,2,2,2,0,7,1,2,2,2,4,3,2,2,9,9,3,3,2,4,3,4,5,4,3,3,4,4,4,4,4,4,5,4,3,4,5,4,4,4,2,2,2,2,2,2,2,2,2,2,2,2,2,2,2,6,4,5,4,7,5,6,4,5,1,58,2,2,5,1,50,0,0,8500,904101,인구 감소 비량,상고
28783,3,6,3,6,3,4,4,5,2,4,3,5,2,5,4,5,4,5,3,4,2,3,2,4,3,4,3,4,3,6,4,6,4,5,4,5,2,5,4,5,4,6,4,6,4,5,4,3,2,3,2,3,2,5,2,3,2,3,2,2,2,2,1,0,2,4,2,4,2,3,2,3,2,3,1,0,3,4,4,6,5,6,3,3,2,5,3,5,2,4,1,2,4,2,4,4,2,2,4,4,3,15,2,3,1,2,0,7,5,4,4,4,5,4,4,3,4,4,4,4,2,4,4,4,5,4,4,4,4,4,5,5,4,4,4,4,4,5,4,4,4,3,2,2,2,2,2,2,2,2,2,1,3,3,3,3,2,8,8,7,6,5,3,3,4,7,1,38,4,1,1,1,45,3200,2400,0,240101,경찰공무원 치안유지 필요,경영학
28784,3,3,4,4,2,2,4,5,3,4,4,4,4,4,4,4,4,5,4,4,3,4,4,4,4,5,4,6,4,5,4,5,4,5,3,3,4,4,4,5,4,4,4,4,4,3,3,2,2,2,4,5,3,2,2,2,2,2,3,2,4,6,3,3,2,2,3,3,2,2,2,2,3,2,2,2,3,3,4,5,3,4,3,3,3,4,4,5,4,4,4,3,3,3,4,4,2,3,4,3,4,17,1,2,1,1,3,6,2,3,3,3,3,4,2,4,3,4,4,4,4,3,3,4,3,4,4,4,4,4,4,4,3,4,2,2,5,4,4,2,4,4,2,2,2,2,2,2,2,2,2,3,5,3,3,3,2,8,8,2,2,2,2,2,2,8,1,34,3,1,1,1,40,2400,2230,0,232901,사회복지사 노인생활지도 세계 고령화 시대 노인 구가,사회복지
28785,3,4,3,4,3,4,3,4,2,2,2,3,1,0,2,2,2,2,1,0,1,0,2,3,3,4,3,3,3,4,3,4,3,3,2,2,1,0,3,4,3,4,2,2,2,3,2,1,2,3,1,0,2,3,1,0,3,3,1,0,1,0,3,4,2,3,2,2,3,4,3,3,3,4,1,0,3,3,1,0,2,3,3,4,2,2,2,1,3,2,4,4,5,3,5,5,2,4,5,2,3,17,1,5,1,2,0,7,4,4,4,4,4,3,2,3,2,4,4,4,4,4,4,3,4,2,3,2,3,4,4,3,2,2,3,3,2,3,3,2,3,3,2,2,2,2,2,2,2,2,2,1,4,2,2,3,2,7,6,4,5,3,5,5,3,5,1,35,4,1,1,1,50,2900,2800,0,306201,방사선산업기사 방사선사 병원 직종,방사선
28786,4,3,2,1,2,1,5,2,4,3,2,3,2,4,2,1,2,3,3,2,3,2,2,3,3,2,4,3,2,4,2,4,2,3,4,5,2,5,3,5,3,4,3,4,4,3,3,4,3,2,3,1,3,2,3,4,3,4,3,4,3,4,3,2,4,3,2,1,3,2,3,1,2,1,2,1,2,1,4,2,1,0,2,1,3,2,2,1,2,3,2,3,4,5,4,3,2,5,3,4,3,10,1,4,1,1,5,3,5,4,3,3,4,5,3,3,2,3,4,3,3,2,3,2,4,2,3,1,2,4,3,4,3,4,4,3,4,5,4,4,5,4,2,2,1,1,2,1,2,1,2,1,4,3,2,3,2,3,6,4,7,5,6,3,5,6,2,28,4,1,3,2,45,2800,2600,0,133205,소프트웨어자격증 스마트앱 개발 교육 기술 개발 기술 향상 전산 자동화 기술 인간 만들기 때문,시각디자인학
28787,5,5,4,5,3,4,4,5,3,3,2,4,3,3,2,4,3,4,3,4,4,4,2,3,4,4,2,3,3,3,2,4,2,4,2,4,3,4,4,4,4,3,2,3,3,4,3,3,3,3,2,3,3,3,3,3,3,3,3,4,2,4,3,5,4,3,4,4,4,4,3,3,2,4,5,3,3,4,4,4,4,4,2,3,5,5,2,4,4,3,4,3,4,1,4,2,3,3,4,4,5,6,1,2,1,2,0,2,2,3,3,2,5,4,3,3,3,4,3,3,3,3,3,3,2,3,3,3,3,3,4,3,3,2,3,1,3,4,4,4,3,5,2,2,2,2,2,2,2,2,2,2,3,3,3,3,2,8,8,6,6,5,5,6,5,5,1,45,2,1,1,1,60,3400,2500,0,701401,산업기사자격증 건축 경기 갈수록 불황,토목
28788,3,4,3,4,1,0,3,4,3,4,3,4,1,0,1,0,3,4,2,3,3,4,1,0,3,4,3,4,1,0,3,4,3,4,1,0,1,0,3,4,3,4,3,4,3,4,1,0,2,3,3,4,3,4,3,4,3,4,3,4,3,4,3,4,3,4,3,4,3,4,3,4,2,2,3,4,2,2,3,4,3,4,3,4,3,4,3,4,4,3,3,3,3,3,4,3,3,4,3,4,4,3,1,2,2,2,0,2,3,3,2,2,4,4,3,4,4,4,4,4,2,3,3,4,3,3,2,2,4,3,4,3,4,3,3,3,4,5,4,3,3,4,2,2,2,2,2,2,2,2,2,2,2,2,2,3,2,2,7,3,2,8,7,2,8,3,1,58,2,1,1,1,48,3500,2500,0,813201,경기 침체 일자리 감소,공고
28789,3,4,4,4,1,0,4,4,3,5,3,5,4,6,2,3,2,2,2,5,1,0,1,0,1,0,4,4,3,4,3,4,3,5,4,4,2,2,3,4,3,4,3,3,3,4,4,5,4,4,2,3,2,3,2,3,2,2,1,0,1,0,1,0,1,0,1,0,1,0,1,0,2,3,2,2,1,0,1,0,1,0,1,0,1,0,1,0,4,3,3,2,2,2,2,4,3,3,3,1,4,13,1,2,2,2,0,5,4,3,4,2,4,4,3,2,9,9,3,3,2,4,3,4,4,4,2,2,2,4,4,4,4,4,4,2,3,3,3,4,4,4,2,2,2,2,2,2,2,2,2,1,4,2,2,3,2,6,7,7,3,3,4,3,3,5,2,52,4,2,5,1,40,0,0,4100,415101,개성 중시,산업디자인
28790,4,4,4,7,5,7,5,7,3,6,4,5,4,5,4,4,4,5,4,4,4,5,4,5,4,4,4,5,4,5,4,5,5,5,4,6,4,5,3,5,4,5,5,6,4,6,4,5,3,5,4,6,4,5,4,5,4,5,4,5,4,4,4,5,4,5,3,5,3,4,4,5,4,5,4,5,4,5,4,4,3,5,3,4,3,4,4,5,4,4,3,4,5,4,4,4,3,4,4,4,4,10,1,2,2,2,0,2,5,4,3,4,4,3,4,4,3,4,3,4,4,3,4,4,4,3,4,3,4,4,4,4,4,3,4,4,4,3,4,4,4,4,2,2,2,2,2,2,2,2,2,2,2,2,2,2,1,7,6,7,7,3,4,4,6,5,2,43,4,1,1,1,50,4000,2000,0,412003,인공 지능 기술 로봇 대신 편집,문예창작
28791,5,7,5,7,4,6,3,4,1,0,4,5,5,7,4,5,2,3,4,5,5,6,4,5,5,7,5,6,4,5,5,6,4,5,4,5,3,4,2,3,4,6,5,7,5,6,4,5,3,4,5,6,2,3,2,3,4,5,2,3,1,0,2,3,3,4,2,3,1,0,1,0,4,5,1,0,1,0,3,4,4,5,3,4,2,3,2,3,4,4,3,3,4,5,4,4,3,4,4,5,4,14,1,5,2,1,3,6,4,4,4,4,5,5,4,3,3,3,4,3,3,4,4,3,3,2,2,5,4,5,4,4,5,5,4,4,5,5,4,4,5,4,2,2,2,2,2,2,2,2,2,2,3,2,2,2,1,1,2,2,3,3,5,2,2,7,1,45,4,1,1,1,40,7000,3000,0,416101,현장수습 대체 불가,국문학
28792,4,5,4,5,4,5,3,4,3,5,3,5,3,4,3,4,4,5,3,4,3,4,3,5,3,4,3,4,4,5,4,5,4,5,3,4,3,4,3,4,3,4,3,5,3,5,3,4,1,0,1,0,2,3,2,3,2,2,1,0,4,5,2,3,2,3,1,0,1,0,1,0,3,3,3,3,2,2,3,5,3,4,3,4,3,5,4,5,4,4,3,3,3,2,4,3,2,3,3,2,3,15,2,2,1,2,0,5,5,3,4,4,4,4,3,3,4,3,3,4,3,3,4,3,3,4,3,3,4,3,3,4,4,4,4,3,4,5,3,4,4,4,2,2,2,2,2,2,2,2,2,1,3,3,3,3,2,6,6,4,5,3,3,5,2,4,2,50,4,1,1,1,35,4200,3400,0,29903,행정사 지금,행정학
28793,4,5,4,5,3,4,4,5,4,5,4,5,2,4,3,4,3,4,2,3,3,4,3,4,4,5,3,4,4,5,3,4,4,5,4,5,2,3,4,5,4,5,4,5,3,4,4,5,3,4,3,4,2,2,1,0,1,0,1,0,3,4,4,5,1,0,1,0,1,0,1,0,4,5,2,3,2,3,2,3,4,4,2,3,4,5,4,5,4,4,4,3,3,2,3,4,4,3,2,2,3,12,1,1,1,2,0,5,5,3,4,3,5,4,4,3,3,4,3,4,3,3,3,3,3,4,4,4,3,3,3,4,4,4,3,3,3,4,4,3,3,5,2,2,2,2,2,2,2,2,2,1,5,3,3,3,1,5,5,6,5,6,6,4,5,4,2,52,4,1,1,1,25,3700,3500,0,611001,공인중개사 집값 사지 사람 월세 전세 계약 일로 부동산 사람,도시공학
28794,4,6,5,7,5,7,5,7,5,7,5,7,5,7,4,6,5,7,5,6,5,7,5,7,5,6,5,7,5,7,5,7,5,6,5,7,5,7,4,6,4,7,5,7,5,6,5,6,5,6,4,7,5,7,5,7,5,6,5,7,5,7,4,6,5,7,5,7,5,6,4,6,5,6,4,5,3,4,5,6,4,5,3,4,3,4,3,4,3,3,3,3,3,4,3,3,3,3,4,3,4,15,2,5,1,2,0,5,7,3,3,3,5,4,5,4,4,4,4,4,3,3,3,3,3,3,4,3,3,3,5,3,3,3,4,4,3,4,4,3,5,5,2,2,2,2,2,2,2,2,2,2,4,1,1,1,1,2,2,2,5,2,3,2,4,3,1,64,6,1,1,1,40,13000,5700,0,122101,박사학위 여러 분야 발전 가능성 기초 학문,예방의학
28795,3,5,2,4,2,3,2,4,4,5,4,5,2,4,3,4,4,5,3,5,3,3,2,3,3,5,2,4,2,3,2,4,2,3,2,4,3,2,3,4,4,5,3,4,3,4,2,3,2,4,2,3,3,4,3,5,3,5,3,4,4,4,4,4,3,4,3,5,4,5,4,6,4,4,4,5,4,4,4,5,3,5,4,4,4,6,4,4,4,3,4,4,4,4,4,4,3,3,4,3,3,10,1,4,1,2,0,7,4,4,4,3,4,4,3,4,4,4,5,4,2,3,4,5,4,5,3,2,4,4,4,5,4,4,3,4,5,5,4,4,5,4,2,2,2,2,2,2,2,2,2,1,3,3,3,3,2,7,7,4,3,3,3,4,7,7,1,35,4,1,1,1,44,4300,2900,0,131101,컴퓨터하드웨어기술자 기계,컴퓨터공학
28796,5,7,5,7,4,5,3,4,3,5,4,6,4,5,4,5,3,3,3,3,3,4,1,0,1,0,1,0,1,0,4,6,2,1,1,0,1,0,3,3,4,4,4,4,3,4,1,0,1,0,1,0,4,6,5,6,4,4,4,5,3,5,4,5,4,4,1,0,1,0,1,0,1,0,1,0,1,0,1,0,1,0,2,2,3,4,2,3,4,4,3,4,5,3,3,3,3,4,5,4,4,3,1,4,2,2,0,6,6,4,5,4,4,5,4,4,5,4,5,4,4,4,4,4,5,3,4,4,4,4,3,4,4,4,3,4,4,4,4,3,4,3,2,2,2,2,2,2,2,2,2,3,4,3,3,3,2,6,3,3,4,4,5,3,6,5,1,42,6,1,1,1,40,5800,4000,0,122102,시장 수요 증가,약학
28797,4,5,4,6,3,4,4,5,4,6,4,5,2,6,3,4,4,5,4,5,4,6,4,5,4,5,1,0,2,3,4,5,2,1,1,0,3,5,3,4,4,5,4,6,3,4,1,0,2,4,1,0,3,4,1,0,3,5,2,2,1,0,5,6,5,5,4,5,4,6,4,6,1,0,5,6,4,6,4,5,5,6,4,6,4,6,4,5,2,3,1,2,3,2,3,2,3,3,3,4,3,3,1,2,2,2,0,1,2,3,2,2,2,2,2,3,1,3,4,3,2,3,4,5,4,3,4,3,3,2,2,5,3,4,4,3,4,4,4,2,5,4,2,2,2,2,2,2,2,2,2,2,2,3,3,3,2,6,5,6,5,8,8,9,3,2,1,46,3,1,1,1,44,3800,2200,0,861301,공장 해외 이전 일자리 축소,조경
28798,4,5,4,4,2,3,4,5,4,6,4,5,4,6,4,4,4,4,4,4,4,4,4,5,4,5,3,4,4,4,4,5,4,4,4,4,4,5,4,5,3,5,4,5,3,5,4,5,4,5,3,5,3,4,3,4,3,4,3,3,3,5,4,5,4,5,3,3,3,3,3,3,4,5,4,5,3,4,4,5,3,3,3,3,4,6,4,5,4,3,4,3,4,4,3,4,3,3,4,4,3,13,1,3,1,2,0,6,5,3,3,2,4,3,2,4,4,3,4,3,2,4,3,4,4,3,4,4,3,4,4,3,4,4,4,4,3,3,4,4,4,3,1,1,1,1,1,1,1,1,1,2,5,2,2,2,1,6,5,4,6,5,4,6,4,6,1,52,4,1,1,1,40,3500,3000,0,140502,전자기사 전자산업기사 전자응용기술자 자동화 디지털 기기 재교육 첨단 무선 통신 기술,정보통신공학
28799,3,3,4,4,1,0,3,3,2,3,3,3,1,0,2,3,3,3,1,0,3,3,3,3,3,3,1,0,3,3,1,0,1,0,1,0,1,0,3,3,2,3,3,3,1,0,3,4,4,4,1,0,3,4,3,3,3,4,2,3,1,0,3,4,3,4,4,4,4,3,3,3,1,0,3,3,3,3,4,4,1,0,2,2,3,3,2,3,1,3,5,2,2,3,2,2,3,2,2,2,5,19,4,1,2,2,0,2,1,1,1,1,2,2,2,2,9,9,9,2,4,2,3,4,4,3,4,5,2,4,2,4,4,5,5,5,4,5,4,4,5,4,2,2,2,2,2,2,2,2,2,1,3,3,2,2,2,7,6,2,3,2,2,5,7,8,2,60,2,2,6,1,54,0,0,2000,863401,수요 지금 유지,상고
28800,4,5,4,6,4,5,4,4,4,4,4,5,4,4,3,4,4,5,3,4,4,4,3,5,4,4,4,4,3,5,3,4,3,5,3,5,4,4,4,4,3,4,3,5,3,5,3,5,4,4,3,4,3,4,3,5,3,5,3,5,4,4,3,4,4,5,3,4,3,3,3,3,3,4,2,4,3,4,3,4,3,3,3,4,4,4,3,4,4,3,4,3,4,3,4,4,3,4,3,4,3,3,1,2,2,1,3,4,5,4,3,4,4,3,4,5,4,5,4,5,4,3,4,4,3,4,4,3,4,4,4,4,3,4,4,4,3,4,4,3,4,3,2,2,2,2,2,2,2,2,2,2,3,3,3,3,1,8,7,8,7,8,7,8,7,8,1,49,4,1,1,1,40,6700,3800,0,28401,재고자재파악 변화,회계
28801,3,4,4,3,4,4,3,4,4,5,4,4,3,4,4,3,3,4,3,4,4,4,3,4,3,4,4,4,3,4,2,4,3,4,4,5,3,4,4,4,3,4,2,4,4,4,3,3,3,3,3,4,4,4,3,4,3,5,4,6,5,6,4,4,4,4,3,4,4,4,4,4,3,4,4,5,3,4,2,2,3,4,4,3,3,3,3,4,5,4,4,5,4,4,4,5,4,5,4,5,5,10,1,4,2,2,0,3,2,4,3,4,4,5,3,3,4,4,5,4,1,3,3,4,4,3,4,1,4,3,2,5,4,4,2,3,5,5,4,3,4,5,2,2,2,2,2,2,1,2,2,2,2,3,3,3,1,1,2,5,4,7,6,3,8,6,1,40,4,1,1,1,45,4200,2900,0,133101,인적 구조조정 경제 시기,컴퓨터공학
28802,1,0,1,0,1,0,1,0,1,0,1,0,1,0,3,4,2,3,2,3,1,0,1,0,2,4,1,0,1,0,2,3,1,0,1,0,1,0,1,0,2,3,1,0,3,4,1,0,1,0,1,0,1,0,2,3,1,0,1,0,1,0,1,0,3,4,2,3,1,0,2,4,1,0,2,3,3,4,2,3,3,5,4,5,2,3,1,0,3,2,3,4,4,3,3,3,4,3,3,3,4,13,1,3,1,2,0,7,4,4,3,3,4,3,3,3,4,3,4,4,3,3,3,4,3,3,4,3,3,4,3,3,3,4,4,3,3,4,3,2,2,4,2,2,2,2,2,2,2,2,2,2,3,2,2,3,2,4,5,4,4,6,5,7,5,4,1,45,4,1,1,1,42,4014,2911,0,158501,비파괴기능 안전 진단 유지 비파괴검사 수요 지속,물리학
28803,4,6,4,5,5,5,4,5,3,5,4,6,4,5,4,4,4,6,4,6,4,6,4,4,3,5,3,4,4,5,4,5,3,4,4,5,4,5,3,4,4,5,3,4,4,5,3,4,3,4,4,5,3,5,3,3,2,2,2,3,2,4,3,5,4,4,3,2,1,0,1,0,3,5,3,3,2,3,4,4,3,4,2,4,4,5,4,4,4,3,3,4,4,4,5,3,3,4,4,5,4,15,2,5,1,2,0,4,5,3,3,3,5,4,4,4,4,5,5,5,2,3,3,3,3,2,3,2,3,4,4,4,3,4,4,4,3,5,4,4,5,4,2,2,2,2,2,2,2,2,2,2,3,3,3,3,2,5,5,5,5,5,5,6,6,5,1,52,4,1,1,1,48,7000,3000,0,157101,식품기술사 품질관리기술사 상태 유지,식품공학
28804,2,2,3,3,1,0,2,3,1,0,4,5,2,3,4,5,5,6,4,5,3,4,2,3,5,7,4,5,1,0,4,5,1,0,1,0,1,0,2,3,4,6,5,7,3,4,1,0,1,0,1,0,2,2,3,3,3,3,3,4,1,0,1,0,5,6,2,3,5,6,5,6,1,0,4,5,5,6,5,6,4,6,3,4,4,5,4,4,4,4,4,4,5,2,3,5,4,4,5,5,5,15,2,5,1,1,5,5,5,4,3,4,4,3,4,4,3,3,3,4,3,4,3,4,3,3,4,5,3,5,3,5,4,4,5,5,4,5,4,4,5,4,2,2,2,2,2,2,2,2,2,2,4,3,3,3,2,1,1,1,4,4,8,1,1,5,1,43,4,1,1,1,40,5400,3000,0,621102,계기비행 자격증 관제영어 비행훈련 헬기,제어계측학
28805,3,4,1,0,3,3,1,0,1,0,1,0,1,0,1,0,1,0,1,0,1,0,4,3,1,0,1,0,1,0,2,2,1,0,1,0,1,0,1,0,3,3,1,0,1,0,1,0,1,0,1,0,3,3,3,4,2,3,2,2,3,5,1,0,1,0,3,4,2,3,2,3,1,0,3,3,3,4,2,4,2,2,2,3,3,4,2,3,2,2,3,3,3,2,3,3,2,3,4,2,4,3,1,2,2,2,0,2,3,3,2,2,4,3,2,3,3,3,4,3,2,4,4,4,3,2,3,2,4,3,3,3,2,3,4,4,5,5,4,2,4,5,2,2,2,2,2,2,2,2,2,1,2,3,3,3,2,6,7,5,5,6,5,5,4,5,1,56,2,1,1,1,48,4000,2000,0,813201,작업 일자리 감소,기계
28806,2,3,2,3,2,3,2,3,2,3,3,4,2,3,3,4,2,2,2,3,2,3,3,4,3,4,3,4,3,5,2,3,2,3,2,3,3,5,3,5,3,4,2,3,2,3,3,4,3,4,3,5,3,4,3,5,3,4,3,4,4,6,4,5,3,4,2,3,2,2,2,3,2,3,2,3,2,3,2,3,2,3,2,3,2,3,2,2,4,3,4,4,3,4,4,4,3,4,3,3,4,3,1,5,1,2,0,1,5,4,4,3,4,4,3,4,4,5,5,4,2,4,4,4,3,4,4,3,4,3,4,4,3,4,4,4,3,3,4,4,3,4,2,2,2,2,2,2,2,2,2,2,2,3,2,3,2,8,5,4,3,5,7,8,4,6,2,48,4,1,1,1,40,5200,2500,0,156201,화학산업기사 경기 침체,섬유공학
28807,2,2,2,1,2,1,2,3,2,4,1,0,1,0,2,2,2,4,1,0,4,3,2,3,1,0,1,0,2,3,1,0,1,0,1,0,2,1,1,0,2,3,2,3,1,0,3,4,3,4,1,0,2,4,1,0,3,4,2,3,1,0,2,3,2,3,5,4,4,4,4,5,1,0,4,4,5,5,5,5,4,6,4,4,2,3,2,3,4,3,4,2,2,1,4,1,1,1,2,3,4,1,4,1,2,2,0,7,1,2,1,1,4,2,2,2,9,9,9,2,2,4,1,5,4,3,3,4,5,3,2,5,3,3,5,5,4,5,4,3,4,4,2,2,2,2,2,2,2,2,2,1,1,3,3,3,2,7,8,8,7,7,6,7,4,3,1,64,2,2,6,1,48,0,0,2300,901101,사람 농사일,인문계
28808,2,2,1,0,1,0,2,2,1,0,1,0,1,0,2,2,1,0,1,0,1,0,2,2,1,0,2,3,1,0,2,2,1,0,1,0,2,2,1,0,1,0,1,0,2,2,1,0,1,0,1,0,1,0,2,3,2,2,4,5,1,0,1,0,1,0,3,3,2,2,2,2,2,3,2,3,1,0,1,0,2,3,2,3,2,3,2,2,2,3,1,3,2,2,3,4,3,2,3,3,2,6,1,2,2,2,0,2,2,3,3,3,4,3,3,3,9,4,5,4,3,2,3,4,4,3,4,2,4,4,4,5,3,4,3,4,4,4,5,4,5,4,2,2,2,2,2,2,2,2,2,1,3,2,2,2,2,8,7,6,2,3,4,8,6,3,1,59,2,1,3,2,30,3000,2200,0,702301,수요 공급,화공
28809,3,4,3,4,2,2,2,2,4,6,4,5,5,7,4,5,4,5,3,4,3,4,3,4,3,4,3,4,1,0,1,0,1,0,1,0,2,2,2,3,4,5,3,4,1,0,1,0,1,0,1,0,5,6,5,7,4,5,4,6,5,6,3,4,1,0,2,3,1,0,1,0,1,0,2,3,2,2,3,4,2,2,1,0,4,5,1,0,5,4,4,3,3,3,4,3,3,5,4,3,4,13,1,2,2,2,0,7,5,4,3,4,4,4,3,5,5,4,4,5,3,4,3,5,3,3,4,4,3,5,4,4,4,5,5,4,5,4,4,2,4,3,2,2,2,2,2,2,2,2,2,2,4,2,2,3,2,2,1,2,2,3,8,8,8,5,1,30,4,1,1,1,40,3300,3000,0,159103,프린팅 수요 증가,회화
28810,4,5,5,6,4,5,4,5,2,2,3,4,4,5,3,4,1,0,1,0,1,0,4,5,3,4,2,2,3,4,1,0,3,4,3,3,4,5,3,4,3,4,3,5,3,5,2,3,1,0,3,4,3,5,1,0,1,0,1,0,4,5,1,0,1,0,1,0,1,0,1,0,3,4,1,0,1,0,1,0,1,0,1,0,3,3,2,3,4,3,4,3,3,4,4,4,4,3,4,3,4,18,1,2,2,2,0,2,4,3,4,4,4,5,5,3,3,3,4,4,2,4,3,3,4,3,4,3,4,3,3,3,4,4,3,3,4,4,3,3,3,4,2,2,2,2,2,2,2,2,2,1,4,3,3,3,2,9,8,1,2,3,1,7,9,8,1,35,4,1,1,1,42,3200,2000,0,24402,문화생활 인구,마케팅학
28811,4,4,4,5,4,4,4,4,5,6,5,5,5,5,3,5,4,4,4,5,4,4,4,4,4,4,4,4,4,4,4,5,4,4,4,4,4,4,4,4,4,4,4,4,4,5,4,4,4,4,4,4,4,5,4,5,4,4,4,4,4,4,4,4,4,4,4,4,5,6,5,5,4,4,4,4,4,4,4,4,5,5,4,4,4,4,4,4,5,4,5,3,4,4,4,5,4,5,4,4,3,19,4,1,1,2,0,3,2,4,4,3,4,3,3,3,9,9,9,3,4,2,3,4,4,3,4,4,3,4,4,4,3,4,3,4,4,4,3,4,4,4,2,2,2,2,2,2,2,2,2,2,2,2,2,2,2,6,7,5,6,7,7,6,7,4,1,30,4,2,6,1,60,0,0,5000,841201,전자산업기사 로봇 진단 수리 자동화 시스템 해결,무역학
28812,4,4,3,5,1,0,1,0,5,5,2,4,1,0,2,4,3,5,1,0,3,5,1,0,2,2,4,3,1,0,3,2,1,0,1,0,1,0,1,0,4,5,3,3,1,0,1,0,2,4,1,0,3,5,4,4,1,0,2,4,4,6,2,3,3,4,2,2,1,0,1,0,1,0,3,2,4,4,1,0,1,0,1,0,3,3,2,3,4,3,5,4,4,2,3,4,5,3,3,5,4,13,2,4,2,2,0,2,6,4,5,5,4,5,5,4,3,5,4,5,4,2,2,4,4,3,5,5,4,3,4,4,3,3,5,4,5,2,3,3,4,5,2,2,2,2,2,2,2,2,2,2,4,3,3,3,2,3,7,6,4,5,3,7,4,6,1,45,6,1,1,1,40,5600,3600,0,121103,최근 산업 로봇 인공 지능 산업 발달 증가 예정,물리
28813,3,3,3,4,2,4,3,4,3,4,2,3,2,2,2,3,3,4,3,4,3,4,4,5,3,4,4,5,4,4,2,2,2,2,2,2,3,4,3,4,3,5,3,3,3,4,3,4,1,0,1,0,3,4,3,4,3,4,1,0,3,4,3,4,3,4,4,5,3,4,3,4,3,4,3,4,4,4,2,2,3,4,3,3,3,4,4,5,3,3,3,2,2,2,3,3,3,3,2,3,3,3,1,1,2,2,0,2,1,4,3,3,4,4,3,3,4,4,4,4,2,3,3,4,3,3,3,3,4,4,4,2,3,2,2,4,5,3,3,3,3,3,2,2,2,2,2,1,2,2,2,1,3,3,3,2,2,2,2,5,3,8,7,2,8,7,1,60,1,1,1,1,52,3500,2100,0,813201,기술 도입 훈련 필요성 증가 기계 조작 사람,0
28814,2,4,2,4,2,4,2,4,3,5,3,4,1,0,3,4,3,5,3,5,2,3,2,3,3,4,2,3,1,0,2,4,2,3,3,5,1,0,3,5,3,4,2,4,3,5,1,0,2,3,1,0,2,3,2,4,2,4,3,4,2,3,2,3,2,3,3,4,4,5,3,4,2,4,2,3,2,3,2,3,2,3,2,3,3,4,2,4,4,3,4,3,4,4,4,2,3,4,3,4,4,3,1,4,1,1,2,3,4,3,4,3,4,3,4,3,4,4,4,4,3,4,4,4,4,4,5,4,4,4,4,4,3,4,3,3,3,4,4,4,4,4,2,2,2,2,2,2,2,2,2,2,1,3,3,3,2,8,8,4,2,2,3,2,7,8,1,29,4,1,1,1,48,3200,2800,0,153301,전기전자기사 안전 관리 교육 자동화 설계 이해 산업 기계 대체,전기공학
28815,1,0,4,1,2,2,3,1,2,1,1,0,5,6,3,2,3,2,4,1,1,0,3,2,3,1,1,0,3,3,4,4,1,0,1,0,1,0,3,4,3,3,3,3,4,4,4,5,4,4,1,0,3,3,4,5,4,2,4,1,3,2,2,2,4,2,4,2,4,2,4,1,1,0,5,6,5,5,3,3,4,6,4,4,4,6,2,1,4,4,4,3,4,2,2,3,4,4,4,4,4,18,4,1,2,2,0,6,4,4,2,2,5,5,3,4,9,9,9,4,2,4,4,1,3,3,4,4,3,4,2,5,3,4,3,3,4,5,3,3,4,5,2,2,2,2,2,2,2,2,2,2,3,3,2,2,1,8,7,8,4,5,7,5,5,5,1,52,4,2,6,1,40,0,0,4300,414102,취미 생활 대한 관심 급증 변화 생각,공예조형디자인
28816,2,2,3,3,1,0,3,4,1,0,4,5,1,0,4,5,5,6,4,5,4,5,2,3,5,6,2,2,1,0,3,4,1,0,1,0,1,0,3,4,4,6,5,7,2,3,1,0,3,4,1,0,2,3,2,2,2,3,4,6,1,0,1,0,5,6,3,3,4,6,5,7,2,2,5,7,4,6,5,6,2,3,3,4,5,6,5,6,4,3,4,4,5,3,3,5,3,3,4,5,4,8,1,6,1,1,4,4,5,4,3,3,4,5,4,3,4,4,4,3,3,4,3,3,4,3,3,4,3,3,3,3,4,4,4,5,4,4,4,4,5,4,2,2,2,2,2,2,2,2,2,1,4,2,2,2,2,3,2,3,2,1,2,8,9,9,1,41,4,1,1,1,51,10500,8500,0,621101,사업용 조종사 운송용 조종사 조정훈련교육 용량 증가,항공학
28817,1,0,1,0,1,0,1,0,1,0,1,0,1,0,1,0,1,0,1,0,1,0,1,0,1,0,1,0,1,0,1,0,1,0,1,0,1,0,1,0,1,0,1,0,1,0,1,0,3,4,1,0,3,4,1,0,2,2,1,0,1,0,1,0,1,0,1,0,1,0,1,0,1,0,4,5,4,5,1,0,3,5,3,4,1,0,1,0,3,4,3,4,3,4,3,3,3,4,3,2,3,6,1,2,1,2,0,7,2,3,4,3,3,3,3,4,3,4,4,5,3,4,3,3,4,3,4,3,4,3,4,2,3,3,3,3,2,3,3,3,3,3,2,2,2,2,2,2,2,2,2,1,3,2,2,2,2,8,6,7,6,7,6,7,8,6,1,41,2,1,1,1,40,3000,2400,0,702601,도장기능사 기계 대체 불가,실업계
28818,5,5,3,5,4,4,4,5,3,4,4,4,3,4,4,5,3,5,5,5,3,3,4,5,5,5,3,4,3,4,4,4,4,5,3,4,4,5,3,4,4,5,3,3,3,5,4,4,4,5,4,4,4,4,4,5,4,4,4,5,3,4,4,4,3,5,5,5,4,5,4,5,4,4,3,4,2,3,4,5,4,5,3,4,4,5,3,3,4,5,3,4,3,3,3,3,3,5,4,3,4,6,1,4,1,1,2,4,5,4,4,4,4,4,4,4,4,4,5,4,4,4,4,4,3,4,4,3,3,3,5,4,4,4,4,3,4,5,4,3,5,4,2,1,2,2,2,2,2,2,2,2,4,3,3,3,2,8,8,4,4,3,5,4,3,7,1,38,4,1,1,1,40,4150,3300,0,158401,산업안전산업기사 장치 부품 장비 도면 작성 작업 도면 사회 안전 환경 보건 대한 관심 증가,기계공학
28819,2,3,3,3,2,2,3,3,1,0,2,3,1,0,4,4,4,4,2,3,4,4,2,3,2,2,4,4,1,0,1,0,1,0,1,0,3,3,4,4,2,2,3,4,2,2,1,0,2,2,1,0,2,3,1,0,2,3,3,4,2,2,1,0,2,2,3,3,1,0,2,3,1,0,1,0,1,0,3,3,1,0,1,0,4,4,3,3,5,4,4,3,4,3,4,4,3,5,5,5,4,13,1,3,2,2,0,7,5,4,5,5,5,4,4,4,3,4,4,4,3,4,4,4,3,4,4,4,3,5,3,5,4,5,4,5,4,4,4,4,5,4,2,2,2,2,2,2,2,2,2,1,4,2,2,2,2,3,2,3,2,3,2,7,6,7,1,30,4,1,1,1,40,3200,2600,0,155304,산업 발달 환경 중요성 조명,환경과학
28820,5,7,5,7,5,7,5,7,5,7,5,7,5,7,5,7,5,6,5,7,5,6,5,6,3,4,4,4,4,5,4,5,3,5,4,5,5,7,4,5,4,6,4,5,3,4,3,4,2,2,2,2,2,2,2,2,1,0,1,0,2,2,1,0,2,2,1,0,1,0,1,0,2,2,1,0,2,1,1,0,1,0,2,2,2,3,2,2,5,4,4,5,5,5,5,4,4,4,3,4,4,16,5,5,2,2,0,6,7,5,5,5,5,5,3,5,5,5,5,5,2,4,4,4,3,4,4,2,4,4,4,4,4,3,3,3,5,2,3,2,4,4,2,2,2,2,2,2,2,2,2,2,2,3,3,3,1,2,2,3,3,4,3,3,3,3,1,64,6,1,1,1,50,8000,4000,0,110101,인구 감소,철학
28821,2,1,2,3,2,1,4,5,3,2,2,1,3,2,2,1,3,4,3,2,3,2,3,2,2,3,4,3,2,3,2,3,2,1,2,3,3,2,3,4,3,2,4,3,2,3,2,1,1,0,2,1,2,3,1,0,1,0,2,1,2,1,2,3,2,3,2,3,2,3,2,1,1,0,2,1,2,3,2,1,1,0,2,1,3,2,1,0,5,4,3,4,3,4,3,3,2,3,2,4,3,7,1,5,2,2,0,2,2,3,2,1,2,3,3,3,4,3,2,3,2,3,2,3,4,5,4,2,3,4,4,3,4,3,2,3,4,5,4,3,4,5,2,1,2,2,1,1,2,1,2,2,2,3,2,2,1,7,4,3,5,6,4,4,6,3,2,36,3,1,1,1,40,2800,2200,0,613001,바운드 형태 아웃소싱 형태 분류 업무 난이도 인공 지능 발달 자동 전화 일자리 감소,마케팅정보
28822,4,5,4,4,3,3,4,5,3,4,4,5,3,4,4,5,4,5,4,6,5,6,4,5,4,5,4,5,4,5,4,5,4,5,3,4,4,5,4,5,4,5,4,5,4,5,4,5,4,5,4,5,4,5,3,4,4,6,4,5,4,5,4,5,4,5,4,6,4,6,4,5,4,5,5,6,4,5,4,6,4,5,4,6,4,5,4,5,4,4,4,4,3,4,4,4,3,3,2,3,3,18,1,2,2,2,0,7,5,4,3,3,4,4,4,3,2,4,5,4,2,3,3,4,4,5,4,3,2,2,3,4,3,2,4,5,4,4,3,3,3,3,2,2,2,2,2,2,2,2,2,2,4,3,3,3,2,8,7,8,3,4,2,8,4,2,1,32,4,1,3,2,55,4300,4000,0,416102,영화제작 컨텐츠 수요 다양성 증가,영화
28823,2,2,2,2,2,3,2,3,3,4,3,4,2,3,3,4,3,4,3,4,1,0,3,4,3,5,4,5,3,4,4,5,4,3,2,3,3,4,3,5,4,6,4,5,3,5,2,3,2,1,3,3,4,5,4,5,4,5,4,5,2,3,3,5,4,5,4,5,4,5,4,5,1,0,4,5,4,5,4,5,4,6,3,4,4,6,4,5,3,3,4,3,3,2,3,3,3,2,3,2,3,4,1,2,1,2,0,3,5,3,2,3,5,5,5,3,3,4,3,4,3,4,3,3,3,3,4,2,3,3,4,4,4,3,3,3,4,3,4,3,3,3,2,2,2,2,2,2,2,2,2,1,3,3,3,3,2,5,5,6,6,7,4,7,6,4,1,40,2,1,1,1,25,3900,2200,0,811501,보일러시공기능사 보일러 설치 정비 사람 작업 이기 때문,문과
28824,3,2,3,2,2,2,2,1,2,1,2,2,3,3,3,5,3,4,3,3,2,2,3,4,2,2,3,3,2,2,3,3,2,2,3,3,3,5,3,5,3,3,3,3,2,2,2,2,3,3,3,4,3,5,3,5,3,5,4,5,2,2,3,4,3,4,4,6,4,6,4,6,2,4,3,5,3,4,3,4,4,5,3,3,3,5,3,6,2,2,2,3,3,2,3,3,3,2,3,3,2,19,1,2,2,2,0,3,1,3,3,2,3,2,3,4,3,4,4,4,2,4,3,3,3,4,3,4,3,2,2,4,3,4,4,3,3,3,2,3,4,4,2,2,2,2,2,2,2,2,2,3,2,3,3,3,2,8,7,5,3,2,5,4,6,5,1,41,2,1,1,1,40,4000,2000,0,812201,발전,기계
28825,4,5,4,6,4,6,4,6,4,6,4,5,4,6,3,4,4,5,4,5,4,5,4,5,3,4,4,5,4,4,3,4,4,5,4,5,4,5,4,5,4,5,4,5,4,5,2,3,3,4,4,5,4,5,5,3,3,4,3,4,3,4,4,6,3,4,3,4,3,3,4,4,4,6,3,5,3,4,4,5,4,5,3,4,4,5,4,5,4,4,4,3,4,3,3,4,3,4,4,3,4,18,4,1,1,2,0,2,4,4,4,4,4,4,4,4,3,9,9,4,2,4,4,4,4,5,4,4,4,4,4,4,4,4,5,4,5,4,4,4,4,5,2,2,2,2,2,2,2,2,2,1,3,2,2,2,1,4,7,6,4,5,3,7,3,6,2,30,4,2,6,1,50,0,0,3000,414201,사진기능사 포토샵자격증,사진영상학
28826,4,3,2,2,2,2,2,2,1,0,1,0,1,0,1,0,3,3,3,3,1,0,1,0,1,0,1,0,1,0,2,2,3,4,2,2,2,3,2,2,1,0,4,5,4,4,1,0,1,0,1,0,1,0,1,0,1,0,2,2,3,3,1,0,1,0,1,0,1,0,1,0,1,0,3,3,2,3,1,0,4,4,4,5,2,3,4,5,4,3,3,3,2,3,3,2,3,2,2,3,3,18,3,3,1,2,0,4,5,3,4,3,3,3,4,4,4,3,4,4,3,4,3,3,3,4,3,4,3,3,3,4,4,3,3,3,4,3,4,3,3,3,2,2,2,2,2,2,2,2,2,2,3,2,2,2,1,6,5,4,3,4,4,6,5,7,1,32,3,1,1,1,40,3200,2800,0,420301,심판 자격 변화,체육학
28827,3,4,3,5,2,4,2,4,5,4,4,4,3,5,4,6,3,5,1,0,3,4,3,4,4,5,3,4,4,5,3,4,3,3,3,5,3,5,5,6,4,4,3,4,3,5,4,5,3,4,5,3,1,0,1,0,1,0,1,0,5,6,1,0,2,3,1,0,2,3,1,0,3,5,3,4,1,0,3,4,2,3,2,3,2,3,2,3,5,3,3,4,4,4,5,5,3,4,3,4,3,13,1,2,1,2,0,5,5,4,4,3,4,4,4,3,9,9,4,4,2,5,4,4,2,4,3,4,5,3,2,5,3,4,4,3,4,5,3,1,5,4,2,2,2,2,2,2,1,2,2,3,1,3,2,2,2,6,4,4,3,2,4,2,3,6,2,42,4,1,1,1,50,5600,4000,0,23301,관세사자격증 수출입 물동량 감소 구조 조정 자국 보호무역 정책 수출입 업무 감소,무역학
28828,5,6,5,6,5,5,5,6,4,5,5,6,5,5,4,6,4,5,4,5,4,5,4,6,4,5,5,5,5,6,5,6,5,5,5,5,5,5,3,5,5,5,5,6,4,5,4,6,4,5,5,4,4,5,3,4,4,5,2,3,5,5,4,5,3,4,4,4,3,4,3,4,4,5,4,5,4,4,5,6,4,6,3,5,4,4,4,6,4,5,3,4,4,3,4,3,2,5,5,5,4,15,2,5,1,1,1,6,7,5,4,3,4,4,4,4,4,3,3,4,2,5,4,5,3,2,4,2,5,3,4,4,3,2,3,3,4,5,4,3,3,5,1,1,1,2,2,1,1,1,1,2,4,1,3,3,2,8,7,8,1,2,8,2,9,9,1,45,6,1,1,1,50,10000,7000,0,155106,원자력발전기술사 원자력 방사선 개론 실습 예방 시험 분석 방법 변화 적용 장비 구축 기후 변화 식량 불안 정성 증가 도래,방사선
28829,5,6,3,5,2,3,3,5,4,5,4,4,2,2,2,1,4,5,1,0,4,4,5,6,3,4,4,5,4,3,4,5,3,4,2,2,4,5,3,5,4,5,3,4,5,5,1,0,1,0,1,0,1,0,1,0,2,1,2,2,2,3,1,0,1,0,1,0,1,0,1,0,2,2,1,0,1,0,1,0,1,0,2,1,4,5,3,3,4,4,3,2,3,4,3,2,2,3,4,1,4,16,5,2,2,2,0,3,5,4,5,4,4,3,3,3,9,9,4,4,4,2,3,3,3,3,4,3,2,3,3,4,3,4,3,4,4,4,4,3,4,3,2,2,2,2,2,2,2,2,2,2,2,2,2,2,2,4,4,5,5,6,6,5,6,5,1,40,4,1,1,1,40,4300,3500,0,214101,학원 경쟁 감소,영어영문학
28830,4,5,3,5,2,4,4,5,4,5,3,5,4,5,3,4,3,4,1,0,3,4,3,4,4,5,4,5,4,5,4,5,2,3,2,3,4,5,4,5,3,4,3,4,4,5,4,5,3,4,2,3,4,5,4,5,4,5,4,5,1,0,4,5,4,4,5,6,4,5,5,5,3,4,4,5,4,5,2,3,4,4,3,3,3,3,2,2,5,4,4,3,4,2,4,4,3,4,4,4,4,13,1,2,1,2,0,7,4,4,3,3,4,3,3,3,4,4,4,4,2,3,3,4,5,4,4,3,5,4,4,4,4,5,4,4,5,5,5,4,5,3,2,2,2,2,2,2,2,2,2,1,4,2,2,3,2,8,6,4,7,2,6,3,5,6,1,38,3,1,1,1,40,4200,2400,0,306701,의지보조기기사자격증 사고 발생 일자리 전망,재활의학
28831,2,3,2,2,2,2,2,3,3,3,2,3,1,0,2,3,3,3,2,3,1,0,3,3,3,3,3,4,2,2,1,0,1,0,1,0,1,0,1,0,3,3,2,2,2,3,1,0,1,0,1,0,3,3,1,0,1,0,3,4,3,4,1,0,3,4,3,4,3,4,3,4,1,0,1,0,1,0,1,0,2,2,1,0,1,0,1,0,4,3,3,3,3,2,3,3,2,3,3,3,3,13,1,2,2,2,0,7,5,3,3,3,4,4,3,2,3,4,4,4,2,3,3,3,4,3,2,2,4,3,3,3,4,4,5,4,4,5,4,3,3,3,2,2,2,2,2,2,2,2,2,2,2,2,2,3,1,5,5,6,4,5,4,6,5,4,1,32,4,1,1,1,44,3350,3216,0,134302,일자리,전기공학
28832,2,1,3,4,2,1,2,2,1,0,2,2,2,1,3,3,2,2,2,2,2,2,3,3,3,4,2,3,3,3,4,5,2,3,3,4,3,4,4,5,2,2,4,4,3,4,3,4,3,3,3,4,2,2,3,3,3,4,3,3,3,3,3,4,2,2,4,5,4,5,4,5,2,3,4,5,3,4,4,5,3,4,4,5,3,4,2,1,4,5,3,4,2,2,3,4,2,3,4,2,3,13,1,4,1,2,0,4,2,3,4,2,3,2,2,4,3,3,4,3,3,3,3,3,4,2,4,3,3,2,4,3,4,3,4,2,3,4,4,2,3,4,2,2,2,2,2,2,2,2,2,3,2,3,3,3,1,6,4,4,3,5,5,4,3,2,1,54,3,1,1,1,52,3870,3040,0,812401,자동차검사 자격 자동차산업기사 요즘 기본 정비 필요,자동차학
28833,2,2,4,6,1,0,4,5,3,5,4,5,4,5,3,5,4,5,4,4,4,5,4,6,4,5,3,5,4,5,4,6,4,6,4,5,4,5,4,5,4,5,4,5,3,5,4,5,3,5,4,4,4,5,4,5,4,5,4,5,4,5,4,5,4,5,4,4,4,5,4,5,4,5,4,4,4,5,4,5,4,6,4,5,4,5,4,5,4,3,4,4,3,4,4,4,3,4,3,3,4,8,1,4,1,2,0,2,2,4,3,4,4,3,4,4,5,4,5,4,4,3,3,4,3,4,3,4,3,4,3,4,3,4,3,3,3,4,4,3,4,3,2,2,2,2,2,2,2,2,2,2,3,3,2,2,2,8,6,7,3,4,7,3,7,6,1,38,2,1,1,1,50,2400,2000,0,622201,1종 대형자동차 운전면허 남녀 노소 대중교통 이용,문과
28834,3,5,3,3,2,2,2,3,2,3,3,4,4,5,4,5,4,5,4,5,4,5,4,5,4,5,4,5,4,5,4,5,4,5,4,5,2,2,4,5,4,5,4,5,4,5,2,3,4,5,4,5,4,5,4,5,4,5,4,5,4,5,4,5,4,5,4,5,4,5,4,5,4,5,4,5,4,5,4,5,4,5,4,5,4,5,4,5,4,4,4,3,4,1,1,1,3,4,4,3,4,6,1,2,1,1,2,7,3,3,1,1,3,3,2,2,3,1,3,3,3,3,3,4,4,3,4,1,1,5,3,3,3,3,3,3,3,3,3,3,3,3,2,2,2,2,2,2,2,2,2,2,1,3,3,3,2,3,3,3,3,3,3,2,3,3,1,49,2,1,3,2,48,3000,2400,0,831201,전기기사 업무파악 장비 기기 발달 인력 감소,인문
28835,4,5,4,5,4,5,4,5,4,5,4,5,4,5,4,5,4,5,4,5,4,5,4,5,4,5,4,5,4,5,4,5,4,6,4,6,4,6,4,6,4,6,4,6,4,5,4,5,4,6,4,5,4,5,4,5,4,5,3,4,4,5,4,5,4,6,4,5,4,5,4,5,4,5,4,5,4,5,4,5,3,3,3,3,4,5,4,6,4,4,2,4,4,4,4,4,3,4,4,3,4,11,1,2,1,1,3,3,5,5,4,5,4,5,4,4,2,3,4,3,2,4,5,4,5,4,5,4,5,2,4,4,5,4,4,5,4,5,5,4,4,4,2,2,2,2,2,2,2,1,2,1,4,3,3,3,1,5,4,3,2,2,2,2,1,2,2,46,3,1,1,1,45,3800,2400,0,32302,자산관리사 정확한 진단을 위한 기초과정 훈련 감사 업무 행시 스트레스 강도 수명 보험 관심 증가,경영학
28836,3,3,3,4,3,3,2,2,2,3,2,2,2,2,2,3,3,4,3,3,2,2,2,3,2,3,1,0,2,2,2,2,3,3,1,0,1,0,4,5,3,4,3,3,3,4,1,0,2,2,1,0,1,0,1,0,1,0,1,0,3,3,1,0,2,2,2,4,1,0,1,0,1,0,1,0,2,2,2,3,2,3,3,3,2,2,2,2,4,4,2,3,4,3,3,3,2,4,3,4,3,17,1,1,2,2,0,5,4,4,3,3,4,4,3,3,2,3,3,4,3,4,4,2,3,4,5,4,3,2,4,4,4,5,4,3,4,4,4,3,4,4,2,2,2,2,2,2,2,2,2,2,4,3,3,3,2,6,5,5,6,4,5,6,5,5,2,32,4,1,1,1,48,3200,2300,0,511502,애완동물 시장 규모 일자리 성장 라서,유아교육학
28837,4,5,4,5,4,6,4,5,4,5,4,5,4,5,4,5,4,5,3,5,4,5,3,5,4,5,3,5,4,6,4,5,3,4,2,3,3,4,4,5,3,5,3,5,4,6,3,4,1,0,1,0,2,3,1,0,1,0,2,3,4,6,4,5,3,5,3,4,3,3,2,4,4,5,2,3,3,4,3,4,4,5,2,3,4,5,4,3,4,4,3,3,2,2,4,4,2,3,3,4,4,15,2,4,2,2,0,3,5,4,3,3,4,4,4,3,3,2,3,3,3,4,3,3,3,4,2,3,4,4,3,4,3,4,4,3,4,4,3,3,4,3,2,2,2,2,2,2,2,2,2,1,3,2,2,2,1,6,5,4,4,4,4,5,5,6,1,34,4,1,1,1,30,5000,4700,0,21001,사람,행정학
28838,5,7,5,7,4,5,5,6,2,3,3,4,4,5,2,3,4,5,3,4,3,4,5,6,5,7,4,5,2,3,3,4,2,3,1,0,3,4,1,0,2,3,1,0,5,6,1,0,1,0,2,3,1,0,1,0,1,0,1,0,2,3,1,0,1,0,1,0,1,0,1,0,1,0,1,0,1,0,3,4,1,0,1,0,5,6,5,7,3,3,3,3,4,4,4,4,3,4,4,3,3,18,1,2,2,2,0,6,4,3,4,4,4,5,4,3,3,3,4,3,3,4,4,2,2,3,3,4,4,4,2,4,4,5,5,5,4,5,5,3,5,4,2,2,2,2,2,2,2,2,2,2,3,2,2,2,1,6,4,3,3,3,7,2,2,5,2,30,3,1,1,1,40,3300,2800,0,416205,채용 인원 감소,방송연예
28839,3,2,3,2,3,2,3,2,3,2,2,2,2,2,2,2,3,2,3,2,2,2,2,2,3,3,2,2,3,2,3,3,3,2,2,2,3,2,3,2,2,2,1,0,3,2,1,0,1,0,1,0,1,0,1,0,1,0,1,0,1,0,1,0,1,0,1,0,1,0,1,0,1,0,1,0,1,0,4,3,4,3,3,2,3,2,3,3,3,2,2,3,3,2,3,3,2,2,2,3,3,6,4,2,2,1,2,2,1,3,1,1,2,2,2,3,9,9,9,3,4,2,2,4,3,3,3,3,2,4,3,3,3,3,2,2,3,4,2,3,3,2,2,2,2,2,2,2,2,2,2,1,1,2,2,2,2,5,5,5,5,5,5,5,5,5,1,69,1,1,4,2,50,3500,2500,0,701101,자재 다루는 방법 건설업,0
28840,2,3,4,5,2,3,2,3,2,3,4,4,4,6,2,3,4,5,4,5,3,4,2,3,4,6,3,4,4,5,3,4,3,4,4,5,2,3,2,3,2,3,4,5,4,5,2,3,1,0,2,3,1,0,1,0,1,0,1,0,2,3,1,0,1,0,1,0,1,0,1,0,2,3,3,4,3,3,3,4,4,5,3,4,4,5,4,5,3,2,3,2,3,3,2,4,3,3,3,2,2,18,2,4,2,2,0,4,5,3,3,4,4,4,5,3,4,3,4,3,3,3,4,3,4,3,2,3,3,4,3,4,3,3,3,3,4,3,3,4,4,4,2,2,2,1,2,2,2,2,2,1,4,3,3,3,2,4,3,4,3,2,5,6,7,7,1,50,5,1,3,2,10,3000,1000,0,414501,코로나 장기간 확진 개인 비대 방식 공연 상품 음반 기획 향후 가시 대한 가치 높이 려고 추세,오케스트라 지휘
28841,5,7,4,6,4,5,3,4,4,5,4,6,1,0,3,4,2,3,1,0,1,0,3,4,4,5,3,4,4,5,4,6,3,4,2,3,4,5,4,6,4,6,5,7,2,3,3,5,1,0,4,5,1,0,1,0,1,0,1,0,3,4,1,0,1,0,1,0,1,0,1,0,3,4,1,0,1,0,1,0,1,0,1,0,3,4,3,3,4,4,2,5,4,4,4,4,3,4,4,3,4,15,2,5,2,2,0,5,5,3,4,3,4,4,3,3,4,4,4,3,1,3,4,3,4,3,4,3,4,5,5,4,3,5,2,4,4,5,3,2,4,5,1,1,1,1,1,2,2,2,2,1,1,3,3,3,1,4,6,4,2,2,3,3,3,4,1,48,4,1,1,1,48,4900,3000,0,26101,발달 변화 세계 악화 일자리 감소,생명공학
28842,4,5,4,5,4,5,4,5,4,5,5,6,4,5,4,4,3,4,4,5,3,4,3,4,4,5,4,5,3,4,4,4,3,4,4,5,4,5,5,7,4,5,5,6,4,5,2,2,4,5,3,4,2,2,1,0,1,0,1,0,1,0,4,5,3,3,1,0,2,3,3,3,3,4,4,5,4,5,4,5,4,5,4,5,4,5,3,5,4,4,3,4,4,4,3,4,3,3,4,4,4,19,1,2,1,1,3,4,5,4,4,4,4,4,4,4,4,4,3,4,4,4,4,2,2,3,3,3,3,4,2,4,4,4,4,4,4,4,3,3,4,3,2,2,2,2,2,2,2,2,2,2,3,2,2,2,1,7,5,4,5,6,5,7,5,6,1,45,4,1,1,1,40,4000,2500,0,22201,공인노무사 서류 작성 노무사 인구 증가,경영학
28843,4,6,4,6,4,5,3,4,3,4,4,5,3,4,4,5,3,3,1,0,1,0,1,0,3,4,4,5,5,6,3,4,2,3,1,0,3,4,4,5,4,5,3,4,2,3,1,0,1,0,1,0,1,0,1,0,1,0,1,0,1,0,1,0,1,0,1,0,1,0,1,0,1,0,1,0,1,0,2,2,1,0,1,0,2,3,2,3,4,4,3,4,3,4,3,3,4,3,3,4,3,17,1,3,1,2,0,7,5,3,4,3,4,3,3,4,3,4,3,4,3,4,3,4,3,3,4,3,4,3,4,3,4,4,4,5,4,4,4,4,3,4,2,2,2,2,2,2,2,2,2,2,3,3,3,3,2,7,8,7,6,7,7,7,8,7,2,35,4,1,1,1,20,3000,2200,0,306903,아동심리치료사 아동 놀이 치료 대한 관심,심리학
28844,2,2,4,3,1,0,1,0,1,0,1,0,2,3,2,1,4,4,1,0,1,0,4,3,4,3,1,0,1,0,3,3,1,0,1,0,1,0,1,0,1,0,1,0,4,2,1,0,1,0,1,0,1,0,1,0,3,3,1,0,1,0,1,0,2,2,1,0,1,0,1,0,1,0,4,4,1,0,2,3,1,0,2,2,3,3,4,3,3,2,1,3,3,3,2,3,2,2,3,2,4,18,1,4,2,1,3,3,4,3,4,4,3,4,4,3,9,3,5,4,1,4,4,3,2,4,3,5,3,5,4,3,5,4,3,3,4,3,3,3,3,3,2,2,2,2,2,2,2,2,2,1,4,3,2,2,1,6,6,5,5,4,4,8,4,3,1,37,4,2,5,1,45,0,0,3800,414503,연주가 훈련 사람 여가 활동 증가,실용음악
28845,2,2,4,5,2,2,3,4,1,0,1,0,3,3,2,2,5,5,3,3,2,2,3,2,3,3,3,4,4,5,2,2,3,4,2,4,2,2,2,4,2,2,3,4,2,3,1,0,1,0,2,2,1,0,1,0,1,0,1,0,1,0,1,0,1,0,1,0,1,0,1,0,1,0,1,0,3,3,3,3,1,0,1,0,3,4,4,5,4,4,3,5,4,3,4,3,3,3,4,3,4,18,4,1,2,2,0,7,2,4,5,5,4,4,3,5,9,9,9,5,3,4,5,3,4,4,4,3,4,4,2,4,5,4,2,4,5,4,4,3,4,3,2,2,2,2,2,2,2,2,2,1,3,2,2,2,2,7,6,9,3,7,8,3,8,9,1,54,6,1,4,2,52,1200,1200,0,414602,상황 환경 계속 유지,성악
28846,4,5,4,5,4,6,4,6,2,2,4,5,5,7,3,4,3,4,2,3,4,6,4,5,3,3,3,3,4,5,4,6,4,6,4,6,3,3,4,5,3,4,3,4,3,4,3,4,4,5,3,3,3,4,3,5,3,5,2,3,4,5,3,3,3,3,3,3,2,2,2,2,3,3,2,2,2,2,2,2,2,2,3,2,4,4,3,3,2,2,2,3,3,3,2,4,2,3,3,3,2,3,1,5,2,2,0,3,4,3,2,2,2,3,2,4,4,4,4,4,3,2,2,3,3,2,3,4,3,3,2,4,3,3,4,4,4,3,2,2,3,4,2,2,2,2,2,2,2,2,2,1,3,3,3,3,2,9,6,5,2,3,3,7,6,5,1,43,4,1,1,1,40,6800,6000,0,12301,홍보 광고,경영학
28847,5,7,4,5,5,6,5,6,4,6,3,4,3,4,4,4,4,6,5,6,5,7,4,5,3,5,3,5,5,6,5,7,5,7,4,6,3,5,4,6,5,5,5,6,5,7,4,6,3,5,5,6,5,7,3,5,3,4,4,5,3,3,4,4,2,3,5,6,5,5,4,6,3,4,4,5,4,6,1,0,1,0,1,0,1,0,1,0,3,3,3,4,3,3,5,3,3,4,3,3,3,15,2,5,1,2,0,5,7,3,3,3,4,5,5,3,3,3,3,3,3,3,3,3,3,3,4,3,3,4,5,4,4,4,4,4,4,4,4,3,5,5,2,2,2,2,2,2,2,2,2,2,3,3,3,3,2,2,3,5,5,3,8,5,5,6,1,50,6,1,1,1,40,5700,3000,0,122104,박사학위 상태 유지,수산학
28848,1,0,3,4,1,0,3,5,2,2,2,3,1,0,2,3,3,4,2,4,1,0,2,3,4,6,1,0,3,4,4,5,4,6,3,5,3,4,4,7,2,2,3,3,2,2,4,5,4,6,3,4,2,2,1,0,2,4,1,0,2,3,4,6,2,2,4,7,2,4,3,5,1,0,3,5,4,5,2,4,5,7,2,4,3,4,2,5,4,5,3,3,3,2,2,1,2,2,4,3,2,7,1,2,2,1,2,4,1,3,3,2,4,2,2,3,3,4,4,4,4,3,2,3,3,3,4,3,4,4,3,5,3,3,2,2,3,5,3,3,5,4,2,2,2,2,2,2,2,2,2,2,2,2,2,2,2,4,5,7,4,3,4,7,4,5,1,42,2,1,1,1,40,2900,2500,0,872101,직무교육 현장에서 필요한 육류 소비 감소 첨단 기술 발전,전문계
28849,5,6,5,5,4,5,4,5,3,5,5,5,2,3,4,4,4,4,4,4,3,4,3,4,3,3,3,3,4,4,4,4,5,5,4,4,3,3,3,3,3,4,3,3,3,3,3,3,2,3,4,5,4,4,2,2,1,0,1,0,3,3,1,0,2,2,1,0,1,0,1,0,3,3,1,0,1,0,1,0,2,2,1,0,2,2,2,2,4,5,3,3,4,4,4,2,4,4,4,4,4,15,2,3,2,2,0,3,5,3,4,4,4,4,4,5,4,3,3,4,2,3,3,2,3,4,3,4,3,4,4,4,4,3,4,5,4,5,4,4,4,4,2,2,2,2,2,2,2,2,2,2,3,2,2,3,1,6,3,6,5,3,3,5,7,6,2,42,4,1,1,1,40,4000,2500,0,231401,취업 위해 직업 상담사,경제학
28850,3,3,3,4,2,3,2,2,3,4,2,3,4,4,3,3,3,4,2,2,3,3,3,3,4,4,2,2,4,4,4,4,3,4,4,4,4,4,3,3,4,4,3,3,4,4,3,3,4,4,3,4,4,4,1,0,3,3,4,4,4,4,2,2,4,4,4,5,3,3,4,5,3,3,4,5,4,5,3,3,3,4,4,4,4,4,2,2,3,4,4,3,3,4,4,4,3,3,4,4,3,18,4,2,2,2,0,3,5,3,3,4,4,3,4,3,9,9,9,4,2,3,4,3,3,4,3,4,4,4,4,4,3,3,4,4,3,5,4,4,4,4,2,2,2,2,2,2,2,2,2,1,2,3,3,3,2,4,3,6,5,7,4,4,3,6,1,48,4,2,6,1,40,0,0,4500,414101,매체,회화
28851,4,4,4,4,4,4,4,4,4,4,4,4,4,4,4,4,4,5,4,4,4,4,3,4,3,4,2,3,4,4,3,4,4,5,4,5,2,3,4,5,4,5,4,5,4,5,3,4,3,4,3,4,3,4,4,4,3,4,3,4,2,2,3,3,3,3,3,4,3,4,3,4,4,4,3,3,4,4,4,5,3,4,4,5,4,5,4,5,3,4,4,3,4,4,3,4,3,3,3,4,3,3,1,2,2,2,0,3,2,3,2,2,3,3,2,3,3,3,4,3,3,3,2,4,4,4,4,3,4,3,3,4,4,4,3,3,4,4,4,3,3,2,2,2,2,2,2,2,2,2,2,2,3,3,3,3,2,7,7,8,7,7,8,3,4,3,2,48,2,1,1,1,40,2500,2100,0,14301,변동,인문계
28852,2,1,3,4,2,1,3,4,3,4,2,1,2,2,2,3,3,4,3,3,2,1,2,2,3,4,3,4,2,3,3,4,2,2,2,3,2,1,3,4,3,3,3,4,3,4,2,2,2,2,2,2,2,3,2,1,2,2,2,1,2,1,2,2,2,3,2,2,2,3,3,4,2,2,3,4,3,4,3,4,2,2,2,2,3,4,2,2,4,3,4,2,3,2,1,4,2,2,1,1,4,8,1,2,1,2,0,5,2,2,3,1,4,4,3,3,9,9,4,4,2,3,4,4,3,3,2,3,2,4,4,3,4,3,2,1,2,4,3,1,2,4,2,2,2,2,2,2,2,2,2,2,3,2,2,2,2,7,8,6,6,4,4,4,3,5,1,54,2,1,1,1,54,3300,2400,0,622101,1종운전면허 택시운전자격증 기술 발달 시기상조,화학
28853,2,2,3,3,2,2,2,2,2,2,2,3,3,3,3,4,2,3,2,3,3,2,3,4,2,2,2,2,3,3,2,3,3,4,3,4,2,4,3,4,3,3,2,3,2,3,2,2,3,4,2,1,3,4,3,3,3,4,4,5,2,2,3,4,4,3,3,2,3,2,3,2,1,0,4,4,3,4,3,4,3,4,3,4,3,4,2,2,2,3,2,2,3,2,3,3,3,3,3,3,3,3,1,1,1,1,3,3,3,3,2,1,4,3,3,3,9,4,4,3,2,3,3,3,3,2,3,3,2,3,3,4,3,3,3,2,4,4,3,4,4,3,2,2,2,2,2,2,2,2,2,2,2,3,2,3,2,8,6,6,4,4,4,7,4,3,2,46,2,1,3,2,36,2400,2200,0,863201,양장 기능사 양장 기능사 기성복 점점 품질,문과
28854,5,6,4,6,4,6,1,0,3,4,4,5,4,5,3,4,1,0,1,0,3,4,5,6,1,0,4,4,4,4,1,0,1,0,1,0,3,5,1,0,4,5,1,0,1,0,1,0,1,0,1,0,4,4,1,0,1,0,1,0,2,3,1,0,1,0,1,0,1,0,1,0,1,0,1,0,1,0,1,0,1,0,1,0,1,0,1,0,3,2,3,4,4,4,4,3,2,3,4,3,3,16,5,4,2,1,3,7,6,4,4,3,4,4,4,4,4,4,4,4,2,4,4,4,3,3,3,3,4,3,3,4,4,4,3,4,4,4,3,2,3,3,2,2,2,2,2,2,2,2,2,1,2,3,3,3,1,5,6,3,6,7,6,5,3,3,2,32,5,1,1,1,40,5000,4000,0,110104,보고서 작성 교육 시스템 기능 산정교육 기술 도립 조직 수도,교육학
28855,5,7,5,7,5,6,5,6,5,7,4,6,4,6,5,6,5,7,5,7,5,6,5,7,5,6,5,7,5,7,5,7,4,6,4,6,5,6,5,7,5,7,5,7,5,7,5,7,5,6,5,7,5,7,3,5,3,4,4,5,3,5,3,5,3,3,3,5,4,5,4,6,4,4,4,5,4,5,4,5,4,6,4,6,5,7,4,6,4,4,4,4,4,4,4,2,3,3,4,4,4,17,2,5,2,2,0,5,5,3,3,3,4,4,4,4,4,4,4,4,3,3,3,3,3,3,3,3,3,3,5,3,3,3,4,4,4,4,3,3,5,5,2,2,2,2,2,2,2,2,2,2,4,1,1,1,1,2,4,5,5,7,5,2,3,5,1,63,4,1,1,1,40,7200,3000,0,122101,기초 연구 응용 연구소 증가,약학
28856,2,3,2,3,2,3,2,3,2,3,2,3,2,3,3,4,3,4,1,0,2,3,2,3,3,4,3,4,3,4,3,4,4,5,3,4,4,5,4,5,4,5,3,4,4,5,4,5,4,5,4,5,4,5,4,5,4,5,3,4,4,6,4,6,4,6,4,5,4,5,4,6,4,5,4,5,4,5,4,5,4,5,3,4,4,4,1,0,4,4,2,3,4,4,4,3,4,4,3,4,4,7,1,4,2,2,0,7,5,4,3,3,3,3,3,4,3,3,4,3,3,3,3,3,2,3,4,3,3,3,3,3,3,4,4,3,4,2,3,4,3,3,2,2,2,2,2,2,2,2,2,2,2,3,3,3,1,7,6,7,4,3,3,7,4,3,1,40,4,1,1,1,45,7200,4000,0,131101,플랫폼 변화,컴퓨터공학
28857,4,4,3,4,2,3,4,4,3,3,3,3,3,4,4,5,3,3,3,4,3,3,1,0,3,3,3,5,3,4,3,3,3,4,4,5,3,3,3,5,4,4,4,4,4,4,4,4,3,4,3,3,3,3,3,3,3,3,2,2,3,3,3,3,3,3,2,2,2,2,2,2,4,3,2,2,2,2,2,2,2,2,2,3,3,3,3,3,5,3,1,4,4,4,4,3,3,5,4,4,5,3,1,2,2,1,2,6,5,4,4,3,4,4,2,4,9,9,4,4,2,5,2,5,4,5,4,5,4,3,2,4,4,5,4,3,5,5,3,2,4,4,2,2,2,2,2,2,2,2,2,2,3,2,2,2,2,3,6,7,3,5,9,2,5,3,1,52,4,2,5,1,50,0,0,6000,16301,산업안전보건교육 기업 관리자 부서,경영학
28858,5,7,5,7,5,6,4,6,5,7,5,7,4,5,4,5,4,5,3,4,3,4,3,4,4,5,4,5,4,5,3,5,3,5,3,4,2,3,1,0,4,5,4,5,3,5,3,4,3,4,3,4,2,3,1,0,1,0,1,0,1,0,1,0,1,0,1,0,1,0,1,0,2,2,1,0,1,0,1,0,1,0,1,0,2,3,2,2,4,4,3,3,4,4,4,4,4,4,4,3,3,19,3,3,2,2,0,6,5,4,4,4,4,3,4,4,4,3,3,3,4,5,4,4,4,4,3,3,3,3,4,4,4,4,4,4,4,4,3,3,3,4,2,2,2,2,2,2,2,2,2,2,3,3,3,3,2,5,5,6,6,3,4,6,5,4,2,46,6,1,1,1,45,4000,2000,0,110102,상태 유지,문학(국어국문학)
28859,4,6,4,6,3,5,3,3,4,6,4,6,4,5,3,5,4,6,3,5,4,6,3,5,3,5,3,4,3,3,3,5,3,5,3,3,3,5,3,5,3,4,3,5,3,5,3,3,3,4,4,6,4,6,3,5,3,5,4,5,3,5,5,5,3,5,3,4,1,0,3,5,2,2,3,5,3,5,3,5,3,5,3,3,4,5,2,2,5,4,4,4,5,4,4,3,4,4,4,3,3,13,2,5,2,2,0,2,6,5,4,4,4,4,3,4,3,3,5,4,1,4,4,4,3,4,3,4,5,3,4,3,4,5,3,4,4,3,5,4,4,2,2,2,2,2,2,2,2,2,2,2,4,3,3,3,2,7,4,6,5,7,6,5,7,4,1,48,6,1,1,1,40,5200,3800,0,121102,첨단 화학 분야 발굴 수요 증가,화학공학
28860,2,3,2,2,2,2,2,2,5,6,4,5,4,5,4,5,4,5,5,6,4,5,4,5,4,6,4,5,4,5,2,2,3,5,4,5,3,4,3,4,3,3,4,5,4,5,2,3,4,6,4,5,4,5,4,6,4,6,5,6,4,5,4,5,4,5,4,5,5,6,4,6,4,6,4,6,4,6,4,6,5,5,4,6,4,5,3,5,4,4,2,4,4,1,4,4,4,3,4,4,3,13,1,5,2,1,4,7,5,4,3,3,3,3,3,4,3,2,3,4,4,3,3,4,3,2,3,4,3,3,3,4,3,2,4,3,4,4,4,3,3,4,1,2,1,1,1,2,2,2,2,2,4,2,2,2,1,8,7,6,3,4,2,7,2,3,1,42,4,1,1,1,45,7600,4350,0,151105,항공기 부품 교체 정비 제작 교육 증강현실 제작 시뮬레이션 가능 항공기 수요 증가,항공기계
28861,3,5,4,5,3,4,3,4,3,4,4,4,4,5,4,5,4,5,3,4,3,4,3,4,4,6,4,5,3,3,4,5,2,3,2,3,4,5,4,6,3,4,4,6,4,6,4,5,4,6,3,3,4,5,5,6,4,6,4,5,2,3,4,5,4,5,4,5,5,6,5,6,4,5,4,5,4,5,4,5,4,6,4,5,4,5,4,5,5,4,3,4,5,2,4,3,2,3,4,4,4,19,1,2,1,1,5,5,3,4,2,2,4,3,2,3,2,3,3,3,2,4,4,4,4,4,5,1,4,2,3,4,4,5,4,4,5,5,4,4,5,4,1,1,1,2,1,1,2,2,2,2,2,3,3,3,2,8,3,2,2,3,3,8,2,2,1,48,2,1,1,1,52,3800,2600,0,811901,기계정비 산업기사 자동차 정비기사 자동차 정비 교육 여러 차종 자동화 장치 경쟁 업체,기계
28862,5,6,4,6,4,5,4,4,3,4,4,5,4,5,3,4,3,4,3,4,4,5,3,3,3,4,4,5,3,4,3,4,3,5,4,4,4,6,4,5,4,5,4,5,4,5,3,4,3,4,4,5,3,4,3,4,3,3,2,3,4,5,3,4,4,4,2,2,2,2,2,2,3,4,4,4,3,4,3,3,3,4,3,3,3,5,4,4,4,3,4,4,4,3,4,4,3,3,4,4,3,7,1,1,2,2,0,2,2,4,3,4,4,3,3,3,4,4,4,3,3,4,3,3,4,4,3,3,4,3,2,4,3,3,4,4,3,3,4,4,4,3,2,2,2,2,2,2,2,2,2,2,3,3,3,3,2,6,5,4,4,5,6,6,4,5,2,57,2,2,5,1,40,0,0,3000,615401,소비 패턴 한정,상고
28863,5,2,4,3,3,3,2,2,1,0,5,2,1,0,4,3,4,3,5,5,3,3,4,4,2,3,5,3,3,2,3,5,1,0,3,2,2,2,1,0,5,4,4,3,4,4,1,0,2,3,4,3,1,0,1,0,1,0,1,0,2,1,1,0,4,3,1,0,2,2,4,3,2,2,1,0,3,3,4,4,3,3,1,0,3,3,3,2,4,5,2,2,5,3,4,3,4,2,3,2,3,15,2,4,1,2,0,2,5,5,4,4,5,4,3,4,4,4,4,5,2,5,4,3,3,5,4,4,5,3,4,4,5,3,4,2,5,5,5,3,4,4,2,2,2,2,2,2,2,2,2,2,4,3,3,3,2,8,6,7,4,4,5,8,7,8,1,42,4,1,1,1,40,6200,3500,0,240102,응급구조사 1급 화약류관리기사 공무시험 합격 공공 행정 일자리 증가 수요 증가,경찰행정학
28864,3,5,4,5,3,4,3,5,5,6,4,5,4,5,4,5,4,5,3,4,3,4,2,3,2,3,3,4,3,4,2,2,2,3,2,3,3,4,3,5,3,5,3,4,3,4,4,5,3,4,4,5,4,5,2,3,2,3,3,4,5,6,4,5,3,4,3,4,2,3,2,3,3,4,2,3,2,3,2,3,2,3,2,3,3,4,2,3,4,3,4,3,3,4,2,4,2,4,4,3,4,10,1,2,1,1,4,6,4,3,2,2,2,3,2,2,3,3,4,3,3,3,2,2,2,3,3,4,2,4,2,4,3,3,4,4,3,5,3,3,5,5,1,1,1,1,1,1,1,2,2,3,2,1,3,1,1,5,3,4,5,4,4,7,6,4,1,43,4,1,1,1,40,4500,2400,0,133205,정보보안 컴퓨터응용기사 정보처리 기술 분석 설계 서비스 개발 통합 기술 개발,컴퓨터공학
28865,3,5,3,4,2,2,2,3,2,3,3,4,3,4,4,5,3,4,3,4,3,4,3,4,4,5,4,5,2,3,2,3,2,3,2,3,3,4,3,4,4,5,3,5,3,4,3,1,3,4,2,3,3,4,3,4,3,4,4,5,2,3,4,5,4,6,3,4,5,6,4,6,2,4,4,4,4,5,4,5,4,5,4,5,3,4,2,2,4,3,3,3,3,2,3,3,3,2,3,2,3,10,1,2,2,2,0,4,3,3,2,2,2,3,2,3,2,3,4,3,5,2,3,3,4,2,4,2,4,2,3,5,4,4,3,3,5,5,3,3,4,4,2,2,2,2,2,2,2,2,2,2,3,3,2,3,2,7,7,2,6,3,4,6,5,5,1,40,3,1,1,1,40,3600,2500,0,842201,통신 서비스 다양 화로 인력 계속,컴퓨터공학
28866,5,7,5,6,5,7,5,6,5,6,5,6,5,6,5,7,5,6,4,6,4,6,5,6,5,7,5,6,5,7,5,6,5,6,5,7,5,7,4,6,5,7,5,6,5,6,5,4,5,4,4,6,5,3,5,6,3,4,3,3,1,0,1,0,1,0,1,0,1,0,1,0,1,0,1,0,1,0,1,0,1,0,1,0,1,0,1,0,3,3,3,3,3,3,3,3,3,3,3,3,3,15,2,4,2,2,0,5,6,3,3,3,4,5,3,3,4,4,4,4,3,3,3,3,3,3,3,3,3,3,4,3,3,3,3,2,3,3,4,3,3,4,2,2,2,2,2,2,2,2,2,2,3,3,3,3,2,2,2,3,5,5,5,5,5,5,1,50,6,1,1,1,48,6500,3500,0,110103,상태 유지,국어국문학
28867,5,7,5,7,4,6,5,7,3,4,5,7,4,6,5,7,4,6,3,5,5,7,4,6,5,6,4,5,5,7,5,6,4,6,4,6,4,5,4,6,4,6,4,6,4,6,2,3,2,2,4,6,3,4,1,0,1,0,1,0,2,3,2,2,1,0,1,0,1,0,1,0,2,3,1,0,1,0,1,0,1,0,1,0,1,0,2,3,4,4,3,3,3,4,3,5,4,4,5,3,4,16,5,5,1,2,0,6,7,4,4,4,4,4,4,4,4,4,4,4,1,4,4,5,4,2,3,2,4,4,4,4,4,4,3,3,4,4,2,3,4,5,2,2,2,2,2,2,2,2,2,2,2,3,3,3,1,4,3,3,2,3,3,4,3,3,1,59,6,1,1,1,50,6500,4000,0,110105,심리안정 일자리 한정 유입,심리학
28868,2,3,2,2,2,2,4,5,4,5,4,5,4,5,4,5,4,5,4,6,4,5,4,5,4,5,3,4,4,5,4,5,4,5,4,5,4,5,4,5,4,5,4,5,4,4,4,5,4,5,4,5,4,5,4,5,4,6,4,6,3,4,4,5,4,5,4,5,4,6,4,5,4,5,4,5,4,5,4,5,4,5,4,5,4,6,4,5,4,4,3,4,4,4,3,4,4,4,3,3,3,3,1,1,1,2,0,6,4,3,2,2,3,3,3,4,4,4,4,3,2,4,4,4,4,3,3,4,4,4,4,4,4,4,4,3,4,4,4,4,4,4,1,1,1,1,1,1,1,1,1,2,2,2,2,2,1,6,6,4,4,5,5,3,3,2,1,48,2,1,3,1,38,3900,2100,0,701101,용접관리 자격증 기계 장비 도입 업무 강도 안전 사고 위험 사람,공업
28869,3,4,3,4,2,3,2,3,1,0,1,0,1,0,3,3,2,3,4,4,1,0,1,0,2,2,1,0,1,0,3,4,1,0,1,0,2,4,2,3,2,2,2,3,3,2,1,0,1,0,1,0,1,0,1,0,4,4,4,4,1,0,1,0,5,4,4,3,5,4,4,5,1,0,5,3,5,5,4,4,2,4,3,6,3,4,2,2,4,3,2,2,3,2,3,2,3,2,2,2,3,19,1,2,2,2,0,7,3,3,2,1,4,3,2,3,3,3,3,3,3,2,2,3,3,2,1,1,3,4,1,5,3,2,3,4,2,4,3,1,5,4,2,2,2,2,2,2,2,2,2,2,2,3,3,3,2,7,6,9,6,7,8,7,6,3,1,48,2,1,1,1,44,4200,2800,0,811301,건설 경기 침체 예상,공고
28870,2,2,2,2,2,2,2,2,2,2,1,0,5,6,3,4,2,3,3,3,2,2,1,0,1,0,1,0,1,0,1,0,1,0,1,0,1,0,1,0,1,0,1,0,1,0,1,0,1,0,1,0,1,0,1,0,1,0,1,0,1,0,1,0,1,0,1,0,1,0,1,0,1,0,1,0,1,0,1,0,1,0,1,0,2,2,2,2,4,2,2,3,2,3,3,2,2,2,2,1,2,18,1,1,2,2,0,7,4,3,3,3,4,3,3,3,3,4,4,3,2,3,3,2,3,3,4,3,3,3,3,4,4,4,3,3,2,2,3,3,3,3,2,2,2,2,2,2,2,2,2,1,3,3,3,3,1,6,7,6,7,6,7,8,3,6,2,26,3,1,1,1,40,2200,2200,0,415202,기계 대체 불가,패션디자인
28871,3,3,3,3,2,3,2,3,2,2,3,3,5,7,2,3,2,3,3,4,3,3,4,5,4,4,3,4,1,0,3,3,2,3,1,0,1,0,1,0,4,4,4,4,4,4,3,4,5,5,1,0,4,4,3,4,5,5,3,4,2,2,1,0,2,3,3,4,2,3,2,3,3,4,5,5,4,5,2,3,3,4,4,5,5,5,4,4,5,3,5,3,4,1,3,3,4,2,2,3,5,18,4,1,2,2,0,6,2,4,4,4,5,5,4,3,9,9,9,4,2,5,4,5,4,3,4,3,3,2,3,5,5,3,3,3,4,4,4,3,4,4,2,2,2,2,2,2,2,2,2,1,2,2,2,2,2,7,9,4,7,3,2,9,7,8,1,52,5,2,6,1,42,0,0,2500,414102,미술 시장 갈수록 운영 난이 상태 경제,조형학
28872,3,5,4,4,4,5,5,6,5,7,5,6,4,5,4,6,5,7,5,6,4,6,5,7,4,5,4,5,5,6,4,6,4,5,4,5,5,6,5,7,5,6,5,6,4,6,5,7,5,6,4,5,5,7,5,6,4,5,5,7,4,6,5,6,4,6,5,6,4,6,4,5,3,4,4,6,4,5,4,6,5,6,4,6,3,5,3,4,3,3,4,3,3,3,3,3,3,3,3,3,3,13,2,5,2,2,0,5,5,3,4,3,4,4,4,3,4,4,3,4,3,3,3,3,3,4,3,4,3,3,5,3,3,3,4,4,4,5,3,2,5,5,2,2,2,2,2,2,2,2,2,2,3,3,3,3,2,3,5,2,2,2,2,5,5,5,2,38,6,1,1,1,40,4000,3000,0,121105,자원 대한 관심 때문,지구과학
28873,1,0,2,2,1,0,4,5,1,0,1,0,2,1,3,3,1,0,2,2,3,3,1,0,2,2,1,0,3,4,3,3,4,5,4,5,2,1,4,5,1,0,2,2,1,0,1,0,1,0,1,0,1,0,1,0,1,0,1,0,1,0,1,0,1,0,1,0,1,0,1,0,1,0,1,0,3,3,3,3,3,4,4,5,3,2,2,2,2,2,2,2,2,3,1,3,2,1,2,1,2,14,1,2,2,2,0,7,2,2,2,2,2,2,2,2,9,9,4,3,3,3,3,4,3,2,4,2,3,4,4,4,3,3,2,2,3,3,2,3,3,4,2,1,2,2,1,2,2,2,2,1,4,2,2,2,2,5,5,7,4,7,7,4,4,6,2,34,2,1,3,2,40,3000,2500,0,617101,홍보 마케팅 중요도 부각 국제 회의 개체 수가 증가 컨벤션 산업 발전 홍보 도우미 고용 증가,문과
28874,3,4,3,2,1,0,3,3,3,2,2,1,1,0,3,3,2,3,3,3,1,0,3,3,3,2,3,3,3,2,3,2,1,0,1,0,3,3,2,1,3,3,1,0,2,2,1,0,1,0,3,3,3,4,3,2,5,6,5,5,1,0,3,3,4,5,5,4,5,4,1,0,2,3,4,4,4,3,4,2,4,6,4,4,3,3,3,1,4,4,1,2,2,1,2,3,2,2,2,2,2,6,1,2,2,2,0,3,2,1,1,1,4,4,2,3,9,3,3,3,2,4,3,3,3,3,4,4,4,4,2,4,2,4,4,4,4,4,3,4,4,3,2,2,2,2,2,2,2,2,2,1,3,3,2,2,1,7,7,5,7,5,5,5,5,5,1,50,2,1,2,2,48,3800,2800,0,701201,업계 변화 생각,문과
28875,3,3,4,5,2,2,3,3,3,3,4,5,2,2,2,2,3,3,2,2,3,3,4,4,4,4,2,2,4,5,2,2,2,2,2,2,2,2,5,5,4,5,5,6,4,5,1,0,4,4,1,0,4,4,1,0,4,5,4,4,4,5,4,5,2,2,5,5,5,7,5,6,3,3,5,6,4,5,2,2,2,3,2,2,5,6,4,5,3,4,5,2,4,3,3,4,3,4,4,3,3,19,1,2,1,2,0,4,4,3,3,2,2,3,4,2,3,3,4,3,3,4,3,3,4,3,3,4,2,3,4,4,3,5,3,3,4,5,5,3,5,4,2,2,2,2,2,2,2,2,2,1,3,3,3,3,2,5,6,5,4,3,4,7,1,2,1,37,4,1,1,1,40,2900,2500,0,841201,정보통신기능사 휴대폰 사용,컴퓨터공학
28876,2,5,2,5,2,4,2,5,2,3,1,0,1,0,2,4,2,4,2,4,1,0,1,0,1,0,1,0,1,0,2,4,2,3,2,3,1,0,2,4,1,0,2,3,1,0,1,0,1,0,1,0,1,0,1,0,1,0,1,0,1,0,1,0,1,0,1,0,1,0,1,0,1,0,1,0,1,0,1,0,2,3,1,0,2,4,2,4,3,2,4,2,2,2,2,2,2,2,2,2,2,19,1,3,1,2,0,7,2,3,3,3,4,4,4,4,3,3,4,4,4,3,3,4,3,3,2,3,3,4,3,5,4,3,3,3,4,4,4,4,4,4,2,2,2,2,2,2,2,2,2,1,2,2,2,2,2,7,7,8,7,3,3,7,5,4,2,53,2,2,5,1,40,0,0,6500,611001,부동산중개자격증 통한 거래 증가,문과
28877,2,2,2,2,1,0,1,0,1,0,3,3,4,4,3,4,3,3,1,0,1,0,3,4,4,4,3,4,3,4,3,3,3,4,3,4,4,5,3,4,3,3,3,4,3,4,3,3,4,4,3,4,3,3,3,3,2,3,2,4,1,0,3,4,3,3,3,3,2,3,4,5,4,4,4,5,3,3,2,2,2,3,1,0,1,0,1,0,3,3,3,3,3,4,3,3,3,3,3,2,3,6,1,2,1,1,4,5,3,3,3,3,4,4,4,3,3,3,3,3,2,4,4,3,3,4,4,4,4,4,4,2,3,4,3,4,3,4,4,2,3,4,1,2,1,2,2,2,2,2,2,3,3,2,2,2,1,6,8,7,7,8,7,7,6,5,1,37,3,1,1,1,45,5500,3000,0,704001,건축기계설비 산업기사 건설안전교육 기계 장비 도입 매출 증가 현재 상황 유지,건축
28878,4,4,4,5,4,5,1,0,1,0,4,5,4,5,1,0,1,0,1,0,1,0,1,0,1,0,1,0,1,0,1,0,1,0,1,0,1,0,1,0,4,4,4,3,4,5,1,0,4,4,3,5,5,6,4,4,4,5,4,6,4,5,4,5,3,4,1,0,1,0,4,5,4,6,1,0,1,0,1,0,1,0,1,0,1,0,1,0,5,5,4,4,4,5,4,4,2,3,4,2,4,3,1,5,1,1,5,5,4,4,4,5,4,3,4,3,4,4,5,4,2,3,4,4,5,4,2,4,4,4,4,4,5,4,5,4,4,5,4,5,4,3,2,2,2,2,2,2,2,2,2,4,4,3,3,3,1,7,8,3,2,4,3,4,7,4,1,38,4,1,1,1,45,4000,3300,0,153203,정보처리기사 전자제어계측기술사 데이터에 의한 실험 분석 반복 훈련 제조업 자체 전문화 세분 화로 고급 인력 수요 증가,전자공학
28879,1,0,3,4,1,0,3,4,2,2,2,2,1,0,2,3,2,2,2,2,2,2,1,0,3,4,3,4,3,4,1,0,3,4,3,4,2,2,3,4,3,4,4,5,3,4,3,4,2,2,2,2,3,4,1,0,1,0,1,0,3,4,1,0,1,0,1,0,1,0,1,0,2,2,4,6,4,6,3,4,3,4,3,4,3,5,3,4,4,4,2,3,3,2,4,4,3,3,2,3,4,19,1,1,2,2,0,1,1,4,3,3,4,4,3,4,9,9,4,4,4,4,4,4,4,4,2,1,4,1,4,3,4,4,2,2,4,5,4,4,4,3,2,2,1,2,1,2,2,2,2,3,1,2,2,3,2,2,9,3,6,3,7,3,8,4,1,58,1,2,5,1,48,0,0,5500,863201,패턴 기술 제조 기술 개발 때문,0
28880,2,2,2,2,1,0,2,2,2,2,2,2,2,2,2,2,2,2,3,4,2,2,2,2,3,3,2,2,2,3,2,3,2,3,2,3,2,2,2,2,2,2,2,2,3,4,2,3,2,2,2,3,2,3,2,3,2,3,2,2,3,3,2,2,2,3,3,4,2,4,4,4,3,3,2,3,3,4,3,3,2,3,2,3,4,4,2,2,4,3,3,3,3,3,1,2,2,2,2,2,2,7,4,1,2,2,0,5,2,3,3,3,3,3,2,2,2,3,3,3,3,2,3,3,2,3,3,3,3,3,4,2,3,3,2,3,2,3,4,4,3,3,2,2,2,2,2,2,2,2,2,2,1,2,2,2,1,5,5,5,6,5,5,6,6,5,1,55,2,2,6,1,40,0,0,2200,883101,공장 화로 수리,이과
28881,4,5,4,5,3,4,3,4,4,5,4,5,4,5,4,5,2,3,4,5,2,3,3,4,2,2,2,2,1,0,3,3,3,4,3,3,3,4,2,2,4,5,3,3,4,5,2,2,4,5,4,5,4,5,4,5,4,5,3,4,4,5,4,5,3,4,4,5,4,5,3,4,4,5,4,5,4,4,1,0,1,0,1,0,3,4,1,0,4,4,1,3,4,5,5,4,1,5,5,4,3,13,1,4,1,1,5,5,4,4,4,4,4,4,2,4,3,4,3,3,3,3,3,3,2,3,3,4,3,3,3,2,3,3,4,3,3,2,3,2,3,3,2,2,2,2,2,2,2,2,2,1,3,3,3,3,2,7,6,7,6,7,6,4,3,3,1,31,4,1,1,1,40,3500,3000,0,159104,일반기계 2D Cad 기계화 일자리 감소,산업디자인학
28882,3,5,3,5,3,4,4,4,4,5,4,5,2,5,4,4,3,4,3,4,3,5,3,4,3,5,4,6,4,5,3,4,3,4,4,5,3,4,3,5,4,5,3,4,4,5,4,5,3,5,3,4,4,5,3,5,4,5,4,5,4,5,4,6,4,4,3,3,3,2,2,2,3,4,3,4,3,4,3,4,3,4,4,4,3,5,3,4,4,2,3,3,3,4,4,4,3,2,3,2,2,3,1,3,2,1,2,2,4,4,3,3,3,3,3,4,5,4,4,4,4,3,3,3,4,3,3,4,3,3,3,3,3,4,3,3,4,3,3,4,3,3,2,2,2,2,2,2,2,2,2,2,1,2,2,2,2,6,5,5,6,5,5,6,6,5,1,44,3,1,1,1,46,4100,2800,0,28401,생산흐름관리 경기 침체,전기
28883,1,0,1,0,1,0,1,0,1,0,1,0,1,0,1,0,2,3,1,0,1,0,2,3,1,0,1,0,1,0,1,0,1,0,1,0,1,0,1,0,1,0,1,0,2,3,1,0,1,0,1,0,1,0,1,0,1,0,1,0,1,0,1,0,2,3,3,4,1,0,2,3,1,0,2,3,3,4,2,3,3,4,2,3,3,4,1,0,3,3,4,3,3,3,3,3,3,3,4,3,3,15,2,2,1,2,0,7,2,4,3,3,4,3,4,4,3,4,4,4,3,3,3,4,3,3,3,3,3,3,3,3,4,3,3,3,4,4,3,3,3,4,2,2,2,2,2,2,2,2,2,2,2,3,3,3,2,5,6,6,4,4,6,6,5,6,1,33,4,1,1,1,40,5520,4512,0,812301,전기철도산업기사 운송 수단 기술 발달 전보 인력 요구,전기
28884,3,4,4,5,4,5,5,6,3,3,5,5,1,0,1,0,5,5,4,5,1,0,1,0,3,3,1,0,1,0,3,3,1,0,1,0,1,0,5,5,1,0,1,0,2,3,1,0,1,0,1,0,1,0,1,0,1,0,1,0,1,0,1,0,1,0,1,0,1,0,1,0,1,0,1,0,1,0,1,0,3,4,3,4,3,4,4,3,2,3,2,2,3,3,2,3,3,4,5,4,3,18,1,2,2,2,0,2,2,3,2,2,4,4,4,2,3,4,3,3,3,3,2,2,2,3,4,4,2,4,2,4,3,4,4,3,5,4,2,3,4,4,2,2,2,2,2,2,2,2,2,1,4,2,2,2,1,6,5,4,4,6,6,4,3,5,2,48,3,1,3,2,48,3600,2000,0,521304,여행자 증가,관광학
28885,2,2,2,3,1,0,2,3,2,2,2,2,2,3,2,2,2,3,2,1,1,0,2,3,2,3,2,2,2,3,2,3,1,0,2,3,1,0,2,3,2,3,2,3,2,3,2,3,2,3,1,0,1,0,1,0,2,2,1,0,1,0,2,3,1,0,2,3,2,2,2,3,1,0,1,0,2,1,1,0,2,2,2,3,2,1,2,1,4,3,4,3,4,2,1,4,1,3,4,1,4,3,1,1,2,2,0,5,4,4,3,3,4,4,2,4,9,9,3,3,1,4,3,2,3,4,2,1,4,2,5,4,4,1,4,2,3,4,3,2,4,4,2,2,2,2,2,2,2,2,2,1,3,1,1,1,2,6,7,5,4,4,5,4,8,8,2,49,4,2,5,1,40,0,0,4000,873301,기계 모든 공정 대신,패션디자인
28886,3,2,3,4,2,4,2,3,3,4,3,3,4,3,2,3,4,3,2,3,4,3,3,2,3,4,2,3,3,2,2,3,3,2,2,1,4,3,3,4,2,1,2,1,3,2,2,1,3,1,4,2,3,2,4,3,2,1,2,3,5,3,2,3,4,2,2,3,2,3,2,3,4,2,2,1,3,2,3,2,1,0,2,1,3,2,1,0,4,2,4,3,4,5,4,4,3,4,4,5,2,10,1,4,1,1,4,3,5,5,4,3,4,3,2,3,4,3,4,5,3,4,3,3,4,2,3,2,4,5,2,4,3,4,5,4,3,4,4,5,4,2,2,1,1,2,2,1,2,1,2,2,2,3,3,2,1,5,4,6,4,3,5,7,4,6,1,33,4,1,3,2,46,3700,3300,0,131201,정보통신산업기사 전자응용기술사 전자통신기술교육 무선 중계 시스템 개발 무량 변화 인공 지능 기술 발달 인력 감소,전기공학
28887,3,3,2,3,2,3,3,4,1,0,3,3,1,0,4,4,3,3,3,3,4,4,2,2,2,2,4,4,1,0,1,0,1,0,1,0,2,3,4,4,2,2,3,3,2,2,2,3,2,3,2,3,3,3,1,0,2,3,4,4,2,3,3,3,1,0,2,2,1,0,3,3,1,0,1,0,2,2,3,4,1,0,1,0,2,3,1,0,4,4,5,4,4,2,4,3,4,5,4,5,4,13,1,3,2,2,0,7,5,5,4,4,4,5,5,4,3,3,4,4,4,3,4,4,3,4,3,4,3,5,3,5,4,5,4,5,4,5,3,3,5,4,2,2,2,2,2,2,2,2,2,1,4,2,2,2,2,1,1,1,1,2,2,7,7,9,1,30,4,1,1,1,40,3000,2600,0,155304,건설 기준 점점 영향 평가 기준 적용,토목공학
28888,5,7,5,7,5,7,5,7,4,6,5,7,4,6,4,6,4,5,4,5,4,6,4,6,4,6,4,6,5,6,5,6,4,6,4,5,5,6,4,6,4,6,4,4,5,7,4,5,3,5,3,5,4,4,2,3,1,0,1,0,3,4,1,0,1,0,1,0,1,0,1,0,4,6,3,3,3,4,3,4,3,3,3,3,4,5,4,5,4,4,3,4,5,4,4,3,4,4,4,4,3,13,5,2,1,2,0,6,6,4,3,3,4,4,4,4,4,4,4,4,2,4,4,4,4,3,3,2,4,4,4,5,4,5,5,4,4,5,5,4,5,4,2,2,2,2,2,2,2,2,2,1,4,3,3,3,2,4,4,4,3,4,5,5,5,5,1,49,6,1,1,1,50,8000,3000,0,110105,정신보건임상심리사 1급 기업체 직원 복지 이유 관심 시작,심리학
28889,3,3,4,4,3,4,2,2,3,3,4,4,2,3,2,3,4,5,1,0,3,3,4,4,2,3,3,3,1,0,4,4,1,0,1,0,2,2,1,0,3,3,3,3,2,4,1,0,2,2,1,0,4,4,3,3,2,4,1,0,3,3,4,4,3,3,2,4,4,4,3,3,3,2,1,0,4,5,1,0,1,0,1,0,2,1,2,3,4,3,5,4,4,3,5,3,4,4,3,5,4,3,1,2,1,2,0,2,5,5,4,4,5,4,5,4,5,3,4,4,1,4,4,3,5,4,4,3,4,5,4,4,3,4,4,5,4,4,3,5,5,4,2,2,2,2,2,2,2,2,2,2,4,3,3,3,2,4,3,4,4,5,6,3,6,8,1,45,5,1,1,1,40,4500,4000,0,157101,식품산업기사 식품 연구 유해 논란 증가,식품영양
28890,5,6,5,6,5,6,4,6,4,6,4,5,4,6,4,6,4,6,4,5,4,5,4,5,4,6,4,5,4,5,4,5,4,5,4,5,5,6,4,6,5,6,4,5,4,5,4,5,4,4,4,5,3,4,4,5,4,5,4,5,4,5,4,4,4,5,4,5,4,6,4,5,4,6,4,5,4,5,4,5,4,5,4,5,5,5,5,5,5,4,4,5,3,3,4,4,4,3,4,5,4,15,2,4,2,2,0,2,5,5,4,4,4,3,4,4,3,3,5,4,2,5,4,4,3,5,3,4,4,4,3,3,4,5,3,4,4,5,3,4,4,3,2,2,2,2,2,2,2,2,2,2,2,3,3,3,2,7,5,8,3,7,7,7,5,3,1,33,4,1,1,1,40,3900,3300,0,121201,장비 첨단 감소 예상,물리학
28891,4,5,2,3,2,3,2,3,3,5,3,5,1,0,2,3,2,3,1,0,3,4,1,0,1,0,1,0,1,0,1,0,1,0,1,0,1,0,1,0,4,5,4,5,2,3,1,0,1,0,1,0,1,0,1,0,1,0,1,0,1,0,1,0,1,0,1,0,1,0,1,0,1,0,1,0,1,0,1,0,1,0,1,0,1,0,1,0,3,3,2,3,3,4,3,3,3,3,4,2,4,11,1,6,2,2,0,6,5,4,4,3,4,4,3,3,3,3,4,3,3,3,3,4,3,4,3,1,3,3,4,4,3,3,3,4,3,3,2,3,4,4,2,2,2,2,2,2,2,2,2,4,1,3,3,3,1,5,5,5,3,3,4,4,4,5,1,41,4,1,1,1,40,8000,4000,0,32301,보험 상품 내용 대한 평가 판단 인공 지능 빅데이터 통해,수학학
28892,2,3,2,2,2,3,2,2,2,2,2,3,2,3,1,0,1,0,1,0,1,0,1,0,1,0,1,0,1,0,1,0,1,0,1,0,4,5,2,2,1,0,4,5,2,2,1,0,1,0,1,0,1,0,1,0,1,0,1,0,1,0,1,0,1,0,1,0,1,0,1,0,1,0,1,0,1,0,1,0,1,0,4,6,4,4,4,4,4,3,4,3,4,3,3,3,3,3,4,3,4,18,1,4,2,2,0,4,4,4,3,3,3,3,4,3,3,2,4,3,3,4,3,3,3,4,3,3,3,3,3,4,4,4,3,3,4,4,3,4,4,4,2,2,2,2,2,2,2,2,2,2,3,2,2,2,1,7,7,8,8,3,3,6,5,4,1,34,3,1,3,1,40,3700,2000,0,414703,공란,무용
28893,3,3,3,4,3,4,3,4,3,4,3,4,3,4,3,4,3,3,3,4,3,4,3,4,3,4,3,4,3,3,3,4,3,4,3,5,3,4,3,4,3,4,3,4,3,4,3,4,3,4,3,4,3,4,3,4,3,4,4,4,3,4,3,4,3,3,3,4,3,4,3,4,3,4,3,4,3,4,3,4,3,4,3,3,3,4,3,4,3,3,3,3,3,3,3,3,3,3,3,3,3,9,1,5,1,1,6,5,5,3,3,3,3,4,3,4,3,3,3,3,4,2,3,3,3,3,3,4,3,3,4,4,3,3,3,3,3,3,3,3,3,3,2,2,2,2,2,2,2,2,2,4,2,3,3,3,1,7,7,7,7,7,7,6,5,6,2,36,4,1,1,1,52,8000,6000,0,14103,호텔관리사 호텔서비스사 호텔경영사 객실예약업무 객실판매업무 접객업무 대체 자원 개발,호텔경영학
28894,4,4,2,4,3,4,3,4,4,4,3,4,4,4,4,4,3,4,4,4,4,4,3,4,4,5,3,4,4,4,3,3,3,4,3,4,4,5,3,5,3,4,3,3,3,4,3,4,4,4,3,5,4,5,3,5,3,4,3,4,4,4,2,4,3,4,3,3,3,4,4,4,4,4,4,4,3,4,3,3,3,4,2,4,4,4,3,4,4,3,4,4,4,3,3,3,4,4,3,3,3,18,1,2,2,2,0,5,4,4,3,4,4,5,5,3,4,4,3,3,2,4,3,4,3,4,4,3,3,4,4,4,3,4,5,4,4,4,4,4,4,4,2,2,2,2,2,2,2,2,2,1,5,2,2,2,1,1,7,5,6,5,5,2,2,3,2,24,4,1,3,2,40,4000,2000,0,416204,인기,연극영화
28895,1,0,2,2,1,0,1,0,1,0,1,0,1,0,1,0,1,0,1,0,1,0,1,0,1,0,1,0,1,0,1,0,1,0,1,0,1,0,3,4,1,0,1,0,1,0,1,0,1,0,1,0,1,0,1,0,1,0,1,0,1,0,1,0,1,0,1,0,1,0,1,0,1,0,3,4,1,0,1,0,2,2,2,2,1,0,1,0,4,3,4,3,4,3,3,3,2,3,4,3,3,9,1,2,1,2,0,7,2,3,4,3,3,3,3,4,3,3,3,2,2,3,3,3,4,3,4,3,3,3,3,2,3,3,4,3,4,3,4,4,4,3,2,2,2,2,2,2,2,2,2,2,3,3,3,3,2,5,6,4,5,4,4,7,6,6,1,31,3,1,1,1,40,3300,2200,0,531701,바리스타2급 지금,제과제빵
28896,1,0,2,2,1,0,4,4,2,2,2,2,4,3,4,4,4,3,4,3,4,3,3,3,4,3,4,3,4,3,4,3,4,3,4,3,2,2,4,3,4,3,4,3,4,3,2,2,3,3,3,2,1,0,1,0,2,2,1,0,1,0,3,3,1,0,1,0,1,0,1,0,2,2,1,0,3,3,3,3,3,3,3,2,2,3,2,3,3,2,3,3,3,4,4,2,2,3,2,2,3,14,1,2,2,2,0,7,1,2,2,2,3,3,4,2,3,3,3,3,2,2,2,3,3,3,3,3,2,3,3,4,3,3,3,3,4,4,4,4,4,3,2,1,1,2,2,2,1,2,2,3,2,2,2,2,1,6,6,6,5,4,4,6,4,4,2,28,2,1,2,2,30,1750,1500,0,617101,셀프 기계 도입 셀프 기계 개발 감소,인문계
28897,3,4,4,6,2,2,2,2,2,2,2,2,4,6,1,0,1,0,2,2,2,2,1,0,4,6,1,0,1,0,1,0,2,2,3,4,2,3,4,6,4,6,1,0,3,4,1,0,1,0,1,0,4,6,4,6,4,6,4,6,3,4,1,0,4,6,4,6,4,6,3,4,3,4,4,6,4,6,4,6,3,4,4,6,4,6,4,6,4,4,3,3,4,2,4,3,3,3,2,4,2,10,1,3,1,1,1,7,4,4,3,2,4,4,3,4,4,4,4,4,2,4,3,4,4,3,2,1,4,2,4,4,4,2,2,1,4,5,4,2,4,4,2,2,2,2,2,2,2,2,2,1,4,2,2,3,2,3,8,3,7,2,7,3,7,3,1,46,2,1,1,1,40,4200,2800,0,136001,통신기기기능사 무선설비기능사 전기산업기사 안정성을 선별하기 위해 교육을 받는다 고도화 정보통 기기,상고
28898,4,3,4,4,4,5,4,5,4,5,4,5,3,5,4,4,4,5,3,4,4,5,3,4,4,5,4,5,4,4,3,4,3,5,5,5,3,4,5,5,5,5,5,5,5,4,4,5,3,4,5,5,3,4,3,5,2,3,3,3,4,4,3,4,2,3,2,2,3,2,3,3,3,3,1,0,3,3,3,5,4,4,3,3,3,2,4,4,4,4,3,3,3,1,4,4,2,3,4,4,3,12,4,1,1,1,1,5,2,4,3,3,5,4,2,4,3,3,3,3,2,4,2,4,4,4,3,4,3,2,3,4,3,3,3,3,4,4,4,3,4,4,2,1,2,1,2,1,2,2,1,3,1,2,2,2,2,7,7,7,7,7,7,7,7,7,2,61,3,2,6,1,48,0,0,2500,611001,공인중개사 자산관리 업무수행 재교육 세법 건축법 동선 거래 고시 첨부 서류 다양 인구 감소 전산 자동화,경제
28899,4,5,3,4,4,5,2,3,3,4,4,5,3,4,4,5,3,4,4,5,3,4,4,5,3,4,3,4,2,3,2,3,3,4,3,4,4,5,1,0,4,5,5,7,3,4,3,4,5,7,3,4,5,7,5,7,5,7,2,2,2,3,5,7,3,4,3,4,3,4,3,4,4,5,2,3,2,3,2,2,4,5,3,4,4,5,3,4,3,3,4,3,4,4,3,4,4,5,4,3,3,6,1,3,1,2,0,6,5,2,4,4,4,3,3,4,4,4,4,4,2,4,5,3,2,3,2,3,4,5,2,5,4,5,5,4,5,5,4,4,5,4,2,2,2,2,2,2,2,2,2,2,3,2,2,2,1,9,8,8,7,2,1,8,2,1,1,36,4,1,1,1,40,4200,3600,0,140205,건설기계산업기사 기술사 건설안전산업기사 기술사 건설재료시험기능사 산업기사 지금,건축학
28900,3,4,3,4,3,4,2,3,4,6,3,4,4,5,4,6,3,4,5,6,4,4,3,4,3,3,3,4,2,3,2,3,2,3,2,3,3,4,2,3,2,3,4,5,3,4,3,4,3,4,2,3,5,7,5,7,5,7,4,5,4,6,2,3,2,3,2,2,2,3,2,3,2,3,2,3,2,3,1,0,2,3,2,3,3,4,2,3,4,3,3,4,3,4,4,4,3,4,3,3,4,6,1,2,1,2,0,5,5,4,4,4,4,4,4,3,3,4,4,4,3,3,3,2,3,2,3,4,4,5,3,4,4,5,5,4,4,5,4,4,5,4,2,2,2,2,2,2,2,2,2,2,3,3,3,3,1,1,1,1,2,2,4,1,1,2,1,44,5,1,1,1,40,4400,3000,0,140201,건설기계산업기사 기사 기술사 건설안전산업기사 기사 기술사 건설재료시험기사 산업기사 기사 기술사 변동 직종,건축공학
28901,3,4,3,3,1,0,2,2,2,2,2,2,3,3,2,3,2,2,2,2,2,2,2,2,3,3,2,2,3,3,2,3,2,3,2,2,2,3,3,4,3,3,2,3,2,3,2,2,3,4,2,4,3,3,3,3,3,5,3,3,2,3,2,4,3,4,4,4,5,3,3,3,3,4,3,4,3,5,3,3,4,4,3,3,3,4,4,5,3,3,3,2,3,3,4,2,2,2,3,3,4,7,4,1,2,2,0,5,4,3,3,3,4,4,4,4,4,9,4,4,4,3,3,4,4,4,4,4,3,3,4,4,3,4,3,3,3,3,3,3,4,2,2,2,2,2,2,2,2,2,2,2,3,3,3,3,2,6,6,6,6,5,5,6,6,5,1,60,3,2,6,1,46,0,0,1800,883101,회사 가정 가구 필수품,실내디자인
28902,1,0,2,3,1,0,2,3,2,2,1,0,2,3,1,0,2,2,1,0,1,0,2,2,2,3,1,0,2,3,2,4,2,2,1,0,2,2,2,3,2,3,2,3,2,3,2,3,2,3,1,0,2,3,1,0,2,2,1,0,1,0,2,3,2,2,2,3,2,2,2,3,1,0,2,3,2,3,2,2,2,2,2,2,2,3,2,2,5,3,5,4,4,3,5,5,4,3,4,3,5,19,4,1,1,2,0,4,2,4,3,4,3,4,4,3,9,9,9,3,3,4,4,4,4,4,3,4,3,2,3,4,3,3,3,4,3,3,4,3,4,4,2,2,2,2,2,2,2,2,2,2,3,3,3,3,2,6,6,7,6,5,4,7,6,4,2,42,2,2,6,1,40,0,0,3100,511302,네일아트 자격증 네일아트 대신 제품 출시,피부미용
28903,5,6,5,7,4,6,4,6,5,7,4,6,1,0,5,7,5,7,1,0,1,0,5,7,5,7,5,7,2,3,5,5,2,4,2,3,5,7,5,6,5,7,5,7,5,7,4,6,3,5,4,6,5,7,4,5,4,6,3,3,4,6,3,4,5,4,2,3,2,3,3,5,3,4,4,7,4,5,4,4,4,5,4,5,5,7,3,4,4,4,2,5,5,2,5,3,4,4,3,3,5,17,4,1,1,1,6,6,6,5,4,4,5,4,4,5,9,9,5,5,1,5,4,3,3,2,4,2,3,3,5,5,3,4,5,5,5,4,5,4,5,5,2,2,2,2,2,2,2,2,2,2,5,3,3,3,2,6,4,5,2,2,7,8,6,2,2,39,6,2,6,1,48,0,0,9000,301401,치과의사 면허 인턴 사람 구강 대한 관심 갈수록 증가,치의학
28904,4,5,4,5,3,5,2,3,4,4,5,5,4,4,4,3,3,5,2,4,3,4,3,5,4,4,3,5,2,4,3,5,2,4,2,4,2,4,2,4,5,5,2,4,4,4,2,3,2,4,3,5,5,6,5,5,4,6,5,5,5,5,4,6,5,5,4,5,5,6,4,6,4,5,4,6,2,4,2,3,2,4,2,4,2,4,1,0,4,4,4,4,5,5,5,4,5,5,5,5,5,13,1,3,1,2,0,5,5,4,3,3,4,4,4,3,4,4,4,4,3,4,3,4,3,3,3,1,2,3,4,4,3,3,2,2,3,3,2,3,4,4,2,2,2,2,2,2,2,2,2,2,4,1,1,1,1,4,6,4,6,4,5,4,5,5,2,35,4,1,1,1,48,3800,2900,0,133101,정보처리산업기사 빅데이터 알고리즘 사용 증가 업체,통계학
28905,2,3,4,5,1,0,2,3,3,3,4,5,5,7,4,5,2,3,4,5,4,5,5,7,5,7,3,4,2,3,3,4,3,4,3,5,4,5,1,0,4,5,4,5,4,5,4,5,2,3,2,3,4,5,3,4,2,3,2,3,3,4,2,3,3,4,2,3,2,2,2,3,2,3,3,4,3,3,1,0,1,0,1,0,1,0,1,0,5,4,4,4,5,4,5,4,3,5,5,5,5,13,1,3,2,2,0,6,5,5,5,5,5,5,4,4,4,4,5,4,3,4,4,3,2,2,2,5,3,5,4,3,4,5,5,5,5,5,4,4,5,3,2,2,2,2,2,2,2,2,2,1,3,1,1,1,1,1,1,1,5,5,5,8,8,2,1,35,5,1,1,1,40,5800,3000,0,151201,변화,컴퓨터공학
28906,2,3,3,3,1,0,1,0,3,5,1,0,1,0,1,0,4,3,4,6,3,5,2,3,1,0,4,4,1,0,2,3,1,0,1,0,1,0,1,0,4,4,3,5,2,3,1,0,1,0,1,0,4,4,3,4,2,4,4,4,5,5,1,0,2,4,4,4,2,5,3,4,2,1,1,0,5,5,4,5,4,4,1,0,3,2,1,0,3,5,2,2,3,2,4,4,3,2,5,4,3,6,1,2,1,2,0,3,5,4,3,5,4,4,5,4,3,5,5,4,1,4,3,4,3,5,4,4,3,5,5,3,4,4,5,3,4,3,4,4,3,5,2,2,2,2,2,2,2,2,2,2,3,3,3,3,2,7,4,3,4,6,5,7,4,5,1,30,4,1,1,1,40,3400,3000,0,140305,삼림토목기술사 사회 사업 시설 정도 유지됨,토목공학
28907,5,6,5,6,5,5,5,5,5,5,5,5,5,6,5,6,5,5,5,5,5,6,5,5,5,6,5,6,5,5,4,6,5,6,4,6,5,5,4,5,4,5,5,6,5,6,4,4,4,4,4,5,5,7,5,5,5,5,5,5,5,5,4,5,4,5,5,5,4,6,4,5,4,5,4,5,4,5,4,5,4,5,4,5,4,5,4,4,5,4,2,4,4,3,4,2,3,3,4,4,4,3,1,6,1,1,3,7,5,4,4,3,4,5,4,4,4,4,5,4,2,4,3,3,4,4,5,4,4,3,3,5,4,4,4,4,5,4,4,4,5,4,2,2,2,2,2,2,2,2,2,2,3,3,3,3,2,8,3,6,4,5,6,7,5,3,1,48,4,1,1,1,40,6000,3200,0,151108,조선산업기사 조선에 대한 기본적 지식 변화,조선공학
28908,3,3,3,4,2,2,2,2,4,5,4,5,2,2,3,4,3,4,3,4,4,4,3,4,3,4,1,0,2,2,3,3,3,4,2,3,2,1,2,1,3,4,3,4,2,2,3,3,3,3,3,3,3,3,3,3,4,5,4,5,3,5,4,5,3,4,4,5,4,5,4,5,4,4,3,4,3,3,2,3,3,4,2,4,3,4,3,4,4,4,4,2,2,2,3,2,2,3,4,4,4,7,1,3,1,2,0,5,3,2,2,2,4,4,3,2,9,9,9,3,3,2,2,2,4,2,4,4,2,4,3,4,2,3,2,3,2,4,3,3,4,4,2,2,2,2,2,2,2,2,2,1,2,3,3,3,2,6,6,5,6,5,4,5,4,4,1,30,2,1,3,2,40,3300,3000,0,814001,에너지관리사 건설 경기 침체 신규 건축 허가 실적 감소,문과
28909,5,5,3,5,3,5,3,5,2,3,4,4,4,5,3,4,3,4,2,1,4,4,3,5,2,2,3,6,3,4,4,4,3,4,3,3,4,5,4,4,4,4,3,3,3,3,3,3,2,2,3,4,2,2,1,0,1,0,1,0,3,3,2,4,1,0,1,0,1,0,1,0,3,2,1,0,1,0,1,0,1,0,1,0,3,4,2,2,4,3,2,3,4,4,3,4,4,3,4,3,4,3,1,3,2,2,0,6,5,5,4,3,3,4,4,4,4,4,3,4,2,4,4,4,3,4,3,4,4,5,3,4,2,3,3,3,4,5,3,3,5,4,2,2,2,2,2,2,2,2,2,2,3,3,2,3,1,7,6,5,4,4,4,3,1,6,1,53,4,1,1,1,48,6800,5000,0,12301,광고 마케팅 부분 기업 부서,경영학
28910,3,2,3,4,2,3,2,3,2,2,2,2,1,0,3,4,3,4,1,0,2,2,2,2,3,4,4,4,3,4,3,4,1,0,1,0,3,4,4,4,3,4,3,4,2,2,1,0,1,0,1,0,1,0,1,0,3,3,3,3,1,0,1,0,2,3,2,2,2,2,3,3,1,0,3,3,3,3,2,2,2,2,3,4,4,4,3,4,3,2,2,2,2,2,3,3,2,2,3,3,2,3,1,2,2,2,0,3,1,3,2,2,2,2,2,2,2,2,3,2,5,2,2,4,3,4,3,4,2,4,2,5,3,3,4,3,4,5,4,3,4,3,2,2,2,2,2,2,2,2,2,2,2,2,2,2,2,5,4,6,5,4,6,5,3,4,2,55,2,1,3,2,40,2000,1800,0,862301,생산 시설 자동화 인력 감소 예상,상고
28911,2,1,3,2,2,2,3,4,1,0,1,0,3,2,2,2,3,3,2,1,1,0,2,2,4,3,3,4,2,2,2,2,2,1,1,0,2,1,4,4,2,2,2,1,2,3,3,4,2,3,2,1,3,4,2,2,3,4,2,1,1,0,3,2,2,1,2,1,1,0,1,0,2,2,3,4,2,3,3,1,2,1,2,2,3,3,2,1,5,3,4,4,4,1,3,4,4,2,3,2,3,9,1,1,1,2,0,3,2,3,2,2,4,4,4,5,4,4,4,5,2,4,4,1,2,2,1,5,4,5,2,3,4,4,4,4,2,4,5,4,4,5,2,2,2,2,2,2,2,2,2,1,4,3,3,3,2,8,8,8,5,5,5,8,6,4,1,31,2,2,5,1,45,0,0,3800,531501,일식조리사 외식 수요 증가,인문계
28912,5,5,4,4,3,4,5,4,4,4,4,5,3,4,3,4,4,4,3,4,2,4,3,4,4,4,3,3,3,4,4,5,4,4,4,4,3,4,3,4,4,5,5,5,4,6,3,4,3,4,3,5,3,5,3,4,3,4,3,4,4,5,3,4,3,4,4,5,4,4,3,4,4,4,4,5,3,4,3,4,2,4,3,4,3,4,3,4,5,4,3,4,4,3,4,4,3,4,3,3,4,3,1,4,2,2,0,5,5,4,4,4,4,4,4,4,3,3,4,4,4,3,3,4,4,3,4,3,2,3,3,3,4,4,4,3,3,5,4,3,4,5,2,2,2,2,2,2,2,2,2,1,2,3,2,3,1,4,5,4,3,2,4,5,4,5,1,43,4,1,1,1,40,4400,3000,0,26201,인사 교육 사무 일자 리수 배출,경제학과
28913,4,6,4,6,4,6,4,6,3,5,4,5,4,5,3,4,3,4,3,5,4,5,3,5,4,4,4,6,4,6,4,6,4,6,4,5,3,4,4,6,4,5,4,6,4,5,4,5,4,5,4,5,4,5,4,5,4,5,3,4,3,4,3,4,3,4,3,4,3,4,4,6,4,5,2,4,2,5,2,6,3,6,3,5,3,2,2,3,5,3,3,4,4,3,5,3,4,4,4,5,4,13,2,4,1,1,1,4,5,4,4,3,4,5,4,4,3,3,4,4,2,3,3,4,5,4,4,2,3,3,4,5,4,4,2,2,4,4,3,3,3,3,1,2,1,1,1,1,1,2,2,2,2,1,3,3,1,7,7,6,5,6,6,6,5,6,1,53,6,1,1,1,50,7000,3000,0,122103,종자기사 품종육종과정 통계처리과정 기기분석과정 기존 인력 퇴직 인력 농업 인구 감소 영향 관련 산업 규모 화훼분 연구 영향 것임,농생명학
28914,3,5,4,5,2,3,4,6,2,3,4,5,1,0,3,4,4,6,1,0,3,4,3,4,1,0,1,0,3,3,4,4,2,3,2,2,3,4,3,4,4,6,2,3,1,0,2,3,1,0,1,0,1,0,1,0,1,0,1,0,2,2,1,0,1,0,1,0,1,0,1,0,1,0,4,5,4,5,1,0,1,0,1,0,2,2,2,2,3,2,4,4,3,4,3,2,4,3,3,3,4,17,1,1,1,2,0,2,5,4,3,3,4,4,3,3,9,9,3,3,2,5,4,3,3,3,3,4,4,3,2,4,4,4,4,3,3,4,3,3,4,5,2,2,2,2,2,2,2,2,2,1,2,3,3,3,2,3,3,4,4,5,5,6,6,6,1,35,4,2,5,1,60,0,0,3000,303002,한약사 한약 수요 감소,한약학
28915,5,6,4,4,3,3,4,4,4,4,4,4,4,4,4,4,4,4,4,4,4,4,4,4,4,4,4,4,4,4,4,4,4,4,4,4,4,4,4,4,4,4,4,4,4,4,4,4,4,4,4,4,4,4,4,4,4,4,4,4,4,4,4,4,4,4,4,4,5,5,4,4,4,4,4,4,4,4,4,4,4,4,4,4,3,3,4,4,3,3,4,3,2,3,3,3,2,4,3,3,4,3,1,4,1,1,4,5,2,4,3,3,5,4,2,3,2,3,4,3,4,2,2,4,4,2,4,3,2,4,3,5,3,4,2,3,4,4,3,4,4,5,2,2,2,2,2,2,2,2,2,2,2,3,3,3,2,7,4,6,5,4,4,5,7,5,1,34,2,1,1,1,60,2800,2400,0,823301,주조기능사 가열한 금속물 용탕에 붓는 교육 직업,기계
28916,1,0,4,2,2,2,2,2,2,2,2,2,2,2,2,1,2,2,1,0,1,0,2,2,2,2,3,2,3,3,2,2,2,2,1,0,2,2,4,2,3,2,3,2,3,2,3,2,3,2,2,2,1,0,1,0,2,2,2,2,2,2,1,0,3,1,3,2,2,2,2,2,1,0,3,2,2,2,2,2,2,2,3,2,3,2,2,1,3,4,4,3,3,2,3,3,3,2,3,2,4,18,4,1,1,2,0,3,2,3,2,2,4,3,3,3,9,9,9,3,2,4,4,5,4,3,4,2,4,3,4,4,4,3,3,4,4,5,5,3,5,4,2,2,2,2,2,2,2,2,2,2,3,2,2,2,2,8,8,9,6,8,8,3,4,4,1,52,4,2,6,1,50,0,0,3500,511101,이용사 사람 관리 추세,경영학
28917,2,2,3,3,1,0,2,2,1,0,1,0,1,0,1,0,1,0,1,0,1,0,2,2,1,0,1,0,1,0,1,0,1,0,1,0,1,0,3,4,1,0,1,0,2,2,1,0,1,0,1,0,1,0,1,0,1,0,1,0,3,4,1,0,2,4,2,3,3,4,3,3,1,0,1,0,2,4,2,3,2,3,2,4,3,5,3,3,2,3,2,2,2,2,1,2,1,2,3,3,2,3,1,2,2,2,0,1,2,3,2,2,2,1,1,3,3,4,4,3,3,3,1,3,3,2,4,3,2,3,3,4,2,3,3,4,4,4,3,2,4,5,2,2,2,2,2,2,2,2,2,2,4,3,3,3,2,8,8,6,6,3,2,6,4,3,2,48,2,1,1,1,40,2600,2400,0,864301,소규모 의류 생산 업체 세탁 업체 수가,상고
28918,4,4,3,4,3,3,3,3,2,4,2,3,2,2,4,3,3,3,1,0,2,2,4,4,3,3,3,4,4,4,3,3,2,3,2,2,3,4,4,5,4,4,3,3,3,4,3,3,2,4,3,4,1,0,1,0,2,2,3,4,2,3,1,0,2,2,2,2,2,2,2,2,3,4,2,3,2,2,2,2,2,3,2,2,2,2,3,3,4,4,3,4,4,3,4,4,3,4,3,4,3,5,1,3,2,2,0,3,5,4,3,3,4,3,3,4,5,4,4,4,2,3,4,2,3,4,3,4,3,4,2,5,4,5,3,4,4,3,4,4,5,4,2,2,2,2,2,2,2,2,2,2,3,2,2,2,2,4,6,5,4,4,5,4,6,6,1,55,4,1,1,1,45,6500,4000,0,14301,관리자 기업 경영 업무,경영학
28919,5,7,5,7,4,5,5,6,4,6,4,5,2,3,3,4,3,4,1,0,4,6,4,6,1,0,1,0,3,3,1,0,1,0,1,0,3,4,4,5,3,5,1,0,1,0,2,2,2,2,3,4,1,0,4,5,1,0,1,0,1,0,3,4,1,0,1,0,1,0,1,0,1,0,1,0,1,0,1,0,1,0,1,0,2,2,2,2,4,5,5,5,5,5,5,1,4,4,5,5,5,17,1,1,1,2,0,7,5,5,5,4,5,5,3,4,9,9,9,4,1,4,3,3,4,5,4,1,4,2,4,4,4,5,3,4,5,5,4,4,5,3,2,2,2,2,2,2,2,2,2,1,2,2,2,2,2,2,1,1,2,1,2,7,7,5,1,58,6,2,5,1,40,0,0,20000,301301,한의사 인구,한의학
28920,2,3,3,4,2,3,1,0,2,2,3,4,3,4,3,3,2,2,1,0,2,2,2,3,1,0,3,3,3,4,4,5,2,3,2,3,2,3,3,4,2,2,3,4,3,4,3,4,2,3,2,2,2,3,1,0,2,2,1,0,1,0,2,3,2,2,2,2,2,3,2,2,2,3,2,3,3,3,2,2,3,3,3,3,2,3,2,3,3,4,2,4,3,1,4,3,3,2,3,4,2,19,1,2,2,2,0,2,1,3,3,2,4,3,3,4,3,4,4,4,2,3,3,4,4,3,2,4,4,4,4,4,3,4,3,4,4,5,4,4,5,4,2,2,2,2,2,2,2,2,2,2,3,2,2,2,2,9,8,8,2,1,2,8,7,4,1,45,2,1,3,2,30,3500,2700,0,702501,변화 생각,기계
28921,3,4,3,4,3,5,3,4,1,0,2,2,2,3,3,4,3,5,1,0,3,4,3,4,2,1,4,5,4,5,3,4,3,4,2,4,3,4,2,2,4,3,3,5,3,4,1,0,1,0,4,5,1,0,1,0,1,0,1,0,2,3,1,0,1,0,1,0,1,0,1,0,4,4,1,0,1,0,1,0,1,0,1,0,2,3,2,1,3,2,3,4,4,4,4,2,4,2,4,2,4,6,2,5,2,2,0,1,5,4,4,4,4,4,4,4,4,4,4,4,2,4,3,2,3,4,3,4,3,3,3,5,4,5,4,4,3,4,4,3,4,4,2,2,2,2,2,2,2,2,2,1,2,3,3,3,2,7,7,6,5,6,5,4,6,6,1,45,4,1,1,1,40,5500,2800,0,26201,기업 감소,경영학
28922,4,5,4,5,4,5,4,5,4,5,4,5,3,4,3,4,3,4,3,4,3,4,3,4,3,4,3,4,3,4,3,4,4,5,4,5,3,4,5,4,3,4,3,4,3,4,3,4,2,4,3,4,2,3,2,3,2,3,2,3,3,4,3,4,2,3,2,3,2,3,2,3,3,4,2,3,2,3,3,4,4,4,3,4,3,4,4,5,4,4,2,2,3,3,2,4,2,3,3,3,4,10,1,3,2,1,2,3,3,4,3,4,4,3,3,4,3,4,3,3,3,3,3,3,4,3,3,4,4,3,2,3,4,3,3,4,4,4,3,2,3,4,2,2,2,2,2,2,2,2,2,1,3,3,3,3,2,6,5,6,4,5,6,5,6,7,2,44,3,1,1,1,35,3200,2200,0,29201,상황대처 능력 스트레스 감소에 대한 교육 로봇 상담 발달 나이 어르신 기계 고객 사람 소통 상담 필요,국어국문학
28923,3,5,4,5,3,4,3,4,4,5,4,5,3,5,3,4,4,5,3,5,3,5,3,4,4,5,3,4,3,4,3,5,3,5,3,4,3,5,3,4,4,5,4,4,3,3,3,5,4,4,3,4,3,4,4,5,3,5,3,4,3,4,3,4,3,4,3,4,3,4,3,4,4,4,3,4,3,4,3,4,2,3,3,3,3,4,3,4,4,4,3,4,4,2,4,3,3,4,3,4,3,13,3,3,2,2,0,2,6,4,4,4,4,4,4,3,4,4,4,4,2,4,4,4,5,4,5,4,5,4,4,4,4,5,4,5,4,5,4,5,4,4,2,2,2,2,2,2,2,2,2,2,2,3,3,3,2,7,6,8,3,4,4,3,7,6,1,33,5,1,1,1,45,6000,5000,0,155106,인공 지능 로봇 기술 활용 자동화 직무 대체 확률 예상,에너지자연공학
28924,5,7,5,6,5,6,5,6,4,6,4,6,4,5,3,5,4,5,4,5,3,4,3,5,4,5,3,5,4,5,4,5,3,4,2,3,2,3,2,3,2,3,2,2,2,2,2,2,2,2,2,2,2,2,2,2,2,2,2,2,2,2,2,2,2,2,2,2,2,2,2,2,2,2,2,2,2,2,2,2,2,2,2,2,2,2,2,2,4,4,4,4,4,4,4,4,4,4,4,4,4,13,3,5,2,2,0,6,7,4,4,4,4,4,4,4,3,4,5,4,2,4,4,4,4,4,4,1,4,4,4,3,2,3,3,4,3,3,4,3,3,4,2,2,2,2,2,2,2,2,2,2,2,3,3,3,1,4,3,3,2,3,3,6,2,3,1,60,6,1,1,1,50,6000,3000,0,110201,인력 배출,정치외교
28925,2,4,2,4,1,0,1,0,1,0,1,0,1,0,2,2,1,0,2,3,1,0,1,0,1,0,1,0,1,0,1,0,1,0,1,0,1,0,1,0,3,3,1,0,1,0,1,0,1,0,1,0,1,0,1,0,4,4,3,5,1,0,1,0,1,0,3,4,1,0,1,0,1,0,1,0,3,3,1,0,4,5,3,4,1,0,1,0,3,2,3,2,3,2,2,2,3,2,3,3,2,4,2,4,1,2,0,2,4,3,2,2,4,4,4,4,3,4,4,4,2,3,3,2,2,3,4,3,3,3,3,3,2,3,4,3,2,3,4,3,2,3,2,2,2,2,2,2,2,2,2,1,2,2,2,3,2,5,6,5,4,5,5,5,4,5,1,42,3,1,1,1,40,4800,2400,0,831301,전기기능가 전기기사 자동차 산업 팽창,전기
28926,3,4,3,4,1,0,3,4,1,0,1,0,3,4,1,0,3,4,3,4,3,4,3,4,2,2,3,4,1,0,1,0,1,0,1,0,1,0,3,4,3,4,3,4,3,4,1,0,1,0,1,0,3,4,3,4,1,0,1,0,3,4,3,4,1,0,1,0,1,0,1,0,1,0,3,4,3,4,3,4,3,4,3,4,3,4,3,4,4,4,3,3,3,2,3,3,3,3,2,4,4,19,4,1,2,2,0,3,2,4,3,2,4,4,4,3,4,4,4,4,2,4,4,4,4,3,2,2,4,2,4,3,4,3,3,3,4,4,4,4,3,4,2,2,2,2,2,2,2,2,2,2,3,2,2,3,2,2,8,2,7,2,7,2,8,3,2,50,2,2,7,2,40,0,0,3300,884101,창작물 기계 대체 불가,문과
28927,4,5,5,7,3,4,3,4,4,5,5,6,5,7,3,4,5,6,4,5,5,6,3,4,4,6,3,4,5,6,4,5,5,5,4,6,5,6,5,7,5,7,5,7,4,6,5,6,3,4,5,6,3,4,3,4,3,4,3,4,3,4,3,4,3,4,3,4,3,4,3,4,3,4,3,4,3,4,3,4,3,4,5,6,5,7,5,7,5,5,5,5,5,4,5,4,3,5,5,5,5,7,4,1,2,2,0,1,4,3,2,2,5,4,3,2,9,9,9,3,3,4,4,4,3,4,3,4,4,3,1,5,4,5,4,4,5,4,5,4,5,5,2,2,2,2,2,2,2,2,2,2,2,2,2,2,1,3,7,5,5,4,4,5,4,7,2,42,3,2,6,1,40,0,0,2600,614001,로봇 대체 시대,회계학
28928,2,2,2,2,1,0,1,0,1,0,3,4,1,0,1,0,1,0,1,0,1,0,4,5,4,5,4,5,1,0,1,0,1,0,4,4,4,5,3,4,3,4,3,4,3,4,3,4,4,5,1,0,4,5,4,5,4,6,4,5,1,0,1,0,1,0,4,5,4,5,4,5,4,4,4,5,1,0,4,5,1,0,1,0,1,0,1,0,4,3,4,4,4,3,4,3,4,4,4,3,3,7,1,4,1,2,0,5,4,3,4,4,4,4,4,3,3,3,3,3,1,4,4,2,3,4,3,4,3,4,4,3,4,4,4,4,4,5,4,4,4,3,2,2,2,2,2,2,2,2,2,3,3,3,3,3,2,3,9,6,4,5,5,3,5,5,1,32,3,1,1,1,48,3800,3000,0,812201,선박기관정비기능사 변동,정비
28929,2,2,4,4,3,3,4,4,3,3,2,3,4,4,1,0,3,3,2,3,2,2,2,2,3,3,2,3,3,4,3,4,3,3,2,3,3,4,4,5,4,6,3,3,2,3,2,3,3,3,2,3,2,3,4,4,3,3,2,3,1,0,1,0,3,3,2,3,2,4,3,3,1,0,2,3,2,3,1,0,2,3,2,2,1,0,1,0,5,4,3,3,3,3,2,4,3,2,4,1,4,13,1,2,1,2,0,5,5,4,3,3,4,3,1,4,9,9,4,4,3,3,3,3,3,3,3,3,2,2,3,3,2,2,3,3,3,3,3,2,4,3,2,2,2,2,2,2,2,2,2,1,3,3,2,1,1,7,7,5,4,3,5,5,5,4,1,36,4,1,1,1,52,2700,2450,0,415101,디자인기사 소비자 관심,실내디자인
28930,3,4,4,5,3,4,3,4,3,3,2,3,3,4,2,3,2,3,2,2,2,3,3,4,2,3,2,2,3,4,3,4,3,5,3,4,2,3,3,4,3,3,2,3,2,2,2,2,1,0,2,2,2,3,2,2,2,3,2,2,3,4,2,2,3,3,3,4,2,3,2,3,2,3,2,3,2,2,2,2,2,2,2,1,2,3,2,2,3,2,2,3,3,4,2,3,2,3,3,2,2,10,3,2,1,1,3,4,4,4,3,3,3,4,2,3,3,4,3,3,2,3,2,3,3,2,3,3,3,4,3,3,2,3,4,4,3,4,3,2,4,4,2,2,2,2,2,2,2,2,2,2,2,2,2,3,1,3,4,5,4,4,5,7,3,5,1,37,4,1,1,1,48,3400,2600,0,134201,OCP 산업기사 서버 네트워크 데이터베이스 기반 일자리 변화,컴퓨터공학
28931,1,0,3,3,1,0,2,3,1,0,2,3,1,0,3,4,3,4,3,4,2,3,2,2,3,5,1,0,1,0,3,4,1,0,2,3,2,3,1,0,3,4,3,4,2,3,1,0,4,5,2,2,2,2,1,0,4,5,3,5,1,0,1,0,5,6,4,6,5,6,4,6,2,2,2,3,3,5,3,5,4,5,3,4,3,5,2,3,4,3,4,4,3,2,4,2,2,2,3,1,2,3,1,3,2,2,0,2,2,4,3,3,4,4,3,4,4,3,4,4,3,3,3,4,3,4,4,4,4,4,4,3,4,4,4,3,4,5,4,4,4,4,2,2,2,2,2,2,2,2,2,2,2,3,3,3,2,7,8,7,7,7,7,7,6,5,1,52,2,1,1,1,40,3800,2400,0,811301,물류 활성화 부족,인문계
28932,4,5,4,5,5,7,4,5,2,3,4,5,3,4,2,3,5,6,3,4,4,5,3,4,4,5,3,4,4,4,4,4,4,4,3,4,3,3,1,0,2,2,2,3,3,3,2,2,2,2,2,2,2,1,1,0,1,0,1,0,2,2,1,0,2,2,1,0,1,0,1,0,2,2,1,0,1,0,2,2,1,0,2,3,2,2,3,2,4,2,3,3,5,4,3,3,4,4,4,3,4,19,1,2,2,1,3,3,5,4,3,3,3,4,3,4,3,2,3,4,2,3,3,3,3,2,3,4,3,4,3,5,3,3,3,4,2,4,2,3,4,4,2,2,2,2,2,2,2,2,2,1,3,3,3,3,1,8,7,7,3,3,5,2,3,5,1,29,4,1,1,1,40,3000,2400,0,412002,기자 언론전문가 훈련 사람 사회 대한 전반 관심 때문 변화,국어국문학
28933,3,2,2,3,2,2,3,3,2,2,1,0,2,2,3,3,2,2,3,3,2,2,1,0,3,3,1,0,1,0,3,2,3,3,2,3,2,2,3,3,2,2,1,0,2,2,1,0,1,0,1,0,1,0,1,0,3,3,2,3,1,0,1,0,1,0,3,3,2,3,2,3,1,0,2,2,3,3,2,2,4,5,3,3,3,3,3,3,3,3,3,2,2,2,3,3,3,2,3,3,3,6,4,2,2,1,2,2,2,3,1,1,3,2,2,3,3,3,3,3,5,2,2,5,3,3,4,3,3,4,3,4,3,3,2,2,3,4,3,3,3,3,2,2,2,2,2,2,2,2,2,2,2,2,2,2,2,5,6,5,5,4,5,5,5,5,1,70,2,1,4,2,30,3000,1800,0,701401,재료 비율 관련 기계화,인문
28934,5,5,5,5,5,5,5,5,4,5,5,5,5,5,4,5,4,5,1,0,4,5,5,6,4,5,4,6,5,5,4,6,5,6,5,6,5,6,5,7,5,5,5,6,5,6,5,6,5,5,5,5,4,5,2,3,4,5,2,3,5,5,3,3,5,5,1,0,1,0,1,0,4,5,1,0,1,0,4,4,2,3,2,3,2,4,2,3,4,4,2,4,4,4,4,4,4,4,4,4,4,11,1,6,1,1,6,6,5,5,5,5,5,5,4,5,4,4,4,4,2,4,4,4,4,4,4,2,4,3,4,4,4,4,4,4,4,4,4,4,4,4,2,2,2,2,2,2,2,2,2,1,2,3,3,3,2,8,3,8,2,8,4,8,8,8,1,50,4,1,3,1,50,9800,4000,0,12402,AFP CFP 손해사정인 펀드투자관리사 직무 관련 교육 자격교육 사내직무교 판매 채널 다양 화로,경영학
28935,4,4,4,4,4,4,4,4,4,4,4,4,4,4,4,4,4,4,4,4,4,4,4,4,4,4,4,4,4,4,4,4,4,4,4,4,4,4,4,4,4,4,4,4,4,4,4,4,4,4,4,4,4,4,4,4,4,4,4,4,4,4,4,4,4,4,4,4,4,4,4,4,4,4,4,4,4,4,4,4,4,4,4,4,4,4,4,4,4,4,3,4,4,3,4,3,4,3,4,4,4,15,2,5,1,1,3,5,5,4,4,4,4,4,4,3,3,3,3,3,2,3,4,4,4,4,4,3,4,3,3,4,3,4,3,3,3,4,3,4,4,5,2,2,2,2,2,2,2,2,2,2,3,2,2,3,2,7,4,5,3,4,3,5,7,4,1,43,4,1,1,1,40,6300,3100,0,621401,항공교통관제사 공항 주변 기상 상태 점검 훈련 운송 사업 발전,항공학
28936,5,7,5,7,5,7,5,7,5,6,4,6,4,6,4,6,5,6,4,6,4,6,4,6,4,7,5,6,4,6,4,6,4,5,4,5,3,5,3,5,3,5,3,4,3,4,3,4,3,3,3,5,4,5,2,2,2,2,1,0,2,2,2,2,1,0,1,0,1,0,1,0,2,4,2,2,1,0,1,0,1,0,1,0,2,3,2,3,5,4,4,4,5,5,5,4,4,4,4,4,5,16,5,5,2,2,0,6,7,5,5,5,5,5,3,5,5,4,4,4,1,5,5,4,5,5,2,1,3,3,4,4,4,5,4,5,5,2,4,2,4,5,2,2,2,2,2,2,2,2,2,1,2,3,3,3,1,2,1,1,2,2,2,2,1,1,1,55,6,1,1,1,50,8000,2500,0,110101,학령 인구 감소,철학
28937,2,3,2,3,3,4,2,3,3,4,3,3,3,4,4,5,4,5,3,4,4,5,2,4,4,5,3,4,2,3,3,4,2,3,2,3,2,3,4,5,4,5,4,5,4,5,3,4,3,4,3,4,2,5,4,5,4,6,4,6,2,3,3,4,3,5,4,5,4,6,4,5,3,4,3,4,4,5,4,5,4,5,4,5,3,4,3,4,4,4,3,3,3,2,3,4,3,3,2,2,3,6,1,2,1,2,0,3,3,3,3,2,4,3,3,3,3,3,4,4,3,3,3,4,4,3,4,3,2,3,3,3,3,4,3,4,3,4,4,3,3,3,2,2,2,2,2,2,2,2,2,1,2,3,3,3,1,5,5,6,5,6,6,5,6,6,1,51,3,1,1,1,30,3800,3600,0,702301,온수온돌기능사 사람 이일 사람 별로,건설학
28938,2,2,3,4,3,3,3,3,1,0,3,3,1,0,3,3,2,2,2,2,3,4,2,3,3,4,1,0,1,0,1,0,1,0,3,3,2,3,3,4,3,3,2,2,3,4,2,3,2,3,2,2,3,3,3,3,2,3,3,4,2,2,1,0,3,3,3,3,2,3,3,4,2,3,1,0,2,3,3,3,2,3,2,3,3,4,1,0,4,3,4,3,5,3,3,4,3,4,4,4,5,13,1,6,2,2,0,7,5,4,3,4,4,3,3,3,2,3,4,3,4,3,3,4,3,4,4,3,4,3,3,4,3,3,3,3,4,3,3,3,5,4,2,2,2,2,2,2,2,2,2,1,5,2,2,2,2,4,3,2,3,3,2,7,9,9,1,45,4,1,1,1,40,5400,2600,0,155304,최대 관심사 환경,환경미생물학
28939,2,4,3,4,3,4,1,0,1,0,1,0,3,4,1,0,2,3,1,0,1,0,1,0,1,0,3,5,1,0,1,0,1,0,1,0,1,0,1,0,4,5,2,4,1,0,1,0,1,0,1,0,2,4,1,0,1,0,1,0,1,0,1,0,1,0,1,0,1,0,1,0,1,0,1,0,1,0,1,0,1,0,1,0,1,0,1,0,3,4,3,3,3,2,3,4,3,4,3,2,4,18,1,2,2,2,0,7,5,3,3,3,3,3,3,3,3,3,3,3,2,4,4,3,3,2,3,3,2,3,3,3,3,4,3,3,3,4,3,3,4,3,2,2,2,2,2,2,2,2,2,1,3,1,1,1,1,6,7,5,3,4,5,6,4,6,2,35,4,1,1,1,40,3200,3000,0,13601,경기 악화 관련,통계학
28940,4,4,4,4,3,3,3,3,3,3,3,3,4,4,2,2,3,3,3,3,2,2,4,4,4,4,2,2,3,3,4,4,4,4,4,4,4,4,5,5,4,4,4,4,4,4,5,5,5,5,5,5,5,5,5,5,4,4,4,4,4,4,5,5,5,5,4,4,4,4,4,4,4,4,5,5,4,4,4,4,3,3,4,4,4,4,4,4,4,3,4,3,4,2,4,3,3,4,2,4,4,7,1,1,2,2,0,4,2,4,3,4,4,3,3,3,9,9,4,4,3,4,4,4,3,4,4,3,4,4,3,4,3,4,3,3,4,5,4,2,4,5,2,2,2,2,2,2,2,2,2,4,1,2,2,2,2,5,6,4,7,3,7,5,6,4,2,58,2,2,5,1,40,0,0,4800,871201,인터넷 주문 먹기 때문,공예
28941,4,5,4,6,2,3,4,6,2,3,4,6,1,0,4,6,4,6,1,0,1,0,3,4,4,6,2,2,5,7,4,6,4,6,2,2,3,4,4,6,4,6,4,6,1,0,2,2,1,0,2,3,3,4,1,0,2,3,1,0,3,4,1,0,2,2,2,2,1,0,1,0,3,4,3,5,3,5,4,5,1,0,2,3,3,4,2,2,4,5,4,4,4,4,5,2,2,4,4,4,2,17,1,2,1,2,0,6,7,5,4,4,5,5,3,4,3,4,4,4,2,4,4,3,2,2,4,4,5,5,4,4,3,5,2,5,5,5,3,2,5,4,2,2,2,2,2,2,2,2,2,1,4,3,3,3,2,7,4,6,4,3,4,3,2,5,1,55,4,2,5,1,40,0,0,8800,301111,비뇨기과 전문의 질병 고령화사회 문제 의사 일자리 증가,비뇨기
28942,1,0,2,2,1,0,2,2,1,0,1,0,1,0,2,3,3,4,1,0,1,0,2,4,2,3,1,0,2,3,2,4,1,0,1,0,2,3,2,4,2,2,2,2,2,3,3,4,2,3,2,2,4,5,4,5,5,5,3,5,1,0,2,3,4,4,4,5,3,5,3,5,2,3,4,5,3,4,3,5,5,6,3,4,3,5,2,3,3,2,5,4,3,1,4,2,2,1,2,1,3,1,1,2,1,1,4,4,2,3,4,4,5,4,4,4,3,3,2,3,2,4,3,5,4,3,3,2,4,4,4,4,3,5,2,4,2,4,3,4,5,5,2,2,2,2,2,2,2,2,2,1,1,3,3,3,2,6,5,7,4,4,3,6,6,6,1,42,2,1,1,1,54,4560,2760,0,872101,식육처리기능사 식육 부위별로 분할 골발 작업 육류 야채 생선 선호,인문계
28943,2,3,2,4,1,0,2,3,2,3,2,3,1,0,2,4,2,4,2,4,1,0,1,0,4,5,1,0,1,0,3,4,1,0,1,0,1,0,1,0,2,3,2,3,3,4,1,0,3,4,2,4,3,4,2,3,3,4,3,4,1,0,3,4,3,4,3,5,3,5,4,6,4,6,4,5,3,5,4,5,4,5,1,0,2,4,2,5,2,2,2,2,2,2,2,2,2,2,2,2,2,3,1,3,2,2,0,7,2,4,2,2,4,4,2,2,2,2,3,4,2,3,3,5,4,4,3,3,4,3,4,5,5,4,4,4,5,5,5,4,4,5,2,2,2,2,2,2,2,2,2,1,2,2,2,2,2,9,8,8,7,4,3,7,4,4,1,45,2,1,1,1,50,3500,2000,0,835101,자동화 일자리 감소,이과
28944,3,5,3,5,3,6,3,5,3,5,4,6,3,5,3,5,3,5,3,5,3,6,3,6,3,5,3,6,3,4,3,5,3,5,3,5,3,5,3,4,3,6,3,5,3,4,3,5,3,4,3,5,3,5,2,5,3,4,3,4,3,5,2,3,2,3,2,3,2,3,2,3,3,4,1,0,1,0,2,3,2,3,2,3,1,0,1,0,4,3,3,3,4,4,2,4,1,4,3,2,4,7,1,4,1,1,3,6,5,3,3,2,2,3,3,3,3,3,3,3,3,2,3,4,3,3,4,2,2,2,4,4,4,4,3,2,3,4,2,3,4,4,2,1,2,2,2,1,2,1,2,2,2,1,1,3,2,8,7,6,7,6,6,6,7,6,1,46,5,1,2,1,52,9000,4500,0,24101,GA BI tool Data 관련 AI RPA 통계 분석 분석 위성 솔루션 도입 마케팅 자동화,경영전문(MBA)
28945,4,5,5,7,4,5,3,4,3,4,4,5,3,4,4,5,5,7,3,4,4,5,4,5,4,5,4,5,3,4,3,4,3,4,2,3,3,4,3,4,3,4,4,5,3,4,4,5,4,5,3,4,3,4,1,0,1,0,1,0,4,5,2,2,2,2,1,0,1,0,1,0,3,4,1,0,1,0,1,0,1,0,1,0,3,4,4,5,3,3,3,3,4,4,3,5,3,4,4,3,3,11,1,5,2,2,0,3,5,3,4,4,3,4,3,3,3,3,4,3,2,4,4,3,3,2,3,4,4,4,3,5,3,4,4,4,3,5,3,3,5,4,2,2,2,2,2,2,2,2,2,2,3,2,2,2,1,4,5,7,7,3,2,2,2,5,1,41,4,1,1,1,40,4100,2500,0,26101,경기 회복,경영학
28946,4,6,4,5,3,3,4,5,4,5,4,5,1,0,3,4,2,3,1,0,3,2,3,1,3,3,3,3,4,4,3,4,3,4,3,4,1,0,4,5,4,2,4,5,3,3,1,0,1,0,2,1,1,0,1,0,1,0,1,0,4,4,1,0,1,0,1,0,1,0,1,0,2,1,1,0,1,0,1,0,3,2,2,2,4,5,3,2,2,2,2,3,2,4,3,2,2,3,4,2,2,11,1,2,1,1,1,5,5,4,1,1,4,4,2,3,3,3,3,3,3,3,2,1,1,1,3,4,1,5,2,4,1,2,3,3,3,4,3,3,4,3,2,2,2,2,2,2,2,2,2,1,4,3,2,2,1,5,5,4,5,5,5,4,4,5,2,33,4,1,1,1,48,4200,3700,0,31501,손해사정사 개정에 따라 지속적으로 개정내용 훈련 손해사정사 인력 수요 증가,경제학
28947,1,0,3,4,2,2,1,0,1,0,1,0,1,0,2,1,2,2,1,0,1,0,1,0,2,3,1,0,1,0,2,2,1,0,1,0,1,0,1,0,2,3,2,2,3,4,1,0,2,2,1,0,1,0,2,2,1,0,1,0,1,0,2,3,3,4,3,3,3,4,2,3,3,3,2,2,2,2,2,3,3,4,2,2,2,2,2,1,2,2,2,2,2,3,3,2,3,2,2,2,2,3,1,2,2,2,0,7,2,2,2,1,4,4,3,2,9,3,3,3,2,2,2,3,2,3,3,4,3,2,3,3,4,3,2,3,3,2,3,3,4,4,2,2,2,2,2,2,2,2,2,3,2,3,3,3,2,6,7,7,6,5,6,3,3,3,2,53,2,1,1,1,40,2200,2200,0,872201,생산 라인 자동화,문과
28948,4,6,5,6,4,6,4,5,4,6,4,5,4,5,5,6,4,6,4,5,5,6,4,6,4,5,5,6,4,5,4,6,4,6,4,4,4,5,4,6,4,5,3,5,4,5,3,5,1,0,3,5,4,4,1,0,3,3,1,0,4,6,4,4,4,4,4,4,4,4,4,5,4,5,3,5,4,5,4,4,2,2,3,4,4,5,2,2,4,3,5,4,4,3,4,4,3,4,4,3,4,16,5,4,2,2,0,7,5,4,4,3,3,4,3,4,5,5,4,4,4,3,4,4,5,4,3,4,4,3,3,4,4,4,5,4,4,4,3,4,4,4,2,2,2,2,2,2,2,2,2,1,2,3,3,3,2,4,3,2,6,5,5,3,2,6,2,44,4,1,1,1,52,4500,1800,0,411301,자동화 시스템 이면,국문학
28949,1,0,3,3,1,0,2,4,1,0,2,3,5,6,3,4,4,4,3,3,2,2,2,3,4,4,5,5,4,5,3,5,4,4,4,4,4,5,4,2,4,4,3,3,4,3,2,4,3,3,5,6,4,3,4,4,4,5,4,4,1,0,4,4,4,3,4,4,5,6,4,4,4,4,4,5,4,4,3,4,4,4,3,4,4,4,3,3,3,4,2,3,4,2,2,5,3,3,4,3,2,18,1,5,2,2,0,4,5,3,4,4,4,5,2,3,4,4,4,4,2,3,3,5,2,3,4,2,3,4,3,4,3,3,3,4,3,3,3,2,3,4,2,2,2,2,2,2,2,2,2,1,4,2,2,2,1,6,5,5,6,6,5,7,4,5,1,47,3,1,1,1,45,5500,2000,0,416401,미디어 발전,미디어영상
28950,3,4,4,4,3,4,4,4,1,0,3,4,1,0,4,4,4,4,5,4,3,4,4,4,5,5,4,4,5,4,2,3,2,3,2,3,5,5,4,4,2,3,3,4,5,4,2,3,1,0,1,0,3,3,1,0,3,4,1,0,3,4,1,0,3,4,5,4,3,4,1,0,3,4,3,4,5,4,5,6,5,5,5,5,4,4,4,4,5,4,1,2,3,1,4,2,3,3,3,5,4,15,2,6,2,2,0,7,2,3,2,2,3,3,3,2,3,3,4,3,3,4,3,4,4,4,3,4,4,3,3,3,4,3,3,5,4,4,4,4,4,3,2,2,2,2,2,2,2,2,2,1,3,3,3,3,2,9,8,8,8,4,5,6,4,6,1,28,3,1,1,1,40,2200,2040,0,250301,병력 규모 자체 변화,경영학
28951,2,2,3,3,2,2,2,2,1,0,1,0,1,0,3,3,3,3,2,2,1,0,1,0,3,4,1,0,1,0,3,3,1,0,1,0,3,2,3,3,3,3,2,3,2,3,1,0,1,0,1,0,1,0,1,0,3,4,4,3,1,0,1,0,3,4,3,5,3,5,3,5,1,0,4,3,5,5,4,4,5,5,2,3,2,3,3,4,4,3,4,3,4,2,4,5,3,2,3,3,4,6,4,2,1,2,0,7,1,3,2,1,4,4,3,3,9,9,9,3,1,4,4,3,3,2,3,3,2,4,2,5,4,2,1,2,3,5,2,1,5,4,2,2,2,2,2,2,2,2,2,1,3,3,3,3,2,8,7,8,6,8,8,7,3,2,1,49,2,2,6,1,40,0,0,4800,623001,타워크레인운전기능사 건설,공고
28952,1,0,1,0,1,0,3,3,1,0,1,0,3,4,1,0,1,0,1,0,1,0,1,0,4,5,1,0,4,4,1,0,1,0,1,0,1,0,4,5,1,0,1,0,1,0,3,4,4,4,1,0,1,0,1,0,3,4,1,0,1,0,1,0,1,0,4,3,1,0,1,0,1,0,4,4,1,0,1,0,4,4,4,5,5,5,1,0,4,4,4,2,3,3,4,2,3,3,3,3,4,19,1,1,1,2,0,4,4,4,4,3,4,3,3,3,9,9,9,3,2,4,4,3,2,1,3,2,3,3,4,4,4,3,4,3,4,5,3,3,4,4,2,2,2,2,2,2,2,2,2,1,3,2,2,2,2,9,8,9,3,3,9,9,6,4,2,31,3,2,5,1,40,0,0,2500,511302,네일아티스트 자격증 대체 요인,뷰티디자인
28953,5,7,5,7,5,5,5,6,5,6,5,7,4,6,5,5,5,5,3,5,4,5,5,5,4,5,4,5,4,5,5,6,5,4,4,5,4,4,5,5,5,5,5,5,5,4,4,4,3,2,3,3,4,5,1,0,1,0,3,4,5,4,1,0,3,2,1,0,3,2,1,0,1,0,1,0,1,0,1,0,1,0,1,0,3,4,3,3,3,4,3,4,4,5,5,1,4,4,3,4,3,15,2,4,1,1,5,7,5,5,5,4,4,5,5,4,3,4,4,4,2,4,3,4,4,4,4,3,4,4,3,4,3,4,4,4,4,5,4,4,5,4,2,2,2,2,2,2,2,2,2,1,3,3,3,3,2,2,4,4,5,5,3,1,2,5,1,34,4,1,3,1,40,4000,3500,0,21001,세무사 조세업무 변동 직종,세무학
28954,2,4,2,4,1,0,1,0,2,3,1,0,1,0,3,4,1,0,1,0,2,3,1,0,1,0,3,4,1,0,1,0,1,0,1,0,1,0,1,0,3,4,4,4,1,0,1,0,1,0,1,0,1,0,1,0,4,4,1,0,4,2,1,0,4,5,3,3,2,3,4,5,1,0,1,0,1,0,1,0,1,0,1,0,2,2,1,0,3,4,2,2,3,3,4,3,3,2,2,4,3,5,2,3,2,1,6,7,2,3,3,3,4,4,4,2,3,4,4,4,2,5,5,4,3,4,3,3,5,3,3,4,3,3,3,4,3,4,3,3,4,4,2,2,2,2,2,2,2,2,2,2,2,3,3,3,2,6,7,6,6,5,4,4,3,4,1,43,4,1,1,1,52,4000,3000,0,16201,법정교육 서비스 개발,토목환경공학
28955,3,5,3,4,4,5,4,4,4,5,4,6,4,5,4,5,4,5,4,4,4,4,4,5,3,5,4,4,4,5,4,5,4,5,4,5,4,5,3,5,4,5,4,5,4,5,4,5,4,5,4,5,4,5,4,5,4,4,4,5,4,5,4,5,3,5,4,4,3,4,4,5,3,4,4,4,3,4,3,4,4,5,3,5,3,4,4,6,4,4,3,5,4,4,4,4,4,3,4,4,4,6,1,5,1,2,0,5,5,3,4,4,4,4,4,4,5,5,4,4,3,4,4,4,4,3,3,4,4,4,4,4,4,3,4,5,5,4,4,4,4,4,2,2,2,2,2,2,2,2,2,1,3,2,2,2,1,7,5,7,7,5,6,7,7,6,1,32,4,1,1,1,43,3000,2800,0,158401,산업안전기사 작업 변동,메카트로닉스학
28956,4,5,4,5,3,5,3,4,1,0,3,4,3,6,1,0,1,0,1,0,4,5,5,6,4,5,1,0,3,4,4,5,4,5,2,4,1,0,4,5,3,4,1,0,1,0,1,0,1,0,1,0,1,0,1,0,1,0,1,0,4,5,1,0,1,0,1,0,1,0,1,0,1,0,1,0,1,0,1,0,1,0,1,0,3,4,1,0,3,4,4,2,2,3,3,4,3,2,3,3,4,19,3,2,2,2,0,7,5,3,2,2,3,4,4,2,3,3,4,3,4,2,3,2,3,2,4,4,1,3,1,4,2,3,2,3,2,4,3,2,4,5,2,2,2,2,2,2,1,2,2,1,3,2,2,2,2,8,4,7,3,3,5,3,5,7,2,30,4,1,1,1,45,2700,2000,0,29501,코로나 매출 급락 사업 확장 감소 협업 업무,서양화
28957,3,5,4,5,2,3,4,5,2,4,3,5,3,5,3,5,4,5,3,4,2,4,3,5,3,5,4,5,4,5,4,5,3,4,4,5,4,5,5,6,4,5,5,6,5,6,4,5,3,5,5,6,3,4,3,4,4,5,2,3,2,3,3,4,3,4,3,4,4,5,4,5,3,4,3,4,3,4,3,4,3,4,3,4,3,4,3,4,4,4,4,4,3,3,2,2,3,2,3,2,3,9,1,2,1,2,0,2,4,2,2,2,3,3,3,4,9,3,4,4,3,3,3,4,3,3,4,3,2,3,4,4,3,3,3,3,3,4,3,3,3,3,2,2,2,2,2,2,2,2,2,1,2,2,2,2,1,6,8,8,6,7,6,6,5,6,1,34,3,2,5,1,35,0,0,6500,531601,조주 기능사 조리학 코로나,외식산업학
28958,3,3,3,3,2,3,3,4,3,3,1,0,1,0,2,3,3,4,3,4,3,3,2,3,3,3,1,0,2,3,3,3,1,0,1,0,2,3,3,3,1,0,3,3,3,4,1,0,1,0,1,0,1,0,1,0,3,3,1,0,1,0,1,0,3,4,3,3,2,3,3,3,1,0,2,2,3,3,3,3,3,4,3,3,3,3,3,3,2,4,2,2,2,2,4,3,3,2,2,3,3,3,1,2,2,2,0,2,1,2,2,1,4,2,3,2,2,4,4,3,4,2,2,4,5,4,4,5,5,2,3,4,3,4,2,3,3,4,3,2,4,4,2,2,2,2,2,2,2,2,2,2,2,2,2,2,1,6,4,7,8,5,7,4,3,5,2,58,2,1,1,1,40,2300,2000,0,871201,업종,상고
28959,4,5,4,5,2,2,5,6,5,6,5,4,1,0,5,7,4,5,1,0,1,0,4,5,4,5,5,4,3,3,2,3,4,5,2,5,1,0,3,4,4,2,4,5,2,3,4,4,1,0,1,0,1,0,1,0,1,0,1,0,4,4,1,0,1,0,1,0,1,0,1,0,3,5,1,0,1,0,1,0,2,3,3,3,4,5,3,3,3,3,2,3,3,4,5,2,4,4,3,4,4,15,2,4,2,2,0,5,5,4,4,4,4,4,4,3,4,4,4,4,2,5,3,2,4,2,4,4,4,3,4,4,3,4,3,4,4,5,4,4,5,2,2,2,2,2,2,2,2,2,2,1,3,3,3,3,2,4,4,4,3,6,6,5,5,8,1,32,4,1,1,1,40,3200,2600,0,25101,일정 규모 채용 인원 때문,행정학
28960,3,5,3,4,2,3,2,5,2,4,3,5,3,4,4,5,4,5,1,0,2,4,3,5,5,6,4,5,3,4,2,3,1,0,1,0,2,2,4,3,3,3,2,2,5,4,1,0,4,4,1,0,4,4,4,4,4,5,4,5,1,0,3,4,4,3,4,5,4,5,4,5,1,0,5,6,4,5,3,5,3,4,2,3,3,3,2,2,4,4,3,4,4,2,4,5,4,4,4,3,4,13,1,2,1,2,0,7,4,4,4,3,4,4,3,3,4,4,4,4,1,5,3,4,4,2,4,4,3,2,4,3,4,4,5,4,5,5,5,3,5,4,2,2,2,2,2,2,2,2,2,2,4,2,2,3,2,7,6,6,4,3,2,8,2,3,1,29,4,1,1,1,40,2700,2400,0,306701,보조기사 자격증 고령자 증가 보조 기기 필요 것이므,의료공학
28961,4,5,4,5,4,5,3,4,2,4,3,6,3,3,1,0,2,2,2,2,2,1,2,5,3,3,2,5,1,0,1,0,2,5,4,4,3,3,3,2,3,3,3,3,2,3,2,2,2,3,3,3,2,3,3,3,2,2,3,5,4,3,3,3,2,2,3,3,3,3,3,3,3,5,2,3,1,0,2,2,2,3,2,3,2,4,2,1,4,4,3,3,3,3,4,2,4,4,4,4,4,13,4,1,1,1,3,4,5,3,3,3,4,4,4,3,3,3,3,3,3,4,3,3,4,3,3,3,3,3,4,4,3,4,3,3,4,3,4,3,4,3,1,2,1,2,1,1,2,2,2,1,2,2,2,2,1,3,3,4,4,3,4,3,3,3,1,63,4,1,4,1,40,6000,3000,0,23201,세무사 자격증 변경된 세법 비대 서비스 증가 경기 침체 장기,경영학
28962,3,3,2,2,2,2,2,2,2,2,3,4,3,3,2,2,3,3,3,3,3,3,3,3,2,2,2,2,3,3,3,4,2,3,3,4,2,2,3,3,3,3,2,2,2,2,4,5,3,4,4,4,3,4,3,3,3,3,4,5,3,3,4,5,3,4,2,2,2,3,4,5,3,3,2,3,4,5,4,5,3,4,2,2,3,3,2,3,4,3,3,3,2,3,3,3,2,3,3,4,3,3,1,3,1,2,0,2,3,3,3,4,3,4,3,3,9,4,3,4,3,3,4,3,3,3,4,4,4,3,4,4,4,4,3,4,4,3,3,4,4,3,2,2,2,2,2,2,2,2,2,2,3,2,2,2,2,4,5,6,7,6,5,4,6,5,1,47,2,1,1,1,40,3900,3600,0,623002,지게차운전기능사 류량 때문,인문계
28963,3,5,2,3,3,3,4,4,3,3,3,2,1,0,1,0,1,0,1,0,1,0,4,5,3,3,3,2,3,2,3,2,3,3,1,0,1,0,3,4,3,3,4,4,3,3,4,4,4,4,4,4,4,4,1,0,4,4,4,4,4,5,1,0,4,3,3,3,4,2,3,2,3,2,2,2,4,4,3,3,1,0,1,0,4,4,4,4,3,4,4,3,5,4,4,3,4,4,5,4,3,17,1,1,1,2,0,7,5,4,4,3,5,4,4,3,9,9,4,4,2,4,4,3,3,4,3,3,4,4,3,3,3,4,4,4,5,5,3,3,5,3,2,2,2,2,2,2,2,1,2,1,4,2,2,2,1,2,2,5,5,5,5,5,6,5,1,40,4,2,5,1,50,0,0,7000,301201,의사 자격증 환자 상태 스트레스 의사 수가,의학
28964,3,4,4,4,5,4,5,4,3,3,4,5,1,0,5,4,5,5,3,4,4,4,5,7,4,5,3,4,5,5,5,6,5,5,1,0,5,4,4,4,4,3,4,4,4,4,1,0,1,0,2,2,2,2,1,0,1,0,1,0,3,2,1,0,1,0,1,0,1,0,1,0,4,4,1,0,1,0,1,0,1,0,2,2,5,3,4,4,4,5,3,4,5,3,5,3,3,5,5,4,3,16,5,3,1,1,4,4,5,4,4,4,5,4,4,4,3,3,4,4,1,4,5,5,5,5,4,2,5,1,2,5,4,5,5,4,5,4,4,5,4,5,2,1,2,2,2,2,2,2,2,3,1,1,3,3,1,8,6,5,7,5,4,4,6,5,1,49,5,1,1,1,35,6500,3000,0,212101,중등교사2급정교사 재난안전교육 코로나 온라인 교육 인공 지능 온라인 교육 가능,영어교육학
28965,4,5,4,5,3,4,4,5,2,3,4,5,4,5,2,4,4,5,3,5,2,3,4,5,4,6,4,5,3,4,4,5,3,4,4,5,4,5,4,5,4,5,2,3,4,5,3,5,1,0,2,3,1,0,1,0,1,0,1,0,3,4,1,0,1,0,1,0,1,0,1,0,2,3,3,4,2,3,3,5,3,4,2,3,3,4,5,6,3,4,2,3,4,4,3,4,3,4,4,4,3,19,1,3,2,2,0,7,5,4,3,3,4,3,3,3,3,4,4,3,4,3,3,4,3,3,4,2,2,3,2,4,4,4,3,4,5,5,5,3,4,2,2,2,2,2,2,2,2,2,2,3,3,2,2,2,1,6,7,8,4,4,7,8,8,8,1,47,4,1,4,0,5,1000,800,0,414501,연고 공연 참여 관객수 증가,실용음악
28966,5,6,5,6,4,6,5,7,2,3,4,5,3,4,5,7,4,6,4,5,4,4,3,5,4,5,4,4,5,7,5,6,4,6,4,5,2,3,4,5,5,6,5,7,5,7,1,0,1,0,1,0,1,0,1,0,2,2,1,0,4,4,1,0,1,0,1,0,1,0,1,0,1,0,1,0,1,0,1,0,1,0,1,0,5,6,4,5,4,4,2,3,4,5,4,5,3,4,4,4,3,15,2,6,1,2,0,7,5,4,4,4,5,4,4,3,3,4,4,4,1,4,5,3,3,4,3,3,2,3,3,4,5,4,3,4,4,4,4,3,5,5,2,2,2,2,2,2,2,2,2,1,3,3,2,3,2,2,3,4,6,5,5,5,5,5,1,38,4,1,1,1,44,5800,4500,0,221101,변호사 자격증 판사 고용 변화 일자리,법학
28967,2,3,4,5,2,3,4,5,2,2,2,3,1,0,2,3,2,3,1,0,1,0,2,4,3,4,3,4,3,4,3,3,3,4,3,4,3,3,3,4,3,4,1,0,2,3,1,0,1,0,1,0,1,0,1,0,1,0,1,0,2,3,1,0,1,0,1,0,1,0,1,0,1,0,1,0,1,0,1,0,1,0,1,0,2,3,3,3,4,2,4,2,2,4,2,2,2,2,3,2,3,11,1,2,2,2,0,7,2,2,1,1,3,3,3,2,2,3,3,2,2,4,2,2,4,3,3,2,2,4,4,4,2,2,3,3,4,4,2,3,4,5,2,2,2,2,2,2,2,2,2,2,2,3,3,2,1,6,6,6,5,5,5,5,5,5,2,38,2,1,1,1,40,3800,2800,0,613001,서비스 종료,이과
28968,3,3,2,2,2,2,3,3,3,3,3,3,3,3,4,5,4,5,4,5,4,4,4,5,4,5,3,4,4,5,4,5,4,4,3,3,4,4,4,5,4,5,3,4,4,4,3,4,1,0,1,0,3,4,3,4,3,4,3,4,3,3,4,4,3,4,3,4,3,4,3,4,3,4,3,4,1,0,1,0,1,0,1,0,1,0,1,0,4,3,4,4,4,4,4,3,3,3,3,3,3,6,1,5,1,1,4,5,4,3,4,4,4,4,4,3,4,3,4,4,4,2,3,2,3,4,3,4,2,3,3,2,3,4,3,3,3,4,3,3,3,3,2,2,2,2,2,2,2,2,2,3,3,3,3,3,2,4,7,7,6,4,5,6,4,4,1,30,4,1,1,1,45,4000,3500,0,140201,건축구조기술사 토목구조 기술사 기본계획수립 능력 이론 교육 상황 유지,기계학
28969,4,4,4,4,4,4,4,4,4,4,4,4,4,4,4,4,4,4,4,4,4,4,4,4,4,4,4,4,4,4,4,4,4,4,4,4,4,4,4,4,4,4,4,4,4,4,4,4,4,4,4,4,4,4,4,4,4,4,4,4,4,4,4,4,4,4,4,4,5,5,4,4,4,4,4,4,4,4,4,4,4,4,4,4,3,3,4,4,3,3,4,3,2,3,3,3,2,4,3,3,4,3,1,2,1,1,4,6,2,5,2,3,5,4,3,4,3,4,5,4,3,2,3,5,4,4,4,4,2,3,2,5,3,4,3,2,4,4,3,2,4,3,2,2,2,2,2,2,2,2,2,2,2,3,3,3,2,8,3,7,5,3,7,5,7,4,1,46,2,1,1,1,60,4600,2400,0,823301,원형기능사 가열한 금속물 용탕에 붓는 교육 직업,전기
28970,1,0,2,5,2,3,5,7,1,0,1,0,5,5,4,5,1,0,2,3,1,0,4,5,3,5,4,6,4,5,5,6,5,6,5,5,1,0,3,4,4,4,5,6,2,3,2,2,2,2,1,0,1,0,1,0,1,0,1,0,3,5,1,0,1,0,1,0,1,0,1,0,3,4,1,0,2,4,4,7,2,5,1,0,3,3,3,4,4,2,5,4,4,5,1,5,3,2,5,2,5,18,4,1,2,2,0,1,2,3,2,2,4,4,4,3,2,3,3,3,4,3,3,4,3,2,3,2,4,4,4,4,3,3,4,3,4,4,3,3,4,4,2,2,2,2,2,2,2,2,2,1,3,3,3,3,2,7,2,8,3,7,2,7,2,6,1,36,3,2,6,1,40,0,0,3600,417102,기계 대체 불가,컴퓨터공학
28971,2,2,3,4,1,0,2,2,3,4,1,0,1,0,3,4,2,3,1,0,1,0,2,2,3,4,3,3,2,1,1,0,2,2,3,4,3,3,3,4,3,4,3,3,3,4,3,3,2,2,2,3,3,4,3,4,3,3,2,2,1,0,3,4,3,4,3,3,3,4,3,4,3,3,2,2,2,1,1,0,2,2,2,3,2,2,2,2,4,3,2,3,3,2,4,3,2,4,2,2,3,3,1,2,1,2,0,7,2,3,3,2,3,3,2,3,3,4,4,4,2,4,4,4,3,4,4,3,3,3,3,2,4,3,2,3,3,4,2,3,3,2,2,2,2,2,2,2,2,2,2,3,2,3,3,3,2,7,8,6,3,2,5,4,6,7,1,52,3,1,1,1,52,4500,2100,0,813101,금형산업기사 금형사출기능사 금형사출산업기사 자동화 기계 발달,금속공학
28972,3,5,4,6,4,4,4,5,4,6,4,6,4,5,4,6,4,5,4,5,4,5,4,6,4,5,4,6,4,5,4,5,4,5,4,5,4,5,4,6,4,5,4,5,4,5,5,3,4,6,4,6,4,5,4,5,4,6,4,6,4,4,4,6,4,6,4,5,4,5,4,5,4,5,4,6,4,5,4,5,4,6,4,5,4,5,4,6,4,3,4,4,4,5,4,4,4,3,4,4,4,19,1,2,2,2,0,4,5,4,5,4,4,4,4,5,4,4,4,4,4,3,4,4,4,3,4,3,4,4,4,4,4,3,5,4,4,4,3,4,4,3,2,2,2,2,2,2,2,2,2,1,4,2,2,2,1,5,3,7,7,6,6,6,7,6,1,42,4,1,1,1,42,4500,3000,0,411202,국가 기업 상호 접촉,영문학
28973,3,3,3,4,2,3,5,5,4,3,1,0,2,3,2,2,4,4,5,5,1,0,2,2,3,3,1,0,3,4,3,3,1,0,1,0,2,3,4,5,3,4,2,3,1,0,1,0,1,0,1,0,1,0,1,0,2,2,1,0,2,3,2,2,3,3,2,2,1,0,1,0,1,0,1,0,1,0,2,2,3,3,4,5,2,4,3,4,3,4,3,2,3,4,3,4,2,2,3,4,2,8,1,2,2,1,2,1,4,3,2,2,1,2,2,2,2,2,3,2,3,2,2,3,4,4,5,4,4,2,4,4,4,3,3,2,4,3,4,4,5,3,2,2,2,2,2,2,2,2,2,2,2,2,2,2,2,9,8,9,4,5,5,5,5,5,2,28,4,1,1,1,40,2800,2500,0,522201,선박 안전 교육 경기 전반 침체 관광객,호텔경영학
28974,2,2,3,4,1,0,2,1,1,0,1,0,1,0,2,1,2,2,1,0,1,0,2,3,3,4,2,2,2,3,2,3,3,4,3,3,3,3,3,4,3,4,3,3,2,2,2,3,3,3,2,3,2,3,2,2,3,3,2,1,1,0,3,4,1,0,2,2,2,1,1,0,2,2,2,3,2,3,1,0,3,3,3,3,2,2,2,1,4,2,2,3,3,2,3,3,2,4,4,3,4,6,1,2,2,2,0,7,2,3,2,2,3,3,3,2,9,9,9,3,2,2,2,3,2,2,3,3,2,2,3,2,1,3,4,3,4,2,2,1,3,4,2,2,2,2,2,2,2,2,2,1,2,2,2,2,2,6,5,6,7,5,5,4,2,5,1,46,4,2,5,1,40,0,0,7300,702401,인구 감소,컴퓨터공학
28975,3,4,2,4,2,3,2,2,1,0,1,0,5,6,4,6,3,4,3,6,1,0,3,4,3,5,1,0,1,0,3,5,4,4,3,5,4,5,4,6,4,5,1,0,4,5,1,0,1,0,1,0,1,0,2,2,1,0,1,0,5,5,3,5,1,0,1,0,1,0,1,0,1,0,4,5,3,4,2,4,1,0,1,0,4,6,2,3,4,3,3,3,4,3,2,3,3,3,3,3,3,13,1,2,2,2,0,6,5,4,4,3,3,5,3,3,2,2,3,3,1,4,5,3,3,2,4,1,3,2,3,5,2,2,3,2,2,4,3,3,5,4,2,2,2,2,2,2,2,2,2,2,4,3,2,2,2,8,5,6,2,1,6,5,4,3,1,35,4,1,1,1,44,3000,2800,0,415404,멀티미디어 시대 디자이너 분야 확대,산업디자인학
28976,5,5,5,5,3,5,5,5,4,4,5,5,3,4,4,5,4,5,4,5,4,5,4,5,5,6,5,6,4,5,4,6,3,5,3,5,3,5,4,6,5,6,5,6,4,6,1,0,2,3,4,5,5,6,2,3,5,6,2,2,3,3,2,2,5,6,1,0,4,5,5,6,2,3,1,0,4,6,5,6,1,0,1,0,5,5,5,5,4,4,4,2,4,4,5,4,2,3,4,5,3,15,2,4,1,1,5,7,5,4,2,2,2,3,4,2,2,3,3,3,4,3,4,4,3,2,4,4,2,4,3,4,4,4,4,4,4,4,2,4,4,4,2,2,2,2,2,2,2,2,2,3,4,2,3,3,2,8,8,8,2,4,5,2,2,2,2,26,4,1,1,1,55,4300,3300,0,621401,항공교통관제사 EPTA 항공신체검사 공무원 교육 관제권 교육 항공기 수요 증가 제사 부족,항공교통
28977,4,4,2,3,2,3,4,4,4,4,3,4,4,5,4,5,4,4,4,5,4,5,4,5,4,5,4,5,3,4,4,5,4,5,3,4,4,5,3,4,3,4,4,5,4,4,4,5,3,4,2,4,3,4,4,5,4,5,3,4,4,5,4,5,4,6,4,6,4,5,4,5,4,6,4,6,2,2,4,5,2,1,1,0,4,5,1,0,3,4,3,2,3,3,3,4,4,3,3,4,3,7,1,5,2,2,0,7,5,4,4,3,4,4,4,4,3,3,4,3,3,3,3,3,4,3,3,3,3,3,3,3,4,3,2,3,4,3,2,3,3,3,2,2,2,2,2,2,2,2,2,2,4,3,3,3,1,6,6,4,3,4,5,6,7,5,1,40,4,1,1,1,45,6800,4200,0,132002,컴퓨터 시스템 관리 필요성 증가,컴퓨터공학
28978,4,5,4,4,3,4,3,4,5,6,4,5,3,3,4,4,4,4,1,0,3,4,2,2,3,3,1,0,2,2,1,0,1,0,1,0,1,0,2,2,2,2,4,5,3,4,2,2,1,0,2,2,1,0,1,0,1,0,1,0,4,5,1,0,3,3,1,0,1,0,1,0,1,0,1,0,1,0,1,0,1,0,1,0,2,3,2,2,4,3,4,4,4,5,3,3,3,2,4,2,3,11,1,3,1,2,0,7,5,4,4,4,4,4,4,4,4,3,4,4,2,4,3,2,3,4,3,3,4,3,4,3,4,2,3,4,3,4,4,3,4,2,2,2,2,2,2,2,2,2,2,1,3,3,3,3,2,7,4,3,4,3,4,1,2,6,1,31,4,1,1,1,40,3200,3200,0,31301,보험계리사 기계 대체 불가,통계학
28979,1,0,3,3,1,0,3,2,3,2,3,1,3,2,3,3,3,2,3,2,3,3,3,3,4,2,4,2,3,3,4,2,4,3,4,2,3,2,3,4,4,3,4,3,4,2,4,3,4,2,4,5,3,3,3,2,4,2,2,2,1,0,4,2,2,1,4,2,4,2,2,1,4,3,4,4,4,2,3,2,5,6,5,4,3,3,3,1,2,4,2,2,2,1,1,2,2,2,2,2,2,6,1,1,2,2,0,6,2,1,1,1,3,2,2,3,9,9,3,3,2,4,1,2,2,3,4,4,4,4,2,4,3,3,3,3,4,4,4,3,4,4,2,2,2,2,2,2,2,2,2,4,1,2,2,2,1,7,7,7,5,5,5,5,3,3,1,64,2,2,5,1,40,0,0,3000,702501,인공 지능 로봇 사용 확대 수도 생각,문과
28980,4,4,4,4,4,4,4,4,4,5,3,5,4,4,4,4,4,4,4,4,2,4,4,4,2,4,4,4,4,5,4,4,2,4,4,4,2,5,4,4,1,0,4,4,1,0,1,0,1,0,1,0,4,4,4,5,4,4,1,0,1,0,1,0,4,5,4,4,4,4,4,5,1,0,4,4,4,4,1,0,3,4,3,3,4,5,3,4,4,4,5,4,4,2,4,2,3,3,4,3,5,8,1,4,1,1,3,2,2,3,2,2,4,3,2,3,2,3,5,3,3,3,3,4,4,4,5,3,4,3,3,4,3,5,5,4,5,5,3,2,3,3,2,2,2,2,2,2,2,2,2,2,2,3,3,3,2,3,4,5,6,5,5,3,5,6,1,46,2,1,1,1,47,4320,3280,0,622201,자동차운전며허증 1종 대형 운전연습 길경로 익히기 쿤변화,인문계
28981,4,4,4,4,4,4,4,5,4,5,4,4,3,4,3,3,4,3,4,4,3,4,4,4,4,4,5,4,4,4,4,5,4,4,4,4,4,4,4,4,4,4,4,4,4,4,4,3,4,4,4,4,3,4,4,4,4,4,4,4,4,4,3,4,3,3,2,3,3,4,2,3,3,4,3,3,3,3,3,3,3,4,2,3,4,5,3,4,4,3,4,3,3,3,3,4,3,3,4,4,3,18,1,2,2,2,0,7,2,3,4,3,4,3,3,4,5,4,4,4,4,4,4,4,3,4,3,4,3,3,3,4,4,3,4,3,3,4,4,4,4,3,2,2,2,2,2,2,2,2,2,1,2,2,2,2,1,6,5,6,5,6,5,9,7,7,1,32,3,1,3,2,50,0,500,0,416201,무대 줄어듬,연극영화
28982,4,6,5,6,3,5,4,6,5,7,4,6,4,6,3,5,5,6,4,5,4,6,3,5,4,6,3,5,4,6,4,5,4,6,4,6,3,5,5,6,4,5,4,5,5,6,4,5,4,6,3,5,5,6,5,6,4,6,4,6,3,5,4,6,4,6,4,6,5,6,4,6,4,6,4,5,4,6,4,5,3,4,3,5,5,7,4,4,5,4,4,5,4,1,4,4,3,4,5,4,4,10,1,2,1,2,0,3,5,5,4,4,4,4,3,3,3,3,4,3,2,4,4,3,4,5,4,3,4,4,4,4,3,4,5,3,4,5,3,4,4,3,2,2,2,2,2,2,2,2,2,3,4,3,3,3,2,7,5,6,4,8,8,7,5,3,1,37,4,1,1,1,40,4500,4300,0,131203,전자응용기술사 전파통신기능사 차세대 통신 발전 통신 발달 수요 증가,컴퓨터공학
28983,5,5,4,5,4,5,4,5,4,5,4,5,4,5,4,6,4,6,4,6,4,6,4,6,4,5,4,5,4,6,4,3,4,4,3,3,5,4,4,4,4,5,2,4,2,3,4,6,4,6,4,5,4,6,4,6,4,3,4,5,4,5,4,5,4,4,4,5,4,5,4,4,4,4,4,5,4,5,2,2,4,4,3,4,2,3,3,3,4,2,4,3,3,3,3,3,3,3,2,3,4,13,2,3,2,1,2,6,6,4,4,4,4,4,4,5,5,5,5,5,2,4,4,2,2,3,3,3,4,3,4,4,3,3,2,2,3,4,2,3,4,4,2,2,2,2,2,2,2,2,2,1,3,3,3,3,1,4,4,4,3,3,4,2,2,5,1,40,5,1,1,1,50,5300,2500,0,156101,외국어 관련 산업 직종,섬유공학
28984,5,5,4,4,4,5,4,4,4,4,4,5,3,4,4,4,4,3,4,4,4,4,3,4,3,4,3,4,3,4,4,4,4,4,4,4,3,4,3,4,4,4,3,4,3,4,3,4,4,4,3,4,3,4,4,4,3,5,3,4,3,4,3,4,4,3,5,4,4,3,4,3,4,4,3,2,3,2,4,3,4,3,4,3,3,3,3,3,5,3,5,4,5,4,4,5,5,5,5,4,5,11,1,4,1,2,0,7,5,3,3,3,3,3,3,4,4,4,4,4,3,3,3,4,4,4,4,4,4,4,3,4,3,3,3,3,3,3,3,3,3,4,2,2,2,2,2,2,2,2,2,2,2,3,2,3,2,5,5,6,6,5,5,6,6,6,1,40,4,1,1,1,55,4800,3000,0,31501,손해사정사 대체 가능 기술 발달,기계
28985,4,4,4,6,4,5,4,5,4,6,4,5,3,4,3,5,4,5,4,5,3,3,3,4,4,4,4,5,4,5,4,5,4,5,4,5,4,4,5,6,4,6,5,7,4,6,4,6,3,5,4,5,4,5,4,5,3,5,4,6,3,5,4,5,4,5,4,5,4,5,4,5,4,5,4,5,4,5,4,5,4,5,4,5,4,5,4,5,4,4,4,5,4,4,5,4,5,4,4,5,4,17,1,1,1,2,0,6,6,4,5,4,5,4,4,4,9,9,4,4,2,5,4,4,5,4,4,4,5,4,4,4,5,5,4,4,5,4,4,4,4,4,2,2,2,2,2,2,2,2,2,1,3,3,3,3,2,8,7,6,3,2,3,7,6,5,2,56,5,2,5,1,40,0,0,4000,301108,의사면허증 신종 질병 아동 건강 우려 때문,소아과전문의
28986,4,6,2,2,2,2,3,4,4,5,5,6,3,4,2,3,2,3,3,4,2,3,1,0,3,4,3,4,2,3,3,4,4,5,3,4,1,0,2,3,3,4,3,4,4,4,1,0,1,0,3,4,3,4,3,4,4,6,5,5,2,3,4,6,3,3,2,2,3,4,3,3,2,2,1,0,1,0,1,0,1,0,1,0,2,3,2,2,4,3,3,4,4,5,4,3,3,4,2,4,3,3,1,2,1,2,0,4,5,3,4,4,4,4,4,4,4,4,4,4,4,4,4,4,4,3,3,3,4,3,3,4,4,4,3,3,4,3,3,3,4,4,2,2,2,2,2,2,2,2,2,1,3,3,3,3,2,2,3,3,7,3,2,2,3,6,1,43,4,1,1,1,40,5000,3000,0,154102,화공기사 변화,화학공학
28987,3,4,4,5,2,1,3,3,2,2,2,2,2,2,3,3,3,4,2,2,2,1,3,3,3,4,2,1,2,3,3,4,2,2,2,1,3,4,4,5,4,5,3,4,4,5,2,2,3,4,2,2,2,3,2,2,3,4,2,2,2,2,3,3,2,2,2,2,2,3,3,4,2,2,4,5,3,4,3,4,3,3,4,5,2,2,3,3,4,3,2,3,4,3,2,4,3,2,3,2,3,9,1,3,2,2,0,2,2,3,2,2,4,3,2,3,2,4,4,3,3,4,2,2,3,4,4,3,4,2,4,4,3,2,3,2,3,4,3,2,4,5,2,2,2,2,2,2,2,2,2,4,2,2,2,3,1,7,8,7,6,4,3,3,3,6,2,46,2,1,1,1,56,3000,2100,0,532301,단순 반복 업무,이과
28988,3,3,2,2,2,2,1,0,1,0,1,0,1,0,2,2,2,2,2,2,1,0,1,0,2,3,1,0,1,0,1,0,1,0,1,0,1,0,2,3,1,0,1,0,1,0,1,0,1,0,1,0,1,0,1,0,2,2,1,0,2,3,1,0,4,3,3,3,2,2,2,2,1,0,1,0,1,0,2,2,2,2,2,2,2,2,1,0,2,3,4,3,3,3,3,3,3,2,3,2,3,17,1,2,1,2,0,6,3,3,3,2,4,3,4,3,3,4,4,3,3,3,2,3,3,4,3,2,3,3,3,4,3,3,4,4,3,5,4,3,3,4,2,2,1,2,2,2,2,2,2,3,2,3,3,3,2,7,7,7,4,4,5,4,4,4,1,32,4,1,1,1,40,3800,3300,0,306201,방사선사 소프트웨어 업데이트 기계화 자동화 역할,방사선
28989,3,5,4,5,4,6,4,6,4,5,3,6,1,0,4,5,4,4,3,4,4,6,4,5,3,4,1,0,1,0,4,5,1,0,1,0,4,5,4,6,4,5,1,0,3,4,1,0,4,5,1,0,4,6,4,6,4,5,4,6,2,2,4,5,4,6,4,5,4,6,5,7,1,0,4,6,4,5,4,5,5,6,4,6,4,5,4,4,4,2,2,2,3,2,3,3,3,2,2,3,4,3,1,3,2,2,0,7,2,4,4,4,4,4,3,4,3,4,4,4,2,4,4,4,5,4,4,3,4,2,3,5,4,3,5,5,4,5,5,2,5,5,2,2,2,2,2,2,2,2,2,2,2,3,3,3,2,7,8,7,5,6,6,6,5,5,1,41,2,1,1,1,40,3500,2300,0,861301,자동화 시설 확대 감소,인문계
28990,2,3,3,3,2,3,3,3,2,3,3,3,3,3,3,3,2,3,3,3,2,2,3,3,4,3,3,4,2,3,3,3,2,3,2,1,3,3,4,4,3,2,3,3,2,3,3,3,2,2,1,0,2,3,3,3,2,3,3,4,3,4,3,3,2,3,3,3,3,4,4,4,3,2,3,4,2,3,3,3,2,3,3,4,3,3,2,2,3,4,2,5,4,1,5,4,2,1,3,2,3,3,1,3,2,1,1,2,2,3,4,3,5,5,4,4,3,4,4,3,3,4,3,3,2,4,4,3,3,2,4,2,2,3,3,3,4,4,3,4,4,4,2,2,2,2,2,2,2,2,2,2,2,2,2,2,1,7,7,6,5,4,4,6,6,5,1,32,3,1,1,1,40,4000,3600,0,826301,직무교육 자동화 대형화 증가,기계
28991,2,2,4,4,1,0,2,3,1,0,1,0,1,0,2,3,2,3,2,3,1,0,2,2,5,4,1,0,1,0,3,3,1,0,1,0,1,0,2,2,1,0,2,2,3,3,1,0,1,0,1,0,1,0,1,0,2,2,1,0,1,0,1,0,1,0,2,2,1,0,1,0,1,0,3,3,4,3,3,3,4,5,3,4,4,4,2,3,2,2,3,2,2,1,2,3,2,1,2,3,2,8,1,4,2,2,0,7,1,2,2,1,2,2,2,2,1,3,3,3,5,2,2,3,3,3,4,2,2,3,2,5,4,3,3,4,3,4,2,2,5,3,2,2,2,2,2,2,2,2,2,1,2,3,3,3,2,8,7,9,5,7,8,9,5,2,1,39,2,1,1,1,44,3000,2300,0,624301,근로 환경,인문계
28992,5,6,5,6,5,7,5,7,5,7,4,6,2,3,3,5,4,6,5,7,5,6,5,7,5,7,4,5,5,7,5,7,5,6,5,6,5,7,5,6,5,6,5,7,5,6,5,6,4,6,5,5,4,6,5,7,5,6,5,6,3,5,3,4,3,4,4,6,5,6,5,6,4,6,5,6,5,7,5,2,4,6,4,6,4,5,3,5,3,3,4,3,3,3,3,3,3,4,3,3,3,15,2,5,1,2,0,5,7,3,4,3,4,4,4,3,3,3,4,4,4,4,4,3,3,3,3,3,3,3,5,3,3,3,2,3,3,3,4,4,4,4,2,2,2,2,2,2,2,2,2,2,3,3,3,3,2,2,3,5,5,7,5,3,2,5,1,44,6,1,1,1,40,4500,3000,0,122104,박사학위 근무 한정,수산학
28993,1,0,2,3,1,0,1,0,1,0,1,0,1,0,1,0,2,3,3,4,1,0,1,0,1,0,2,3,1,0,2,3,1,0,1,0,1,0,1,0,1,0,1,0,2,3,1,0,1,0,1,0,1,0,1,0,1,0,1,0,1,0,1,0,2,4,2,3,1,0,1,0,1,0,2,3,3,4,2,3,2,4,2,3,2,3,2,3,3,3,4,3,3,2,3,3,4,3,3,3,3,8,1,5,2,2,0,7,2,4,3,3,4,3,3,3,4,3,3,3,3,3,3,3,4,3,3,3,3,4,4,3,4,4,3,3,4,4,3,2,3,4,2,2,2,2,2,2,2,2,2,2,3,2,3,3,1,4,4,6,5,4,6,4,5,4,1,47,4,1,1,1,46,4899,4100,0,28202,고용 안정 편이,전기학
28994,3,4,3,4,3,3,3,3,3,3,2,3,2,2,2,2,3,3,2,2,1,0,2,2,2,2,2,2,3,3,2,2,3,3,4,5,3,3,3,3,3,4,3,3,3,3,3,3,2,3,3,2,2,3,2,2,3,3,3,3,2,2,4,4,3,3,4,4,4,4,4,4,2,2,3,3,3,4,3,2,4,4,3,3,3,3,3,3,4,3,3,2,4,1,4,4,3,3,4,3,4,1,4,1,2,2,0,5,2,4,3,2,4,4,4,4,9,9,9,4,2,3,3,2,2,3,3,4,3,3,3,4,3,3,3,3,4,4,3,4,4,4,2,2,2,2,2,2,2,2,2,1,3,3,3,3,2,6,5,4,5,6,5,3,4,5,1,46,3,2,6,1,45,0,0,5000,901201,항상 먹거리 변화 예상,원예
28995,3,4,4,5,5,5,4,4,1,0,3,5,3,3,3,4,4,3,1,0,3,3,1,0,5,5,3,3,3,3,3,3,2,3,1,0,3,3,4,5,4,4,2,3,4,4,1,0,1,0,1,0,4,4,2,4,1,0,1,0,2,5,1,0,3,3,3,4,3,3,3,5,1,0,3,4,1,0,1,0,3,3,2,3,2,2,2,3,5,4,2,4,4,3,4,4,4,5,3,4,4,17,3,6,1,1,6,6,5,4,4,4,4,4,3,4,4,5,4,4,4,4,4,4,5,4,3,4,4,4,3,4,4,4,3,3,4,4,4,3,3,2,2,2,2,2,2,2,2,2,2,2,4,3,2,2,2,5,6,3,6,3,2,4,6,6,1,37,5,1,1,1,40,8500,7000,0,301109,의사면허 방사선사 인턴 레지던트 과정 건강 대한 관심 증가,의학
28996,3,3,3,4,3,3,3,3,2,5,2,5,1,0,5,6,3,3,3,6,2,6,3,5,4,6,4,5,3,5,3,7,3,3,2,5,3,2,4,5,4,4,2,5,5,4,1,0,1,0,1,0,2,3,1,0,1,0,2,3,2,2,1,0,3,4,2,3,4,3,5,4,4,5,1,0,4,6,5,6,1,0,2,4,3,3,2,3,3,3,2,3,4,4,4,1,3,2,1,4,4,15,2,6,1,2,0,4,3,4,5,5,4,3,3,2,3,5,5,3,1,5,4,3,3,2,4,1,5,3,4,5,3,4,3,3,4,5,3,4,5,5,2,2,2,2,2,2,2,2,2,2,3,3,2,2,2,8,7,8,7,7,8,7,7,6,1,50,3,1,1,1,50,8000,3800,0,621301,철도운전 면허 2종 상태 유지,철도운전제어
28997,3,4,4,5,3,3,2,3,2,3,2,2,5,6,3,4,3,4,4,5,3,4,2,2,4,4,4,5,4,5,4,5,4,4,3,4,3,4,2,2,4,4,4,5,3,4,3,4,3,4,4,5,3,4,4,4,4,5,4,5,3,5,3,4,3,4,3,4,4,5,3,4,4,5,3,4,4,4,4,4,2,3,2,2,3,4,3,3,4,5,4,4,4,4,3,4,4,4,5,4,4,18,1,2,2,2,0,2,4,4,4,3,2,4,3,4,9,9,9,4,3,2,3,3,3,2,4,3,3,3,3,4,5,5,4,4,3,4,4,3,3,3,2,2,2,2,2,2,2,2,2,1,2,1,1,1,1,6,6,4,4,5,4,7,5,6,1,36,5,1,3,2,40,3000,3000,0,416104,코로나 불황,광고홍보학
28998,5,6,5,6,4,6,4,5,4,5,4,6,4,6,4,5,5,6,4,5,4,6,5,7,4,6,4,5,5,5,4,6,4,5,4,5,4,5,4,5,5,5,4,5,4,4,3,4,3,2,4,5,3,5,3,4,3,4,2,2,4,4,3,4,3,3,3,3,3,3,3,4,3,4,4,5,3,4,3,4,4,5,3,4,2,3,2,4,4,5,1,3,4,2,4,3,3,4,4,4,3,17,1,4,1,1,2,2,4,4,4,4,4,4,2,2,3,4,4,3,2,4,4,4,3,3,4,2,4,3,4,4,4,4,4,4,4,4,4,4,4,4,2,1,1,1,2,1,1,2,2,1,5,1,2,2,2,7,3,3,2,2,3,7,8,8,2,53,5,1,1,1,40,2800,2600,0,301004,간호사면허증 보수교육 서비스교육 컴퓨터교육 의료기기 작동 방법 숙지 구약 투약 방법 대해 간호 기계 대신 인력,산업보건학
28999,5,6,5,6,3,4,5,7,3,4,4,5,3,4,3,4,5,7,3,4,3,4,4,5,4,5,4,5,2,3,2,3,2,2,1,0,3,4,1,0,1,0,1,0,2,3,1,0,1,0,1,0,1,0,1,0,1,0,1,0,1,0,1,0,1,0,1,0,1,0,1,0,1,0,1,0,1,0,1,0,1,0,1,0,3,4,4,5,4,4,4,3,4,5,4,5,3,4,4,3,3,18,1,6,2,2,0,3,2,4,4,4,5,5,4,3,3,3,4,3,3,4,4,3,2,3,2,4,4,5,2,5,5,4,4,5,5,5,5,4,4,4,2,2,2,2,2,2,2,2,2,2,3,1,1,1,1,8,4,4,1,1,5,7,2,3,2,34,4,1,1,1,40,3000,2400,0,416205,목소리 변화 기계로 것임,국어국문학
29000,4,5,3,4,5,7,3,4,5,7,4,5,4,6,5,7,3,4,3,4,5,7,4,5,4,5,4,5,3,4,3,5,3,5,3,4,3,4,2,3,4,5,4,5,3,4,3,4,4,5,3,4,5,7,4,5,4,5,4,5,5,7,3,4,4,6,4,5,3,4,3,4,4,5,3,4,3,4,2,3,2,3,2,2,2,3,2,3,4,3,3,3,4,3,4,3,3,4,4,3,4,3,1,2,2,2,0,6,5,4,4,5,4,5,4,3,4,4,4,4,2,4,3,2,3,3,2,4,4,4,3,4,4,5,5,4,4,5,4,4,5,3,2,2,2,2,2,2,2,2,2,2,3,2,2,2,1,1,1,1,2,2,5,8,2,1,1,46,5,1,1,1,40,5800,2800,0,151108,변동 직종,해양공학
29001,1,0,4,5,1,0,2,3,1,0,3,4,5,5,4,4,4,5,4,4,2,3,3,4,4,5,5,5,3,4,3,4,4,5,4,4,2,4,3,3,4,4,4,4,5,5,2,4,4,4,5,6,4,4,4,4,4,5,4,5,2,3,2,3,3,4,4,4,5,5,4,5,3,3,4,5,5,5,3,3,4,5,3,4,3,4,2,3,4,4,2,3,4,2,2,5,3,4,4,3,2,18,1,2,2,2,0,5,4,3,3,4,4,5,3,4,3,3,4,4,4,4,4,5,3,2,5,4,3,3,4,4,3,3,4,4,4,4,2,3,4,4,2,2,2,2,2,2,2,2,2,1,3,2,2,2,1,6,5,6,5,3,3,4,4,5,1,29,2,1,1,1,40,2500,2000,0,416401,상태 유지,인문계
29002,3,5,4,6,4,4,2,2,1,0,5,4,1,0,4,2,3,2,3,2,4,2,2,2,4,3,4,4,2,2,4,2,1,0,1,0,3,2,3,3,4,2,2,2,3,3,1,0,4,2,1,0,5,4,3,4,4,4,2,4,4,3,2,3,4,4,3,3,4,3,5,4,2,4,1,0,2,3,1,0,1,0,1,0,3,2,2,2,4,3,5,4,4,5,3,4,4,5,3,4,4,13,1,2,1,2,0,2,4,5,5,4,5,5,4,4,5,5,4,5,2,5,4,4,5,5,3,4,5,5,4,5,4,4,5,3,4,3,5,4,5,4,2,2,2,2,2,2,2,2,2,2,4,3,3,3,2,6,3,8,4,7,7,7,3,4,1,30,4,1,1,1,40,3000,3000,0,155501,산업위생관리산업기사 수질환경기사 환경 대한 관심 요도,환경공학
29003,2,2,2,2,1,0,2,2,2,2,1,0,1,0,1,0,3,3,4,5,2,2,1,0,1,0,1,0,1,0,2,2,1,0,1,0,1,0,4,5,1,0,1,0,3,4,1,0,1,0,1,0,1,0,1,0,1,0,1,0,1,0,1,0,1,0,1,0,1,0,1,0,1,0,2,2,2,2,3,3,3,3,2,2,3,4,2,2,2,3,4,4,3,2,3,3,2,3,3,3,3,9,1,1,1,2,0,7,2,3,2,1,3,2,2,3,9,3,3,3,3,2,2,4,5,4,4,4,5,5,2,4,5,4,4,5,4,4,5,4,4,4,2,2,2,2,2,2,2,2,2,1,4,1,1,1,1,3,4,5,4,4,4,5,4,4,1,39,2,1,1,1,40,3800,2800,0,532401,오토바이 배달 증가,기계
29004,4,5,3,4,2,2,5,5,3,3,2,2,1,0,3,3,3,3,1,0,1,0,5,6,4,5,4,5,4,5,2,2,1,0,1,0,5,6,3,4,3,3,3,3,1,0,1,0,1,0,1,0,2,2,1,0,1,0,1,0,3,4,1,0,1,0,1,0,1,0,1,0,2,2,1,0,1,0,1,0,1,0,1,0,2,3,1,0,4,4,2,3,4,3,3,3,3,2,4,3,2,16,5,2,1,2,0,2,3,3,4,3,4,4,5,3,3,4,4,4,3,3,2,3,3,2,3,2,3,4,2,4,4,4,4,3,4,4,3,3,4,3,2,2,2,2,2,2,2,2,2,2,3,2,2,3,1,4,3,4,5,4,4,4,4,3,1,39,2,1,1,1,40,2700,2100,0,214301,자동차운전면허 기능검정원 성인 인구 감소,문과
29005,4,5,3,5,3,5,3,5,3,5,3,5,4,6,3,5,4,5,3,4,2,4,3,5,4,5,3,5,4,5,3,5,3,5,3,5,3,5,3,5,3,5,3,4,3,5,2,4,2,4,4,5,3,5,2,4,2,4,3,5,2,4,3,5,3,5,3,4,3,5,4,5,2,4,3,5,3,5,3,4,3,4,3,5,4,5,4,5,4,4,3,4,4,4,4,4,3,4,4,4,4,3,1,2,2,2,0,4,2,3,3,3,4,4,3,4,3,4,4,4,2,4,3,4,3,4,4,3,4,4,4,4,4,4,4,5,4,5,4,4,4,3,2,2,2,2,2,2,2,2,2,2,3,2,2,2,2,4,4,5,6,5,6,6,5,4,1,37,4,1,1,1,48,3300,2000,0,28401,기계 대신,기계공학
29006,2,2,1,0,2,2,1,0,1,0,4,4,2,3,4,5,4,5,4,5,1,0,1,0,1,0,1,0,1,0,3,4,3,4,1,0,5,6,1,0,1,0,1,0,1,0,1,0,3,4,1,0,3,3,3,4,1,0,1,0,3,4,3,4,3,3,3,4,1,0,1,0,3,4,1,0,1,0,1,0,1,0,1,0,4,5,1,0,5,4,3,4,5,4,4,4,2,5,3,3,4,13,3,2,2,2,0,7,5,4,3,4,4,4,3,5,5,4,4,5,3,4,3,5,3,3,4,4,4,5,4,4,4,4,5,5,4,5,4,4,5,3,2,2,2,2,2,2,2,2,2,2,2,3,3,3,2,2,2,1,2,2,1,9,8,8,2,33,4,1,1,1,40,3800,2600,0,24203,발달 음성 기능 대체 조사,사회학
29007,5,6,5,6,4,5,5,6,4,5,5,6,4,6,5,6,5,5,4,5,4,5,5,5,5,5,4,5,4,5,4,5,4,5,3,4,5,5,5,5,5,5,4,5,3,4,3,4,3,4,4,4,3,4,3,2,3,2,2,2,2,4,2,3,5,5,3,5,4,5,5,5,3,4,4,5,4,5,5,5,2,3,3,4,5,4,5,4,4,4,2,3,4,4,4,4,4,5,4,4,3,15,2,6,1,1,3,3,5,4,3,3,4,5,3,4,4,5,5,4,2,4,4,5,4,3,3,2,4,2,4,4,4,4,4,4,4,5,4,4,5,4,2,2,2,2,2,2,2,2,2,1,4,1,1,3,1,6,6,4,4,4,4,5,4,4,1,45,4,1,1,1,40,6000,3000,0,621403,철도교통관제 자격증 신호 차량 통신 전반적인 이론 콘솔 조작방법 최근 경전철 건설 자격 관제 업무 수행 가능,기계공학
29008,3,3,2,3,4,5,2,2,1,0,2,3,5,6,4,4,3,4,5,4,2,2,2,2,3,5,1,0,1,0,4,5,2,4,4,5,2,3,3,5,3,4,2,3,4,4,2,3,1,0,1,0,1,0,1,0,1,0,1,0,5,4,4,4,1,0,1,0,1,0,1,0,1,0,5,5,2,4,3,3,1,0,1,0,5,4,2,2,4,3,5,3,3,3,3,4,4,4,3,2,4,13,4,1,2,2,0,5,5,4,3,3,3,3,3,3,9,9,9,3,1,4,5,4,3,2,3,3,3,3,2,4,3,3,2,2,2,4,3,2,5,4,2,2,2,2,2,2,2,2,2,2,4,3,3,2,2,8,5,5,2,2,5,9,2,3,2,41,4,2,6,1,40,0,0,3600,415404,기업 디자인 경영 디자인 마케팅 투자,시각디자인학
29009,4,5,4,5,3,4,4,5,4,5,4,5,5,5,3,4,3,4,4,5,4,5,4,5,4,5,4,5,4,4,4,5,3,4,3,4,4,5,3,4,3,4,3,5,4,5,4,5,4,5,4,5,3,4,4,5,4,5,4,5,4,5,4,5,4,5,4,5,4,5,4,5,4,5,4,5,4,4,4,5,3,4,3,4,4,5,3,4,4,4,4,4,3,3,3,4,4,4,3,3,3,10,1,5,1,1,1,2,4,3,3,3,4,3,3,4,3,3,4,4,3,3,3,3,4,4,3,3,4,3,3,3,4,4,3,3,4,3,3,3,3,3,2,2,2,2,2,2,2,2,2,2,2,2,2,2,1,6,6,7,7,7,7,6,6,6,1,31,3,1,1,1,40,3500,2300,0,134101,정보처리산업기사 업무교육 기술 발달,컴퓨터공학
29010,2,3,4,3,3,3,4,4,1,0,2,2,1,0,3,4,2,2,2,3,3,3,2,3,2,4,4,5,4,3,3,2,4,2,1,0,3,4,2,4,2,2,4,3,2,2,1,0,2,3,1,0,3,2,1,0,2,3,1,0,3,3,4,5,1,0,3,3,2,2,3,4,1,0,2,3,1,0,1,0,1,0,2,3,2,5,2,4,5,4,3,4,3,4,2,3,4,3,3,5,4,19,1,2,1,2,0,6,4,4,4,4,4,3,4,4,3,4,4,4,4,3,4,3,4,4,3,4,4,4,4,3,4,4,3,4,3,4,3,4,3,3,2,2,2,2,2,2,2,2,2,3,4,3,3,3,2,5,6,3,6,5,5,4,5,5,2,33,3,1,1,1,40,3000,2400,0,306902,청능사 현대 청각 문제 경향,작업치료학
29011,3,3,3,3,3,2,3,2,1,0,1,0,1,0,2,2,1,0,1,0,1,0,5,6,3,3,3,3,3,5,3,4,3,3,3,3,4,4,2,4,2,1,1,0,1,0,2,1,2,1,1,0,1,0,1,0,1,0,1,0,1,0,1,0,1,0,1,0,1,0,1,0,1,0,1,0,1,0,1,0,2,1,2,1,2,1,2,1,4,3,2,3,3,4,4,4,3,3,3,3,4,19,3,3,1,2,0,7,5,3,4,4,4,3,4,4,4,3,4,4,3,4,3,2,2,4,3,3,4,4,3,4,4,3,3,2,2,4,2,3,3,3,2,2,2,2,2,2,2,2,2,3,3,1,2,3,1,6,7,5,5,6,5,5,5,5,2,40,4,1,1,1,40,3000,2300,0,231301,청소년지도사1급 청소년 대한 관심 프로그램 증가,사회복지학
29012,4,5,3,5,3,5,4,4,4,5,4,5,4,4,3,4,3,4,4,4,3,4,5,5,4,5,3,4,4,5,3,4,4,4,4,5,3,4,4,4,5,5,4,4,4,5,3,4,4,5,3,5,3,5,4,5,5,5,4,6,4,5,3,5,4,4,4,5,5,6,4,5,4,5,4,5,4,4,4,5,4,4,4,5,4,4,4,4,4,3,4,4,3,4,4,4,3,4,3,4,4,6,4,1,1,2,0,2,2,4,5,4,4,3,4,4,9,9,9,4,3,4,3,4,4,3,4,3,4,4,4,4,3,4,3,4,4,4,3,4,3,3,2,2,2,2,2,2,2,2,2,2,2,2,2,2,2,6,7,6,6,7,4,7,7,6,1,57,2,2,6,1,46,0,0,5200,701602,문화재수리기술자격증 집착 날로 날로 트렌드 감소,이과
29013,2,3,2,3,2,2,4,5,3,4,3,4,3,4,3,4,3,3,4,4,3,4,3,4,4,5,3,4,3,4,3,5,3,4,3,5,2,3,5,6,3,4,3,4,3,4,2,3,4,5,4,5,4,5,3,4,4,5,3,4,4,4,3,4,3,4,2,3,3,4,3,4,2,3,3,3,3,3,4,5,3,4,3,4,4,5,4,5,4,3,3,3,4,3,3,3,2,3,3,3,3,7,1,1,2,2,0,7,2,3,3,3,3,3,3,2,3,4,4,3,3,3,3,4,3,3,3,3,4,3,3,2,3,4,4,3,4,3,3,3,3,2,2,2,2,2,2,2,2,2,2,2,2,2,2,2,1,8,7,6,3,3,4,7,3,4,2,47,2,1,1,1,40,2000,1200,0,614001,인터넷 구매 매장 감소 철수,문과
29014,5,6,4,6,4,5,5,6,4,5,4,6,4,4,3,4,4,5,3,4,4,5,4,5,4,6,5,6,4,5,4,5,4,5,4,5,4,6,4,5,4,6,4,6,4,5,1,0,5,4,4,3,4,5,4,5,3,4,3,4,4,6,4,5,4,5,3,4,3,4,3,4,4,6,4,5,4,5,4,5,4,5,1,0,3,4,3,4,4,3,4,4,4,4,4,4,4,4,4,3,3,6,1,5,2,2,0,2,5,4,4,4,4,4,4,4,9,4,4,4,2,4,4,4,5,4,3,3,4,4,4,4,4,5,4,4,4,3,4,4,3,4,2,2,2,2,2,2,2,2,2,2,1,3,3,3,2,3,4,3,3,7,5,3,8,5,1,29,4,1,1,1,40,2500,1800,0,26401,전산 시스템 도입,경영학
29015,3,3,3,5,2,3,4,5,1,0,1,0,2,3,2,2,4,6,1,0,3,3,2,3,4,3,3,4,3,3,2,2,2,2,3,3,2,2,2,3,2,3,3,4,3,3,2,3,1,0,2,3,1,0,1,0,1,0,1,0,1,0,1,0,2,2,1,0,1,0,1,0,2,2,2,2,2,1,1,0,3,5,3,3,3,3,3,3,4,3,3,3,3,3,3,4,3,2,3,2,3,18,4,1,2,2,0,4,1,4,3,4,4,3,4,3,9,9,9,3,3,4,4,2,3,3,2,3,3,4,4,4,4,4,5,3,4,4,3,4,3,5,2,2,2,2,2,2,2,2,2,1,4,3,2,2,1,6,5,4,4,5,5,7,5,5,2,38,4,1,4,2,55,2900,2400,0,416201,영화 미디어 산업 발달,연극영화
29016,3,5,4,5,3,5,2,4,3,5,4,6,4,5,5,6,3,5,3,5,4,6,4,6,4,6,5,6,2,4,3,5,3,5,2,5,5,6,3,5,5,6,4,6,4,5,3,5,4,5,4,6,5,6,5,6,5,6,5,6,4,6,4,6,5,6,5,6,5,6,5,6,5,6,4,6,4,6,2,4,4,6,3,5,3,5,2,4,4,5,4,4,5,5,4,4,4,5,5,5,5,16,5,5,1,2,0,5,5,4,4,4,4,5,4,4,4,4,4,4,3,3,3,5,4,2,3,1,2,4,4,5,4,3,2,2,3,4,3,3,4,4,2,1,2,1,2,1,2,2,2,2,4,1,1,1,1,5,4,4,5,4,5,5,6,5,1,39,4,1,1,1,45,4700,3000,0,134302,정보통신기사 클라우드 컴퓨팅 재도입 확산 빅데이터 클라우드 환경 확대,컴퓨터공학
29017,5,5,4,5,3,3,4,5,4,4,2,4,3,3,2,3,3,4,4,4,4,4,2,3,5,4,2,3,3,3,2,4,2,4,2,4,3,3,4,4,4,3,2,3,4,3,2,3,3,3,2,2,4,3,2,3,3,4,3,3,3,4,3,4,4,4,3,3,4,4,3,3,3,4,5,4,3,4,4,5,4,4,2,4,4,5,2,4,3,4,4,4,3,2,5,2,3,3,4,3,4,3,1,3,1,1,3,6,2,4,4,3,3,4,3,3,4,4,4,4,4,3,4,3,2,3,4,3,3,2,3,5,3,2,3,3,2,3,3,2,5,3,2,2,2,2,2,2,2,2,2,3,4,3,3,3,2,9,8,4,3,4,7,3,5,6,1,41,2,1,1,1,53,4000,2900,0,836001,산업기사자격증 전기기능사 자동화 설비 품질 검사에 대한 교육 스마트 공장 확대 제어 인력 추가 고용,전기
29018,1,0,1,0,1,0,2,4,2,4,2,4,3,5,3,6,2,5,2,6,2,5,3,6,3,5,3,5,2,4,2,6,2,6,3,5,3,5,2,5,3,5,2,4,1,0,2,6,2,6,3,6,3,6,3,6,4,5,4,6,1,0,4,5,4,5,4,5,3,5,3,6,3,5,5,6,4,6,3,5,5,6,4,4,3,5,2,3,4,4,3,3,4,2,3,4,3,3,3,3,3,3,1,2,2,2,0,4,2,3,3,3,4,3,3,3,3,4,4,3,3,2,2,4,2,2,3,1,2,3,4,4,3,3,2,2,3,3,2,3,4,4,1,2,1,1,2,1,2,2,2,2,2,3,3,3,2,8,7,9,4,3,4,8,5,3,1,30,3,1,1,1,48,3000,2100,0,883101,기존 제품 안전성 문제 검토 설계 가구 수요 감소,호텔경영학
29019,4,4,4,4,4,4,4,4,4,4,4,4,5,5,4,4,4,4,4,4,4,4,4,4,4,4,4,4,4,4,4,4,4,4,4,4,4,4,4,4,4,4,4,4,4,4,4,4,4,5,4,4,4,4,4,4,4,4,4,4,4,5,4,4,4,4,4,4,4,4,4,4,4,4,4,4,4,4,4,5,4,4,4,4,4,4,4,4,4,4,2,4,4,4,4,4,3,4,3,4,4,7,4,1,1,1,3,4,2,4,3,4,4,4,2,3,9,9,5,5,3,4,3,4,4,4,5,4,4,3,3,4,3,4,4,3,5,5,4,2,4,5,2,2,2,2,2,2,2,2,2,2,3,2,2,3,2,7,3,6,4,6,5,5,6,4,1,53,2,2,6,1,60,0,0,7300,901401,원예기능사 종자채취 교육 사람 대한 관심,원예
29020,3,4,3,4,2,2,3,4,1,0,2,3,2,2,1,0,1,0,1,0,2,2,2,3,1,0,2,3,2,3,2,3,2,3,2,2,2,3,2,2,2,3,2,2,2,2,2,2,2,2,2,2,1,0,1,0,1,0,1,0,1,0,1,0,1,0,1,0,1,0,1,0,1,0,1,0,1,0,1,0,1,0,1,0,2,2,2,2,3,3,2,3,2,4,4,3,3,3,3,2,2,16,5,6,2,2,0,5,5,3,3,3,4,3,2,3,3,3,3,3,2,4,4,2,2,2,2,2,3,3,4,4,3,3,3,3,2,3,3,3,3,3,2,2,2,2,2,2,2,2,2,1,2,2,2,3,1,6,6,6,4,6,5,4,6,5,2,50,4,1,1,1,52,7000,6000,0,13203,출산율 감소 학생 감소 때문,교육학
29021,3,3,3,3,2,2,3,3,2,2,3,3,3,3,2,2,3,4,2,2,2,2,2,2,3,2,2,2,2,2,2,2,1,0,2,2,1,0,2,2,3,3,2,2,3,3,2,2,2,2,1,0,2,2,4,5,4,4,2,2,1,0,4,5,2,2,3,2,3,3,4,5,1,0,5,6,4,5,3,3,4,5,4,5,4,4,4,4,3,3,2,3,3,2,3,3,2,3,4,3,4,3,1,2,2,2,0,3,2,2,2,1,2,2,1,3,3,3,3,3,3,2,3,4,3,3,4,4,4,2,2,3,2,2,3,3,4,5,4,2,3,3,2,2,2,2,2,2,2,2,2,3,2,2,2,2,2,8,6,8,7,8,7,2,2,3,1,48,2,1,1,1,40,4000,2200,0,883201,근무 환경 기피,기계
29022,4,4,2,4,2,4,3,3,3,3,3,3,4,4,3,5,3,3,1,0,1,0,3,3,5,5,3,3,1,0,3,3,2,3,2,2,3,3,5,6,2,5,2,2,3,4,1,0,1,0,1,0,1,0,5,3,4,5,3,5,1,0,3,6,3,5,3,3,3,3,4,5,1,0,1,0,4,6,3,5,1,0,3,3,5,5,3,2,3,3,4,2,3,4,1,4,3,4,2,3,4,7,4,1,1,2,0,7,1,3,3,2,5,4,3,2,1,2,4,2,3,3,3,3,4,2,2,3,2,4,3,3,3,4,5,4,4,5,5,3,5,4,2,2,2,2,2,2,2,2,2,3,2,2,2,2,2,6,8,9,7,7,7,2,3,3,1,52,2,1,4,1,50,3400,2300,0,884201,귀금속기공기능사 자동화 기계,공고
29023,4,4,4,5,1,0,3,4,2,2,3,4,3,3,2,5,5,7,3,4,3,4,3,2,5,7,2,2,1,0,1,0,1,0,1,0,3,3,3,3,3,4,3,4,1,0,1,0,2,2,3,3,4,5,2,2,3,3,5,7,3,2,1,0,5,7,3,3,5,7,5,7,1,0,4,6,4,6,4,5,3,4,5,6,5,6,4,6,4,4,3,3,4,1,3,4,1,3,3,4,3,15,2,4,1,1,3,7,4,4,3,3,2,3,2,3,3,4,4,4,3,4,3,3,4,5,4,3,4,4,3,5,4,4,3,4,4,5,4,3,3,4,2,2,2,2,1,1,2,2,2,1,4,2,2,2,2,9,8,8,2,4,7,1,7,3,1,45,4,1,1,1,42,4800,2400,0,812102,항공정비사 정비 훈련 첨단 기능 장비 도입 정비 교육 훈련 체계 개편 항공 산업 활성화 발달 헬기 수요 증대,기계공학
29024,2,3,2,2,1,0,2,2,4,4,2,3,2,3,3,4,3,2,5,5,3,3,4,4,5,4,2,3,1,0,3,4,2,2,2,2,1,0,1,0,5,4,5,5,3,3,3,3,1,0,1,0,5,4,3,4,5,5,3,4,1,0,2,4,5,4,5,5,5,5,3,4,2,3,3,4,5,5,3,4,3,5,2,2,2,2,2,3,4,4,3,4,5,2,4,4,4,3,4,3,4,3,1,4,1,2,0,2,2,4,3,3,4,5,4,2,2,3,3,3,3,4,2,2,3,3,2,3,3,2,2,5,3,3,2,2,2,3,3,3,4,4,2,2,2,2,2,2,2,2,2,2,2,2,2,2,2,7,7,6,3,2,3,7,4,4,1,42,2,1,1,1,40,4200,3600,0,623001,기증기운전기능사 크레인운전기능사 건설 경기 둔화 영향,이과
29025,3,5,3,5,3,5,3,5,3,4,3,5,3,4,3,4,3,5,3,4,3,4,3,5,3,5,3,4,3,4,3,5,3,5,3,5,3,5,3,5,3,4,3,5,3,4,3,4,3,4,3,4,3,4,4,6,4,5,3,5,3,4,3,4,3,5,4,5,4,5,4,6,4,6,4,6,4,6,4,6,3,4,3,4,3,4,3,4,4,4,4,4,3,2,3,4,3,3,3,3,3,13,1,2,2,2,0,7,2,4,3,4,4,3,3,4,5,4,4,4,2,3,3,4,3,4,3,3,3,3,4,4,3,3,3,3,4,3,3,4,3,3,2,2,2,2,2,2,2,2,2,2,2,2,2,2,1,8,7,6,6,6,7,7,7,6,1,54,2,1,1,1,45,5700,3000,0,826101,자동화 일자리 감소,이과
29026,4,5,4,5,4,5,5,5,4,4,4,5,3,4,3,3,4,5,4,5,4,5,5,5,3,4,4,5,4,5,4,4,3,4,4,4,5,5,4,5,4,5,3,4,4,4,4,4,3,5,4,5,2,4,2,4,3,4,4,5,3,4,3,4,2,3,3,3,3,3,3,4,3,4,3,4,3,4,3,4,3,4,4,3,3,4,3,3,4,4,3,3,4,4,2,3,2,4,4,3,3,16,5,2,2,2,0,2,5,3,2,3,2,3,3,3,3,4,4,4,4,3,3,4,4,3,4,3,3,3,4,4,3,3,3,4,4,4,3,3,3,3,2,2,2,2,2,2,2,2,2,3,1,2,2,2,1,7,6,4,6,3,4,6,6,6,2,47,4,1,2,2,45,3500,2100,0,214501,출산율 감소 수요 감소,통계
29027,2,2,3,4,2,2,4,5,2,2,3,4,2,1,3,3,2,1,2,3,2,1,4,6,4,5,4,5,2,3,3,3,2,2,2,3,4,5,3,4,3,4,2,3,2,3,1,0,2,1,2,2,2,1,1,0,1,0,1,0,2,3,2,1,1,0,1,0,1,0,1,0,2,1,2,1,1,0,4,5,2,1,2,2,2,3,2,1,4,5,2,2,3,2,2,3,2,2,4,2,2,18,1,2,1,2,0,7,5,4,3,3,3,4,4,3,3,2,3,3,4,3,3,3,2,3,4,2,3,2,3,3,3,2,3,2,3,4,3,2,4,4,2,2,2,2,2,2,2,2,2,1,3,2,2,3,1,5,6,6,5,4,5,6,5,4,1,49,4,1,1,1,50,3200,2200,0,420401,수영2급 스포츠지도사 수상인명구조 기계 기록 측정,체육학
29028,5,7,5,7,5,7,5,7,5,6,5,7,4,6,3,4,5,7,2,3,2,2,5,6,3,4,4,5,5,6,4,6,4,5,4,4,5,7,4,5,4,4,2,3,4,6,2,3,3,4,5,6,4,5,4,4,3,3,2,2,5,6,3,3,3,3,2,2,2,2,1,0,2,2,1,0,1,0,1,0,1,0,1,0,4,6,4,6,3,5,3,4,5,4,5,2,4,5,4,4,3,16,5,4,2,2,0,6,7,5,4,5,5,5,4,4,3,3,4,4,2,4,4,4,5,4,3,4,4,3,4,3,4,5,4,5,4,4,4,3,4,4,2,2,2,2,2,2,2,2,2,1,3,3,3,3,1,1,2,1,2,1,2,2,1,2,1,60,6,1,1,1,40,15000,8000,0,13204,교육 인간 기본,교육학
29029,2,4,3,3,2,2,1,0,2,2,1,0,1,0,2,3,3,3,3,3,2,3,1,0,3,4,1,0,1,0,3,3,1,0,1,0,1,0,2,1,2,2,3,3,2,3,1,0,1,0,1,0,1,0,2,4,3,3,2,3,1,0,1,0,2,3,4,4,4,4,4,4,1,0,3,3,3,3,3,3,3,3,2,2,4,3,2,2,4,3,4,3,3,2,3,3,3,2,3,2,4,3,1,3,1,1,2,2,2,4,4,2,4,4,2,4,2,2,4,3,2,4,3,4,2,3,4,3,4,5,4,4,2,2,2,3,3,5,4,2,5,4,2,2,2,2,2,2,2,2,2,2,2,3,3,3,1,8,6,7,3,4,6,4,4,5,1,31,2,1,1,1,40,3300,2800,0,835201,전기기능사 전자산업기사 전기기능사 전기부품 생산기계 조작훈련 생산 설비 로봇 자동화 대형화 증가 인력 수요 감소,전기
29030,2,2,3,4,2,2,3,4,3,4,2,3,3,3,2,2,4,5,2,2,3,4,2,2,3,3,3,3,2,3,4,5,3,3,2,3,3,3,2,2,3,4,2,3,3,3,2,2,3,3,2,2,4,5,3,3,4,5,3,3,2,2,2,3,2,2,3,3,2,2,3,4,3,3,3,3,3,3,2,2,3,3,3,4,4,5,3,3,4,3,4,4,3,4,4,4,3,3,3,3,2,9,1,2,1,2,0,2,1,4,3,4,4,3,3,4,4,4,4,4,4,4,4,3,4,4,3,3,4,4,4,4,3,4,4,4,4,3,4,4,4,4,2,2,2,2,2,2,2,2,2,2,2,2,2,2,2,7,6,7,6,6,6,5,6,5,1,48,2,1,1,1,48,2300,2100,0,531301,중식조리기능사 인구 감소,상고
29031,4,5,5,5,2,4,3,3,4,5,3,5,3,4,2,3,1,0,1,0,3,4,4,6,3,4,4,5,3,4,3,5,1,0,1,0,4,4,4,4,3,4,3,3,2,2,3,4,1,0,4,5,1,0,1,0,1,0,1,0,2,3,1,0,1,0,1,0,1,0,1,0,4,4,1,0,1,0,1,0,1,0,1,0,2,3,1,0,3,4,2,4,4,3,5,3,4,3,4,4,4,16,5,3,1,1,1,6,5,4,3,3,5,5,4,4,4,4,4,4,2,4,4,4,3,4,2,3,3,3,3,4,4,4,3,3,4,4,4,3,4,4,2,2,2,2,2,2,2,2,2,1,2,2,2,3,1,5,7,7,7,7,5,4,5,6,2,51,5,1,1,1,40,8000,7000,0,13201,원감 자격증 원감 업무 교육 인구 감소 학교 감소,교육학
29032,3,3,3,3,3,3,3,4,1,0,1,0,1,0,3,2,2,1,1,0,1,0,3,3,3,2,4,4,3,4,2,1,2,1,2,1,3,2,2,1,2,1,3,2,3,3,3,2,3,3,2,2,1,0,1,0,1,0,1,0,1,0,1,0,1,0,1,0,1,0,1,0,1,0,1,0,1,0,1,0,1,0,1,0,1,0,1,0,4,4,3,4,5,5,5,1,3,4,4,3,4,16,5,2,1,1,2,6,5,4,4,3,3,4,4,3,9,3,3,3,2,4,4,3,3,3,5,2,3,3,3,4,4,4,3,3,3,4,3,3,4,3,2,2,2,2,2,2,2,2,2,1,1,1,1,3,1,4,5,5,4,5,7,4,6,6,1,57,4,1,1,1,40,8200,6600,0,13203,중등학교 1급 정교사 직무교육 인구 감소,체육교육
29033,2,3,4,4,2,2,5,6,4,4,3,4,2,3,3,4,3,4,4,4,3,3,3,3,3,4,4,4,5,5,5,5,5,5,4,4,3,4,5,6,4,4,4,5,4,5,2,2,3,4,2,2,1,0,1,0,1,0,1,0,4,4,3,3,3,3,2,2,1,0,2,3,3,3,3,3,2,3,3,3,3,4,2,3,2,3,2,3,4,4,3,4,3,3,2,4,2,3,3,4,3,17,3,2,1,1,3,4,4,4,4,4,4,4,4,4,4,4,3,4,3,3,3,3,4,4,4,3,3,3,3,3,3,4,4,4,4,4,4,4,4,4,2,2,2,2,2,2,2,2,2,2,3,3,3,3,2,6,6,6,6,4,5,8,7,8,2,43,3,1,1,1,45,3000,2000,0,232901,사회복지사 노인요양복지사 사회복지 현장실무교육 상황,사회복지
29034,4,4,4,4,3,4,3,3,2,2,3,3,1,0,2,3,3,5,2,3,3,3,4,4,2,2,3,3,3,4,2,3,1,0,3,3,2,2,3,3,3,3,3,3,3,3,3,3,3,3,3,3,3,3,2,2,1,0,2,2,4,4,4,4,4,4,4,4,1,0,1,0,3,4,4,5,3,4,1,0,1,0,1,0,2,2,2,2,4,3,4,3,4,4,3,3,4,3,4,4,3,3,1,2,2,2,0,7,4,3,4,3,4,4,4,3,9,3,4,4,4,3,4,3,4,4,3,4,4,4,4,3,4,4,3,4,4,3,4,4,4,4,2,2,2,2,2,2,2,2,2,1,2,2,3,1,2,3,4,3,4,5,5,4,3,4,2,29,4,1,3,1,52,2300,2000,0,29501,자동 시스템,심리학
29035,3,5,3,5,4,5,4,7,3,6,4,7,3,5,4,4,4,6,1,0,3,5,1,0,4,5,3,4,1,0,1,0,4,6,4,6,1,0,1,0,3,4,4,6,3,4,1,0,1,0,1,0,1,0,1,0,1,0,1,0,1,0,1,0,1,0,1,0,1,0,1,0,1,0,1,0,1,0,1,0,1,0,1,0,2,3,2,3,5,5,4,4,5,4,5,4,4,5,5,3,4,13,1,4,1,2,0,7,5,4,5,5,5,5,5,4,4,4,4,4,5,5,5,5,3,3,4,3,3,3,3,4,4,5,5,5,5,5,5,3,5,2,2,1,2,2,2,2,2,2,2,1,1,1,1,1,1,6,3,4,6,4,4,7,6,6,1,43,5,1,1,1,50,5500,5000,0,221401,변리사자격증 프로그램 인력 감소 전산 인구 감소 프로그램 발달 감소,경제학
29036,1,0,1,0,1,0,3,4,1,0,1,0,1,0,1,0,1,0,1,0,1,0,1,0,5,7,1,0,1,0,4,5,2,3,1,0,1,0,4,6,4,6,2,2,1,0,1,0,1,0,1,0,1,0,1,0,1,0,1,0,1,0,1,0,1,0,1,0,5,7,4,6,1,0,5,7,1,0,1,0,1,0,1,0,5,7,1,0,2,2,4,2,4,4,3,2,3,2,3,3,3,13,1,2,1,2,0,3,2,5,4,4,4,3,3,5,9,4,4,4,4,3,4,4,3,3,4,3,4,3,4,4,4,3,4,4,3,3,4,4,4,4,2,2,2,2,2,2,2,2,2,2,2,3,3,3,2,7,8,7,6,7,7,5,6,6,1,49,2,1,1,1,40,3000,2500,0,832101,전기산업기사 자동화 인공 지능,전기
29037,4,5,4,6,4,5,5,6,4,6,4,6,5,6,4,5,4,5,4,5,4,6,4,5,4,6,4,5,4,6,4,6,4,6,4,5,4,5,5,6,4,5,4,6,4,5,4,5,4,6,4,5,4,5,4,5,4,6,4,6,5,6,5,6,4,6,5,6,5,6,4,6,4,6,5,6,4,5,4,5,4,5,4,5,3,4,4,4,4,4,3,3,4,4,4,4,4,4,3,3,4,10,1,2,1,2,0,3,5,4,3,4,4,4,4,4,5,5,4,4,4,3,4,4,3,3,4,4,3,4,3,4,4,3,3,4,4,4,4,3,3,3,2,2,2,2,2,2,2,2,2,2,2,3,3,3,2,7,5,5,6,7,6,7,5,6,1,43,4,1,1,1,40,5500,3000,0,153101,전기회로설계기술 기술 개발,전자공학
29038,3,4,4,4,3,4,4,4,4,4,4,4,3,4,4,4,3,4,4,5,4,4,3,4,4,4,4,4,4,4,4,5,4,4,4,4,4,4,4,5,4,4,4,4,4,4,4,4,4,4,4,5,4,4,4,5,5,5,4,5,2,3,4,4,4,4,5,4,4,5,4,5,3,4,3,4,4,4,4,4,4,5,4,4,4,4,4,4,4,3,4,3,4,2,4,3,3,3,2,4,2,3,1,5,2,2,0,3,2,2,2,2,3,3,2,3,2,3,3,3,3,3,3,2,3,4,3,2,3,3,3,4,3,4,3,4,4,4,4,4,4,3,2,2,2,2,2,2,2,2,2,1,3,3,2,3,2,7,7,7,5,6,6,6,4,5,1,42,2,1,1,1,40,3400,2400,0,826301,숙련 기술,이과
29039,4,5,4,6,2,3,4,6,2,3,2,2,3,4,2,3,4,6,2,2,2,2,4,5,2,5,3,4,4,6,4,6,4,6,4,6,2,3,4,5,4,5,4,5,4,5,2,2,5,6,4,6,3,4,3,3,3,4,2,2,4,6,4,5,4,5,4,5,1,0,1,0,1,0,1,0,1,0,1,0,1,0,1,0,4,5,2,2,1,1,4,2,1,1,1,1,2,2,1,2,2,7,1,2,2,2,0,7,2,4,3,3,4,4,4,4,3,3,3,3,2,3,3,4,5,4,4,4,4,4,4,4,4,5,4,4,4,5,4,4,3,4,2,2,2,2,2,2,2,2,2,1,3,2,2,2,2,5,4,5,4,5,5,6,5,5,1,41,3,1,1,1,40,3000,2700,0,612301,소비자 직접 음대 대한 지시 때문,사회
29040,4,4,4,4,3,4,3,2,4,4,4,5,1,0,3,4,3,4,2,2,1,0,2,4,2,2,1,0,4,4,2,2,1,0,1,0,1,0,5,5,2,2,2,2,2,2,2,2,2,2,1,0,1,0,1,0,1,0,1,0,4,4,1,0,2,3,1,0,1,0,1,0,1,0,1,0,1,0,1,0,2,2,1,0,3,4,3,3,3,2,3,3,2,3,3,3,4,3,2,2,3,11,2,2,2,2,0,1,3,4,4,4,5,4,4,3,3,4,4,3,1,4,5,4,4,3,2,3,5,5,4,3,3,4,4,4,4,3,3,4,4,4,2,2,2,2,2,2,2,2,2,2,2,3,2,3,2,7,5,5,7,6,6,4,6,4,2,28,4,1,1,1,40,3400,2700,0,32401,영업 합병 인력 감축 예상,경영학
29041,3,5,2,2,3,4,3,4,3,4,3,4,3,5,3,3,4,4,3,4,2,4,2,2,3,4,2,3,2,3,3,4,3,4,3,4,4,5,4,5,3,4,4,5,4,5,3,4,3,3,4,4,3,5,3,4,4,5,3,3,4,5,4,5,3,4,4,5,4,5,4,5,2,5,3,4,3,5,4,5,4,4,3,3,4,5,4,5,4,3,4,4,4,4,4,3,4,4,4,4,4,14,1,2,1,1,1,2,4,4,3,2,4,3,2,3,4,4,3,3,4,3,3,3,4,4,4,3,3,4,3,4,5,4,4,5,4,4,5,4,4,5,2,2,2,2,2,2,2,2,2,2,2,1,1,1,1,6,6,5,3,4,5,5,5,3,2,33,3,1,1,1,40,3000,2400,0,28302,컴활1급 엑셀OA 직무교육 전산 자동화 시스템 도입,사회복지학
29042,4,5,4,5,2,4,3,4,2,5,3,4,4,5,3,4,2,5,3,5,3,6,3,6,3,5,4,6,2,5,3,5,1,0,2,4,4,5,2,4,4,5,2,3,3,4,2,4,3,5,3,5,3,5,3,5,3,4,3,5,3,4,2,4,4,5,3,5,2,4,2,4,2,6,2,4,2,5,2,4,1,0,2,3,2,3,2,4,3,1,4,3,4,4,3,4,2,3,3,4,2,6,1,3,1,1,4,5,5,4,3,3,4,4,3,5,4,5,5,4,2,4,3,4,5,3,4,2,4,2,4,5,3,4,4,5,4,5,5,3,4,4,2,1,1,2,2,2,2,2,1,2,4,2,2,2,2,8,8,9,7,8,7,7,5,3,1,35,4,1,1,1,40,4200,3600,0,152201,금속재료산업기사 금속재료시험기능사 공학적 지식과 이론 습득 신소재 개발 연구 필요 개발 증가,금속공학
29043,2,2,2,2,2,2,4,4,2,3,2,4,3,3,3,2,4,2,3,4,2,3,2,2,4,5,3,3,4,2,3,3,3,4,4,5,3,3,5,6,4,4,4,5,5,6,3,4,2,2,3,3,2,3,2,2,2,3,2,2,2,3,2,2,2,2,3,4,2,2,2,3,2,3,2,2,3,4,4,4,3,3,4,6,3,3,5,6,3,4,3,3,3,4,4,4,2,4,3,2,2,18,4,1,2,2,0,7,2,3,3,2,5,4,4,3,9,9,9,3,2,5,4,3,2,4,3,2,4,3,4,4,3,4,4,3,4,4,2,2,4,3,2,2,2,2,2,2,2,2,2,1,2,3,2,2,2,7,6,7,5,6,5,5,6,4,1,54,2,2,6,1,45,0,0,4000,414601,직업,문과
29044,3,6,3,6,2,4,4,4,3,5,3,5,3,5,3,4,4,5,3,4,4,4,3,4,3,4,3,4,4,5,3,4,3,5,3,4,3,4,3,4,3,4,4,4,3,4,3,4,3,4,3,4,3,5,4,4,3,4,3,5,3,4,3,4,4,5,3,4,4,4,4,4,3,4,3,4,3,4,3,4,3,4,3,4,3,4,4,4,4,4,4,3,3,2,2,3,3,3,4,4,3,17,1,2,1,1,4,5,4,3,2,4,3,3,2,2,3,3,3,3,3,3,3,4,4,3,3,4,4,4,3,4,4,4,3,4,4,4,3,3,4,4,2,2,2,2,2,2,1,2,2,2,2,1,2,2,2,3,6,7,7,7,5,4,3,5,1,45,3,1,1,1,50,4500,2400,0,306301,치과기공사자격증 보수교육 인력 연차 직원 취업 기회 확대 연차 인력 취업 최저 임금 경기 침체 위축 서비스 보건 수요 감소,치과기공학
29045,4,5,4,4,1,0,3,4,2,3,3,4,3,3,3,3,5,7,3,3,3,3,3,3,2,6,1,0,1,0,1,0,1,0,1,0,3,3,3,4,5,6,1,0,1,0,1,0,3,3,1,0,3,3,3,3,3,3,5,6,2,2,2,1,4,6,3,4,5,7,5,7,1,0,5,6,4,6,3,4,3,5,4,5,5,6,4,6,3,4,3,3,4,2,3,4,2,3,4,4,3,15,2,5,1,1,3,7,4,4,3,3,2,3,2,3,3,4,4,3,2,4,3,3,4,5,4,3,4,4,3,4,5,3,4,4,5,3,4,3,4,4,2,2,2,2,2,2,2,2,2,1,4,2,2,2,2,3,7,2,9,6,2,3,2,7,1,40,4,1,1,1,44,3300,2400,0,812102,항공정비사 정비훈련 개인 소득 증가 개인 회사 헬기 구매 수요 증가,제어계측
29046,3,4,3,4,3,4,2,2,4,4,3,4,4,5,3,3,3,3,2,3,3,4,3,3,3,3,4,4,3,3,3,4,4,4,3,4,4,4,3,3,4,4,4,4,3,3,3,3,3,3,3,4,4,4,3,4,3,3,2,2,2,2,4,4,2,2,2,2,2,2,2,2,3,3,4,5,2,3,2,2,2,2,2,2,4,4,2,2,4,4,4,3,2,3,4,3,3,3,3,4,4,15,2,5,1,2,0,5,4,3,2,2,4,3,3,2,2,2,3,2,3,3,5,4,4,2,4,2,2,4,2,4,3,3,3,3,3,3,3,3,3,3,2,2,2,2,2,2,2,2,2,1,3,3,2,3,1,2,2,2,3,3,3,3,3,3,2,39,4,1,1,1,40,2900,2900,0,122301,종자기사 식물보호기사 국가 정책 식량 산업,농학
29047,2,2,3,3,2,2,3,3,2,3,2,3,1,0,3,3,3,3,2,3,3,4,2,4,3,3,3,3,3,3,3,3,3,4,3,3,3,3,3,3,3,4,2,3,3,3,1,0,1,0,1,0,1,0,1,0,4,4,4,4,3,3,4,3,4,4,4,5,4,4,4,4,1,0,3,4,4,4,3,4,4,4,3,4,4,3,4,3,3,3,3,5,4,2,4,2,4,3,2,4,4,3,1,6,2,2,0,3,3,5,4,4,2,2,3,3,3,4,4,4,4,4,5,4,4,2,4,2,4,5,2,4,2,2,2,3,3,4,3,3,4,4,2,2,2,2,2,2,2,2,2,2,2,3,3,3,2,3,3,3,3,3,3,3,3,3,1,54,4,1,1,1,48,8000,3000,0,817101,기술 향상 시스템 향상,용접
29048,2,1,2,1,1,0,2,1,1,0,1,0,1,0,4,4,3,4,2,2,1,0,2,4,4,3,1,0,1,0,2,2,1,0,1,0,2,3,1,0,3,3,2,2,2,1,1,0,1,0,1,0,1,0,1,0,5,4,5,4,1,0,4,4,4,4,5,3,4,4,4,3,2,1,4,3,4,3,4,4,4,5,4,4,5,3,2,3,3,1,2,3,2,1,3,3,1,1,2,2,2,3,1,2,2,2,0,7,3,3,2,2,4,3,2,3,2,3,3,3,2,3,2,4,3,2,2,3,3,5,3,3,4,3,3,3,4,4,2,2,4,4,2,2,2,2,2,2,2,2,2,2,2,2,2,3,2,5,5,5,4,4,5,8,5,2,1,51,2,1,1,1,40,3400,2600,0,703201,제조업 경기,공고
29049,5,7,5,6,5,7,3,3,1,0,1,0,5,7,4,5,4,6,2,3,2,3,2,3,3,4,3,4,1,0,2,2,3,4,3,3,1,0,1,0,3,3,3,3,1,0,1,0,1,0,2,3,1,0,1,0,1,0,1,0,3,3,1,0,1,0,1,0,1,0,1,0,1,0,1,0,2,2,1,0,3,5,2,3,4,5,1,0,4,3,4,1,4,2,2,4,4,3,3,3,4,18,4,1,2,1,3,7,1,3,2,2,2,3,4,1,9,9,9,1,2,4,4,3,4,4,4,4,4,4,2,4,5,3,3,2,4,4,4,3,4,1,2,2,2,2,2,2,2,2,2,1,4,2,2,2,1,6,4,3,2,1,4,9,7,2,1,49,5,1,4,2,20,2000,500,0,411103,시나리오 실전교육 훈련 시나리오 작법 교육 영상 콘텐츠 지속 발달 인터넷 대중화 문화 콘텐츠 시나리오 수요 증가,뉴미디어(영화제작)
29050,4,5,4,5,3,4,3,4,4,5,3,5,3,4,4,5,3,3,3,4,3,5,3,5,3,3,3,5,3,4,4,4,3,4,3,5,3,3,3,5,3,4,4,4,3,4,4,5,3,4,2,4,3,4,4,4,3,4,4,5,3,4,4,4,3,4,3,4,3,5,3,5,2,4,3,3,3,3,3,4,4,5,3,5,2,4,3,4,2,3,3,4,3,3,4,3,3,2,3,3,4,17,3,6,1,1,6,6,5,3,3,3,4,4,4,4,3,4,4,4,2,3,3,3,4,3,3,2,3,3,4,4,3,3,3,3,4,3,3,2,4,4,2,2,2,2,2,2,2,2,2,1,3,3,3,3,2,2,2,2,3,4,3,4,5,6,1,51,6,1,1,1,40,21000,10000,0,301109,의사면허증 전공의자격증 레지던트 판독 사람 직업,방사선종양
29051,5,6,5,6,5,6,5,6,5,6,5,7,5,7,4,6,5,7,5,7,4,6,5,7,5,6,5,6,5,7,5,7,5,6,5,6,4,5,4,5,4,6,5,7,4,6,5,7,4,6,5,5,4,6,5,6,5,7,5,7,5,5,5,7,5,7,3,4,3,5,4,5,3,5,3,3,4,5,4,6,4,5,4,6,3,5,4,5,3,3,3,3,3,4,4,3,3,3,3,3,3,15,2,5,1,2,0,5,6,3,4,3,4,4,4,3,3,4,4,4,3,3,3,3,3,3,2,2,3,3,5,3,3,3,3,3,3,4,4,2,5,4,2,2,2,2,2,2,2,2,2,2,3,3,3,3,2,2,5,5,7,3,6,3,5,7,1,38,6,1,1,1,40,4000,3000,0,121105,박사학위 상태 유지,지질학
29052,3,4,4,5,2,2,4,5,3,5,3,5,3,4,2,2,5,6,3,5,4,5,2,2,4,4,3,5,4,5,4,6,4,6,4,5,3,4,3,4,4,5,4,5,3,4,3,4,2,2,1,0,1,0,1,0,1,0,1,0,1,0,3,4,1,0,1,0,1,0,1,0,1,0,1,0,2,2,4,5,4,5,2,3,4,5,4,5,4,2,4,4,4,2,4,2,3,2,4,4,3,7,1,2,1,2,0,6,2,4,3,2,4,3,3,4,3,3,3,3,3,4,3,4,3,4,2,2,4,3,3,4,3,4,2,3,4,4,4,3,4,4,2,2,1,2,2,1,2,2,2,2,2,3,3,3,2,8,8,7,8,2,2,3,8,8,1,63,4,1,1,1,60,4500,3000,0,612501,경매사 기술 장비 도입 사용 자식 경매 도입 중도 인과 자동 발표,국어국문
29053,4,4,5,4,2,5,3,2,4,3,2,2,2,1,3,5,3,3,4,3,4,3,2,3,3,2,4,3,1,0,2,4,4,2,2,2,3,3,1,0,2,2,4,3,3,3,4,3,3,3,2,3,3,2,4,3,3,3,4,4,3,2,2,2,4,3,2,4,4,3,5,4,3,2,3,3,2,2,1,0,1,0,1,0,2,1,3,2,3,2,5,4,4,3,5,4,3,5,4,4,3,13,1,2,1,2,0,2,4,5,4,5,5,5,5,4,5,5,4,5,1,4,5,3,5,4,4,3,5,5,4,4,5,3,4,4,5,3,5,4,4,4,2,2,2,2,2,2,2,2,2,2,4,3,3,3,2,3,5,8,6,7,8,4,8,7,1,45,4,1,1,1,40,5500,5200,0,155501,산업위생관리산업기사 수질환경기사 지구온난화 환경 대한 관심 수요 증가,환경공학
29054,2,1,4,3,2,1,1,0,2,2,1,0,1,0,4,3,1,0,2,2,4,2,2,1,2,2,4,2,3,2,2,2,1,0,1,0,1,0,1,0,2,3,4,2,3,2,2,1,3,1,2,3,4,3,3,4,2,3,1,0,2,2,4,5,5,4,3,3,4,3,2,3,2,1,2,2,5,2,1,0,2,2,1,0,2,1,2,2,2,3,1,4,3,2,3,3,2,2,4,3,3,3,1,5,2,2,0,2,2,2,3,3,4,5,3,4,2,3,3,5,3,2,4,2,3,2,4,3,2,3,3,4,4,2,3,3,5,4,4,3,4,4,2,2,2,2,2,2,2,2,2,2,2,3,3,3,2,8,7,9,4,3,5,6,4,7,1,43,4,1,1,1,40,4800,4700,0,817101,자동차 산업 증가 증가,산업공학
29055,3,5,3,5,3,4,3,4,2,2,2,3,1,0,4,4,3,3,5,5,1,0,2,2,2,4,1,0,1,0,2,3,2,3,1,0,3,5,2,5,3,3,3,4,3,4,1,0,2,3,2,2,2,2,1,0,5,6,5,4,2,3,2,2,4,3,3,5,3,4,4,5,1,0,3,5,4,6,2,5,2,3,3,5,4,3,2,3,3,2,1,2,3,2,2,2,3,2,4,4,3,19,1,2,2,2,0,2,2,3,2,1,2,3,2,3,3,4,4,4,4,2,2,4,3,1,3,2,3,3,2,5,4,3,3,2,3,5,2,3,4,4,2,2,2,2,2,2,2,2,2,2,2,3,3,3,2,8,4,5,2,6,7,8,3,7,1,42,4,1,1,1,44,3800,2800,0,811301,정비 기계화 발달 인력 수요,기계
29056,2,3,2,2,2,2,3,3,1,0,3,4,1,0,3,4,2,4,3,5,3,4,1,0,2,3,1,0,3,4,3,2,1,0,1,0,1,0,3,4,2,2,1,0,1,0,1,0,1,0,1,0,1,0,1,0,1,0,1,0,1,0,1,0,1,0,1,0,2,2,1,0,1,0,1,0,1,0,1,0,1,0,1,0,1,0,1,0,1,5,4,3,5,3,5,1,3,4,4,1,4,14,1,1,2,2,0,7,2,4,4,4,5,1,5,3,9,3,3,3,1,5,5,1,3,1,4,1,1,5,5,5,1,3,3,1,3,5,3,3,5,5,2,2,2,2,2,2,2,2,2,5,1,2,2,3,2,5,5,5,5,5,5,1,1,5,1,33,2,1,3,2,45,2000,1700,0,541201,로봇 기계 대체,실내디자인
29057,3,4,3,3,5,6,3,3,4,5,4,3,5,6,4,6,5,5,5,6,4,5,4,5,4,5,3,4,4,5,4,5,3,5,4,5,4,5,4,5,4,4,4,5,3,4,3,4,4,4,3,4,3,3,1,0,1,0,2,3,4,5,1,0,1,0,3,3,3,3,2,2,3,3,3,3,2,2,2,2,1,0,1,0,3,4,1,0,4,3,4,4,4,5,3,4,4,3,4,3,4,18,1,2,1,1,3,5,5,3,4,4,4,4,4,3,3,3,3,3,3,4,4,3,4,3,4,3,4,4,4,2,4,4,4,4,5,4,3,3,3,3,2,1,2,1,1,2,2,2,2,2,3,2,2,2,1,4,5,6,4,5,5,3,3,5,1,47,4,1,1,1,45,5500,2000,0,414303,일러스트 포토샵 일러스트 프로그램 도입 사람,영상학
29058,2,4,3,4,3,3,2,2,1,0,1,0,1,0,3,4,3,3,4,5,1,0,2,3,2,3,3,3,3,4,2,3,1,0,1,0,1,0,1,0,3,3,2,3,4,5,3,4,2,2,3,5,2,3,1,0,4,5,4,5,1,0,2,3,2,3,2,3,1,0,3,5,2,3,3,3,5,4,3,3,5,6,4,5,2,2,2,2,2,2,2,2,1,2,2,3,1,2,1,3,2,8,1,2,2,2,0,1,1,3,2,2,2,1,1,3,2,3,3,3,4,3,3,5,3,2,3,4,3,4,4,4,4,5,1,1,4,5,4,3,5,4,2,2,2,2,2,2,2,2,2,1,2,3,2,2,2,6,9,8,7,6,7,4,4,6,1,52,2,1,1,1,50,4200,2000,0,624401,수출입 물량 감소,공고
29059,5,7,5,7,5,7,5,6,5,6,5,6,4,6,5,6,4,5,4,6,4,5,4,5,4,6,4,4,4,5,4,5,4,4,3,4,4,6,4,6,4,5,3,4,2,3,2,2,1,0,1,0,1,0,2,2,1,0,1,0,3,3,2,2,1,0,1,0,1,0,1,0,2,2,1,0,1,0,1,0,1,0,1,0,1,0,1,0,4,4,4,4,5,5,4,4,4,3,4,4,4,16,5,5,2,2,0,6,7,5,4,4,4,4,3,4,4,4,4,4,2,4,4,4,4,3,4,2,4,3,4,4,4,3,4,4,3,4,4,4,4,4,2,2,2,2,2,2,2,2,2,2,2,3,3,3,1,7,5,4,5,2,3,7,4,5,1,61,6,1,1,1,50,6900,3500,0,110201,직업 대한 전망,정치학
29060,2,2,2,2,2,2,2,2,5,7,4,5,3,4,4,5,2,3,5,7,4,5,4,5,5,7,2,3,2,3,1,0,1,0,1,0,2,3,1,0,3,5,4,5,2,3,1,0,1,0,4,5,5,6,5,7,5,7,4,6,4,5,3,4,4,6,3,4,3,4,3,5,4,5,2,3,2,2,2,3,2,3,2,2,3,4,2,3,4,3,3,4,4,4,3,4,3,4,4,4,3,6,1,5,1,1,3,6,5,4,4,4,4,5,3,4,3,3,4,4,2,4,4,2,3,3,2,5,4,5,4,4,4,4,5,5,5,5,4,4,5,4,2,2,2,2,2,2,2,2,2,2,3,3,3,3,2,1,2,2,3,3,7,2,2,3,1,46,4,1,1,1,40,7000,3000,0,140301,건설기계기술사 산림토목기술사 농어민토목기술사 현장수습 지금,토목공학
29061,4,5,4,5,4,5,4,5,4,5,4,5,4,5,3,4,4,5,4,5,4,5,3,4,4,5,3,4,3,4,4,5,3,5,4,5,4,5,3,5,4,4,4,5,3,5,4,5,4,5,3,5,3,5,4,5,3,4,4,5,4,5,3,4,4,4,4,4,3,5,4,4,4,4,3,2,3,3,4,3,3,5,4,5,3,4,3,5,4,3,4,4,3,4,4,4,4,4,3,3,4,3,1,2,2,2,0,2,2,3,4,3,5,4,4,4,3,3,4,4,4,3,4,4,3,4,4,4,4,4,4,4,5,4,4,3,4,4,4,3,5,3,2,2,2,2,2,2,2,2,2,2,2,2,2,2,2,4,5,6,6,5,5,4,5,6,1,47,2,1,1,1,40,3500,2000,0,882301,자동화 설비 시스템,기계
29062,2,4,4,3,1,0,2,3,1,0,2,3,1,0,3,4,2,3,1,0,2,3,2,3,4,3,1,0,1,0,1,0,1,0,1,0,1,0,1,0,2,3,1,0,1,0,1,0,1,0,1,0,1,0,1,0,2,2,2,3,1,0,3,3,3,3,2,3,3,3,3,3,1,0,5,5,5,5,1,0,3,4,3,4,3,4,3,3,1,1,1,1,1,1,2,2,1,2,1,2,1,3,1,2,2,2,0,2,2,1,1,1,3,1,1,1,2,2,2,2,4,1,1,3,4,4,4,5,3,2,1,4,4,5,4,5,4,4,4,4,5,5,2,2,2,2,2,2,2,2,2,1,2,3,2,2,2,8,7,7,4,4,3,7,6,4,1,37,3,1,1,1,54,3000,2400,0,852201,작업 환경,자동차정비학
29063,4,5,3,5,3,5,3,5,3,5,3,5,4,4,4,4,4,4,4,5,3,5,3,5,4,5,3,5,4,4,4,5,3,5,3,5,4,5,3,5,3,5,4,5,3,5,4,5,4,4,4,5,4,4,4,4,4,5,3,5,4,5,3,5,3,5,4,4,4,4,4,5,4,5,3,5,3,5,4,5,3,5,3,5,4,5,3,5,4,3,4,4,3,4,4,4,4,3,4,4,4,17,1,2,1,1,6,6,6,4,3,4,4,4,3,5,4,5,5,5,2,3,4,4,3,4,4,4,4,3,3,4,3,4,4,4,3,4,4,4,4,3,2,2,2,2,2,2,2,2,2,2,3,3,3,3,2,8,7,8,7,8,7,8,7,8,1,43,6,2,5,1,48,0,0,16000,301112,의사면허증 전문의자격증 인턴 레지던트 의료기기 자동화 첨단 시스템 도입,의예(피부)
29064,5,5,5,5,4,5,3,4,2,3,3,5,2,3,2,3,4,4,4,4,3,4,3,4,3,4,3,4,3,4,2,3,3,3,3,4,3,4,4,5,5,5,4,4,3,4,2,4,3,4,2,4,3,3,4,4,3,4,3,4,5,5,4,4,4,5,2,4,2,4,2,3,3,4,3,4,3,4,2,3,2,4,3,4,4,4,4,4,4,3,5,4,4,5,4,2,4,4,4,4,2,10,1,2,1,2,0,1,4,4,4,4,5,4,2,4,3,4,5,4,2,4,3,3,3,3,4,3,4,3,4,4,3,5,3,3,4,4,2,3,3,4,2,2,2,2,2,2,2,2,2,2,4,3,2,2,1,8,7,5,5,4,5,4,6,5,1,47,3,1,1,1,45,3100,2800,0,136001,전기기능사 통신 산업 발전 통신망 인프라 확층 증가,정보통신
29065,5,5,4,5,5,6,5,6,4,5,4,6,4,6,4,5,4,5,4,5,4,5,4,6,5,7,4,5,5,5,5,7,5,5,5,5,5,6,5,6,5,6,5,6,5,6,2,2,3,4,4,5,4,5,3,4,4,4,4,5,3,4,3,5,5,6,3,4,3,3,5,6,3,5,4,4,5,7,5,5,1,0,2,2,5,5,5,5,4,4,2,1,4,3,4,2,2,4,5,5,3,15,2,6,1,2,0,6,5,4,4,3,4,4,2,2,3,3,5,3,2,4,3,4,4,3,2,2,4,4,3,4,3,3,3,3,3,4,4,3,4,5,1,1,1,1,1,1,1,1,1,2,4,2,2,3,2,3,8,3,7,3,9,3,3,7,1,53,4,1,1,1,52,5500,4000,0,621403,철도교통관제사 발달 스템 자동화 자동화 시설 발달,전기공학
29066,4,6,4,5,4,5,4,5,3,4,3,4,3,4,2,4,4,5,3,4,2,4,3,4,3,3,3,4,3,4,3,4,3,5,2,3,2,4,4,5,4,5,3,4,3,4,1,0,3,4,3,3,3,3,1,0,2,3,2,3,2,3,1,0,2,3,1,0,2,3,2,3,3,4,3,3,3,3,2,3,2,3,2,2,4,6,4,5,4,5,4,3,4,2,3,3,3,4,4,5,3,10,1,2,2,1,2,7,4,5,4,4,4,4,3,3,4,4,4,4,3,4,4,4,5,4,3,3,4,3,4,4,3,4,2,2,3,4,4,3,4,3,2,2,2,2,2,2,2,2,2,1,2,3,3,3,2,8,8,5,5,3,3,5,7,7,2,30,4,1,1,1,44,3800,2800,0,412003,실무경험 취재 방법 인터넷 문화 증가 종이 잡지 감소,국문학
29067,2,3,2,4,3,4,2,3,2,3,2,3,2,3,2,3,2,3,1,0,1,0,1,0,1,0,2,3,2,3,1,0,1,0,2,3,1,0,2,3,1,0,1,0,2,3,1,0,1,0,1,0,1,0,1,0,1,0,1,0,2,4,1,0,1,0,1,0,1,0,1,0,1,0,1,0,1,0,1,0,2,3,1,0,1,0,1,0,4,3,3,3,4,4,3,3,3,3,3,3,3,7,1,2,1,2,0,7,2,3,3,2,4,3,3,3,3,4,3,3,2,3,4,3,4,3,3,3,3,4,3,3,3,2,3,4,3,4,4,3,4,4,2,2,2,2,2,2,2,2,2,1,4,2,3,3,1,4,4,6,5,6,4,5,6,4,1,28,3,1,1,1,41,3057,2900,0,24301,전자상거래 호도,무역학
29068,3,3,3,3,3,3,3,3,4,4,3,3,4,5,3,3,3,4,4,6,4,5,4,5,5,6,2,3,5,7,5,6,3,3,3,4,3,3,3,3,2,3,5,5,5,6,3,4,3,4,3,4,5,6,5,6,5,6,5,5,1,0,2,2,5,7,5,6,5,6,5,6,5,5,5,5,5,7,5,6,5,6,4,6,5,6,5,6,5,4,3,2,3,3,4,3,3,3,3,4,4,14,1,1,1,1,1,4,2,4,3,3,4,3,3,2,3,3,3,3,3,3,3,4,4,5,4,4,4,3,4,4,5,4,5,5,5,4,4,4,4,4,2,2,2,2,2,2,2,2,2,2,2,2,2,2,1,5,4,6,6,5,5,5,4,6,1,52,2,1,1,1,40,3500,2400,0,561301,운전면허 2종 1종 안전교육 자동화 시스템 도입 인공 지능 로봇,일반고(이과)
29069,4,5,5,5,4,4,4,4,4,4,4,4,4,4,3,3,4,4,4,4,4,4,4,4,4,4,4,4,4,4,4,4,4,4,4,4,4,4,4,4,4,4,4,4,4,4,4,4,4,4,4,4,4,4,4,4,4,4,4,4,4,4,4,4,4,4,4,4,4,4,4,4,4,4,4,4,4,4,4,4,4,4,4,4,4,4,4,4,3,4,4,3,4,3,4,4,3,4,4,3,4,11,1,2,2,2,0,6,5,4,4,4,5,4,4,3,3,4,4,4,2,3,3,4,4,3,4,4,3,3,3,4,3,4,4,3,4,4,4,3,4,5,2,2,2,2,2,2,2,2,2,2,2,3,3,3,2,7,5,4,5,5,4,5,6,4,1,54,4,1,1,1,40,9600,7800,0,12401,인구 출산율,경제학
29070,3,3,3,2,2,2,2,3,2,1,3,3,2,2,4,4,3,3,3,3,1,0,2,2,3,3,4,3,2,2,3,2,1,0,1,0,3,3,3,4,2,2,3,1,4,2,2,2,3,3,1,0,2,2,1,0,2,3,2,1,1,0,3,1,2,2,1,0,1,0,1,0,1,0,4,3,3,3,3,3,3,3,3,3,4,2,3,3,3,2,3,3,4,2,4,4,3,3,2,2,3,1,4,1,1,2,0,4,2,4,4,3,4,3,3,4,3,4,4,3,3,4,4,4,2,1,3,3,4,3,4,4,3,2,2,2,3,3,3,4,4,4,2,2,2,2,2,2,2,2,2,1,2,2,2,2,1,8,8,8,5,5,5,7,7,5,1,68,1,2,6,1,40,0,0,3500,901401,원예기능사 육체 산업 필요 분야 이기 때문,0
29071,2,2,2,2,1,0,2,2,1,0,1,0,1,0,1,0,1,0,1,0,1,0,1,0,1,0,1,0,1,0,1,0,1,0,1,0,2,2,2,2,2,2,2,2,2,2,2,2,2,2,1,0,2,2,1,0,2,2,2,6,3,4,3,4,3,3,2,3,3,3,1,0,1,0,3,3,1,0,1,0,1,0,1,0,3,3,1,0,3,3,3,4,4,2,3,4,4,2,4,3,3,10,2,3,1,1,1,7,3,3,3,3,3,4,3,3,3,3,3,3,3,4,3,3,3,3,3,3,3,3,3,3,4,3,2,3,3,4,3,3,3,3,2,2,2,2,2,2,2,2,2,1,3,3,3,3,2,7,8,8,8,9,8,5,5,5,1,36,4,1,1,1,40,3500,3300,0,136001,무선설비기능사 안전교육 이용자,전기
29072,3,3,3,4,3,3,3,4,1,0,1,0,1,0,1,0,1,0,1,0,1,0,1,0,2,3,3,4,4,5,4,5,4,5,3,5,3,5,3,4,3,4,2,3,1,0,1,0,1,0,1,0,1,0,1,0,1,0,1,0,4,3,1,0,1,0,1,0,1,0,1,0,1,0,1,0,1,0,1,0,1,0,1,0,2,4,3,4,4,4,3,4,4,4,4,3,3,4,3,4,3,7,1,2,2,2,0,1,2,4,4,4,4,4,3,4,4,4,4,4,4,4,3,3,4,3,3,4,3,4,2,3,4,4,4,5,5,4,4,5,4,4,2,2,2,2,2,2,2,2,2,2,4,1,1,1,2,6,4,5,6,7,4,6,4,3,2,42,4,1,1,1,48,3600,2000,0,615301,소비자 온라인 구입,경영학
29073,4,5,5,6,3,4,3,5,3,5,4,6,3,4,4,5,4,5,4,6,2,3,3,4,4,5,3,4,2,2,3,5,2,3,2,2,3,4,3,5,2,3,3,4,2,3,3,4,4,5,4,6,5,6,3,4,4,6,2,4,2,3,4,5,4,6,3,4,2,3,3,5,3,4,4,6,4,5,2,3,2,2,4,5,3,4,3,4,4,4,3,4,4,3,3,4,4,3,4,3,4,13,2,3,2,1,1,2,5,3,4,4,4,5,3,4,4,5,5,5,2,5,5,3,4,3,4,2,4,5,4,5,4,3,4,4,3,5,4,4,5,4,2,2,2,2,2,2,2,2,2,2,2,3,3,3,2,4,5,6,3,4,5,3,7,5,1,40,4,1,1,1,40,3900,2300,0,121201,직무교육 자동화 시스템,물리학
29074,3,5,3,4,1,0,2,5,2,4,2,4,2,4,4,4,2,4,2,4,1,0,3,5,4,5,2,4,3,4,3,4,2,3,2,4,2,4,3,4,4,5,3,5,2,4,2,3,2,3,2,5,4,4,4,5,4,6,4,6,2,4,3,4,4,5,3,5,4,4,5,5,2,4,4,4,4,5,3,4,3,5,2,3,3,6,2,6,3,4,3,3,3,3,3,4,3,3,3,3,4,4,2,3,1,1,3,3,2,4,4,4,5,4,2,4,3,4,4,4,2,4,3,4,3,4,4,2,3,4,4,4,4,3,4,4,5,5,4,3,4,4,2,2,2,2,2,2,2,2,2,1,3,3,3,3,2,7,3,5,7,8,8,4,7,5,1,29,2,1,1,1,40,2400,2000,0,831101,산업안전산업기사 안전교육 채용 인원 한정,마이스터고
29075,3,3,3,5,2,3,4,4,2,3,3,3,1,0,1,0,1,0,2,3,1,0,2,3,2,3,1,0,3,4,3,4,1,0,2,3,2,3,3,3,2,3,2,3,3,4,2,3,2,3,1,0,2,3,1,0,4,3,1,0,1,0,1,0,3,3,3,3,2,3,1,0,1,0,5,4,3,3,4,3,3,3,4,3,4,5,3,4,4,4,4,3,4,1,3,2,3,2,2,2,4,9,1,1,1,2,0,6,2,4,3,2,4,4,2,2,2,2,3,2,2,4,4,5,4,4,4,1,4,4,3,4,3,3,4,4,4,4,4,4,4,4,2,2,2,2,2,2,2,2,2,1,3,2,2,3,2,4,4,4,4,4,4,8,4,4,1,36,3,1,1,1,60,3000,2300,0,531501,일식조리기능사 외식 문화 발달 것이므,조리
29076,2,6,4,6,2,4,3,5,3,4,3,5,2,4,3,5,4,4,3,4,3,4,2,4,4,5,4,3,3,5,3,4,3,4,3,4,3,3,3,5,3,4,4,5,3,5,4,4,3,4,3,4,3,4,3,4,3,4,4,5,3,4,3,4,3,4,3,5,3,5,3,4,3,4,3,4,3,5,3,5,3,4,3,3,4,5,4,5,5,5,5,2,5,5,5,2,3,2,3,5,5,15,2,6,1,1,5,5,3,5,5,5,5,5,5,2,3,4,4,4,3,5,5,4,4,3,4,2,5,5,5,5,5,5,5,5,5,5,5,5,5,4,2,2,2,2,2,2,2,2,2,3,3,3,3,3,2,3,6,8,6,3,5,7,7,7,2,22,4,1,3,1,52,3000,3000,0,621301,철도차량 운전면허 전동차운전 상태 유지,철도차량 시스템공학
29077,4,6,5,7,4,5,5,7,3,4,5,7,2,3,5,6,3,4,2,3,1,0,4,6,4,4,5,6,4,5,4,5,3,3,1,0,4,5,4,6,3,3,4,4,4,5,1,0,1,0,5,6,2,3,2,3,2,3,1,0,4,5,1,0,1,0,1,0,1,0,1,0,1,0,1,0,1,0,1,0,1,0,1,0,4,6,4,5,4,5,4,4,5,4,5,2,3,4,5,4,4,17,1,2,1,1,6,6,5,5,4,5,5,5,4,4,4,5,5,5,2,5,4,3,4,3,3,4,5,3,4,4,4,5,4,4,5,4,4,3,3,3,2,2,2,2,2,2,2,2,2,1,3,3,3,3,1,1,1,2,9,1,1,9,9,8,2,46,5,1,1,1,45,7500,3500,0,301108,전문의자격증 의사면허증 레지던트 수련 의술,의학
29078,3,4,3,4,2,2,2,2,3,4,2,3,2,3,3,4,3,3,3,4,2,3,3,4,3,4,2,3,2,3,2,3,2,3,2,2,2,2,3,4,2,3,3,4,3,4,2,2,3,4,3,4,3,4,3,4,3,4,3,4,2,3,4,5,4,5,4,5,4,5,4,5,3,4,4,5,4,5,3,4,3,4,3,4,3,4,2,3,2,3,3,3,3,2,2,2,3,3,3,3,3,3,1,3,1,2,0,4,3,3,3,3,3,3,3,3,9,4,4,4,3,3,3,3,4,4,4,2,3,2,4,4,4,3,3,3,3,4,3,4,4,3,2,2,2,2,2,2,2,2,2,2,2,2,2,2,2,2,4,7,3,7,7,2,7,7,1,38,2,1,1,1,40,4500,2400,0,814001,공조냉동기계기능사 전기기사 기피 직업,전기
29079,2,4,3,4,1,0,1,0,1,0,1,0,1,0,1,0,3,4,3,5,3,6,1,0,3,5,4,5,4,5,3,6,1,0,4,5,1,0,1,0,3,5,3,5,1,0,1,0,1,0,4,6,2,4,1,0,1,0,1,0,1,0,1,0,3,5,1,0,1,0,1,0,1,0,1,0,1,0,1,0,4,6,1,0,1,0,1,0,5,5,2,4,4,1,4,3,4,3,5,5,1,15,2,4,2,2,0,7,5,4,3,3,4,4,4,3,3,3,3,3,3,4,4,5,4,3,4,3,4,4,4,4,4,4,3,3,4,4,3,2,4,3,2,2,2,2,2,2,2,2,2,1,2,3,3,3,2,8,8,7,3,2,2,7,8,8,1,28,3,1,1,1,48,3000,2800,0,250201,인구 감소,체육학
29080,4,5,3,4,4,5,4,4,4,5,3,5,4,4,3,5,4,5,4,5,3,5,4,5,4,5,3,4,4,5,4,5,4,5,4,5,4,5,3,4,4,5,4,4,4,5,4,5,3,5,4,4,4,5,4,5,3,5,4,5,3,4,4,4,3,4,4,5,3,5,4,6,4,5,3,4,4,5,4,5,3,5,4,5,4,4,4,4,4,3,4,4,5,4,4,4,4,3,3,4,4,3,1,3,2,2,0,5,7,4,4,3,4,4,4,4,3,5,5,4,3,4,4,3,4,4,5,4,3,3,3,4,4,3,3,4,5,5,4,4,3,4,2,2,2,2,2,2,2,2,2,1,2,2,2,2,1,8,5,6,6,5,5,6,6,5,1,34,5,1,1,1,40,3500,2600,0,154103,기술 대처,화학공학
29081,5,6,5,7,5,6,4,6,5,7,4,6,5,6,5,7,5,6,5,6,5,7,5,7,5,6,5,7,4,6,5,7,4,6,5,6,4,7,4,7,4,6,4,6,5,6,5,7,5,7,4,6,5,6,5,6,5,6,5,7,5,6,5,7,4,6,5,6,5,6,5,6,5,6,5,7,5,7,3,4,2,3,2,2,4,6,3,3,3,3,3,3,4,3,4,3,3,3,4,3,3,17,2,5,2,2,0,5,5,3,3,4,4,4,4,3,3,4,4,4,3,3,3,3,3,3,3,4,4,3,5,3,3,3,3,3,4,4,3,4,3,4,2,2,2,2,2,2,2,2,2,2,4,1,1,1,1,2,3,5,8,3,8,3,5,5,2,32,4,1,1,1,40,3600,3000,0,122101,노령화 관심 분야,생물학
29082,3,2,3,4,2,2,4,3,2,3,3,4,3,4,3,4,3,4,4,5,1,0,2,3,3,5,1,0,3,5,3,4,1,0,1,0,1,0,1,0,3,5,3,4,3,4,1,0,1,0,1,0,1,0,1,0,1,0,1,0,1,0,1,0,3,4,3,4,3,4,3,5,1,0,3,4,3,2,4,5,4,6,3,4,3,4,4,4,4,4,5,3,4,3,4,1,3,3,3,4,4,2,1,3,2,2,0,3,2,3,2,3,1,1,3,4,4,2,1,3,2,4,2,5,3,5,5,4,4,4,3,3,2,2,2,2,2,2,2,2,4,3,2,2,2,2,2,2,2,2,2,3,1,3,3,3,2,6,5,6,6,7,7,6,5,5,1,50,2,1,1,1,40,6000,5000,0,705101,직업,기계공고
29083,2,3,2,2,1,0,2,2,1,0,1,0,1,0,2,3,2,2,2,2,1,0,2,2,3,4,1,0,1,0,3,3,1,0,2,2,1,0,2,3,2,3,2,2,2,2,1,0,1,0,1,0,1,0,1,0,4,3,3,3,1,0,1,0,2,3,2,3,1,0,1,0,1,0,4,3,4,5,3,4,4,4,4,5,4,4,2,3,2,2,3,3,2,2,2,4,3,2,2,3,3,6,4,1,2,2,0,7,1,2,1,1,2,2,2,3,1,3,2,3,4,1,1,4,4,3,3,2,3,3,3,5,2,2,2,3,3,4,3,2,4,4,2,2,2,2,2,2,2,2,2,1,3,3,2,2,2,7,7,6,2,3,2,2,3,4,1,29,3,1,4,2,36,3000,2000,0,702401,신규 재건축 모델링,전자
29084,3,3,3,4,3,4,2,1,2,2,1,0,1,0,3,4,3,4,1,0,1,0,1,0,2,2,1,0,1,0,2,2,1,0,1,0,3,4,1,0,2,2,2,4,2,3,1,0,1,0,1,0,1,0,1,0,5,5,4,5,1,0,4,4,4,4,3,4,4,5,3,4,1,0,4,4,4,5,2,3,3,3,3,3,4,3,3,3,3,3,1,2,3,1,2,2,3,1,2,3,3,6,1,2,1,2,0,3,2,3,3,3,4,3,3,2,1,3,3,2,3,3,3,5,5,2,4,4,3,3,2,5,4,4,3,2,3,5,3,2,5,4,2,2,2,2,2,2,2,2,2,2,2,3,3,3,2,5,6,4,6,8,9,6,4,3,1,42,4,1,1,1,44,3800,2800,0,811601,건설기계정비사 건설 경기 침체,기계
29085,3,4,4,4,3,3,4,4,3,3,3,4,1,0,4,5,3,5,1,0,2,3,3,4,3,4,4,6,3,3,2,3,1,0,1,0,1,0,3,4,3,3,2,3,3,2,1,0,1,0,1,0,2,3,1,0,4,4,3,4,4,4,4,6,3,4,3,4,3,3,4,6,2,2,1,0,3,3,1,0,1,0,3,3,4,4,3,4,2,4,2,3,3,2,2,3,4,2,1,3,2,3,1,3,2,2,0,2,4,4,3,3,4,4,2,3,2,2,4,3,2,3,3,4,3,4,3,4,2,4,2,5,5,3,5,3,4,3,4,3,4,4,2,2,2,2,2,2,2,2,2,2,3,3,3,3,2,5,6,6,5,6,6,4,4,5,1,34,4,1,1,1,44,3200,2500,0,28402,기업 품질 경쟁 부분 해당 인력 수요 변화,기계
29086,5,6,4,6,5,5,4,5,4,5,5,5,3,4,3,5,4,5,4,5,3,4,4,5,4,4,4,5,4,5,3,5,3,4,2,3,4,5,4,5,4,6,3,4,4,4,3,3,3,3,2,3,4,4,3,3,2,2,2,3,3,3,3,4,3,3,1,0,1,0,1,0,4,4,3,4,2,3,2,3,2,4,2,3,4,3,3,4,4,3,3,4,4,3,4,4,4,3,4,4,4,15,2,5,1,2,0,7,5,4,3,3,4,5,4,4,3,2,3,3,1,3,3,4,3,3,2,1,3,3,5,4,3,3,4,3,3,4,4,3,5,5,2,2,2,2,2,2,2,2,2,1,3,3,3,3,2,6,5,5,4,5,4,4,6,6,1,49,5,1,1,1,48,7000,3000,0,122106,축산기술사 축산산업기사 상태 유지,축산학
29087,2,3,2,2,2,2,3,4,4,5,3,4,1,0,1,0,1,0,1,0,1,0,1,0,3,4,1,0,1,0,3,4,2,2,2,2,3,4,3,4,3,4,2,2,1,0,1,0,3,4,3,4,2,3,3,4,4,5,4,5,1,0,1,0,1,0,4,5,4,5,4,5,4,5,4,5,1,0,1,0,1,0,1,0,1,0,1,0,3,2,3,4,3,4,3,3,4,3,4,3,3,14,1,2,1,2,0,7,2,3,4,3,4,3,3,4,5,4,4,4,3,2,3,3,4,3,3,3,3,3,4,3,2,3,3,3,3,4,3,2,2,2,2,2,2,2,2,2,2,2,2,1,3,3,3,3,2,3,4,3,4,7,6,5,4,3,1,43,2,1,1,1,40,3800,2600,0,811401,공조냉동,기계
29088,4,6,4,6,5,6,3,4,4,5,4,7,5,6,4,7,4,6,4,6,4,4,4,6,3,4,3,4,3,4,4,3,4,5,3,4,4,4,2,3,2,3,2,2,2,2,4,6,4,6,4,4,3,4,3,5,2,4,1,0,1,0,1,0,3,4,3,3,2,7,3,3,3,4,2,4,3,5,1,0,3,4,3,3,4,5,3,3,3,3,3,3,5,3,4,3,3,5,4,4,3,15,2,3,1,1,1,6,6,4,5,2,4,5,2,4,3,4,4,4,2,3,4,4,2,3,3,1,4,3,5,4,4,4,4,4,4,4,2,3,4,4,2,2,2,2,2,2,2,2,2,2,3,2,2,3,1,7,7,7,5,5,5,7,3,1,1,36,5,1,1,1,40,4000,3000,0,413101,매장문화재조사위원 학예사자격증 현장에서 배우는 실습 교육 양적 직종,고고학
29089,3,4,2,3,1,0,3,3,2,2,2,3,2,2,2,2,3,4,3,4,2,2,2,2,2,3,2,3,2,2,4,4,3,3,2,2,2,2,2,2,2,3,2,2,3,3,1,0,3,3,2,2,2,3,3,3,3,4,4,5,1,0,2,3,4,5,3,3,4,5,3,4,2,2,2,3,3,5,3,3,4,5,3,4,3,4,4,4,4,4,4,3,3,3,3,4,3,3,3,3,2,7,4,1,2,2,0,6,2,3,3,2,3,3,2,3,3,9,9,3,3,3,3,3,3,2,3,3,2,3,4,4,4,3,3,3,3,3,3,2,4,3,2,2,2,2,2,2,2,2,2,2,2,3,3,2,1,4,5,6,6,7,4,6,3,3,1,51,2,2,6,1,50,0,0,2300,883101,일자리 부족,이과
29090,2,4,2,3,1,0,3,4,2,3,3,5,1,0,2,4,2,4,3,4,2,3,3,4,2,3,1,0,1,0,2,2,2,2,1,0,4,5,4,5,4,5,1,0,3,3,2,2,3,2,1,0,3,4,2,3,3,5,4,4,2,3,4,4,2,2,4,5,4,5,4,5,1,0,4,4,3,5,2,3,3,4,3,3,3,4,3,4,4,3,3,3,3,2,3,2,3,3,3,3,3,3,1,2,1,2,0,3,2,3,2,2,4,4,3,3,3,3,3,3,2,4,4,4,4,4,4,4,4,3,3,4,3,3,3,3,3,4,4,3,4,5,2,2,2,2,2,2,2,2,2,1,3,3,3,3,2,7,6,7,4,4,5,7,3,3,1,34,2,1,1,1,40,3600,3000,0,832201,냉동공조기능사 기술 변화 요인,기계
29091,4,5,4,6,2,3,5,6,2,3,2,4,1,0,4,4,3,5,2,3,2,3,4,4,4,4,4,5,5,5,4,5,4,6,4,6,4,4,4,6,4,6,4,5,5,6,3,4,4,4,3,4,4,4,3,5,4,4,5,5,2,3,3,4,4,4,4,5,4,5,4,6,3,4,3,5,4,4,3,5,3,4,3,5,2,4,3,3,3,5,3,2,3,1,3,4,3,2,3,2,4,19,1,6,2,1,3,3,4,4,2,2,4,4,2,2,2,3,4,3,2,4,4,5,4,5,4,4,5,2,3,4,4,5,4,5,5,5,4,4,4,4,2,2,2,2,2,2,1,1,1,3,2,1,1,3,1,9,8,8,2,2,1,2,2,8,1,27,3,1,1,1,40,2800,2000,0,832201,가전제품 품목별로 S과정이 다르기 때문에 3개월이상 교육이 필요하다 코로나 매출 감소 직원 구조 조정 단행 업무 폭증 스트레스 가전제품 요원 필요 요원,전기전자
29092,3,5,3,4,1,0,3,3,2,2,3,3,3,3,2,2,2,2,2,3,2,2,3,4,3,4,3,4,4,4,3,4,4,4,1,0,3,4,5,4,3,4,3,3,5,4,1,0,1,0,1,0,3,4,1,0,5,5,4,5,1,0,2,2,3,4,4,4,4,4,3,4,1,0,3,4,4,5,3,4,3,4,3,4,3,3,3,3,4,3,3,2,3,2,2,4,3,5,4,3,3,10,1,2,1,1,2,7,3,3,3,3,3,3,2,2,3,3,4,3,2,4,4,4,3,4,4,3,4,3,3,5,3,4,4,4,5,4,4,3,4,5,2,2,2,2,2,2,2,2,2,2,3,3,3,3,2,5,7,7,6,5,4,6,5,5,1,41,4,1,1,1,44,4000,3000,0,136002,정보통신기사 정보통신산업사 방송기술분야교육 시스템 자동화,방송영상학
29093,1,0,1,0,1,0,2,4,1,0,1,0,3,4,1,0,3,4,3,4,3,4,4,5,4,5,4,5,3,5,3,5,3,4,2,4,5,4,1,0,4,4,4,5,3,4,1,0,1,0,4,5,3,4,1,0,1,0,1,0,1,0,1,0,1,0,1,0,1,0,1,0,4,5,1,0,1,0,1,0,3,4,1,0,1,0,1,0,5,4,4,3,4,2,4,5,3,3,5,4,3,18,1,3,2,2,0,7,5,3,3,3,2,5,4,4,4,4,4,4,1,4,4,4,2,3,3,4,2,3,3,4,4,5,3,3,4,3,3,2,4,3,2,2,2,2,2,2,2,2,2,1,2,2,2,3,1,7,8,8,7,3,3,7,3,7,1,36,2,1,1,1,48,4600,3000,0,420101,관심 영향 코로나 운영 때문,체육
29094,4,5,3,5,3,5,3,5,3,5,2,2,4,6,3,5,3,5,4,6,2,3,4,6,4,6,3,5,4,6,2,2,2,2,3,5,4,6,2,2,2,3,2,2,3,4,3,5,3,5,4,5,2,3,2,2,2,2,2,2,4,5,4,5,3,5,4,6,4,5,4,6,4,5,4,5,1,0,1,0,3,4,3,3,3,3,3,4,3,3,4,3,4,3,3,3,2,4,3,3,3,13,1,2,1,1,4,6,5,4,4,4,4,4,2,3,3,3,3,3,1,5,5,4,1,3,3,1,4,3,4,4,4,4,4,4,4,4,1,2,3,4,2,1,2,2,2,2,2,2,2,2,4,3,3,3,2,3,3,3,5,5,5,2,2,5,1,32,5,1,1,1,48,3500,3000,0,155305,소음진동기술사 소음진동기사 신규 법규 정책 숙지 장비 교육 프로그램 교육 보고서 작성 방법 조건 분석 모델링 프로그램 도입 환경오염 계속 것임 환경 개선 대책,환경공학
29095,3,3,3,4,1,0,2,2,1,0,3,4,1,0,3,4,5,7,4,6,3,4,2,3,4,5,1,0,1,0,4,5,1,0,1,0,1,0,3,4,4,5,5,7,3,4,1,0,2,2,1,0,2,3,2,3,3,4,3,3,1,0,1,0,5,6,2,3,5,7,4,5,1,0,5,6,5,7,5,6,4,6,3,4,4,5,4,5,5,5,5,4,5,2,3,5,4,5,4,5,5,15,2,2,1,1,4,5,5,4,5,4,4,5,4,4,3,3,4,4,3,4,4,4,3,3,4,4,3,4,3,5,5,4,4,4,4,5,4,4,5,4,2,2,2,2,2,2,2,2,2,2,4,3,3,3,2,3,3,2,2,1,2,3,4,3,1,49,4,1,1,1,48,7900,3000,0,621102,계기비행 자격증 관제영어교육 동성 때문 능률 생각 기업 구매,기계공학
29096,5,6,5,6,5,6,4,6,4,6,5,6,4,6,5,6,5,6,4,6,5,6,4,6,4,5,4,6,5,6,4,5,4,6,5,6,4,5,4,6,4,6,4,5,4,6,4,5,4,6,4,5,4,5,4,5,4,5,4,6,4,6,4,6,4,5,4,5,4,6,4,6,4,5,4,5,4,5,3,4,3,5,4,5,4,5,3,4,3,3,3,3,3,3,4,3,3,4,3,3,3,15,2,5,2,2,0,5,6,3,3,3,4,4,4,3,3,3,3,4,3,3,3,3,3,3,3,3,3,3,4,3,3,3,3,3,3,3,2,3,3,4,2,2,2,2,2,2,2,2,2,2,3,3,3,3,2,2,3,5,5,4,5,2,2,5,1,51,5,1,1,1,50,7000,3000,0,155103,상태 유지,기계공학
29097,4,4,4,3,1,0,4,4,3,4,3,4,1,0,3,3,2,2,1,0,2,3,3,3,3,4,1,0,5,4,3,4,3,4,3,4,1,0,3,5,4,2,3,3,3,3,4,5,3,4,1,0,1,0,1,0,3,5,1,0,1,0,1,0,1,0,1,0,1,0,1,0,1,0,2,3,3,3,1,0,2,4,2,3,3,3,2,4,4,4,3,3,3,2,4,4,3,2,2,4,4,7,4,1,2,2,0,7,1,2,1,2,4,2,3,3,9,9,9,3,2,4,4,3,2,3,3,4,3,4,2,4,3,3,3,2,3,4,4,3,5,3,2,2,2,2,2,2,2,2,2,1,4,2,2,2,2,8,6,7,3,7,6,4,3,5,2,63,1,2,6,1,60,0,0,2500,872201,인시 대가 일자리 증가,0
29098,4,5,4,5,5,6,4,4,3,4,3,4,4,4,5,5,4,5,4,3,5,5,4,4,4,4,3,4,3,3,4,4,3,2,3,3,5,5,2,2,3,2,2,2,4,4,2,2,3,2,4,4,3,3,4,4,2,2,2,2,3,2,3,3,4,4,3,4,3,4,3,2,4,4,4,3,3,2,3,3,3,2,2,2,3,3,2,3,3,3,4,3,4,3,3,4,3,3,4,3,2,10,1,4,2,2,0,4,5,4,3,3,4,3,3,3,3,4,4,3,4,4,4,4,2,2,2,1,3,3,5,4,2,3,3,3,3,4,2,2,3,3,2,1,2,2,2,2,2,2,2,2,2,3,3,3,1,5,5,5,5,5,5,3,3,5,1,34,4,1,1,1,48,3800,2800,0,135001,문제 탐색 정보 수집 프로그램 도입 인공 지능 발전 일자리 감소,컴퓨터공학
29099,1,0,1,0,1,0,2,2,4,3,4,3,2,3,2,3,4,3,4,6,4,3,3,3,3,3,3,3,4,3,4,3,4,3,3,3,4,3,2,2,4,3,5,5,2,5,3,3,3,3,2,4,3,3,3,5,3,4,4,3,4,4,3,3,2,2,4,6,5,3,4,3,2,2,4,3,3,3,3,3,2,3,3,3,5,3,4,3,5,3,3,2,3,3,3,4,2,3,3,2,4,15,2,2,1,1,2,7,4,4,4,4,4,4,4,4,4,4,4,4,2,4,4,4,3,4,3,3,3,3,2,4,4,4,3,4,4,4,4,4,4,4,2,2,2,2,2,2,2,2,2,1,3,3,3,3,2,6,6,5,4,3,3,5,6,6,1,54,3,1,1,1,42,6400,3330,0,140601,지적기술사 측량기술사 지적 측량 실무교육 재건축 지형 변화 고용 그대로 유지,지적학
29100,4,6,4,6,4,5,4,5,4,6,4,5,4,5,4,5,4,4,4,5,3,5,4,4,3,5,3,5,4,4,3,4,4,5,4,4,4,5,4,4,3,4,3,4,4,5,4,4,3,4,3,4,3,3,4,5,3,4,3,4,3,4,4,5,3,3,3,4,3,4,3,4,4,4,3,4,3,4,3,3,3,3,2,3,4,6,4,5,4,4,4,3,4,3,3,4,4,3,4,3,3,15,2,6,1,1,1,7,4,3,4,3,4,4,4,3,5,4,4,4,2,5,4,4,3,4,3,4,3,3,4,4,3,4,4,3,4,3,4,3,4,4,2,2,2,2,2,2,2,2,2,1,2,2,2,2,1,3,7,6,5,7,6,4,7,6,1,40,4,1,1,1,40,5600,2000,0,23301,관세사 각종 법규 공부 인구 감소,행정학
29101,3,4,3,3,3,4,3,4,3,4,3,4,3,4,3,4,3,4,3,5,3,4,3,4,3,4,3,4,3,4,3,4,3,4,3,4,3,4,3,4,3,4,3,4,3,4,3,4,3,4,3,4,3,4,3,4,2,3,2,3,3,4,3,3,2,3,3,3,2,2,2,2,3,4,2,2,2,2,2,2,2,2,2,2,2,2,2,2,4,4,3,3,3,3,2,3,3,4,4,3,4,11,1,5,1,2,0,3,5,3,2,2,2,2,2,2,2,2,2,2,3,4,2,3,3,3,3,3,3,4,2,4,2,2,2,4,4,4,3,2,4,4,2,2,2,2,2,2,2,2,2,3,1,1,1,2,1,3,3,3,3,3,3,3,3,3,1,37,4,1,3,1,52,7000,4000,0,32201,투자상담사 선물거래사 발전,경제학
29102,3,4,4,5,2,2,2,2,3,4,3,4,4,5,3,4,4,5,3,4,3,4,2,2,4,5,3,4,2,2,2,3,3,4,2,3,2,3,2,2,3,4,4,5,3,4,3,4,4,5,4,5,5,6,5,6,4,5,4,5,2,4,2,2,2,3,2,3,4,5,4,4,3,4,4,5,3,3,3,4,3,4,3,4,3,4,3,4,4,3,4,3,3,4,4,3,3,3,3,2,3,6,1,2,1,1,3,6,5,4,4,2,4,4,3,3,3,3,3,3,2,4,4,4,3,4,3,2,4,3,3,4,4,4,3,4,4,4,4,3,4,4,2,2,2,2,2,2,2,2,2,2,3,2,2,2,2,9,8,2,2,2,2,2,8,8,1,49,4,1,1,1,52,3600,2200,0,701602,문화재수리기능사 전통한식 건조물 설계 신축 전통 건축 기법,건축학
29103,3,4,2,3,2,2,3,4,2,2,1,0,1,0,1,0,2,2,2,2,1,0,3,3,2,3,3,4,3,4,3,4,1,0,1,0,1,0,3,4,3,3,3,4,3,3,1,0,1,0,1,0,1,0,1,0,1,0,1,0,2,2,3,4,1,0,1,0,1,0,1,0,2,2,2,3,2,1,2,2,1,0,2,3,2,3,2,2,4,3,2,3,2,4,1,4,2,3,3,2,1,18,1,1,2,2,0,3,4,2,3,4,3,4,2,3,2,4,4,3,2,3,3,3,2,2,2,4,3,4,3,3,2,4,3,2,4,3,2,4,4,4,2,2,2,2,2,2,2,2,2,2,3,3,2,2,1,6,4,5,5,5,5,5,5,6,2,44,4,1,1,1,50,3000,2200,0,521201,다시 복구,일본어
29104,1,0,1,0,1,0,1,0,1,0,1,0,3,4,2,3,2,3,2,3,1,0,2,3,2,3,1,0,1,0,1,0,1,0,1,0,1,0,1,0,1,0,1,0,2,3,1,0,1,0,1,0,1,0,1,0,2,3,1,0,1,0,1,0,2,3,3,4,1,0,1,0,1,0,2,3,2,3,3,4,2,3,1,0,2,3,3,4,3,3,3,4,3,3,4,3,3,2,3,3,3,13,1,2,1,2,0,7,5,4,3,3,4,3,4,3,3,4,3,3,3,3,4,4,3,3,2,3,4,4,4,3,3,4,3,3,2,3,3,4,3,3,2,2,2,2,2,2,2,2,2,2,3,2,2,3,1,5,5,4,5,6,5,5,4,6,1,59,4,1,1,1,42,4319,2980,0,416601,방송통신산업기사 미디어 매체 증가,영상예술학
29105,3,5,3,5,3,3,3,3,3,4,3,5,1,0,2,3,3,5,1,0,3,5,3,4,3,4,1,0,2,3,4,4,4,6,5,6,3,4,3,3,3,3,4,5,3,5,1,0,1,0,1,0,1,0,1,0,1,0,1,0,2,3,1,0,1,0,1,0,1,0,1,0,1,0,1,0,1,0,1,0,2,3,1,0,3,5,3,3,4,2,2,3,2,4,3,3,2,4,3,3,2,3,1,3,1,1,3,3,5,3,3,3,3,3,2,3,3,3,3,3,2,3,3,4,3,3,4,2,4,3,4,4,3,4,4,4,3,3,3,3,4,4,2,2,2,2,2,2,2,2,2,2,4,3,2,2,2,4,4,4,6,4,5,4,6,5,1,32,4,1,1,1,40,3000,2700,0,28101,무역영어 관세 절차 외국어 능력 함양 무역 경기 점차 코로나 종식 수출,무역학
29106,5,7,4,7,3,7,5,5,5,6,5,6,2,5,5,3,5,5,2,3,4,6,3,6,5,7,5,4,4,6,4,5,5,7,4,6,5,7,4,6,4,7,5,7,3,5,2,2,2,3,5,4,4,6,4,6,3,3,2,3,5,6,3,4,4,5,2,2,4,6,3,4,3,4,4,6,3,5,2,3,5,5,1,0,3,4,1,0,5,2,2,2,3,2,2,4,1,5,5,1,3,17,2,3,1,1,6,6,6,3,1,1,4,4,1,2,1,1,4,2,4,1,3,4,4,1,4,1,2,1,5,5,2,4,4,4,3,2,1,1,1,4,2,1,1,2,2,2,2,1,2,2,1,2,1,2,2,1,1,1,3,2,8,2,2,7,1,30,4,1,3,1,42,5200,4000,0,301101,의사 전문의 의학 분과 전문의학 소생의학 인공 지능 발달 단순 반복 업무 대체 효율 개선,의학
29107,2,1,2,3,2,2,4,3,2,2,2,4,1,0,2,2,2,2,1,0,1,0,1,0,2,2,1,0,3,3,1,0,3,3,3,4,1,0,5,3,2,2,3,3,1,0,3,3,3,3,1,0,1,0,1,0,3,3,1,0,1,0,2,2,1,0,1,0,1,0,1,0,1,0,2,2,1,0,1,0,1,0,2,2,3,3,3,3,3,4,3,3,2,2,3,3,3,2,3,2,3,7,1,1,2,2,0,2,5,3,4,4,5,3,3,3,9,9,9,3,3,5,3,4,3,4,4,5,4,5,3,3,2,3,4,3,3,4,4,3,4,4,2,2,2,2,2,2,2,2,2,4,2,3,3,3,1,9,9,8,4,3,4,5,3,4,1,68,2,2,5,1,50,0,0,7200,615101,경기 불황,문과
29108,3,4,4,4,3,4,3,4,2,3,3,3,5,5,3,3,3,3,3,4,3,4,3,4,4,5,4,5,4,5,3,4,3,3,3,4,4,5,4,4,3,3,4,4,4,5,4,5,5,4,4,4,3,4,3,4,3,3,3,4,4,4,3,4,3,3,2,2,2,2,2,2,3,4,3,4,3,3,2,3,4,4,2,4,2,3,1,0,5,4,4,4,4,3,3,4,3,3,4,3,3,13,1,2,2,2,0,4,4,4,3,3,5,4,4,3,3,4,4,3,3,3,3,4,3,3,2,1,2,3,4,5,2,2,2,3,4,3,3,3,4,3,2,2,2,2,2,2,2,2,2,2,3,2,2,2,1,7,7,6,3,3,2,8,8,7,2,26,3,1,1,1,48,2600,2500,0,24404,컨벤션 센터 증가,피아노
29109,3,4,3,4,2,2,3,4,3,4,3,3,2,2,2,2,2,3,2,1,2,1,2,2,3,4,2,2,3,4,3,4,3,3,2,2,3,3,3,4,3,4,3,4,3,4,2,1,2,2,2,1,3,4,3,3,3,4,3,3,2,1,3,4,3,3,3,3,3,4,3,4,2,2,3,4,2,2,2,2,2,2,3,4,3,4,3,3,3,3,3,3,3,3,2,3,2,3,3,2,3,13,1,1,1,2,0,5,5,3,4,3,3,4,3,3,3,3,4,3,3,4,4,3,3,4,4,3,4,3,4,3,3,4,3,3,4,4,3,3,4,4,2,2,2,2,2,2,2,2,2,3,4,3,3,3,1,7,6,3,4,4,5,5,4,6,1,35,4,1,1,1,53,3200,2500,0,307301,안경사 자격증 미디어 발달 안경 연령,안경과학
29110,3,3,2,2,1,0,1,0,3,2,4,3,1,0,3,2,3,4,4,4,2,1,2,2,4,2,3,2,1,0,2,1,1,0,1,0,4,2,1,0,2,3,4,3,4,3,3,3,5,1,3,2,2,3,4,3,3,3,2,3,1,0,4,3,5,4,3,4,4,4,5,4,3,3,4,4,4,4,1,0,1,0,1,0,1,0,1,0,2,2,3,1,4,3,4,3,2,3,2,4,3,3,1,2,2,2,0,2,2,4,4,3,4,2,4,3,4,2,2,4,2,4,3,4,3,4,4,2,3,3,4,4,3,2,4,4,3,5,3,4,4,4,2,2,2,2,2,2,2,2,2,2,2,3,3,3,2,8,9,6,2,3,4,8,4,6,1,50,2,1,1,1,48,4900,3700,0,821101,업종 해외 이전 감소,문과
29111,3,2,3,2,3,2,3,3,2,2,2,2,2,2,2,2,1,0,3,3,3,2,2,2,3,2,2,2,2,2,2,2,2,2,2,3,3,3,3,2,1,0,2,1,3,2,3,2,1,0,1,0,1,0,1,0,1,0,1,0,4,4,1,0,1,0,1,0,1,0,1,0,1,0,1,0,1,0,1,0,1,0,1,0,1,0,1,0,3,4,4,4,4,4,4,4,4,4,4,4,4,11,1,2,1,1,2,1,5,4,3,4,4,4,3,3,3,2,3,3,2,4,4,3,3,2,4,3,3,3,4,4,5,4,5,4,3,4,4,3,4,3,2,2,2,2,2,2,2,2,2,1,3,1,1,1,2,4,5,5,5,5,7,5,5,5,1,34,4,1,1,1,40,5000,4000,0,32201,증권투자상담사 선물거래상담사 채권중개인교육 노후 대책 투자 증가,회계학
29112,1,0,1,0,1,0,1,0,3,4,1,0,1,0,1,0,1,0,5,6,1,0,1,0,5,5,1,0,1,0,1,0,1,0,1,0,1,0,1,0,3,4,3,4,2,3,1,0,4,5,1,0,3,4,1,0,4,4,4,5,1,0,1,0,3,3,4,5,4,5,4,4,1,0,4,4,4,5,4,5,5,6,5,6,5,6,4,4,4,3,5,4,3,1,5,3,2,2,3,4,5,1,1,1,2,1,5,5,1,4,2,2,5,4,2,4,9,9,9,4,2,4,5,5,4,2,4,1,5,2,5,5,4,5,4,3,4,5,3,2,5,1,2,2,2,2,2,2,2,2,2,1,1,3,3,3,2,9,9,9,1,1,9,5,5,4,2,68,1,2,5,1,40,0,0,3000,904201,잠수훈련 호흡훈련 노동,0
29113,4,4,4,5,3,4,2,2,4,6,4,4,1,0,3,3,2,3,3,5,2,2,3,3,2,3,2,3,1,0,1,0,1,0,1,0,1,0,1,0,2,3,1,0,1,0,2,2,2,3,3,4,3,3,3,5,3,3,2,3,3,4,3,5,3,3,3,4,2,3,2,2,3,3,2,3,1,0,1,0,1,0,1,0,1,0,1,0,4,3,2,4,4,3,4,3,3,4,3,3,4,6,1,2,1,2,0,1,5,4,3,3,5,4,4,4,3,4,3,3,2,3,3,4,4,3,4,2,4,2,2,4,4,5,4,4,3,4,4,3,3,4,2,2,2,2,2,2,2,2,2,1,2,2,2,3,1,3,6,6,4,4,4,4,6,6,1,52,4,1,1,1,40,5000,3600,0,140305,농업토목기술사 산림토목기술사 성장 추세 경기,토목학
29114,4,5,4,5,4,5,4,5,3,4,3,4,4,5,3,4,5,6,3,4,4,5,4,5,4,5,4,5,3,4,2,3,4,5,3,4,3,4,3,4,4,5,4,5,4,5,3,4,2,3,2,2,1,0,1,0,1,0,1,0,4,5,3,4,1,0,1,0,1,0,1,0,1,0,1,0,1,0,1,0,1,0,1,0,2,3,3,4,5,4,4,3,4,4,3,5,3,5,4,4,5,3,1,6,1,2,0,5,3,3,4,4,5,5,3,3,3,4,4,4,2,4,4,3,2,3,3,4,4,5,2,5,5,4,5,5,4,5,4,4,5,5,2,2,2,2,2,2,2,2,2,2,4,1,1,1,1,5,3,2,2,2,6,1,3,5,2,28,4,1,1,1,40,2800,2200,0,24301,유통관리사 거래 상거래관리사 모바일 통한 쇼핑 점차 증가 상품 소개 영역 일자리,무역유통학
29115,5,6,5,6,5,6,5,6,3,5,5,6,4,4,5,7,5,6,4,5,5,6,4,5,4,5,4,5,5,5,5,6,5,5,5,4,3,5,4,5,5,6,5,4,5,4,1,0,1,0,3,3,1,0,1,0,1,0,1,0,2,4,1,0,1,0,1,0,1,0,1,0,1,0,1,0,1,0,2,7,3,7,3,5,4,5,3,4,4,4,3,1,1,1,5,3,1,3,5,5,2,15,2,5,1,2,0,7,5,4,3,1,2,3,4,1,2,5,5,3,4,3,1,5,3,1,2,2,3,5,3,5,2,1,1,1,1,4,1,1,3,4,2,2,2,2,2,2,2,1,2,1,3,3,3,3,2,5,5,5,5,5,5,4,8,8,1,31,4,1,1,1,58,4000,2000,0,240101,1종 보통 면허증 자동차 변화 현장 대응 방법 달라짐 대체 업무,경찰행정학
29116,4,5,4,4,1,0,3,4,2,4,3,3,3,3,4,5,5,6,3,5,3,4,3,4,5,6,1,0,1,0,1,0,1,0,1,0,3,3,3,3,2,3,1,0,1,0,1,0,2,2,3,3,2,2,2,2,4,5,4,6,2,1,2,2,3,5,3,5,4,6,5,7,3,3,5,6,4,5,3,5,4,5,4,6,4,6,4,6,4,4,3,4,3,4,4,5,2,4,4,4,3,8,1,6,1,1,6,7,5,4,3,3,2,3,3,4,4,4,4,4,1,4,3,4,5,5,4,3,4,4,3,5,4,3,3,2,4,5,4,4,4,2,2,2,2,2,2,2,2,2,2,1,5,2,2,2,2,8,3,2,1,3,1,9,2,3,1,54,4,1,1,1,40,8200,3500,0,812101,항공정비사 정비판단 비교 검사 교육 훈련 저가항공사 등장 항공 고객 수요 증가,항공정비
29117,5,6,5,7,3,5,5,6,4,6,4,5,2,4,3,6,4,6,1,0,2,3,5,6,5,5,1,0,4,5,5,6,3,4,1,0,1,0,2,3,5,5,4,6,5,6,3,5,4,4,1,0,4,5,1,0,5,3,3,5,3,4,1,0,5,3,4,5,4,2,4,3,1,0,5,6,3,4,1,0,1,0,1,0,3,4,3,4,4,5,4,4,3,4,4,3,3,5,4,3,4,13,1,4,2,2,0,2,6,3,4,3,3,3,4,3,3,4,5,3,4,2,2,1,3,5,1,3,3,4,2,4,5,4,3,3,4,4,4,4,5,4,1,1,1,1,1,1,1,2,2,2,3,3,3,3,2,2,3,1,8,1,1,4,5,5,1,32,5,1,1,1,40,3600,3200,0,122102,제품 중금속 강화 위해 장비 도입 일회용 안제 제조 장비 구매 개발 연구 변화 계속 연구,생명공학
29118,2,2,3,4,2,1,3,3,3,3,1,0,2,2,1,0,2,2,1,0,1,0,2,2,3,3,2,2,3,4,2,3,2,2,2,3,3,4,3,4,3,4,3,4,3,3,3,4,2,3,3,4,2,2,2,1,1,0,1,0,1,0,1,0,2,3,3,4,2,3,1,0,1,0,3,4,2,2,3,3,2,2,2,3,2,2,2,1,4,3,4,2,3,4,1,4,3,2,3,1,4,19,4,1,1,2,0,5,2,2,3,5,5,4,3,3,9,9,4,4,3,4,5,2,2,3,2,4,5,5,3,4,2,3,2,1,2,4,3,1,3,3,2,2,2,2,2,2,2,2,2,3,2,2,2,2,1,6,7,6,6,4,3,3,4,3,2,40,3,2,6,1,40,0,0,3900,511302,네일 자격증 셀프,피부미용
29119,1,0,1,0,1,0,1,0,1,0,1,0,1,0,2,3,1,0,1,0,1,0,1,0,1,0,1,0,1,0,1,0,1,0,1,0,1,0,1,0,1,0,1,0,2,3,1,0,1,0,1,0,1,0,1,0,1,0,1,0,1,0,4,5,3,4,4,5,1,0,4,4,3,4,1,0,2,3,1,0,1,0,1,0,2,3,1,0,3,3,3,4,3,3,3,3,3,3,3,2,3,6,1,2,1,2,0,7,4,3,3,3,4,3,3,3,4,4,3,4,3,3,3,3,4,3,3,4,3,3,3,3,3,4,3,3,4,3,3,3,3,4,2,2,2,2,2,2,2,2,2,1,2,2,3,3,1,4,4,3,6,5,4,4,6,5,1,56,4,1,1,1,44,5101,3105,0,140701,건설재료시험기능 침체,건축학
29120,2,3,2,1,1,0,2,3,1,0,2,3,1,0,3,3,3,3,3,3,1,0,2,2,2,4,2,3,3,2,2,3,1,0,1,0,3,4,2,1,3,3,1,0,3,3,1,0,2,2,2,3,2,1,2,2,3,2,1,0,1,0,1,0,2,3,2,2,1,0,2,3,1,0,2,3,3,2,3,4,2,2,2,1,3,2,2,3,4,2,3,3,2,3,3,4,2,3,2,2,3,3,1,3,2,1,3,2,1,3,3,3,4,4,2,3,3,2,4,3,4,2,3,3,4,2,3,4,3,5,3,4,3,2,1,2,3,5,2,1,3,4,2,2,2,2,2,2,2,2,2,2,2,3,3,3,1,8,5,7,3,4,7,6,4,4,1,32,2,1,1,1,40,3000,2200,0,826201,점토생산기계 조작훈련 자동화 대형화 일자리 감소,문과
29121,3,5,5,4,3,3,4,4,5,5,5,5,3,5,2,4,3,3,5,4,2,3,1,0,5,5,3,2,5,5,5,4,4,2,1,0,4,4,4,5,2,3,1,0,3,2,5,3,4,4,1,0,1,0,1,0,4,3,1,0,1,0,5,4,1,0,1,0,1,0,1,0,1,0,1,0,4,2,4,3,4,3,5,3,5,3,5,4,4,1,2,1,2,1,1,2,3,2,4,3,3,7,4,1,2,2,0,2,4,3,3,3,5,4,3,3,9,9,4,4,2,3,3,3,4,3,3,2,4,3,4,4,3,3,2,4,3,5,3,2,4,5,2,2,2,2,2,2,2,2,2,2,2,3,2,2,2,5,6,7,4,5,6,7,4,5,1,52,3,2,6,1,50,0,0,4500,615101,무인 판매,기계공학
29122,1,0,2,3,1,0,2,3,1,0,1,0,4,5,2,3,3,4,3,4,1,0,3,5,4,4,3,4,2,3,2,3,1,0,1,0,4,4,1,0,1,0,1,0,1,0,1,0,1,0,2,3,1,0,1,0,1,0,1,0,1,0,1,0,1,0,1,0,1,0,1,0,1,0,3,4,3,4,4,5,4,5,4,5,2,3,3,4,4,3,3,4,3,2,3,3,3,3,3,2,3,15,2,4,2,2,0,7,5,4,3,3,4,3,4,3,3,4,4,3,2,3,3,4,3,3,2,3,3,3,3,3,3,4,2,3,3,4,3,3,3,3,2,2,2,2,2,2,2,2,2,2,2,2,2,2,1,7,5,4,5,5,4,6,4,4,2,45,4,1,1,1,40,4301,2620,0,414702,무대,무용학
29123,2,2,2,3,2,2,3,3,3,3,3,4,2,2,2,2,3,4,1,0,2,3,2,4,3,3,1,0,5,4,4,4,3,4,4,4,3,3,3,3,3,3,4,4,3,4,2,2,3,3,3,4,1,0,1,0,1,0,1,0,4,4,3,5,1,0,1,0,1,0,1,0,1,0,1,0,1,0,1,0,1,0,1,0,3,2,2,2,3,3,2,3,4,4,2,5,3,5,4,3,3,8,1,5,1,1,4,4,4,4,4,4,4,4,4,2,2,3,3,3,1,4,3,3,4,3,2,3,3,4,4,5,4,5,4,4,5,4,5,4,4,4,2,2,2,2,2,2,2,2,2,2,2,1,1,1,1,6,7,5,5,4,5,2,4,4,1,40,4,1,1,1,42,3500,2500,0,26103,마케팅조사분석사 고객관리 CRM 판촉기획 인공 지능 대체,국제통상학
29124,1,0,1,0,1,0,1,0,1,0,1,0,1,0,3,4,2,2,2,3,1,0,2,4,2,4,3,4,1,0,1,0,1,0,1,0,2,3,1,0,3,3,1,0,1,0,1,0,1,0,1,0,1,0,1,0,3,3,2,3,1,0,1,0,1,0,3,4,3,4,3,3,1,0,3,4,3,4,2,3,3,4,2,3,2,3,1,0,3,2,4,3,2,2,4,2,2,3,3,3,3,3,1,3,1,2,0,3,3,3,2,2,4,3,2,4,3,3,3,3,2,3,3,4,2,2,4,4,4,4,2,4,3,4,3,2,3,4,3,3,4,4,2,2,2,2,2,2,2,2,2,1,3,3,3,3,2,6,6,5,5,4,4,8,2,2,1,42,4,1,1,1,54,4800,4200,0,825101,건축도장기능사 건물 노후 일자리 변화,산업디자인학
29125,2,3,3,3,2,2,2,3,3,4,2,3,3,4,3,3,2,2,1,0,3,4,2,3,3,3,2,2,2,3,2,3,2,2,2,3,2,2,3,3,2,2,2,2,2,2,2,2,2,3,2,2,3,4,2,2,2,3,2,4,4,6,2,2,2,4,2,3,2,3,2,2,3,3,2,2,1,0,1,0,1,0,1,0,2,3,1,0,4,3,2,3,3,5,3,4,3,3,2,3,3,13,1,2,1,1,1,3,4,4,4,4,4,3,3,3,4,4,4,4,2,3,4,3,2,4,5,3,3,4,3,4,3,3,3,4,4,3,2,1,4,4,2,2,2,1,2,2,2,2,2,1,3,3,3,3,1,4,3,3,4,4,5,4,5,5,2,37,4,1,1,1,40,3800,2600,0,133301,정보처리기사 NCS기반 마케팅 커뮤니케이션 개발 아이디어 서비스 발전 추진 업무 로움 프로그래머,응용소프트웨어공학
29126,3,3,4,5,2,2,2,3,2,2,3,4,3,3,5,6,4,5,5,5,4,4,2,3,4,5,2,2,3,3,4,5,3,4,1,0,3,4,4,6,4,4,5,4,5,4,1,0,1,0,2,3,3,3,1,0,5,6,4,5,2,3,1,0,5,3,5,3,4,5,5,6,3,4,4,5,4,5,4,5,5,5,4,4,5,5,5,5,4,4,2,3,5,1,5,3,2,3,4,4,3,15,2,3,1,1,2,7,5,5,3,3,4,4,2,2,3,4,5,4,1,5,4,4,4,3,4,3,4,2,3,5,4,4,5,5,4,4,4,3,4,4,2,2,2,2,2,2,2,2,2,1,4,3,3,3,2,6,6,6,5,5,5,6,6,5,1,40,2,1,1,1,55,4800,2400,0,240201,소방설비기사 위험물기능사 화재감식기사 구조 구급 훈련 화재진압 필요한 훈련 사회 변화 소방 수요 증가,인문계
29127,1,0,1,0,1,0,1,0,1,0,1,0,1,0,1,0,1,0,1,0,1,0,1,0,4,5,1,0,3,4,1,0,1,0,1,0,1,0,4,5,1,0,1,0,1,0,1,0,1,0,1,0,1,0,1,0,1,0,1,0,1,0,1,0,1,0,3,4,3,3,3,3,1,0,5,5,1,0,1,0,3,4,3,3,4,4,1,0,4,4,4,3,3,2,3,2,3,4,3,4,3,19,1,1,1,2,0,5,4,4,3,2,4,3,3,3,3,4,3,3,3,4,3,3,3,2,3,2,3,4,5,4,4,4,3,3,5,4,3,4,4,4,2,2,2,2,2,2,2,2,2,1,3,2,2,2,2,7,5,6,4,6,5,4,6,5,2,35,3,1,1,1,40,2500,1700,0,511301,스킨케어 자격증 상황 유지,에스테틱학
29128,3,5,4,5,3,3,4,4,3,3,2,3,2,2,3,3,4,5,2,2,2,3,4,5,2,2,2,3,3,4,3,3,3,3,1,0,5,6,4,5,3,3,2,2,3,5,2,2,2,2,1,0,1,0,1,0,1,0,1,0,3,3,1,0,1,0,1,0,1,0,1,0,1,0,1,0,1,0,1,0,1,0,3,3,2,4,3,5,4,5,3,3,4,5,3,3,3,3,4,4,2,16,5,2,2,1,2,7,5,4,4,3,3,4,2,3,3,3,4,3,3,4,3,5,4,4,3,5,3,3,5,5,3,3,4,4,4,3,5,4,4,3,2,2,2,2,2,2,2,2,2,3,2,3,2,2,2,5,4,4,3,3,2,5,5,5,2,31,4,1,2,2,38,2400,2000,0,214501,제품교육 학습교육 저출산 온라인 교육 활성화,국어국문학
29129,5,6,5,7,5,6,5,6,5,6,5,6,5,7,5,6,5,7,5,7,5,7,4,6,5,6,5,6,4,6,3,5,3,5,3,4,3,5,3,5,4,4,4,6,4,5,5,5,3,4,3,4,3,4,3,4,4,5,1,0,1,0,1,0,1,0,1,0,1,0,1,0,1,0,1,0,1,0,1,0,1,0,1,0,1,0,1,0,4,4,4,4,3,4,4,4,3,3,4,3,3,15,2,5,2,2,0,2,6,3,3,3,4,4,4,3,4,3,3,4,3,3,3,3,3,3,4,3,3,4,4,3,3,4,4,4,4,3,3,3,3,4,2,2,2,2,2,2,2,2,2,4,3,3,3,3,2,2,4,3,5,3,3,3,3,3,2,34,4,1,1,1,40,3800,3000,0,122105,상태 유지,산림
29130,5,7,5,7,5,6,5,6,5,6,5,6,5,6,4,6,4,7,5,6,5,6,5,7,5,6,5,7,5,6,5,6,5,7,5,6,5,6,5,6,5,7,5,6,5,7,4,6,4,6,4,5,4,6,2,3,3,4,3,4,2,3,2,4,3,4,3,3,3,4,3,3,2,3,3,4,2,2,1,0,1,0,1,0,2,3,1,0,3,3,3,3,3,4,4,3,3,4,4,3,3,15,2,4,2,2,0,4,5,3,3,3,4,4,4,3,3,4,4,4,3,3,3,3,3,3,2,2,3,3,4,3,3,3,3,3,2,4,4,2,4,5,2,2,2,2,2,2,2,2,2,2,3,3,3,3,2,2,2,5,5,7,3,3,4,7,2,34,4,1,1,1,40,3600,3000,0,110203,상태 유지,교육학
29131,5,6,5,5,4,5,5,6,4,5,4,5,5,5,3,4,4,5,2,3,4,5,4,5,4,5,4,6,4,6,4,5,4,5,4,5,5,5,4,5,3,4,4,5,4,5,4,4,2,3,4,5,2,3,2,2,2,3,2,2,2,2,2,2,1,0,1,0,1,0,1,0,2,2,1,0,2,2,2,2,2,2,2,2,2,2,2,2,5,4,4,4,5,5,4,4,4,5,4,4,4,16,5,5,2,2,0,6,7,5,5,5,5,5,4,4,4,4,5,4,1,5,5,3,4,3,4,4,4,4,4,4,5,4,4,5,5,4,4,4,4,3,2,2,2,2,2,2,2,2,2,2,2,3,3,3,1,3,4,4,7,6,5,5,6,5,1,56,6,1,1,1,38,7500,5000,0,211101,인공 지능 사용 대학 교육,경영학
29132,2,2,2,2,2,3,2,3,2,3,2,3,2,3,2,3,2,2,4,6,3,3,2,3,2,3,3,4,2,3,2,3,2,3,3,4,3,4,2,3,2,3,2,3,2,3,2,3,2,3,2,3,3,4,3,5,3,4,3,4,3,5,3,4,2,3,3,4,2,3,2,3,3,4,3,4,3,4,3,4,2,3,3,4,2,3,2,3,4,3,4,4,4,2,3,4,3,4,3,4,4,6,1,3,1,2,0,2,5,4,4,3,5,4,4,4,5,4,4,4,2,4,4,4,3,4,3,4,4,3,4,3,4,4,4,4,3,4,4,3,4,3,2,2,2,2,2,2,2,2,2,2,2,3,3,3,2,3,7,6,4,6,4,7,4,6,1,35,4,1,1,1,40,3900,3100,0,140206,건설안전기사 세계 경기,건축학
29133,2,3,2,3,1,0,2,2,2,2,2,2,1,0,2,2,2,2,2,3,2,3,2,3,2,3,2,3,2,3,2,3,2,3,2,3,2,2,2,2,2,2,2,2,2,2,2,2,2,3,2,3,2,2,2,3,2,3,2,3,2,3,2,3,2,3,2,3,2,3,2,3,2,3,2,2,2,3,2,2,2,3,1,0,3,4,2,4,3,3,2,3,3,3,3,2,3,3,3,2,2,17,1,1,2,1,4,4,2,3,2,2,2,2,2,3,2,3,3,3,4,3,3,4,5,4,4,4,5,4,2,4,5,4,4,4,5,4,4,4,4,4,2,2,2,2,2,2,2,2,2,1,3,2,2,2,2,7,3,6,5,4,6,7,4,4,2,28,2,1,3,2,50,2640,2160,0,511502,동물에 대한 지식 지금,문과
29134,4,6,4,6,3,5,3,5,4,6,3,5,3,5,2,4,4,6,1,0,4,6,3,5,3,5,2,4,1,0,1,0,1,0,1,0,2,4,2,4,3,4,3,5,2,4,2,4,2,2,1,0,4,6,3,5,3,5,2,4,3,4,3,5,3,5,3,3,1,0,3,5,3,5,3,5,2,4,3,5,3,3,3,3,5,7,1,0,4,4,3,4,4,3,4,3,4,4,3,3,4,13,1,4,2,2,0,2,6,4,4,3,5,4,4,4,3,4,5,4,2,4,4,3,4,3,5,4,3,4,3,4,3,4,3,4,5,4,3,4,5,4,2,2,2,2,2,2,2,2,2,2,4,3,3,3,2,4,6,8,5,7,6,4,6,8,1,37,6,1,1,1,40,4300,3800,0,121102,친환경 사업 확장 분야 증가,화학공학
29135,1,0,1,0,3,3,3,4,4,4,3,4,1,0,3,4,4,5,3,5,1,0,1,0,3,4,2,2,1,0,1,0,1,0,2,4,2,3,3,4,3,4,1,0,3,4,1,0,1,0,3,4,1,0,3,5,3,4,1,0,4,4,1,0,3,4,3,6,1,0,3,4,1,0,2,3,3,4,3,4,4,4,2,3,3,4,3,4,3,4,3,3,3,3,4,3,3,4,3,4,4,15,2,2,1,1,2,5,4,3,3,3,4,4,3,3,3,3,4,3,2,3,3,4,4,4,4,4,4,3,3,3,3,4,4,4,4,4,2,3,3,4,2,2,2,2,2,2,2,2,2,1,3,3,3,3,2,5,5,5,4,4,4,5,6,6,1,37,4,1,1,1,42,4200,3340,0,140601,지적기술사 측량기술사 지적 측량 실무교육 신도시 개발 빌딩 신축 고용 시장 안정,지적학
29136,3,5,4,5,3,4,4,5,3,4,5,4,1,0,4,5,3,4,1,0,3,5,4,4,2,3,1,0,4,4,3,4,3,4,4,4,3,4,3,4,4,4,3,4,3,4,1,0,1,0,1,0,1,0,1,0,1,0,1,0,3,4,1,0,1,0,1,0,1,0,1,0,3,4,1,0,1,0,1,0,1,0,1,0,2,4,2,3,3,4,3,3,4,4,5,3,4,3,4,4,4,19,1,2,1,2,0,7,5,4,4,4,4,4,4,4,3,3,4,4,2,4,4,5,4,4,5,4,2,1,2,4,4,5,4,5,4,4,4,3,4,4,2,2,2,2,2,2,2,2,2,1,4,3,2,2,2,5,4,4,3,4,3,4,5,6,1,43,4,1,1,1,45,4300,3500,0,22201,공인노무사 자격증 기업 정부 인사 노무 관련 영역 갈수록,행정학
29137,4,5,5,5,3,4,5,3,4,6,5,6,5,6,5,6,5,6,5,6,4,5,5,6,5,6,5,5,5,6,5,6,5,6,4,5,5,7,5,6,5,6,5,6,5,7,5,7,5,6,5,6,5,6,5,6,5,6,5,6,4,6,5,6,5,6,5,6,5,5,5,5,5,6,3,5,4,5,4,6,2,4,2,3,5,6,5,5,5,4,2,3,4,4,3,4,3,5,4,3,3,6,1,2,1,2,0,6,4,3,3,2,4,4,2,3,3,4,5,4,4,3,3,3,5,4,3,3,4,3,4,4,3,5,4,4,4,3,4,3,4,3,2,2,2,2,2,2,1,2,2,1,2,3,3,3,2,8,9,8,4,2,7,8,8,2,1,53,3,2,5,1,40,0,0,8500,16101,산업안전기사 건설안전기사 직원 감축 경기 침체,건설공학
29138,5,6,4,6,4,6,4,6,3,4,4,6,4,5,4,5,4,5,4,5,4,5,4,5,4,5,4,5,4,5,4,5,4,6,4,5,4,5,4,4,4,5,4,5,4,5,4,4,4,5,4,3,3,4,3,4,3,3,3,2,3,3,3,3,3,4,3,3,2,3,2,3,4,5,4,4,2,3,3,3,2,4,2,3,4,5,4,5,4,4,3,3,4,4,4,3,4,4,4,4,3,15,2,5,2,2,0,4,5,4,4,4,4,5,4,4,3,3,4,4,2,3,3,4,3,3,3,2,4,4,3,5,3,4,4,4,5,5,4,4,5,4,2,2,2,2,2,2,2,2,2,1,3,3,3,3,2,5,5,5,6,4,5,4,4,5,2,34,4,1,1,1,48,3800,2800,0,122301,농촌 경기 침체 장기,농업학
29139,5,6,4,6,4,5,4,5,4,5,5,6,4,5,3,5,4,5,3,4,4,5,4,6,5,5,3,5,4,5,4,4,3,4,2,3,4,5,4,5,4,6,4,4,3,5,3,4,3,4,4,5,3,4,1,0,1,0,1,0,3,4,2,3,2,3,1,0,1,0,1,0,3,4,2,3,2,3,3,4,2,4,2,3,4,4,3,4,4,3,3,4,4,4,5,3,4,3,3,4,4,15,2,5,2,2,0,7,5,4,3,3,4,4,4,5,4,3,3,4,1,4,3,3,2,3,2,1,5,4,4,4,3,3,4,3,3,4,4,3,5,5,2,2,2,2,2,2,2,2,2,1,3,3,3,3,2,4,5,5,6,5,5,4,5,5,2,44,4,1,1,1,48,5800,2800,0,122201,인공 지능 발전 대체 분야,화학공학
29140,3,3,3,4,2,1,3,3,2,2,1,0,2,1,2,2,3,4,1,0,1,0,2,2,3,4,2,2,3,4,3,4,2,2,1,0,1,0,2,2,3,4,3,4,2,2,1,0,1,0,1,0,1,0,1,0,1,0,1,0,1,0,1,0,1,0,1,0,1,0,1,0,1,0,2,3,3,4,2,2,2,3,2,2,2,3,2,3,4,5,2,3,4,2,4,5,2,3,4,2,2,17,1,3,1,2,0,3,2,4,3,2,4,3,2,3,2,4,4,3,2,3,2,3,2,3,4,3,4,2,4,3,2,4,5,3,4,5,2,3,4,3,2,2,2,2,2,2,2,2,2,2,4,3,3,3,1,6,7,6,6,4,4,2,2,6,2,55,2,1,1,1,52,2400,2300,0,550101,요양보호사 자격증 직접 케어 추세,문과
29141,2,3,2,3,1,0,1,0,1,0,1,0,1,0,1,0,3,3,1,0,1,0,1,0,1,0,3,4,1,0,1,0,1,0,1,0,1,0,1,0,1,0,1,0,1,0,1,0,1,0,1,0,3,4,3,4,4,5,4,5,1,0,3,4,4,4,4,4,3,5,4,5,1,0,1,0,1,0,1,0,3,4,1,0,1,0,1,0,4,3,2,3,3,3,3,4,3,3,4,2,3,3,1,3,2,2,0,7,2,2,4,3,3,3,3,4,4,4,4,4,2,4,3,4,3,3,4,3,4,3,3,4,3,4,2,3,4,3,3,2,4,4,2,2,2,2,2,2,2,2,2,2,2,3,3,3,1,7,8,7,3,3,4,8,5,3,1,48,3,1,1,1,40,3800,3300,0,826101,경기 악화,기계
29142,2,3,4,5,2,3,4,3,1,0,2,4,2,3,3,3,2,2,1,0,2,2,1,0,2,2,2,2,3,3,3,3,3,5,3,3,1,0,4,5,2,3,2,3,2,2,3,3,1,0,1,0,1,0,1,0,1,0,1,0,2,3,1,0,1,0,1,0,1,0,1,0,1,0,1,0,1,0,1,0,1,0,1,0,1,0,1,0,4,4,1,4,4,3,4,5,3,3,4,3,4,17,1,1,1,2,0,6,4,4,3,3,4,4,3,4,4,4,4,4,2,4,4,4,3,2,3,3,2,3,3,5,4,3,3,4,4,4,3,3,4,3,2,2,2,2,2,2,2,2,2,2,3,3,3,3,1,3,3,3,4,4,4,5,6,6,2,36,3,1,3,2,40,4000,2000,0,29202,병원코디네이터 상황 조언 일이 기계화 자동화 대체 일이,치위생
29143,3,3,2,3,1,0,2,2,1,0,2,3,1,0,4,5,5,7,4,5,5,6,3,4,3,4,1,0,1,0,4,5,2,2,1,0,2,3,3,3,4,5,5,7,3,4,2,3,1,0,2,2,2,2,3,4,2,2,3,4,1,0,1,0,4,5,3,4,5,6,5,7,1,0,5,7,4,5,3,4,2,3,3,4,4,5,4,5,5,5,5,3,4,4,4,4,3,4,4,5,4,8,1,6,1,1,4,4,5,4,5,4,4,4,4,5,4,5,5,4,4,4,3,4,4,3,3,4,3,3,4,4,5,4,4,4,4,4,5,4,5,4,2,2,2,2,2,2,2,2,2,1,4,2,2,2,2,3,2,3,3,7,7,8,8,7,1,41,4,1,1,1,50,10500,8500,0,621101,사업용 조종사 운송용 조종사 비행 훈련 시스템 훈련 항공 수단 증가,항공학
29144,2,3,2,2,1,0,1,0,1,0,1,0,1,0,2,3,1,0,1,0,1,0,1,0,3,4,3,2,2,2,1,0,1,0,1,0,1,0,1,0,1,0,3,3,1,0,1,0,1,0,1,0,1,0,2,2,3,3,1,0,1,0,1,0,2,2,3,4,3,4,2,3,1,0,3,4,3,4,2,2,3,4,2,3,3,3,2,3,4,2,3,3,3,2,4,2,3,2,3,3,4,3,1,4,2,2,0,2,2,3,4,3,5,4,3,3,3,4,5,4,2,3,3,2,3,2,3,4,3,4,3,3,3,2,3,3,4,4,3,1,3,4,2,2,2,2,2,2,2,2,2,2,2,3,3,3,2,8,8,6,5,3,3,5,4,5,1,27,2,1,1,1,40,3100,2700,0,826101,자동화 인력 수요 감소,문과
29145,3,3,4,4,1,0,1,0,1,0,1,0,1,0,3,4,3,3,1,0,1,0,1,0,3,5,1,0,1,0,2,2,1,0,1,0,2,3,2,2,2,3,2,3,1,0,1,0,1,0,1,0,1,0,1,0,1,0,1,0,1,0,1,0,2,3,4,3,4,3,4,3,1,0,3,4,3,4,3,4,3,3,2,2,4,2,2,3,2,3,2,3,3,2,3,3,2,1,1,2,2,3,1,2,2,2,0,7,1,3,2,2,3,2,1,3,1,3,3,3,3,3,2,3,2,2,3,3,4,5,3,5,2,3,3,4,4,5,5,3,4,4,2,2,2,2,2,2,2,2,2,2,2,3,3,3,2,7,7,6,5,5,4,6,4,5,1,32,2,1,1,1,48,3100,2200,0,864201,인건비 동남아 공장 이전,인문계
29146,4,4,4,4,3,4,4,5,3,4,3,4,2,4,2,4,4,5,2,4,3,4,2,4,4,5,3,4,4,5,3,4,3,5,4,6,3,5,4,5,4,5,3,5,4,5,3,4,3,4,3,5,3,4,2,3,3,4,2,4,4,4,2,4,2,4,3,3,3,4,3,3,3,4,2,3,2,4,4,4,2,4,3,3,2,3,2,4,3,3,4,3,4,3,4,3,4,3,4,4,4,12,1,1,1,1,2,3,2,4,4,4,5,4,4,3,3,4,4,4,2,4,4,4,4,3,4,2,4,2,4,4,4,3,3,3,4,4,4,3,5,3,1,2,2,2,1,1,1,2,2,3,5,2,2,2,2,8,5,6,5,6,6,7,7,4,2,63,2,2,5,1,50,0,0,3500,611001,공인중개사 양도세등 세무교육 인터넷 활용 인터넷 활용 정보 공유,인문계 문
29147,4,5,4,5,4,6,4,5,4,6,4,6,4,5,4,6,4,6,4,6,4,6,4,6,4,5,4,6,1,0,1,0,1,0,1,0,4,5,1,0,3,4,4,6,1,0,4,6,4,6,4,6,4,5,4,5,4,6,4,6,4,5,4,5,5,6,4,5,4,5,4,6,4,5,4,5,4,5,4,5,1,0,1,0,4,4,3,5,4,3,4,3,3,4,4,4,4,4,3,4,4,13,1,2,1,1,3,5,5,4,5,4,4,5,5,4,3,3,4,3,2,4,4,3,3,3,2,4,3,4,4,5,4,4,4,4,5,5,4,4,5,4,2,2,2,2,2,2,2,2,2,2,3,2,2,3,1,2,2,2,5,5,5,7,4,4,1,40,5,1,1,1,40,6000,2500,0,151107,운전면허 차량기술자 수습 대체 요소,자동차공학
29148,2,1,3,3,2,2,2,4,2,1,1,0,1,0,3,3,3,4,3,3,2,1,3,3,3,3,2,1,2,3,3,3,1,0,2,2,4,4,3,2,2,3,3,3,2,2,2,3,4,3,2,2,4,3,3,5,4,4,2,3,1,0,3,4,2,4,3,3,2,2,2,2,3,3,4,4,4,5,5,5,5,4,5,4,4,4,3,4,3,3,2,2,3,1,2,2,2,2,3,3,3,9,1,1,1,2,0,3,1,4,2,2,4,4,2,3,2,2,3,3,2,4,3,3,3,1,2,3,2,5,3,4,1,4,3,2,4,5,3,2,4,2,2,2,2,2,2,2,2,2,2,1,3,2,2,2,1,7,6,6,7,6,8,8,4,4,2,35,2,1,1,1,48,2500,2300,0,531401,양식조리사자격증 외식 문화 발달 계속 인력 수요,식품조리
29149,4,4,4,5,3,2,4,5,2,5,2,3,3,3,2,2,4,5,3,3,3,3,4,4,3,2,4,3,4,3,4,3,4,4,4,4,3,2,4,4,3,2,3,2,3,3,3,3,1,0,3,3,1,0,1,0,1,0,1,0,3,3,3,2,1,0,1,0,1,0,1,0,3,2,1,0,1,0,3,3,1,0,2,2,3,3,3,3,3,4,4,3,3,4,3,3,3,3,3,3,4,11,1,3,2,1,3,3,2,3,1,1,3,3,3,3,3,3,4,4,4,2,2,4,4,4,5,4,2,3,3,4,3,3,3,3,3,3,3,3,3,3,2,2,2,1,1,2,2,2,2,2,2,2,2,2,2,5,4,6,4,4,6,5,7,6,2,69,2,1,1,1,40,2500,1500,0,33202,보험의 종류와 특성 종류 보험 상품 개발 스마트폰 보험 가입 증가 일자리 감소 예상,인문고
29150,2,3,3,4,2,3,2,2,2,2,1,0,1,0,3,3,3,3,2,2,1,0,2,3,3,3,1,0,3,3,3,4,3,3,1,0,1,0,3,4,3,4,1,0,2,3,1,0,1,0,1,0,1,0,1,0,3,4,3,4,3,4,1,0,3,3,2,3,2,1,4,5,1,0,2,3,2,3,2,3,2,3,3,3,3,3,2,2,3,3,5,2,2,2,1,2,2,1,1,3,4,4,1,2,2,2,0,7,1,2,2,1,2,3,4,1,1,2,4,2,5,1,2,2,3,4,3,3,2,4,3,4,2,2,3,4,3,3,4,3,5,2,2,2,2,2,2,2,2,2,2,3,2,3,3,3,2,7,6,4,6,5,6,8,6,7,2,53,2,1,1,1,40,2600,1400,0,562101,지침 일자리 생각,인문계
29151,3,5,3,4,2,3,3,4,5,6,3,4,3,4,4,4,4,5,3,4,2,2,3,4,4,6,3,4,2,2,3,4,2,3,2,3,2,4,3,4,2,3,4,6,3,4,1,0,1,0,2,2,1,0,1,0,1,0,1,0,3,4,1,0,1,0,1,0,1,0,1,0,2,2,1,0,1,0,4,6,3,4,2,3,3,4,3,4,5,4,3,2,2,3,4,4,3,3,2,4,3,11,1,2,1,2,0,7,5,4,3,2,4,4,3,3,9,9,4,4,2,4,4,4,4,4,2,1,4,2,4,3,4,1,1,1,4,5,4,3,4,3,2,1,2,2,2,2,1,1,2,2,1,2,2,2,2,2,8,3,8,3,8,4,7,3,1,40,4,1,1,1,40,5500,4000,0,31101,투자자산운용사 자산설계운용사 시스템 업그레이드 경기 침체,세무회계학
29152,4,5,3,5,5,6,5,7,4,5,4,5,4,5,4,4,4,5,4,4,4,4,4,6,4,4,4,5,4,5,4,5,4,5,4,5,4,5,3,5,4,5,4,4,4,4,4,5,4,5,4,4,4,5,4,4,4,5,4,5,4,4,4,5,4,5,4,4,4,4,4,4,4,5,3,5,4,4,4,4,4,5,3,5,4,5,3,5,4,3,4,4,3,4,4,4,3,4,3,4,3,10,1,4,2,2,0,2,5,4,4,3,4,3,4,4,3,4,4,4,4,3,4,4,5,4,4,4,5,4,4,4,4,4,5,3,4,3,4,4,4,4,2,2,2,2,2,2,2,2,2,2,2,2,2,2,1,7,6,6,3,4,4,3,7,7,1,46,4,1,1,1,50,3800,2000,0,412003,인공 지능 기술 로봇 대신 편집,국어국문학
29153,4,5,3,4,2,3,4,5,3,3,3,4,2,3,3,4,2,3,3,4,3,4,3,4,3,4,4,4,4,4,4,4,4,5,2,3,3,3,4,4,4,5,3,3,3,4,2,3,3,3,3,3,1,0,1,0,1,0,1,0,3,5,2,3,1,0,2,2,2,3,2,3,2,4,2,3,3,4,3,3,2,3,3,4,3,3,2,4,4,5,2,3,4,2,4,4,3,3,4,5,4,17,3,2,1,1,2,4,4,4,4,4,4,3,3,2,1,1,4,2,3,4,4,4,4,2,4,1,3,2,2,3,4,4,2,2,4,5,4,3,4,4,2,1,2,2,1,1,2,2,2,1,4,1,3,3,2,7,6,4,5,4,4,7,3,3,2,52,3,1,1,1,62,3950,2250,0,232901,사회복지사 보육교사 발달단계별 아동심리 상담법 보건복지관련법 종사자의 의무 권리 일지 작성 방법 기간 작성 일지 결재 반려 적응 아동 전문 양질 서비스 위해 종사 사람,아동복지학
29154,5,6,5,6,4,5,5,6,4,5,3,5,4,5,3,5,4,5,3,5,4,5,4,5,3,5,4,5,4,6,3,4,2,3,2,3,3,5,3,4,3,5,4,5,4,5,3,5,3,4,4,5,2,3,1,0,1,0,2,4,4,6,4,5,3,4,3,4,2,4,3,4,4,6,2,3,2,4,4,5,3,5,2,4,4,6,4,5,4,4,2,3,3,2,4,3,3,3,4,4,4,15,2,3,2,2,0,4,5,4,4,4,4,3,3,4,3,3,3,3,3,3,3,2,4,2,4,3,4,2,2,3,3,4,4,4,4,4,3,3,4,4,2,2,2,2,2,2,2,2,2,1,3,3,2,3,1,5,6,5,6,5,4,5,6,6,2,54,4,1,1,1,30,6200,5500,0,21001,공급 수요 비등,행정학
29155,3,4,3,4,3,4,1,0,1,0,4,4,3,4,3,3,1,0,1,0,4,4,1,0,1,0,1,0,1,0,1,0,1,0,1,0,1,0,1,0,3,5,4,6,1,0,1,0,1,0,1,0,4,6,1,0,1,0,1,0,1,0,5,5,4,5,1,0,1,0,1,0,1,0,3,4,1,0,1,0,1,0,1,0,4,4,1,0,4,4,5,4,4,4,3,2,4,4,3,3,3,13,2,4,2,1,1,7,6,4,3,3,5,5,1,3,3,3,3,3,1,5,5,4,3,3,2,3,4,3,3,4,3,3,3,4,4,4,2,2,4,3,2,2,1,2,2,1,2,2,1,1,4,2,3,3,2,4,5,3,6,4,4,4,4,5,1,35,5,1,1,1,50,5000,3000,0,122103,연구윤리교육 분석 장비 발달 변화 구직 수요 증가,원예
29156,4,5,4,5,4,5,2,5,2,5,4,5,2,5,2,4,2,4,4,4,4,4,2,4,4,4,4,5,2,5,2,5,4,4,4,4,4,4,4,6,2,5,4,4,3,3,3,3,4,3,2,3,3,3,3,2,4,3,2,3,3,2,4,4,4,4,4,4,3,3,3,1,4,4,2,3,3,3,4,4,4,5,3,4,3,4,2,4,4,4,3,3,3,3,4,2,4,3,3,4,3,3,1,4,2,2,0,3,2,3,3,3,4,3,3,3,3,3,4,4,2,4,4,4,4,3,4,2,3,3,4,4,3,4,3,3,4,4,4,3,4,3,2,2,2,2,2,2,2,2,2,2,3,3,3,3,2,7,6,7,6,7,7,7,6,7,1,45,3,1,1,1,42,2750,2700,0,13701,정보통 분야 대한 의존 중요성,경영학
29157,5,6,5,6,3,4,3,4,2,3,4,5,2,3,3,4,3,4,3,4,2,3,3,4,4,5,2,3,3,4,3,4,1,0,1,0,5,6,1,0,4,4,4,5,4,5,1,0,2,3,2,3,4,5,3,4,3,4,2,3,3,4,1,0,4,5,3,4,3,4,3,4,3,4,3,4,4,5,3,4,3,4,2,3,3,4,3,4,4,3,4,4,4,4,4,2,3,4,4,3,4,17,1,2,1,1,6,2,5,4,4,4,4,4,3,4,4,4,4,4,2,4,4,3,4,2,4,4,4,3,2,4,4,4,4,4,4,4,3,3,4,4,2,2,2,2,2,2,2,2,2,2,4,3,3,3,2,7,7,7,3,3,3,3,3,3,1,47,5,1,1,1,48,9500,5500,0,301109,의사국시 병을 치료하는 방법 고령 인구 수의 증가,의예
29158,4,5,3,4,4,5,4,5,4,4,4,5,3,4,4,5,3,4,4,5,4,4,4,5,4,4,4,5,3,4,4,5,4,4,4,5,4,4,3,4,4,5,4,4,4,5,3,4,4,5,3,4,4,4,4,5,4,4,4,5,4,5,3,4,4,4,4,5,4,4,4,5,4,5,3,4,4,5,4,5,3,4,4,5,4,5,3,3,4,4,4,4,3,3,4,4,4,3,3,4,4,13,1,2,1,2,0,2,5,4,4,4,3,4,4,4,4,5,4,4,3,4,3,3,4,4,4,3,4,3,3,4,4,4,3,4,4,4,3,4,4,3,2,2,2,2,2,2,2,2,2,2,3,3,3,3,2,3,5,6,4,5,8,5,6,3,1,47,4,1,1,1,40,4900,3400,0,132004,정보관리기술사 기기 정보화 디지털화 정보 시스템 규모 전망,컴퓨터공학
29159,2,3,3,4,4,4,3,4,2,4,3,3,3,3,3,3,3,3,3,4,2,4,2,4,2,4,2,3,2,3,3,3,2,4,3,4,2,4,2,3,3,3,3,3,3,3,3,3,2,4,2,3,2,3,2,4,2,3,3,4,3,4,2,4,2,3,3,3,3,4,3,4,3,4,3,3,3,3,3,3,3,4,2,4,3,3,3,5,3,4,4,4,3,3,4,3,4,4,4,5,4,18,1,5,2,2,0,3,5,4,4,3,4,4,4,3,3,4,3,3,3,4,3,2,3,4,3,3,2,3,4,4,3,4,4,3,4,4,4,4,4,3,2,2,2,2,2,2,2,2,2,1,4,2,2,2,1,4,5,4,7,6,5,5,3,6,2,39,4,1,1,1,45,4200,3000,0,411104,케이블 방송 다매체 채널 방송 환경 면서 시장 확대,문예창작
29160,4,5,5,5,4,3,2,2,3,4,5,6,4,5,3,5,3,3,3,4,5,3,4,6,3,4,3,5,3,5,3,3,3,4,3,3,4,3,2,2,3,4,1,0,2,3,3,4,2,2,4,4,4,6,4,5,4,4,2,4,3,3,3,5,2,2,4,4,3,3,3,3,3,5,3,5,3,5,3,2,3,4,3,3,4,5,2,3,2,2,3,2,4,2,3,4,2,3,3,3,3,18,2,2,1,1,3,6,6,3,4,2,4,5,3,2,2,3,3,3,2,3,3,3,1,2,2,1,2,3,4,4,3,3,3,3,3,3,2,2,3,2,2,2,2,1,2,2,2,2,2,1,4,2,2,2,2,3,4,5,6,7,6,3,3,5,2,37,5,1,1,1,40,3600,3000,0,413101,박물관 미술관 준학예사 행정 기획 코로나 확진 대면 방식 비중 비대 방식 비중 비대 기획 전시 상품 기획 문화 사업 때문,미학미술사학
29161,2,4,2,4,2,3,2,4,2,3,2,4,4,6,3,3,2,3,2,4,2,4,2,4,2,3,3,3,2,3,2,4,2,3,2,3,2,4,2,3,2,3,4,4,3,3,4,4,4,4,4,5,3,6,4,4,4,5,4,4,4,5,3,5,4,4,4,4,4,5,3,5,4,5,3,5,4,4,4,4,4,4,4,4,4,4,4,4,4,3,4,4,3,3,4,2,3,2,3,2,3,16,5,2,2,2,0,3,4,3,3,4,3,4,3,4,4,5,4,4,4,3,3,5,4,4,5,4,4,4,3,4,5,4,4,3,4,3,3,4,4,3,2,2,2,2,2,2,2,2,2,2,3,3,3,3,2,7,3,6,7,6,6,7,5,4,1,40,4,1,1,1,40,5000,3000,0,26103,기획 대신 업무,경제학
29162,1,0,2,3,1,0,2,3,1,0,1,0,1,0,2,3,3,4,1,0,1,0,2,3,2,3,3,4,2,3,2,3,2,3,3,4,1,0,2,3,1,0,1,0,3,4,1,0,1,0,1,0,1,0,1,0,1,0,1,0,1,0,1,0,1,0,1,0,1,0,1,0,1,0,1,0,4,5,2,3,3,4,1,0,2,3,2,3,4,4,3,3,3,2,3,3,3,3,3,3,3,18,1,2,1,2,0,7,2,3,3,2,4,3,3,3,3,4,4,3,2,3,4,3,4,3,3,4,3,3,3,3,4,3,4,3,3,4,3,3,3,4,2,2,2,2,2,2,2,2,2,1,3,2,2,3,1,4,5,6,5,4,6,5,4,6,1,28,2,1,1,1,52,4500,2900,0,417201,1종운전면허증 엔터테이먼트 산업 활동,전문계
29163,3,3,4,4,1,0,2,3,3,3,2,2,3,1,2,3,5,5,4,4,3,3,2,2,4,4,4,6,1,0,4,3,3,2,1,0,3,3,1,0,4,4,3,5,3,3,1,0,4,6,2,4,2,3,4,4,4,4,2,3,2,1,4,4,5,3,4,4,5,3,4,5,3,2,4,4,4,2,2,3,4,4,1,0,2,2,1,0,4,2,3,2,2,1,2,2,1,2,2,1,3,3,1,2,1,2,0,1,2,2,2,1,3,2,4,4,3,4,3,4,2,3,1,4,2,3,5,4,4,5,3,5,3,2,3,4,4,5,5,2,4,4,2,2,2,2,2,2,2,2,2,4,1,2,2,2,2,6,7,7,6,6,5,4,4,5,1,33,2,1,1,1,48,2500,2500,0,873301,식품가공기능사 농산물 감소 일자리 감소,기계
29164,4,6,4,5,1,0,1,0,4,5,3,3,2,2,3,3,2,2,2,4,3,3,3,3,3,4,3,5,2,2,1,0,1,0,1,0,1,0,4,5,5,5,3,3,2,2,1,0,1,0,1,0,5,6,5,5,4,6,5,6,1,0,2,3,4,5,3,4,5,6,4,5,3,3,2,2,1,0,2,2,1,0,2,2,2,2,1,0,3,4,2,3,4,3,4,3,4,4,4,2,3,13,1,2,1,2,0,2,2,4,3,4,5,4,4,2,4,3,5,3,2,4,3,4,3,4,3,2,3,4,2,5,3,4,4,3,4,5,3,3,4,2,2,2,2,2,2,2,2,2,2,1,2,3,3,3,1,4,4,6,5,4,4,4,5,4,1,30,3,1,1,1,40,3000,2800,0,811401,공조냉동기계기능사 자동화 시스템 기계 설비 증가,기계학
29165,5,5,5,5,4,5,5,5,5,5,4,4,4,4,4,4,4,4,4,4,4,4,4,4,4,6,4,4,5,6,4,5,5,5,5,5,5,5,5,5,5,5,5,6,5,6,4,5,5,5,5,5,5,5,4,4,5,5,4,4,4,4,5,5,4,4,4,4,5,4,4,4,4,4,4,4,4,5,4,4,4,5,4,4,5,5,4,4,4,4,4,3,4,4,3,4,5,5,4,4,3,6,4,1,1,2,0,2,2,4,4,4,4,3,4,3,9,9,9,3,2,4,4,4,2,3,4,3,4,3,3,4,3,4,4,5,4,5,4,4,4,4,2,2,2,2,2,2,2,2,2,1,4,2,2,2,2,6,3,6,3,3,5,6,7,5,1,58,2,2,6,1,50,0,0,6000,701602,문화재수리기술 자격증 없다 문화재 전통 가옥 대한 관심 증가,이과
29166,4,5,4,6,2,2,2,3,5,6,5,6,5,6,3,3,4,5,4,5,4,4,3,4,4,4,4,6,4,5,1,0,1,0,1,0,1,0,3,3,4,5,4,5,1,0,1,0,1,0,1,0,4,5,5,5,5,4,5,6,4,5,3,4,3,4,4,5,4,6,3,4,4,5,4,5,5,6,1,0,1,0,1,0,3,4,1,0,4,5,4,4,5,4,4,5,4,4,5,4,4,3,1,2,1,2,0,2,5,4,5,4,5,4,4,3,2,3,4,4,2,4,4,5,4,4,4,2,4,2,1,5,4,4,4,3,4,4,4,3,4,4,2,2,2,2,2,2,2,2,2,2,4,1,1,3,1,3,4,3,3,4,4,6,4,4,1,49,5,1,1,1,40,5400,3800,0,151201,항공정비사 다양 영역 로봇 발달 필요성 대두,전자공학
29167,4,5,4,6,4,5,5,6,2,3,3,4,2,4,3,5,4,5,4,5,4,5,2,4,4,5,3,3,4,5,4,5,3,5,2,4,2,3,2,3,2,3,2,3,4,4,1,0,1,0,1,0,1,0,1,0,1,0,1,0,2,4,1,0,1,0,1,0,1,0,1,0,1,0,2,3,2,3,4,5,3,4,2,3,4,5,3,3,4,3,1,3,4,2,2,4,2,3,4,3,3,18,3,3,2,1,3,3,4,4,3,3,2,4,2,3,2,3,4,3,2,2,3,3,4,3,2,3,2,4,2,4,3,4,5,3,4,3,3,4,3,4,2,2,2,2,2,2,2,2,2,2,3,2,2,2,1,6,3,5,2,3,4,3,3,5,2,26,3,1,2,2,32,3000,2760,0,416302,발성 호흡 기본적인 능력 교육 정보 영역 전문화 다양,신문방송학
29168,3,5,3,5,3,5,3,4,4,5,3,4,3,5,3,4,4,4,3,5,3,5,3,5,3,5,3,5,3,5,3,4,4,4,3,5,3,5,3,5,3,4,3,4,4,4,3,5,3,5,3,5,3,4,3,4,4,4,3,4,3,5,3,5,3,5,3,5,3,5,4,4,3,5,3,4,4,4,3,4,4,5,3,4,3,4,4,4,3,4,3,3,4,4,3,3,3,4,3,3,3,10,1,2,1,1,6,5,7,4,4,5,4,3,5,4,3,4,3,3,3,4,3,4,3,3,3,3,5,5,4,3,3,4,3,3,4,4,3,3,3,3,2,2,2,2,2,2,2,2,2,1,3,2,2,2,1,7,8,7,6,6,5,5,7,7,1,45,6,1,3,1,48,6000,4200,0,132004,정보통신산업기사 컴퓨터 운용 능력 관련 직종 변화,컴퓨터기계
29169,1,0,1,0,1,0,1,0,1,0,1,0,4,4,1,0,3,4,3,4,1,0,1,0,1,0,1,0,1,0,1,0,1,0,1,0,1,0,1,0,1,0,1,0,1,0,1,0,1,0,1,0,3,4,1,0,3,5,1,0,1,0,1,0,4,5,3,4,1,0,3,4,1,0,1,0,1,0,1,0,1,0,1,0,1,0,1,0,4,3,3,3,4,2,2,5,3,4,4,2,3,10,1,3,2,2,0,7,5,3,3,2,4,4,4,4,4,4,4,4,2,4,4,4,2,3,4,3,3,4,3,4,5,5,3,3,4,4,2,3,3,3,2,1,1,1,1,1,1,2,2,2,3,2,2,3,1,8,7,6,2,2,3,7,3,2,1,40,5,1,1,1,40,5000,4000,0,416401,드론 도입 발전 영향 인구 감소 언택트 시대 영상 촬영 편집 수요 때문,영상학
29170,3,4,4,4,2,2,2,3,4,5,4,5,2,2,2,2,4,4,2,3,4,4,3,4,4,5,4,5,2,4,4,5,2,3,3,3,3,4,3,4,4,4,4,5,4,5,2,2,4,5,4,4,4,4,5,5,5,5,4,4,4,5,5,5,4,4,3,3,4,5,4,4,2,2,4,4,4,4,3,4,2,3,3,4,5,5,2,3,4,4,4,2,4,3,4,2,3,4,3,4,4,13,1,4,1,1,2,4,4,4,4,4,4,4,3,3,3,4,4,3,2,4,3,5,5,4,4,2,3,4,4,4,3,3,2,3,3,4,4,2,4,4,2,1,2,2,2,2,2,2,2,1,3,1,1,3,1,7,7,4,4,3,5,4,6,6,1,36,4,1,1,1,44,4500,2800,0,131101,컴퓨터하드웨어기술자 정보통신산업기사 컴퓨터 구조 네트워크 훈련 산업 전반 하드웨어 설계 요구 계속 컴퓨터 공급,전자공학
29171,4,4,4,4,3,4,4,4,4,5,3,5,3,4,4,5,3,4,3,4,3,4,4,4,4,5,3,5,4,4,4,5,3,4,3,4,4,5,4,5,3,3,4,5,3,4,3,4,3,4,3,4,3,3,4,5,3,4,3,4,4,4,3,4,3,3,4,5,3,4,3,4,4,4,3,3,3,3,3,4,2,3,3,3,4,4,3,4,3,4,4,4,3,3,3,3,3,3,3,4,3,3,1,1,2,2,0,3,5,3,2,2,4,4,4,3,4,3,4,3,3,3,3,4,4,4,4,3,3,3,4,2,2,3,3,4,4,3,3,3,3,4,2,2,2,2,2,2,2,2,2,2,2,3,3,3,2,6,7,7,5,6,6,6,6,5,1,37,4,2,5,1,50,0,0,3000,153204,기술 개발,멀티미디어공학
29172,3,4,4,5,1,0,3,4,2,3,3,4,1,0,3,4,3,4,3,4,3,3,2,3,2,3,3,3,3,4,2,3,2,3,2,3,2,2,2,2,2,2,2,2,2,2,2,2,2,3,2,3,2,3,2,3,3,4,4,5,3,4,2,3,4,5,4,5,2,3,5,6,2,2,4,5,4,5,4,5,3,5,3,4,3,4,4,4,4,4,3,3,4,4,4,3,2,2,3,3,2,6,1,3,1,1,3,2,3,4,3,3,3,3,3,4,3,4,3,4,4,4,3,4,3,4,3,3,3,3,3,4,4,4,3,4,3,4,4,3,4,3,2,2,2,2,2,2,2,2,2,2,4,3,3,3,2,7,6,6,5,6,6,7,6,6,1,40,2,1,1,1,46,4700,2950,0,623001,타워크레인 운전기능사 기중기 조정 성도시 신도시 모델링 재개발 사업,문과
29173,3,5,4,4,2,5,4,6,3,3,4,6,3,5,4,6,4,6,3,5,3,5,4,6,5,5,5,5,5,5,5,6,5,5,4,4,5,7,4,7,5,5,4,5,4,5,4,5,3,4,4,5,3,5,1,0,3,4,1,0,3,5,1,0,2,2,1,0,1,0,1,0,1,0,1,0,1,0,3,3,2,3,1,0,3,4,2,5,4,4,2,2,3,4,5,4,2,4,4,4,2,16,5,3,1,1,2,5,5,3,2,2,2,3,1,2,3,3,3,3,4,2,3,4,3,3,2,3,4,4,4,4,4,4,3,3,4,4,2,4,4,5,2,1,1,2,2,1,2,1,1,2,1,3,3,3,1,8,3,2,2,2,2,5,5,4,2,46,5,1,1,1,48,6500,4000,0,212101,교사자격증 행정 교육심리 상담훈련 온라인 클래스 전환 용법 숙지 수업 활용 모색 학생 감소 교육 방식 변화 비대 수업 활용 지식 습득 방법 변화,교육학
29174,2,2,2,2,2,2,1,0,2,2,1,0,4,5,4,5,4,5,4,6,4,5,4,5,4,5,4,5,4,4,3,5,4,5,4,5,4,5,4,4,4,5,4,5,4,5,4,5,4,5,4,6,4,5,3,5,4,5,4,5,4,5,4,5,3,5,4,6,3,4,3,4,3,4,3,4,3,3,3,4,2,2,1,0,4,5,1,0,4,4,4,3,3,3,3,4,3,4,4,2,3,16,5,5,1,2,0,7,4,2,3,4,3,3,3,2,3,3,3,3,2,4,4,2,3,4,4,4,3,3,3,4,3,3,3,3,3,3,3,3,3,3,2,2,2,2,2,2,2,2,2,2,2,2,2,2,1,7,5,7,2,3,2,8,2,3,2,38,3,1,1,1,40,4200,2200,0,511402,분장사 업계 불황 인력 감소,메이크업
29175,1,0,3,3,2,2,4,2,4,2,5,1,2,1,3,3,2,4,5,1,4,1,5,2,2,2,4,1,2,2,4,1,2,2,3,1,2,4,4,2,5,2,4,1,3,1,4,3,2,2,5,3,4,4,4,2,3,1,5,3,5,2,4,1,4,2,4,1,5,2,4,1,3,4,5,1,4,2,4,1,3,1,1,0,2,1,4,2,3,1,2,3,2,4,4,4,3,4,2,2,3,3,1,2,2,2,0,1,2,4,4,3,2,4,4,3,5,4,2,2,3,2,2,4,3,4,2,3,2,3,4,2,3,4,4,3,4,2,3,4,4,4,2,2,2,2,2,2,2,2,2,1,3,3,2,2,2,7,7,5,3,5,5,7,4,6,1,39,3,1,1,1,40,3300,3000,0,883201,생활 가구 변화,기계
29176,1,0,3,4,1,0,1,0,1,0,3,4,1,0,1,0,1,0,1,0,1,0,1,0,3,4,3,4,2,3,1,0,1,0,1,0,1,0,3,4,4,5,1,0,1,0,1,0,1,0,1,0,1,0,1,0,3,4,2,3,3,4,3,4,4,5,3,4,5,6,5,5,1,0,4,5,4,5,2,3,1,0,1,0,3,4,1,0,3,3,3,3,4,3,3,3,2,3,3,2,3,19,1,2,1,2,0,7,5,3,3,4,4,3,3,4,3,4,2,2,2,3,2,2,2,1,2,2,2,3,3,2,2,2,3,3,4,4,3,2,3,3,2,2,2,2,2,2,2,2,2,2,3,3,3,3,2,7,5,6,4,3,4,7,8,7,1,33,3,1,1,1,40,3400,3000,0,841201,전자기기기능사 핸드폰 이용자 증가 때문,전자
29177,2,3,3,4,1,0,3,3,3,4,4,4,1,0,3,4,4,4,1,0,3,3,3,4,4,4,1,0,1,0,3,3,1,0,1,0,1,0,1,0,3,3,1,0,2,3,1,0,1,0,1,0,2,3,2,3,3,4,4,4,1,0,3,4,4,4,3,4,4,4,4,4,1,0,3,4,4,4,3,3,3,4,4,4,3,4,3,4,2,2,2,1,2,2,1,2,2,2,1,3,2,3,1,2,2,2,0,2,2,2,2,2,4,2,2,1,3,2,4,2,4,2,2,4,3,4,3,5,2,4,1,4,3,4,4,4,4,4,3,2,4,5,2,2,2,2,2,2,2,2,2,2,2,3,2,2,2,7,8,8,7,8,7,7,3,4,1,47,2,1,1,1,50,3600,2200,0,823301,발전 가능성 별로,공고
29178,4,5,3,5,3,5,4,5,4,6,4,5,4,5,2,4,3,5,4,4,3,4,3,3,4,5,3,3,3,4,4,6,4,5,4,5,4,5,3,4,3,5,4,5,3,5,4,4,4,6,4,4,4,4,4,5,4,5,3,5,4,6,4,5,3,4,4,5,4,5,3,4,3,4,2,3,3,4,4,4,4,4,3,4,4,4,3,4,4,4,4,3,2,4,4,4,3,2,3,4,4,14,1,2,2,2,0,5,1,3,4,3,3,3,4,3,3,4,4,4,3,3,4,3,3,4,3,3,3,3,4,3,3,3,3,4,4,3,4,3,3,3,1,2,2,2,2,2,2,2,2,1,4,2,1,3,2,5,4,4,5,5,4,5,6,5,1,68,2,1,3,1,40,2000,2000,0,542001,업무 시스템 아파트 빌딩 필요,인문계
29179,2,1,2,2,2,2,2,2,2,2,2,3,1,0,2,1,2,2,3,4,2,3,2,3,2,3,3,4,3,4,2,3,3,3,2,2,3,3,2,1,3,2,3,3,2,2,1,0,2,2,2,3,2,2,2,3,3,4,4,4,1,0,3,3,3,4,4,4,4,4,4,4,2,3,2,3,3,2,3,4,4,4,3,3,4,4,3,3,4,2,3,3,2,2,3,3,3,3,2,3,2,3,1,2,1,2,0,7,1,2,1,1,3,2,1,2,1,2,3,3,4,2,1,4,3,2,2,3,4,4,3,5,2,3,3,3,4,4,3,3,4,3,2,2,2,2,2,2,2,2,2,2,3,3,3,3,2,6,5,7,5,7,6,5,6,5,1,41,2,1,1,1,40,4700,2600,0,823101,압연기능사 다방면 산업,기계
29180,4,6,5,4,3,5,5,7,4,5,3,5,5,7,4,5,5,6,3,4,4,6,5,6,5,6,5,5,4,5,5,6,4,6,5,6,4,5,4,7,5,4,5,6,4,4,3,5,5,6,5,6,3,4,5,6,5,4,3,5,5,6,3,4,4,4,3,7,4,4,4,5,5,6,5,4,3,7,5,6,4,4,5,5,5,7,4,5,5,4,4,3,3,4,4,5,5,5,4,4,3,10,1,2,2,2,0,2,5,4,4,4,5,4,4,5,4,3,3,3,4,5,5,4,4,3,4,5,5,3,3,5,5,4,3,4,4,3,3,4,3,5,2,2,2,2,2,2,2,2,2,2,4,2,2,3,1,7,9,9,8,7,7,9,8,7,2,48,4,1,3,1,48,7000,3900,0,132004,기술 발달,컴퓨터기계
29181,2,2,4,4,3,5,4,4,3,3,4,5,4,6,4,4,4,4,3,3,3,5,4,6,4,5,3,4,4,5,4,5,4,5,4,5,4,4,4,3,4,4,4,4,3,4,4,4,3,3,3,3,1,0,1,0,3,5,1,0,3,3,2,2,1,0,2,2,1,0,1,0,1,0,3,3,1,0,1,0,1,0,3,3,4,4,4,5,4,4,4,4,5,2,3,4,3,4,4,4,4,3,1,2,1,1,2,7,2,4,5,4,4,4,4,4,9,9,4,4,2,4,4,4,4,4,3,4,4,4,4,4,4,5,4,4,4,5,4,3,4,3,2,2,2,2,2,2,2,2,2,1,3,3,3,3,1,8,8,8,2,5,5,8,8,2,2,36,4,1,1,1,40,4600,2400,0,415201,소잉디자이너2급 수습기간 사람 직접,대학교 패션디자인
29182,3,3,3,4,4,3,3,4,2,2,3,5,3,5,3,4,2,2,4,4,2,3,3,4,2,4,2,4,3,5,3,4,4,5,2,3,2,3,3,5,2,5,3,5,3,4,3,6,2,3,2,4,2,3,2,4,2,5,2,4,2,4,2,4,2,4,2,4,2,4,2,4,2,4,2,2,3,5,2,4,2,5,4,6,4,5,4,5,4,3,4,3,4,4,4,4,4,4,4,4,4,18,1,2,2,2,0,3,4,4,3,3,4,4,4,3,4,4,4,4,3,3,3,4,3,2,2,1,2,4,4,4,3,3,2,2,2,3,3,3,5,4,2,2,2,2,2,2,2,2,2,2,4,2,2,2,1,5,6,7,6,6,7,3,4,6,2,38,4,1,1,1,40,4000,2600,0,512102,절약 효율 절약 결혼 빌르 웨딩 비율,회계
29183,2,2,3,4,3,3,3,4,3,4,4,4,3,4,2,2,2,2,3,4,2,1,2,2,3,4,4,4,3,4,3,4,2,2,3,4,2,1,4,4,3,3,2,2,2,2,2,2,2,2,3,4,3,3,3,4,3,4,3,4,3,3,3,4,3,3,3,4,2,2,3,3,3,3,3,3,1,0,1,0,1,0,1,0,2,4,1,0,3,3,4,3,2,2,2,2,3,2,3,4,4,3,1,2,2,1,1,2,1,2,2,2,2,3,3,3,2,3,4,4,4,3,2,4,5,4,5,2,4,2,3,4,4,4,3,3,4,4,3,3,4,2,2,2,2,2,2,2,2,2,2,2,2,2,2,2,1,5,5,5,5,3,3,6,6,3,1,32,3,1,1,1,30,2800,2300,0,825201,기계조작방법 안전교육 환경오염 산업 인식 기술 인력 유입 감소,기계공학
29184,1,0,1,0,1,0,2,2,3,3,3,3,1,0,3,3,2,2,3,2,3,4,1,0,1,0,5,3,3,3,2,2,1,0,2,2,5,3,5,3,5,3,2,2,2,2,5,4,5,4,5,2,5,3,5,3,5,2,5,4,5,4,5,3,5,2,5,3,5,4,5,3,2,2,5,5,5,3,2,1,5,4,5,3,5,3,5,3,4,1,4,2,4,4,2,2,2,5,3,5,5,10,1,2,1,1,3,2,2,4,2,3,3,4,3,3,3,4,4,3,3,3,3,4,4,4,4,4,4,4,2,4,4,3,2,3,4,4,2,4,4,3,2,2,2,2,2,2,2,2,2,1,3,2,2,2,2,7,7,7,4,4,3,5,4,4,1,30,3,1,1,1,52,3200,3170,0,842301,방송통신기능사 산업기사 인터넷 케이블 설치 수리 실무 교육 보편화 수리 설치 수요 고용 안정,정보통신학
29185,3,5,4,5,4,5,3,5,4,5,4,5,4,5,4,5,4,5,4,5,4,5,4,5,4,5,4,5,4,5,3,5,4,5,4,5,4,5,4,5,4,5,4,5,4,5,4,5,3,4,4,5,4,5,4,5,3,4,4,5,3,4,4,5,3,4,4,5,4,5,4,5,3,4,4,4,3,4,3,5,3,4,4,5,3,4,3,4,4,4,3,4,4,4,4,4,3,3,4,4,3,16,5,5,2,2,0,1,5,4,3,4,4,3,4,4,4,4,5,4,4,3,4,3,3,4,3,3,3,4,4,3,4,3,3,3,4,4,3,3,4,4,2,2,2,2,2,2,2,2,2,2,4,3,3,3,2,7,5,6,6,5,6,6,6,5,2,41,4,1,3,2,43,4400,2500,0,215105,편입 교육 사이버 대학 증가,수학학
29186,3,5,3,5,3,4,3,3,3,4,4,5,2,3,3,4,3,3,3,2,2,3,2,4,3,4,2,2,2,3,2,3,2,2,2,2,3,3,3,4,3,4,3,4,3,3,3,4,3,3,2,2,2,4,2,3,2,3,2,3,3,3,2,3,2,3,2,2,2,1,2,4,2,2,3,4,2,3,2,3,3,4,3,4,3,4,2,3,5,4,2,5,4,2,4,4,2,3,4,3,5,17,1,1,1,2,0,7,5,5,4,4,4,4,3,4,9,9,4,4,1,4,4,5,3,2,1,2,5,5,3,5,4,3,4,4,5,5,3,3,5,3,2,2,2,2,2,2,2,2,2,1,4,2,2,2,2,2,3,1,4,1,5,5,3,2,1,46,4,2,5,1,44,0,0,6000,302001,수의사 면허증 가구 고령 가구 증가 반려동물 대한 수요 자꾸,수의학
29187,1,0,2,2,2,3,3,3,1,0,2,3,1,0,2,2,3,3,3,2,2,2,2,1,3,4,1,0,2,2,2,3,1,0,1,0,1,0,2,2,2,3,3,3,3,2,2,2,3,2,1,0,1,0,2,3,2,2,1,0,1,0,1,0,3,4,3,3,3,4,3,3,1,0,3,3,3,4,3,3,3,3,4,4,4,6,4,6,2,2,4,3,2,1,4,2,2,2,2,3,2,20,4,1,2,2,0,7,1,2,2,2,4,4,3,2,9,9,9,3,2,4,3,4,4,3,2,2,3,4,2,4,2,2,2,3,4,5,3,3,4,4,2,2,2,2,2,2,2,2,2,1,1,3,3,3,2,6,6,4,5,5,4,4,6,6,2,66,1,2,7,2,38,0,0,2500,904201,사람 호도,0
29188,2,3,2,4,2,3,3,3,3,3,3,3,2,3,3,3,2,3,2,4,3,3,2,3,3,4,4,4,4,4,3,3,4,4,4,4,2,4,3,4,4,3,3,5,3,5,4,5,3,3,3,3,2,4,3,3,2,3,3,3,3,3,3,3,2,4,3,5,3,3,2,3,3,4,2,4,3,3,4,4,3,3,2,4,4,3,3,4,4,4,3,3,4,3,3,4,3,3,3,3,3,17,1,2,1,2,0,3,2,3,3,4,4,3,3,4,3,4,5,4,3,4,4,3,4,3,2,3,4,4,4,4,3,3,4,3,2,3,4,3,4,3,2,2,2,2,2,2,2,2,2,2,3,3,3,3,2,7,5,4,6,5,6,7,3,4,2,38,2,1,3,2,20,2000,1500,0,306901,언어치료사 변화,상고
29189,4,5,2,3,3,4,3,4,2,3,1,0,2,3,3,4,3,4,2,3,1,0,4,5,2,3,4,4,2,3,1,0,1,0,1,0,4,5,1,0,2,3,1,0,3,4,1,0,1,0,1,0,1,0,1,0,1,0,1,0,2,3,1,0,1,0,1,0,1,0,1,0,1,0,1,0,2,3,1,0,3,4,2,3,2,3,2,3,4,4,3,3,4,3,5,3,4,4,4,3,4,16,5,2,1,2,0,7,5,4,3,3,4,4,4,4,3,3,3,4,2,3,4,3,4,2,3,3,3,4,4,3,3,4,5,4,3,4,3,3,4,3,2,2,2,2,2,2,2,2,2,2,2,2,2,3,1,2,3,3,4,5,6,5,5,6,2,28,4,1,1,1,40,3729,3500,0,212201,초등학교 2급 인원,교육학과
29190,2,4,4,4,1,0,2,4,3,4,3,4,4,4,3,4,4,4,2,4,3,4,2,4,4,4,2,4,3,4,4,4,3,4,4,4,2,4,4,4,4,4,5,4,3,4,4,4,4,4,5,4,4,4,4,4,4,4,5,4,2,4,5,4,4,4,5,4,4,4,4,4,5,4,3,4,4,4,5,4,3,4,4,4,2,4,1,0,1,2,2,3,2,4,4,2,3,1,2,2,3,3,1,2,2,2,0,2,2,2,1,1,3,2,3,2,3,2,4,3,4,3,3,2,5,4,3,4,4,3,4,2,2,4,4,3,5,4,3,3,4,4,2,2,2,2,2,2,2,2,2,1,3,3,2,2,2,7,5,6,7,4,4,4,4,6,1,35,2,1,1,1,40,2400,2400,0,883201,생활 가구 변화,마이스터고
29191,4,6,4,6,4,5,4,5,2,3,4,6,2,3,4,5,4,5,4,5,4,5,4,6,4,6,4,5,3,4,3,4,3,4,3,4,5,7,2,3,3,4,4,5,4,5,2,3,2,3,2,3,3,4,2,3,3,4,2,3,3,4,3,4,2,3,3,4,2,3,3,4,2,3,3,4,4,5,2,3,5,6,3,4,4,5,4,5,3,5,3,3,5,3,3,5,3,5,5,4,3,17,5,6,1,1,6,6,7,4,4,5,5,5,3,4,4,4,4,4,2,4,4,2,3,2,3,5,4,5,2,5,5,5,5,5,4,5,4,4,5,4,2,2,2,2,2,2,2,2,2,2,3,1,1,1,2,5,1,2,1,1,5,8,5,1,1,50,6,1,1,1,40,12000,3500,0,301113,의사 면허 전문의 3년의 전문 훈련 필요 건강 대한 관심,가정의학
29192,5,7,5,6,5,7,5,7,5,6,5,6,5,7,5,7,5,7,5,3,5,7,5,6,4,5,4,6,5,6,5,6,5,6,4,5,3,5,4,6,5,6,5,7,5,6,5,6,5,5,4,5,5,6,5,6,5,6,4,5,4,5,4,5,4,5,1,0,1,0,1,0,1,0,1,0,1,0,1,0,1,0,1,0,4,5,3,4,3,3,4,4,3,4,3,3,4,3,4,4,4,15,2,5,1,2,0,5,7,3,3,3,4,4,4,4,4,4,3,4,3,3,3,3,3,3,3,4,4,3,4,3,3,4,3,4,4,4,3,3,4,4,2,2,2,2,2,2,2,2,2,2,3,3,3,3,2,2,3,2,2,3,4,3,3,2,2,43,6,1,1,1,40,6000,3200,0,122102,박사학위 상태 유지,약학
29193,4,5,4,4,3,4,3,4,3,4,2,2,2,2,3,4,4,5,4,4,3,4,4,5,4,5,3,4,4,4,4,5,3,5,3,4,4,5,3,3,3,4,4,5,3,4,3,4,3,3,2,2,3,4,2,2,1,0,2,3,4,5,3,4,3,3,1,0,1,0,1,0,1,0,1,0,1,0,1,0,1,0,1,0,2,2,1,0,4,2,2,3,3,5,4,2,2,4,4,3,2,11,1,2,1,2,0,3,5,3,3,3,4,3,2,4,3,3,4,4,2,4,3,4,4,2,4,2,4,3,4,3,3,4,2,2,3,3,3,3,4,4,2,2,2,2,2,2,2,2,2,2,2,3,3,3,1,8,7,3,2,3,3,3,7,4,1,38,4,1,1,1,40,4572,3600,0,32201,금융자격증 프로그램 도입 예측,경제학
29194,3,3,4,3,2,3,3,3,2,3,3,4,2,3,2,2,3,3,3,4,3,4,2,4,3,3,1,0,3,4,2,4,3,3,3,3,2,3,3,5,3,4,3,4,3,4,1,0,1,0,1,0,3,4,1,0,4,4,1,0,2,4,1,0,3,4,3,3,2,3,3,2,1,0,2,2,3,3,4,5,4,6,3,5,3,5,3,3,3,4,2,2,4,1,4,3,3,4,3,4,2,15,2,2,1,1,5,6,5,4,4,1,2,3,2,3,3,3,3,3,3,2,2,2,2,1,3,3,2,5,3,5,2,2,2,4,2,4,2,2,4,4,2,2,2,2,2,2,2,2,2,1,3,1,1,3,2,3,3,5,5,4,4,6,5,4,1,31,4,1,1,1,59,4000,3000,0,307101,응급구조사1 2급 응급상황의 현장 대처요령 안전 대한 관심 갈수록 인력 수요 것이므,응급구조학
29195,3,3,3,3,2,2,2,2,2,2,2,2,2,2,2,2,2,2,2,2,2,2,2,2,2,2,2,2,2,2,2,2,2,2,2,2,2,2,2,2,2,2,2,2,2,2,2,2,2,2,2,2,2,2,2,2,2,2,2,3,2,2,2,2,2,2,2,2,2,2,2,2,2,2,3,3,2,2,2,2,5,5,3,5,3,3,2,2,4,4,4,3,4,2,3,4,2,4,3,4,4,6,1,2,2,2,0,1,1,3,2,2,4,3,3,2,2,2,2,2,2,2,3,4,4,3,4,3,3,4,4,4,3,3,3,3,4,4,4,3,4,3,2,2,2,2,2,2,2,2,2,2,2,3,3,3,2,6,4,5,6,5,5,5,6,5,1,62,1,1,3,2,50,3600,2000,0,701701,건설 수요 건설 회사,0
29196,4,4,4,4,4,5,4,4,4,5,3,5,4,4,3,5,4,5,4,5,3,5,4,5,4,5,4,5,4,5,4,4,4,5,3,5,4,4,3,4,4,4,4,4,4,4,4,5,4,4,3,5,4,4,4,5,3,5,4,5,4,4,3,5,4,4,4,4,4,4,4,5,4,4,3,4,4,5,4,4,3,5,4,4,3,5,3,4,4,3,4,4,3,4,4,4,5,3,3,4,4,3,1,3,2,2,0,5,5,4,4,3,4,4,4,4,5,5,3,3,3,3,4,3,3,4,4,3,3,3,3,3,3,4,4,4,2,3,3,3,3,3,2,2,2,2,2,2,2,2,2,1,3,1,1,1,1,5,7,7,7,6,6,7,4,5,1,41,4,1,1,1,40,4600,3000,0,154102,공학 기술자 선호 사람,화학공학
29197,3,5,4,5,3,5,4,6,2,4,4,5,1,0,4,4,4,5,3,5,4,4,4,5,3,4,2,4,3,5,2,4,4,6,4,6,3,5,2,4,2,4,3,4,4,5,1,0,1,0,2,3,1,0,3,5,2,4,1,0,1,0,1,0,2,3,2,4,3,3,3,4,2,4,3,3,1,0,1,0,4,4,3,4,2,5,2,3,3,2,4,4,3,4,4,2,4,3,3,2,2,8,1,2,2,2,0,2,5,3,4,4,4,3,4,4,3,5,4,4,2,2,3,3,3,4,2,5,4,4,4,4,5,3,4,3,3,4,3,4,5,4,2,2,2,2,2,2,2,2,2,1,3,2,3,2,2,6,7,3,5,3,4,7,7,3,1,46,4,1,1,1,45,4300,2800,0,612101,기계 수명,기계
29198,4,5,4,5,3,3,4,5,1,0,3,4,4,5,3,4,3,3,1,0,2,3,4,5,3,5,2,4,4,5,2,3,4,5,2,2,5,5,4,5,3,4,4,4,5,4,1,0,1,0,5,6,4,5,1,0,3,4,1,0,2,3,1,0,1,0,2,2,2,3,1,0,1,0,1,0,1,0,1,0,1,0,1,0,2,3,3,4,4,4,4,3,3,3,3,4,4,5,5,4,4,16,5,2,2,1,3,3,2,4,4,4,4,4,4,2,2,4,4,3,3,2,3,4,4,3,4,2,2,3,4,5,3,2,3,3,4,5,3,2,4,2,2,2,2,2,2,2,2,2,2,1,2,1,2,2,2,3,2,3,3,4,6,3,7,7,1,39,4,1,1,1,35,3600,2400,0,214102,티칭 기술 상담 능력 시간 분배 관리 학생관리 수업관리 인구 증가 감소 매체 개발 유입 수요 감소,영어영문
29199,3,5,2,3,1,0,2,5,1,0,2,2,2,2,4,5,3,3,1,0,1,0,4,6,3,6,2,2,2,4,2,2,2,3,1,0,3,3,4,5,5,6,4,4,2,4,1,0,3,4,4,4,4,6,4,5,5,6,5,6,1,0,2,2,2,3,3,4,4,4,4,3,2,2,4,5,2,4,3,5,4,7,2,2,2,6,2,6,3,4,3,2,2,5,3,3,3,4,3,2,2,3,1,5,2,2,0,3,4,4,3,3,4,4,4,4,3,5,5,5,4,3,3,4,3,2,2,3,4,5,5,4,3,3,4,4,4,5,4,4,4,5,2,2,2,2,2,2,2,2,2,2,2,2,2,2,1,7,2,6,2,8,2,7,3,6,1,34,4,1,1,1,45,3000,2000,0,835201,기술,기계
29200,4,4,3,4,2,3,3,3,3,3,3,4,2,3,4,4,3,4,3,4,3,4,4,5,4,5,4,5,3,5,3,5,4,5,3,4,3,5,3,4,3,5,4,4,2,3,2,2,2,3,2,2,3,4,3,4,4,5,4,5,2,4,3,4,4,5,4,4,4,5,4,6,4,4,4,5,4,5,3,4,3,3,3,3,3,3,2,3,4,3,1,3,4,2,4,3,4,4,4,3,4,3,1,2,2,2,0,1,4,4,3,3,3,4,3,3,3,2,4,3,3,2,2,3,3,2,4,2,3,3,2,4,4,4,4,3,3,4,3,3,3,2,2,2,2,2,2,2,2,2,2,3,2,2,3,3,2,6,6,5,4,4,5,4,5,5,1,37,3,1,1,1,40,3200,2800,0,28401,코로나 영향 역할 기업 분위기,산업공학
29201,3,5,4,5,3,5,3,4,4,5,3,4,3,5,3,4,4,5,2,2,3,5,3,5,3,5,3,5,3,4,3,4,3,4,3,4,3,5,4,6,3,5,2,4,3,5,3,5,3,5,3,5,3,5,2,4,2,3,3,4,3,4,4,6,3,4,3,4,3,5,3,4,3,5,3,4,2,3,3,4,3,5,3,4,3,3,2,2,4,3,4,4,4,2,4,3,3,4,4,2,4,9,1,2,1,1,1,1,3,4,3,3,5,4,4,4,3,5,5,5,4,3,3,4,3,2,3,4,5,5,4,4,3,3,4,4,4,4,4,3,4,4,2,2,2,2,2,2,2,2,2,1,3,3,3,3,2,8,2,8,2,8,2,8,6,8,1,34,2,1,1,1,50,4000,2000,0,531401,양식조리사 자격증 양식 요리 서비스 손님 외식 문화 발전 때문,인문
29202,1,0,1,0,1,0,1,0,1,0,4,5,1,0,1,0,1,0,1,0,1,0,1,0,1,0,1,0,1,0,1,0,1,0,1,0,1,0,1,0,1,0,4,4,1,0,1,0,1,0,1,0,4,5,1,0,1,0,1,0,3,6,4,5,4,5,1,0,1,0,1,0,1,0,1,0,1,0,1,0,1,0,1,0,1,0,1,0,4,3,4,3,3,3,3,3,4,4,4,2,3,13,2,4,1,1,1,7,5,4,3,3,4,4,3,4,3,4,4,4,2,4,4,4,3,3,3,3,3,4,4,4,5,4,4,3,4,4,3,3,3,3,2,2,2,2,2,2,2,2,2,1,4,2,2,3,2,7,6,4,3,3,3,7,4,4,1,28,4,1,1,1,40,4000,3500,0,156201,섬유기술사 업무관련교육 사람,섬유공학
29203,3,3,4,5,2,2,3,3,3,4,4,5,2,2,2,3,2,2,2,3,2,3,4,5,2,3,3,5,3,4,2,3,3,3,2,3,4,5,4,4,3,3,3,5,3,4,3,3,2,3,3,3,2,3,2,3,2,3,2,2,2,3,2,3,3,3,2,2,2,3,2,2,2,3,2,2,2,3,2,2,2,3,2,2,2,3,2,2,5,4,4,4,4,4,3,3,4,2,3,4,4,17,1,2,1,2,0,7,5,5,5,5,5,4,4,5,4,4,5,5,1,5,5,5,4,4,5,3,4,4,4,5,4,4,5,3,4,4,4,3,4,2,2,2,2,2,2,2,2,2,2,2,4,2,2,2,2,5,6,7,4,5,6,5,6,4,1,37,4,1,1,1,45,9000,6000,0,301101,의사면허증 감염 의사 수요,의학
29204,1,0,1,0,1,0,1,0,1,0,1,0,1,0,1,0,1,0,1,0,2,3,1,0,2,4,1,0,1,0,1,0,1,0,1,0,1,0,1,0,1,0,2,4,2,4,1,0,1,0,1,0,3,3,1,0,3,4,3,4,1,0,4,4,3,4,3,5,3,4,4,5,2,4,3,4,4,5,5,5,5,6,4,5,3,4,2,4,4,4,3,4,4,3,4,3,3,4,4,4,3,6,1,2,2,2,0,3,3,4,3,3,4,4,4,3,4,3,4,4,3,3,3,4,2,2,2,1,3,4,4,4,2,2,1,1,3,4,3,3,4,4,2,2,2,2,2,2,2,2,2,2,2,2,2,2,1,5,4,8,4,7,8,5,5,6,1,35,4,1,1,1,40,4000,2900,0,826301,시멘트 공급 과잉,건축.설비공학
29205,4,4,4,3,3,3,3,4,2,2,2,2,1,0,2,2,2,3,1,0,2,1,2,1,1,0,1,0,2,2,2,1,2,1,2,1,2,1,2,1,2,3,2,1,2,1,2,1,2,1,2,1,1,0,1,0,1,0,1,0,2,3,1,0,1,0,1,0,1,0,1,0,1,0,1,0,1,0,1,0,1,0,1,0,2,2,2,2,2,3,4,4,4,4,5,1,4,2,2,4,3,15,2,3,2,2,0,1,4,4,4,4,4,3,4,4,3,4,4,4,2,4,4,2,3,2,3,2,3,2,2,5,3,4,4,5,5,4,3,4,5,5,2,2,2,2,2,2,2,2,2,3,2,3,3,3,2,6,5,6,4,4,5,5,5,5,1,34,4,1,1,1,40,2800,1800,0,25301,인구 감소,화학
29206,4,6,5,5,4,5,3,3,5,5,4,5,4,6,4,6,3,5,2,3,3,4,4,4,4,4,3,4,3,4,2,3,2,3,3,3,4,4,2,3,3,5,3,4,2,3,3,5,2,3,1,0,3,4,5,6,4,5,3,3,5,6,2,3,2,4,4,4,4,4,4,4,1,0,1,0,3,3,2,2,1,0,3,4,5,5,4,4,4,3,2,4,3,4,2,3,3,3,2,3,2,3,1,3,2,2,0,6,5,3,3,3,4,4,3,4,3,3,4,4,3,4,3,4,3,3,3,2,4,3,3,4,3,3,5,4,2,4,3,4,4,4,2,2,2,2,2,2,2,2,2,2,4,3,3,3,2,5,4,2,5,1,1,3,5,7,1,30,4,1,1,1,44,3800,3400,0,155102,태양광 관련 지속 연구개발 계속,전자공학
29207,3,3,2,2,1,0,1,0,1,0,1,0,1,0,1,0,1,0,1,0,1,0,1,0,1,0,1,0,1,0,1,0,1,0,1,0,1,0,1,0,1,0,1,0,1,0,1,0,1,0,1,0,1,0,1,0,3,4,1,0,1,0,1,0,1,0,1,0,3,2,2,3,1,0,1,0,1,0,1,0,3,4,2,3,2,2,1,0,4,2,2,3,2,2,3,2,2,2,2,2,3,3,1,2,2,2,0,2,2,2,1,1,4,2,2,2,2,4,4,3,2,4,3,2,3,4,3,2,3,4,2,5,2,3,4,3,4,5,2,2,5,5,2,2,2,2,2,2,2,2,2,2,3,2,2,3,2,6,5,4,4,6,6,4,3,6,1,36,3,1,3,2,48,2400,2000,0,852401,친환경 재개발,경영학
29208,2,3,2,3,2,4,3,5,3,4,3,4,3,5,3,4,2,3,3,5,3,5,2,5,3,5,2,5,2,4,2,4,3,5,3,5,3,5,2,4,3,3,4,5,4,3,3,4,3,5,2,4,2,3,1,0,1,0,1,0,1,0,1,0,1,0,1,0,1,0,1,0,1,0,1,0,1,0,3,3,1,0,1,0,3,4,2,5,4,4,3,4,4,3,4,3,4,4,4,3,4,3,1,2,1,2,0,2,2,4,4,5,4,4,3,3,3,3,2,4,3,4,3,4,4,4,3,3,3,4,4,4,3,5,4,4,5,4,5,3,5,4,2,2,2,2,2,2,2,2,2,1,3,3,3,3,2,8,2,8,2,5,5,9,5,1,2,31,4,1,1,1,40,3600,2800,0,415201,소잉디자이너1급 누가 대체 일이,대학교 의상디자인
29209,4,4,4,4,4,6,1,0,3,5,3,4,3,4,4,5,4,5,4,4,2,3,1,0,2,2,1,0,2,2,2,2,1,0,1,0,4,4,1,0,2,2,1,0,2,2,4,4,2,2,3,4,3,4,3,2,3,3,2,3,2,2,1,0,1,0,2,3,1,0,1,0,1,0,1,0,2,2,1,0,1,0,1,0,2,3,2,2,2,2,3,4,4,4,3,3,3,4,4,4,3,14,1,3,1,2,0,7,5,5,4,4,5,4,4,5,4,4,5,5,2,4,4,3,2,2,2,1,3,3,4,4,4,4,3,3,3,4,2,2,4,4,2,2,2,2,2,2,2,2,2,1,3,3,3,3,2,7,7,7,5,5,5,5,5,5,1,49,4,1,1,1,48,5200,2800,0,155302,수질환경산업기사 생활 윤택 직업 이기 유지,환경공학
29210,3,5,3,5,3,5,3,5,3,5,3,5,3,5,3,5,2,4,3,5,3,5,3,5,2,4,3,5,2,4,2,4,2,4,2,4,2,3,3,5,3,5,3,5,3,5,3,5,3,5,2,3,3,5,3,5,3,5,3,5,2,3,2,3,3,5,3,5,3,5,3,5,3,5,3,5,3,5,2,3,2,3,2,3,3,5,3,5,3,3,3,3,3,4,4,4,3,3,3,3,4,17,1,1,1,1,4,4,5,3,4,4,4,4,3,4,4,3,3,4,2,4,4,4,3,3,3,2,4,4,4,3,4,3,3,3,4,3,3,3,4,4,2,2,2,2,2,2,2,2,2,1,4,1,1,1,2,3,3,3,4,4,4,4,5,5,1,35,4,1,1,1,58,7500,4500,0,302001,수의사면허증 수의학 연구 반려 인구 증가,수의학
29211,5,6,4,5,1,0,3,4,2,3,2,4,4,5,3,5,5,7,3,4,1,0,2,4,4,6,1,0,1,0,1,0,1,0,1,0,3,4,4,5,4,6,1,0,2,3,1,0,2,2,1,0,3,3,5,6,3,5,5,6,2,1,3,5,4,6,4,6,5,7,4,6,4,6,4,6,4,6,4,6,4,6,3,4,5,7,4,6,4,4,3,3,4,1,3,5,2,4,4,4,3,8,1,2,1,1,1,4,4,3,3,3,4,4,3,3,3,4,4,4,3,3,3,4,4,4,3,3,2,3,3,4,3,3,4,4,3,4,3,3,3,3,2,2,2,2,2,2,2,2,2,2,4,2,2,2,2,6,6,4,5,5,5,7,5,4,1,32,4,1,1,1,40,3000,2300,0,812101,항공정비사 정비시스템 이해 항공기 이용 증가,항공정비
29212,3,4,4,6,4,6,1,0,1,0,1,0,1,0,3,3,4,6,1,0,1,0,3,4,4,6,3,3,1,0,1,0,1,0,1,0,3,4,2,3,2,2,1,0,3,3,1,0,2,2,1,0,2,3,1,0,2,2,1,0,2,3,1,0,2,3,2,2,1,0,2,2,1,0,4,4,4,5,4,5,1,0,1,0,4,5,4,5,4,4,2,2,4,3,4,2,2,4,4,4,3,15,2,2,1,2,0,1,4,3,4,3,4,4,4,2,3,3,3,3,3,2,3,2,3,2,3,4,2,4,2,4,3,4,4,4,4,4,4,2,4,4,2,2,2,2,2,2,2,2,2,1,4,3,3,3,2,6,5,6,4,5,6,3,3,5,2,27,4,1,1,1,40,2500,2400,0,29902,속기사 자격증 영상 녹화 증가 속기 필요성,도시조경
29213,2,3,2,3,1,0,3,4,2,3,3,4,4,5,4,5,3,4,1,0,2,3,4,5,4,5,2,4,3,4,3,3,1,0,1,0,3,4,3,4,4,5,3,4,4,5,1,0,3,4,2,3,3,4,1,0,1,0,1,0,1,0,4,5,4,5,3,2,3,4,4,5,2,2,4,6,3,4,4,5,4,5,3,4,3,4,2,2,4,3,4,3,3,2,4,4,3,4,3,3,4,9,1,2,1,1,2,2,1,3,3,3,3,4,3,4,3,4,4,4,2,4,5,3,3,2,3,4,2,4,2,4,5,4,4,4,5,5,4,4,5,5,2,2,2,2,2,2,2,2,2,1,3,3,3,3,2,6,7,8,6,7,6,6,6,4,1,49,2,1,1,1,44,4200,2300,0,871101,제빵기능사 제빵 제조 방법 소비 계속,상고
29214,3,4,3,4,4,5,2,2,3,4,4,5,4,5,4,6,4,5,4,5,4,5,4,5,4,5,4,6,4,5,4,5,4,5,4,5,3,3,4,6,4,5,3,4,4,5,3,4,3,4,4,5,4,5,4,4,3,4,3,4,4,5,4,5,4,5,4,5,4,5,4,5,4,6,4,4,3,4,3,4,4,5,3,4,4,5,4,4,3,4,4,4,3,3,3,4,3,3,4,3,4,7,1,4,2,2,0,7,5,4,4,3,4,4,3,4,4,3,3,3,4,3,3,4,4,3,3,2,3,3,3,3,4,4,3,2,4,3,3,3,4,4,2,2,2,2,2,2,2,2,2,2,2,3,3,3,1,7,6,6,4,3,3,6,4,3,1,31,4,1,1,1,45,5300,4000,0,131101,컴퓨터 기반 모바일 트렌드 변화,컴퓨터공학
29215,3,3,3,4,3,5,3,4,3,5,2,2,3,5,3,3,3,5,4,5,3,4,4,5,3,4,3,4,4,5,3,3,3,4,3,5,4,5,4,5,4,6,4,6,4,5,4,6,4,6,4,5,3,5,1,0,1,0,1,0,2,3,1,0,1,0,1,0,1,0,1,0,3,4,1,0,1,0,1,0,1,0,1,0,2,3,2,3,4,4,4,3,4,4,3,3,3,3,4,4,4,8,1,4,1,1,6,6,5,4,4,4,4,5,4,4,4,3,4,4,3,4,4,3,3,3,2,4,4,5,4,5,4,4,4,4,5,4,4,4,5,4,2,2,2,2,2,2,2,2,2,2,2,2,2,2,1,6,7,4,7,3,5,4,6,5,2,44,4,1,1,1,40,5000,2000,0,15201,운전면허 현장실습 업무파악 전철 확대 자가 차량 증가,경영학
29216,2,3,2,3,2,2,3,3,2,3,2,5,2,3,2,2,2,2,2,3,2,2,2,2,2,2,2,2,3,3,2,2,3,4,3,4,2,2,3,4,2,3,2,2,2,2,2,2,2,1,2,3,3,3,2,3,2,1,2,2,2,2,2,3,2,2,3,3,3,3,2,2,2,1,2,3,2,3,2,3,3,5,3,3,2,2,2,2,3,3,4,3,3,2,2,3,2,2,2,3,2,7,1,2,2,2,0,3,2,3,2,2,3,3,2,2,9,3,3,3,4,2,2,3,3,2,3,3,2,4,2,5,3,2,2,3,3,3,3,2,3,3,2,2,2,2,2,2,2,2,2,2,2,2,2,3,2,6,6,5,4,4,4,5,4,4,1,38,4,1,3,2,40,3400,3200,0,812902,인구 자전거 시장 포화상태,체육학
29217,1,0,2,2,1,0,4,3,1,0,1,0,2,3,1,0,2,3,2,3,1,0,1,0,2,3,1,0,4,3,4,4,2,2,2,2,1,0,3,3,1,0,1,0,2,3,1,0,1,0,1,0,1,0,1,0,1,0,1,0,1,0,1,0,1,0,1,0,1,0,1,0,1,0,1,0,1,0,3,3,3,4,3,4,2,2,4,6,3,3,1,2,3,1,3,5,4,3,2,2,2,18,1,1,2,2,0,6,2,4,4,3,4,4,3,3,9,3,3,3,2,4,4,4,3,3,4,2,3,4,2,4,4,5,5,5,5,4,3,4,4,3,2,2,2,2,2,2,2,2,2,1,4,2,2,2,1,9,9,9,3,3,5,2,2,2,2,27,3,1,2,2,40,2000,1000,0,414601,행사,실용음악
29218,5,6,5,7,5,6,5,6,5,7,5,6,5,5,4,6,5,5,5,5,4,6,5,7,5,7,5,7,3,4,4,6,4,5,4,5,3,5,5,7,4,5,4,6,4,6,3,4,3,5,4,5,4,4,5,6,5,7,4,5,2,3,3,4,3,3,4,6,4,6,5,6,3,4,4,5,4,5,3,5,3,4,4,3,3,5,3,3,3,3,3,4,3,4,3,2,3,3,3,3,3,15,2,5,1,2,0,6,7,3,3,3,5,4,3,3,3,3,3,3,3,4,4,3,3,3,3,3,3,4,4,3,3,3,3,3,3,5,4,3,4,4,2,2,2,2,2,2,2,2,2,3,3,3,3,3,2,3,4,3,5,5,6,3,5,5,2,35,6,1,1,1,40,4300,3100,0,121201,박사학위 상태 유지,물리학
29219,4,4,4,5,3,4,4,5,3,5,4,6,3,4,3,5,4,5,4,5,3,6,5,5,4,5,4,6,4,7,4,6,4,5,3,3,5,7,2,3,5,7,4,6,4,6,4,6,3,6,5,7,3,4,4,6,4,6,3,4,4,6,3,4,5,7,5,7,5,7,5,7,5,7,2,4,5,6,4,5,5,7,5,7,3,3,4,4,4,5,3,4,4,5,5,5,2,3,4,5,2,15,2,3,1,1,1,2,2,3,2,2,4,4,4,1,1,1,4,3,4,3,2,4,3,2,4,2,3,5,2,4,4,4,4,5,5,5,5,5,3,2,2,2,2,2,2,2,1,1,1,1,3,1,1,2,2,7,7,7,7,7,7,8,8,8,1,25,2,1,3,1,40,3000,2000,0,250301,운전면허 굴삭기 ITQ 지뢰관련교육 장비 사람 사람,이과
29220,4,5,4,5,3,4,4,5,3,4,3,4,4,5,3,4,3,5,3,4,3,4,3,4,3,4,3,5,4,5,4,5,3,4,3,4,3,4,4,5,4,5,3,5,4,4,4,5,3,4,3,4,2,4,1,0,1,0,1,0,3,4,4,5,1,0,3,4,2,3,2,3,3,4,2,3,3,4,3,4,4,4,2,3,4,5,4,5,4,3,3,3,2,3,2,3,3,2,2,2,3,7,1,2,2,2,0,2,2,4,4,3,4,5,4,3,4,4,3,4,3,3,4,3,3,4,4,4,3,3,4,3,3,4,3,3,3,4,4,2,3,3,2,2,2,2,2,2,2,2,2,1,3,1,1,1,1,6,5,5,4,4,5,5,4,4,1,39,2,1,1,1,30,3900,3600,0,614001,업계 상황 매출 지금 수준 유지,문과
29221,1,0,3,4,1,0,3,3,2,2,1,0,2,1,2,1,3,4,3,3,3,4,2,2,3,4,2,3,3,4,3,3,1,0,2,3,2,2,3,3,3,4,3,3,3,4,2,3,2,2,1,0,1,0,1,0,2,3,1,0,1,0,2,1,2,1,2,3,2,1,2,2,2,2,3,4,3,4,3,3,2,2,2,3,3,3,2,1,3,4,5,3,3,5,3,4,3,3,3,3,5,8,1,2,1,2,0,3,2,2,2,1,3,2,3,3,9,9,4,3,2,4,3,2,3,2,4,3,4,2,4,4,3,5,3,3,5,5,3,3,4,4,2,2,2,1,2,2,2,2,2,2,2,2,2,2,2,7,6,6,4,6,5,4,3,5,1,58,2,1,1,1,48,2800,1900,0,622101,운전면허 택시운전증 플랫폼 다양 카카오 승객,전자
29222,4,5,4,6,3,4,3,4,4,5,3,4,1,0,3,4,4,5,1,0,3,4,4,6,4,5,4,4,4,5,3,4,3,4,1,0,4,5,4,5,4,5,3,4,4,3,1,0,3,4,1,0,1,0,1,0,1,0,1,0,3,4,1,0,1,0,1,0,1,0,1,0,1,0,1,0,1,0,1,0,1,0,3,3,3,3,3,4,3,4,4,3,4,4,5,2,4,2,4,4,4,16,5,2,1,2,0,7,5,5,5,5,5,3,4,3,3,4,4,4,1,5,4,4,4,5,4,3,4,2,3,4,4,3,5,4,4,4,4,3,4,4,2,2,2,2,2,2,2,2,2,2,2,1,3,3,1,5,8,5,4,3,2,5,6,3,2,48,4,1,1,1,45,5700,2300,0,212201,초등 정교사 자격증 출생률 저조 학생,교육학
29223,3,4,3,5,3,4,5,6,1,0,2,3,1,0,3,4,3,4,2,3,1,0,2,3,5,7,4,5,5,7,2,2,3,4,2,3,2,3,5,7,4,5,3,4,3,4,1,0,2,2,2,2,1,0,1,0,1,0,1,0,2,2,1,0,1,0,1,0,1,0,1,0,3,4,1,0,4,5,3,4,2,3,1,0,2,3,2,3,4,5,3,3,3,2,2,4,3,4,4,3,3,18,1,2,1,2,0,2,4,3,4,3,3,4,3,3,3,4,4,4,2,3,3,2,2,3,4,4,3,5,5,4,5,5,3,4,5,5,3,2,4,5,2,2,2,2,2,2,2,2,2,2,3,2,2,2,1,7,8,6,4,4,3,6,3,6,2,34,4,1,1,1,40,3300,2000,0,521304,국내여행안내사 관광통역안내사 코로나 영향 해외 여행객 국내 여행객 수요,유아교육
29224,3,3,3,4,1,0,1,0,3,5,3,4,1,0,1,0,1,0,1,0,3,5,1,0,1,0,1,0,1,0,1,0,1,0,1,0,1,0,1,0,1,0,1,0,1,0,1,0,1,0,1,0,3,4,3,5,3,5,1,0,1,0,4,6,3,5,2,4,1,0,1,0,1,0,1,0,1,0,1,0,1,0,1,0,1,0,1,0,4,3,4,3,3,4,3,3,3,4,4,2,4,13,2,3,1,1,1,7,6,4,5,4,4,4,4,5,5,5,5,5,1,5,5,3,3,4,3,2,4,3,4,4,3,4,2,3,3,4,3,2,3,3,2,1,1,2,2,2,2,2,2,2,4,3,3,3,1,6,5,7,4,6,7,4,3,4,2,38,6,1,1,1,40,4500,3000,0,157201,식품기사 실무 교육 자동화 전산 업무 단축 물질 증가 유해 성분 검사 계속 예측,농생물
29225,1,0,1,0,1,0,1,0,1,0,1,0,1,0,1,0,1,0,1,0,1,0,1,0,1,0,2,2,1,0,1,0,2,2,1,0,1,0,3,4,1,0,1,0,1,0,1,0,1,0,1,0,1,0,1,0,1,0,1,0,1,0,1,0,1,0,1,0,1,0,1,0,1,0,2,2,1,0,1,0,4,5,1,0,1,0,2,2,3,3,4,4,4,3,3,3,2,3,2,2,2,17,1,2,1,2,0,7,4,3,4,3,4,3,4,3,3,4,4,3,3,3,3,3,4,3,4,3,3,3,3,2,3,3,3,2,3,2,2,2,2,3,2,2,2,2,2,2,2,2,2,2,3,2,2,2,1,6,4,3,2,6,6,7,4,4,2,51,3,1,1,1,40,3400,2200,0,550201,보육교사 일자리 변화,간호학
29226,4,6,4,5,4,4,4,6,1,0,2,4,4,6,4,4,4,4,3,5,2,4,4,5,4,5,3,3,5,5,3,3,4,6,3,5,3,3,3,3,3,4,4,5,4,4,3,3,2,2,4,5,2,2,1,0,1,0,1,0,3,5,1,0,1,0,1,0,1,0,1,0,2,2,1,0,1,0,1,0,1,0,1,0,1,0,1,0,4,3,4,4,4,4,2,3,2,5,4,4,3,13,1,4,2,2,0,4,4,3,4,3,4,3,3,4,3,4,3,3,3,2,2,4,3,2,3,2,3,3,3,4,2,3,4,4,4,3,2,3,4,4,2,1,1,2,2,2,2,2,1,3,3,1,1,3,1,7,2,7,4,3,4,7,3,7,2,36,4,1,1,1,40,4200,3000,0,24101,데이터 수치화 업무 강도 전산 화가 마케팅 분야,시각디자인
29227,2,4,3,3,2,5,2,5,4,6,3,6,2,4,3,5,4,5,3,3,2,3,3,5,2,5,2,5,3,4,2,4,3,6,4,6,2,4,3,5,4,6,2,4,4,6,4,6,3,5,2,4,1,0,1,0,1,0,1,0,3,4,2,5,2,3,1,0,1,0,1,0,2,5,3,3,3,5,4,6,3,5,3,4,2,4,2,5,3,4,4,4,2,3,4,2,3,3,4,3,3,9,1,2,1,2,0,4,5,2,3,4,4,4,3,2,3,3,3,4,3,4,4,2,3,4,3,4,3,4,4,3,2,4,3,3,4,3,4,4,3,2,2,2,2,2,2,2,2,2,2,2,2,2,2,2,2,8,2,4,2,2,7,5,3,4,2,57,4,1,1,1,40,3800,3800,0,27101,세무회계1급 경제 침체,회계학
29228,2,2,2,2,3,4,4,4,3,3,4,5,2,2,4,4,3,3,3,3,4,4,2,2,3,3,4,4,2,2,4,3,3,3,3,3,3,3,4,6,4,4,2,2,2,2,1,0,3,3,4,4,4,5,4,3,4,4,3,5,3,4,4,5,5,5,4,4,3,3,5,6,4,6,3,3,2,2,3,3,3,3,2,2,4,4,3,5,4,3,2,4,3,2,4,3,3,2,3,2,3,3,1,2,2,1,2,7,3,3,3,3,3,3,2,4,4,3,4,4,3,3,3,4,4,4,5,3,4,4,3,4,4,3,4,4,3,4,4,3,4,3,2,2,2,2,2,2,2,2,2,1,3,2,3,3,1,7,8,9,3,2,8,2,8,3,2,43,2,1,1,1,52,3200,2350,0,873201,실습기간 기계 조작 사람 일이,일반고 인문계(문과)
29229,5,5,4,5,3,4,3,4,3,4,4,4,5,5,4,5,3,4,4,4,3,4,4,4,4,4,2,2,3,3,3,4,3,4,3,4,1,0,2,2,3,4,4,4,4,4,3,4,1,0,1,0,4,4,4,4,4,4,1,0,4,4,3,4,3,4,3,3,1,0,3,4,1,0,5,5,4,5,4,5,1,0,3,4,4,4,3,3,3,3,2,3,3,3,4,4,3,3,3,3,4,3,1,2,2,2,0,6,5,4,3,3,3,4,3,3,2,3,3,3,2,4,4,4,4,2,2,2,3,5,3,3,3,4,5,3,3,3,2,3,3,4,2,2,2,2,2,2,2,2,2,2,4,3,3,3,2,4,5,2,4,2,1,2,4,3,2,29,5,1,1,1,40,3500,2700,0,153204,산업 계속 발전,전자공학
29230,4,5,3,5,4,4,4,5,3,5,4,5,4,4,4,5,4,5,4,5,4,4,4,5,4,5,4,6,4,5,4,5,4,6,4,6,4,6,4,6,4,5,4,5,4,5,3,5,4,5,4,4,4,5,4,5,4,5,4,5,4,5,4,5,4,4,4,4,4,5,4,5,4,5,3,5,4,5,3,5,3,5,3,5,4,5,3,5,4,3,4,4,4,3,3,4,3,4,3,4,3,17,1,2,1,2,0,2,2,4,3,4,4,3,4,4,3,4,3,4,2,4,4,4,3,3,4,3,4,3,4,4,4,3,3,4,3,4,3,4,3,4,2,2,2,2,2,2,2,2,2,1,4,3,2,3,2,7,6,7,6,7,6,7,6,7,2,63,2,1,1,1,30,1800,960,0,550101,요양보호사 고령화 사회 진입 때문,문과
29231,3,5,2,4,3,4,1,0,4,5,3,5,1,0,4,4,3,3,5,5,3,5,2,3,3,3,4,5,1,0,2,3,1,0,1,0,3,2,1,0,4,4,2,4,2,4,1,0,1,0,1,0,2,4,3,3,4,4,1,0,2,1,1,0,4,4,3,5,2,4,4,4,1,0,2,4,2,3,1,0,4,2,1,0,3,3,1,0,4,3,5,4,4,3,5,3,2,4,4,3,5,13,2,2,2,2,0,3,6,4,3,5,5,5,4,5,4,4,3,5,3,5,5,4,3,3,5,4,3,2,4,3,4,4,4,4,3,5,5,4,5,4,2,2,2,2,2,2,2,2,2,2,3,3,3,3,2,3,7,6,5,5,3,7,3,5,1,42,6,1,1,1,40,5200,4200,0,121105,기초과학 분야 변동,지질학
29232,1,0,2,2,1,0,2,2,1,0,1,0,1,0,1,0,2,2,1,0,1,0,3,3,4,3,4,4,1,0,1,0,1,0,1,0,1,0,1,0,1,0,2,2,3,3,1,0,2,2,2,1,2,2,1,0,2,2,1,0,1,0,1,0,1,0,2,2,1,0,1,0,1,0,1,0,3,2,3,3,4,2,4,3,4,4,3,3,4,3,3,3,3,2,4,2,4,3,2,3,2,18,4,1,2,2,0,5,2,4,4,4,2,4,4,4,9,9,5,4,4,5,4,3,2,1,2,3,4,5,3,4,4,3,3,3,2,3,2,3,3,4,2,2,2,2,2,2,2,2,2,1,4,3,3,3,2,9,8,7,2,2,2,7,3,2,2,26,4,2,6,1,40,0,0,2400,420201,골프 대회 증가 인식 개선,체육학
29233,4,4,4,4,3,3,4,4,4,4,4,4,4,4,4,4,4,5,4,4,4,4,3,3,4,3,3,3,3,4,4,4,4,4,4,3,4,4,3,4,3,5,4,4,4,4,3,4,4,5,3,4,4,4,4,5,3,3,4,4,3,4,4,5,3,4,4,4,3,3,3,3,4,4,3,4,3,3,3,3,3,3,3,3,4,6,4,5,4,4,3,4,4,4,3,3,2,3,4,4,3,6,1,1,1,2,0,6,5,3,4,4,4,4,2,4,4,3,3,4,3,4,4,3,3,4,4,3,4,3,3,4,4,3,3,4,4,3,3,4,3,4,1,1,1,1,1,1,1,2,2,2,3,2,2,2,1,7,6,7,7,6,8,5,7,6,1,52,4,1,1,1,40,4000,2600,0,140601,지적측량기술사 지상 레이저 측량 기술 활용 정보화 구축 해외 건설 수주 부진 측량 장비 발전 영향 측량 사의 일자리,도시공학
29234,2,2,3,3,2,1,2,2,3,4,2,2,2,1,2,2,2,2,3,4,2,2,3,3,3,4,2,2,3,3,3,4,2,2,2,3,2,2,3,3,3,4,3,4,3,4,3,3,2,2,3,4,2,1,2,2,3,3,2,2,2,2,2,1,3,3,2,2,2,3,2,2,2,2,2,1,2,2,3,4,2,2,3,3,2,2,2,1,4,3,4,4,3,2,3,3,2,2,4,2,4,19,4,2,1,2,0,7,2,4,3,4,4,4,3,4,9,9,4,4,3,4,3,3,4,2,3,2,3,4,5,5,3,4,4,3,4,3,4,3,5,5,2,2,2,2,2,2,2,2,2,1,4,1,1,1,1,7,8,6,4,5,5,3,2,5,1,39,2,2,6,1,40,0,0,4300,532401,면허증 투잡 인원 증가,화학
29235,2,3,4,5,2,1,3,3,2,2,1,0,1,0,1,0,2,3,1,0,1,0,2,3,3,4,1,0,3,4,3,3,3,4,4,5,3,3,4,5,4,5,4,5,3,4,3,4,3,3,3,4,2,2,3,4,4,5,4,5,1,0,3,3,2,2,4,5,4,5,4,5,3,4,4,5,3,4,4,5,3,4,3,4,3,3,2,1,5,4,2,3,4,2,4,5,3,3,4,2,3,13,4,2,2,2,0,4,2,4,3,3,5,4,3,4,9,9,4,4,2,4,5,1,2,4,3,4,5,5,3,5,3,4,3,2,3,5,2,2,4,2,2,2,2,2,2,2,2,2,2,2,2,2,2,2,1,5,6,4,4,5,4,2,2,3,1,50,3,2,6,1,40,0,0,5300,702501,장년 선호,산업디자인
29236,3,4,3,4,2,2,2,2,5,6,4,5,5,7,5,6,4,5,4,5,4,5,2,3,3,4,1,0,1,0,1,0,1,0,1,0,3,4,1,0,3,4,2,2,1,0,1,0,1,0,1,0,5,7,5,7,4,5,4,5,5,7,2,2,2,2,1,0,1,0,1,0,1,0,1,0,1,0,3,4,1,0,1,0,4,5,1,0,5,4,3,4,5,4,4,4,2,5,3,3,4,13,1,2,2,2,0,7,5,4,5,4,4,5,4,4,3,4,4,4,3,4,4,4,3,4,4,3,4,3,3,4,5,4,5,4,4,4,4,4,5,4,2,2,2,2,2,2,2,2,2,1,3,3,3,3,2,3,2,1,2,8,8,9,9,2,2,31,4,1,1,1,40,3900,3000,0,415504,변화,산업디자인
29237,4,5,4,4,3,3,3,3,3,3,4,4,4,5,3,4,2,4,3,3,3,3,4,4,4,4,4,4,3,3,3,3,4,4,3,3,4,4,4,4,4,4,3,3,4,4,4,4,4,5,3,3,4,4,4,4,4,4,4,4,3,2,4,4,4,4,4,4,4,4,4,4,4,5,4,4,4,4,3,3,4,4,3,3,3,3,3,3,4,4,3,2,4,3,4,3,2,4,3,4,4,17,1,1,2,1,4,4,2,4,3,4,4,4,3,3,9,9,5,5,3,4,3,4,3,4,4,2,3,4,2,4,3,4,3,2,4,4,3,2,4,5,2,2,2,2,2,2,2,2,2,2,3,2,2,3,2,3,6,5,3,5,7,7,5,5,1,41,2,1,1,1,50,3800,2700,0,511502,동물 간호 기초실무교육 반려견 사람,인문계
29238,5,7,5,7,4,7,5,7,4,5,5,7,3,5,5,7,5,7,4,5,5,7,4,6,5,7,4,6,5,7,5,4,5,7,5,6,3,5,4,6,5,7,5,6,5,6,2,4,1,0,3,5,3,5,1,0,2,4,1,0,3,4,1,0,3,3,1,0,1,0,1,0,4,5,1,0,1,0,4,5,3,5,3,4,3,5,3,5,4,5,4,4,4,4,4,4,2,4,4,5,3,15,2,4,2,1,3,7,5,4,4,4,4,4,3,5,4,4,4,4,2,4,4,4,4,3,4,3,4,4,4,4,5,4,4,5,4,4,4,4,4,4,2,2,2,2,2,2,2,2,2,2,3,3,3,3,1,8,2,3,2,3,3,3,8,8,1,31,4,1,1,1,52,7000,7000,0,221102,사법연수원 공무원 상태 유지,법학
29239,5,5,5,5,5,5,5,4,5,3,5,4,5,6,5,4,5,4,4,5,5,5,5,5,5,4,5,4,4,3,5,5,5,4,5,4,4,3,5,2,5,4,5,5,5,3,5,5,5,3,5,5,5,4,5,6,5,6,5,4,5,6,5,6,4,4,5,5,5,5,5,4,5,6,5,3,5,3,5,4,5,5,5,5,5,4,5,4,5,3,4,3,4,3,3,3,3,4,4,4,5,13,1,2,1,1,3,3,5,4,3,3,4,4,3,3,3,4,5,3,2,3,3,4,5,4,4,3,4,4,3,5,3,5,4,5,5,5,4,4,5,5,2,2,2,2,2,2,1,1,1,2,2,3,2,2,2,5,7,3,2,1,5,5,7,8,1,48,4,2,5,1,50,0,0,8500,140206,환경기술자격 에너지관리사 환경에너지기술 경기 둔화 이유 인력 감축 컴퓨터 프로그램 편리 정확성 데이터 가능성 매우 때문 사람 직접 몸소 노동,건축
29240,3,4,3,5,4,5,3,5,4,4,2,4,2,3,5,6,2,3,3,3,4,4,1,0,2,2,2,3,1,0,1,0,1,0,1,0,2,2,1,0,4,5,4,4,1,0,1,0,1,0,1,0,5,6,3,4,5,6,3,4,2,3,5,6,5,4,4,3,2,3,3,3,2,2,2,3,1,0,1,0,1,0,1,0,3,3,1,0,3,3,2,3,4,4,4,4,3,3,3,3,4,6,1,2,1,2,0,6,4,4,4,3,4,4,2,3,4,4,4,4,2,4,4,4,4,2,3,2,2,3,2,4,3,3,3,3,4,5,3,3,5,4,2,1,1,2,2,1,2,2,2,5,1,2,2,3,1,3,3,3,3,4,5,3,3,7,1,44,4,1,1,1,40,7000,3000,0,140701,산업기사 측정 장비 관련 소프트웨어 도입 자동화 일자리,토목공학
29241,4,4,4,4,3,3,4,5,3,4,4,5,4,5,4,4,4,4,4,5,3,5,4,5,4,5,3,5,5,6,4,5,5,6,4,5,2,3,3,4,4,4,3,4,4,6,1,0,1,0,1,0,1,0,1,0,1,0,1,0,1,0,1,0,1,0,1,0,1,0,1,0,1,0,1,0,1,0,4,5,4,6,4,5,4,4,4,4,4,4,4,3,3,3,4,4,4,3,4,4,3,19,1,2,1,2,0,2,2,4,3,3,5,4,4,5,5,5,4,4,3,3,4,4,4,3,4,4,3,3,4,4,4,3,4,4,3,3,4,4,4,4,2,2,2,2,2,2,2,2,2,3,3,3,3,3,2,3,6,4,7,3,7,8,3,7,2,52,2,1,1,1,42,3200,2400,0,512301,장례지도사 장례 문화 변화,인문
29242,4,4,3,3,4,6,3,4,2,2,2,4,2,2,3,3,3,4,2,2,3,4,2,4,3,3,3,2,3,3,4,4,3,3,2,2,2,2,2,2,3,3,3,3,2,2,1,0,1,0,1,0,1,0,1,0,1,0,1,0,2,2,1,0,1,0,1,0,1,0,1,0,1,0,1,0,2,2,3,3,3,4,4,4,3,4,3,4,3,3,4,3,4,3,4,2,3,3,4,3,3,15,2,1,1,2,0,7,4,4,4,3,2,3,3,4,9,9,9,4,2,4,4,4,3,4,4,3,4,4,4,4,4,3,3,3,4,4,3,3,4,4,2,2,2,2,2,2,2,2,2,2,2,2,2,3,1,1,2,2,6,5,5,2,2,5,2,37,4,1,1,1,40,3650,2620,0,413201,사서자격증 2급정사서 일자리 감소,국문학
29243,4,5,3,5,4,4,3,5,3,5,3,5,4,4,4,4,3,5,4,4,4,4,4,4,4,4,4,4,4,4,4,4,4,4,4,4,4,4,4,4,4,4,4,4,4,4,4,4,3,4,4,4,4,4,3,5,4,4,4,4,4,4,4,4,4,4,4,4,4,4,4,4,4,4,4,4,3,3,4,4,4,4,4,4,4,4,4,4,4,3,4,4,3,4,4,4,3,4,4,4,5,19,4,1,2,2,0,1,2,4,5,4,4,3,4,4,9,9,9,4,4,5,4,4,3,4,3,4,4,4,4,3,4,3,4,3,4,3,4,3,3,3,2,2,2,2,2,2,2,2,2,2,2,2,2,2,2,6,7,5,3,4,5,7,6,5,1,52,4,2,6,1,50,0,0,3500,615401,온라인 구매 대여 점점 감소,경영학과
29244,2,2,2,3,2,3,2,3,2,3,2,2,2,2,2,3,3,4,2,3,2,3,2,3,2,3,2,3,2,3,2,3,2,3,3,4,2,3,3,4,3,4,2,3,2,3,1,0,2,3,2,3,2,3,2,3,2,2,2,3,2,3,2,3,2,2,2,2,2,2,2,2,2,2,2,2,2,2,2,3,3,4,2,2,2,3,2,3,4,4,3,4,3,4,4,3,4,2,3,3,3,14,1,2,2,2,0,1,1,4,1,1,5,3,3,3,9,4,4,4,3,3,2,3,4,3,2,3,3,4,4,4,3,4,3,2,4,4,4,3,3,4,2,1,1,1,1,1,2,2,2,4,2,2,2,2,2,6,4,7,3,5,8,6,5,4,1,28,3,1,1,1,40,2000,1800,0,562301,전산 화로 변화 일어나고 컴퓨터 시스템 주차,경영학
29245,5,7,5,7,3,4,5,7,3,4,4,5,3,4,3,4,5,7,3,4,3,4,4,5,4,5,4,5,2,3,2,3,2,3,1,0,3,4,1,0,1,0,1,0,1,0,1,0,1,0,1,0,1,0,1,0,1,0,1,0,1,0,1,0,1,0,1,0,1,0,1,0,1,0,1,0,1,0,1,0,1,0,1,0,3,4,3,4,4,4,4,3,4,4,4,5,3,4,4,4,3,18,1,6,2,2,0,3,2,4,4,5,5,5,3,3,3,4,4,4,3,4,5,2,3,3,2,4,4,5,2,4,5,5,5,5,5,5,4,4,5,4,2,2,2,2,2,2,2,2,2,2,3,1,1,3,1,8,5,5,1,1,5,8,5,2,2,34,4,1,1,1,40,3000,2400,0,416205,방송 채널 증가 일자리 예정,신문방송학
29246,5,6,2,4,3,4,2,3,1,0,2,3,3,4,3,3,2,2,1,0,2,2,1,0,2,2,3,3,2,2,2,2,1,0,2,2,2,3,4,4,3,3,2,2,3,4,1,0,1,0,1,0,1,0,1,0,1,0,1,0,1,0,1,0,1,0,1,0,1,0,1,0,1,0,3,4,1,0,1,0,1,0,1,0,2,2,3,3,4,4,5,4,5,4,5,3,5,5,2,3,4,19,4,1,2,2,0,6,4,4,4,3,5,4,3,4,9,9,9,4,2,5,5,3,3,2,1,3,3,5,4,4,4,5,4,3,4,3,4,2,4,4,2,2,2,2,2,2,2,2,2,3,3,3,3,3,1,3,3,5,2,5,5,3,3,5,2,45,4,2,6,1,40,0,0,4000,411201,전문성 노력 요구 지원 한정,영어영문학
29247,2,3,3,4,2,2,3,4,2,2,1,0,1,0,4,5,3,4,3,4,1,0,3,4,4,5,4,5,3,4,4,5,2,3,2,3,3,4,4,6,1,0,1,0,4,5,4,5,3,4,4,5,3,4,3,3,4,5,3,5,1,0,3,5,3,4,4,4,4,4,4,4,1,0,3,4,3,4,3,4,4,4,3,4,3,4,4,5,3,4,4,2,2,4,2,4,2,3,2,2,3,19,1,1,2,2,0,3,4,3,3,4,4,4,3,4,3,3,4,3,3,3,3,4,3,3,3,3,4,3,5,3,3,4,4,4,4,4,4,3,4,5,2,2,2,2,2,2,2,2,2,5,2,2,2,3,1,5,4,5,5,6,5,6,5,5,1,52,2,1,1,1,30,2800,2200,0,615701,주유소 감소,이과
29248,3,5,3,4,3,5,3,3,3,4,3,5,3,4,3,4,3,4,2,2,2,4,2,4,3,4,3,4,2,2,3,4,3,3,2,2,2,4,3,3,3,3,3,3,3,3,2,2,2,2,3,3,2,2,1,0,1,0,1,0,3,5,2,1,2,2,1,0,1,0,1,0,2,2,2,1,2,1,2,3,2,2,2,2,2,2,2,2,3,3,3,3,3,4,3,2,3,3,3,4,3,15,2,3,1,2,0,3,4,4,3,3,4,4,3,3,3,3,4,4,2,4,3,3,4,2,3,3,4,3,3,4,3,4,3,3,4,4,3,3,4,4,2,2,2,2,2,2,2,2,2,2,2,3,3,3,2,5,4,4,5,4,4,3,5,6,1,35,5,1,1,1,40,3000,2400,0,25401,컴활2급 회계관리 2급 인구 감소 사무 자동화,경제학
29249,3,4,3,4,2,3,3,4,3,3,3,4,2,3,3,4,3,3,2,3,3,4,2,4,2,4,4,5,2,4,2,4,3,4,3,3,2,3,2,2,2,3,3,4,2,5,1,0,1,0,2,3,1,0,2,3,2,3,2,3,2,3,2,3,2,3,3,3,3,3,2,3,2,3,2,3,2,4,4,5,1,0,1,0,3,4,3,4,3,3,4,2,3,3,4,4,2,3,3,4,3,13,2,2,1,2,0,5,3,3,2,2,4,3,2,2,2,3,3,3,4,3,2,4,2,2,2,2,3,4,4,4,3,4,2,2,3,4,3,2,4,3,2,2,2,2,2,2,2,2,2,2,5,3,3,3,2,5,5,5,7,7,5,5,5,5,1,40,3,1,1,1,55,5000,3500,0,621402,해기사 항해사 교대 근무 교대 근무 전환,기계공학
29250,4,4,3,3,3,4,4,4,2,3,3,3,3,4,2,2,3,3,3,3,3,3,2,2,3,3,1,0,4,3,3,3,3,3,3,3,3,3,5,5,2,3,1,0,4,4,1,0,3,3,2,2,1,0,1,0,1,0,2,2,2,3,1,0,1,0,1,0,2,2,2,2,2,2,3,3,3,3,3,3,3,3,3,3,3,3,3,3,4,4,2,3,4,2,3,5,5,5,5,5,5,18,1,2,2,2,0,7,2,3,3,2,3,4,3,3,3,3,3,3,2,5,3,4,5,4,5,4,5,2,4,4,4,3,2,3,4,5,3,2,4,4,2,2,2,2,2,2,2,2,2,1,2,2,2,2,1,8,4,3,7,6,4,2,7,3,2,37,4,1,1,1,40,2400,1800,0,512201,결혼 젊은이 수가 갈수록 감소 예상,경영학
29251,3,3,2,2,3,3,2,2,2,1,1,0,4,5,3,3,3,4,1,0,1,0,2,3,4,5,3,4,2,1,3,4,2,2,4,5,1,0,2,2,3,4,4,5,3,4,4,5,4,5,1,0,3,4,3,4,1,0,1,0,1,0,3,4,4,5,2,2,3,3,3,4,1,0,4,5,1,0,2,1,1,0,3,3,2,2,1,0,5,2,5,3,4,4,2,5,2,3,4,2,5,3,4,1,1,2,0,3,4,2,4,4,4,4,3,3,9,9,9,3,1,4,4,1,2,3,3,2,3,4,4,3,2,2,3,3,2,3,3,2,3,4,2,2,2,2,2,2,2,2,2,2,3,3,3,3,2,8,6,7,2,3,3,5,4,4,2,29,3,2,6,1,60,0,0,2300,415101,캐드 컴퓨터디자인 디자인 프로그램 개발 정도 업무 대체 창조 관해 대체,쥬얼리
29252,2,2,3,3,3,3,4,2,3,3,3,2,3,3,3,3,4,4,3,3,3,3,3,3,3,3,1,0,3,3,5,2,4,3,4,4,2,2,4,3,3,2,3,3,2,2,1,0,3,3,1,0,1,0,1,0,1,0,1,0,1,0,2,2,2,2,1,0,2,2,1,0,1,0,2,3,2,2,3,3,4,4,4,4,2,2,2,2,4,3,4,2,3,1,2,3,1,1,2,2,4,7,4,1,2,2,0,7,1,1,1,1,4,1,2,2,9,9,9,2,5,2,1,4,4,4,4,3,5,2,3,5,2,2,3,2,5,5,4,2,4,3,2,2,2,2,2,2,2,2,2,1,3,2,2,2,2,9,9,8,8,9,3,6,2,8,2,58,1,2,6,1,60,0,0,1500,615501,기술 직업,0
29253,3,4,2,2,1,0,2,4,1,0,3,3,3,4,4,4,3,4,3,3,1,0,1,0,3,3,3,3,3,4,3,3,1,0,1,0,1,0,3,3,2,4,3,4,3,4,1,0,1,0,3,4,4,4,4,4,3,4,2,4,3,4,3,3,3,4,5,5,3,4,5,5,3,4,2,5,3,4,2,3,3,3,1,0,3,3,3,4,4,4,4,4,4,3,4,3,3,4,4,3,4,10,1,4,1,1,3,3,5,4,4,4,3,4,3,4,4,4,5,4,3,4,3,3,2,3,4,3,3,3,3,3,4,4,4,3,4,4,3,4,4,4,2,1,1,2,1,1,2,2,2,2,3,2,2,2,2,7,4,5,5,4,5,7,7,5,1,48,4,1,1,1,60,5600,3600,0,136002,방송통신기사 방송기술 분야에 관련된 제반업무 교육 방송 송출 기계 장비 개선 방송 방송 영상 제작 고용 변화,기계공학
29254,3,3,3,4,3,5,2,4,3,5,3,5,3,5,3,6,3,6,3,5,3,7,3,6,3,5,3,5,3,5,3,3,3,3,3,4,3,5,3,3,3,5,3,3,5,4,3,6,3,5,4,3,4,4,4,4,3,4,3,4,3,4,3,3,3,5,4,5,3,5,3,3,3,4,3,5,3,4,3,3,3,3,3,2,4,4,3,3,4,4,3,3,3,2,3,4,4,3,3,3,2,13,2,3,2,2,0,1,5,2,2,2,3,3,2,2,2,2,3,2,3,3,3,2,2,2,2,2,4,4,4,4,3,3,3,3,3,4,2,2,4,4,2,1,1,2,2,2,2,2,2,1,3,3,3,3,1,7,7,5,2,2,5,1,2,5,2,25,4,1,3,2,52,2500,2500,0,156101,연산 시스템 도입 시장 포화상태,융합섬유공학
29255,3,4,3,3,3,3,3,3,3,3,3,3,3,3,3,3,3,3,3,4,3,3,3,3,3,3,3,3,3,3,3,3,3,3,3,3,3,3,3,3,3,3,3,3,3,3,3,3,3,3,3,3,3,3,3,3,3,4,3,4,3,3,3,3,3,3,3,3,3,3,3,3,3,3,3,3,3,3,3,3,3,4,3,3,3,4,3,4,5,4,4,4,4,4,4,3,3,3,4,3,3,13,1,2,1,1,5,5,5,4,4,4,4,4,3,4,4,4,4,5,3,4,4,4,4,4,3,3,3,3,5,3,3,3,3,3,4,4,4,3,3,3,2,2,2,2,2,2,2,2,2,3,3,2,3,3,2,5,5,7,6,6,5,6,6,6,1,50,4,1,1,1,58,3000,2000,0,22103,관세사 원산지 관리 무역 영어 1급 시스템 개발 일자리 변동,경영학
29256,1,0,1,0,1,0,1,0,1,0,1,0,3,5,1,0,3,4,1,0,1,0,1,0,1,0,1,0,1,0,1,0,1,0,1,0,1,0,1,0,1,0,3,4,1,0,1,0,1,0,1,0,2,4,1,0,3,4,3,4,1,0,1,0,3,5,3,4,2,3,3,4,1,0,1,0,1,0,1,0,3,4,1,0,1,0,1,0,4,4,3,3,4,2,3,4,4,3,4,2,4,10,1,3,2,2,0,7,5,4,3,3,4,4,4,4,4,4,4,4,2,3,4,4,3,3,4,2,3,3,3,4,5,5,4,3,4,4,4,3,3,3,2,1,1,1,1,1,1,2,2,2,2,2,2,3,1,8,7,6,3,2,3,7,8,8,1,48,4,1,1,1,40,7000,4000,0,416401,드론 로봇 이용 기술 교육 구조조정 기술 발달 일자리 감소,신문방송학
29257,2,3,2,4,1,0,2,4,1,0,1,0,1,0,2,3,1,0,1,0,2,3,1,0,3,3,2,3,1,0,1,0,1,0,1,0,1,0,1,0,3,5,1,0,1,0,1,0,1,0,1,0,1,0,1,0,3,4,4,5,1,0,3,4,1,0,5,5,5,5,3,4,1,0,1,0,3,4,1,0,5,6,4,4,4,3,3,5,2,4,4,3,3,2,3,2,3,3,4,3,4,19,1,2,1,2,0,2,3,4,2,2,4,2,2,3,3,4,4,3,2,4,3,3,4,3,2,3,4,3,2,4,3,5,4,4,5,4,4,4,4,3,2,2,2,2,2,2,2,2,2,1,2,2,2,3,2,3,3,5,6,7,4,6,5,5,1,36,3,1,3,2,48,2800,2000,0,811601,건설기계정비 경기 침체 건설 경기 침체,기계
29258,1,0,1,0,1,0,1,0,1,0,1,0,1,0,2,3,2,3,2,3,1,0,1,0,3,3,3,3,1,0,1,0,1,0,1,0,1,0,1,0,4,5,2,3,3,4,1,0,4,4,1,0,3,4,2,3,4,6,3,4,1,0,1,0,3,4,5,5,5,6,5,6,3,3,5,6,3,4,2,3,5,6,2,2,3,4,2,3,4,4,3,4,3,2,4,3,1,2,3,3,3,1,1,2,2,2,0,1,2,2,2,2,3,3,3,3,3,3,3,3,3,3,3,4,4,4,4,4,4,4,1,3,3,3,3,3,3,3,2,2,3,3,2,2,2,2,2,2,2,2,2,2,2,2,2,2,2,6,5,6,7,7,7,5,5,5,1,55,2,1,1,1,40,5000,3000,0,624301,갑판 일도 육지 일자리 관계 선호,인문계 이
29259,4,2,3,2,3,4,4,2,2,1,3,2,4,3,3,2,3,2,4,3,4,2,3,2,3,2,3,4,3,2,4,2,4,2,4,2,3,1,4,2,3,2,2,2,3,2,3,1,3,1,4,2,3,1,5,2,3,2,4,2,5,3,3,2,4,3,3,1,3,2,2,3,2,1,2,1,3,2,3,2,2,1,3,2,2,3,2,1,4,3,4,3,4,5,4,2,4,5,4,3,2,10,1,2,1,1,4,3,4,4,3,2,4,3,2,4,3,4,5,4,2,3,4,3,4,3,2,3,4,5,1,4,3,4,5,4,3,2,3,4,3,4,2,1,1,2,2,1,2,1,2,1,4,1,1,3,2,4,6,3,7,5,4,7,4,6,1,34,5,1,1,1,40,3800,3600,0,131201,전파통신기능사 정보통신산업기사 전자응용기술교육 통신 장비 개발 무량 감소 정보 시스템 관련 인력 역할,정보통신
29260,1,0,1,0,1,0,2,3,2,2,1,0,2,2,3,3,3,3,2,2,1,0,3,4,3,4,1,0,3,3,2,1,1,0,3,4,2,2,3,4,1,0,1,0,1,0,2,2,3,3,2,2,2,1,1,0,1,0,1,0,1,0,3,4,1,0,1,0,1,0,1,0,2,2,3,4,2,2,3,4,4,5,4,5,3,4,2,2,4,4,4,3,2,4,2,3,2,4,3,2,4,9,1,2,1,2,0,2,4,2,3,3,4,4,3,3,9,9,9,3,2,4,4,4,4,1,2,3,4,4,3,4,4,4,4,4,4,4,4,3,4,3,2,2,2,2,2,2,2,2,2,1,4,2,2,2,2,5,5,6,7,7,4,7,4,5,2,40,3,1,1,1,40,3189,2526,0,531401,양식조리기능사 먹거리 사람 때문,호텔조리학
29261,3,5,4,5,3,4,4,5,2,4,3,5,2,4,3,4,4,5,4,5,3,4,3,4,5,7,4,6,3,5,4,6,3,5,3,5,4,5,4,6,4,6,5,7,4,6,2,4,2,3,4,6,4,6,4,5,4,6,3,4,2,3,4,5,5,7,4,4,4,5,5,6,2,3,2,3,2,3,3,4,2,3,2,2,4,6,4,5,4,4,2,1,4,3,4,4,2,4,4,4,4,15,2,2,1,1,4,3,4,4,4,4,2,4,2,1,1,4,4,3,3,3,3,4,4,3,4,2,3,5,3,4,2,2,2,2,2,4,3,2,4,4,1,1,1,1,1,1,2,2,2,3,3,3,2,3,2,7,5,4,3,3,6,5,5,5,1,54,5,1,1,1,50,7500,3500,0,621401,항공교통관제사 국지관제업무 수행능력 휴먼 에러 방지 관제 업무 보조 자동화 장치 도입 인공 지능 시스템 도입,항공교통
29262,4,5,3,4,4,5,2,3,4,5,4,6,3,4,4,5,4,5,1,0,3,4,4,5,3,4,4,5,1,0,3,4,4,5,3,4,3,4,4,5,3,4,4,5,4,5,3,4,4,5,3,4,3,4,1,0,1,0,1,0,3,4,3,4,3,3,2,3,1,0,3,4,4,5,4,5,3,4,3,4,4,4,3,4,4,4,4,5,4,4,4,4,5,4,3,4,4,3,3,4,3,11,1,4,1,1,1,7,5,4,4,4,4,3,3,4,3,3,3,4,3,3,3,3,3,4,3,2,3,3,3,4,3,3,4,4,3,4,2,3,3,4,2,2,1,1,1,2,2,2,2,1,4,2,2,2,1,6,7,4,3,7,4,3,6,5,1,31,4,1,1,1,45,4800,4200,0,31102,CFA 신용평가서 작성법 세계 팬더믹 상당 평소 상황 평가 체계 필요 기업 점점 회사 평가 필요,경영
29263,4,6,4,6,4,6,4,6,3,3,4,6,3,5,3,5,4,6,4,3,4,6,3,5,4,6,4,5,4,5,3,5,4,6,4,5,3,5,4,5,4,5,3,5,4,5,3,5,3,5,3,5,4,5,4,6,4,6,4,6,3,5,3,5,4,5,4,5,4,6,4,6,4,6,4,2,2,2,2,5,4,3,3,2,5,6,2,3,5,4,5,4,4,3,4,4,3,4,4,2,3,13,1,2,1,2,0,3,4,5,4,4,5,4,4,4,4,5,5,4,2,5,5,3,4,4,3,4,5,4,4,4,3,4,5,4,3,4,4,3,4,2,2,2,2,2,2,2,2,2,2,2,4,2,2,2,2,7,6,3,4,4,3,8,5,4,1,46,4,1,1,1,40,4800,4800,0,133301,정보처리기능사 이용자 인터넷 이용 프로그램 개발 수요 증가,컴퓨터공학
29264,1,0,1,0,1,0,1,0,1,0,1,0,1,0,1,0,1,0,1,0,1,0,2,3,2,2,1,0,1,0,1,0,1,0,1,0,3,4,1,0,2,2,1,0,1,0,1,0,2,2,1,0,3,4,2,3,3,4,3,4,1,0,3,4,3,4,4,4,3,4,3,4,2,2,3,4,4,5,4,5,5,5,4,5,2,3,1,0,4,4,4,4,4,3,3,2,3,4,4,3,3,3,1,5,2,2,0,5,4,4,3,3,3,4,3,4,3,4,4,4,2,3,3,5,4,4,4,3,3,3,3,5,4,4,3,4,4,4,4,3,4,4,1,1,1,1,1,1,1,2,2,1,1,3,2,3,2,8,5,5,5,4,4,7,7,7,1,44,3,1,1,1,48,3800,3300,0,826201,기계 장비 도입 중국 수입 증가,시각디자인학
29265,3,4,4,4,3,4,3,4,3,4,3,4,3,4,3,4,3,4,3,4,3,4,3,4,3,4,3,4,3,4,3,4,3,4,3,4,3,4,3,4,3,4,3,4,3,4,3,4,3,4,3,4,3,4,3,4,3,3,3,5,3,3,4,5,3,4,3,4,3,4,3,4,3,4,3,5,3,4,3,4,3,4,3,5,3,4,3,3,3,4,3,3,3,3,3,3,3,4,4,3,3,3,1,5,2,1,2,2,5,3,3,4,3,3,4,3,3,3,4,3,2,4,3,4,4,3,3,3,4,3,3,3,3,4,3,3,4,4,4,3,4,3,2,2,1,2,2,2,1,1,1,1,3,2,2,2,1,5,6,6,5,5,6,5,6,6,1,38,4,1,3,1,52,3400,3200,0,872301,식품품질등급 검사법 자동화 설비 도입 상황 유지,행정학
29266,4,5,4,5,3,3,3,5,4,5,4,5,5,6,4,5,4,5,4,5,4,5,3,4,4,5,4,5,4,4,4,5,3,5,3,5,4,5,3,3,3,3,4,5,4,6,4,4,3,4,4,4,3,4,3,4,3,5,1,0,3,5,1,0,1,0,1,0,1,0,1,0,1,0,1,0,1,0,3,4,1,0,5,5,3,4,1,0,4,3,2,4,4,3,4,3,3,4,4,3,3,10,1,3,2,2,0,4,4,4,3,4,4,4,4,4,4,4,5,4,3,3,4,4,3,4,3,4,3,4,3,4,3,3,4,4,4,4,3,3,4,4,2,2,2,2,2,2,2,2,2,1,3,2,2,2,2,5,4,4,4,6,6,6,5,5,2,38,4,1,1,1,40,3600,2500,0,416101,대체 요인,영어영문
29267,5,6,4,6,5,6,5,6,4,5,3,5,4,4,5,7,4,6,5,6,4,6,5,6,4,5,4,5,5,7,5,7,5,7,4,6,4,6,3,5,5,7,2,2,3,4,3,4,1,0,5,5,1,0,1,0,1,0,1,0,3,4,1,0,1,0,1,0,1,0,1,0,1,0,1,0,1,0,1,0,1,0,1,0,1,0,1,0,4,4,3,3,4,4,4,4,3,4,5,4,5,15,2,6,1,2,0,7,5,3,4,4,4,4,4,4,3,4,4,4,2,4,4,4,5,4,4,3,4,4,3,4,4,3,4,4,5,5,4,2,3,4,2,2,2,2,2,2,2,2,2,2,2,3,3,3,2,9,6,7,4,2,3,1,6,4,1,55,4,1,1,1,40,6200,4000,0,12101,행정고시 인공 지능 출현 업무 전산,법학
29268,4,5,3,5,4,5,4,5,3,5,4,5,4,5,4,5,4,5,4,5,4,5,4,5,4,5,4,5,4,6,4,5,4,6,4,5,5,6,4,5,4,5,4,5,3,5,3,4,4,5,4,5,5,5,4,6,4,6,2,2,3,5,2,2,4,5,4,6,4,6,4,6,4,5,3,3,4,5,4,6,3,4,2,3,4,5,4,5,4,4,4,3,4,4,4,4,3,3,3,3,3,16,5,2,2,2,0,5,5,4,4,4,4,4,4,4,4,3,4,4,4,4,4,4,4,3,4,4,4,4,4,4,4,3,4,4,4,4,4,4,4,3,2,2,2,2,2,2,1,2,2,2,2,2,2,2,1,8,7,7,4,3,3,8,7,3,1,40,4,1,3,2,45,5600,3000,0,214201,코로나 관련 경기 체제 매출 감소 인적 구조조정 진행 코로나 때문,컴퓨터
29269,2,3,4,6,2,3,4,6,1,0,2,4,4,5,3,3,3,4,3,4,2,4,2,4,4,4,1,0,5,4,4,3,4,5,3,4,3,4,5,4,3,4,3,3,5,5,3,3,3,4,1,0,3,4,1,0,3,4,1,0,2,4,1,0,1,0,1,0,1,0,1,0,1,0,1,0,4,5,1,0,2,3,3,5,3,4,3,3,4,4,4,4,4,2,3,5,3,4,4,4,5,19,4,1,1,2,0,6,3,4,4,3,2,4,4,4,9,9,9,3,2,5,4,4,4,2,3,4,3,2,3,4,3,4,4,4,5,5,4,4,5,4,2,2,1,2,2,2,2,2,2,1,3,2,2,2,2,9,6,7,3,3,4,4,3,6,1,35,3,2,6,1,25,0,0,3000,420403,레크레이션 지도사 놀이 도구 장비 해동 놀이 문화 대체 사회 고도화 웃음 힐링 때문,자동차정비
29270,2,2,2,2,2,2,2,2,2,2,2,2,1,0,2,2,2,2,2,2,1,0,2,2,2,2,2,2,2,2,2,2,1,0,2,2,2,2,2,2,2,2,2,2,2,2,2,2,2,2,2,2,2,2,2,2,2,2,2,3,1,0,2,3,2,3,2,2,2,2,2,2,2,2,2,2,2,2,2,2,2,3,2,2,3,3,2,2,4,3,3,2,2,3,2,3,2,2,2,2,3,3,1,3,2,2,0,1,2,2,2,1,2,2,2,2,3,2,2,2,4,2,2,4,4,3,4,4,4,4,2,4,4,5,4,4,4,5,4,4,4,4,2,2,2,2,2,2,2,2,2,2,2,2,2,2,2,7,6,7,7,4,4,7,4,5,1,49,2,1,1,1,50,3700,2300,0,823101,기계로 대체,공예
29271,2,2,2,2,2,2,2,2,1,0,2,2,4,5,2,2,1,0,3,4,1,0,3,4,4,4,4,4,3,4,2,2,2,2,1,0,3,4,5,5,3,4,3,4,5,4,3,4,3,3,3,4,3,4,2,2,4,4,3,4,2,2,2,2,3,4,3,4,3,4,2,2,3,3,3,4,3,3,3,3,2,2,2,3,3,4,2,2,3,2,4,2,4,4,2,4,4,4,4,3,4,19,1,1,2,2,0,6,2,4,4,3,4,4,4,2,9,9,3,2,4,3,4,2,4,3,3,3,2,2,3,4,3,3,4,4,3,4,3,3,4,4,2,2,2,2,2,2,2,2,2,3,2,2,2,2,2,8,7,8,7,6,8,7,6,7,1,47,4,2,5,1,36,0,0,3800,414201,결혼 출산율 저하 수입,사진학
29272,3,5,3,4,3,5,2,4,4,5,4,6,2,4,2,4,2,4,3,5,3,4,4,5,4,4,3,4,3,5,1,0,1,0,2,4,2,4,1,0,2,4,3,5,4,5,1,0,2,4,1,0,3,5,3,5,3,5,4,6,5,6,3,5,3,5,2,4,4,5,2,5,4,4,1,0,1,0,1,0,1,0,1,0,3,4,2,4,4,5,4,4,5,4,4,4,4,5,5,5,4,10,1,3,1,2,0,5,4,4,4,4,4,4,4,4,4,4,4,4,3,3,3,4,3,3,3,2,2,4,4,5,4,3,3,2,3,3,3,3,4,4,2,1,2,2,2,2,2,2,2,2,4,3,3,3,1,3,3,3,4,5,5,6,5,5,1,45,4,2,5,1,50,0,0,6500,13701,정보통신산업기사 융합 도입 산업혁명 발달 무선 기기 사물인터넷 사용 증가,정보통신공학
29273,1,0,1,0,1,0,1,0,1,0,1,0,5,7,5,7,5,7,5,7,4,5,1,0,5,6,4,5,1,0,1,0,1,0,1,0,1,0,1,0,1,0,2,2,3,4,1,0,1,0,1,0,1,0,1,0,1,0,1,0,1,0,1,0,1,0,1,0,1,0,1,0,1,0,5,7,1,0,1,0,4,5,2,3,5,7,1,0,4,4,4,2,4,2,4,4,5,3,5,3,5,18,4,1,2,1,5,5,1,4,4,4,5,4,3,2,9,9,4,4,3,4,4,2,4,4,4,3,3,3,2,4,4,5,4,3,4,4,4,4,4,4,2,2,2,2,2,2,2,2,2,2,3,2,2,2,2,3,4,4,2,3,4,8,8,1,2,33,5,1,4,2,40,3200,1000,0,414101,그림작업 상태 유지,회화학
29274,2,2,3,3,3,2,4,5,2,4,3,4,3,3,4,4,3,3,3,3,3,3,5,6,4,4,3,4,3,3,3,2,2,2,1,0,3,3,3,3,4,4,1,0,1,0,1,0,1,0,1,0,1,0,1,0,1,0,1,0,3,3,1,0,1,0,1,0,1,0,1,0,1,0,1,0,1,0,3,4,1,0,2,3,4,4,3,3,4,4,3,4,4,4,4,4,3,4,4,3,4,17,1,6,1,2,0,7,4,4,5,4,4,4,4,4,3,3,4,4,2,4,4,4,4,4,4,3,4,3,3,5,4,4,4,4,5,4,4,3,5,4,2,2,2,2,2,2,2,2,2,1,3,1,1,3,2,1,2,4,5,5,5,5,8,5,1,48,4,1,1,1,40,4300,3200,0,306601,임상심리사1급 정신건강 대체 변화,임상심리학
29275,4,5,5,6,4,6,4,5,3,5,4,6,1,0,5,4,4,4,2,3,3,3,4,4,3,3,2,4,4,4,3,3,2,2,1,0,2,2,1,0,4,4,1,0,3,3,1,0,1,0,2,4,2,2,1,0,2,4,1,0,2,2,2,3,1,0,1,0,1,0,1,0,1,0,2,2,3,4,3,3,2,2,3,4,3,5,4,5,3,4,4,4,5,4,5,3,4,3,4,4,3,17,3,3,1,2,0,3,5,4,4,5,5,4,4,4,3,2,4,4,2,4,3,2,4,3,3,2,4,3,2,5,4,4,5,3,2,4,3,3,5,4,2,2,2,2,2,2,2,2,2,1,3,3,3,3,1,6,4,5,7,6,7,4,5,3,2,33,4,1,1,1,40,3800,2900,0,304003,보건교사 보건 교사 의무,간호학
29276,4,4,3,4,4,5,4,6,3,3,4,5,3,4,3,4,3,4,2,3,3,4,1,0,3,4,4,5,4,4,4,5,3,3,3,4,4,4,4,5,4,5,4,5,4,5,3,5,4,5,4,5,4,4,4,4,4,5,3,5,2,3,3,4,3,4,4,5,2,2,1,0,2,2,3,4,1,0,3,4,3,3,1,0,4,4,3,4,3,4,4,3,4,4,4,3,3,4,4,4,4,13,1,4,2,1,2,7,5,4,3,4,4,3,4,4,3,5,5,4,3,3,3,2,3,4,4,4,3,3,4,3,3,2,3,4,3,3,2,4,4,4,2,2,2,2,2,2,2,2,2,2,2,2,2,3,1,6,4,7,4,5,5,7,4,5,1,43,4,1,1,1,42,5800,3400,0,12301,마케팅 기술 연구 예행연습 홍보 매체 감소 가격 감소,언론홍보학
29277,5,5,5,5,3,5,5,5,2,3,4,5,3,5,4,4,4,4,2,3,2,3,5,7,4,5,4,6,5,5,5,6,4,4,3,3,5,6,5,6,3,4,1,0,4,4,2,2,1,0,1,0,1,0,1,0,2,2,1,0,2,3,1,0,2,2,2,1,1,0,1,0,2,2,1,0,1,0,1,0,1,0,1,0,3,3,2,2,4,3,1,3,5,5,2,3,4,5,5,4,4,16,5,2,2,2,0,5,4,5,4,3,3,5,5,4,3,4,4,5,2,5,5,5,5,4,3,3,4,4,4,4,4,4,2,2,4,5,5,2,2,4,2,2,2,2,2,2,2,2,2,1,2,2,2,2,2,7,7,7,7,7,8,5,7,7,2,34,3,1,1,1,30,2500,1500,0,214102,온라인 수업 생기 때문,영문학
29278,1,0,1,0,1,0,2,4,1,0,3,4,3,4,4,6,4,5,5,6,4,5,4,6,5,6,4,5,4,5,4,6,4,5,4,6,4,5,4,6,4,5,4,6,4,6,4,6,5,6,4,6,5,6,4,5,5,6,4,6,1,0,2,3,1,0,5,6,4,6,4,6,4,5,5,7,4,6,4,5,5,6,4,5,4,6,2,3,4,4,4,4,3,1,5,1,1,3,3,4,5,1,4,1,2,2,0,5,1,4,3,2,2,4,3,2,9,9,9,3,2,3,3,4,5,2,4,1,3,3,5,4,2,4,1,2,4,4,4,2,4,4,2,2,2,2,2,2,2,2,2,4,2,3,3,2,2,8,8,9,5,5,4,5,6,6,2,52,2,2,6,1,20,0,0,1500,904201,수산 자원 감소,인문
29279,3,3,3,3,1,0,2,3,1,0,2,3,1,0,1,0,3,4,3,4,1,0,3,4,3,4,5,6,4,6,4,5,1,0,1,0,3,4,5,6,3,4,3,4,5,6,2,3,4,4,4,4,3,3,3,4,3,3,3,4,3,4,3,3,3,3,4,5,4,5,3,4,4,4,3,3,4,5,4,6,4,5,3,4,4,6,4,6,4,4,3,4,4,4,4,4,3,3,3,4,3,14,1,4,2,1,1,7,4,3,3,3,3,3,3,2,3,3,3,3,3,3,3,2,3,3,4,3,3,3,3,2,3,4,4,4,3,4,2,3,4,3,2,2,1,2,1,2,2,2,2,3,2,3,2,3,1,8,8,7,3,3,2,2,2,5,1,29,3,1,1,1,45,3600,3200,0,541301,지점 관리 서비스 상용 자동화 시스템 모니터링 자동화,체육학
29280,1,0,3,3,2,1,3,4,1,0,1,0,1,0,1,0,2,2,1,0,1,0,3,4,3,4,3,3,3,4,3,4,2,2,1,0,1,0,3,3,3,4,3,4,1,0,1,0,2,2,1,0,2,2,1,0,1,0,1,0,1,0,1,0,1,0,1,0,1,0,1,0,2,3,3,4,3,4,3,4,3,4,3,3,3,3,2,2,5,4,5,3,4,2,2,4,3,4,4,2,1,11,1,2,1,2,0,3,2,3,4,3,4,5,3,3,2,4,4,4,1,3,4,4,3,3,2,4,3,3,3,4,3,2,3,4,3,2,3,4,3,4,2,2,2,2,2,2,2,2,2,1,4,3,3,3,2,6,7,8,5,4,4,5,7,7,1,36,3,1,1,1,45,2200,2000,0,541201,무도단증 사회,방사선
29281,5,7,5,7,4,5,3,4,1,0,4,6,5,7,4,6,2,3,4,5,5,6,4,5,5,7,5,6,4,5,5,6,4,5,4,5,3,4,2,3,4,6,5,7,5,6,4,5,3,4,5,6,2,3,2,3,4,5,2,3,1,0,2,2,3,3,2,3,1,0,1,0,4,5,1,0,2,3,3,4,4,6,3,4,2,3,2,3,4,4,3,3,5,4,3,4,4,4,5,5,4,14,1,4,2,1,3,6,4,4,4,4,4,5,5,3,3,3,4,3,3,4,4,3,2,2,3,5,3,5,4,4,4,4,5,4,4,5,4,4,5,3,2,2,2,2,2,2,2,2,2,2,3,2,2,2,1,2,2,2,3,3,6,3,3,6,1,46,4,1,1,1,40,7000,2500,0,416101,현장실습 변동,연극영화학
29282,1,0,1,0,1,0,1,0,1,0,1,0,3,4,1,0,1,0,1,0,1,0,1,0,4,4,1,0,1,0,1,0,1,0,1,0,1,0,4,4,1,0,1,0,1,0,2,3,1,0,1,0,1,0,1,0,4,4,1,0,1,0,1,0,1,0,4,5,1,0,1,0,1,0,4,4,2,3,1,0,3,3,3,4,5,5,1,0,4,4,4,3,4,4,4,2,3,3,4,3,4,19,1,1,1,2,0,4,4,2,3,2,3,3,4,3,9,9,9,3,3,4,4,3,2,3,4,2,4,3,4,4,3,4,4,3,4,4,3,4,4,4,2,2,2,2,2,2,2,2,2,1,2,2,2,2,2,9,8,6,3,4,7,7,5,6,2,33,3,2,5,1,45,0,0,2500,511302,네일아티스트 자격증 경쟁,뷰티
29283,4,5,5,5,4,5,4,5,4,5,5,6,3,4,3,3,4,5,4,6,4,4,4,6,4,5,4,6,4,3,4,4,2,3,2,3,4,4,4,4,4,5,4,4,4,3,3,4,3,3,3,4,4,4,3,4,2,2,2,3,3,3,3,3,4,3,2,2,2,3,2,3,4,4,3,4,3,5,2,4,3,5,3,4,3,4,4,4,4,3,4,4,3,4,4,3,4,4,3,4,4,15,2,5,1,2,0,7,5,4,4,4,5,5,4,4,3,3,3,4,2,3,3,4,3,3,2,2,4,3,3,4,3,3,3,3,4,5,3,2,4,4,2,2,2,2,2,2,2,2,2,1,4,3,3,3,2,3,4,4,4,5,5,3,4,5,1,29,5,1,1,1,50,3800,3000,0,122106,축산기술사 먹거리 대한 괸심 증가,축산학
29284,3,4,4,4,3,3,4,5,3,4,3,3,5,6,3,4,2,3,4,5,3,4,3,4,4,5,4,4,4,4,2,2,4,4,4,4,3,4,3,3,4,5,4,5,3,3,3,4,3,3,3,4,2,2,3,3,3,3,3,3,3,4,3,4,3,5,3,4,3,3,2,3,4,5,3,4,3,3,3,4,2,2,2,3,3,4,3,4,4,4,5,5,4,4,3,4,4,5,4,4,4,18,1,2,2,2,0,2,4,4,4,3,4,3,4,5,9,4,3,4,2,4,3,3,3,2,3,2,3,4,2,4,4,5,4,3,3,3,2,2,3,3,2,2,2,2,2,2,2,2,2,1,2,1,2,1,1,6,5,6,3,4,3,7,4,4,1,46,4,1,3,2,40,5000,3000,0,416104,세계 경기 둔화 코로나 영향,영상미디어학
29285,3,4,3,4,2,4,2,2,3,4,2,3,3,5,3,4,2,3,1,0,2,4,2,2,3,4,2,2,2,3,1,0,2,3,3,5,4,5,2,2,2,3,2,3,2,2,1,0,1,0,2,3,4,5,3,5,2,3,2,2,1,0,3,4,4,5,1,0,1,0,2,2,2,3,3,4,1,0,1,0,2,3,1,0,2,2,3,3,3,3,2,3,3,2,4,4,4,4,3,2,4,3,1,6,2,2,0,4,3,4,3,3,4,4,3,4,3,3,3,3,3,2,3,3,3,3,4,2,4,3,4,4,2,3,4,3,3,4,3,3,4,4,1,1,1,1,1,1,2,2,1,1,1,1,1,2,2,3,3,3,3,3,3,3,4,3,1,53,2,1,1,1,48,8000,2500,0,817101,자동화 설비 도입 업무 자동화 발달 인원 감축 예상,상고
29286,3,3,2,3,2,2,2,3,1,0,1,0,1,0,1,0,1,0,1,0,1,0,2,3,1,0,1,0,1,0,1,0,1,0,1,0,1,0,1,0,1,0,1,0,1,0,1,0,1,0,1,0,1,0,1,0,3,4,3,5,3,3,3,4,3,4,1,0,1,0,1,0,1,0,2,3,1,0,2,3,3,4,3,4,2,3,1,0,3,3,3,3,3,3,4,2,2,2,2,2,3,7,1,2,2,2,0,2,2,3,3,2,3,3,3,3,3,3,4,3,4,4,4,4,3,4,4,4,4,4,2,3,3,4,5,5,5,5,3,3,4,5,2,2,2,2,2,2,2,2,2,2,2,2,3,3,2,6,6,5,4,5,4,5,6,5,1,50,2,1,1,1,48,3600,2000,0,883201,소비자 선호,건축
29287,3,3,3,5,2,3,4,5,4,5,2,3,2,3,2,3,3,5,4,5,3,3,2,2,3,3,2,2,2,3,4,5,2,3,3,4,4,5,4,5,3,4,4,5,3,4,2,3,4,5,4,5,3,3,3,4,3,4,3,4,2,3,4,5,4,5,2,3,2,3,3,4,4,5,4,5,4,5,4,5,4,5,4,5,4,5,4,5,3,3,4,4,3,4,4,2,2,4,4,2,4,14,1,2,1,1,1,1,2,4,3,2,4,3,2,3,2,2,2,2,3,2,2,4,3,2,3,4,3,4,3,4,5,5,4,4,5,5,4,5,5,4,2,2,2,2,2,2,2,2,2,2,4,1,1,1,1,6,5,4,5,6,5,5,5,4,1,36,2,1,1,1,40,3000,2600,0,28302,정보처리기사1급 직무교육훈련 인터넷 쇼핑,인문계
29288,4,4,5,6,3,3,4,4,4,4,4,4,4,4,3,3,4,4,4,4,4,4,4,4,4,4,4,4,4,4,4,4,4,4,4,4,4,4,4,4,4,4,4,4,4,4,4,4,4,4,4,4,5,5,5,6,5,5,4,4,3,2,4,4,4,4,4,4,4,4,4,4,4,4,5,6,4,4,4,4,4,4,4,4,4,4,3,3,4,4,2,3,4,2,3,4,2,4,3,4,4,6,1,2,2,2,0,4,2,4,2,2,4,5,2,3,3,4,5,4,4,2,2,4,3,4,4,4,2,4,3,4,3,4,2,3,4,5,4,2,4,5,2,2,2,2,2,2,2,2,2,2,3,3,3,3,2,7,5,6,4,3,3,5,6,5,1,53,2,1,3,2,40,5300,3200,0,701401,재건축 건설,이과
29289,4,5,5,7,4,5,3,4,3,4,3,4,3,4,2,3,4,5,3,4,2,3,3,4,3,4,3,4,4,5,3,4,3,4,4,5,2,3,4,5,3,4,3,4,2,3,2,3,2,3,2,3,1,0,1,0,1,0,1,0,5,6,1,0,1,0,1,0,1,0,1,0,1,0,1,0,1,0,1,0,1,0,1,0,3,4,4,5,3,3,3,3,4,5,3,4,3,4,4,3,3,17,1,4,2,2,0,3,2,3,4,3,3,4,3,3,3,4,4,4,3,3,3,2,2,3,3,5,4,5,2,5,3,3,4,4,3,5,3,3,5,4,2,2,2,2,2,2,2,2,2,2,3,2,2,2,1,5,8,7,3,2,5,1,1,5,2,27,4,1,1,1,40,2400,2000,0,29101,안내 무인 화가,국어국문
29290,3,3,2,3,2,3,2,3,2,3,2,3,3,3,2,3,2,3,2,3,1,0,3,4,5,6,1,0,1,0,3,4,1,0,1,0,2,3,1,0,3,4,4,4,3,3,1,0,4,5,1,0,1,0,1,0,4,5,4,4,3,3,3,3,3,4,2,2,3,3,3,3,1,0,4,4,4,3,1,0,5,5,2,3,4,5,3,3,1,2,3,3,4,1,4,3,4,3,4,3,4,3,1,2,2,2,0,6,2,4,1,1,4,3,2,3,4,3,4,4,2,4,3,2,3,3,2,3,2,5,4,3,3,2,3,4,3,2,2,3,2,3,2,2,2,2,2,2,2,2,2,3,2,3,3,3,2,8,9,8,7,7,8,8,4,3,1,48,2,1,1,1,40,4400,2500,0,824101,기계화 자동화 시스템,공고
29291,2,3,2,2,1,0,2,3,2,2,1,0,1,0,3,4,2,2,2,3,1,0,1,0,2,4,1,0,1,0,1,0,1,0,1,0,1,0,1,0,1,0,2,1,1,0,1,0,1,0,1,0,1,0,1,0,1,0,2,2,1,0,1,0,3,3,3,4,3,4,3,4,1,0,3,4,3,4,3,3,3,4,4,4,4,5,3,3,3,3,2,2,1,2,2,5,5,5,5,5,5,3,1,2,1,2,0,7,1,2,2,1,3,2,2,2,1,3,3,2,5,2,2,3,5,3,5,1,3,1,3,4,2,3,1,1,2,4,3,2,4,4,2,2,2,2,2,2,2,2,2,1,4,3,3,3,2,7,9,8,7,7,7,9,4,4,1,27,3,1,1,1,40,2800,2500,0,824101,용접기능사 청년 용접,자동차공학
29292,3,3,3,7,1,0,2,4,1,0,3,5,5,7,2,4,4,7,3,4,3,6,2,5,2,3,3,3,3,4,2,4,4,5,3,5,3,3,3,5,4,7,5,5,4,5,2,4,1,0,2,3,1,0,1,0,1,0,1,0,1,0,1,0,1,0,1,0,1,0,1,0,1,0,1,0,2,4,3,4,3,4,4,5,3,4,5,5,4,4,3,2,4,2,5,4,4,4,4,3,4,18,1,2,2,1,3,5,1,4,4,4,5,4,4,2,5,5,5,4,2,4,4,3,4,5,5,3,5,4,3,4,5,4,3,3,4,4,5,3,4,2,2,1,1,2,2,2,2,2,2,1,3,2,2,2,1,9,7,8,3,4,6,3,7,9,1,36,4,1,1,1,48,2500,500,0,416103,스토리텔링 기초 철학개론 교육 연출 기법 방식 첨단 디지털화 연출 기획 능력 표현 능력 향상 기여 상황 지속,언론정보학
29293,2,2,3,3,3,4,4,5,1,0,3,3,3,3,2,3,1,0,1,0,1,0,2,3,4,4,3,4,3,4,2,2,1,0,2,2,3,3,4,2,3,2,4,4,3,4,5,4,4,3,3,2,2,3,1,0,3,4,1,0,1,0,2,2,3,3,3,3,1,0,1,0,4,3,3,4,3,4,1,0,2,2,4,4,5,5,3,5,3,2,3,2,2,2,4,3,2,2,1,2,4,3,1,1,2,2,0,6,1,3,3,2,4,4,2,2,9,9,3,3,2,4,3,3,3,2,2,2,2,3,3,4,3,3,3,2,3,5,4,3,5,4,2,2,2,2,2,2,2,2,2,1,3,2,2,2,2,5,5,5,6,4,5,4,5,6,1,64,2,2,5,1,45,0,0,3900,863201,기성복 맞춤 고객,공고
29294,2,5,2,3,1,0,1,0,1,0,1,0,1,0,3,4,2,3,2,2,1,0,4,4,4,5,2,5,1,0,4,4,1,0,2,5,1,0,2,4,4,4,3,4,4,4,3,5,2,4,2,4,4,5,4,5,5,6,4,6,3,4,4,4,5,6,4,5,4,6,4,4,2,4,5,5,4,4,4,4,2,4,3,4,4,4,2,4,3,3,2,2,2,2,2,3,2,3,3,2,3,3,1,3,1,1,3,3,4,4,5,4,4,3,3,3,3,4,4,3,2,5,4,4,5,4,5,4,5,3,4,4,5,4,4,5,5,5,5,4,4,4,2,2,2,2,2,2,2,2,2,2,4,3,3,3,1,9,8,9,2,1,2,9,2,2,1,48,2,1,1,1,40,4800,2000,0,813201,산업안전기사 전기 통신 기계 장비 수신 고장 대비 교육 필요 전기 통신 장비 모든 기기 대한 유지 대비 일자리 증가,기계과(공고)
29295,4,6,5,6,4,5,3,4,1,0,2,3,1,0,4,5,3,4,2,2,1,0,1,0,2,2,2,2,1,0,1,0,1,0,1,0,1,0,1,0,1,0,1,0,2,2,1,0,4,5,1,0,2,2,2,2,1,0,1,0,1,0,1,0,1,0,3,4,1,0,1,0,1,0,1,0,1,0,3,4,1,0,1,0,4,5,3,4,4,3,3,4,4,3,3,3,2,4,2,3,3,15,2,6,1,2,0,2,4,3,3,4,3,4,3,4,4,3,3,4,3,3,2,3,3,4,4,4,3,4,3,4,4,4,3,3,3,4,4,4,3,4,2,2,2,2,2,2,2,2,2,1,3,3,3,3,2,3,3,3,2,3,3,4,4,3,1,37,4,1,1,1,40,4100,3200,0,29902,한글속기 협회시험 기사 대해 변화,경영학
29296,4,5,3,4,2,2,3,4,2,2,4,6,5,7,4,6,3,4,2,3,1,0,3,4,5,7,3,4,2,3,4,6,2,3,2,3,3,4,4,6,5,7,5,7,3,4,2,3,2,2,1,0,3,4,2,3,1,0,1,0,5,7,1,0,1,0,2,3,1,0,1,0,2,3,1,0,1,0,1,0,2,3,1,0,2,3,2,3,4,3,4,3,2,3,2,3,2,4,3,2,3,10,1,6,1,2,0,4,2,3,2,3,4,5,3,3,2,2,3,3,2,4,4,4,4,3,4,3,4,5,5,4,5,5,3,4,5,4,4,2,4,5,1,1,1,2,2,2,1,1,2,2,4,3,2,3,1,7,5,6,4,3,5,7,3,4,1,29,4,1,1,1,48,8800,3000,0,133204,정보처리산업기사 게임 개발 게임 시장 활성화 개발 인력,영어영문학
29297,1,0,2,2,1,0,1,0,1,0,3,3,3,3,4,2,3,3,4,2,2,1,1,0,3,3,3,3,1,0,3,2,1,0,1,0,1,0,3,3,2,2,3,2,3,4,1,0,3,3,1,0,3,3,1,0,3,1,1,0,3,2,1,0,4,4,2,1,2,1,2,1,1,0,3,2,3,3,3,1,3,2,2,2,4,4,2,3,2,4,4,4,3,3,3,3,2,2,3,2,2,8,2,4,1,1,1,2,2,3,2,3,3,4,4,2,3,4,4,3,3,4,4,3,4,2,2,3,3,4,3,2,2,3,4,4,4,3,3,4,4,3,2,2,2,2,2,2,2,2,2,2,2,2,3,2,2,8,7,6,3,2,4,6,6,5,1,38,4,1,1,1,52,5000,3600,0,621301,철도차량운전면허 직무교육 자동화 시스템 발전 일자리 감소,철도차량시스템학
29298,3,4,3,4,2,2,2,3,4,5,5,6,4,6,5,6,4,5,4,6,4,6,1,0,5,6,4,5,4,5,5,6,1,0,1,0,1,0,3,3,5,7,5,6,4,5,1,0,2,3,2,3,1,0,1,0,4,5,1,0,4,6,4,4,2,3,1,0,1,0,4,5,4,6,5,6,5,6,5,6,2,3,2,2,4,6,4,5,4,5,4,3,4,1,3,5,2,2,4,4,2,19,1,2,1,2,0,2,3,3,4,4,4,4,3,4,4,5,4,4,2,4,3,3,4,3,2,3,4,5,4,5,3,2,3,3,4,4,3,5,4,4,2,2,2,2,2,2,2,2,2,2,3,3,3,3,2,6,3,5,7,3,4,7,4,5,1,30,4,1,1,1,40,2900,2600,0,541301,운전면허 사람 안전 추구,사회학
29299,2,2,3,3,1,0,4,2,2,1,4,3,1,0,4,2,2,3,3,4,3,2,2,3,4,3,2,1,1,0,4,3,2,2,1,0,1,0,2,1,4,4,3,4,4,5,2,3,2,4,2,2,4,3,2,2,4,4,3,4,1,0,4,4,4,4,3,4,3,3,4,3,2,2,4,3,2,2,3,3,2,4,1,0,3,3,3,2,3,3,2,3,2,4,4,3,4,2,5,4,2,13,1,2,1,2,0,2,2,3,2,2,4,2,4,4,3,3,5,4,3,5,5,3,4,4,2,5,4,5,5,4,3,5,5,2,2,3,4,4,5,5,2,2,2,2,2,2,2,2,2,2,4,3,2,2,1,8,9,4,6,5,4,4,7,8,1,54,4,1,1,1,40,4670,4200,0,705901,화약류관리기사 산업 발달 토양 정리,화학공학
29300,3,3,3,5,2,3,3,5,2,4,3,4,5,4,3,3,3,4,1,0,3,4,3,5,3,6,3,4,3,4,3,3,2,3,2,4,3,4,2,2,3,3,2,5,2,3,3,3,3,3,3,4,2,4,3,4,3,5,2,2,2,2,3,4,2,3,2,3,3,2,3,2,2,2,4,5,2,3,2,3,2,2,3,3,3,4,2,2,4,4,5,3,4,2,4,5,5,5,5,5,5,18,4,1,1,2,0,7,2,3,3,2,3,4,1,4,9,9,9,4,2,4,4,4,4,2,1,1,3,5,3,5,3,3,4,4,3,5,3,4,4,2,2,2,2,2,2,2,2,2,2,1,3,2,2,2,2,8,9,8,6,4,4,7,4,5,2,38,2,2,6,1,60,0,0,2800,511302,국가공인미용사 네일 자격증 지금 현재 포화상태,인문계
29301,1,0,3,3,1,0,3,4,1,0,3,4,2,1,3,5,3,3,3,3,3,3,1,0,4,2,3,3,2,1,1,0,1,0,1,0,1,0,3,3,5,5,1,0,3,3,3,4,3,2,1,0,4,3,2,2,4,4,2,4,1,0,2,2,2,3,3,3,4,4,3,3,2,2,3,3,4,3,1,0,3,4,3,3,4,3,3,4,2,2,4,3,2,1,4,3,3,3,2,4,3,3,1,4,1,2,0,2,2,2,3,3,3,5,5,3,5,4,3,5,2,3,2,4,2,4,3,5,4,3,4,4,3,3,5,4,4,3,5,4,4,5,2,2,2,2,2,2,2,2,2,2,3,3,3,3,2,8,5,6,4,4,6,4,8,7,1,28,2,1,1,1,40,2600,2600,0,817201,금속재료시험기능사 기계조립기능사 자동차 업계 호황,금속공학
29302,4,5,4,5,4,5,4,5,3,5,4,6,3,4,4,5,4,5,4,5,3,5,4,6,4,5,4,5,4,5,4,5,4,5,4,6,4,5,4,5,5,6,4,5,4,5,4,6,3,4,3,5,1,0,1,0,1,0,1,0,3,4,1,0,3,2,3,4,1,0,1,0,3,4,3,3,3,4,4,5,4,3,3,2,4,5,4,3,4,4,4,3,4,3,3,4,3,4,4,3,4,15,2,2,1,2,0,5,5,3,4,3,5,5,4,4,4,5,3,4,4,3,4,3,4,3,3,4,4,3,3,4,3,3,4,4,3,3,4,4,3,4,2,2,2,2,2,2,2,2,2,1,2,2,2,3,1,6,5,6,4,5,7,5,6,6,1,51,4,1,1,1,35,4000,3200,0,29903,행정사 모바일 기계 사용 사람 직접 업무 처리 수도,"경영,행정학"
29303,5,6,5,6,5,6,4,5,3,5,4,5,5,5,3,4,3,5,2,4,3,5,3,4,4,5,2,3,2,4,3,4,2,3,2,3,3,4,2,5,4,4,5,4,5,5,2,4,2,4,3,3,2,3,1,0,2,2,1,0,5,6,1,0,1,0,2,2,1,0,1,0,1,0,5,7,4,6,4,4,4,4,1,0,4,5,2,2,4,4,4,3,3,2,4,2,2,4,3,4,3,17,1,6,1,1,3,6,5,4,4,3,4,4,3,3,4,5,5,4,2,4,3,3,3,3,3,2,2,3,4,4,4,4,4,4,3,3,3,1,3,4,2,2,2,2,2,2,2,1,1,2,2,3,3,3,1,3,2,2,2,2,2,5,3,3,2,30,5,1,2,2,55,6600,6600,0,301104,의사자격증 전문의자격증 산과적 초음파 교육 환자 진료 관련 교육 수술 분만 술기 교육 직장 연차 증가 전문 지식 기술 습득 대한 필요성 중요성 증가 대한 업무 스트레스 증가 출산율 저하,의학
29304,3,7,3,6,3,5,3,6,3,6,3,6,3,6,2,5,2,5,3,4,3,5,3,6,3,6,3,5,3,5,3,5,3,5,2,4,3,6,3,6,3,6,4,7,3,5,5,7,5,7,4,4,2,6,2,5,2,5,2,4,5,7,2,5,2,4,2,4,1,0,1,0,3,5,1,0,3,5,1,4,2,6,2,4,3,4,2,4,5,4,3,4,4,2,4,4,3,3,3,3,4,6,1,5,2,2,0,3,3,3,3,3,4,3,3,4,4,4,4,4,2,3,3,4,3,2,4,1,4,4,5,5,3,4,1,1,4,5,3,4,5,5,2,2,2,2,2,2,2,2,2,1,3,2,2,2,1,7,7,7,5,4,4,6,4,5,1,43,4,1,1,1,48,4500,2500,0,26301,경영 지원 사무 인력 최소 경향 감소,경영학
29305,1,0,1,0,1,0,1,0,1,0,1,0,1,0,1,0,3,3,3,3,1,0,1,0,5,6,1,0,1,0,1,0,1,0,1,0,1,0,1,0,1,0,1,0,3,3,1,0,1,0,1,0,1,0,1,0,1,0,1,0,1,0,1,0,1,0,4,5,3,4,4,5,1,0,1,0,3,3,4,5,1,0,3,4,4,4,4,4,5,4,4,3,4,2,3,2,2,2,3,3,4,3,1,3,2,2,0,2,2,3,2,1,3,3,3,4,3,4,4,4,2,2,3,3,3,2,4,2,3,4,4,4,2,3,2,3,4,5,4,2,4,4,2,2,2,2,2,2,2,2,2,3,2,2,2,3,2,9,7,4,6,3,7,7,4,7,2,56,2,1,1,1,40,3300,1800,0,861201,인공 지능,상고
29306,3,4,3,3,4,3,4,4,1,0,3,4,1,0,3,3,2,2,2,2,2,3,3,4,2,2,4,5,4,4,3,4,3,3,1,0,3,3,4,5,4,4,5,4,3,4,1,0,1,0,1,0,1,0,1,0,2,3,1,0,2,3,1,0,2,3,1,0,1,0,1,0,3,3,3,4,1,0,1,0,2,2,2,3,2,3,3,4,4,5,2,4,4,3,4,3,3,4,5,4,4,17,3,4,1,2,0,6,5,4,3,4,4,4,4,4,5,4,5,4,4,4,4,4,4,4,5,4,4,4,4,4,4,5,4,4,3,4,4,4,4,3,2,2,2,2,2,2,2,2,2,2,4,3,2,2,2,6,7,7,7,7,5,4,5,6,2,42,4,1,1,1,40,4100,3000,0,301004,간호사 고령 인구 증가,간호학
29307,3,3,3,4,1,0,2,2,3,3,3,4,3,2,3,3,3,3,2,2,2,2,3,3,2,2,3,3,1,0,1,0,1,0,2,2,2,2,3,2,3,3,2,2,3,3,1,0,2,2,2,2,3,3,3,3,2,2,3,3,2,2,3,3,3,3,2,2,3,3,3,3,3,3,2,2,1,0,3,3,1,0,1,0,2,3,2,2,4,4,3,3,4,4,3,3,2,3,3,3,4,10,1,2,1,1,3,3,5,4,3,3,4,4,3,3,3,3,4,3,3,3,3,4,3,4,3,2,3,3,3,3,4,3,3,4,4,3,3,3,3,3,1,1,1,2,2,2,2,2,2,2,4,1,2,2,1,5,5,6,4,5,5,6,5,5,1,38,4,1,1,1,48,3800,2800,0,134201,정보관리기술사 정보처리기사 실무 경험 기술 다양 산업 기술,전자공학
29308,2,3,2,3,2,3,2,3,3,3,2,3,1,0,3,3,2,2,2,3,2,3,1,0,2,2,1,0,1,0,1,0,1,0,1,0,1,0,1,0,1,0,3,4,2,3,1,0,1,0,1,0,1,0,1,0,3,5,2,3,2,3,1,0,3,3,2,2,2,2,2,3,1,0,1,0,1,0,1,0,1,0,1,0,2,2,1,0,4,4,2,3,4,2,3,4,3,3,3,2,3,6,1,4,1,2,0,6,3,3,3,3,4,4,3,3,3,3,4,3,2,3,3,4,3,3,3,1,2,4,3,5,3,3,4,4,4,5,3,3,3,4,2,2,2,2,2,2,2,2,2,1,3,3,3,3,2,7,7,5,4,4,5,4,4,6,1,47,4,1,1,1,40,5000,3000,0,153106,전기 안전기술자 변화,전기공학
29309,4,5,5,6,5,6,4,5,3,4,5,6,2,2,3,4,4,5,4,5,4,3,3,4,4,5,5,6,1,0,4,5,3,3,2,3,2,2,3,4,4,5,5,2,3,4,1,0,1,0,1,0,5,4,3,4,4,5,1,0,5,6,4,5,2,2,3,5,1,0,1,0,1,0,1,0,2,4,4,5,3,5,4,5,4,5,3,4,3,3,2,3,3,2,3,4,3,4,3,4,3,6,1,2,1,2,0,4,5,4,3,3,3,4,2,3,3,3,4,3,2,3,3,3,4,3,2,4,4,5,2,5,4,4,4,5,4,5,4,2,5,4,2,2,2,2,2,2,2,2,2,2,2,2,2,3,2,6,5,6,4,4,3,6,8,4,1,30,4,1,1,1,40,3600,3300,0,140301,건축기사 대규모 신규 건설 사업 한계 경기 불황 일자리 감소 예상,건축학
29310,4,5,4,5,3,4,4,5,3,2,3,3,3,1,3,3,3,3,3,2,3,1,4,5,4,5,3,4,3,3,3,4,3,3,3,2,3,3,3,4,4,5,3,4,3,3,3,4,3,4,3,2,3,3,3,2,3,4,3,1,3,1,4,5,4,5,3,2,4,5,4,5,3,2,3,1,3,3,3,2,3,5,3,3,3,3,3,4,4,3,4,4,4,4,3,4,3,4,3,3,4,17,1,2,2,2,0,7,4,4,4,5,4,5,3,4,1,3,3,3,2,4,4,2,3,5,5,4,3,4,2,4,4,3,3,5,5,5,3,3,4,2,2,2,2,2,2,2,2,2,2,2,3,2,2,3,1,7,8,6,4,3,3,5,4,6,2,42,3,1,1,1,52,4400,2500,0,306201,기계 영향 직종,방사선
29311,2,2,4,5,2,2,2,3,1,0,3,4,3,5,5,6,4,4,5,5,3,4,1,0,5,5,1,0,2,3,1,0,1,0,1,0,4,5,2,4,3,2,1,0,3,2,1,0,2,4,1,0,1,0,1,0,5,7,5,4,1,0,3,4,5,5,5,5,5,7,5,6,1,0,5,4,5,7,2,2,3,4,4,5,4,2,2,3,2,3,2,1,2,1,1,4,2,1,2,3,2,6,4,2,2,2,0,4,1,2,1,2,4,5,3,2,1,2,4,2,3,2,3,2,3,3,2,3,3,5,4,3,4,3,4,2,3,4,4,3,4,4,2,2,2,2,2,2,2,2,2,1,2,3,3,3,2,8,8,9,8,7,7,7,6,8,1,38,2,1,4,2,40,2600,2400,0,702601,일이 선호 사람,기계
29312,2,2,3,2,2,2,2,2,1,0,3,2,2,2,3,3,3,4,2,3,1,0,3,4,3,4,2,2,2,3,3,3,1,0,1,0,3,2,2,4,3,3,3,3,3,3,1,0,2,4,1,0,1,0,1,0,4,3,2,2,1,0,1,0,1,0,2,3,1,0,2,2,1,0,1,0,1,0,1,0,3,4,2,3,3,2,2,2,3,3,3,4,2,2,2,4,3,2,3,2,4,9,1,2,2,2,0,7,2,4,4,3,4,4,3,4,5,4,3,4,4,4,4,4,3,4,4,3,4,4,4,3,4,4,4,3,4,4,4,4,4,3,2,2,2,2,2,2,2,2,2,2,2,3,3,3,2,7,7,4,5,4,4,5,3,4,2,45,2,1,1,1,40,2000,1700,0,561101,저가 청소 용액,문과
29313,3,3,3,2,2,3,4,4,3,3,3,2,1,0,2,2,2,2,1,0,1,0,4,5,3,4,2,2,4,3,3,3,4,4,4,5,5,6,3,3,3,3,4,5,4,5,2,2,3,4,2,2,1,0,1,0,1,0,1,0,1,0,1,0,1,0,1,0,1,0,1,0,1,0,1,0,2,2,3,3,3,3,1,0,4,4,4,5,3,4,2,3,4,4,4,2,3,3,4,4,3,17,1,1,1,2,0,5,5,3,3,3,4,3,4,4,9,9,5,5,3,4,4,3,3,2,3,2,3,3,4,3,4,4,4,5,3,5,3,3,4,4,2,2,2,2,2,2,2,2,2,1,3,2,2,2,2,6,3,6,5,5,5,5,6,5,2,38,5,2,5,1,50,0,0,2900,306901,언어 재활사 언어 장애 가지 사람,언어치료
29314,4,5,4,5,4,5,4,5,4,5,4,6,4,5,4,5,4,5,4,5,5,6,4,6,4,5,4,5,4,5,4,5,4,6,4,5,4,5,3,4,4,5,4,5,4,5,3,4,4,5,4,5,5,6,4,6,5,6,4,6,5,5,4,5,5,6,4,5,4,6,4,6,4,6,4,6,5,6,5,6,4,6,4,6,4,5,4,5,4,5,4,4,4,5,4,4,4,5,4,3,4,3,1,2,2,2,0,3,2,4,4,3,3,3,2,5,4,4,3,4,4,4,4,4,3,3,4,4,4,3,4,4,4,2,3,4,3,4,2,4,3,2,2,2,2,1,1,2,1,1,1,1,4,3,3,3,1,2,8,3,7,2,7,2,7,3,1,56,2,2,5,1,40,0,0,7000,821201,전문화 인력 매우 필요 중공업 발달 자동화 설비 제강 차지 비중 전문화 최상급 인력 필요,공고
29315,3,5,3,5,1,0,1,0,3,5,4,4,1,0,4,4,4,5,3,4,2,3,3,3,4,3,2,1,3,2,4,4,3,3,3,3,3,3,3,2,2,4,3,3,3,4,2,3,3,3,3,4,2,4,3,3,2,4,3,4,3,3,2,4,3,3,4,5,3,4,3,4,3,3,2,2,4,4,4,3,5,5,4,4,4,4,4,4,3,1,5,2,2,1,3,2,3,2,2,1,3,3,1,2,2,1,2,2,2,2,1,1,4,3,2,2,3,3,4,3,3,4,3,2,2,4,2,4,4,3,2,4,3,2,2,3,3,4,2,2,4,4,2,2,2,2,2,2,2,2,2,1,3,3,3,3,2,8,8,8,5,5,5,5,4,4,1,41,2,1,2,2,40,3300,2400,0,822301,업무교육 기기조작 교육 철강 산업 호황 예상,기계
29316,5,6,4,5,4,6,4,4,3,3,4,5,2,2,4,6,5,5,3,3,3,5,4,5,4,5,4,5,4,4,3,5,4,5,4,4,2,3,3,5,4,5,3,3,4,4,2,2,1,0,1,0,2,2,2,2,1,0,1,0,3,5,2,2,1,0,1,0,1,0,1,0,1,0,1,0,2,3,3,3,3,4,1,0,2,2,1,0,4,4,3,4,4,2,5,5,3,4,5,4,4,13,3,3,2,2,0,2,5,4,4,3,5,4,4,4,3,2,4,4,2,4,3,3,4,3,4,2,3,2,2,5,4,3,4,4,3,4,4,3,4,4,2,2,2,2,2,2,2,1,1,2,2,3,3,3,1,8,6,4,4,5,4,4,5,4,2,37,4,1,1,1,40,4000,3000,0,412001,코로나 업무 다변 비대 업무 형태 인터넷 발달 영향,신문방송학
29317,4,5,3,4,2,3,3,4,1,0,4,4,1,0,4,4,3,4,3,4,3,4,3,4,3,3,5,4,1,0,2,3,1,0,1,0,3,4,4,3,2,4,4,4,3,4,3,4,3,3,3,4,3,4,1,0,3,4,3,4,3,3,4,3,5,4,5,5,4,4,3,4,4,4,2,3,5,5,5,4,2,3,3,4,4,4,3,4,4,3,3,4,4,3,3,5,3,3,4,4,5,8,1,3,1,1,2,6,3,4,3,3,4,5,3,4,4,3,4,4,2,5,4,3,4,2,4,4,2,3,3,3,3,3,4,4,5,4,4,3,5,4,2,2,2,2,2,2,2,2,2,2,2,3,3,3,2,9,7,8,6,8,8,7,5,4,1,33,2,1,1,1,40,5200,3800,0,621201,해기사 항해사 안전교육 외국인 기사 수요,항해
29318,1,0,1,0,1,0,1,0,1,0,1,0,1,0,2,1,1,0,1,0,1,0,1,0,2,2,1,0,1,0,1,0,1,0,1,0,2,2,1,0,1,0,1,0,1,0,1,0,2,2,1,0,1,0,3,3,2,2,1,0,1,0,1,0,1,0,2,1,2,1,2,1,1,0,2,1,2,3,3,4,3,4,3,4,2,3,2,2,3,2,3,3,3,2,3,3,2,2,2,3,2,6,1,2,2,2,0,7,2,3,2,2,3,2,2,3,9,9,9,3,2,4,4,4,4,2,2,2,4,4,4,4,3,3,1,3,3,4,3,2,4,4,2,2,2,2,2,2,2,2,2,1,3,2,2,2,2,6,6,7,5,7,7,4,4,5,1,52,2,1,3,2,40,3304,2700,0,701301,공란,문과
29319,4,4,4,5,4,4,3,5,4,4,4,5,2,3,4,4,4,4,4,4,4,3,3,5,3,3,3,4,2,5,3,3,3,5,4,5,3,5,4,4,4,6,3,5,3,4,3,2,4,4,1,0,4,5,3,5,3,4,2,3,2,4,3,5,3,5,4,4,4,5,3,4,4,5,3,5,3,4,4,5,3,5,4,5,3,5,4,3,5,5,4,4,4,3,3,2,3,3,3,3,4,13,1,2,2,2,0,2,5,4,3,3,4,4,3,4,3,4,4,4,3,3,2,3,4,3,4,4,3,3,4,5,1,1,2,2,2,4,1,2,3,1,2,2,2,2,2,2,2,2,2,3,2,3,3,3,2,7,6,5,6,4,5,8,7,2,1,26,4,1,1,1,45,2700,2600,0,155304,환경 영향 평가 업체 수가 포화상태,도시계획학
29320,1,0,2,2,1,0,3,4,1,0,3,5,4,6,5,6,4,6,5,6,1,0,2,3,5,6,1,0,1,0,4,5,3,5,4,5,5,6,5,7,4,6,5,6,5,7,4,6,5,7,5,7,5,7,3,5,5,5,4,5,1,0,2,3,2,2,5,6,5,4,4,5,3,3,4,6,5,5,4,4,5,5,5,7,5,5,1,0,5,3,3,4,4,1,4,1,1,5,4,4,5,1,4,1,2,1,1,7,1,4,2,2,2,4,2,4,9,9,9,4,2,3,3,4,4,2,4,1,2,2,4,4,2,4,1,1,4,5,4,2,4,5,2,2,2,2,2,2,2,2,2,4,1,3,3,2,2,9,9,9,5,4,4,6,7,6,2,62,1,2,6,1,36,0,0,1800,904201,실습훈련 수입 산이,0
29321,5,7,5,7,5,7,5,7,5,6,5,7,4,6,5,6,4,5,4,6,4,5,4,6,4,6,4,4,4,4,3,4,3,4,4,5,4,5,4,6,5,6,4,6,4,6,5,3,3,4,3,3,2,3,2,3,2,2,1,0,1,0,1,0,1,0,1,0,1,0,1,0,1,0,1,0,1,0,1,0,1,0,1,0,1,0,1,0,4,4,3,3,3,3,3,3,3,3,3,3,3,15,2,4,2,2,0,5,7,3,3,3,4,4,4,4,4,4,4,4,3,3,3,3,3,3,3,3,3,3,4,3,3,3,3,3,3,3,3,3,3,4,2,2,2,2,2,2,2,2,2,2,3,3,3,3,2,2,3,5,5,5,7,2,5,4,1,53,6,1,1,1,48,6800,4000,0,110103,상태 유지,국어국문학
29322,2,3,3,4,1,0,3,4,2,3,1,0,1,0,3,3,3,3,3,3,3,3,3,3,4,4,2,2,3,3,2,4,3,3,2,2,2,4,4,3,1,0,3,4,2,3,1,0,1,0,3,4,1,0,1,0,3,3,3,3,1,0,1,0,3,3,2,3,2,3,3,4,1,0,4,3,4,5,4,3,4,7,2,4,2,3,3,4,4,3,2,3,3,2,2,4,3,3,3,3,3,8,1,3,2,2,0,1,1,2,2,2,2,2,1,2,2,2,3,2,3,3,2,3,3,3,4,4,3,3,3,5,2,3,3,3,4,5,4,2,4,3,2,2,2,2,2,2,2,2,2,1,3,3,3,3,2,8,6,5,5,6,7,6,6,3,1,52,1,1,2,1,48,3900,2000,0,624301,직업 누군가 것이므,0
29323,3,3,4,5,2,4,3,4,2,2,3,4,3,4,4,6,3,5,1,0,2,4,2,3,5,4,4,6,1,0,2,4,2,1,1,0,1,0,1,0,3,3,4,4,2,4,1,0,2,4,1,0,4,4,4,4,5,6,3,5,3,4,2,4,4,4,3,3,4,5,2,2,3,3,2,4,2,2,1,0,1,0,1,0,3,3,1,0,4,5,3,3,2,2,4,3,2,4,4,3,2,3,1,3,2,2,0,2,4,5,4,5,5,5,3,5,4,3,3,4,4,1,3,4,3,3,5,4,3,4,5,4,3,5,4,4,3,4,3,5,5,5,2,2,2,2,2,2,2,2,2,2,4,3,3,3,2,7,5,4,4,2,4,4,7,8,1,36,4,1,1,1,40,3700,3500,0,122201,질병 등장 수요 증가,화학
29324,3,5,4,5,3,4,3,5,4,5,4,5,4,5,4,6,4,5,4,5,4,6,4,6,4,5,4,5,4,5,3,4,4,5,4,5,4,5,3,3,4,5,3,4,3,5,3,4,3,4,3,5,4,6,5,6,4,6,4,6,4,6,4,5,4,5,4,5,4,6,4,6,1,0,4,5,4,5,3,4,1,0,1,0,2,3,2,3,4,3,3,4,4,4,4,3,3,4,4,4,4,4,3,5,1,1,5,5,5,4,4,4,4,4,4,4,4,3,5,4,3,4,4,3,3,3,3,4,4,4,4,4,3,5,4,4,4,4,3,3,4,4,2,2,2,2,2,2,2,2,2,2,3,1,1,1,1,2,2,2,4,4,6,7,5,4,1,42,5,1,1,1,40,5800,3500,0,152101,기계조립 기능사 전기기능사 공항적 기식과 이론 습득 변동,신소재공학
29325,2,2,3,4,2,2,2,2,3,3,2,2,2,2,2,1,2,2,2,2,2,1,3,3,3,4,2,2,3,3,3,4,3,3,3,4,2,2,2,2,3,4,3,4,2,2,2,1,2,2,2,2,3,3,3,3,3,4,2,1,2,1,3,3,2,2,3,3,2,2,3,3,3,4,2,2,3,4,2,2,3,4,3,4,2,2,2,1,3,2,1,3,3,1,3,3,1,2,3,3,2,6,1,5,2,2,0,3,2,3,4,1,3,4,2,3,9,2,3,3,2,4,3,4,2,3,2,3,4,3,4,3,2,2,4,3,4,4,2,3,4,3,2,2,2,2,2,2,2,2,2,1,4,3,3,3,2,8,8,7,6,3,3,4,2,7,1,58,2,1,1,1,52,3800,2600,0,706001,재건축 시장 확장,전기
29326,1,0,1,0,1,0,2,3,1,0,1,0,1,0,2,3,2,3,2,3,2,3,2,3,1,0,2,3,2,3,2,3,2,3,1,0,1,0,2,4,2,3,1,0,3,4,1,0,1,0,1,0,1,0,1,0,2,3,1,0,1,0,1,0,3,4,3,4,2,3,2,3,1,0,2,3,3,4,3,4,2,4,1,0,3,4,2,3,4,3,3,3,3,3,3,4,3,2,3,3,3,14,1,2,2,2,0,7,2,3,3,3,4,3,3,3,3,4,3,3,3,3,3,4,3,3,2,3,2,3,3,3,4,3,2,3,3,4,3,2,3,3,2,2,2,2,2,2,2,2,2,1,4,2,2,3,1,6,7,7,5,4,5,6,5,6,2,52,2,1,1,1,42,2310,2000,0,561301,방역 분야 학교 음식점 관리 때문 수요 지속,인문계(문과)
29327,2,3,3,4,2,2,2,2,3,3,1,0,2,3,3,4,3,3,3,3,3,4,3,3,3,3,4,4,3,3,2,2,2,2,2,2,2,3,3,3,3,3,3,3,2,2,1,0,1,0,1,0,2,3,3,3,3,3,2,2,2,3,3,3,3,3,3,3,3,3,3,3,2,2,4,5,4,5,4,4,3,3,2,2,3,3,2,3,3,4,3,4,4,2,4,4,3,3,4,3,4,3,1,2,1,2,0,2,2,3,3,2,3,4,3,2,3,3,4,3,2,3,2,3,4,3,4,2,3,2,2,4,4,3,4,4,3,3,2,2,4,3,2,2,2,2,2,2,2,2,2,3,2,3,2,3,1,6,6,4,5,4,4,6,4,5,1,48,3,1,1,1,40,3500,2300,0,836001,전자계산기능사 전기기능사 기술 발달 자동화 대세,전기학
29328,4,5,5,6,5,6,5,6,3,4,4,5,3,4,3,4,4,5,4,5,3,4,4,5,5,6,3,4,2,2,3,4,4,5,4,5,4,5,4,5,4,5,4,5,4,5,3,4,4,5,1,0,4,5,3,4,4,5,4,5,4,5,5,5,2,3,1,0,1,0,2,3,1,0,1,0,4,5,4,5,1,0,4,5,3,6,3,6,4,3,3,3,4,3,4,3,3,3,3,3,4,6,1,3,1,2,0,7,5,4,4,4,4,5,3,3,4,5,5,4,2,5,4,4,5,4,3,5,5,3,2,3,4,5,4,4,5,5,5,4,5,4,2,2,2,2,2,2,2,2,2,2,3,2,2,3,2,5,7,6,5,7,7,6,3,4,1,48,4,1,1,1,40,6800,3200,0,140305,토목기사 토목산업기사 사회 기반 시설 건설,토목공학
29329,5,7,4,5,4,5,5,6,4,5,5,6,2,1,4,4,5,4,2,3,4,1,3,5,4,3,5,4,4,6,4,2,5,6,5,4,4,3,2,2,2,4,5,4,4,5,4,2,4,4,5,5,3,1,4,1,2,1,2,2,3,1,2,2,2,1,4,2,5,1,3,1,4,1,2,1,2,1,2,2,2,2,2,1,2,1,2,2,2,4,3,4,5,5,5,4,2,4,4,2,4,3,1,3,2,2,0,3,5,4,5,4,4,5,5,4,3,5,4,4,1,5,5,2,4,4,3,4,5,4,4,5,4,5,3,4,4,5,4,3,5,4,2,2,2,2,2,2,2,2,2,2,3,3,2,3,2,6,5,6,4,5,6,4,6,7,1,58,5,2,5,1,50,0,0,13000,11201,경제 불황 예정,화학
29330,2,4,3,5,2,3,4,5,2,2,3,3,3,3,3,3,3,3,3,2,3,3,2,2,3,4,2,2,1,0,3,3,3,3,1,0,2,4,3,3,2,2,1,0,1,0,1,0,1,0,1,0,1,0,1,0,1,0,1,0,2,2,1,0,1,0,1,0,1,0,1,0,1,0,1,0,1,0,3,3,2,2,3,4,4,5,3,3,4,4,3,4,3,3,4,2,3,4,3,2,3,15,2,1,1,2,0,7,4,4,4,4,3,3,2,4,9,9,9,4,2,4,5,3,4,4,4,3,4,4,4,4,3,4,4,4,4,4,3,3,4,4,2,2,2,2,2,2,2,2,2,3,2,1,1,3,1,1,2,9,5,5,5,9,8,2,2,43,4,1,1,1,40,3650,2200,0,413201,사서자격증 자동화 감소,문헌정보학
29331,4,4,3,3,3,3,4,5,2,4,2,2,1,0,1,0,2,2,1,0,3,3,4,5,1,0,2,2,1,0,2,3,3,4,3,3,3,3,2,2,2,2,2,2,2,2,2,2,1,0,3,4,1,0,1,0,1,0,1,0,4,5,1,0,1,0,1,0,1,0,1,0,1,0,1,0,1,0,1,0,1,0,1,0,4,5,2,2,4,2,3,3,3,4,4,3,3,4,3,2,3,11,1,2,2,1,1,7,4,4,3,4,2,3,2,4,4,4,4,4,3,3,2,3,4,3,3,3,3,3,3,3,3,4,3,3,3,4,3,3,4,3,2,2,2,2,2,2,2,2,2,2,2,2,2,2,1,8,2,5,5,5,5,5,5,5,2,40,3,1,1,1,40,3400,2300,0,32302,실습 기간이 필요하다 자동화,국문
29332,4,5,4,5,4,5,4,5,4,6,4,5,4,5,3,4,4,5,1,0,3,4,3,4,4,5,4,5,3,4,1,0,3,4,4,4,3,4,3,4,4,5,4,5,4,5,3,4,4,5,4,5,4,5,1,0,1,0,2,2,1,0,3,3,3,3,3,4,1,0,1,0,3,4,3,4,1,0,4,5,1,0,1,0,3,4,2,2,4,4,3,4,4,4,3,3,3,4,3,3,4,11,1,4,2,1,1,7,6,4,4,3,4,4,4,4,3,4,4,4,4,3,3,2,3,4,3,2,3,4,4,3,4,4,3,2,3,3,3,3,4,4,2,2,2,2,2,2,2,2,2,1,2,2,2,2,2,6,7,6,4,3,4,7,4,5,1,35,4,1,1,1,50,5500,4000,0,31102,신용평가법 작성 안내 기업 평가 중요성 감소,경제
29333,1,0,1,0,1,0,1,0,1,0,1,0,1,0,1,0,1,0,1,0,1,0,1,0,4,5,1,0,1,0,1,0,1,0,1,0,1,0,1,0,1,0,1,0,1,0,1,0,1,0,1,0,1,0,1,0,1,0,1,0,1,0,1,0,1,0,3,4,1,0,1,0,1,0,1,0,1,0,1,0,4,5,4,4,2,2,1,0,4,4,2,3,4,2,4,2,2,3,4,4,4,9,1,2,2,2,0,7,1,3,2,2,4,3,4,3,9,5,4,4,2,4,4,4,3,2,4,2,4,3,4,4,3,4,3,4,3,5,4,3,4,4,2,2,2,2,2,2,2,2,2,1,3,2,2,3,2,9,6,5,6,8,7,8,6,5,2,60,1,1,2,2,50,1800,1800,0,561101,현재 상황 지속,0
29334,3,4,2,3,4,4,2,3,2,3,3,4,3,5,3,5,2,2,3,5,2,3,3,5,4,5,3,5,4,5,3,4,2,2,1,0,3,5,4,6,5,6,2,3,3,5,2,3,3,4,2,3,4,5,3,5,3,3,4,5,3,4,2,3,4,5,2,4,3,4,3,4,2,4,5,6,3,5,2,4,3,4,4,4,3,5,2,3,3,3,2,4,3,4,3,2,2,3,4,4,4,6,1,2,1,1,2,2,4,3,4,3,4,3,4,4,4,5,5,5,2,4,4,3,5,4,3,4,5,4,4,5,3,4,4,3,5,5,4,3,5,3,2,2,2,2,2,2,2,2,2,2,2,3,3,3,2,5,7,4,5,6,3,3,5,7,1,48,4,1,1,1,40,4100,2600,0,159104,전산응용건축제도기능사 건축산업기사 실무교육 자동 컴퓨터 시스템,건축공학
29335,3,4,4,4,5,4,3,4,2,3,4,6,3,3,4,4,4,4,4,4,2,3,4,5,4,4,4,5,5,5,5,5,4,3,4,5,4,4,4,4,4,5,4,4,4,4,2,2,3,3,4,5,1,0,1,0,1,0,1,0,3,4,1,0,1,0,1,0,1,0,1,0,4,5,1,0,1,0,1,0,1,0,1,0,3,3,3,4,4,4,3,4,4,3,4,4,4,4,5,4,5,16,5,3,1,1,3,3,5,5,4,5,5,4,4,4,4,3,4,4,2,4,4,4,4,4,2,1,1,4,3,5,4,3,4,5,4,5,5,4,4,4,2,1,2,2,2,1,2,2,2,1,2,1,3,3,1,6,5,7,3,2,3,6,6,1,1,60,5,1,1,1,35,7900,7200,0,13203,1급정교사 청렴교육 코로나19 예방 관리 발열 체크 이행 관리 저출산 학급 학교 감소 예상,화학교육학
29336,4,4,3,4,3,4,3,4,2,3,4,5,3,3,5,4,4,4,4,5,3,4,2,3,4,5,2,3,5,6,5,6,4,5,4,4,2,3,4,4,4,4,5,5,5,5,1,0,1,0,1,0,1,0,1,0,1,0,1,0,2,2,1,0,1,0,1,0,1,0,1,0,1,0,3,4,2,3,2,3,4,4,3,3,4,5,4,4,5,5,3,4,4,3,4,3,3,5,4,4,3,15,2,5,1,1,3,4,5,4,5,5,4,5,2,2,2,5,5,3,2,4,3,4,5,4,3,3,3,3,3,1,4,4,4,5,4,4,3,3,5,4,2,2,1,2,2,1,2,2,2,4,1,1,3,3,1,8,8,8,5,4,6,7,6,8,2,36,3,1,1,1,40,3300,2200,0,240101,도로교통사고 감정사 자동차운전면허 도로교통안전법규 정보보안 코로나 자가진단 자동차 드론 교통법규 질서 기계 대신 감독,경찰경호행정학
29337,2,2,2,2,2,3,3,3,2,3,2,3,2,2,2,2,2,2,2,2,2,3,2,2,3,3,2,2,2,2,2,2,2,3,2,2,2,2,2,2,2,2,3,2,3,3,2,3,2,2,2,3,2,2,2,2,2,3,2,2,2,3,2,2,2,2,2,2,2,2,2,2,2,2,2,3,2,2,2,2,2,2,3,3,2,3,2,2,4,3,2,2,3,3,4,3,2,3,2,2,4,19,1,1,2,2,0,7,2,4,1,1,4,3,3,2,9,3,9,2,3,3,2,4,2,3,4,2,2,4,3,5,2,3,3,3,4,4,4,4,4,4,2,2,2,2,2,2,2,2,2,3,2,3,3,3,2,4,5,6,5,5,6,5,4,5,2,61,2,1,2,2,35,1380,700,0,550201,출산 하락,상고
29338,3,4,4,5,2,2,3,4,2,2,3,3,2,3,2,3,3,3,3,5,2,2,3,3,3,4,3,5,2,3,3,3,3,3,3,3,2,2,3,4,2,2,4,4,3,4,2,2,2,2,1,0,1,0,1,0,1,0,1,0,1,0,1,0,1,0,1,0,1,0,1,0,2,2,2,3,2,2,3,4,1,0,2,2,3,4,5,7,4,3,4,2,3,3,4,3,3,3,4,3,4,18,4,1,2,1,2,4,6,4,3,3,4,4,3,1,9,9,9,2,3,4,3,4,3,5,2,2,3,2,3,4,4,4,3,3,5,4,4,3,4,5,2,2,2,2,2,2,2,2,2,1,1,2,2,2,2,1,3,1,4,3,6,6,7,9,2,43,6,1,4,2,24,4800,1200,0,414602,표준계약서 세법교육 컴퓨터 오퍼레이션 교육 경기 계속 하강 유지 대다수 국민 소득 감소 문화 욕구 수요 감소,성악
29339,3,4,3,5,2,2,3,4,2,2,1,0,2,3,3,5,3,4,4,5,3,4,3,4,3,5,1,0,3,4,3,3,3,5,2,3,4,5,4,5,4,5,3,4,4,5,1,0,3,4,1,0,4,5,4,5,4,5,5,6,3,4,5,5,4,4,3,5,5,5,5,6,2,3,3,4,3,4,3,4,5,4,4,4,3,4,3,5,3,4,4,3,4,2,4,3,2,4,4,3,5,19,1,2,2,2,0,3,3,4,3,3,4,4,1,2,3,2,3,3,2,3,4,4,3,2,3,4,3,4,2,5,3,3,3,2,3,4,3,2,5,4,2,2,2,2,2,2,2,2,2,2,3,3,2,3,2,7,6,3,2,1,2,7,6,2,1,37,3,1,1,1,42,3400,2700,0,832101,사무기기 수요 사용 것이므,전자
29340,1,0,1,0,1,0,1,0,1,0,1,0,2,3,1,0,1,0,2,3,1,0,1,0,1,0,1,0,1,0,1,0,1,0,1,0,1,0,1,0,1,0,1,0,2,3,1,0,1,0,1,0,1,0,1,0,2,3,1,0,1,0,1,0,3,4,2,3,1,0,1,0,1,0,3,4,3,4,2,3,3,4,3,5,2,3,2,3,3,3,2,3,3,2,3,3,3,3,2,2,3,6,1,2,1,2,0,7,2,3,3,3,3,3,3,3,3,4,4,3,3,3,3,4,3,3,3,3,3,4,3,4,3,2,3,3,4,3,3,3,3,4,2,2,2,2,2,2,2,2,2,2,3,2,3,3,1,6,5,6,4,6,5,6,6,4,1,31,4,1,3,2,42,3340,2910,0,701701,조적기능사 상태 유지,수학
29341,1,0,1,0,1,0,2,2,2,2,2,2,2,2,2,2,2,3,3,3,3,3,2,3,2,3,3,3,3,3,4,5,3,3,3,4,3,3,3,3,3,3,3,3,3,3,2,2,3,3,3,4,2,3,3,4,3,3,3,3,3,3,4,4,4,4,3,4,4,4,4,4,2,3,4,5,4,5,2,2,3,3,3,3,3,4,2,3,3,2,1,3,2,2,2,2,2,3,2,3,2,3,1,6,1,2,0,2,3,4,2,2,2,3,2,3,3,4,4,4,3,4,3,4,4,3,4,4,4,2,3,4,4,3,3,3,2,5,4,3,4,4,2,2,2,2,2,2,2,2,2,2,2,3,2,3,2,7,4,4,7,8,6,3,7,7,1,42,3,1,1,1,42,6000,2700,0,817101,자동차검사기능사 기사1 2급 자동차정비기능사1 2급 기기 자동화,기계
29342,1,0,3,2,1,0,2,1,1,0,1,0,5,6,3,1,2,1,4,4,1,0,2,2,3,3,1,0,4,3,3,3,3,2,1,0,3,3,4,1,1,0,3,6,4,3,3,4,4,4,1,0,3,3,3,1,4,5,3,1,1,0,4,2,4,2,4,2,4,2,4,1,1,0,5,6,5,6,2,1,4,6,4,4,4,6,2,1,4,4,4,3,4,1,2,2,3,3,3,2,5,18,4,1,2,2,0,6,5,4,1,1,4,4,2,3,9,9,9,3,2,4,3,2,4,3,3,4,3,4,3,4,4,4,3,4,4,4,3,3,4,4,2,2,2,2,2,2,2,2,2,1,3,3,2,2,1,9,8,8,3,5,3,5,5,5,2,44,3,2,6,1,40,0,0,4000,414102,조각가 사람 작업 이기 때문 변화 생각,공예
29343,4,5,4,5,4,5,4,5,4,5,4,5,4,5,4,5,4,5,4,5,4,5,4,5,4,5,4,5,4,5,4,5,4,5,4,5,4,4,4,4,4,4,4,5,3,5,4,5,4,5,3,4,4,5,4,4,4,5,4,5,4,5,3,5,3,5,4,5,3,5,4,5,4,5,4,5,4,4,4,5,4,6,3,5,4,4,4,4,4,4,4,3,4,3,4,4,4,4,3,4,4,18,1,1,2,2,0,1,5,4,3,3,4,3,3,3,9,9,3,3,2,3,3,3,4,3,3,3,3,3,3,4,4,3,3,4,4,3,3,3,4,3,2,2,2,2,2,2,2,2,2,2,2,2,2,2,1,7,8,7,7,7,7,7,7,6,1,45,3,2,5,1,40,0,0,6500,14103,인구 감소,호텔경영
29344,4,5,4,5,4,5,3,5,3,5,3,5,3,4,3,4,3,5,4,5,3,4,3,5,3,5,3,4,3,4,3,4,3,4,3,5,1,0,3,5,3,4,3,4,3,4,3,4,3,4,2,3,3,4,4,4,2,3,3,4,2,4,1,0,4,4,5,4,2,3,2,3,2,3,2,3,3,4,3,4,3,4,3,4,4,5,3,5,5,5,2,4,4,2,5,2,3,3,4,4,4,13,2,3,1,1,3,4,5,4,4,4,4,4,3,4,4,4,4,4,1,4,4,3,4,2,2,2,3,2,4,5,4,4,3,4,4,4,4,3,5,3,2,2,2,2,2,2,2,2,2,2,2,3,3,3,2,7,7,7,7,7,7,7,7,7,1,47,4,1,1,1,52,7200,3500,0,140601,지적기사 현장실무교육 장기 건축 건설 불황 예상,토목공학
29345,3,4,3,5,4,3,4,5,2,3,3,4,3,4,3,4,2,3,3,4,3,3,3,4,4,3,1,0,3,4,3,5,4,5,4,5,2,3,4,4,3,4,4,3,3,4,1,0,1,0,1,0,1,0,1,0,1,0,1,0,2,3,1,0,1,0,1,0,1,0,1,0,1,0,1,0,1,0,1,0,1,0,3,3,2,3,2,3,4,4,5,3,3,1,2,3,4,3,4,3,4,7,1,2,2,2,0,7,2,3,3,3,3,4,4,4,3,3,4,3,3,2,2,3,5,2,3,2,1,3,3,4,3,2,2,2,3,4,3,3,3,2,2,2,2,2,2,2,2,2,2,1,3,2,3,2,1,5,5,6,6,3,3,6,6,4,1,49,2,1,3,1,48,4000,3000,0,612301,승용차 이용 것이므,인문계
29346,3,4,3,5,3,4,3,4,3,5,4,5,3,4,4,4,3,4,3,4,2,4,4,5,3,4,3,5,3,4,3,4,4,5,3,5,3,3,3,4,3,3,3,4,3,5,3,4,3,4,4,4,3,5,2,3,3,3,2,3,3,3,3,4,3,3,3,4,3,4,3,5,3,4,3,4,3,3,3,4,4,4,3,4,3,4,3,4,3,3,3,3,4,4,3,2,3,3,4,3,3,3,1,5,2,2,0,2,5,3,3,3,3,4,4,3,3,4,4,3,3,4,4,3,3,3,2,2,3,3,3,3,4,4,3,3,4,4,3,3,4,3,2,2,2,2,2,2,1,1,1,2,2,2,2,2,2,5,6,5,6,5,5,6,6,6,1,50,4,2,5,1,40,0,0,8000,872301,경기 불황 구조조정 경기 침체 일자리 감소,경영학
29347,4,4,4,4,3,4,3,4,3,4,3,4,3,5,4,5,4,5,5,6,4,5,4,5,4,6,3,5,3,4,5,7,4,5,4,5,4,5,4,5,4,5,4,6,4,6,2,2,2,3,4,5,4,6,3,4,4,4,4,4,3,3,3,5,5,6,5,6,5,7,5,6,3,4,4,5,5,7,4,6,3,4,3,4,4,5,4,6,4,4,3,4,4,3,2,3,4,4,4,5,4,15,2,4,1,2,0,6,5,5,4,3,4,4,4,4,4,4,4,4,2,4,4,2,3,3,4,1,4,5,4,4,4,4,4,2,3,5,3,2,5,4,2,1,1,2,1,1,2,2,2,2,2,3,3,3,1,8,8,8,8,8,8,8,7,7,1,43,4,1,3,2,40,10700,6800,0,621101,사업용조종사 항공무선통신사 기종한정자격 직장 비행기 훈련 비행 드론 무인기 등장 비행 점검 방식 가능성,항공운항학
29348,2,2,3,4,1,0,3,4,2,2,1,0,1,0,3,3,2,3,1,0,1,0,2,3,2,2,3,3,2,3,2,3,2,3,1,0,1,0,3,4,2,1,2,3,2,3,1,0,1,0,1,0,1,0,1,0,1,0,1,0,1,0,2,3,1,0,1,0,1,0,1,0,1,0,1,0,1,0,1,0,3,4,2,3,2,2,3,4,2,4,4,2,2,1,2,4,2,2,1,1,2,19,1,1,2,2,0,1,1,1,1,1,2,1,2,2,1,3,3,2,4,2,2,4,3,2,2,4,3,3,3,5,2,3,1,1,3,5,2,1,5,3,2,2,2,2,2,2,2,2,2,1,3,3,2,2,2,7,8,6,6,4,3,6,8,7,2,61,2,1,3,2,16,1000,1000,0,561601,업종 변화,상고
29349,4,5,3,4,1,0,1,0,3,4,3,4,1,0,3,4,2,2,3,4,2,2,1,0,3,4,4,5,1,0,2,2,1,0,1,0,1,0,1,0,3,4,3,3,1,0,1,0,1,0,1,0,3,5,3,4,3,5,2,3,1,0,3,5,3,4,2,3,2,2,3,4,3,5,3,5,3,5,2,3,2,4,2,3,3,3,1,0,4,3,3,4,4,2,4,2,3,3,4,3,3,3,1,2,1,2,0,1,2,4,3,3,3,4,3,4,4,2,5,4,2,4,3,4,4,3,4,2,4,2,2,4,4,3,4,4,5,4,4,3,4,4,2,2,2,2,2,2,2,2,2,2,2,2,2,2,2,6,5,6,6,6,5,4,6,6,1,49,2,1,1,1,40,4500,3000,0,882201,펄프제지 기능사 인터넷 발달 수요 감축,기계
29350,3,4,3,4,3,3,4,4,4,5,4,4,4,6,4,5,4,5,4,5,4,5,4,5,4,6,4,6,4,5,4,5,4,5,3,4,4,5,4,5,4,5,3,5,4,5,2,2,4,6,4,5,4,5,4,5,4,5,4,5,4,6,4,6,4,5,4,5,4,6,4,5,4,6,4,5,4,5,4,5,4,5,4,5,4,6,4,4,3,4,4,4,3,4,3,4,4,3,3,4,4,7,1,4,2,2,0,7,5,3,3,3,4,3,3,3,3,4,3,3,3,3,3,2,3,4,3,3,3,3,3,3,4,4,2,3,3,3,4,3,3,4,2,2,2,2,2,2,2,2,2,2,3,3,3,3,1,6,6,4,7,3,3,7,4,2,1,33,4,1,1,1,40,4700,3800,0,132002,변화 요소,정보시스템학
29351,4,5,5,7,5,7,4,6,4,6,5,7,5,7,5,6,5,6,4,5,5,6,4,6,3,4,2,2,2,3,3,4,2,3,2,2,3,4,3,4,3,4,3,4,3,4,2,4,2,3,2,2,3,4,3,3,2,2,1,0,2,2,2,2,2,2,2,2,2,2,1,0,2,2,1,0,2,2,1,0,1,0,1,0,2,3,2,3,4,4,3,3,4,4,4,4,4,4,3,3,3,15,2,4,2,2,0,6,6,4,4,4,3,3,4,4,4,4,4,4,2,2,2,4,3,3,4,4,4,4,4,4,4,4,4,4,4,4,4,4,4,4,2,2,2,2,2,2,2,2,2,2,3,3,3,3,2,4,4,5,5,6,6,5,5,5,2,45,6,1,1,1,45,3500,2500,0,110102,상태 유지,사학
29352,5,6,4,7,5,6,5,6,4,3,4,4,5,7,3,4,3,4,5,6,3,4,5,6,4,4,5,5,4,5,4,4,5,5,4,5,5,5,4,5,4,5,5,6,5,6,4,5,4,5,5,6,4,5,4,5,4,5,4,5,4,4,4,4,4,5,5,5,4,4,3,3,4,4,3,3,3,3,4,5,3,4,3,4,4,5,4,4,4,4,3,3,4,4,3,5,4,4,5,5,4,18,1,2,2,2,0,5,5,4,1,1,3,4,2,2,3,3,4,3,3,4,3,4,3,3,3,4,3,3,4,4,3,4,3,3,4,3,4,4,4,3,2,1,1,2,2,2,2,2,2,2,2,3,3,3,1,7,6,7,6,6,3,7,6,6,2,39,4,1,1,1,40,2800,2500,0,416101,영상 기술 도입 컴퓨터 프로그램 개발,언론홍보
29353,4,5,5,5,5,5,5,4,3,5,4,5,2,4,4,5,4,5,4,5,3,3,4,5,4,5,4,4,4,4,3,4,4,5,4,4,3,4,4,5,4,4,3,3,4,3,3,3,2,2,3,3,3,3,2,2,2,2,2,2,5,3,2,2,2,2,2,2,2,2,2,2,2,2,2,2,2,2,3,2,2,2,3,4,4,4,4,4,4,4,4,3,4,3,3,4,3,3,3,3,4,11,1,5,1,1,2,4,2,3,1,3,3,3,3,3,3,3,3,4,2,4,3,5,4,4,4,3,4,4,3,4,4,4,4,4,5,4,4,4,5,3,1,1,1,1,2,2,2,1,2,3,1,3,3,3,2,8,8,8,7,8,7,7,7,7,2,42,2,1,1,1,45,6000,4000,0,27201,변액관리 자격증 CKLU 회계 컴퓨터 활용 화상 서비스 업무 자동화 전산,인문계
29354,3,4,3,4,3,3,4,4,3,3,5,5,2,3,4,4,3,5,3,4,3,4,3,5,3,5,4,5,3,5,2,3,2,4,3,3,5,5,4,5,3,4,4,5,4,5,1,0,1,0,4,4,4,4,1,0,4,5,3,4,2,3,2,3,3,4,4,5,4,5,4,5,1,0,4,4,4,4,3,4,4,4,4,4,4,4,3,4,4,3,3,3,3,2,3,4,3,2,3,3,3,8,1,4,1,1,1,5,2,4,3,2,4,4,2,3,2,3,3,3,4,2,2,3,3,2,3,4,3,5,2,4,3,2,3,3,4,5,3,2,4,3,2,2,2,2,2,2,2,2,2,2,4,3,3,3,2,8,5,8,5,8,8,5,4,5,1,38,4,1,1,1,40,5200,3500,0,621203,해기사 안전교육과 직무교육 선박 증가 물동량 증가 예상,기관시스템공학
29355,4,6,4,5,3,3,4,6,4,6,5,7,4,7,4,5,4,6,4,6,4,5,3,4,4,6,4,5,4,6,3,4,3,4,4,5,3,4,4,6,5,7,4,6,3,4,3,4,3,4,4,5,4,6,3,4,3,4,3,4,5,7,3,4,4,6,3,4,3,4,3,4,4,6,4,6,4,6,3,4,2,3,2,3,3,4,3,4,5,3,5,4,4,3,4,5,3,5,5,4,5,13,1,4,2,2,0,1,4,4,5,4,4,5,4,3,4,4,4,4,2,4,4,3,4,3,4,4,4,4,2,4,4,5,5,4,5,4,4,4,4,3,1,2,2,1,2,2,1,1,1,2,4,1,1,3,1,2,7,3,7,3,7,2,7,7,1,43,4,1,1,1,40,4800,3000,0,133202,프로젝트 개발 변화 산업혁명 시장 요구 때문,컴퓨터공학
29356,3,4,4,4,3,3,4,5,1,0,3,4,1,0,2,2,2,3,1,0,2,2,2,3,3,3,3,3,4,4,3,3,2,3,3,3,2,2,3,3,3,3,2,3,2,2,2,3,3,2,3,4,3,3,1,0,3,5,1,0,3,3,1,0,2,2,1,0,1,0,1,0,2,2,1,0,2,2,3,2,2,1,2,1,3,3,2,2,3,4,2,3,4,4,3,4,3,2,4,3,3,19,1,1,1,1,2,2,3,4,3,3,4,4,3,3,3,3,4,3,2,3,3,3,3,2,3,3,3,4,3,3,3,3,3,2,3,4,3,3,4,4,2,2,2,2,2,2,2,2,2,2,4,3,1,3,1,6,7,5,6,4,3,3,4,5,1,55,2,2,5,1,40,0,0,3700,29904,직업상담사 1급 직업상담사 교육 구직 증가,문과
29357,1,0,1,0,1,0,1,0,1,0,1,0,1,0,1,0,1,0,1,0,1,0,1,0,5,6,1,0,5,6,4,5,3,4,3,3,1,0,4,5,1,0,1,0,4,2,2,2,4,5,1,0,3,3,1,0,4,5,1,0,1,0,1,0,1,0,4,2,1,0,1,0,1,0,5,3,4,5,4,5,1,0,4,4,4,4,2,3,4,3,4,3,4,3,3,4,3,3,4,3,4,19,1,1,1,1,5,4,1,4,2,2,4,4,4,3,9,9,9,3,2,4,4,5,4,5,4,5,4,3,5,4,5,5,5,5,4,4,3,4,4,2,2,2,2,2,2,2,2,2,2,1,1,2,2,2,2,1,8,4,8,4,8,7,2,7,1,72,1,2,5,1,48,0,0,1500,511101,이발사자격증 이발기술 이발소 수요 감소,0
29358,3,3,4,4,3,3,5,6,2,2,2,2,2,2,3,3,4,5,2,3,2,1,3,4,2,1,2,3,4,6,2,2,4,5,3,4,2,2,4,5,3,3,2,2,3,2,1,0,1,0,1,0,2,2,1,0,3,3,2,2,3,2,1,0,4,4,3,3,1,0,1,0,2,2,2,2,3,4,1,0,1,0,3,2,3,3,3,3,4,5,3,3,4,4,4,2,4,3,4,4,4,7,4,1,1,1,3,3,4,4,4,4,4,4,4,3,4,4,4,4,2,5,4,4,4,3,5,4,4,3,4,4,5,4,4,4,5,3,4,4,4,4,2,2,2,2,2,2,2,2,2,2,4,3,3,3,2,7,7,8,5,4,5,5,5,4,2,22,3,1,4,1,50,2500,2400,0,307301,안경사자격증 시력검사 조제가공 안경 착용 인구 증가,안경광학
29359,2,2,2,3,2,2,3,3,2,2,2,2,2,1,2,2,2,3,2,2,2,1,3,3,3,4,2,2,2,3,3,4,2,3,2,2,3,3,3,4,3,3,4,5,3,4,2,3,3,3,3,4,3,3,1,0,3,3,1,0,1,0,3,4,1,0,2,3,2,2,1,0,2,3,2,2,3,4,3,3,2,2,2,2,2,1,2,2,3,4,3,2,2,3,3,4,3,2,3,2,3,9,1,1,1,1,3,6,2,3,3,2,4,5,3,3,2,4,4,4,2,4,3,3,3,3,3,4,3,3,3,3,4,3,3,4,3,4,3,3,4,4,2,2,2,2,2,2,2,2,2,2,3,3,2,3,2,7,7,7,4,3,4,4,3,3,1,38,2,1,1,1,58,2600,1900,0,531301,중식조리기능사 기본적인 식재료 다루기 요식업 변화,이과
29360,5,5,5,5,5,5,4,6,4,5,4,5,4,4,4,4,4,4,3,3,3,3,4,5,4,4,3,3,3,4,2,3,4,4,4,4,4,4,4,2,4,5,5,6,4,5,4,5,4,3,4,4,3,3,3,4,3,3,3,3,4,5,4,5,4,5,4,5,4,5,5,4,5,5,3,2,4,3,2,2,2,2,3,3,4,4,4,4,4,3,2,3,4,4,4,2,4,4,4,4,4,15,2,6,2,2,0,7,5,4,4,4,4,4,4,4,3,4,4,4,2,4,3,3,4,3,3,3,3,3,5,4,5,4,3,4,4,4,3,4,4,4,2,2,2,2,2,2,2,2,2,2,3,3,3,3,1,6,5,4,6,7,5,6,5,5,1,35,4,1,1,1,40,4100,3300,0,28202,기계화 불가,산업공학
29361,3,5,4,4,3,3,3,5,3,4,4,4,1,0,5,4,4,4,4,4,3,5,4,4,4,4,4,5,3,5,2,3,3,3,1,0,5,5,4,4,4,5,4,4,5,5,4,4,4,4,5,4,4,4,1,0,4,4,4,5,4,4,1,0,4,4,5,5,3,5,4,4,4,5,2,3,5,6,4,6,1,0,2,3,4,5,2,4,4,4,3,4,4,3,4,5,3,4,4,5,5,8,1,3,1,1,2,6,5,4,4,3,4,4,2,4,4,3,4,4,1,4,5,3,4,2,3,4,3,3,3,5,4,4,3,4,4,4,4,3,4,4,2,2,2,2,2,2,2,2,2,2,3,3,3,3,2,9,7,6,3,4,4,7,5,3,1,35,4,1,1,1,43,5500,3700,0,621201,해기사 항해사 직무교육과 안전교육 습득 고령 인력 신규 인력 교체 일자리 변화,선박운항학
29362,3,6,3,6,2,5,1,0,2,3,1,0,3,4,4,5,3,5,1,0,1,0,1,0,3,3,3,4,1,0,1,0,1,0,1,0,1,0,1,0,1,0,1,0,1,0,1,0,1,0,1,0,4,6,4,6,4,5,1,0,4,5,1,0,1,0,1,0,1,0,1,0,1,0,1,0,1,0,1,0,1,0,1,0,1,0,1,0,2,2,3,4,3,3,4,3,4,3,3,3,2,3,1,5,2,2,0,7,4,3,3,3,3,3,3,3,3,3,3,3,2,3,3,4,3,3,2,3,4,3,4,4,2,2,3,3,2,4,2,2,3,4,2,2,2,2,2,2,2,2,2,1,3,3,3,3,2,6,7,7,6,6,5,5,4,4,1,31,4,1,1,1,45,4000,3800,0,152101,변동 직종,재료공학
29363,4,5,4,5,4,5,4,5,4,5,4,5,3,5,4,4,4,5,3,4,4,5,4,5,3,5,3,4,4,5,3,4,3,5,3,5,4,5,4,5,4,5,4,5,4,6,2,4,4,4,3,5,4,5,4,5,4,5,2,3,3,4,4,4,3,5,3,4,3,4,3,4,3,3,4,4,3,4,3,4,2,2,2,2,4,5,4,5,4,3,4,4,4,3,3,4,3,4,3,4,3,15,2,5,1,2,0,5,5,4,4,4,3,4,3,4,3,3,4,4,4,4,4,4,4,4,3,3,3,3,3,4,3,4,4,4,4,3,4,3,4,4,2,2,2,2,2,2,2,2,2,1,3,3,3,3,2,7,7,5,3,4,4,6,6,4,1,36,4,1,1,1,40,3300,2900,0,140503,교통산업기사 변화,도시공학
29364,5,6,5,7,4,5,5,6,3,4,4,5,2,2,4,5,3,4,4,5,4,5,4,5,5,7,4,5,3,4,3,4,3,4,2,3,5,7,3,4,3,4,5,7,3,4,2,3,2,3,2,3,3,4,3,4,3,4,2,2,2,2,2,2,1,0,1,0,1,0,1,0,2,2,2,2,2,2,2,3,4,5,4,5,5,6,5,6,3,4,4,4,4,4,4,4,4,5,5,4,4,17,5,6,1,1,6,6,7,5,5,5,4,5,4,4,4,4,4,4,2,4,5,2,2,3,2,4,4,5,2,5,4,4,5,5,4,5,4,4,5,3,2,2,2,2,2,2,2,2,2,2,3,1,1,1,1,1,1,2,2,2,4,9,2,1,2,33,6,1,1,1,40,7000,5000,0,301113,의사면허 전문의면허 레지던트 인구 고령화,의학
29365,3,3,3,4,3,3,3,3,3,3,3,3,3,3,3,3,3,3,3,4,3,3,3,3,3,3,3,3,3,3,3,3,3,3,3,4,3,3,3,3,3,3,3,3,3,3,3,3,3,4,2,4,3,4,3,3,3,3,3,3,3,3,3,3,3,3,3,3,3,3,3,3,3,3,3,3,3,3,3,3,3,3,3,3,3,3,3,3,3,3,3,3,3,3,3,3,3,3,3,4,4,11,1,4,1,2,0,7,5,3,3,3,4,4,4,4,4,4,4,4,3,3,3,3,3,3,3,3,3,3,3,4,4,4,3,4,3,3,3,3,3,3,2,2,2,2,2,2,2,2,2,1,3,2,1,3,2,6,6,5,6,6,6,6,6,6,1,55,4,1,1,1,56,4600,3000,0,31501,손해사정사 사람 직접 일이,경영학
29366,5,6,5,7,4,5,4,5,3,4,3,5,3,5,3,5,3,3,3,5,3,3,4,6,4,6,3,5,4,5,4,6,4,5,4,6,5,6,5,6,5,6,5,6,4,6,5,6,3,5,3,5,5,6,5,6,3,4,3,4,4,4,4,5,4,6,3,4,3,4,3,4,3,5,4,5,4,4,4,5,3,4,4,5,3,5,3,5,3,3,3,4,4,3,4,3,3,3,3,3,3,15,2,5,1,2,0,6,7,3,3,4,4,3,4,3,3,3,3,4,3,3,4,2,3,3,3,2,3,3,5,3,3,3,3,3,3,3,3,4,4,4,2,2,2,2,2,2,2,2,2,2,4,3,3,3,2,2,3,5,5,3,4,2,5,4,1,48,6,1,1,1,40,5000,3200,0,121106,박사학위 인력 수요 증가 예산 증가,기상학
29367,3,2,3,5,2,3,3,4,3,4,2,5,1,0,2,4,2,4,4,4,2,4,2,3,2,3,2,4,3,3,3,4,3,5,3,2,2,3,4,3,3,5,3,5,4,6,3,4,3,4,1,0,1,0,1,0,2,3,1,0,2,1,1,0,2,1,1,0,1,0,1,0,2,3,2,3,2,3,2,4,2,3,2,4,3,4,3,5,4,3,2,3,4,3,4,3,2,4,4,4,4,8,1,3,2,2,0,2,4,4,4,3,4,3,3,3,4,3,4,4,2,4,4,4,3,3,3,2,4,3,2,4,3,3,4,4,4,5,4,4,5,3,2,2,2,2,2,2,2,2,2,2,2,2,3,3,2,7,5,5,4,3,3,3,3,4,1,42,2,1,1,1,48,3000,2800,0,28201,여러가지 운송 업체 남발 발달 운송 체계 감소 장기 경제 불황 계속 예정,인문계
29368,2,2,4,3,3,3,3,3,4,2,3,4,3,3,4,4,3,3,2,3,4,3,2,2,2,3,3,3,2,2,3,2,1,0,1,0,3,2,1,0,4,3,2,2,1,0,3,3,2,2,2,1,4,6,4,4,4,4,3,4,3,3,1,0,5,5,4,3,5,5,4,4,1,0,4,3,4,3,2,2,3,3,2,2,3,5,3,3,3,1,2,3,2,2,3,2,4,2,2,3,1,3,1,3,2,2,0,4,5,2,4,3,4,3,3,2,4,5,4,3,3,2,2,3,4,4,2,2,3,3,4,3,2,4,4,5,3,4,4,3,5,5,2,2,2,2,2,2,2,2,2,2,4,3,3,3,2,7,9,6,7,4,2,8,7,4,1,29,2,1,1,1,40,3500,3400,0,815001,기업 로봇 생산 라인 도입 수요 증가,금속공학
29369,5,6,5,7,5,6,3,4,4,5,3,4,5,5,5,6,5,7,5,6,5,6,4,5,4,5,4,5,4,5,1,0,1,0,1,0,5,6,2,1,4,4,2,2,2,2,5,5,5,6,5,6,5,6,4,6,2,2,3,4,3,4,3,4,5,5,4,5,4,3,5,5,4,5,3,5,2,1,1,0,1,0,1,0,3,2,2,2,3,2,2,3,3,4,3,4,3,4,3,4,2,13,2,4,2,1,4,5,5,3,3,3,4,4,4,3,4,4,4,4,1,5,4,4,2,3,2,1,4,2,5,4,4,4,3,3,3,4,2,3,4,4,2,2,1,2,2,2,2,2,2,1,3,2,2,3,1,3,3,3,5,5,5,7,4,1,1,43,5,1,1,1,40,5500,3800,0,156101,섬유 섬종관련 업무 시험 분석 섬유 섬종 시험 분석 장치 도입 인간 존재 섬유 관심 변동 사회 발전 항상 요구 직업,섬유공학
29370,2,2,2,3,1,0,3,3,2,2,2,2,1,0,2,2,2,2,1,0,1,0,2,2,1,0,3,4,1,0,1,0,1,0,1,0,3,3,1,0,2,2,2,3,3,3,1,0,3,4,1,0,4,5,2,2,4,4,3,3,2,3,3,5,3,4,3,4,4,5,4,4,3,2,2,2,1,0,1,0,1,0,1,0,3,4,2,2,5,3,4,5,4,4,4,3,3,4,3,4,5,4,1,4,2,2,0,3,5,4,3,3,4,4,3,5,4,4,4,4,2,4,4,4,3,2,2,3,4,4,4,5,4,4,3,3,4,3,3,3,4,4,2,2,2,2,2,2,2,2,2,2,3,3,3,3,2,4,5,4,5,5,4,4,5,4,1,45,4,1,1,1,40,4300,3000,0,155203,에너지 산업 발전,전기공학
29371,2,3,3,4,3,4,4,5,3,4,3,4,3,4,3,4,3,5,3,5,3,3,2,3,3,5,3,4,3,4,3,5,4,5,3,5,3,4,3,3,3,3,3,4,3,4,3,4,4,4,4,4,4,5,3,4,3,4,3,4,3,4,3,5,3,4,4,5,4,5,4,5,4,5,4,5,4,5,4,5,4,5,4,5,4,5,4,4,3,4,3,3,4,3,3,4,3,4,3,3,3,3,1,2,2,2,0,7,1,3,3,3,4,4,2,2,2,2,4,3,2,4,2,2,4,4,2,4,2,5,3,4,2,3,3,2,3,4,3,3,3,4,2,2,2,2,2,2,2,2,2,3,1,3,3,3,2,6,7,7,4,5,6,7,3,6,2,45,2,1,1,1,44,3000,1800,0,861201,기계화,이과
29372,2,1,3,3,1,0,1,0,1,0,1,0,1,0,2,2,4,5,4,3,3,1,2,2,1,0,2,1,1,0,2,3,1,0,4,3,1,0,2,2,3,3,1,0,1,0,1,0,4,2,4,6,1,0,2,2,3,4,4,5,2,1,1,0,4,5,5,4,4,4,1,0,1,0,3,3,4,2,5,5,4,5,1,0,4,3,3,4,2,4,3,2,4,2,3,2,4,3,3,4,2,3,1,4,2,2,0,2,2,3,4,3,5,3,4,3,5,5,4,3,5,2,3,2,4,4,3,5,4,3,4,4,5,3,4,4,3,3,4,5,5,4,2,2,2,2,2,2,2,2,2,2,3,3,3,3,2,7,9,8,5,3,4,5,9,3,1,40,2,1,1,1,40,4000,3200,0,817201,기업 로봇 라인 증설 현상 유지,기계
29373,4,5,4,5,3,4,2,3,4,5,4,5,4,5,4,5,2,4,3,4,4,5,4,5,3,4,1,0,1,0,2,3,1,0,1,0,3,4,1,0,4,5,4,5,4,5,1,0,1,0,2,3,4,5,4,5,4,5,4,5,5,6,4,5,4,5,3,4,4,5,3,4,3,4,1,0,1,0,1,0,1,0,1,0,1,0,1,0,4,2,5,2,3,4,3,4,2,3,4,3,5,10,1,3,2,2,0,3,5,3,3,3,4,4,2,3,4,4,4,4,2,2,2,3,3,2,3,4,4,3,2,4,4,3,3,3,3,4,2,2,4,4,2,2,2,2,2,2,2,2,2,2,4,3,3,3,1,7,7,7,3,3,3,7,3,3,1,34,4,1,1,1,50,4000,3000,0,133204,게임 산업 매출 증가,컴퓨터공학
29374,5,7,5,7,5,7,5,7,4,6,5,7,4,6,4,5,5,6,4,5,5,6,5,6,5,6,4,6,5,6,5,6,5,7,5,6,4,5,4,6,5,6,5,6,4,6,3,5,3,4,5,7,4,5,1,0,1,0,1,0,1,0,1,0,1,0,2,2,2,2,1,0,4,5,2,2,1,0,4,4,3,4,3,4,4,4,4,4,5,5,4,4,5,5,4,5,5,5,5,5,5,15,2,4,2,1,3,3,5,4,4,4,5,4,3,5,4,3,3,4,2,4,4,5,4,4,5,5,5,4,3,4,4,4,4,5,4,5,4,4,5,2,2,2,2,2,2,2,2,2,2,2,3,3,3,3,2,8,1,1,2,2,3,2,2,8,2,32,4,1,1,1,50,7900,7000,0,221102,사법연수원 상태 유지,법학
29375,4,5,4,4,3,4,4,5,3,4,3,5,3,3,4,4,3,4,4,5,3,5,3,5,4,4,3,5,3,4,4,5,3,4,3,4,3,4,4,4,3,4,4,5,3,5,4,4,3,5,3,4,3,3,3,4,4,5,3,5,3,4,4,4,3,4,3,5,3,4,4,5,3,5,3,3,3,4,3,4,4,4,3,5,3,5,2,4,3,4,3,4,3,3,4,4,4,3,4,4,3,18,1,5,2,2,0,4,5,4,4,3,4,3,4,3,4,4,3,4,3,4,3,3,4,3,3,2,3,3,3,4,3,4,5,4,3,4,4,4,4,3,2,2,2,2,2,2,2,2,2,1,4,1,1,1,1,7,5,6,5,4,5,5,4,6,2,35,4,1,1,1,45,3800,2500,0,411104,인터넷 방송 케이블 방송 시장 확대,국어국문학
29376,4,4,5,6,4,5,5,6,3,4,4,5,4,5,3,3,5,6,4,5,3,3,3,3,4,5,3,3,4,4,4,4,4,5,4,4,5,5,5,5,4,4,4,4,5,6,4,5,4,4,4,5,3,3,3,3,2,2,3,3,4,4,2,2,3,3,2,2,3,3,2,2,4,4,3,3,4,4,3,3,4,4,3,3,5,5,4,5,4,3,3,4,3,2,5,3,4,4,3,4,2,15,2,3,1,1,2,2,4,4,5,4,5,4,4,3,3,4,4,4,2,4,3,3,4,3,3,4,5,5,4,5,4,3,4,3,3,5,4,4,5,4,2,2,2,2,2,2,2,2,2,2,3,3,3,3,2,4,5,7,4,3,5,5,7,5,1,36,4,1,1,1,40,3300,2500,0,240301,유도 자격증 직무교육 신종 범죄 소자 증가,경찰학
29377,3,4,3,4,3,4,2,4,4,4,4,5,2,4,2,3,3,4,3,4,3,4,3,5,4,4,3,5,3,4,1,0,1,0,2,4,2,4,1,0,3,4,3,5,4,5,1,0,2,4,1,0,3,5,3,5,3,5,4,5,5,5,3,5,2,4,2,4,4,5,2,4,4,5,1,0,1,0,1,0,1,0,1,0,3,5,2,4,4,5,4,4,4,4,4,4,4,5,4,5,4,10,1,3,1,2,0,5,4,4,3,3,4,5,4,4,4,5,5,4,4,3,3,4,3,3,3,2,2,4,5,5,4,4,3,3,2,3,3,3,4,4,2,1,1,2,1,2,2,2,2,2,4,3,3,3,1,3,3,4,5,6,5,5,6,6,1,36,5,1,1,1,48,4600,3200,0,13701,정보통신산업기사 정보 케어 기술 구축 업체 네트워크 통신 업체 증가 산업 기반 활성화,정보통신공학
29378,2,3,3,5,3,5,2,4,2,3,3,4,1,0,1,0,3,3,3,5,3,3,3,3,2,4,2,3,2,3,3,3,2,3,3,3,4,4,2,4,2,4,4,4,3,3,3,4,3,5,3,4,2,3,3,4,2,4,4,5,1,0,3,4,4,4,3,3,3,5,4,3,4,3,3,4,4,4,3,5,3,5,3,4,1,0,1,0,4,3,2,3,4,3,5,4,3,4,3,4,3,19,1,2,1,2,0,7,4,3,3,4,4,3,4,4,3,4,4,3,4,4,4,3,3,4,3,3,4,4,4,3,3,4,3,3,4,3,4,5,4,4,2,2,2,2,2,2,2,2,2,1,2,3,3,2,2,5,5,6,5,6,6,6,5,6,1,54,2,1,3,1,54,5300,2800,0,811501,보일러 수리 자격증 기술 발달 수리 원격,인문계
29379,3,4,2,3,3,3,2,4,1,0,2,3,1,0,3,5,3,4,2,3,2,4,3,3,3,4,5,5,2,3,3,4,3,4,1,0,4,4,4,5,4,3,3,4,4,4,3,4,3,3,4,4,3,4,4,4,5,5,4,5,3,4,3,4,5,5,4,4,3,5,4,5,5,5,2,2,5,4,3,4,1,0,3,4,5,4,2,3,3,4,3,3,3,2,2,5,2,3,4,3,4,8,1,3,1,1,2,6,3,3,3,3,4,4,3,4,3,3,4,4,3,3,3,3,4,3,4,3,3,2,3,5,4,3,4,4,5,3,4,4,4,4,2,2,2,2,2,2,2,2,2,2,4,3,3,3,2,7,9,7,4,6,7,6,6,1,1,57,4,1,1,1,40,9500,4200,0,621201,해기사 항해사 안전교육 직무교육 수출 수입 물동량 경기 회복,항해학
29380,3,3,2,3,2,4,3,5,5,6,4,6,4,5,3,4,4,5,4,6,5,6,4,5,4,6,3,3,3,4,3,5,3,4,4,5,3,4,3,5,3,4,3,5,4,6,3,5,3,4,4,5,5,6,5,6,5,6,4,5,3,5,4,5,4,5,5,6,4,5,4,5,4,5,4,5,2,3,3,5,3,5,3,5,5,6,4,5,5,5,4,4,5,4,4,4,4,4,3,4,4,3,1,3,1,2,0,3,5,5,4,4,4,4,3,4,3,4,4,4,2,4,4,3,4,4,3,5,4,3,4,4,3,3,5,4,3,4,5,4,4,3,2,2,2,2,2,2,2,2,2,1,4,3,3,3,2,6,5,7,4,6,7,4,5,7,1,45,4,1,1,1,40,4300,3700,0,131101,정보통신산업기사 정보통신기사 정보 통신 기기 발달 예정,컴퓨터공학
29381,4,4,4,4,4,5,4,5,3,6,4,6,3,5,4,4,4,6,4,4,4,5,4,5,4,5,4,6,4,5,3,5,4,6,4,5,4,4,4,4,3,5,4,4,3,5,4,5,4,4,3,5,4,5,4,4,4,4,4,5,4,4,3,5,3,4,4,4,4,5,4,6,4,5,4,4,4,5,4,4,4,5,3,5,3,5,4,5,4,4,5,4,3,4,3,4,4,3,5,4,4,6,1,5,1,2,0,5,5,4,4,3,4,3,4,5,4,4,5,4,3,3,4,4,4,3,3,4,4,4,4,4,4,3,3,4,4,3,3,4,4,3,2,2,2,2,2,2,2,2,2,1,4,2,2,2,1,7,5,6,7,8,8,8,7,6,1,31,4,1,1,1,40,4200,2800,0,158401,산업안전기사 작업장 안전 중시,기계공학
29382,3,3,4,6,2,2,4,5,1,0,4,4,1,0,3,5,3,3,1,0,3,3,2,2,3,4,4,4,3,3,1,0,1,0,1,0,2,2,3,3,3,4,2,2,2,3,3,3,3,3,2,2,1,0,1,0,2,3,1,0,3,3,1,0,1,0,1,0,1,0,1,0,1,0,3,4,2,3,1,0,1,0,2,3,4,5,5,6,2,4,4,3,4,4,4,2,3,4,3,2,4,17,1,1,1,2,0,2,5,5,4,4,5,4,3,3,9,9,3,4,1,4,4,4,4,2,3,2,4,4,2,4,3,4,3,4,4,5,4,4,4,3,2,2,2,2,2,2,2,2,2,1,3,2,2,2,2,3,5,6,4,5,3,6,4,1,1,50,4,2,5,1,44,0,0,8800,301201,의사면허 반의 희망 의사 감소,의학
29383,4,5,3,4,3,4,1,0,3,4,3,4,2,2,3,4,2,2,3,4,1,0,1,0,3,3,3,4,3,4,1,0,1,0,1,0,2,3,1,0,1,0,1,0,1,0,4,5,3,4,3,4,3,4,3,4,3,4,3,4,3,4,1,0,3,4,4,4,3,4,4,4,4,5,4,4,4,4,3,3,3,4,2,3,3,4,3,3,3,3,3,3,4,3,3,4,3,4,4,3,3,16,5,4,1,1,4,6,6,4,3,4,5,4,2,3,4,4,4,4,1,4,4,3,3,3,3,2,4,3,5,4,4,4,3,3,2,4,2,3,4,4,2,2,2,2,2,2,2,2,2,2,3,2,2,2,1,3,3,3,5,5,5,5,5,5,1,45,5,1,1,1,40,6000,2400,0,413101,학예사 예술작품에 대한 정보 숙지 소장품 관리 방법 교육 일자리 포화상태 한정 일자리,미술사
29384,1,0,1,0,1,0,1,0,1,0,1,0,1,0,1,0,3,3,4,4,1,0,1,0,3,3,5,6,1,0,4,5,1,0,1,0,1,0,4,4,5,5,4,5,4,5,5,6,4,5,1,0,3,3,1,0,3,3,4,5,5,6,5,6,4,5,4,5,5,6,5,6,1,0,2,2,4,4,4,5,5,5,1,0,4,5,4,5,4,4,3,4,4,1,4,3,2,3,3,4,4,1,1,2,2,2,0,7,2,3,4,4,4,4,3,4,3,4,4,4,2,4,4,4,3,4,4,3,3,4,3,4,3,3,4,3,4,5,4,3,4,4,2,2,2,2,2,2,2,2,2,1,4,3,3,3,2,2,5,3,5,5,3,3,5,5,1,34,4,1,1,1,48,3000,2500,0,902101,낙농 사업,축산학
29385,4,4,4,5,4,5,3,5,4,4,4,4,4,4,4,4,3,5,4,4,4,4,3,4,4,4,4,5,3,5,4,4,4,5,3,4,4,4,4,4,4,4,4,4,3,5,4,5,3,5,4,4,4,4,3,4,4,4,2,4,4,4,4,4,4,4,3,5,3,5,3,5,3,3,4,5,2,3,3,5,3,5,3,5,3,5,4,4,4,5,4,4,3,4,4,4,3,4,5,4,4,13,2,5,2,2,0,2,5,4,5,4,4,4,3,4,4,5,4,4,4,4,5,4,4,5,4,5,4,4,4,4,4,5,4,5,4,5,5,5,4,4,2,2,1,2,2,2,2,2,2,2,2,3,3,3,2,7,6,7,6,6,5,6,7,6,1,40,4,1,1,1,52,5000,3000,0,151107,기계 도입 자동화 설비 일자리,자동차공학
29386,3,6,4,4,3,5,3,6,3,5,3,5,4,4,4,4,3,5,2,5,4,4,4,5,4,4,4,4,3,4,4,3,3,4,4,4,2,3,3,3,2,3,2,4,2,2,2,2,3,3,2,2,2,3,2,3,2,3,2,3,3,3,2,3,3,3,3,3,2,4,2,2,2,3,1,0,2,3,3,3,2,3,2,3,2,3,3,3,2,3,2,1,2,3,3,3,2,2,3,2,2,6,1,1,2,2,0,7,1,3,2,3,3,4,3,4,9,9,5,4,4,3,4,4,5,4,3,4,4,4,3,4,3,3,4,5,3,3,4,3,3,3,2,2,2,2,2,2,2,2,2,1,3,2,3,3,1,7,3,5,7,5,6,8,5,3,1,45,2,1,3,2,45,4000,3000,0,703101,사람 직접 일이 기계 대체 불가능,상고
29387,5,6,5,5,5,6,4,5,2,3,4,5,5,6,1,0,3,4,2,3,3,4,4,5,5,6,4,5,5,5,2,3,4,6,5,6,3,4,4,5,5,6,4,5,4,4,3,3,2,2,4,5,1,0,1,0,1,0,1,0,1,0,1,0,1,0,1,0,1,0,1,0,1,0,1,0,1,0,1,0,1,0,1,0,2,3,1,0,4,2,3,4,3,4,4,5,4,4,3,3,2,13,1,4,2,2,0,5,4,4,4,4,5,5,4,2,2,2,3,2,2,3,3,4,2,3,4,3,2,2,2,3,4,3,3,4,5,4,3,4,4,5,2,2,2,1,1,2,1,1,1,2,4,2,2,3,1,8,3,7,3,7,7,2,4,7,2,30,4,1,1,1,40,3300,3000,0,24101,더욱 업무 마케팅 확대 일자리 증가,미디어학
29388,5,6,4,5,3,4,5,5,3,4,2,4,3,3,2,3,3,3,4,4,4,4,2,3,4,4,2,4,2,2,2,4,1,0,1,0,2,4,4,4,5,3,2,3,3,4,2,3,3,3,3,4,4,3,2,3,2,3,3,4,2,4,4,4,4,3,4,4,3,4,3,3,3,4,5,4,3,4,4,4,3,4,2,4,4,3,2,4,4,3,4,3,3,3,4,2,2,4,4,3,4,3,1,2,1,2,0,2,4,3,4,3,4,3,4,4,3,4,3,3,3,3,3,4,3,4,3,4,3,3,3,4,4,4,3,4,3,4,3,4,3,4,1,2,2,2,2,2,2,2,2,2,2,2,3,2,2,7,7,7,5,4,5,5,7,5,2,41,4,1,1,1,60,3100,2800,0,862101,양장기능사 없다 프린터 운용 기술 로보트 인공 지능 발달 감소,섬유디자인
29389,1,0,2,1,2,2,1,0,1,0,2,2,1,0,3,3,1,0,1,0,1,0,1,0,3,3,1,0,1,0,1,0,2,2,1,0,1,0,3,3,1,0,2,3,2,2,1,0,2,2,1,0,1,0,2,4,3,4,1,0,1,0,1,0,1,0,4,5,3,5,3,3,1,0,3,3,4,4,1,0,3,2,2,3,3,3,2,3,3,3,2,3,2,3,3,2,3,1,2,3,3,3,1,4,2,2,0,2,2,3,3,2,4,4,2,4,3,3,4,4,1,3,2,4,2,3,3,4,3,4,3,5,3,1,2,3,3,5,4,2,4,4,2,2,2,2,2,2,2,2,2,1,2,3,3,3,2,8,8,7,5,4,4,8,4,3,1,40,3,1,1,1,40,4000,3000,0,826101,생산 기계 자동화 대형화 인력 수요 감소,기계
29390,3,5,3,4,3,4,3,5,3,4,4,5,3,5,3,4,3,5,3,5,3,5,3,4,3,4,4,4,3,4,3,5,3,4,4,4,3,4,4,4,3,3,3,5,3,5,3,5,3,4,4,4,4,4,3,5,3,5,3,5,3,4,4,4,3,5,3,5,3,5,3,4,3,5,3,5,3,4,3,4,4,4,3,5,3,5,3,5,4,3,4,3,4,3,3,3,3,4,4,4,4,10,1,2,2,2,0,3,5,4,3,5,4,3,4,4,3,4,4,4,3,4,3,3,4,3,3,4,3,3,3,3,3,4,3,4,3,3,3,4,5,3,2,2,2,2,2,2,2,2,2,1,2,2,2,3,1,6,7,6,5,7,7,6,5,7,1,37,4,1,3,1,48,4900,4000,0,132004,인공 지능 발달,컴퓨터공학
29391,4,6,4,5,4,5,4,6,4,6,4,5,4,6,4,6,4,6,1,0,4,6,4,6,4,6,5,6,4,6,4,6,4,6,4,6,4,6,4,6,4,5,4,6,4,6,3,4,4,5,4,5,4,5,4,5,4,5,4,5,2,3,2,2,4,6,3,3,1,0,1,0,4,6,5,6,4,6,3,4,4,5,3,4,5,6,2,2,4,5,5,5,4,4,4,5,3,5,4,4,4,17,1,1,1,1,6,6,5,5,4,4,5,4,4,5,9,9,4,4,4,4,4,4,5,4,3,4,4,4,4,3,4,4,4,3,2,3,4,4,3,3,2,2,2,2,2,2,2,2,2,1,5,2,2,2,1,3,4,4,3,4,5,6,4,3,1,46,4,2,5,1,40,0,0,20000,301106,안과전문의 수련의 과정 안과 의사 필요성 증가 노령 인구 증가,의학
29392,3,4,4,5,4,5,2,2,1,0,1,0,1,0,1,0,1,0,1,0,1,0,1,0,1,0,2,3,3,4,1,0,1,0,1,0,1,0,4,5,4,5,1,0,1,0,1,0,1,0,2,3,2,4,1,0,1,0,1,0,3,4,3,4,4,5,1,0,1,0,1,0,1,0,5,6,1,0,1,0,1,0,1,0,2,3,2,3,4,4,3,3,4,3,3,3,4,3,4,3,4,17,1,2,1,2,0,7,5,3,4,3,5,4,4,4,5,4,5,4,4,3,4,4,3,4,5,4,3,4,4,3,4,4,5,4,4,5,4,3,4,4,2,2,2,2,2,2,2,2,2,2,3,3,3,3,2,6,8,6,7,7,8,8,9,8,2,36,4,2,5,1,40,0,0,7200,301301,한의사 대한 관심,한의학
29393,2,2,3,3,2,2,3,3,2,2,3,3,3,3,2,2,2,2,3,3,3,3,2,2,2,2,2,3,3,3,2,2,3,3,3,4,2,2,3,3,3,4,3,3,2,2,2,3,2,3,2,2,3,3,2,2,3,3,2,2,3,3,2,2,3,4,3,4,2,2,3,3,3,3,4,5,2,3,3,3,2,2,3,3,2,4,2,3,2,2,3,2,2,3,3,3,2,2,2,2,3,3,1,1,1,2,0,1,2,4,4,4,5,4,4,4,9,4,4,4,4,3,3,4,4,3,4,5,4,4,4,4,3,4,4,4,3,3,4,2,4,3,2,2,2,2,2,2,2,2,2,2,2,3,3,3,2,5,6,4,5,4,3,6,5,4,2,43,4,1,1,1,40,2600,2100,0,863101,한복기능사 실용 성과 대중성,의상디자인학
29394,5,6,4,5,3,4,4,5,3,3,2,3,4,5,3,3,4,5,5,6,4,5,3,4,5,6,4,4,4,4,2,3,2,3,2,2,4,5,3,3,2,2,4,5,3,4,2,2,2,2,2,2,2,3,2,2,3,3,2,3,2,4,2,4,3,3,3,3,2,3,2,2,3,5,4,4,3,4,3,3,3,4,2,2,2,2,2,3,4,3,4,3,4,3,4,5,4,4,4,3,4,18,1,5,2,2,0,2,4,3,2,3,4,3,2,4,9,9,4,4,4,3,3,4,3,3,3,2,3,2,2,4,4,5,3,3,2,3,3,3,2,2,2,2,2,2,2,2,2,1,1,1,2,1,3,1,1,7,6,5,6,3,4,7,4,5,1,39,4,1,3,2,40,3800,2800,0,416102,전염병 방역 기준 업무 변화 대중 예술 대한 관심 코로나 영향 위축,영상학
29395,4,6,3,4,3,4,4,5,2,3,4,5,4,5,4,4,3,4,2,3,2,3,4,4,2,3,3,4,2,3,3,4,2,3,1,0,4,5,5,6,4,5,4,5,4,4,3,4,5,6,5,5,4,6,5,6,5,5,5,6,4,5,5,6,4,6,5,7,5,7,5,7,5,6,4,5,4,5,4,5,2,3,2,3,4,5,4,4,3,4,3,3,4,3,3,4,3,4,4,4,3,10,1,2,1,2,0,6,4,4,3,3,4,4,3,3,3,3,4,3,4,3,3,3,4,3,3,4,4,3,3,4,3,4,3,4,5,4,4,3,4,4,2,2,2,2,2,2,2,2,2,1,4,3,3,3,1,9,8,2,1,2,1,9,8,8,1,35,4,1,1,1,42,3000,2000,0,131203,정보통신기사 자격증 통신 무궁무진,정보통신
29396,4,5,4,6,4,4,3,5,3,4,3,3,4,6,4,5,4,6,3,4,4,5,4,5,4,5,4,6,3,5,3,5,1,0,1,0,5,2,3,4,3,4,3,5,2,3,3,3,4,6,3,3,5,5,1,0,3,4,4,6,2,3,3,4,4,5,4,6,4,5,4,5,4,5,4,6,4,5,3,3,4,6,4,6,5,6,4,5,3,2,2,2,3,1,2,3,2,2,3,4,3,3,1,2,2,2,0,7,1,3,3,3,4,3,1,3,2,3,3,3,3,4,3,4,4,4,3,2,3,4,3,4,3,4,3,4,4,5,4,3,4,4,2,2,2,2,2,2,2,2,2,2,2,3,2,3,2,7,7,8,7,6,5,8,4,3,1,48,3,1,1,1,40,3500,2200,0,861301,정의 기계화 때문,전자
29397,4,6,3,4,3,2,1,0,2,3,2,4,5,7,4,6,4,5,4,6,3,6,3,4,4,6,3,4,1,0,2,4,1,0,1,0,2,5,3,4,5,7,2,3,1,0,1,0,2,4,2,5,5,7,5,6,5,6,5,6,5,5,3,4,5,5,4,6,5,5,5,6,4,4,4,5,4,6,3,4,3,4,3,3,4,5,3,5,4,2,4,5,5,1,5,2,4,5,5,5,3,3,1,2,1,2,0,3,5,2,4,3,4,5,5,5,4,4,3,5,1,2,4,3,4,5,4,4,4,3,5,4,5,3,3,3,4,4,2,5,4,5,2,2,2,2,2,2,2,2,2,2,4,3,3,3,2,4,7,6,7,6,2,7,8,7,1,30,4,1,1,1,40,3600,3600,0,153201,전자계산기사 전자응용기술사 빅데이터 인공 지능 제품 선호 예정,신소재공학
29398,4,4,2,3,1,0,2,4,2,3,3,3,3,3,3,3,3,5,2,2,2,4,2,3,2,4,2,3,2,3,2,3,3,3,2,3,3,2,3,4,2,3,4,4,2,4,3,4,4,4,3,5,3,5,4,4,4,4,3,5,4,4,4,5,4,4,4,4,3,5,4,4,3,5,3,5,3,4,3,4,4,4,2,3,3,4,2,4,3,4,4,3,4,3,3,4,3,3,4,4,4,18,1,1,1,2,0,7,2,4,3,3,3,3,3,4,3,3,4,4,4,4,3,4,4,3,3,3,4,4,3,3,4,4,3,3,2,3,4,4,4,3,1,1,2,2,2,2,2,2,2,2,3,2,2,2,2,3,6,5,6,4,5,6,4,7,1,41,2,2,5,1,40,0,0,2800,881201,사진관운영자격증 사진관 기술 개발 전문 직임,인문
29399,4,4,4,4,4,4,4,4,4,4,4,4,3,5,4,4,4,4,4,5,3,5,3,5,4,4,4,4,4,5,3,4,4,4,4,4,4,5,3,4,4,5,4,4,3,5,3,5,3,4,4,4,4,5,4,4,3,5,4,4,3,4,4,4,4,5,3,5,3,5,4,5,3,5,4,4,4,5,3,4,4,3,3,3,3,4,4,4,4,3,4,3,4,4,4,4,3,4,4,4,3,13,2,5,2,2,0,2,5,4,4,4,4,5,4,4,4,3,4,4,4,4,3,4,4,5,4,4,4,4,4,4,4,4,5,4,4,5,4,4,4,4,2,2,2,2,2,2,2,2,2,1,3,3,3,3,2,6,7,6,7,7,6,6,6,7,1,40,4,1,1,1,52,4800,2500,0,151107,차이,전기공학
29400,4,5,4,5,4,5,3,3,1,0,2,2,1,0,4,4,3,5,1,0,1,0,1,0,4,6,1,0,1,0,2,2,1,0,1,0,2,2,2,3,1,0,1,0,1,0,1,0,1,0,1,0,1,0,1,0,2,2,1,0,4,6,1,0,2,2,2,2,1,0,1,0,1,0,1,0,1,0,4,5,1,0,1,0,4,5,3,4,4,3,4,3,4,4,4,3,2,4,2,3,3,15,2,6,1,2,0,2,3,4,4,4,4,4,3,3,4,3,3,3,4,3,3,4,3,3,4,3,3,4,4,3,3,4,3,2,4,4,3,3,4,3,2,2,2,2,2,2,2,2,2,1,3,3,3,3,1,3,2,3,3,2,2,3,3,3,1,33,4,1,1,1,40,3400,3200,0,29902,한글속기 2급 협회시험 2급 기사 대한 홍보 부족 상태 유지,기계공학
29401,2,3,2,3,1,0,2,3,2,3,2,3,2,3,2,3,2,4,2,5,2,4,2,3,3,4,2,3,3,3,3,3,3,3,2,3,3,4,3,3,2,3,3,4,3,4,1,0,3,4,1,0,4,4,4,6,4,5,5,5,1,0,2,3,4,3,5,5,4,5,4,4,1,0,4,4,3,4,1,0,4,4,3,4,3,3,3,3,3,4,3,3,3,2,5,2,3,2,2,3,4,20,4,1,2,2,0,7,1,3,3,3,4,3,3,3,3,3,4,3,2,3,3,4,4,4,4,2,3,3,3,5,1,4,4,4,3,4,3,2,5,3,2,2,2,2,2,2,2,2,2,2,2,2,2,2,2,7,8,5,3,5,6,8,3,1,2,54,1,2,7,2,48,0,0,3500,883101,주택 경기 계속,0
29402,1,0,1,0,1,0,1,0,1,0,1,0,1,0,1,0,1,0,1,0,1,0,1,0,5,6,1,0,1,0,1,0,1,0,1,0,1,0,4,5,1,0,1,0,1,0,1,0,1,0,1,0,1,0,1,0,4,4,3,3,1,0,1,0,3,4,4,5,4,4,4,5,1,0,5,6,4,4,1,0,5,5,4,4,3,4,1,0,4,3,3,3,4,4,3,2,3,3,3,4,4,19,1,2,2,1,3,3,2,3,2,2,4,3,4,3,3,4,4,4,3,4,4,4,5,4,3,4,5,4,3,4,4,5,4,5,4,5,4,3,4,3,2,2,2,2,2,2,2,2,2,1,3,2,2,3,2,9,8,7,3,8,4,9,8,3,1,48,2,1,1,1,40,3800,2500,0,561501,세탁 기술 변동,기계
29403,5,5,5,4,5,5,5,5,1,0,4,4,1,0,5,5,5,4,3,3,1,0,5,5,5,4,4,4,4,3,3,2,2,4,3,3,5,5,2,3,3,3,1,0,4,4,1,0,1,0,1,0,2,2,1,0,2,2,1,0,2,2,1,0,2,2,1,0,1,0,1,0,1,0,3,2,1,0,2,2,1,0,2,3,3,4,2,3,4,2,3,3,4,4,3,2,3,4,4,3,4,16,5,2,2,2,0,2,5,4,3,3,3,4,3,2,4,3,4,4,4,3,3,2,5,3,2,4,4,3,4,4,4,3,5,2,3,2,4,4,4,4,2,2,2,2,2,2,2,1,1,2,2,2,2,2,2,3,2,2,3,2,5,4,3,3,2,29,4,1,2,2,48,2500,2500,0,214102,입시 중압감 인공 지능 활용 기술 발전,교육학
29404,3,4,2,4,2,3,3,4,4,5,3,5,1,0,3,4,1,0,3,5,1,0,1,0,1,0,1,0,1,0,2,4,2,4,2,4,1,0,2,3,3,4,1,0,1,0,1,0,1,0,1,0,1,0,1,0,1,0,1,0,2,3,1,0,1,0,1,0,1,0,1,0,1,0,1,0,1,0,1,0,2,3,1,0,2,3,1,0,2,3,3,2,3,2,3,3,3,2,4,3,3,11,4,2,1,2,0,7,5,3,2,2,4,4,2,2,2,2,2,2,2,3,2,3,2,3,2,3,3,4,3,4,3,3,3,3,2,4,3,3,3,3,2,2,2,2,2,2,1,2,1,1,1,2,2,2,1,7,7,6,5,4,4,3,3,5,1,58,4,2,6,1,40,0,0,4000,32501,신용정보사 전산 업무 영업 적응 구조조정 서울 보증 기술 보증 채권 보증 제도 관계 감축,경영학
29405,3,4,3,4,2,2,2,2,5,6,4,5,5,7,5,6,4,5,4,5,4,5,2,3,3,4,1,0,1,0,1,0,1,0,1,0,3,4,1,0,3,4,2,2,1,0,1,0,1,0,1,0,5,7,5,7,4,5,4,5,5,7,2,2,2,2,1,0,1,0,1,0,1,0,1,0,1,0,3,4,1,0,1,0,4,5,1,0,5,4,3,4,5,4,4,4,2,5,3,3,4,13,1,2,2,2,0,7,5,4,4,4,4,5,4,3,4,3,4,4,3,3,3,4,4,4,2,4,3,3,4,4,4,5,5,5,4,5,4,3,5,4,2,2,2,2,2,2,2,2,2,1,3,3,3,3,2,2,1,2,1,2,5,8,8,6,1,38,4,1,1,1,40,4700,3100,0,159103,변화,컴퓨터공학
29406,5,6,5,6,5,7,4,6,4,5,5,6,4,5,3,5,5,6,4,5,4,5,5,6,5,6,5,7,4,5,4,6,4,5,3,5,5,6,4,5,5,6,4,5,5,6,4,5,4,5,5,5,3,4,1,0,1,0,1,0,3,4,3,5,2,3,1,0,1,0,1,0,4,6,2,2,2,4,2,3,2,3,2,2,3,4,3,3,4,3,4,4,3,3,4,3,4,4,3,4,4,15,2,5,2,2,0,6,5,4,4,4,4,4,3,4,3,3,4,4,2,3,3,4,3,3,3,2,3,3,4,4,4,3,3,2,3,4,3,4,5,4,2,2,2,2,2,2,2,2,2,1,3,3,3,3,2,4,4,5,5,6,5,4,5,5,2,58,4,1,1,1,50,7500,4000,0,12101,인공 지능 대체 일자리,행정학
29407,4,4,3,4,2,2,3,3,3,4,3,3,2,2,2,2,2,2,3,3,2,3,2,2,3,3,2,3,3,3,3,3,2,3,2,3,2,2,3,5,3,3,3,4,2,3,2,2,3,3,2,3,4,4,4,5,4,5,3,4,4,5,3,4,3,4,4,5,4,5,4,5,4,5,2,3,3,4,4,5,3,3,3,3,2,2,2,3,4,4,4,4,4,3,2,5,4,4,3,3,3,19,1,1,2,2,0,6,5,3,2,3,4,4,3,4,3,3,3,3,4,3,4,4,4,3,4,3,3,3,2,4,4,4,4,3,4,3,3,3,4,3,2,2,2,2,2,2,2,2,2,3,1,2,2,2,2,6,7,6,6,6,7,6,6,6,1,46,3,1,1,1,40,3500,2000,0,841101,전산 자동화 설치 수리 인력 필요,정보통신
29408,5,6,5,6,5,6,4,5,4,6,4,6,4,5,4,5,4,5,4,5,4,5,4,6,4,5,4,5,4,5,4,5,4,6,4,6,4,5,3,4,3,4,3,3,3,3,3,3,3,5,3,5,3,5,3,3,2,3,2,2,1,0,1,0,1,0,1,0,1,0,1,0,2,3,1,0,1,0,1,0,1,0,1,0,1,0,1,0,4,4,3,4,4,4,4,4,4,4,4,4,3,13,3,5,2,2,0,6,6,4,4,4,4,4,4,3,5,4,4,4,1,4,3,4,5,4,4,3,4,3,3,4,4,4,3,3,4,4,3,4,4,4,2,2,2,2,2,2,2,2,2,2,2,3,3,3,1,4,4,3,4,3,4,4,3,3,1,66,6,1,1,1,50,7000,3500,0,110201,변동,정치외교
29409,3,4,3,4,2,3,2,3,3,4,4,5,2,3,3,4,3,3,2,3,3,4,2,3,2,3,2,4,2,2,2,2,2,2,2,2,2,3,2,3,4,4,3,4,2,3,2,1,2,1,2,3,5,5,3,4,2,2,2,5,3,5,2,2,3,4,2,2,5,6,3,4,2,4,2,2,2,2,2,3,2,2,2,2,2,1,2,1,3,4,3,3,3,3,3,3,2,3,3,4,3,4,1,3,1,2,0,6,5,4,3,3,4,4,3,3,3,3,4,3,2,4,4,3,3,3,3,2,4,3,3,4,3,3,2,3,3,4,3,3,4,3,2,2,2,2,2,2,2,2,2,1,4,3,3,3,2,4,4,4,5,4,4,6,4,3,1,39,4,1,1,1,40,5500,4600,0,153103,전기산업기사 생활수준 향상 생활 필수,에너지공학
29410,1,0,3,4,1,0,1,0,1,0,3,2,2,2,2,2,2,2,2,2,2,3,3,4,2,2,1,0,1,0,3,3,1,0,1,0,1,0,1,0,2,4,2,3,3,3,1,0,1,0,1,0,1,0,1,0,1,0,1,0,1,0,1,0,4,4,2,2,1,0,1,0,1,0,4,5,4,4,3,3,3,5,4,4,2,3,2,3,2,3,3,3,2,2,3,3,3,4,3,3,4,3,1,5,2,2,0,5,2,2,3,3,3,3,2,1,2,3,3,3,3,5,3,4,4,2,4,5,3,4,4,4,3,3,2,3,4,4,5,3,4,3,2,2,2,2,2,2,2,2,2,2,2,3,3,3,2,7,5,6,6,7,6,6,5,3,1,52,3,1,1,1,44,4800,2700,0,821101,악화 수입 수출 당분간,금속가공
29411,2,2,3,4,2,1,3,4,2,2,1,0,1,0,2,2,2,3,1,0,1,0,2,2,3,3,3,4,3,4,3,4,2,2,3,4,1,0,3,4,3,3,3,4,3,4,3,4,3,4,1,0,2,2,1,0,2,3,1,0,1,0,3,4,2,3,3,3,3,4,3,3,2,2,1,0,2,2,2,2,3,3,3,4,2,2,2,1,4,3,4,4,3,2,3,4,2,3,3,2,4,3,4,1,1,2,0,7,2,4,3,4,4,3,3,4,9,9,9,4,1,4,4,3,2,3,4,3,4,2,3,4,3,4,3,3,2,4,2,3,4,5,2,2,2,2,2,2,2,2,2,1,3,1,1,1,2,7,6,7,5,4,5,3,4,5,2,48,2,2,6,1,40,0,0,3000,873301,제과제빵기능사 소비 증가,문과
29412,3,4,4,5,2,3,4,5,4,4,3,3,2,1,2,2,3,5,2,2,3,5,2,3,2,1,2,2,3,3,3,5,4,5,3,5,2,2,3,5,3,4,3,3,2,3,2,3,2,2,2,2,3,3,2,2,2,1,2,1,3,4,4,5,3,4,2,1,2,2,2,2,3,3,2,2,2,2,3,4,2,2,3,2,3,4,4,4,3,3,2,3,3,4,3,4,2,3,2,3,3,7,1,2,1,1,1,6,2,3,3,2,3,3,3,4,3,4,4,4,2,3,3,2,2,3,3,4,4,4,2,4,3,3,4,4,3,5,4,3,5,5,2,2,2,2,2,2,2,2,2,1,3,3,3,3,2,8,4,6,6,4,6,7,3,8,1,60,2,1,1,1,40,5800,2500,0,612501,경매사 자격증 실제 경매장에서 실습이 필요 농산물 생산 판매,상고
29413,3,4,4,6,2,4,4,5,3,3,4,5,1,0,1,0,4,5,3,4,2,3,4,5,4,4,4,4,4,5,4,5,4,5,4,5,4,4,4,5,4,5,4,5,4,4,4,5,4,2,3,3,3,4,2,3,1,0,1,0,4,5,4,5,1,0,1,0,1,0,1,0,1,0,1,0,1,0,1,0,1,0,1,0,1,0,1,0,5,4,4,4,4,4,4,4,4,4,4,2,3,3,1,2,1,1,4,4,5,4,5,5,4,4,4,4,4,4,4,4,4,4,4,4,2,3,2,4,3,3,4,3,3,3,3,3,4,4,4,3,4,4,2,2,2,2,2,2,2,2,2,2,3,2,2,2,1,4,4,4,5,5,3,6,6,7,2,33,3,1,1,1,45,3600,2400,0,31102,세무회계 전산회계 재무제표 분석 현재 상황,경영학
29414,1,0,2,3,2,2,2,2,2,2,1,0,1,0,2,1,3,3,1,0,1,0,1,0,3,4,3,4,2,1,2,2,2,2,2,3,3,3,2,2,3,4,3,3,2,2,2,2,3,3,2,2,3,4,2,3,3,4,2,3,1,0,2,3,3,4,3,3,3,4,3,4,2,1,2,2,2,3,3,3,3,4,3,3,2,2,2,1,4,2,3,3,2,3,4,3,2,4,2,2,3,3,1,2,2,2,0,7,2,3,3,3,4,3,3,4,3,3,4,4,3,4,2,4,2,3,3,4,2,3,2,4,2,2,3,3,4,4,2,3,4,5,2,2,2,2,2,2,2,2,2,3,2,2,3,3,1,7,6,5,6,4,5,4,3,5,1,47,2,1,1,1,48,3200,2000,0,873301,기계 자동화 인원 감축,이과
29415,3,2,2,3,3,3,3,4,2,2,3,3,3,3,4,4,3,3,4,4,2,3,3,3,3,4,4,4,3,3,3,3,1,0,1,0,3,2,4,5,3,3,3,3,2,4,3,3,3,3,1,0,3,2,3,3,2,4,2,3,3,3,4,3,3,4,3,3,3,3,4,4,3,2,3,4,2,3,3,5,4,2,3,3,3,4,3,3,3,2,4,3,3,2,3,4,3,4,4,3,4,10,1,2,1,2,0,3,2,4,4,4,5,5,4,5,4,4,4,4,3,2,2,3,4,4,5,4,3,4,5,3,4,4,4,2,2,2,3,4,4,5,2,2,2,2,2,2,2,2,2,2,3,2,2,2,1,7,8,8,7,6,5,7,7,5,1,24,2,1,1,1,40,3000,2800,0,841201,정보통신기능사 파손 사례 계속 때문 상태 유지 생각,실업계 전자
29416,2,2,2,2,1,0,1,0,4,4,4,4,2,2,4,4,4,4,4,4,4,4,4,4,4,4,1,0,1,0,4,4,1,0,1,0,2,2,4,4,4,4,4,4,4,4,4,4,4,4,4,4,4,4,4,4,4,4,4,4,4,4,4,4,4,4,4,4,4,4,4,4,4,4,4,4,4,4,4,4,4,4,4,4,4,4,4,4,4,4,3,4,4,3,4,3,4,3,4,4,4,3,1,4,2,1,4,7,2,4,3,2,3,3,2,3,2,4,4,4,4,2,2,4,4,3,4,4,4,3,4,4,2,5,4,4,4,5,4,2,4,3,2,2,2,2,2,2,2,2,2,2,2,3,3,3,2,8,5,7,5,6,5,5,7,3,1,41,2,1,1,1,60,3800,2400,0,852101,기계수리교육 자동차 수요,기계
29417,4,6,4,5,4,5,4,6,4,6,4,6,4,6,4,5,4,5,4,6,4,5,4,5,4,5,4,5,4,5,4,6,4,6,4,5,4,6,4,6,4,5,5,6,3,4,4,5,4,6,4,5,4,5,4,5,4,5,4,5,4,5,4,5,4,6,4,5,4,5,4,5,4,6,4,5,4,5,4,6,2,2,2,3,4,6,3,4,4,4,5,5,4,4,4,4,4,5,5,5,4,17,1,2,1,1,6,6,5,5,5,5,5,4,4,5,9,9,4,4,1,5,4,4,3,2,4,4,3,3,3,3,4,4,5,4,4,4,4,3,4,3,2,2,1,2,2,2,2,2,2,2,4,2,2,2,1,7,6,7,4,3,4,7,4,3,1,40,4,2,5,1,40,0,0,15000,301106,안과의사전문의 레지던트 과정 망막 기계 발전 노령 인구 증가 안과 수요 증가,의학
29418,3,5,4,5,3,4,4,5,3,4,4,5,2,3,3,4,3,5,3,4,3,5,3,5,4,5,3,4,4,5,3,4,4,5,2,4,3,5,3,5,4,5,3,4,3,4,3,5,2,5,4,5,2,3,1,0,2,3,2,3,2,4,2,3,1,0,2,3,2,3,1,0,3,4,4,5,3,4,4,4,2,4,2,3,4,5,4,5,5,4,2,4,4,4,4,4,3,5,5,4,4,17,4,2,1,2,0,6,5,4,4,3,3,4,3,4,9,9,4,4,2,4,5,4,4,3,4,2,4,4,3,4,3,4,4,5,4,5,4,3,4,5,1,1,1,1,2,1,2,2,2,2,4,2,2,2,2,5,4,4,3,3,5,3,6,6,2,41,4,2,6,1,50,0,0,12000,301101,의사면허증 전문의면허증 의료 기술 장비 도입 지속 정보 업데이트 재교육 환자 의사 대한 신뢰 부족 감정노동 의의 증가 인구 고령화 의료 서비스 필요,의학
29419,2,2,4,5,1,0,4,5,1,0,2,1,3,4,4,4,3,3,4,4,3,3,2,3,4,5,4,5,4,5,4,4,4,5,4,5,4,4,4,6,3,3,4,3,4,4,3,3,3,2,3,4,3,4,3,3,3,4,3,4,4,5,2,3,4,4,4,4,4,4,4,4,1,0,4,5,4,3,3,4,3,5,3,4,4,4,4,3,4,4,2,4,4,2,4,4,2,3,4,4,4,13,1,3,1,2,0,5,4,4,4,3,4,4,2,4,4,3,4,3,2,4,3,2,2,2,4,4,2,5,2,4,3,3,4,4,4,4,4,3,4,4,2,2,2,2,2,2,2,2,2,1,4,1,1,1,2,7,7,7,5,4,5,5,7,5,1,33,4,1,3,2,49,4800,3000,0,416401,ACA프리미어 포토샵자격증 점점 영상 대한 수요,영상제작
29420,2,3,4,4,1,0,2,4,1,0,1,0,1,0,2,3,2,3,2,4,1,0,3,3,3,4,1,0,1,0,2,2,1,0,1,0,1,0,1,0,3,3,3,3,2,2,1,0,1,0,1,0,1,0,1,0,3,3,1,0,1,0,1,0,3,2,2,3,2,3,3,3,1,0,1,0,3,4,3,4,3,3,3,4,3,3,3,4,2,2,3,1,1,1,2,3,2,2,2,2,2,6,4,1,2,2,0,1,1,2,1,1,2,3,1,3,2,3,3,3,3,2,3,5,4,3,4,4,4,3,3,4,3,2,4,3,4,4,3,3,4,4,2,2,2,2,2,2,2,2,2,1,3,3,2,2,2,7,8,7,7,7,7,4,3,1,1,58,2,1,4,2,38,2800,1800,0,706001,업종,상고
29421,1,0,3,3,1,0,1,0,3,4,2,2,1,0,3,4,2,2,4,5,1,0,1,0,1,0,1,0,1,0,4,5,1,0,1,0,1,0,2,2,4,5,3,4,4,5,1,0,4,5,2,2,2,2,1,0,3,3,1,0,2,2,2,2,4,5,5,6,5,6,4,5,4,5,2,2,4,5,2,2,3,3,1,0,4,5,4,4,2,2,3,3,4,3,4,2,2,3,4,3,3,6,1,3,1,1,3,7,4,4,3,3,4,4,3,4,4,4,4,4,2,4,5,4,4,3,2,4,3,4,2,5,3,4,4,3,5,5,4,3,5,5,2,2,2,2,2,2,2,2,2,1,3,3,3,3,2,7,7,5,5,5,5,7,3,5,1,35,2,1,1,1,50,3200,2000,0,623001,타워크레인 자격증 안전을 위해서 훈련이 필요하다 작업 일자리,인문계
29422,4,5,4,5,1,0,3,4,5,6,1,0,1,0,2,3,4,4,2,5,1,0,4,4,2,4,3,4,2,4,4,4,4,5,3,4,3,4,2,3,3,4,1,0,1,0,1,0,1,0,1,0,1,0,1,0,1,0,1,0,5,5,1,0,2,3,1,0,2,3,1,0,2,3,2,2,2,2,1,0,1,0,1,0,3,4,3,3,3,4,4,3,3,5,3,3,3,4,4,4,3,11,1,2,2,1,3,2,2,3,3,3,3,4,3,4,4,3,4,4,3,3,3,2,3,2,3,3,2,3,2,4,3,3,4,4,3,4,4,4,4,3,2,2,2,2,2,2,2,2,2,2,1,3,2,3,2,7,7,6,4,4,4,4,5,4,2,32,4,1,1,1,42,4760,3400,0,32401,출납 실무업무 모바일 인터넷 뱅킹 증가 영업 방문객 감소,경제학
29423,4,5,3,5,4,5,2,4,4,5,3,3,3,5,3,5,4,4,2,4,4,4,4,4,3,5,2,4,4,5,3,5,4,5,3,5,2,3,3,4,4,4,3,4,4,5,3,5,2,4,4,4,2,4,3,4,4,4,2,4,3,4,2,4,4,4,3,4,3,4,4,5,2,4,4,4,4,6,3,4,2,5,4,4,3,5,3,3,4,3,4,3,3,4,3,3,4,3,4,3,4,19,4,1,1,2,0,2,4,3,4,3,3,3,4,3,9,9,9,4,3,3,2,3,4,3,3,4,3,4,3,3,4,3,3,4,3,3,4,3,2,3,2,2,2,2,2,2,2,2,2,2,2,2,2,2,2,3,6,5,4,5,5,4,5,6,1,42,4,2,6,1,50,0,0,4500,841101,pc기능사 사용자 스스로 설치 수리,컴퓨터공학
29424,4,4,2,3,2,3,4,4,2,2,2,2,2,2,2,3,2,3,3,3,2,2,2,3,2,3,2,4,3,3,3,3,2,3,3,3,4,5,3,5,4,4,3,4,4,4,3,4,3,4,3,4,3,4,2,4,3,3,3,3,4,4,2,3,3,4,4,4,3,4,3,4,4,4,3,3,3,3,3,3,2,4,2,2,3,4,3,4,4,4,3,4,4,3,3,3,3,2,3,3,3,16,5,2,2,1,5,3,4,4,3,3,3,2,2,4,4,3,4,4,4,3,3,4,4,3,4,4,3,4,4,4,4,3,4,4,3,4,3,3,3,4,2,2,2,2,2,2,1,2,2,2,2,2,2,2,1,7,8,8,7,4,3,8,7,4,1,42,4,1,3,2,45,6500,2800,0,214201,프로그래밍 교육 코로나 침체 수강생 감소 인원 구조 조정 인구 감소,컴퓨터공학
29425,3,3,3,4,1,0,1,0,1,0,3,4,1,0,3,4,3,4,3,4,4,5,1,0,4,5,1,0,1,0,3,4,1,0,1,0,3,4,2,3,4,5,3,4,1,0,1,0,3,4,1,0,4,5,4,5,3,4,2,2,1,0,3,4,2,2,4,5,2,3,3,4,3,4,1,0,3,4,2,2,1,0,3,4,2,3,2,3,2,1,3,3,4,2,4,2,2,3,1,1,2,7,1,2,2,2,0,1,2,4,4,3,4,2,2,3,3,4,4,3,2,1,4,3,2,2,4,4,3,3,5,4,3,3,4,2,2,3,3,4,3,3,2,2,2,2,2,2,2,2,2,3,2,3,3,3,2,3,4,4,7,7,7,7,5,6,1,39,2,1,1,1,40,3600,2000,0,881101,업무 기계로 대체 일자리 것임,기계
29426,4,5,4,5,4,4,3,3,3,3,3,3,2,2,4,2,4,4,4,5,4,4,4,4,3,3,2,2,2,2,2,2,3,3,3,3,2,2,3,4,4,2,3,3,4,5,2,2,2,2,2,2,2,2,2,2,4,4,3,3,2,2,3,3,4,4,4,4,4,5,4,5,4,5,4,3,5,5,3,3,5,3,3,3,4,5,4,4,3,2,2,2,3,1,2,4,2,3,4,4,4,3,1,2,2,2,0,2,1,2,1,1,3,2,2,2,3,4,3,3,4,1,1,3,3,3,2,4,4,4,3,3,2,2,3,3,4,5,5,3,3,4,2,2,2,2,2,2,2,2,2,3,1,2,2,2,2,5,5,6,4,6,6,3,2,3,1,57,1,1,1,1,40,4200,2400,0,881101,인터넷 발전 인쇄물 판매량,0
29427,2,2,3,3,1,0,1,0,4,5,4,6,5,6,5,6,1,0,4,5,5,6,2,2,5,7,4,6,1,0,2,3,1,0,4,4,4,5,5,6,4,6,4,5,1,0,3,4,3,5,2,2,5,7,5,7,4,6,3,3,1,0,4,6,1,0,5,6,1,0,4,5,2,2,5,6,5,6,4,5,5,7,4,5,3,4,2,3,5,4,5,4,3,1,2,5,2,2,4,4,2,6,1,2,1,2,0,1,1,3,2,3,4,3,3,3,3,4,4,4,3,3,2,3,3,4,3,2,3,3,4,3,2,3,4,3,4,5,3,4,5,3,2,2,2,2,2,2,2,2,2,3,1,2,2,2,2,4,5,6,5,7,6,4,7,5,1,44,2,1,1,1,40,2800,2600,0,701501,석공예기능사 인구 감소 수요 적기 때문,토목
29428,4,6,5,5,4,6,3,4,4,5,4,5,4,5,4,5,4,5,3,3,3,5,4,4,3,3,1,0,2,3,3,3,1,0,2,2,1,0,3,4,4,5,3,4,2,3,3,4,1,0,1,0,4,4,1,0,4,5,3,3,4,5,1,0,3,3,4,5,3,4,4,4,1,0,1,0,2,3,2,3,1,0,3,4,5,5,4,3,4,3,3,3,4,5,3,3,3,4,2,2,3,13,5,4,2,2,0,6,5,4,3,3,3,4,3,3,3,3,4,3,3,3,3,3,3,3,2,2,4,5,3,4,4,4,5,4,3,3,3,2,4,5,2,2,2,2,2,2,2,2,2,2,4,3,3,3,2,5,3,1,5,2,1,5,5,5,2,30,5,1,1,1,40,3500,3000,0,121104,생명공학 산업 기초 연구 계속 관련 연구원,생물공학
29429,3,3,2,2,2,2,3,3,2,2,3,3,3,3,4,4,3,3,3,3,3,3,2,2,3,3,3,4,3,4,4,4,3,3,4,3,3,4,3,3,3,3,2,3,2,2,1,0,2,3,3,4,4,4,4,3,3,3,3,3,3,3,3,4,4,5,3,3,3,3,4,5,3,3,3,3,4,5,3,3,4,4,4,4,4,4,3,4,4,3,3,4,3,4,4,4,3,3,4,3,3,15,2,6,2,2,0,7,1,4,4,3,3,4,2,4,4,4,4,4,3,4,4,4,3,4,3,4,4,4,4,4,3,3,3,4,4,5,4,4,5,4,2,2,2,2,2,2,2,2,2,1,3,3,2,2,1,5,5,8,2,5,5,5,5,5,1,41,2,1,2,2,48,3860,2400,0,621901,상태 유지,일반고등학교 인문계(문과)
29430,1,0,3,4,1,0,4,5,3,4,1,0,3,4,1,0,1,0,1,0,1,0,1,0,4,5,2,2,2,2,1,0,1,0,1,0,1,0,4,5,1,0,1,0,1,0,1,0,1,0,1,0,1,0,1,0,2,2,1,0,1,0,1,0,1,0,2,2,1,0,1,0,1,0,4,5,3,4,1,0,2,3,1,0,1,0,1,0,3,4,3,3,3,4,3,2,2,2,3,3,3,9,1,1,1,2,0,7,2,3,4,3,3,4,3,3,4,3,4,3,3,4,4,4,2,3,2,3,3,2,3,4,3,4,4,4,4,3,3,2,3,3,2,2,2,2,2,2,2,2,2,2,3,3,3,3,2,7,6,7,5,6,6,4,5,4,2,27,3,1,1,1,40,2400,2000,0,531701,2급바리스타 현재,바리스타
29431,5,5,5,5,5,6,5,6,4,5,4,5,3,4,2,4,4,5,3,4,3,4,3,4,4,5,4,5,5,5,3,5,5,5,4,5,3,4,2,5,5,5,4,5,5,3,2,3,2,3,3,4,2,2,2,4,2,4,1,0,2,4,1,0,1,0,1,0,1,0,2,4,4,5,1,0,1,0,5,5,5,7,1,0,2,5,3,3,4,3,3,3,4,3,4,2,3,3,4,4,3,15,2,5,2,1,2,2,5,4,3,3,3,3,3,4,3,3,4,3,3,3,3,4,3,2,2,2,2,4,3,4,4,3,4,4,3,5,3,2,4,4,2,2,2,2,2,2,2,2,2,1,3,1,3,3,1,7,8,7,7,5,5,2,5,5,1,30,4,1,1,1,40,3000,2800,0,240101,직무 교육 기계로 대체 직종 해당,경제학
29432,2,2,3,5,1,0,2,2,1,0,1,0,1,0,1,0,3,3,1,0,1,0,2,2,3,3,4,5,3,4,4,5,3,3,2,1,1,0,2,3,4,5,4,5,3,3,1,0,2,3,1,0,1,0,1,0,1,0,1,0,1,0,1,0,1,0,1,0,1,0,1,0,1,0,1,0,1,0,1,0,1,0,2,2,3,2,2,1,5,3,4,2,2,3,2,5,2,3,4,2,5,19,1,3,2,2,0,7,2,3,4,2,4,3,4,3,9,9,9,3,3,2,3,2,3,2,3,4,3,3,2,4,2,2,3,3,3,2,3,4,4,5,2,2,2,2,2,2,2,2,2,1,3,3,3,3,2,7,7,6,4,5,5,3,3,5,2,56,2,1,1,1,40,2400,1800,0,561601,변화,문과
29433,2,3,3,3,1,0,3,3,1,0,3,4,1,0,4,4,3,3,1,0,2,3,2,3,3,3,1,0,1,0,1,0,1,0,1,0,3,3,1,0,2,3,3,4,2,3,1,0,2,3,1,0,2,3,2,3,3,4,3,3,1,0,3,3,3,3,3,4,3,4,3,3,1,0,2,3,3,3,3,4,2,3,2,3,2,3,3,3,1,2,2,2,1,1,2,2,1,2,2,3,2,3,1,2,2,2,0,3,2,2,1,1,2,3,2,2,2,3,4,3,4,2,2,3,3,4,3,5,2,4,1,5,3,4,4,5,4,5,3,3,5,5,2,2,2,2,2,2,2,2,2,2,2,3,2,2,2,6,8,5,6,4,3,6,4,3,1,53,2,1,1,1,54,2600,2100,0,861101,선호 직업,공고
29434,4,6,5,6,2,3,5,6,2,3,3,5,1,0,1,0,5,5,1,0,2,3,3,5,5,5,1,0,5,7,4,5,5,6,2,3,2,5,4,5,3,3,1,0,1,0,1,0,2,3,4,6,2,5,1,0,1,0,2,2,3,3,5,3,2,2,1,0,1,0,1,0,1,0,1,0,1,0,1,0,1,0,1,0,2,4,3,2,3,5,5,5,3,4,5,3,4,4,4,4,5,17,1,2,1,1,3,5,5,4,5,5,5,5,5,4,2,3,2,4,2,4,4,2,3,4,3,2,3,5,4,4,2,3,3,4,3,4,4,3,4,5,2,1,2,1,2,2,2,2,2,3,2,3,2,3,2,8,8,4,3,2,3,3,4,7,1,47,4,2,5,1,40,0,0,8000,301301,한의사 환자들에 대한 심리교육 약제 프로그램 업데이트 수가 조절 간소화 등장 전문화,한의학
29435,3,4,3,5,3,4,3,4,4,5,4,4,3,4,3,3,3,3,2,3,3,3,3,4,2,3,1,0,1,0,1,0,1,0,2,3,1,0,2,3,3,3,1,0,1,0,1,0,1,0,1,0,3,4,5,4,2,3,1,0,1,0,3,4,3,4,2,3,4,5,4,5,1,0,4,4,3,3,3,4,2,4,2,3,3,4,3,5,4,4,4,3,3,2,3,2,2,3,2,3,2,13,2,5,2,2,0,2,5,4,3,5,5,4,5,4,4,3,5,4,3,5,4,2,3,3,5,4,3,4,4,4,3,4,4,5,3,4,4,4,3,5,2,2,2,2,2,2,2,2,2,2,3,3,3,3,2,4,7,6,8,4,5,6,8,5,1,35,4,1,1,1,40,4500,4200,0,151301,제조업 기계 분야 유지됨,기계공학
29436,2,3,2,4,1,0,2,4,1,0,1,0,1,0,1,0,1,0,1,0,1,0,1,0,1,0,1,0,1,0,1,0,1,0,1,0,1,0,3,4,3,3,1,0,1,0,1,0,2,3,1,0,1,0,1,0,2,3,1,0,1,0,1,0,1,0,4,5,3,4,3,5,1,0,4,5,3,5,1,0,3,5,3,4,3,4,3,4,2,2,4,3,2,2,4,3,4,4,4,3,3,19,2,2,1,2,0,2,2,4,2,2,4,3,2,3,3,3,4,3,4,2,2,2,2,2,2,4,3,4,2,5,2,3,4,3,4,4,4,4,4,4,2,2,2,2,2,2,2,2,2,1,2,3,3,3,2,5,6,5,4,5,3,4,5,4,1,28,3,1,3,2,48,2600,2400,0,811901,농기계정비기능사 농업 산업 하락,전자
29437,4,5,5,4,3,4,5,6,3,5,3,5,3,4,3,3,3,4,3,4,3,4,3,4,3,5,4,5,4,5,3,4,5,6,4,6,3,5,3,4,3,5,3,5,3,4,3,4,3,4,3,2,2,3,2,3,2,3,2,3,3,4,3,4,2,3,2,3,2,3,2,3,3,4,3,3,3,4,3,4,4,3,3,2,3,4,5,6,4,4,3,3,2,4,2,3,3,4,4,3,4,10,1,3,2,2,0,4,5,3,4,2,4,3,3,3,4,4,3,3,3,4,3,2,3,3,3,4,2,3,3,3,4,3,4,4,3,3,4,3,3,3,2,1,2,2,2,2,2,2,2,1,2,2,2,2,2,6,6,4,5,4,4,7,8,6,2,31,4,1,1,1,45,2800,2400,0,29201,음성 상담 챗팅 상담 프로그램 로봇 프로그램 개발 도입 로봇 상담 도입 인간 상담사,경영학
29438,4,4,4,4,4,5,4,5,4,3,4,4,5,3,4,4,4,3,4,3,5,3,4,3,4,4,4,3,4,4,4,3,5,3,4,3,4,3,5,4,5,3,4,2,4,3,5,3,4,2,4,2,4,3,4,3,3,3,3,2,4,4,4,3,3,2,3,2,1,0,1,0,4,3,3,2,3,2,4,3,3,3,3,4,3,3,2,2,4,4,2,4,4,2,4,5,2,4,4,4,3,13,1,2,2,2,0,4,4,4,4,3,4,4,3,3,4,4,4,4,2,3,2,5,2,3,3,4,3,4,4,3,4,4,4,3,5,3,4,4,3,2,2,2,2,2,2,2,2,2,2,1,4,3,2,3,1,6,7,6,4,6,3,7,7,5,2,26,4,1,1,1,40,2800,2800,0,26102,이미지 위해 홍보 역할,미디어학
29439,2,2,3,3,2,2,3,3,2,2,2,2,2,2,2,1,3,3,2,2,3,3,3,4,2,2,3,4,2,3,2,2,2,3,3,3,2,1,4,4,3,3,2,3,3,3,2,2,2,2,2,2,3,3,2,3,3,5,3,5,3,5,3,2,2,3,3,4,3,5,4,5,2,2,3,4,3,2,3,3,2,2,2,2,4,6,3,3,2,4,2,3,3,2,4,4,3,3,3,3,4,13,4,1,2,1,2,6,2,3,4,3,4,3,3,4,9,9,9,4,4,4,4,4,2,3,3,4,3,3,2,4,4,4,3,3,4,3,2,2,3,4,2,2,2,2,2,2,2,2,2,1,1,3,3,3,2,8,7,7,8,7,7,6,8,7,1,58,2,2,6,1,60,0,0,4700,881201,학원수강후 동종업계에서 훈련습득함 휴대폰 카메라 기능 계속 발전,인문계
29440,4,4,3,3,1,0,1,0,3,3,1,0,1,0,4,4,3,3,1,0,2,1,1,0,2,1,1,0,1,0,1,0,1,0,1,0,1,0,1,0,2,2,1,0,3,2,1,0,2,2,1,0,1,0,1,0,2,3,4,3,1,0,4,4,5,4,4,5,3,3,4,4,1,0,2,2,4,4,2,3,2,2,1,0,2,2,1,0,2,2,3,4,4,2,2,3,2,2,4,3,1,3,1,3,1,2,0,2,2,1,2,2,2,3,3,3,2,2,4,3,4,2,2,2,4,3,3,5,4,3,4,3,2,2,4,3,4,5,3,2,4,5,2,2,2,2,2,2,2,2,2,2,2,2,3,3,2,8,6,7,4,4,3,7,4,5,1,46,4,1,1,1,40,4000,3200,0,821201,금속재료시험기능사 열처리기능사 조선업 저조 기계 분야 감소,기계
29441,4,5,4,6,2,2,4,5,4,5,3,4,2,4,4,5,4,4,2,3,3,3,3,3,3,4,2,2,5,5,3,4,4,5,4,5,2,2,4,5,4,5,4,5,3,5,4,2,2,2,2,2,2,3,2,2,2,2,1,0,4,6,4,4,3,3,3,3,1,0,1,0,3,3,3,3,2,3,2,2,2,4,3,5,3,4,3,3,4,4,2,3,4,3,4,4,3,4,4,3,3,3,1,3,2,2,0,1,4,4,3,4,4,4,4,4,3,2,5,4,2,3,4,4,3,4,4,3,4,3,3,4,3,4,4,4,5,5,4,4,4,4,2,2,2,2,2,2,1,1,1,2,3,2,2,3,1,6,5,4,6,4,4,6,4,4,2,40,3,1,1,1,40,4000,3000,0,612201,코로나 영향 부서 통폐합 업무 증가 경기 둔화 유지 예정,유통학
29442,5,7,5,6,4,5,5,6,4,5,5,6,1,0,4,5,5,6,1,0,4,5,4,5,5,7,1,0,2,5,3,3,1,0,1,0,2,2,4,5,4,5,2,4,4,5,1,0,3,3,1,0,3,4,1,0,2,3,1,0,5,6,5,4,2,3,1,0,2,3,3,4,1,0,3,3,3,5,1,0,3,3,4,5,5,6,4,5,3,3,4,3,3,3,3,4,3,4,3,4,3,6,1,2,1,2,0,7,4,4,3,3,4,4,3,3,4,5,4,4,2,3,3,4,5,2,4,3,5,2,3,5,4,4,4,4,5,4,5,3,5,4,2,2,2,2,2,2,2,2,2,2,4,2,2,2,2,6,8,7,6,1,2,4,4,3,1,33,4,1,1,1,40,3800,2800,0,140701,건설재료시험기능사 건축 건축물 안전 품질 대한 규제 강화 관련 인력 고용 증가,건축설비공학
29443,3,4,3,3,1,0,1,0,1,0,3,4,3,4,3,3,2,3,3,3,2,2,3,4,3,4,3,4,3,4,3,4,3,4,3,4,3,3,4,4,1,0,1,0,3,4,2,2,1,0,1,0,3,4,3,4,3,4,3,4,1,0,3,4,3,4,3,4,3,4,3,4,1,0,1,0,1,0,1,0,1,0,1,0,1,0,1,0,4,3,3,4,3,3,3,3,3,3,3,3,3,6,1,5,1,1,3,5,4,3,3,4,3,3,3,4,4,4,4,4,2,4,4,3,2,3,3,3,3,3,3,3,4,3,3,3,4,3,3,2,3,4,2,2,2,2,2,2,2,2,2,3,3,2,2,2,1,3,7,6,5,7,7,5,8,7,1,34,4,1,1,1,45,5000,2000,0,140305,토목기사 토콕산업기사 안전진단 분류 정리 건설업 경기 주춤,토목학
29444,5,7,5,7,2,3,4,6,4,6,4,6,1,0,4,5,4,5,5,6,4,6,4,6,3,3,1,0,4,6,4,5,1,0,2,5,4,5,4,6,4,6,3,5,4,4,1,0,1,0,1,0,1,0,2,2,2,3,1,0,4,2,1,0,2,2,2,4,2,3,3,4,1,0,2,2,2,3,3,4,4,5,4,4,4,6,4,6,4,4,2,3,4,2,2,4,3,3,4,3,3,7,1,2,2,2,0,1,1,3,2,2,4,3,2,3,2,3,4,3,3,3,3,4,4,4,4,1,3,3,4,4,5,5,4,4,5,3,4,2,4,4,2,2,2,2,2,2,2,2,2,2,2,3,2,3,2,8,8,9,5,4,3,6,5,4,2,57,2,1,1,1,40,2400,1900,0,615101,인구 감소 마트 감소,상고
29445,4,5,4,5,3,4,3,4,2,4,4,6,2,3,4,5,4,5,4,5,2,3,4,6,4,5,2,3,3,5,4,5,3,4,2,3,4,5,3,4,4,5,4,5,4,5,2,3,2,3,3,4,3,4,3,4,3,4,2,3,3,3,2,3,4,5,3,4,2,3,3,4,3,4,5,6,4,5,4,5,3,4,2,3,3,4,3,4,4,4,4,4,4,4,4,3,4,4,4,4,4,17,1,2,1,1,6,5,5,4,4,4,4,4,4,4,4,4,4,4,2,4,4,3,3,2,3,4,3,4,2,4,4,4,3,4,4,4,3,3,4,4,2,2,2,2,2,2,2,2,2,2,4,3,3,3,2,7,7,7,3,3,7,3,3,7,1,49,6,2,5,1,40,0,0,11000,301112,의사국시 전문의자격증 레지던트 피부관리 대중화,의학
29446,5,6,4,6,2,2,2,2,3,4,3,3,1,0,4,6,3,4,3,4,2,2,2,2,3,5,4,5,3,4,2,2,2,3,3,5,1,0,4,4,4,5,3,4,2,2,1,0,1,0,1,0,1,0,1,0,1,0,1,0,4,4,2,2,1,0,1,0,2,2,1,0,1,0,2,4,2,3,1,0,2,2,1,0,3,3,1,0,4,3,4,4,4,3,4,2,3,4,4,4,3,15,2,4,2,2,0,1,5,4,3,4,4,5,4,3,3,4,5,4,2,4,3,4,3,3,4,2,4,2,1,5,4,5,4,4,4,5,4,4,4,4,2,2,2,2,2,2,2,2,2,3,2,3,3,3,1,8,7,7,4,4,5,3,6,5,2,41,4,1,1,1,40,3800,3300,0,25402,행정 인력 감축 유지 분위기,경찰행정학
29447,4,3,3,3,3,3,4,3,3,3,3,2,4,2,4,3,4,3,3,3,4,3,3,3,3,2,4,3,4,2,3,3,3,4,3,4,3,4,3,3,3,3,3,3,3,3,3,3,3,2,4,2,4,2,3,4,3,4,3,4,3,4,3,3,3,2,1,0,1,0,1,0,4,2,4,1,4,1,1,0,1,0,4,4,4,5,4,4,4,4,4,4,4,4,4,3,3,3,4,4,4,3,1,3,1,2,0,2,5,4,4,4,4,4,4,5,5,4,5,5,4,5,4,4,4,4,4,4,4,4,4,4,4,4,5,4,4,4,4,4,4,3,2,2,2,2,2,2,2,2,2,2,3,3,3,3,2,5,6,6,6,5,5,5,5,5,1,43,4,1,1,1,42,4500,2300,0,612201,JLPT 변화,일본어
29448,4,4,4,4,3,4,3,5,3,4,4,5,4,5,3,4,4,4,4,5,3,5,3,5,3,6,4,5,3,5,3,4,4,5,3,5,4,6,4,5,4,5,3,5,4,5,4,5,4,5,4,5,4,5,4,5,3,5,4,5,4,4,3,4,4,4,4,4,4,5,4,5,3,4,3,5,4,4,3,5,3,4,4,5,4,4,4,4,4,4,3,4,5,4,4,4,4,5,4,4,4,6,1,5,1,2,0,4,5,4,4,3,4,4,4,4,4,5,5,4,3,4,4,3,3,4,4,4,4,4,4,4,4,4,4,3,3,5,4,4,4,3,2,2,2,2,2,2,2,2,2,1,4,2,2,2,1,7,6,6,7,7,6,7,7,6,1,40,4,1,1,1,45,3700,2300,0,158401,산업안전기사 안전 보건 교육 증가,보건관리학
29449,3,4,2,3,2,3,3,5,2,3,3,4,2,3,2,2,2,3,2,3,2,3,3,4,2,2,2,3,2,3,3,4,4,5,4,5,2,3,4,4,2,2,2,2,2,3,2,3,2,3,2,2,4,6,2,2,2,2,3,3,2,3,2,2,4,5,2,2,3,4,4,4,1,0,1,0,1,0,1,0,2,2,1,0,2,3,2,3,3,3,2,3,4,3,3,4,3,4,3,3,2,6,1,3,2,2,0,5,3,3,3,3,4,4,3,3,3,3,4,3,3,3,2,4,3,4,4,3,2,3,3,5,4,4,4,3,3,4,3,3,3,4,1,2,1,1,2,1,2,2,2,3,2,2,2,3,1,2,2,2,3,3,4,5,5,5,1,43,4,1,1,1,40,6000,3500,0,612101,장비 도입 거기 교육 정도 자동화 업무,기계공학
29450,3,5,3,5,2,4,3,4,3,5,3,5,2,4,3,5,3,5,3,5,3,5,4,5,4,5,3,5,3,5,3,5,3,5,3,5,4,5,3,5,4,5,4,5,4,5,3,5,3,4,4,5,3,4,2,3,4,5,1,0,3,4,1,0,3,4,2,3,2,3,3,4,1,0,3,4,4,5,4,5,4,5,3,5,4,5,4,5,4,4,4,4,5,2,4,3,3,4,4,4,4,17,1,2,1,1,5,5,5,5,5,4,5,4,3,4,4,4,4,4,2,4,4,3,3,2,3,4,3,3,2,4,4,4,4,4,4,4,4,3,4,4,2,2,2,2,2,2,2,2,2,2,4,3,3,3,2,8,8,7,2,2,3,3,3,3,2,31,4,1,1,1,48,6000,3000,0,302001,수의사 현장실습교육 반려동물 수의 증가,수의학
29451,3,5,4,5,3,3,4,4,2,4,3,4,3,4,3,4,4,5,3,5,3,4,4,5,3,4,4,5,4,5,4,4,4,4,3,5,4,5,3,4,4,4,2,4,3,4,3,4,3,5,3,4,3,5,2,4,3,5,3,4,3,5,3,4,3,4,4,4,2,4,3,4,3,4,2,4,2,3,4,5,2,3,2,3,3,4,3,3,2,3,2,3,3,3,4,3,3,2,2,3,3,18,1,2,1,1,2,3,5,3,3,2,4,4,3,3,4,4,4,4,2,3,3,4,3,3,4,3,3,3,4,4,3,4,3,4,4,3,4,3,4,3,2,2,2,2,2,2,2,2,2,2,4,2,2,2,2,6,5,4,5,6,5,5,5,5,2,37,3,1,2,2,40,2500,2000,0,521303,국내여행안내 인솔방법 가시 자연환경 대한 요도,비지니스영어학
29452,4,5,4,5,4,6,4,5,2,3,4,5,2,3,4,5,3,4,4,5,4,5,4,5,4,5,3,4,3,4,3,4,3,4,2,3,5,7,3,4,3,4,5,6,3,4,2,3,2,3,2,3,3,4,3,4,3,4,2,2,3,4,3,4,3,4,3,4,2,3,3,4,2,3,3,4,4,5,2,3,5,3,3,4,5,7,5,6,3,4,4,4,5,4,4,5,3,5,5,4,3,17,2,5,1,1,6,6,7,4,4,4,4,5,3,4,4,3,4,4,2,4,4,2,2,3,3,4,4,4,2,4,4,5,5,5,4,5,4,4,5,4,2,2,2,2,2,2,2,2,2,2,4,1,1,1,2,1,1,1,1,1,8,1,1,7,2,38,6,1,1,1,40,8000,3500,0,301113,의사 전문의 3년의 훈련 필요 우리나라 의료 기술 해외 진출,가정의학
29453,3,4,4,5,2,2,3,4,1,0,5,6,5,7,5,7,5,7,2,2,2,2,5,6,5,7,5,7,4,5,4,5,4,5,3,4,5,7,4,5,5,7,5,7,4,5,1,0,1,0,5,6,1,0,1,0,1,0,1,0,1,0,1,0,1,0,1,0,1,0,1,0,4,5,4,6,3,4,4,5,3,4,3,4,5,7,5,7,5,5,1,2,5,1,1,5,5,5,5,2,1,18,4,1,2,2,0,6,6,5,5,5,5,5,5,3,9,9,9,3,1,5,5,5,4,4,4,4,5,5,2,5,4,4,5,4,4,4,5,5,5,5,2,1,1,2,2,2,2,2,2,2,3,2,2,2,1,9,1,3,8,9,1,1,2,1,1,77,6,1,4,2,28,1000,500,0,414501,지휘 로봇 개발 로봇 지휘 경우 상태 유지,지휘
29454,4,6,4,5,2,3,3,3,4,5,3,3,4,5,4,6,3,4,3,5,4,5,4,5,4,6,4,5,2,3,2,3,3,4,3,5,2,3,4,5,3,4,4,5,2,3,2,2,2,2,3,4,3,4,2,3,4,4,3,4,4,5,3,4,3,3,3,5,3,3,3,5,3,4,4,5,3,4,3,3,2,2,2,3,3,3,2,2,4,5,4,5,4,4,4,4,4,4,5,4,4,3,1,2,1,2,0,2,4,4,3,4,4,5,4,3,3,3,4,3,4,3,4,4,3,4,3,2,4,2,2,4,4,3,4,4,3,4,3,3,4,4,2,2,2,2,2,2,2,2,2,2,4,2,2,3,1,4,4,5,5,4,4,6,4,5,1,31,4,1,1,1,40,3100,3000,0,153301,전자산업기사 산업 구조 변화 세계 관심 증가,전자공학
29455,3,6,4,3,4,4,3,4,3,2,4,5,1,0,2,3,5,3,2,3,3,2,3,3,4,2,2,4,2,1,4,4,3,1,1,0,2,3,1,0,4,3,3,4,2,4,3,3,2,1,1,0,4,3,2,2,1,0,1,0,2,3,1,0,1,0,1,0,1,0,1,0,4,2,1,0,2,1,1,0,1,0,1,0,1,0,1,0,3,2,3,4,5,5,5,2,5,3,4,4,3,15,2,4,1,2,0,3,5,2,3,5,5,4,4,4,5,3,4,4,3,3,4,5,3,4,3,5,5,4,3,4,3,5,4,4,3,5,4,4,4,5,2,2,2,2,2,2,2,2,2,2,3,3,3,3,2,7,9,5,6,5,6,6,5,6,1,48,5,1,1,1,40,7500,7000,0,12101,공무원 시험 합격 행정 업무 제한 적임,행정학
29456,1,0,2,3,1,0,2,3,1,0,1,0,1,0,1,0,2,3,1,0,1,0,2,3,2,3,2,3,3,4,2,3,1,0,1,0,1,0,3,4,1,0,1,0,3,4,1,0,2,3,2,3,2,3,1,0,2,3,1,0,1,0,1,0,2,3,3,4,2,3,2,3,2,3,2,3,3,4,2,3,2,3,2,3,3,4,2,3,4,3,3,3,4,3,3,3,4,3,3,3,3,13,1,1,2,2,0,7,2,4,3,3,4,4,4,4,9,9,4,4,2,4,4,4,3,4,3,3,4,3,3,3,3,4,4,4,4,4,5,3,3,3,2,2,1,2,2,2,2,2,2,1,3,2,2,2,1,7,7,6,5,4,6,5,6,6,1,48,2,2,5,1,40,0,0,2400,561301,기존 제품 방역 효과 제품 구입 관련 사용 훈련 인력 요하,생물학과
29457,2,2,3,3,1,0,2,2,1,0,1,0,1,0,1,0,1,0,4,3,1,0,1,0,1,0,1,0,2,4,2,2,1,0,1,0,1,0,4,4,2,3,1,0,2,4,1,0,1,0,1,0,1,0,1,0,1,0,1,0,1,0,1,0,3,4,1,0,2,2,3,4,1,0,1,0,4,5,3,4,2,4,4,4,4,3,4,4,3,5,4,2,2,3,3,3,2,1,2,1,4,8,1,4,1,1,2,2,2,2,3,2,4,2,3,3,3,2,4,3,3,2,2,4,3,3,4,3,2,3,3,4,2,1,1,2,4,5,3,2,3,3,2,2,2,2,2,2,2,2,2,1,3,3,3,3,2,8,9,9,5,4,2,4,5,6,1,60,4,1,1,1,40,4200,4000,0,622201,1종대형면허 버스운전훈련 업계 변화 생각,기계
29458,2,3,5,4,1,0,3,4,1,0,1,0,1,0,2,3,2,2,3,3,2,3,3,4,4,4,1,0,4,3,2,3,1,0,1,0,1,0,4,6,2,3,4,5,3,4,1,0,1,0,1,0,1,0,1,0,1,0,1,0,1,0,1,0,1,0,1,0,1,0,1,0,1,0,5,4,1,0,4,5,4,4,4,6,1,0,5,4,4,5,4,3,3,2,4,4,2,3,3,3,2,18,1,1,1,2,0,6,1,3,3,2,5,4,3,3,3,3,4,3,1,5,4,4,4,3,4,2,5,2,3,5,3,3,2,1,2,5,3,2,5,5,2,2,2,2,2,2,2,2,2,1,3,2,2,2,2,8,7,7,2,4,4,3,5,6,2,53,2,1,1,1,48,2300,1800,0,307601,안마사자격증 맹인 안마 자격증 사람 수가 극히 정적,맹학교졸업
29459,4,6,3,4,2,3,3,5,2,4,4,6,5,5,3,5,5,7,3,5,1,0,2,4,3,3,2,4,4,5,4,5,4,5,1,0,5,5,2,3,2,3,4,5,3,5,3,5,2,2,3,4,1,0,1,0,1,0,1,0,1,0,1,0,1,0,1,0,1,0,1,0,1,0,1,0,2,4,3,5,3,5,3,4,3,4,3,4,4,4,3,4,4,2,5,5,4,4,4,3,5,18,1,2,2,2,0,5,1,4,4,4,5,4,4,4,4,4,4,4,1,5,5,3,5,5,5,4,5,4,2,4,5,4,3,3,5,4,5,3,4,3,2,1,1,2,2,2,2,2,2,1,2,2,2,2,1,4,3,1,4,2,3,8,9,6,1,61,5,2,5,1,40,0,0,2800,416103,기존 아날로그 현재 디지털 복합 기술 발전 연출 분야 장단점 가지 향후 연극 관련 콘텐츠 영상 부문 수요 처가 이동,연출전공
29460,3,5,3,5,3,5,3,4,2,5,4,5,4,5,4,5,4,6,4,5,4,5,4,5,4,5,4,5,4,5,4,5,5,6,3,4,1,0,1,0,3,4,3,4,4,5,4,5,4,5,4,5,4,5,4,5,4,5,4,6,4,5,4,5,4,5,4,5,5,6,4,5,4,5,4,6,4,5,4,6,4,5,5,6,4,5,4,5,4,4,3,3,4,4,4,4,4,3,4,3,3,3,1,2,2,2,0,7,2,3,3,2,4,3,3,4,3,4,4,4,4,2,3,4,5,4,5,4,4,4,4,4,5,4,3,4,4,4,4,5,4,3,2,2,2,2,2,2,2,2,2,2,2,2,2,2,2,7,3,9,9,8,6,8,4,3,1,46,2,1,1,1,48,3500,2500,0,883201,자동화 가구 제작 일손,인문계
29461,3,3,4,3,2,2,3,3,2,2,1,0,1,0,4,4,3,3,2,2,2,2,2,2,3,4,2,2,3,4,2,2,3,4,2,2,2,2,3,4,2,2,3,3,3,4,3,3,4,4,3,3,4,2,1,0,2,2,1,0,1,0,1,0,2,2,3,3,4,5,3,3,1,0,2,2,3,4,4,3,3,4,3,3,3,4,3,3,5,3,4,2,2,2,3,3,3,3,4,3,5,19,4,1,2,2,0,2,1,3,1,1,5,3,2,2,9,9,3,3,2,4,2,5,3,3,5,4,4,3,2,5,4,4,3,4,3,4,4,3,5,5,2,2,2,2,2,2,2,2,2,2,2,2,2,2,2,5,4,6,5,6,5,6,6,5,1,55,2,2,6,1,60,0,0,3000,561501,셀프 기계 세탁 시설 생기,상고
29462,1,0,1,0,1,0,1,0,1,0,1,0,1,0,1,0,1,0,1,0,1,0,2,2,2,2,3,4,3,3,3,4,1,0,1,0,3,5,2,3,1,0,1,0,1,0,1,0,1,0,1,0,1,0,2,2,1,0,1,0,3,3,2,2,2,2,3,4,1,0,2,3,2,3,2,2,1,0,1,0,1,0,1,0,2,3,1,0,2,2,2,2,3,4,2,3,2,4,3,2,2,13,1,2,2,2,0,7,5,4,4,4,3,3,3,2,2,2,3,3,2,3,3,2,2,2,2,2,2,2,4,4,3,4,3,2,2,3,2,2,4,2,2,2,1,2,2,2,2,2,2,2,3,3,3,3,2,7,7,7,5,5,5,4,4,5,2,37,4,1,1,1,48,3200,2000,0,415503,영상편집 디지털 기기 도입 게임 그래픽 기술 고도화,시각디자인
29463,4,6,4,6,1,0,5,7,1,0,4,6,5,7,4,6,4,6,4,6,4,5,4,6,4,6,1,0,2,1,3,3,1,0,1,0,2,1,2,1,2,2,2,3,3,5,2,2,2,2,1,0,1,0,1,0,2,1,1,0,4,6,1,0,2,2,2,2,1,0,1,0,2,2,4,6,4,6,3,4,1,0,1,0,4,6,5,7,5,3,3,1,5,3,1,3,3,5,5,5,5,18,4,1,2,2,0,6,1,4,4,1,4,5,3,3,9,9,9,3,3,3,2,4,3,3,4,4,4,5,4,4,4,5,3,4,4,5,4,2,4,4,1,1,1,2,2,2,2,2,2,3,2,2,2,2,1,2,3,2,3,2,2,3,2,1,1,35,2,1,4,2,40,3000,500,0,414502,대중 음악 기회 소득 보장,문과
29464,4,6,5,6,4,5,5,6,1,0,4,5,4,6,4,5,5,6,4,5,5,6,5,6,5,6,5,6,5,6,5,6,5,6,4,5,3,5,5,6,5,6,3,5,4,6,4,5,3,4,1,0,3,5,3,5,4,6,4,5,2,3,4,5,4,5,4,6,3,4,3,5,3,4,4,5,4,5,3,4,1,0,3,4,4,5,4,6,5,5,4,4,4,3,4,4,4,4,5,3,4,17,3,2,1,2,0,5,5,4,5,4,5,4,4,4,4,4,5,4,1,4,5,5,4,2,4,1,4,2,5,5,5,5,4,3,4,4,3,4,4,2,2,2,2,2,2,2,2,2,2,1,4,2,2,3,2,2,7,6,6,5,3,8,3,5,2,37,4,1,1,1,40,2680,2300,0,306904,임상음악전문가 심리 치료 직접 치료 위해,음악치료학
29465,3,4,3,4,3,4,3,4,3,4,3,4,3,4,3,4,3,4,3,4,4,6,2,2,3,4,3,4,3,4,3,4,3,4,3,4,1,0,3,4,3,4,4,6,4,5,1,0,1,0,3,4,1,0,1,0,1,0,1,0,3,4,1,0,1,0,1,0,1,0,1,0,4,6,3,4,1,0,3,4,2,2,2,2,3,4,3,4,4,4,2,3,3,2,4,3,2,3,2,4,4,15,2,2,1,2,0,7,5,4,3,3,4,4,4,4,4,4,4,4,2,4,4,4,4,3,2,1,4,2,4,3,4,3,3,3,4,5,4,3,3,4,2,2,2,2,2,2,2,2,2,2,1,2,3,3,2,2,8,2,7,3,7,2,8,3,1,53,4,1,1,1,48,4900,3800,0,13305,소방시설관리사 소방안전관리자 1급 첨단 기술 진화 주택 방염 기법 발전 때문,소방학
29466,4,6,2,1,1,0,4,4,1,0,1,0,2,1,3,5,2,2,1,0,1,0,1,0,3,4,1,0,1,0,1,0,1,0,1,0,1,0,1,0,2,1,1,0,1,0,1,0,1,0,1,0,2,3,4,4,4,4,2,2,2,4,1,0,1,0,2,3,2,3,3,4,1,0,3,2,2,3,3,3,1,0,3,3,3,4,5,6,3,4,3,4,4,3,3,4,3,4,5,3,4,18,1,2,1,2,0,2,5,4,4,4,4,4,4,4,4,4,4,4,4,4,4,4,4,5,4,4,4,4,4,5,4,5,4,4,5,5,4,3,4,4,2,2,2,2,2,2,2,2,2,1,4,2,2,3,2,8,4,3,6,5,4,6,4,5,1,50,3,1,1,1,40,5000,2000,0,416501,음향기사 여가 산업 활성화,방송음향
29467,5,7,5,6,5,6,5,7,5,6,5,7,4,6,4,5,4,5,4,5,4,6,4,6,4,6,4,4,5,7,5,6,5,6,5,6,4,6,4,6,4,6,4,5,3,4,2,3,2,3,2,4,2,3,2,2,1,0,1,0,1,0,1,0,1,0,1,0,1,0,1,0,2,3,1,0,1,0,1,0,1,0,1,0,2,2,2,2,5,5,4,4,4,5,3,4,4,4,4,4,4,17,1,2,1,1,3,5,6,4,3,4,4,3,3,4,3,3,3,3,1,4,4,5,4,2,3,1,4,3,4,4,4,4,4,4,3,3,4,2,3,4,2,2,2,2,2,2,2,2,2,2,4,3,3,3,1,4,3,3,2,3,3,4,3,4,2,55,6,2,5,1,40,0,0,4500,110105,심리상담 상담심리 개론 인공 지능 이아 전산 화로 해결 분야,심리학
29468,4,4,4,4,4,5,3,5,4,4,4,5,4,4,4,4,4,5,4,4,4,5,4,5,4,4,4,5,4,4,4,4,4,5,3,5,4,4,4,4,4,4,4,4,4,4,4,4,4,4,4,4,4,4,4,5,3,5,3,5,4,5,3,5,4,4,4,4,4,4,4,4,4,4,4,4,3,5,3,5,3,5,4,4,4,4,4,5,4,3,4,3,4,4,4,4,4,3,4,4,4,6,1,1,1,2,0,2,2,4,5,4,4,3,4,4,9,9,9,4,4,5,4,4,5,4,3,4,3,4,4,4,5,4,4,4,3,4,4,4,4,4,2,2,2,2,2,2,2,2,2,2,3,2,2,2,2,6,7,5,6,7,6,4,7,6,1,53,2,1,1,1,50,5000,3000,0,701602,문화재수리기능자 지금 유지 생각,건축공학
29469,4,4,2,2,4,4,2,2,2,2,2,2,4,4,4,4,4,4,4,3,4,5,4,4,4,4,4,4,4,4,2,3,2,4,1,0,5,4,3,3,3,3,2,2,1,0,4,5,4,4,4,5,3,4,3,4,1,0,2,3,4,4,1,0,3,4,3,3,3,4,4,4,4,4,2,3,4,4,3,3,1,0,1,0,2,3,2,4,3,3,4,2,4,4,2,4,2,3,4,3,2,13,1,2,1,1,2,4,5,4,1,1,3,4,1,2,3,4,4,3,4,2,1,4,1,2,2,1,2,3,4,5,3,3,4,4,2,4,1,2,4,2,2,2,2,2,2,2,2,2,2,2,2,2,2,2,2,7,6,5,4,3,4,3,3,5,1,33,4,1,2,1,48,3750,2550,0,155302,수질환경기사 환경영향평가사 대기환경기사 사례조사 현장실무 민원응대 기계화 일부 일자리 감소,환경공학
29470,4,4,5,6,4,4,4,4,4,4,4,4,5,6,3,3,4,4,5,6,4,4,5,5,5,6,5,6,4,4,5,6,5,6,4,4,4,4,5,6,4,4,5,6,5,6,4,4,5,6,5,6,5,6,5,6,5,6,5,6,4,4,5,6,5,6,5,6,5,6,5,6,5,6,5,6,5,6,5,6,5,6,4,4,4,4,4,4,2,4,2,3,4,2,4,2,2,4,4,4,3,15,2,3,1,1,3,3,5,4,3,2,4,4,2,3,4,4,4,4,3,2,3,4,3,4,4,3,2,3,3,3,3,4,3,2,4,5,3,2,4,3,2,2,2,2,2,2,2,2,2,2,3,1,1,3,2,7,4,6,3,5,3,5,7,5,1,35,4,1,1,1,40,4800,4100,0,240201,응급구조사1급 인명구조 훈련 화재 발생 건수 증가,소방방재학
29471,3,4,3,4,2,3,3,4,2,2,3,3,4,5,4,4,2,4,5,5,4,4,3,4,4,4,4,4,3,3,3,4,1,0,1,0,3,3,3,5,3,4,4,5,4,5,2,2,2,2,2,4,3,4,3,3,4,5,1,0,3,3,3,3,4,4,5,5,4,4,4,5,3,4,3,5,3,4,4,4,5,7,3,5,5,7,3,3,4,3,2,3,2,2,3,4,3,3,3,3,3,10,1,4,2,2,0,5,4,3,3,3,3,2,3,3,3,3,3,3,2,3,4,3,3,2,4,3,3,3,4,4,4,3,4,3,3,5,4,2,4,4,2,2,2,2,2,2,2,2,2,2,4,3,2,2,2,6,5,9,5,5,5,8,4,2,1,37,4,1,1,1,44,3600,2700,0,416401,채널 미디어 발달 일자리 갈수록 증가,지질학
29472,3,5,4,6,3,5,2,3,2,4,4,5,3,3,3,5,2,3,2,3,3,4,1,0,3,4,1,0,1,0,4,4,3,4,1,0,1,0,1,0,3,4,3,4,3,3,1,0,1,0,1,0,3,5,3,5,3,5,4,5,4,5,4,6,4,5,1,0,1,0,1,0,1,0,1,0,1,0,1,0,1,0,1,0,2,3,3,4,5,3,2,3,4,3,4,3,3,4,4,4,3,3,1,5,2,2,0,6,5,4,4,4,4,4,4,5,4,5,5,5,4,4,4,4,5,4,4,4,4,4,4,4,4,5,4,4,4,3,4,4,4,3,2,2,2,2,2,2,2,2,2,2,4,3,3,3,2,5,4,5,6,5,6,5,6,5,1,35,5,1,1,1,40,4400,3400,0,122101,생명과학 산업 연구 분야 수요 증가,생물학
29473,4,6,5,6,5,7,5,7,2,4,5,7,5,7,3,4,5,4,1,0,5,7,3,7,5,7,4,7,5,7,5,4,5,6,5,4,3,6,5,7,5,7,5,7,5,7,1,0,1,0,4,5,5,7,1,0,1,0,1,0,5,4,1,0,1,0,1,0,1,0,1,0,1,0,1,0,1,0,5,7,1,0,1,0,3,5,2,2,3,3,3,3,3,4,3,5,1,3,3,3,3,13,1,2,1,2,0,6,6,3,3,3,3,3,1,3,3,3,5,3,2,3,3,1,1,1,1,1,3,3,4,3,3,3,3,3,3,3,1,3,3,5,2,2,2,2,2,2,2,2,2,1,2,3,3,3,2,7,7,9,1,1,9,1,1,9,1,32,5,1,1,1,40,8300,6000,0,221201,변호사 자격증 변호사 증가,법학
29474,3,3,4,5,4,5,4,5,2,2,4,5,1,0,4,5,4,5,1,0,1,0,3,4,5,6,2,2,5,7,3,3,3,4,3,4,1,0,4,5,3,3,3,3,3,3,3,4,4,5,3,4,3,4,3,4,3,4,3,4,1,0,1,0,1,0,1,0,1,0,1,0,1,0,5,7,2,2,1,0,1,0,2,3,3,4,3,4,3,4,4,4,4,4,4,3,4,4,3,3,3,13,4,2,1,2,0,7,5,4,4,4,4,4,3,5,9,9,4,4,1,4,4,4,4,3,3,4,4,3,2,1,5,4,4,5,4,5,4,3,5,3,2,2,2,2,2,2,2,2,2,1,3,2,2,2,1,3,3,5,7,4,4,3,5,5,1,55,5,2,6,1,40,0,0,7800,301301,한의사 자격증 치료,한의학
29475,3,3,3,3,2,2,3,3,3,3,3,3,1,0,2,2,4,4,2,2,2,2,4,4,3,3,1,0,1,0,3,3,2,2,2,2,2,2,4,5,4,5,2,2,4,4,1,0,2,2,1,0,2,2,1,0,2,5,2,3,1,0,2,4,5,4,2,2,2,2,1,0,1,0,4,5,5,6,3,3,4,4,4,5,3,5,4,4,3,5,4,1,3,1,2,2,3,1,2,2,4,14,1,2,2,2,0,1,1,1,1,1,3,2,1,2,1,3,3,3,3,2,1,3,3,3,3,4,4,4,2,5,2,2,1,2,3,5,5,2,3,4,2,2,2,2,2,2,2,2,2,1,2,2,2,2,2,8,8,9,8,8,8,4,4,6,2,62,1,1,3,2,40,2400,1800,0,561101,미래 발전 가능성 회피 직업,0
29476,1,0,1,0,1,0,1,0,1,0,1,0,1,0,1,0,1,0,1,0,1,0,1,0,1,0,1,0,1,0,1,0,1,0,1,0,1,0,1,0,1,0,1,0,2,2,1,0,1,0,1,0,4,6,4,5,4,5,4,5,4,6,4,6,4,6,3,4,1,0,4,5,4,6,5,5,4,5,3,4,2,2,2,3,1,0,1,0,4,4,3,3,3,3,3,3,4,3,2,3,4,18,1,3,2,2,0,7,5,3,4,3,4,4,4,4,3,3,3,4,3,4,3,3,2,3,3,3,3,3,4,2,2,3,3,3,3,4,3,3,3,4,2,2,2,2,2,2,2,2,2,2,3,3,3,3,2,6,7,6,5,6,5,9,4,7,1,43,4,1,1,1,40,3800,2800,0,416601,전문직 한정 인원,미디어콘텐츠
29477,3,5,3,5,3,4,3,3,3,4,3,4,3,4,3,4,3,4,3,4,3,4,3,4,4,5,3,4,3,4,3,3,3,4,3,3,3,4,2,3,3,3,3,3,3,4,3,3,3,3,3,3,3,3,3,3,3,3,3,3,3,3,3,3,3,3,3,3,3,4,3,3,3,3,2,3,3,3,3,3,3,3,3,4,3,3,3,3,3,4,3,4,4,3,3,3,3,3,3,3,3,11,1,6,1,2,0,7,4,3,2,2,3,2,3,3,3,3,3,3,3,3,3,4,3,3,3,3,3,3,3,4,3,3,3,4,3,3,4,4,3,3,2,2,2,2,2,2,2,2,2,4,2,2,3,3,2,6,5,5,5,5,5,5,5,5,2,46,4,1,3,2,59,5000,4000,0,31301,보험계리사 지금 추세,경영학
29478,4,5,4,6,4,5,3,4,4,5,4,5,2,3,4,5,4,5,3,4,4,5,4,5,3,4,4,6,3,4,4,5,3,4,3,4,3,5,3,4,4,5,4,5,4,5,4,5,1,0,3,4,5,6,4,5,5,5,4,5,4,6,5,5,4,5,4,5,4,6,5,5,3,5,1,0,3,5,2,3,1,0,2,3,5,5,4,4,4,3,2,4,3,3,4,4,3,4,3,3,3,3,2,6,1,2,0,6,5,4,4,4,4,5,3,4,3,4,4,4,2,4,4,3,3,2,2,3,4,5,3,4,4,5,4,4,4,3,4,4,4,4,2,2,2,2,2,2,2,2,2,2,4,3,3,3,2,5,7,4,3,4,4,6,3,3,1,34,4,1,1,1,45,4500,3600,0,151105,항공기관기술사 항공기 산업 시장 계속 지속 성장,기계공학
29479,2,2,3,3,2,2,3,4,3,3,2,3,4,6,3,4,3,4,4,5,1,0,1,0,2,3,4,4,3,5,3,4,4,5,3,4,3,4,3,4,3,4,4,5,4,6,2,2,3,3,3,4,3,4,2,2,4,5,3,4,1,0,3,3,3,3,3,4,4,5,3,4,1,0,5,6,3,4,2,5,2,4,3,4,4,6,1,0,4,4,1,3,3,3,2,4,2,4,4,4,4,18,1,2,1,2,0,7,3,4,4,3,3,4,3,2,3,3,3,3,2,3,3,4,3,3,3,4,3,3,2,4,3,3,3,4,3,3,3,3,4,3,1,2,1,1,1,2,2,2,2,2,4,2,2,2,2,8,8,4,2,2,2,8,3,2,2,26,3,1,1,1,45,2500,2200,0,511402,분장사 자격증 특수분장사 자격증 뷰티 아티스트 블로거 증가 메이크업 분장 대한 관심 증가,메이크업
29480,4,4,4,4,2,3,3,4,4,4,4,3,2,2,2,2,2,3,2,2,2,2,3,3,3,2,2,3,2,3,2,3,2,4,4,3,2,2,4,4,3,4,3,4,3,3,4,4,3,3,3,3,2,3,3,3,2,3,2,2,3,3,2,2,2,3,3,3,2,2,2,3,2,3,2,2,1,0,2,2,2,2,2,2,2,2,2,2,4,4,3,3,4,2,4,3,2,3,3,3,3,11,1,2,1,1,3,3,3,3,4,3,4,3,3,3,4,3,3,3,3,3,3,4,3,2,4,2,4,3,3,4,3,3,3,4,4,4,4,3,4,4,2,1,1,1,1,1,1,1,1,3,2,1,1,2,1,4,5,7,5,6,5,4,7,5,1,35,4,1,1,1,50,5800,4000,0,31302,보험계리사 CFP 실무 교육 전산 업무 자주 변경 기계 업무 화로,수학통계학
29481,5,7,5,7,4,6,4,5,3,4,4,5,2,3,4,5,4,5,4,5,4,5,4,5,5,7,5,7,3,4,3,4,3,4,2,3,4,5,2,3,3,4,5,7,4,5,2,3,2,3,3,4,3,4,3,4,4,5,2,2,2,3,2,3,1,0,1,0,1,0,1,0,2,3,2,3,2,2,2,3,3,4,3,4,4,5,4,5,4,5,4,4,5,4,4,3,4,4,4,4,3,17,1,2,1,1,6,6,7,5,5,5,5,4,4,4,4,4,4,4,2,4,4,2,2,3,3,4,4,5,2,5,4,4,5,4,4,5,4,4,5,4,2,2,2,2,2,2,2,2,2,2,3,1,1,1,1,1,2,1,7,4,2,9,3,1,2,40,6,1,1,1,40,8000,6000,0,301113,의사면허 전문의 레지던트 인기 직종,의학
29482,3,4,4,4,3,3,4,5,3,3,5,5,2,1,4,4,4,3,2,2,3,2,3,3,5,4,1,0,4,4,4,3,3,3,3,3,3,3,5,4,3,3,2,2,4,4,2,2,3,3,1,0,2,2,1,0,4,4,4,4,3,3,2,2,4,2,1,0,1,0,2,2,1,0,5,4,4,4,5,5,3,5,4,5,5,5,4,4,3,5,3,3,3,2,4,4,3,4,2,3,3,17,1,2,1,2,0,2,4,3,3,3,2,4,3,3,2,3,3,3,2,4,3,3,3,4,2,3,4,3,3,4,3,4,4,4,4,5,5,4,4,4,2,2,2,2,2,2,2,2,2,1,4,3,2,3,2,7,7,8,4,5,6,5,5,1,2,31,4,1,1,1,40,3100,2400,0,306401,치과위생사 인구 고령화 환자 수가 증가 것이므,치위생학
29483,3,4,4,5,2,2,3,4,1,0,1,0,1,0,3,4,4,5,4,6,1,0,2,2,3,3,2,3,3,4,3,2,1,0,1,0,3,3,3,4,2,3,1,0,4,5,1,0,1,0,2,2,1,0,1,0,1,0,1,0,2,2,1,0,2,3,1,0,1,0,1,0,2,2,1,0,4,5,5,6,4,6,4,6,3,4,3,3,2,2,3,2,2,1,4,2,2,3,1,2,2,15,2,3,1,2,0,1,2,4,4,3,4,4,3,4,5,5,4,4,3,4,3,4,3,4,3,4,3,3,2,4,5,4,4,3,4,4,5,4,4,3,2,2,2,2,2,2,2,2,2,2,3,1,3,3,2,6,6,7,7,8,8,8,8,7,1,34,3,1,1,1,40,3200,2200,0,624201,운전면허증 당일 휴일 배송 서비스 실시 업무,경영학
29484,3,5,4,4,4,4,4,5,3,5,3,3,3,5,3,5,3,4,3,5,3,4,5,5,3,5,3,5,3,5,3,4,2,4,3,5,5,6,3,5,3,5,2,5,3,5,2,4,3,5,3,5,3,4,3,4,3,5,3,5,3,4,4,4,4,5,4,5,3,5,3,5,4,4,2,4,4,3,4,5,2,4,2,4,4,5,3,3,3,4,4,3,3,4,3,2,3,3,3,4,3,16,5,2,2,2,0,2,5,3,3,2,2,3,2,4,3,4,4,3,4,4,4,4,4,3,4,4,4,4,4,3,3,3,3,4,3,3,4,4,3,3,2,2,2,2,2,2,2,2,2,2,2,2,2,2,2,7,6,6,7,6,7,7,6,6,2,48,4,1,2,2,45,4500,2000,0,214501,환경 요인,물리
29485,2,4,4,4,3,4,4,4,3,5,3,5,1,0,3,5,3,3,3,5,4,4,3,5,4,4,4,5,4,4,3,5,4,4,4,5,4,4,4,5,4,4,4,4,4,4,4,5,4,4,4,5,1,0,1,0,3,4,1,0,4,4,3,3,3,3,3,3,3,3,4,4,3,3,2,4,2,2,3,3,3,3,1,0,3,4,3,4,4,4,4,4,4,4,3,5,3,2,4,3,4,8,1,2,2,2,0,6,5,4,3,3,4,3,3,3,3,4,4,3,3,4,4,4,4,3,4,3,4,2,3,4,2,3,3,3,4,3,3,3,4,3,2,2,2,2,2,2,2,2,2,2,3,3,2,3,2,7,7,7,4,4,5,5,5,6,2,28,4,1,1,1,40,2800,2400,0,28302,기업 물류 대한 중요성,국제통상학
29486,3,4,4,6,4,5,4,6,2,3,4,6,3,5,3,4,4,6,2,3,4,5,4,5,4,6,5,6,4,5,3,4,2,3,3,4,3,4,4,5,4,5,3,4,3,4,1,0,4,6,3,4,4,6,3,4,2,3,2,3,4,6,4,6,2,3,2,3,2,3,2,3,3,4,2,3,2,3,2,3,2,3,1,0,2,3,3,4,4,4,3,3,4,4,4,3,3,2,4,3,3,6,1,1,1,1,1,1,4,4,4,4,5,4,4,3,3,4,4,4,2,4,4,4,5,4,3,2,3,4,4,4,5,4,4,4,5,4,4,3,4,4,2,2,2,2,2,2,2,2,2,2,3,2,2,2,1,6,5,4,7,6,5,3,2,3,2,38,4,1,1,1,40,4000,1800,0,140401,조경기술사 조경기술 조경사로의 갖추어야 요건들 건설 경기 침체,조경학
29487,3,4,3,5,2,3,3,4,4,4,3,4,3,4,3,4,3,4,3,4,3,3,3,4,3,4,3,3,3,3,3,3,3,3,3,3,3,3,3,3,3,3,3,3,3,5,3,4,3,3,3,4,3,4,3,4,3,4,3,4,3,4,4,5,3,5,4,5,4,5,4,5,4,5,3,5,4,5,4,5,3,4,3,4,3,4,3,4,4,4,2,4,4,3,3,2,4,4,4,3,3,4,1,2,1,2,0,4,4,4,4,3,4,5,4,3,4,4,3,4,2,3,3,3,4,5,4,4,4,4,2,4,4,4,4,4,4,4,5,4,5,5,2,2,2,2,2,2,2,2,2,1,3,3,3,3,2,7,4,5,5,6,3,7,3,3,1,30,3,1,1,1,40,4300,3000,0,153101,전자계산기기능사 기계 대체 불가,전기공학
29488,2,3,2,2,2,2,2,3,2,3,1,0,2,3,3,5,3,3,2,4,2,3,1,0,3,3,1,0,1,0,1,0,1,0,1,0,1,0,2,2,1,0,1,0,2,3,1,0,1,0,1,0,1,0,1,0,3,4,2,3,1,0,2,3,4,4,3,3,2,2,2,3,1,0,2,2,2,3,2,3,3,3,2,3,2,4,2,2,3,2,3,3,2,2,2,3,2,2,2,2,2,3,1,2,2,2,0,6,3,3,3,3,3,4,2,2,2,3,3,3,4,2,2,4,3,2,3,2,2,3,3,5,3,3,3,3,4,5,4,3,4,4,2,2,2,2,2,2,2,2,2,5,1,3,3,3,2,8,8,8,3,3,6,3,3,3,1,34,2,1,3,2,45,3200,2400,0,825201,퍼센트 자동화 기계화,공고
29489,3,4,3,3,3,4,3,5,3,4,4,6,3,4,3,4,3,5,4,5,3,4,3,4,4,5,3,4,3,5,4,5,4,4,3,4,3,4,4,5,3,5,4,5,3,4,3,4,3,5,4,5,4,5,3,4,3,4,3,6,3,4,4,5,4,5,3,5,3,4,3,4,3,4,3,4,4,3,4,5,4,5,3,4,3,3,3,5,3,3,2,3,3,2,3,4,3,2,3,3,3,13,1,4,1,2,0,3,5,4,3,2,5,5,4,3,4,3,3,3,4,3,3,3,4,4,4,3,3,3,4,3,4,4,4,3,4,3,3,2,4,4,2,2,2,2,2,2,2,2,2,1,3,2,2,2,1,5,6,5,6,5,4,5,6,6,1,41,5,1,1,1,30,3500,3100,0,834001,전기기능사 변화,전기학
29490,4,4,3,4,3,4,4,5,3,5,4,4,3,5,4,4,5,3,4,4,3,3,3,3,3,3,3,4,3,4,4,5,3,3,4,4,4,4,5,4,3,4,4,4,5,4,3,4,4,3,3,5,3,3,3,4,2,4,4,4,4,4,3,3,3,3,4,4,4,3,3,4,2,4,4,3,4,3,4,4,4,5,3,4,4,5,5,5,4,4,5,3,3,4,5,2,4,5,4,5,3,15,2,3,1,2,0,2,5,4,4,3,5,4,4,2,3,3,4,4,2,4,3,2,2,3,3,4,4,3,2,4,3,3,4,4,3,4,2,2,4,5,2,2,2,2,2,2,2,2,2,2,2,3,3,3,2,5,4,5,4,5,3,4,5,6,1,37,4,1,1,1,40,3200,2800,0,140401,조경기술사 인공 지능 장비 대체,건축학
29491,5,7,4,6,5,7,4,6,2,3,3,3,5,7,3,4,4,5,3,4,5,7,4,6,3,4,1,0,3,4,1,0,1,0,2,2,1,0,1,0,2,3,3,4,2,2,1,0,1,0,1,0,1,0,1,0,1,0,1,0,3,5,2,3,1,0,1,0,1,0,1,0,1,0,1,0,1,0,1,0,3,4,2,3,3,4,1,0,4,3,4,1,4,2,5,4,5,3,4,3,4,18,4,1,2,2,0,7,2,4,4,4,5,4,5,1,9,9,9,1,1,5,5,3,4,4,4,2,4,4,4,4,5,3,3,3,4,4,4,3,4,5,2,2,2,2,2,2,2,2,2,1,4,2,2,2,2,6,3,2,2,1,4,7,9,6,1,52,4,1,4,2,40,2000,1000,0,411103,스토리텔링 대한 관심 대한 수요 증대,연극영화
29492,2,1,3,3,2,3,4,4,2,1,1,0,1,0,3,2,3,3,3,3,2,1,1,0,3,4,3,2,3,3,3,3,2,3,2,2,3,2,4,4,2,1,3,2,3,4,2,2,1,0,1,0,1,0,1,0,2,3,1,0,1,0,3,3,1,0,1,0,1,0,1,0,1,0,1,0,2,2,2,1,2,2,3,1,3,3,3,2,4,3,2,4,1,2,3,4,3,2,3,2,2,7,1,2,2,1,3,3,2,3,2,3,4,3,4,4,4,4,3,4,3,4,3,2,4,3,3,4,2,5,2,2,3,2,2,3,4,4,3,3,5,4,2,2,2,2,2,2,2,2,2,1,2,3,3,3,2,7,7,7,5,5,5,2,9,9,1,32,4,1,1,1,45,3800,3500,0,612301,자동차 영업 훈련 자동차 렌트 증가,무역학
29493,3,4,3,4,2,4,1,0,1,0,1,0,3,5,1,0,3,5,1,0,1,0,1,0,5,5,1,0,1,0,1,0,1,0,1,0,1,0,1,0,1,0,1,0,1,0,1,0,1,0,1,0,3,4,1,0,2,4,1,0,1,0,1,0,1,0,1,0,1,0,1,0,1,0,4,5,1,0,1,0,1,0,1,0,2,3,1,0,4,3,4,3,3,2,3,4,3,4,4,4,4,15,2,4,1,1,3,7,6,3,4,3,5,5,4,3,3,3,3,3,2,5,3,4,2,3,3,2,4,3,3,4,4,4,3,3,4,3,3,2,4,4,2,1,1,2,2,2,2,2,2,2,1,3,3,3,1,7,7,6,5,4,4,4,2,4,2,35,5,1,1,1,40,3500,2500,0,413102,문화재보존처리 분석범 적용 사용 기술 발달 테크닉 부분 무량 인원 때문,문화재학
29494,3,4,4,5,3,4,3,4,4,5,4,4,3,5,4,4,3,5,3,5,4,4,4,4,3,4,3,4,2,3,3,4,2,4,2,4,3,4,3,3,4,5,4,4,3,5,3,4,2,4,2,5,4,5,5,6,4,4,4,4,5,5,4,4,4,4,4,4,3,5,3,5,3,5,3,4,2,4,1,0,1,0,1,0,2,5,1,0,5,4,4,4,3,3,4,4,4,3,3,3,3,13,1,3,2,2,0,5,4,3,3,3,4,3,3,2,2,3,4,3,3,3,3,5,3,2,3,1,3,3,4,5,3,3,3,2,4,4,2,3,4,5,2,1,1,2,2,1,2,2,2,2,3,3,3,3,1,2,2,3,6,3,2,3,3,5,1,32,4,1,1,1,46,3300,2500,0,133201,소프트웨어 범위 수요 소프트웨어 시장 성장,경영학
29495,5,6,5,6,4,5,4,5,5,5,5,5,4,5,5,5,5,5,4,6,4,5,5,6,4,6,5,6,4,5,5,6,4,6,5,5,5,6,4,6,5,5,4,5,4,6,4,5,4,4,4,6,4,6,4,5,3,5,4,5,3,5,4,6,4,5,3,4,3,4,2,4,4,6,4,5,3,3,3,5,3,5,3,4,4,5,4,4,5,4,4,4,3,4,5,4,3,5,4,4,5,13,5,2,2,2,0,6,6,4,3,3,5,4,3,5,4,4,3,5,1,3,3,3,2,2,2,1,4,3,4,5,4,4,3,4,4,5,5,3,4,5,2,2,2,2,2,2,2,2,2,1,3,3,3,3,2,3,3,4,4,5,5,7,6,6,1,57,6,1,1,1,40,8500,4000,0,13101,상태 유지,국어국문학
29496,2,3,3,3,2,3,3,3,1,0,3,4,1,0,3,5,3,3,2,3,1,0,3,4,3,4,1,0,2,4,3,4,1,0,3,4,2,3,3,4,3,4,1,0,3,3,1,0,1,0,2,4,1,0,1,0,3,4,3,3,1,0,2,3,3,4,3,4,3,3,3,3,3,4,3,3,4,5,3,4,3,5,1,0,3,4,3,4,3,4,4,3,4,1,3,2,3,2,3,4,3,3,1,2,2,2,0,3,2,3,3,3,4,3,3,3,4,3,3,3,3,4,2,4,3,2,3,4,3,3,4,5,3,4,3,3,4,4,3,3,4,4,2,2,2,2,2,2,2,2,2,3,2,2,2,3,2,7,8,5,7,3,4,6,3,7,1,30,2,1,1,1,40,2640,2200,0,624401,기계 자동화 감소,기계
29497,3,3,3,4,3,3,4,5,3,3,3,3,3,3,3,4,3,4,3,4,3,3,3,3,3,4,4,5,3,4,3,4,3,3,3,4,4,5,4,5,3,4,3,4,4,5,4,5,3,4,3,3,3,4,2,2,2,3,1,0,2,2,4,5,1,0,1,0,1,0,1,0,3,4,4,5,3,3,3,4,3,3,3,3,3,3,3,3,4,4,3,2,3,4,3,4,3,3,4,2,4,9,4,1,1,2,0,5,2,3,4,4,4,4,4,3,9,9,4,4,2,4,4,3,2,3,4,3,2,4,4,4,3,3,2,4,3,4,2,3,4,4,2,2,2,2,2,2,2,2,2,3,2,2,2,2,1,5,6,4,6,5,5,5,7,7,2,52,2,2,6,1,40,0,0,3500,872201,한식조리사 대기업 시장 잠식,농고
29498,2,2,2,2,1,0,2,4,1,0,4,5,1,0,3,4,5,7,4,6,3,4,2,2,4,5,2,2,1,0,4,5,2,3,1,0,1,0,3,4,5,7,5,7,3,4,1,0,1,0,1,0,3,4,2,2,2,2,3,4,1,0,1,0,5,6,2,3,4,6,5,7,1,0,5,7,5,6,5,7,4,6,4,5,5,6,4,5,4,5,4,3,4,3,3,4,3,4,4,5,5,8,1,6,1,1,4,4,5,4,5,4,5,4,5,3,4,4,5,5,4,4,3,3,4,3,4,4,4,4,4,3,4,4,4,4,4,3,3,4,4,4,2,2,2,2,2,2,2,2,2,1,4,2,2,2,2,3,2,1,2,2,1,8,8,9,1,43,4,1,1,1,43,10300,6500,0,621101,비행기조종사 비행훈련 시스템 훈련 지금 코로나 주춤 코로나 종결 이후 여행객 계속,항공학
29499,4,6,4,5,3,5,2,3,3,4,3,5,1,0,4,6,4,5,1,0,3,4,4,6,4,5,1,0,2,2,2,3,1,0,1,0,1,0,3,5,3,3,4,3,3,4,1,0,1,0,1,0,1,0,1,0,1,0,1,0,3,4,2,3,1,0,3,4,1,0,1,0,1,0,3,3,1,0,1,0,1,0,1,0,4,4,3,3,3,2,4,3,3,4,3,2,2,3,3,1,4,17,3,5,1,2,0,7,5,4,3,3,5,3,4,3,2,3,4,3,3,2,3,3,4,4,2,1,1,4,4,4,3,3,3,4,4,5,4,4,4,5,2,2,2,2,2,2,2,1,2,2,2,1,1,3,2,9,9,8,1,2,2,2,2,1,2,25,4,1,1,1,40,2400,2200,0,307401,보건의료정보관리사 환자 증가 무량 증가 전산 시스템 발달 사람 필요 수도,보건행정학
29500,2,2,2,3,2,2,1,0,1,0,2,2,2,3,2,2,2,2,3,4,2,2,1,0,3,4,1,0,2,2,3,3,1,0,1,0,3,4,2,2,2,2,2,2,2,3,2,2,2,2,1,0,3,4,3,4,4,5,3,4,1,0,2,2,4,5,3,3,4,5,5,4,1,0,3,3,4,5,3,3,5,4,4,5,2,2,2,2,3,3,4,3,2,1,2,3,3,2,3,3,2,6,1,1,2,2,0,3,1,2,2,2,2,3,1,2,2,2,2,2,3,3,4,3,3,5,2,4,3,4,4,4,4,3,4,5,4,5,4,4,4,3,2,2,2,2,2,2,2,2,2,1,2,2,2,3,2,6,6,9,6,5,6,6,5,4,1,50,2,1,1,1,52,3300,2500,0,701501,건설 경기 계속 불황,공고
29501,3,3,3,4,3,3,2,2,3,4,4,5,3,4,3,3,3,3,1,0,3,3,4,4,3,4,3,3,2,2,2,3,3,3,3,4,2,2,3,3,3,3,4,5,3,4,2,2,2,2,2,2,4,4,2,2,3,3,3,4,3,4,3,4,2,2,2,2,1,0,2,2,4,5,2,2,1,0,3,4,1,0,1,0,2,2,2,2,4,3,3,4,4,4,4,4,2,4,3,4,3,10,1,2,1,1,3,3,5,3,4,3,4,4,3,4,3,3,4,4,4,4,4,3,3,4,3,2,3,3,3,3,3,4,4,4,3,3,3,4,4,3,1,1,1,2,2,2,2,2,2,2,4,1,2,2,1,6,3,5,5,3,5,5,6,5,1,30,4,1,1,1,48,6000,4000,0,134102,빅데이터 자격증 실무 경험 기술 다양 산업,컴퓨터공학
29502,4,6,3,5,2,2,4,5,2,2,2,2,3,3,4,4,5,4,3,5,3,4,2,3,5,5,4,5,4,5,4,5,2,2,1,0,2,2,3,4,4,4,4,4,4,4,1,0,1,0,2,3,1,0,1,0,2,3,1,0,3,3,3,4,1,0,2,3,1,0,1,0,3,5,1,0,1,0,5,5,1,0,2,2,4,4,4,5,3,5,3,3,5,3,4,4,4,4,5,4,4,17,2,5,2,2,0,1,4,4,3,4,4,4,3,4,4,2,4,4,2,4,4,3,3,2,4,2,2,4,2,4,5,4,4,3,4,4,3,3,3,2,2,2,2,2,2,2,2,2,2,2,4,2,2,2,1,6,6,5,4,3,4,6,4,4,2,32,5,1,1,1,40,2700,2700,0,411202,세계 글로벌화 수요 증가,중국어학
29503,2,3,4,5,1,0,4,4,1,0,4,5,2,3,3,5,4,4,3,4,2,3,3,5,3,5,1,0,3,5,3,5,1,0,1,0,1,0,4,5,3,5,4,4,5,4,5,4,2,4,1,0,3,4,4,4,3,5,3,4,1,0,1,0,2,3,3,4,4,6,4,6,1,0,4,6,3,4,2,4,3,5,3,5,3,5,5,7,5,3,5,3,4,1,4,5,4,3,3,3,5,19,4,1,1,2,0,4,2,4,3,3,2,3,3,3,9,9,9,3,2,4,2,4,4,3,4,2,2,3,3,4,3,4,4,4,4,5,4,2,4,4,2,2,2,2,2,2,2,2,2,1,2,2,2,2,2,7,6,3,3,4,4,7,3,3,1,31,3,2,6,1,25,0,0,2900,885101,피아노조율 산업기사 장기 불황 수요,로봇일레트로닉
29504,3,5,3,5,3,5,2,4,4,5,4,5,2,4,2,3,3,4,3,4,3,4,3,4,4,4,3,5,3,4,1,0,1,0,2,4,2,4,1,0,3,6,3,5,4,6,1,0,2,4,1,0,3,6,3,5,3,5,4,6,5,6,3,5,2,5,2,4,4,5,2,4,4,6,1,0,1,0,1,0,1,0,1,0,4,6,2,4,5,4,4,4,5,4,4,5,4,4,5,5,4,10,1,3,1,2,0,5,4,4,4,4,4,5,4,5,4,5,5,4,4,3,3,4,4,3,3,1,2,4,5,5,4,4,3,3,2,3,2,3,4,4,2,1,2,1,2,2,2,2,2,2,4,3,3,3,1,3,3,4,5,6,5,5,4,4,1,42,4,2,5,1,49,0,0,6500,13701,정보통신기사 접목 정보 네트워크 산업 발달,정보.통신공학
29505,4,5,3,5,5,7,4,5,1,0,1,0,5,7,3,4,4,5,3,4,5,7,4,6,3,4,4,5,1,0,1,0,3,3,1,0,1,0,1,0,2,3,2,2,2,4,1,0,1,0,1,0,1,0,1,0,1,0,1,0,4,5,2,2,1,0,1,0,3,3,2,3,1,0,4,5,3,4,3,4,4,5,3,3,4,5,1,0,5,3,4,4,3,2,4,4,1,3,3,3,4,18,4,1,2,1,3,7,2,3,4,4,4,5,1,4,9,9,9,4,1,5,5,4,4,4,5,3,5,4,3,5,5,3,2,3,4,4,4,3,4,3,2,1,1,2,2,2,2,1,1,2,4,1,1,1,2,6,4,3,2,1,3,9,7,3,1,36,4,1,4,2,74,4000,2000,0,414301,드로잉 교육 작가 만화 기본 소양 교육 컴퓨터 첨단 기능 탑재 소프트웨어 기술 작업 능률 종전 향상 문화 콘텐츠 발달 만화 동반 편승 수요 대폭 증가,만화예술
29506,3,4,3,3,1,0,2,2,3,3,2,3,1,0,3,3,3,5,3,3,3,4,2,4,3,5,3,3,1,0,3,4,3,3,2,3,1,0,3,4,2,3,3,5,2,4,1,0,2,4,1,0,3,4,1,0,4,4,3,4,1,0,1,0,4,4,3,4,3,4,3,4,1,0,3,4,3,5,3,3,3,4,2,4,2,3,3,3,3,2,1,2,3,2,3,4,1,3,1,4,2,4,1,2,1,1,3,3,2,2,2,1,2,2,1,2,3,3,4,3,2,3,3,3,4,2,3,4,2,3,2,4,4,4,3,3,2,3,3,4,5,5,2,2,2,2,2,2,2,2,2,2,3,3,3,3,2,6,7,9,4,3,4,6,4,3,1,29,2,1,1,1,50,4200,3600,0,831301,전기기능사 한전정기교육 침체 전력 공사 수주 공사 보수 상태,전기과
29507,3,4,4,6,3,4,5,5,1,0,2,4,1,0,2,3,2,3,1,0,2,4,5,6,4,4,2,3,5,6,4,5,4,5,2,3,5,5,5,5,3,5,2,3,3,5,1,0,2,4,2,4,1,0,1,0,1,0,1,0,2,3,1,0,1,0,1,0,1,0,1,0,1,0,4,5,2,4,2,3,2,4,1,0,2,4,2,4,4,4,2,3,3,3,4,3,4,2,3,4,3,16,5,2,1,2,0,6,5,5,1,1,4,5,5,2,3,3,4,3,3,4,3,2,2,2,2,2,3,5,4,4,4,4,4,4,4,5,5,5,4,5,2,2,2,2,2,2,2,2,2,1,3,2,2,2,2,8,7,6,3,2,1,3,2,3,2,40,3,1,1,1,45,3200,2000,0,232101,보육교사1급자격 출산율 감소 무상교육 일자리,유아교육
29508,3,3,3,2,2,2,3,3,3,3,3,3,2,2,2,2,3,3,1,0,2,2,1,0,3,4,2,2,3,3,2,2,3,3,3,3,3,3,3,3,3,3,2,3,4,4,3,3,4,3,3,3,1,0,1,0,1,0,1,0,1,0,3,4,1,0,1,0,1,0,1,0,2,2,3,4,3,3,1,0,3,3,3,4,3,3,3,4,3,4,5,2,3,2,3,2,3,3,4,3,5,9,4,1,2,2,0,5,2,4,3,3,4,4,3,2,9,9,3,3,2,4,4,4,4,3,3,4,4,5,2,3,4,3,3,3,4,2,2,3,4,3,2,2,2,2,2,2,2,2,2,1,3,2,2,2,2,7,7,8,5,6,7,7,4,6,2,71,2,2,6,1,60,0,0,3800,14201,장시간 업무 근무 환경 변화,상고
29509,4,6,4,6,5,5,4,5,4,5,4,5,4,6,4,5,4,5,4,6,4,5,4,5,4,6,4,6,4,5,4,5,4,5,4,4,4,5,3,5,3,5,4,5,5,5,4,5,4,4,4,4,4,4,3,4,3,4,3,4,3,5,3,4,3,4,2,4,3,4,3,3,3,4,3,5,3,4,3,4,3,5,3,4,4,5,4,5,4,4,3,4,4,3,3,4,3,4,3,3,3,11,1,3,1,2,0,7,5,4,3,3,4,3,3,5,3,5,4,4,2,5,4,4,5,5,4,4,4,4,4,4,4,5,5,4,4,4,5,4,4,3,2,2,2,2,2,2,2,2,2,1,4,2,2,2,1,4,8,6,5,4,5,3,7,6,1,45,4,1,1,1,40,9500,3400,0,31302,자산관리사 상품 개발,경제학
29510,4,6,4,5,4,6,4,5,3,5,3,5,4,6,4,5,4,6,4,6,4,6,3,5,3,6,3,6,3,6,3,5,4,6,4,6,4,6,4,6,3,5,4,5,4,5,4,6,4,5,4,6,4,6,4,6,4,5,3,5,4,5,5,6,4,6,4,6,4,3,2,2,3,5,3,5,3,5,2,3,2,4,2,4,3,4,2,3,4,5,4,4,4,4,4,4,4,3,4,4,4,3,1,2,2,1,5,5,5,4,4,5,4,4,4,4,5,4,4,4,2,4,4,4,5,4,4,4,5,4,4,4,5,4,4,4,4,5,4,4,4,4,2,1,2,1,2,1,2,2,2,1,2,2,2,2,1,8,7,6,6,5,4,7,5,4,2,30,4,1,3,1,48,3000,2500,0,415201,디자인 훈련 디자인 프로그램 개발 변화 의류 디자이너 배출,의상디자인
29511,4,5,4,5,4,5,4,5,4,5,4,5,4,5,4,5,4,5,2,3,4,6,4,6,4,5,4,5,3,4,3,4,3,4,4,6,3,4,4,6,4,6,3,4,4,3,3,3,3,3,4,6,1,0,1,0,1,0,1,0,4,5,1,0,1,0,1,0,1,0,1,0,4,6,1,0,1,0,1,0,1,0,1,0,1,0,1,0,4,4,2,2,4,4,2,2,2,2,4,4,4,13,1,1,1,2,0,1,5,4,4,4,4,4,2,3,3,3,3,3,2,4,4,4,4,4,4,2,4,2,4,4,4,4,4,4,4,4,4,4,4,3,2,2,2,2,2,2,2,2,2,1,3,3,3,3,1,2,2,2,2,2,2,2,2,2,1,71,4,2,5,1,40,0,0,6000,22103,경영지도사 기술 변화 요인 영향 일자리,경영학
29512,2,3,3,4,2,2,3,3,2,2,1,0,2,1,2,3,3,4,1,0,1,0,2,3,3,4,2,2,2,2,3,3,2,2,3,4,2,3,2,2,4,5,3,3,3,4,2,2,2,3,3,4,4,5,3,4,2,3,2,2,1,0,3,3,4,5,3,3,3,4,4,5,4,5,2,3,1,0,2,1,2,2,1,0,2,3,1,0,4,2,3,4,2,4,1,3,2,4,4,1,2,3,1,2,1,2,0,7,4,3,4,4,4,4,1,3,3,4,3,3,1,3,4,4,1,2,3,4,2,3,2,3,2,1,4,3,4,5,2,1,5,4,2,2,2,2,2,2,2,2,2,1,3,3,3,3,2,6,7,6,4,4,5,4,4,5,1,39,3,1,1,1,54,4100,2100,0,813101,금형프레스기술사 사출금형기술사 일자리 크게 한적,금형디자인
29513,2,2,2,2,1,0,4,4,1,0,1,0,1,0,1,0,1,0,1,0,1,0,1,0,4,5,2,3,4,4,1,0,3,3,1,0,1,0,4,5,3,3,1,0,1,0,1,0,1,0,1,0,1,0,1,0,2,2,1,0,3,4,1,0,2,2,4,6,1,0,4,5,1,0,2,3,2,3,1,0,1,0,1,0,5,6,1,0,4,4,2,3,3,4,4,2,4,4,3,3,4,17,1,2,1,2,0,2,4,4,4,4,4,4,4,3,3,4,4,3,2,4,4,4,4,2,4,1,4,3,4,4,3,4,3,4,4,5,4,4,5,4,2,2,2,2,2,2,2,2,2,1,3,2,2,2,2,9,5,7,4,7,6,6,8,4,2,32,3,1,1,1,40,3600,3200,0,306501,물리치료사자격증 의료 사회 변화 관계,물리치료학
29514,4,6,4,5,4,6,3,4,1,0,2,2,1,0,4,6,3,4,1,0,1,0,1,0,4,5,1,0,1,0,2,2,1,0,1,0,2,2,2,2,1,0,1,0,1,0,1,0,1,0,1,0,1,0,1,0,2,2,1,0,5,6,1,0,2,2,2,2,1,0,1,0,1,0,1,0,1,0,3,3,1,0,1,0,4,5,3,4,3,4,4,3,4,3,3,3,4,4,3,4,3,15,2,5,1,2,0,2,4,3,3,4,4,3,3,3,3,3,4,4,4,3,3,4,4,3,4,3,3,4,4,4,4,3,4,4,3,3,3,4,4,3,2,2,2,2,2,2,2,2,2,1,4,3,3,3,1,3,3,3,1,1,1,3,3,1,2,36,4,1,1,1,40,4000,3200,0,29902,한글속기2급 협회시험2급 사람 선호 직업,관광학
29515,4,5,4,5,3,4,4,5,3,4,4,5,3,4,3,3,4,5,3,4,2,2,5,6,2,2,4,6,4,4,3,5,3,3,3,3,4,5,4,4,3,3,3,3,3,4,4,4,3,4,3,4,2,2,2,2,2,2,1,0,2,2,1,0,1,0,3,2,2,2,1,0,3,4,1,0,1,0,2,2,1,0,1,0,2,4,3,4,4,4,2,3,4,3,4,2,3,4,4,3,3,16,5,2,1,2,0,7,4,4,4,3,5,4,3,3,9,9,4,4,2,4,4,4,4,3,4,3,4,2,3,4,4,5,5,4,4,3,4,3,4,4,2,2,2,2,2,2,2,2,2,1,2,3,2,2,2,7,5,5,4,4,5,4,4,4,2,54,4,2,5,1,40,0,0,6000,13201,교원자격증 유치원 원감자격증 저출산 영향 유치원 아동 감소,유아교육학
29516,1,0,1,0,1,0,1,0,1,0,1,0,1,0,1,0,1,0,1,0,1,0,1,0,4,5,1,0,1,0,1,0,1,0,1,0,1,0,1,0,1,0,1,0,1,0,1,0,1,0,1,0,1,0,1,0,4,4,4,5,1,0,1,0,1,0,4,4,4,5,4,5,1,0,4,5,4,5,1,0,4,4,1,0,4,4,1,0,4,4,2,3,4,2,4,3,3,3,4,4,4,4,1,2,1,2,0,3,4,3,3,4,4,3,3,3,3,5,4,4,2,4,4,3,2,1,3,1,4,3,4,4,3,4,3,4,3,4,4,3,4,3,2,2,2,2,2,2,2,2,2,2,2,3,3,3,2,4,3,6,3,6,5,5,6,6,1,35,3,1,1,1,40,3500,2500,0,831201,전기기사 자격증 로봇,전기
29517,3,4,4,6,4,6,3,3,1,0,4,4,1,0,3,4,4,6,1,0,2,2,4,5,4,5,2,3,1,0,1,0,2,3,2,3,3,5,2,3,2,3,2,3,3,4,1,0,2,3,3,3,1,0,1,0,3,3,1,0,2,3,2,2,3,3,3,2,1,0,2,3,3,3,1,0,1,0,4,5,1,0,1,0,3,5,4,5,4,4,2,2,4,2,3,2,3,4,4,4,4,19,2,2,1,2,0,7,2,4,4,3,4,4,4,3,3,3,3,3,2,4,3,4,4,4,4,3,4,2,3,4,4,4,2,2,4,4,4,2,4,4,2,2,2,2,2,2,2,2,2,1,4,3,3,3,2,7,7,7,5,5,5,3,4,6,1,37,4,1,1,1,40,3700,2300,0,29902,속기사 자격증 대체 불가 기사 수요 증가,정보통신학
29518,3,4,5,7,2,2,3,4,2,2,4,5,5,7,5,7,5,7,3,4,3,4,5,7,5,7,5,7,5,7,4,5,4,5,3,4,5,7,5,7,5,7,5,7,4,5,1,0,2,2,5,6,2,3,1,0,3,4,1,0,1,0,1,0,1,0,3,4,4,5,4,5,3,4,5,7,3,4,5,6,3,4,3,4,5,7,5,7,5,5,1,1,5,1,3,5,5,5,5,3,5,18,4,1,2,2,0,6,6,5,5,5,5,5,4,1,9,9,9,3,4,5,4,4,5,4,4,2,5,5,5,5,5,5,4,5,4,5,5,4,4,3,2,2,2,2,2,2,2,2,2,1,3,2,2,2,1,9,2,2,8,8,1,2,1,2,1,60,5,1,4,2,40,1500,1000,0,414501,상태 유지,음악교육(지휘)
29519,2,3,2,3,2,3,2,2,1,0,2,2,4,6,4,5,4,6,4,6,2,2,2,3,3,3,4,5,4,5,1,0,1,0,1,0,1,0,4,6,4,5,4,5,5,6,1,0,3,4,3,3,2,3,3,4,4,6,2,3,1,0,2,2,2,3,4,5,1,0,3,4,4,4,3,3,3,3,3,4,2,3,3,4,4,6,3,3,4,2,4,3,4,5,2,5,2,4,4,3,4,19,1,3,2,1,2,7,4,3,4,4,3,4,2,3,4,3,3,3,2,3,3,2,3,4,4,4,3,3,3,4,4,3,4,4,4,4,4,4,4,3,1,1,1,2,2,2,2,2,2,2,2,2,2,3,1,2,7,6,3,6,6,8,3,2,2,33,4,1,1,1,43,4200,2800,0,415404,새로운 CG 기술 캐드 일러스트 작업 기술 변화 일러스트 프로그램 진화 출판 업계 축소,디자인학
29520,2,3,2,3,1,0,2,3,2,4,2,3,1,0,2,3,2,3,2,3,1,0,2,3,2,3,3,4,3,5,3,3,3,5,3,4,1,0,3,5,3,5,3,5,3,5,1,0,1,0,3,5,1,0,1,0,2,3,1,0,2,3,1,0,1,0,1,0,2,3,2,3,1,0,2,3,1,0,3,3,2,3,1,0,3,5,3,4,4,5,4,4,4,4,4,4,4,5,4,4,4,7,1,2,2,2,0,7,1,1,1,1,4,3,2,1,9,2,3,2,5,1,1,5,4,4,5,4,4,4,2,5,4,4,4,4,5,4,4,4,4,4,2,2,2,2,2,1,1,2,2,3,2,2,2,2,2,7,8,6,2,3,7,7,6,6,1,63,2,1,3,2,53,2400,1500,0,562301,기계 자동 주차 증가 기계 차량,문과
29521,4,6,2,4,3,3,2,3,3,3,4,4,2,3,3,3,4,4,1,0,2,4,1,0,3,2,4,4,2,2,3,4,1,0,1,0,1,0,1,0,4,5,4,4,2,4,1,0,1,0,2,2,4,4,3,5,2,3,1,0,3,4,3,4,3,3,4,4,2,4,3,3,3,4,2,3,4,5,3,3,4,1,1,0,2,2,1,0,4,2,3,5,5,3,5,4,3,5,4,3,4,3,1,3,1,2,0,2,4,4,3,5,5,4,5,3,5,5,4,5,3,5,4,4,3,5,4,4,3,5,4,4,3,3,4,3,5,4,4,2,2,4,2,2,2,2,2,2,2,2,2,2,4,3,3,3,2,4,3,4,4,5,6,4,2,3,1,48,5,2,5,1,40,0,0,6000,157101,식품산업기사 생활 수준 관심,식품영양
29522,2,2,2,3,2,2,1,0,1,0,1,0,1,0,3,3,2,3,1,0,1,0,2,3,2,3,1,0,1,0,1,0,1,0,1,0,2,2,1,0,1,0,1,0,1,0,1,0,1,0,1,0,1,0,1,0,2,3,1,0,1,0,1,0,5,3,3,5,3,4,4,5,1,0,3,4,4,4,3,4,4,3,2,3,2,2,3,4,2,1,1,1,1,1,2,1,1,1,2,3,2,3,2,2,2,2,0,2,2,3,2,1,3,2,1,2,1,2,2,2,4,2,2,4,4,3,4,3,4,2,2,5,2,3,5,2,3,4,3,2,4,5,2,2,2,2,2,2,2,2,2,2,2,3,3,3,2,6,7,6,4,7,8,7,4,3,1,42,2,1,1,1,40,2500,2300,0,873301,인건비 상승 업체 외국 이전 경우 외국인 대체 업체,인문계
29523,2,3,4,5,2,3,4,5,2,3,1,0,1,0,3,4,2,3,1,0,1,0,2,3,2,3,2,3,2,3,2,3,3,3,3,3,1,0,4,5,3,3,2,3,2,4,2,3,2,2,2,3,1,0,1,0,1,0,1,0,2,4,2,2,1,0,1,0,1,0,1,0,1,0,2,3,1,0,3,3,2,3,1,0,3,4,4,5,4,1,4,3,2,3,3,2,2,1,4,2,2,7,1,2,2,2,0,1,2,2,1,1,4,3,2,2,2,3,4,2,4,2,2,4,4,5,3,4,3,5,4,3,4,3,4,4,2,3,5,4,4,3,2,2,2,2,2,2,2,2,2,1,3,3,3,3,2,8,6,3,2,2,3,3,2,6,2,25,2,1,1,1,45,2520,2520,0,615301,인터 직거래 유통,인문계
29524,4,5,4,6,4,5,4,4,3,4,4,4,3,4,3,3,4,5,4,4,4,5,4,5,4,5,4,5,4,4,4,4,3,4,3,5,4,4,4,5,4,4,3,4,4,5,3,3,3,4,3,3,3,4,3,3,1,0,2,2,2,3,2,4,3,3,2,3,2,2,2,2,3,3,2,2,2,2,2,2,2,3,2,2,3,5,3,4,4,3,3,4,4,3,3,3,4,4,3,4,4,15,2,5,1,2,0,7,5,3,4,3,4,4,3,4,3,3,4,4,2,3,3,3,3,2,3,2,4,4,3,4,3,2,2,3,3,5,4,3,5,4,2,2,2,2,2,2,2,2,2,1,3,3,3,3,2,6,6,5,4,5,4,4,5,5,1,47,5,1,1,1,50,6800,3600,0,155106,원자력발전기술사 상태 유지,원자력공학
29525,3,3,3,4,4,5,4,4,3,5,4,5,2,3,4,4,4,4,4,4,3,4,4,4,4,4,4,6,4,5,4,6,4,5,4,5,4,3,4,4,5,5,5,4,4,4,4,4,4,5,5,6,2,3,2,2,1,0,1,0,2,3,4,4,2,2,1,0,1,0,1,0,4,5,2,4,2,3,2,2,3,3,2,3,4,3,3,3,4,4,3,4,5,3,5,3,3,4,3,3,5,7,1,3,2,1,2,2,6,5,4,5,5,4,5,3,4,5,4,4,2,4,4,4,4,4,5,2,4,1,4,5,4,4,5,5,5,3,3,4,4,5,2,2,2,2,2,2,1,2,2,1,3,3,1,3,2,7,4,7,6,3,5,3,6,5,1,62,5,1,1,1,36,7800,7200,0,12201,경영자의 뉴리더쉽 영업 마켓팅 인원 추가 증가 채용 구조조정 경영 관련 관리자 인력 한정 것이므 변화,경영학
29526,4,4,4,4,4,4,4,4,5,5,4,4,4,4,4,5,4,4,5,5,4,4,4,5,4,4,5,5,5,5,4,4,4,4,4,5,4,4,4,4,5,5,4,4,4,4,4,4,4,4,4,4,5,5,3,5,4,4,4,4,5,5,5,5,5,5,5,5,4,4,4,4,4,4,4,4,4,4,4,4,5,5,4,4,4,4,4,4,5,4,5,4,5,4,4,4,4,5,4,4,3,13,2,4,2,2,0,2,7,4,4,4,4,4,4,3,4,3,4,4,2,4,4,4,5,4,4,4,5,4,4,4,3,4,4,5,4,4,5,4,4,4,2,2,2,2,2,2,2,2,2,2,2,2,2,2,2,6,3,6,7,3,3,6,7,6,1,39,6,1,1,1,40,4500,3000,0,122104,자동화 시스템 감소,생명과학
29527,4,4,4,4,4,4,4,4,4,4,4,4,4,4,3,3,4,4,4,4,4,4,4,4,4,4,4,4,4,4,4,4,4,4,4,4,4,4,4,4,4,4,4,4,4,4,4,4,4,4,4,4,4,4,4,4,4,4,3,3,3,3,4,4,4,4,4,4,4,4,4,4,4,4,4,4,4,4,4,5,5,6,4,4,4,4,4,4,2,4,2,3,4,2,3,4,2,4,3,4,4,6,1,2,2,1,3,2,2,4,3,2,4,4,3,3,2,4,4,4,4,2,2,4,3,4,4,3,4,3,3,4,2,4,3,2,4,5,3,4,4,5,2,2,2,2,2,2,2,2,2,2,3,3,3,3,2,8,4,4,3,3,4,5,7,7,1,48,2,1,3,2,40,4800,3200,0,701401,콘크리트 배합 작업 재개발 산업,전기
29528,3,4,3,3,4,5,2,3,1,0,1,0,1,0,3,4,4,5,2,1,1,0,3,3,2,2,2,2,1,0,1,0,1,0,1,0,2,1,2,1,3,2,3,2,2,1,1,0,2,6,2,1,1,0,1,0,1,0,1,0,4,5,1,0,1,0,1,0,1,0,1,0,1,0,1,0,1,0,1,0,2,3,1,0,2,3,2,3,3,4,3,3,3,3,4,2,4,4,3,2,3,16,5,3,1,1,3,7,5,3,3,3,3,3,3,3,9,9,4,4,3,4,4,4,4,4,3,2,4,4,4,3,3,3,3,3,4,5,5,4,4,3,2,2,2,2,2,2,2,2,2,1,3,2,2,3,1,5,5,5,5,5,5,5,5,5,2,38,4,1,1,1,45,3000,2100,0,413201,1급정사서 도서관 적응을 위해서 교육이 필요하다 도서관 사람,문헌정보학
29529,1,0,2,5,1,0,1,0,1,0,1,0,1,0,3,4,1,0,1,0,1,0,3,5,4,5,1,0,3,5,4,6,3,5,1,0,1,0,1,0,2,3,1,0,2,3,3,5,4,6,1,0,4,5,4,5,3,5,4,5,2,3,1,0,4,4,4,6,4,5,4,5,1,0,4,5,4,5,4,5,1,0,1,0,4,5,1,0,4,4,5,2,2,4,3,3,4,4,2,3,5,13,1,1,2,2,0,3,4,3,2,3,4,3,3,3,9,9,9,3,3,2,3,4,4,4,3,4,2,2,4,4,3,4,4,3,3,5,4,4,3,3,2,1,1,2,2,2,2,2,2,1,1,2,2,2,2,9,8,3,2,3,2,9,3,5,1,39,3,2,5,1,50,0,0,3000,881201,발달 변화 휴대폰 보급,전자
29530,3,3,1,0,1,0,1,0,1,0,1,0,1,0,2,2,1,0,1,0,1,0,1,0,1,0,1,0,3,3,1,0,1,0,1,0,1,0,1,0,3,3,1,0,1,0,1,0,3,2,1,0,3,3,3,2,1,0,2,2,3,3,3,3,4,5,1,0,1,0,3,3,1,0,1,0,1,0,1,0,1,0,1,0,4,4,2,2,4,3,2,3,3,2,2,3,3,2,2,2,2,8,1,2,2,1,2,7,2,4,3,3,3,3,3,3,4,3,4,3,3,3,3,4,3,2,3,3,3,3,3,2,3,3,2,3,4,4,3,4,4,2,2,2,2,2,2,2,2,2,2,2,2,3,3,3,2,5,5,6,7,8,7,7,6,6,1,51,2,1,1,1,40,3200,3000,0,624301,기초안전교육 해양 자원 고갈 선박 운항,기계
29531,1,0,2,3,1,0,1,0,1,0,1,0,1,0,2,3,2,4,3,4,1,0,1,0,2,3,3,4,1,0,3,4,1,0,1,0,1,0,1,0,2,3,2,3,2,3,1,0,1,0,1,0,1,0,1,0,1,0,2,3,2,3,1,0,3,4,1,0,1,0,1,0,1,0,2,3,3,4,3,4,2,3,2,4,2,3,2,3,3,3,3,4,4,2,3,3,3,3,4,2,4,8,1,2,2,2,0,7,2,3,3,3,4,3,3,4,3,3,4,4,2,3,4,4,3,3,3,4,3,3,3,4,3,3,4,3,3,3,4,3,3,3,2,2,2,2,2,2,2,2,2,2,2,3,3,3,1,3,4,6,5,4,6,4,5,6,1,32,4,1,1,1,40,4200,4000,0,28202,자동화 시스템 감소 추세,산업공학
29532,4,5,4,6,5,7,5,6,4,6,5,6,4,6,4,6,4,4,5,5,5,7,5,6,4,5,4,6,3,5,5,6,5,6,5,7,3,5,5,7,4,6,5,6,5,7,5,7,5,7,4,6,5,6,4,5,4,6,4,5,3,4,4,6,4,6,3,4,4,6,5,7,5,5,3,4,3,3,5,7,4,5,4,6,4,6,3,5,3,3,3,3,3,3,4,2,3,4,3,3,3,17,2,5,2,2,0,5,5,3,3,3,3,3,3,4,3,4,4,4,3,3,3,3,3,3,3,3,4,4,5,3,3,3,4,3,3,5,5,2,5,5,2,2,2,2,2,2,2,2,2,2,3,1,1,1,1,2,4,5,3,7,8,4,5,8,2,35,4,1,1,1,40,3900,3000,0,122101,상태 유지,응급의학
29533,2,2,2,3,2,3,2,3,1,0,2,3,1,0,1,0,2,2,2,3,1,0,1,0,2,2,1,0,1,0,2,2,1,0,1,0,2,2,1,0,1,0,2,2,1,0,1,0,2,2,2,2,1,0,1,0,2,2,1,0,1,0,2,2,1,0,1,0,1,0,1,0,1,0,1,0,2,3,2,2,2,2,2,2,2,2,1,0,2,2,2,2,2,2,2,2,2,2,3,2,3,6,1,2,2,2,0,5,3,2,1,1,3,3,2,3,3,3,3,3,4,2,2,4,4,4,3,2,3,3,3,4,2,2,2,2,3,2,2,2,3,4,2,2,2,2,2,2,2,2,2,1,2,3,3,3,2,5,5,5,6,5,7,5,5,5,1,56,2,1,3,2,52,3800,2000,0,701701,외국 노동자 채용,이과
29534,5,6,5,7,5,6,5,6,5,7,5,6,4,6,5,7,4,6,5,7,5,6,5,7,5,6,5,7,4,6,5,7,4,6,5,7,5,6,4,5,4,6,3,4,3,4,3,5,3,4,3,5,3,3,2,3,2,5,3,4,3,4,5,6,4,5,4,6,1,0,4,5,1,0,1,0,1,0,1,0,1,0,1,0,1,0,1,0,3,3,3,3,4,3,4,3,3,3,3,3,3,15,2,5,2,2,0,2,5,3,3,3,3,3,3,3,3,3,3,3,4,3,4,3,3,3,3,4,3,4,4,3,3,3,3,3,3,3,3,3,3,4,2,2,2,2,2,2,2,2,2,2,3,2,3,3,2,2,5,3,5,7,5,5,5,5,2,44,4,1,1,1,40,4500,3000,0,121104,상태 유지,생명공학
29535,5,7,5,7,5,7,5,7,4,7,5,6,5,6,5,6,3,5,2,4,5,7,5,6,5,6,4,6,4,6,4,6,5,7,4,5,5,6,5,7,5,7,4,7,5,7,5,6,3,5,4,6,4,5,3,5,3,5,3,4,3,4,3,4,3,4,4,5,4,6,4,5,4,4,3,3,3,3,4,5,3,3,3,3,3,3,3,4,5,5,5,3,4,4,5,3,4,5,5,5,5,16,5,6,1,2,0,6,7,5,5,5,5,4,4,3,3,4,4,4,2,4,4,5,5,5,5,1,5,2,3,5,5,5,4,3,4,5,4,3,3,5,2,1,2,2,2,2,2,2,2,2,2,1,1,2,1,2,2,2,7,6,4,2,4,6,1,61,6,1,1,1,40,9000,4200,0,211101,박사학위 코로나 원격강 시스템 사용 학령 인구 감소,경영학
29536,5,6,5,5,5,6,5,6,4,5,5,5,4,5,5,5,5,5,5,5,4,5,5,6,5,5,4,6,5,6,5,6,5,5,4,5,5,6,5,6,4,5,4,5,4,5,1,0,3,3,3,4,4,5,1,0,2,4,3,3,4,4,4,4,1,0,3,3,1,0,1,0,3,5,2,3,2,4,4,4,1,0,3,4,4,6,4,4,4,4,2,4,4,3,4,2,2,5,5,4,2,17,1,1,1,2,0,5,5,4,3,4,5,5,4,4,3,4,4,4,2,5,4,5,2,4,5,2,3,2,2,4,4,4,3,3,4,4,4,4,4,2,2,2,2,2,2,2,2,2,2,1,4,2,2,3,2,8,4,3,2,2,4,8,5,3,2,37,5,1,1,1,30,2800,2500,0,306901,언어재활사 행동치료사 인공 지능 기계 분야 생각 때문,아동학
29537,3,3,2,3,2,2,2,2,2,2,2,2,2,2,2,2,2,2,2,2,2,3,3,4,3,3,1,0,2,2,3,2,1,0,2,2,2,2,2,2,2,2,1,0,3,3,1,0,2,2,1,0,1,0,2,2,3,3,4,4,1,0,1,0,5,6,5,4,5,5,5,3,1,0,2,2,5,4,5,3,4,3,4,3,2,3,2,2,2,3,2,2,2,2,2,2,3,3,3,3,2,3,1,2,2,2,0,7,1,3,2,1,3,2,1,2,1,2,3,2,3,4,2,3,3,3,1,3,3,4,2,5,4,2,3,4,5,4,3,2,5,3,2,2,2,2,2,2,2,2,2,2,2,2,2,2,2,8,7,8,5,3,6,8,4,5,2,54,2,1,1,1,40,2100,1900,0,873401,제조 정의 기계화,상고
29538,5,5,5,5,3,4,3,2,4,4,5,4,2,4,4,4,2,4,4,4,3,3,4,4,3,4,5,4,1,0,2,2,2,4,2,5,2,4,2,2,5,4,4,3,3,4,3,3,1,0,3,4,3,3,3,3,4,4,3,3,5,4,4,4,3,3,4,4,2,2,2,3,3,4,4,4,2,2,2,3,2,3,2,2,4,4,1,0,4,3,2,4,5,3,5,4,4,4,5,4,4,13,2,4,2,2,0,2,5,4,4,3,4,5,4,4,3,2,4,3,4,4,3,3,4,3,3,2,3,2,2,4,4,4,4,3,2,3,4,3,3,3,2,2,2,2,2,2,2,2,2,2,4,3,1,3,1,7,7,7,4,3,4,6,3,4,1,36,5,1,1,1,40,4500,2700,0,121106,일반 국민 천문 과학 기술 대한 관심,천문학
29539,3,3,4,5,4,4,2,2,4,5,5,6,2,2,4,6,2,2,2,2,5,4,2,2,2,2,4,4,4,2,2,2,5,5,4,4,2,2,5,6,4,4,2,2,2,2,3,5,1,0,2,2,1,0,2,2,1,0,1,0,2,3,4,4,2,2,2,2,1,0,1,0,1,0,2,2,1,0,1,0,2,2,2,2,2,2,2,2,4,4,3,2,4,3,4,3,3,4,4,3,3,17,3,2,1,2,0,3,4,3,3,2,4,3,3,2,2,3,3,3,2,3,4,4,3,4,4,3,4,3,3,4,4,3,4,4,3,4,3,3,4,4,2,2,2,2,2,2,2,2,2,1,4,3,3,3,2,7,9,8,7,3,7,8,5,7,2,42,4,1,1,1,40,3600,2200,0,231101,사회복지사 회복 서비스 복지사 필요,사회복지학
29540,1,0,1,0,1,0,1,0,1,0,2,2,1,0,2,2,2,3,1,0,1,0,1,0,2,3,1,0,1,0,1,0,1,0,1,0,1,0,1,0,1,0,1,0,1,0,1,0,1,0,1,0,2,3,1,0,2,2,2,3,1,0,2,1,4,4,2,2,2,2,4,4,1,0,1,0,2,2,2,3,2,2,2,2,3,2,2,2,3,2,3,2,2,2,3,2,2,2,2,2,3,3,1,2,1,2,0,5,2,2,2,2,4,2,2,3,2,3,3,3,4,2,2,4,3,3,4,3,4,3,3,5,2,3,3,3,4,4,3,3,3,4,2,2,2,2,2,2,2,2,2,3,3,3,3,3,2,8,8,7,3,3,5,3,3,4,1,46,3,1,1,1,40,4500,3000,0,861101,섬유공정기술사 기계화,섬유산업학
29541,2,4,2,2,1,0,2,3,3,3,2,2,1,0,2,2,3,3,2,3,2,2,1,0,4,4,1,0,1,0,3,3,1,0,1,0,2,3,3,3,2,2,1,0,1,0,1,0,1,0,1,0,3,3,2,2,3,5,4,4,1,0,1,0,2,2,2,3,3,3,3,3,2,3,3,3,2,3,3,4,3,3,3,3,4,5,2,2,4,4,3,4,2,1,2,2,3,3,3,3,2,3,1,2,2,2,0,3,2,3,3,3,3,3,2,2,3,3,3,3,3,2,3,4,3,3,2,3,4,5,3,4,4,5,5,5,4,4,3,4,4,4,2,2,2,2,2,2,2,2,2,1,3,3,3,3,2,6,7,7,4,5,5,6,5,6,1,34,3,1,1,1,40,3400,2200,0,821201,금속 산업 지금 유지,기계공학
29542,4,4,4,4,2,3,3,4,5,5,5,5,1,0,4,4,3,4,2,3,3,4,4,4,3,4,3,4,2,4,3,4,2,3,3,4,2,3,2,3,3,4,3,4,3,4,3,5,3,4,4,4,4,4,3,4,3,4,3,3,3,5,4,4,3,4,3,4,3,3,3,4,2,3,3,4,3,4,3,4,3,3,3,4,3,4,2,2,4,5,3,4,5,2,4,2,4,5,5,4,4,17,1,3,1,2,0,2,4,4,4,4,4,5,4,4,4,3,4,4,4,4,4,2,3,2,4,2,4,2,2,5,5,4,4,4,3,4,3,2,4,4,2,2,2,2,2,2,2,2,2,3,3,2,2,3,1,5,6,6,4,4,5,7,3,4,2,31,4,1,1,1,40,3100,2800,0,306101,임상병리사 면허증 필요성 만큼 과인 배출 현재 상태 유지 예정,임상병리학
29543,3,5,4,5,3,4,4,5,3,5,3,5,1,0,4,6,3,5,4,5,3,5,4,6,4,6,4,6,4,6,3,6,3,5,4,5,4,6,4,6,3,5,1,0,4,6,1,0,1,0,1,0,1,0,1,0,3,5,1,0,3,5,1,0,1,0,1,0,1,0,1,0,4,5,1,0,1,0,1,0,3,5,3,5,3,5,3,5,4,5,2,3,4,2,3,2,4,4,4,3,2,18,2,2,1,2,0,5,5,4,4,3,3,4,3,3,3,4,4,3,2,4,4,4,4,4,3,4,4,3,4,4,5,5,4,4,5,4,5,4,4,4,2,2,2,2,2,2,2,2,2,1,4,3,2,3,2,3,7,5,6,3,5,7,8,5,1,36,4,1,1,1,42,4000,3500,0,420402,스포츠 지도자 물리치료사 선수 기량 향상 위해 때문,물리치료학
29544,4,5,3,4,4,4,4,4,3,4,3,4,4,5,3,3,4,4,3,3,4,4,3,3,3,3,3,4,3,3,4,4,3,3,4,4,4,4,3,3,4,5,4,5,4,5,3,4,4,5,4,5,4,5,4,5,4,5,4,5,4,4,3,4,3,3,4,5,4,5,4,5,4,5,4,5,4,5,4,5,4,5,4,5,4,5,4,5,3,3,3,3,4,4,4,4,3,3,4,4,4,6,1,3,1,1,3,3,5,4,3,2,3,4,4,3,2,2,2,2,3,2,2,4,4,3,3,4,3,3,4,3,4,4,3,3,3,3,3,4,4,3,1,1,1,1,1,1,1,1,1,3,2,2,2,2,1,3,4,7,7,4,3,8,7,3,1,39,4,1,3,1,52,4000,2500,0,16101,토목기사 기사 시험 건설 기계 장비 도입 기계 자동화,토목공학
29545,3,5,3,4,2,3,4,4,2,3,1,0,3,4,2,2,2,2,1,0,4,6,1,0,5,6,4,4,1,0,2,2,5,6,2,3,1,0,5,6,2,1,1,0,5,6,1,0,4,4,2,4,2,4,5,6,1,0,1,0,5,7,1,0,1,0,1,0,2,2,1,0,1,0,2,2,5,6,1,0,1,0,1,0,1,0,1,0,5,2,1,2,5,4,2,4,3,2,2,5,4,18,1,2,2,2,0,3,5,5,5,2,4,3,2,4,3,2,3,5,4,5,4,4,3,2,1,2,4,3,1,4,3,2,1,4,3,5,4,3,2,2,1,1,2,2,1,2,1,2,1,2,3,2,2,3,1,7,8,6,4,2,8,8,6,7,1,32,4,1,1,1,48,8000,5000,0,416104,기술 도입 장비 변화 자동화 크게 변화,광고학
29546,3,4,2,3,3,3,3,4,3,4,4,5,4,5,3,4,3,4,4,5,3,4,4,5,4,6,4,4,3,3,4,5,3,4,4,5,4,5,3,4,4,5,3,4,4,5,3,4,4,5,3,4,4,4,4,5,3,4,4,4,4,7,3,4,4,4,4,4,3,4,4,5,4,4,3,4,4,5,4,5,3,4,4,5,4,5,4,4,4,4,4,3,4,4,3,3,4,4,3,3,4,18,4,1,2,2,0,1,5,4,3,4,4,4,4,4,9,9,9,4,3,4,4,4,3,4,4,3,3,3,4,4,4,4,3,4,3,4,3,4,4,3,2,2,2,2,2,2,2,2,2,2,3,3,3,3,2,6,7,5,4,5,5,5,6,3,1,30,4,2,6,1,40,0,0,2900,420202,인기 게임 영향 관심,철학
29547,2,2,2,2,2,2,2,2,2,2,2,2,4,6,2,2,2,2,2,2,2,2,2,2,4,5,4,5,2,2,2,2,2,2,2,2,2,2,2,2,3,4,2,2,3,4,3,3,3,3,3,3,3,3,3,3,3,3,2,2,2,2,2,3,2,1,3,5,3,5,2,2,2,2,5,6,4,5,2,2,2,2,2,3,2,4,2,1,3,2,4,2,2,2,2,2,3,2,2,2,4,3,4,1,2,2,0,3,2,2,1,1,3,4,3,2,9,9,9,2,2,4,4,3,2,3,3,4,3,3,2,4,3,4,3,2,3,4,3,3,4,4,2,2,2,2,2,2,2,2,2,3,1,3,2,2,2,8,8,8,7,6,6,7,5,3,1,42,2,2,6,1,40,0,0,3000,864101,수요,기계
29548,4,5,4,5,4,5,3,5,3,4,3,4,4,5,4,4,3,5,2,5,3,4,4,5,4,5,3,4,3,5,4,5,4,5,3,4,4,5,3,5,4,5,4,6,4,4,3,4,4,6,3,5,4,6,4,6,3,5,4,6,5,6,4,5,4,5,4,5,4,6,4,4,4,4,3,5,4,5,4,5,4,5,3,4,4,5,4,5,4,3,4,4,3,4,4,4,3,3,3,3,3,10,1,5,1,2,0,5,5,4,4,4,3,4,3,4,4,4,4,4,4,4,4,4,4,4,4,4,3,3,3,3,3,4,4,4,4,4,4,3,4,3,2,2,2,2,2,2,2,2,2,2,3,2,2,3,1,7,7,6,7,6,5,5,6,6,1,48,4,1,1,1,40,5500,3100,0,131202,전자응용기술사 산업기사,전기공학
29549,4,6,4,6,4,5,3,4,4,5,4,6,3,5,4,6,3,4,2,4,4,5,4,5,3,5,3,5,3,4,3,4,2,5,3,4,4,5,3,4,4,4,4,4,3,4,3,4,3,5,3,4,4,4,4,5,4,5,3,4,3,5,3,4,3,4,3,6,3,5,3,5,3,4,3,4,3,4,3,4,3,5,2,4,2,4,2,4,4,3,3,4,4,3,4,3,3,4,4,4,3,13,3,3,2,2,0,2,6,4,4,4,4,4,4,3,3,4,4,4,2,4,4,4,3,4,3,4,4,4,4,4,3,4,4,4,4,5,5,4,5,4,2,2,2,2,2,2,2,2,2,2,2,3,3,3,2,7,4,7,3,4,5,6,4,7,1,39,6,1,1,1,44,6900,5000,0,155106,자동화 시스템 인공 지능 로봇 대신 감소,물리학
29550,2,2,2,2,2,2,2,3,2,3,2,3,2,3,2,2,3,4,2,3,3,3,2,3,3,4,2,2,1,0,1,0,1,0,1,0,2,3,2,2,3,3,3,4,2,3,2,3,2,3,2,2,3,4,1,0,4,5,2,3,2,3,1,0,4,4,3,4,3,2,4,4,2,2,2,3,3,3,3,4,2,2,2,2,2,2,5,7,4,3,2,3,3,2,3,2,3,4,3,3,4,18,1,2,1,2,0,6,4,3,3,3,3,4,3,3,3,3,4,3,3,4,3,4,3,3,4,3,2,4,3,4,4,4,3,3,3,4,3,3,3,4,2,1,1,2,2,2,2,2,2,3,2,3,3,3,2,7,7,7,4,4,4,7,4,4,1,36,4,1,1,1,40,3800,3000,0,416501,방송통신 기능사 음향 녹음 기기 구입 기술 부분 정도 자동화 기계화,음향
29551,3,4,3,5,3,4,3,4,3,4,3,4,3,4,3,4,3,5,3,4,3,5,3,5,3,5,3,4,3,4,4,4,3,5,3,4,3,4,2,3,3,4,3,4,3,5,4,5,3,5,3,5,3,5,3,5,4,5,4,5,3,4,4,5,3,4,3,5,4,5,3,4,3,4,3,4,3,4,3,4,2,3,3,4,3,3,4,5,4,4,3,3,3,3,4,3,3,4,4,3,3,18,3,2,2,1,4,5,5,3,3,3,4,3,3,3,3,4,4,4,3,3,3,3,4,4,3,3,4,4,3,3,3,3,3,3,4,4,4,3,5,5,1,2,2,2,2,2,2,1,1,2,2,2,2,2,1,5,6,6,5,6,5,5,5,5,2,34,4,1,3,2,48,3900,3000,0,414401,국악의역사 국악기 습득 필요 업무 국악인 증가,국악
29552,3,4,3,5,3,5,3,5,3,5,3,5,3,5,3,5,3,5,3,5,3,5,3,5,3,5,4,6,3,5,3,5,3,4,3,5,3,5,3,4,3,5,4,6,3,5,4,6,3,5,3,6,3,5,3,5,3,5,4,5,4,6,3,5,3,5,3,4,3,4,2,4,4,6,2,3,2,4,3,4,3,4,3,5,3,5,2,4,4,3,4,2,3,4,3,3,3,4,4,4,3,8,1,2,1,2,0,6,5,3,2,2,2,4,3,3,4,3,2,3,3,4,3,4,3,2,3,4,3,4,3,4,3,4,4,3,2,4,3,2,4,4,2,2,2,2,2,2,2,2,2,2,2,3,3,3,1,6,5,4,5,6,6,5,6,5,1,49,4,1,1,1,40,6000,5000,0,151105,인벤트3D설계 인공 지능 자동화 인력,기계설계학
29553,3,4,4,5,3,4,4,5,3,4,3,4,3,5,3,4,3,4,3,4,4,5,3,4,4,5,3,5,3,4,3,4,4,5,3,5,4,4,4,4,3,4,3,5,3,4,3,4,4,5,3,4,3,4,3,4,4,5,4,5,3,4,4,5,3,4,4,5,4,6,4,6,4,6,4,5,4,5,4,5,3,4,3,4,4,5,4,4,4,5,4,4,5,4,4,4,3,4,3,4,3,3,1,2,1,2,0,7,5,3,2,3,4,4,4,4,3,4,3,4,2,4,3,4,4,3,3,4,3,3,3,3,3,3,4,4,3,3,4,3,3,4,2,2,2,2,2,2,2,2,2,1,2,2,2,2,1,6,5,6,5,5,5,6,6,6,1,32,4,1,1,1,48,3000,2500,0,153104,전기기사 기술 개발,전기
29554,5,5,5,6,5,6,5,6,5,5,5,6,4,5,5,6,5,5,3,4,3,4,4,6,4,5,4,5,5,5,4,6,5,5,5,5,5,5,5,6,5,6,4,5,4,5,4,5,3,3,5,3,3,4,2,3,3,4,3,4,4,4,3,3,2,3,3,4,3,4,3,4,4,5,2,3,2,3,2,2,1,0,2,3,2,4,2,3,3,4,3,3,3,4,4,4,3,5,4,4,4,13,1,2,1,2,0,6,5,4,2,1,3,4,2,3,4,5,4,3,3,2,1,4,5,3,3,4,4,5,3,5,2,3,2,3,3,4,2,1,5,5,2,1,2,2,2,1,1,2,1,3,1,2,2,3,2,5,5,3,5,3,3,5,3,3,1,33,4,1,1,1,40,3200,3000,0,23301,관세사 운전면허증 통관 프로그램 도입 서버 방식 변화 관세사 공급 증가 시장 감소 기술 발달 규모 경제,무역학/경영학
29555,4,5,4,5,4,5,4,5,4,5,4,6,3,4,3,5,3,5,3,4,3,3,4,6,3,4,3,5,4,5,2,3,3,4,3,4,2,3,3,4,3,4,4,6,3,4,4,6,2,5,3,5,2,2,2,2,2,2,2,2,2,3,2,2,2,2,2,2,2,2,2,2,2,2,2,2,2,2,2,3,2,2,2,2,2,2,2,2,4,4,4,4,4,3,3,3,3,3,4,4,4,3,1,2,2,2,0,4,5,4,4,4,3,3,3,3,9,9,3,4,2,4,4,3,4,4,4,3,4,4,3,4,4,5,4,4,5,5,4,4,5,4,2,2,2,2,2,2,2,2,2,2,2,3,3,3,2,7,4,5,6,3,4,6,7,7,1,55,4,2,5,1,45,0,0,7000,12201,경기 장기 침체 폐업 기업,기계공학
29556,4,4,5,5,3,3,4,5,4,5,4,4,4,5,3,4,3,4,4,5,4,5,3,4,3,4,3,4,3,5,3,4,3,5,3,5,3,4,5,6,4,5,4,5,4,5,3,5,4,5,4,6,4,5,4,5,4,5,4,5,4,5,4,5,4,5,4,5,4,5,3,4,3,4,5,5,5,5,4,5,4,5,4,5,4,5,3,4,3,4,3,3,3,4,2,3,3,4,3,3,3,19,1,2,1,1,3,5,5,3,4,3,3,3,3,4,5,4,4,5,4,4,3,4,3,4,3,3,3,3,4,4,3,4,3,3,4,3,3,3,3,4,2,2,2,2,2,2,2,2,2,1,2,2,2,2,2,5,5,6,5,5,5,6,5,5,1,30,4,1,1,1,40,3600,3000,0,415301,시각디자인산업기사 실내설계 경기 불황,건축학
29557,3,3,3,3,3,4,3,4,2,3,3,5,4,6,3,4,3,3,3,4,3,4,3,4,2,2,3,6,3,3,4,5,3,3,3,4,4,6,3,5,3,5,3,4,3,5,3,4,4,4,4,5,3,5,2,3,3,5,3,5,2,3,1,0,2,2,2,3,2,2,2,3,1,0,1,0,2,4,1,0,3,4,2,2,3,3,2,2,4,3,2,2,3,2,3,4,2,3,3,3,4,13,1,2,2,1,2,2,2,4,4,4,4,4,4,4,5,5,4,5,2,4,4,4,4,4,5,4,4,4,3,4,3,4,5,4,3,4,4,4,4,4,2,2,2,2,2,2,2,2,2,1,3,3,3,3,2,7,6,4,5,7,7,7,7,7,1,47,2,1,1,1,40,2800,1900,0,885201,실무교육 옥외광고 종류 크기 다양 시장 형성,전기
29558,4,6,3,5,1,0,1,0,5,7,5,7,3,6,3,5,3,4,5,6,4,4,3,4,3,5,3,5,1,0,2,3,1,0,3,4,1,0,1,0,5,6,3,5,4,4,3,4,4,4,3,5,5,6,5,6,4,5,4,6,2,4,1,0,5,6,3,5,5,6,4,6,3,4,4,6,4,4,2,4,2,4,1,0,4,4,1,0,4,3,4,3,3,4,3,2,4,3,4,4,2,3,1,3,1,2,0,3,4,3,4,4,4,4,5,5,3,4,4,5,2,5,4,4,3,5,4,4,3,4,5,5,4,4,5,3,3,4,4,5,3,4,2,2,2,2,2,2,2,2,2,2,4,2,3,3,2,7,4,6,3,2,6,8,6,7,1,39,4,1,1,1,40,4000,3500,0,153203,산업제어계측기술사 전자응용기술사 지능 서비스 로봇 사업 수요 증가,전자공학
29559,3,5,3,4,3,4,3,5,3,4,3,5,3,4,3,3,3,3,3,4,3,4,3,4,3,5,3,4,3,5,3,5,3,5,3,4,3,4,3,4,3,5,3,5,3,5,3,4,4,4,3,4,3,4,4,5,3,5,3,5,4,5,3,5,3,5,3,5,3,5,3,5,4,5,4,4,4,5,4,5,4,5,3,5,4,5,4,4,4,4,3,4,3,2,3,4,3,3,3,3,3,3,1,2,2,2,0,7,2,4,3,3,4,4,3,4,5,4,4,4,2,3,3,3,4,3,3,3,4,3,3,4,3,3,3,4,3,3,3,4,3,3,2,2,2,2,2,2,2,2,2,2,2,2,2,3,1,8,7,7,7,7,7,6,7,6,2,36,2,1,1,1,40,3600,3400,0,864101,시스템 개발,산업디자인
29560,3,5,3,4,4,4,3,4,4,5,3,5,3,5,3,5,3,4,3,4,4,4,3,5,3,5,3,4,4,4,4,5,4,4,4,5,3,3,3,5,3,5,4,5,3,5,3,5,3,4,4,4,4,4,3,4,4,4,3,5,3,4,4,4,2,4,3,5,3,5,4,5,3,4,4,6,3,6,3,5,3,5,4,4,3,6,3,4,3,4,3,3,3,4,4,3,3,4,3,4,3,17,1,2,1,1,2,2,4,4,3,4,3,3,3,3,4,4,4,4,3,3,3,3,3,4,3,3,3,3,4,3,3,3,4,4,4,4,3,3,3,2,2,2,2,2,2,2,2,2,2,2,3,2,2,2,2,5,6,5,4,6,6,4,5,5,2,28,3,1,1,1,44,2800,2400,0,306301,치과기공사 면허증 실무교육 기술 인력,치기공학
29561,4,5,4,5,3,5,4,5,3,5,4,5,4,5,3,5,4,5,4,5,4,5,3,6,4,5,3,5,4,5,4,5,4,5,4,5,4,5,4,6,4,5,4,5,4,5,4,5,4,5,3,5,4,5,4,5,3,5,4,5,4,4,3,5,4,5,4,4,3,5,4,5,4,5,3,3,3,4,4,4,3,5,3,5,4,4,4,4,4,4,3,3,4,4,4,4,4,3,4,3,4,3,1,4,2,2,0,5,5,4,4,3,4,4,4,4,4,5,5,4,3,2,3,4,4,4,3,3,4,3,4,4,4,3,3,4,4,3,3,2,3,3,2,2,2,2,2,2,2,2,2,1,3,2,2,2,1,6,7,8,8,7,7,6,6,5,1,36,4,1,1,1,40,3500,2500,0,153201,소비 변화,전자공학
29562,2,4,3,4,1,0,2,4,1,0,1,0,1,0,4,4,1,0,1,0,1,0,2,4,3,5,1,0,1,0,3,4,1,0,1,0,2,3,3,4,5,6,2,3,2,4,2,3,2,3,1,0,4,4,3,4,3,5,2,4,2,3,1,0,5,6,4,5,5,6,5,5,2,3,3,4,3,5,2,3,2,5,2,3,2,5,2,3,3,2,3,3,2,2,3,3,2,2,3,2,3,3,1,1,1,1,3,3,2,4,4,4,4,5,3,4,5,5,5,5,2,4,4,4,3,4,4,2,4,3,4,4,3,4,4,4,4,4,4,4,4,4,2,2,2,2,2,2,2,2,2,1,3,2,2,2,1,7,8,3,5,7,7,8,7,5,1,32,2,1,1,1,40,3000,2400,0,811601,건설기계정비 안전교육 채용 인원 한정,기계
29563,5,5,4,6,3,5,4,5,4,5,3,5,3,5,3,4,4,6,2,4,2,4,4,6,3,4,4,5,5,5,3,6,5,6,4,5,3,3,4,5,3,4,4,5,3,3,4,6,4,5,4,6,3,4,3,3,3,5,2,3,3,3,2,4,3,3,2,2,2,3,2,2,3,4,2,1,1,0,2,3,2,4,2,3,3,3,3,3,4,4,3,4,4,3,4,3,3,4,4,4,2,18,5,2,1,1,3,6,5,4,4,3,4,4,4,4,9,9,4,4,1,4,5,4,3,4,4,2,4,2,4,4,4,5,4,4,4,4,3,3,4,5,2,2,2,2,2,2,2,2,2,1,2,3,3,3,2,5,5,3,5,3,3,3,4,5,2,57,4,2,5,1,54,0,0,5000,13201,유치원 정교사 2급 원장실무연수 출산율,유아교육
29564,3,4,4,4,1,0,2,3,3,3,2,2,1,0,1,0,2,2,1,0,1,0,3,3,4,4,4,4,4,4,3,3,2,3,3,3,3,4,4,4,3,3,3,3,4,4,5,5,4,4,4,4,1,0,1,0,4,4,1,0,1,0,1,0,1,0,1,0,1,0,1,0,1,0,2,3,2,2,1,0,3,3,2,3,2,3,2,3,3,2,3,2,3,1,4,3,2,3,3,2,5,7,4,1,2,2,0,7,1,3,2,2,3,2,3,2,9,9,4,3,1,4,2,4,4,3,3,4,3,4,3,4,3,2,2,3,4,5,4,3,4,3,2,2,2,2,2,2,2,2,2,1,3,2,2,2,2,9,8,6,5,6,9,7,5,7,1,48,3,2,6,1,55,0,0,4000,872201,업종 변화,식품영양학
29565,2,3,2,3,2,2,3,3,2,3,1,0,1,0,3,4,2,2,4,5,1,0,1,0,4,4,1,0,1,0,1,0,1,0,1,0,1,0,1,0,2,3,3,5,2,2,3,5,3,4,3,5,1,0,1,0,2,3,1,0,1,0,1,0,3,4,3,3,3,4,3,4,1,0,2,3,2,3,3,4,4,3,2,2,3,4,2,3,5,4,3,3,3,2,3,2,2,1,3,3,4,6,1,2,1,2,0,1,2,4,3,2,4,3,3,4,9,9,9,4,2,4,4,3,3,3,2,4,3,5,3,5,3,3,2,1,2,4,3,2,5,5,2,2,2,2,2,2,2,2,2,1,2,3,3,3,2,7,8,6,8,6,2,7,4,3,1,39,2,2,5,1,45,0,0,4800,704001,건설기계운전원자격증 건설 건축 경기,자동차학
29566,1,0,3,3,1,0,4,3,1,0,2,2,1,0,3,3,2,3,3,2,1,0,4,5,2,3,1,0,3,3,4,4,1,0,1,0,3,2,4,4,5,4,3,3,1,0,1,0,1,0,1,0,1,0,1,0,2,3,1,0,1,0,4,4,4,4,1,0,1,0,1,0,1,0,1,0,1,0,2,3,3,4,3,3,3,4,2,4,3,4,4,3,4,2,2,2,3,2,4,4,4,3,1,2,2,2,0,2,2,4,4,4,4,3,4,3,4,3,4,4,4,3,4,4,4,3,4,3,4,3,4,3,4,4,3,4,4,3,4,4,3,3,2,2,2,2,2,2,2,2,2,2,4,3,3,3,2,5,4,3,4,5,5,5,4,6,2,58,2,1,1,1,40,2500,1800,0,872201,맞벌이 부부,문과
29567,5,5,4,6,2,3,5,5,5,6,5,6,5,6,2,4,4,5,3,4,4,6,4,6,3,4,5,6,5,6,5,6,5,5,5,6,5,7,4,6,5,5,4,7,5,6,5,6,1,0,5,6,1,0,1,0,1,0,1,0,5,6,2,4,1,0,1,0,1,0,1,0,4,6,1,0,1,0,5,6,1,0,1,0,2,3,1,0,4,5,1,4,4,2,1,5,2,4,5,4,4,11,1,2,1,1,2,2,4,4,3,3,4,3,4,4,3,4,4,4,3,2,3,3,3,4,3,3,3,5,4,3,3,4,3,4,5,5,3,3,5,3,2,2,2,2,2,2,2,2,2,2,2,2,2,2,1,5,7,3,4,5,6,4,7,5,1,32,4,1,1,1,40,5500,4000,0,12402,보험중개사 보험에 실무교육 온라인 보험 가입자 증가,경제학
29568,3,4,3,4,2,3,2,2,2,3,2,3,1,0,3,4,3,4,3,4,2,3,4,4,4,4,1,0,2,3,3,4,1,0,1,0,1,0,3,3,2,3,3,3,2,3,1,0,1,0,1,0,1,0,1,0,2,4,3,3,1,0,1,0,2,3,3,4,3,4,3,4,1,0,3,4,3,4,2,3,3,4,3,3,4,4,3,3,2,2,1,3,2,2,4,2,2,2,1,3,2,3,1,5,1,2,0,2,2,3,3,2,4,3,2,3,1,2,4,3,3,3,2,3,3,1,2,4,5,4,4,3,3,2,3,3,2,3,4,2,3,3,2,2,2,2,2,2,2,2,2,2,2,3,3,3,2,4,5,6,4,4,3,4,5,5,1,29,3,1,1,1,40,3600,2800,0,851201,화공기사 중국 수입품,기계공학
29569,2,2,2,2,2,2,3,3,2,3,2,2,2,3,2,3,2,3,2,2,2,1,2,2,2,3,2,2,3,3,2,1,3,2,3,4,2,1,3,4,3,4,2,3,2,1,2,3,3,4,2,3,2,3,3,3,2,2,2,3,2,1,3,4,3,3,2,3,4,5,2,2,2,1,2,4,2,3,2,2,3,4,3,2,2,2,2,2,4,4,4,3,3,2,3,3,3,3,2,3,3,7,1,1,2,2,0,2,2,3,3,2,4,3,3,3,9,9,9,3,2,3,3,4,4,3,4,3,3,3,3,4,4,3,2,2,3,4,3,4,5,4,2,2,2,2,2,2,2,2,2,1,3,2,2,2,2,6,7,5,6,4,4,6,4,4,1,39,4,2,5,1,40,0,0,4500,812902,건강 동호회 활동 상태 유지,철학
29570,4,4,4,4,1,0,3,3,1,0,2,2,1,0,3,4,4,4,3,4,1,0,1,0,2,2,3,4,2,3,2,2,1,0,1,0,3,4,3,3,2,2,1,0,4,4,1,0,1,0,3,2,1,0,1,0,1,0,1,0,2,2,1,0,2,2,1,0,1,0,1,0,2,3,1,0,4,5,5,5,4,4,4,5,3,4,3,4,3,3,4,2,2,1,4,2,1,2,2,1,3,15,2,3,1,1,2,7,2,4,4,4,2,3,4,3,3,4,4,4,2,4,4,3,4,4,4,5,3,3,4,3,4,3,4,3,3,3,4,4,4,4,2,2,2,2,2,2,2,2,2,1,3,1,3,3,2,9,8,7,5,5,5,6,7,7,1,32,3,1,1,1,40,2700,2300,0,624201,운전면허증 정보처리 정보화 교육 무량 인력,경영학
29571,4,5,4,4,4,4,4,4,4,4,4,5,4,6,4,6,4,5,4,5,4,5,4,5,4,5,3,5,3,5,3,4,3,4,3,5,4,5,4,5,4,5,3,4,4,4,3,4,3,4,3,5,3,4,4,4,3,3,3,4,3,4,4,4,3,3,3,4,3,5,3,5,3,4,3,4,3,4,3,4,3,5,4,5,5,5,3,3,4,4,4,4,4,3,4,3,3,3,4,4,4,13,2,2,2,2,0,6,6,4,4,4,2,3,2,2,2,2,5,3,3,3,3,3,4,4,4,4,4,4,3,3,2,3,2,3,3,3,3,2,3,3,2,2,2,2,2,2,2,2,2,4,3,1,1,1,2,7,7,5,6,8,8,3,3,3,2,42,5,1,1,1,40,6000,2700,0,122103,품졸 개발 계속,생명공학
29572,4,6,4,5,3,4,4,5,4,5,4,5,4,5,1,0,4,5,4,6,3,4,3,4,1,0,1,0,1,0,1,0,4,4,3,4,4,5,1,0,3,4,3,4,4,6,1,0,3,5,1,0,1,0,3,4,3,4,4,5,4,5,4,6,3,4,1,0,1,0,1,0,3,4,1,0,1,0,1,0,1,0,1,0,4,5,1,0,4,3,3,4,4,4,4,3,3,4,4,3,4,13,1,5,1,2,0,4,4,4,4,4,4,4,3,3,3,3,4,3,4,3,3,4,3,3,3,4,4,4,4,5,3,4,4,4,4,4,3,3,4,4,2,2,2,2,2,2,2,2,2,2,3,2,2,2,1,7,3,4,4,4,7,8,7,4,1,41,4,1,1,1,40,4000,2200,0,156201,섬유산업기사 섬유기계 기능장 섬유 디자인 산업기사 변화 요소,섬유공학
29573,2,4,2,3,4,3,3,4,4,3,2,4,3,4,2,4,3,4,3,2,3,4,4,3,4,2,3,3,4,3,3,4,3,5,2,3,2,1,3,4,4,5,3,4,4,3,2,1,4,2,5,3,4,5,5,4,2,3,3,4,4,5,3,4,5,3,3,4,3,2,4,3,4,3,1,0,2,1,2,3,1,0,1,0,4,2,2,1,5,3,4,3,5,4,3,3,4,4,5,4,3,10,1,4,1,2,0,4,4,4,3,3,3,4,4,4,3,4,5,4,2,3,4,4,3,4,2,3,4,5,1,2,4,3,3,4,5,5,4,3,5,3,1,2,1,1,2,2,2,1,2,2,4,3,2,2,1,7,3,6,3,7,5,6,4,5,1,37,4,1,1,1,40,4300,3400,0,131201,전파통신기능사 전자응용기술사 무선 중계 시스템 무선통신 장비 발전 업무 감소 무선통신 분야 수요 증가 증가 전망,정보통신학
29574,3,4,5,7,2,2,4,6,5,6,4,6,4,5,3,4,3,4,3,4,2,3,3,4,4,6,3,4,2,2,2,2,5,6,5,6,1,0,3,4,5,6,4,6,3,4,1,0,1,0,2,2,1,0,1,0,1,0,1,0,3,4,1,0,1,0,1,0,1,0,1,0,2,2,1,0,1,0,1,0,2,2,2,2,3,4,4,5,5,4,4,3,1,4,4,4,3,3,4,3,3,11,1,2,1,2,0,2,5,4,3,2,4,4,3,4,9,9,4,4,4,4,4,4,4,4,2,1,4,2,4,3,3,1,2,2,4,5,4,4,4,2,2,2,2,2,1,1,2,1,2,3,3,2,2,3,1,4,7,5,3,8,3,3,7,3,1,38,4,1,1,1,40,5500,4000,0,31101,투자자산운용사 시스템 업그레이드 전산 업무 시스템 업그레이드 업무 정도 대체 해도 변화,경제학
29575,3,3,4,5,3,5,4,5,1,0,3,4,4,6,3,4,4,5,2,4,3,4,2,4,4,5,3,3,4,5,4,5,4,5,3,4,3,4,4,5,4,5,3,5,4,6,3,4,1,0,1,0,1,0,1,0,1,0,1,0,1,0,1,0,1,0,2,3,1,0,1,0,1,0,3,4,1,0,2,4,1,0,2,3,3,3,4,5,4,4,5,3,4,4,3,4,3,4,5,3,4,17,1,2,1,2,0,2,5,4,4,3,4,4,3,5,3,3,4,3,3,2,3,3,2,2,3,4,3,3,3,3,2,4,3,3,5,4,4,5,4,3,2,2,2,2,2,2,2,2,2,1,4,2,2,2,1,7,5,5,4,3,5,4,4,7,2,33,4,1,2,2,40,2700,2300,0,306904,작업치료사 요양 재활 병원 증가,작업치료학
29576,2,2,2,2,2,2,2,2,1,0,1,0,1,0,1,0,1,0,1,0,1,0,1,0,1,0,1,0,1,0,1,0,1,0,1,0,1,0,1,0,1,0,1,0,1,0,1,0,1,0,1,0,1,0,1,0,1,0,1,0,1,0,1,0,1,0,1,0,1,0,1,0,1,0,3,5,3,5,4,6,4,6,4,6,4,6,3,5,4,5,1,4,4,3,4,4,3,4,4,5,4,18,3,3,1,2,0,2,4,4,5,4,4,3,4,5,4,5,5,5,2,3,3,3,4,4,4,3,2,2,3,4,5,5,4,4,5,4,4,4,4,3,2,2,2,2,2,2,2,2,2,2,3,3,2,3,2,8,2,3,5,6,5,5,3,3,1,41,4,1,1,1,40,3500,3000,0,420301,심판 자격증 사회인 스포츠 증가,체육교육
29577,5,6,5,6,4,7,4,7,4,6,5,7,4,6,5,6,4,6,3,5,5,7,4,6,4,6,5,6,5,6,4,6,5,7,5,6,4,6,3,5,5,7,5,7,4,6,3,6,3,5,4,6,4,5,3,4,3,4,1,0,4,5,2,4,3,3,1,0,1,0,1,0,4,5,1,0,1,0,3,4,4,5,2,3,3,4,3,4,5,5,2,4,5,2,4,3,3,4,5,5,3,15,2,4,2,1,3,7,5,5,5,4,4,4,3,4,4,3,4,4,2,3,4,4,4,3,4,2,4,3,4,4,4,4,5,5,5,5,5,5,5,4,2,2,2,2,2,2,2,2,2,2,3,3,3,3,2,8,3,2,2,1,2,2,2,8,1,30,4,1,1,1,50,7000,6800,0,221102,사법연수원 업무 특수성,법학
29578,4,4,3,4,2,3,3,5,1,0,1,0,1,0,4,5,4,5,4,5,2,2,2,3,2,2,3,3,3,4,2,3,1,0,1,0,3,5,3,4,2,3,1,0,4,5,1,0,1,0,2,3,1,0,1,0,1,0,1,0,2,3,1,0,2,3,2,2,2,2,1,0,2,3,1,0,4,6,4,5,4,5,4,5,3,3,3,5,3,3,3,2,1,1,3,2,2,3,2,2,2,15,2,3,1,1,1,1,2,4,4,4,4,3,2,4,3,3,3,3,3,4,4,5,4,4,3,4,3,4,2,4,3,4,4,3,4,4,3,3,4,4,2,2,2,2,2,2,2,2,2,1,3,1,3,3,2,7,8,7,8,6,7,6,7,4,1,43,2,1,1,1,40,3200,2000,0,624201,운전면허증 직무교육 우편물 등기 증가,인문계
29579,2,2,3,4,2,2,2,2,1,0,1,0,1,0,1,0,2,3,2,3,1,0,1,0,1,0,1,0,1,0,2,2,1,0,1,0,1,0,1,0,3,3,1,0,1,0,1,0,1,0,1,0,3,4,1,0,3,4,3,4,1,0,1,0,3,4,3,4,2,4,2,3,1,0,2,2,4,5,3,3,3,4,2,3,2,3,3,5,3,4,3,3,3,2,2,2,3,2,3,4,3,1,3,2,1,2,0,1,1,2,2,2,3,3,2,2,1,2,4,3,2,4,4,5,4,2,5,2,4,1,4,5,3,2,3,3,2,4,2,3,5,5,2,2,2,2,2,2,2,2,2,1,4,3,3,3,2,8,7,5,2,3,6,5,5,3,1,58,2,1,1,1,40,3600,2400,0,903101,산림기능사 산림 자원 산업 활성화,원예
29580,4,5,3,4,3,3,3,4,4,5,3,3,3,4,4,5,3,4,4,5,3,4,3,4,4,5,3,4,4,4,4,5,3,4,4,5,4,5,3,4,4,4,3,4,4,5,3,4,4,4,3,3,4,4,4,5,3,4,3,3,4,4,3,4,4,4,2,3,2,3,3,4,4,5,3,4,4,5,4,5,3,4,4,5,4,4,2,3,3,4,3,3,3,3,4,4,3,3,4,4,3,13,1,2,2,2,0,2,5,4,3,3,3,4,4,4,5,5,4,5,2,4,4,3,4,4,3,4,4,3,4,4,3,4,4,3,4,4,4,3,4,3,2,2,2,2,2,2,2,2,2,2,3,2,2,2,2,6,7,8,7,6,7,4,5,6,1,34,4,1,1,1,40,4000,3800,0,132004,모바일 통신 기기 확대 무선 네트워크 정보 시스템 인력 역할 점점 증가,정보통신공학
29581,3,4,2,3,2,4,2,3,2,3,2,4,1,0,2,3,2,4,2,4,2,4,2,3,2,3,2,3,2,4,3,4,2,4,3,4,3,4,2,4,3,5,2,4,3,5,2,4,3,4,3,3,2,4,2,3,2,3,3,4,2,3,3,3,3,3,2,2,1,0,1,0,2,3,2,3,3,4,2,3,2,3,2,3,3,3,2,3,5,4,4,4,4,4,4,4,4,4,5,4,4,18,1,2,2,1,4,4,3,3,3,3,3,4,2,3,2,3,4,3,4,2,3,5,5,4,4,5,4,4,2,4,5,4,4,5,4,4,5,4,4,4,2,2,2,2,2,2,1,2,2,1,1,2,2,2,1,8,7,8,3,3,5,2,3,6,2,28,4,1,2,2,30,3500,1500,0,416202,워킹 경기 경기,모델
29582,3,3,4,4,2,2,4,4,3,4,3,3,1,0,3,4,4,5,3,4,1,0,4,4,4,3,2,3,4,5,3,3,4,5,4,3,3,4,4,4,4,3,4,3,3,3,1,0,1,0,1,0,1,0,1,0,3,4,1,0,2,3,1,0,3,4,4,3,2,2,3,3,1,0,3,4,4,3,2,3,2,3,3,4,5,5,2,3,3,3,3,2,3,1,2,3,4,4,3,3,4,13,1,3,1,1,2,4,2,3,3,3,3,4,2,2,3,3,4,3,3,3,2,1,3,2,3,4,3,4,3,4,3,3,3,3,3,3,2,3,4,4,2,2,1,2,1,1,2,2,2,2,3,3,3,3,2,8,6,7,4,6,6,6,5,4,1,32,3,1,1,1,40,3000,2500,0,158501,비파괴검사 자격증 안전검사교육 메뉴얼 장비 도입 검사 산업 전반 안전성 강조 인력 수요 것이므,정보통신
29583,4,6,4,4,4,5,4,4,4,5,3,5,4,6,4,5,3,5,4,5,4,4,4,5,4,5,3,4,4,5,4,5,4,5,4,5,4,5,4,4,4,5,4,5,3,4,4,5,4,5,3,4,4,4,4,4,3,5,4,5,4,5,3,5,4,4,4,5,4,4,4,5,4,5,3,4,3,5,4,4,3,4,4,5,3,4,4,5,4,3,3,4,4,3,4,4,4,3,3,4,4,19,1,2,1,2,0,2,5,3,3,4,4,4,3,4,5,5,4,4,3,4,4,3,3,4,4,3,3,4,2,4,4,3,3,4,4,4,4,3,4,3,2,2,2,2,2,2,2,2,2,2,3,3,3,3,2,7,5,5,6,6,7,6,5,6,1,50,4,1,1,1,40,5000,3000,0,221301,법무사 민원 소송 증가,법학
29584,4,4,4,5,3,5,4,5,3,5,4,5,4,4,4,5,3,5,4,4,4,4,4,5,4,5,4,4,4,4,4,4,4,4,4,4,4,4,4,4,4,4,4,4,4,4,4,5,4,5,3,5,3,6,4,4,4,5,3,5,4,4,4,4,4,4,4,4,4,4,4,5,4,5,3,5,3,5,4,4,4,5,3,5,4,4,4,5,4,3,4,4,3,4,4,4,3,4,3,4,4,17,1,3,1,1,6,6,5,4,4,4,4,4,4,4,4,4,4,4,2,4,4,4,4,3,4,2,4,4,4,4,3,3,3,3,3,4,4,3,4,4,2,2,2,2,2,2,2,2,2,1,4,3,3,3,2,2,2,2,3,3,4,4,4,5,2,42,6,1,1,1,43,17000,10800,0,301109,의사면허증 전공의자격증 레지던트 병원 일자리 기후 변화 항능 세균 전염병,영상의학
29585,3,4,3,5,2,5,2,4,4,5,4,5,2,4,2,4,2,5,3,5,3,5,3,5,4,6,3,5,1,0,1,0,1,0,2,5,2,4,1,0,3,6,3,5,4,6,1,0,2,4,1,0,3,6,3,5,3,5,3,6,5,5,3,5,2,6,2,4,4,6,2,5,4,6,1,0,1,0,1,0,1,0,1,0,4,6,2,4,4,5,4,4,4,4,4,4,4,4,5,4,4,10,1,3,1,2,0,5,4,4,4,4,4,5,4,4,4,4,4,4,3,3,3,5,4,3,3,1,2,4,4,4,3,3,3,2,2,3,2,2,4,4,2,1,2,2,1,2,2,2,2,2,4,3,3,3,1,3,3,4,5,6,5,6,5,5,1,46,4,1,1,1,44,5600,3200,0,13701,정보통신기술사 네트워크관리사 지능 통신 시스템 구축 통신 개발 정보통 신의 필요성 증가,정보.통신공학
29586,3,4,4,5,2,4,3,4,4,5,4,5,3,5,3,5,3,5,3,5,2,4,3,3,3,5,3,4,4,5,3,4,3,4,3,4,2,4,2,4,3,4,2,4,2,4,2,3,2,4,2,3,2,4,2,3,2,3,2,4,3,5,3,5,3,4,2,4,2,3,3,3,3,4,2,3,3,4,2,3,4,5,4,6,4,5,3,5,4,5,4,4,5,1,3,2,3,4,4,5,4,15,2,5,2,1,6,7,5,5,5,5,4,4,4,4,4,4,4,4,2,3,3,5,5,4,4,3,4,4,3,4,4,5,2,3,4,4,4,4,4,3,2,1,2,2,2,2,2,2,2,1,3,3,3,3,1,9,9,5,5,2,2,5,3,6,1,32,4,1,1,1,40,4400,3300,0,250201,군사훈련 정보통신교육 통신 장비 도입 프린터 도입 국가 안보,컴퓨터교육
29587,4,5,5,5,4,5,4,6,2,3,3,5,1,0,5,5,4,5,4,5,4,5,4,5,3,4,4,5,4,5,4,5,1,0,1,0,3,4,4,5,3,4,3,4,4,4,4,5,1,0,1,0,1,0,1,0,1,0,1,0,2,3,3,4,1,0,1,0,1,0,1,0,1,0,1,0,1,0,1,0,1,0,1,0,3,3,2,3,2,3,4,4,5,3,5,3,4,4,5,5,5,13,1,2,1,2,0,2,5,5,4,5,4,4,5,4,3,4,4,4,2,5,4,4,3,4,4,4,3,2,2,4,4,5,5,4,4,4,3,3,4,3,2,2,2,2,2,2,2,2,2,1,3,3,2,2,2,6,7,6,5,4,5,6,3,4,1,45,4,1,1,1,44,6300,4500,0,23401,감정평가사 자격증 일정 수요 때문 일자리 변화,경제학
29588,5,7,5,6,5,6,5,6,4,6,5,6,5,5,5,6,5,7,4,6,5,6,5,6,5,7,5,6,5,6,5,6,5,6,5,6,5,4,5,6,5,6,5,6,5,7,2,2,2,2,5,6,2,3,1,0,4,5,4,5,5,5,2,2,5,6,1,0,1,0,2,2,5,6,2,3,2,2,5,6,3,3,3,3,5,6,3,3,4,4,4,4,5,2,4,5,4,5,5,5,5,10,1,4,2,2,0,5,5,4,5,4,4,5,4,4,4,5,5,5,5,4,5,4,3,4,5,4,4,3,4,5,4,5,4,3,4,5,4,3,4,5,2,2,2,2,2,2,2,2,2,2,3,3,3,3,2,7,5,3,5,7,6,7,5,2,2,42,4,1,1,1,40,5800,4000,0,412002,미래 전망,정치외교학
29589,2,6,3,5,3,6,3,5,3,5,4,5,4,6,4,6,3,5,4,6,4,5,4,5,4,5,4,6,3,5,3,5,3,5,3,6,3,4,4,5,3,5,4,6,3,6,3,5,3,5,3,5,3,6,3,5,3,5,3,5,4,5,3,4,4,6,3,5,4,5,3,5,3,5,4,5,3,5,4,5,3,5,3,5,4,5,4,5,4,3,4,4,4,3,3,4,4,3,3,3,4,18,1,2,2,2,0,3,4,4,4,3,2,4,4,4,4,3,4,4,3,3,3,3,3,2,3,2,2,3,3,4,3,4,4,4,3,4,4,2,4,4,2,2,2,2,2,2,2,2,2,1,4,2,2,2,2,7,7,6,3,3,4,3,4,6,1,36,4,1,1,1,40,10000,3000,0,420202,스포츠 시장 계속 그레 전문 게이머 등장,게임학
29590,3,4,4,4,4,4,3,4,3,3,4,4,4,4,3,3,3,4,3,3,4,4,3,5,3,4,3,5,2,1,2,3,3,2,3,2,2,3,3,4,3,3,4,4,3,3,2,3,2,2,2,3,2,3,3,3,2,3,2,3,3,3,2,3,2,2,1,0,1,0,1,0,3,3,2,3,2,3,1,0,2,1,2,2,4,4,3,3,4,1,2,2,3,4,4,3,4,2,2,3,2,3,1,3,2,2,0,2,3,2,3,2,3,3,3,2,2,3,3,3,2,3,3,4,3,3,3,4,3,5,2,4,2,4,4,4,3,4,3,3,4,3,2,2,2,2,2,2,2,2,2,2,4,1,1,3,2,6,6,5,4,4,5,5,5,5,1,35,4,1,1,1,40,3800,2500,0,26102,마케팅 업무 기업 부분 갈수록,정보미디어학
29591,5,6,4,4,3,3,4,4,3,3,3,3,4,4,3,3,4,4,4,4,4,4,4,4,4,4,4,4,4,4,4,4,4,4,4,4,4,4,4,4,4,4,4,4,4,4,3,4,4,4,4,4,4,4,4,4,4,4,4,4,3,3,4,5,4,4,4,4,4,4,4,4,4,4,5,6,4,4,3,3,3,3,3,5,4,4,4,4,4,3,4,3,4,3,4,2,3,4,3,4,4,7,4,1,2,1,2,3,1,4,3,2,4,3,3,4,9,9,5,4,3,2,3,4,3,4,4,4,2,3,3,4,3,4,4,2,4,4,4,2,4,5,2,2,2,2,2,2,2,2,2,1,3,3,3,3,2,8,4,3,2,4,5,7,6,5,1,48,2,2,6,1,50,0,0,6800,702502,유리 제작 교육 건설 경기 활성화,기계
29592,4,5,3,5,3,5,3,5,3,5,4,5,4,5,5,5,3,4,3,5,3,4,4,5,3,4,5,5,5,5,3,5,4,5,5,6,4,5,4,5,4,4,4,5,4,6,3,5,3,5,4,5,2,3,1,0,1,0,1,0,3,5,5,3,3,3,1,0,1,0,1,0,5,3,2,5,2,4,3,5,2,5,4,5,2,5,3,4,4,4,2,3,4,3,2,3,4,3,4,4,4,8,1,4,2,2,0,5,5,3,3,3,4,3,3,3,4,3,4,4,3,3,4,4,4,2,2,2,4,4,4,4,4,3,3,4,3,4,3,3,3,5,2,2,2,2,2,2,2,2,2,2,2,3,2,2,2,8,8,7,8,8,7,8,7,8,1,52,4,1,1,1,40,6400,4800,0,15201,대중교통 수요 갈수록 감소 추세 택시 수요 감소 추세,경영학
29593,4,5,4,4,4,5,4,5,3,4,4,5,5,6,4,5,3,4,4,5,2,2,3,4,5,6,4,5,4,5,4,4,3,5,3,5,4,5,4,5,3,5,4,5,4,5,2,2,4,6,4,5,2,3,4,4,3,4,3,3,4,5,4,5,3,4,3,4,2,2,2,2,3,4,4,5,3,4,3,4,4,4,4,4,3,3,2,4,3,3,4,4,3,3,4,3,4,4,3,3,4,7,1,1,2,2,0,2,2,4,3,4,3,3,3,3,4,4,3,4,3,4,4,4,3,3,4,4,3,3,2,4,4,3,3,4,4,4,3,4,3,2,2,2,2,2,2,2,2,2,2,2,3,3,3,3,2,7,4,4,5,6,5,6,5,6,2,54,2,2,5,1,40,0,0,3000,615401,수요 한정,상고
29594,5,5,5,5,4,5,4,5,3,5,3,5,3,5,3,4,4,3,3,4,3,3,3,3,3,3,4,4,4,5,3,6,3,3,4,3,2,4,4,3,3,4,3,3,4,3,3,3,2,2,2,2,3,2,1,0,1,0,2,2,3,4,1,0,1,0,3,1,1,0,1,0,3,2,1,0,3,1,1,0,3,4,1,0,3,3,3,5,4,4,3,3,3,4,3,2,2,3,2,3,4,13,1,2,1,1,4,3,5,4,3,3,4,4,3,3,3,4,4,4,2,3,3,4,5,4,3,3,4,4,4,4,3,4,3,3,4,4,4,3,4,4,2,2,2,2,2,2,2,2,2,1,4,2,2,2,1,3,3,2,3,2,3,3,3,4,1,33,4,1,1,1,40,4200,3400,0,22201,공인노무사 각종 절차 파악 기본 지식 습득 노사 관계 관심 사회 분위기,법학
29595,2,4,3,4,4,4,3,4,3,5,4,5,3,4,3,4,4,4,3,4,3,5,3,5,3,5,2,4,3,5,4,5,3,5,4,5,3,5,3,5,4,5,4,4,3,5,4,5,3,3,4,5,3,5,4,5,3,5,4,5,4,4,3,5,4,4,4,4,3,5,4,5,4,4,4,4,4,5,4,5,3,5,4,5,4,4,4,4,4,4,3,3,4,3,4,4,3,4,5,4,4,10,1,4,1,2,0,5,5,3,4,3,4,3,4,4,4,5,3,4,4,4,3,4,4,3,2,4,4,4,4,4,3,4,5,4,3,4,4,3,3,3,2,2,2,2,2,2,2,2,2,1,4,1,1,1,2,6,4,7,7,6,5,5,4,7,1,35,5,1,1,1,40,4500,3000,0,153202,반도체설계기사 반도설계산업기사 반도체 산업 촉진 가능성,전자공학
29596,3,5,4,3,2,3,5,5,2,3,3,5,3,5,4,4,3,3,3,6,3,4,3,6,4,7,5,7,3,3,3,6,2,3,4,6,4,6,5,5,4,5,5,4,4,6,2,3,3,6,4,7,4,5,1,0,4,5,1,0,3,3,2,4,5,6,3,3,3,2,1,0,2,5,1,0,2,2,4,3,1,0,1,0,5,4,5,3,3,4,2,3,4,3,4,2,3,4,3,4,4,15,2,6,1,1,4,7,5,4,3,2,3,3,3,3,3,4,4,4,3,3,3,3,2,2,2,1,3,5,2,4,3,4,3,3,3,2,2,3,4,4,2,2,1,2,2,1,2,2,2,1,2,3,2,3,1,5,5,4,4,3,5,3,3,5,2,30,4,1,1,1,40,6000,4000,0,621401,항공교통관제사 자격증 항공영어구술능력4급이상 항공종사자 제3종 신체검사 자격증 항공 교통 업무 한정 취득을 위한 필기 실기 교육 제사 효율 장비 도입 개발 사람 기술 분야 관제 포함 인원 채용 필요성 수도,항공교통학
29597,3,4,3,5,3,3,3,5,4,5,4,5,5,6,4,5,4,6,4,6,4,5,4,5,4,6,3,4,3,4,3,4,1,0,1,0,3,4,1,0,2,3,4,5,4,5,4,6,3,4,4,5,4,5,4,5,4,6,4,5,4,5,3,4,3,4,4,5,4,5,3,4,3,4,3,4,3,4,3,4,4,5,4,5,3,5,2,3,4,3,3,4,4,3,3,3,3,4,3,4,4,13,1,2,1,1,3,5,5,4,5,5,4,4,4,3,3,3,4,3,2,4,4,2,2,3,3,4,3,5,4,4,3,4,4,4,4,5,3,4,4,4,2,2,2,2,2,2,2,2,2,2,3,1,1,1,1,1,1,1,3,3,4,9,3,1,1,43,5,1,1,1,40,6000,2600,0,151102,CAT 1급 자격증 운전 면허증 수습 기술 중요성,기계공학
29598,3,3,2,3,1,0,2,1,2,2,3,4,2,2,2,2,1,0,1,0,1,0,2,2,3,4,2,2,3,4,2,2,2,3,1,0,3,3,2,3,4,4,2,2,2,3,1,0,1,0,2,2,2,2,1,0,1,0,1,0,1,0,1,0,1,0,1,0,2,2,2,3,2,3,1,0,2,2,1,0,2,3,1,0,2,3,1,0,4,4,4,3,3,2,2,2,3,2,3,3,4,7,3,2,2,2,0,1,2,3,2,1,2,2,2,3,2,3,4,3,3,2,2,5,5,4,3,1,1,3,3,4,5,5,3,3,4,5,4,3,5,3,2,2,2,2,2,2,2,2,2,1,3,2,2,3,2,9,9,9,4,3,2,5,6,4,2,38,4,1,2,2,40,2280,2000,0,616101,현재 상황 유지,철학
29599,4,5,5,5,3,6,4,4,1,0,3,5,1,0,3,5,3,5,3,6,5,4,3,5,4,4,5,5,1,0,1,0,3,6,4,6,2,3,5,6,4,6,5,6,3,6,1,0,3,5,1,0,1,0,1,0,1,0,1,0,1,0,1,0,3,4,1,0,2,3,3,2,1,0,1,0,1,0,5,5,1,0,1,0,4,4,5,4,4,3,3,3,4,4,4,3,3,3,3,4,4,15,2,3,1,2,0,5,5,3,2,2,3,4,3,3,2,3,4,4,2,4,3,4,3,1,3,1,3,4,4,3,3,3,3,3,3,3,3,3,3,3,2,2,2,2,2,2,2,2,2,4,3,3,3,3,2,5,3,3,2,2,2,5,5,5,2,30,4,1,1,1,40,4500,4000,0,621402,5급 이상 항해사 면허 국가 거래 증가 해상 교통량 증가,항해학
29600,5,7,5,7,5,7,5,7,4,5,5,7,4,5,5,6,4,5,3,4,5,6,5,6,2,4,4,5,5,5,3,4,5,6,3,4,2,4,2,4,5,6,4,5,5,6,1,0,1,0,3,2,2,3,1,0,1,0,1,0,3,4,1,0,3,2,1,0,1,0,1,0,1,0,1,0,1,0,1,0,3,4,1,0,3,4,2,2,5,5,4,2,2,4,5,4,1,5,5,5,4,15,2,4,1,1,2,6,5,5,4,3,4,5,2,2,9,3,5,4,1,5,3,4,2,2,3,1,4,4,5,5,3,3,3,3,4,4,4,3,5,4,2,2,2,2,2,2,2,2,2,2,3,3,3,3,1,5,2,1,2,1,5,3,5,7,1,34,5,1,3,1,50,7100,6000,0,221101,변호사 자격증 실무 교육 증가 인력 수급 예산 문제 변화 예상,법학
29601,2,3,3,4,3,3,3,4,1,0,4,4,1,0,4,4,3,4,4,4,2,3,3,4,2,3,4,4,1,0,3,3,2,3,1,0,3,3,4,4,3,3,4,4,5,4,2,3,2,3,4,4,4,4,3,3,4,4,4,4,3,4,4,4,4,4,4,5,3,4,4,4,4,5,3,4,5,5,5,4,2,3,2,3,4,4,3,3,4,4,3,4,4,3,3,4,2,3,5,4,4,8,1,4,1,1,1,5,3,4,3,3,3,4,2,4,3,3,4,3,3,4,3,3,3,2,4,2,3,3,3,4,3,4,4,3,5,4,3,2,5,4,2,2,2,2,2,2,2,2,2,1,4,3,3,3,2,3,3,9,5,9,7,6,4,1,1,42,4,1,1,1,40,7000,4000,0,621201,해기사 항해사 안전교육 세계 경제 물동량 증가 것이므,선박운항학
29602,2,3,3,4,2,2,3,4,1,0,2,2,2,3,3,3,3,4,2,3,2,2,2,3,2,3,2,3,2,3,2,2,2,3,2,3,2,3,2,2,2,3,2,3,2,2,2,2,2,3,2,2,1,0,1,0,2,2,1,0,1,0,1,0,1,0,1,0,1,0,1,0,1,0,1,0,1,0,2,3,2,2,3,5,2,3,2,3,4,3,2,3,3,1,3,4,2,3,4,4,3,18,1,3,2,2,0,1,2,4,3,3,4,3,4,4,5,5,5,5,1,3,3,4,5,4,4,3,2,2,4,4,3,3,4,4,3,4,4,4,4,3,2,2,2,2,2,2,2,2,2,2,2,3,2,3,2,8,3,4,4,5,3,7,3,3,1,32,2,1,1,1,58,3100,2200,0,416701,제작 환경 악화 구조조정 가능성,디자인
29603,2,3,4,5,1,0,4,5,3,3,3,4,5,5,2,3,4,4,4,4,3,4,3,3,3,4,4,5,4,5,5,5,4,5,3,4,3,3,4,5,5,4,4,4,4,4,4,4,4,4,4,5,4,5,3,4,2,3,2,3,2,3,3,4,2,3,2,3,2,2,2,2,3,4,4,5,3,4,3,4,2,4,4,5,4,5,2,2,4,4,3,3,4,4,3,3,3,4,4,3,4,3,1,2,2,2,0,2,5,4,4,3,3,4,2,4,4,4,4,4,3,3,2,4,3,4,4,3,3,4,4,4,4,3,5,5,4,4,3,4,4,3,2,2,2,2,2,2,2,2,2,2,3,2,2,2,1,7,6,7,6,8,8,6,7,7,2,43,4,1,1,1,45,6000,3500,0,415201,미적 센스 요구 때문,의상디자인
29604,4,4,4,5,3,3,4,5,2,2,3,2,3,2,2,2,4,4,2,2,2,2,5,5,3,3,4,3,4,3,4,3,4,3,3,2,5,6,3,2,2,2,2,2,3,3,3,3,3,3,3,2,3,4,2,2,3,2,3,3,2,2,1,0,3,2,2,2,3,4,1,0,1,0,3,2,3,2,1,0,1,0,2,2,4,4,4,5,4,4,3,3,4,3,4,3,4,4,4,3,4,16,5,1,2,1,6,6,4,4,4,3,4,4,4,3,9,9,4,4,2,4,4,4,3,4,5,4,4,2,2,5,4,4,5,4,5,3,4,4,4,4,2,2,2,2,2,2,2,2,2,1,2,2,2,2,2,5,5,5,4,4,5,5,4,4,2,38,5,2,5,1,40,0,0,3500,214401,음악 활동수업 기타 악기들 저출산 아동 감소,음악
29605,3,4,3,3,2,3,3,3,3,3,3,3,4,5,4,4,3,3,4,4,3,4,3,4,3,4,3,3,2,3,4,5,3,4,3,3,3,3,3,4,3,3,3,3,3,4,3,4,3,3,3,3,5,6,5,6,4,5,4,5,4,5,4,5,3,4,4,5,3,4,3,4,3,4,4,5,3,4,4,5,2,3,1,0,1,0,1,0,4,3,4,4,4,4,4,4,4,4,4,4,4,3,1,5,1,1,4,6,5,3,4,4,4,4,4,4,3,4,3,4,2,4,4,3,4,3,4,3,4,3,3,3,4,3,4,4,4,3,4,4,4,3,2,2,2,2,2,2,2,2,2,3,3,3,3,3,2,3,4,3,7,7,6,5,7,5,1,30,4,1,1,1,45,4500,4000,0,151107,포토샵 캐드 캐드 포토샵 변동,자동차학
29606,4,5,3,3,3,4,3,3,4,5,4,5,3,4,3,4,3,4,3,5,3,4,4,4,3,4,3,3,3,3,3,4,4,4,3,4,3,4,3,4,3,4,3,5,3,5,3,5,3,4,3,4,3,4,3,4,4,5,4,5,3,4,4,4,3,4,3,4,4,5,4,4,3,4,4,4,3,4,4,4,4,4,3,4,4,5,3,3,4,4,4,3,3,4,4,3,2,4,3,3,3,6,1,1,1,2,0,6,2,4,4,4,4,4,2,3,4,4,4,4,4,3,4,3,3,4,4,3,3,4,4,4,4,4,3,3,4,4,3,3,4,4,2,2,2,2,2,2,2,2,2,2,2,2,2,3,1,6,6,3,4,3,2,6,5,5,1,43,3,2,5,1,50,0,0,4500,140204,건축전기설비기술사 전기응용기술사 자동화 일자리 감소,전기공학
29607,5,6,4,5,2,3,4,5,3,5,4,6,4,6,4,4,4,5,2,3,4,6,4,5,3,4,3,4,4,5,3,4,4,5,3,4,3,4,2,3,4,4,3,4,2,3,2,3,2,2,2,3,3,4,4,5,4,5,4,5,4,5,3,4,3,4,3,4,3,4,3,4,2,3,2,2,1,0,3,3,1,0,1,0,3,4,3,3,4,2,3,3,2,4,2,4,2,4,3,3,3,13,1,2,1,1,2,2,6,4,3,4,4,4,3,3,4,3,3,3,4,4,4,4,4,3,4,3,4,3,3,4,3,4,3,4,4,4,4,3,3,4,2,2,2,2,2,2,2,2,2,1,3,3,3,3,2,7,6,7,7,7,6,7,6,6,1,42,6,1,1,1,40,5300,3200,0,132002,정보관리기술사 기술 분석 컴퓨터 활용,컴퓨터공학
29608,5,6,4,6,5,6,4,6,4,6,4,6,4,5,4,6,5,6,4,6,4,5,4,6,4,5,4,6,4,5,4,6,4,6,4,5,4,5,4,6,4,5,4,6,4,6,4,5,3,4,4,5,4,6,4,5,4,5,4,6,4,5,4,6,4,5,5,6,5,7,4,6,4,5,4,5,4,6,4,4,3,4,3,4,3,4,3,5,3,3,3,2,3,3,4,3,3,4,3,3,3,15,2,5,1,2,0,5,6,3,3,3,4,4,4,3,3,3,4,3,3,3,3,3,3,2,2,3,3,3,4,3,3,3,2,2,3,4,4,3,4,4,2,2,2,2,2,2,2,2,2,2,3,3,3,3,2,3,4,5,5,5,5,2,4,4,1,39,5,1,1,1,50,5200,3000,0,155102,전자공학 석사학위이상 에너지 산업 중요성 때문,전자공학
29609,4,5,4,5,3,3,4,5,3,3,4,4,4,3,3,3,2,2,2,2,3,4,2,2,3,3,4,3,2,2,2,2,3,2,4,5,2,2,3,3,3,4,4,4,4,5,4,6,5,7,4,6,5,7,5,7,5,7,5,7,2,2,5,6,5,7,5,7,4,6,4,6,4,6,3,4,4,4,4,6,3,2,2,2,2,2,2,2,3,3,3,3,4,3,3,2,3,4,3,2,2,3,1,3,1,1,4,6,5,3,2,3,4,4,2,4,3,4,4,4,3,4,3,3,4,3,4,4,4,4,3,4,4,5,4,5,5,4,3,3,4,3,2,2,2,2,2,2,2,2,2,3,3,3,3,3,2,8,3,2,3,3,2,8,1,1,1,31,4,1,1,1,45,4300,3200,0,835101,전기산업기사 전기기능사 현장대응방안 위기대응 방안 사람 부분 자동화 대체,기계
29610,2,4,3,5,1,0,2,4,1,0,1,0,1,0,4,5,3,4,3,4,1,0,2,4,4,5,1,0,2,4,2,5,1,0,1,0,3,4,3,5,3,5,1,0,3,4,1,0,1,0,1,0,1,0,1,0,1,0,3,4,1,0,3,4,3,4,3,5,1,0,3,5,1,0,4,5,3,5,3,3,1,0,1,0,3,4,2,3,4,4,3,3,4,3,4,2,2,3,3,3,2,3,1,2,2,2,0,7,2,3,3,2,4,3,2,3,3,2,3,3,3,3,2,4,3,3,4,3,3,4,3,4,4,5,4,4,5,4,4,3,4,3,2,2,2,2,2,2,2,2,2,3,2,3,3,3,2,6,7,5,6,4,6,4,7,3,2,45,2,1,1,1,40,2200,1860,0,852401,자동화기 추세,정보처리
29611,4,4,4,4,3,5,4,5,3,5,3,5,3,4,4,5,3,5,4,5,4,5,3,5,4,5,4,5,4,5,4,5,4,5,4,5,4,5,4,4,4,5,4,5,3,5,4,5,3,5,4,5,3,5,4,5,4,5,3,5,4,5,4,4,4,5,4,5,3,5,4,5,4,6,4,4,4,5,4,5,3,6,4,5,4,5,4,5,4,4,4,5,4,4,4,4,3,4,4,4,4,18,1,5,2,2,0,5,5,4,5,4,4,4,4,4,5,4,5,4,4,4,4,4,3,4,4,4,3,4,4,3,4,4,5,4,3,5,4,4,4,4,2,2,2,2,2,2,2,2,2,1,4,2,2,2,1,4,7,4,5,4,6,5,3,6,2,35,4,1,1,1,45,3800,2500,0,411104,케이블 방송 다매체 채널 방송 환경 재편,문예창작
29612,5,7,4,6,5,6,4,6,4,6,4,6,4,5,4,6,4,6,3,5,4,5,4,6,4,5,4,5,4,5,4,5,4,5,4,5,3,5,4,6,4,6,3,4,3,5,2,2,2,2,2,4,2,2,1,0,1,0,1,0,1,0,1,0,1,0,1,0,1,0,1,0,2,3,2,4,2,3,1,0,1,0,1,0,3,3,2,3,5,5,4,4,4,4,4,4,4,4,4,4,4,15,2,4,2,1,3,3,5,4,4,4,4,4,2,5,4,4,3,4,2,4,4,4,3,4,4,3,4,4,3,4,4,4,4,3,3,4,3,4,4,2,2,2,2,2,2,2,2,2,2,2,3,3,3,3,1,4,3,4,3,3,5,3,2,3,2,30,4,1,1,1,50,7100,6700,0,221102,사법연수원 상태 유지,법학
29613,4,5,4,5,4,4,4,5,4,4,5,5,5,6,4,6,4,4,5,5,5,6,4,5,4,5,4,5,4,4,4,6,4,4,3,5,4,5,4,5,4,5,4,5,4,4,4,4,5,6,4,5,5,5,4,5,5,6,2,4,4,4,5,4,5,4,5,6,4,5,5,6,4,4,5,3,4,3,5,5,3,3,4,5,4,3,4,5,4,4,3,3,4,2,3,4,4,4,3,3,5,7,1,4,2,1,2,6,5,3,4,3,4,5,3,3,3,5,5,5,2,5,5,5,4,3,5,2,3,4,4,4,5,4,3,3,4,4,4,4,3,4,1,2,1,1,1,2,1,1,1,2,3,3,3,3,1,8,9,8,9,9,8,9,8,6,1,46,4,1,1,1,45,4300,3500,0,26102,마케팅 전문가 과정 또는 사진기자 교육 기술 발전 인공 지능 시대 도래 정도 인간 대신 분야 감성 세대 공감 하진 변화,홍보학
29614,4,4,4,4,2,3,3,3,3,3,3,4,2,3,4,4,3,4,3,4,4,4,2,3,3,4,4,5,2,3,2,3,3,4,4,4,2,3,4,5,5,4,4,4,2,3,2,3,4,4,2,3,4,4,5,5,4,5,5,4,3,3,4,4,4,5,5,5,5,5,4,4,2,3,4,4,4,5,3,4,2,4,2,2,4,3,2,3,3,3,2,4,3,2,3,4,3,3,4,3,3,3,1,2,1,1,4,5,4,4,2,2,4,4,3,3,4,4,4,4,2,3,2,2,3,2,2,3,4,4,4,5,4,4,3,4,4,3,3,4,5,4,1,2,2,2,2,2,2,2,2,1,3,2,3,3,2,2,4,6,4,3,5,5,4,5,1,29,3,1,1,1,40,2800,2000,0,153104,전기기능사 현장실습 기술 도입 기계 대체 불가,전기공학
29615,4,4,4,6,3,4,5,6,4,6,4,5,4,5,3,4,4,5,4,5,3,4,3,4,3,4,3,4,4,5,4,5,4,5,3,4,1,0,3,4,4,5,3,4,1,0,1,0,1,0,1,0,4,5,5,6,4,6,4,5,5,5,2,2,3,4,3,4,1,0,1,0,3,4,1,0,1,0,1,0,1,0,1,0,4,5,1,0,5,4,4,4,5,4,4,2,2,5,4,3,3,13,1,2,2,2,0,7,5,4,3,3,5,5,3,3,3,3,4,3,2,4,4,4,4,3,3,4,4,5,2,5,5,5,5,5,4,5,3,3,5,4,2,2,2,2,2,2,2,2,2,1,3,3,3,3,2,5,5,5,5,7,7,9,9,2,1,32,4,1,1,1,40,4000,3100,0,415504,변화,산업디자인
29616,4,5,4,5,4,5,3,5,4,5,4,5,3,5,4,5,4,5,2,4,4,5,3,3,4,5,4,5,4,5,3,4,4,5,3,4,4,5,4,5,4,5,4,5,3,4,3,4,3,4,3,5,4,5,3,4,4,5,4,5,4,5,3,4,4,5,4,4,2,2,2,2,1,0,2,4,3,4,3,4,3,4,3,3,3,4,3,4,4,4,3,3,4,4,3,3,3,4,3,3,3,16,5,3,1,1,3,2,5,4,4,3,4,3,3,4,4,5,4,4,2,4,4,4,3,3,3,3,3,3,4,4,4,4,5,4,4,3,4,4,4,4,2,2,2,2,2,2,2,2,2,2,4,3,3,3,2,7,6,5,5,5,5,6,5,4,2,47,4,1,1,1,43,5100,2900,0,305001,영양사 메뉴개발 고령 건강 관심 인구 영양 관심 채용 기업,식품영양학
29617,3,4,2,2,3,5,2,3,3,5,2,3,2,3,3,4,3,5,3,4,3,5,4,6,3,5,3,5,3,5,3,4,3,3,3,5,3,4,4,5,4,6,4,5,4,5,4,5,4,6,4,6,3,4,1,0,1,0,1,0,3,5,3,4,3,4,1,0,1,0,1,0,4,5,1,0,1,0,1,0,1,0,1,0,2,3,3,4,4,4,3,4,3,3,3,3,3,3,4,4,3,8,1,1,1,1,5,6,5,3,4,4,4,5,4,3,3,3,4,3,3,4,4,3,2,2,2,4,4,4,4,4,3,4,4,4,3,5,4,4,4,4,2,2,2,2,2,2,2,2,2,2,3,2,2,2,1,3,3,3,4,3,4,3,6,7,1,40,4,2,5,1,40,0,0,6000,15201,운전면허 업무실습 현장실습 운송업 일자리 변화,경영학
29618,3,4,5,6,2,3,2,3,1,0,3,4,5,6,3,5,5,6,3,4,4,5,5,6,5,6,5,6,3,4,5,6,2,3,3,4,5,6,4,5,3,5,5,6,5,6,2,4,5,6,1,0,1,0,1,0,5,6,5,5,1,0,1,0,5,6,5,6,5,6,5,6,4,6,5,6,5,6,5,6,3,4,4,6,3,4,5,5,4,3,4,2,3,3,4,3,3,3,3,3,4,18,4,1,2,1,3,7,1,4,5,5,4,4,4,2,9,9,9,2,2,5,5,3,4,5,4,4,4,4,2,4,4,3,3,3,4,4,4,3,4,5,2,1,1,2,2,2,2,2,2,1,4,2,2,2,1,4,3,1,4,3,4,8,7,8,1,45,4,1,4,2,21,1200,1000,0,414503,공연 매너 교육 컴퓨터 소프 웨어 조작 훈련 컴퓨터 기능 탑재 퓨전 공연 가능 장비 기계 기능 다양,영문학
29619,4,5,4,5,4,6,1,0,2,3,2,3,3,4,4,5,4,5,4,4,3,3,3,3,3,2,2,2,2,2,2,2,1,0,1,0,3,4,1,0,2,3,1,0,2,3,4,4,1,0,4,5,3,4,3,3,2,3,1,0,1,0,1,0,2,2,3,2,2,2,3,5,2,2,1,0,2,2,1,0,1,0,1,0,2,3,2,2,3,2,3,4,4,4,3,3,4,4,4,3,2,14,1,3,1,2,0,7,5,4,4,4,4,4,4,5,4,4,5,5,3,4,4,4,3,3,3,2,3,3,4,4,3,2,3,3,2,4,2,3,3,4,2,2,2,2,2,2,2,2,2,2,3,3,3,3,2,7,6,5,4,3,4,4,2,4,1,32,4,1,1,1,48,3400,2800,0,155302,수질환경산업기사 환경 위해 직업 이기 유지,생물학
29620,3,5,3,5,3,5,3,5,3,5,3,6,1,0,3,3,2,4,1,0,3,5,2,4,2,4,2,5,2,4,2,3,2,5,3,5,2,4,2,4,3,5,2,4,2,4,3,5,2,4,2,5,1,0,1,0,1,0,1,0,3,4,1,0,1,0,1,0,1,0,1,0,2,3,1,0,1,0,1,0,1,0,1,0,2,4,1,0,3,4,3,4,3,4,3,4,3,4,3,3,3,13,1,4,1,2,0,7,5,3,3,3,3,4,4,3,3,3,3,3,3,4,3,4,4,3,4,3,3,3,3,3,3,3,3,3,4,4,3,3,3,3,2,2,2,2,2,2,2,2,2,2,2,2,2,2,1,6,5,5,5,5,5,5,5,5,1,46,4,1,1,1,52,9000,5000,0,23101,회계사 공인회계사 경기 악화,경영
29621,3,4,3,4,1,0,2,3,2,3,2,3,2,3,2,3,2,3,2,3,2,3,3,3,2,3,2,3,3,3,2,3,3,3,3,3,3,3,3,3,3,3,3,3,3,3,2,3,3,3,3,3,3,3,3,3,3,3,3,3,3,3,2,3,3,3,3,3,3,3,3,3,3,3,2,3,3,3,3,3,3,3,3,3,2,3,2,3,4,3,4,4,4,2,2,2,3,3,3,4,3,2,1,3,2,2,0,3,2,3,2,2,2,2,3,4,3,3,3,3,3,2,2,4,3,3,3,2,3,3,3,4,3,3,3,3,4,4,3,3,4,4,2,2,2,2,2,2,2,2,2,3,1,3,3,3,2,5,5,5,5,5,5,5,5,5,1,40,3,1,1,1,40,5000,5000,0,705101,회사,전기
29622,4,5,4,4,4,5,4,6,4,6,4,5,4,5,4,5,4,5,4,5,4,5,4,5,4,4,4,5,4,5,4,5,4,5,4,4,4,5,4,4,4,5,4,4,4,4,4,5,4,5,4,5,4,4,4,5,4,5,4,5,4,5,4,4,4,3,4,5,4,5,4,5,4,5,4,5,4,4,4,5,4,5,4,6,4,5,4,4,4,4,4,4,4,4,4,4,4,4,4,4,4,3,1,2,1,2,0,5,5,4,4,3,4,4,3,4,4,4,4,4,2,4,4,4,4,4,4,3,4,4,4,4,4,4,4,4,3,4,3,3,4,5,2,2,2,2,2,2,2,2,2,2,3,3,3,3,2,7,7,7,8,8,8,7,7,7,1,28,4,1,2,2,40,3500,3300,0,154102,화공기사 일자리 변동,화학
29623,2,1,2,3,3,5,2,3,2,4,3,5,4,3,2,1,3,4,2,1,4,5,3,4,2,3,4,3,4,3,2,1,3,5,3,2,3,4,3,4,3,5,2,4,2,3,2,1,2,1,3,5,3,2,4,3,2,3,2,4,5,4,3,4,3,4,2,3,2,1,2,4,4,3,3,4,2,1,2,1,1,0,2,3,2,3,1,0,2,4,3,4,2,5,3,2,3,4,2,3,4,3,1,6,1,2,0,3,4,4,3,5,4,3,5,4,3,4,5,4,4,3,2,4,3,4,3,2,3,4,4,4,3,2,3,4,3,4,5,4,5,4,1,2,1,1,2,1,2,2,1,2,4,3,2,3,1,7,4,5,6,4,3,3,5,7,1,54,5,1,1,1,40,4800,3800,0,134201,정보처리기능사 산업기사 수가 증가 네트워크 중요도 네트워크 지속 관리,공학교육
29624,3,4,2,3,2,2,3,5,3,3,3,3,2,3,3,4,4,6,4,5,4,5,2,3,3,4,4,6,4,6,4,5,3,5,2,4,2,3,4,6,4,5,3,4,3,4,3,4,3,3,3,3,3,3,2,3,3,4,3,4,1,0,2,2,2,2,3,4,3,4,3,3,3,3,2,4,4,5,4,4,4,5,4,5,3,6,3,6,3,4,3,2,2,2,2,3,2,2,2,2,2,17,1,2,1,2,0,7,5,3,2,2,2,3,3,3,3,3,4,3,2,4,3,3,4,2,4,3,4,3,4,4,4,3,3,3,4,4,4,4,4,4,2,2,2,2,2,2,2,2,2,1,3,2,2,2,2,8,7,7,3,4,4,7,6,3,1,43,4,1,1,1,49,3500,2500,0,306501,물리치료사자격 변화,물리치료학
29625,3,4,4,4,1,0,2,3,3,3,3,4,1,0,3,4,3,4,1,0,3,4,2,3,4,4,1,0,1,0,2,2,1,0,1,0,1,0,1,0,3,4,2,3,1,0,1,0,1,0,1,0,3,4,3,4,4,4,4,4,1,0,3,4,3,4,4,4,3,4,2,3,1,0,3,4,4,3,1,0,4,5,3,3,3,5,2,3,1,2,2,1,2,1,2,1,2,2,1,3,2,3,1,2,2,2,0,3,2,2,1,1,2,1,2,1,2,2,3,2,4,2,1,4,5,4,4,3,3,2,3,4,4,4,5,4,4,4,5,3,4,4,2,2,2,2,2,2,2,2,2,2,2,3,2,2,2,8,7,5,5,4,3,7,3,4,1,38,3,1,1,1,54,2500,2200,0,852201,젊은이 선호 직업,컴퓨터공학
29626,1,0,1,0,1,0,1,0,1,0,1,0,1,0,4,4,4,5,4,4,1,0,1,0,5,7,1,0,1,0,2,2,1,0,1,0,1,0,1,0,3,3,2,3,1,0,1,0,1,0,1,0,3,4,1,0,1,0,1,0,1,0,1,0,5,6,5,6,5,6,5,5,1,0,2,3,4,4,3,4,1,0,2,2,3,4,4,5,4,4,3,1,4,2,3,1,3,2,2,3,4,3,1,3,2,2,0,2,2,3,2,2,3,2,3,2,3,4,4,4,2,4,3,4,3,4,3,4,3,4,2,4,3,4,3,4,4,3,4,3,4,4,2,2,2,2,2,2,1,2,2,3,1,2,2,3,2,9,8,7,8,3,8,2,7,4,1,33,2,1,1,1,40,2500,1800,0,861201,매출 부진 인력 구조조정 전산,기계
29627,3,4,4,5,2,2,4,5,3,4,4,4,3,4,3,3,3,3,3,4,4,4,2,2,4,5,2,2,3,4,3,4,2,3,2,2,2,2,2,3,2,3,3,4,2,2,1,0,1,0,2,3,3,4,1,0,2,3,3,4,1,0,3,4,4,5,4,5,4,6,5,6,1,0,4,5,4,6,3,5,4,6,5,5,4,4,4,5,3,3,2,3,3,2,3,4,3,3,4,4,3,3,1,3,2,2,0,1,2,3,3,3,4,3,3,3,3,3,3,3,3,2,2,3,4,3,3,2,3,4,3,4,3,4,5,5,5,4,4,4,4,4,2,2,2,2,2,2,2,2,2,2,2,3,3,3,2,5,6,6,6,5,5,4,5,4,1,42,3,1,1,1,40,3800,2500,0,817301,불황 감소,기계
29628,1,0,3,4,2,2,3,4,2,2,3,4,1,0,2,2,3,4,3,3,1,0,4,5,3,4,3,4,4,5,3,4,3,4,2,2,4,5,3,4,2,3,3,4,2,3,3,4,2,2,2,2,3,4,3,4,3,4,2,3,1,0,3,4,1,0,1,0,1,0,1,0,1,0,4,5,3,4,3,3,4,5,3,4,2,2,2,1,4,4,5,2,3,2,3,5,4,3,4,2,5,18,1,2,1,2,0,3,2,2,3,4,4,5,4,2,9,9,9,3,2,3,3,4,5,3,2,3,4,2,4,5,4,4,3,5,4,3,5,3,4,3,2,2,2,2,2,2,2,2,2,4,2,2,2,2,2,7,8,5,4,4,5,4,6,8,1,38,4,1,3,2,50,2700,1900,0,420401,생활체육지도사 홈트족 증가,사체
29629,1,0,1,0,1,0,3,4,3,4,1,0,1,0,1,0,1,0,1,0,1,0,1,0,4,5,3,4,4,5,1,0,1,0,1,0,1,0,4,4,3,4,1,0,1,0,3,4,4,5,2,2,1,0,1,0,1,0,1,0,2,2,1,0,1,0,1,0,1,0,1,0,1,0,1,0,1,0,1,0,3,4,1,0,1,0,1,0,4,4,3,3,4,2,3,2,3,3,4,4,4,7,1,1,2,2,0,7,4,4,3,4,4,4,3,3,4,4,5,4,3,3,2,3,3,2,3,2,2,4,4,4,3,4,3,3,4,4,3,3,3,4,2,2,2,2,2,2,2,2,2,1,2,2,2,3,2,4,5,4,6,8,7,7,5,7,1,32,4,1,1,1,40,3000,2500,0,614001,경쟁,체육학
29630,1,0,1,0,2,1,2,2,1,0,1,0,1,0,2,2,2,2,2,2,1,0,1,0,1,0,2,2,2,1,3,3,2,2,2,2,1,0,3,2,5,5,1,0,2,2,1,0,2,2,3,4,3,4,3,4,3,4,3,4,1,0,1,0,2,2,2,2,3,3,3,4,1,0,1,0,2,2,2,2,2,2,1,0,3,3,2,2,1,3,3,3,4,3,3,2,3,1,1,4,1,4,2,2,1,2,0,1,4,2,3,4,3,4,3,3,1,2,3,2,4,2,1,3,3,2,3,3,2,5,3,2,3,3,2,1,3,3,3,2,3,5,2,2,2,2,2,2,2,2,2,2,3,1,1,3,2,5,5,7,6,8,8,5,5,5,1,55,4,1,1,1,40,6000,3500,0,16201,전기기사 자격증 기술 변화 해도 관리자 로서 역활 항상 존재,전자공학
29631,3,4,3,4,1,0,1,0,1,0,1,0,3,4,1,0,3,4,1,0,1,0,1,0,1,0,3,4,1,0,1,0,1,0,1,0,1,0,3,3,1,0,2,3,1,0,1,0,1,0,1,0,3,4,1,0,1,0,1,0,1,0,1,0,3,4,2,3,1,0,1,0,1,0,1,0,1,0,1,0,3,4,1,0,2,3,2,3,4,3,4,3,4,3,2,4,3,3,4,2,3,10,1,3,2,2,0,7,5,4,3,3,4,3,3,4,4,4,4,4,2,4,4,4,2,3,4,3,4,3,3,4,4,4,3,2,4,3,3,2,4,3,1,1,1,2,2,2,2,2,2,2,2,3,3,3,2,8,9,7,3,3,2,7,3,4,1,49,4,1,1,1,48,3800,3000,0,416501,기계 장비 개발 변화 경기 악화 기술 발달 사람 영역,연극영화
29632,3,5,3,4,2,2,5,7,2,3,3,5,3,4,3,4,3,4,3,4,1,0,3,4,4,6,3,4,5,7,2,3,3,5,4,6,4,5,5,7,5,7,3,4,4,6,3,4,2,3,4,6,3,4,1,0,1,0,1,0,2,3,2,3,3,4,1,0,1,0,1,0,3,4,2,2,1,0,2,3,2,3,1,0,3,4,3,4,4,4,3,4,5,4,4,4,3,4,4,2,3,7,1,2,2,2,0,7,5,3,2,2,4,3,3,2,3,4,4,3,2,3,4,2,3,3,4,4,3,4,4,4,5,5,4,3,4,5,4,3,4,5,2,2,2,2,2,2,2,2,2,2,2,2,2,2,1,9,8,9,6,8,7,7,9,9,1,45,4,1,1,1,48,5000,2500,0,15101,인터넷 의존 일자리 감소,기계
29633,5,6,4,6,3,3,4,6,4,5,4,6,3,4,4,6,5,7,4,5,3,5,4,6,5,7,1,0,1,0,1,0,1,0,1,0,2,2,4,6,3,4,1,0,3,3,1,0,1,0,1,0,1,0,1,0,1,0,2,3,2,4,3,3,2,3,1,0,1,0,3,3,1,0,3,4,1,0,1,0,1,0,1,0,4,6,3,3,4,3,3,3,4,3,3,4,3,4,4,3,2,15,2,4,2,2,0,7,4,4,3,3,3,4,2,2,3,3,4,3,3,3,3,3,5,4,4,4,5,4,2,5,3,4,5,5,5,5,5,3,4,4,2,2,2,2,2,2,2,2,2,1,3,2,2,2,2,8,6,3,2,4,2,9,4,3,2,29,4,1,1,1,40,3800,3200,0,155401,변화,환경공학
29634,3,3,4,3,2,3,3,4,2,4,3,3,2,2,3,2,3,3,2,2,2,4,3,2,2,2,4,3,3,2,2,2,3,2,3,4,3,3,2,2,3,2,2,3,3,3,2,2,2,2,2,2,1,0,1,0,1,0,2,2,2,2,1,0,1,0,1,0,1,0,1,0,2,2,1,0,2,2,2,2,2,2,2,2,3,3,3,3,3,5,2,3,3,3,3,3,2,4,4,5,5,17,2,2,1,1,3,5,5,4,3,3,3,4,3,3,3,3,3,3,3,2,4,4,3,2,3,3,2,4,3,3,4,3,2,3,4,5,4,3,4,5,2,2,2,2,2,2,2,2,2,1,3,3,3,3,2,4,4,5,5,4,3,8,3,5,1,30,4,1,1,1,40,2500,2300,0,231301,청소년지도사 2급 직무 보수 교육 업무 활동 직업 일자리 것이므,청소년지도학
29635,4,5,4,5,3,4,5,6,3,4,2,2,2,2,2,2,5,6,2,2,2,2,2,2,2,2,3,2,3,4,2,2,3,4,2,2,3,4,4,6,4,5,2,2,3,2,2,2,2,2,2,3,3,4,1,0,2,2,1,0,2,2,3,2,2,2,3,3,2,2,1,0,2,2,2,2,2,2,2,2,1,0,2,2,4,5,4,5,4,4,2,3,4,2,4,3,4,3,4,4,5,17,4,1,1,1,4,4,5,4,5,4,5,3,3,4,9,9,5,4,2,5,4,4,5,4,4,3,4,3,3,4,4,4,4,5,4,3,3,3,4,4,2,2,2,2,2,2,2,2,2,2,3,3,3,3,2,7,9,7,5,9,7,5,4,4,2,49,4,2,6,1,50,0,0,7500,303001,약사면허 병원실습 조제 커뮤니케이션 향후 만성 질환 상담 케어 증가,약학
29636,4,6,4,5,3,3,4,5,4,5,4,5,4,5,3,4,4,6,4,5,4,5,3,5,4,5,4,6,4,5,4,5,3,5,3,5,4,4,4,4,3,4,4,5,4,5,4,5,3,4,4,5,3,4,4,4,4,5,1,0,3,5,1,0,1,0,1,0,1,0,1,0,1,0,1,0,1,0,3,5,1,0,5,6,3,4,1,0,4,4,3,4,3,4,4,4,3,4,4,3,3,18,1,6,2,2,0,4,4,4,4,4,4,4,4,4,4,4,4,4,3,3,3,4,4,4,3,3,3,4,4,4,3,4,4,4,4,4,3,3,4,4,2,2,2,2,2,2,2,2,2,1,3,2,2,2,2,6,5,6,7,6,7,6,4,4,1,43,4,1,1,1,40,3200,2500,0,416101,대체 불가,국문어
29637,3,3,4,5,3,3,3,3,3,3,3,4,4,5,3,4,3,3,3,3,3,4,4,5,3,4,3,3,3,3,4,5,3,4,3,4,3,3,3,4,4,5,3,4,3,3,3,3,3,4,3,3,3,3,3,3,3,4,3,4,3,3,3,4,3,4,3,4,4,5,4,5,3,4,4,5,4,5,3,3,4,5,4,5,3,4,3,3,4,3,2,3,3,2,3,4,2,3,4,2,2,13,1,1,2,2,0,3,2,3,2,4,4,4,3,3,3,4,4,4,3,4,4,3,4,3,4,3,3,4,4,4,3,4,3,3,4,4,4,3,4,4,2,2,2,2,2,2,2,2,2,1,2,3,3,3,2,6,7,8,6,4,3,3,4,2,1,39,4,2,5,1,49,0,0,3600,702501,비율 어른,독일어
29638,4,5,3,4,2,2,4,5,1,0,4,5,2,2,4,5,1,0,3,4,4,5,3,4,4,5,3,4,4,5,4,5,1,0,2,3,4,5,4,5,5,7,1,0,4,5,1,0,1,0,4,5,2,2,3,4,2,2,2,3,1,0,3,4,4,5,1,0,2,2,1,0,4,5,1,0,4,5,4,5,4,5,4,5,4,5,4,5,4,4,1,4,4,1,4,2,2,3,2,4,2,15,2,5,2,1,3,3,5,4,4,5,4,5,4,4,4,3,4,4,4,4,3,4,5,4,4,3,3,4,4,4,4,3,3,2,3,3,4,3,4,3,2,2,2,2,2,2,2,2,2,1,3,3,3,3,2,3,3,7,8,2,2,7,3,3,1,46,2,1,1,1,40,5000,2200,0,250201,합동교육훈련 군사 인력 축소 계획,기계
29639,4,4,4,4,4,5,4,5,4,5,4,5,2,3,2,4,2,4,2,2,2,3,3,5,4,5,4,5,4,4,4,5,5,5,4,5,4,4,4,4,4,5,4,5,4,5,3,5,1,0,4,4,1,0,1,0,1,0,1,0,5,6,1,0,1,0,1,0,1,0,1,0,5,4,1,0,1,0,1,0,1,0,1,0,2,3,3,4,4,4,3,4,4,3,4,4,5,4,4,4,4,11,1,2,2,2,0,7,5,4,4,4,4,4,3,4,5,4,4,4,1,4,3,4,3,4,4,3,3,3,4,3,4,4,4,5,4,5,4,4,4,3,2,2,2,2,2,2,2,2,2,2,2,2,2,2,2,8,6,8,7,3,3,4,3,4,1,56,4,1,1,1,45,10000,7000,0,12401,기업 구조조정,경영학
29640,2,3,3,4,2,2,3,5,2,3,3,5,4,5,1,0,4,6,4,5,2,3,4,5,4,5,4,5,3,4,4,5,2,3,2,3,2,4,2,3,2,3,2,3,4,5,1,0,1,0,2,3,1,0,1,0,1,0,1,0,2,3,1,0,1,0,1,0,1,0,1,0,2,3,1,0,1,0,2,4,4,4,3,4,3,4,5,6,3,4,2,3,4,3,2,4,4,3,4,3,3,18,2,3,2,2,0,5,5,4,5,4,4,4,3,2,3,3,3,3,3,4,4,4,3,4,3,3,4,5,3,5,4,4,4,4,4,5,4,3,5,4,2,2,2,2,2,2,2,2,2,1,4,2,2,2,2,4,4,5,2,2,6,7,8,7,1,47,6,1,3,2,20,2500,1000,0,414501,문화 욕구 증대 공연 기회,합창지휘
29641,1,0,1,0,1,0,1,0,1,0,1,0,1,0,1,0,2,2,2,3,1,0,2,3,3,5,2,2,1,0,2,3,1,0,1,0,1,0,1,0,2,2,1,0,2,3,1,0,1,0,1,0,1,0,1,0,1,0,1,0,1,0,1,0,1,0,1,0,1,0,1,0,1,0,3,4,1,0,2,3,4,5,3,4,1,0,1,0,3,3,2,2,3,1,1,2,2,3,2,3,3,6,1,1,2,2,0,6,3,3,2,2,4,3,2,2,2,3,4,3,3,2,2,4,3,3,3,3,2,4,3,4,2,2,2,2,3,4,3,3,4,5,2,2,2,2,2,2,2,2,2,2,2,2,2,2,2,6,7,7,4,5,5,6,4,4,1,67,1,2,5,1,48,0,0,5000,702101,건축,0
29642,4,5,4,5,4,5,4,5,3,5,4,5,3,4,3,5,3,5,4,5,4,5,4,5,4,5,4,5,4,5,3,4,3,5,3,4,3,4,3,4,3,4,4,5,4,5,4,5,3,4,3,4,3,4,1,0,2,3,2,3,4,6,3,4,3,4,2,3,2,3,1,0,3,4,3,4,3,4,4,5,4,5,2,3,4,5,4,5,4,4,3,3,3,4,4,3,2,3,3,3,4,15,2,3,2,2,0,3,5,4,3,3,3,4,4,4,3,3,4,4,3,3,3,4,3,3,4,2,3,2,3,4,3,4,4,4,4,4,3,3,4,4,2,2,2,2,2,2,2,2,2,1,3,2,2,3,1,5,6,5,6,5,4,5,6,6,1,46,4,1,1,1,25,6000,5500,0,21001,경쟁률,행정학
29643,3,3,3,3,1,0,2,2,3,4,4,4,3,3,2,2,2,2,3,3,2,2,3,3,3,3,3,3,1,0,1,0,1,0,2,2,2,2,3,3,2,2,3,3,3,3,2,2,2,2,1,0,3,2,3,2,3,4,2,2,2,2,3,3,2,2,3,3,2,2,2,2,2,2,3,3,2,2,3,3,2,2,3,2,2,2,1,0,4,3,3,4,3,3,3,3,3,4,3,3,3,13,1,2,1,1,3,3,5,3,3,4,4,4,3,4,4,3,4,4,3,3,3,4,3,3,4,3,3,2,3,4,4,3,3,3,4,4,3,3,3,2,1,1,2,2,2,2,2,2,2,3,3,2,2,2,1,5,4,5,6,6,6,5,6,5,1,32,4,1,1,1,45,3500,2500,0,153202,반도체설계기사 세라믹기사 실무 경험 반도체 기술 상승 변화,전자기학
29644,4,6,5,7,5,6,5,6,5,6,5,7,5,7,5,6,5,6,5,7,4,7,4,7,4,6,5,7,5,6,5,6,5,7,5,6,5,6,5,7,5,6,5,6,2,4,3,4,2,2,1,0,1,0,1,0,1,0,1,0,1,0,1,0,2,3,1,0,1,0,1,0,1,0,1,0,1,0,1,0,1,0,1,0,1,0,1,0,3,3,3,3,3,3,3,3,3,3,3,3,3,13,5,3,2,2,0,5,6,3,3,3,4,4,4,3,3,3,4,3,3,3,3,3,3,3,3,3,3,4,4,2,2,2,2,3,3,4,3,3,4,5,2,2,2,2,2,2,2,2,2,2,3,3,3,3,2,2,3,2,5,7,6,2,4,5,2,37,5,1,1,1,48,4020,3200,0,110203,상태 유지,경제학
29645,2,1,2,2,1,0,2,2,2,2,1,0,3,4,3,3,3,3,2,2,2,2,1,0,2,4,2,2,3,3,2,2,1,0,1,0,1,0,2,2,2,4,2,2,1,0,1,0,1,0,1,0,1,0,2,2,2,2,2,2,1,0,2,2,2,2,3,3,2,2,2,2,1,0,2,2,4,3,2,2,4,4,3,3,3,3,2,2,3,2,3,2,2,1,3,4,3,3,2,3,3,19,4,1,2,2,0,2,1,3,3,2,2,3,3,3,2,3,4,3,2,3,3,4,4,3,3,4,3,4,2,4,3,4,4,3,4,3,4,2,4,4,2,2,2,2,2,2,2,2,2,1,3,2,2,2,2,7,7,6,7,6,6,4,5,4,1,40,2,1,4,1,50,2800,2200,0,885201,불황 업종 변경 간판 계속,금속
29646,2,3,2,1,1,0,2,1,1,0,1,0,1,0,2,2,1,0,1,0,1,0,2,3,1,0,2,2,1,0,1,0,2,2,1,0,2,3,1,0,1,0,2,2,1,0,1,0,2,2,3,4,3,4,3,3,3,5,2,2,2,2,2,3,3,4,3,3,2,3,3,3,3,5,3,4,1,0,1,0,1,0,1,0,2,1,1,0,4,3,3,4,3,4,3,3,3,4,3,3,4,3,1,4,1,2,0,3,5,4,4,3,4,4,3,4,3,3,4,4,2,3,3,4,3,2,3,4,3,4,2,4,3,4,3,3,4,3,2,3,4,4,2,2,2,2,2,2,2,2,2,1,4,3,3,3,1,8,8,7,3,2,3,8,2,2,2,28,4,1,1,1,40,3700,3100,0,153201,전자응용기술사 컴퓨터 공학 접목 실생활 때문,산업공학
29647,4,6,4,6,3,5,3,4,2,3,3,5,1,0,4,3,3,5,1,0,1,0,3,4,4,4,5,6,4,4,3,4,4,3,3,3,3,5,3,6,3,4,4,4,4,4,4,5,4,5,3,5,3,4,1,0,4,5,1,0,3,4,1,0,1,0,5,5,3,5,4,5,3,4,5,6,4,5,2,2,1,0,4,4,4,4,2,3,4,5,4,4,5,5,4,4,5,5,4,4,4,17,1,2,1,2,0,6,5,4,4,3,4,4,3,4,9,9,5,4,2,5,5,3,4,3,3,4,4,4,4,4,3,4,5,4,4,5,4,3,4,3,2,2,2,2,2,2,2,2,2,1,4,2,2,2,2,8,9,6,6,3,3,3,7,6,1,58,5,2,5,1,48,0,0,10000,301401,치과의사 면허증 평균수명 증가 구강 건강 대한 관심,치의학
29648,2,3,2,3,2,4,2,3,3,4,3,5,5,6,3,4,3,4,4,5,4,5,4,5,4,5,3,4,3,4,4,6,2,3,2,3,3,4,2,3,2,4,4,5,4,5,3,5,3,4,3,4,3,4,2,3,4,6,3,4,2,3,3,4,2,3,2,3,2,3,2,3,3,4,4,5,4,5,4,5,4,3,3,4,4,5,3,4,4,3,4,4,4,2,1,4,3,3,4,2,4,18,1,1,2,2,0,5,6,3,4,3,4,5,5,3,3,3,2,3,3,3,3,3,3,2,3,3,3,3,2,3,3,4,3,2,3,3,3,3,3,3,1,2,2,2,2,2,2,2,2,1,3,3,3,3,2,7,4,4,5,8,8,6,5,2,2,40,5,1,1,1,36,3100,2200,0,414101,산업 기술 도입 프로그램 동반 콜라보 그림 사랑 사람 계속 그림 찾기,디자인
29649,4,5,4,5,4,5,5,5,4,5,4,5,4,5,3,5,4,5,4,5,3,5,4,5,4,5,3,5,4,5,4,4,4,5,4,5,4,5,4,5,3,5,5,6,4,6,4,5,4,5,3,5,4,5,1,0,2,3,2,2,4,4,4,5,3,5,2,2,2,2,2,2,4,5,4,5,3,4,4,6,4,5,4,5,4,5,3,4,4,4,4,3,3,4,4,4,3,3,4,4,3,18,1,3,1,2,0,3,5,4,3,4,4,3,4,4,4,5,5,4,3,4,4,4,4,3,3,4,4,4,2,4,4,3,4,4,4,4,4,3,4,3,2,2,2,2,2,2,2,2,2,2,2,3,3,3,2,7,6,7,7,6,7,8,4,5,1,26,4,1,1,1,40,5000,3000,0,420201,태권도자격증 경기 침체,체육
29650,1,0,2,2,1,0,2,2,2,3,3,3,3,4,3,3,3,3,4,4,1,0,1,0,1,0,1,0,1,0,1,0,1,0,1,0,1,0,1,0,1,0,2,3,2,3,1,0,1,0,1,0,1,0,1,0,2,2,1,0,1,0,1,0,1,0,2,3,1,0,1,0,1,0,1,0,1,0,1,0,3,5,2,2,3,3,1,0,3,3,2,3,3,2,3,4,3,3,2,2,3,19,1,2,1,2,0,6,2,3,3,2,3,4,3,3,9,9,9,3,3,3,3,4,4,4,4,3,2,3,3,5,4,4,4,3,4,4,4,3,4,3,2,2,2,2,2,2,2,2,2,1,3,2,2,2,1,5,5,5,4,4,6,6,4,4,1,38,3,1,1,1,40,3600,2800,0,901501,조경기사 조경 기계화 대체,조경
29651,4,5,4,4,4,5,3,4,1,0,2,2,3,4,2,3,3,4,1,0,2,2,2,3,3,3,2,3,2,2,2,3,2,2,2,2,2,2,1,0,1,0,1,0,2,2,1,0,1,0,1,0,1,0,1,0,1,0,1,0,1,0,1,0,1,0,1,0,1,0,1,0,1,0,1,0,1,0,2,2,1,0,1,0,2,2,1,0,4,3,4,3,3,4,3,4,3,3,3,3,3,18,1,2,2,2,0,3,2,3,3,3,3,4,4,4,4,4,4,4,3,3,3,2,2,2,2,2,2,3,4,4,3,3,3,3,3,3,3,4,4,3,2,2,2,2,2,2,2,2,2,1,3,3,2,3,1,6,4,5,4,4,5,4,4,5,2,33,4,1,1,1,52,4400,3200,0,411104,영상 다양성,사학
29652,1,0,4,4,1,0,4,5,4,5,4,5,3,4,4,5,4,4,2,3,3,5,3,4,3,5,3,5,4,5,4,5,4,4,3,5,4,5,4,4,3,5,4,4,4,4,4,5,4,4,3,5,2,4,1,0,3,5,3,3,1,0,4,5,3,4,3,3,3,4,3,4,3,4,3,4,3,4,3,3,4,5,2,3,3,3,3,3,5,4,2,3,4,1,5,3,2,3,3,3,4,7,1,1,2,2,0,4,2,3,3,2,5,3,3,3,9,9,9,4,2,4,4,4,4,4,4,4,4,2,2,4,4,4,4,4,4,4,4,4,4,5,2,2,2,2,2,2,2,2,2,2,4,2,2,2,2,8,7,6,4,4,4,2,3,4,1,48,2,2,5,1,40,0,0,4200,872101,선택 세분 증가,전자
29653,3,3,2,2,5,6,3,4,3,4,3,4,3,4,3,4,4,5,3,4,3,4,3,4,3,4,3,3,4,5,3,4,1,0,1,0,3,3,1,0,3,3,3,4,4,5,3,4,1,0,1,0,1,0,1,0,1,0,1,0,1,0,1,0,1,0,1,0,1,0,1,0,1,0,1,0,1,0,1,0,1,0,1,0,1,0,1,0,3,4,4,4,3,4,4,3,3,3,3,3,3,18,1,2,1,1,2,5,5,3,3,3,4,4,4,3,4,3,4,4,2,4,4,3,4,3,3,3,2,3,4,3,3,4,3,3,3,3,4,3,3,3,2,2,2,2,2,2,2,2,2,2,3,2,2,2,1,7,6,5,7,6,7,4,7,7,2,38,4,1,1,1,45,5000,3000,0,414303,일러스트 포토샵 TOOL에 대한 이해 사용 변동,국문학
29654,1,0,2,4,1,0,1,0,1,0,1,0,5,7,1,0,1,0,1,0,1,0,1,0,5,7,1,0,1,0,1,0,1,0,1,0,1,0,1,0,1,0,1,0,1,0,1,0,1,0,1,0,1,0,1,0,1,0,1,0,1,0,1,0,1,0,1,0,1,0,1,0,1,0,5,7,5,7,1,0,4,3,2,2,5,7,1,0,2,2,4,4,4,5,4,1,4,1,4,2,4,7,1,2,1,2,0,5,4,5,4,4,5,4,5,5,4,4,4,4,4,4,4,4,5,4,4,4,5,4,2,5,4,5,4,4,4,5,4,4,4,4,2,2,2,2,2,2,2,2,2,1,3,2,2,2,2,3,6,3,3,5,4,2,4,5,1,37,3,1,1,1,40,3300,2800,0,884201,보석가공 기능사 귀금속 가공 산업기사 직업 사람 직접 작업 때문,공예
29655,3,3,3,3,1,0,3,3,1,0,1,0,1,0,1,0,3,3,1,0,1,0,1,0,1,0,2,2,4,4,1,0,2,1,2,2,1,0,2,1,2,2,2,1,4,4,1,0,1,0,1,0,1,0,1,0,1,0,1,0,1,0,1,0,1,0,1,0,1,0,1,0,1,0,1,0,1,0,1,0,4,5,1,0,2,2,2,2,3,4,4,2,2,2,2,3,1,1,2,1,1,18,1,2,2,2,0,2,4,4,2,2,2,3,2,2,9,3,3,3,2,4,4,4,5,4,4,4,5,2,4,4,4,5,4,5,4,5,5,3,4,4,2,2,2,2,2,2,2,2,2,1,4,2,2,2,1,9,9,8,2,1,2,2,2,1,1,29,4,1,1,1,48,2000,1800,0,417201,연예인 대상 모든 모든 업무 지원 일자리 당분간 증가,교육학
29656,2,2,2,3,3,3,3,3,3,3,3,3,2,3,3,3,3,3,3,3,2,2,3,4,3,3,4,4,3,4,2,2,3,3,3,3,4,4,2,2,3,3,3,3,2,2,3,3,3,3,4,4,2,2,2,2,3,3,2,2,2,2,2,2,3,3,3,3,2,2,3,4,3,4,4,4,4,4,3,3,4,4,3,3,2,2,2,3,3,2,4,3,3,4,3,4,3,3,4,4,3,3,1,6,2,2,0,3,4,4,3,3,4,4,4,3,3,3,4,3,3,3,3,4,3,2,3,4,3,3,4,4,3,3,4,3,3,4,2,3,3,3,2,2,2,2,2,2,2,2,2,1,2,2,2,2,2,3,6,5,4,3,7,3,7,6,1,39,4,1,1,1,40,4800,2400,0,817101,경기 침체 수요 감소,기계공학
29657,5,7,5,7,5,7,5,6,3,4,3,4,3,4,3,4,4,5,3,4,1,0,5,7,4,6,4,5,4,5,3,3,4,5,2,4,5,6,3,4,4,4,3,5,4,5,2,4,3,4,3,3,2,4,1,0,4,4,3,4,4,5,1,0,1,0,1,0,1,0,1,0,1,0,1,0,1,0,2,3,3,4,2,3,4,5,4,3,5,4,3,4,5,2,4,2,4,4,5,3,4,16,5,6,2,2,0,7,6,4,4,4,4,4,4,4,4,4,4,4,5,5,5,4,4,4,4,4,3,2,4,3,3,5,4,3,4,4,4,3,4,4,2,2,2,2,2,2,2,2,2,1,2,2,2,3,1,4,6,5,6,4,6,4,7,5,2,45,5,1,1,1,40,3800,2500,0,211201,인구 감소 학생,식품영양학
29658,4,6,4,6,4,6,5,6,4,5,3,3,4,4,4,4,4,6,3,4,4,6,5,6,4,5,3,4,3,4,4,4,4,5,3,4,4,5,4,4,4,4,4,5,3,4,4,5,4,4,3,3,2,2,1,0,3,3,3,5,5,7,3,3,4,5,3,3,3,3,3,3,2,2,2,2,2,2,3,3,2,2,2,3,4,6,4,4,5,4,4,4,4,3,3,3,3,4,4,3,4,16,5,1,1,2,0,7,3,5,4,5,3,4,4,4,4,4,4,4,2,3,3,4,4,3,4,3,4,4,3,4,4,3,4,4,4,5,4,3,5,3,2,2,2,2,2,2,2,2,2,2,2,2,2,2,1,1,2,5,2,2,5,5,5,5,1,36,4,1,1,1,40,3800,3000,0,214201,정보처리기능사 워드1급자격증 전산 화가 때문,대학교 전산
29659,5,7,3,4,1,0,4,6,3,4,2,2,3,4,2,2,3,4,2,2,3,4,2,2,4,6,3,4,3,4,2,2,3,4,5,6,2,2,3,4,3,4,4,6,3,4,1,0,1,0,1,0,1,0,1,0,1,0,1,0,3,4,3,4,1,0,1,0,1,0,1,0,3,4,2,2,3,4,2,2,3,4,3,4,3,4,5,3,5,4,2,4,2,3,4,2,3,3,2,4,4,11,1,2,1,1,3,7,5,3,4,4,4,4,3,4,4,4,4,4,2,3,4,4,4,4,2,1,4,2,4,3,4,3,3,2,4,5,4,3,4,3,2,1,1,2,1,2,2,2,2,2,1,2,2,3,2,4,7,3,7,3,7,3,7,4,2,37,4,1,1,1,40,5000,4000,0,31401,선물거래상담사 시장구조와 매매 메커니즈을 경험 업무 난이도 증가 인적자원 혁신 서비스 개발 증가 인력,수학
29660,5,6,5,7,3,3,5,7,2,2,3,4,1,0,3,4,5,6,3,4,3,4,5,7,5,6,4,5,4,5,4,6,5,6,1,0,4,5,4,6,5,5,3,4,3,4,2,3,2,2,3,3,1,0,1,0,3,2,1,0,3,4,1,0,2,3,1,0,1,0,1,0,1,0,3,4,1,0,3,3,1,0,1,0,4,4,4,5,5,4,3,4,5,4,5,2,3,5,5,4,3,17,1,2,1,1,6,6,5,4,5,4,5,4,4,5,9,9,5,5,2,5,4,4,4,5,5,4,5,4,4,4,5,3,4,4,5,4,5,4,4,4,2,2,2,2,2,2,2,2,2,1,2,3,3,3,2,7,8,7,6,7,7,8,9,7,2,39,6,2,5,1,40,0,0,10000,301104,의사면허증 의사교육 결혼 기피 현상 출산율 감소,의학
29661,2,3,4,3,2,3,3,2,4,3,2,3,2,2,3,2,5,3,4,3,3,3,4,3,4,3,5,3,3,3,4,3,4,3,2,3,2,1,3,3,4,3,3,3,4,3,4,3,4,3,2,3,3,3,5,4,4,4,5,4,2,3,3,3,5,3,4,3,5,4,2,4,2,4,3,3,4,3,4,3,5,4,3,4,2,4,2,4,2,3,1,2,3,2,2,4,2,2,3,1,2,3,4,1,2,2,0,3,4,2,3,3,4,4,5,2,2,3,3,3,4,3,2,3,5,4,3,4,4,4,5,4,3,5,4,4,3,5,5,4,3,4,2,2,2,2,2,2,2,2,2,2,4,2,2,2,2,6,7,4,5,6,6,3,4,5,1,38,3,2,6,1,47,0,0,4300,885201,홍보 중요성 간판 제작 수요,산업디자인
29662,2,3,3,3,3,3,2,3,2,4,2,5,3,5,2,3,3,5,3,5,3,5,3,4,3,5,2,4,3,3,3,4,2,3,2,3,3,3,4,2,3,4,3,3,2,3,3,3,2,2,3,5,3,3,3,3,3,3,2,3,2,2,1,0,1,0,2,3,1,0,1,0,2,2,4,4,3,2,3,4,3,4,3,3,2,4,1,0,3,4,4,4,4,3,4,2,3,3,2,2,4,18,1,1,1,2,0,5,3,3,3,3,4,4,2,3,3,3,3,3,2,4,3,4,3,3,2,1,4,3,4,3,3,3,3,2,3,3,2,2,3,4,2,2,2,2,2,2,2,2,2,1,3,2,2,2,2,8,9,8,2,2,1,2,3,8,2,45,2,1,1,1,56,3500,1500,0,511201,헤어디자이너자격증 네일아트자격증 뷰티 산업 대한 괸심증,특성화고
29663,3,2,3,3,2,3,2,4,2,4,2,4,2,3,2,4,2,3,2,3,3,3,3,3,2,3,3,3,2,2,2,3,2,4,2,3,2,3,2,3,2,3,2,4,2,3,2,4,2,3,3,2,3,3,2,4,2,3,3,3,2,4,2,3,3,3,3,3,3,3,2,2,3,2,2,3,2,2,2,3,2,4,2,3,2,2,2,3,2,3,2,2,2,3,2,2,3,2,2,2,3,6,1,1,2,2,0,6,1,3,4,4,3,4,3,3,5,4,4,4,4,3,3,4,3,3,2,4,3,3,3,4,3,3,4,5,4,3,3,3,4,3,2,2,2,2,2,2,2,2,2,4,3,3,2,2,1,6,3,3,7,7,6,7,3,3,1,42,2,1,3,2,40,4500,3000,0,703101,기계 대체 불가,상고
29664,3,5,2,2,1,0,5,7,3,3,4,5,5,7,4,5,3,4,4,5,4,6,3,5,5,7,3,4,2,2,1,0,1,0,1,0,4,5,1,0,2,2,3,3,2,3,2,1,1,0,1,0,2,1,1,0,2,1,1,0,4,6,1,0,2,1,2,1,1,0,1,0,1,0,4,5,3,5,3,5,1,0,1,0,4,6,5,7,3,3,5,2,2,5,2,2,4,4,2,3,5,18,4,1,2,2,0,3,1,4,4,4,4,4,4,2,9,9,9,3,2,4,3,4,4,4,3,4,4,4,2,5,5,5,4,4,4,4,5,5,5,5,2,2,2,2,2,2,2,2,2,2,4,2,2,2,1,8,8,9,8,9,9,9,8,7,1,40,4,2,6,1,45,0,0,2000,414502,작곡 영역 아무나 수가,영어영문학
29665,3,4,3,4,3,4,3,4,3,4,4,6,4,6,2,2,4,6,3,3,4,6,1,0,3,3,3,4,4,6,3,4,4,6,4,6,1,0,3,4,3,4,4,6,4,6,1,0,1,0,2,2,1,0,1,0,1,0,1,0,3,5,1,0,1,0,1,0,1,0,1,0,1,0,1,0,1,0,3,4,2,2,2,2,3,4,3,4,4,3,2,3,2,2,3,3,2,3,2,3,3,11,1,2,2,2,0,7,5,4,3,2,4,4,4,3,4,4,4,3,2,3,3,4,4,3,3,2,3,2,4,3,4,3,3,3,4,5,3,3,3,3,2,2,2,2,2,2,2,2,2,2,4,2,2,3,2,2,8,3,8,3,8,2,8,2,1,55,2,1,1,1,40,3800,2800,0,32501,경기 신용 불량,상고
29666,4,4,4,4,3,3,4,5,3,4,3,5,4,5,3,4,3,4,4,5,4,5,3,4,3,4,3,5,3,4,3,4,3,5,3,4,3,4,4,5,3,4,4,4,4,4,2,3,2,3,2,3,3,3,4,5,4,5,4,5,4,4,3,4,4,4,3,4,3,4,3,4,3,4,3,4,3,3,3,4,3,5,3,4,4,5,4,5,3,3,3,3,4,2,3,4,4,3,3,3,3,19,1,1,1,1,3,3,5,4,4,4,4,3,3,4,4,4,5,4,4,4,4,4,4,3,3,3,3,3,4,4,4,4,4,4,4,3,4,3,4,4,2,2,2,2,2,2,2,2,2,2,2,2,2,2,2,6,6,5,5,5,5,3,6,6,1,31,3,1,1,1,46,3700,2900,0,415301,실내건축산업기사 내부공간 설계 경기 침체,실내디자인학
29667,3,3,3,3,3,3,4,4,1,0,2,1,1,0,3,3,2,2,3,2,2,2,1,0,2,2,3,4,3,3,3,3,4,4,1,0,1,0,4,4,3,3,3,3,3,2,2,3,2,3,1,0,3,2,1,0,1,0,1,0,2,2,3,2,2,2,1,0,1,0,1,0,1,0,2,1,1,0,1,0,2,2,2,2,3,3,2,2,4,3,2,4,3,2,3,3,3,2,4,2,3,7,4,1,2,1,1,1,2,3,4,4,4,3,3,3,3,4,4,3,3,4,4,4,3,2,2,1,3,3,4,2,2,3,2,4,4,4,3,3,4,5,2,2,2,2,2,2,2,2,2,3,2,1,1,1,1,7,8,8,6,6,5,7,4,4,2,32,3,2,6,1,45,0,0,4500,615301,직무교육 개인 사업자 규모 인기,애완동물학
29668,3,4,3,4,2,3,3,4,1,0,1,0,3,4,1,0,3,4,1,0,1,0,4,5,3,3,2,3,5,6,1,0,2,3,1,0,1,0,4,5,1,0,3,4,3,4,1,0,2,3,2,3,3,4,3,4,2,3,1,0,1,0,1,0,1,0,1,0,1,0,1,0,1,0,1,0,1,0,1,0,3,4,3,4,1,0,1,0,4,4,4,2,2,1,3,2,2,2,3,3,4,18,1,1,1,2,0,2,2,3,3,2,4,3,3,4,3,3,3,3,3,3,3,3,4,3,4,3,4,4,4,4,3,4,3,4,4,3,4,3,4,4,2,2,2,2,2,2,2,2,2,1,3,2,2,2,2,9,8,8,1,3,3,8,7,4,2,55,2,1,1,1,50,3500,2500,0,307601,안마사 자격증 상황 유지,정보통신
29669,3,5,3,4,2,3,4,5,2,3,2,2,2,3,3,3,4,4,3,4,2,3,2,3,3,4,2,2,5,4,4,4,3,4,1,0,2,3,3,5,3,3,3,3,4,3,1,0,1,0,1,0,1,0,1,0,1,0,1,0,1,0,1,0,1,0,1,0,1,0,1,0,1,0,1,0,1,0,1,0,1,0,2,4,2,3,3,5,4,5,2,2,3,3,2,4,2,4,4,3,3,18,1,2,1,2,0,7,2,3,2,2,4,4,2,3,2,3,4,3,3,4,4,4,4,3,3,4,4,4,3,4,4,5,5,4,5,4,4,4,5,4,2,2,2,2,2,2,2,2,2,1,3,3,2,2,2,5,6,6,5,6,5,5,5,5,2,58,2,1,1,1,20,2300,2000,0,521304,국내여행안내사 여가 활동 관심 증가,인문계
29670,2,2,2,2,2,3,2,2,2,3,2,2,2,2,2,3,2,2,3,4,3,4,3,4,4,5,3,4,3,4,4,5,4,4,3,4,3,4,3,4,2,3,3,4,3,4,2,3,3,4,3,4,3,4,4,4,4,6,4,5,1,0,4,5,4,6,5,6,4,5,4,5,4,5,4,5,4,4,4,5,3,4,3,4,3,4,4,4,3,3,3,3,3,2,4,4,3,2,4,4,4,6,1,2,1,1,2,7,3,3,4,3,4,5,4,4,3,4,4,4,2,4,4,2,3,4,4,3,4,4,2,3,4,2,3,4,3,2,3,3,3,3,2,2,1,2,2,2,2,2,2,1,4,3,3,3,2,7,8,7,3,2,3,7,3,2,1,45,3,1,1,1,47,5400,4000,0,623001,기중기운전기능사 굴착 크레인의 이동 방법 크레인 사용 작동 체크 사장 업무 사람 증가,자동차학
29671,3,3,4,4,4,5,5,5,4,4,4,4,3,3,4,4,4,4,4,4,4,4,4,5,4,4,4,4,4,4,5,5,5,5,4,4,4,4,3,3,4,4,4,4,3,3,1,0,4,5,3,4,4,4,4,4,4,4,4,4,3,3,4,4,4,4,4,4,2,2,4,4,2,2,4,4,4,4,4,4,4,4,3,3,5,6,4,4,4,3,4,4,3,4,3,4,3,2,3,4,4,15,2,5,1,1,2,2,4,4,4,3,4,4,4,3,3,4,4,4,3,5,4,3,3,4,3,3,4,4,4,5,3,3,4,4,3,4,5,3,4,4,2,2,2,2,2,2,2,2,2,2,2,3,3,3,2,4,5,7,3,5,5,6,4,5,1,35,4,1,1,1,40,3300,2500,0,240301,사회복지사 컴퓨터활용능력 인성교육 인구 감소 소자 감소,경영학
29672,2,2,4,3,1,0,2,3,4,3,2,2,2,1,2,2,3,3,2,3,1,0,2,3,3,2,3,2,2,1,4,2,1,0,2,1,2,3,2,2,4,2,3,1,2,2,1,0,4,2,2,1,5,3,4,3,4,3,5,4,1,0,3,3,4,2,4,2,4,2,5,4,2,2,3,2,4,3,2,1,3,3,1,0,2,1,2,1,2,3,2,4,3,2,3,4,3,4,2,3,2,3,1,2,2,2,0,2,2,3,3,3,4,3,4,4,3,5,4,4,2,3,3,3,4,3,3,5,4,3,4,4,3,3,5,4,4,3,5,4,4,5,2,2,2,2,2,2,2,2,2,2,1,3,3,3,2,5,6,6,3,3,4,4,6,5,1,42,3,1,1,1,40,3900,3500,0,852101,물류 비용 증가 해외 이전,기계
29673,1,0,3,3,1,0,3,3,1,0,2,2,2,2,4,5,2,2,3,3,2,2,1,0,3,3,3,3,2,3,3,2,2,2,1,0,3,3,3,3,3,2,3,2,4,3,2,2,3,2,1,0,1,0,2,2,1,0,1,0,1,0,4,6,3,2,1,0,1,0,1,0,1,0,4,3,2,3,3,3,3,5,3,4,4,2,3,3,3,2,2,3,3,3,4,3,2,2,3,3,2,1,3,2,2,1,1,4,1,2,3,3,4,4,4,4,3,3,3,4,3,3,3,2,2,3,2,3,2,3,4,3,3,2,2,2,1,1,3,4,4,4,2,2,2,2,2,2,2,2,2,1,3,3,3,3,2,9,9,9,5,5,5,7,5,3,1,58,1,2,5,1,40,0,0,3000,901101,농업교육 귀농 구가,0
29674,2,2,3,2,2,2,2,4,3,3,1,0,1,0,2,1,3,2,3,3,3,4,2,2,2,2,3,4,3,3,3,3,2,3,2,3,2,2,5,3,2,3,3,3,2,2,3,3,3,3,3,5,1,0,1,0,1,0,1,0,2,2,1,0,1,0,3,3,2,3,3,3,2,4,3,1,3,1,3,2,3,3,2,3,3,4,2,2,3,3,3,2,2,2,4,1,2,1,2,2,3,7,1,1,2,2,0,5,2,2,3,1,4,2,3,3,3,2,4,3,3,3,2,3,2,3,3,4,3,5,3,3,1,1,2,2,3,3,3,2,3,4,2,2,2,2,2,2,2,2,2,3,2,3,3,2,2,9,9,5,5,3,4,4,5,5,2,52,2,2,5,1,45,0,0,5000,616101,무인 계산 시스템 생기며 무인 편의점 생각,문과
29675,3,3,2,2,1,0,1,0,1,0,3,3,1,0,3,3,1,0,3,4,1,0,1,0,2,2,1,0,3,3,4,4,1,0,1,0,1,0,2,2,3,3,3,3,1,0,3,3,2,2,2,4,2,3,3,3,3,3,2,2,1,0,1,0,1,0,4,6,4,5,4,6,3,3,1,0,2,4,2,4,1,0,1,0,1,0,1,0,3,2,2,3,4,4,3,4,4,3,3,3,3,8,1,2,1,1,2,5,2,4,4,4,4,4,3,4,3,3,4,4,3,4,3,4,4,3,3,4,4,4,4,3,3,3,2,3,4,3,3,3,3,3,2,2,2,2,2,2,2,2,2,3,2,2,2,2,2,7,6,5,4,5,5,7,6,7,1,38,4,1,1,1,34,4900,4500,0,621203,해기사 안전교육 직무교육 제어 가능,해양공학
29676,3,4,4,4,1,0,3,3,1,0,2,4,4,5,2,3,2,3,2,3,3,4,1,0,3,4,2,4,4,4,4,5,2,4,3,5,3,4,2,4,3,4,4,5,3,5,2,3,3,4,3,3,1,0,1,0,1,0,1,0,1,0,1,0,1,0,1,0,1,0,1,0,1,0,1,0,1,0,2,3,2,4,2,4,2,4,2,3,3,4,4,2,4,2,3,4,3,4,4,3,4,18,4,1,1,1,2,5,5,4,3,3,3,4,3,2,9,9,9,2,2,4,4,3,5,4,4,3,4,4,3,5,4,3,2,3,5,4,5,3,4,4,2,1,1,2,2,2,2,2,2,2,3,2,2,2,1,2,1,4,4,7,8,3,8,9,2,28,4,1,4,2,36,1200,1000,0,416103,워드프로세스 엑셀 인문학 개론 작업기초 교육 대면 공연 비대 연등 온라인 화상 공연 변화 디지털 기술 복합 작업 디지털화 가속도 영향 연극 관련 분야 수준 유지,신문방송학
29677,1,0,2,2,1,0,3,4,4,6,3,4,3,3,1,0,1,0,1,0,3,5,1,0,4,6,2,2,1,0,2,2,1,0,3,3,4,4,1,0,4,5,4,4,2,2,4,5,2,2,1,0,5,6,5,6,5,6,1,0,1,0,1,0,2,2,3,3,1,0,2,4,1,0,4,6,4,6,2,2,5,7,2,3,5,6,2,2,4,4,2,3,4,1,2,5,2,2,4,2,2,6,1,2,1,1,1,1,1,3,3,2,4,3,3,3,3,4,4,4,3,3,2,3,4,3,3,3,2,3,4,5,3,4,3,3,3,4,3,5,4,4,2,2,2,2,2,2,2,2,2,2,2,2,2,2,2,3,5,6,4,5,7,3,5,7,1,44,2,1,1,1,40,3100,2600,0,701501,석공기능사 직무교육 수요 감소,토목
29678,2,3,2,3,1,0,3,5,2,2,2,3,2,2,4,2,4,2,2,2,2,2,2,2,2,2,1,0,1,0,2,3,1,0,1,0,3,4,2,4,2,3,1,0,4,5,1,0,3,4,1,0,1,0,1,0,3,4,2,4,1,0,3,4,3,5,3,5,4,5,4,5,2,4,4,5,5,5,4,5,3,4,3,4,3,4,3,4,2,2,2,2,2,1,2,3,2,3,2,2,3,3,1,3,2,1,3,2,2,3,2,2,4,2,1,3,3,3,3,3,3,2,2,3,3,2,3,4,3,3,3,4,2,3,2,3,4,4,3,2,4,3,2,2,2,2,2,2,2,2,2,3,2,3,2,2,2,6,6,7,5,6,6,8,8,5,2,51,2,1,1,1,42,2500,2100,0,861101,장비 조작법 인건비 상승 자동화,상고
29679,4,4,4,4,1,0,1,0,3,4,3,5,1,0,3,4,3,4,1,0,3,4,1,0,1,0,1,0,1,0,1,0,1,0,1,0,1,0,1,0,1,0,1,0,1,0,1,0,1,0,1,0,4,6,1,0,3,5,1,0,1,0,5,6,3,4,1,0,1,0,1,0,1,0,1,0,1,0,1,0,1,0,1,0,1,0,1,0,3,3,4,3,3,3,3,4,3,3,3,4,3,13,2,3,1,2,0,7,6,3,3,3,3,3,3,3,3,3,3,3,3,4,4,5,3,2,3,4,4,3,3,4,3,3,3,3,2,5,3,3,4,4,2,2,2,2,2,2,2,2,2,1,2,3,3,3,2,7,3,4,4,4,5,3,4,4,1,30,5,1,1,1,40,2500,2500,0,157201,식품기사 인구 감소 때문,변형병리학
29680,4,6,4,6,4,6,4,6,4,6,4,6,4,6,4,5,4,5,4,6,4,6,4,6,4,5,4,5,3,5,4,6,4,6,4,6,4,5,4,6,4,6,4,5,3,5,4,5,4,5,4,6,4,6,4,5,3,4,3,4,4,5,4,5,4,5,3,4,3,3,2,3,2,3,2,3,2,3,3,4,2,3,3,3,4,4,3,3,4,3,4,5,4,3,4,3,4,5,4,3,4,11,4,1,1,1,5,2,5,4,3,3,4,3,3,5,4,5,5,5,2,4,3,4,3,4,3,3,4,3,4,4,3,4,4,4,4,4,3,4,4,3,2,2,2,2,2,2,2,2,2,2,2,2,2,2,1,8,7,6,7,7,7,8,7,7,1,45,4,2,6,1,40,0,0,8700,31501,손해사정사 보험중개사 보험계리사 손해보험 회사 6개월 실무 수습 고객 지식 발전 자발 처리,세무회계
29681,3,3,3,4,3,5,2,3,3,4,3,4,1,0,3,4,3,4,2,4,3,5,2,3,2,3,3,3,1,0,2,3,1,0,1,0,1,0,2,4,2,3,2,3,3,5,1,0,1,0,1,0,1,0,2,3,2,4,1,0,4,6,3,4,2,3,2,4,2,4,2,3,2,3,2,4,2,3,3,4,2,4,2,4,3,5,2,4,4,5,3,2,3,4,4,2,3,2,3,3,2,17,1,5,1,1,2,7,2,3,4,4,4,3,4,3,3,4,4,4,3,3,3,4,4,3,4,2,3,3,3,4,3,4,4,4,3,4,4,3,3,3,2,2,2,2,2,2,2,2,2,1,4,1,1,3,2,5,6,6,5,6,7,5,4,5,2,31,4,1,1,1,42,3400,2800,0,307401,의무기록사 의무기록 작성 기록 관리 업무 병원 증가,의무행정학
29682,3,4,3,3,3,3,2,4,4,4,3,3,3,5,4,4,2,3,5,5,4,4,2,4,3,3,2,3,2,4,2,4,2,4,2,4,2,4,2,3,2,3,3,4,3,5,3,4,3,3,2,4,3,4,5,5,5,5,5,4,3,5,2,4,2,3,2,2,2,3,2,2,2,3,3,4,2,4,2,3,3,4,2,4,3,5,2,4,3,3,4,2,3,3,3,3,3,3,3,4,4,6,1,2,1,2,0,6,5,4,3,3,4,4,3,3,3,4,4,3,3,3,3,4,3,3,3,1,4,3,3,5,3,4,2,2,3,2,2,2,3,5,2,2,2,2,2,2,2,2,2,2,2,3,3,3,2,7,7,8,6,3,3,7,3,3,1,30,4,1,1,1,50,4120,3900,0,140201,건축구조기술사 건축기사 산업기사 장기 증가 감소,건축학
29683,5,7,5,7,5,7,5,7,3,4,5,7,3,4,5,6,5,7,3,4,3,4,3,4,4,6,4,6,4,6,3,4,3,4,3,4,4,7,4,6,4,5,4,5,4,5,4,5,3,4,3,4,3,4,3,4,3,4,3,4,3,4,3,3,3,4,3,3,3,3,3,3,3,4,2,2,2,2,3,3,3,3,2,2,3,4,3,4,4,3,4,3,3,4,5,4,3,3,4,4,4,17,1,1,1,2,0,2,5,4,3,2,5,4,3,4,9,9,3,4,2,4,3,4,3,4,3,4,5,4,2,4,4,4,3,3,3,4,4,3,4,4,2,2,2,2,2,2,2,2,2,1,3,3,3,3,2,3,4,5,4,5,4,5,6,5,1,31,4,2,5,1,54,0,0,3500,303002,한약사 한의학 보험 범위 확대,한약학
29684,5,5,4,5,4,5,5,5,2,5,3,4,3,5,3,3,4,3,3,5,3,3,4,5,3,5,3,5,5,5,4,6,4,4,4,5,4,4,4,7,4,4,4,4,3,3,2,3,2,2,3,5,2,4,2,3,2,3,2,2,5,4,1,0,1,0,2,2,3,3,2,3,2,2,2,2,2,2,1,0,2,3,3,4,4,3,4,5,4,4,1,1,4,3,3,3,2,3,4,3,4,15,2,6,1,2,0,4,5,4,2,2,4,4,3,1,3,3,4,3,2,3,4,4,3,3,4,2,3,2,4,4,4,3,3,4,3,4,4,3,3,4,2,2,2,2,2,2,2,1,2,2,3,1,2,3,2,6,7,6,8,7,7,8,7,7,2,59,4,1,1,1,40,2800,2600,0,231401,직업상담사 자격증 컴퓨터 활용 능력 직업 상담사 업무 보완 뉴딜 시민 일자리 채용 업무 대면 상담 공공 일자리 직업 상담사 업무 기본 현재 생각,전산통계학
29685,5,5,5,5,3,3,5,5,4,5,4,4,3,3,4,5,4,4,4,4,3,4,4,5,4,4,4,4,4,5,4,5,5,5,3,4,4,4,4,5,3,4,4,4,4,4,3,3,3,3,3,4,4,4,5,5,4,5,3,4,3,4,4,5,3,4,5,5,5,6,5,6,4,4,5,6,4,5,4,5,5,5,4,5,5,5,3,3,4,3,2,3,3,1,3,2,3,4,3,3,3,7,1,1,1,2,0,4,2,4,3,3,4,4,3,3,3,4,4,4,3,4,4,3,4,3,2,2,3,3,5,4,4,5,3,3,4,4,4,3,3,4,2,2,2,2,2,2,2,2,2,2,2,2,2,2,2,7,4,5,6,4,5,7,5,5,1,28,3,1,1,1,45,2800,2500,0,812902,자동차정비 자전거 수리 로봇 등장,기계공학
29686,4,6,4,5,3,4,5,6,2,2,2,2,3,3,4,5,3,4,3,3,3,4,3,3,4,4,4,5,5,5,4,5,4,4,4,5,3,5,4,5,4,4,2,3,1,0,1,0,1,0,1,0,2,2,2,4,3,3,3,4,2,4,2,3,2,3,3,5,3,4,3,3,2,3,3,4,3,3,3,4,2,2,2,2,2,3,3,5,4,5,3,4,5,3,5,5,4,4,5,4,5,19,1,2,1,2,0,2,5,4,4,4,4,5,4,3,3,4,5,4,2,3,4,4,4,2,4,2,2,3,1,4,3,4,4,4,4,3,4,4,4,2,2,2,2,2,2,2,2,2,2,1,4,2,2,2,1,6,7,6,4,4,3,6,5,6,2,36,4,1,1,1,40,3000,2200,0,231201,전문상담교사 정신건강 관심 증가,심리학
29687,5,6,5,7,5,7,4,6,4,6,4,6,5,6,4,6,5,6,3,4,3,4,4,5,5,6,2,4,2,3,2,3,1,0,2,3,4,5,4,4,4,5,3,4,2,3,2,4,3,3,3,3,2,2,2,3,2,2,1,0,3,4,2,2,1,0,1,0,1,0,1,0,1,0,1,0,1,0,1,0,1,0,1,0,1,0,1,0,4,4,4,3,4,4,4,4,4,4,4,4,3,15,2,4,2,2,0,5,5,3,3,3,3,3,3,3,3,3,4,4,3,3,3,4,4,4,3,2,3,4,4,4,4,4,3,3,4,4,4,3,3,4,2,2,2,2,2,2,2,2,2,2,3,3,3,3,2,6,4,6,5,5,6,7,7,7,1,37,5,1,1,1,45,3000,2000,0,110102,상태 유지,역사학
29688,5,6,4,5,4,5,5,5,4,5,4,6,5,6,4,6,5,6,4,5,3,4,3,4,4,5,4,4,4,5,4,5,3,4,2,3,3,4,4,5,3,3,5,6,5,5,2,2,3,4,4,5,2,2,2,1,1,0,1,0,3,4,2,2,3,4,2,3,2,2,2,2,3,4,3,4,2,2,3,4,4,5,3,4,3,4,2,3,4,4,3,3,4,4,3,4,4,3,3,4,4,19,1,2,1,2,0,3,5,5,4,4,4,4,4,4,4,3,4,4,2,3,4,4,3,3,3,4,3,3,2,4,3,3,3,3,4,4,4,3,3,2,2,2,2,2,2,2,2,2,2,2,3,3,3,3,2,7,6,6,4,4,5,3,6,5,2,40,4,1,1,1,40,4500,3500,0,23401,감정평가사 무량 비슷,부동산학
29689,3,4,2,3,2,3,3,5,1,0,1,0,4,5,1,0,4,5,3,5,1,0,1,0,4,5,1,0,1,0,4,4,3,4,4,5,4,6,4,5,4,5,3,4,3,6,5,6,1,0,5,6,1,0,1,0,1,0,1,0,4,5,2,1,1,0,1,0,1,0,1,0,1,0,1,0,2,3,2,3,3,4,4,5,2,4,4,4,4,3,4,2,3,2,3,4,4,4,3,3,4,18,4,1,2,1,3,7,1,4,5,5,5,5,4,2,9,9,9,2,1,5,5,3,5,5,4,3,4,4,3,4,5,4,3,2,4,5,4,3,4,2,2,1,1,2,2,2,2,2,2,1,2,2,2,2,1,8,4,7,1,4,8,8,9,7,1,45,3,1,4,2,10,1000,900,0,416103,인문학 세계관교육 온라인 공연 확대 기술 복합 발전 작업 능률 향상 향후 문화 랜드 디지털화 영향 연출 영향 파급 효과,연극영화
29690,5,7,4,6,3,4,5,7,3,4,3,4,4,5,3,4,5,6,3,4,3,4,5,6,3,4,4,5,2,3,2,3,2,2,2,2,3,4,1,0,2,3,1,0,2,3,1,0,1,0,1,0,1,0,1,0,1,0,1,0,1,0,1,0,1,0,1,0,1,0,1,0,1,0,1,0,1,0,1,0,1,0,1,0,3,4,4,5,3,4,4,3,4,5,4,4,3,4,5,4,4,13,1,6,2,2,0,3,2,4,5,4,5,5,3,3,3,4,4,4,2,4,4,3,2,3,3,4,4,5,2,5,5,5,4,4,5,4,4,4,5,4,2,2,2,2,2,2,2,2,2,2,3,1,1,1,1,8,2,2,2,1,3,7,2,1,1,28,4,1,1,1,40,2700,2400,0,416205,방송 채널 계속 추세,신문방송학
29691,4,4,4,4,4,5,3,5,4,4,4,5,4,5,4,4,4,5,2,2,4,4,4,5,3,4,1,0,3,3,3,4,3,5,3,3,1,0,3,3,4,4,3,5,3,4,1,0,1,0,1,0,3,4,4,4,3,5,3,5,4,4,4,4,3,5,3,4,3,4,3,5,1,0,1,0,1,0,1,0,1,0,1,0,3,4,2,3,4,3,4,3,4,3,3,4,3,4,3,4,4,3,1,4,2,2,0,7,6,5,4,4,4,5,3,3,3,4,4,4,2,5,4,5,4,3,3,3,3,4,3,5,3,4,4,5,4,4,3,3,4,5,2,2,2,2,2,2,2,2,2,1,3,3,3,3,2,6,5,4,5,4,4,4,4,5,2,26,5,1,1,1,44,3500,3200,0,154103,경제 발전 도료 사업 발전 계속,화학공학
29692,4,4,4,4,3,3,3,2,4,3,3,3,3,3,3,3,3,2,3,3,3,3,3,3,3,3,3,2,3,2,3,2,3,3,3,2,3,3,3,2,3,2,3,2,4,3,3,2,3,2,3,2,4,3,3,2,3,2,3,2,3,2,3,2,3,2,3,2,3,2,4,4,3,3,3,2,3,3,3,2,3,2,3,2,3,3,3,2,3,4,3,3,3,3,3,3,3,3,4,3,3,7,1,2,1,1,3,2,4,3,3,3,4,4,3,3,9,9,4,3,3,3,3,4,3,3,4,3,3,3,3,4,3,3,3,3,3,4,3,3,3,3,2,2,2,2,2,2,2,2,2,2,2,2,2,2,2,5,6,5,6,6,6,5,5,5,1,59,4,2,5,1,40,0,0,5000,158201,소방설비기사 소방관련 장비 사용법 로봇 인공 지능 대체,건축학
29693,3,4,3,3,3,4,3,5,3,4,3,4,4,5,3,4,3,4,3,4,3,5,3,4,3,4,3,4,3,4,3,4,3,3,3,4,3,5,4,5,3,4,3,5,3,4,3,5,3,4,3,5,3,4,3,4,4,4,3,4,3,4,3,5,3,4,3,4,4,5,3,4,3,4,3,5,4,4,3,4,4,5,4,5,4,5,4,4,4,4,3,4,3,4,3,3,3,3,4,3,3,18,5,2,2,2,0,2,5,3,3,4,3,4,3,4,3,3,4,4,3,4,4,3,3,4,3,4,5,3,3,4,4,3,3,4,5,5,4,3,5,5,2,2,1,1,2,2,1,1,1,1,3,2,2,2,1,5,6,6,7,7,6,5,6,4,2,28,4,2,5,1,45,0,0,3000,414703,코로나 대면 공연 축소 구조조정 현재 상황,무용
29694,3,5,4,5,3,4,4,5,3,4,3,5,1,0,3,5,4,5,3,5,3,4,2,5,2,4,4,5,4,5,4,5,3,5,4,5,2,4,4,7,4,4,3,5,4,6,2,4,3,3,4,6,1,0,1,0,1,0,1,0,2,3,1,0,2,3,2,3,2,3,2,3,3,4,2,3,2,3,2,3,1,0,2,4,2,4,3,4,3,4,2,2,2,4,3,3,2,2,3,3,3,19,1,2,2,2,0,2,2,4,2,1,4,2,3,3,3,3,3,3,4,2,3,4,3,3,4,3,3,5,4,3,3,3,3,3,3,4,3,2,4,4,2,2,2,2,2,2,2,2,2,2,3,2,2,2,2,8,7,7,5,6,5,4,5,3,2,39,2,1,1,1,40,2200,1300,0,29904,온라인 구직 취업 사이트 활성화,이과
29695,4,5,3,4,3,4,4,5,4,6,5,6,5,6,4,5,4,5,3,4,4,5,3,4,3,4,4,5,4,5,3,4,5,6,4,6,2,2,4,5,4,5,5,6,3,4,1,0,1,0,1,0,4,5,5,6,4,5,3,4,5,7,3,4,3,3,2,2,1,0,1,0,1,0,2,2,1,0,1,0,1,0,1,0,4,5,1,0,3,3,3,3,5,4,4,3,2,4,4,4,4,13,1,2,2,2,0,7,5,5,4,4,5,4,4,3,4,4,4,3,2,4,4,2,2,2,2,4,3,5,2,4,4,4,4,4,4,5,4,3,5,3,2,2,2,2,2,2,2,2,2,1,3,3,3,3,2,2,1,2,2,8,8,9,8,2,1,29,4,1,1,1,45,3600,3100,0,415504,변화,그래픽디자인
29696,4,4,3,4,1,0,3,5,1,0,4,6,3,4,1,0,4,6,3,5,3,5,2,5,4,3,3,3,4,4,5,5,4,6,4,7,5,5,3,5,4,4,4,6,4,5,4,6,2,2,4,6,1,0,1,0,1,0,1,0,1,0,1,0,1,0,1,0,1,0,1,0,3,4,1,0,3,4,3,5,3,4,4,5,4,4,3,4,4,3,3,3,4,2,4,4,4,4,4,3,4,18,1,1,1,1,3,7,1,3,3,3,4,4,4,3,4,4,4,4,2,4,4,3,4,5,4,5,5,4,1,4,5,4,3,2,4,4,5,3,4,4,2,2,2,2,2,2,2,2,2,2,3,2,2,2,1,6,4,3,2,1,4,7,9,8,2,45,3,1,1,1,20,2000,1500,0,416103,워드프로세스 연출기획 마케팅 교육 경제 상황 지속,연극
29697,3,4,3,5,3,5,2,3,4,6,4,6,3,4,3,4,3,4,2,3,2,3,3,5,2,3,3,4,3,4,2,2,3,4,3,4,3,4,3,5,3,4,2,3,3,4,3,4,2,2,3,4,2,3,2,3,2,3,2,2,4,5,2,2,2,2,2,2,2,2,2,2,2,3,1,0,1,0,1,0,1,0,1,0,1,0,1,0,3,4,3,3,4,4,4,3,2,3,3,3,3,13,1,2,2,2,0,4,4,4,4,4,4,3,3,4,3,4,4,4,2,3,3,4,3,2,3,4,3,4,4,4,5,5,4,4,5,4,3,3,4,4,2,2,2,2,2,2,2,1,1,2,4,1,1,3,1,7,6,4,4,3,5,4,5,6,2,40,4,1,1,1,40,4200,2900,0,134401,홈페이지 변경 웹사이트 활성화 일자리 증가,전자공학
29698,3,4,3,3,2,2,3,4,3,4,2,3,5,6,3,4,3,4,2,2,4,5,4,5,4,5,4,5,3,4,2,3,2,3,3,4,2,3,3,5,3,4,4,4,4,5,3,4,4,5,3,4,4,4,2,3,4,6,2,4,2,2,3,4,3,4,3,4,2,4,3,4,3,4,5,6,4,4,2,4,3,3,2,2,5,6,2,2,3,3,4,3,3,2,3,4,3,3,3,3,2,18,1,2,1,1,2,7,5,4,3,3,4,3,3,4,3,3,3,4,4,3,3,2,3,4,3,3,3,3,3,2,3,4,3,4,3,2,3,3,3,4,2,2,2,2,2,2,2,2,2,3,4,3,2,2,1,7,6,7,3,4,5,8,3,4,2,32,4,1,1,1,45,4300,3600,0,884201,보석가공기능사 보석 디자인 세공법 귀금속 대한 욕구 증가,귀금속디자인학
29699,4,5,4,4,4,4,4,4,4,4,4,5,4,6,4,6,4,5,4,5,4,5,4,5,4,5,3,5,3,5,3,4,3,4,3,5,4,5,4,5,4,5,3,4,4,4,3,3,4,2,4,3,4,5,4,4,4,5,4,3,4,5,4,4,4,4,4,4,4,4,3,5,3,5,3,3,3,5,3,4,4,5,4,5,3,5,3,5,5,5,5,4,4,2,3,3,3,3,4,4,4,13,2,2,2,2,0,7,6,3,4,4,4,4,3,3,3,4,4,4,2,4,4,4,4,5,4,2,5,2,4,3,4,4,3,4,4,5,5,3,5,2,2,2,2,2,2,2,2,2,2,1,3,3,3,3,2,3,4,5,4,3,3,7,6,6,2,29,5,1,1,1,40,3400,2900,0,122103,농업 발전 계속,원예학
29700,1,0,3,3,2,3,3,3,1,0,2,2,3,4,2,3,2,3,4,5,2,2,3,4,3,4,2,3,3,3,3,4,2,3,4,4,1,0,3,3,2,3,3,3,4,4,2,3,2,3,3,2,2,3,2,3,3,4,2,3,2,3,2,3,2,3,4,4,3,3,2,3,3,4,1,0,2,2,2,3,2,3,1,0,3,3,3,4,3,4,2,3,4,2,5,4,4,4,4,5,4,15,2,5,1,1,4,7,5,5,4,4,5,4,4,3,3,3,4,4,2,5,4,5,4,4,4,1,5,2,3,5,3,3,2,4,4,5,4,3,4,4,2,2,2,2,2,2,2,2,2,2,3,1,3,2,2,3,4,4,3,4,3,2,3,3,1,36,4,1,1,1,45,4000,3000,0,240101,1종 보통 직무 교육 상태 유지,경제학
29701,2,1,3,3,3,2,4,3,1,0,2,2,1,0,4,2,4,3,3,3,2,1,1,0,3,4,3,3,3,3,2,4,2,2,1,0,3,3,4,4,2,1,3,3,3,4,1,0,1,0,1,0,1,0,1,0,1,0,1,0,1,0,1,0,1,0,1,0,1,0,1,0,1,0,4,3,2,3,3,2,4,1,3,3,3,3,3,3,2,5,4,2,3,1,3,3,2,3,4,2,3,17,3,2,2,1,1,2,2,3,4,1,3,3,2,3,9,4,9,4,4,2,2,1,1,3,4,4,2,3,3,3,2,1,1,3,4,4,4,5,5,5,2,2,2,2,2,2,2,2,2,4,1,2,2,2,1,7,8,6,6,4,3,8,7,4,2,54,2,1,3,2,52,1800,1400,0,550201,직무교육 출산율,문과
29702,4,5,4,5,4,5,4,5,1,0,2,2,1,0,1,0,1,0,1,0,1,0,4,5,4,6,4,5,5,6,3,4,3,4,1,0,4,5,4,5,4,5,1,0,1,0,1,0,1,0,1,0,1,0,1,0,1,0,1,0,3,4,1,0,1,0,1,0,1,0,1,0,1,0,1,0,1,0,1,0,1,0,1,0,2,3,2,3,4,4,2,4,4,5,4,4,3,4,3,3,4,17,1,2,1,2,0,7,4,3,4,3,4,4,4,4,5,4,4,4,4,3,4,4,3,4,3,3,4,3,4,3,4,3,4,5,4,4,4,4,4,4,2,2,2,2,2,2,2,2,2,4,2,2,2,2,2,8,9,8,8,9,8,8,7,7,2,32,4,1,1,1,40,2800,2000,0,306901,언어치료사 인기 항목,아동심리학
29703,3,5,3,3,2,2,2,3,1,0,2,2,2,2,2,2,2,2,3,3,1,0,2,3,2,3,2,3,2,3,3,3,2,3,2,2,2,3,1,0,2,3,2,2,2,3,1,0,1,0,1,0,2,2,1,0,2,2,2,2,1,0,1,0,2,2,1,0,1,0,1,0,1,0,1,0,2,1,1,0,2,2,2,3,2,2,2,3,4,4,4,4,3,4,4,3,3,3,3,4,3,8,2,4,1,1,4,2,4,3,4,4,4,3,4,4,4,4,3,4,2,3,4,4,4,4,4,3,4,3,2,3,3,4,4,3,2,4,4,4,5,5,2,2,2,2,2,2,2,2,2,2,3,2,3,3,1,5,7,6,5,7,5,5,7,3,1,42,3,1,1,1,42,5500,2800,0,831101,전기기사 전기관련 현장실무교육 매뉴얼 작성 작업 현장 촬영 모습 문서 작업 때문,전기전자
29704,2,1,2,1,2,2,2,3,1,0,2,2,1,0,2,2,4,4,2,3,1,0,3,3,2,2,2,2,3,4,2,3,2,2,3,3,2,3,2,2,4,4,1,0,3,3,2,3,4,4,1,0,3,3,1,0,5,5,4,4,1,0,4,3,2,2,4,5,4,4,4,3,1,0,4,4,4,5,3,3,4,5,4,4,3,3,3,3,4,3,2,2,2,1,4,2,2,2,3,3,4,1,4,1,2,2,0,6,1,2,2,2,4,2,1,2,9,9,9,3,4,3,2,4,4,3,2,3,4,4,2,4,3,2,2,3,4,5,3,3,5,4,2,2,2,2,2,2,2,2,2,3,2,3,3,2,2,6,6,8,5,7,7,5,5,6,1,57,2,2,6,1,50,0,0,3000,901201,농사일 기계,인문계
29705,3,5,3,5,3,4,2,3,3,5,4,6,2,4,3,4,3,4,2,3,3,5,2,4,2,3,2,3,3,4,2,4,2,4,2,4,2,3,2,3,4,5,3,5,2,3,2,1,2,1,2,3,2,2,1,0,1,0,1,0,3,3,2,1,2,1,1,0,1,0,1,0,2,1,2,1,2,1,2,2,2,2,2,2,2,2,2,1,4,3,4,3,4,5,4,3,3,4,4,3,4,11,1,6,1,2,0,6,5,4,4,4,4,4,3,4,4,3,4,4,1,5,4,4,3,2,4,3,4,3,4,4,4,3,2,3,3,5,3,3,5,3,2,2,2,2,2,2,2,2,2,1,4,3,3,3,2,4,4,5,4,2,4,6,4,4,1,42,4,1,1,1,40,7000,3800,0,31501,손해사정사 사회 구조 변화 사건 사고,법학
29706,1,0,1,0,1,0,1,0,2,2,1,0,2,2,1,0,2,2,1,0,1,0,1,0,2,1,2,2,2,2,1,0,1,0,1,0,1,0,4,3,1,0,1,0,2,2,1,0,2,2,1,0,1,0,1,0,3,2,1,0,1,0,3,3,2,2,2,2,1,0,1,0,1,0,2,1,2,2,1,0,2,3,2,2,1,0,1,0,3,3,4,3,2,2,3,4,3,2,2,2,3,9,1,2,1,1,2,2,2,3,3,2,4,5,4,4,3,3,3,3,2,3,4,2,2,3,2,3,2,4,3,4,2,3,2,2,3,3,3,3,4,4,2,2,2,2,2,2,2,2,2,1,3,3,2,3,2,9,7,5,4,3,3,7,5,4,1,30,3,1,1,1,45,2750,2200,0,531401,양식조리기능사 양식조리훈련 외식산업 발전 호재 코로나 예측 상태,조리학과
29707,5,6,4,6,5,7,5,6,5,6,5,6,4,5,4,6,5,6,5,6,5,6,5,6,4,6,5,6,5,7,5,7,5,6,5,6,4,5,5,6,5,6,5,7,5,6,5,6,4,6,5,6,5,6,4,5,4,6,5,7,5,6,5,6,5,6,4,6,5,7,5,7,5,6,5,6,5,6,4,6,5,6,5,6,4,5,3,5,3,3,3,3,4,3,4,3,3,4,3,3,3,15,2,5,2,2,0,5,6,3,3,3,4,4,4,3,3,4,4,4,3,3,3,3,3,3,3,3,3,3,4,3,3,2,3,3,3,3,2,2,4,5,2,2,2,2,2,2,2,2,2,2,3,3,3,3,2,2,4,5,5,4,5,2,3,5,1,32,5,1,1,1,48,3600,2800,0,155103,상태 유지,전기공학
29708,5,7,4,5,3,4,1,0,1,0,3,4,3,4,5,7,3,4,3,4,1,0,3,4,3,4,2,3,2,3,3,4,1,0,1,0,3,4,1,0,1,0,1,0,1,0,5,7,5,7,1,0,1,0,3,4,1,0,1,0,3,4,3,4,2,2,3,4,4,3,1,0,1,0,3,4,4,6,1,0,3,4,2,2,3,3,2,2,2,2,2,2,3,4,4,3,3,4,4,4,2,15,2,4,2,1,2,7,2,3,3,2,3,3,3,2,2,3,3,3,4,3,3,4,1,2,2,1,3,3,3,4,2,2,2,2,2,4,1,2,4,2,2,2,2,2,2,2,2,2,2,2,4,3,3,3,1,7,7,7,5,5,5,5,5,5,1,38,4,1,1,1,40,3500,2500,0,413202,직무교육 관리방법 실습 기록 중요시,사서학
29709,2,2,3,3,2,2,3,3,2,2,3,3,1,0,3,3,3,3,2,2,2,2,2,2,2,2,3,3,4,4,2,2,2,2,3,3,2,2,3,3,4,4,3,3,3,3,3,3,2,2,2,2,3,3,2,2,2,2,1,0,2,2,2,2,3,3,2,2,2,2,3,3,3,3,1,0,1,0,2,2,2,2,2,2,2,2,1,0,3,4,3,3,4,3,3,4,3,3,4,3,3,15,2,2,1,2,0,4,5,3,4,3,3,4,4,3,3,3,3,3,3,4,3,3,4,3,3,3,3,4,3,3,3,3,4,4,4,4,3,3,4,3,2,2,2,2,2,2,2,2,2,2,3,2,2,2,1,5,4,5,6,6,6,5,5,4,1,39,4,1,1,1,50,4100,3200,0,23301,보세사 무역영어 변화,국제통상학
29710,2,3,2,3,2,1,3,4,4,3,3,4,3,4,3,4,3,4,2,1,3,4,4,5,2,4,4,3,2,3,3,4,2,3,4,5,3,4,3,5,3,4,2,3,4,5,3,4,3,2,4,3,3,4,4,5,3,5,3,4,5,4,3,3,2,4,3,4,4,6,5,4,3,2,1,0,2,3,2,3,1,0,2,3,4,3,2,1,5,4,5,4,3,5,4,2,4,3,4,5,4,10,1,4,1,1,5,2,2,4,5,3,3,4,1,4,3,3,4,5,2,3,4,2,3,2,4,3,5,4,1,3,4,5,4,5,4,3,4,3,5,5,2,1,2,1,1,2,2,1,2,1,3,3,3,3,2,6,7,5,3,4,6,8,3,4,1,48,4,1,1,1,43,5100,3500,0,131201,전보통신산업기사 전자응용기술사 통신공학기술 무선 중계 시스템 발전 업무 감소 멀티미디어 통신 발달 크게 변화,전기공학
29711,4,4,4,4,4,5,4,4,4,4,4,5,4,5,4,4,4,3,4,3,4,3,4,5,5,3,3,4,4,5,4,4,4,5,4,4,4,4,3,4,4,5,4,4,4,3,3,3,3,3,4,4,4,3,3,3,3,3,3,3,3,3,3,4,3,3,3,3,3,2,3,2,3,3,3,2,3,4,3,4,3,5,3,4,4,3,3,3,4,4,3,3,4,2,4,4,2,3,3,4,4,15,2,4,1,1,1,3,5,4,3,2,2,4,2,4,3,3,3,3,3,3,3,5,4,3,3,1,4,4,4,4,3,3,3,3,3,4,4,3,4,4,1,1,1,1,1,1,1,1,1,2,4,1,2,3,1,7,7,7,3,6,8,4,7,7,1,43,4,1,1,1,50,5500,3000,0,240102,동력수상레저기구자격증 인명구조자격증 해기사 수사관련 교육 민원처리 교육 시스템 개발 업무 편의 증진 노력 해양 레저 종사 증가 인력 증가 가능성,관광경영학
29712,3,3,4,6,4,4,4,4,4,4,4,4,4,4,3,3,2,3,3,3,3,4,3,3,4,4,3,3,3,4,3,3,3,4,3,3,4,5,3,4,3,5,4,4,4,4,4,4,3,4,4,4,4,4,4,5,3,4,3,5,1,0,2,2,1,0,4,5,3,4,1,0,3,2,3,3,4,5,3,3,4,4,3,3,3,3,2,3,4,3,3,4,4,4,5,4,3,4,3,1,3,6,1,2,2,2,0,7,2,4,3,3,4,4,4,4,9,9,4,4,4,3,4,3,4,3,4,3,4,3,4,3,4,4,5,4,4,4,3,3,4,3,2,2,2,2,2,2,2,2,2,1,3,3,3,2,2,7,7,8,7,8,7,2,5,5,1,49,3,2,5,1,40,0,0,6500,702101,사람 이기 때문,건축학
29713,4,5,4,5,4,5,4,4,4,5,4,4,4,4,4,5,4,5,4,4,4,5,4,4,4,4,4,4,4,5,4,4,4,5,4,4,4,4,4,4,4,4,4,4,4,4,4,4,4,4,4,5,4,4,4,4,4,4,4,4,4,4,4,5,4,4,4,4,4,4,4,4,4,4,4,4,4,4,4,4,4,4,4,4,4,4,4,4,4,3,4,3,4,3,4,4,3,4,4,3,3,15,2,4,2,2,0,2,2,4,4,4,4,4,4,4,3,4,4,4,4,2,2,4,4,3,4,2,4,3,4,4,3,4,3,4,4,5,4,4,4,4,2,2,2,2,2,2,2,2,2,1,4,3,3,3,2,6,7,5,7,6,3,6,4,7,1,28,2,1,1,1,40,2300,2000,0,250301,존재,이과
29714,4,4,4,4,4,4,4,5,4,5,3,4,3,3,1,0,2,3,1,0,1,0,2,2,1,0,1,0,1,0,1,0,4,6,3,6,3,4,3,3,2,3,3,3,2,3,2,3,3,4,2,3,3,4,1,0,1,0,2,2,1,0,1,0,1,0,1,0,1,0,1,0,1,0,1,0,1,0,3,3,2,2,2,2,3,3,2,3,3,3,2,4,3,3,3,3,3,3,4,4,3,10,1,2,2,2,0,4,5,3,3,4,4,3,3,5,4,4,3,4,3,4,3,3,3,4,3,4,3,3,4,4,4,3,3,3,3,4,4,3,3,3,2,2,2,2,2,2,2,2,2,2,3,2,2,2,1,5,4,4,5,5,5,6,5,5,1,39,4,1,1,1,40,3500,3200,0,612201,변화,영문
29715,4,5,3,5,3,3,4,5,3,3,3,3,4,4,3,5,3,3,3,3,3,3,3,2,4,6,4,5,3,3,3,4,3,4,3,3,3,4,3,3,4,5,4,6,4,3,3,3,4,6,4,4,4,5,4,6,4,5,5,7,3,3,5,7,5,7,4,7,5,7,5,7,3,3,5,6,3,3,3,3,2,2,2,2,3,3,2,2,4,2,3,4,4,3,4,3,3,4,4,3,2,3,1,2,1,2,0,6,5,3,3,3,4,3,3,5,5,5,5,5,3,4,5,4,3,4,3,4,4,4,3,4,4,4,4,4,4,3,4,4,5,4,2,2,2,2,2,2,2,2,2,2,2,3,3,3,2,8,8,6,9,8,7,8,3,2,1,38,4,1,1,1,45,3400,3100,0,835101,전기기능기사 전기산업기사 자동화 증가,기계
29716,3,3,3,4,3,1,3,4,1,0,3,2,3,2,3,1,3,4,1,0,1,0,3,3,3,4,3,2,3,3,3,3,1,0,1,0,1,0,3,4,3,3,3,4,3,4,3,2,3,2,3,3,3,4,1,0,1,0,1,0,1,0,3,3,1,0,1,0,1,0,1,0,1,0,3,3,3,4,3,1,3,2,3,4,1,0,1,0,3,2,3,2,3,2,2,3,2,3,3,2,3,19,1,1,1,2,0,7,2,3,3,3,3,3,3,3,3,3,3,3,3,3,3,3,3,3,3,3,3,3,3,3,2,3,3,2,3,3,2,2,3,3,2,2,2,2,2,2,2,2,2,1,3,2,2,3,2,7,8,6,4,3,4,5,3,4,2,25,2,1,1,1,40,2400,2300,0,511301,피부관리자격증 피부관리 기계 대신,문과
29717,1,0,1,0,1,0,1,0,1,0,1,0,1,0,1,0,1,0,1,0,1,0,1,0,1,0,1,0,1,0,2,2,1,0,1,0,1,0,1,0,2,2,1,0,2,3,2,2,4,5,4,5,4,5,1,0,5,4,3,4,4,5,4,5,4,5,1,0,1,0,1,0,1,0,4,5,4,5,1,0,1,0,1,0,5,5,1,0,4,4,5,4,3,4,3,4,3,2,3,2,3,18,1,2,2,2,0,7,5,3,4,3,3,4,4,4,3,3,4,3,2,3,3,3,4,3,3,2,3,3,4,4,4,3,2,3,3,4,4,4,4,4,2,2,2,2,2,2,2,2,2,2,4,3,3,3,2,6,7,8,5,6,6,6,7,6,2,32,3,2,5,1,40,0,0,8000,417102,편집 수요 증가,영상미디어
29718,1,0,1,0,1,0,1,0,3,5,4,3,1,0,1,0,3,4,1,0,3,5,1,0,1,0,1,0,1,0,1,0,1,0,1,0,1,0,1,0,4,4,1,0,1,0,1,0,1,0,1,0,3,5,3,6,3,5,4,5,1,0,4,5,3,5,4,6,4,5,4,5,1,0,1,0,1,0,1,0,2,4,1,0,1,0,1,0,4,4,3,3,4,1,3,3,2,3,3,2,3,4,2,4,1,1,4,7,2,4,4,4,5,5,5,4,4,4,4,4,1,4,4,4,3,3,2,3,4,3,3,4,3,3,3,3,3,4,3,4,4,3,2,2,2,2,2,2,2,2,2,2,3,3,3,3,1,6,7,7,6,6,5,4,2,3,1,61,5,1,1,1,52,10000,7000,0,153103,열관리기사 전기기사 열역학 전기공사 현재 최소 인력 운영,인문계열
29719,5,6,5,6,5,6,4,6,4,5,5,6,4,5,4,5,5,6,4,5,4,6,5,6,4,5,4,6,4,6,4,5,4,4,4,5,4,4,3,5,4,5,4,5,4,6,3,4,3,4,3,3,3,4,2,3,1,0,1,0,1,0,1,0,1,0,1,0,1,0,1,0,3,4,3,3,3,3,3,3,3,4,3,3,4,6,4,5,4,4,3,3,4,4,3,3,4,5,4,4,3,13,5,2,1,2,0,6,5,3,3,3,3,4,4,3,3,4,4,4,3,3,3,4,3,3,3,2,4,4,4,4,3,4,4,4,3,5,4,3,4,4,2,2,2,2,2,2,2,2,2,1,4,3,3,3,2,4,4,4,5,5,4,5,5,5,2,33,5,1,3,2,40,2500,2000,0,110105,정신보건임상심리사 1급 현대 화로 불안감 증가,심리학
29720,4,3,3,3,1,0,3,3,2,3,4,4,4,4,3,3,3,3,2,2,3,3,4,4,4,3,4,3,3,3,2,4,4,4,3,3,3,3,4,4,4,3,4,3,1,0,2,3,3,3,3,3,4,3,4,4,4,4,2,4,4,4,4,4,4,4,3,3,1,0,2,3,2,3,1,0,2,3,2,4,2,2,1,0,3,4,3,3,4,4,3,2,3,4,3,4,3,3,4,2,3,10,1,4,1,2,0,5,5,3,4,4,4,3,4,4,3,3,4,3,3,4,4,3,3,2,3,2,3,4,3,4,3,3,2,3,3,3,4,3,4,2,2,2,2,2,1,2,1,2,2,2,2,2,3,3,1,8,5,3,2,5,7,7,8,5,2,36,4,1,1,1,40,3500,3200,0,133302,정보처리기능사 구조 조정 기술 개발,정보미디어학
29721,2,2,3,4,1,0,3,4,3,4,2,2,1,0,1,0,2,2,1,0,1,0,3,4,3,4,1,0,2,3,3,4,1,0,1,0,3,4,3,3,3,4,3,4,2,2,1,0,2,3,1,0,3,4,1,0,1,0,1,0,2,2,1,0,1,0,1,0,1,0,2,2,2,2,3,4,2,1,1,0,1,0,2,2,3,4,2,2,3,4,2,2,4,4,4,3,4,4,4,4,3,16,5,2,1,2,0,5,4,3,4,5,5,4,3,2,9,4,4,4,2,5,4,4,3,5,3,3,5,2,4,5,3,4,5,3,3,5,3,4,5,2,2,2,2,2,2,2,2,2,2,2,3,3,3,3,1,4,3,3,4,3,2,3,4,7,2,48,3,1,1,1,40,1700,1200,0,212901,모스자격증 DITA ITQ,컴퓨터공학
29722,5,5,4,5,1,0,1,0,4,4,4,6,1,0,1,0,1,0,1,0,4,5,1,0,1,0,5,6,3,4,4,6,3,5,3,5,1,0,1,0,4,5,5,6,5,4,3,5,1,0,4,5,1,0,1,0,1,0,1,0,1,0,1,0,1,0,1,0,1,0,1,0,5,6,1,0,1,0,1,0,1,0,1,0,1,0,1,0,4,2,3,4,4,4,4,3,4,3,4,3,5,3,1,5,2,2,0,6,5,4,4,3,4,4,4,3,4,4,3,3,2,4,4,4,3,3,3,3,4,3,3,4,4,4,4,4,4,4,4,4,4,4,2,2,2,2,2,2,2,2,2,1,3,2,2,2,1,5,6,5,6,5,4,3,4,6,1,57,4,1,1,1,45,8000,7000,0,11201,기계 장비 대체 직업,기계공학
29723,4,6,4,6,5,6,4,6,4,6,4,6,4,6,5,6,5,6,4,6,4,6,4,5,4,5,5,6,4,5,4,6,4,6,4,5,4,5,4,6,5,6,4,6,4,6,4,3,4,5,4,5,4,6,4,6,4,3,4,3,4,5,3,3,3,3,2,3,2,3,2,3,2,2,1,0,1,0,1,0,1,0,1,0,1,0,1,0,3,3,3,3,3,3,4,3,3,3,3,3,4,15,2,4,2,2,0,4,6,3,3,3,5,5,5,3,3,4,4,4,3,3,3,3,3,3,3,3,3,3,4,3,3,3,3,2,3,3,3,2,4,4,2,2,2,2,2,2,2,2,2,2,3,3,3,3,2,2,2,4,3,5,5,5,5,5,1,54,6,1,1,1,48,8000,3500,0,110103,상태 유지,국문과
29724,5,4,4,4,4,4,4,4,2,3,4,4,2,2,2,2,5,5,2,2,3,3,5,7,4,4,2,2,5,5,4,5,2,3,3,4,5,6,4,6,4,5,4,4,3,4,1,0,1,0,1,0,1,0,1,0,1,0,1,0,3,4,1,0,1,0,1,0,1,0,1,0,1,0,4,3,3,3,2,3,3,4,3,3,5,3,4,3,5,5,2,4,5,1,4,4,2,5,5,3,4,16,5,3,1,1,4,4,5,5,4,5,4,5,3,4,3,4,4,4,3,5,4,5,5,5,4,2,4,2,4,5,5,4,3,3,4,2,2,4,4,5,2,2,1,2,2,1,2,2,2,1,2,1,3,3,1,9,5,5,7,2,5,9,3,4,2,34,5,1,1,1,38,3800,2500,0,212301,중등특수교육정교사2급 유아놀이 지도 유아언어심리치료 코로나 자가진단 발열 체크 인구 감소 학생 수가,유아특수교육학
29725,4,5,4,5,4,4,3,4,3,4,3,4,3,4,4,4,4,5,4,5,3,4,3,5,3,5,4,5,3,4,3,4,3,4,4,5,3,4,4,4,3,4,3,4,4,4,3,4,3,4,3,5,3,4,4,5,4,5,4,5,4,4,3,5,4,5,4,5,4,5,4,4,3,5,4,4,3,5,3,4,4,4,3,4,3,5,3,4,3,4,4,3,4,4,4,4,3,4,4,4,3,18,1,2,1,2,0,5,5,4,4,4,4,4,4,4,4,4,4,4,2,4,4,4,3,4,3,4,4,4,4,4,4,4,4,4,3,4,4,3,4,4,2,2,2,2,2,2,2,2,2,2,3,3,3,3,2,6,6,5,5,5,4,7,5,5,1,32,4,1,2,1,40,7200,4500,0,420202,프로게이머 자격증 변화,프로그래밍학
29726,4,4,4,4,2,4,4,4,5,6,3,4,2,4,4,4,3,4,4,4,3,4,4,4,4,4,2,3,4,4,3,4,3,4,2,3,4,3,4,4,4,4,4,4,4,3,1,0,2,2,1,0,4,4,5,5,4,5,2,4,5,5,4,4,4,4,3,4,2,2,4,3,2,3,1,0,1,0,1,0,1,0,1,0,4,4,3,4,4,4,3,2,4,3,4,2,3,4,4,4,4,13,2,6,1,1,1,5,5,3,4,4,4,4,3,3,3,4,4,4,2,3,3,4,3,3,4,2,3,3,4,4,3,3,4,3,4,4,3,4,4,3,1,1,1,2,2,1,2,2,2,2,3,2,2,3,1,3,3,3,3,3,7,3,5,7,1,37,4,1,1,1,52,4500,2500,0,151301,산업안전기사 일반기계기사 기계 기구 설계 방법 위험 기계 안전성 평가 업무 기술 발달 대한 공부 필요 응용 기술 대한 판단 감소 가능성,기계공학
29727,2,3,2,3,1,0,3,4,3,3,2,3,2,3,3,3,2,3,1,0,2,3,2,3,2,3,3,3,2,3,3,3,2,3,2,3,2,3,2,3,2,3,2,3,3,3,1,0,2,3,2,3,2,3,1,0,1,0,1,0,3,3,2,3,2,3,2,3,1,0,2,3,2,3,1,0,1,0,1,0,1,0,1,0,3,3,2,3,3,2,2,3,2,2,3,2,2,3,3,2,2,18,1,2,2,2,0,7,2,2,2,2,3,3,3,3,2,4,4,4,2,3,4,3,4,3,2,3,3,3,3,3,2,4,4,3,3,2,3,3,3,3,2,2,2,2,2,2,2,2,2,4,1,2,2,2,1,6,6,7,3,4,5,4,5,4,2,28,2,1,1,1,43,3300,2500,0,562401,모바일 티켓 발권 시스템 변경,문과
29728,5,7,5,7,5,7,4,6,4,5,4,5,4,6,4,5,4,5,3,5,3,4,3,5,4,5,3,4,4,4,3,4,3,4,3,4,4,6,4,5,4,6,2,3,2,3,2,3,3,3,3,3,3,3,2,3,2,2,2,2,1,0,2,2,2,2,1,0,1,0,1,0,2,3,1,0,1,0,1,0,1,0,1,0,1,0,1,0,4,4,4,4,3,5,4,4,4,4,4,4,4,16,5,5,2,2,0,6,7,5,5,5,5,5,3,4,4,4,4,4,2,3,3,3,4,3,4,2,4,3,4,3,4,4,4,3,3,4,2,3,3,4,2,2,2,2,2,2,2,2,2,2,2,3,3,3,1,5,6,5,6,5,5,6,6,5,1,60,6,1,1,1,50,7000,4000,0,121101,기초과학 유입 인력,물리
29729,4,4,4,5,2,2,3,3,3,3,4,4,4,5,4,5,4,5,4,5,4,5,4,5,4,5,4,5,4,5,4,5,4,5,4,5,4,5,4,5,4,5,3,4,3,4,4,5,4,4,3,4,4,5,4,5,4,5,4,5,1,0,4,5,4,5,4,4,3,4,4,5,3,4,3,4,3,4,4,5,3,3,1,0,1,0,1,0,4,3,4,3,4,4,4,4,4,4,4,4,4,6,1,2,1,1,3,5,4,4,4,4,4,4,4,3,3,3,3,3,3,4,4,3,4,4,3,4,4,4,4,4,4,3,4,4,4,4,4,4,3,3,2,2,2,2,2,2,2,2,2,4,3,3,3,3,2,7,4,8,5,6,4,5,8,3,1,28,3,1,1,1,45,3800,3000,0,140101,설계사 건축구조기술사 도면 분석 현재 상황 유지,건축과
29730,4,5,5,5,3,4,5,5,4,5,4,5,4,4,4,4,5,4,5,5,4,4,4,4,4,5,4,4,4,4,4,4,4,4,4,4,4,4,4,4,4,4,4,4,4,4,4,4,4,3,4,4,4,4,4,3,1,0,1,0,3,1,4,4,3,2,3,2,3,2,3,1,4,3,4,2,4,2,4,4,4,2,4,4,4,3,4,4,3,4,3,3,2,4,3,4,3,2,2,3,4,7,2,3,2,2,0,2,1,2,1,2,3,1,2,2,1,3,3,2,4,2,1,3,3,2,3,3,3,3,2,4,2,1,3,2,3,4,2,1,3,3,2,2,2,2,2,2,2,2,2,2,1,1,1,3,2,7,7,5,5,5,5,7,5,6,2,45,3,1,2,2,40,3300,3300,0,616101,자율 계산 설치,사회복지학
29731,4,4,3,3,2,2,2,2,3,3,3,3,2,2,3,3,2,2,2,2,1,0,2,2,3,3,3,3,1,0,1,0,1,0,3,3,2,2,3,3,3,3,3,3,3,3,2,2,2,2,1,0,3,3,3,4,3,3,3,3,3,4,3,3,2,2,3,3,3,3,3,3,3,3,3,3,2,2,3,3,2,3,2,2,2,2,1,0,4,3,2,3,4,3,3,3,3,3,2,3,3,13,1,2,1,1,3,3,5,4,3,3,3,3,4,4,3,3,3,4,3,3,3,4,3,3,4,3,3,3,3,4,3,3,3,4,4,3,3,3,3,3,1,1,1,2,2,2,2,2,2,2,3,1,2,2,1,5,5,6,6,5,5,5,5,6,1,41,4,1,1,1,48,3800,2500,0,154101,화공기사 실무업무 제조 기술 다양 현재 비슷,화학공학
29732,2,2,5,6,1,0,5,6,1,0,1,0,1,0,2,2,3,3,2,2,2,2,5,7,4,5,5,6,4,5,3,4,2,3,2,2,5,6,4,5,3,4,2,2,3,4,3,3,2,2,1,0,4,5,4,5,4,6,1,0,1,0,1,0,2,3,4,5,3,3,1,0,2,2,3,3,2,2,1,0,3,4,2,3,1,0,1,0,5,4,3,3,3,2,1,4,4,1,5,1,4,18,4,2,1,2,0,4,2,3,2,1,4,4,5,2,9,9,4,3,4,2,3,2,2,4,3,5,3,4,4,4,2,4,3,2,2,2,2,3,4,5,2,2,2,2,2,2,2,2,2,1,4,2,2,2,1,3,4,2,3,4,5,7,7,5,2,35,3,1,4,2,42,2000,1800,0,420401,생활체육지도사 보디빌딩 FISAF 개인 개인 추구 사회 특성,주얼리공예
29733,1,0,3,4,2,1,3,3,2,2,1,0,2,2,2,3,2,2,1,0,1,0,2,2,2,2,1,0,1,0,2,2,1,0,1,0,2,2,3,4,3,3,3,3,3,4,2,2,2,2,1,0,3,3,1,0,3,4,1,0,1,0,1,0,1,0,2,2,1,0,1,0,1,0,3,4,3,3,2,2,1,0,2,2,3,3,2,1,4,3,2,2,3,4,3,4,3,3,4,2,3,13,1,1,1,1,3,6,2,3,2,2,4,4,2,2,3,3,3,3,3,4,2,3,2,3,4,3,2,3,3,4,3,5,4,4,3,4,3,3,4,4,2,2,2,2,2,2,2,2,2,1,3,2,2,3,2,6,7,5,4,5,4,4,3,4,1,33,3,1,1,1,50,2400,2400,0,511101,미용사증 현장 실습 모의훈련 산업 시대,피부미용
29734,4,6,4,6,4,6,4,6,4,6,4,6,4,6,4,6,4,5,4,5,4,6,4,6,4,5,4,5,4,6,4,5,4,5,4,5,4,5,4,4,4,5,4,5,4,6,4,6,4,5,4,5,4,5,4,5,4,5,4,5,4,6,4,6,4,5,4,5,4,5,4,5,4,5,4,5,4,4,4,5,4,5,4,5,4,5,4,5,4,4,3,4,3,4,4,4,4,3,4,4,4,13,1,3,1,1,4,2,6,4,3,3,4,3,3,5,5,4,5,5,2,3,3,4,3,4,4,3,4,4,4,4,3,4,4,4,4,3,4,4,4,3,2,2,2,2,2,2,2,2,2,2,2,3,3,3,2,8,7,7,7,8,8,8,7,8,1,37,4,1,1,1,43,6700,3500,0,154101,화공산업기사 실무교육 시스템 개발,화학공학
29735,3,2,2,2,2,3,2,4,3,4,2,2,2,3,3,2,5,4,4,4,3,3,2,3,3,2,4,4,1,0,1,0,1,0,2,3,2,2,3,2,3,5,2,4,3,3,3,3,5,5,3,2,4,4,5,6,3,5,4,4,2,1,4,5,4,4,5,5,5,7,5,5,4,3,4,5,3,4,4,4,5,2,4,4,3,2,1,0,2,2,4,1,2,3,2,1,2,2,1,2,2,3,1,2,2,2,0,2,2,3,3,2,4,2,3,3,2,2,5,4,3,4,2,4,4,2,2,3,5,4,4,4,4,3,4,5,5,3,4,1,4,5,2,2,2,2,2,2,2,2,2,2,1,2,3,3,2,7,8,7,7,8,3,3,7,6,1,45,3,1,1,1,48,4000,3800,0,852301,인건비 상승 해외 기업 진출,화학
29736,2,2,3,4,1,0,2,2,3,4,3,4,1,0,3,4,2,3,3,4,1,0,1,0,4,6,1,0,2,2,2,2,1,0,1,0,3,4,1,0,3,4,1,0,3,4,1,0,1,0,1,0,4,6,4,6,4,6,3,4,4,6,2,4,4,6,4,6,4,6,4,6,1,0,4,6,3,4,4,6,3,4,4,4,4,6,4,4,4,4,3,3,4,2,4,3,2,4,2,3,3,3,1,2,1,2,0,1,3,4,3,2,4,4,3,4,4,4,4,4,2,4,3,4,3,3,2,1,4,2,4,4,2,2,2,1,3,5,4,3,4,4,2,2,1,2,2,2,2,2,2,1,2,2,2,3,2,2,7,3,7,3,7,2,7,3,1,45,4,1,1,1,48,4800,2000,0,851201,화공기사 생산 라인 첨단 화로 환경 변화 위험 직종 기피 사람 일자리,화학
29737,4,6,4,5,3,4,4,5,3,5,4,5,2,3,3,4,3,4,2,3,2,3,3,4,4,6,4,5,4,6,3,4,4,6,4,6,3,5,3,4,4,6,4,6,4,5,4,5,3,3,3,4,2,3,2,2,2,2,2,2,2,2,2,2,2,2,2,2,2,2,2,2,3,4,2,3,2,2,2,2,2,2,2,2,2,2,2,2,4,5,4,4,4,3,3,2,2,2,3,3,3,3,1,4,2,2,0,2,5,3,4,3,4,4,3,3,9,9,4,4,2,4,3,4,4,3,4,3,3,5,4,5,4,5,4,4,5,5,4,4,5,4,2,2,2,2,2,2,2,2,2,2,2,3,3,3,2,7,8,3,4,5,6,4,8,7,1,54,4,1,1,1,45,6500,2500,0,12201,경기 침체,토목공학
29738,5,6,5,6,4,5,5,6,3,4,4,5,3,5,3,4,4,5,3,5,4,5,5,7,3,4,3,5,5,5,5,6,5,6,3,4,5,5,5,7,4,6,3,4,3,4,3,4,3,4,2,4,2,4,1,0,1,0,1,0,4,5,1,0,1,0,3,4,1,0,1,0,4,5,1,0,1,0,1,0,1,0,1,0,3,4,3,4,4,4,3,3,4,2,1,5,3,5,5,4,3,19,3,2,1,1,5,6,5,5,2,2,4,4,4,3,1,2,3,3,4,2,3,3,5,3,4,2,2,3,2,4,3,3,4,4,3,5,2,3,4,4,2,1,2,1,1,2,1,2,1,2,2,1,3,3,2,8,8,7,8,7,8,8,9,9,2,35,4,1,3,2,40,3000,2600,0,22202,직업상담사 사회복지사 직업상담 전직상담 상담도구사용 상담 대장 관리 전산 전산 프로그램 통한 관리 정보 수집 프린트 체험 직업 체험 프로그램 개설 단순 일자리 서비스 대체,인문학부철학/한국어문학
29739,3,5,3,5,4,4,3,5,1,0,3,4,1,0,1,0,1,0,1,0,2,3,1,0,1,0,1,0,3,3,3,3,2,3,1,0,3,4,4,6,3,3,2,3,1,0,1,0,1,0,1,0,3,4,4,4,4,4,1,0,1,0,1,0,3,3,1,0,2,4,2,2,1,0,4,3,4,3,2,4,1,0,1,0,1,0,5,7,3,4,2,3,3,3,4,2,4,4,4,3,3,13,1,2,1,1,4,7,5,3,3,3,5,5,4,3,3,3,3,4,2,4,4,3,2,3,2,3,3,4,4,5,3,3,3,4,3,4,2,2,4,4,2,2,2,2,2,2,2,2,2,1,3,3,3,3,2,4,6,5,7,6,4,4,3,4,1,28,4,1,1,1,45,2500,2200,0,306902,청능사 업무 관련 교육 수요 변화,언어치료청각
29740,3,4,3,4,3,5,1,0,4,6,4,6,3,5,3,5,3,4,5,4,4,6,1,0,3,4,1,0,1,0,1,0,1,0,1,0,1,0,1,0,4,6,4,4,1,0,1,0,1,0,1,0,5,7,4,6,4,7,4,6,1,0,5,7,5,7,4,4,4,6,5,7,3,5,3,5,1,0,1,0,1,0,1,0,1,0,1,0,5,5,3,4,4,2,4,3,2,4,4,4,3,15,2,5,1,2,0,7,5,4,4,3,4,4,4,3,3,3,3,3,2,4,3,4,3,3,4,3,3,4,4,5,4,4,5,5,5,5,4,2,3,3,2,2,2,2,2,2,2,2,2,1,4,1,1,1,1,7,3,3,3,4,4,8,2,2,1,37,4,1,1,1,40,4700,3000,0,155106,방사선동이원소취급자일반면허 원전 진행 일자리 증가,원자력공학
29741,3,5,4,5,3,4,2,4,4,5,4,4,2,4,4,5,3,5,3,5,3,4,2,4,3,5,3,4,2,4,3,5,3,5,4,4,3,4,3,4,4,5,3,4,4,5,2,4,4,5,3,3,4,5,3,5,2,3,3,5,4,5,2,3,3,4,4,4,4,5,3,4,2,3,3,4,4,5,3,5,3,3,3,5,4,4,2,4,4,3,4,3,3,4,3,3,3,4,3,4,3,10,1,1,2,2,0,1,5,4,3,3,4,3,3,4,3,4,4,3,3,4,3,3,4,3,3,4,3,4,4,3,4,3,4,3,4,3,2,2,3,4,2,2,2,2,2,2,2,2,2,2,2,2,2,2,1,4,5,6,7,6,6,6,5,6,2,34,4,1,1,1,40,3700,2500,0,29901,기계 장비 도입,사회교육학
29742,2,4,3,5,3,4,2,4,2,4,2,3,4,4,2,3,3,4,4,4,3,3,3,4,2,4,2,3,3,4,4,3,3,2,3,4,4,4,4,4,4,5,4,4,2,5,3,5,4,4,3,3,3,4,2,4,4,4,4,5,4,4,4,5,3,4,4,4,2,4,2,4,4,4,2,4,4,3,4,4,4,5,3,5,3,5,4,4,3,4,5,3,3,2,3,2,4,3,3,2,3,3,1,2,2,2,0,3,2,3,2,4,3,4,3,4,3,5,5,4,4,5,4,4,5,4,4,3,4,4,4,3,4,3,2,4,3,3,4,3,3,2,1,1,2,2,2,2,2,2,2,1,2,2,2,2,1,7,3,5,7,7,7,7,3,4,1,50,2,1,1,1,40,4500,2800,0,817201,생산 제품 개발 생산 고객 서비스 개발 추진 침체,기계
29743,4,6,4,5,4,5,4,5,4,5,4,5,4,5,4,5,4,5,4,5,2,3,3,4,3,5,3,5,3,5,3,4,3,4,3,4,3,4,3,5,4,4,3,4,4,5,3,4,3,5,4,5,4,4,3,4,3,5,4,5,3,5,4,5,4,5,3,5,3,5,3,5,3,5,3,5,3,4,3,5,3,5,2,3,3,4,2,4,4,3,3,4,4,3,5,4,3,4,4,3,3,17,1,5,1,2,0,7,6,5,4,4,4,4,4,5,5,4,4,5,1,5,5,5,4,4,4,4,3,4,5,3,3,4,4,4,4,5,5,4,4,3,2,2,2,2,2,2,2,2,2,1,3,3,3,3,2,4,3,3,4,4,4,4,3,3,1,38,6,1,1,1,50,7800,5500,0,301106,국가의사자격 의료 계속 필요,의학
29744,1,0,3,5,1,0,3,5,3,5,2,2,3,4,1,0,3,4,3,5,1,0,3,4,1,0,1,0,1,0,3,4,4,6,1,0,2,3,1,0,3,4,3,4,1,0,1,0,3,4,3,4,4,5,3,5,3,4,3,5,1,0,3,4,3,4,3,4,4,5,3,4,1,0,3,4,3,4,3,4,3,4,3,4,3,4,3,4,4,3,3,2,3,3,3,1,3,3,3,4,4,3,1,2,2,2,0,2,3,3,2,2,3,3,2,3,9,9,3,3,3,4,3,4,4,3,3,2,4,2,2,2,3,3,2,2,3,5,4,3,4,3,2,2,2,1,2,2,1,2,2,2,2,2,2,2,1,7,7,6,6,5,6,7,7,6,1,43,2,1,1,1,40,2500,2200,0,824101,방식 개발,문과
29745,1,0,1,0,1,0,1,0,1,0,1,0,1,0,1,0,1,0,1,0,1,0,1,0,1,0,1,0,1,0,1,0,1,0,1,0,1,0,1,0,1,0,1,0,1,0,1,0,1,0,1,0,1,0,1,0,2,3,2,3,1,0,1,0,1,0,2,3,1,0,1,0,1,0,3,5,3,4,3,4,4,5,4,4,3,3,1,0,3,2,2,3,2,1,3,2,2,2,2,2,2,6,1,2,2,2,0,6,2,2,2,2,3,2,2,3,9,3,3,3,2,2,2,2,3,3,3,4,3,4,2,4,4,3,3,3,3,4,3,2,4,5,2,2,2,2,2,2,2,2,2,1,1,3,3,3,2,8,8,5,4,5,5,8,5,2,1,41,3,1,1,1,40,3400,3000,0,701201,건물 일자리,기계공학
29746,3,5,3,5,2,4,3,5,4,4,2,4,3,5,2,4,4,4,3,5,2,4,4,4,3,5,3,5,2,4,4,5,3,5,2,4,3,5,2,4,4,4,3,5,4,3,3,5,3,5,2,4,4,4,3,5,4,4,3,5,4,4,2,4,4,4,3,5,4,3,3,5,2,4,4,4,4,4,2,4,4,4,2,4,3,5,3,5,4,4,4,2,4,3,2,2,3,4,4,4,3,19,1,1,1,2,0,3,2,3,3,4,4,4,4,4,3,9,9,4,2,3,3,4,3,3,4,3,3,3,3,4,3,4,3,3,3,3,3,4,3,3,2,2,2,2,2,2,2,2,2,2,2,2,2,2,2,5,6,5,4,5,5,6,5,4,1,41,4,1,1,1,46,3600,2400,0,841101,pc정비사 2급 조사 수리,정보처리학
29747,3,4,3,5,4,5,4,5,4,6,5,6,5,7,4,6,5,6,5,6,4,6,5,6,3,4,4,6,5,7,5,7,4,6,4,6,4,5,4,4,3,5,5,7,4,6,1,0,4,4,1,0,4,6,3,3,3,4,3,5,1,0,3,5,4,4,5,6,5,6,5,6,5,7,5,6,5,7,1,0,1,0,1,0,1,0,1,0,3,3,3,2,3,4,3,2,3,3,3,2,3,15,2,5,1,2,0,5,7,4,3,2,5,5,5,3,3,4,3,4,3,3,3,3,3,3,3,3,3,3,5,3,3,3,3,3,3,4,4,4,5,5,2,2,2,2,2,2,2,2,2,2,3,3,3,3,2,1,2,5,4,7,5,2,5,7,1,51,6,1,1,1,40,5800,3000,0,122104,박사학위 상태 유지,수산학
29748,5,6,5,6,5,7,5,7,4,5,4,6,4,6,4,5,4,6,4,5,4,6,4,6,4,6,4,5,4,6,4,6,4,6,4,6,4,6,4,5,4,6,4,6,5,6,4,5,3,5,4,5,4,4,1,0,1,0,1,0,1,0,1,0,1,0,1,0,1,0,1,0,4,5,3,3,3,3,3,3,3,3,2,3,4,4,4,5,4,4,3,4,4,3,4,3,4,4,4,4,3,13,5,2,1,2,0,6,5,3,3,3,4,4,4,4,3,3,4,4,2,4,3,4,4,3,4,3,4,3,4,4,4,3,4,4,3,5,5,4,5,4,2,2,2,2,2,2,2,2,2,1,4,3,3,3,2,5,5,5,6,4,5,7,8,7,1,66,6,1,1,1,52,6000,3000,0,110105,임상심리사 자격증 인간 행동 심리 과정 대한 연구 기반 과학 접근 방법 모색,심리학
29749,5,5,5,5,4,5,5,5,5,6,5,5,4,5,4,6,4,5,3,5,3,5,4,5,4,5,4,6,4,5,4,6,4,5,4,6,4,6,4,6,4,6,5,6,5,7,4,6,4,6,1,0,5,5,5,6,5,5,4,7,4,6,4,6,4,6,5,7,5,6,5,7,3,5,1,0,3,3,1,0,1,0,3,3,3,5,2,5,5,4,4,3,4,3,5,4,4,5,3,5,4,13,2,4,1,2,0,2,5,4,4,4,5,5,4,3,4,4,4,4,2,5,4,4,4,4,3,2,3,2,5,4,4,5,4,5,5,4,5,3,4,4,2,2,2,2,2,2,2,2,2,2,3,3,3,3,1,9,9,3,2,2,2,8,9,7,1,31,4,1,1,1,40,3400,3000,0,151108,측지및지형공간정보기사 해양공학 분야 연구개발 계속 것이므,항해학
29750,5,6,4,6,4,5,4,5,2,2,4,4,4,4,4,4,4,4,3,4,4,5,3,4,4,5,4,4,4,5,4,5,3,4,4,5,4,5,3,4,4,4,4,5,3,5,3,4,4,5,4,4,4,4,3,5,4,4,4,5,4,5,3,4,3,4,4,5,4,5,4,4,4,5,4,5,4,4,4,5,4,6,3,3,5,6,4,5,4,4,5,4,3,4,3,4,5,4,4,3,4,13,2,3,2,2,0,3,4,4,5,4,4,5,4,4,3,3,4,4,2,5,5,4,3,5,4,3,4,5,3,4,3,4,5,4,3,4,4,5,4,4,2,2,2,2,2,2,2,2,2,2,3,3,3,3,2,3,7,6,9,7,3,7,4,6,2,34,4,1,1,1,40,4000,3300,0,122301,대체 식량 개발 작물 실험,농업학
29751,4,4,4,4,3,3,4,5,4,4,4,4,1,0,4,4,4,4,3,4,3,4,4,5,4,5,3,3,5,5,3,4,4,4,4,4,5,5,5,5,5,5,5,5,3,4,3,3,3,3,3,4,3,4,1,0,3,4,2,3,3,5,2,2,3,4,3,5,3,4,1,0,2,3,2,3,3,4,3,3,3,3,2,3,3,4,2,3,4,5,3,4,5,3,4,4,4,3,5,4,4,16,5,3,1,2,0,2,5,4,5,4,5,4,4,5,4,5,4,4,2,4,4,4,3,2,4,3,3,3,2,5,4,3,4,4,4,3,3,2,3,3,2,2,2,2,2,2,2,2,2,2,3,1,1,3,1,5,4,4,6,5,4,5,4,6,2,49,4,1,1,1,40,5000,3100,0,304003,간호사 보건교사 2급 현재 출산율 저조 유지 상태,간호학
29752,2,2,2,3,3,3,1,0,2,2,3,4,3,3,4,2,3,2,3,3,2,3,1,0,3,4,2,3,1,0,3,3,2,2,1,0,1,0,3,3,3,3,2,2,4,4,2,2,3,3,1,0,3,4,3,3,4,4,3,4,2,3,3,3,3,4,3,3,2,4,3,4,2,3,3,3,3,4,3,3,2,3,3,4,4,4,3,3,3,3,2,3,3,2,3,3,2,2,3,3,3,3,1,3,2,1,1,2,2,2,3,3,4,4,4,4,3,3,4,4,3,3,4,4,3,3,2,4,4,3,3,3,2,4,3,3,2,3,3,2,3,4,2,2,2,2,2,2,2,2,2,2,2,2,2,2,1,7,7,7,5,5,5,7,6,3,1,36,2,1,1,1,40,3800,3200,0,826301,직무 교육 자동화 증가,문과
29753,4,6,5,6,4,5,5,6,4,5,4,5,4,5,4,5,4,5,4,5,3,5,4,6,5,6,5,6,4,6,4,6,4,5,4,5,5,6,4,5,4,5,4,6,4,5,4,5,3,4,3,5,4,5,3,4,3,4,3,3,4,5,4,6,4,5,4,5,3,5,3,4,4,5,4,5,4,4,4,5,3,4,4,5,4,5,5,6,4,5,4,3,4,3,2,4,3,4,5,3,4,17,1,2,1,2,0,5,5,3,2,2,3,3,3,2,2,2,2,2,4,2,2,4,4,4,4,1,4,3,2,4,3,5,4,4,5,5,4,4,4,4,2,2,2,2,2,2,2,2,2,2,4,2,2,2,1,8,2,2,3,2,3,2,8,8,2,41,4,1,1,1,40,3000,2000,0,306901,언어재활치료사 인식 변화 치료 적극,특수교육
29754,4,4,3,5,4,5,3,5,3,5,4,5,4,4,3,5,4,4,4,5,4,5,4,4,3,5,3,5,3,5,3,4,4,5,3,4,4,4,3,5,3,4,4,4,3,4,3,4,3,4,3,5,3,4,3,4,3,4,3,4,4,4,4,4,3,4,3,4,4,4,4,4,3,4,3,4,3,4,3,4,4,4,4,4,3,5,3,4,5,5,2,4,5,4,5,3,4,5,5,5,5,13,2,2,2,2,0,3,4,5,5,5,5,5,5,5,5,5,5,5,3,5,4,3,3,3,4,3,4,3,5,4,4,4,4,4,4,5,5,4,5,2,2,2,2,2,2,2,2,2,2,2,3,3,3,3,1,5,5,5,5,5,5,5,5,5,2,57,3,1,1,1,40,7400,2600,0,157201,건강 관련 업무 크게 변동 예상,화학
29755,3,4,3,4,3,4,4,5,4,6,3,4,1,0,1,0,5,5,3,3,4,4,4,6,5,4,4,4,3,4,3,4,3,5,4,5,4,6,4,5,4,5,2,3,1,0,1,0,2,3,5,6,3,3,2,3,1,0,1,0,2,3,2,4,5,6,5,4,4,6,3,4,2,4,1,0,1,0,4,4,1,0,1,0,2,2,1,0,2,3,3,3,4,4,5,2,3,4,4,3,2,15,2,6,1,2,0,4,2,4,3,2,4,4,2,3,4,4,4,4,3,4,4,3,4,4,5,2,3,3,4,4,2,3,2,3,3,5,3,2,4,3,1,1,1,2,2,1,2,1,2,1,4,1,2,3,2,7,3,5,2,2,3,4,3,4,1,36,3,1,1,1,50,5000,3200,0,621403,철도관제사 자격증 정상 상태 기관사 무인 운행 경전철 도입 지하철 상황 지하철 경전철 상황 관제 사의 필요성 증가 생각,전자공학
29756,3,4,4,5,2,2,4,5,3,4,3,3,2,3,3,4,3,3,2,2,2,2,3,3,4,5,3,3,3,4,4,5,3,4,4,5,3,4,3,4,4,5,4,5,4,5,4,5,4,5,4,5,3,4,3,4,4,5,3,3,2,1,2,2,4,5,3,4,3,3,3,4,2,2,4,5,3,4,2,3,4,5,3,4,2,2,2,2,4,3,2,4,3,1,2,4,2,3,4,1,3,13,4,1,2,2,0,4,2,3,4,5,5,5,3,4,9,9,4,4,1,4,5,5,4,5,3,4,5,3,3,5,4,5,3,4,5,5,4,3,5,3,2,2,2,2,2,2,2,2,2,2,2,2,2,3,2,7,5,6,4,3,5,4,5,4,1,57,2,2,6,1,40,0,0,6000,702501,단가 업체,이과
29757,3,3,2,3,3,4,3,4,1,0,3,4,3,3,4,4,3,3,3,3,2,2,3,3,4,4,4,3,3,2,3,3,2,3,1,0,3,3,4,3,3,3,3,3,3,3,2,3,3,3,1,0,4,3,3,3,3,4,3,3,4,3,3,2,4,4,3,3,3,4,4,4,3,2,3,4,4,4,3,3,3,4,3,3,4,3,2,3,3,2,4,4,4,2,4,4,4,3,4,4,3,19,4,1,2,1,3,3,5,3,3,4,4,4,3,4,4,4,5,4,4,3,3,4,3,4,4,2,2,3,4,3,3,3,4,4,3,3,2,4,4,4,2,2,2,2,2,2,2,2,2,2,2,2,2,2,1,8,9,8,7,5,3,5,5,5,1,47,4,2,6,1,40,0,0,3800,841101,컴퓨터 설치 수리 관련 훈련 필요 제품 판매 수리 패키지 제공 때문,컴퓨터공학
29758,4,5,4,6,4,5,4,5,5,5,5,5,1,0,3,5,4,5,1,0,3,4,2,3,3,4,3,4,3,4,3,4,3,5,3,3,2,3,5,7,4,5,5,6,5,5,4,5,2,3,1,0,1,0,1,0,4,4,1,0,4,6,3,4,1,0,4,4,1,0,1,0,4,4,4,4,1,0,1,0,1,0,2,3,5,4,2,3,5,4,3,4,5,4,4,3,4,5,4,5,5,13,1,2,1,1,3,6,5,5,4,4,4,5,4,4,4,4,4,4,2,4,3,4,3,4,2,1,3,4,2,5,2,2,4,4,2,5,3,2,4,4,2,1,2,1,1,1,2,2,2,2,2,3,2,3,1,1,1,1,8,2,2,2,6,8,1,36,4,1,1,1,40,7300,5000,0,23101,공인회계사 개정된 법규 등에 관한 교육 소프트웨어 개발 전산 화로 업무 투입 감소 금융기관 채권 채무 조회 전산 업무 전산 화로 업무 투입 감소,회계학
29759,4,4,3,4,3,3,2,3,3,5,4,5,4,5,3,4,4,5,4,5,4,5,4,5,4,5,4,5,3,4,4,5,2,3,3,4,3,4,3,4,3,4,4,5,4,5,3,4,4,5,3,5,5,6,5,6,4,5,4,5,3,4,4,6,4,5,4,6,4,6,4,5,4,6,4,5,4,5,4,5,3,4,3,4,4,5,4,5,4,3,4,4,4,4,4,5,3,4,4,4,3,13,1,5,1,1,2,7,5,4,3,3,3,4,3,4,3,3,3,3,4,3,3,2,4,3,3,4,3,3,3,3,3,2,3,4,3,3,4,3,3,3,2,1,2,1,2,2,2,2,2,1,4,3,3,3,1,3,7,3,2,3,2,2,3,3,1,47,5,1,1,1,45,7300,4200,0,132002,정보관리기술사 시스템 파악 설계 서버관리법 시스템 발전 체계 변화 업무 생산 위해 시스템 진화 계속 필요,컴퓨터공학
29760,2,2,1,0,1,0,1,0,5,6,4,4,1,0,1,0,2,2,2,2,1,0,1,0,2,2,1,0,1,0,1,0,1,0,1,0,1,0,1,0,2,2,1,0,1,0,1,0,1,0,1,0,4,4,4,4,5,5,1,0,2,2,2,2,2,2,4,6,1,0,5,5,1,0,1,0,1,0,1,0,1,0,1,0,2,2,2,2,4,3,3,4,4,4,4,2,4,3,2,2,2,13,1,2,1,2,0,7,5,4,3,3,4,3,3,4,4,4,4,4,3,3,2,4,2,3,3,2,3,3,3,4,3,2,3,3,3,2,3,2,3,3,2,2,2,2,2,2,2,2,2,1,3,3,3,3,1,2,3,2,3,4,4,2,6,8,1,31,4,1,1,1,40,3200,3000,0,154101,화공산업기사 첨단 기계 대체 불가,화학공학
29761,2,1,2,3,4,3,2,3,3,2,3,4,3,2,3,4,3,4,4,3,4,3,3,5,2,3,3,4,4,3,4,3,2,3,4,3,3,5,4,3,4,5,5,4,2,1,2,3,3,2,4,5,5,4,5,4,2,3,4,5,3,5,3,4,3,4,4,3,4,6,4,5,3,2,1,0,2,3,2,3,1,0,2,1,3,3,2,1,1,2,3,2,3,4,3,2,3,4,3,4,2,18,1,2,2,2,0,5,5,4,3,3,4,4,3,4,4,3,3,4,3,4,3,2,2,3,4,3,4,5,3,2,3,4,3,3,4,5,4,3,5,2,2,1,2,1,1,2,1,2,1,2,5,3,2,3,2,7,5,6,4,3,5,7,5,3,1,38,4,1,1,1,46,4000,3500,0,134201,임베디드 증가 무량 증가 매일 사용 전산 상요 때문,응용소프트웨어공학
29762,2,3,3,4,3,4,3,3,3,4,5,7,3,5,4,6,4,6,4,5,5,7,5,7,3,4,2,2,2,3,2,2,3,3,2,2,4,6,3,4,3,4,4,5,4,4,5,6,4,5,3,4,3,4,4,6,3,5,3,3,3,4,3,4,3,4,4,6,3,2,3,5,4,5,3,3,3,4,2,1,2,2,2,2,3,4,3,3,3,3,3,3,4,4,3,3,3,4,4,3,2,13,1,2,1,1,4,4,4,3,4,3,4,3,4,3,3,4,3,3,2,3,2,4,3,3,3,1,3,3,4,4,2,2,2,2,2,4,1,2,3,3,2,2,2,2,2,2,2,2,2,2,3,3,3,3,2,7,4,5,2,4,6,2,2,5,1,38,4,1,1,1,48,4200,2200,0,155301,대기환경기사 대기환경법규 개정 교육 선진국 갈수록 발전 환경 산업,환경공학
29763,5,6,5,7,5,7,5,7,3,4,5,6,4,5,3,4,5,6,3,4,4,5,4,6,3,4,4,6,5,7,4,6,4,5,4,6,4,6,4,6,4,6,5,6,4,6,3,4,3,4,4,6,4,6,1,0,2,3,2,3,4,6,3,4,2,3,2,3,1,0,1,0,1,0,1,0,1,0,2,3,1,0,1,0,3,4,3,4,5,4,4,3,4,4,4,4,5,5,5,4,5,17,3,3,1,2,0,3,4,4,4,4,4,4,4,4,5,4,4,4,4,4,4,4,3,4,3,4,4,4,4,4,3,3,3,4,4,4,4,4,4,4,2,2,2,2,2,2,2,2,2,1,3,3,3,3,2,8,7,7,8,8,8,7,7,7,2,51,4,1,1,1,40,3300,2000,0,231201,청소년상담사2급 적극 상담 사람,사회복지학
29764,3,5,3,5,1,0,3,5,1,0,1,0,1,0,1,0,1,0,1,0,1,0,1,0,1,0,3,5,4,5,1,0,1,0,1,0,1,0,3,5,3,5,3,4,1,0,1,0,1,0,4,6,1,0,1,0,1,0,1,0,1,0,1,0,1,0,1,0,1,0,1,0,1,0,1,0,1,0,1,0,1,0,1,0,1,0,1,0,5,5,4,3,3,3,3,4,4,2,4,3,4,19,3,4,1,2,0,7,5,4,3,2,4,4,4,4,4,4,4,4,2,4,4,4,4,2,3,3,4,3,3,4,4,4,3,3,4,4,3,2,3,4,2,2,2,2,2,2,2,2,2,1,3,2,2,3,1,8,7,4,3,4,4,7,8,7,2,52,4,1,1,1,40,5000,2000,0,22202,사회복지사 직업상담사 직업 변화 직업 컨설팅 인구 감소 도해 지금 크게 차이,사회복지학
29765,2,2,2,3,2,2,2,2,2,2,2,2,2,2,1,0,2,2,2,2,2,2,1,0,1,0,1,0,2,2,2,2,2,2,1,0,2,3,2,2,2,2,2,2,2,2,2,2,2,2,2,2,1,0,1,0,1,0,1,0,1,0,1,0,1,0,1,0,1,0,1,0,1,0,4,4,1,0,4,5,3,4,3,4,4,5,4,4,3,3,2,3,3,2,2,4,4,3,3,2,4,18,1,3,2,2,0,3,5,3,4,3,3,3,3,3,3,3,3,3,3,2,3,3,3,4,3,3,3,3,3,4,4,4,3,3,3,3,3,2,3,3,2,2,2,2,2,2,2,2,2,2,3,2,2,2,1,7,7,6,6,4,4,3,4,2,1,28,3,1,3,1,40,2700,2000,0,414703,변화,무용
29766,4,5,4,4,2,5,3,3,1,0,2,5,1,0,4,4,2,5,1,0,1,0,3,5,5,3,4,6,1,0,4,6,3,3,5,5,2,4,4,5,3,4,2,4,1,0,1,0,1,0,3,5,4,5,1,0,4,4,3,4,3,4,5,4,3,4,4,4,5,3,4,3,3,4,3,4,3,4,2,4,4,4,2,3,2,4,3,4,2,1,4,1,3,1,3,4,2,3,2,1,3,13,1,3,1,2,0,7,3,3,2,2,3,3,3,1,3,3,4,2,4,2,1,3,2,3,3,2,3,5,3,5,1,3,4,4,2,2,2,1,4,3,2,2,1,2,1,1,1,2,2,2,1,3,2,3,2,7,5,6,3,3,5,3,2,4,1,36,4,1,1,1,40,3300,2300,0,158501,자분탐상 비파괴검사기사 침투비파괴검사기사 초음파탐상비파괴검사기사 검사 장비 개발 사용 근무 환경 보수,기계공학
29767,5,5,4,5,4,4,5,5,4,5,4,5,4,5,4,4,4,3,4,5,3,3,4,6,4,6,4,6,4,6,4,4,4,4,4,4,5,4,5,5,5,5,4,6,4,6,4,5,4,4,4,5,3,3,2,1,2,2,2,1,2,3,3,3,3,2,2,2,3,2,3,3,4,6,2,2,2,2,4,4,3,2,3,3,3,3,3,3,4,4,1,4,4,1,5,4,3,4,4,3,4,16,5,2,1,1,3,6,5,3,3,2,4,4,3,4,9,9,9,4,1,4,4,4,2,3,4,2,5,3,4,3,4,4,3,4,4,4,3,4,5,5,2,2,2,2,2,2,2,2,2,1,2,3,3,3,2,6,6,5,7,5,6,6,5,5,2,55,4,2,5,1,54,0,0,5000,13201,유치원 정교사 2급 원장실무연수 저출산 시대 인구 감소,유아교육
29768,5,7,5,7,4,5,4,4,4,4,4,4,5,7,4,6,4,6,4,5,4,5,4,4,4,5,4,5,4,5,4,5,4,5,4,5,4,5,4,5,4,5,4,5,4,6,4,5,4,4,3,4,5,7,5,7,4,7,5,7,3,4,4,4,4,5,4,5,4,5,4,5,5,6,5,6,4,4,4,5,4,3,3,3,4,6,4,4,5,4,4,5,5,2,5,4,4,5,5,4,4,10,1,2,1,1,3,5,4,4,5,5,4,5,4,5,5,9,5,5,2,4,4,4,4,5,4,3,4,3,4,4,4,5,4,5,5,4,4,3,4,4,2,2,2,2,2,2,2,2,2,1,4,3,3,3,2,9,8,1,1,1,2,1,9,9,1,38,4,1,1,1,40,3600,2800,0,133202,정보처리산업기사 VR AR 저작솔루션 산업 증가,전자학
29769,2,2,2,3,1,0,1,0,2,2,1,0,4,5,3,3,4,5,3,4,3,4,3,4,3,4,3,4,3,4,4,5,1,0,1,0,4,4,3,4,1,0,1,0,3,4,1,0,1,0,1,0,1,0,1,0,1,0,1,0,1,0,1,0,1,0,1,0,1,0,1,0,1,0,1,0,1,0,1,0,1,0,5,6,1,0,1,0,5,4,3,3,4,3,3,4,3,3,3,3,3,18,1,1,1,1,3,5,3,2,3,3,4,4,4,3,4,4,4,4,3,3,3,2,3,4,3,3,4,3,4,3,4,4,3,3,4,4,3,3,4,3,2,2,2,2,2,2,2,2,2,3,3,3,3,3,2,4,7,7,6,6,5,3,8,6,2,27,2,1,3,2,45,2000,1200,0,414703,탭댄스자격증 탭댄스훈련 변동 직종,문과
29770,2,3,3,4,3,4,1,0,1,0,1,0,2,3,3,4,2,4,3,4,2,4,3,5,4,5,2,3,3,4,4,5,2,3,3,4,2,3,3,4,3,5,3,5,4,5,4,5,3,4,3,5,4,5,4,5,4,6,4,6,2,3,3,4,3,4,4,5,4,6,4,6,3,4,3,4,4,5,4,5,4,6,2,4,4,5,3,4,3,3,2,3,2,2,3,2,3,3,2,3,4,6,1,2,2,2,0,5,3,3,2,2,3,3,2,3,3,3,4,4,3,2,3,4,3,3,4,2,4,3,3,4,3,3,4,3,4,4,3,4,3,4,2,2,2,2,2,2,2,2,2,1,3,2,2,2,1,7,7,6,5,4,4,5,6,6,1,51,2,1,1,1,20,3950,2400,0,701101,변화 생각,문과
29771,2,3,3,3,2,1,2,3,1,0,1,0,3,3,2,1,4,4,1,0,2,1,2,1,4,5,3,2,3,3,2,2,1,0,1,0,3,4,1,0,1,0,1,0,3,3,1,0,1,0,1,0,1,0,1,0,1,0,1,0,1,0,1,0,1,0,1,0,1,0,1,0,1,0,1,0,1,0,2,2,3,3,3,3,3,3,3,2,4,3,2,3,3,2,2,4,2,3,2,3,3,18,1,2,2,2,0,4,4,4,4,3,4,4,4,3,9,9,4,3,3,2,3,4,3,2,3,3,2,3,3,4,3,3,3,2,4,3,3,4,4,4,2,2,2,2,2,2,2,2,2,1,3,2,2,2,1,8,7,8,8,7,8,7,6,6,2,38,3,1,3,2,30,2400,2000,0,416201,스트레스 해소 위해 필요,연극영화
29772,2,4,3,2,2,4,3,3,2,4,4,5,3,4,3,3,4,5,4,5,3,3,3,4,3,3,3,3,3,4,3,3,2,3,2,4,2,2,3,5,4,4,3,3,2,2,1,0,4,4,4,4,3,4,4,6,4,5,4,4,4,5,4,4,4,4,4,5,4,4,4,4,3,5,4,4,4,4,3,4,4,4,3,4,4,6,4,5,3,3,3,4,3,4,4,3,3,4,3,3,3,3,1,2,2,2,0,7,3,4,3,3,3,4,4,4,4,4,4,4,2,4,4,3,4,4,4,2,4,4,4,4,4,4,3,4,4,5,4,4,5,4,2,2,2,2,2,2,2,2,2,1,4,2,2,2,1,8,8,5,2,3,5,5,5,5,1,31,2,1,1,1,52,3650,2120,0,151301,기계 설비 장비 성능 일자리 증가,기술정보학
29773,4,6,4,5,3,5,3,3,5,6,4,5,1,0,3,5,3,5,3,4,2,3,3,4,4,5,3,5,3,4,2,2,3,3,3,4,2,3,2,3,4,5,4,5,3,5,3,4,2,3,2,3,2,3,1,0,1,0,2,3,3,5,3,4,3,3,1,0,2,2,1,0,2,3,2,2,1,0,2,2,2,3,1,0,3,4,2,3,5,4,3,4,4,4,5,2,3,3,4,3,3,11,3,2,2,2,0,1,5,5,4,4,5,4,4,5,4,5,4,4,3,4,4,3,4,4,5,2,4,3,2,5,4,5,4,5,4,5,4,4,5,4,2,2,2,2,2,2,2,2,2,1,3,3,3,3,1,4,5,6,3,4,3,7,6,7,1,49,4,1,1,1,40,5000,3600,0,26401,변화,법학
29774,2,3,2,3,2,2,2,3,1,0,2,3,4,6,4,5,4,6,4,6,4,5,4,5,4,5,4,5,4,5,4,5,4,5,4,5,4,4,4,5,4,4,4,5,4,5,1,0,3,3,2,3,2,3,2,3,4,5,2,4,1,0,1,0,2,3,4,5,3,4,3,4,3,4,4,5,3,3,4,6,4,4,2,2,5,7,3,4,5,2,2,3,4,4,3,3,3,3,3,3,3,18,1,2,2,2,0,7,4,2,4,3,2,4,3,3,4,3,4,3,2,3,3,3,3,4,3,3,4,3,3,3,4,5,4,4,4,4,3,3,3,3,1,2,1,1,2,2,2,2,2,3,1,2,2,2,1,2,4,5,3,4,7,8,3,2,2,45,4,1,1,1,42,5000,3000,0,415501,일러스트 기술 발달 업데이트 기술 디자인 범주 호성 증가,디자인
29775,5,6,4,4,3,3,4,4,4,4,4,4,4,4,4,4,4,4,4,4,4,4,4,4,4,4,4,4,4,4,4,4,4,4,4,4,4,4,4,4,4,4,4,4,4,4,4,4,4,4,4,4,4,4,4,4,4,4,4,4,4,4,4,4,4,4,4,4,5,5,4,4,4,4,4,4,4,4,4,4,4,4,4,4,3,3,4,4,3,3,4,3,2,3,3,3,2,4,3,3,4,3,1,4,1,1,4,5,2,4,2,3,5,4,3,3,3,3,4,3,3,2,3,4,4,3,4,4,3,4,4,4,3,4,3,3,4,4,3,3,5,5,2,2,2,2,2,2,2,2,2,2,2,3,3,3,2,7,5,5,4,5,3,7,8,5,1,44,2,1,1,1,60,3800,2400,0,823301,주조기능사 금속 가열하는 교육 자동화 설비 인원,기계
29776,4,6,3,4,4,4,5,6,2,4,4,4,3,3,2,2,4,2,4,1,3,3,5,6,3,3,2,3,4,3,5,3,2,2,3,2,5,6,1,0,4,4,4,3,5,5,3,2,1,0,1,0,3,4,5,4,4,4,2,3,3,2,1,0,1,0,4,2,1,0,1,0,2,2,1,0,1,0,1,0,1,0,1,0,2,2,2,2,5,2,4,4,4,3,4,3,2,5,5,4,4,16,5,4,2,2,0,3,7,3,3,5,5,5,3,3,9,9,5,4,1,5,4,3,5,2,2,3,4,3,5,2,4,4,3,5,5,4,3,3,2,5,2,2,2,2,2,2,2,2,2,2,2,3,2,2,1,2,3,3,6,6,5,3,7,7,2,43,6,1,2,2,15,1200,1000,0,211201,학생 수의 감소 수요 감소,국어국문
29777,3,6,4,6,3,5,4,4,4,6,3,5,3,4,4,6,4,5,4,5,3,4,3,4,4,6,4,5,4,5,4,5,4,5,4,5,2,3,3,4,4,5,4,5,4,5,4,5,3,4,4,5,4,4,4,5,4,5,4,5,3,4,4,5,4,5,4,5,4,6,4,5,4,5,3,4,4,4,4,5,4,6,3,4,3,5,3,5,4,3,3,3,4,2,4,4,2,3,3,2,3,6,1,4,1,2,0,7,5,5,4,4,5,4,4,4,5,5,4,5,1,4,4,5,4,4,5,4,4,4,4,4,5,4,4,4,4,4,4,4,4,4,2,2,2,2,2,2,2,2,2,1,4,3,3,3,2,6,5,4,4,4,4,4,3,2,1,40,5,1,1,1,50,5500,5000,0,140301,건축기계기술사 가구 증가,토목공학
29778,4,5,3,5,3,4,3,4,4,4,4,6,1,0,1,0,3,4,1,0,1,0,3,3,4,5,3,4,4,6,4,4,3,3,2,2,4,4,4,6,4,5,4,6,3,4,2,2,1,0,3,4,1,0,1,0,1,0,1,0,3,3,1,0,1,0,1,0,1,0,1,0,3,3,1,0,1,0,1,0,1,0,1,0,1,0,1,0,4,3,2,5,4,5,4,5,2,5,5,3,4,11,1,5,2,2,0,7,5,4,4,4,4,4,4,4,3,4,4,4,3,4,5,4,3,2,3,3,4,3,3,4,3,4,5,3,4,3,3,3,4,4,2,2,2,2,2,2,2,2,2,2,3,2,2,3,2,8,7,4,3,6,5,4,3,5,2,48,4,1,1,1,45,10000,5000,0,31401,기계 대체 불가,경영학
29779,3,3,3,3,3,4,2,2,2,2,3,2,3,3,3,3,2,2,3,4,2,2,2,3,3,3,2,3,2,2,2,2,3,2,2,2,2,2,2,2,3,2,3,2,3,2,2,2,2,2,2,2,3,3,3,3,2,2,2,2,3,2,3,1,2,1,2,1,2,2,2,2,2,3,2,2,2,2,2,3,2,2,1,0,2,3,1,0,3,3,2,3,3,2,3,3,3,3,2,2,1,13,1,4,2,2,0,5,4,4,2,3,3,4,3,4,3,4,4,4,2,3,2,4,3,3,2,3,4,3,2,4,3,4,4,3,4,4,4,3,4,4,2,2,2,2,2,2,2,2,2,3,2,2,2,2,1,7,6,4,5,4,5,7,4,4,1,33,4,1,1,1,40,3400,3000,0,153203,시스템 화가,전자공학
29780,3,4,3,4,3,4,3,4,4,5,3,4,2,3,3,5,3,4,2,3,5,5,2,2,3,4,1,0,2,4,1,0,3,4,1,0,3,3,3,4,4,5,5,3,4,5,1,0,1,0,3,3,1,0,1,0,2,3,1,0,4,6,5,4,2,3,1,0,1,0,1,0,4,4,2,3,2,3,1,0,2,2,2,3,3,4,3,4,4,2,3,3,4,4,3,2,3,4,3,5,4,8,1,3,2,1,3,2,4,4,3,3,4,4,4,3,3,4,4,4,2,4,4,4,4,3,4,3,4,2,3,4,3,4,4,5,4,5,4,3,4,3,2,2,2,2,2,2,2,2,2,2,3,3,3,3,2,7,7,7,4,2,3,3,4,5,2,32,4,1,1,1,40,4000,2400,0,28204,전산 업무 교육 선박 계속 운행 관련 운송 사무 계속,법학
29781,4,6,4,5,4,5,3,5,3,5,3,5,3,5,3,5,3,5,4,5,4,4,4,5,4,5,4,5,4,5,4,5,4,4,4,5,4,4,4,5,4,5,4,5,4,5,4,5,4,4,4,5,3,5,4,4,4,5,4,5,4,5,3,5,3,5,4,5,4,5,4,5,4,5,4,4,4,5,4,5,4,4,4,5,4,5,3,4,4,3,4,4,3,4,4,4,3,4,3,4,4,13,2,4,1,2,0,2,4,3,4,4,4,3,3,3,4,4,4,4,2,3,3,4,3,4,3,3,3,3,3,4,3,3,4,4,5,4,3,3,3,3,2,2,2,2,2,2,2,2,2,2,2,3,3,3,1,7,6,6,6,7,6,7,7,6,1,48,3,1,1,1,40,5700,5500,0,153106,전기안전기술자 장비 발달 일자리 감소,전기공학
29782,1,0,3,2,1,0,2,2,2,2,1,0,1,0,3,2,2,2,3,3,2,2,2,2,3,2,1,0,3,2,3,2,1,0,2,2,1,0,3,2,2,2,2,1,2,2,3,3,3,3,1,0,2,1,1,0,3,2,1,0,1,0,2,2,2,2,2,2,1,0,1,0,1,0,1,0,2,2,2,2,3,2,2,1,2,2,2,1,2,4,4,2,2,2,2,1,2,1,1,2,2,20,4,1,2,2,0,3,3,2,1,1,2,2,2,3,9,3,9,3,3,2,2,3,2,3,3,3,2,5,2,4,2,3,4,4,4,5,2,2,4,4,2,2,2,2,2,2,2,2,2,1,3,3,3,3,2,8,8,9,7,7,8,2,4,5,2,52,2,1,4,2,40,2000,1800,0,561601,맞벌이 부부 때문,문과
29783,4,6,3,4,1,0,2,3,4,5,3,3,1,0,3,3,2,5,2,3,3,3,4,4,2,2,3,3,1,0,1,0,1,0,1,0,1,0,3,4,4,4,1,0,1,0,3,3,4,6,2,2,3,4,1,0,1,0,1,0,4,5,3,4,1,0,1,0,1,0,2,2,1,0,1,0,1,0,1,0,1,0,1,0,2,3,1,0,3,3,2,3,4,2,3,2,4,3,4,3,4,3,1,4,2,2,0,1,4,4,3,4,4,5,4,4,3,2,4,4,4,3,4,2,4,3,3,3,3,4,2,4,5,4,4,5,4,4,4,4,4,5,2,2,2,2,2,2,2,2,2,2,3,2,2,2,1,4,3,6,5,5,6,7,4,6,2,41,4,1,1,1,40,3700,2800,0,28301,산업 성장 둔화 유지,무역학
29784,2,3,2,3,2,3,4,5,2,3,1,0,1,0,2,3,3,5,3,4,1,0,4,5,3,4,1,0,3,5,3,4,3,4,2,3,4,6,2,3,2,3,1,0,3,4,1,0,1,0,1,0,1,0,1,0,1,0,1,0,1,0,1,0,2,3,1,0,1,0,1,0,1,0,1,0,2,3,1,0,2,3,1,0,3,4,3,4,4,3,4,2,3,2,3,2,3,2,3,3,3,16,5,2,1,2,0,7,2,4,3,3,4,3,3,3,3,4,4,3,4,2,2,4,3,3,3,4,2,3,3,3,4,4,3,3,3,4,3,3,3,3,2,2,2,2,2,2,2,2,2,1,3,2,2,3,1,6,5,7,5,7,6,7,4,4,1,37,4,1,1,1,40,2400,1900,0,214301,운전면허자격증 지속 인력,국문
29785,4,6,4,5,4,5,4,5,4,5,3,3,4,5,2,3,4,5,4,6,4,4,2,2,4,3,2,3,4,4,4,6,3,4,4,5,4,5,4,5,4,5,4,5,4,5,4,4,4,5,3,5,4,4,4,5,4,4,4,4,4,5,2,3,4,5,3,3,3,4,3,3,4,5,3,4,4,4,4,5,4,5,4,5,4,6,4,5,5,4,2,3,4,4,4,3,2,4,4,3,4,19,1,2,1,1,1,3,4,5,4,3,4,3,3,3,3,3,3,3,2,3,4,4,3,4,3,4,4,4,4,4,5,4,4,5,5,4,5,5,5,4,2,2,2,2,2,2,2,2,2,2,3,2,2,2,1,6,5,6,5,4,5,4,4,3,2,38,3,1,1,1,40,2200,1600,0,521304,국내여행안내사 관광통역안내사 여행안내원 해설 직무교육 인구 여행객,관광학
29786,4,5,4,5,3,3,3,3,2,2,4,4,2,2,2,2,4,5,3,4,2,2,4,5,4,3,1,0,2,2,3,3,1,0,1,0,2,2,3,4,2,5,3,4,4,5,1,0,2,2,1,0,4,5,2,5,5,5,4,5,4,5,4,5,4,4,4,5,4,5,4,5,2,3,4,4,5,4,3,3,4,4,4,5,4,4,4,4,4,3,1,2,3,1,2,3,2,2,2,3,3,3,1,3,2,2,0,7,1,2,1,1,2,2,1,2,1,4,4,3,5,2,1,3,3,3,3,3,4,3,3,4,2,4,4,4,5,4,3,3,5,3,2,2,2,2,2,2,2,2,2,3,2,3,3,3,2,9,8,9,6,7,8,7,4,3,1,39,2,1,1,1,40,3200,2300,0,816103,인건비 때문 공정 자동화 갈수록,기계
29787,2,2,2,2,1,0,2,3,2,2,2,2,1,0,2,2,3,3,3,4,2,2,1,0,3,3,2,3,2,2,2,3,1,0,1,0,1,0,2,2,2,2,2,2,2,2,1,0,1,0,1,0,2,2,2,2,2,3,1,0,1,0,1,0,1,0,3,3,2,2,3,4,1,0,4,3,3,3,3,4,2,3,2,2,4,5,3,3,4,3,3,3,2,3,4,4,3,1,2,2,4,6,1,2,1,1,2,2,2,4,3,2,4,3,3,3,9,9,9,4,2,3,3,3,3,3,2,4,5,5,3,4,1,1,2,2,4,5,3,2,4,4,2,2,2,2,2,2,2,2,2,1,2,3,2,2,1,7,8,4,3,3,4,5,3,3,1,32,2,1,1,1,40,3000,2500,0,702601,건축도장기사 산업기사 건축 도장공 훈련 건설 경기 불황,문과
29788,3,3,3,3,1,0,3,2,2,3,3,4,2,4,3,4,3,3,3,4,3,2,4,4,4,4,4,3,3,4,4,3,2,3,4,3,4,3,3,3,2,3,3,2,4,3,1,0,1,0,2,2,3,3,2,3,4,4,3,3,1,0,4,3,3,3,4,3,5,4,4,4,2,3,4,4,4,4,4,4,4,4,4,4,3,3,3,4,4,4,2,4,4,1,4,3,3,4,4,4,3,3,1,2,1,2,0,7,2,3,3,2,4,4,2,4,4,4,4,4,3,3,2,3,2,2,3,4,2,3,3,5,3,4,2,2,4,3,4,3,4,3,2,2,2,2,2,2,2,2,2,2,2,3,3,3,2,8,7,6,5,4,3,3,3,4,1,27,2,1,1,1,40,2520,2400,0,816103,기계가공조립기능사 점점 기계화,기계
29789,4,6,4,5,3,5,4,5,4,5,4,4,3,4,5,6,4,6,5,6,4,6,4,6,4,6,4,6,4,5,5,7,5,6,5,6,5,6,5,6,5,6,5,6,5,7,3,5,3,4,5,6,5,6,4,5,5,6,5,5,4,5,3,4,5,5,5,6,5,6,4,5,4,6,4,4,5,5,5,6,5,7,5,6,5,7,5,5,3,4,4,4,5,3,4,4,3,4,5,5,5,14,1,2,1,1,2,5,4,4,3,3,5,4,4,4,3,4,5,4,3,4,4,3,4,5,4,3,4,4,4,4,5,4,3,4,5,4,4,5,4,4,2,2,2,2,2,2,2,2,2,2,3,2,2,2,1,6,5,7,6,5,6,7,6,7,1,38,3,1,1,1,40,3600,2600,0,541301,경비지도사 운전면허1종이나 2종 직무훈련 빌딩,경호학
29790,5,7,5,7,4,5,4,4,3,4,4,5,4,6,4,6,3,4,3,3,4,4,1,0,3,4,1,0,1,0,3,4,1,0,3,4,1,0,1,0,5,6,4,5,4,4,1,0,1,0,1,0,5,6,5,6,4,6,4,6,4,5,4,5,4,5,1,0,1,0,3,5,1,0,1,0,1,0,1,0,2,3,3,3,3,4,2,3,5,3,4,4,5,3,3,3,3,4,5,4,4,3,1,4,2,2,0,6,6,4,4,4,4,4,4,4,4,5,4,4,4,3,4,4,5,4,4,4,4,4,4,3,4,3,4,4,3,4,3,4,5,3,2,2,2,2,2,2,2,2,2,2,4,3,3,3,2,4,5,5,6,5,5,3,4,6,1,43,5,1,1,1,40,5800,4000,0,122101,생명과학 분야 사업 수요 증가,생명과학
29791,3,5,4,4,3,3,2,3,3,4,3,3,3,5,3,4,4,4,4,4,4,4,3,5,4,4,2,3,3,3,3,4,2,3,3,3,2,3,3,4,4,5,3,4,4,4,2,3,1,0,1,0,3,4,4,4,4,5,5,5,3,3,3,3,3,4,5,5,4,5,5,5,2,2,3,4,3,3,2,3,2,3,4,4,5,5,3,3,2,3,3,3,3,2,3,4,3,3,2,3,2,18,2,4,1,1,2,3,4,3,2,2,3,3,2,3,3,4,4,3,3,4,3,3,3,2,1,5,2,4,2,4,3,3,5,3,2,3,4,1,3,4,2,2,2,2,2,2,2,2,2,2,2,3,2,2,2,8,9,7,9,5,1,5,3,1,1,32,4,1,1,1,45,3100,2600,0,416701,산업기사 현장에서 배우는 기술교육들 임금 영세 규모 일자리,전기공학
29792,5,5,4,4,4,4,3,4,3,5,3,4,4,4,3,4,4,4,3,4,3,4,4,4,3,4,4,4,3,3,3,4,4,4,3,4,4,5,3,4,3,3,3,4,3,3,3,3,4,4,3,5,3,4,3,4,2,3,2,3,4,4,2,3,2,3,4,4,2,3,2,2,4,4,2,2,2,3,3,3,2,3,3,3,3,4,3,3,4,4,3,3,3,2,4,4,3,5,4,5,3,15,2,2,1,2,0,7,2,4,4,4,4,4,2,4,4,4,4,4,4,4,4,4,5,5,5,1,4,4,1,4,4,5,4,4,4,5,5,5,4,4,2,2,2,2,2,2,2,2,2,1,3,3,3,3,2,9,8,6,4,4,5,8,3,6,2,38,4,1,1,1,40,3200,2400,0,25402,공무원자격증,사회학
29793,4,6,5,7,4,6,4,5,4,5,3,4,3,4,3,4,4,5,3,4,4,5,4,5,4,5,4,5,2,3,3,4,3,4,3,4,4,5,3,4,4,5,4,5,3,4,5,7,3,4,4,5,3,4,3,4,2,3,2,3,3,4,3,4,1,0,1,0,1,0,1,0,1,0,1,0,1,0,1,0,1,0,1,0,3,4,3,4,5,4,4,3,4,3,3,4,3,5,4,4,4,18,1,2,1,1,1,6,4,4,5,5,5,5,4,3,4,4,4,4,2,5,4,3,3,2,2,4,4,5,3,5,5,5,4,4,4,5,4,4,5,4,2,2,2,2,2,2,2,2,2,3,2,2,2,2,1,7,3,7,2,3,7,2,3,3,2,37,4,1,1,1,40,4500,3000,0,521101,관광통역안내사 국내여행안내사 관광지 안내 교육 인터넷 후기 블로그 영향 여행 프로그램 영향 때문,관광홍보
29794,2,3,4,6,1,0,3,5,2,4,3,4,1,0,2,3,3,5,3,4,3,4,2,4,4,5,1,0,3,4,3,5,1,0,1,0,2,4,2,3,3,5,2,3,3,3,1,0,1,0,1,0,2,3,3,4,5,5,1,0,1,0,1,0,1,0,3,5,3,3,3,5,1,0,4,5,3,4,3,4,5,7,4,6,3,5,2,3,1,2,3,3,2,1,2,4,3,3,1,3,2,6,4,1,2,2,0,5,1,2,2,1,3,2,2,2,2,2,3,2,2,4,3,4,4,4,3,1,2,4,2,4,2,3,4,4,4,5,4,4,5,5,2,2,1,2,2,2,2,2,2,2,2,2,2,2,2,8,7,7,5,6,4,7,3,4,1,42,2,1,4,2,40,3000,2400,0,701401,시멘트 믹서 작업기 발달 계속 건설 경기 불황,인문계
29795,3,5,4,5,2,3,2,3,3,4,3,5,2,2,3,4,4,5,3,5,1,0,3,4,4,5,3,5,2,3,3,4,1,0,2,3,3,4,4,6,5,6,3,4,2,3,2,3,2,4,3,3,4,5,4,5,3,4,2,3,4,5,4,6,3,4,4,5,2,3,3,4,4,6,5,6,3,4,2,3,2,4,3,4,3,4,2,3,4,3,3,4,3,2,3,3,3,2,3,3,3,6,1,2,1,1,2,2,4,3,3,4,4,5,3,3,4,4,4,4,1,4,3,3,3,4,3,4,5,5,3,5,4,3,3,4,5,5,3,4,5,3,2,2,2,2,2,2,2,2,2,2,2,3,3,3,2,3,6,5,4,7,6,7,4,5,1,34,4,1,1,1,40,3500,2600,0,159104,전산응용 건축제도기능사 실내건축기능사 업무에 필요한 실무교육 경쟁 업체 경쟁 현장 수요 감소,건축
29796,4,5,5,5,4,6,4,6,4,6,4,6,4,6,4,6,4,5,4,6,4,5,4,6,4,6,4,6,4,5,4,6,4,6,4,6,4,6,4,6,4,5,4,6,4,6,4,6,4,5,4,6,4,6,4,5,4,6,4,6,4,6,4,6,4,5,4,5,4,6,4,2,4,5,5,5,4,5,4,5,4,6,4,6,4,5,4,5,4,5,4,4,4,3,4,4,3,5,4,4,4,3,1,3,2,2,0,3,4,4,4,4,4,4,4,4,3,4,4,4,4,3,4,4,4,3,4,3,4,4,4,4,4,5,4,4,3,4,4,4,4,5,2,2,2,2,2,2,2,2,2,1,4,2,2,2,1,4,3,5,3,6,5,7,5,7,2,37,3,1,1,1,40,2800,2000,0,415202,패션 가치 점차,산업디자인학
29797,4,5,3,3,4,5,4,5,1,0,2,3,3,4,2,2,3,4,2,2,4,4,2,3,2,2,1,0,1,0,2,2,1,0,1,0,1,0,1,0,1,0,3,3,1,0,1,0,1,0,1,0,1,0,1,0,1,0,1,0,1,0,1,0,1,0,1,0,1,0,1,0,1,0,1,0,1,0,3,3,1,0,1,0,3,4,3,3,3,3,4,2,3,3,2,4,3,3,2,3,3,13,1,2,2,1,4,5,5,4,5,4,4,4,3,4,3,4,3,3,3,4,4,4,4,3,4,3,3,5,4,4,4,4,3,3,3,5,4,4,5,3,2,2,2,2,1,2,2,2,2,2,1,3,3,3,2,3,2,3,2,2,2,8,9,8,2,45,4,1,1,1,45,3000,1900,0,411201,번역 프로그램 MS OFFICE 운용능력 전산 자동화 발전 전산 자동화 발전,일어일문학
29798,3,4,2,3,2,3,3,4,1,0,3,4,1,0,2,3,2,3,1,0,1,0,1,0,2,3,2,3,1,0,1,0,2,3,3,4,1,0,1,0,2,3,2,3,1,0,1,0,1,0,1,0,1,0,1,0,1,0,1,0,3,4,1,0,1,0,1,0,1,0,1,0,1,0,1,0,1,0,1,0,1,0,1,0,2,4,1,0,4,4,3,4,4,3,3,3,3,3,4,3,3,13,1,2,1,2,0,7,5,3,3,3,4,3,3,4,3,4,4,4,2,3,4,4,3,3,3,4,3,3,3,4,4,3,4,4,3,4,3,3,3,4,2,2,2,2,2,2,2,2,2,1,3,2,2,3,1,3,3,4,6,5,7,4,4,4,2,34,4,1,1,1,40,6100,4000,0,29903,행정사 전문 일로 유지,행정학
29799,4,2,3,3,2,2,2,2,5,2,4,2,3,2,2,2,5,2,4,3,2,3,2,4,4,2,3,2,2,3,4,3,3,3,2,3,2,3,3,3,3,2,4,5,3,4,2,3,4,3,3,3,4,4,5,3,4,3,5,3,1,0,4,3,4,3,5,3,4,4,4,5,4,5,5,3,5,3,4,4,5,4,3,4,2,4,3,3,2,3,3,1,2,3,4,3,2,4,4,2,2,3,4,1,1,2,0,3,4,4,2,2,4,3,3,4,2,3,4,3,4,4,3,2,3,3,4,3,4,5,5,4,4,3,5,4,3,4,4,5,5,4,2,2,2,2,2,2,2,2,2,2,2,3,2,3,2,6,7,4,5,7,9,6,5,6,1,37,3,2,6,1,45,0,0,4300,885201,광고도장기능사 경기 침체 어려움 유지 어려움,산업디자인
29800,3,4,2,1,2,1,2,5,3,4,2,3,3,2,2,3,2,4,3,2,3,2,4,3,3,2,3,4,3,2,2,1,2,3,3,5,2,3,2,4,3,5,3,2,3,5,4,3,2,4,4,3,3,4,3,4,2,3,2,4,2,4,2,3,3,2,3,2,3,5,3,4,3,2,3,2,2,3,4,2,2,1,1,0,3,3,2,1,3,4,2,3,4,5,4,5,4,4,5,5,4,10,1,4,1,2,0,4,4,4,4,3,3,4,2,4,3,3,4,4,2,3,3,3,4,3,2,3,4,5,3,2,3,4,4,3,5,4,3,2,4,4,1,2,1,1,2,1,2,1,2,1,4,2,1,3,1,6,7,5,3,4,6,6,4,5,1,57,5,1,1,1,40,4300,3600,0,134201,정보처리기능사 네트워크 장비 기술 정보 자격증 관련 훈련 네트워크 장비 서버 관계 때문 계속 발전 인력,정보.통신학
29801,3,4,3,4,4,4,2,3,4,5,5,4,1,0,3,4,4,4,2,3,4,4,3,4,3,4,2,2,2,3,3,4,1,0,1,0,3,3,3,3,4,4,2,3,3,4,3,4,1,0,1,0,3,4,1,0,4,5,3,4,3,5,1,0,2,3,3,4,1,0,3,4,2,3,1,0,1,0,1,0,1,0,2,3,3,4,3,3,2,2,2,2,2,3,4,3,3,4,3,3,3,13,2,3,1,2,0,7,5,4,3,3,4,3,4,2,3,2,3,3,2,4,4,3,3,1,2,3,3,5,3,5,4,4,3,3,4,5,4,3,4,4,2,2,2,2,2,2,2,2,2,2,3,3,3,3,2,6,9,6,7,5,2,4,5,6,2,29,4,1,1,1,40,3300,2800,0,155306,토양환경기사 환경문제 때문,환경공학
29802,4,3,3,4,3,3,3,4,4,5,3,3,3,3,2,3,3,3,4,3,3,3,3,4,3,4,3,5,3,4,4,4,3,4,2,3,4,5,3,3,3,4,3,5,3,5,4,5,3,4,3,5,3,4,3,3,2,3,3,4,3,4,4,5,4,4,4,5,4,5,4,5,4,5,4,5,4,5,4,5,4,5,3,4,4,5,4,4,4,3,3,4,4,4,3,2,4,3,4,3,4,19,1,2,1,2,0,2,4,4,3,2,4,3,2,3,3,3,3,3,2,4,4,3,4,3,4,3,3,4,3,4,5,5,4,5,5,4,5,5,5,5,2,2,2,2,2,2,2,2,2,1,2,2,2,2,1,5,4,7,6,5,4,6,4,5,2,26,3,1,1,1,40,3200,2800,0,521304,국내여행안내사 관광통역안내사 코로나 해외여행,관광학
29803,1,0,3,3,1,0,1,0,1,0,1,0,1,0,2,2,3,2,3,2,1,0,1,0,3,2,1,0,3,2,3,3,1,0,1,0,1,0,1,0,1,0,2,2,3,2,1,0,3,2,3,3,2,2,1,0,2,2,3,2,1,0,1,0,2,2,3,3,3,2,3,2,1,0,3,3,3,2,2,3,5,6,4,4,3,3,4,4,3,3,2,2,3,1,2,3,3,2,2,3,3,6,1,2,1,2,0,2,1,3,1,2,2,3,3,3,3,3,3,3,4,1,1,2,1,1,1,3,2,4,2,4,2,2,2,2,2,4,2,1,4,4,2,2,2,2,2,2,2,2,2,1,3,2,2,2,2,7,7,7,7,5,5,5,5,5,1,50,2,1,3,2,50,4500,2600,0,702101,미장기능사 작업 기계,기계
29804,2,4,4,6,2,2,4,3,1,0,3,5,2,4,4,4,3,5,2,3,2,4,3,4,3,4,1,0,2,3,3,4,1,0,1,0,1,0,4,4,4,5,3,4,3,5,4,4,2,3,1,0,4,4,3,4,4,5,2,5,1,0,1,0,2,2,3,5,4,5,3,4,1,0,4,5,3,5,2,3,4,5,3,4,3,5,5,7,3,4,5,2,3,2,3,4,4,4,3,3,4,19,4,1,1,2,0,6,2,3,4,3,4,4,3,3,9,9,9,3,2,4,4,4,3,2,2,1,3,4,2,5,2,4,4,4,4,5,4,3,4,5,2,2,2,2,2,2,2,2,2,1,2,2,2,2,2,8,6,4,2,2,3,6,4,3,1,36,3,2,6,1,30,0,0,2800,885101,피아노조율 산업기사 피아노 발달 증가 소비 감소,생활체육학
29805,2,2,2,3,3,2,2,1,2,2,2,2,2,3,2,3,2,2,2,4,2,2,3,4,2,3,2,1,2,2,3,4,2,1,2,2,3,3,3,3,2,3,2,2,2,1,1,0,2,1,1,0,3,2,2,2,2,2,2,2,1,0,2,3,2,1,2,2,2,2,2,1,2,3,3,3,4,4,3,3,4,6,3,3,2,2,2,1,2,4,2,2,2,1,2,3,2,3,3,3,2,6,1,2,2,1,2,2,1,2,2,1,3,3,2,2,9,3,3,3,4,1,2,3,3,3,4,4,2,3,2,5,3,3,2,2,3,4,3,3,4,4,2,2,2,2,2,2,2,2,2,2,3,3,3,3,2,8,7,7,4,4,4,6,4,4,1,47,2,1,2,2,40,3500,3000,0,702101,미장기능사 재건축 건설 경기 시장,인문계
29806,4,4,5,4,2,4,3,4,4,4,3,5,2,3,3,3,2,3,3,4,4,4,3,4,4,4,3,5,2,3,3,4,4,4,3,4,2,3,3,3,4,4,4,5,3,4,2,3,3,5,3,4,4,3,2,3,3,4,3,4,2,3,3,3,2,3,4,3,4,4,4,4,5,5,5,4,4,4,3,5,5,4,4,5,4,4,4,5,3,2,2,2,3,2,2,3,3,3,3,2,4,7,1,2,1,2,0,2,2,3,3,3,5,4,4,2,3,2,4,3,3,4,3,4,3,3,4,2,3,3,4,5,3,3,2,2,3,4,2,2,3,3,2,2,2,2,2,2,2,2,2,2,1,3,2,2,2,8,8,6,2,3,2,6,5,4,1,43,2,1,2,2,50,2700,2500,0,811901,농기계정비기능사 영향 농업 점차 감소,토목
29807,4,6,4,6,2,3,4,5,4,5,4,5,1,0,2,3,2,3,1,0,2,2,4,6,3,4,2,2,2,3,1,0,2,3,3,4,2,3,3,4,4,6,4,5,4,5,5,6,1,0,1,0,3,4,1,0,1,0,1,0,4,5,1,0,1,0,1,0,1,0,1,0,2,3,1,0,1,0,2,3,1,0,1,0,2,2,2,2,5,4,4,4,4,4,4,3,2,5,5,3,4,11,1,2,1,2,0,5,5,4,5,4,4,4,2,4,3,3,4,4,2,4,3,4,3,3,4,3,4,5,4,4,4,5,3,4,4,5,5,5,5,5,2,2,2,2,2,2,2,2,2,1,4,3,3,3,2,7,6,4,3,7,6,3,3,6,1,45,4,1,1,1,52,7400,3300,0,32201,증권투자상담사 선물거래상담사 고객 눈높이 수요,경영
29808,4,5,4,5,4,5,4,5,4,6,4,6,4,5,4,6,4,5,4,5,4,6,4,6,4,5,4,6,4,5,4,5,4,5,4,6,4,5,5,5,4,5,4,5,4,5,4,6,4,5,4,6,4,5,4,5,4,6,4,6,4,5,4,6,4,5,4,5,4,6,4,6,4,6,4,6,4,6,4,6,4,5,4,6,4,5,4,6,4,4,4,5,4,4,4,4,4,4,3,4,4,17,1,2,1,2,0,3,5,4,4,4,4,4,4,5,4,5,5,5,3,4,4,4,4,3,4,5,4,4,4,4,4,3,3,4,5,4,4,3,4,4,2,2,2,2,2,2,2,2,2,1,4,2,2,2,1,7,4,5,6,5,5,7,6,6,1,39,4,1,1,1,40,6000,4000,0,302001,수의사 구가 반려견 가구 추세,수의학
29809,1,0,2,3,2,3,2,3,1,0,3,4,3,4,2,3,3,4,2,3,2,3,3,4,2,3,1,0,3,4,2,3,2,3,2,3,3,4,2,3,2,3,2,3,2,3,3,4,1,0,1,0,1,0,1,0,1,0,1,0,1,0,1,0,1,0,1,0,1,0,1,0,1,0,1,0,2,3,2,3,2,3,2,3,2,2,3,3,4,4,4,3,3,4,4,3,4,2,3,3,3,19,4,1,1,2,0,7,2,3,2,1,5,3,3,4,9,9,9,4,2,4,4,4,4,3,3,3,4,4,4,4,4,4,3,3,4,4,4,3,4,4,2,2,2,2,2,2,2,2,2,2,3,2,2,2,1,6,3,3,7,4,2,3,7,6,2,52,2,2,6,1,40,0,0,2400,550201,베이비시터 자격증 체제,인문계
29810,1,0,1,0,1,0,1,0,3,4,1,0,1,0,1,0,1,0,1,0,1,0,1,0,1,0,1,0,2,2,1,0,1,0,1,0,1,0,2,3,1,0,1,0,1,0,1,0,1,0,1,0,1,0,1,0,1,0,1,0,2,3,1,0,1,0,2,2,2,2,1,0,1,0,1,0,1,0,1,0,3,3,2,2,1,0,1,0,2,3,2,3,3,3,2,3,3,2,3,3,3,7,1,1,2,2,0,7,2,2,3,2,3,3,3,3,3,2,3,2,2,3,2,2,3,2,2,3,2,2,3,2,2,1,2,3,3,3,4,3,3,4,2,2,2,2,2,2,2,2,2,2,3,2,2,2,2,6,7,5,6,6,6,5,5,5,1,58,3,1,1,1,54,4500,2500,0,614001,공란,수학
29811,3,5,4,5,2,3,3,4,2,3,4,5,4,6,3,4,4,6,4,5,2,3,4,5,4,6,3,5,3,4,4,6,3,5,3,4,4,5,2,3,3,4,4,6,4,5,3,4,3,4,3,4,1,0,1,0,1,0,1,0,2,3,1,0,1,0,1,0,1,0,1,0,1,0,1,0,1,0,3,4,3,4,4,5,3,4,4,5,4,3,4,3,4,3,3,3,3,3,4,4,4,18,4,1,2,2,0,4,5,5,4,4,4,3,4,3,3,3,4,4,3,4,4,4,3,2,3,4,3,4,3,4,3,5,5,5,4,3,4,3,4,4,2,2,2,2,2,2,2,2,2,1,3,2,2,2,2,3,3,4,1,3,3,6,9,9,1,45,4,1,4,2,10,1000,800,0,414501,변화,작곡
29812,3,3,2,2,2,2,2,1,3,3,2,4,2,3,4,3,5,4,4,3,3,3,2,3,4,4,5,4,2,1,5,3,2,3,1,0,1,0,2,2,1,0,3,4,4,3,1,0,4,3,5,4,3,3,4,5,4,4,5,4,2,1,4,3,5,4,4,6,3,3,4,4,4,4,4,2,3,3,2,1,2,1,3,3,3,1,2,2,3,1,2,4,3,1,4,2,2,1,4,4,3,3,1,2,2,2,0,1,2,3,2,2,5,3,4,4,3,3,4,4,2,4,3,4,3,4,4,5,4,4,5,3,4,4,5,2,3,5,4,4,5,4,2,2,2,2,2,2,2,2,2,2,2,3,2,2,2,7,7,6,3,4,5,4,8,7,1,43,3,1,1,1,48,4000,3500,0,873401,중국산 식품 증가 일자리 감소,식품가공
29813,1,0,3,4,1,0,2,1,1,0,1,0,1,0,2,2,1,0,2,3,1,0,2,2,2,3,3,4,1,0,2,1,1,0,1,0,3,3,2,1,2,5,2,3,3,4,1,0,2,3,3,4,1,0,1,0,1,0,1,0,1,0,1,0,1,0,1,0,1,0,1,0,1,0,1,0,3,5,2,3,2,3,4,4,2,2,2,1,2,2,2,3,3,1,3,2,2,1,3,3,3,17,2,3,2,2,0,7,2,2,3,4,5,4,3,3,9,4,3,3,3,3,4,3,2,3,4,3,4,2,3,3,2,3,4,3,2,4,2,3,4,4,2,2,2,2,2,2,2,2,2,1,3,3,3,3,2,6,7,8,3,4,3,4,4,7,1,54,2,1,1,1,45,2750,2400,0,561201,향후 폐기물 자동 처리 생활 영향 것임,문과
29814,5,6,5,6,4,4,4,4,4,4,4,4,4,4,3,2,4,4,4,4,4,4,4,4,4,4,4,4,4,4,4,4,4,4,4,4,4,4,4,4,4,4,4,4,4,4,4,4,4,4,4,4,4,4,5,6,5,6,4,4,5,6,5,6,4,4,4,4,5,6,5,5,4,4,4,4,4,4,4,4,4,4,4,4,4,4,4,4,2,4,4,3,4,4,4,4,3,4,3,4,3,11,1,2,1,1,3,4,2,4,3,3,4,4,4,3,4,4,4,4,3,4,4,4,3,4,4,3,4,3,3,4,3,5,3,2,4,5,3,2,4,5,2,2,2,2,2,2,2,2,2,2,3,3,3,3,2,7,3,5,7,5,4,5,7,4,1,43,2,1,1,1,40,4100,2400,0,541201,일반경비지도사 태권도 훈련 신변 위협 요인 때문,이과
29815,4,5,4,6,3,5,4,5,3,5,3,4,1,0,3,4,2,1,3,5,3,5,3,4,3,5,3,4,4,5,3,4,1,0,1,0,3,5,3,4,4,5,3,5,4,5,3,5,2,3,4,6,2,3,1,0,2,4,1,0,4,5,3,4,3,4,1,0,1,0,1,0,3,4,1,0,3,4,1,0,1,0,2,3,4,5,3,4,3,3,2,4,2,2,4,3,2,3,4,3,3,15,2,5,2,2,0,2,5,3,3,4,3,4,3,3,3,3,4,4,2,3,3,4,4,3,4,2,4,4,3,3,3,3,4,3,4,4,3,4,4,3,2,2,2,2,2,2,2,2,2,1,4,2,2,3,1,4,6,6,6,6,5,4,4,4,2,35,4,1,1,1,40,5400,4700,0,21001,공무원 선호 사람 증가,영어영문
29816,3,5,3,5,3,4,2,4,5,6,5,4,3,4,4,4,3,5,5,4,3,3,3,6,3,4,3,5,1,0,2,2,2,3,2,3,1,0,1,0,5,5,5,5,2,3,1,0,4,4,1,0,5,5,4,4,4,4,3,4,3,5,3,5,3,5,4,4,3,4,4,5,3,5,2,3,3,5,3,5,2,2,2,2,2,3,2,4,4,3,4,4,4,2,5,4,4,4,5,4,4,6,1,2,1,1,1,1,5,4,5,4,5,4,4,4,3,4,4,4,2,4,4,2,4,2,3,2,2,4,3,4,4,5,4,4,4,4,2,2,4,2,2,2,2,2,2,2,2,2,2,3,2,2,2,3,1,7,6,7,3,2,3,7,3,3,1,49,4,1,1,1,40,4000,3900,0,140301,토목건설기술사 도로및항공기술사 사내조직파악 주요업무파악 산업 발달,토목공학
29817,3,5,4,5,3,4,3,4,3,4,4,4,1,0,3,3,3,5,2,4,2,4,4,4,3,4,3,4,4,4,3,5,1,0,3,4,1,0,5,4,3,3,2,4,3,4,1,0,1,0,1,0,1,0,1,0,1,0,1,0,4,5,1,0,1,0,1,0,1,0,1,0,1,0,1,0,1,0,1,0,1,0,1,0,4,4,4,4,2,4,2,4,4,3,4,2,4,3,4,3,4,11,1,2,1,2,0,3,4,4,3,3,3,3,3,4,3,3,4,3,2,4,3,4,5,3,4,3,3,3,3,4,3,3,2,3,3,3,2,3,5,3,2,1,2,1,2,2,2,2,2,3,1,2,2,3,2,6,6,8,5,6,5,8,7,5,2,40,4,1,1,1,45,4200,2600,0,32401,펀드 자격증 방카슈랑스 모바일 뱅킹 은행 업무 은행 방문자 줄어듬 금융 발전 영업 폐업,무역학
29818,1,0,4,4,2,2,3,3,2,1,1,0,1,0,3,2,5,4,4,3,3,4,1,0,5,5,4,3,1,0,3,3,2,2,1,0,3,5,2,2,5,6,4,4,2,3,3,2,4,3,2,3,5,5,4,3,3,2,5,5,3,3,5,5,4,4,4,4,4,3,5,5,2,4,4,4,3,6,4,2,4,4,2,3,3,3,2,2,1,3,2,2,3,1,3,5,3,2,3,2,1,3,1,2,1,2,0,2,2,2,2,1,3,4,3,2,3,3,1,2,3,3,2,4,5,5,3,4,4,5,3,3,3,2,4,3,4,5,3,4,2,4,2,2,2,2,2,2,2,2,2,2,3,2,2,2,2,4,7,7,6,7,5,4,6,7,1,39,3,1,1,1,48,2900,2700,0,873301,식품가공기능사 식생활 개선 일자리 감소,기계
29819,2,3,2,4,2,2,2,3,2,2,1,0,1,0,2,2,2,3,1,0,1,0,2,3,2,4,2,3,2,4,2,3,2,2,2,3,2,2,2,4,2,4,2,4,2,4,2,3,2,2,2,3,1,0,1,0,1,0,1,0,2,2,2,4,1,0,1,0,1,0,1,0,1,0,1,0,1,0,1,0,1,0,1,0,2,1,2,2,3,2,3,3,4,4,1,3,1,2,4,1,3,7,1,2,2,2,0,7,2,3,2,3,4,2,3,3,3,3,4,3,2,4,3,4,5,3,4,3,5,4,3,3,2,4,5,5,3,5,2,2,4,4,2,2,2,2,2,2,2,2,2,1,3,2,2,3,2,6,7,5,3,4,5,4,3,5,2,48,2,1,1,1,52,3600,2100,0,615101,기계 로봇 대체 때문,문과
29820,2,2,3,3,1,0,2,2,1,0,1,0,1,0,3,4,2,3,2,2,1,0,4,4,3,4,1,0,1,0,2,2,1,0,1,0,1,0,1,0,2,2,2,2,1,0,1,0,1,0,1,0,3,3,1,0,4,4,1,0,1,0,1,0,2,2,3,2,2,2,2,3,1,0,3,3,3,4,3,3,3,4,3,3,2,3,3,4,4,3,2,3,3,2,3,3,2,1,1,4,5,1,3,2,1,2,0,1,1,4,3,3,4,3,3,2,2,2,3,2,3,3,3,3,3,2,3,2,4,4,3,4,3,3,1,2,2,5,3,2,4,5,2,2,2,2,2,2,2,2,2,1,4,3,3,3,2,6,6,7,4,4,6,6,5,2,1,52,2,1,1,1,40,3200,2400,0,903101,산림기능사 산림 관리 더욱,원예
29821,3,3,2,2,2,2,2,2,1,0,3,3,2,2,3,3,2,2,1,0,1,0,2,2,2,2,3,3,1,0,1,0,1,0,2,2,2,2,3,2,2,2,3,3,3,3,1,0,2,2,2,2,3,3,2,2,2,2,3,3,2,2,3,2,2,2,2,2,3,3,2,2,3,3,2,2,2,2,3,3,3,3,2,2,2,2,1,0,3,4,3,3,4,3,3,4,3,3,3,3,3,13,1,2,1,1,3,3,5,3,4,3,4,3,3,4,3,3,4,4,3,4,4,4,3,3,4,2,3,3,2,4,4,3,3,3,3,3,4,4,3,3,2,2,2,2,2,1,1,2,2,3,4,2,2,2,1,6,6,5,6,4,5,5,5,6,2,30,4,1,1,1,45,3500,2800,0,154104,화공안전기술사 산업기사 실무 관리 기술 다양 화장품 대한 수요 다양,화학공학
29822,1,0,1,0,1,0,1,0,1,0,1,0,1,0,1,0,1,0,1,0,1,0,1,0,1,0,1,0,1,0,1,0,1,0,1,0,1,0,1,0,1,0,1,0,1,0,1,0,1,0,1,0,1,0,1,0,2,2,2,2,1,0,1,0,1,0,2,2,1,0,1,0,1,0,3,3,3,4,3,4,4,4,4,4,3,2,1,0,2,2,2,2,2,1,2,2,2,3,2,2,2,6,1,2,2,2,0,6,2,2,1,1,3,2,2,2,9,3,3,3,2,3,2,4,3,3,3,4,3,4,4,5,4,4,4,4,4,5,4,4,5,5,2,2,2,2,2,2,2,2,2,1,1,3,2,2,2,7,7,7,3,4,5,5,2,2,1,56,3,2,5,1,40,0,0,6000,701201,건물,환경
29823,5,7,5,7,5,7,5,6,4,5,5,6,4,6,4,6,4,6,3,4,3,4,3,4,4,5,4,5,3,5,4,5,3,4,3,3,5,7,4,6,4,5,1,0,1,0,1,0,1,0,3,4,1,0,1,0,1,0,1,0,1,0,1,0,1,0,1,0,1,0,1,0,3,4,1,0,1,0,1,0,1,0,1,0,1,0,1,0,5,4,4,4,4,5,4,4,4,4,4,4,4,16,5,5,1,2,0,6,7,4,4,4,4,4,3,4,4,4,4,4,4,4,3,3,3,4,4,3,2,3,4,4,4,4,3,4,4,3,3,4,4,4,2,2,2,2,2,2,2,2,2,2,3,3,3,3,1,3,2,2,3,4,4,3,4,5,2,35,5,1,1,1,45,3500,3500,0,110104,교육학 석사 정부 정책 변동,교육학
29824,5,6,5,6,4,6,4,5,4,6,5,6,4,5,4,5,5,5,3,5,4,5,5,6,4,6,4,6,4,5,4,5,3,4,3,4,4,6,4,5,4,6,4,5,5,5,4,4,3,4,4,4,3,4,3,4,2,3,2,2,3,4,3,5,1,0,1,0,1,0,1,0,4,5,3,4,2,4,2,3,2,4,1,0,3,4,2,2,4,3,4,4,3,4,5,4,3,4,4,3,4,15,2,5,2,2,0,6,5,4,3,3,5,4,3,4,5,5,4,4,1,3,3,4,3,2,2,1,4,3,3,5,4,3,3,2,3,4,3,3,5,4,2,2,2,2,2,2,2,2,2,1,3,3,3,3,2,4,4,5,5,4,5,6,5,5,1,60,4,1,1,1,50,8500,4000,0,12101,향후 일자리 변화 예상,행정학
29825,4,5,5,5,4,4,5,5,5,5,5,5,3,5,3,4,3,4,4,5,4,5,5,5,3,4,4,5,4,5,3,3,3,4,3,4,5,5,4,5,4,5,3,4,4,4,3,4,3,5,4,5,2,4,2,3,2,3,2,2,2,4,3,4,2,3,2,3,3,3,3,3,3,4,3,4,3,3,3,4,2,3,3,3,3,4,3,3,5,4,4,3,4,4,3,3,2,4,4,3,3,16,5,2,2,2,0,2,5,3,3,3,2,3,2,3,3,3,3,3,4,2,3,4,4,3,5,4,4,4,3,4,3,4,3,4,3,4,2,3,3,3,2,2,2,2,2,2,2,2,2,2,2,2,2,2,1,7,6,7,7,8,8,7,7,6,2,40,4,1,2,2,45,4000,2000,0,214501,인구 감소 저출산,수학
29826,5,6,4,5,5,6,5,6,4,5,5,6,4,5,4,5,4,5,4,5,4,4,4,4,4,5,3,4,4,5,4,5,4,4,4,5,4,5,4,5,5,5,5,6,4,5,3,3,4,5,4,5,2,2,2,2,2,2,2,2,2,2,2,2,2,2,2,2,2,2,2,2,4,5,2,2,2,2,4,5,2,2,2,2,4,5,3,4,4,4,3,3,4,4,4,4,4,4,3,3,4,19,1,2,1,2,0,4,5,3,3,4,4,4,4,5,5,4,5,5,4,4,3,3,3,3,4,4,3,3,4,4,4,4,3,4,4,3,4,4,4,4,2,2,2,2,2,2,2,2,2,2,3,3,3,3,1,7,6,5,5,6,7,6,5,5,1,38,4,1,1,1,40,3500,2500,0,22201,공인노무사 지금 변동 별로,체육학
29827,4,6,5,6,5,6,5,6,4,6,5,6,4,4,4,6,4,6,5,6,5,7,5,7,4,6,4,6,4,6,4,6,5,6,4,6,4,6,4,6,4,5,4,6,4,6,5,6,4,6,4,6,4,5,4,5,4,6,4,6,4,6,4,5,4,6,4,2,4,3,2,2,4,6,4,3,4,6,4,5,4,5,4,5,4,6,4,5,4,4,5,4,4,4,4,4,4,4,4,5,4,15,2,4,1,2,0,3,5,4,5,4,4,4,5,4,5,4,4,4,4,3,3,4,4,5,4,4,4,5,4,4,4,5,4,4,4,5,4,4,4,4,2,2,2,2,2,2,2,2,2,1,3,3,3,3,2,9,8,8,8,9,8,9,8,8,2,35,4,1,1,1,40,4500,3500,0,25402,컴퓨터활용능력 법원행정고시 인공 지능 대체 불가능,법학
29828,3,4,3,3,1,0,2,2,4,5,4,4,3,3,3,5,4,5,3,4,3,4,3,3,3,4,5,6,5,5,3,3,3,3,3,3,2,3,5,6,4,5,4,5,2,5,1,0,1,0,1,0,3,3,3,4,3,4,2,2,3,3,5,6,5,6,3,4,3,3,3,3,3,3,5,5,4,5,3,3,2,3,2,3,2,3,1,0,3,4,4,2,5,2,4,3,4,4,5,3,4,17,1,2,1,2,0,2,4,4,4,3,5,4,3,2,4,4,5,4,3,4,3,4,4,3,4,2,4,2,2,4,5,4,4,4,4,5,5,4,4,4,2,2,2,2,2,2,2,2,2,3,4,2,2,3,2,6,5,4,5,4,4,4,5,4,1,41,3,1,1,1,40,4000,2500,0,306301,기공사 노령화 수요 증가,치기공학
29829,1,0,2,2,1,0,2,2,1,0,1,0,1,0,1,0,1,0,1,0,1,0,1,0,1,0,1,0,2,2,1,0,1,0,1,0,1,0,2,2,1,0,1,0,1,0,1,0,1,0,1,0,1,0,1,0,1,0,1,0,1,0,1,0,1,0,1,0,1,0,1,0,1,0,1,0,1,0,1,0,1,0,1,0,2,2,2,2,3,4,3,2,2,3,1,1,2,1,1,2,2,18,1,2,2,1,4,4,3,4,3,3,4,4,3,3,3,3,5,3,2,5,5,4,4,2,2,4,2,5,4,4,5,5,5,5,5,3,3,3,5,4,2,2,2,2,2,2,2,2,2,1,4,2,2,2,2,6,7,8,3,8,8,7,8,5,1,27,4,1,1,1,20,2600,1100,0,416202,연기 워킹 대한 관심 다변,모델학
29830,3,3,3,5,2,2,2,2,1,0,1,0,1,0,2,2,3,4,1,0,1,0,2,2,2,3,1,0,2,1,3,3,1,0,1,0,2,2,3,4,3,3,3,4,3,4,2,2,2,3,3,4,1,0,1,0,2,2,1,0,1,0,2,3,1,0,3,4,3,3,1,0,3,3,3,4,3,2,2,2,2,3,3,4,2,2,2,2,4,2,3,3,5,4,2,5,2,3,2,2,4,7,1,2,1,2,0,7,2,2,3,1,3,4,2,3,4,4,3,3,1,4,3,3,4,4,5,3,3,4,4,3,4,3,3,4,4,4,3,3,4,4,2,2,2,2,2,2,2,2,2,1,2,2,2,3,2,8,7,6,2,3,4,2,2,6,1,42,3,1,1,1,58,3000,2200,0,531301,중식조리사자격증 선호 직업,식품학
29831,1,0,1,0,1,0,3,4,2,2,2,2,3,4,3,4,3,4,3,4,3,4,3,4,3,4,3,4,1,0,3,4,2,2,3,4,3,4,3,4,3,4,3,4,3,4,2,2,3,4,2,2,3,4,1,0,1,0,1,0,3,4,3,4,1,0,1,0,1,0,1,0,1,0,4,5,3,4,3,4,2,2,3,4,4,6,3,4,4,4,3,3,2,3,4,2,2,3,2,4,4,3,1,1,2,1,2,2,5,4,3,4,4,4,4,4,9,9,4,4,2,4,4,4,4,4,2,1,4,2,4,3,4,3,3,3,4,4,4,3,4,2,2,2,2,2,2,2,2,2,2,1,3,2,2,2,1,1,8,2,8,2,8,2,9,3,2,45,4,2,5,1,52,0,0,4000,863101,생활한복 제조법 한복 세대 줄어듬,의상학
29832,3,2,3,4,3,1,3,2,1,0,3,2,3,5,3,5,3,3,1,0,1,0,3,2,3,4,3,2,3,3,3,4,3,2,3,3,3,3,3,4,3,3,3,4,3,3,1,0,3,2,1,0,3,4,3,2,1,0,1,0,1,0,3,3,3,4,1,0,1,0,1,0,1,0,3,4,3,4,1,0,3,3,3,2,3,4,3,1,4,4,4,4,4,4,4,4,4,4,4,4,4,13,1,2,2,2,0,7,5,3,2,3,3,4,2,3,4,4,4,4,4,3,3,3,4,2,3,4,3,3,3,3,4,5,5,4,5,4,3,3,4,2,2,2,2,2,2,2,2,2,2,2,3,3,3,3,2,7,6,4,4,4,5,4,4,5,2,29,4,1,1,1,52,2800,2300,0,415101,공란,실내디자인
29833,3,4,3,4,2,3,3,4,2,2,3,3,2,2,3,4,3,4,2,1,2,2,3,3,3,4,3,4,3,4,3,4,3,3,3,3,2,2,3,4,3,3,3,4,3,3,3,4,2,2,2,2,2,3,2,1,2,1,2,2,2,3,2,2,3,3,2,2,2,1,2,2,2,2,2,1,2,3,2,1,2,1,2,2,2,3,2,3,4,2,3,5,5,4,3,5,2,4,5,3,2,11,1,6,1,1,2,3,5,5,4,4,5,4,4,4,2,3,4,3,2,4,3,3,4,5,3,5,4,3,2,3,4,4,3,2,5,5,4,2,5,5,2,2,2,1,2,2,2,2,2,5,2,1,3,3,1,4,4,3,5,6,4,3,3,5,1,31,4,1,1,1,52,5800,5500,0,32101,은행FP 펀드투자권유대행인 파생상품투자권유자문인력 입사기본교육 굳이 은행 때문 지점 영향력 약화 스마트 뱅킹 시대 지점 축소,경영학
29834,4,3,2,3,2,4,3,5,3,4,2,3,5,4,2,3,2,4,2,4,3,4,4,5,4,4,2,4,2,3,3,2,3,5,3,5,4,3,4,3,3,4,3,4,2,4,2,3,4,3,5,4,3,4,3,5,3,4,2,1,4,3,2,4,3,5,3,2,4,3,2,4,2,3,2,3,2,1,3,2,3,1,2,1,3,2,2,3,4,3,2,3,4,5,4,4,3,4,5,4,3,10,1,4,1,1,6,2,6,4,5,3,4,5,4,4,3,4,3,4,2,3,4,4,3,4,5,3,4,5,3,4,3,4,5,4,3,5,5,4,5,4,1,2,2,1,1,2,1,2,2,2,4,2,2,3,1,6,8,3,5,4,6,7,4,6,1,36,4,1,1,1,43,3400,3100,0,134201,정보관리기술사 정보처리기술사 응용소프트웨어교육 네트워크 장비 점유 시스코 회사 발행 자격증 보이 관련 훈련 와이파이 인증 제품 증가 일자리 증가,정보.통신공학
29835,4,5,4,6,4,6,5,6,4,6,5,6,5,7,4,6,5,6,4,5,5,7,5,7,4,6,5,7,5,7,3,4,1,0,2,2,5,7,2,2,2,2,3,4,5,7,4,6,4,6,4,6,5,7,3,4,2,3,3,4,4,5,3,4,4,5,4,5,4,6,4,6,4,7,5,7,2,2,3,4,4,6,2,3,5,6,5,5,3,2,3,3,4,3,5,4,3,5,5,3,2,10,1,4,2,1,4,4,4,5,5,4,5,5,4,3,3,4,4,4,1,4,5,5,1,2,2,1,4,3,4,5,4,5,4,4,3,5,2,3,5,4,2,1,2,2,2,2,2,2,2,2,3,2,2,2,1,8,7,6,4,3,4,3,3,5,1,38,4,1,1,1,48,5000,2800,0,415503,다루기 콘텐츠 제작경험 영상편집 프로그램 도입 현재 예상,글로벌미디어
29836,2,3,2,4,2,4,3,4,1,0,3,5,1,0,3,4,2,3,1,0,3,5,2,5,5,4,1,0,2,4,1,0,2,4,2,5,2,4,2,5,2,3,1,0,2,4,3,5,2,3,2,4,1,0,1,0,1,0,1,0,2,3,1,0,1,0,1,0,1,0,1,0,1,0,1,0,1,0,1,0,1,0,1,0,3,5,2,3,4,4,3,4,4,4,3,3,5,4,5,5,3,17,3,5,1,2,0,6,5,5,5,5,4,5,5,5,5,4,5,5,1,5,4,4,3,2,1,2,3,4,4,4,4,3,3,4,4,3,2,2,5,4,2,2,2,2,2,2,2,2,2,2,2,2,2,2,2,3,4,2,3,2,4,8,8,2,1,48,6,1,1,1,45,13500,4800,0,301109,전문의 자격증 인구 감소,방사선
29837,3,4,2,3,3,4,3,4,2,3,4,5,2,3,4,5,2,3,2,3,1,0,1,0,1,0,1,0,1,0,2,3,2,3,2,3,1,0,1,0,1,0,1,0,2,3,1,0,2,3,3,4,1,0,1,0,1,0,1,0,2,3,1,0,2,3,1,0,1,0,1,0,2,3,1,0,2,3,1,0,1,0,1,0,3,4,1,0,4,3,3,4,3,3,3,3,4,3,3,4,3,6,1,3,1,2,0,1,5,4,4,3,3,4,3,3,3,4,4,3,3,3,3,4,3,3,3,3,2,4,3,3,4,3,3,4,3,3,3,4,3,4,2,2,2,2,2,2,2,2,2,2,3,2,3,3,1,3,3,4,3,4,6,6,4,6,1,41,4,1,1,1,40,4899,3400,0,140501,도시계획기사 인력 고용,도시지역학
29838,4,5,4,5,4,5,4,6,3,5,3,6,4,6,3,4,4,6,1,0,3,4,5,7,3,5,2,4,2,4,1,0,1,0,1,0,5,5,1,0,3,5,2,4,2,4,1,0,1,0,2,4,1,0,1,0,1,0,1,0,4,5,1,0,1,0,1,0,1,0,1,0,1,0,1,0,1,0,1,0,2,4,1,0,2,3,2,3,5,5,4,3,4,4,4,4,3,3,4,3,4,16,5,3,1,2,0,7,5,4,4,4,4,5,5,5,4,4,4,4,1,4,4,4,3,2,4,4,5,4,3,4,4,5,4,4,4,4,3,3,4,3,2,2,2,2,2,2,2,2,2,1,2,3,1,3,1,8,2,4,3,3,4,8,7,8,2,31,4,1,1,1,40,3500,2500,0,212101,교원자격증 인구 감소 학생,수학
29839,3,4,3,3,2,2,3,3,2,1,2,2,2,2,3,5,3,4,2,2,3,3,3,4,2,2,3,5,2,2,3,4,2,2,2,2,3,5,2,2,3,4,3,4,2,2,3,4,3,3,2,2,3,3,3,5,4,5,3,3,3,4,4,4,3,4,3,4,4,4,4,5,4,5,4,4,3,4,4,5,3,3,3,3,3,5,3,4,4,4,3,2,3,3,3,2,3,3,3,3,4,15,2,2,2,1,1,1,2,3,2,2,3,2,3,4,3,4,5,4,3,2,2,3,4,3,4,4,3,3,2,4,3,3,4,4,3,3,4,3,4,5,2,2,2,2,2,2,2,2,2,1,3,3,3,3,2,8,8,6,3,4,5,3,8,6,1,32,4,1,1,1,40,3800,3300,0,158401,직무교육 사람 안전 직결 직업,기계공학
29840,2,2,2,3,2,2,3,4,2,1,1,0,1,0,2,3,2,2,2,2,1,0,2,3,3,4,2,2,2,3,3,4,1,0,1,0,2,2,3,3,3,4,3,4,2,3,2,2,2,2,2,3,1,0,1,0,2,3,2,2,1,0,1,0,2,2,2,1,2,2,2,1,2,2,1,0,2,2,3,3,2,3,2,1,2,2,2,3,4,5,4,3,4,3,4,3,5,3,4,3,4,14,1,2,2,2,0,6,2,4,3,3,4,3,2,3,3,9,4,3,2,5,5,4,4,5,4,3,4,2,4,4,5,4,4,4,5,4,5,4,4,5,2,2,2,2,2,2,2,2,2,1,3,1,2,3,2,6,7,6,4,3,4,4,4,3,1,56,2,1,1,1,50,3100,2200,0,542001,건물 관리 사람,상고
29841,3,4,3,2,2,1,3,3,2,1,2,1,3,2,2,2,2,2,2,3,2,1,2,2,5,7,3,3,3,3,2,2,2,2,2,1,3,3,3,4,3,4,2,3,2,2,2,1,2,1,2,2,2,3,3,3,2,2,2,2,3,3,2,3,4,6,4,6,4,5,3,4,4,4,5,5,5,7,4,5,3,5,3,3,3,5,3,3,4,3,3,4,4,4,4,2,3,3,3,4,3,8,2,5,1,1,1,7,4,3,3,3,4,3,2,4,3,4,4,4,3,4,3,4,2,3,4,4,4,3,2,4,3,4,4,4,3,3,2,4,5,4,2,2,2,2,2,2,2,2,2,1,3,3,3,3,2,8,6,5,4,3,3,7,4,6,1,38,4,1,1,1,40,4600,3200,0,621301,철도차량 운전면허 운전실습 철도차량 이용 증가 예상,기계공학
29842,3,4,4,5,3,3,3,4,3,4,4,5,4,4,4,5,3,3,1,0,1,0,4,5,4,5,4,5,4,5,4,5,4,5,4,5,4,5,4,5,4,5,4,5,4,5,4,5,4,5,4,5,4,5,4,6,4,5,5,4,1,0,5,5,4,6,5,6,5,6,5,6,5,6,1,0,1,0,5,6,5,6,1,0,1,0,1,0,5,3,4,4,4,4,4,3,3,3,3,3,3,6,1,5,1,2,0,5,5,5,4,4,5,5,4,4,4,4,4,4,1,4,4,3,2,3,4,4,4,4,4,2,4,4,4,5,4,4,4,3,3,2,2,2,2,2,2,2,2,2,2,2,3,3,3,3,2,8,3,8,7,8,7,7,6,7,1,48,4,1,1,1,45,7000,2000,0,151101,건축기사 건축산업기사 장기 침체 상황,기계시스템학
29843,2,2,2,2,2,3,2,2,1,0,1,0,1,0,3,4,3,3,1,0,1,0,1,0,2,2,1,0,2,2,2,3,2,3,1,0,1,0,3,4,2,3,1,0,2,3,1,0,1,0,1,0,1,0,1,0,1,0,1,0,1,0,1,0,1,0,1,0,1,0,1,0,1,0,1,0,2,3,1,0,3,4,2,3,2,3,2,3,2,2,2,3,2,1,3,1,2,1,2,3,2,9,4,1,2,2,0,7,1,3,2,1,4,3,3,2,1,2,3,3,2,3,3,4,4,2,3,3,3,4,3,5,3,3,4,3,3,5,3,3,5,3,2,2,2,2,2,2,2,2,2,1,3,3,2,2,2,7,6,7,3,6,8,5,4,4,2,65,1,1,4,1,50,2000,1800,0,532201,갈수록 외식 문화,0
29844,2,2,2,2,2,2,2,2,2,3,2,2,2,2,2,2,2,2,2,2,2,2,2,3,2,2,2,2,2,3,2,2,2,2,2,3,2,3,3,3,2,2,2,2,2,2,2,3,2,2,1,0,2,2,2,2,2,2,2,2,2,1,2,4,2,2,2,2,2,2,2,2,1,0,4,4,4,3,2,2,4,6,3,3,2,3,2,2,3,2,4,3,3,2,3,2,3,2,3,3,4,7,4,1,2,2,0,3,1,3,2,2,4,3,3,3,9,9,9,3,2,4,3,4,4,3,4,4,3,4,3,5,3,3,2,2,3,5,4,3,5,4,2,2,2,2,2,2,2,2,2,2,2,3,2,2,2,7,8,7,5,4,4,5,4,4,1,56,2,2,6,1,40,0,0,4000,872101,인구 감소 육류 소비 감소,인문계
29845,4,5,4,5,4,5,5,5,3,5,2,4,3,5,2,4,3,4,3,4,2,4,3,4,3,4,3,5,3,5,3,5,3,5,4,5,3,4,4,5,3,5,3,5,3,4,2,4,2,4,3,5,3,4,2,4,2,4,3,4,2,4,2,4,3,4,2,4,3,5,2,4,2,4,3,4,3,5,3,4,3,4,2,4,4,5,4,5,4,4,4,3,3,3,3,2,3,3,3,3,4,3,1,3,2,2,0,3,2,3,2,3,4,4,3,3,3,2,4,3,3,3,2,4,4,4,4,5,4,4,4,4,4,4,5,5,4,4,5,4,4,2,2,2,2,2,2,2,2,2,2,2,3,3,3,3,2,5,6,5,5,5,4,5,6,5,1,33,2,1,1,1,45,3200,2100,0,28401,생산 관리 인력,전기
29846,2,4,3,6,3,5,1,0,1,0,2,4,3,6,3,5,1,0,3,5,3,6,3,6,3,5,2,4,2,5,2,4,2,5,2,4,4,6,2,4,3,5,2,4,2,4,2,4,3,5,2,4,3,5,3,5,4,6,4,5,2,4,3,5,3,5,4,5,3,5,4,6,3,5,4,5,5,6,4,4,4,6,3,6,3,5,2,4,4,4,4,4,4,3,4,4,4,4,4,5,4,6,1,3,2,2,0,4,4,4,3,3,4,4,4,3,4,3,4,4,3,3,3,4,2,2,2,1,2,4,4,4,3,1,1,2,3,3,3,3,4,4,2,2,1,2,2,2,2,2,2,2,2,2,2,2,1,4,7,7,8,7,7,3,6,6,1,42,4,1,1,1,40,4200,2800,0,826201,장비 도입 자동화 장비 도입 조작 수요 급감,관광학
29847,4,3,4,4,2,4,4,4,4,4,4,4,3,4,4,4,3,3,4,4,3,3,4,5,4,4,4,5,3,4,4,5,3,4,3,3,3,5,3,3,3,5,4,4,3,5,3,4,4,4,4,4,4,4,4,4,4,5,3,5,4,5,3,5,3,5,4,5,3,5,4,5,4,6,4,4,3,3,4,5,3,4,3,4,3,3,3,5,5,5,5,4,4,4,3,4,3,3,3,3,4,6,1,2,1,2,0,1,2,4,3,4,4,4,2,4,4,4,4,4,3,4,4,4,4,4,3,4,4,4,4,4,4,4,4,4,4,4,4,4,3,3,2,2,2,2,2,2,2,2,2,1,2,3,3,3,2,8,8,7,8,8,8,8,7,7,1,49,3,1,1,1,40,4500,3000,0,703101,배관기능사 인기 업종,자동차학
29848,4,6,5,6,5,7,4,5,3,4,4,5,2,4,4,5,4,5,3,4,4,6,3,5,4,5,3,4,5,6,3,5,3,4,3,4,3,4,4,5,4,4,4,5,4,4,1,0,1,0,1,0,2,3,1,0,1,0,1,0,3,4,1,0,2,2,1,0,1,0,1,0,2,2,2,3,2,2,3,4,1,0,1,0,3,4,3,4,3,4,4,3,3,4,4,2,3,4,4,4,3,17,5,6,1,2,0,5,6,4,3,3,4,4,3,3,3,3,3,3,3,2,3,4,4,4,4,4,3,3,3,4,4,5,4,4,4,3,4,4,4,4,2,2,2,2,2,2,2,2,2,1,3,3,3,3,2,5,5,4,5,5,4,5,4,4,2,42,5,1,1,1,40,3300,3000,0,306601,정신건강 임상심리사 임상심리전문가 임상신심리사 변화 크게,심리학
29849,3,3,4,4,4,5,4,4,3,3,3,4,2,3,4,4,3,4,3,3,3,3,4,6,4,4,3,5,4,4,3,3,3,4,3,4,5,5,4,5,4,5,4,4,3,4,1,0,2,2,1,0,1,0,1,0,3,4,1,0,3,4,1,0,2,3,3,3,1,0,1,0,2,2,1,0,1,0,1,0,1,0,2,2,3,3,3,3,4,4,5,4,4,3,4,4,4,4,5,5,4,16,5,3,1,1,1,1,5,4,5,4,4,5,4,4,3,3,4,4,2,4,4,4,5,5,4,1,5,2,1,5,4,4,4,5,4,4,5,4,5,4,2,1,2,2,2,2,2,2,2,3,3,1,3,3,1,8,7,8,5,5,4,2,5,6,1,41,5,1,1,1,35,6200,2800,0,212101,중등정교사2급 재난안전교육 응급처치교육 코로나 온라인 교육 온라인 교육 활성화 변화 교사 인력 변화,국어교육학
29850,4,5,5,6,3,4,5,6,2,3,3,4,1,0,1,0,5,6,1,0,1,0,1,0,5,5,1,0,3,4,3,4,1,0,1,0,1,0,1,0,1,0,2,3,1,0,1,0,1,0,1,0,1,0,1,0,1,0,1,0,1,0,1,0,1,0,1,0,1,0,1,0,1,0,1,0,1,0,1,0,1,0,1,0,1,0,3,3,4,4,4,3,3,4,4,3,3,4,3,2,3,19,3,2,2,1,6,7,2,4,4,4,5,5,5,3,3,3,3,3,2,2,2,5,3,3,4,3,3,5,3,4,3,3,3,3,3,4,3,3,3,4,2,2,2,2,2,2,2,2,2,1,2,3,1,3,2,4,4,7,4,6,6,7,4,4,2,24,4,1,1,1,40,2300,1800,0,411202,수화관련 교육 기술 자동화 점점 확대,사회복지
29851,5,6,5,5,4,7,5,6,1,0,5,6,4,5,5,5,3,5,3,4,5,5,3,5,4,4,4,6,4,5,5,5,3,4,3,4,3,4,3,5,3,4,3,5,5,6,4,4,4,4,5,5,4,5,1,0,4,4,1,0,5,4,5,5,3,4,1,0,1,0,1,0,4,5,1,0,1,0,1,0,1,0,1,0,4,4,4,3,4,4,2,3,4,3,4,4,3,4,4,4,4,10,1,5,2,2,0,6,5,4,4,4,4,4,4,3,4,3,4,4,2,4,4,3,3,3,4,3,4,3,3,4,3,4,4,4,4,3,4,3,4,4,2,2,2,2,2,2,2,2,2,1,3,3,3,3,2,5,5,2,5,1,2,2,1,8,1,57,5,1,1,1,45,8500,5200,0,13601,관리자,신문방송학
29852,3,3,4,4,4,4,4,4,2,2,3,4,2,3,4,4,4,3,1,0,2,2,3,4,4,4,3,4,3,3,3,3,3,5,3,4,3,4,3,4,4,4,3,3,5,4,3,3,2,2,4,5,1,0,1,0,1,0,1,0,3,3,2,4,1,0,1,0,1,0,1,0,3,4,1,0,1,0,1,0,1,0,1,0,2,2,2,3,3,2,3,3,3,4,3,4,2,4,3,2,2,8,1,5,1,1,5,5,4,4,4,3,5,4,2,3,3,4,4,4,2,5,4,4,3,2,3,3,5,3,2,4,3,3,3,3,5,4,2,3,4,5,2,2,2,2,2,2,2,2,2,2,3,1,1,1,1,3,4,3,7,6,5,5,3,5,1,55,2,1,1,1,40,4800,2000,0,26103,영업관리실무 자격증 매출 실적 관리 고객 시장 조사분석 일부분 전산 화의 도움 인력 변화 변화,인문계
29853,3,4,3,4,2,2,3,4,2,2,2,2,2,2,3,4,3,4,3,4,3,4,2,3,3,4,3,4,2,2,3,4,2,2,2,2,2,2,3,4,3,4,3,4,3,4,3,4,3,4,2,2,2,2,2,2,3,4,3,4,2,3,3,3,3,4,3,4,2,3,2,2,2,3,2,2,3,3,3,4,3,4,3,4,2,3,3,4,4,3,4,3,3,2,3,4,2,3,3,3,4,20,4,1,2,2,0,5,2,3,3,3,3,3,2,3,9,9,9,3,3,3,3,3,4,4,4,2,3,2,4,4,4,3,3,3,4,4,3,3,3,3,2,2,2,2,2,2,2,2,2,1,3,2,2,2,2,8,2,3,3,5,5,8,7,7,2,42,2,1,4,2,20,1200,800,0,414601,활동 영역 유튜브,문과
29854,2,3,2,3,1,0,2,5,1,0,1,0,1,0,2,4,1,0,1,0,1,0,1,0,2,3,1,0,1,0,1,0,1,0,1,0,1,0,1,0,1,0,1,0,1,0,1,0,1,0,1,0,1,0,1,0,1,0,1,0,1,0,1,0,1,0,2,3,3,3,4,3,2,4,1,0,3,4,1,0,3,5,3,4,1,0,1,0,2,2,3,2,3,2,3,2,2,2,2,2,1,6,1,2,2,2,0,2,2,2,2,1,2,2,2,3,3,3,4,3,4,2,1,2,2,3,2,3,3,4,4,4,2,4,4,4,4,3,4,4,3,3,2,2,2,2,2,2,2,2,2,1,2,3,3,3,2,5,8,7,8,4,4,8,3,2,1,31,3,1,1,1,40,2200,2000,0,701401,건설업 둔화,건축
29855,3,3,3,4,3,3,4,5,3,4,3,3,3,4,3,3,3,4,3,3,3,4,3,4,4,5,3,3,4,5,4,5,3,4,3,4,3,3,3,4,4,5,4,5,3,4,3,4,3,4,3,3,3,4,3,4,4,5,3,3,3,4,3,4,4,5,3,4,3,4,4,5,3,3,4,5,3,4,3,3,4,5,3,4,3,4,3,3,4,2,4,3,4,3,2,4,4,3,4,2,4,19,4,1,2,2,0,3,2,3,4,3,5,3,4,3,9,9,4,3,1,3,4,3,4,2,3,3,2,3,3,4,2,3,4,2,3,4,3,2,4,5,2,2,2,2,2,2,2,2,2,2,3,2,2,2,1,6,7,8,4,3,5,3,3,3,1,41,2,2,6,1,40,0,0,4600,531701,공란,전기공학
29856,5,6,5,6,4,6,4,6,4,5,4,4,4,5,4,4,4,5,4,4,4,5,4,4,4,4,3,3,4,5,4,5,4,4,3,4,5,6,4,5,4,6,3,4,4,4,2,2,1,0,1,0,1,0,1,0,1,0,1,0,4,5,1,0,1,0,1,0,1,0,1,0,1,0,1,0,1,0,2,2,3,3,2,2,4,5,4,4,3,4,3,4,4,3,4,2,3,3,4,3,3,16,5,2,1,1,2,7,4,4,4,4,3,3,2,4,3,4,4,4,3,4,4,5,4,4,4,3,4,5,3,4,4,4,3,4,4,4,4,4,5,3,2,2,2,2,2,2,2,2,2,1,3,3,3,3,1,1,2,2,8,2,5,5,8,5,2,37,4,1,1,1,40,2600,2100,0,212301,유아특수교사 자격증 보육교사 2급 자격증 특수아동에 대한 이해 상태 유지,유아교육학
29857,5,7,4,5,4,5,4,5,1,0,3,4,1,0,2,3,3,3,3,5,4,6,4,5,3,4,4,4,3,5,4,5,4,5,3,5,2,2,3,4,4,5,3,5,3,4,3,3,5,5,4,5,4,5,3,4,3,5,1,0,2,5,1,0,2,3,1,0,1,0,1,0,1,0,4,7,3,5,4,4,1,0,3,4,4,5,3,3,5,5,1,5,4,2,3,2,3,3,5,4,3,17,1,1,1,1,6,6,7,4,3,4,4,4,4,4,9,9,5,4,4,4,4,4,4,4,3,4,5,5,4,3,4,4,4,3,4,3,4,4,3,3,2,2,2,2,2,2,2,2,2,3,4,3,2,2,2,4,5,2,5,4,7,4,3,4,2,58,6,2,5,1,40,0,0,12000,301103,의사면허 성형외과전문의 레지던트 인턴과정 외모 관심,의학
29858,3,4,3,3,2,3,2,2,1,0,1,0,1,0,3,3,2,2,2,2,1,0,2,3,3,4,1,0,4,4,2,4,2,3,1,0,2,2,4,4,3,4,2,2,2,3,1,0,1,0,1,0,1,0,1,0,1,0,1,0,2,2,1,0,1,0,1,0,1,0,1,0,1,0,1,0,1,0,1,0,3,4,3,5,2,3,3,4,3,3,5,3,3,1,2,4,3,3,1,4,2,9,1,2,2,2,0,1,2,3,2,2,3,2,3,2,3,3,4,3,4,1,2,3,3,4,2,4,3,4,4,4,2,2,2,3,3,4,3,2,4,4,2,2,2,2,2,2,2,2,2,1,3,2,2,2,2,7,7,7,8,4,4,3,3,4,1,30,3,1,1,1,40,2800,2000,0,523001,여행자 유지,일본어학
29859,1,0,3,2,3,4,1,0,1,0,3,2,3,3,3,5,3,3,1,0,2,2,1,0,2,2,3,4,2,2,3,3,1,0,1,0,1,0,3,3,3,3,2,2,3,3,1,0,1,0,1,0,3,4,2,2,3,4,3,4,3,4,1,0,3,3,2,2,3,3,4,4,3,3,3,4,3,4,1,0,2,3,1,0,3,4,3,3,4,4,3,3,3,1,3,3,3,1,3,3,4,3,1,4,1,1,3,2,5,3,3,2,5,5,3,3,9,9,4,3,3,3,2,2,3,2,2,3,3,4,3,3,2,3,2,4,3,4,3,3,4,3,2,2,2,2,2,2,2,2,2,2,2,3,3,3,2,8,8,7,5,4,4,4,3,4,1,45,4,1,1,1,40,4100,3800,0,811101,건설기계기관정비기능사 공업기계설치 정비훈련 인공 지능 전산 자동화 인간 자리,기계
29860,3,4,3,3,2,3,4,5,3,4,2,3,4,5,3,4,4,4,4,4,3,3,3,4,3,4,4,4,3,3,3,4,4,5,4,4,4,4,4,3,4,3,3,4,3,4,2,4,2,3,3,4,2,4,2,3,2,2,3,3,2,3,3,4,2,3,1,0,1,0,1,0,3,5,3,4,2,3,2,3,2,4,2,4,2,5,1,0,3,4,4,4,3,3,4,5,4,3,3,3,3,13,1,2,2,2,0,5,5,3,3,3,3,3,4,2,3,4,5,3,2,3,3,4,4,3,4,1,3,1,4,5,2,4,2,1,4,3,3,3,4,4,2,2,2,2,2,2,2,2,2,1,4,3,3,3,2,7,7,7,3,3,3,7,3,3,2,29,4,1,1,1,40,3200,3000,0,24301,소비 비유 상품 중요도 상승,식품조리학
29861,4,6,4,6,4,6,4,6,4,3,5,6,4,5,5,6,4,5,4,6,4,5,4,6,4,5,4,6,4,6,2,3,4,5,3,4,2,2,3,4,4,5,4,5,5,5,3,4,1,0,4,5,1,0,1,0,1,0,1,0,1,0,1,0,1,0,1,0,1,0,1,0,1,0,1,0,1,0,1,0,3,4,4,5,4,5,4,5,4,4,3,4,4,3,4,5,4,4,4,4,4,11,1,2,1,2,0,3,5,4,4,4,4,4,4,5,9,9,5,5,5,4,5,4,4,5,5,4,5,4,4,4,5,5,4,5,4,5,5,4,4,4,2,2,2,2,2,2,2,2,2,4,4,3,3,3,2,9,4,7,4,2,6,2,2,4,1,39,4,1,1,1,40,3800,3000,0,33201,보험대리사 보험중개사 정년 나이 사람 청구 서류 대리 일이,금융학
29862,3,4,4,5,4,4,3,4,3,4,4,4,1,0,5,5,4,4,3,3,4,4,3,4,2,3,1,0,2,3,2,3,3,4,2,3,1,0,2,2,3,4,3,4,2,2,2,3,2,2,1,0,3,4,2,2,3,4,3,3,3,4,1,0,2,3,4,4,2,3,4,4,1,0,2,2,3,3,1,0,1,0,3,3,3,4,3,4,3,4,3,3,3,3,5,3,4,3,3,3,3,13,2,3,1,2,0,7,5,3,3,3,3,4,3,3,3,3,3,3,3,3,3,4,3,3,4,2,4,3,4,5,2,3,3,3,2,4,3,2,4,5,2,2,2,2,2,2,2,2,2,2,4,3,3,3,2,5,5,2,5,1,1,1,5,8,1,31,4,1,1,1,40,3300,3000,0,155306,토양환경기사 환경 관련 산업 계속 발전,농화학
29863,3,4,4,5,3,4,4,6,2,3,3,4,1,0,3,4,4,5,4,6,3,4,4,6,5,6,1,0,5,7,5,7,2,2,4,6,4,5,5,7,3,4,3,5,5,7,2,2,4,5,5,7,3,4,2,2,3,5,1,0,2,3,4,6,2,3,4,6,1,0,1,0,2,3,5,7,5,7,4,6,5,7,5,7,4,5,4,6,4,5,4,3,3,4,2,5,3,3,4,4,2,19,1,2,1,2,0,7,5,3,2,2,2,3,3,3,4,3,4,4,2,2,3,2,3,4,3,3,3,4,4,4,4,5,4,3,3,4,5,3,4,4,2,2,2,2,2,2,2,2,2,2,4,2,2,2,1,8,8,8,4,3,3,7,6,3,1,32,3,1,1,1,48,3900,2500,0,541101,경비지도사 경호지도사 개인 경호 추세 일자리 증가,전자
29864,4,6,4,6,4,7,3,6,4,7,5,6,3,6,2,2,3,5,3,5,4,7,3,4,3,6,2,4,2,4,2,4,3,4,2,4,2,4,1,0,4,6,4,5,5,6,3,4,2,2,3,4,4,6,4,6,4,5,4,5,4,6,3,4,3,4,3,3,4,5,4,6,2,2,3,4,3,4,2,2,2,2,3,4,2,4,2,3,4,3,3,4,4,3,4,5,2,5,3,4,4,13,2,2,2,2,0,7,5,4,3,3,4,5,3,5,3,4,4,4,3,3,3,3,3,3,3,2,3,4,4,4,3,4,3,3,3,4,3,3,4,4,1,1,1,2,2,2,2,2,1,2,3,3,3,3,2,3,3,1,5,2,2,7,4,2,1,35,5,1,3,1,45,4800,3500,0,155106,인공 지능 기술 도입 학문 연구 구진 대체 때문,기계공학
29865,2,4,2,4,1,0,2,3,1,0,2,4,1,0,3,5,3,4,2,4,1,0,3,5,4,6,3,4,3,5,3,6,2,4,2,4,4,5,3,4,4,5,1,0,2,4,1,0,3,4,2,5,1,0,2,3,2,4,2,3,3,3,3,5,4,5,3,5,3,5,4,6,3,4,4,5,4,5,3,5,3,4,1,0,3,4,2,4,4,4,3,4,4,2,4,3,3,3,4,4,4,3,1,2,2,2,0,3,2,4,3,3,4,3,3,4,4,3,3,4,2,4,2,5,4,3,4,3,4,3,4,5,3,4,4,4,5,4,4,3,4,4,2,2,2,2,2,2,2,2,2,3,2,3,3,3,2,7,8,6,4,3,5,7,3,4,1,54,2,1,1,1,40,3600,2000,0,882301,자동화 시스템 변화,전자
29866,4,5,4,5,4,5,4,5,4,5,4,5,3,4,3,4,4,5,2,2,4,5,2,2,3,4,4,4,4,3,3,3,5,6,4,5,2,3,5,6,4,5,5,7,4,4,1,0,1,0,1,0,1,0,1,0,1,0,1,0,3,4,1,0,1,0,1,0,1,0,1,0,5,5,1,0,1,0,1,0,1,0,1,0,2,2,2,1,4,4,2,4,4,3,3,4,3,4,4,3,4,14,1,2,2,2,0,6,5,4,4,4,5,5,4,4,4,4,4,4,2,4,4,4,4,4,5,2,3,3,3,5,5,5,4,4,4,5,4,4,5,3,2,2,2,2,2,2,2,2,2,3,1,3,3,3,1,5,5,4,4,4,5,4,5,6,1,48,4,1,1,1,40,7000,3000,0,22103,인공 지능 분석 의존,경영학
29867,4,4,3,5,4,5,4,3,4,5,4,5,4,6,4,3,4,3,4,5,4,4,4,5,4,4,3,6,4,5,4,5,4,4,4,5,5,5,4,5,4,5,3,4,3,4,3,5,4,5,4,4,4,4,3,4,3,4,3,5,3,4,3,4,3,4,3,4,3,4,3,3,3,4,3,4,3,3,3,4,3,4,3,4,3,3,3,3,4,4,3,3,3,3,3,3,3,3,3,3,3,10,1,2,1,2,0,6,4,3,4,3,3,4,3,3,3,3,3,3,3,3,3,3,3,3,4,3,3,3,3,3,4,3,3,3,4,3,3,3,4,3,2,2,2,2,2,2,2,2,2,2,3,2,2,2,2,6,6,5,6,5,5,6,6,7,1,48,4,1,1,1,46,4000,3000,0,133901,LIT데스터 사람 일이,경영학
29868,1,0,1,0,1,0,1,0,1,0,1,0,2,3,1,0,1,0,1,0,1,0,1,0,1,0,1,0,1,0,1,0,1,0,1,0,1,0,1,0,1,0,2,3,2,3,3,4,4,4,1,0,2,3,2,3,3,4,1,0,1,0,2,3,1,0,2,3,2,3,2,4,1,0,2,3,3,3,1,0,5,5,4,5,3,5,3,4,3,3,4,2,2,2,4,2,4,2,2,3,2,1,1,2,1,1,3,3,3,2,3,2,4,4,3,3,4,4,4,4,2,3,3,3,2,2,3,4,3,3,2,5,4,3,4,4,3,4,3,2,4,4,2,2,2,2,2,2,2,2,2,2,3,3,3,3,2,7,7,7,3,3,5,3,3,3,2,31,3,2,7,2,40,0,0,4000,901401,원예기능사 화훼작물 재배법 기피 업종,원예
29869,3,4,2,3,2,3,2,3,2,3,3,4,1,0,4,5,3,4,4,5,1,0,1,0,1,0,1,0,1,0,2,3,2,3,3,4,1,0,1,0,2,3,1,0,1,0,1,0,1,0,2,3,2,3,1,0,1,0,1,0,2,3,1,0,1,0,1,0,1,0,1,0,1,0,1,0,2,3,1,0,1,0,1,0,2,3,2,3,4,3,3,3,4,4,4,3,3,4,3,3,3,6,1,3,1,2,0,7,4,3,3,3,3,4,4,4,3,4,4,3,3,3,4,3,4,3,3,3,2,3,4,3,4,3,3,4,3,3,4,3,3,4,2,2,2,2,2,2,2,2,2,1,2,2,3,3,1,4,3,4,6,5,4,4,7,5,1,36,4,1,1,1,42,4348,3411,0,140501,도시계획자 경기 전보,건축
29870,4,4,4,4,3,4,4,4,4,4,4,4,3,5,3,4,4,4,3,5,3,5,3,4,4,4,4,4,4,4,4,4,3,5,3,4,3,4,4,4,5,5,4,4,4,4,4,4,5,5,4,4,4,5,4,5,5,6,4,5,4,5,3,5,3,4,3,4,4,6,3,4,4,4,4,4,4,5,4,4,4,4,5,5,4,4,4,4,4,4,5,3,4,3,4,4,3,3,4,4,3,3,1,3,1,2,0,3,2,4,3,4,3,4,4,4,3,4,3,4,4,3,3,3,4,4,4,3,4,4,4,4,3,4,3,4,3,4,3,4,4,3,2,2,2,2,2,2,2,2,2,2,3,2,2,2,2,6,7,4,3,4,7,7,7,5,1,42,2,1,1,1,40,3700,2200,0,873101,식육가공 기능사 축산기사 육류 소비 로봇 난이도 변화,축산
29871,3,6,5,6,5,5,4,5,3,4,3,5,2,5,4,4,3,5,4,5,3,5,1,0,1,0,3,3,2,4,3,5,3,4,1,0,2,4,3,5,4,5,4,5,3,3,1,0,1,0,2,2,3,5,1,0,3,4,1,0,4,5,1,0,3,3,1,0,1,0,3,2,3,2,4,6,1,0,3,4,1,0,3,3,2,3,2,3,5,4,2,5,4,3,4,3,2,3,4,4,3,17,2,6,1,1,6,6,5,4,4,4,4,4,4,4,5,5,4,5,4,4,4,3,4,4,4,3,4,3,4,4,4,3,4,4,3,4,4,3,4,3,2,2,2,2,2,2,2,2,2,2,2,3,3,3,2,3,5,6,5,4,6,4,5,6,2,36,6,1,1,1,40,8300,7500,0,301104,의사면허 산부인과전문의 레지던트 인턴과정 출산율 감소 보육 환경 임신 환자 감소,의학
29872,3,5,3,6,1,0,1,0,1,0,2,5,3,4,2,5,2,4,2,4,2,5,3,5,4,5,3,5,2,4,2,4,1,0,1,0,3,5,1,0,2,4,2,4,3,5,1,0,3,5,1,0,3,5,3,5,4,5,2,5,1,0,3,5,2,5,4,5,3,5,3,5,1,0,5,5,4,5,4,5,2,5,2,4,4,5,1,0,4,3,3,4,4,4,4,3,3,3,4,3,3,17,1,2,1,2,0,4,4,4,4,3,4,3,2,4,3,4,5,4,2,4,4,3,3,3,3,2,5,3,4,5,3,4,1,4,5,5,3,4,5,5,2,2,2,2,2,2,2,2,2,1,3,2,2,2,1,2,2,3,5,5,5,7,6,6,1,35,4,1,1,1,46,3900,2900,0,306301,치과기공사 구강 건강 대한 관심 증가,치기공학
29873,1,0,2,2,1,0,4,4,2,2,1,0,1,0,2,2,3,3,2,2,3,3,2,3,4,5,4,5,4,4,3,3,2,3,3,4,2,3,3,3,3,3,3,3,3,3,3,3,4,5,1,0,1,0,1,0,2,2,2,2,2,2,2,2,1,0,1,0,1,0,1,0,1,0,3,3,4,4,3,4,4,5,4,4,4,5,4,5,3,2,3,4,3,2,3,3,2,1,2,2,3,8,1,2,1,1,1,7,1,3,3,3,2,3,3,4,9,4,4,4,2,4,4,4,4,3,4,4,3,3,3,4,3,4,4,4,3,5,4,3,5,3,2,1,2,2,2,2,2,2,2,1,2,3,3,3,2,8,9,8,5,5,5,7,2,5,1,52,2,1,1,1,52,6400,3200,0,622304,1종보통 화물운송 자격증 실습기간 장비 변화 감소,일반고 이
29874,3,3,3,5,3,5,2,3,4,5,4,5,4,5,3,4,3,3,3,3,3,3,3,3,3,3,3,3,2,3,2,4,2,2,2,3,3,4,3,3,4,5,3,4,3,4,1,0,3,4,3,4,4,4,3,4,2,4,1,0,2,3,3,3,3,4,3,4,3,3,4,4,2,2,3,2,2,2,3,3,1,0,1,0,3,3,3,3,4,3,4,4,4,3,4,2,3,3,4,3,3,3,1,3,2,2,0,4,5,3,4,4,4,3,4,3,3,3,5,3,3,2,2,3,2,1,3,3,2,4,5,4,3,3,4,2,2,3,2,4,3,3,1,2,1,1,2,2,2,2,1,2,2,3,3,3,2,4,7,6,4,5,4,7,5,4,2,30,4,1,1,1,40,3800,3000,0,154104,특성 품질 개선 개발 조공,화학공학
29875,3,4,3,4,3,4,3,3,3,4,3,4,3,4,3,4,3,4,3,4,3,4,3,4,3,5,3,4,3,4,3,4,3,3,3,4,3,3,3,3,3,4,3,4,3,3,3,3,3,3,3,4,3,4,3,3,3,3,3,4,3,4,3,3,3,4,3,3,3,4,3,4,3,3,3,3,3,4,3,4,3,4,3,4,4,5,3,4,2,2,3,3,4,3,3,2,2,3,3,2,3,7,2,3,2,2,0,2,1,4,3,4,3,3,2,2,3,4,3,3,2,2,3,4,3,4,3,2,2,3,3,3,3,4,3,3,4,4,4,3,4,2,2,2,2,2,2,2,2,2,2,2,2,3,3,3,2,6,7,6,5,3,5,6,4,4,2,37,3,1,1,1,40,3300,3300,0,616101,사람 인건비 무인 계산 설치 경향,인문계 문
29876,2,4,2,3,2,4,2,4,2,3,2,4,3,5,2,3,3,5,2,3,2,3,2,4,2,3,4,6,2,4,2,3,2,3,2,3,3,4,2,3,2,3,2,4,2,4,2,3,2,3,2,3,2,4,2,3,2,3,2,3,4,6,3,5,2,4,2,4,2,3,2,4,2,4,2,3,2,3,2,4,2,4,2,3,2,4,2,4,4,4,3,3,4,4,4,2,3,3,4,3,2,3,1,4,2,2,0,7,4,4,3,3,4,3,4,4,3,4,4,4,2,4,4,4,4,5,4,4,3,4,4,4,4,5,4,4,4,4,4,4,4,4,2,2,2,2,2,2,2,2,2,2,3,3,3,3,2,7,3,5,4,7,4,8,3,6,1,45,4,1,1,1,45,3800,1800,0,28301,업무 전산 자동화,산업공학
29877,5,6,5,7,5,6,4,5,4,5,4,6,1,0,5,6,4,5,4,5,2,2,4,6,4,5,2,2,4,5,4,5,4,5,4,6,2,3,4,6,5,7,5,7,3,5,3,4,4,6,3,4,5,7,4,6,3,5,1,0,4,5,1,0,1,0,1,0,1,0,1,0,4,6,3,4,2,3,4,6,2,3,2,2,3,4,3,4,4,3,2,5,4,3,5,4,2,5,4,4,2,17,1,2,1,2,0,4,5,4,4,4,4,5,4,4,3,3,3,3,2,4,5,2,2,3,4,3,4,5,4,4,4,5,4,4,5,5,2,2,4,4,2,2,2,2,2,2,2,2,2,2,4,3,3,3,2,7,7,3,4,6,6,3,7,6,1,39,5,1,1,1,40,9800,4000,0,301102,외과 전문의 의료 서비스 수요 증가,외
29878,3,4,3,4,4,4,3,3,1,0,2,3,3,4,2,2,2,3,2,3,2,3,2,2,3,4,2,3,2,3,2,2,2,2,2,2,2,3,2,3,2,2,1,0,2,3,2,2,1,0,2,3,1,0,1,0,1,0,1,0,1,0,1,0,1,0,1,0,1,0,1,0,2,3,1,0,1,0,1,0,1,0,1,0,2,2,2,2,3,3,4,3,3,4,3,4,3,3,4,3,3,18,1,2,2,2,0,3,2,3,3,3,3,3,4,3,3,3,4,3,3,3,3,2,2,2,2,2,3,4,3,4,4,3,4,3,3,3,3,4,4,3,2,2,2,2,2,2,2,2,2,1,4,3,2,3,1,6,6,6,4,5,4,6,4,5,2,31,4,1,1,1,52,4300,3200,0,411104,유튜브 활발,국어국문
29879,2,2,2,2,2,2,2,3,2,2,2,2,2,2,2,2,2,2,2,2,2,2,2,2,2,3,2,2,2,2,3,4,2,2,2,2,2,2,3,3,2,3,2,2,2,2,2,2,2,2,2,2,3,4,2,2,3,4,2,2,2,2,2,2,2,3,3,3,3,3,3,4,2,2,2,3,2,2,2,2,3,4,2,2,2,2,2,3,4,4,4,3,3,2,4,2,2,2,3,3,4,1,1,2,2,2,0,1,2,2,3,3,4,3,3,4,9,9,4,4,2,3,3,4,4,4,3,3,2,4,4,3,2,3,4,3,4,4,4,3,5,3,2,2,2,2,2,2,2,2,2,2,2,2,2,2,2,7,4,5,4,3,5,6,5,6,1,51,2,2,5,1,60,0,0,6000,904101,인구 감소,상고
29880,1,0,4,5,1,0,2,2,1,0,2,2,1,0,3,4,2,3,3,4,3,4,3,3,4,4,1,0,2,2,3,3,1,0,1,0,1,0,4,4,3,4,3,3,3,2,1,0,1,0,1,0,1,0,1,0,3,4,1,0,1,0,1,0,2,3,1,0,1,0,1,0,1,0,3,4,5,4,3,4,5,4,3,4,2,3,2,3,2,1,2,2,2,2,1,3,3,2,1,4,2,8,1,4,2,2,0,2,1,3,2,1,3,2,2,1,3,2,3,2,5,3,2,2,3,1,3,4,3,4,2,4,3,2,4,3,3,3,2,2,5,4,2,2,2,2,2,2,2,2,2,1,2,3,3,3,2,8,7,9,7,9,9,3,3,5,1,32,2,1,1,1,48,3000,2500,0,624301,업종,인문계
29881,1,0,2,3,1,0,2,2,1,0,1,0,1,0,2,2,1,0,3,4,1,0,1,0,2,3,1,0,4,3,2,2,1,0,1,0,1,0,5,5,2,4,2,2,3,2,1,0,1,0,1,0,1,0,1,0,1,0,1,0,1,0,1,0,3,3,1,0,1,0,1,0,1,0,1,0,4,4,3,4,2,4,4,5,3,3,3,3,2,4,3,3,3,3,4,4,3,1,3,2,3,8,1,4,1,1,3,4,2,3,3,2,3,3,3,3,9,3,3,3,4,2,2,3,3,2,4,3,2,4,4,3,2,3,4,4,4,5,3,2,4,3,2,2,2,2,2,2,2,2,2,2,3,3,3,2,2,9,9,9,8,7,2,5,4,3,1,50,2,1,1,1,40,4100,4000,0,622201,1종대형면허 버스운전훈련 업계 변화 생각,경영학
29882,4,5,3,4,4,4,4,5,4,5,4,5,4,5,3,4,3,4,4,5,4,5,4,5,4,5,4,5,4,5,4,5,4,5,4,5,4,5,4,5,4,5,4,5,4,5,4,5,4,5,4,5,4,5,3,4,4,5,3,4,3,4,4,5,4,5,3,5,4,5,4,5,3,4,3,4,4,4,4,5,3,4,3,4,4,5,4,5,4,3,3,3,4,4,2,4,2,4,4,4,3,18,1,4,2,2,0,7,5,4,3,3,4,5,4,4,3,2,3,4,2,5,4,3,4,4,3,2,3,3,3,3,2,3,4,3,3,3,4,3,3,4,2,2,2,2,2,2,2,2,2,1,4,2,2,2,1,8,7,4,3,2,3,8,2,3,1,38,6,1,3,2,35,8000,5000,0,416104,광고 필요 매체 다양,광고
29883,5,6,5,7,5,6,5,7,5,6,5,6,4,6,5,7,5,5,5,6,5,6,5,6,5,7,5,6,5,7,5,7,5,6,5,6,4,6,5,7,4,6,5,6,5,7,5,5,4,6,5,7,5,5,4,6,4,6,5,5,5,6,5,5,4,6,5,6,5,7,5,6,4,6,5,7,5,6,5,6,5,4,4,5,4,5,3,4,3,3,3,3,4,4,4,3,3,3,4,3,4,15,2,5,1,2,0,6,7,3,3,4,4,4,4,3,3,3,3,3,3,3,4,3,3,3,3,3,3,3,5,3,3,3,3,3,3,4,3,3,4,5,2,2,2,2,2,2,2,2,2,2,3,3,3,3,2,2,3,2,3,5,5,4,5,3,2,38,6,1,1,1,40,4600,3200,0,121201,박사학위 상태 유지,화학
29884,4,5,4,4,3,4,4,4,3,4,4,4,5,5,4,4,4,4,3,4,3,4,4,4,4,5,3,4,4,3,3,3,3,4,4,5,4,5,3,4,4,4,2,4,3,3,3,3,3,4,3,4,4,4,4,4,4,4,4,4,4,5,3,4,4,4,5,5,4,5,4,4,5,4,4,4,4,4,3,4,2,6,2,3,4,5,2,4,4,4,3,3,3,2,3,4,2,4,3,4,4,10,1,2,1,1,2,2,2,4,3,3,5,4,2,3,3,4,4,4,1,5,5,5,5,5,4,2,4,5,2,4,4,4,3,3,4,5,4,5,5,4,2,2,2,2,2,2,2,2,2,2,4,3,3,2,1,6,3,8,4,3,4,8,5,7,1,53,2,1,1,1,45,3900,2500,0,131201,정보통신기사 안전교육 전산 세상 인력,전기
29885,3,5,4,4,4,5,4,4,4,5,4,5,3,4,4,4,3,4,4,5,3,5,4,5,3,4,3,4,3,4,3,4,3,3,4,5,4,4,3,5,4,5,4,5,4,5,4,5,4,5,4,5,4,5,4,4,3,5,3,5,4,4,3,5,3,4,4,5,3,5,4,5,3,4,4,4,3,4,4,5,4,5,4,5,4,4,3,5,4,4,3,5,4,4,4,4,4,3,4,4,3,3,1,5,2,2,0,5,6,3,4,4,4,4,4,4,4,5,5,3,3,4,3,4,4,3,2,3,4,4,4,2,3,3,2,4,4,3,3,2,2,3,2,2,2,2,2,2,2,2,2,1,4,1,1,1,1,7,6,7,5,6,7,6,4,6,1,36,4,1,1,1,42,4300,3000,0,154105,미래 의약품 개발,화학공학
29886,4,6,3,5,5,6,4,5,3,5,3,5,4,5,4,6,5,7,4,6,5,6,4,6,5,6,4,5,3,4,1,0,1,0,2,2,3,4,4,6,4,5,1,0,3,4,1,0,1,0,1,0,1,0,1,0,1,0,3,4,2,3,2,3,2,3,2,3,2,2,3,4,1,0,3,4,1,0,1,0,1,0,1,0,4,5,3,3,3,4,3,3,4,2,3,5,3,4,3,2,3,15,2,5,2,2,0,7,4,4,3,3,3,3,2,2,3,4,4,3,3,2,2,3,4,5,4,3,5,4,3,5,5,5,3,2,4,5,5,3,4,4,2,2,2,2,2,2,2,2,2,1,3,3,3,3,2,3,7,2,6,3,2,8,9,8,2,26,4,1,1,1,40,3000,2700,0,155401,지구 온난화 지구 기후 관련 환경오염 피해 커서,화학
29887,5,4,4,4,3,5,5,5,2,3,3,5,1,0,3,3,3,3,1,0,1,0,4,6,3,4,4,4,5,5,5,4,5,4,3,3,3,5,5,6,4,3,4,3,5,5,1,0,1,0,3,4,1,0,1,0,1,0,1,0,5,5,1,0,1,0,1,0,1,0,1,0,1,0,1,0,1,0,1,0,1,0,1,0,3,4,3,3,4,4,1,3,3,2,1,2,2,3,5,3,2,19,3,2,1,1,1,4,5,3,2,1,1,2,3,3,2,1,4,3,2,2,4,3,3,1,4,4,3,5,1,5,2,2,2,2,3,2,2,4,5,5,2,2,2,2,2,2,2,2,2,2,1,2,2,3,1,6,7,9,9,5,5,5,5,5,2,41,4,1,3,2,40,3000,2400,0,22202,직업상담사 직업상담스킬교육 온라인 발달 온라인 상담 것이므,경영학
29888,4,5,4,5,3,4,4,6,3,5,4,6,3,5,3,4,4,5,4,5,4,5,3,5,4,6,3,4,3,5,4,5,4,6,4,6,3,4,3,4,4,5,4,6,4,5,3,5,3,4,3,4,3,4,3,5,3,4,3,5,3,5,3,4,3,4,4,5,3,4,4,5,3,5,3,4,4,5,4,6,3,4,3,4,4,5,2,2,4,4,3,4,4,2,4,3,4,4,4,3,4,12,1,1,1,1,3,3,2,4,4,4,5,5,4,4,3,4,4,3,2,5,5,4,4,3,3,2,5,4,3,4,4,3,3,3,4,4,3,4,5,5,2,1,2,1,2,1,1,1,2,3,2,2,2,2,1,7,8,8,3,3,3,7,7,3,2,47,4,2,5,1,55,0,0,4000,611001,공인중개사 부동산중개 실무교육 관련 업무 자동화 자동화 시스템 구축,국문
29889,3,3,4,5,2,3,2,2,3,3,2,2,1,0,4,5,3,4,1,0,2,3,3,4,4,3,1,0,4,3,4,2,1,0,1,0,1,0,2,3,3,2,3,3,3,4,1,0,1,0,1,0,1,0,1,0,3,4,4,4,1,0,1,0,4,6,5,4,5,4,4,4,1,0,4,4,4,3,4,4,5,5,4,4,4,5,3,4,3,2,3,3,2,2,3,2,3,3,2,2,3,3,1,2,2,2,0,2,1,4,3,3,3,4,3,3,3,4,4,3,3,2,2,4,3,3,4,3,3,2,3,4,3,4,3,3,4,5,4,4,4,3,2,2,2,2,2,2,2,2,2,2,3,3,3,3,2,5,6,6,6,6,5,5,6,5,1,39,3,1,1,1,45,3500,2500,0,817301,업종 사람,전기
29890,3,3,3,3,3,3,1,0,1,0,3,2,1,0,3,3,3,3,1,0,1,0,1,0,2,3,2,2,1,0,1,0,1,0,1,0,1,0,1,0,1,0,2,2,2,3,1,0,1,0,1,0,1,0,1,0,2,3,2,3,5,6,1,0,1,0,1,0,1,0,1,0,1,0,1,0,1,0,1,0,1,0,1,0,2,2,2,1,3,3,4,3,3,4,3,4,3,3,2,2,2,17,1,2,1,2,0,6,4,3,4,3,4,4,3,3,3,4,4,3,3,4,3,3,3,3,4,3,2,3,3,5,4,4,4,5,4,4,3,3,3,4,2,1,2,2,2,2,2,2,2,4,1,3,3,3,2,6,6,6,4,4,5,3,3,4,1,30,4,1,1,1,40,4000,3300,0,307401,보건의료정보관리사 데이터 프로그램 업데이트 업무 부분 전산,보건행정
29891,5,6,4,6,3,5,3,4,4,5,3,5,2,3,5,5,4,6,3,3,1,0,4,4,3,5,3,5,3,3,4,3,4,5,4,5,3,3,3,4,4,5,2,3,3,3,1,0,1,0,2,4,1,0,2,3,4,4,2,2,4,6,3,5,4,5,2,3,3,3,2,2,3,3,3,3,2,3,2,3,1,0,2,2,2,3,1,0,4,4,3,4,4,3,4,2,4,4,4,4,4,17,1,2,1,1,1,2,5,4,4,3,4,4,3,4,4,3,5,4,4,3,4,3,3,2,3,2,3,4,2,4,4,3,4,4,4,3,4,3,4,3,2,2,2,2,2,2,2,2,2,2,4,3,3,3,1,5,4,5,5,4,4,5,6,6,2,34,4,1,1,1,40,4000,3300,0,306601,임상심리사2급 정신보건임삼심리사 회사구조 조직도 파악 업무 방식 파악 소득 심리치료 다양,심리학
29892,3,5,5,4,3,5,3,3,3,3,3,5,2,2,4,4,3,5,2,3,3,4,4,4,4,4,2,3,3,3,3,4,3,4,2,3,3,3,3,3,3,3,4,4,4,5,3,3,4,4,4,4,3,3,1,0,4,4,3,4,3,4,2,3,4,5,4,5,3,3,3,4,2,3,1,0,4,6,4,5,1,0,2,3,4,6,3,4,5,4,2,3,3,3,2,4,3,3,4,4,5,8,1,3,1,1,2,6,3,4,4,3,5,4,2,3,3,3,3,3,3,2,3,4,4,3,3,4,3,4,4,4,4,3,4,3,4,5,4,2,5,4,2,2,2,2,2,2,2,2,2,2,2,3,3,3,2,7,6,6,5,5,6,6,5,2,1,30,4,1,1,1,40,4500,3800,0,621201,해기사 항해사 안전교육 선박 기술 자동화 업무 축소 예상,해양공학
29893,3,3,4,4,2,2,3,3,2,2,2,2,2,2,3,3,2,3,2,3,2,2,2,2,2,2,2,2,2,3,2,2,2,2,2,2,2,2,4,5,2,3,2,2,2,2,2,2,2,2,2,2,2,2,2,2,2,2,2,2,2,2,2,2,2,2,2,2,2,2,2,2,2,2,2,2,3,3,2,3,2,3,2,3,3,3,3,4,4,4,3,4,4,2,2,3,2,2,3,3,3,8,1,2,2,1,1,1,2,4,3,3,4,4,3,3,4,3,3,3,3,4,3,3,3,3,4,3,4,4,4,4,4,4,4,4,5,5,4,4,5,4,2,2,2,2,2,2,2,2,2,2,2,2,2,2,2,5,6,3,4,5,4,4,5,6,1,39,2,1,1,1,45,2800,2000,0,522201,승선교육 인구 감소 관광객 감소,인문계
29894,3,4,3,4,3,5,4,6,2,3,3,5,3,4,3,4,2,3,2,3,2,3,3,4,2,3,3,5,4,6,4,6,4,6,3,4,4,6,3,4,4,6,4,6,3,4,3,4,3,4,4,6,2,2,2,2,2,2,1,0,2,3,1,0,1,0,1,0,1,0,1,0,2,3,2,3,2,2,2,2,2,2,2,2,2,2,2,3,4,4,2,4,5,2,3,2,3,4,4,4,4,15,2,3,1,2,0,2,5,5,4,4,4,4,5,5,9,9,9,5,2,4,4,4,4,3,4,4,4,3,4,4,5,4,4,4,3,4,4,4,4,2,2,2,2,2,2,2,2,2,2,1,3,1,1,3,2,7,4,6,4,6,5,7,4,5,1,60,5,1,1,1,48,7300,6800,0,13202,초등교사 교감 업무 대체 불가,초등교육
29895,2,3,3,3,1,0,4,5,2,3,4,5,3,4,2,3,5,6,3,4,4,5,3,4,4,5,3,4,4,4,4,4,4,4,3,4,3,3,1,0,3,3,1,0,3,3,1,0,1,0,1,0,1,0,1,0,2,2,1,0,1,0,3,3,1,0,3,5,1,0,3,4,1,0,1,0,1,0,1,0,2,2,2,3,3,3,2,3,5,2,3,4,3,2,3,4,3,2,2,3,4,1,4,1,2,2,0,1,1,3,4,3,4,4,3,4,9,9,4,4,1,4,3,2,3,1,2,3,4,5,3,4,4,1,2,2,3,4,3,2,5,4,2,2,2,2,2,2,2,2,2,2,2,3,3,3,1,8,8,7,5,4,4,7,5,3,1,37,4,2,6,1,45,0,0,3500,901301,농업 관련 일자리 감소,원예
29896,4,4,3,5,3,5,3,2,2,4,3,3,2,2,3,4,3,3,2,2,2,2,1,0,4,4,3,4,1,0,2,2,1,0,1,0,2,2,2,2,3,3,3,4,4,4,4,4,3,3,1,0,1,0,1,0,2,2,2,2,3,3,3,3,2,1,1,0,1,0,1,0,3,2,1,0,1,0,1,0,2,2,1,0,3,4,3,3,3,4,2,3,3,4,4,3,3,4,2,3,3,3,1,3,2,2,0,3,4,3,3,3,4,3,3,3,2,3,3,3,4,2,2,5,4,3,4,3,4,2,3,3,3,2,2,3,4,5,4,4,4,4,2,2,2,2,2,2,2,2,2,2,3,3,3,3,2,5,7,5,3,4,7,7,3,5,2,29,4,1,1,1,40,2500,2200,0,28302,기업 물류 중요성 강조 일자리 변화,유통학
29897,3,4,1,0,4,4,1,0,4,4,3,4,4,6,3,5,2,3,4,6,1,0,1,0,3,4,3,4,1,0,1,0,1,0,1,0,2,4,1,0,4,5,3,3,3,4,3,5,1,0,1,0,2,3,1,0,4,4,1,0,3,3,1,0,1,0,1,0,1,0,1,0,1,0,1,0,1,0,1,0,1,0,1,0,3,3,1,0,4,3,4,3,3,2,3,4,2,2,3,2,3,13,1,2,1,1,3,7,4,3,3,2,4,4,3,4,3,4,4,4,2,4,3,3,3,4,2,2,3,3,4,3,3,4,4,3,3,4,3,2,4,3,2,2,2,2,2,2,2,2,2,2,2,3,3,3,2,4,6,5,7,6,4,5,3,3,2,49,4,1,1,1,48,4000,2500,0,140401,조경기능사 실무 훈련 수요 감소,조경학
29898,3,3,3,4,2,2,2,2,2,2,3,4,2,2,3,3,3,4,2,2,2,1,3,3,3,3,2,2,3,4,3,3,2,2,2,3,3,4,3,3,2,2,3,4,2,2,3,3,3,3,3,4,2,2,3,3,3,4,2,2,3,4,2,2,2,3,3,3,3,4,3,3,3,4,2,2,2,2,3,3,2,2,3,4,2,2,2,3,3,2,3,3,4,2,3,4,3,4,3,2,3,13,1,2,2,2,0,3,4,3,4,5,4,5,3,4,4,3,3,4,2,4,4,4,3,4,3,2,3,4,4,4,3,2,4,4,3,4,3,2,3,3,2,2,2,2,1,2,2,2,2,2,2,3,2,3,1,6,4,5,3,3,5,3,2,4,1,46,4,1,1,1,45,4400,3200,0,825101,국내 생산 설비 자동화 해외 현지 생산 일감 저하 신규 인원,화학공학
29899,5,6,5,6,4,5,5,6,5,6,4,5,1,0,2,4,4,5,1,0,1,0,2,4,4,5,1,0,4,5,4,5,4,5,5,6,4,5,5,6,4,5,5,6,2,4,5,6,4,5,1,0,1,0,1,0,4,5,5,6,3,5,1,0,5,6,4,4,4,5,5,5,1,0,2,5,3,4,2,4,4,5,3,6,5,4,5,5,4,3,4,3,4,4,4,2,3,2,2,3,4,7,4,1,2,2,0,7,1,2,1,2,4,3,2,3,9,9,9,3,4,2,2,3,4,3,3,4,4,3,3,3,4,3,3,4,3,5,4,3,5,3,2,2,2,2,2,2,2,2,2,1,3,2,2,2,2,6,8,6,3,7,4,6,4,2,1,58,2,2,6,1,60,0,0,2800,616201,변화,공고
29900,2,3,4,3,2,1,3,2,3,4,3,5,2,3,2,3,3,5,3,2,3,4,3,4,3,4,4,3,3,4,4,3,3,4,4,3,4,5,4,3,3,4,3,2,4,3,3,4,3,2,4,5,3,4,3,5,2,1,2,3,3,5,2,3,2,1,2,1,4,3,2,1,2,1,3,2,1,0,3,2,1,0,2,1,3,2,2,1,3,2,2,4,3,5,4,2,3,4,4,5,4,10,1,2,1,1,4,3,4,3,4,5,2,3,4,4,3,3,4,3,2,3,3,2,3,4,3,2,3,4,4,2,3,2,3,4,5,4,5,3,4,4,2,2,2,2,2,2,2,2,2,2,4,3,2,3,1,3,4,6,5,4,6,3,5,4,1,31,4,1,1,1,40,3000,2800,0,133205,정보통신산업기사 응용교육 모바일 기기 증가 인력 증가 전망,정보통신학
29901,5,6,5,6,4,4,5,5,4,4,4,4,5,6,4,4,4,4,4,4,4,4,4,4,5,5,4,4,4,4,4,4,4,4,4,4,4,4,4,4,4,4,4,4,4,4,4,4,4,4,4,4,4,4,3,3,4,4,3,3,4,4,4,4,4,4,4,4,4,4,4,4,4,4,4,4,4,4,4,5,4,4,4,4,4,4,4,4,4,4,4,3,4,2,3,4,3,4,4,4,2,17,1,3,1,1,2,6,5,4,3,4,4,4,3,3,3,4,5,4,3,2,2,4,4,4,4,3,2,4,3,4,3,4,2,3,4,5,3,2,4,5,2,2,2,2,2,2,2,2,2,3,3,3,3,3,2,7,4,5,6,3,5,5,6,3,2,43,4,1,1,1,40,3400,2500,0,305001,영양사 실무연수 국가 국민 영향 정책 수립,식품영양학
29902,5,6,5,6,5,7,5,6,5,6,5,6,4,6,5,7,4,6,4,6,5,6,4,5,4,5,4,6,4,6,3,4,4,5,4,6,4,5,4,6,5,6,4,5,4,5,4,6,3,5,3,5,4,5,3,4,4,5,4,5,3,4,4,4,4,5,3,5,4,4,3,5,3,4,3,5,3,4,3,4,3,3,3,4,3,4,3,3,3,3,3,2,4,3,4,3,3,3,3,3,3,15,2,4,2,2,0,5,6,3,3,3,4,4,4,3,4,4,4,4,3,3,3,3,3,3,2,2,3,4,4,2,2,2,3,3,3,4,3,2,3,4,2,2,2,2,2,2,2,2,2,2,3,3,3,3,2,2,2,2,5,5,6,3,2,5,2,33,5,1,1,1,40,4100,3500,0,122103,농업 한계,농업학
29903,3,4,3,5,3,5,2,3,3,4,2,5,2,4,4,4,3,5,4,6,3,5,3,5,4,5,2,4,2,4,3,4,2,5,2,3,4,5,2,4,3,5,3,4,3,5,2,4,3,5,2,5,4,6,3,5,5,6,4,5,3,5,4,6,5,5,5,6,5,6,5,5,3,4,3,5,4,5,2,4,3,5,5,5,5,5,2,4,4,4,3,3,4,3,3,3,3,4,4,4,4,1,1,5,1,2,0,4,5,3,3,3,4,4,3,3,3,3,4,3,3,3,3,3,2,2,2,1,2,4,4,4,3,2,2,3,3,4,2,3,4,4,2,2,1,2,2,2,2,2,2,2,4,1,1,1,1,4,3,7,6,8,7,4,3,4,1,43,4,1,1,1,40,4200,2800,0,158501,비파괴 검사 기술사 결함 장비 도입 환경 에너지 분야 투자 고용 증가,에너지공학
29904,2,4,4,4,2,2,2,3,2,2,3,3,5,4,3,2,3,3,5,5,2,2,3,5,4,4,3,3,4,3,2,4,2,1,3,3,3,2,2,5,2,3,4,3,3,3,2,3,5,3,2,2,2,3,4,3,3,2,4,3,1,0,4,3,3,2,4,2,2,1,2,1,2,1,3,4,3,2,1,0,2,1,2,2,3,3,1,0,3,2,1,4,4,2,3,4,3,3,2,2,3,18,1,1,1,2,0,2,3,4,3,2,4,3,5,4,9,9,9,5,2,3,2,3,4,4,2,5,4,4,4,4,5,4,3,5,4,4,5,4,4,4,2,2,2,2,2,2,2,2,2,1,3,3,2,2,2,7,5,6,6,7,5,8,8,6,1,50,6,1,1,1,40,4000,3600,0,884101,도자기공예기능사 문화 수준 향상 공예품 수요 증가,도예
29905,2,2,4,6,4,5,4,5,3,5,4,5,2,5,3,4,5,5,4,4,4,4,4,6,4,5,4,5,4,6,4,4,5,5,5,5,5,5,3,3,4,5,4,5,4,4,1,0,4,3,5,5,4,5,4,4,5,5,3,4,5,5,4,5,5,5,5,5,4,3,5,5,4,4,4,5,4,5,4,5,5,6,5,5,5,4,5,5,3,4,4,3,4,3,3,2,3,4,4,4,5,13,1,3,1,1,2,6,4,4,4,3,4,5,3,3,3,3,3,3,1,5,5,4,4,2,1,1,3,5,3,5,3,5,4,4,4,5,5,5,5,3,2,2,2,2,2,2,2,2,2,1,3,3,3,3,2,3,3,2,2,2,2,1,1,1,1,38,4,1,1,1,40,3750,2500,0,158501,방사선비파괴 초음파비파괴 침투비파괴 기술품질관련 교육 기계 대처 한계 직종,방사선학
29906,3,5,2,5,3,4,2,4,4,4,3,5,2,4,3,5,3,6,4,6,3,5,4,5,4,6,3,4,2,4,4,6,4,5,2,3,3,3,4,5,2,5,4,5,3,5,3,5,2,4,3,5,4,6,4,5,3,6,1,0,4,5,3,5,4,6,4,5,3,6,3,6,4,5,2,4,3,5,4,2,4,5,3,3,3,5,3,5,4,3,4,4,3,3,4,3,2,3,4,2,3,8,1,3,1,2,0,5,6,2,3,4,3,4,3,4,3,4,5,3,3,2,3,4,3,3,2,4,3,4,3,3,2,2,3,4,3,4,3,4,2,4,2,2,2,2,2,2,2,2,2,2,2,2,2,2,2,4,8,7,6,6,6,5,3,2,1,42,5,1,1,1,40,4300,4000,0,28203,컴퓨터활용능력1급 코로나 현재 항공 시장 침체 시기 해결 상황 기계화 발전,경영학
29907,4,4,4,5,3,3,4,5,4,5,3,4,4,4,4,4,4,5,4,4,4,6,4,4,4,4,4,5,3,5,4,5,4,5,4,6,3,4,4,5,4,5,4,5,4,4,3,4,3,4,4,5,3,4,3,4,3,4,4,4,4,5,4,5,3,4,3,3,3,3,3,3,4,5,4,6,3,4,3,4,3,3,3,4,4,6,4,5,4,3,3,4,3,3,4,3,4,4,3,3,4,15,2,5,1,2,0,6,5,3,3,3,4,4,3,3,4,4,4,3,3,4,4,4,3,3,4,3,3,4,3,3,4,3,4,4,3,3,4,4,3,3,1,1,1,1,1,1,1,2,2,2,2,2,2,2,1,5,6,4,7,7,6,5,4,6,1,58,4,1,1,1,40,4800,3000,0,140502,도시계획가 교통기술사 신규 택지 개발 교육 저출산 고령화 경기 침체 인구 수요 감소,환경공학
29908,4,5,4,5,4,5,4,5,3,4,5,5,4,5,5,6,4,5,4,5,3,4,4,4,3,4,3,4,5,5,4,5,4,5,5,6,4,5,5,6,4,5,4,5,4,5,3,4,3,4,5,6,1,0,1,0,1,0,1,0,4,4,4,5,1,0,1,0,1,0,1,0,4,5,1,0,1,0,1,0,1,0,1,0,5,4,4,3,4,5,1,4,4,4,2,4,4,3,4,5,5,16,5,6,2,2,0,6,6,4,4,4,5,4,4,4,4,9,4,4,2,4,3,4,3,2,4,4,3,3,4,4,4,5,4,3,2,3,4,3,4,4,2,2,2,2,2,2,2,2,2,1,3,3,3,3,2,5,5,7,6,4,4,5,5,7,1,65,6,1,1,1,40,10000,8200,0,13204,한정 직업 변화,지구물리학
29909,3,4,3,4,4,5,4,5,4,5,3,4,4,5,4,5,4,5,4,5,4,5,4,5,4,5,3,4,3,4,3,4,3,4,3,4,4,5,4,6,4,5,3,5,4,5,3,4,3,4,3,4,4,5,4,5,3,4,3,4,4,5,4,5,4,6,4,5,1,0,1,0,1,0,4,6,4,5,3,4,3,4,2,2,3,4,3,4,4,3,4,3,3,3,4,4,3,4,3,3,4,19,1,2,1,1,2,2,2,4,2,2,4,4,4,4,3,5,5,4,4,3,3,4,3,2,2,3,3,4,4,4,4,3,4,4,4,4,4,3,4,4,2,2,2,2,2,2,2,2,2,1,3,2,2,2,1,7,2,7,3,7,3,7,3,7,2,32,3,1,1,1,40,2800,2400,0,511401,메이크업 아티스트 스타일스트 전문적인 실습 뷰티 업계 발전,경제학
29910,3,4,3,4,2,3,4,6,3,5,3,4,2,3,2,4,3,4,2,3,2,4,2,4,2,3,1,0,3,5,2,3,4,6,3,4,3,5,2,3,2,4,2,3,2,3,2,3,2,3,1,0,1,0,1,0,2,3,1,0,3,4,1,0,2,3,2,3,2,3,2,3,1,0,2,4,2,3,2,3,2,3,2,4,3,4,3,4,4,3,4,3,3,4,3,3,3,3,3,4,4,10,4,1,2,2,0,1,2,3,4,3,4,3,4,3,3,3,3,3,3,3,3,4,3,3,4,2,3,3,3,4,3,3,3,3,4,5,3,3,3,4,2,2,1,1,2,2,2,2,2,1,4,2,2,2,2,8,6,4,3,2,4,6,3,3,1,35,2,1,4,1,40,3000,2000,0,615203,태블릿 사용 매일 매일 변화 시장 가격 판매 어려움 무선 통신 사용 계속,인문계
29911,2,3,4,4,1,0,2,2,2,2,1,0,2,2,1,0,3,3,3,5,1,0,1,0,2,3,2,2,2,2,2,3,1,0,2,2,1,0,3,3,2,2,2,3,3,4,2,3,1,0,1,0,1,0,1,0,1,0,1,0,1,0,1,0,1,0,2,3,2,2,2,2,1,0,2,2,2,3,4,5,1,0,1,0,3,3,2,3,3,2,5,2,3,4,3,3,2,2,3,1,3,8,1,2,1,2,0,6,2,2,2,2,3,2,3,3,9,9,3,3,3,4,2,3,3,4,3,2,2,3,4,4,4,3,4,3,2,4,2,3,3,2,2,2,2,1,2,2,2,2,2,1,3,3,2,2,2,8,7,8,4,4,5,3,4,6,1,52,3,1,1,1,60,3000,2100,0,622101,1종보통면허증 택시운전자격증 이슈 인식 사람,응급구조
29912,3,4,4,5,2,3,3,4,1,0,2,3,4,5,3,4,4,5,3,4,2,2,4,5,3,4,4,6,3,4,3,3,3,4,3,4,2,3,2,2,1,0,3,4,3,3,1,0,2,2,2,2,1,0,1,0,1,0,1,0,1,0,1,0,1,0,1,0,1,0,1,0,1,0,1,0,2,2,1,0,2,2,1,0,3,4,5,6,4,4,3,4,3,2,1,2,3,4,4,4,4,16,5,5,2,2,0,6,6,5,5,5,4,5,4,5,5,5,5,5,1,5,5,5,5,4,4,3,5,5,4,5,5,5,5,5,5,5,5,3,5,5,2,2,2,2,2,2,2,2,2,1,3,2,2,2,1,7,7,7,7,7,7,7,7,7,2,54,6,1,1,1,40,10000,3000,0,414602,일자리 수입,성악
29913,3,4,3,5,2,3,2,3,3,4,3,5,3,4,4,3,3,4,1,0,2,3,3,4,3,4,4,5,2,3,2,3,2,2,3,4,3,4,2,2,3,3,4,5,3,4,3,4,4,5,3,4,5,6,5,6,5,6,5,6,2,2,4,6,4,6,4,6,5,6,5,6,3,4,4,5,4,6,2,3,3,3,2,2,3,4,4,5,3,2,2,2,3,2,3,4,2,3,2,2,3,3,1,2,2,1,2,4,2,3,3,3,3,4,3,3,3,4,4,3,1,5,4,4,3,4,4,4,5,3,4,4,3,4,2,3,3,4,3,3,5,4,2,2,1,2,1,2,1,2,2,2,2,2,2,2,2,7,7,6,5,4,4,6,6,5,1,55,2,1,1,1,50,4500,2500,0,812201,현장 적응 교육 구조조정 조선업 불황,공고
29914,2,2,2,2,1,0,2,2,3,4,3,4,1,0,1,0,3,3,2,2,2,2,2,2,3,3,2,2,2,3,1,0,1,0,1,0,3,4,3,4,3,4,3,3,1,0,1,0,1,0,1,0,4,5,2,2,3,4,3,4,1,0,1,0,4,5,4,5,4,5,4,5,1,0,4,5,3,4,3,3,3,4,2,2,3,4,2,3,3,4,3,2,2,3,3,3,2,3,2,3,2,8,2,3,1,2,0,4,2,3,4,3,4,3,3,3,4,3,4,3,3,2,3,2,3,2,3,2,2,2,3,3,3,4,2,3,3,3,4,2,2,3,2,2,2,2,2,2,2,2,2,1,3,3,3,3,2,5,4,5,3,7,7,7,8,7,1,35,2,1,1,1,40,3600,2600,0,812301,전기철도 철도 이용,기계
29915,3,3,3,4,2,2,3,4,3,4,2,2,2,2,3,4,3,3,2,1,2,2,3,4,3,4,2,3,3,4,3,4,2,2,1,0,3,4,2,2,2,2,3,3,3,3,1,0,2,1,1,0,2,3,3,3,3,4,2,2,2,2,2,3,3,4,3,4,3,3,3,4,3,3,2,2,2,1,3,3,2,2,2,3,2,2,2,3,2,3,3,2,3,3,2,3,3,3,3,2,3,16,5,2,1,2,0,3,2,3,2,4,4,2,3,3,3,4,3,3,2,3,2,3,2,3,4,2,3,2,4,3,2,4,3,2,4,4,2,3,4,3,2,2,2,2,2,2,2,2,2,2,2,2,2,3,2,6,4,3,4,5,6,4,7,6,1,32,4,1,1,1,54,2500,2400,0,212901,ITQ 모스자격증 DIAT 원격교육 유행,정보컴퓨터
29916,2,4,3,5,2,3,3,5,3,4,3,5,2,4,2,3,3,4,3,4,3,5,2,4,3,5,2,4,2,4,3,4,2,4,3,5,3,3,2,1,2,4,3,5,4,5,2,4,1,0,3,5,1,0,3,5,4,6,3,5,2,3,2,2,3,5,3,5,3,6,4,6,3,4,1,0,1,0,1,0,3,5,2,4,3,5,3,5,4,3,4,3,3,2,4,3,2,3,4,4,3,8,1,3,1,2,0,2,3,3,4,3,3,4,4,4,3,4,3,3,3,2,4,4,3,3,4,3,4,4,3,3,4,3,4,3,4,4,3,2,4,4,2,2,1,1,2,2,1,2,2,2,2,2,2,2,2,4,3,7,3,7,3,3,8,8,1,42,2,1,1,1,45,3700,3200,0,28201,컴퓨터활용능력1급 장비 도입 자동화 시스템 증가 일자리 감소,이과
29917,5,6,5,7,5,7,4,6,5,7,4,6,4,6,4,5,4,6,4,6,4,5,4,5,4,6,4,5,4,5,3,5,3,3,2,3,4,5,4,5,4,5,4,5,3,4,3,3,3,3,2,3,2,3,2,3,2,3,2,2,2,2,1,0,1,0,1,0,1,0,1,0,2,3,1,0,1,0,1,0,1,0,1,0,1,0,1,0,4,4,4,4,3,4,4,4,4,3,4,4,4,16,5,5,2,2,0,6,7,4,4,4,4,4,4,4,4,5,4,5,3,5,4,4,4,3,4,2,4,3,4,4,5,4,4,4,4,3,3,4,4,4,2,2,2,2,2,2,2,2,2,2,2,3,3,3,1,3,2,3,2,1,2,4,2,4,2,57,6,1,1,1,50,5800,3500,0,110201,졸업 자중 전공 무관 직업 선택,정치
29918,4,6,4,5,3,4,4,5,2,3,1,0,1,0,1,0,2,2,1,0,1,0,1,0,2,3,1,0,3,4,1,0,1,0,2,3,1,0,3,4,2,3,1,0,2,2,1,0,1,0,2,3,1,0,1,0,1,0,1,0,1,0,1,0,1,0,1,0,1,0,1,0,1,0,1,0,1,0,1,0,1,0,1,0,1,0,1,0,3,4,2,3,4,5,3,4,4,3,4,4,3,15,2,2,1,2,0,1,5,4,4,4,4,3,3,3,9,4,4,4,2,4,4,4,3,4,4,3,5,3,4,4,5,4,4,5,4,5,4,3,3,4,2,2,2,2,2,2,2,2,2,1,3,2,2,3,2,6,5,4,3,2,3,7,5,4,2,42,4,1,1,1,40,3500,2400,0,231401,직업상담사 변동 직종,사회복지학
29919,3,4,2,3,2,2,2,2,2,3,2,3,1,0,1,0,1,0,2,3,1,0,1,0,3,4,3,5,2,3,1,0,1,0,2,2,2,3,1,0,3,5,4,6,2,2,2,3,4,6,4,5,4,5,3,5,3,4,2,2,3,4,4,6,4,7,4,5,4,6,4,5,4,6,4,4,3,4,2,3,3,5,1,0,2,3,1,0,4,4,3,4,4,3,4,3,4,3,4,3,4,14,1,2,1,2,0,2,4,4,4,3,5,5,4,3,3,4,4,4,4,4,3,4,4,4,5,2,3,4,2,5,4,4,5,4,4,4,5,4,5,4,2,2,2,2,2,2,2,2,2,2,4,1,1,1,2,3,6,3,6,4,4,3,7,6,1,50,4,1,1,1,40,4000,2700,0,158402,위험물산업기사 건설안전기사 복지 대한 욕구 위험 관련 정책 규제 강화 증가 예정,기계공학
29920,3,4,4,4,2,3,4,5,3,4,4,5,2,2,2,2,3,3,2,3,3,3,3,3,3,3,3,4,3,4,3,3,2,3,3,3,2,2,4,5,2,3,3,3,3,3,1,0,1,0,1,0,1,0,1,0,1,0,1,0,2,3,1,0,2,2,2,2,1,0,2,3,1,0,3,4,3,4,3,3,2,2,2,3,3,3,4,4,2,3,3,2,3,2,3,2,3,3,2,3,3,17,1,2,1,1,1,4,2,3,3,3,3,3,3,2,2,4,4,3,4,2,2,3,4,3,4,3,2,4,3,4,3,3,3,4,4,4,3,3,3,5,2,2,2,2,2,2,2,2,2,1,4,3,3,3,2,8,7,8,3,5,8,5,4,6,2,48,3,1,1,1,45,2500,1900,0,307501,간호조무사 보수교육 고령화 환자 증가,보건행정학
29921,1,0,1,0,1,0,1,0,1,0,1,0,1,0,3,4,1,0,1,0,1,0,1,0,2,3,2,3,1,0,1,0,1,0,1,0,1,0,1,0,1,0,2,3,3,4,1,0,1,0,1,0,1,0,1,0,3,5,1,0,1,0,4,4,2,3,3,4,1,0,3,4,1,0,1,0,2,3,1,0,2,3,1,0,4,5,2,3,4,3,3,3,4,3,3,3,3,3,4,3,3,3,1,2,1,2,0,7,2,3,3,3,4,3,4,3,3,4,4,3,3,3,4,4,3,3,4,3,3,4,3,3,4,3,3,4,3,3,4,3,3,4,2,2,2,2,2,2,2,2,2,1,4,2,2,3,1,7,6,6,3,3,5,6,5,6,1,44,4,1,1,1,40,4320,3000,0,153301,전자기기기능사 우리나라 대표 업종 일자리,전기공학
29922,5,5,5,5,4,4,5,5,3,5,4,5,2,4,5,4,3,4,4,4,3,4,2,4,5,4,4,4,4,4,4,6,4,5,4,4,2,4,4,5,4,3,4,5,4,4,2,2,4,4,4,5,2,2,1,0,4,4,3,4,4,5,1,0,4,3,4,5,4,5,4,5,4,3,1,0,3,4,3,4,3,4,3,4,3,4,3,4,4,4,3,3,4,1,5,3,4,5,5,5,4,15,2,2,1,1,2,7,5,5,3,2,2,4,2,4,4,4,3,4,4,3,3,4,4,2,4,3,2,3,3,5,3,3,3,4,3,5,3,3,5,4,2,1,1,1,1,1,2,2,1,1,4,1,1,2,1,5,5,5,7,7,7,3,8,8,2,40,4,1,1,1,45,4000,2700,0,240102,해기사 자격증 법령 관련 장비 유지 보수 관련 전산 시스템 변화 수기 작성 일지 전산 일지 입력 변경 함정 복수 승조 원제 추세 함정 인력 증가 요구,경찰행정학
29923,2,2,3,4,3,3,4,5,2,3,4,6,1,0,2,3,2,1,3,3,1,0,2,2,2,3,4,5,4,5,3,5,2,3,2,2,1,0,2,1,3,4,4,5,2,3,1,0,1,0,2,3,2,1,1,0,1,0,1,0,3,3,2,2,2,1,3,3,1,0,2,2,2,1,3,2,3,3,3,3,2,4,3,3,3,3,3,4,1,3,2,3,3,2,4,2,2,3,3,1,2,15,2,4,2,1,4,4,5,4,3,3,2,4,4,4,3,4,4,4,2,4,4,4,3,4,4,4,4,4,4,4,4,4,3,4,5,4,4,4,4,4,2,2,2,2,2,2,2,2,2,2,3,3,3,3,2,6,5,4,3,4,3,7,5,4,1,39,4,1,1,1,40,4800,4300,0,28202,인성교육 기초직무훈련 지금,경영학
29924,3,3,3,4,3,3,3,4,3,4,3,3,3,3,3,3,4,5,4,4,3,4,3,4,4,5,4,4,5,5,3,5,3,2,3,3,3,2,5,4,3,3,4,4,3,3,4,4,4,4,5,4,2,3,3,4,3,3,2,3,4,4,4,4,3,3,3,4,2,4,2,3,4,5,3,4,4,5,5,4,5,4,5,4,3,4,3,4,5,4,3,2,3,2,3,4,2,4,3,3,3,9,1,2,2,2,0,4,3,3,3,3,3,3,3,2,2,3,3,3,3,2,2,4,2,2,3,1,3,3,4,5,2,5,2,2,3,4,3,3,5,5,2,2,2,2,2,2,2,2,2,2,1,2,2,2,1,8,8,6,5,4,4,4,3,5,2,25,3,1,1,1,40,2700,2600,0,14201,경쟁 근무 환경,관광학
29925,3,4,4,5,3,4,3,5,3,5,2,3,4,5,3,4,4,4,2,2,3,4,3,5,3,4,2,3,3,4,2,3,2,2,3,4,3,5,3,4,3,5,3,3,2,3,3,4,2,3,3,4,2,3,2,3,3,4,2,2,4,6,3,3,3,3,2,3,3,4,2,4,2,2,2,2,2,3,1,0,1,0,1,0,2,3,2,2,4,4,3,3,3,4,3,3,2,4,4,3,3,10,3,2,2,1,3,3,4,3,2,2,3,3,2,3,3,4,3,3,3,2,3,3,4,3,4,3,3,5,3,2,3,4,3,3,4,4,3,2,4,5,2,2,2,2,2,2,2,2,2,1,3,3,3,3,2,6,7,4,5,4,4,4,3,5,1,47,4,1,1,1,40,5500,3000,0,133205,자바 C언어 스마트폰 보급 대중화 모바일 기반 비즈니스 수요 계속,정보미디어
29926,3,3,3,3,2,3,2,2,4,5,3,4,4,5,3,4,3,4,4,4,3,5,3,4,4,5,4,6,5,5,3,4,2,2,3,3,1,0,4,5,4,6,4,5,2,3,1,0,1,0,1,0,4,5,4,6,4,5,3,4,4,5,3,4,3,3,3,3,3,4,3,4,3,4,4,5,4,5,4,5,2,2,2,2,2,2,1,0,4,5,4,3,5,4,4,3,4,3,4,4,4,17,1,3,1,2,0,2,4,4,5,4,4,4,4,3,4,4,4,4,3,4,3,3,4,4,3,2,4,3,1,4,4,4,5,4,4,5,4,4,4,3,2,2,2,2,2,2,2,2,2,3,4,3,3,3,2,4,3,4,5,5,5,7,4,5,1,40,4,1,1,1,40,3600,3000,0,306701,의지보조기기사 수요 증가,물리치료학
29927,4,5,2,5,3,5,2,5,3,5,3,5,2,5,4,5,4,5,2,4,4,5,3,6,4,4,4,5,4,6,5,6,4,6,4,5,3,4,1,0,2,4,4,5,3,4,4,3,4,5,3,5,4,5,4,5,4,6,4,6,4,5,5,6,4,6,4,6,4,6,3,5,3,3,2,4,3,4,4,5,3,5,4,5,4,5,3,5,4,4,3,5,4,4,4,4,4,4,5,3,4,10,3,2,2,2,0,2,4,3,4,2,3,4,2,4,4,3,4,3,3,4,3,3,4,3,4,3,4,3,2,3,4,4,3,4,3,2,3,2,3,3,2,2,2,2,2,2,2,2,2,2,1,2,1,2,1,3,4,4,5,4,6,4,5,6,2,37,4,1,1,1,40,4000,2500,0,29901,이용,회계학
29928,2,2,3,3,3,2,3,3,2,1,3,3,3,4,4,3,3,3,3,3,1,0,1,0,3,3,4,4,2,2,3,4,2,2,2,1,1,0,3,5,3,3,2,2,3,4,2,2,3,3,1,0,3,3,3,3,2,3,3,4,2,3,4,4,3,3,3,3,2,3,3,4,2,3,3,4,4,3,3,4,2,4,3,3,4,4,3,3,3,3,2,3,2,2,3,3,3,2,4,3,4,3,1,3,2,1,1,2,2,2,2,2,4,4,3,4,3,3,4,4,2,2,3,3,2,3,3,4,4,3,3,3,3,2,2,4,3,4,4,3,4,4,2,2,2,2,2,2,2,2,2,2,2,2,2,2,1,9,9,7,5,2,2,5,5,5,1,24,2,1,1,1,40,2400,2000,0,885902,직무 교육 기계 자동화,문과
29929,2,3,2,3,1,0,2,2,1,0,1,0,1,0,2,2,2,2,2,2,2,3,1,0,3,3,1,0,3,4,3,2,1,0,1,0,1,0,2,2,1,0,1,0,1,0,1,0,1,0,1,0,1,0,1,0,2,3,3,3,1,0,1,0,3,3,2,2,2,2,2,3,1,0,2,2,3,3,3,3,4,4,4,4,2,3,2,3,1,2,2,1,2,1,2,4,2,1,2,3,2,8,1,4,2,2,0,7,1,2,1,1,3,1,1,2,1,1,3,2,3,2,2,4,4,3,2,3,4,4,2,3,2,3,3,2,2,4,3,3,3,3,2,2,2,2,2,2,2,2,2,1,2,3,2,3,2,6,6,5,6,6,7,7,5,6,1,42,2,1,1,1,40,3000,2500,0,624401,업종 기피,인문계
29930,2,4,4,4,3,4,3,4,3,3,2,2,1,0,4,4,3,4,3,4,2,4,2,4,2,3,3,4,1,0,2,5,1,0,1,0,3,3,1,0,4,5,3,3,2,5,3,3,5,5,3,3,5,6,4,4,4,5,3,4,3,4,3,3,5,5,4,5,2,5,3,5,3,3,4,5,5,5,1,0,2,3,1,0,3,3,2,3,3,2,5,4,4,3,5,3,5,4,4,3,4,3,1,3,2,2,0,2,4,4,5,5,4,4,3,3,4,3,5,4,1,4,4,3,5,4,4,2,4,3,5,3,3,5,4,4,4,2,4,3,4,5,2,2,2,2,2,2,2,2,2,2,4,3,3,3,2,4,8,7,6,7,4,5,8,7,1,31,4,1,1,1,40,3000,3000,0,122201,질병 발생 증가,생명과학
29931,1,0,1,0,1,0,1,0,1,0,1,0,1,0,1,0,1,0,1,0,1,0,1,0,1,0,1,0,1,0,1,0,1,0,1,0,1,0,2,2,1,0,1,0,2,3,1,0,1,0,1,0,1,0,1,0,2,2,1,0,1,0,1,0,2,3,2,2,1,0,1,0,1,0,1,0,2,2,1,0,2,3,1,0,2,2,2,2,2,4,2,3,4,2,4,2,2,2,1,3,2,15,2,2,2,2,0,1,1,2,1,1,4,2,2,3,2,2,2,2,4,2,2,4,4,4,3,4,2,3,2,4,4,3,3,4,3,4,4,3,4,4,2,2,2,2,2,2,2,2,2,1,3,3,3,3,2,7,7,7,6,7,7,5,6,7,1,58,2,1,1,1,48,3800,2000,0,561201,사람 일이 기계 대체로,기계
29932,2,1,4,2,1,0,1,0,2,1,4,2,1,0,4,2,3,2,4,3,2,2,3,3,5,2,3,2,1,0,3,3,1,0,1,0,1,0,1,0,5,4,2,2,4,4,2,2,4,3,4,4,4,3,5,3,3,3,4,4,2,2,4,3,4,4,4,3,2,4,4,3,5,4,2,2,3,3,2,1,4,5,2,1,1,0,1,0,4,3,3,3,2,4,2,2,4,3,2,3,3,3,1,2,2,2,0,2,2,4,2,2,3,2,3,2,3,3,2,3,1,4,2,3,2,2,4,5,3,4,4,3,4,3,2,5,4,4,3,3,2,4,2,2,2,2,2,2,2,2,2,2,3,3,3,3,2,8,6,7,5,4,5,4,7,6,1,54,2,1,1,1,48,2800,2500,0,821101,제조업 경기 어려움 감소 예정,문과
29933,3,4,3,4,3,4,4,4,3,3,2,5,4,4,3,4,4,4,3,3,3,4,3,3,3,4,1,0,4,5,3,4,3,5,4,5,3,4,3,4,3,4,3,4,3,3,3,4,3,4,1,0,3,4,2,2,5,5,3,4,3,3,1,0,3,4,2,4,3,4,3,3,1,0,4,4,3,4,3,4,3,4,3,3,3,3,2,3,3,4,4,2,2,1,3,5,2,2,2,3,4,17,1,3,1,1,5,6,2,3,2,1,3,3,3,2,1,2,4,2,4,3,2,3,2,2,2,3,1,4,3,4,2,3,2,3,3,3,5,3,3,3,2,2,2,2,2,2,2,2,2,1,3,1,2,3,2,4,3,3,6,6,4,7,5,2,1,43,3,1,1,1,56,2800,2100,0,512301,정례지도사 현장 교육 경험들 선호 직업 변화,장례지도학
29934,5,4,5,6,5,4,5,3,4,4,4,4,5,3,4,3,5,3,5,5,4,4,5,4,5,3,5,3,5,4,5,4,4,3,4,2,4,3,5,5,4,3,5,3,5,3,5,5,5,3,5,2,5,4,5,3,5,4,5,4,5,4,5,4,4,3,4,4,5,3,5,3,4,3,4,3,4,3,4,3,5,4,5,4,5,4,4,4,4,5,4,3,4,4,4,4,3,5,4,4,3,16,5,4,1,1,2,4,5,5,3,3,2,4,3,4,3,3,5,4,4,4,3,5,5,2,5,1,2,4,5,5,4,4,3,3,5,5,4,3,5,5,2,1,2,1,2,2,2,1,1,2,2,3,2,3,1,2,2,2,2,2,2,3,3,1,1,43,5,1,1,1,40,3500,2000,0,110104,컴퓨터 자격증 교육 교육 정책 국가 컴퓨터 변화 학습 필요 인공 지능 자동화 시스템 기능 분야 일자리 대체,컴퓨터교육
29935,2,2,2,2,1,0,2,2,2,2,1,0,2,3,4,4,2,4,1,0,1,0,3,5,2,2,1,0,3,3,2,5,1,0,2,1,3,3,4,3,3,4,4,4,2,2,3,4,2,2,1,0,2,3,1,0,3,3,1,0,1,0,1,0,2,3,4,4,2,2,3,3,1,0,5,5,3,4,2,3,2,2,3,3,4,4,2,2,4,4,5,2,2,2,4,2,4,1,1,1,5,19,4,1,2,2,0,6,1,2,1,1,4,1,2,2,9,9,9,2,2,4,2,4,4,2,2,4,3,5,3,5,4,3,3,3,3,4,3,2,4,5,2,2,2,2,2,2,2,2,2,1,3,3,2,2,2,9,8,7,6,3,4,3,4,3,2,57,2,2,6,1,55,0,0,2000,863401,직업,상고
29936,5,6,5,7,5,6,5,7,5,6,5,6,4,6,4,6,4,6,4,6,4,6,4,6,4,6,4,6,4,5,4,5,4,6,4,6,4,6,4,6,4,5,4,5,4,6,4,6,4,5,4,5,4,6,4,5,4,6,4,5,3,5,4,5,4,6,3,4,4,6,4,6,4,6,4,5,4,6,3,5,4,5,4,6,4,6,4,5,3,3,3,2,3,3,4,3,3,4,3,3,4,15,2,5,2,2,0,5,6,3,3,3,4,4,4,3,3,4,4,4,3,3,3,3,3,2,2,2,3,4,4,3,3,3,2,3,2,2,3,2,3,4,2,2,2,2,2,2,2,2,2,2,3,3,3,3,2,2,3,5,5,4,5,2,3,5,1,45,5,1,1,1,48,6000,3000,0,155103,상태 유지,기계공학
29937,4,5,4,5,4,5,4,5,4,6,4,5,2,3,3,5,4,6,4,5,4,5,4,5,3,4,4,6,3,4,3,4,4,6,4,6,4,6,4,5,4,6,4,6,4,6,3,4,3,4,3,4,1,0,1,0,1,0,1,0,3,4,2,2,1,0,1,0,3,3,3,4,3,4,3,4,3,4,4,5,1,0,2,3,3,4,2,3,4,3,2,4,4,3,4,2,4,3,4,3,4,11,1,3,1,1,2,3,2,3,2,1,4,4,4,4,3,3,3,3,2,4,4,4,4,2,4,4,4,4,4,2,3,3,3,4,4,4,3,3,4,4,2,2,2,2,2,2,2,2,2,1,3,2,2,2,1,7,8,5,6,3,4,4,3,4,1,38,5,1,1,1,40,5500,2800,0,12402,보험관리사 지점총괄관리교육 자동화 대체 직종,수학
29938,2,3,4,4,1,0,3,4,2,2,2,3,2,2,2,2,2,2,1,0,1,0,2,4,2,2,2,1,2,3,2,3,1,0,1,0,2,2,1,0,3,4,1,0,1,0,1,0,3,4,1,0,1,0,1,0,5,4,3,4,2,3,2,3,4,4,3,4,4,5,4,3,1,0,4,3,5,5,4,5,5,6,1,0,4,5,3,4,3,1,1,3,2,1,4,1,2,1,4,4,4,3,1,2,2,2,0,3,1,3,2,2,3,2,1,3,1,3,4,3,4,3,2,3,4,3,3,3,3,4,4,3,4,4,3,2,3,5,4,3,3,4,2,2,2,2,2,2,2,2,2,3,2,3,3,3,2,6,7,9,7,9,9,5,2,2,1,46,2,1,1,1,40,4000,2200,0,873201,생산 시설 자동화 인원 감축 예상,공고
29939,4,5,4,5,3,4,4,4,3,4,4,4,4,5,3,3,4,4,4,4,5,6,4,4,4,4,3,3,4,4,4,5,3,4,4,4,4,4,3,3,4,4,4,4,3,4,4,5,4,5,4,5,4,5,3,4,3,3,3,4,3,3,3,3,3,3,3,4,4,4,3,3,3,4,4,5,3,4,3,4,3,3,3,3,3,3,3,4,4,3,4,4,4,2,3,3,3,4,4,3,4,18,3,2,2,1,2,2,5,4,3,3,4,4,3,4,3,3,3,3,4,3,2,4,3,4,4,3,3,4,4,4,4,4,4,4,4,3,3,3,4,3,2,2,2,2,2,2,2,2,2,2,1,2,2,2,1,8,6,8,4,4,3,8,7,3,2,40,4,1,1,1,52,5000,2900,0,13601,사내교육 자동화 때문,사회
29940,2,2,2,3,2,2,4,4,1,0,2,3,1,0,2,2,3,3,4,4,1,0,2,3,4,6,4,4,2,3,4,6,3,3,3,4,1,0,5,5,3,3,3,3,2,2,1,0,1,0,1,0,3,4,1,0,3,3,1,0,1,0,4,4,3,4,3,3,4,4,4,4,1,0,3,3,4,5,5,5,4,5,3,3,3,3,3,3,3,4,1,4,4,2,4,5,2,5,5,5,5,15,2,3,1,1,2,2,5,5,4,4,4,4,4,3,4,4,5,4,2,4,4,4,4,4,5,2,4,4,4,4,5,4,4,3,4,4,5,4,4,3,2,2,2,2,2,2,2,2,2,1,4,3,3,3,2,8,8,7,3,4,3,6,6,5,1,38,4,1,1,1,52,3200,2400,0,240201,응급구조사 1급 자동차운전면허 1종 보통 화약류관리기사 직무교육 소방관 업무 지면 인력 요구,사회학
29941,2,3,3,3,2,3,3,3,2,3,2,3,2,3,2,4,2,3,2,3,2,4,2,3,2,4,3,3,3,3,3,3,3,4,3,3,2,3,4,4,4,4,3,3,3,4,2,4,3,3,2,4,3,4,3,4,4,5,3,3,2,3,2,4,2,3,3,3,5,5,5,5,2,3,4,4,4,5,3,4,4,5,2,4,4,4,3,3,2,1,5,3,2,2,2,3,2,3,2,1,2,10,1,2,1,2,0,2,2,3,3,2,3,3,2,4,3,3,3,3,2,3,2,3,4,3,2,2,4,3,4,2,3,4,3,5,4,4,5,3,4,4,2,2,2,2,2,2,2,2,2,1,2,2,2,3,2,4,3,6,5,7,4,4,3,3,1,37,2,1,1,1,40,3600,2880,0,832201,전자산업기사 OCP 대수 감소,전기
29942,4,5,4,5,4,5,2,3,3,4,4,5,3,4,4,5,4,5,2,3,3,4,3,4,4,5,4,5,2,3,3,4,3,4,3,4,3,4,2,3,4,5,4,5,3,4,4,5,4,5,3,4,3,4,2,3,2,3,2,3,4,5,3,4,2,3,2,2,2,2,2,2,4,5,2,2,2,2,1,0,1,0,2,3,3,4,3,4,4,3,3,3,3,4,3,4,3,4,4,3,3,19,1,4,2,2,0,3,4,3,4,4,3,4,3,3,3,3,3,3,3,3,5,3,3,2,3,5,4,5,2,5,4,4,4,5,5,5,4,4,5,4,2,2,2,2,2,2,2,2,2,2,3,2,2,2,1,2,5,3,5,3,2,2,4,2,2,27,4,1,1,1,40,2800,2400,0,26101,업무 계속,경영학
29943,3,4,3,4,3,4,3,4,3,4,3,4,2,2,3,4,3,4,4,6,2,3,2,3,3,4,3,4,3,3,2,2,2,2,2,3,2,2,2,2,2,3,2,2,2,2,2,3,2,3,2,2,2,3,2,3,3,4,4,6,3,4,3,4,2,3,2,3,2,3,3,5,2,2,3,4,3,4,3,4,2,3,2,3,2,3,2,3,4,3,4,4,4,2,4,4,3,4,4,3,3,6,1,5,1,1,1,2,5,4,4,4,4,5,4,5,4,5,5,5,2,4,4,3,4,4,4,3,4,2,3,4,5,5,4,4,4,4,4,4,3,4,2,2,2,2,2,2,2,2,2,1,2,3,3,3,2,3,3,4,4,4,5,4,3,3,1,29,4,1,1,1,45,4000,3800,0,151101,건설기계산업기사 건설기계기사 업무처리 방법 침체 공사 감소,기계공학
29944,4,5,4,5,4,3,4,4,3,4,3,3,3,5,4,4,3,4,4,5,4,5,4,5,3,4,3,4,4,5,3,5,4,5,4,5,4,4,3,4,3,4,4,4,4,5,4,5,4,5,4,5,3,4,3,4,3,5,4,5,3,4,3,3,3,2,3,5,4,5,4,5,3,4,3,4,3,5,4,4,3,4,3,3,3,4,4,4,4,4,4,4,3,4,4,4,4,3,4,4,4,13,3,2,1,2,0,7,5,4,4,4,4,4,4,4,4,4,4,4,2,4,4,4,3,3,4,2,4,4,4,4,4,4,3,3,4,4,4,3,4,5,2,2,2,2,2,2,2,2,2,3,4,3,3,3,2,6,5,7,5,4,5,7,7,5,1,31,4,1,1,1,40,4800,4000,0,155203,원자력기사 에너지 발달 일자리 증가,전자공학
29945,2,5,3,5,1,0,2,3,1,0,2,2,2,1,2,1,1,0,1,0,3,6,3,4,1,0,3,5,1,0,2,2,1,0,1,0,3,4,1,0,2,2,3,2,3,3,2,2,2,1,3,2,4,7,3,3,4,7,4,4,1,0,5,6,5,4,4,4,4,6,4,3,2,4,1,0,1,0,1,0,1,0,1,0,2,3,1,0,4,2,4,3,3,4,4,2,4,3,3,3,4,13,1,4,2,2,0,3,5,5,4,4,4,4,3,5,5,4,4,5,2,5,5,4,4,2,3,2,4,3,4,4,4,5,4,5,5,4,4,4,4,4,2,2,2,2,2,1,2,2,2,1,3,3,3,2,1,8,2,3,7,6,5,8,8,7,1,48,5,1,1,1,40,8500,3500,0,154103,최신 분석 기능 장비 도입 기계 대체 불가,화학공학
29946,1,0,5,5,1,0,5,6,4,4,4,4,4,4,4,4,4,4,4,4,4,5,3,3,4,4,4,4,4,4,4,4,4,4,4,4,4,4,4,4,4,4,4,4,4,4,4,4,4,4,4,4,4,4,2,2,4,4,2,2,4,4,4,4,4,4,4,4,4,4,4,4,4,4,4,4,4,4,4,5,4,4,4,4,1,0,4,4,4,5,4,3,4,4,4,4,4,3,4,4,4,19,1,1,1,1,3,4,1,4,3,2,5,4,4,3,9,9,4,4,4,2,3,4,4,4,4,4,2,4,2,5,3,4,4,5,4,4,3,4,5,3,2,2,2,2,2,2,2,2,2,2,4,2,2,2,2,7,4,7,8,3,5,5,7,3,1,56,2,2,5,1,36,0,0,2400,307601,안마사 위축된 근육 풀어주기 교육 현대인 만성 피로 풀기 위해 안마 사람,인문계
29947,4,6,5,6,2,3,4,6,4,5,4,6,4,6,4,5,3,4,1,0,2,2,4,6,3,4,2,2,5,7,2,2,3,5,1,0,4,6,2,3,3,4,1,0,3,4,1,0,2,3,2,3,3,4,4,5,1,0,1,0,1,0,2,3,1,0,2,3,1,0,1,0,1,0,1,0,1,0,1,0,1,0,1,0,3,4,3,3,3,4,4,2,3,5,3,1,3,4,5,4,4,17,1,2,1,2,0,4,5,4,4,4,3,3,4,2,3,4,4,3,2,3,4,3,4,4,5,3,3,2,5,4,4,3,4,4,5,4,4,4,4,3,2,2,2,2,2,2,2,2,2,1,4,2,2,3,2,7,2,2,1,2,4,7,6,4,2,40,4,1,1,1,40,3400,2400,0,306904,예술치료사 수요,심리학
29948,3,3,3,3,3,4,4,4,4,3,4,4,4,5,3,5,4,3,3,4,3,4,3,4,4,5,3,4,3,4,3,4,3,4,3,4,3,4,3,4,3,5,3,4,3,5,3,4,4,4,3,4,3,4,3,4,4,4,3,5,3,4,3,4,3,4,4,4,4,5,4,5,3,4,4,5,4,5,3,4,3,5,3,4,4,5,4,5,3,5,4,3,4,2,3,4,3,4,4,5,4,18,2,3,2,2,0,5,5,4,3,3,4,5,4,3,3,4,4,4,2,4,4,4,4,4,4,4,4,4,3,4,4,4,3,3,5,5,4,4,4,4,2,2,2,2,2,2,2,2,2,1,2,3,3,3,2,3,4,5,4,5,4,5,5,5,1,33,4,1,1,1,40,3000,2300,0,413102,시스템 개발,미술사학
29949,1,0,1,0,1,0,1,0,1,0,1,0,1,0,1,0,4,5,3,3,1,0,1,0,5,6,1,0,2,2,3,3,1,0,1,0,1,0,4,5,2,3,4,5,3,4,3,4,1,0,1,0,2,3,1,0,4,4,1,0,1,0,1,0,4,4,4,5,3,4,4,4,1,0,4,5,4,4,5,5,2,2,4,4,4,4,1,0,4,4,5,3,4,2,4,2,2,3,3,3,4,19,1,2,2,1,4,4,1,4,3,2,4,4,3,3,9,9,9,4,2,3,4,4,3,4,3,4,4,3,4,4,3,4,3,4,3,5,3,2,4,3,2,2,2,2,2,2,2,2,2,1,3,2,2,2,2,9,3,7,3,7,8,8,3,6,1,53,2,2,5,1,48,0,0,5000,561501,세탁 기술 현재 상황 유지,기계
29950,4,4,4,5,3,4,3,4,1,0,2,3,1,0,3,4,4,5,4,5,3,4,5,5,5,5,4,5,5,5,4,5,3,4,2,3,4,4,4,4,4,4,3,4,4,4,1,0,1,0,3,4,4,5,4,5,5,5,2,3,2,3,1,0,3,3,3,4,1,0,4,4,3,4,5,5,5,5,3,4,4,5,4,5,4,5,3,3,3,5,4,3,3,1,4,4,3,4,4,4,4,17,1,4,1,2,0,3,4,4,4,3,3,4,4,3,3,3,4,3,2,4,4,4,5,3,3,3,3,4,3,5,4,3,4,3,3,4,4,2,4,3,2,2,2,2,2,2,2,2,2,1,4,3,2,3,2,9,8,6,5,3,4,9,5,1,1,42,3,1,1,1,40,3900,2400,0,306501,물리치료사 환자 발생 물리 치료,물리치료학
29951,5,7,5,7,5,6,4,6,4,6,4,6,5,6,4,6,4,5,4,5,4,6,4,6,4,5,4,5,4,5,3,4,3,4,2,3,3,4,2,2,2,2,3,4,2,3,2,3,2,3,3,3,3,4,2,2,2,2,2,3,1,0,1,0,1,0,1,0,1,0,1,0,3,4,1,0,1,0,1,0,1,0,1,0,1,0,1,0,4,4,4,3,3,5,4,4,4,4,3,4,4,16,5,6,2,2,0,6,7,4,4,4,4,4,3,4,3,4,3,4,3,5,4,4,5,4,4,1,5,4,4,4,5,4,4,3,4,4,4,3,4,4,2,2,2,2,2,2,2,2,2,2,4,3,3,3,1,6,4,4,3,4,2,5,4,2,1,46,6,1,1,1,50,5500,3500,0,121101,국가 핵심 산업 한가지,물리
29952,5,7,5,7,5,7,4,6,4,6,5,7,5,7,5,6,4,5,3,5,5,6,5,7,4,5,4,6,3,5,4,6,5,6,4,6,4,6,3,5,5,7,5,7,3,5,3,5,2,5,5,5,5,7,4,6,3,5,3,5,4,6,3,5,4,6,3,5,4,6,3,5,5,6,5,2,2,4,3,5,1,0,1,0,1,0,1,0,5,4,5,4,5,5,5,2,4,5,5,5,5,15,2,5,2,2,0,2,7,5,5,5,5,5,4,4,4,4,4,4,1,5,5,5,5,3,4,1,5,4,2,4,4,4,5,5,4,5,4,2,5,5,2,2,2,2,2,2,2,2,2,1,3,3,3,3,1,7,3,2,2,1,7,2,3,3,1,52,6,1,1,1,48,12000,6500,0,110202,전문가 위해 공부 전념 기간,경제학
29953,4,3,4,3,3,2,4,3,3,2,3,3,3,3,3,2,3,2,3,2,3,2,3,3,3,2,3,2,3,3,3,2,3,2,3,2,3,3,3,4,1,0,1,0,3,2,1,0,2,3,1,0,1,0,1,0,1,0,1,0,3,2,1,0,1,0,1,0,1,0,1,0,3,2,1,0,1,0,3,2,2,2,2,2,3,2,3,2,3,3,3,3,3,4,3,3,3,3,3,3,3,16,5,2,2,2,0,2,5,3,3,3,3,3,3,3,3,3,3,3,3,4,3,4,3,4,4,3,3,3,3,4,3,3,3,3,3,4,3,3,3,3,2,2,2,2,2,2,2,2,2,2,1,3,3,3,2,5,5,5,5,5,5,5,5,5,2,40,4,1,1,1,40,2500,1440,0,29501,전산 자동화,영문
29954,3,3,3,5,2,2,3,3,4,5,4,4,2,4,4,4,3,3,4,4,3,3,4,7,4,4,4,4,1,0,3,3,3,4,4,4,3,3,2,3,4,4,3,5,2,2,1,0,3,5,2,2,4,4,4,4,4,4,5,6,3,3,3,5,4,6,4,5,4,4,4,4,4,4,4,5,5,5,4,4,3,5,3,3,3,3,3,4,4,5,3,3,5,2,3,4,3,4,5,3,4,6,1,2,1,2,0,2,2,4,3,3,4,3,4,3,3,3,4,3,4,3,4,4,3,4,3,4,3,3,2,4,3,4,4,3,4,4,3,4,3,3,2,2,2,2,2,2,2,2,2,2,4,2,2,3,1,5,4,3,6,5,4,6,4,4,1,40,2,1,1,1,40,3200,3000,0,703101,배관기능사 노후 시설 물이,기계
29955,1,0,3,3,1,0,1,0,1,0,1,0,5,6,2,2,2,2,1,0,4,5,1,0,3,2,1,0,1,0,3,3,1,0,1,0,1,0,3,4,3,3,2,2,2,2,3,3,1,0,3,3,3,4,3,3,3,3,2,2,1,0,1,0,1,0,2,2,1,0,1,0,1,0,5,6,2,2,1,0,2,2,1,0,2,2,2,2,4,4,5,5,5,5,5,3,3,3,3,2,4,18,1,1,2,2,0,6,4,2,3,3,4,4,3,3,9,9,4,4,1,1,1,2,2,3,3,3,3,3,2,3,3,3,3,3,3,2,2,3,3,3,2,2,2,2,2,2,2,2,2,1,2,3,3,3,2,3,3,3,7,7,7,9,9,1,2,50,4,2,5,1,50,0,0,4000,884101,공예 전공 학생,공예학
29956,3,4,3,4,3,4,3,4,3,4,3,4,3,4,3,4,3,4,3,4,3,4,3,4,3,4,3,4,3,4,3,4,3,4,3,4,3,4,3,4,3,4,3,4,3,4,3,4,3,4,3,4,3,4,3,4,3,4,3,4,3,4,3,4,3,4,3,4,3,4,3,4,3,4,3,4,3,4,3,4,3,4,3,4,3,4,3,4,4,3,3,4,4,3,3,4,3,3,3,3,3,3,1,2,2,2,0,6,5,4,3,3,3,4,3,4,4,3,3,4,2,4,4,4,4,3,3,4,3,4,3,4,3,3,3,3,3,4,3,3,4,3,2,2,2,2,2,2,2,2,2,1,2,3,3,3,2,5,5,7,7,5,5,5,5,5,1,55,2,1,1,1,48,4200,2600,0,826401,용량 감소,요리학
29957,4,4,3,4,2,2,3,4,2,2,2,3,1,0,1,0,3,4,1,0,2,2,2,2,3,4,2,2,3,6,1,0,1,0,1,0,3,5,3,6,2,3,2,3,2,3,1,0,1,0,1,0,1,0,1,0,1,0,1,0,1,0,1,0,1,0,1,0,1,0,1,0,1,0,3,4,1,0,2,2,1,0,1,0,2,3,2,3,3,4,2,4,4,3,3,4,2,4,4,4,2,17,1,4,2,2,0,4,5,4,3,3,3,3,3,4,3,3,3,3,2,2,4,2,3,2,2,3,3,4,4,4,4,2,2,3,2,3,2,2,3,3,2,2,2,2,2,2,2,2,2,2,3,1,1,3,2,4,4,4,4,4,5,4,4,5,2,38,4,2,5,1,40,0,0,8000,301108,공란,의대
29958,3,3,3,4,2,3,4,4,1,0,4,4,2,2,2,5,3,4,4,4,3,4,4,4,4,4,3,3,1,0,4,4,2,5,1,0,4,3,3,3,4,3,4,4,2,2,3,5,4,4,3,5,3,4,4,3,4,4,4,4,4,4,4,4,2,5,4,4,4,4,3,5,4,4,2,5,4,4,4,4,3,3,2,4,4,6,2,3,4,3,4,3,3,2,4,4,5,4,3,3,3,14,1,2,2,2,0,2,2,3,4,3,3,4,4,4,5,3,4,4,3,3,4,3,4,4,3,4,5,4,4,4,3,3,4,5,4,3,3,4,4,3,2,2,2,2,2,2,2,2,2,2,3,2,2,2,1,5,3,7,6,6,6,7,3,4,1,45,2,1,3,2,28,3000,2000,0,561301,수요,실업계
29959,5,7,5,7,5,7,5,7,3,6,5,7,5,6,4,5,4,5,3,5,4,6,3,5,4,5,4,5,4,5,4,5,4,5,4,5,3,5,3,5,4,5,4,5,4,6,4,6,2,2,1,0,1,0,1,0,1,0,1,0,1,0,1,0,1,0,1,0,1,0,1,0,3,4,1,0,1,0,1,0,1,0,1,0,2,3,2,3,4,4,4,3,4,4,3,4,4,3,4,4,4,15,2,4,2,1,3,3,5,4,4,4,4,4,3,5,4,4,3,4,1,3,4,4,3,3,4,4,3,4,3,4,4,3,4,3,3,3,4,3,3,2,2,2,2,2,2,2,2,2,2,2,3,3,3,3,1,3,2,3,3,4,4,3,2,3,1,40,4,1,1,1,50,6000,4500,0,221101,사법연수원 상태 유지,법학
29960,2,1,2,1,2,2,2,1,1,0,1,0,1,0,3,2,2,4,2,4,1,0,3,3,2,3,2,5,2,2,2,2,1,0,1,0,2,2,1,0,2,2,2,2,2,2,1,0,5,3,1,0,3,2,3,2,5,5,5,4,1,0,3,3,4,4,4,4,5,5,4,4,1,0,4,4,4,3,4,4,5,5,4,4,3,3,2,2,3,1,3,2,3,2,3,2,1,2,2,2,3,3,1,4,2,2,0,7,2,4,3,3,3,3,2,2,2,3,3,3,4,2,3,4,3,2,2,3,3,3,3,4,2,3,4,5,4,5,2,2,4,3,2,2,2,2,2,2,2,2,2,2,3,3,3,3,2,6,6,3,4,4,5,7,7,3,1,38,2,1,1,1,40,3800,2500,0,811101,생산 설비 관리 계속 것이므,공작기계
29961,4,5,4,5,4,5,4,5,4,5,3,4,2,3,3,4,3,4,3,4,3,4,5,4,3,4,4,4,3,3,3,4,2,4,2,3,2,4,2,4,3,4,3,4,3,4,4,4,2,4,3,4,2,3,2,3,2,4,3,4,4,5,2,4,2,3,3,2,5,5,3,3,2,3,5,5,4,3,3,4,3,5,3,3,3,4,2,3,4,4,4,2,4,1,3,2,2,2,3,2,3,6,1,2,1,1,2,6,2,4,4,3,4,3,2,2,3,3,4,3,3,3,3,4,2,2,4,2,3,3,2,4,3,3,2,3,4,4,3,3,4,3,2,2,2,2,2,2,2,2,2,1,3,2,3,3,2,1,3,3,1,3,3,3,5,4,2,39,4,1,1,1,45,4200,2400,0,701602,문화재보수기술자 건축기사 실측설계사보 법관련 개정 내용 문화재 한정 때문,건축공학
29962,4,5,4,5,4,6,4,6,4,6,5,6,2,3,4,4,4,5,1,0,4,6,3,4,3,4,4,5,4,5,5,6,5,6,4,5,2,3,3,4,4,5,4,5,4,4,2,4,1,0,3,3,2,2,1,0,1,0,1,0,3,4,1,0,1,0,1,0,1,0,1,0,3,4,1,0,1,0,1,0,1,0,1,0,2,2,2,2,4,3,2,3,3,4,3,4,2,3,4,2,2,6,1,3,1,2,0,6,5,3,3,3,4,3,4,3,3,3,4,3,3,2,2,4,4,2,4,2,1,3,2,5,2,3,3,3,4,5,3,3,5,4,2,2,2,2,2,2,2,2,2,2,2,2,2,2,1,8,8,7,3,3,3,2,2,7,1,37,4,1,1,1,40,4200,3000,0,26401,검량사 업무 자동화,경제학
29963,4,5,4,6,4,6,4,6,4,5,4,6,4,5,4,6,4,6,3,4,3,5,4,5,4,5,4,4,4,6,4,5,4,5,4,5,4,6,4,6,4,6,4,5,4,5,2,2,2,2,3,5,1,0,1,0,1,0,1,0,2,4,1,0,1,0,1,0,1,0,1,0,3,4,1,0,1,0,1,0,1,0,1,0,2,3,2,3,5,4,4,4,4,5,4,4,4,5,5,4,4,16,5,5,2,2,0,6,7,4,4,4,4,4,3,4,4,4,3,4,2,5,4,4,5,4,3,3,4,3,3,4,4,3,2,4,3,4,4,2,3,4,2,2,2,2,2,2,2,2,2,2,3,3,3,3,1,5,4,4,3,4,4,4,3,4,1,43,6,1,1,1,45,4000,3000,0,110105,정신질환 증가,심리학
29964,2,3,2,3,1,0,3,4,2,3,2,2,3,4,3,3,4,5,4,5,2,2,3,4,3,5,4,4,3,4,2,2,1,0,1,0,1,0,1,0,3,4,4,4,4,4,2,2,1,0,1,0,2,2,2,2,2,3,3,5,4,5,3,3,3,3,2,2,2,2,3,3,2,3,2,2,1,0,3,4,2,2,2,2,3,4,1,0,3,4,3,3,4,2,3,4,3,4,4,4,3,8,1,3,2,2,0,1,4,3,4,4,4,4,4,3,3,3,4,3,2,3,3,3,4,3,3,2,3,4,2,4,3,4,4,3,4,4,3,3,3,3,2,2,2,2,2,2,2,2,2,1,2,2,2,3,1,3,7,6,4,4,6,3,7,4,2,32,4,1,1,1,40,3000,2800,0,28204,코로나 영향 위축,경제학
29965,2,4,3,4,3,4,3,4,1,0,3,4,2,4,2,4,3,4,2,4,2,4,2,4,3,4,2,4,2,4,3,4,3,4,3,4,4,4,3,4,3,4,3,4,3,4,4,4,3,4,3,4,3,4,4,4,4,4,4,4,4,4,4,4,4,4,4,4,5,4,5,4,5,4,4,4,3,4,3,4,2,4,5,4,5,4,5,4,4,4,2,1,3,4,4,3,4,3,3,3,4,17,1,1,1,1,2,5,2,3,4,4,5,3,3,2,3,5,5,5,1,4,3,2,4,4,4,4,4,4,2,5,3,3,3,3,4,4,3,3,4,3,2,2,2,2,2,2,2,2,2,1,3,3,3,3,2,5,5,5,6,5,5,3,5,5,2,50,4,1,3,1,41,2400,1950,0,301004,간호조무사 봉사 변화,간호학
29966,1,0,1,0,1,0,1,0,1,0,1,0,1,0,1,0,1,0,1,0,1,0,1,0,2,3,1,0,1,0,1,0,1,0,1,0,1,0,1,0,1,0,1,0,1,0,1,0,1,0,1,0,1,0,1,0,1,0,1,0,1,0,1,0,2,3,1,0,1,0,2,3,1,0,4,5,3,4,1,0,3,4,4,4,2,3,2,3,3,3,3,3,3,2,3,3,2,2,3,3,3,3,1,2,2,2,0,7,2,3,3,3,4,3,3,3,3,2,3,3,4,3,3,3,3,2,3,2,2,3,4,3,2,3,3,3,4,4,3,3,4,3,2,2,2,2,2,2,2,2,2,2,3,3,3,3,1,4,7,5,4,5,6,4,6,4,1,48,2,1,1,1,44,4211,3500,0,826301,수요,기계
29967,3,5,3,4,2,4,4,5,3,4,2,2,4,6,2,2,5,5,1,0,4,5,1,0,3,4,1,0,4,5,4,5,2,2,1,0,3,4,2,3,2,2,2,2,3,4,2,3,2,2,2,2,5,6,3,4,5,7,3,4,1,0,2,3,2,2,4,5,1,0,2,2,1,0,1,0,1,0,5,6,5,6,1,0,5,5,5,5,4,3,5,2,2,3,3,3,3,4,3,4,3,3,1,1,2,2,0,5,2,3,1,1,4,4,2,3,3,3,3,3,4,3,3,4,4,3,4,4,2,3,3,4,4,4,4,4,4,5,5,4,5,4,2,2,2,2,2,2,2,2,2,2,3,3,3,3,2,7,7,8,3,7,6,3,4,3,1,48,2,1,1,1,48,3800,2400,0,705101,변화,이과
29968,2,4,2,3,1,0,2,4,3,4,3,5,1,0,3,4,3,4,4,5,4,5,3,5,4,5,3,4,3,4,4,5,2,4,2,4,1,0,1,0,3,4,4,6,4,6,1,0,3,4,1,0,4,5,4,6,4,6,4,6,3,5,2,3,3,5,4,5,4,6,4,5,3,4,3,5,4,5,4,6,4,6,4,6,4,5,4,5,4,4,4,3,3,2,2,3,2,3,3,2,3,13,1,1,1,2,0,6,2,3,3,4,3,3,2,4,3,5,4,4,3,3,4,3,4,3,3,4,2,3,4,3,4,3,3,4,3,3,2,2,3,4,2,2,2,2,2,2,2,2,2,2,3,2,1,2,1,5,6,4,5,5,6,6,4,5,1,37,3,1,1,1,45,3500,2000,0,702502,유리시공기능사,산업설비학
29969,3,4,4,5,1,0,1,0,1,0,1,0,3,4,1,0,4,6,1,0,1,0,1,0,1,0,1,0,1,0,1,0,1,0,1,0,1,0,1,0,1,0,1,0,1,0,1,0,1,0,1,0,1,0,1,0,1,0,1,0,1,0,1,0,1,0,1,0,1,0,1,0,1,0,1,0,1,0,1,0,1,0,1,0,1,0,5,7,5,5,4,3,3,3,3,4,3,5,5,2,5,18,3,3,2,2,0,7,5,4,3,3,4,5,4,4,4,4,4,4,1,4,4,5,3,2,3,4,1,3,4,5,5,5,4,4,5,4,3,2,2,4,2,2,2,2,2,2,2,2,2,1,2,2,2,2,1,7,6,7,4,3,4,8,7,4,2,30,4,1,1,1,30,2500,2000,0,414602,인구 감소 때문,성악
29970,3,4,5,6,5,7,3,4,1,0,3,5,5,6,4,4,3,4,4,4,5,6,3,5,2,3,4,6,4,5,2,3,5,6,4,6,3,5,2,3,3,4,4,5,4,6,3,4,2,4,3,3,3,4,1,0,1,0,1,0,4,5,2,2,2,2,2,3,1,0,1,0,2,3,3,3,4,5,2,3,3,4,3,4,3,4,5,5,5,5,5,2,5,3,1,5,3,2,4,4,5,18,4,1,2,1,1,7,5,4,5,4,4,4,3,2,2,4,4,3,5,3,2,3,3,4,3,3,3,5,2,4,3,3,3,3,4,5,3,3,3,4,2,2,2,2,2,2,2,2,2,1,1,3,3,3,2,8,7,7,8,8,8,2,3,1,1,67,1,1,4,2,40,1880,1800,0,411102,예절교육 코로나교육 돈벌이 업종,0
29971,5,5,5,4,4,2,5,4,4,3,5,5,5,5,5,7,5,5,5,5,5,4,5,6,5,5,4,5,4,5,5,5,5,4,5,6,5,5,5,5,5,6,5,6,5,5,5,5,5,5,5,5,5,6,5,6,5,5,5,6,5,3,5,4,5,5,5,6,5,6,5,6,5,5,5,5,5,6,5,4,5,3,5,5,5,5,5,5,5,5,3,4,4,4,5,1,2,4,3,5,4,3,1,6,2,2,0,3,6,4,5,4,5,5,5,4,4,5,4,4,1,5,5,5,5,4,5,2,5,4,3,5,3,5,4,4,5,5,5,3,5,5,2,2,2,2,2,2,2,2,2,3,1,3,3,3,2,1,1,1,5,3,2,1,9,1,2,58,5,1,1,1,45,7900,2500,0,852301,원료 혼합 자동화 설비 도입,생물학
29972,5,6,4,5,3,4,3,3,2,2,1,0,5,6,2,2,3,4,4,4,4,5,3,4,4,5,4,5,4,4,2,2,3,3,2,2,4,5,3,4,4,3,4,4,2,2,2,2,2,3,2,2,3,3,3,3,2,3,1,0,1,0,4,4,3,3,4,4,1,0,2,2,2,2,2,2,4,4,3,3,2,2,1,0,3,4,2,2,4,4,3,3,5,3,2,5,3,3,5,4,5,18,1,3,2,2,0,3,4,4,2,2,3,4,3,3,9,9,4,4,4,3,3,4,4,3,4,3,3,3,2,3,5,4,4,3,3,3,3,2,2,4,2,2,2,2,2,2,2,1,1,1,2,1,2,1,1,3,4,3,6,5,5,7,7,8,2,36,4,1,3,2,40,3500,2700,0,416102,코로나 영향 경기 불황 여파,영화학
29973,5,7,4,6,4,6,5,6,3,3,5,6,5,7,3,4,4,6,1,0,4,6,5,7,4,5,2,3,4,5,2,2,3,4,2,2,5,6,3,3,3,5,3,4,3,4,2,2,2,2,2,3,2,2,3,4,3,3,1,0,1,0,1,0,1,0,2,2,1,0,1,0,2,3,5,7,4,5,1,0,1,0,2,2,5,7,2,2,4,5,5,5,5,5,5,2,3,4,5,4,4,17,1,2,1,2,0,5,6,5,5,5,4,5,3,5,9,9,9,4,1,4,4,4,3,4,3,3,4,2,4,5,4,4,5,5,4,4,5,4,4,3,2,2,2,2,2,2,2,2,2,1,3,2,2,2,2,6,2,2,2,2,2,8,7,3,1,56,5,2,5,1,40,0,0,20000,301103,의학국가고시 사람 얼굴 보고 대면 상태,성형외
29974,2,3,2,3,2,2,2,2,2,3,2,4,4,5,2,3,3,4,2,3,2,2,2,4,2,3,2,2,2,2,2,2,2,1,2,1,2,3,2,3,2,4,2,1,2,2,2,1,2,1,2,1,2,4,2,2,2,1,2,1,2,3,2,2,2,2,2,1,2,1,2,1,1,0,3,4,2,3,2,2,2,3,2,2,2,2,2,2,2,3,3,2,3,3,3,3,3,3,3,3,3,3,1,2,2,1,2,4,2,3,2,2,3,3,3,2,9,3,3,3,2,3,2,3,3,1,3,3,2,4,3,5,3,3,3,2,3,4,3,3,4,3,2,2,2,2,2,2,2,2,2,2,2,3,3,3,2,7,6,5,3,3,4,6,4,4,2,39,4,1,3,2,40,3400,2800,0,862101,실무 교육 생산 업체 해외 이전,의상학
29975,5,7,4,6,4,6,4,6,4,6,5,7,5,6,5,7,4,6,4,6,4,6,5,7,4,5,4,6,4,6,3,5,3,4,4,5,4,6,4,5,4,6,4,5,4,5,3,4,3,4,3,5,4,6,4,5,4,5,4,5,4,5,4,4,3,5,4,5,4,5,3,5,3,5,3,4,4,5,3,4,3,5,3,4,3,4,3,5,3,3,3,2,4,3,4,3,3,4,4,4,3,15,2,4,2,2,0,5,6,3,3,3,4,4,4,3,3,4,4,4,3,3,3,3,3,3,3,3,3,4,5,3,3,2,2,3,3,3,4,3,3,4,2,2,2,2,2,2,2,2,2,2,3,3,3,3,2,2,2,2,5,5,8,2,2,3,1,44,5,1,1,1,40,4500,3600,0,122103,식량 국가 포기 기본 부분,농업학
29976,1,0,4,3,1,0,1,0,4,2,1,0,1,0,4,2,3,2,5,4,2,3,1,0,5,2,2,2,1,0,3,4,1,0,1,0,1,0,1,0,4,3,4,4,5,2,1,0,2,2,4,2,4,3,2,3,3,3,5,3,1,0,2,2,3,2,4,3,3,5,5,4,1,0,4,3,2,2,2,3,4,4,1,0,1,0,1,0,2,2,4,3,2,3,2,3,4,2,1,2,3,6,1,2,2,2,0,2,1,2,1,2,2,3,2,3,2,2,5,2,4,2,2,3,3,2,4,3,4,3,3,2,3,3,2,4,4,3,5,4,4,4,2,2,2,2,2,2,2,2,2,2,2,3,3,3,2,6,8,9,3,5,4,6,3,7,1,57,2,1,3,2,40,2700,2700,0,706001,건설 경기 부진 감소,문과
29977,1,0,1,0,1,0,1,0,1,0,1,0,1,0,1,0,1,0,4,5,1,0,1,0,1,0,1,0,1,0,1,0,1,0,1,0,1,0,1,0,1,0,1,0,2,4,1,0,1,0,1,0,1,0,1,0,1,0,1,0,1,0,1,0,1,0,2,4,1,0,1,0,1,0,1,0,4,5,4,5,5,5,4,5,3,4,2,4,4,4,3,3,4,2,3,3,2,3,4,4,3,8,1,4,1,2,0,3,2,4,3,3,4,3,3,4,4,4,4,4,4,3,3,4,4,3,3,2,3,4,4,5,3,4,3,3,4,4,4,4,5,4,2,1,2,2,2,2,2,2,2,2,4,1,1,1,1,6,6,6,5,5,6,5,6,5,1,36,2,1,1,1,60,3900,2500,0,624101,운전면허 보통 1종 화물운송종사자 물류 분류 자동화 온라인 쇼핑 증가,문과
29978,4,4,4,4,2,2,3,3,5,4,3,3,3,4,4,4,3,4,5,5,3,4,4,4,4,4,3,4,1,0,3,4,1,0,1,0,1,0,3,4,5,5,4,4,1,0,3,2,3,3,1,0,5,4,5,5,5,4,3,3,2,4,2,3,2,3,3,3,5,5,4,4,3,4,3,4,2,3,3,3,2,3,2,4,2,3,2,4,4,5,4,4,4,3,4,4,4,4,5,4,4,6,1,2,1,2,0,1,5,4,4,3,4,5,4,3,2,3,3,3,3,4,3,2,3,2,2,3,3,4,2,4,5,4,4,3,4,3,2,2,4,2,2,2,2,2,2,2,2,2,2,2,2,2,2,3,1,4,3,3,4,7,6,8,7,3,1,51,4,1,1,1,40,5500,3700,0,140301,건설기계기술사 산림토목기술사 도로및항공기술사 자동화 일자리 감소,설비공학
29979,4,5,3,4,2,3,3,4,4,6,4,6,3,4,4,6,4,5,3,4,3,4,4,5,4,6,4,5,3,5,3,4,4,5,3,4,2,3,4,6,4,6,3,4,3,5,3,5,4,6,3,5,4,6,5,6,4,6,4,6,4,6,4,6,4,5,4,6,4,5,4,5,4,5,4,6,4,5,4,5,3,5,3,4,3,4,3,4,5,4,4,5,4,4,4,4,5,4,3,4,4,13,1,4,1,2,0,2,5,4,5,4,4,5,4,5,4,4,5,4,2,4,4,3,4,4,3,4,4,4,4,4,3,5,5,4,5,4,4,4,4,3,2,2,2,2,2,2,2,2,2,2,4,1,1,3,1,8,8,3,8,3,8,8,8,2,1,29,5,1,1,1,40,4200,3800,0,131202,정보통신산업기사 전자응용기술사 전파통신기능사 통신 시장 확대,정보통신공학
29980,4,5,3,5,4,5,4,5,4,5,4,6,4,5,4,5,4,5,4,5,4,6,4,5,4,5,4,5,4,5,4,5,4,6,4,6,4,5,4,5,5,6,4,6,4,5,4,5,4,5,3,4,4,5,4,5,3,4,4,5,4,5,4,6,4,5,3,4,4,5,4,5,4,5,4,5,4,5,4,5,3,4,3,4,4,5,4,6,4,4,2,4,4,3,4,4,3,4,4,4,4,11,1,2,1,2,0,3,5,5,4,5,4,5,4,4,3,3,4,4,2,5,5,4,5,4,5,4,5,3,4,4,5,4,5,5,5,5,5,4,4,4,2,2,2,2,2,2,2,2,1,2,4,3,3,3,1,9,9,3,2,1,2,2,2,8,2,34,4,1,1,1,40,3000,2800,0,32302,손해사정사 지능 보험사 고의 적정 보상 위해 공부 노력 보험 보상 업무 증가 일자리 동시 증가 것임,통계학
29981,3,4,4,3,2,2,2,3,4,5,4,5,3,5,4,4,4,3,4,5,5,4,4,4,2,2,3,3,2,2,3,3,4,4,4,4,2,3,4,4,5,6,4,5,2,3,3,3,4,5,4,4,5,6,5,5,4,5,5,4,4,5,5,5,4,5,4,5,5,5,4,5,4,5,3,4,3,3,2,3,2,3,2,3,4,5,3,4,4,4,2,4,3,2,3,4,3,4,4,3,4,3,1,3,1,2,0,5,5,4,4,4,5,4,4,4,5,5,5,5,2,3,4,4,4,5,2,2,3,4,2,2,3,3,4,4,4,3,4,4,5,5,2,2,1,2,2,2,1,2,2,3,1,1,3,3,1,7,4,5,7,3,5,2,4,2,1,37,4,1,1,1,40,3800,3400,0,153102,산업계측제어 전자계산기기 전자응용 기계 도입 시스템 개발,기계
29982,2,2,3,3,1,0,3,2,1,0,1,0,1,0,4,4,3,3,1,0,1,0,2,4,4,3,1,0,1,0,1,0,1,0,1,0,3,3,3,3,3,4,1,0,2,2,1,0,1,0,1,0,3,4,1,0,3,3,1,0,1,0,1,0,4,3,4,3,1,0,1,0,1,0,3,4,4,4,3,4,3,4,3,4,4,4,3,2,3,5,1,3,3,2,1,2,2,1,2,3,4,3,1,2,2,2,0,1,1,2,2,2,5,2,2,3,2,4,4,3,2,4,4,3,4,2,3,1,3,2,4,4,3,3,1,1,2,4,3,1,5,5,2,2,2,2,2,2,2,2,2,1,3,3,3,3,2,7,8,4,5,6,8,7,5,4,1,52,2,1,1,1,40,4500,2500,0,873101,육류 소비 때문 변화,인문계
29983,4,4,3,4,4,4,4,4,3,4,4,5,4,4,3,4,3,4,3,4,3,4,3,4,3,4,3,3,3,4,3,4,2,2,2,1,3,4,3,4,3,4,3,4,4,4,3,5,3,4,3,4,3,4,3,4,3,4,3,4,3,4,3,4,3,4,4,4,3,4,3,4,3,4,3,3,3,5,2,3,3,4,2,4,3,4,3,3,4,4,3,3,4,3,3,3,2,3,3,3,3,3,1,3,1,1,5,6,5,3,4,4,4,3,1,5,4,4,5,4,4,3,4,4,3,3,3,3,4,3,3,3,3,4,4,4,4,4,2,2,4,3,2,2,2,2,2,2,2,2,2,3,2,3,3,2,2,6,8,4,3,3,6,6,5,5,1,45,4,1,1,1,45,4300,3200,0,835101,전기기능사 전기산업기사 실현전 투입에서의 대응 방안 생산 시설 로봇 자동화 대형화 생산 인력 감소,기계
29984,1,0,1,0,1,0,1,0,3,5,3,5,1,0,1,0,3,4,1,0,3,4,1,0,1,0,1,0,1,0,1,0,1,0,1,0,1,0,1,0,3,4,1,0,1,0,1,0,1,0,1,0,4,5,3,5,4,5,4,5,1,0,4,5,3,5,3,4,3,4,3,4,1,0,1,0,1,0,1,0,1,0,1,0,1,0,1,0,4,3,3,3,3,2,2,3,3,3,3,2,3,13,1,4,2,2,0,7,5,3,4,3,4,4,4,3,3,3,3,3,2,3,3,3,3,4,3,3,3,4,4,4,3,3,3,3,3,4,3,3,4,3,2,2,2,2,2,2,2,2,2,1,1,3,3,3,2,7,6,6,3,3,3,8,4,4,1,48,4,1,1,1,40,5000,3500,0,152201,전체 침체,신소재공학
29985,2,3,2,2,1,0,1,0,1,0,1,0,2,3,1,0,2,3,2,2,1,0,1,0,1,0,1,0,2,2,2,2,2,2,2,2,1,0,1,0,2,4,4,5,4,4,3,4,3,2,3,3,4,6,4,5,4,5,4,5,1,0,3,5,4,5,4,5,4,6,4,6,4,5,3,4,4,5,4,5,4,5,4,5,4,5,4,5,4,3,4,3,4,3,3,4,3,3,3,2,2,3,1,5,1,2,0,3,2,3,2,2,3,2,2,4,4,3,4,4,3,2,3,4,3,3,3,3,4,3,3,4,4,3,4,3,4,4,3,3,3,4,2,2,2,2,2,2,2,2,2,2,3,3,3,3,2,7,8,7,6,7,6,4,5,6,1,41,2,1,1,1,40,4000,3000,0,821101,금속재료기능사 변화,기계
29986,3,4,3,4,4,5,3,4,1,0,3,4,3,4,3,4,4,5,3,4,4,6,1,0,4,5,2,3,3,4,2,3,3,4,4,5,4,5,4,5,5,6,4,5,2,2,3,4,2,2,1,0,1,0,1,0,3,4,2,3,1,0,3,4,2,3,3,4,2,3,1,0,3,4,2,2,2,2,1,0,2,3,3,4,4,5,3,4,4,4,2,3,4,1,3,3,2,3,2,2,2,7,1,1,1,1,2,2,5,4,3,3,4,4,3,3,3,2,3,3,3,4,3,4,5,3,3,2,2,3,4,4,4,3,3,4,3,2,3,3,4,2,2,2,2,2,2,2,2,2,2,1,3,3,3,3,2,4,4,4,3,3,3,4,4,4,1,39,4,2,5,1,40,0,0,4700,415301,실내디자인건축기사자격증 인테리어 기본교육 인테리어 교체,디자인학
29987,4,6,5,6,5,7,4,6,4,6,4,6,4,6,5,6,5,6,4,6,4,6,4,6,4,6,4,5,4,6,4,6,5,6,4,5,4,6,4,6,4,6,4,6,5,6,4,6,4,6,4,6,4,6,4,6,5,6,4,5,4,6,5,6,4,6,4,6,5,6,4,6,4,6,5,6,4,5,4,5,4,6,4,6,4,6,5,6,4,5,4,4,4,5,5,4,4,5,4,4,4,17,1,5,1,2,0,6,6,4,4,5,4,4,4,5,5,5,5,5,3,4,4,4,3,4,4,4,4,4,4,4,4,4,4,4,4,4,4,4,5,4,2,2,2,2,2,2,2,2,2,1,3,3,3,3,2,7,6,6,6,6,6,7,7,7,1,55,5,2,5,1,40,0,0,11000,13401,의사 현대 사회 질병,의학
29988,3,4,4,4,2,3,5,5,1,0,3,3,1,0,2,3,3,4,1,0,1,0,2,4,3,3,3,5,3,3,3,3,4,5,4,5,3,4,4,4,4,5,2,4,2,3,1,0,2,2,3,3,1,0,1,0,1,0,1,0,3,4,1,0,1,0,1,0,1,0,1,0,1,0,1,0,1,0,1,0,1,0,1,0,1,0,5,4,4,3,2,2,4,4,3,2,3,5,3,2,3,19,1,2,2,2,0,7,2,3,3,3,4,4,4,3,9,4,4,4,4,4,3,2,2,2,2,2,2,2,3,5,2,2,3,3,3,4,3,2,5,4,2,2,2,2,2,2,2,2,2,1,3,1,1,1,1,8,7,6,3,2,4,7,8,9,2,28,3,1,1,1,45,2800,2300,0,29201,컴퓨터 제한 이기 때문,영문
29989,1,0,1,0,1,0,1,0,1,0,1,0,1,0,1,0,1,0,1,0,1,0,1,0,1,0,1,0,1,0,1,0,1,0,1,0,1,0,1,0,1,0,1,0,1,0,1,0,1,0,1,0,2,3,1,0,3,4,4,5,4,5,4,5,4,5,4,5,1,0,2,2,1,0,1,0,2,2,1,0,2,2,1,0,1,0,1,0,4,3,3,4,3,4,4,3,3,4,3,4,3,18,1,3,2,2,0,7,5,3,3,3,4,3,4,3,3,3,3,4,4,4,4,3,4,3,4,3,4,4,4,3,4,4,4,4,4,3,3,3,3,4,2,2,2,2,2,2,2,2,2,2,3,3,3,3,2,6,7,5,7,8,7,9,8,8,1,33,4,1,1,1,40,3200,2600,0,416501,인원 한정,영상학
29990,4,5,4,5,4,5,4,5,4,5,4,5,4,5,4,5,3,4,4,5,4,5,4,5,4,5,4,4,4,5,4,5,4,5,4,5,3,4,3,4,4,5,4,5,4,5,3,4,3,4,4,5,4,5,3,4,3,4,2,3,4,5,3,4,3,4,3,4,3,3,3,3,3,4,3,4,3,4,3,4,3,5,2,4,3,4,2,4,4,4,4,4,4,3,3,4,3,4,4,4,4,13,1,5,1,1,1,4,5,4,4,4,3,4,3,4,4,4,4,4,2,4,4,4,4,3,4,3,4,3,4,4,4,4,4,4,4,4,4,4,4,4,1,1,1,1,1,1,2,1,1,2,2,3,2,2,1,5,5,5,5,5,5,5,5,5,1,39,4,1,1,1,48,8000,3500,0,23401,감정평가사 개정법률숙지 프로그램 변경 변경 프로그램 이해 숙지 빅데이터 수집 반복 규칙 작업 부분 전산 대체 판단,토목환경공학
29991,2,3,2,3,2,2,2,3,2,2,2,3,2,3,3,4,3,5,3,4,2,3,2,2,3,5,2,3,4,4,4,5,4,5,4,5,2,2,5,6,3,4,2,2,3,5,1,0,2,3,1,0,2,2,2,3,3,3,3,4,2,2,2,2,3,2,2,3,3,5,4,5,2,2,2,3,3,3,5,5,4,5,4,5,3,5,3,5,4,5,3,4,4,3,5,4,4,4,2,4,4,14,1,5,2,1,1,1,2,3,2,2,4,2,1,2,2,3,3,2,3,2,2,4,4,3,4,3,4,3,4,4,2,3,3,2,4,4,4,3,4,3,2,2,2,2,2,1,2,2,2,2,2,3,3,3,2,6,6,6,6,5,4,5,5,5,1,59,2,1,2,2,40,3800,2800,0,542001,경비 이수 교육 시스템 기계 도입 교육 일부 기계 대체,인문계
29992,3,5,4,6,4,5,5,5,4,4,4,5,5,5,4,5,4,4,5,5,3,4,4,6,4,4,3,6,4,5,4,5,5,5,4,5,4,5,4,6,4,5,5,5,4,5,3,5,2,3,4,5,2,3,2,4,1,0,1,0,2,4,1,0,3,4,2,4,2,4,2,4,4,5,1,0,1,0,5,4,3,3,5,5,3,5,3,5,4,3,2,3,4,3,4,5,5,3,4,4,3,18,1,2,2,2,0,6,5,5,4,4,4,4,4,4,9,9,9,4,1,4,5,2,3,3,4,1,3,3,4,3,5,4,4,3,5,4,4,4,4,4,2,2,2,2,2,2,1,2,2,1,3,3,2,2,2,8,8,5,8,2,1,7,5,4,2,30,4,1,1,1,48,3000,2800,0,414702,코로나 공연 취소 취업 경쟁 직업,무용
29993,4,6,4,5,5,5,4,5,4,5,4,6,3,4,4,4,4,4,3,4,4,4,4,6,4,4,4,5,3,4,4,4,3,4,4,5,4,4,4,4,3,3,4,4,3,3,3,4,3,3,4,3,3,4,3,3,2,3,2,3,3,3,3,3,2,3,1,0,1,0,1,0,3,4,2,2,2,2,1,0,1,0,1,0,3,5,3,5,4,3,4,4,3,4,4,4,4,5,4,4,4,15,2,5,1,2,0,7,5,4,3,3,4,4,3,3,3,4,4,3,2,3,3,4,3,3,2,2,3,3,4,4,3,2,3,4,4,5,3,3,4,4,2,2,2,2,2,2,2,2,2,1,3,3,3,3,2,4,6,5,5,6,6,6,6,5,2,29,5,1,1,1,48,4400,3800,0,155106,원자력발전기술사 정부 정챙 변화 대한 영향 직업,원자력공학
29994,3,4,3,4,1,0,1,0,1,0,1,0,5,6,1,0,4,5,3,4,2,3,4,5,4,5,5,6,1,0,3,4,1,0,1,0,4,5,1,0,1,0,1,0,5,6,1,0,1,0,1,0,1,0,1,0,3,4,1,0,1,0,1,0,1,0,3,4,3,4,1,0,1,0,3,4,3,5,1,0,3,4,3,4,3,4,5,7,4,3,4,2,3,3,3,3,3,3,3,3,4,18,2,3,2,1,2,7,5,3,1,1,2,3,3,2,3,4,4,3,3,2,2,3,4,4,4,3,4,3,3,4,4,3,3,4,5,4,4,4,4,5,2,1,1,2,2,2,2,2,2,3,2,2,2,2,2,7,3,4,1,3,6,7,9,8,1,43,5,1,1,1,30,3000,1000,0,414503,사회 실무 교육 상대방과의 대화 방식 기능 대폭 확장 강화 컴퓨터 하드웨어 장비 시스템 향상 강화 소프트웨어 기능 연주 활동 향상 공연 시대 상황,기악
29995,5,3,4,4,2,3,2,3,4,3,3,2,2,1,4,3,3,3,3,3,4,4,2,3,4,2,4,2,3,3,4,2,3,3,1,0,3,2,2,1,4,3,3,4,2,3,2,3,3,2,2,2,4,3,4,4,2,4,3,3,2,1,4,2,3,4,4,3,3,2,4,3,2,1,4,2,3,2,1,0,1,0,1,0,4,2,3,2,4,3,5,4,3,4,4,5,3,4,4,3,4,13,1,2,1,2,0,7,5,5,5,5,5,5,5,3,4,4,5,3,1,4,3,4,5,5,4,5,3,4,5,3,4,4,5,3,4,5,4,5,5,4,2,2,2,2,2,2,2,2,2,2,4,3,3,3,2,3,6,5,8,7,3,4,4,5,1,35,4,1,1,1,40,3600,3200,0,155501,산업위생관리산업기사 환경수질기사 건강 환경 대한 관심,환경공학
29996,5,6,5,6,4,6,5,6,4,6,4,6,5,6,4,5,5,6,4,6,3,5,4,6,4,6,4,6,4,6,4,6,4,6,4,6,5,6,4,6,4,6,4,5,4,6,2,3,1,0,1,0,1,0,1,0,1,0,1,0,3,5,1,0,1,0,1,0,2,3,1,0,2,3,2,4,3,5,3,5,3,5,4,5,4,6,4,5,5,5,4,4,5,2,4,2,3,5,3,5,4,16,5,3,1,2,0,7,5,4,4,4,4,3,4,4,4,4,4,4,3,4,4,4,5,4,4,4,3,4,3,4,4,3,2,2,4,5,4,4,3,3,2,2,1,2,2,2,2,2,2,2,2,1,2,3,1,9,9,5,3,3,3,8,9,9,2,42,4,1,1,1,40,4200,3300,0,212101,중등교사자격증 비대 온라인 학습 학생 감소,영문학
29997,4,6,4,5,2,5,4,5,2,4,3,5,3,4,3,4,4,5,3,4,3,4,4,5,4,5,4,5,3,5,3,5,3,4,3,4,4,5,3,4,3,5,2,4,4,5,1,0,1,0,4,5,1,0,1,0,1,0,1,0,2,3,2,3,1,0,3,4,2,2,2,3,3,4,2,3,2,3,3,4,4,6,2,4,4,5,3,4,3,3,2,3,3,2,4,2,2,2,4,4,3,15,2,4,2,1,2,2,4,3,3,1,3,3,2,3,3,3,4,3,2,3,3,3,2,2,3,2,4,3,4,2,3,4,4,3,3,4,4,3,3,3,2,2,2,2,2,2,2,2,2,1,3,3,3,3,2,6,8,8,7,7,6,6,4,5,1,44,2,1,1,1,40,3500,2000,0,240301,사격훈련 체력훈련 기계 자동화 대체,기계
29998,1,0,4,4,1,0,5,6,1,0,1,0,1,0,1,0,3,3,4,5,1,0,1,0,4,4,1,0,4,5,4,5,4,5,1,0,1,0,5,7,1,0,4,3,4,5,1,0,1,0,4,5,1,0,1,0,1,0,1,0,1,0,1,0,1,0,1,0,1,0,1,0,1,0,1,0,1,0,1,0,4,5,3,4,4,6,3,4,2,4,3,4,4,3,3,2,2,3,4,4,3,15,2,5,2,2,0,7,5,4,4,4,4,5,4,5,4,4,5,4,4,5,4,4,4,3,4,5,4,4,5,4,4,5,4,4,5,4,4,4,4,3,2,2,2,2,2,2,2,2,2,1,3,3,3,3,2,5,6,4,5,5,5,7,6,5,2,27,4,1,1,1,40,3200,2800,0,522202,이용 변화,교통대학교
29999,3,4,3,3,1,0,1,0,3,4,2,3,4,5,3,4,3,4,3,4,3,4,3,4,4,5,3,4,3,4,4,5,3,4,1,0,4,4,3,4,3,3,3,4,3,4,1,0,1,0,1,0,1,0,1,0,1,0,1,0,1,0,1,0,1,0,1,0,1,0,1,0,1,0,4,4,1,0,1,0,3,4,4,6,1,0,1,0,4,4,3,3,3,4,3,3,3,3,3,3,3,18,1,1,2,1,3,3,2,3,4,4,4,3,3,4,3,3,3,3,3,3,3,2,3,4,3,3,3,3,4,3,4,3,3,2,3,3,3,3,3,3,2,2,2,2,2,2,2,2,2,4,3,2,2,2,1,3,7,7,6,3,8,3,7,6,2,28,3,1,3,2,40,2000,1200,0,414703,댄스훈련 크게 변화,실용무용
30000,2,2,2,2,2,2,2,2,2,2,3,3,3,3,3,3,3,5,2,2,3,4,3,5,4,6,2,2,3,3,3,4,1,0,1,0,3,4,3,5,3,3,2,2,2,2,1,0,3,3,1,0,4,5,4,5,4,4,2,2,2,2,3,4,3,3,4,4,1,0,1,0,1,0,5,7,4,5,3,3,2,2,4,5,5,6,3,3,3,3,4,5,4,3,3,4,3,4,3,2,3,13,1,2,1,2,0,7,2,4,4,5,4,5,4,4,9,4,4,4,3,4,4,4,4,3,4,3,4,4,3,3,4,4,3,4,3,4,3,4,5,4,2,2,2,2,2,2,2,2,2,1,3,3,3,3,2,9,7,9,5,5,5,9,5,2,1,36,2,1,1,1,52,4300,3200,0,884201,귀금속가공기능사 보석가공기능사 보석 세공 사람 일이 변화,문과
30001,3,5,3,4,3,3,4,5,3,3,3,5,5,5,3,4,4,3,4,4,2,4,3,4,5,5,4,5,4,5,4,5,4,5,4,5,3,4,4,4,3,5,3,4,4,5,3,3,2,2,1,0,4,5,1,0,4,5,3,5,5,6,4,5,4,5,5,5,5,5,5,5,4,5,4,5,3,5,4,4,2,2,4,5,4,5,3,3,4,3,2,2,4,3,2,4,4,4,4,3,5,18,1,1,1,2,0,6,5,4,3,3,4,4,4,2,9,9,4,3,2,4,4,4,4,3,4,3,4,2,3,4,4,4,4,5,5,5,5,4,3,4,2,2,2,2,2,2,2,2,2,2,2,2,2,2,2,7,6,7,5,5,6,5,3,7,2,39,4,2,5,1,40,0,0,4800,414201,사진기능사 사양 스마트폰 사진,사진학
30002,5,6,5,7,5,6,5,6,5,6,5,6,4,6,5,7,5,6,5,6,5,6,5,7,5,7,5,6,5,7,5,7,5,6,4,6,4,6,4,6,4,5,4,6,4,5,3,3,1,0,1,0,1,0,2,2,1,0,1,0,1,0,1,0,1,0,2,2,2,3,1,0,1,0,1,0,1,0,1,0,1,0,1,0,3,3,1,0,3,3,3,3,3,4,4,3,3,3,3,3,3,15,2,4,2,2,0,4,6,3,3,3,4,5,5,3,3,3,4,4,3,3,3,3,3,3,2,3,3,3,5,3,3,3,3,2,3,4,2,3,4,4,2,2,2,2,2,2,2,2,2,2,3,3,3,3,2,2,3,3,5,5,5,3,3,4,2,33,6,1,1,1,48,3600,3000,0,110103,상태 유지,국문과
30003,4,5,3,5,3,5,2,5,3,6,3,6,2,5,2,5,4,5,4,5,3,5,3,5,3,6,3,5,3,5,4,5,4,5,4,5,3,6,3,6,3,5,3,6,4,5,4,6,3,5,3,5,3,5,1,0,3,5,3,5,2,5,3,4,4,5,4,5,4,5,4,5,4,5,4,5,4,5,4,5,3,5,3,5,3,5,3,5,4,3,4,4,4,4,3,4,3,4,4,3,3,17,1,2,1,2,0,7,6,4,4,4,5,5,4,5,4,4,5,5,1,5,5,4,3,4,4,3,3,4,4,5,4,4,4,4,4,4,5,4,4,3,2,2,2,2,2,2,2,2,2,1,3,3,3,3,2,8,3,3,4,3,3,7,3,3,1,52,6,2,5,1,40,0,0,10000,301106,국가의사자격 의료 기술 계속 필요,의예
30004,3,4,4,5,4,5,4,6,3,4,4,5,1,0,1,0,3,4,2,2,1,0,1,0,2,2,3,4,4,5,2,2,1,0,4,5,2,3,4,5,1,0,3,4,4,5,1,0,1,0,1,0,1,0,1,0,1,0,1,0,2,2,1,0,1,0,1,0,1,0,1,0,1,0,1,0,1,0,1,0,1,0,1,0,2,3,2,3,3,4,4,2,2,5,3,2,3,2,4,4,4,17,1,1,2,2,0,1,2,3,1,1,2,2,3,2,2,4,3,3,4,2,2,3,2,3,2,2,2,4,4,4,3,4,3,2,4,3,4,3,3,4,2,2,2,2,2,2,2,2,2,1,3,2,2,3,2,7,8,7,3,2,2,7,3,4,2,26,3,1,1,1,40,2000,1700,0,29101,상황 유지,컴퓨터공학
30005,3,5,3,5,3,5,2,4,4,5,5,6,5,5,4,5,2,4,5,5,3,5,4,6,4,5,3,5,2,5,2,4,3,5,2,4,2,4,1,0,4,4,4,5,4,4,2,4,2,4,2,4,5,6,5,5,3,5,3,5,5,5,3,5,4,6,4,6,4,6,3,6,4,5,2,3,2,4,1,0,2,4,2,3,3,4,1,0,4,4,4,4,4,4,4,4,4,5,5,5,5,10,1,4,1,2,0,5,4,4,4,4,4,4,4,4,4,3,4,4,4,3,3,4,4,3,3,2,2,4,4,4,4,3,2,2,3,3,3,2,4,4,2,1,2,2,2,2,2,2,2,2,4,3,3,3,1,4,3,3,6,5,5,6,6,5,1,39,4,1,1,1,48,4400,2500,0,133202,시각디자인 산업기사 컴퓨터 그래픽 제어 기술 도입 교육 분야 의료 분야 로봇 기술 이용 장치 다방면 증가 추세,정보통신공학
30006,3,3,4,3,2,3,3,4,3,3,3,3,5,6,3,2,5,4,3,3,4,3,3,2,3,3,3,3,4,4,5,4,5,5,5,4,3,4,4,4,4,4,4,4,4,3,3,3,2,2,3,3,1,0,1,0,3,4,2,3,2,3,2,3,2,3,2,3,2,3,3,3,2,2,2,3,2,3,3,3,4,5,3,4,3,3,4,3,3,4,2,3,4,2,2,4,3,2,4,3,4,18,1,1,1,2,0,3,2,4,2,2,2,4,4,3,9,9,9,3,2,3,4,2,2,2,3,4,4,4,3,4,4,3,3,4,4,4,2,3,3,5,2,2,2,2,2,2,2,2,2,1,4,2,2,2,2,9,5,6,2,2,3,5,3,3,1,32,3,2,5,1,45,0,0,3500,420403,레크레이션강사 살기 위해 여유,관광정보
30007,3,4,5,5,3,5,3,3,4,4,3,4,2,3,4,4,2,4,3,3,3,4,4,4,3,4,3,3,3,4,2,4,3,3,1,0,4,4,4,4,3,5,5,4,4,4,2,3,3,4,4,5,4,5,1,0,5,5,4,4,3,4,5,5,5,5,3,5,5,5,4,5,3,4,5,4,4,5,5,6,4,4,2,4,4,4,4,4,4,4,4,3,4,2,3,4,3,3,2,4,4,8,1,3,1,1,1,4,3,4,3,3,4,4,1,3,3,3,3,3,2,5,4,4,3,2,3,5,3,5,2,5,4,3,4,3,4,4,2,4,4,3,2,2,2,2,2,2,2,2,2,2,2,3,3,3,2,7,9,9,8,9,9,7,4,4,1,35,4,1,1,1,42,5000,3600,0,621203,해기사 안전교육 직무교육 근무 환경 기피,기관공학
30008,2,3,2,3,3,4,2,3,3,4,2,3,2,3,2,3,2,3,2,3,2,3,3,4,2,3,4,6,3,4,2,3,2,3,2,3,3,5,3,4,3,4,2,3,2,3,1,0,2,3,2,3,2,3,2,3,2,3,2,3,4,6,3,4,2,3,2,3,2,3,2,3,2,3,1,0,2,3,2,3,2,3,1,0,2,3,2,3,4,4,4,3,4,4,4,4,3,2,4,3,3,16,5,2,2,2,0,1,4,4,3,3,4,4,3,3,9,4,4,4,2,3,3,4,4,3,3,3,4,4,4,4,5,5,4,3,4,4,4,3,4,5,2,2,2,2,2,2,2,2,2,2,3,2,2,2,1,6,3,7,5,4,4,5,7,3,2,42,4,1,1,1,40,2800,1800,0,214501,학습 활용 방문 교육 필요성,영어
30009,4,4,3,3,3,4,2,4,1,0,1,0,5,5,2,1,2,3,1,0,1,0,1,0,2,2,4,4,3,4,1,0,2,2,2,2,1,0,1,0,1,0,2,3,3,4,1,0,1,0,1,0,1,0,1,0,3,4,1,0,2,3,1,0,1,0,1,0,1,0,1,0,1,0,4,4,2,2,1,0,1,0,1,0,3,3,3,3,3,2,2,3,4,3,2,4,3,4,4,2,3,18,1,1,2,2,0,1,5,4,3,3,4,3,3,3,3,4,4,4,2,4,4,4,4,2,3,2,3,4,4,5,4,4,4,4,4,3,4,4,4,4,2,2,2,2,2,2,2,2,2,1,2,3,3,3,2,7,7,7,5,5,4,3,4,4,2,25,4,1,1,1,40,2200,2000,0,29901,스마트 기기 경우,산업디자인
30010,3,3,3,3,2,3,4,5,3,4,3,5,2,2,2,3,3,4,3,4,1,0,4,5,3,3,3,4,4,5,4,5,4,5,4,5,4,5,4,5,4,5,3,3,3,4,2,3,2,2,3,4,1,0,1,0,1,0,1,0,2,3,2,2,1,0,1,0,1,0,1,0,3,3,1,0,1,0,2,3,1,0,1,0,2,3,2,3,4,3,4,3,3,2,3,2,3,3,4,3,3,19,1,2,2,2,0,3,4,3,3,3,4,4,4,4,4,4,4,4,2,4,4,2,3,2,3,2,2,4,2,4,4,4,4,4,4,5,4,4,5,4,2,2,2,2,2,2,2,2,2,2,2,3,3,3,2,6,6,6,5,5,5,3,3,5,2,38,3,1,1,1,43,3600,3300,0,512102,비혼 주의자 증가 결혼 사람,컨벤션학
30011,2,3,2,3,2,3,2,3,1,0,1,0,1,0,2,3,2,2,1,0,1,0,1,0,3,3,1,0,2,3,2,2,1,0,1,0,3,4,2,4,3,2,1,0,2,3,1,0,1,0,1,0,1,0,1,0,1,0,1,0,1,0,3,4,4,3,3,2,2,3,4,4,1,0,2,2,2,3,3,3,4,4,3,4,4,3,2,2,2,3,2,2,2,1,1,3,3,2,3,3,2,3,1,2,2,2,0,7,1,2,2,2,4,3,2,3,3,4,3,3,3,3,3,4,4,3,3,4,5,4,4,4,2,4,5,5,5,4,4,4,5,3,2,2,2,2,2,2,2,2,2,2,3,3,2,2,2,5,6,7,6,6,4,5,5,5,2,57,2,1,1,1,40,2200,1800,0,864301,가정 세탁 장비 첨단 화로,인문계
30012,2,3,3,4,1,0,2,3,2,2,1,0,1,0,2,4,3,3,2,3,1,0,2,3,3,4,2,2,3,4,3,4,2,3,2,2,2,2,3,4,1,0,2,3,2,4,2,2,1,0,1,0,1,0,1,0,1,0,1,0,1,0,1,0,1,0,1,0,1,0,1,0,1,0,2,4,3,4,2,3,4,5,3,4,2,3,2,4,4,4,3,3,3,2,4,2,3,2,3,3,2,19,1,2,1,2,0,2,2,2,2,2,4,3,2,3,3,3,4,3,3,4,3,3,4,3,4,3,4,2,3,4,3,3,3,2,2,3,3,3,4,3,2,2,2,2,2,2,2,2,2,1,3,2,2,2,2,5,7,6,8,6,4,5,4,4,2,33,2,1,3,1,45,1800,1500,0,307601,안마사 수요 경기 때문,문과
30013,3,2,3,4,2,2,1,0,2,2,2,3,2,2,4,4,1,0,3,3,3,3,2,3,4,4,2,2,1,0,2,1,1,0,1,0,2,2,1,0,3,2,3,3,2,3,1,0,2,2,1,0,3,3,4,5,4,5,4,4,2,4,3,3,4,2,4,4,4,5,4,4,1,0,4,4,5,5,4,4,5,5,4,4,4,5,3,4,3,2,3,2,2,2,2,3,1,2,2,3,3,3,1,5,1,2,0,7,2,3,2,1,2,3,2,2,2,2,3,2,2,4,3,4,4,3,4,3,2,4,4,4,2,4,3,3,4,5,2,2,3,3,2,2,1,2,2,2,2,2,2,3,2,3,3,3,2,8,7,4,5,3,3,7,5,6,1,38,3,1,1,1,40,4200,2500,0,822301,제관기능사 자동화 기계 도입 인원 감소 자동화 인공 지능 발달 일자리,기계공학
30014,3,4,2,4,2,5,2,3,2,3,5,5,3,6,3,6,4,6,4,6,4,6,4,6,4,6,4,6,4,6,4,6,4,6,4,6,4,6,4,6,5,7,4,6,5,6,4,5,3,5,2,4,4,6,4,6,3,4,4,6,3,4,4,6,3,5,3,4,4,6,4,5,4,6,1,0,1,0,1,0,1,0,1,0,3,4,3,4,4,4,5,4,5,4,3,2,4,4,4,4,5,3,1,2,2,1,1,1,6,4,4,3,3,4,4,4,9,9,4,4,3,5,3,5,4,4,4,1,3,3,3,4,3,3,2,3,4,4,3,2,5,4,2,2,2,2,2,2,2,2,2,3,1,1,2,2,1,4,5,5,5,5,5,5,5,5,1,60,5,2,5,1,48,0,0,9500,153204,기술분석교육 기술 성장,전기전자
30015,4,5,4,5,4,5,4,5,3,5,4,5,4,5,4,5,3,4,4,5,4,5,3,5,3,4,3,4,3,4,3,4,4,5,3,3,5,6,2,3,2,3,3,4,3,4,1,0,1,0,2,3,1,0,1,0,1,0,1,0,2,3,1,0,1,0,1,0,1,0,1,0,1,0,1,0,1,0,1,0,1,0,1,0,2,3,2,3,4,4,2,3,4,4,3,4,2,5,4,3,4,16,5,1,2,2,0,6,5,4,3,3,4,4,2,3,2,2,2,2,4,3,3,4,4,3,4,3,4,2,2,3,2,3,3,3,3,3,3,2,3,3,2,2,2,2,2,2,2,2,2,1,2,2,2,2,1,6,3,3,3,3,3,4,6,6,2,36,4,1,1,1,52,4000,2800,0,214101,학생 학원,물리학
30016,2,3,2,3,2,3,3,2,3,3,3,5,2,1,3,4,3,4,3,5,3,4,2,1,3,3,3,3,3,3,3,4,2,3,2,4,2,3,4,5,3,4,3,3,3,4,3,3,3,4,3,4,1,0,2,3,2,3,2,3,1,0,3,4,2,3,2,3,2,3,2,3,2,3,2,3,2,3,3,4,4,5,2,3,4,5,4,4,4,4,4,2,3,3,3,3,3,3,2,3,3,9,1,2,2,2,0,2,2,3,1,2,4,3,3,3,4,4,3,3,3,3,3,3,3,4,3,4,4,4,3,3,4,4,4,3,3,3,3,4,2,3,2,2,2,2,2,2,2,2,2,1,1,2,2,3,1,5,4,6,5,5,5,5,5,6,1,44,3,1,1,1,30,3000,3000,0,532301,식당 폐업 증대,건축학
30017,5,6,5,6,4,6,4,6,4,4,4,6,4,5,4,5,4,6,4,5,4,5,4,6,4,5,4,4,4,5,4,5,4,5,4,6,4,6,4,4,5,5,4,6,4,5,4,5,4,4,3,4,4,6,4,4,3,3,3,4,3,3,3,5,3,4,2,3,2,3,2,3,4,4,3,3,2,4,2,4,3,4,2,4,4,6,4,5,4,3,3,4,4,4,5,4,4,5,4,4,4,15,2,5,1,2,0,7,4,3,3,3,5,5,4,4,3,4,4,5,2,3,3,4,3,3,3,2,4,3,4,4,3,3,4,4,5,5,4,3,5,5,2,2,2,2,2,2,2,2,2,1,4,3,3,3,2,6,4,4,4,4,5,4,6,6,1,40,4,1,1,1,48,5000,3000,0,157101,농산물품질관리사 수산물품질관리사 식품기술사 식량난 대처 방법 모색 한가지,식품공학
30018,3,6,2,5,2,4,3,5,3,5,2,5,1,0,2,5,2,4,2,3,1,0,1,0,2,2,2,3,3,5,2,3,3,5,3,4,1,0,4,5,4,5,2,5,2,4,2,3,1,0,1,0,1,0,1,0,1,0,1,0,1,0,1,0,1,0,1,0,1,0,1,0,1,0,1,0,1,0,2,3,2,3,1,0,2,3,2,3,3,2,4,2,2,3,3,4,2,2,2,2,2,19,1,1,1,2,0,7,2,3,3,3,3,3,3,4,3,3,3,3,3,3,4,4,3,3,4,4,4,4,4,5,4,4,4,4,5,4,4,4,4,4,2,2,2,2,2,2,2,2,2,1,2,2,2,2,2,5,7,7,5,4,4,7,3,3,2,47,2,1,1,1,45,2600,2300,0,611001,부동산중개자격 통한 거래,이과
30019,4,5,4,5,3,5,4,5,4,4,4,5,2,3,4,4,3,3,4,4,3,3,4,5,4,4,4,5,3,4,3,6,1,0,3,2,4,5,1,0,3,3,4,3,4,3,4,4,4,4,4,5,3,4,3,5,4,6,4,4,3,3,4,5,4,4,4,4,4,4,4,3,4,4,3,4,4,5,4,5,4,4,4,4,5,4,2,1,4,4,2,3,4,1,4,3,1,4,4,3,5,3,1,3,2,2,0,4,2,4,4,3,3,3,3,3,2,3,3,3,4,3,3,4,3,2,2,3,4,5,3,4,2,3,4,4,4,5,3,4,4,4,2,2,2,2,2,2,2,2,2,2,3,3,3,3,2,7,6,5,5,4,5,4,6,5,1,42,3,1,1,1,40,4500,2700,0,28401,제조업 가장 인력 변화,기계공학
30020,1,0,4,6,1,0,4,6,3,4,4,6,4,6,2,3,3,4,2,3,3,4,3,4,4,6,4,6,4,5,3,4,3,4,3,5,1,0,3,4,4,5,3,4,4,5,1,0,1,0,1,0,4,6,4,5,4,5,3,4,2,3,4,6,3,4,4,5,4,5,4,5,1,0,5,7,4,5,3,5,3,4,4,5,3,4,3,4,4,2,3,3,4,3,4,4,4,2,3,3,4,18,1,4,1,1,1,2,2,4,3,3,4,4,4,4,4,5,5,5,2,4,4,4,3,2,2,3,4,5,2,4,4,4,4,4,4,4,4,3,4,5,2,2,2,2,2,2,2,2,2,2,2,2,2,2,1,8,2,8,2,8,2,8,2,8,2,38,3,1,1,1,45,4000,2000,0,511402,메이크업 메이크업 현장실습 전산 화로 일자리,미용학
30021,4,4,3,4,3,5,3,3,4,3,4,4,4,3,4,3,4,4,3,3,3,3,5,5,4,3,4,3,4,3,4,4,4,4,4,3,3,5,4,5,4,4,4,4,4,5,4,3,3,3,4,5,2,3,3,4,4,3,4,3,4,4,4,4,3,4,3,3,4,3,3,3,3,3,2,2,2,3,2,3,3,3,3,3,3,4,3,4,3,3,4,4,3,3,4,4,3,3,4,3,3,3,1,4,2,2,0,3,2,4,4,4,3,2,3,3,3,4,2,3,4,3,3,3,3,2,3,3,3,3,3,4,3,3,3,2,4,3,2,2,5,4,2,2,2,2,2,2,2,2,2,3,2,3,1,3,2,5,6,5,3,4,5,7,6,8,1,49,2,1,1,1,40,3600,2400,0,885902,경기 침체,이과
30022,5,6,4,4,3,4,3,4,4,6,5,5,2,3,3,4,3,5,4,4,3,5,3,4,4,4,3,4,4,5,3,3,3,4,4,4,2,3,3,3,4,5,4,5,4,4,4,3,3,4,2,2,3,3,2,2,2,3,1,0,3,5,3,3,2,2,2,2,3,4,2,2,3,4,3,5,2,3,3,3,3,3,1,0,3,6,1,0,4,3,4,4,3,4,3,4,3,4,4,3,3,7,1,3,2,2,0,2,5,4,4,4,4,5,4,4,4,3,4,4,2,3,3,4,3,2,4,2,2,3,3,4,4,3,4,4,3,4,4,2,3,2,2,2,2,2,2,2,2,2,2,2,3,2,2,3,1,6,6,4,3,4,3,7,4,5,1,48,4,1,1,1,40,5000,3800,0,26401,기업 경영 투명 때문 유지,법학
30023,2,2,2,2,1,0,1,0,1,0,1,0,1,0,1,0,1,0,2,2,2,2,1,0,4,5,3,4,3,4,3,4,3,4,3,3,3,4,3,4,3,4,4,5,4,5,4,5,3,4,3,4,4,5,5,6,4,6,4,6,3,4,4,5,4,5,4,5,4,5,4,6,4,5,3,4,4,5,3,4,4,5,1,0,1,0,1,0,4,3,3,4,4,4,4,4,4,4,4,4,4,7,1,4,1,1,3,5,4,3,4,4,4,4,4,3,4,4,4,4,2,4,4,3,4,4,4,4,4,4,4,2,3,4,4,4,4,4,4,4,4,3,2,2,2,2,2,2,2,2,2,4,3,3,3,3,2,8,3,8,8,8,8,4,7,7,1,40,4,1,1,1,48,4800,2000,0,812201,선박기관정비기능사 모터 엔진정비기술 현재 상황 유지,기계공학
30024,1,0,1,0,1,0,1,0,1,0,1,0,5,6,1,0,3,4,4,5,1,0,1,0,1,0,1,0,1,0,1,0,1,0,1,0,1,0,1,0,1,0,1,0,1,0,1,0,1,0,1,0,1,0,1,0,1,0,1,0,1,0,1,0,1,0,1,0,1,0,1,0,1,0,1,0,1,0,2,4,4,6,3,4,3,4,1,0,4,3,3,3,4,1,1,4,3,4,3,2,5,16,5,1,2,2,0,7,5,3,3,3,4,3,4,2,3,4,4,3,3,3,3,4,3,2,3,3,3,4,3,4,5,5,4,3,4,4,3,3,3,3,2,2,2,2,2,2,2,2,2,1,3,3,2,3,2,6,7,6,3,4,4,7,8,7,2,33,4,1,1,1,40,2600,2000,0,414102,경기 연관,조소
30025,4,5,4,5,3,3,4,5,3,5,4,4,2,2,4,5,3,4,3,3,3,4,4,4,3,3,4,5,5,5,4,5,5,6,5,5,3,4,3,4,3,4,3,4,2,3,3,3,3,4,4,5,3,3,3,4,2,3,2,2,3,4,1,0,1,0,1,0,1,0,1,0,2,3,1,0,2,2,3,3,2,3,2,4,3,3,3,5,4,4,3,4,4,3,3,3,3,4,5,3,3,14,1,5,2,2,0,1,5,4,3,3,4,4,4,4,2,3,4,3,4,3,3,4,3,2,4,2,3,3,2,4,3,4,5,4,4,5,4,4,4,4,2,2,2,2,2,2,1,1,1,1,2,1,1,2,1,7,6,5,3,3,4,3,5,4,2,49,4,1,1,1,40,4800,3000,0,26201,코로나 인적 구조조정 증가 니사 교육 관리 업무 대행 화로,비서학
30026,4,5,4,4,4,4,3,4,4,5,4,5,4,4,4,4,4,4,3,4,4,5,3,4,4,5,4,4,4,5,4,5,4,5,4,4,3,4,3,4,4,4,4,5,3,4,3,4,3,4,4,5,4,4,3,4,3,4,3,3,4,5,4,5,4,5,4,5,4,5,4,5,4,5,3,4,4,5,3,4,3,4,3,4,4,5,4,5,4,4,4,3,3,3,4,3,2,3,3,2,3,10,1,2,2,2,0,1,4,3,2,2,4,3,4,3,3,2,3,3,3,4,3,4,3,2,3,3,4,4,4,3,2,2,2,2,3,3,2,3,4,3,2,2,1,2,2,1,2,1,1,2,2,2,2,2,1,3,4,3,6,3,4,6,6,7,1,48,3,1,3,1,52,6000,4000,0,131203,통신 장비 도입 유입,전자공학
30027,3,4,4,4,4,5,3,4,3,3,4,5,3,4,3,3,4,5,4,5,4,4,4,6,4,4,3,4,4,4,4,5,3,4,3,4,3,4,4,5,3,3,4,5,3,4,4,5,4,4,4,5,3,4,3,4,4,5,4,4,4,5,4,4,4,5,4,5,3,4,4,3,4,5,4,4,3,4,4,5,4,4,4,5,3,4,4,4,3,3,4,4,4,3,4,4,4,3,4,4,3,15,2,3,2,2,0,2,5,4,4,5,4,4,4,4,4,4,5,4,4,4,4,3,4,3,4,4,4,3,4,4,4,4,3,4,4,4,3,4,4,4,2,2,2,2,2,2,2,2,2,2,4,3,3,3,2,6,7,6,4,5,6,6,7,5,2,32,4,1,1,1,40,3700,3000,0,413202,정보기술 발전 과거 기록물 구축 기록물 관리 분야 관심,역사고고학
30028,3,3,4,4,3,4,3,4,1,0,3,3,5,5,3,4,2,3,2,3,2,2,4,4,4,4,3,4,5,5,3,4,2,3,2,3,5,5,5,6,3,4,2,2,5,5,1,0,1,0,1,0,3,4,1,0,4,5,1,0,2,3,3,3,3,2,1,0,1,0,1,0,2,4,5,5,3,3,1,0,2,3,3,4,4,4,3,3,4,4,3,2,4,4,3,4,4,3,4,4,5,13,1,2,1,2,0,2,5,4,3,4,4,5,4,2,4,5,5,4,4,4,3,4,4,3,4,4,2,3,2,5,4,3,3,4,4,4,3,4,5,4,2,2,2,2,2,2,2,2,2,1,4,2,2,2,2,7,6,5,6,7,6,7,5,6,2,39,4,1,3,2,34,3000,2200,0,306904,미술치료사 자격증 사회 정서 치료 사람 증가,아동미술학
30029,4,5,4,4,4,4,4,4,4,5,4,5,4,4,4,4,4,4,4,4,4,5,4,5,4,5,3,4,4,5,3,5,4,5,4,5,3,4,4,5,3,4,4,5,3,4,5,5,4,5,4,4,4,5,4,4,4,6,3,5,4,4,4,4,4,4,4,4,4,4,4,5,4,4,4,5,4,5,3,5,4,5,4,4,4,4,4,5,4,3,4,3,4,3,3,4,3,4,4,3,4,6,4,1,1,2,0,4,2,4,5,4,4,3,3,4,9,9,9,4,4,3,4,4,3,4,4,3,4,3,4,4,3,4,4,4,3,4,4,3,4,3,2,2,2,2,2,2,2,2,2,2,3,2,2,2,2,6,7,6,7,7,6,6,7,8,1,58,2,2,6,1,50,0,0,5000,701602,문화재수리기능자 주택 사람 증가,이과
30030,3,4,2,2,2,2,3,4,2,4,4,5,4,4,2,3,2,3,3,4,2,3,1,0,2,3,2,2,3,3,2,3,3,4,1,0,1,0,2,3,3,4,2,3,2,3,2,3,3,4,4,5,4,5,2,3,2,3,3,4,4,4,4,6,3,4,4,5,4,5,5,6,4,5,4,5,4,4,1,0,1,0,1,0,3,4,2,3,5,2,3,3,4,5,4,4,3,3,3,3,3,4,1,2,2,2,0,6,5,4,4,4,4,4,4,4,4,4,5,4,2,3,4,4,4,3,3,3,4,4,4,4,4,3,4,3,4,4,3,3,4,3,2,2,2,2,2,2,2,2,2,1,3,3,3,3,2,2,3,3,5,2,4,2,6,5,1,37,4,1,1,1,40,4700,3000,0,153204,변화,디스플레이신소재공학
30031,2,3,3,2,2,3,3,3,3,4,2,3,1,0,3,3,2,2,3,2,1,0,1,0,2,2,1,0,5,3,4,3,2,3,2,3,1,0,3,2,3,2,1,0,3,3,1,0,1,0,1,0,1,0,1,0,2,2,1,0,2,3,1,0,3,2,2,3,2,3,2,2,1,0,4,3,2,3,3,2,1,0,3,4,3,5,3,4,2,2,4,1,1,3,2,2,2,3,2,3,3,18,4,2,2,2,0,7,2,2,1,2,1,2,2,2,3,4,4,3,3,2,3,4,4,3,2,2,3,4,4,4,4,4,4,3,3,3,4,3,2,4,2,2,2,2,2,2,2,2,2,2,4,2,2,2,2,7,7,6,7,5,6,6,5,6,1,25,3,1,4,1,44,2000,2000,0,524001,레저 문화 확산,제육학
30032,3,4,3,3,3,2,3,4,1,0,1,0,1,0,2,1,2,2,1,0,1,0,2,3,2,3,3,4,3,3,2,3,3,4,2,2,2,2,3,4,3,3,2,3,3,4,2,2,2,3,3,4,1,0,1,0,1,0,1,0,1,0,1,0,1,0,1,0,1,0,1,0,1,0,1,0,1,0,1,0,2,3,2,2,2,2,2,2,2,4,3,2,4,3,4,3,2,2,3,2,2,17,1,3,1,2,0,7,2,3,4,2,3,3,1,3,9,4,3,3,3,4,4,2,3,4,3,2,2,3,4,3,2,2,3,3,2,3,3,2,3,4,2,2,2,2,2,2,2,2,2,1,3,1,3,3,1,6,7,6,4,4,5,5,5,8,2,50,2,1,1,1,45,3000,2100,0,231101,사회복지사2급 복지 향상,문과
30033,4,5,4,6,4,5,4,5,4,5,4,5,4,5,4,5,4,5,4,5,4,5,4,5,4,5,4,5,4,5,4,6,4,5,4,5,3,5,4,5,4,5,4,5,4,5,4,6,4,5,3,5,3,5,4,5,4,5,4,5,4,5,4,5,4,5,4,5,4,5,4,5,4,5,4,5,4,5,4,5,4,3,3,5,4,5,4,5,4,4,3,4,4,4,3,4,4,4,3,4,4,11,4,1,1,1,4,2,5,4,3,3,4,3,4,5,4,5,5,4,2,3,3,4,3,4,3,4,4,4,4,4,3,4,4,3,4,4,3,4,4,3,2,2,2,2,2,2,2,2,2,2,2,2,2,2,1,8,7,6,7,7,7,8,7,7,1,48,4,2,6,1,40,0,0,9500,31501,손해사정사 보험계리사 보험중개사 손해보험 실무수습 시스템 발달,세무학
30034,5,5,5,4,5,5,5,5,5,6,5,5,5,5,5,4,5,4,5,5,5,6,5,5,4,5,5,5,5,6,5,5,5,5,5,4,5,3,5,4,5,3,5,4,5,3,5,3,5,3,5,5,5,3,5,5,5,2,5,5,5,6,5,4,5,2,4,2,5,2,5,3,5,3,5,2,5,4,5,4,5,4,5,2,5,4,5,4,4,3,5,3,3,4,5,3,4,5,3,4,5,3,1,4,2,2,0,5,5,5,4,3,4,5,3,3,3,4,4,3,1,4,4,5,5,4,5,3,4,5,2,5,4,5,4,4,5,5,4,4,5,4,2,1,2,1,1,1,2,2,2,1,3,2,2,2,1,1,3,1,1,1,1,9,9,9,1,45,4,2,5,1,50,0,0,7500,411301,컴퓨터 프로그램 도입 사용 업무 효율 생각 안남,잡지기획
30035,3,5,3,5,2,4,2,4,3,5,3,5,2,4,3,5,3,4,4,5,3,5,2,4,3,5,3,5,3,5,2,4,2,4,3,5,3,4,3,5,3,5,2,4,3,5,2,4,3,5,3,4,3,5,2,4,3,4,3,5,2,4,1,0,3,4,3,4,3,5,3,4,3,5,2,4,3,5,3,4,3,5,3,5,3,4,2,4,4,3,2,4,3,2,2,4,2,3,3,4,3,2,1,4,1,1,5,6,5,3,2,2,3,3,2,4,3,2,2,3,3,4,3,4,2,3,4,3,3,4,3,4,3,3,4,2,4,2,2,4,3,4,2,2,1,2,2,2,2,2,2,2,3,2,2,2,1,7,4,5,6,6,5,5,4,5,1,44,4,1,1,1,40,4000,3000,0,705901,화약류관리기능사 발파작업 화약 관리 장비 도입 변동,화학
30036,3,4,3,3,3,4,3,4,3,3,3,4,3,4,3,5,3,3,3,3,4,3,3,3,3,5,3,2,3,3,4,4,3,4,3,4,2,3,3,4,3,4,3,4,3,4,3,4,3,4,3,4,4,4,3,4,4,4,3,3,3,4,3,4,3,4,3,4,4,4,3,5,3,4,3,4,3,5,3,4,3,4,3,4,3,3,3,3,4,4,3,3,4,2,4,2,3,3,4,4,4,8,1,4,1,1,4,4,3,3,1,2,4,2,1,1,9,3,5,2,2,3,3,1,4,4,3,1,2,4,4,4,2,3,2,2,3,4,4,2,4,3,2,2,2,2,2,2,2,2,2,2,2,2,2,2,1,4,4,4,4,4,4,4,4,4,1,57,2,1,1,1,40,3300,2800,0,622201,금속공과 원동기 전기 열관지 차량의 점검 조치 요령 자율 주행 버스 확대 일자리,공고
30037,4,5,3,5,1,0,3,3,3,3,3,3,3,3,3,3,5,6,3,4,3,4,4,6,3,5,1,0,1,0,1,0,1,0,1,0,3,3,3,3,2,4,1,0,1,0,1,0,2,2,4,4,2,3,3,4,2,3,4,6,2,1,1,0,3,5,4,6,5,7,5,7,1,0,5,7,4,6,4,5,3,5,3,5,4,6,3,5,3,4,3,3,4,1,3,4,2,3,4,4,3,8,1,4,1,1,4,2,4,3,4,3,3,3,3,2,3,4,4,3,4,3,3,4,4,3,3,3,4,3,3,4,4,5,2,5,4,4,4,3,4,3,2,2,2,2,2,2,2,2,2,2,4,2,2,2,2,7,6,7,2,3,1,8,5,2,2,35,4,1,1,1,42,3200,2000,0,812101,항공정비사 정비실습시스템 국민소득 증가 항공 이용 고객 증대 비행 장비 정비 수요 증대,산업공학
30038,1,0,1,0,1,0,1,0,1,0,2,2,5,6,4,5,4,5,4,6,4,6,4,5,4,5,4,4,4,5,5,6,3,4,3,5,3,4,3,4,3,4,4,5,4,5,2,2,4,5,3,4,4,5,3,4,1,0,1,0,2,3,1,0,3,4,1,0,1,0,3,3,4,6,5,7,5,5,5,7,5,6,5,7,4,4,4,6,4,3,2,4,4,1,2,5,2,3,4,4,2,18,1,4,2,2,0,7,5,4,3,3,2,5,2,4,3,4,5,4,2,4,5,3,4,3,2,3,3,3,3,4,3,3,4,4,4,5,3,4,4,4,2,2,2,2,2,2,2,2,2,1,4,2,2,2,1,7,8,7,3,2,3,8,2,3,2,30,5,1,1,1,35,6400,3500,0,414701,예술 컨텐츠 매체 다양,현대무용
30039,4,4,5,5,4,5,4,4,1,0,4,5,1,0,1,0,4,4,3,3,4,5,4,5,4,5,4,5,4,6,4,5,4,5,3,4,4,5,5,6,5,5,1,0,3,4,2,4,3,3,1,0,1,0,1,0,3,4,1,0,3,4,3,4,3,3,3,3,3,2,1,0,1,0,3,4,1,0,3,3,1,0,1,0,3,4,3,4,4,4,4,3,4,4,4,2,4,4,4,4,4,17,5,3,1,1,3,3,4,4,4,3,5,4,4,3,3,4,3,3,2,4,4,4,4,3,3,4,4,3,3,4,5,5,3,3,4,3,4,3,4,3,2,2,2,2,2,2,2,2,2,2,3,2,2,3,1,3,6,4,3,6,4,7,8,6,2,27,4,1,1,1,40,2800,2520,0,304003,한국사검정능력 보건교육 안전교육 상태 유지,간호학
30040,3,4,4,5,3,3,5,4,2,3,3,5,2,4,3,5,5,4,1,0,3,3,2,4,2,3,1,0,4,4,4,5,3,4,2,4,3,3,4,5,3,4,1,0,1,0,1,0,5,2,1,0,1,0,1,0,1,0,1,0,1,0,1,0,1,0,1,0,1,0,1,0,1,0,2,2,3,5,4,5,3,3,4,5,3,4,3,4,2,4,1,2,2,2,3,4,2,1,2,4,3,8,2,4,2,1,1,7,2,3,3,3,2,2,3,3,2,3,3,3,3,3,2,4,3,3,4,2,3,3,3,4,3,4,3,3,4,4,3,2,5,4,2,2,2,2,2,2,2,2,2,1,3,3,2,3,2,8,7,7,9,9,6,7,6,7,2,28,4,1,1,1,40,2900,2400,0,522202,고객응대기법 교육 일반 철도 노선 운행 횟수 일자리,비지니스학
30041,5,6,5,6,5,4,5,5,5,4,5,4,5,5,5,5,5,5,5,5,5,4,5,4,5,4,5,4,5,4,5,5,5,3,5,4,5,4,5,4,5,3,5,3,5,3,5,4,5,5,5,3,5,6,5,6,5,4,5,5,5,5,5,5,5,4,4,5,5,6,5,5,5,3,5,3,5,4,5,3,5,4,4,4,5,4,5,5,4,3,5,3,4,4,4,3,2,4,3,5,4,18,1,3,2,2,0,6,5,4,3,3,4,4,2,3,3,4,4,4,1,4,3,4,5,4,4,4,4,4,2,5,3,5,4,4,5,5,3,3,5,4,1,1,1,1,1,1,1,1,1,2,2,1,1,3,2,9,5,7,1,3,5,7,3,3,1,42,4,1,1,1,50,8500,2700,0,416701,혁신 서비스 개발 장비 도입 근로자 인력 구조조정 자동화 시설 도입 근로자 감축 구조조정,전기
30042,3,4,3,4,3,5,4,5,4,5,3,5,3,4,3,4,3,4,3,4,3,4,3,4,3,4,3,4,3,4,3,4,3,4,4,4,3,5,3,4,3,4,3,4,3,4,3,4,3,4,3,4,3,4,3,4,3,4,3,4,3,4,3,4,3,4,3,4,3,5,3,4,3,4,3,4,3,3,3,4,3,5,3,4,3,4,3,4,4,3,3,3,3,3,3,3,3,3,3,3,3,3,1,2,2,2,0,7,5,3,3,3,4,4,4,4,3,3,3,3,3,3,3,3,3,3,3,3,3,3,3,3,3,3,4,3,3,3,3,4,3,3,2,2,2,2,2,2,2,2,2,1,4,2,3,3,2,6,6,6,6,6,6,5,5,5,2,38,4,1,1,1,40,3000,2000,0,134102,건강 염려 전문가 필요,경영학
30043,5,7,5,7,5,7,4,6,4,6,5,7,4,6,5,7,4,5,4,5,5,7,5,7,4,6,5,7,4,5,4,5,4,5,3,4,5,7,2,3,5,7,5,7,5,7,4,5,3,4,3,4,3,4,3,4,3,4,3,4,5,7,4,5,2,3,1,0,1,0,1,0,3,4,1,0,1,0,1,0,1,0,1,0,2,2,2,2,5,4,4,4,5,5,4,5,3,5,5,4,3,15,2,5,1,2,0,3,5,5,5,5,5,5,3,3,3,4,4,4,3,4,3,2,3,2,3,5,4,5,2,4,4,4,4,4,4,5,4,4,5,4,2,2,2,2,2,2,2,2,2,2,3,2,2,2,1,8,8,3,3,2,3,1,3,3,2,34,4,1,1,1,40,5000,3000,0,24203,사회조사분석사1급 조사분석사2급 변동,국어국문학
30044,4,6,4,6,4,5,4,5,4,5,4,6,4,6,4,5,4,4,4,5,4,5,4,5,4,4,4,5,4,5,4,5,4,5,4,4,4,5,4,4,4,6,4,4,4,4,4,5,4,5,4,5,4,5,4,5,4,4,4,5,4,5,4,5,4,5,4,4,4,5,4,5,4,5,4,5,4,5,4,5,4,5,4,6,4,5,4,4,4,4,4,4,4,3,4,4,4,4,4,4,3,3,1,2,1,2,0,7,5,4,3,3,4,4,3,4,4,4,4,4,2,4,4,4,4,4,4,3,4,3,4,4,4,4,4,3,4,3,4,4,4,4,2,2,2,2,2,2,2,2,2,1,3,3,3,3,2,7,7,7,7,7,8,7,7,7,1,38,4,1,1,1,40,4200,3500,0,154103,화학분석기능사 채용 인원 한정,화학
30045,3,3,2,3,3,3,3,3,2,2,2,3,3,4,3,3,2,2,4,5,3,4,3,4,3,4,3,3,2,2,4,5,3,4,4,5,2,2,4,5,3,3,4,5,4,4,3,4,4,4,3,4,4,4,4,5,4,4,4,5,3,3,2,2,4,5,3,4,4,4,4,5,4,5,4,5,4,4,4,4,4,5,3,3,3,4,3,3,4,3,3,4,4,4,3,3,3,4,4,3,3,6,1,2,1,2,0,4,4,3,4,3,4,4,3,5,4,4,5,5,4,3,4,3,4,4,3,3,4,3,3,4,3,3,4,4,4,4,3,4,4,2,2,2,2,2,2,2,2,2,2,1,3,3,3,3,2,6,5,6,8,3,4,2,5,6,1,34,3,1,1,1,40,3000,2600,0,140401,조경기술사,조경학
30046,3,5,5,5,1,0,5,6,1,0,1,0,5,6,1,0,1,0,1,0,1,0,5,6,4,5,4,5,1,0,4,6,1,0,1,0,5,4,1,0,1,0,1,0,1,0,1,0,1,0,1,0,1,0,1,0,1,0,1,0,1,0,1,0,1,0,1,0,1,0,1,0,1,0,1,0,1,0,1,0,1,0,5,7,3,4,1,0,4,3,2,2,4,2,2,5,4,3,5,2,4,18,1,2,2,2,0,2,5,3,4,4,4,5,4,4,3,4,4,4,4,5,4,2,4,5,3,5,3,3,3,5,5,5,4,4,5,5,3,5,4,4,2,2,2,2,2,2,2,2,2,1,2,2,2,2,2,4,7,6,5,8,3,7,3,6,2,35,4,1,3,2,40,3200,2400,0,414702,인구 감소,실용무용
30047,5,6,5,7,5,6,3,4,1,0,4,5,5,6,4,6,2,3,4,5,5,6,4,6,5,6,5,7,4,6,5,6,4,5,4,5,3,4,2,3,4,6,5,7,5,6,4,5,3,4,5,6,2,3,2,3,4,5,2,3,1,0,2,3,3,4,2,3,1,0,1,0,4,5,1,0,1,0,3,4,4,5,3,4,3,4,2,3,4,4,3,4,4,5,4,4,4,4,5,5,5,18,1,6,2,1,3,6,4,4,4,5,5,5,4,3,3,3,4,3,3,5,5,2,3,3,3,5,4,5,4,4,4,4,5,4,4,5,4,4,5,4,2,2,2,2,2,2,2,2,2,2,3,2,2,3,1,1,1,2,3,3,6,1,2,6,2,40,5,1,1,1,40,6000,2500,0,416101,현장실습 대체 불가,사진영상학
30048,2,3,3,3,2,2,3,4,2,3,3,3,3,3,4,4,3,2,3,3,2,3,3,2,3,3,4,3,1,0,2,2,3,3,1,0,3,2,3,3,3,2,3,3,2,3,2,2,2,2,1,0,3,2,1,0,1,0,1,0,1,0,4,6,2,2,2,2,4,5,1,0,1,0,4,4,2,2,3,3,4,3,3,3,3,3,2,3,3,3,2,3,3,3,3,3,3,2,4,3,2,1,3,2,2,1,1,1,1,3,4,4,4,4,3,4,3,3,4,4,3,2,3,4,3,3,4,3,2,3,4,3,4,4,3,2,2,3,3,2,4,4,2,2,2,2,2,2,2,2,2,1,2,2,2,2,1,6,7,6,6,5,3,8,3,1,1,43,2,2,5,1,40,0,0,3000,901101,농업교육 농촌 생활,문과
30049,3,5,4,5,5,7,3,4,2,3,3,4,3,4,3,5,4,4,2,3,3,5,3,4,3,5,3,4,4,4,2,3,2,3,2,3,2,3,2,3,1,0,4,5,1,0,1,0,1,0,3,4,1,0,1,0,1,0,1,0,1,0,1,0,1,0,1,0,1,0,1,0,1,0,1,0,1,0,3,4,3,5,2,4,4,5,5,6,5,2,5,2,4,5,3,5,1,5,5,3,4,18,4,1,2,2,0,3,5,3,1,1,5,4,3,3,9,9,9,3,3,3,3,2,3,2,3,4,3,4,3,5,3,3,4,4,4,3,3,4,5,5,1,1,1,2,2,2,2,2,2,3,3,3,3,3,2,9,2,7,7,1,2,8,1,1,2,26,4,1,4,2,50,2000,1000,0,411102,전자책 전환 독서 대한 매체 발전 소설 대한 관심 감소,문예창작학
30050,3,5,4,5,2,3,1,0,1,0,1,0,3,5,1,0,3,4,1,0,1,0,1,0,1,0,4,5,1,0,1,0,1,0,1,0,1,0,1,0,1,0,1,0,3,4,1,0,1,0,1,0,1,0,1,0,3,4,1,0,1,0,1,0,3,5,1,0,1,0,1,0,1,0,1,0,1,0,1,0,3,4,1,0,1,0,1,0,4,4,4,3,3,3,3,4,3,3,3,1,3,10,1,3,2,2,0,7,5,3,3,3,4,4,4,4,4,4,4,4,2,4,4,4,3,2,3,4,4,3,3,4,4,4,3,3,4,4,3,2,3,3,2,2,2,2,2,2,2,2,2,2,2,2,2,3,1,7,6,5,3,3,4,6,7,7,1,38,4,1,1,1,45,4000,2800,0,416601,과학 발달 업무 인력 감소,영상학
30051,5,6,3,5,4,7,3,6,3,6,5,7,3,6,3,6,3,5,3,5,3,6,3,5,2,4,2,4,3,5,3,6,3,6,3,6,3,5,3,6,3,6,3,6,2,4,2,4,2,4,3,5,2,4,2,3,2,3,2,3,3,5,2,4,2,4,2,4,2,4,2,4,3,5,1,0,1,0,1,0,1,0,1,0,2,4,2,4,4,4,4,3,3,4,3,3,4,3,3,3,3,13,1,4,1,1,1,6,4,4,3,3,4,3,3,3,3,3,3,3,2,4,3,3,4,4,4,2,4,3,2,4,3,2,2,3,2,4,3,2,4,3,1,1,2,2,2,2,2,1,2,2,3,3,3,2,1,5,5,2,5,2,2,5,6,4,1,58,2,1,1,1,50,6500,4000,0,23401,감정평가사 강정평가 관련 이론 실무 법규 변동사항 정보 공개 인공 지능 활용 가치 통계 프로그램 개발 과도기 로서 현실,공고
30052,4,6,4,6,4,5,4,5,3,4,2,2,4,6,4,6,4,6,3,4,2,2,4,5,4,6,4,6,4,6,2,2,2,2,4,5,4,6,4,6,4,6,2,2,2,2,4,5,4,6,4,5,3,5,2,2,2,2,2,2,4,6,2,2,2,2,4,6,4,5,4,5,4,6,2,2,1,0,1,0,3,3,2,3,3,3,4,4,3,2,3,3,4,3,3,3,2,3,3,3,2,13,1,2,1,1,3,6,5,5,4,4,4,4,2,3,3,4,4,3,1,4,3,3,2,2,2,1,3,3,4,4,3,3,3,3,3,4,2,3,3,4,2,2,1,2,2,2,2,2,2,2,4,3,3,3,2,4,5,6,6,7,6,3,3,5,1,36,4,1,1,1,48,4200,2500,0,155305,소음진동기사 장비 사용과 공학적 원리 측정 장비 대화 환경 산업 범위 점점,환경학
30053,5,6,4,5,4,5,5,6,1,0,4,4,3,4,3,4,5,5,4,5,3,4,3,4,2,3,4,4,4,5,5,6,4,5,3,4,3,4,4,4,3,4,4,4,3,4,1,0,1,0,1,0,2,3,1,0,2,3,1,0,3,4,3,4,2,3,1,0,1,0,2,3,2,2,1,0,1,0,1,0,1,0,2,3,4,4,5,5,3,3,2,3,3,4,4,5,3,4,4,4,4,10,2,4,2,2,0,6,5,4,4,4,5,5,4,3,3,3,3,3,2,4,4,4,4,3,3,4,2,4,4,4,5,4,4,4,3,4,4,2,3,4,2,2,2,2,2,2,2,2,2,1,4,3,3,3,2,8,5,8,5,8,8,3,6,8,2,45,4,1,1,1,40,5400,3400,0,416301,방송 채널 증가,사회학
30054,3,3,3,3,1,0,4,5,1,0,4,5,2,2,4,5,5,7,4,5,4,5,3,4,5,6,5,6,3,4,5,6,2,2,1,0,1,0,2,3,5,6,5,6,2,3,1,0,1,0,1,0,2,3,1,0,3,4,2,3,1,0,1,0,4,5,3,4,5,6,5,7,1,0,5,7,4,6,5,6,4,5,3,4,4,5,4,5,4,4,5,4,4,4,3,4,4,4,5,5,4,15,2,5,1,1,4,5,5,5,4,4,4,5,4,5,4,4,4,5,2,4,5,3,4,3,4,3,3,4,3,4,5,5,4,4,5,4,4,4,5,4,2,2,2,2,2,2,2,2,2,3,4,3,3,3,2,5,4,3,4,3,4,6,9,9,1,43,4,1,1,1,48,5400,3000,0,621102,계기비행 자격증 관제영어 비행 훈련 육상 운송 항공 운송 미래,항공운항
30055,3,3,3,3,2,3,3,3,1,0,1,0,1,0,3,4,1,0,1,0,1,0,1,0,1,0,1,0,1,0,1,0,1,0,1,0,1,0,1,0,3,4,1,0,3,3,1,0,1,0,1,0,1,0,1,0,1,0,1,0,3,4,1,0,1,0,1,0,1,0,1,0,1,0,1,0,1,0,1,0,2,3,1,0,2,3,1,0,2,3,4,3,2,4,2,2,4,2,4,2,4,8,1,2,2,2,0,1,2,2,2,2,3,2,2,2,2,3,3,2,3,3,2,2,2,4,3,2,4,4,3,4,4,4,4,4,4,3,4,3,3,3,2,2,2,2,2,2,2,2,2,1,3,2,2,3,2,5,4,7,5,3,6,4,3,5,1,34,3,1,3,2,48,2000,2000,0,28201,교통 수단 다양,경영학
30056,2,2,3,2,2,2,3,2,2,2,2,1,1,0,3,5,3,3,2,3,2,2,3,4,2,2,1,0,1,0,2,1,1,0,1,0,1,0,1,0,1,0,1,0,3,1,1,0,1,0,1,0,1,0,2,4,4,2,4,3,1,0,1,0,2,3,3,4,2,2,3,2,1,0,3,4,4,3,3,3,4,4,4,4,4,5,3,4,2,2,3,1,2,1,2,3,2,3,2,3,2,3,1,2,1,2,0,2,2,3,3,2,3,3,2,2,2,3,4,3,3,3,2,4,4,2,2,4,2,4,2,4,2,2,3,2,3,4,2,3,4,4,2,2,2,2,2,2,2,2,2,2,2,3,3,3,2,8,8,9,2,5,8,3,5,5,1,31,3,1,1,1,48,2700,2700,0,822301,제관기능사 자동화 도입 노동 감소 예상,기계공학
30057,2,3,3,3,3,4,3,3,4,4,3,2,5,4,2,3,4,3,3,3,3,3,2,3,4,4,3,3,4,4,4,5,3,4,3,1,3,4,3,4,4,5,3,4,3,4,3,4,3,2,3,4,4,4,2,2,4,3,4,5,2,2,3,5,4,3,4,3,3,3,3,3,3,2,3,2,3,1,3,2,2,5,3,4,3,3,2,3,4,4,3,3,4,3,3,4,3,3,3,3,3,6,1,2,2,2,0,3,2,4,5,4,4,3,2,4,3,4,3,4,3,4,4,3,4,3,4,3,3,3,3,4,4,4,4,3,4,4,4,2,4,4,2,2,2,2,2,2,2,2,2,1,3,2,2,2,2,6,7,6,5,6,5,6,5,5,1,48,2,1,1,1,45,4800,2000,0,701201,일자리 변화,이과
30058,3,5,4,5,3,4,4,4,3,4,4,5,4,4,3,5,4,4,4,5,3,5,4,5,4,5,3,5,4,5,3,5,3,5,4,5,4,5,3,5,4,5,4,4,4,5,4,4,2,3,2,3,2,4,4,4,4,4,3,4,2,2,2,2,2,4,2,3,2,4,3,3,3,2,3,3,2,3,2,3,2,4,2,4,2,3,2,3,2,2,3,2,2,3,2,2,2,2,3,2,2,3,1,3,2,1,2,2,2,4,3,3,3,3,3,4,3,3,4,4,4,3,3,3,4,4,3,3,3,3,3,4,4,3,3,2,4,4,3,3,3,3,2,2,2,2,2,2,2,2,2,2,3,3,3,3,2,7,8,7,7,7,6,7,6,7,1,50,2,1,3,1,40,4800,3000,0,817101,부품관련 이해교육,공(기계)
30059,2,2,2,2,1,0,1,0,1,0,1,0,1,0,1,0,3,4,3,3,3,3,3,4,4,5,3,4,2,3,1,0,1,0,1,0,3,3,1,0,3,3,1,0,1,0,3,3,2,2,2,2,3,4,4,5,4,5,4,5,1,0,4,4,1,0,4,4,4,5,4,5,3,4,4,5,1,0,3,4,3,4,1,0,1,0,1,0,4,3,4,4,4,4,4,4,4,3,3,3,3,7,1,4,1,1,3,5,4,4,4,4,4,4,4,3,3,3,3,3,2,4,4,4,3,4,4,4,4,4,4,3,4,3,4,4,3,4,3,4,3,4,2,2,2,2,2,2,2,2,2,5,3,3,3,3,2,8,4,8,6,5,3,3,7,7,1,28,3,1,1,1,50,3200,2700,0,812201,선박기관정비 기능사 엔진정비기술 현재 상황,기계공학
30060,5,6,5,6,5,6,5,6,3,4,5,6,4,5,4,5,3,4,4,5,4,5,3,3,5,6,4,5,5,6,5,6,4,5,4,5,5,6,5,6,5,6,5,6,4,5,3,3,3,4,4,5,2,2,1,0,1,0,1,0,3,3,2,2,1,0,2,2,1,0,3,2,2,2,1,0,2,2,3,4,4,5,2,2,4,5,3,4,4,3,4,4,3,4,4,4,4,3,3,4,4,11,1,2,1,1,4,4,5,3,3,3,4,4,4,4,4,3,4,4,4,3,4,4,3,4,4,3,4,4,4,4,3,3,3,4,4,4,4,3,4,3,2,2,2,2,2,2,2,2,2,1,3,3,3,3,2,7,7,6,6,4,5,7,4,6,1,49,4,1,1,1,40,6000,3000,0,31302,웹마스터 웹디자이너 집합교육 인력 변화,항공학
30061,2,3,4,5,2,3,1,0,2,3,3,3,2,2,2,3,2,2,3,3,1,0,1,0,2,2,2,2,2,2,1,0,1,0,1,0,2,2,1,0,3,4,1,0,1,0,3,4,3,4,3,3,3,3,3,4,3,3,2,2,1,0,1,0,2,2,3,4,3,3,3,4,2,2,2,2,3,3,1,0,3,3,2,3,3,5,3,3,4,2,3,3,4,3,3,4,2,4,4,3,3,16,5,4,1,1,5,6,6,4,2,2,5,4,2,3,4,4,4,4,1,5,5,4,2,3,3,1,4,3,4,4,4,4,4,4,4,4,2,3,4,5,2,2,2,1,2,2,2,2,2,2,4,2,2,2,1,3,3,3,5,5,5,7,5,3,2,37,5,1,1,1,40,4000,2400,0,413101,학예사 전시기획 소장품 관리 코로나 확진 장기간 유행 예측 비대 박물관 전시 상품 기획 개발 인원 조직 개편 박물관 예전 생기,미술경영
30062,4,5,3,3,2,3,2,2,2,3,2,3,2,3,3,3,3,3,3,4,2,3,2,3,2,3,4,6,4,5,4,5,4,5,4,5,4,5,4,5,4,5,4,6,4,5,4,5,4,6,3,4,4,5,4,5,4,6,4,6,3,4,4,6,4,5,4,6,4,6,4,5,4,6,4,5,4,6,4,5,4,5,4,6,3,4,3,3,4,4,2,4,4,2,5,4,4,4,3,5,2,15,2,4,1,1,2,7,4,3,3,3,4,4,4,4,3,4,4,4,3,3,3,2,3,4,4,4,4,4,4,5,4,3,4,4,4,4,3,4,4,4,2,2,2,2,2,2,2,2,2,2,2,2,2,3,1,7,6,7,3,4,6,7,2,3,1,33,5,1,1,1,42,4000,3600,0,853101,수질환경산업기사 정수시설운영관리사 환경기능사 시설 펌프 관리 작동처리 업무 신문 물이,환경학
30063,3,4,3,4,3,4,3,4,3,3,3,5,3,3,4,5,4,5,3,5,3,4,3,4,3,3,4,5,3,4,3,3,3,3,2,3,3,4,4,4,3,4,3,5,3,5,4,4,3,4,4,5,2,2,1,0,1,0,1,0,3,4,3,4,1,0,1,0,1,0,1,0,3,4,1,0,1,0,1,0,1,0,1,0,4,4,3,3,4,4,2,4,4,4,5,3,4,3,4,4,4,3,1,4,2,2,0,6,4,4,4,3,3,4,3,4,4,3,4,4,3,4,3,4,3,4,4,5,4,2,3,4,3,3,2,3,4,5,4,3,5,4,2,2,2,2,2,2,2,2,2,2,3,3,3,3,2,4,8,3,4,8,2,2,6,8,1,48,4,1,1,1,40,6200,3000,0,26101,기업 조직 운영 필수 인력,경영학
30064,4,4,3,3,2,2,3,3,3,3,4,4,4,4,3,3,3,4,3,3,3,3,2,2,4,4,3,3,4,4,4,4,4,4,4,4,3,3,4,4,3,3,4,4,4,4,4,4,3,3,3,4,2,2,1,0,3,3,1,0,5,3,3,3,2,3,1,0,1,0,1,0,3,3,4,3,3,3,4,4,4,4,3,4,3,3,4,4,4,4,4,3,4,4,3,2,3,4,4,4,4,7,1,2,2,2,0,2,2,3,3,2,4,3,2,3,2,2,3,3,2,5,4,3,4,2,3,2,2,5,4,4,3,3,5,3,4,4,3,4,5,5,2,2,2,2,2,2,2,2,2,1,4,3,1,1,2,3,5,7,6,3,3,2,3,7,2,42,4,1,1,1,40,2400,2200,0,615301,인터넷 직거래 유통 일자리 변화,광고학
30065,3,4,3,4,2,3,3,3,2,3,3,4,1,0,4,4,3,4,2,4,3,4,3,4,2,3,4,5,3,3,2,2,2,3,3,4,4,4,2,3,2,3,3,4,3,3,3,4,3,2,3,2,1,0,1,0,1,0,1,0,2,2,3,3,1,0,2,2,2,2,2,2,3,4,1,0,3,3,3,3,3,3,3,3,3,2,2,3,4,4,3,3,2,2,3,4,3,3,4,3,4,9,1,2,2,2,0,6,2,3,3,3,4,3,2,4,9,9,4,4,4,2,3,4,3,2,2,3,3,4,3,4,3,2,2,2,2,4,3,3,4,3,2,2,2,2,2,2,2,2,2,1,4,3,2,2,2,6,7,6,5,4,5,6,4,4,2,47,3,2,5,1,56,0,0,3600,14201,가족 단위 외식,영문학
30066,4,5,5,6,5,6,4,6,4,6,4,6,4,6,4,6,5,6,3,5,4,6,4,6,4,6,4,5,4,5,4,5,4,5,3,4,3,4,4,4,5,7,5,6,4,5,4,4,3,3,2,2,4,5,3,4,3,4,3,4,2,2,1,0,1,0,3,4,3,4,2,3,3,3,2,2,1,0,1,0,1,0,1,0,2,3,2,3,4,4,4,4,4,4,4,4,3,4,4,4,4,15,2,4,2,2,0,6,7,4,4,4,5,5,4,4,4,4,4,4,3,3,4,4,4,4,4,3,4,4,4,4,4,4,3,3,2,4,2,2,4,4,2,2,2,2,2,2,2,2,2,1,3,3,3,3,1,4,3,2,3,3,2,2,2,1,1,64,6,1,1,1,50,9000,3500,0,121101,상태 유지,물리학
30067,2,1,3,4,2,1,5,4,2,3,3,2,1,0,2,1,3,4,2,1,2,3,2,4,2,2,3,4,4,3,2,1,4,5,3,4,2,1,3,4,3,4,2,3,3,4,2,1,2,1,4,3,2,1,1,0,1,0,1,0,3,2,3,1,1,0,2,1,1,0,1,0,2,1,2,1,2,3,2,1,1,0,2,2,3,2,2,3,2,4,2,3,3,4,4,2,2,3,2,3,2,3,1,3,2,2,0,3,2,4,3,2,4,5,3,2,3,4,2,3,4,3,2,2,3,2,4,3,4,5,3,3,2,3,4,3,4,5,4,3,4,4,2,1,1,2,2,1,2,2,1,3,2,3,2,2,1,7,3,4,3,5,7,7,3,5,2,26,2,1,3,2,40,2200,2100,0,613001,장비 교육 필요성 자동 전화 기술 발달 감소,문과
30068,3,5,3,5,3,5,2,3,3,6,4,6,2,4,3,5,2,3,2,3,2,3,2,2,2,2,4,6,2,3,2,2,2,3,2,2,2,2,2,3,3,5,3,4,2,3,2,1,2,1,2,3,3,5,2,1,2,1,3,4,4,6,2,1,3,5,2,2,2,1,2,4,2,3,2,1,2,1,2,1,2,6,2,5,2,1,2,1,3,3,3,3,3,4,4,3,3,4,3,3,2,13,1,4,1,2,0,5,5,3,3,3,4,4,3,3,3,3,4,3,2,4,4,3,4,3,3,2,3,3,3,4,3,3,2,2,4,4,3,3,4,4,2,2,2,2,2,2,2,2,2,1,4,3,3,3,2,3,3,3,5,4,4,7,4,4,1,48,4,1,1,1,40,7000,3800,0,134101,OCP 기업 마케팅 비지니스 도구로 폭등 데이터베이스 필요,응용소프트웨어공학
30069,5,5,5,5,4,5,4,5,2,4,4,5,5,6,4,5,4,5,5,7,4,6,4,6,4,6,4,5,4,6,3,4,4,6,4,4,4,5,3,4,4,6,5,6,4,4,5,6,4,4,4,5,5,6,3,4,4,5,4,4,4,5,4,6,4,5,4,5,4,4,4,4,5,6,4,5,4,5,2,4,1,0,1,0,4,6,4,5,4,4,4,3,3,4,2,5,3,4,5,4,4,18,1,2,2,1,3,6,4,4,4,3,4,4,3,3,3,3,3,3,3,3,3,5,5,4,4,3,2,5,4,3,4,4,2,2,4,5,4,2,3,4,1,1,1,1,1,1,1,2,2,2,1,2,2,2,1,3,4,3,3,2,2,5,5,4,1,53,4,2,5,1,40,0,0,10000,416102,기본적인 그래픽 소프트웨어의 운용능력 제작 파이프라인의 각종 프로토콜 발달 변화 인공 지능 기술 자동화 기술 통한 인력 수요 감소,신문방송학
30070,2,3,2,3,2,3,3,4,2,3,1,0,1,0,2,3,3,4,1,0,1,0,1,0,1,0,1,0,3,4,3,4,3,4,3,4,1,0,2,3,1,0,1,0,1,0,1,0,1,0,1,0,1,0,1,0,1,0,1,0,2,3,1,0,1,0,1,0,1,0,1,0,1,0,1,0,1,0,2,3,1,0,1,0,2,3,2,3,3,3,2,3,4,4,3,3,3,3,3,2,3,3,1,2,2,2,0,7,4,4,3,3,3,3,3,3,3,4,3,3,2,3,3,4,3,3,2,3,4,3,3,3,3,4,3,3,3,3,4,3,3,3,2,2,2,2,2,2,2,2,2,1,3,2,2,3,1,4,3,5,6,6,5,5,6,6,1,29,4,1,1,1,42,3200,3101,0,612101,고용,기계공학
30071,3,4,4,5,1,0,3,4,1,0,1,0,1,0,3,3,3,4,4,5,3,3,3,4,4,5,3,3,1,0,3,2,1,0,1,0,1,0,3,3,3,4,3,3,3,4,1,0,3,3,1,0,3,2,1,0,1,0,1,0,1,0,1,0,1,0,1,0,1,0,1,0,1,0,1,0,3,3,3,4,3,3,3,4,3,3,3,4,3,2,3,3,4,2,4,4,2,2,3,3,3,17,2,3,2,2,0,7,2,2,2,3,4,4,3,4,3,4,3,3,2,3,3,3,2,2,4,2,3,4,2,3,2,3,4,5,5,5,3,2,4,4,2,2,2,2,2,2,2,2,2,1,4,1,3,3,2,6,7,8,3,3,5,4,2,5,1,36,3,1,1,1,45,2780,2500,0,561201,공무원 타이틀,금속
30072,1,0,1,0,1,0,1,0,1,0,1,0,1,0,1,0,1,0,1,0,1,0,1,0,1,0,1,0,1,0,1,0,1,0,1,0,1,0,1,0,1,0,1,0,1,0,1,0,1,0,1,0,4,5,2,3,3,4,4,5,2,3,3,4,3,4,1,0,1,0,1,0,1,0,1,0,1,0,4,5,5,6,4,5,2,3,1,0,4,3,3,2,2,3,3,3,3,4,3,3,2,13,1,4,1,2,0,7,2,2,3,3,4,3,3,3,4,3,4,3,4,3,3,3,4,3,4,3,3,3,4,3,3,4,3,4,4,5,4,4,4,4,2,2,2,2,2,2,2,2,2,1,3,3,3,3,2,7,8,7,6,7,6,8,7,7,1,35,3,1,1,1,42,3500,2500,0,831301,전기기능사 기계 대체 불가,전기
30073,3,3,5,6,4,6,5,7,5,6,5,6,2,3,4,6,4,6,5,6,5,6,4,6,4,6,1,0,4,5,4,6,2,1,1,0,2,5,5,6,5,6,4,6,3,3,1,0,1,0,1,0,4,6,1,0,4,6,4,6,4,6,4,6,4,6,4,5,4,6,4,5,4,6,4,6,4,6,4,6,4,6,4,6,5,7,5,7,5,5,4,5,4,4,5,4,5,4,5,5,4,13,2,2,2,2,0,2,6,5,4,4,5,4,4,4,4,4,4,4,2,5,4,4,3,5,4,3,4,5,4,3,4,3,5,4,3,4,5,4,4,3,2,2,2,2,2,2,2,2,2,2,4,3,3,3,2,7,8,4,6,3,4,5,7,7,1,36,5,1,1,1,40,4400,4000,0,121106,기상 생활 자연과학 분야 핵심,천문학
30074,3,4,4,5,4,4,3,4,1,0,1,0,3,3,3,4,2,2,1,0,1,0,3,3,4,5,3,4,3,3,3,3,2,2,2,1,3,3,4,5,4,4,4,5,4,5,3,4,2,2,2,1,3,4,1,0,1,0,1,0,1,0,4,5,3,3,1,0,1,0,1,0,1,0,3,4,2,2,1,0,1,0,2,2,2,2,2,1,4,3,3,3,5,5,4,5,3,3,4,3,3,3,1,2,1,2,0,7,2,4,4,3,5,4,3,4,3,3,4,4,2,5,4,2,3,2,4,4,3,4,3,5,3,4,5,3,3,4,3,5,4,4,2,2,2,2,2,2,2,2,2,1,4,2,2,3,2,5,5,4,4,4,5,4,7,7,1,36,3,1,1,1,56,3500,2200,0,862201,양복기능사 양복기능사 기성 본인 스타일,패션디자인
30075,3,3,3,3,1,0,1,0,2,2,4,5,1,0,4,5,4,4,4,5,3,4,2,2,3,4,3,3,2,2,4,3,2,3,2,2,2,2,1,0,3,3,4,5,3,3,2,2,1,0,2,3,5,6,2,2,2,2,2,2,3,4,1,0,2,2,3,4,2,2,3,3,5,6,3,4,3,4,3,4,4,5,3,3,4,4,4,4,5,4,4,5,4,3,4,4,4,4,4,3,4,6,1,2,1,2,0,7,5,5,4,5,4,5,5,4,3,4,3,3,3,4,4,4,4,3,4,4,3,5,3,4,5,4,5,4,4,4,4,3,5,4,2,2,2,2,2,2,2,2,2,1,4,3,3,3,2,4,3,2,3,3,3,5,9,9,1,32,4,1,1,1,40,3650,3000,0,155306,토양환경기사 토양환경기술사 환경오염 대한 문제 세계 문제 때문,환경공학
30076,5,5,5,7,5,7,5,6,1,0,2,3,5,6,4,5,4,5,5,6,5,5,5,6,4,5,5,6,5,6,5,6,5,6,5,6,5,6,5,6,4,6,1,0,4,5,1,0,1,0,5,4,1,0,1,0,1,0,1,0,5,6,1,0,4,5,1,0,1,0,1,0,4,6,1,0,1,0,1,0,1,0,1,0,4,5,4,5,5,4,3,4,4,5,4,4,3,4,5,4,4,18,1,3,2,2,0,5,5,5,4,4,5,5,4,3,4,5,5,4,2,4,5,3,4,4,3,4,4,3,3,4,4,5,4,4,5,4,5,4,4,3,2,2,2,2,2,2,2,2,2,1,3,3,3,3,1,1,9,1,2,8,9,7,9,9,2,51,4,1,1,1,50,4000,3500,0,411104,기계로 일이,국어국문학
30077,4,4,5,5,2,3,4,4,3,4,4,4,5,4,3,4,4,4,4,5,3,3,3,5,5,6,4,5,3,3,5,6,4,6,4,5,4,5,3,3,4,3,3,4,3,4,4,5,5,6,3,3,5,6,5,4,4,4,3,5,2,3,4,5,5,7,4,6,5,7,3,3,3,3,5,7,4,6,4,6,3,3,5,7,4,5,2,2,5,3,5,2,3,4,2,4,2,3,4,2,5,3,1,2,1,1,3,4,3,2,1,1,4,4,3,2,3,3,4,3,3,2,2,4,4,4,5,5,4,2,3,4,3,3,3,4,3,3,3,3,4,4,1,2,1,2,1,1,2,2,2,4,1,3,3,2,2,7,8,6,8,8,8,7,8,6,1,54,4,2,5,1,50,0,0,3400,864101,신발류제조기능사 시대의 흐름에 따른 변화 제조 기술 봉합 방법 변화 장인 정신 기계로 업무 대화 인턴 신입 대한 사내 교육 작업 기계화,디자인
30078,1,0,1,0,1,0,1,0,1,0,1,0,5,7,1,0,1,0,1,0,1,0,1,0,5,7,1,0,1,0,1,0,1,0,5,5,1,0,4,6,1,0,3,3,1,0,1,0,1,0,1,0,1,0,1,0,1,0,1,0,1,0,1,0,1,0,1,0,1,0,1,0,1,0,5,7,4,5,4,4,1,0,2,3,5,7,1,0,4,3,4,4,4,3,3,2,3,2,2,2,2,3,1,1,1,2,0,3,4,4,2,3,4,5,4,3,3,3,2,3,3,2,3,4,4,5,4,4,5,4,4,4,4,5,4,4,5,4,4,4,4,5,2,2,2,2,2,2,2,2,2,3,1,3,3,3,2,3,4,5,6,5,5,4,5,4,2,48,3,1,1,1,40,3200,2700,0,415201,소잉디자이너1급 자동화,의상디자이너
30079,4,5,4,4,4,4,4,5,4,5,4,5,3,5,4,6,4,5,4,5,4,5,4,5,4,5,3,5,4,5,4,5,4,5,4,5,4,5,3,5,4,4,4,5,4,5,4,5,4,6,4,5,4,5,4,5,4,5,4,5,4,6,4,5,4,5,4,5,3,4,3,4,4,6,4,5,4,5,4,5,4,5,3,4,4,5,4,4,4,4,5,5,4,4,4,4,4,5,5,4,4,10,1,5,1,1,1,2,4,3,4,3,4,4,4,5,5,4,4,4,4,4,4,3,4,4,3,3,4,3,4,3,4,4,3,4,4,4,4,4,4,4,2,2,2,2,2,2,2,2,2,2,2,2,2,2,2,7,7,5,6,5,4,4,6,5,1,42,4,1,1,1,40,4800,2300,0,134101,정보처리산업기사 업무교육 시스템 개발,컴퓨터공학
30080,2,2,2,2,1,0,1,0,4,4,2,2,1,0,1,0,2,3,1,0,1,0,1,0,2,2,1,0,1,0,1,0,1,0,1,0,1,0,1,0,3,4,1,0,2,2,1,0,1,0,1,0,3,4,2,2,1,0,1,0,2,2,5,6,2,2,4,6,1,0,1,0,1,0,1,0,1,0,1,0,1,0,1,0,2,3,2,2,4,2,3,4,4,3,4,2,2,2,3,2,2,13,1,2,1,2,0,7,5,4,3,3,2,3,3,4,3,3,4,3,2,3,3,3,4,3,3,2,3,3,3,3,4,3,2,3,2,3,2,3,3,4,2,2,2,2,2,2,2,2,2,1,3,2,2,2,1,2,1,2,3,3,3,2,7,6,1,28,4,1,1,1,40,4000,2800,0,153202,반도체설계산업기사 기계 대체 불가,전자공학
30081,4,4,3,3,4,5,4,5,3,2,1,0,4,4,3,3,3,3,1,0,1,0,3,3,4,4,1,0,1,0,4,4,3,3,3,4,2,3,4,4,4,4,4,4,1,0,2,3,1,0,2,3,1,0,3,3,1,0,2,3,1,0,1,0,1,0,1,0,3,4,1,0,3,3,1,0,2,3,1,0,1,0,1,0,2,2,2,2,3,3,3,3,3,4,2,3,3,3,3,4,2,14,1,4,1,1,3,6,5,3,4,4,4,3,3,3,3,4,4,3,3,4,3,4,2,2,2,1,3,3,4,4,3,4,3,3,2,4,2,3,4,3,2,2,2,2,2,2,2,2,2,2,3,2,2,2,1,5,5,5,5,5,5,3,3,5,1,28,3,1,1,1,48,2800,2300,0,158201,소방설비산업기사 소방안전 교육 안전 예방 위해 필요 유지,기계공학
30082,4,6,4,6,4,5,4,5,3,5,4,5,3,4,3,4,3,5,4,5,4,4,3,5,3,5,4,5,4,5,4,5,4,6,4,5,3,5,4,5,4,5,4,5,4,5,4,6,3,4,3,5,1,0,1,0,1,0,1,0,3,4,3,4,3,4,2,3,3,4,3,4,3,5,3,4,3,4,4,5,4,5,3,4,3,4,4,5,4,4,3,3,4,3,3,4,3,4,4,3,3,15,2,2,1,2,0,5,5,4,4,3,4,5,4,3,4,3,3,4,4,4,4,4,3,3,4,3,4,4,3,4,3,3,3,4,4,3,4,3,3,5,2,2,2,2,2,2,2,2,2,1,3,3,3,3,2,6,4,4,3,4,5,7,5,4,1,41,4,1,1,1,40,3900,3200,0,29903,행정사 취업 해당 직종 관심 사람 공급 수요 직종 현재 미래 상황,법학
30083,2,3,2,2,2,3,2,3,2,3,2,3,1,0,2,3,3,3,3,4,2,3,2,3,2,2,2,1,1,0,1,0,1,0,1,0,2,2,3,3,2,2,1,0,2,3,1,0,1,0,1,0,1,0,1,0,2,2,3,4,1,0,1,0,4,3,3,5,4,5,4,4,1,0,4,4,2,3,2,3,3,4,2,3,2,2,2,2,3,2,2,3,3,2,3,3,3,2,2,2,2,19,1,2,1,2,0,5,3,3,3,3,3,4,2,3,3,4,4,3,3,3,3,4,3,4,3,2,3,4,3,5,3,4,4,4,4,5,3,3,4,4,2,2,2,2,2,2,2,2,2,1,4,3,3,3,2,7,7,7,5,5,5,5,5,5,1,28,2,1,3,2,45,2600,2300,0,811201,승강기기능사 고층 건물 증가 엘리베이터 수요,공고
30084,4,5,5,3,5,4,4,4,2,4,4,4,2,4,3,4,4,3,2,4,4,4,4,3,4,4,5,5,1,0,4,3,3,3,2,4,5,4,3,3,4,5,4,4,3,4,1,0,2,4,3,3,4,5,2,4,1,0,1,0,3,3,2,3,1,0,1,0,1,0,1,0,2,3,3,4,3,3,3,3,2,3,1,0,2,3,2,3,4,5,4,4,5,3,4,4,3,5,4,3,3,13,1,2,1,2,0,3,5,3,5,4,5,4,4,5,9,9,9,4,4,5,5,4,5,3,4,4,5,4,5,4,3,5,4,4,5,3,4,3,5,4,2,2,2,2,2,2,2,2,2,2,4,3,2,3,1,6,7,4,6,3,2,7,3,3,1,46,4,1,1,1,40,4700,4500,0,155304,환경측정분석사 국민 환경 관심 지자체 환경 영향 평가 대상 예정,환경공학
30085,4,4,4,4,4,4,4,4,3,4,3,4,2,2,3,3,3,3,2,4,3,4,3,3,2,2,3,4,3,3,3,5,2,3,1,0,2,2,1,0,2,2,2,3,3,3,1,0,1,0,1,0,1,0,1,0,1,0,1,0,1,0,1,0,1,0,1,0,1,0,1,0,1,0,1,0,1,0,1,0,1,0,1,0,3,3,3,3,4,3,3,3,4,4,2,4,3,4,4,3,4,13,1,2,2,2,0,7,2,4,4,4,4,4,3,4,9,9,4,4,2,4,4,4,4,3,4,4,4,3,3,4,4,4,5,4,4,5,4,3,4,4,2,2,2,2,2,2,2,2,2,1,3,3,3,3,1,8,2,8,5,5,5,5,5,5,2,42,3,1,1,1,46,3800,2400,0,411202,분위기 통역 사람 일이 변화,유아교육
30086,1,0,3,4,2,2,2,3,1,0,1,0,1,0,1,0,2,3,1,0,1,0,1,0,2,3,3,4,2,3,2,3,1,0,1,0,1,0,2,3,1,0,1,0,1,0,1,0,1,0,1,0,1,0,1,0,2,3,1,0,1,0,1,0,2,3,3,4,1,0,1,0,1,0,3,4,1,0,1,0,2,3,1,0,2,3,3,4,3,3,3,3,4,3,4,3,3,3,4,3,4,17,1,2,2,2,0,7,4,4,3,3,4,4,4,3,3,3,4,4,3,3,4,3,4,3,3,3,4,3,4,3,3,4,4,3,3,4,3,3,4,3,2,2,2,2,2,2,2,2,2,1,4,2,3,3,1,4,4,5,6,5,4,6,5,6,1,51,4,1,1,1,40,4320,2600,0,306902,노인 증가 직업 증가,특수교육학
30087,2,3,2,3,2,2,2,3,2,4,3,3,3,3,2,3,2,3,4,4,2,3,2,4,2,3,2,3,2,3,3,3,2,3,2,4,2,3,2,3,2,2,2,3,3,3,2,3,2,3,2,2,2,4,3,3,3,4,2,4,1,0,2,2,2,3,3,4,4,5,2,3,2,2,4,4,4,5,3,4,5,6,4,4,3,3,3,3,3,2,1,3,3,1,2,4,2,2,1,3,2,6,3,2,1,2,0,2,2,3,2,1,2,3,2,3,2,3,3,3,4,2,2,5,4,3,4,3,5,4,3,4,2,5,3,4,2,4,5,3,4,3,2,2,2,2,2,2,2,2,2,1,3,2,2,2,2,7,6,5,4,3,3,4,3,4,1,36,2,1,2,2,45,3360,3120,0,701701,조적기능사 산업기사 신규 건축 시장 위축,기계
30088,4,5,3,5,3,5,3,5,3,5,3,5,1,0,3,5,4,4,1,0,3,5,3,5,3,5,3,5,1,0,3,5,1,0,2,3,3,5,3,4,4,5,3,5,3,5,3,5,3,5,3,4,4,5,3,5,3,5,3,5,3,5,3,5,4,5,3,4,4,4,4,5,3,5,3,5,3,5,2,3,3,4,3,4,5,6,2,2,4,3,4,4,3,4,4,3,3,4,3,3,4,3,1,4,1,2,0,2,5,5,4,4,4,4,4,4,3,4,5,4,2,4,4,3,4,3,5,4,3,3,3,4,3,5,4,3,5,4,3,4,4,3,2,2,2,2,2,2,2,2,2,2,2,3,3,3,2,6,5,8,5,6,3,7,5,4,1,33,4,1,1,1,40,4700,4300,0,152101,산업기사 기초 산업 중국 이전 감소,금속공학
30089,5,6,5,6,3,3,4,5,3,3,5,6,3,3,4,5,5,6,2,4,4,4,3,6,4,4,4,5,1,0,4,4,2,3,2,4,2,3,2,5,4,5,2,4,3,3,1,0,3,3,1,0,1,0,4,5,4,5,5,4,5,6,1,0,5,4,4,5,4,6,5,6,1,0,3,5,4,6,2,4,3,5,3,3,3,3,3,4,4,3,2,3,2,4,2,3,3,4,3,3,4,10,1,3,1,2,0,7,5,4,4,3,4,4,4,3,4,5,4,4,2,4,4,4,5,3,4,4,4,4,4,3,3,4,4,4,4,5,4,2,5,4,2,2,2,2,2,2,2,2,2,3,4,2,2,2,2,7,8,8,4,3,2,7,7,5,1,36,4,1,1,1,40,4500,3000,0,134302,네트워크관리사2급 정보처리기사 통신 기술 발전 계속,컴퓨터공학
30090,2,2,3,4,1,0,2,1,3,2,1,0,1,0,4,2,3,3,2,4,3,3,2,1,4,3,2,2,1,0,4,3,2,2,1,0,1,0,3,1,4,3,2,3,4,3,3,1,2,2,4,3,2,2,4,3,4,3,2,2,4,3,4,3,3,3,2,5,5,5,4,4,2,1,1,0,2,3,4,5,4,4,1,0,1,0,1,0,2,4,3,3,2,2,4,3,2,4,3,4,2,3,1,3,2,2,0,2,3,2,4,3,4,5,3,3,2,4,4,3,3,4,4,2,4,4,3,4,3,3,4,3,5,4,4,3,5,5,4,3,4,4,2,2,2,2,2,2,2,2,2,2,4,3,3,3,2,7,4,8,7,4,3,7,5,8,1,35,3,1,1,1,40,3400,3400,0,815001,기업 생산자 동화 라인 도입 증가,기계
30091,3,4,4,6,3,4,5,6,4,6,4,5,4,5,3,4,4,5,4,5,3,4,3,4,3,4,3,4,4,5,4,5,4,5,3,4,1,0,3,4,4,5,3,4,1,0,1,0,1,0,1,0,4,5,5,6,4,6,4,5,5,5,2,2,3,4,3,4,1,0,1,0,3,4,1,0,1,0,1,0,1,0,1,0,4,5,3,4,5,4,4,4,5,4,4,2,2,5,4,3,3,13,1,2,2,2,0,7,5,5,5,4,4,4,3,3,3,3,4,4,2,4,4,4,2,2,3,4,4,5,4,4,5,4,5,4,4,5,4,3,4,4,2,2,2,2,2,2,2,2,2,1,3,2,3,2,2,3,2,1,2,8,8,9,7,2,1,29,4,1,1,1,40,3300,3100,0,415504,변화,소프트웨어
30092,5,6,5,7,5,7,3,4,3,4,4,6,4,5,4,5,4,5,4,5,4,5,4,5,4,6,4,5,3,4,3,4,3,4,2,3,3,4,1,0,2,3,4,5,4,5,2,3,2,2,3,4,1,0,1,0,1,0,1,0,2,2,2,2,1,0,1,0,1,0,1,0,1,0,1,0,1,0,1,0,1,0,1,0,4,5,3,4,4,4,4,3,5,4,4,4,3,4,4,4,4,13,1,2,2,2,0,5,5,4,4,5,5,5,3,3,3,4,4,4,3,4,5,3,3,2,3,4,4,4,2,5,4,4,5,4,4,5,4,4,5,4,2,2,2,2,2,2,2,2,2,2,3,2,2,2,1,8,8,6,5,3,2,2,1,3,1,28,4,1,1,1,40,2800,2400,0,412003,온라인 매체 증가,경제학
30093,4,5,4,5,4,6,4,4,3,4,3,4,4,5,3,4,3,3,4,5,4,4,4,5,4,4,4,4,3,3,3,3,2,2,3,3,3,4,4,5,3,3,4,4,3,3,3,4,3,3,1,0,1,0,2,2,1,0,4,5,4,4,4,5,4,4,1,0,2,2,2,3,3,2,1,0,2,2,3,3,1,0,2,3,4,4,3,3,4,4,3,4,4,3,3,4,3,3,4,2,3,16,5,2,1,2,0,7,2,3,3,2,3,3,4,3,9,9,4,4,4,3,3,4,4,4,5,3,2,3,3,3,4,4,4,3,4,5,4,4,4,4,2,2,2,2,2,2,2,2,2,1,3,1,1,3,2,8,8,5,5,8,2,8,3,3,1,62,2,1,1,1,52,3200,2400,0,214301,1종 보통 사람 일이,문과
30094,3,3,4,4,4,5,3,4,4,5,4,5,5,6,4,6,4,4,4,5,4,5,4,5,4,5,3,4,3,4,3,5,2,3,2,3,3,5,1,0,1,0,4,5,4,5,4,5,3,4,4,6,4,5,4,5,4,5,4,5,4,5,3,4,4,5,4,5,4,5,3,4,2,3,3,4,3,4,3,4,4,4,4,5,3,4,2,3,4,3,4,4,4,4,4,3,3,4,4,4,4,13,1,5,1,1,3,5,5,4,4,5,4,5,5,4,3,4,4,4,2,4,4,2,2,3,3,4,4,4,4,5,4,5,5,4,5,5,4,3,5,3,2,2,2,2,2,2,2,2,2,1,3,1,1,1,1,2,1,2,2,3,6,8,4,6,1,30,5,1,1,1,40,4000,2500,0,151102,운전면허증 CAT 1급 자격증 수습 현장조사 관련 법령 습득 변동 직종,에너지공학
30095,4,6,4,6,3,6,4,6,5,5,3,5,2,2,3,6,4,6,3,5,3,5,3,5,3,6,4,6,3,5,3,5,4,6,4,6,3,3,3,5,4,6,4,6,4,5,4,6,4,6,4,6,3,6,3,3,3,5,3,5,3,5,4,6,3,5,3,5,4,6,3,6,3,5,2,2,2,3,2,4,2,3,3,4,2,5,2,5,2,4,1,2,3,2,4,3,4,3,4,4,4,3,1,5,1,2,0,4,4,5,5,5,5,4,4,3,3,4,4,4,4,4,4,4,5,4,4,5,4,4,4,4,4,5,4,3,4,5,4,4,4,5,2,2,2,2,2,2,2,2,2,2,2,2,2,2,1,6,5,4,5,6,6,6,4,5,2,43,3,1,1,1,40,5000,2000,0,28301,컴활2급 엑셀OA 자동화 시스템 도입,경영학
30096,3,5,3,4,3,5,2,4,4,6,5,5,5,5,4,5,2,4,5,5,4,6,4,6,4,5,3,5,2,4,2,4,3,5,2,4,2,4,1,0,4,6,4,5,4,5,2,4,2,4,2,4,5,5,5,6,3,5,3,6,5,6,3,5,4,6,4,6,4,5,3,5,4,5,2,4,2,4,1,0,2,4,2,4,3,5,1,0,4,4,4,4,4,4,4,4,4,5,5,5,4,10,1,4,1,2,0,5,4,4,4,4,4,4,4,4,3,4,4,4,3,3,3,4,3,3,3,1,2,4,4,5,3,3,2,2,3,3,3,3,4,4,2,1,2,2,2,2,2,2,2,2,4,3,3,3,1,4,4,3,6,4,5,6,5,5,1,33,4,1,1,1,48,3500,2500,0,133202,시각디자인 산업기사 가상현실 소프트웨어 오류 품질 테스트 프로그램 도입 산업혁명 핵심 기술 부각 때문,응용소프트웨어공학
30097,5,6,5,6,5,6,5,5,4,5,4,5,4,4,3,4,4,4,3,5,3,4,4,4,3,4,4,5,5,5,2,3,5,5,4,5,5,5,4,5,5,4,4,5,5,5,5,5,4,4,4,4,5,5,4,4,4,5,4,5,4,4,4,5,4,5,4,4,4,5,4,5,4,5,3,4,4,6,4,4,4,4,4,4,5,5,5,5,4,4,4,4,5,4,4,4,3,4,3,4,4,10,1,3,1,2,0,2,5,4,4,4,4,3,4,2,3,3,4,3,4,2,3,4,3,4,3,4,3,4,4,3,2,4,3,3,4,3,4,2,4,4,2,2,2,2,2,2,2,2,2,2,4,2,2,2,2,6,4,7,5,7,3,7,4,6,1,47,4,1,1,1,48,6000,4000,0,13701,정보통신기술사 정보통 분야 관심,전기
30098,3,4,3,3,3,3,3,4,3,4,4,4,3,3,3,4,3,3,3,4,3,3,4,5,3,4,4,4,3,4,3,4,3,4,4,5,3,4,4,5,4,5,4,5,3,4,2,3,2,3,2,2,3,4,2,3,2,2,2,2,4,5,4,5,2,2,2,2,2,2,2,2,3,4,3,4,4,5,3,5,3,3,2,2,2,3,2,3,3,3,2,3,4,2,4,2,3,3,4,3,4,3,1,2,2,2,0,2,4,3,3,3,4,4,4,3,3,2,4,3,3,2,3,3,3,2,3,2,2,4,2,4,4,3,4,3,4,3,4,3,4,2,2,2,2,2,2,2,2,2,2,3,3,2,3,3,2,4,5,4,3,5,5,6,4,4,1,31,4,1,1,1,40,3000,3000,0,28401,역할 중요성 침체 고용 유지 예정,산업공학
30099,4,4,2,2,4,4,3,3,1,0,3,3,1,0,3,4,3,3,3,3,1,0,3,4,2,2,2,2,2,3,3,3,1,0,1,0,3,3,2,3,1,0,3,3,3,2,1,0,1,0,3,2,1,0,1,0,1,0,1,0,4,3,1,0,3,2,1,0,1,0,1,0,3,2,1,0,1,0,3,3,3,3,3,3,3,3,2,3,1,1,1,3,3,4,4,2,3,1,3,4,2,15,2,4,2,2,0,3,2,4,3,3,4,3,2,3,4,4,4,4,2,3,3,3,4,4,4,3,4,4,3,3,3,3,3,3,4,5,4,3,4,3,2,2,2,2,2,2,2,2,2,1,3,3,2,3,2,6,5,5,6,5,5,5,7,5,1,42,4,1,1,1,40,3200,2100,0,25301,병역 의무 존재,사회교육
30100,5,3,5,5,5,4,5,4,4,6,5,3,5,7,4,6,5,7,4,5,4,6,5,7,5,7,4,6,5,7,4,6,5,7,5,3,5,5,5,7,5,7,5,7,4,6,5,7,4,6,5,7,5,7,5,7,4,6,4,6,5,7,5,7,4,6,4,6,4,3,4,3,5,7,5,2,5,7,4,6,4,6,4,6,4,6,4,6,5,4,4,4,5,3,5,2,5,5,5,5,5,9,1,2,1,1,3,3,4,5,4,4,5,5,3,4,4,5,5,4,1,5,5,5,5,5,5,3,5,2,4,5,4,5,4,4,5,5,5,4,5,5,2,1,1,1,1,1,2,2,2,3,1,2,2,2,1,9,9,9,1,9,9,9,9,1,1,41,4,1,1,1,60,2500,4000,0,14201,한식 자격증 일식 자격증 전문 요리 기술 품질 관리 데이터 분석 업무 설비 자동화 인력 감소 필연,조리학
30101,3,4,4,5,2,2,3,4,4,5,2,3,4,5,4,5,3,5,3,3,2,2,2,2,2,3,2,3,3,3,2,2,2,2,2,3,3,4,3,4,3,4,4,5,4,5,4,5,2,2,2,2,4,5,4,5,3,4,2,3,1,0,2,3,1,0,2,3,2,3,2,2,1,0,4,5,2,2,1,0,4,6,2,3,4,5,2,2,5,3,4,2,3,2,4,3,2,3,3,2,2,7,1,1,1,1,2,2,2,4,3,3,4,4,3,3,9,9,4,4,2,4,4,4,4,4,4,3,4,4,4,3,4,3,4,3,3,4,3,4,4,4,2,2,2,2,2,2,2,2,2,2,2,2,2,2,2,6,7,6,7,8,6,5,6,7,1,48,2,2,5,1,50,0,0,4000,863201,양복기능사 작업 관련 실무교육 기성복 가격 재질 우수,인문계
30102,3,3,3,4,1,0,3,4,2,2,2,1,2,1,2,2,2,3,1,0,1,0,2,2,3,3,3,4,3,4,3,4,1,0,2,3,3,4,3,4,3,4,3,4,3,4,3,4,3,4,3,3,2,2,2,2,3,3,3,3,2,1,3,4,2,2,1,0,1,0,1,0,1,0,2,2,2,3,2,3,3,4,2,3,2,2,2,1,5,3,3,4,5,3,4,5,3,3,5,3,4,9,1,6,2,2,0,7,2,4,4,4,5,5,2,4,9,9,4,4,1,4,4,4,4,5,3,2,4,2,4,4,5,3,5,4,4,5,3,3,4,3,2,2,2,2,2,2,2,2,2,1,3,1,1,1,2,8,7,8,4,2,5,2,3,8,1,44,2,2,5,1,40,0,0,6000,532101,치킨 소비,문과
30103,4,4,5,5,3,3,4,4,4,4,4,4,4,4,3,3,4,4,3,3,2,2,4,4,4,4,2,2,3,3,4,4,4,4,4,4,3,3,4,4,3,3,4,4,4,4,4,4,4,4,4,4,4,4,3,3,4,4,4,4,4,4,5,5,4,4,4,4,4,4,4,4,4,4,5,5,4,4,4,4,4,4,4,4,5,5,4,4,4,2,4,3,4,2,4,2,3,4,3,3,4,7,1,1,2,1,4,6,2,4,2,2,4,4,3,3,9,9,4,4,2,4,4,4,3,4,4,3,2,4,4,4,3,4,3,2,4,5,4,2,4,5,2,2,2,2,2,2,2,2,2,4,1,2,2,3,2,8,7,8,3,7,8,7,8,5,1,65,2,2,5,1,40,0,0,6800,871201,만드는 기술 먹거리,인문계
30104,2,2,2,3,1,0,1,0,3,4,1,0,2,3,2,3,3,1,3,3,1,0,1,0,3,1,2,2,1,0,3,3,1,0,1,0,1,0,1,0,2,1,4,2,3,3,3,3,3,4,1,0,1,0,3,3,4,3,1,0,1,0,2,2,3,3,3,3,2,2,2,2,1,0,2,3,4,4,3,3,2,3,3,3,3,3,3,3,3,2,3,4,3,3,3,2,2,2,3,3,3,6,1,2,1,2,0,4,5,4,3,3,3,4,2,4,2,2,3,3,2,3,3,2,1,3,3,2,3,4,4,5,3,1,2,4,3,5,3,2,4,3,2,2,2,2,2,2,2,2,2,2,3,3,3,3,2,8,6,7,4,6,5,8,1,2,1,39,3,1,1,1,40,4000,3200,0,701501,석공기능사 기술 변화 요인 대체 불가,기계
30105,5,6,4,6,4,6,4,5,5,6,4,6,4,5,3,5,4,6,4,5,4,6,4,6,4,5,5,6,4,5,4,5,4,4,3,4,4,6,4,5,4,5,4,5,3,4,3,4,3,4,2,3,2,3,2,3,2,3,3,3,3,4,3,3,2,3,2,4,2,2,2,3,4,5,3,4,3,3,4,4,3,4,2,4,3,3,3,4,4,3,4,5,4,4,5,4,3,4,4,5,4,16,5,5,2,2,0,5,6,4,3,3,5,4,4,4,3,2,3,4,2,3,3,4,3,3,2,1,4,4,5,4,4,3,3,4,3,4,4,2,4,4,2,2,2,2,2,2,2,2,2,1,3,3,3,3,2,6,5,5,4,6,6,7,5,6,1,59,6,1,1,1,45,9000,4200,0,121103,자동화 시스템 구축 분야,수학교육
30106,3,5,4,4,2,3,4,3,2,3,4,4,2,2,4,5,3,2,4,4,3,3,3,4,4,4,3,5,2,2,4,5,3,4,2,2,2,2,5,5,3,3,1,0,2,2,1,0,1,0,1,0,1,0,1,0,3,5,1,0,4,3,1,0,3,4,2,3,2,3,3,5,1,0,1,0,3,4,1,0,3,4,4,4,4,6,3,5,3,4,2,2,3,1,4,3,2,3,3,4,3,15,2,2,1,1,4,6,5,4,3,3,4,3,4,4,3,3,4,4,2,4,3,4,3,2,3,2,4,3,4,4,4,4,4,3,4,3,3,2,3,4,1,1,1,1,1,1,2,2,2,2,4,1,3,3,1,2,3,3,3,7,7,3,5,7,2,31,4,1,1,1,40,3000,2400,0,240102,해기사 면허증 인명구조 자격증 동력수상레저 면허 전문인명구조 훈련 함정운항 교육 시스템 구조 장비 도입 개발 시스템 적응 교육 실시 라벨 추구 증가 해양 레포츠 사람 증가 통해 해양 안전 치안 유치 사료,해양경찰학
30107,1,0,2,2,2,2,2,2,1,0,1,0,1,0,1,0,2,2,2,2,1,0,2,4,3,4,1,0,3,3,2,4,1,0,1,0,1,0,3,3,2,4,1,0,2,3,1,0,1,0,1,0,1,0,1,0,2,3,3,4,1,0,1,0,1,0,1,0,1,0,1,0,1,0,3,4,3,4,2,3,2,3,2,3,2,2,2,2,1,3,2,3,3,1,1,3,2,2,2,1,2,9,4,1,2,2,0,1,1,2,1,1,3,2,2,2,1,2,4,2,2,3,2,3,3,3,4,4,4,3,2,4,3,2,2,1,2,4,3,2,4,5,2,2,2,2,2,2,1,2,2,1,3,3,2,2,2,6,6,7,4,5,6,4,5,6,2,52,1,1,4,1,60,2400,1800,0,532301,고객 직원 감소 외식 식당 수가 갈수록,0
30108,3,5,3,5,1,0,1,0,3,3,4,5,4,3,5,6,4,4,4,5,5,6,3,5,5,6,4,6,5,6,5,6,1,0,2,3,1,0,2,3,5,6,5,6,4,5,1,0,4,6,2,3,1,0,1,0,4,5,1,0,4,5,4,6,5,6,4,6,5,6,5,7,3,4,5,7,5,6,5,7,1,0,4,5,5,6,5,6,2,5,4,4,4,1,5,4,2,4,5,4,2,19,1,2,1,1,1,7,4,3,3,4,4,4,3,4,3,4,5,4,2,4,3,3,2,4,3,4,5,4,4,3,3,4,5,4,3,5,4,3,5,4,2,2,2,2,2,2,2,2,2,2,4,3,3,3,2,3,5,6,4,3,6,3,5,6,1,37,4,1,1,1,40,3800,2600,0,541301,운전면허 유도 직무훈련 안전 추구 사람 의식 때문,경호학
30109,3,4,4,6,1,0,4,5,2,2,5,6,1,0,5,6,5,6,4,5,4,5,3,4,5,6,2,2,1,0,4,6,3,3,2,2,1,0,3,4,4,6,5,7,3,3,1,0,1,0,1,0,3,4,1,0,2,2,3,4,1,0,1,0,4,5,3,3,5,7,4,5,2,2,5,6,5,6,5,6,4,5,2,3,4,5,4,5,4,4,5,4,5,3,3,4,3,3,4,4,5,8,1,2,1,1,5,5,5,4,3,4,4,4,3,4,4,3,4,4,4,3,4,4,3,4,3,3,4,3,4,3,3,4,4,5,4,4,4,4,5,4,2,2,2,2,2,2,2,2,2,1,4,3,3,3,2,3,2,2,1,1,4,2,3,5,1,42,4,1,1,1,48,5700,3000,0,621102,계기비행 자격증 비행훈련 관제영어 습득 훈련 공공기관 기업 헬기,항공운항학
30110,4,6,5,7,5,6,5,6,5,6,5,6,4,6,5,7,5,6,4,6,5,6,5,6,5,6,4,6,4,5,5,6,4,6,5,6,4,6,4,6,5,6,4,6,5,7,5,7,4,6,4,6,4,6,3,3,3,4,3,4,2,2,1,0,1,0,1,0,1,0,1,0,1,0,1,0,1,0,1,0,1,0,1,0,3,5,3,3,3,3,3,3,3,4,5,3,4,4,4,4,3,15,2,5,2,2,0,4,5,3,3,3,4,4,5,3,3,4,4,4,3,3,3,3,3,3,2,3,3,4,4,3,3,3,3,3,3,3,3,3,4,5,2,2,2,2,2,2,2,2,2,2,3,3,3,3,2,2,3,5,5,6,5,3,4,5,2,34,4,1,1,1,40,4000,3000,0,110203,상태 유지,경제학
30111,3,4,3,4,2,2,3,4,3,4,2,2,2,2,2,2,2,3,1,0,1,0,2,3,2,2,3,4,1,0,1,0,1,0,1,0,2,3,3,4,1,0,3,4,3,4,3,3,3,5,1,0,1,0,1,0,1,0,1,0,4,5,2,2,1,0,1,0,1,0,1,0,2,2,1,0,1,0,1,0,1,0,1,0,2,3,2,3,4,4,5,3,4,5,4,2,3,3,4,4,3,17,1,2,1,2,0,2,5,4,4,4,4,4,4,4,9,4,4,4,2,4,4,4,3,4,3,4,5,3,3,4,4,5,3,4,4,5,4,3,3,4,2,2,2,2,2,2,2,2,2,1,3,2,2,3,2,6,4,3,2,2,3,8,5,4,2,40,4,1,1,1,20,2800,2200,0,305001,식품영양사 변동 직종,식품영양학
30112,2,2,3,3,1,0,2,3,1,0,1,0,1,0,1,0,2,3,2,3,2,2,2,3,3,4,2,1,2,2,2,2,1,0,1,0,2,1,2,3,3,4,2,1,2,3,1,0,2,3,2,3,1,0,1,0,1,0,1,0,1,0,2,3,2,3,1,0,2,3,3,4,2,2,1,0,1,0,1,0,1,0,1,0,3,3,2,2,4,2,4,3,2,3,1,4,3,1,1,1,4,14,1,2,2,2,0,7,2,3,2,2,4,2,3,3,9,2,4,3,3,2,2,2,2,5,3,3,4,2,3,2,2,2,2,2,2,3,2,2,3,3,2,2,2,2,2,2,2,2,2,3,2,2,2,3,2,6,7,5,4,5,5,5,3,5,2,42,2,1,1,1,50,2720,2080,0,562101,방법 개발 수도,문과
30113,5,6,5,7,4,6,4,7,4,5,5,7,3,5,4,6,4,7,2,5,5,6,4,6,5,6,4,6,4,6,5,6,5,7,5,7,5,7,4,7,5,6,5,7,4,6,4,6,3,4,4,5,4,5,2,3,2,4,2,2,4,5,4,4,3,3,2,3,3,4,2,3,3,4,2,3,2,2,4,5,3,3,2,2,2,3,2,2,4,4,4,4,5,4,4,5,2,5,5,5,4,13,1,2,1,1,3,5,5,5,5,5,4,5,2,4,4,4,4,4,2,4,4,4,4,3,4,4,2,2,4,4,4,4,5,5,4,4,4,4,4,4,2,1,1,1,1,1,2,2,2,2,3,3,3,3,2,7,7,7,6,3,4,5,4,6,2,35,4,1,3,2,40,10000,5000,0,221201,변호사 법정 재판 실습 교육 의뢰인 연결 개발 변호사 업무 영역 지속,법학
30114,3,4,3,4,3,4,3,4,3,4,2,4,2,2,2,3,2,4,2,3,2,3,2,3,2,3,2,3,2,3,2,4,2,3,2,4,2,3,2,3,2,3,3,4,3,3,2,3,2,3,2,3,2,4,2,3,2,3,2,3,3,3,2,3,2,3,2,3,2,3,2,3,3,3,2,3,3,3,3,3,2,2,2,2,2,3,2,3,3,4,4,4,3,4,3,4,4,4,4,4,3,8,1,2,2,1,2,2,2,4,4,3,4,4,3,4,4,3,4,4,4,4,4,4,4,3,4,4,4,4,2,4,4,4,5,5,4,4,5,4,4,4,2,2,2,2,2,2,1,2,2,1,1,2,2,2,1,7,7,7,6,7,7,7,7,6,1,38,2,1,3,1,48,2500,2400,0,522201,배타고 구조하는 방법 침체 경기,문과
30115,4,5,4,5,2,2,3,4,4,5,3,4,2,4,2,3,4,5,2,2,3,3,5,5,3,3,3,4,2,2,2,2,3,3,3,4,3,2,3,3,4,4,4,3,4,4,3,4,4,4,4,4,4,5,4,5,5,5,5,5,3,4,3,3,4,4,4,5,5,6,4,6,3,4,4,4,3,4,3,3,4,6,3,4,3,5,3,3,4,5,3,3,3,2,4,3,1,3,4,1,3,6,1,2,1,1,2,5,2,3,3,3,4,3,3,4,3,3,3,3,4,3,3,4,3,4,3,4,4,4,3,3,4,4,4,3,3,4,4,4,4,3,2,2,2,2,2,2,2,2,2,1,2,3,3,3,2,7,6,8,5,6,8,7,5,3,1,29,2,1,1,1,48,2800,2200,0,831301,전기기사 현장실무 교육 직종 기피 현상,전기
30116,4,6,4,6,4,6,4,6,4,5,4,6,4,6,4,5,4,5,4,5,4,5,4,5,4,4,4,5,4,4,4,5,4,5,4,4,4,5,4,5,4,6,4,5,4,4,4,4,4,5,4,5,4,5,4,5,4,5,4,5,4,5,4,5,4,5,4,5,4,5,4,5,4,5,4,5,4,5,4,5,4,5,4,6,4,5,4,5,4,5,4,4,4,4,4,3,4,4,4,4,4,3,1,2,1,2,0,5,5,4,4,3,4,4,3,4,4,4,4,4,2,4,4,4,4,4,4,2,4,4,4,4,4,4,4,4,3,4,3,3,4,5,2,2,2,2,2,2,2,2,2,2,3,3,3,3,2,7,7,7,8,8,7,7,7,7,1,35,4,1,1,1,40,4500,3300,0,154102,화공안전기술사 채용 인원 한정,물리공학
30117,4,5,5,5,3,5,5,6,5,6,5,6,2,2,5,7,4,7,3,5,5,5,3,5,3,4,4,6,4,6,5,6,3,4,3,4,4,7,4,5,5,5,5,7,4,5,5,6,5,7,5,6,4,6,2,3,5,6,3,3,3,3,4,6,3,4,3,4,3,4,3,4,4,5,3,5,3,4,3,4,3,3,3,3,5,7,4,5,5,4,2,4,4,4,4,4,5,3,3,5,5,17,1,2,1,2,0,6,6,5,5,4,5,4,4,4,9,9,5,4,1,3,4,4,3,2,3,3,2,4,2,5,4,4,5,4,3,5,4,5,4,5,2,2,1,2,2,2,2,2,2,1,4,2,2,2,2,2,2,5,7,9,9,5,7,2,1,58,5,2,5,1,43,0,0,10000,301109,전문의 자격증 의료 보험 발달 병원 이용 증가 계속 것이므,의학
30118,4,5,3,5,3,4,3,5,4,5,4,5,4,5,4,5,4,5,4,5,4,5,4,5,4,5,4,5,4,5,4,5,4,5,3,4,2,3,3,4,3,4,3,5,3,5,4,5,3,4,4,5,4,5,3,4,4,4,4,5,3,4,4,5,3,4,3,5,3,4,3,5,3,5,3,4,3,4,3,4,3,5,4,4,3,4,3,5,4,4,4,4,4,3,4,3,3,4,3,4,3,6,1,3,1,1,3,4,5,5,4,4,4,3,2,4,3,5,4,4,3,3,3,4,3,3,3,4,3,3,3,4,4,4,3,3,4,3,3,4,4,4,2,2,2,2,2,2,2,2,2,3,4,2,2,2,2,6,5,5,6,5,5,6,6,5,1,41,4,1,1,1,47,4100,3100,0,140101,건축사 건축계획 설계도면 작성 재건축 모델링 건축 증가,건축
30119,5,6,5,6,5,6,5,6,3,5,5,6,4,5,5,6,4,5,4,5,5,6,3,6,4,6,3,4,5,6,4,6,4,6,2,4,3,4,4,5,5,7,3,5,3,4,3,4,2,2,4,5,4,5,1,0,3,4,1,0,2,3,3,4,2,2,2,2,2,2,2,3,3,4,5,6,5,6,2,4,3,4,3,4,2,3,2,2,3,2,4,4,4,3,5,2,3,3,4,3,4,17,1,1,1,1,2,4,5,5,5,3,4,4,3,4,9,9,9,4,2,4,4,5,2,2,4,2,4,2,3,4,2,4,2,4,3,4,2,2,4,4,1,2,2,2,2,1,2,2,2,2,2,2,2,2,1,3,3,2,2,3,5,3,3,5,1,42,4,2,5,1,42,0,0,15000,301301,한의사 면허증 사상체질 관련 교육 추나치료 8체질 침법 한약 제제 변화 탕약 산제 환제 시럽 정제 형태 개발 보관 이동 복용 의료 전체 의료 시장 에세 차지 비중 그대로 거나 감소 반면 한의사 숫자 지속 증가 때문,한의학
30120,5,5,5,5,4,6,4,5,4,5,4,5,4,5,4,5,5,6,4,5,4,5,3,4,4,5,3,5,4,5,4,5,4,5,4,5,4,5,4,5,4,5,4,5,3,4,3,4,3,4,3,4,3,4,4,3,2,4,2,2,4,5,3,4,4,5,2,2,2,2,1,0,4,5,4,5,4,5,4,5,4,5,3,5,4,5,4,4,4,4,4,3,3,4,4,4,3,3,3,3,4,8,1,2,2,2,0,3,4,4,4,4,3,3,4,5,4,4,4,4,2,2,3,3,3,2,2,3,3,3,3,3,2,2,3,3,3,2,3,3,3,3,2,2,2,2,2,2,2,2,2,2,2,2,3,3,2,5,4,5,6,5,4,6,5,5,2,45,3,1,1,1,40,3500,2000,0,28204,경기 침체,경영
30121,3,4,2,3,2,3,2,3,3,3,2,5,1,0,2,5,1,0,1,0,1,0,2,3,2,3,1,0,1,0,1,0,1,0,1,0,2,4,1,0,3,2,1,0,3,3,3,3,3,4,1,0,1,0,1,0,3,3,3,4,2,2,1,0,1,0,4,4,5,5,4,3,1,0,3,3,3,3,2,3,3,5,2,4,4,4,1,0,2,2,4,3,4,2,3,2,4,3,3,2,3,19,1,2,2,2,0,2,4,3,2,2,4,3,3,4,3,3,4,4,2,3,3,2,2,4,2,4,3,4,3,4,3,4,4,4,4,2,4,3,3,3,2,2,2,2,2,2,2,2,2,1,4,3,3,3,2,8,8,9,7,6,5,4,3,2,1,33,3,1,1,1,48,2500,2500,0,832201,가전 사용 증가,컴퓨터공학
30122,4,5,4,6,4,5,4,6,4,6,4,5,4,6,4,5,4,6,4,6,4,6,4,5,4,6,4,6,4,6,4,6,4,6,4,5,4,5,4,6,4,5,4,5,5,6,4,6,4,6,4,6,4,6,4,6,4,6,4,6,4,6,4,6,4,6,4,6,4,6,4,6,4,6,4,6,4,5,4,7,4,6,5,6,4,5,5,6,4,4,5,4,4,4,5,4,4,5,4,4,4,15,2,2,1,2,0,4,5,4,4,4,4,5,4,4,4,5,4,4,4,4,4,5,4,4,4,5,4,4,4,4,4,3,5,4,4,4,4,3,4,4,2,2,2,2,2,2,2,2,2,1,4,3,3,3,1,3,5,4,6,6,5,3,4,4,1,36,4,1,1,1,40,3500,2800,0,13305,응급구조사자격증 국민 생명 안전 재산 보호 범위,소방방재학
30123,5,6,4,5,4,5,4,5,3,5,4,5,3,4,4,5,4,6,5,5,4,4,3,4,4,4,4,5,4,5,5,6,4,6,4,5,3,4,4,5,5,5,4,6,5,6,5,5,4,4,5,6,1,0,1,0,1,0,1,0,4,6,5,6,1,0,1,0,1,0,1,0,5,6,1,0,1,0,1,0,1,0,2,2,4,5,3,4,5,4,2,4,5,4,3,3,3,4,4,4,4,16,5,6,2,2,0,6,6,5,4,4,4,5,4,4,5,9,4,4,1,3,4,5,4,4,3,2,5,3,3,5,4,3,4,5,4,5,4,3,3,3,2,2,2,2,2,2,2,2,2,1,2,3,3,3,2,7,9,5,8,5,2,3,5,5,1,65,6,1,1,1,40,9500,7800,0,13204,출산율 저하 학생 수가,철학
30124,4,4,4,5,4,5,4,5,3,5,4,5,4,5,3,5,3,4,3,4,4,5,4,5,3,4,4,5,4,5,4,4,4,5,4,5,4,5,3,5,4,4,4,4,4,4,3,4,4,5,3,5,3,4,4,4,3,4,4,5,4,4,3,4,3,4,4,5,3,4,3,4,4,5,3,5,4,4,4,5,3,4,3,4,4,4,4,4,4,4,4,4,5,4,4,3,4,4,3,3,3,3,1,2,2,2,0,6,5,3,3,3,4,3,3,5,4,4,4,4,4,3,3,4,4,3,3,4,4,3,3,4,3,3,4,4,4,4,3,3,3,4,2,2,2,2,2,2,2,2,2,2,2,2,2,2,1,6,7,6,5,6,6,7,7,6,1,32,4,1,1,1,40,3400,2000,0,154104,기술 개발,화학
30125,4,6,4,6,4,6,4,6,4,6,4,6,4,5,4,5,4,5,4,5,4,5,4,5,4,5,4,5,4,6,4,5,4,6,4,5,4,5,4,6,4,6,4,6,4,5,4,5,4,6,4,5,4,6,4,6,4,6,4,6,4,6,4,6,4,6,4,3,4,3,4,5,4,5,4,5,4,6,4,3,4,3,4,3,4,5,4,5,4,4,5,5,4,4,4,5,4,4,4,5,4,15,2,4,1,2,0,4,5,5,4,4,4,5,4,4,4,5,5,4,4,5,4,4,4,5,5,4,4,4,4,4,4,4,5,5,4,4,4,5,5,4,2,2,2,2,2,2,2,2,2,1,3,1,1,1,2,9,8,8,8,9,8,9,8,8,1,32,5,1,1,1,40,4000,3500,0,25402,컴퓨터활용능력 법원행정고시 현재 상태 유지,법학
30126,3,2,3,2,2,1,4,5,2,3,2,1,2,1,2,3,3,2,3,2,2,1,2,3,2,2,3,4,3,2,4,3,4,5,3,4,2,2,3,4,3,4,3,4,2,4,3,2,2,4,5,4,3,2,1,0,2,1,2,3,2,1,2,3,2,1,3,2,3,4,2,1,2,3,2,1,2,3,3,2,2,1,2,3,3,4,4,3,3,4,3,2,3,5,3,2,3,2,2,3,1,11,1,5,2,2,0,1,3,2,3,1,4,3,2,4,3,2,3,4,3,2,3,4,3,4,5,2,3,4,4,3,2,3,2,3,4,5,4,3,4,2,2,1,1,2,2,1,2,1,2,3,2,2,3,2,1,6,4,5,7,5,3,3,4,5,2,46,2,1,1,1,40,3400,2100,0,613001,바운드 형태 아웃소싱 형태 분류 업무 난이도 중간 통활르 스팸전화 등록 업무 어려움 기피 전망,경영
30127,5,6,4,5,3,4,4,5,5,5,4,4,4,4,3,3,4,4,3,3,3,4,4,5,4,5,3,3,4,5,4,5,4,4,3,3,4,5,2,2,4,5,4,4,4,4,2,3,2,2,3,4,1,0,2,2,1,0,2,2,3,4,1,0,2,2,1,0,1,0,1,0,3,4,3,4,2,1,3,4,3,3,3,3,3,2,3,3,3,3,3,3,5,4,4,2,3,4,3,4,4,16,5,1,2,2,0,6,5,5,4,3,3,4,3,4,3,4,4,4,2,3,3,4,3,4,3,4,4,4,3,4,4,4,3,4,4,4,4,3,4,4,2,2,2,2,2,2,2,2,2,2,2,2,2,2,1,3,4,2,5,5,5,6,6,4,2,30,4,1,1,1,40,3300,2800,0,214101,소규모 학원,수학
30128,2,3,3,4,1,0,1,0,1,0,1,0,3,4,3,4,3,4,1,0,1,0,1,0,1,0,3,4,1,0,1,0,1,0,1,0,1,0,1,0,3,4,1,0,1,0,1,0,1,0,1,0,1,0,1,0,1,0,1,0,1,0,1,0,4,5,2,3,1,0,1,0,1,0,1,0,1,0,1,0,3,4,1,0,2,3,2,3,4,3,4,3,3,3,3,4,3,4,4,2,4,10,1,2,2,2,0,7,5,2,4,4,3,3,3,4,4,4,4,4,2,4,3,4,3,2,3,4,3,3,3,4,4,5,3,2,4,3,3,2,3,3,2,2,1,2,2,2,2,2,2,1,1,3,3,3,2,8,7,7,3,2,5,7,3,3,1,42,4,1,1,1,45,3800,3300,0,416501,기술 발달 장비 드론 도입 사람 대신 기계 점점,공연제작
30129,3,4,4,6,3,5,3,5,1,0,1,0,5,6,3,5,4,5,3,4,3,5,3,5,4,6,3,5,2,4,2,4,2,3,3,4,4,5,1,0,3,5,4,5,4,6,4,5,3,4,2,3,2,3,3,4,2,3,2,3,1,0,4,6,2,3,1,0,1,0,1,0,2,4,4,5,2,4,3,4,4,5,1,0,3,5,1,0,4,5,4,4,5,4,5,5,4,5,5,5,5,3,1,3,1,2,0,5,5,4,4,4,5,5,5,4,4,4,4,4,4,4,4,4,4,3,2,2,3,5,5,4,4,4,3,3,4,3,4,4,5,4,2,2,2,2,2,2,2,2,2,2,3,2,2,2,1,3,3,4,4,5,5,6,6,6,2,34,4,1,1,1,46,4000,2700,0,415201,패션디자인산업기사 해외 구매 직구 사용 증가 품질 상품 선호 대기업 경쟁률 증가,의상디자인
30130,2,2,2,2,1,0,1,0,4,3,3,3,3,4,2,3,3,4,3,4,3,4,3,4,3,3,3,4,3,4,3,4,3,4,3,4,3,3,2,3,4,5,3,4,3,4,3,3,3,4,3,4,3,4,3,4,3,4,3,3,3,4,1,0,1,0,1,0,1,0,1,0,1,0,1,0,1,0,1,0,1,0,1,0,1,0,1,0,4,3,3,3,3,3,3,3,3,3,3,3,3,13,1,3,2,1,5,5,4,4,4,4,4,4,4,3,3,3,3,3,3,3,3,3,4,4,3,3,3,3,4,3,3,3,3,3,4,3,4,3,3,4,2,2,2,2,2,2,2,2,2,2,3,2,2,2,1,6,5,2,8,7,5,3,8,7,1,26,3,1,1,1,45,2600,1800,0,133202,혼합 현실 교육 업무 보편,경영학
30131,4,3,3,4,2,2,2,2,1,0,1,0,1,0,3,4,1,0,1,0,1,0,3,4,4,5,2,2,3,2,3,3,3,3,1,0,1,0,4,4,2,2,3,3,4,4,2,2,2,2,3,2,1,0,1,0,1,0,1,0,2,2,1,0,2,2,3,3,4,4,4,4,3,3,5,7,3,4,1,0,2,3,1,0,4,4,3,4,2,4,3,3,4,3,4,3,3,3,4,4,3,17,1,2,1,2,0,6,5,4,5,4,4,4,3,3,4,4,4,4,2,4,5,3,4,3,2,3,4,5,4,3,4,4,4,5,4,5,4,3,5,4,2,2,2,2,2,2,2,2,2,1,4,2,2,2,2,2,1,5,5,5,2,6,5,5,1,35,4,2,5,1,45,0,0,7000,301102,의사 면허증 주변 위험 요소 외과 시술 경우,의학
30132,3,5,4,4,2,3,3,5,1,0,3,4,1,0,1,0,3,3,1,0,1,0,1,0,4,5,1,0,4,4,1,0,4,4,1,0,1,0,4,5,4,4,3,4,4,4,1,0,1,0,1,0,1,0,1,0,1,0,1,0,2,3,1,0,1,0,1,0,1,0,1,0,1,0,5,6,3,3,2,3,2,3,4,4,4,4,1,0,4,3,2,3,4,4,5,3,4,4,4,5,4,17,1,2,1,1,6,6,5,4,5,5,5,4,4,5,9,9,9,5,1,4,4,4,3,1,3,2,4,2,5,4,3,3,4,5,4,5,5,4,5,1,2,2,2,2,2,2,2,2,2,1,3,2,2,2,2,8,2,5,7,4,6,8,4,7,1,54,5,2,5,1,40,0,0,25000,301111,비뇨기과전문의 자격증 실전의료훈련 상황,비뇨기
30133,2,3,3,5,2,2,3,4,2,3,2,3,3,4,4,5,3,4,3,5,3,4,4,5,3,4,4,5,2,3,3,4,2,2,1,0,3,3,3,4,4,5,3,4,4,5,2,3,4,6,3,5,3,4,1,0,4,5,3,4,1,0,4,6,5,6,3,4,5,6,4,5,2,3,3,4,4,5,3,4,4,5,3,4,3,4,3,4,3,2,2,3,2,2,3,4,2,3,3,2,3,3,1,5,2,2,0,1,1,3,3,3,3,3,2,3,3,4,4,3,2,4,3,3,4,3,4,3,4,2,3,4,3,3,4,3,4,4,2,3,5,4,2,2,2,2,2,2,2,2,2,2,2,3,2,3,2,6,7,8,6,7,8,4,6,7,1,49,2,1,1,1,48,5800,2500,0,882301,정의 자동화,공고
30134,3,4,3,5,3,4,2,3,4,5,4,4,3,4,4,5,3,4,3,5,3,5,3,5,4,5,3,5,1,0,3,4,1,0,2,3,3,4,2,3,4,6,2,3,3,5,3,5,3,5,2,3,3,5,3,5,3,4,4,5,4,6,3,4,3,4,3,5,3,4,3,3,4,3,3,4,3,4,3,5,3,2,2,2,3,4,2,3,3,4,3,4,5,4,4,3,3,4,3,4,3,16,5,2,2,2,0,2,6,3,5,5,4,4,5,4,5,3,4,4,2,5,4,4,3,5,4,4,5,3,4,4,5,3,3,4,4,3,5,4,4,5,2,2,2,2,2,2,2,2,2,2,3,3,3,3,2,3,4,3,7,5,4,6,8,8,1,46,6,1,1,1,40,6700,6500,0,121101,기초과학 분야 유지됨,물리학
30135,3,5,3,4,2,4,2,3,3,5,4,5,3,4,4,4,3,3,2,4,3,5,2,3,2,3,3,4,2,2,2,2,2,3,2,2,2,3,2,2,3,5,2,3,2,3,2,1,2,1,2,3,4,6,4,6,2,3,4,4,4,5,3,4,3,4,2,3,2,3,2,4,2,2,2,2,2,2,2,3,2,2,2,2,2,2,2,2,3,4,3,3,3,3,3,3,3,4,3,4,3,8,1,6,1,2,0,5,4,3,3,3,4,4,3,3,3,3,3,3,2,4,3,3,3,2,3,2,3,3,3,4,3,3,2,3,3,4,3,3,4,4,2,2,2,2,2,2,2,2,2,1,4,3,3,3,2,4,4,4,5,4,4,6,4,4,1,45,4,1,1,1,40,4600,3200,0,134201,정보관리기술사 스마트폰 대중화 네트워크 관련 기술 수요 증가,정보통신공학
30136,3,5,3,5,2,3,2,3,2,3,2,3,2,2,3,3,3,5,2,3,2,2,2,3,2,2,2,3,3,5,3,4,3,4,2,3,3,4,3,5,3,5,3,3,2,2,2,2,2,2,2,2,2,2,2,2,2,2,2,2,2,2,2,2,2,2,2,2,2,2,2,3,2,3,3,4,2,3,3,3,3,5,2,2,3,3,2,3,4,4,4,3,3,3,3,3,3,4,3,4,4,17,2,3,1,1,2,1,5,4,3,3,4,4,4,3,4,4,4,4,1,4,4,4,4,3,4,3,3,4,4,3,3,3,4,4,4,3,3,4,4,4,2,2,2,2,2,2,2,2,2,2,4,3,3,3,2,3,4,5,4,6,5,3,4,6,2,34,4,1,1,1,40,3300,2500,0,306601,임상심리사 직무교육 사회 정신 안정 필요,심리학
30137,2,2,2,3,2,2,1,0,2,2,1,0,2,2,2,3,3,4,3,4,1,0,2,3,5,7,3,4,1,0,3,4,1,0,1,0,3,4,1,0,3,4,3,4,3,4,2,3,2,3,1,0,3,4,3,4,4,5,5,6,1,0,3,4,5,7,5,7,4,5,4,5,3,4,4,5,4,5,4,5,5,7,4,5,4,5,4,5,4,3,4,4,4,2,4,4,3,4,4,3,4,6,1,3,1,2,0,6,2,3,4,4,4,4,3,3,3,3,3,3,2,4,4,3,2,3,2,4,4,5,2,5,5,4,4,4,5,5,4,4,5,4,2,2,2,2,2,2,2,2,2,2,3,2,2,2,2,5,4,3,5,6,4,9,3,2,1,39,2,1,1,1,40,3500,2200,0,705101,광산보안기능사 화약류관리산업기사 기사 화약취급기능사 계속 침체,전기
30138,2,5,5,6,5,6,1,0,3,4,1,0,1,0,3,5,5,7,1,0,1,0,1,0,5,7,1,0,4,4,1,0,1,0,1,0,1,0,1,0,1,0,1,0,1,0,1,0,1,0,1,0,2,5,1,0,2,3,1,0,4,5,1,0,2,3,2,3,3,4,1,0,1,0,4,6,5,6,4,5,1,0,2,3,4,5,4,5,5,3,4,3,3,4,4,3,3,4,4,4,4,19,3,2,1,2,0,3,3,3,3,3,5,4,4,3,3,4,4,3,3,4,3,4,3,4,4,2,3,3,4,3,3,3,3,3,3,3,3,3,3,3,2,2,2,2,2,2,2,2,2,3,3,3,3,3,1,8,5,4,2,3,3,4,5,6,2,38,4,1,1,1,40,4800,3000,0,29902,속기사 지금 차이,국어국문학
30139,2,1,1,0,1,0,1,0,1,0,3,3,1,0,1,0,2,2,1,0,1,0,1,0,3,3,2,2,1,0,1,0,1,0,2,2,1,0,1,0,4,4,2,2,1,0,1,0,1,0,1,0,4,4,4,4,3,3,2,3,2,2,1,0,1,0,1,0,3,3,3,4,1,0,1,0,1,0,1,0,1,0,1,0,1,0,1,0,4,5,5,4,4,5,4,4,3,4,3,4,4,10,1,4,1,2,0,5,4,4,3,4,4,3,4,5,4,4,4,5,3,4,3,3,4,3,3,4,4,3,4,4,3,5,4,4,4,3,4,4,4,3,2,2,2,2,2,2,2,2,2,4,3,3,2,2,1,8,7,7,8,7,7,3,8,4,1,31,4,1,1,1,40,4000,4000,0,132002,정보처리기사 전자계산기조직응용 빅데이터 산업 발달,컴퓨터정보학
30140,3,3,3,4,3,4,3,4,3,4,3,3,2,3,2,3,3,4,1,0,2,3,2,3,1,0,3,3,3,3,3,3,3,3,3,4,2,3,5,5,2,2,3,3,4,4,4,3,3,3,3,3,1,0,1,0,1,0,1,0,3,3,1,0,1,0,1,0,1,0,1,0,3,3,1,0,1,0,1,0,1,0,1,0,1,0,1,0,3,4,2,3,3,4,3,3,3,3,4,2,3,3,1,2,2,2,0,6,4,3,3,2,4,4,4,3,3,4,4,3,3,4,2,3,3,2,3,3,2,3,3,5,3,3,4,4,4,5,4,4,5,4,2,2,2,2,2,2,1,2,2,1,3,3,2,3,2,8,8,7,3,3,5,2,2,2,1,34,4,1,1,1,40,3800,3200,0,26103,신입사원 퇴사 직원 인적자원 지원 뒷받침 기술 변화 영향,경영학
30141,1,0,2,2,1,0,2,2,1,0,1,0,1,0,1,0,1,0,1,0,1,0,1,0,1,0,1,0,2,2,1,0,1,0,1,0,1,0,2,2,1,0,1,0,1,0,1,0,1,0,1,0,1,0,1,0,1,0,1,0,1,0,1,0,1,0,1,0,1,0,1,0,1,0,1,0,1,0,1,0,1,0,2,1,2,2,2,2,3,2,3,1,1,4,1,1,2,2,1,2,2,18,1,2,2,1,4,4,3,5,4,5,4,4,3,2,3,3,5,3,2,4,4,3,3,3,3,4,2,5,3,5,5,5,5,4,5,3,3,5,5,3,2,2,2,2,2,2,2,2,2,1,4,2,2,2,2,7,6,9,2,9,8,7,8,7,2,26,4,1,3,2,30,2000,1100,0,416202,연기 워킹 자세 한국 예술 세계 관심,의상디자인
30142,4,5,5,6,1,0,5,6,1,0,3,4,5,7,4,5,2,2,4,6,2,3,4,6,5,7,2,2,2,1,1,0,1,0,1,0,3,4,1,0,2,2,3,4,2,2,2,2,1,0,1,0,3,3,1,0,2,1,1,0,4,6,1,0,2,2,1,0,1,0,1,0,1,0,4,6,2,3,3,3,1,0,1,0,4,6,5,7,5,5,5,3,5,5,3,5,3,3,3,3,4,18,4,1,2,2,0,7,2,4,3,4,5,4,3,4,9,9,9,3,3,4,4,3,4,4,4,4,4,5,4,4,4,3,3,4,5,5,5,4,4,3,1,1,1,1,2,2,2,2,2,2,4,2,2,2,1,1,2,2,3,3,2,2,2,1,2,43,4,1,4,2,45,1200,1000,0,414502,인터넷 대중 만날 기회 음악 영상 제작 음악 예술 분야 존재 수가,작곡가
30143,3,4,3,4,3,4,3,3,2,3,3,4,2,4,2,3,3,4,2,3,3,4,3,4,2,3,2,3,3,4,3,4,2,3,3,4,2,3,3,4,3,4,2,4,2,3,2,3,3,4,3,4,2,3,2,3,3,4,3,4,2,3,3,4,3,4,2,3,3,4,2,3,2,3,3,4,2,3,3,4,2,3,3,4,2,3,3,4,3,3,2,3,3,2,3,3,3,3,2,3,2,13,1,4,2,2,0,5,5,3,2,2,3,3,3,4,3,3,3,3,2,3,3,4,4,3,3,2,4,3,3,4,2,2,3,3,3,4,3,3,4,3,2,2,2,2,2,2,2,2,2,1,3,3,3,3,2,5,8,5,5,5,5,5,5,5,1,48,4,1,1,1,40,4800,2500,0,811101,기계 자동화 작업 그대로,일반사회교육학
30144,3,4,2,4,1,0,2,4,1,0,2,4,1,0,1,0,2,4,2,4,1,0,1,0,2,4,1,0,3,2,3,5,2,4,1,0,2,4,2,4,1,0,2,4,2,5,2,4,2,4,2,4,2,5,3,5,1,0,2,4,1,0,2,4,1,0,3,3,4,4,2,4,2,4,2,4,3,3,4,4,2,4,2,4,1,0,1,0,3,4,2,3,4,3,4,4,3,4,4,2,3,18,1,4,2,2,0,2,5,4,4,4,4,5,3,4,5,4,5,5,4,4,3,4,4,3,3,4,4,4,4,4,3,4,5,4,5,5,5,4,4,4,2,2,2,2,2,2,2,2,2,1,2,2,2,2,1,4,6,4,5,6,7,6,8,7,1,43,4,1,1,1,49,4400,2300,0,416105,첨단 기술 인력 감소,미디어학
30145,2,2,3,4,1,0,4,5,1,0,4,5,5,6,5,6,4,5,4,5,4,5,2,2,4,6,4,5,4,6,4,5,4,5,3,3,5,6,4,5,4,5,5,6,4,6,4,5,4,6,4,5,3,4,2,2,5,7,4,5,1,0,2,2,3,4,4,6,4,5,4,5,4,5,2,3,4,5,4,5,4,5,4,5,5,6,4,5,5,5,4,4,5,4,4,4,5,4,4,2,2,17,1,1,1,1,3,3,5,4,3,3,4,4,4,5,5,4,5,5,3,4,4,4,4,3,5,4,4,4,4,4,5,4,4,4,3,5,4,4,4,4,2,1,1,2,1,1,2,2,2,2,4,1,1,1,2,7,8,9,8,7,7,9,2,5,1,36,4,2,5,1,40,0,0,3000,705902,잠수기능사 스킨스쿠버 잠수 안전교육 발달 자아 실현 심리 자아 실현 심리,해양학
30146,2,2,2,2,2,2,2,2,2,2,2,2,2,2,2,2,2,3,3,4,2,3,2,2,2,2,2,2,2,2,2,2,2,2,2,2,2,2,2,3,2,3,2,3,2,3,2,2,2,2,2,2,2,2,2,2,3,3,2,2,2,2,2,2,2,3,3,4,3,4,3,4,2,2,3,3,4,4,3,3,4,4,2,3,3,3,2,2,4,4,3,3,3,2,2,3,3,3,2,3,3,8,1,2,1,2,0,1,2,4,3,3,4,4,4,4,3,3,4,4,2,4,3,3,3,3,3,3,2,3,4,4,4,3,3,3,4,3,3,3,4,2,2,2,2,2,2,2,2,2,2,2,2,2,2,2,2,6,5,4,4,5,5,4,6,5,1,36,3,1,2,2,45,3500,2500,0,705902,잠수기능사 자격증 선박 관광 수요 감소,응급구조학
30147,5,7,5,7,5,7,4,6,5,6,5,6,5,6,4,6,5,6,4,6,4,6,5,6,5,6,5,7,5,6,4,6,5,7,5,7,5,7,5,6,4,5,4,5,4,5,4,4,3,3,3,4,3,4,3,4,1,0,1,0,1,0,1,0,1,0,1,0,1,0,1,0,1,0,1,0,1,0,1,0,1,0,1,0,3,3,1,0,3,3,3,3,3,3,3,3,3,3,3,3,3,15,2,4,2,2,0,5,6,3,3,3,4,4,4,3,4,4,4,4,3,3,3,3,3,3,3,3,3,3,5,2,3,3,2,3,3,4,3,3,3,4,2,2,2,2,2,2,2,2,2,2,3,3,3,3,2,1,2,4,5,5,5,2,3,4,1,53,6,1,1,1,48,6800,3500,0,110103,상태 유지,국어국문학
30148,3,4,3,5,3,4,1,0,4,5,3,4,4,5,3,4,3,4,2,4,2,3,3,3,2,3,2,4,3,4,3,4,3,4,4,2,3,4,2,3,1,0,3,5,4,6,3,5,3,4,3,4,3,4,3,4,3,3,3,3,3,3,3,3,3,4,3,5,4,5,4,5,4,4,2,3,3,4,3,5,3,4,3,3,4,4,3,3,3,3,4,2,4,3,3,3,2,4,4,3,2,13,1,3,1,1,2,1,5,3,1,1,3,3,1,2,2,2,2,2,4,2,1,3,2,2,2,1,2,4,3,5,2,2,2,2,2,4,2,2,4,2,2,2,1,2,2,2,2,2,2,2,4,3,3,3,2,5,5,5,5,5,5,3,3,5,2,38,4,1,1,1,48,4300,2400,0,155302,수질환경기사 회사 기본시스템 장비사용법 전공지식 측정 분석 기기 도입 환경 대한 관심 증가 때문,환경
30149,2,3,2,2,3,5,3,6,4,6,4,5,4,5,3,5,4,5,4,6,3,5,3,5,3,5,3,4,3,5,3,5,3,5,3,5,3,5,3,5,3,5,3,5,3,5,2,4,3,4,3,5,3,5,4,6,3,5,3,4,3,4,2,4,3,4,2,4,3,4,3,4,3,5,3,5,3,4,2,4,2,4,2,4,4,5,2,3,4,3,4,3,4,4,3,3,2,4,3,4,4,6,1,4,1,1,3,6,5,4,4,2,3,4,3,3,2,3,3,3,2,4,3,4,3,3,2,3,4,4,3,4,2,3,4,4,3,4,2,3,4,4,2,1,2,2,2,2,2,2,2,2,2,3,2,3,1,6,5,7,6,5,7,4,5,5,1,41,4,1,1,1,40,5200,4900,0,151108,조선산업기사 전산응용기계제도기능사 전산 응용 능력 컴퓨터 프로그램 사용 업무 난이도 업무 자동화,조선공학
30150,4,5,3,5,3,5,3,5,3,5,3,5,3,5,3,5,3,5,3,5,3,5,3,5,3,5,3,5,3,5,3,5,3,5,3,5,3,5,3,5,3,5,3,5,3,5,3,5,3,5,3,5,3,5,3,5,3,5,3,5,3,5,3,5,3,5,3,5,3,5,3,5,3,5,3,5,3,5,3,5,3,5,3,5,3,5,3,5,4,4,4,3,3,4,4,4,4,4,4,4,4,17,1,2,1,2,0,6,7,4,3,4,4,4,4,5,9,9,5,5,2,3,4,4,3,3,4,4,3,4,4,4,3,4,4,3,4,4,3,4,4,4,2,2,2,2,2,2,2,2,2,2,3,3,3,3,2,7,7,8,7,7,8,8,7,8,1,47,6,2,5,1,46,0,0,18000,301105,의사 면허증 전문의 자격증 상태 유지,의학
30151,4,4,3,4,3,4,2,2,3,4,4,4,4,4,2,2,3,4,4,4,5,6,3,4,2,3,3,4,3,4,1,0,1,0,1,0,4,4,1,0,1,0,1,0,3,3,3,4,3,4,3,4,4,4,3,4,1,0,1,0,3,5,3,4,3,4,3,4,2,2,4,4,3,4,3,4,3,4,3,4,4,4,3,4,3,3,2,3,4,2,4,3,4,3,3,4,3,4,4,2,3,13,1,2,2,1,3,3,5,4,4,4,4,4,4,4,9,9,4,4,1,4,4,4,3,3,2,2,3,3,4,4,4,4,4,3,3,3,2,3,4,3,2,2,2,2,2,2,2,2,2,3,4,2,2,3,2,8,7,7,4,4,5,7,3,1,1,42,4,2,5,1,40,0,0,5000,415503,영상 그래픽 프로그램 사용 훈련 그래픽 디자인 훈련 게임 영상 매체 컨텐츠 대한 수요 증가 추세,시각디자인
30152,2,2,2,2,2,2,1,0,1,0,1,0,5,7,5,6,5,6,4,5,3,4,1,0,5,6,4,5,1,0,1,0,1,0,1,0,1,0,1,0,4,5,3,4,3,4,1,0,1,0,1,0,1,0,1,0,1,0,1,0,1,0,1,0,1,0,1,0,1,0,1,0,1,0,5,6,3,4,1,0,4,4,2,3,5,6,1,0,4,3,4,2,4,4,3,3,4,3,4,3,4,18,4,1,2,1,6,6,1,3,3,3,4,4,1,2,9,9,4,3,4,3,4,4,4,4,4,2,4,2,2,5,5,4,4,4,5,5,4,4,5,4,2,1,2,2,2,2,2,2,2,3,3,2,2,2,2,8,7,8,2,8,8,8,8,2,2,46,5,1,4,2,30,2200,1000,0,414101,작품에 필요한 테크닉 새로움 필요 동영상 강의 필요 창작 작업 변화,회화
30153,1,0,1,0,1,0,1,0,1,0,1,0,1,0,1,0,3,4,2,3,1,0,1,0,1,0,1,0,1,0,1,0,1,0,1,0,1,0,1,0,2,3,1,0,2,3,1,0,2,3,1,0,1,0,1,0,1,0,1,0,1,0,1,0,1,0,1,0,1,0,2,3,1,0,1,0,3,4,4,5,3,4,2,3,3,4,2,3,3,3,3,3,3,2,3,3,3,2,3,2,3,3,1,2,2,2,0,1,2,3,3,2,4,3,3,3,3,3,3,3,3,3,3,4,3,3,2,3,3,3,3,3,3,3,4,4,4,3,4,3,3,3,2,2,2,2,2,2,2,2,2,2,2,2,3,3,2,5,4,6,6,5,7,6,5,6,1,43,4,1,1,1,44,3580,2549,0,624401,경기 불황 생산 시설 해외 이전,무역학
30154,3,4,3,3,4,5,4,5,3,3,2,3,3,5,4,5,4,5,3,5,4,5,3,3,3,4,2,2,3,3,1,0,2,2,3,3,4,4,2,2,2,2,1,0,2,2,4,5,3,3,3,4,3,3,3,3,2,2,1,0,2,2,1,0,2,2,3,4,2,2,3,3,2,2,3,4,3,5,2,2,2,2,2,2,3,4,2,3,3,3,3,3,4,3,4,3,4,4,4,4,3,15,2,6,1,1,1,3,5,4,3,3,4,4,4,3,3,3,3,3,2,3,3,4,2,3,3,2,3,3,4,4,3,3,3,3,3,3,2,2,4,4,2,2,1,2,2,2,2,2,2,2,3,2,2,3,1,6,6,6,5,5,5,5,5,5,1,31,4,1,1,1,40,3600,3300,0,155302,수질환경기사 소음진동기사 실험분석 숙련 훈련 환경 실험 측정 분석 기기 도입 상태 유지,환경공학
30155,3,4,3,5,3,5,2,2,2,2,2,2,1,0,3,3,2,4,1,0,2,3,2,4,3,5,3,3,2,2,3,4,3,3,2,4,3,4,2,2,2,2,2,4,2,4,1,0,1,0,3,3,2,2,1,0,1,0,1,0,3,4,3,3,1,0,1,0,1,0,1,0,4,4,2,3,2,2,1,0,1,0,2,3,3,4,3,3,4,3,2,4,4,4,4,3,4,3,4,4,4,8,2,5,2,2,0,2,5,4,4,4,4,4,4,3,4,4,4,4,2,4,4,5,3,2,4,2,5,1,4,5,2,3,1,1,1,5,3,2,4,4,2,2,2,2,2,2,2,2,2,2,3,3,3,3,2,3,4,2,4,3,3,7,6,4,1,41,4,1,1,1,40,5500,3200,0,28202,대중교통 특성 변화,경제학
30156,3,4,4,5,2,2,3,4,3,4,1,0,1,0,4,5,3,4,5,5,1,0,2,4,4,5,2,1,2,3,4,6,2,4,2,3,2,4,4,6,2,1,4,5,4,5,3,5,2,3,1,0,1,0,2,3,3,5,2,4,1,0,1,0,4,5,4,5,4,5,4,5,1,0,2,3,4,6,4,5,4,6,3,4,4,6,5,6,4,4,3,2,3,2,2,4,2,2,2,2,3,9,1,1,1,2,0,2,2,2,2,2,5,2,3,2,2,2,2,2,2,3,2,3,2,2,3,3,2,3,2,3,2,2,2,3,3,2,2,3,3,3,2,2,2,2,2,2,2,2,2,1,4,1,1,3,1,5,6,5,5,6,5,5,4,3,1,50,2,1,1,1,25,2800,2100,0,532401,원동기 운전면허 배달 음식 가정 증가,기계
30157,3,4,4,5,1,0,5,6,1,0,3,3,1,0,1,0,2,4,5,6,3,4,1,0,3,4,3,4,1,0,1,0,1,0,1,0,1,0,3,4,4,5,3,3,2,2,1,0,1,0,1,0,1,0,1,0,1,0,1,0,2,3,1,0,4,5,1,0,1,0,2,3,1,0,1,0,2,2,1,0,1,0,1,0,4,4,4,4,2,4,1,3,4,4,4,2,3,4,4,4,2,15,2,5,1,1,1,7,5,4,4,4,5,4,3,3,4,4,4,4,2,4,4,4,4,4,3,3,5,3,3,4,3,3,4,4,3,3,4,3,4,4,2,1,1,2,2,2,2,2,2,2,2,3,3,3,2,7,6,4,4,2,3,4,3,4,1,32,4,1,1,1,40,5000,3500,0,621402,선박교통관제사 항해사면허 실무 구조 관련 시스템 도입 정도 기계로 대체 부분 수요 감소,항해정보
30158,2,3,3,4,2,3,3,4,3,5,2,3,3,4,3,5,3,4,3,4,3,5,4,5,3,4,4,5,4,5,3,5,4,5,4,5,4,5,4,5,4,6,4,5,4,6,4,5,4,6,4,5,3,4,1,0,1,0,1,0,2,3,1,0,1,0,3,4,3,3,2,2,3,4,2,3,3,4,1,0,1,0,1,0,2,2,2,2,3,3,4,4,4,4,3,3,3,4,4,4,4,8,1,2,1,1,5,6,5,4,4,4,5,4,5,3,3,3,4,3,2,4,4,3,2,3,2,4,4,5,4,4,4,4,4,5,4,5,4,4,5,4,2,2,2,2,2,2,2,2,2,2,3,2,2,2,1,6,4,5,3,3,3,3,3,7,1,45,4,1,1,1,40,5500,2000,0,15201,운전면허 택시운전면허 업무경험외 실습 계속 업무,경영학
30159,4,7,5,7,3,5,3,5,2,5,3,4,2,3,3,5,3,5,2,3,3,4,4,5,2,2,3,4,2,2,3,3,2,3,2,2,4,5,2,2,3,4,3,4,3,3,3,5,3,3,3,3,4,5,4,5,4,5,4,5,4,6,3,3,4,4,4,5,4,6,3,4,4,6,5,7,3,4,4,5,2,1,2,2,5,6,4,5,4,3,4,4,4,4,3,2,3,4,4,4,4,13,2,3,2,2,0,3,5,4,3,4,4,4,3,4,3,4,5,4,2,3,4,4,3,3,4,3,4,3,3,3,4,4,4,3,3,3,3,2,4,5,2,2,2,2,2,2,2,2,2,1,3,3,3,3,2,8,7,6,2,2,3,8,3,6,1,35,5,1,1,1,40,3000,2700,0,121104,연구 일이,생명공학
30160,2,4,3,4,2,3,2,4,3,4,3,4,2,4,4,4,3,5,4,4,2,4,5,5,4,6,5,5,4,4,3,3,3,4,2,4,5,5,5,4,3,4,4,5,5,5,4,5,5,5,5,5,4,4,1,0,3,5,1,0,1,0,3,4,4,4,4,4,4,4,4,4,3,3,3,4,4,4,3,4,4,4,3,5,4,4,2,4,2,3,1,2,3,2,3,4,2,4,3,2,2,9,1,2,1,2,0,6,3,3,2,2,2,4,1,2,2,3,3,3,3,2,2,3,4,3,3,3,2,4,3,3,4,4,3,4,4,4,3,2,3,5,2,2,2,2,2,2,2,2,2,1,4,3,2,3,2,6,7,9,6,7,6,4,3,4,2,42,4,1,1,1,53,4200,3500,0,531101,한식조리사자격증 양식조리사자격증 유명 쉐프 방송 출연 외식 업체 인기 업체 수가 일자리,호텔조리학
30161,4,4,2,3,3,2,3,2,4,2,2,2,3,3,4,1,4,3,2,3,4,3,3,2,4,2,1,0,1,0,4,3,1,0,2,1,3,2,3,1,4,3,2,2,1,0,1,0,3,3,4,2,5,3,4,4,4,5,2,3,3,2,4,1,5,4,4,4,5,5,5,4,2,1,2,2,4,5,1,0,1,0,1,0,3,2,2,2,3,4,2,4,4,3,4,2,3,5,4,4,3,4,1,4,1,2,0,3,4,4,2,3,4,5,5,4,5,5,3,4,4,3,3,4,3,5,4,4,3,3,5,4,4,5,3,3,4,3,5,2,3,4,2,2,2,2,2,2,2,2,2,2,4,3,3,3,2,3,4,6,7,7,6,4,7,8,1,32,4,1,1,1,40,3000,2600,0,158402,산업안전기사 위험물기능사 산업 재해 안전 대한 중요성,기계공학
30162,3,4,4,5,4,4,3,5,3,5,4,5,3,4,3,5,3,5,1,0,3,4,1,0,3,4,1,0,1,0,3,4,1,0,3,4,3,4,1,0,3,4,3,3,3,2,3,5,3,4,3,4,3,4,1,0,3,4,3,4,1,0,3,4,3,4,3,5,4,5,4,5,1,0,3,4,3,4,3,4,1,0,3,4,3,4,3,4,3,3,3,3,2,2,3,2,3,3,2,3,3,3,1,1,1,2,0,2,2,3,2,3,4,3,3,3,9,9,3,3,2,4,3,2,3,3,4,2,3,2,2,3,4,4,3,3,4,5,5,3,3,3,2,2,1,2,1,2,2,2,2,3,1,2,2,2,1,8,9,7,2,5,4,3,6,5,1,58,2,1,1,1,50,3500,2500,0,824101,용접기능사 흐름 기술 변화 첨단 장비 도입,상고
30163,3,4,3,5,3,2,3,4,1,0,3,3,1,0,3,2,3,3,1,0,1,0,3,4,3,3,3,2,3,4,3,3,3,4,1,0,3,3,3,3,3,4,3,4,3,3,3,1,3,4,3,4,1,0,1,0,1,0,1,0,1,0,3,3,1,0,1,0,1,0,1,0,1,0,1,0,3,3,3,1,1,0,1,0,3,2,3,3,3,5,2,2,4,3,5,4,2,3,5,2,3,17,2,3,1,2,0,7,4,5,4,4,4,5,3,3,9,3,3,3,2,4,2,3,3,4,4,4,4,4,2,5,3,4,4,5,3,5,4,3,4,5,2,2,2,2,2,2,2,2,2,1,4,1,3,3,1,7,7,4,4,4,5,5,7,7,2,32,4,1,1,1,45,2700,2400,0,231101,사회복지사1급 사회복지사2급 사회 복지 정책 증대,사회복지학
30164,5,5,3,5,4,5,3,3,2,3,4,3,1,0,3,3,2,2,1,0,1,0,1,0,1,0,1,0,3,3,3,4,3,2,1,0,1,0,3,3,4,5,2,2,1,0,3,3,3,3,1,0,2,2,1,0,1,0,1,0,2,3,2,3,3,3,1,0,1,0,1,0,1,0,3,3,1,0,1,0,1,0,1,0,2,3,3,3,5,4,4,4,3,2,4,3,2,3,5,4,4,17,1,1,1,2,0,6,5,4,4,4,3,4,4,4,9,9,9,4,4,4,4,4,5,4,5,4,4,4,4,4,4,4,5,4,4,3,4,4,4,2,2,2,2,2,2,2,2,2,2,2,3,3,3,3,2,3,4,3,6,5,4,4,6,7,1,52,4,2,5,1,45,0,0,7000,303001,약사면허 개발 수요 증가,약학
30165,4,6,5,6,4,5,3,5,1,0,4,5,3,5,3,4,2,3,4,4,3,3,3,3,1,0,5,6,4,5,4,6,5,5,3,4,4,6,4,6,5,5,4,5,4,4,1,0,1,0,4,5,4,5,1,0,4,6,1,0,1,0,1,0,1,0,1,0,1,0,1,0,4,5,1,0,1,0,1,0,1,0,3,3,2,4,3,4,5,5,3,5,5,3,4,4,3,4,5,5,5,17,3,5,2,2,0,6,5,4,4,4,4,4,4,5,9,9,9,5,4,4,3,4,5,5,4,4,4,3,4,4,4,5,4,4,3,4,4,4,4,3,2,2,2,2,2,2,2,2,2,2,4,3,3,3,2,4,5,4,6,5,4,4,5,6,2,46,5,2,5,1,50,0,0,12000,13401,고령화 시대 환자 증가,의학
30166,3,3,3,3,3,3,3,3,1,0,3,4,1,0,3,3,3,3,2,3,2,2,3,4,3,4,2,3,2,3,1,0,2,2,1,0,3,3,4,4,4,4,1,0,1,0,1,0,1,0,1,0,1,0,1,0,2,3,1,0,3,3,1,0,2,2,1,0,1,0,2,1,1,0,2,2,2,3,2,3,1,0,2,2,3,3,3,4,3,4,2,3,3,2,3,2,3,2,2,2,2,17,1,1,2,2,0,4,2,4,2,2,4,2,3,3,3,4,4,3,3,2,2,2,2,2,1,4,3,4,4,4,3,3,2,2,4,3,2,2,3,4,2,2,2,2,2,2,2,2,2,1,4,3,3,3,2,8,6,7,7,6,7,7,7,6,2,29,3,1,1,1,40,2200,2000,0,511502,가구 증가 반려견,보건행정학
30167,5,7,4,5,2,2,5,6,3,4,4,5,3,4,3,4,5,7,3,4,3,4,4,5,4,5,4,5,2,3,2,3,2,3,1,0,3,4,1,0,1,0,1,0,2,2,1,0,1,0,1,0,1,0,1,0,1,0,1,0,1,0,1,0,1,0,1,0,1,0,1,0,1,0,1,0,1,0,1,0,1,0,1,0,3,4,4,5,4,4,4,3,4,5,3,4,3,4,4,3,3,13,1,6,2,2,0,3,2,4,4,4,5,5,4,3,3,3,4,3,3,4,4,3,2,3,3,4,4,5,2,4,4,5,5,5,5,4,4,4,5,4,2,2,2,2,2,2,2,2,2,2,3,1,1,1,1,8,2,3,1,1,5,9,4,1,2,26,4,1,1,1,40,2700,2400,0,416205,목소리 연기 기계 한계,신문방송학
30168,3,4,3,3,3,3,3,4,4,4,3,3,2,3,3,3,3,3,3,4,2,3,1,0,2,2,4,5,3,3,2,2,2,3,2,2,2,2,2,2,3,3,1,0,3,3,3,3,3,3,2,2,3,3,2,2,2,3,3,3,2,3,4,4,3,3,2,2,2,2,2,2,2,2,2,3,3,3,2,2,2,2,2,2,3,3,2,3,4,4,1,2,2,4,4,3,3,3,2,3,3,3,1,3,2,2,0,2,4,3,3,3,4,2,3,2,1,3,4,2,5,2,3,5,4,5,4,5,3,2,2,4,4,3,2,2,4,5,3,3,5,5,2,2,2,2,2,2,2,2,2,2,2,3,3,3,2,7,8,5,3,6,5,8,4,5,2,42,4,1,1,1,40,3200,2400,0,28402,산업 발전 자동화 대체 인력 감소 예상,환경공학
30169,2,3,2,3,1,0,2,3,2,4,2,3,1,0,3,4,3,3,1,0,1,0,3,4,3,3,3,4,2,3,2,2,2,3,3,5,2,2,1,0,3,4,3,4,2,2,3,3,3,4,3,4,2,2,1,0,2,3,1,0,1,0,3,3,2,3,3,3,3,4,3,3,2,4,2,4,3,3,3,3,3,4,2,2,4,3,2,2,3,3,2,3,2,2,3,3,2,2,2,2,3,6,4,1,2,2,0,6,1,2,1,1,3,2,2,2,9,9,9,2,2,3,3,4,3,3,3,2,4,3,3,4,3,3,4,3,3,5,3,3,5,4,2,2,2,2,2,2,2,2,2,1,3,2,2,2,2,7,8,7,4,3,4,3,7,2,1,57,2,2,6,1,46,0,0,4000,702601,업종 사람,상고
30170,4,4,5,6,4,4,5,6,4,4,5,6,4,4,3,3,5,5,4,4,4,4,4,4,5,5,5,6,4,4,5,6,4,4,4,4,5,6,5,5,5,6,5,6,5,6,4,4,5,5,5,6,5,6,5,6,5,6,5,6,4,4,5,6,5,6,5,6,5,6,5,6,5,6,5,6,5,6,5,6,5,6,5,6,5,6,4,4,3,4,2,3,4,2,4,4,2,4,3,4,4,15,2,3,2,1,3,4,5,4,3,2,4,4,2,3,4,4,4,4,3,4,2,4,4,4,4,4,2,4,3,4,3,5,2,3,4,5,2,2,4,3,2,2,2,2,2,2,2,2,2,1,3,1,1,3,2,8,4,5,6,3,7,5,7,8,1,38,4,1,1,1,40,4200,3800,0,240201,안전운전 교육 홍수 재난,행정학
30171,1,0,1,0,1,0,1,0,1,0,1,0,1,0,1,0,1,0,3,4,1,0,1,0,1,0,1,0,1,0,1,0,1,0,1,0,3,4,3,5,2,3,1,0,1,0,1,0,1,0,1,0,1,0,1,0,4,4,2,3,1,0,1,0,5,4,4,4,3,4,5,4,1,0,1,0,3,4,4,5,3,4,2,3,2,3,2,3,5,3,3,2,4,1,2,4,4,4,4,2,3,18,1,1,1,2,0,7,2,3,4,2,2,4,3,2,9,9,2,2,2,4,4,3,3,2,2,2,3,4,4,4,4,4,3,3,3,5,4,4,3,4,2,2,1,2,2,2,2,2,2,3,1,2,2,2,1,7,7,9,4,7,8,6,5,4,1,48,2,2,5,1,45,0,0,2500,705902,잠수기능사 수중 로봇 건설 장비 자동화 인력 감소 기계화 자동화,컴퓨터정보
30172,2,1,3,4,2,2,3,4,2,3,2,1,1,0,2,1,3,4,1,0,1,0,2,2,2,3,3,4,3,4,3,4,2,2,1,0,1,0,3,4,3,3,3,3,3,4,1,0,2,2,1,0,1,0,1,0,1,0,1,0,1,0,2,2,2,3,1,0,1,0,1,0,2,2,1,0,3,3,2,3,3,4,3,3,2,2,2,2,3,4,2,2,3,4,3,3,2,2,3,2,2,18,1,6,2,2,0,4,2,3,2,2,3,4,2,2,2,3,4,3,2,3,2,3,2,3,2,4,2,4,3,4,3,3,4,2,3,4,2,4,4,2,2,2,2,2,2,2,2,2,2,4,2,2,2,3,1,6,7,8,6,5,5,6,5,7,2,33,3,1,1,1,48,2300,2300,0,616201,예약 시스템 활성화,금속학
30173,3,4,3,4,3,4,3,5,1,0,3,4,3,4,2,2,3,4,3,4,2,3,1,0,3,4,3,4,2,3,3,3,2,3,2,3,2,3,2,3,2,3,2,3,3,4,1,0,1,0,2,3,1,0,1,0,1,0,1,0,1,0,1,0,1,0,1,0,1,0,1,0,1,0,1,0,1,0,3,3,1,0,1,0,2,3,2,3,4,3,3,3,4,2,3,4,2,4,3,2,3,13,1,4,2,2,0,4,2,3,3,3,3,3,3,4,3,3,3,3,2,2,3,2,2,3,2,2,3,4,3,4,3,3,2,2,2,3,2,3,2,3,2,2,2,2,2,2,2,2,2,1,4,3,3,3,2,7,7,7,4,4,4,6,6,4,2,55,4,1,1,1,52,5000,2800,0,416301,매체 다양성,심리학
30174,3,4,3,3,3,3,4,6,2,2,3,5,3,4,3,3,4,5,3,4,3,3,4,6,2,2,3,3,4,5,3,4,3,3,2,3,4,5,4,4,3,4,3,4,3,3,3,3,2,3,2,4,4,5,3,5,3,3,4,4,5,6,3,4,4,4,4,5,4,6,4,5,3,4,3,4,3,4,3,4,2,1,2,1,3,5,3,3,3,3,2,3,4,4,3,3,3,3,4,4,3,16,5,2,1,2,0,6,4,3,3,2,3,3,3,4,3,3,4,4,2,4,3,2,3,3,4,3,2,3,3,4,3,2,4,3,3,4,3,3,3,4,2,2,2,2,2,2,2,2,2,1,1,2,2,2,2,8,6,5,3,2,2,8,6,5,1,33,4,1,1,1,40,4000,2500,0,214201,정보처리기사 인구 감소,컴퓨터공학
30175,3,4,4,5,2,3,4,5,1,0,1,0,4,5,3,4,4,5,3,4,2,3,3,4,3,4,4,5,4,5,3,4,3,4,3,3,2,3,3,3,2,2,3,4,4,5,3,3,2,2,3,3,1,0,1,0,1,0,1,0,1,0,1,0,1,0,1,0,1,0,1,0,1,0,1,0,2,3,3,3,3,3,3,4,3,4,5,6,3,5,3,1,5,1,1,5,1,5,5,5,3,18,4,1,2,2,0,6,6,3,3,5,4,4,3,2,9,9,9,3,3,4,5,3,3,3,4,3,4,4,3,5,5,5,5,5,5,5,5,5,5,3,2,1,1,2,2,2,2,2,2,1,1,3,3,3,2,9,8,7,8,8,9,8,9,8,1,57,6,1,4,2,25,1000,1000,0,414602,시대 흐름 때문 인공 지능 발달 예술 분야 관심 흥미 위주 문화 발달,음악
30176,1,0,2,3,1,0,4,4,3,4,3,4,4,5,4,5,4,5,4,5,4,5,4,5,4,6,4,5,4,5,4,5,4,5,4,5,4,5,4,5,3,4,4,5,4,4,3,4,4,5,4,5,4,4,4,6,4,5,4,6,4,6,4,5,4,5,4,6,4,5,4,5,4,6,4,5,3,4,4,6,4,5,4,5,4,5,1,0,4,4,4,3,4,4,3,4,3,2,3,4,4,7,1,4,2,2,0,7,5,4,3,3,3,4,3,4,3,2,3,3,4,3,2,3,4,3,2,3,3,3,3,4,3,2,3,4,3,2,3,3,3,3,2,2,2,2,2,2,2,2,2,2,4,3,3,3,1,6,4,3,2,6,6,7,6,4,1,45,4,1,1,1,42,6800,4000,0,132002,시스템 구축 필요,컴퓨터공학
30177,4,6,4,6,4,5,4,5,3,4,2,3,3,4,4,5,2,2,4,5,3,4,1,0,4,5,2,1,4,6,2,4,2,2,2,1,3,4,4,5,4,5,4,5,2,1,3,4,1,0,1,0,2,3,1,0,2,2,1,0,4,6,1,0,2,2,1,0,1,0,1,0,4,5,1,0,2,2,1,0,1,0,2,3,4,5,4,4,4,3,3,3,2,3,4,3,2,4,3,4,4,15,2,5,2,2,0,3,4,4,3,3,4,3,3,4,3,3,4,4,3,3,2,4,3,3,3,2,4,4,3,4,3,3,4,3,3,4,4,3,3,4,2,2,2,2,2,2,2,2,2,1,4,3,3,3,1,5,5,6,5,7,7,5,7,7,2,32,4,1,1,1,35,5200,4800,0,21001,공무원 선호 사람 증가,건축학
30178,1,0,1,0,1,0,3,4,1,0,1,0,4,5,1,0,1,0,1,0,1,0,1,0,5,6,1,0,1,0,1,0,1,0,1,0,3,4,3,3,1,0,1,0,1,0,1,0,3,3,2,3,1,0,1,0,3,4,1,0,1,0,1,0,1,0,1,0,1,0,1,0,1,0,5,5,1,0,1,0,3,4,4,5,2,3,1,0,4,4,3,3,4,2,3,4,3,3,4,3,4,9,1,2,1,1,4,5,2,3,3,3,3,4,3,3,9,9,9,3,2,4,4,4,3,2,3,2,4,3,4,4,3,3,4,3,4,5,4,4,5,4,2,2,2,2,2,2,2,2,2,1,3,2,2,2,2,9,6,8,3,2,8,7,4,7,2,41,3,2,5,1,48,0,0,5000,531601,조주기능사 자격증 실전업무 변동,미술학
30179,2,2,2,2,2,2,2,2,2,2,2,4,2,2,2,2,2,2,2,3,2,2,2,3,2,2,2,1,2,2,2,1,2,1,2,1,2,2,2,1,2,3,2,2,2,2,1,0,1,0,1,0,3,3,3,3,2,2,4,4,2,1,2,3,2,2,3,5,3,4,3,3,1,0,2,4,2,2,2,2,3,3,2,2,2,2,2,1,2,3,3,3,3,2,3,3,2,2,2,3,3,14,1,2,1,2,0,3,3,3,2,1,4,3,2,3,9,3,3,3,3,3,2,3,3,3,3,2,3,3,3,5,3,3,2,2,3,5,2,2,5,4,2,2,2,2,2,2,2,2,2,2,2,3,3,2,2,8,7,6,4,4,4,6,4,4,1,37,2,1,3,2,40,3700,3200,0,814001,에너지관리기능사 건물 자동화 설비 시설 건물 증가,기계
30180,3,3,3,2,2,2,3,2,1,0,2,3,2,2,3,3,2,2,2,2,2,2,2,3,2,2,2,3,2,2,2,3,2,2,2,2,2,2,3,2,2,2,2,3,2,2,1,0,1,0,1,0,2,2,1,0,1,0,1,0,1,0,2,2,3,4,2,2,2,2,3,3,1,0,3,3,3,2,2,2,3,3,2,3,3,2,2,3,3,3,4,1,3,2,3,2,2,2,2,3,4,3,1,2,2,2,0,7,1,3,2,2,3,3,2,3,2,2,3,2,2,4,3,4,3,4,2,4,2,4,3,4,3,4,5,4,4,3,3,4,5,4,2,2,2,2,2,2,2,2,2,2,3,3,2,2,2,5,7,7,6,6,5,6,4,3,2,57,2,1,1,1,40,2300,1900,0,864301,세탁 의류 세탁소 이용 사람 유지,상고
30181,2,3,3,5,2,3,2,3,3,5,2,3,3,5,3,5,3,5,2,3,2,3,3,5,3,5,3,5,2,3,2,3,2,3,2,3,3,5,3,5,3,5,3,5,3,5,2,3,3,5,2,3,3,5,3,5,3,5,2,3,2,3,3,5,2,3,2,3,2,3,2,3,2,3,3,5,3,5,3,5,3,5,2,3,3,5,2,3,4,4,4,3,4,3,3,4,3,4,4,3,4,17,1,2,1,2,0,6,6,3,4,3,4,3,4,5,5,4,5,5,4,3,4,4,3,4,4,4,3,4,4,4,3,4,4,3,4,4,3,4,4,3,2,2,2,2,2,2,2,2,2,2,2,3,3,3,2,8,7,8,7,8,8,8,7,8,1,49,5,2,5,1,44,0,0,18000,301105,의사 면허증 전문의 자격증 출산 저조 기계 발달,의학
30182,1,0,2,2,1,0,2,3,1,0,4,5,1,0,1,0,1,0,1,0,3,6,4,4,1,0,4,6,1,0,1,0,1,0,1,0,3,5,2,1,2,2,1,0,3,4,1,0,3,4,1,0,4,6,5,6,5,6,4,5,2,2,4,6,4,4,4,4,4,5,5,6,2,2,2,2,1,0,2,1,1,0,1,0,2,3,1,0,5,3,3,4,4,4,4,3,3,4,3,4,4,4,1,6,1,2,0,3,5,4,4,4,4,4,3,4,2,2,3,3,2,3,3,4,4,4,4,5,4,4,2,4,2,4,3,3,4,4,3,2,4,4,2,2,2,2,2,2,2,1,1,1,2,3,3,3,1,8,7,3,5,6,5,7,6,6,1,37,4,1,1,1,40,5000,3500,0,154101,화학분석기능사 화공기사 과중 업무 스트레스 위염 컴퓨터 공학 발전 사람,화학공학
30183,3,4,4,4,2,4,3,4,1,0,2,2,3,3,2,3,3,3,2,2,2,2,4,6,2,2,2,1,4,5,4,4,3,2,2,1,4,4,2,3,3,3,2,2,2,3,2,3,2,2,3,2,1,0,1,0,3,4,2,2,2,2,1,0,2,2,1,0,1,0,1,0,1,0,3,2,3,3,3,3,3,3,2,3,4,3,4,3,4,5,2,3,4,3,5,5,3,3,5,3,3,16,5,2,1,1,4,4,4,4,4,4,5,4,3,3,3,3,4,4,1,4,4,3,3,2,3,3,5,4,3,4,4,2,3,3,4,5,3,2,3,4,2,2,2,2,2,2,2,2,2,1,2,3,3,3,1,6,5,4,4,4,5,2,7,8,2,29,4,1,1,1,40,3400,2800,0,212301,특수학교 1급 특수교육교사 훈련 특수 학급 감소,특수교육학
30184,4,3,4,5,2,4,3,2,4,3,4,4,4,6,4,4,3,5,3,5,4,3,4,4,5,4,4,4,3,4,4,5,5,5,3,4,4,4,4,4,4,3,4,5,5,5,2,4,3,3,3,3,3,2,4,4,4,4,4,5,4,3,2,4,4,5,4,4,4,3,3,5,2,4,4,3,2,3,3,3,2,3,1,0,4,4,3,3,4,3,4,3,4,4,3,4,2,4,3,3,4,10,1,4,1,2,0,3,4,4,3,3,4,4,3,4,5,3,3,4,3,2,3,4,4,2,3,1,3,4,2,4,4,3,2,2,3,4,4,3,4,5,2,2,2,2,2,2,2,1,1,2,4,3,1,1,1,5,4,7,3,2,6,3,6,7,1,30,4,1,1,1,40,3400,3100,0,133301,정보처리기사 기술 개발 콘텐츠 수요 증가,정보미디어학
30185,4,5,3,4,3,3,3,4,4,5,3,3,4,6,3,4,3,4,2,2,3,4,3,4,2,3,3,4,4,5,2,3,3,4,3,4,3,5,4,5,3,4,2,3,2,3,2,2,2,3,3,4,3,4,3,5,2,3,2,4,4,6,4,4,3,4,2,3,3,3,2,3,3,4,2,3,2,2,2,3,2,2,2,2,3,4,3,3,4,3,3,3,4,4,3,4,2,3,3,3,2,10,1,2,1,2,0,3,5,4,4,3,3,4,3,3,4,4,4,4,2,3,3,3,4,3,4,3,3,4,3,3,4,3,3,4,4,5,3,4,5,4,2,2,2,2,2,2,2,2,2,1,4,1,1,1,1,6,4,5,5,4,4,6,4,4,1,43,4,1,1,1,40,4800,2600,0,133301,리눅스마스터 인터넷 사용 블로그 카페 수요 예측,소프트웨어공학
30186,3,3,3,3,2,2,3,2,3,2,2,2,3,2,2,1,3,2,3,2,3,2,3,2,3,2,2,2,2,2,3,2,3,3,3,2,2,2,2,2,2,2,2,2,3,2,2,2,2,2,3,2,2,2,2,2,2,2,2,2,2,2,3,2,2,2,2,2,1,0,1,0,2,2,2,2,3,2,3,2,3,3,3,2,3,2,3,2,3,3,2,3,3,2,3,3,3,3,3,3,3,6,4,2,2,1,2,2,2,3,1,1,3,3,2,3,9,9,4,3,5,2,2,4,4,4,3,3,2,4,3,5,3,3,3,3,3,4,3,3,3,3,2,2,2,2,2,2,2,2,2,1,1,2,2,2,2,5,5,5,5,5,5,6,5,5,1,65,2,1,4,2,45,3500,1500,0,701301,철조 절단 방법 검척 방법 직업 유입 인력,인문고
30187,5,6,4,5,3,5,4,6,4,5,3,5,3,4,4,6,4,6,3,4,3,6,4,6,4,6,5,6,5,5,4,5,4,5,4,6,4,6,4,6,4,6,4,6,4,6,4,5,4,5,4,5,1,0,1,0,1,0,1,0,2,3,1,0,1,0,1,0,2,2,3,2,4,5,3,2,3,2,3,2,3,2,2,2,4,5,2,3,5,5,3,4,4,4,5,3,4,4,4,4,4,16,5,3,1,1,2,5,5,4,3,3,4,4,4,2,2,5,3,3,4,2,3,4,3,4,2,2,4,4,2,4,4,4,4,4,4,4,3,3,4,4,2,2,2,2,2,2,2,2,2,2,4,1,2,2,1,5,5,4,6,4,4,3,4,3,2,30,4,1,1,1,40,2500,2200,0,214301,정보처리기사 워드프로세서 컴퓨터활용능력 정보처리교육 디지털화 한계,상담심리학
30188,5,5,4,5,3,4,4,5,3,3,2,4,3,3,2,3,3,4,4,4,4,4,2,3,4,4,2,3,2,3,2,4,2,4,2,4,2,3,4,4,4,3,2,3,3,3,2,3,3,3,2,3,4,3,2,3,3,4,3,4,2,4,3,4,4,3,4,4,4,4,3,3,3,4,5,3,3,4,4,4,4,4,2,4,4,4,2,4,4,3,4,3,3,2,4,2,2,3,4,4,4,7,1,2,2,2,0,2,2,2,3,3,5,4,2,2,3,3,3,3,3,4,4,5,3,4,3,4,4,3,3,3,4,2,2,3,3,2,3,3,3,3,2,2,2,2,2,2,2,2,2,2,2,3,2,2,2,8,9,8,7,8,7,5,6,5,1,35,2,1,1,1,50,3000,2800,0,864201,신발 제조 공정 자동화 직원 필요,기계
30189,5,6,5,6,5,6,4,5,4,5,4,5,4,5,2,3,4,5,3,4,4,5,3,5,3,4,3,5,3,5,1,0,2,3,3,4,3,5,4,5,4,5,4,5,2,4,3,3,3,4,3,4,3,4,3,5,4,4,2,3,2,4,2,2,2,2,1,0,1,0,1,0,1,0,4,4,2,3,2,2,2,2,2,2,4,5,4,3,4,3,4,3,3,4,3,3,2,3,3,3,3,15,2,1,1,1,3,3,5,4,4,4,3,3,3,4,4,5,4,4,4,4,3,4,3,3,3,4,3,3,4,4,4,4,3,3,3,4,3,3,4,4,2,2,2,2,2,2,2,2,2,2,4,3,3,2,2,5,6,6,5,5,6,6,6,5,1,40,4,1,1,1,45,4700,4500,0,29903,행정사 행정서류교육 공기업 서류,행정학
30190,3,6,3,5,3,5,2,4,4,4,3,5,3,5,2,4,4,5,3,5,3,5,2,3,3,5,2,2,3,5,3,5,3,3,3,4,2,4,2,4,3,5,3,5,3,5,3,4,2,3,2,2,3,5,3,5,3,5,3,5,2,4,2,5,2,4,2,4,2,5,3,4,3,5,2,4,2,4,3,5,3,5,3,4,3,6,3,4,5,4,4,3,4,3,3,3,4,3,2,2,3,6,1,2,1,2,0,3,5,5,4,4,5,4,3,4,3,4,4,4,2,4,4,4,3,3,4,5,4,3,4,3,4,5,3,4,4,3,5,4,3,3,2,2,2,2,2,2,2,2,2,1,4,3,3,3,2,7,5,4,7,5,7,4,7,6,1,33,4,1,1,1,40,3800,3150,0,140306,토목기사 태양광 사업 사업 일자리 기대,토목
30191,2,3,2,3,2,2,4,3,2,3,1,0,1,0,4,3,5,3,4,3,3,4,2,2,5,4,4,4,1,0,4,3,1,0,2,2,1,0,3,3,5,5,4,4,5,6,1,0,2,2,3,2,4,4,5,5,4,4,4,4,1,0,3,2,5,4,4,4,5,6,4,6,3,3,5,5,4,4,4,4,3,3,1,0,2,1,2,1,3,1,2,2,4,4,4,2,4,3,4,1,2,3,1,2,2,2,0,2,2,1,2,1,5,2,4,2,2,3,4,3,5,2,2,3,4,4,5,3,4,4,5,3,5,4,4,5,4,4,3,3,5,3,2,2,2,2,2,2,2,2,2,2,2,3,2,3,2,6,7,8,8,4,4,6,4,3,1,37,3,1,1,1,40,2900,2800,0,873401,중국산 식품 진출 감소,식품가공
30192,1,0,1,0,1,0,4,5,1,0,1,0,1,0,1,0,4,5,1,0,1,0,1,0,3,4,2,3,4,4,1,0,1,0,1,0,1,0,3,4,1,0,1,0,1,0,3,4,4,4,1,0,1,0,1,0,1,0,1,0,1,0,1,0,1,0,1,0,1,0,1,0,1,0,1,0,1,0,1,0,1,0,1,0,1,0,1,0,4,3,4,2,3,4,3,4,3,4,3,4,4,3,1,1,2,2,0,7,1,3,3,2,4,3,4,2,9,9,9,3,2,3,3,3,2,3,4,3,4,3,4,3,2,3,4,4,3,5,3,4,4,3,2,2,2,2,2,2,2,2,2,1,3,2,2,2,2,9,8,5,4,5,6,8,4,6,2,42,3,2,5,1,40,0,0,2000,615401,지금,한복학
30193,2,2,3,3,2,2,2,2,2,2,2,2,2,2,3,3,2,2,3,3,1,0,3,3,2,2,2,2,3,4,3,4,3,3,1,0,2,3,4,5,3,4,3,3,3,4,1,0,2,3,2,3,1,0,1,0,2,3,3,4,1,0,1,0,3,4,3,4,3,4,3,3,2,3,3,4,3,4,2,2,3,3,2,3,2,3,3,3,2,4,2,2,3,3,3,2,3,2,3,2,3,18,1,2,2,2,0,7,2,3,2,2,3,3,2,3,9,9,4,3,4,2,2,4,3,4,4,2,3,2,2,4,4,3,4,4,3,4,3,2,4,4,2,2,2,2,2,1,1,2,2,2,2,2,2,2,2,8,3,7,5,5,2,7,5,5,1,40,4,2,5,1,52,0,0,9000,524001,코로나 여파 매출 감소 인적 구조조정 마음 기계화 전산 화로 일자리,체육학
30194,2,2,3,3,3,3,4,3,1,0,3,4,3,3,3,4,3,3,3,3,3,3,2,3,1,0,1,0,2,2,3,3,3,2,1,0,1,0,3,3,2,2,1,0,3,4,1,0,4,4,1,0,2,2,1,0,3,4,3,3,1,0,1,0,1,0,3,3,1,0,1,0,1,0,1,0,3,3,1,0,2,2,3,4,4,3,3,3,5,5,3,3,4,2,3,4,3,3,3,5,5,9,1,2,2,2,0,1,2,4,3,3,3,3,3,4,4,3,4,3,4,4,3,4,5,4,4,4,4,4,3,4,5,4,4,4,5,4,4,5,4,3,2,2,2,2,2,2,2,2,2,3,2,3,3,3,2,5,3,6,4,6,6,4,3,3,2,48,2,1,1,1,40,2100,1800,0,561101,분리 배율 생활 쓰레기 감소,문과
30195,4,5,4,5,3,5,4,5,3,5,4,4,4,5,3,4,4,5,4,5,3,4,4,5,4,5,3,4,4,5,4,5,3,4,4,4,4,5,3,4,4,5,4,5,3,5,4,4,4,5,3,5,4,5,3,4,4,5,3,4,4,5,3,5,3,5,3,4,4,5,3,4,4,4,4,5,3,5,4,5,3,5,4,5,4,4,3,5,4,4,4,3,3,4,4,4,4,3,3,4,4,18,1,2,2,2,0,3,2,3,3,3,4,4,4,4,4,3,4,4,3,4,4,3,3,4,4,4,4,4,3,3,3,4,4,4,4,4,3,3,3,3,2,2,2,2,2,2,2,2,2,2,3,3,3,3,2,7,6,5,5,6,6,7,6,6,1,38,4,1,1,1,40,6000,3500,0,420202,변화,컴퓨터공학
30196,1,0,1,0,1,0,1,0,1,0,1,0,1,0,1,0,3,2,1,0,1,0,1,0,1,0,1,0,1,0,1,0,1,0,1,0,1,0,2,2,1,0,1,0,1,0,1,0,1,0,1,0,1,0,1,0,5,7,1,0,1,0,1,0,5,7,1,0,1,0,5,7,1,0,2,1,1,0,1,0,1,0,1,0,2,3,1,0,2,2,2,3,2,2,2,2,2,3,2,2,2,5,1,2,1,2,0,7,2,3,4,3,3,3,3,4,3,3,3,3,3,2,2,3,4,4,4,5,4,4,3,4,4,5,4,4,5,4,4,5,4,5,2,2,2,2,2,2,2,2,2,3,1,3,3,3,2,3,5,4,4,5,4,5,4,5,1,52,2,1,1,1,40,3800,2500,0,853201,대기환경산업기사 환경기능사 자동화 전산 화로 인문 감축,기계
30197,4,5,3,4,2,3,4,5,2,3,3,3,2,2,3,4,3,4,3,3,3,4,4,5,3,4,4,4,4,5,4,5,3,4,4,5,3,4,5,4,3,5,4,5,3,3,3,3,2,2,3,3,2,2,1,0,2,2,1,0,2,2,1,0,1,0,1,0,1,0,2,2,2,2,1,0,1,0,1,0,1,0,2,2,2,2,3,3,5,4,3,3,4,3,5,4,3,4,4,5,5,17,1,1,1,2,0,5,5,4,4,5,5,5,3,4,9,9,4,4,1,4,5,3,4,5,5,4,4,1,3,4,4,5,4,4,5,4,5,5,5,4,2,2,2,2,2,2,2,2,2,1,3,2,2,2,2,3,4,5,5,4,5,4,5,4,1,70,4,2,5,1,48,0,0,5800,303002,한약사 면허 한약사 대중 인지도 이용 사람 수가 증가,한약학
30198,2,3,2,3,2,3,2,3,2,3,1,0,2,3,1,0,2,3,1,0,1,0,2,3,3,4,2,3,2,3,2,3,1,0,1,0,2,3,1,0,1,0,1,0,3,4,1,0,2,3,2,3,2,3,1,0,1,0,1,0,1,0,4,5,4,5,4,5,4,5,5,6,1,0,3,4,2,3,4,5,4,5,2,3,4,5,2,3,3,2,2,2,3,2,3,3,3,3,2,2,3,7,1,5,2,1,3,3,2,3,2,2,3,3,3,3,3,4,4,4,3,3,3,2,3,3,2,4,3,4,4,3,3,4,3,3,4,4,3,3,4,4,2,2,2,2,2,2,2,2,2,2,3,2,2,2,1,9,6,6,3,2,6,6,4,6,1,49,2,1,1,1,40,2200,2000,0,885902,수습 현재,공업기계
30199,5,5,4,5,4,5,4,4,4,4,4,4,1,0,4,4,4,5,3,3,3,3,4,4,3,3,2,2,3,4,3,3,1,0,3,3,2,3,3,3,2,2,3,3,3,3,3,3,2,2,1,0,1,0,1,0,1,0,1,0,4,4,1,0,3,4,1,0,1,0,1,0,1,0,1,0,3,4,1,0,1,0,1,0,3,3,3,3,3,2,4,3,4,3,2,3,3,4,3,4,4,3,1,2,2,2,0,1,2,4,4,3,3,3,3,3,3,3,3,3,2,3,3,4,3,3,3,4,4,4,3,4,4,4,3,4,4,4,4,3,4,4,2,2,2,2,2,2,2,2,2,1,3,3,3,3,2,7,7,5,4,4,5,4,5,4,2,45,2,1,3,1,40,2500,1800,0,27201,업무 당분간 변동 듯함,상고
30200,1,0,1,0,2,2,1,0,2,2,2,3,2,3,2,3,2,2,3,4,2,3,2,3,1,0,2,3,1,0,1,0,1,0,1,0,2,2,1,0,1,0,3,4,2,3,3,4,3,4,2,3,3,4,3,4,4,5,3,4,2,3,3,4,2,3,3,4,4,5,4,5,3,4,4,5,4,5,3,4,5,7,5,7,3,4,3,4,5,3,4,3,3,3,3,4,3,3,3,3,5,1,1,1,2,2,0,3,2,3,3,3,5,5,3,4,4,4,4,4,3,3,3,3,2,2,3,4,4,5,2,5,4,4,4,4,4,5,4,4,5,4,2,2,2,2,2,2,2,2,2,2,3,2,2,2,1,8,7,7,5,9,9,3,2,3,1,40,2,1,1,1,40,3000,2500,0,902101,공란,농업
30201,2,3,2,2,1,0,2,3,1,0,1,0,1,0,1,0,1,0,1,0,1,0,1,0,2,2,2,2,1,0,2,2,1,0,1,0,1,0,1,0,1,0,1,0,2,2,1,0,1,0,2,2,1,0,1,0,1,0,1,0,2,2,1,0,1,0,1,0,1,0,1,0,1,0,1,0,1,0,1,0,1,0,1,0,2,2,2,2,3,2,2,2,3,3,2,4,3,3,2,3,3,18,1,2,2,2,0,3,2,3,2,2,3,4,3,3,3,3,3,3,2,3,3,2,2,2,2,2,3,4,4,3,3,2,2,3,2,3,3,3,3,4,2,2,2,2,2,2,2,2,2,1,3,2,2,3,1,4,4,4,4,4,5,4,4,6,1,39,4,1,1,1,52,4400,2800,0,24402,사람 공연,영화
30202,5,6,5,5,4,4,5,6,4,5,4,5,5,4,4,4,4,4,4,5,4,5,3,3,4,4,4,5,4,4,4,4,5,6,5,6,2,2,4,3,5,5,5,6,4,5,4,4,1,0,3,3,1,0,2,2,3,3,3,3,4,4,4,4,2,2,3,2,3,3,3,3,4,4,2,2,3,3,4,4,2,2,1,0,5,6,5,6,4,4,5,4,4,2,3,4,3,3,4,4,4,3,1,2,2,2,0,6,5,4,3,3,4,4,3,5,4,4,4,4,4,4,4,3,3,4,3,4,3,3,3,4,4,4,3,4,4,4,4,2,5,4,2,2,2,2,2,2,2,2,2,1,2,2,2,2,1,2,8,2,8,1,2,2,8,1,1,46,4,1,1,1,52,4700,3000,0,612201,코로나 여파 기업 성장,무역학
30203,4,5,4,5,4,4,4,3,4,4,4,4,4,3,3,6,3,3,4,3,2,3,4,7,3,3,2,3,2,4,2,6,4,4,4,4,4,4,1,0,3,3,2,2,3,6,2,3,2,3,3,6,1,0,1,0,2,2,2,1,4,3,1,0,1,0,2,3,2,2,3,3,4,3,1,0,2,2,2,2,3,4,3,3,5,5,5,3,5,5,5,3,3,4,5,1,5,5,5,1,5,16,5,3,1,1,3,6,5,4,4,4,2,4,3,4,4,4,4,4,2,4,4,4,4,4,3,3,3,4,3,4,4,4,3,4,4,4,4,3,4,3,2,2,2,2,2,2,2,2,2,1,2,3,3,3,1,6,6,6,5,4,4,6,6,4,2,53,4,1,1,1,40,6900,6850,0,13202,초등학교1 2급 정교사 실무교육 저출산 아동 저하 급수 현상 계속,수학교육
30204,3,4,5,7,2,2,5,7,3,4,3,4,3,4,2,2,3,4,2,2,4,5,5,7,5,7,3,4,5,7,2,2,4,5,3,4,2,2,4,5,5,7,5,7,4,5,1,0,1,0,2,2,1,0,1,0,1,0,1,0,3,4,2,2,1,0,1,0,1,0,1,0,5,7,1,0,1,0,1,0,2,2,3,4,4,5,5,7,4,4,2,4,3,3,4,1,3,3,2,4,4,11,1,2,1,2,0,7,5,3,2,2,4,4,3,4,3,3,4,4,2,4,4,5,4,3,2,1,4,2,4,4,4,2,2,2,5,5,4,3,3,4,2,2,2,2,2,2,2,2,2,3,2,2,3,3,2,4,7,3,8,3,7,3,8,3,1,48,4,1,1,1,40,9000,5500,0,12401,투자분석사 신용분석사 카카오 뱅크 출현,경영학
30205,2,3,3,3,2,3,2,2,3,4,2,3,1,0,2,3,4,3,2,3,1,0,3,4,4,4,2,2,2,3,2,4,2,4,3,5,2,3,3,3,4,4,2,3,4,3,1,0,2,2,2,3,1,0,1,0,4,6,4,5,3,4,4,5,3,3,2,2,5,4,4,5,1,0,4,4,4,5,4,5,4,5,2,3,3,4,3,4,5,1,4,3,4,2,4,1,3,4,4,4,5,19,1,2,1,2,0,5,2,4,3,3,4,4,2,3,3,3,4,3,3,2,3,4,4,2,4,3,2,4,3,2,3,3,4,4,3,3,4,2,4,4,2,2,2,2,2,2,2,2,2,1,3,3,3,3,2,6,9,7,4,4,7,4,4,5,1,32,4,1,1,1,40,3700,2600,0,811201,승강기기능사 일이 선호,기계
30206,2,3,2,2,2,2,2,2,2,3,3,4,2,2,2,2,2,2,1,0,2,3,2,2,2,3,3,4,2,2,1,0,1,0,2,2,2,3,2,2,2,2,2,3,2,2,1,0,3,3,2,2,3,3,3,4,2,3,2,3,1,0,2,2,4,4,4,5,3,4,2,3,2,2,2,3,2,2,2,3,4,5,4,5,4,5,2,3,4,4,4,4,3,3,4,3,3,4,4,4,3,19,1,1,2,2,0,6,4,4,2,2,4,3,3,3,4,4,4,3,4,2,2,3,3,4,4,4,3,3,4,4,4,4,4,3,3,3,4,4,3,4,2,2,2,2,2,2,2,2,2,2,2,2,2,2,1,3,3,2,3,3,2,4,4,3,1,53,2,1,3,1,48,3400,2100,0,864301,가정 세탁 장비 첨단 화로 가정 직접 세탁 사람,인문
30207,2,4,3,3,1,0,1,0,3,4,1,0,2,3,3,4,1,0,1,0,2,3,1,0,2,2,1,0,1,0,1,0,1,0,1,0,1,0,1,0,3,4,1,0,1,0,1,0,1,0,1,0,4,5,3,4,4,4,1,0,4,4,3,5,2,3,1,0,1,0,1,0,1,0,2,3,1,0,1,0,1,0,1,0,2,3,1,0,2,2,2,4,3,3,4,3,4,3,2,3,2,3,1,5,1,1,1,7,4,3,4,3,3,3,3,4,4,4,4,4,2,4,4,4,3,4,3,3,4,4,3,4,3,3,3,4,3,4,3,3,4,4,2,2,1,2,1,2,2,2,2,2,2,2,2,2,2,5,6,6,6,6,5,4,3,4,1,43,4,1,1,1,50,6000,3000,0,152101,비파괴검사기술사 안전교육 기계 장비 용법 변화 갈수록 대체 부분 증가,재료공학
30208,3,4,3,4,2,3,2,3,2,3,2,3,1,0,3,4,3,3,2,3,2,3,3,4,4,4,4,4,3,4,4,4,3,4,3,4,4,4,4,4,2,2,4,4,4,4,1,0,1,0,3,3,3,4,1,0,3,4,3,3,1,0,2,3,3,4,3,4,5,5,5,6,2,3,5,5,4,5,4,5,3,4,3,4,5,4,3,3,3,2,1,2,2,1,3,2,3,1,3,4,3,3,1,5,1,2,0,5,2,3,2,2,4,3,2,2,3,3,3,3,2,3,4,4,4,3,2,4,2,3,3,4,5,2,3,3,4,4,3,3,5,4,2,2,2,2,2,2,2,2,2,2,2,3,3,3,2,6,7,5,5,5,6,4,3,3,1,58,2,1,1,1,44,7000,3000,0,851101,화공기사 수출 감소,기계
30209,2,2,3,3,1,0,3,3,1,0,1,0,1,0,2,2,3,3,2,3,1,0,1,0,1,0,1,0,1,0,3,3,1,0,1,0,1,0,1,0,2,6,1,0,3,2,1,0,1,0,1,0,1,0,1,0,2,2,1,0,1,0,1,0,4,3,4,4,3,3,4,4,2,3,4,4,5,5,3,3,3,3,2,3,2,3,3,3,2,2,3,3,2,1,3,1,2,2,3,3,2,3,1,5,2,2,0,3,2,3,2,2,4,2,3,4,4,4,4,4,3,2,2,3,3,3,3,4,3,3,2,5,2,2,3,4,3,4,2,3,3,5,2,2,2,2,2,2,2,2,2,1,3,2,2,2,1,6,7,6,4,6,5,5,6,4,1,55,3,1,1,1,40,4200,3600,0,882301,지금 비슷,기계
30210,5,5,5,5,5,4,5,4,5,4,5,4,5,5,5,6,5,3,4,4,5,4,5,4,5,2,5,4,5,4,5,4,5,4,5,4,4,3,5,4,5,4,5,4,5,3,5,3,4,3,4,3,5,5,5,5,5,4,5,4,5,3,5,4,5,4,5,3,5,4,5,3,5,3,5,4,5,3,5,3,5,4,5,4,5,6,5,5,4,4,5,3,3,4,3,3,3,4,3,4,4,3,1,5,2,2,0,6,4,5,3,3,4,5,3,3,3,4,5,3,1,4,4,5,5,3,4,2,5,4,3,5,3,5,4,4,5,5,5,4,5,4,1,1,1,1,2,1,2,2,2,2,3,3,3,3,2,9,1,1,1,1,5,9,9,9,2,58,3,1,1,1,50,5500,2200,0,156201,기술 개발 프로그램 장비 도입 업무 발전 생각 대체 업무 대비 개발 상품 확대 인력 필수 생각,섬유
30211,2,2,2,2,1,0,1,0,1,0,1,0,1,0,1,0,2,2,1,0,1,0,1,0,1,0,1,0,1,0,1,0,2,2,2,2,1,0,4,5,2,2,1,0,1,0,1,0,1,0,1,0,1,0,1,0,1,0,1,0,1,0,1,0,1,0,1,0,1,0,1,0,1,0,1,0,1,0,1,0,3,5,2,3,1,0,1,0,3,3,2,3,3,4,4,3,3,3,3,3,3,18,1,2,2,2,0,7,2,3,3,3,4,3,3,2,3,3,2,3,2,3,3,3,3,4,3,3,2,3,3,3,4,3,4,3,2,4,4,3,4,4,2,2,2,2,2,2,2,2,2,2,3,2,2,2,1,6,5,6,6,6,5,7,6,6,2,51,2,1,1,1,40,3300,2000,0,512201,향후 변화,실업계고
30212,3,4,3,3,1,0,2,2,2,2,3,3,5,6,3,3,3,4,3,5,2,1,3,4,3,4,2,1,3,3,2,2,1,0,1,0,2,2,3,3,4,5,2,3,2,3,3,3,3,4,2,1,3,5,3,4,3,4,3,3,1,0,2,3,2,4,3,3,2,2,2,1,4,5,3,4,3,4,3,3,3,3,2,2,4,3,3,2,3,2,3,3,2,2,4,2,3,2,3,2,3,3,1,3,1,2,0,2,3,3,3,2,3,4,2,3,3,3,4,3,3,2,1,1,2,2,3,3,3,5,3,5,3,1,2,3,3,4,3,1,3,3,2,2,2,2,2,2,2,2,2,2,2,3,3,3,1,6,8,5,7,4,3,8,5,2,1,27,2,1,1,1,45,3000,2500,0,836001,전기기능사 인력 수요 감소,전기
30213,2,2,2,3,1,0,3,3,1,0,3,4,1,0,3,4,5,6,4,5,4,5,3,4,4,5,1,0,1,0,2,2,1,0,1,0,1,0,3,4,3,4,5,7,2,3,1,0,1,0,1,0,3,3,3,3,3,4,2,3,1,0,1,0,3,4,3,3,5,7,5,7,1,0,4,6,4,5,5,6,3,5,3,4,4,5,4,5,4,4,5,4,3,3,4,4,3,3,3,5,4,8,1,6,1,1,4,4,5,4,4,5,4,4,4,3,4,4,4,3,4,3,4,4,3,4,3,4,4,3,3,4,4,4,3,4,4,3,4,4,4,3,2,2,2,2,2,2,2,2,2,1,3,2,2,2,2,3,2,2,3,2,3,9,8,8,1,46,4,1,1,1,40,11000,6900,0,621101,항공기조종사자격증 조종영어자격 4급이상 운항 조종법 변화,항공운항학
30214,4,5,4,6,4,5,4,4,4,5,4,4,4,5,4,5,4,4,4,4,4,5,4,5,4,4,4,5,4,5,4,5,4,5,4,4,4,4,4,4,4,5,4,6,4,5,4,5,4,5,4,5,4,4,4,5,4,5,4,5,4,5,4,5,4,5,4,5,4,4,4,5,4,5,4,5,4,3,4,5,4,5,4,5,4,5,4,5,4,5,4,4,4,4,4,4,4,4,4,4,4,11,3,2,1,2,0,7,5,4,4,4,4,4,4,4,4,4,4,4,1,4,4,4,4,4,4,1,4,4,4,4,4,4,4,4,4,4,3,3,4,5,2,2,2,2,2,2,2,2,2,2,4,3,3,3,2,7,7,7,8,8,8,7,7,7,1,51,4,1,1,1,45,7600,4500,0,23401,감정평가 물질 대한 관심 증가,회계학
30215,1,0,1,0,1,0,3,4,1,0,1,0,1,0,1,0,1,0,1,0,1,0,1,0,3,4,1,0,4,5,1,0,1,0,1,0,1,0,4,5,1,0,1,0,1,0,1,0,1,0,1,0,1,0,1,0,1,0,1,0,1,0,1,0,1,0,1,0,1,0,1,0,1,0,1,0,1,0,1,0,4,5,3,4,1,0,1,0,4,3,4,3,3,2,2,3,3,2,3,2,3,9,1,2,2,2,0,7,2,3,2,2,3,3,4,3,9,4,3,3,3,2,2,4,3,2,3,2,3,4,4,4,3,4,3,3,4,3,3,4,4,3,2,2,2,2,2,2,2,2,2,1,2,2,2,2,2,7,6,8,3,3,8,7,4,5,2,50,2,1,1,1,50,2500,2000,0,532201,임금 인상,상고
30216,3,5,4,6,5,5,3,5,3,4,4,5,2,3,3,4,2,4,4,4,2,4,3,4,3,4,4,4,3,5,3,5,3,4,1,0,2,3,3,5,4,4,3,3,3,3,3,4,4,4,3,4,3,4,4,4,3,4,3,3,2,3,4,4,3,4,3,3,4,4,3,3,2,2,3,4,4,4,4,4,3,4,3,3,3,4,2,3,3,3,4,3,4,2,4,1,4,4,4,5,4,17,2,6,1,1,6,6,6,4,5,4,4,4,5,4,5,4,5,4,4,5,4,4,3,4,5,4,4,4,4,4,4,3,3,4,4,4,3,4,4,3,2,2,2,2,2,2,2,2,2,1,4,3,2,2,2,2,3,4,7,8,7,4,3,4,1,36,6,1,1,1,40,9800,9200,0,301107,의사면허 정신건강의 인턴 레지던트 과정 정신 건강 중요성 인식,의학
30217,4,6,4,6,4,6,4,6,4,6,4,5,5,6,4,6,4,6,4,5,4,6,4,6,5,6,5,6,4,6,1,0,1,0,1,0,4,6,1,0,4,6,4,5,4,6,4,6,4,6,4,6,4,6,4,6,4,6,4,6,5,7,4,5,5,6,4,6,4,6,5,6,4,6,5,6,4,6,1,0,1,0,1,0,4,5,4,5,4,4,3,4,4,4,4,4,4,4,5,4,4,3,1,2,2,1,5,5,5,5,4,4,4,4,4,4,4,4,5,4,4,3,3,3,3,3,3,4,4,4,4,4,4,5,4,5,4,4,4,4,4,4,2,2,2,2,2,2,2,2,2,1,4,1,1,1,1,1,1,4,2,4,4,5,6,4,1,38,6,1,1,1,40,6500,3000,0,151201,로봇 부속 교육 모든 사용 처가,기계공학
30218,4,5,3,5,3,4,3,5,2,3,2,4,2,4,3,5,3,4,3,3,2,4,2,3,3,5,3,4,3,4,3,5,4,5,3,5,2,4,4,5,4,6,4,5,4,5,4,5,4,5,4,5,4,5,4,5,3,4,3,4,2,2,2,2,2,2,2,4,2,4,2,3,2,3,2,2,3,4,3,5,4,6,3,3,3,5,4,5,3,4,2,2,3,2,4,2,2,1,4,4,3,15,2,4,1,2,0,7,5,4,4,4,4,4,2,3,4,4,4,4,2,4,4,4,4,4,3,4,4,2,4,4,4,4,3,5,4,4,4,4,4,4,2,2,2,2,2,2,2,2,2,1,3,3,3,3,2,9,8,7,6,3,3,5,3,6,1,29,4,1,1,1,48,2800,2500,0,240101,경찰공무원 행정 치안 필요,경찰행정
30219,1,0,1,0,1,0,1,0,1,0,1,0,1,0,1,0,1,0,1,0,1,0,1,0,1,0,1,0,1,0,1,0,1,0,1,0,1,0,1,0,1,0,1,0,1,0,1,0,1,0,1,0,1,0,2,2,4,5,2,2,3,4,1,0,2,3,3,4,1,0,3,4,4,5,4,5,4,5,3,4,1,0,1,0,1,0,1,0,4,4,3,4,3,4,3,4,3,4,3,4,3,18,1,2,2,2,0,7,5,3,4,3,4,4,3,5,4,5,4,4,3,3,3,3,4,3,2,2,2,2,3,2,3,3,3,3,3,3,2,3,3,3,2,2,2,2,2,2,2,2,2,2,3,3,3,3,2,3,4,4,1,4,5,9,8,8,1,33,4,1,1,1,40,3200,2800,0,416601,채용 인원 한정,영상학
30220,4,4,3,4,3,3,4,4,1,0,3,5,1,0,3,3,2,1,2,3,2,3,3,4,2,1,3,4,3,4,3,3,2,2,2,2,1,0,4,4,3,3,3,2,2,2,1,0,1,0,4,4,1,0,1,0,2,2,1,0,2,3,1,0,2,1,1,0,1,0,1,0,2,1,1,0,1,0,3,3,3,3,2,2,3,3,2,3,3,5,2,3,4,5,3,3,3,2,4,3,2,19,1,1,1,1,2,2,2,3,4,3,3,4,3,3,3,4,4,4,3,4,3,4,3,2,4,4,3,5,3,4,3,3,3,3,4,4,3,2,4,4,2,2,2,2,2,2,2,2,2,2,4,3,3,3,2,4,5,7,2,6,6,5,4,5,1,47,4,2,5,1,40,0,0,4000,29904,직업상담사 1급 직업상담 교육 일자리 사람 증가,심리학
30221,2,2,3,3,3,3,3,3,2,2,3,4,3,2,4,3,3,3,3,3,1,0,1,0,4,3,3,3,2,2,3,3,2,3,1,0,4,3,3,3,3,3,2,4,2,3,1,0,3,3,1,0,3,4,3,3,2,3,2,1,2,1,3,4,3,3,2,3,3,3,2,4,3,2,3,3,4,2,3,3,4,6,3,4,3,4,2,3,3,2,2,3,2,2,3,3,2,2,3,3,3,1,1,1,2,1,3,3,2,2,2,2,3,3,4,4,3,4,4,3,3,3,2,4,3,3,3,4,4,3,4,3,3,2,2,3,4,3,4,3,5,5,2,2,2,2,2,2,2,2,2,2,2,2,2,2,1,8,7,5,2,3,5,7,5,3,1,58,2,2,5,1,40,0,0,5000,903101,직무관련교육 임업 기계화 일자리 감소,건축
30222,3,4,2,3,2,3,3,4,1,0,4,3,1,0,1,0,2,2,3,3,3,4,1,0,2,3,3,3,3,3,2,3,2,3,1,0,3,4,2,3,3,3,2,4,2,3,1,0,1,0,3,4,1,0,1,0,1,0,1,0,1,0,1,0,1,0,1,0,1,0,1,0,3,3,1,0,1,0,1,0,1,0,1,0,3,3,2,3,4,3,3,3,4,4,3,3,3,4,4,4,4,13,2,3,1,2,0,4,4,3,2,2,4,4,4,3,4,3,3,3,2,2,3,2,3,3,4,4,3,3,2,4,3,3,3,3,3,3,3,3,3,5,2,2,2,2,2,2,2,2,2,1,3,3,3,3,2,8,8,8,7,7,7,6,5,7,1,34,3,1,1,1,45,5200,4700,0,13305,산업안전지도사 때문,응급구조
30223,4,4,4,5,2,2,3,3,3,3,4,5,1,0,3,4,4,4,3,3,3,3,4,4,4,5,4,5,4,5,3,3,4,4,3,3,2,2,4,5,4,4,2,2,4,4,1,0,1,0,1,0,2,2,1,0,3,3,1,0,1,0,1,0,2,1,1,0,1,0,1,0,1,0,3,3,4,4,3,3,5,3,4,4,3,4,3,4,2,4,2,3,3,1,2,2,3,2,4,3,3,14,1,2,2,2,0,7,1,2,1,1,2,2,2,2,1,2,3,2,4,2,1,4,4,4,2,3,2,4,3,3,1,2,2,2,3,5,5,2,2,3,2,2,2,2,2,2,2,2,2,2,1,2,2,2,2,7,8,8,7,9,8,2,2,8,2,58,1,1,3,2,40,2200,1800,0,561101,작업 환경 직업,0
30224,5,6,4,5,3,5,3,5,3,5,3,5,1,0,3,5,3,5,1,0,3,5,3,5,3,5,3,5,1,0,1,0,1,0,1,0,4,5,4,4,4,4,3,3,3,5,1,0,1,0,3,4,4,5,1,0,1,0,1,0,3,5,5,6,5,6,3,5,1,0,3,3,1,0,4,5,3,5,3,5,3,3,3,3,3,5,1,0,5,4,2,3,3,2,4,3,4,3,3,4,3,3,1,2,1,2,0,5,6,4,5,5,5,4,4,4,3,3,4,4,1,4,4,4,3,5,4,3,3,4,4,4,3,5,4,3,4,4,3,5,4,3,2,2,2,2,2,2,2,2,2,2,4,3,3,3,2,6,3,8,6,6,8,4,7,6,1,40,5,1,1,1,40,4600,3800,0,154105,화공기사 개발 수요 증가,화학공학
30225,2,2,2,2,1,0,2,2,3,5,3,4,1,0,1,0,1,0,1,0,1,0,1,0,3,4,2,2,1,0,2,2,2,2,2,2,2,2,2,2,3,4,3,4,3,4,1,0,1,0,1,0,4,5,3,4,3,4,3,4,2,2,1,0,2,3,2,2,4,5,4,5,1,0,1,0,1,0,1,0,1,0,1,0,1,0,1,0,3,3,3,4,3,4,3,3,4,3,4,3,4,14,1,2,1,2,0,2,2,2,3,3,4,3,3,3,4,3,4,3,3,4,3,4,3,4,3,4,3,3,3,3,2,3,3,4,3,4,3,2,3,3,2,2,2,2,2,2,2,2,2,1,3,3,3,3,2,2,3,2,6,6,6,7,8,7,1,32,2,1,1,1,40,3200,2600,0,811401,공조냉동 증가 감소,문과
30226,4,6,5,7,5,7,4,6,4,6,4,5,4,5,5,6,5,6,5,6,4,5,5,6,4,6,4,6,5,6,4,6,5,6,5,7,5,6,5,6,5,6,5,6,5,6,5,6,4,6,5,6,4,6,4,6,5,6,5,6,4,5,5,4,5,6,5,6,5,6,5,6,4,6,5,6,5,6,5,6,5,6,5,6,4,6,4,6,4,5,4,5,4,5,5,4,4,5,4,5,4,10,1,4,2,1,3,7,5,3,4,3,4,4,3,3,4,3,4,3,4,3,3,4,3,2,3,3,3,3,4,3,4,4,3,3,4,3,4,3,4,2,2,2,2,2,2,2,2,2,2,2,4,2,2,3,2,4,6,7,5,5,6,4,4,4,2,25,4,1,1,1,40,3200,3000,0,412002,실무교육 로봇 용도,언론정보학
30227,3,4,4,3,3,3,2,3,2,3,3,3,1,0,3,3,3,5,1,0,1,0,2,4,3,5,1,0,2,3,2,3,1,0,1,0,3,5,4,4,2,3,2,3,4,4,5,4,3,5,3,4,1,0,1,0,5,4,1,0,1,0,2,4,3,2,2,3,1,0,1,0,4,3,2,3,4,3,4,3,3,3,3,5,3,3,3,3,4,3,1,2,2,1,1,4,2,1,2,3,5,9,1,1,1,2,0,1,1,3,3,3,4,3,2,4,9,9,4,4,2,3,4,3,2,3,4,3,4,2,3,4,3,3,3,4,4,4,3,3,3,3,2,2,2,2,2,2,2,2,2,1,4,3,2,2,2,6,7,7,7,6,7,6,5,4,1,55,1,2,5,1,55,0,0,4700,531301,조리사 자격증 배달 업체 증가 업체 무량 일자리,0
30228,3,3,2,3,1,0,2,3,1,0,2,2,3,3,2,2,4,5,3,4,1,0,3,3,4,4,3,3,4,5,3,4,1,0,1,0,2,3,1,0,3,3,3,3,3,3,1,0,1,0,1,0,3,4,1,0,1,0,1,0,1,0,1,0,1,0,1,0,1,0,1,0,1,0,4,3,4,4,3,4,4,6,4,4,3,2,4,4,4,2,2,3,5,2,3,3,3,3,3,3,3,15,2,5,2,1,5,6,2,3,2,3,1,3,3,1,1,2,2,2,4,1,3,2,2,3,2,3,3,4,3,4,4,3,5,2,3,4,2,4,4,4,2,2,1,2,2,1,2,2,2,1,3,3,3,3,2,3,3,5,4,6,5,6,5,9,1,26,2,1,1,1,42,4300,2700,0,420201,근지구력 훈련 발열 체크 변화 직업,인문
30229,3,4,3,4,2,2,5,6,2,3,1,0,5,6,3,4,4,5,1,0,1,0,1,0,1,0,2,2,1,0,3,3,2,2,1,0,1,0,4,5,1,0,1,0,3,4,2,2,1,0,2,3,1,0,1,0,1,0,1,0,1,0,1,0,1,0,1,0,1,0,1,0,1,0,1,0,1,0,1,0,2,2,1,0,3,3,2,2,4,2,3,4,2,3,2,2,2,2,3,2,2,18,4,1,2,2,0,7,2,2,2,3,4,4,2,3,9,9,9,3,1,4,4,3,3,2,3,3,4,3,3,4,2,3,3,3,2,3,4,3,3,2,2,2,2,2,2,2,2,2,2,1,2,3,3,3,2,8,7,7,8,8,8,9,2,1,1,48,2,2,6,1,45,0,0,1800,416204,대체 채널 다양,인문계
30230,5,7,5,6,4,4,4,5,4,5,5,6,4,6,4,5,4,5,4,5,5,6,5,6,4,5,4,5,5,6,5,6,5,7,5,7,4,5,4,5,5,6,4,5,4,5,3,4,2,2,4,5,3,3,2,2,2,2,2,2,3,4,2,2,2,2,2,2,1,0,1,0,2,2,2,2,2,2,3,3,2,3,2,2,3,3,3,3,5,4,5,4,4,4,4,3,3,4,4,3,4,17,3,3,1,1,6,6,6,4,4,4,5,4,4,4,4,3,3,3,2,3,3,4,3,3,3,2,3,4,5,4,3,3,3,3,4,3,4,3,3,3,2,2,2,1,1,2,2,1,1,2,3,2,2,2,1,8,8,3,2,3,2,7,2,2,2,38,5,1,3,1,52,5800,3000,0,301107,의사면허증 인턴 레지던트 진단 컴퓨터 서비스 코로나 때문 상황,의학
30231,2,2,3,3,2,2,3,2,2,2,3,2,2,1,3,4,2,3,3,3,2,2,3,2,2,3,3,3,2,1,3,2,2,2,1,0,2,2,3,3,3,2,2,2,3,2,2,3,1,0,1,0,3,3,2,3,3,3,2,2,1,0,3,2,2,3,3,3,2,3,2,2,2,3,3,3,2,2,3,1,2,3,2,3,3,3,2,2,3,3,2,4,3,2,3,3,2,2,3,2,4,6,1,2,2,1,1,2,2,2,2,2,4,3,4,4,3,4,4,4,3,3,4,3,4,3,3,4,3,4,4,4,4,3,2,2,2,3,3,4,4,4,2,2,2,2,2,2,2,2,2,2,2,2,2,2,1,4,5,4,6,5,4,5,5,5,1,43,2,1,3,2,52,4300,2800,0,701701,직무 교육 직업 강도 기피 일자리 감소,문과
30232,1,0,1,0,1,0,3,4,1,0,1,0,1,0,1,0,1,0,1,0,1,0,1,0,4,5,1,0,4,5,1,0,1,0,1,0,1,0,4,5,1,0,1,0,1,0,1,0,1,0,1,0,1,0,1,0,4,5,1,0,1,0,1,0,3,4,4,3,3,2,4,4,1,0,4,4,1,0,1,0,1,0,1,0,4,4,1,0,4,3,3,3,4,2,3,2,3,3,4,3,4,19,1,1,1,2,0,5,3,2,3,2,3,4,3,3,3,4,3,3,3,4,4,3,3,2,4,3,2,3,4,4,3,4,4,3,3,4,3,3,4,4,2,2,2,2,2,2,2,2,2,1,4,2,2,2,2,9,6,5,7,9,7,5,6,5,2,27,3,1,1,1,40,2300,2000,0,511301,스킨케어 자격증 미용 관심,스킨케어학
30233,1,0,1,0,1,0,1,0,2,4,1,0,1,0,1,0,1,0,2,4,2,3,1,0,5,5,3,5,1,0,3,4,1,0,1,0,1,0,1,0,3,4,3,4,2,4,1,0,1,0,1,0,4,4,3,4,3,4,3,4,1,0,1,0,4,5,3,4,3,4,3,5,1,0,1,0,1,0,2,3,4,5,2,3,2,3,1,0,3,3,2,3,3,2,3,3,3,2,2,2,2,3,1,5,1,1,1,7,3,3,3,3,4,4,4,4,4,4,4,4,2,4,4,4,3,3,2,3,4,4,3,4,3,3,3,2,2,4,2,2,4,3,2,2,2,2,2,2,2,2,2,2,2,3,3,3,1,7,8,8,6,6,5,3,3,5,1,35,3,1,1,1,40,3800,3000,0,821101,금속재료기사 안전교육 자동화 대체 수요 감소,금속
30234,4,4,4,5,3,4,4,4,3,4,3,4,3,3,3,3,3,4,3,3,3,3,3,3,4,4,3,3,3,3,4,4,3,3,4,4,3,3,3,3,4,3,3,3,4,4,4,4,4,4,4,4,2,2,1,0,1,0,1,0,3,3,1,0,1,0,1,0,1,0,1,0,3,3,1,0,1,0,3,3,3,3,3,3,3,4,3,3,3,3,4,3,3,4,3,3,3,3,2,3,3,11,1,2,2,1,2,2,2,3,2,1,4,3,3,3,2,3,3,4,4,2,2,5,4,5,5,5,2,2,2,4,3,3,2,2,3,3,3,3,3,4,1,1,2,2,2,2,2,2,2,4,2,2,2,2,1,7,7,7,8,8,8,7,7,7,2,37,2,1,1,1,40,2000,1500,0,26301,총무관련업무 전산 프로그램 개발 컴퓨터 발달,인문
30235,5,7,5,6,5,6,5,6,4,5,5,6,5,6,4,5,5,5,4,5,4,6,5,6,4,5,5,6,5,6,4,5,3,5,4,5,5,6,5,5,4,6,4,6,4,5,4,5,4,5,4,5,3,4,1,0,1,0,1,0,3,4,4,5,3,4,1,0,1,0,1,0,4,5,3,4,3,4,2,4,2,3,1,0,2,2,2,2,3,3,4,4,5,4,4,4,3,4,5,4,4,15,2,5,2,2,0,6,4,4,3,3,5,5,4,5,4,4,4,5,1,3,3,5,3,2,2,1,3,3,4,4,3,4,3,3,5,5,2,2,4,2,2,2,2,2,2,2,2,2,2,1,3,3,3,3,2,4,4,5,6,5,5,4,5,5,1,58,4,1,1,1,48,8000,6000,0,12101,향후 일자리 변화,경영학
30236,4,5,4,7,2,2,5,4,3,2,5,5,5,6,4,3,5,1,3,4,3,4,4,6,4,6,3,4,5,4,5,5,4,3,4,3,5,4,3,4,4,2,5,4,5,3,2,3,1,0,3,3,3,5,1,0,2,3,1,0,1,0,1,0,2,1,5,1,3,2,4,2,3,3,4,3,3,1,5,1,5,6,2,3,4,7,5,1,3,4,2,4,5,1,5,3,4,5,4,2,5,9,1,2,1,2,0,3,2,3,4,3,4,5,3,4,3,5,5,4,1,5,4,3,4,2,3,1,2,5,4,4,3,3,3,3,4,5,2,3,4,2,2,2,2,2,2,2,2,2,2,1,5,1,1,3,2,2,3,5,3,2,2,5,2,2,1,32,2,1,3,2,40,3300,3000,0,531301,조리 자격증 요식업 현재 일손 부족함,인문계 이
30237,2,3,2,2,2,2,2,2,2,2,1,0,1,0,2,3,1,0,2,3,2,2,2,3,2,3,2,3,2,3,2,3,2,3,2,3,2,3,2,2,2,3,2,2,2,2,2,2,2,3,2,3,2,3,2,4,2,3,2,4,2,3,2,4,3,4,3,5,3,4,3,4,3,4,3,4,3,3,2,4,3,4,3,4,3,4,3,4,4,5,4,4,4,4,4,4,4,4,5,4,4,14,1,2,2,1,4,4,2,2,2,2,3,3,2,3,2,2,2,2,3,2,2,4,5,5,4,4,4,4,2,4,4,3,4,4,4,5,4,4,4,4,2,2,2,2,2,2,2,2,2,1,1,2,2,2,1,7,8,8,7,7,7,7,6,7,1,43,2,1,3,2,50,2800,1700,0,834001,전기관리 경기,문과
30238,3,4,3,3,3,4,4,4,3,2,4,3,1,0,4,4,2,3,4,4,4,6,1,0,1,0,4,5,4,4,2,4,3,4,3,2,4,5,1,0,3,2,4,4,4,3,3,4,4,3,3,4,4,5,3,3,4,5,3,4,4,4,5,5,4,4,4,3,4,3,3,3,4,4,2,5,1,0,1,0,2,2,1,0,5,5,2,2,4,2,2,2,2,4,2,2,4,3,4,4,4,3,1,2,2,2,0,7,4,4,3,2,4,3,3,3,4,2,4,4,1,4,3,5,5,4,5,1,3,2,2,4,3,4,4,4,4,5,4,5,4,2,2,1,1,1,1,1,2,1,2,2,4,3,3,3,2,6,7,7,3,3,7,8,8,6,1,43,3,1,1,1,52,5200,2800,0,28402,프로그램 저장 업무 향상 품질 제품 가장 성능 외관 비중 차지 차별성 순위 확신,기계건축
30239,5,7,5,6,5,7,5,6,4,5,4,5,4,5,4,5,4,5,4,5,4,5,4,5,3,5,3,4,3,4,4,5,3,5,3,4,3,4,2,3,2,3,2,2,2,2,2,2,2,2,1,0,3,5,2,3,2,3,1,0,1,0,1,0,2,4,3,4,2,3,2,2,3,3,2,3,2,2,1,0,1,0,1,0,1,0,1,0,4,4,4,4,3,4,3,4,3,4,4,4,3,16,5,5,2,2,0,6,7,4,4,4,4,4,4,4,4,5,4,4,1,4,5,4,5,4,4,2,4,3,4,4,3,2,3,4,3,4,4,3,3,4,2,2,2,2,2,2,2,2,2,2,2,3,3,3,1,3,2,3,2,1,2,3,4,2,1,43,6,1,1,1,48,5000,3200,0,110201,호도,정치학
30240,2,2,4,5,1,0,2,2,2,1,1,0,1,0,2,3,2,2,1,0,1,0,2,2,2,3,1,0,2,2,2,2,1,0,1,0,1,0,1,0,2,3,3,4,2,2,1,0,2,2,1,0,3,4,2,2,2,1,1,0,1,0,3,4,3,4,2,2,2,2,2,3,3,3,2,2,3,4,2,2,3,4,2,2,2,2,2,1,4,3,4,3,3,2,2,1,3,2,3,1,3,3,1,2,2,2,0,7,2,2,2,2,3,2,3,3,3,2,4,3,3,2,4,3,4,4,3,3,3,2,4,4,3,2,1,2,4,3,3,2,3,3,2,2,2,2,2,2,2,2,2,2,2,3,3,3,2,7,5,6,3,4,5,4,4,7,1,58,2,1,1,1,40,2400,1900,0,873301,기계 자동화,전기
30241,2,4,2,5,1,0,1,0,1,0,1,0,1,0,2,5,3,5,3,5,1,0,2,4,3,5,1,0,1,0,2,3,1,0,1,0,2,4,2,2,2,4,2,3,4,5,1,0,3,4,3,3,2,3,1,0,2,4,2,4,1,0,2,4,2,4,2,2,2,4,2,4,1,0,3,4,2,4,4,5,5,7,4,6,4,5,4,4,2,3,4,3,1,1,2,4,1,2,2,1,4,14,1,2,2,2,0,7,2,3,2,2,4,4,4,4,4,4,4,4,3,3,3,4,3,3,2,3,2,4,4,4,4,3,3,4,4,4,4,4,4,4,2,2,2,2,2,2,2,2,2,1,3,3,3,3,2,7,3,7,2,7,3,7,3,6,1,34,2,1,1,1,55,2400,1800,0,624401,기피,상고
30242,2,2,3,3,3,3,2,3,1,0,3,3,3,3,4,4,3,3,3,3,2,2,1,0,3,3,4,4,2,2,3,3,2,2,1,0,1,0,4,3,3,3,3,3,2,3,1,0,1,0,1,0,2,3,1,0,3,3,4,6,1,0,2,3,1,0,1,0,4,6,1,0,1,0,3,4,3,3,3,3,4,5,4,6,4,3,3,2,3,2,3,4,3,3,3,3,2,1,3,1,3,6,1,2,1,1,1,2,2,3,2,2,3,3,3,5,5,4,5,5,4,3,3,3,4,3,3,4,4,5,4,3,2,2,4,4,3,3,3,2,2,4,2,2,2,2,2,2,2,2,2,1,3,2,2,2,1,8,7,8,4,5,6,7,6,3,1,33,2,1,3,2,52,3800,2600,0,702101,미장기능사 안전교육 건설 경기 위축 모델링 활성화,문과
30243,5,7,5,6,4,6,4,6,4,5,4,6,4,5,4,6,5,6,4,5,5,6,4,5,3,5,4,5,4,6,4,6,4,5,5,5,4,5,4,6,4,6,4,6,4,5,4,6,4,6,4,6,4,4,2,3,4,5,1,0,3,4,3,4,3,4,3,4,3,2,2,3,2,3,2,3,2,3,3,4,3,3,3,4,3,4,3,4,4,4,4,3,4,4,4,4,4,4,3,4,4,17,2,5,1,1,3,5,6,5,5,5,4,4,4,5,4,4,4,4,4,4,4,4,4,4,4,4,4,5,4,4,4,5,4,4,5,4,4,5,4,4,2,2,2,2,2,2,2,2,2,1,3,3,3,3,2,6,5,6,6,6,7,6,7,7,1,61,5,2,5,1,40,0,0,12000,13401,의사 보건의무교육 자격증 취득,의학
30244,3,2,3,2,3,3,4,3,2,3,1,0,1,0,2,3,2,3,3,1,1,0,1,0,2,3,2,2,1,0,3,3,1,0,1,0,1,0,3,2,2,2,1,0,2,3,2,3,1,0,1,0,1,0,1,0,2,1,1,0,3,2,1,0,2,2,1,0,1,0,1,0,1,0,2,1,2,1,1,0,1,0,2,3,3,2,2,2,3,2,3,1,1,2,2,3,3,2,3,3,3,19,1,1,2,2,0,2,1,2,1,1,2,2,3,3,4,4,3,4,3,3,3,2,2,4,4,3,3,2,2,2,4,3,4,4,3,3,4,4,4,5,2,2,2,2,2,2,2,2,2,3,4,2,2,2,1,6,6,7,5,6,6,6,5,4,2,60,2,1,3,2,40,2000,1700,0,616201,복권 판매량 증가,인문계
30245,4,6,4,6,4,6,4,5,4,6,4,6,4,6,4,6,4,5,4,6,4,6,4,6,4,6,4,6,4,6,4,6,4,6,4,6,4,6,4,6,4,6,4,6,4,6,4,6,4,5,4,6,4,5,4,5,4,4,2,3,3,4,2,3,3,3,2,3,2,3,2,3,2,3,2,3,2,3,3,4,3,3,3,3,3,3,3,4,4,4,5,5,4,5,5,4,4,5,4,4,4,11,1,2,1,1,5,2,5,4,3,3,4,4,3,5,5,4,5,5,2,4,3,4,4,3,4,4,3,3,3,4,4,3,4,5,4,4,4,4,4,3,2,2,2,2,2,2,2,2,2,2,2,2,2,2,1,8,7,8,7,7,7,8,7,7,1,38,4,1,1,1,48,6500,4000,0,31501,손해사정사 보험계리사 보험중개사 금융감독원 실무수습 전산 발달,경영학
30246,4,4,3,4,4,4,2,3,3,4,3,3,1,0,3,4,3,4,2,3,3,4,3,4,2,2,1,0,3,3,2,3,1,0,1,0,1,0,2,3,4,4,2,3,4,4,3,3,1,0,1,0,1,0,1,0,1,0,1,0,4,5,1,0,1,0,1,0,1,0,1,0,1,0,1,0,1,0,1,0,1,0,1,0,3,3,2,2,3,3,2,3,3,4,3,4,4,3,3,4,3,3,1,2,2,2,0,3,5,4,4,3,4,4,4,3,3,4,4,4,2,4,5,3,4,4,2,4,3,4,4,3,4,4,4,3,4,4,3,3,4,4,2,2,2,2,2,2,2,2,2,2,3,2,2,2,2,8,7,6,8,8,7,8,7,7,2,28,4,1,1,1,40,3100,2500,0,28101,기업 무역 업무,경제학
30247,5,6,5,6,4,4,4,5,4,5,5,6,4,4,4,4,3,3,4,5,5,6,4,5,4,4,4,5,4,5,4,5,4,4,4,5,4,4,4,4,4,4,3,4,4,5,4,5,4,5,3,4,3,4,3,3,2,2,2,2,3,3,2,2,1,0,2,2,1,0,1,0,2,2,1,0,1,0,1,0,1,0,1,0,2,2,2,2,5,4,4,3,4,4,4,3,3,4,4,3,4,16,5,5,1,1,3,3,5,3,3,3,4,3,3,3,3,3,2,3,3,3,3,4,2,3,2,3,4,3,5,3,2,2,3,3,3,4,3,4,4,3,2,1,2,2,2,2,2,2,2,2,2,2,2,3,1,3,3,4,6,4,5,6,5,6,2,57,4,1,3,1,52,6000,5000,0,13203,교원 직무교육 프로그램 도입 사업 발달 온라인 강의 점진,국문학
30248,5,6,5,6,4,6,4,5,3,5,4,5,4,5,4,5,4,4,4,5,4,5,4,5,4,5,4,6,4,5,5,6,4,6,5,5,3,5,4,5,4,5,4,6,5,5,4,5,4,5,4,5,3,5,3,4,2,4,3,4,5,4,4,5,4,5,4,4,3,4,2,4,4,5,3,3,4,4,4,5,4,5,3,4,4,4,4,5,4,4,5,3,4,4,2,4,3,4,4,4,4,18,1,2,2,1,3,2,4,4,3,4,4,4,3,4,4,4,5,4,2,4,4,4,5,3,3,4,3,3,3,4,3,4,4,5,4,4,3,4,4,4,2,1,2,1,2,1,2,2,1,3,2,3,3,3,2,8,7,2,8,8,8,7,8,8,2,43,4,1,1,1,40,5500,3500,0,14103,언어 서비스정신 최신 프로그램 개발 업무 어려움 기술 습득 여행사,호텔경영학
30249,4,5,4,5,4,5,1,0,2,3,2,3,1,0,3,4,1,0,1,0,1,0,3,4,1,0,1,0,1,0,1,0,1,0,1,0,1,0,1,0,3,4,1,0,1,0,1,0,1,0,1,0,1,0,1,0,1,0,1,0,3,4,2,3,1,0,3,4,1,0,1,0,2,3,1,0,1,0,1,0,2,3,1,0,2,3,1,0,3,2,3,3,4,3,3,3,3,3,3,2,3,5,1,2,1,2,0,7,2,3,3,3,3,4,3,3,3,4,4,4,3,3,3,4,3,3,3,3,3,4,3,4,3,2,3,3,4,4,3,3,3,4,2,2,2,2,2,2,2,2,2,2,3,2,3,3,1,5,5,6,4,5,6,4,6,6,2,32,4,1,1,1,46,3580,3102,0,155501,산업위생관리산업기사 건강 환경오염 관심,생명과학
30250,2,2,3,3,1,0,2,3,4,5,4,6,3,3,4,6,3,4,1,0,3,4,4,5,4,5,4,5,1,0,1,0,2,2,4,4,2,3,2,3,4,5,4,5,3,4,1,0,1,0,2,3,4,5,5,6,4,6,2,3,5,5,1,0,4,6,4,5,4,6,5,6,2,2,1,0,1,0,4,5,1,0,1,0,3,4,1,0,5,2,4,3,4,5,1,4,3,4,3,2,4,10,1,3,1,2,0,7,5,3,4,3,2,5,4,4,3,4,5,4,1,3,3,4,4,2,5,4,4,4,5,4,4,5,4,3,5,4,3,4,4,5,2,2,2,2,2,2,2,2,2,1,4,3,3,3,2,7,5,8,4,3,7,3,2,7,1,37,4,1,1,1,40,4300,3300,0,134302,네트워크 관리사 네트워크 대상 사람 중심 사물 확대 가치 가능성 장형,경영
30251,3,4,4,5,1,0,3,3,1,0,1,0,1,0,3,3,3,4,1,0,1,0,3,4,4,5,3,4,4,4,4,5,3,4,1,0,3,2,3,4,3,4,3,3,1,0,1,0,1,0,4,4,1,0,1,0,1,0,1,0,3,3,2,5,1,0,3,2,3,4,4,5,3,3,3,4,2,2,4,2,3,4,4,5,3,3,3,3,5,4,4,4,3,3,3,5,3,4,3,3,5,3,1,2,2,2,0,7,2,3,4,4,4,4,2,3,4,4,3,4,1,3,4,4,4,3,4,4,4,4,2,3,2,3,4,4,3,4,4,3,4,3,2,2,2,2,2,2,2,2,2,2,4,2,2,2,2,7,7,6,4,4,4,5,4,3,1,29,2,1,1,1,55,2900,2300,0,862201,경기 회복,화학
30252,2,2,2,3,2,4,4,4,1,0,3,3,1,0,4,4,3,4,2,2,3,3,1,0,3,4,5,4,4,2,5,5,3,4,1,0,4,4,3,2,3,3,3,3,2,3,3,4,3,1,2,2,1,0,1,0,1,0,1,0,2,2,1,0,4,4,1,0,1,0,3,4,3,4,3,2,3,2,3,3,4,4,3,4,3,3,3,4,3,4,2,3,4,2,4,2,3,3,4,3,3,15,2,5,1,1,2,2,4,4,3,3,4,3,3,3,3,3,4,3,3,5,3,3,4,3,3,3,3,4,3,3,4,3,3,3,4,3,4,2,3,4,2,2,2,2,2,2,2,2,2,1,3,3,3,3,2,7,8,8,6,6,5,5,3,3,1,31,4,1,1,1,40,3600,2500,0,240301,응급구조 1급 법무사 워드프로세서 1급 교도관 훈련 사람 범죄 이유 교도소 수감 사람 사람 관리 사람 변화 해당 업종 수준 일자리,경찰행정학
30253,5,6,4,6,2,3,5,3,2,3,3,4,3,3,4,5,5,6,3,3,2,3,5,6,4,6,4,5,5,6,3,4,3,4,3,4,4,4,5,6,5,6,4,5,3,4,3,3,2,4,4,5,1,0,1,0,1,0,2,2,4,5,3,4,3,4,2,2,1,0,2,3,4,4,4,5,4,4,2,2,2,2,2,2,3,2,2,3,4,5,4,3,4,4,4,3,4,4,3,4,4,17,1,1,1,2,0,4,5,4,4,4,5,4,3,4,3,4,3,4,2,5,4,3,4,5,4,4,3,2,4,4,3,4,4,4,3,5,4,4,5,3,2,2,2,2,2,2,2,2,2,1,4,3,3,3,2,6,4,6,3,6,5,7,6,7,1,42,4,1,1,1,45,6500,4000,0,303001,약사면허 고령 시대 건강 관심 유망 직종,약학
30254,5,6,5,6,5,6,5,6,4,6,5,6,4,6,5,7,4,6,5,6,4,6,3,6,4,6,5,7,5,6,5,7,5,6,5,6,5,6,5,6,5,6,5,7,5,6,5,7,5,6,5,6,3,4,3,5,5,6,5,6,5,5,5,6,5,5,5,5,5,4,4,4,5,6,3,5,4,5,3,5,5,5,5,4,5,5,3,4,4,4,2,3,4,4,4,2,4,4,4,4,4,17,3,2,1,2,0,2,5,5,4,3,4,4,2,3,4,5,4,4,2,4,4,4,4,4,3,3,4,3,3,4,4,4,4,4,4,4,4,4,4,4,1,1,1,2,2,1,2,2,1,1,4,2,3,3,2,5,5,7,5,6,5,5,4,4,2,58,5,2,5,1,45,0,0,3600,13501,사회복지사 재활상담사 운전면허증 장애인 국립공원 곤충 분류 선별 작업 추가 사회 발전 급변 사회 문제 확대 증가,사회복지학
30255,3,4,4,5,3,3,2,4,3,3,2,4,4,4,3,5,2,4,3,4,2,5,4,4,3,3,3,3,3,2,5,5,4,2,4,3,2,2,3,2,3,3,3,2,3,2,3,2,4,2,3,3,3,5,2,3,3,3,2,3,3,4,2,4,2,4,2,3,4,2,4,2,2,3,3,2,3,2,3,2,2,2,2,2,3,4,2,4,4,3,2,3,2,3,2,4,3,4,3,2,3,14,1,2,1,2,0,5,3,4,3,2,4,3,4,3,3,4,5,4,3,2,3,4,3,2,3,2,2,4,4,3,4,3,2,3,4,3,4,4,5,3,1,1,2,1,1,2,2,1,2,3,2,1,3,3,1,4,3,5,6,7,6,7,5,6,1,32,3,1,1,1,40,2600,2300,0,885201,옥외광고사 옥외 광고 디지털 기반 기술 발전 일자리 감소,옥외광고디자인
30256,2,3,3,3,2,3,3,3,2,3,3,4,5,6,5,6,5,7,5,6,5,7,4,6,5,6,1,0,5,6,5,7,2,3,2,1,5,6,2,2,5,6,5,6,5,6,1,0,1,0,1,0,5,6,4,6,4,6,4,6,5,6,4,6,4,6,4,6,4,6,4,6,4,6,4,6,4,6,1,0,1,0,4,6,5,7,5,2,5,5,5,4,4,5,5,4,4,5,4,4,5,15,2,5,2,2,0,2,4,4,5,4,4,4,4,4,4,4,5,4,1,4,4,4,3,5,4,4,5,4,4,3,4,5,4,3,4,4,5,4,4,4,2,2,2,2,2,2,2,2,2,2,3,3,3,3,2,5,7,6,8,6,3,6,5,4,1,29,4,1,1,1,40,3200,2900,0,121201,실험 장비 첨단 화로 유지됨,화학
30257,4,5,3,5,4,6,4,4,4,4,4,5,4,5,3,5,4,5,3,5,3,5,4,5,4,5,3,5,4,5,3,5,3,5,3,5,4,5,3,5,3,5,3,5,4,4,4,5,4,5,4,4,4,5,4,4,4,4,4,5,4,5,3,5,4,5,4,4,4,5,4,4,4,5,3,5,3,5,3,5,3,5,3,5,4,5,3,5,4,3,4,3,4,3,4,4,3,4,3,4,3,17,1,2,1,2,0,6,6,4,3,4,4,4,4,5,9,9,5,5,2,4,3,4,4,3,4,4,4,4,4,4,3,4,4,4,4,4,3,4,4,3,2,2,2,2,2,2,2,2,2,2,2,3,2,3,2,8,7,8,7,8,7,8,7,8,2,45,5,2,5,1,40,0,0,26000,301104,의사 면허증 전공의 자격증 업무 시스템 신생아 감소,산부인
30258,1,0,3,3,1,0,1,0,1,0,1,0,1,0,1,0,3,4,1,0,1,0,1,0,1,0,4,5,1,0,1,0,1,0,1,0,1,0,1,0,3,5,1,0,1,0,1,0,1,0,1,0,4,5,3,5,3,5,3,4,1,0,1,0,4,5,4,6,3,4,3,4,1,0,1,0,1,0,3,4,1,0,1,0,1,0,1,0,4,3,4,3,4,2,3,4,3,3,5,3,3,13,1,2,1,2,0,7,5,3,3,3,4,4,4,3,4,4,4,3,2,4,4,4,3,3,2,3,3,4,4,4,3,4,3,4,4,5,4,2,3,4,2,2,2,2,2,2,2,2,2,2,2,3,3,3,2,7,7,4,3,4,5,4,3,4,1,31,4,1,1,1,45,3200,3000,0,136002,무선설비기사 장비 기술 반전 일자리 감소,전자통신공학
30259,3,3,4,4,2,2,3,3,2,2,3,3,2,2,3,3,2,2,2,2,3,3,3,3,3,3,3,4,2,2,2,2,3,3,3,3,3,3,4,4,3,3,4,4,3,4,2,2,3,3,2,2,3,3,3,3,3,3,2,2,2,2,3,3,2,2,3,3,2,2,3,3,3,3,4,6,3,3,3,3,1,0,2,2,3,3,2,2,4,4,2,4,4,3,4,4,2,4,4,3,2,17,1,2,1,1,4,4,5,4,3,3,4,4,3,4,3,3,4,4,3,4,4,3,4,4,4,3,4,3,3,4,4,3,3,4,4,3,3,4,4,3,2,2,2,2,2,2,2,2,2,2,4,2,2,2,1,5,6,6,5,5,6,6,5,5,1,34,4,1,1,1,50,7800,6000,0,301201,전문의 실무 경험 바이러스 환경 변화,의학
30260,5,7,5,7,5,7,4,5,3,4,5,7,4,5,5,7,5,7,4,5,5,7,4,5,4,5,4,6,4,5,4,6,4,5,2,3,3,4,2,2,3,4,4,5,4,5,2,3,2,3,3,4,2,3,2,3,2,3,1,0,2,3,2,3,1,0,2,3,1,0,1,0,3,4,2,3,2,3,2,3,3,4,2,3,3,4,3,4,5,4,4,3,4,3,3,4,3,4,4,3,4,10,1,2,2,2,0,6,5,4,4,4,4,5,4,3,3,3,4,3,3,4,5,2,3,2,3,5,4,5,2,5,5,4,5,5,4,5,4,4,5,4,2,2,2,2,2,2,2,2,2,2,3,2,2,2,1,7,9,4,5,3,2,5,1,1,1,28,4,1,1,1,40,2800,2400,0,412003,뉴스 기사 항상,사회교육학
30261,2,2,3,5,3,5,2,2,4,5,3,5,4,4,4,4,4,5,4,5,3,5,3,5,4,4,4,4,3,5,4,5,3,5,3,5,4,5,3,5,3,5,4,4,4,4,4,4,4,5,3,5,3,5,4,4,4,4,4,5,4,5,3,5,3,5,4,4,4,4,4,4,4,5,4,4,4,5,4,4,4,4,4,5,4,4,4,5,4,4,3,4,4,4,4,4,3,4,3,4,3,10,1,5,1,1,5,5,5,3,3,3,3,4,4,3,4,4,4,4,2,3,4,4,3,4,3,2,3,4,4,4,4,4,3,3,4,3,3,3,3,4,2,2,2,2,2,2,2,2,2,1,4,3,2,2,1,2,2,3,3,3,3,7,3,3,1,38,4,1,1,1,52,6500,3100,0,133204,게임프로그래밍전문가 정보처리기사 설계 코딩 현대인 여가 생활 증가 때문,컴퓨터공학
30262,4,5,4,4,4,5,4,5,3,5,4,5,4,5,3,5,4,5,4,5,3,4,4,5,4,5,3,5,3,4,4,4,4,5,3,5,4,5,3,5,4,5,4,4,4,5,4,4,4,4,4,5,4,5,3,4,2,2,2,3,4,6,4,5,4,4,4,5,3,4,4,5,4,5,4,4,4,5,4,4,3,5,4,4,4,4,4,4,4,3,3,4,4,4,4,4,4,4,3,3,4,18,1,2,2,2,0,3,5,4,3,4,4,4,3,4,5,4,5,5,3,4,4,4,4,4,4,3,3,4,3,3,4,4,4,4,3,3,4,4,4,3,2,2,2,2,2,2,2,2,2,4,3,3,3,3,2,7,4,4,5,5,6,6,4,5,1,31,2,1,1,1,40,5000,3000,0,420202,크게 대체 직업,공고
30263,4,5,5,6,4,5,3,4,3,5,4,5,3,4,4,5,3,4,4,5,3,4,4,5,4,5,4,5,3,4,4,5,3,4,3,4,4,5,2,4,5,5,5,5,3,5,4,5,5,6,4,5,5,5,5,5,5,5,4,5,4,5,4,5,4,5,5,5,4,5,4,5,5,5,2,3,3,4,3,4,3,5,3,5,4,5,2,4,4,4,4,4,4,2,4,4,3,4,4,4,3,4,2,4,1,2,0,5,4,3,3,3,4,4,3,3,4,4,4,4,4,3,3,4,3,2,2,2,2,4,4,5,4,3,2,3,3,3,3,2,4,4,2,2,2,2,2,2,2,2,2,2,2,3,3,3,2,6,6,7,5,5,7,6,6,6,1,33,4,1,1,1,50,4200,3500,0,16201,전기기사 공기업 경영 관리자 인력 감소,전기공학
30264,3,2,3,2,3,2,3,2,2,3,3,4,3,5,3,3,4,2,3,4,2,2,3,4,4,2,3,3,3,4,3,4,3,3,4,3,4,3,3,2,4,3,4,5,4,4,2,2,2,2,3,3,4,3,3,5,3,2,3,3,2,2,3,3,3,4,3,2,4,4,3,3,3,4,3,2,3,6,3,2,3,3,3,2,3,2,3,2,3,4,3,3,3,3,2,3,3,2,2,3,4,19,1,1,2,2,0,7,2,3,2,2,2,2,2,3,9,3,3,3,2,2,2,4,4,3,2,3,4,4,4,4,4,3,3,2,4,4,4,4,4,4,2,2,2,2,2,2,2,2,2,2,3,3,3,3,2,3,3,3,4,4,4,3,3,3,1,74,1,1,3,2,52,2280,1800,0,542001,자동화 부분 정도 영향,0
30265,2,2,2,3,1,0,1,0,3,4,2,1,1,0,2,2,2,2,1,0,1,0,2,2,3,4,4,5,1,0,2,2,2,3,2,2,1,0,2,2,4,5,2,3,3,4,1,0,2,2,1,0,3,4,2,3,3,4,2,3,1,0,4,5,4,5,3,3,4,5,4,5,3,4,2,2,2,3,3,3,1,0,2,2,2,2,2,3,3,2,1,4,3,4,3,4,3,2,3,2,3,3,1,2,1,2,0,7,4,4,3,3,5,3,3,3,2,4,3,3,2,3,3,4,3,2,3,2,3,4,4,4,4,3,2,3,2,3,3,2,4,4,2,2,2,2,2,2,2,2,2,2,3,3,3,3,1,7,7,6,4,3,5,5,4,6,1,31,3,1,1,1,54,2600,2300,0,813101,사출금형기능사 금형사 항상 일자리,금형설계
30266,1,0,1,0,1,0,1,0,1,0,1,0,1,0,1,0,1,0,1,0,1,0,1,0,1,0,1,0,1,0,1,0,1,0,1,0,1,0,1,0,1,0,1,0,1,0,1,0,1,0,1,0,1,0,3,4,4,5,3,4,4,4,4,5,4,5,3,4,4,5,3,4,3,4,3,4,4,4,1,0,3,4,2,3,1,0,1,0,3,3,3,3,4,3,4,4,3,4,3,3,3,13,1,3,2,2,0,7,2,3,3,3,4,3,3,3,4,3,4,3,2,3,2,3,4,3,3,3,2,3,4,3,4,3,3,4,4,4,3,3,3,4,2,2,2,2,2,2,2,2,2,1,3,3,3,3,2,8,7,8,7,8,7,7,8,7,1,33,2,1,1,1,48,2700,2500,0,823101,기계 대체 불가,이과
30267,4,6,4,4,3,3,4,4,3,3,2,3,3,3,3,5,4,6,4,6,4,5,4,6,4,5,3,3,2,2,3,4,2,2,2,2,4,5,2,4,2,2,2,2,2,2,1,0,1,0,2,2,3,3,1,0,1,0,1,0,3,4,1,0,1,0,1,0,1,0,1,0,1,0,1,0,1,0,3,4,1,0,2,3,4,4,4,4,4,3,3,3,4,3,4,3,3,3,4,2,2,19,1,2,1,2,0,7,4,4,4,5,4,4,3,4,9,9,9,4,2,4,4,3,4,4,4,3,5,4,3,4,4,5,3,4,4,4,3,3,4,3,2,2,2,2,2,2,2,2,2,1,4,3,3,3,1,8,8,2,2,5,5,8,5,2,2,45,4,1,1,1,52,3800,2400,0,306903,놀이치료사자격증 심리 불안,대학교 아동심리학
30268,2,3,2,3,2,3,1,0,1,0,1,0,2,3,2,3,2,3,1,0,1,0,2,3,1,0,2,3,1,0,1,0,1,0,1,0,1,0,2,3,1,0,1,0,2,3,1,0,1,0,1,0,1,0,1,0,1,0,1,0,2,3,1,0,1,0,1,0,1,0,1,0,2,3,1,0,1,0,1,0,1,0,1,0,2,4,2,3,3,3,2,3,4,3,4,3,4,3,3,2,3,7,1,2,1,2,0,7,4,3,3,3,3,3,3,4,3,4,4,4,3,3,3,3,4,3,3,3,3,3,4,4,3,3,4,3,3,4,3,3,3,4,2,2,2,2,2,2,2,2,2,1,3,2,2,3,1,5,6,4,4,6,6,5,4,6,2,32,4,1,1,1,40,3347,2980,0,24301,유통관리사 경쟁 상태 유지,무역학
30269,2,2,3,4,1,0,3,4,1,0,4,5,2,3,4,5,5,7,4,5,3,4,4,5,4,5,4,5,3,3,3,3,3,3,3,3,2,2,3,4,5,7,4,6,3,3,2,2,1,0,1,0,2,3,2,3,4,5,3,4,1,0,3,4,5,7,3,4,5,7,5,7,4,5,5,7,5,7,4,6,4,5,3,4,4,5,4,5,4,4,5,4,5,2,4,4,3,4,5,5,4,8,1,6,1,1,4,4,5,4,5,4,2,4,2,5,4,4,4,4,2,4,4,4,4,4,3,3,4,5,4,5,5,5,5,5,5,5,4,3,5,4,2,2,2,2,2,2,2,2,2,1,3,2,2,2,2,5,1,5,5,2,5,8,9,8,1,55,4,1,1,1,50,13500,8500,0,621101,사업용 조종사 운송용 조종사 비행 훈련 언어 훈련 시스템 훈련 변화,항공학
30270,2,2,2,2,2,2,1,0,3,3,1,0,1,0,2,2,2,2,3,3,1,0,1,0,2,2,2,2,2,2,2,2,1,0,1,0,1,0,2,2,2,2,2,2,2,2,1,0,1,0,1,0,2,2,2,2,2,3,2,2,1,0,3,3,2,3,2,3,3,3,2,2,2,2,3,3,3,3,3,3,3,3,3,3,3,4,1,0,2,2,2,2,2,2,2,2,2,2,1,1,2,14,1,3,1,1,2,2,3,2,2,3,2,2,3,3,3,4,4,4,3,2,2,4,4,3,2,4,3,3,2,4,2,3,3,3,3,4,3,3,4,4,2,2,1,2,2,1,2,2,2,2,2,3,2,2,2,8,8,7,8,7,8,2,3,4,1,34,3,1,1,1,40,3800,3200,0,703201,배관기능사 기계공구 사용법 배관설치방법 자동화기 도입 자동화 기계 장비 발달,기계
30271,2,2,3,3,2,2,3,4,2,2,4,5,3,4,2,3,3,4,2,2,4,5,3,4,4,5,3,4,4,5,3,4,4,5,2,3,3,4,4,5,3,4,3,3,3,4,2,2,4,5,3,4,3,3,3,4,4,4,3,4,3,3,3,4,4,5,3,4,2,2,3,4,4,5,4,4,3,4,4,5,3,4,4,5,2,2,2,3,3,3,4,2,2,3,3,3,4,3,4,3,3,6,1,1,1,2,0,2,1,2,3,3,3,3,2,3,9,4,4,3,4,3,4,3,4,4,4,3,3,4,3,3,4,4,3,4,4,3,2,3,3,3,2,2,2,2,2,2,2,2,2,2,3,3,3,3,2,3,6,6,5,5,6,4,6,5,1,50,2,1,1,1,40,3400,2700,0,702201,방수기능사 노령화 가치관 변화 전원주택 타운하우스 관심,인문계
30272,2,2,1,0,1,0,1,0,4,3,1,0,3,3,1,0,4,3,4,5,3,5,1,0,2,2,1,0,1,0,2,2,1,0,1,0,1,0,1,0,3,4,2,2,1,0,2,3,4,5,1,0,2,4,4,3,3,5,4,4,2,3,3,3,5,4,4,4,2,4,2,4,1,0,2,5,4,4,1,0,2,3,3,1,2,3,1,0,3,3,2,2,4,3,4,4,3,2,4,3,3,6,1,2,1,2,0,2,5,4,3,3,5,4,5,3,5,4,4,3,4,3,3,2,4,5,4,3,4,4,4,4,3,3,5,5,4,3,5,2,3,4,2,2,2,2,2,2,2,2,2,2,3,3,3,3,2,3,5,4,5,7,6,8,6,3,1,31,4,1,1,1,40,3700,3400,0,140601,측량기사 측량지형정보기술사 건설업 부진 수요 감소,토목
30273,2,2,3,2,1,0,1,0,3,3,1,0,2,2,2,2,1,0,3,3,1,0,1,0,2,1,2,2,1,0,3,3,1,0,1,0,1,0,1,0,3,4,1,0,2,3,3,4,2,2,2,2,1,0,1,0,3,3,1,0,1,0,1,0,1,0,4,4,3,3,2,2,1,0,2,3,4,4,3,2,4,3,3,4,3,3,2,2,4,3,4,4,3,3,3,3,3,2,3,2,3,6,1,2,1,2,0,5,5,3,4,2,4,4,3,3,9,3,4,3,3,4,4,3,1,2,3,4,3,5,3,4,2,1,1,3,4,5,3,2,3,4,2,2,2,2,2,2,2,2,2,1,2,3,3,3,1,8,7,8,4,3,5,7,4,2,1,43,2,1,1,1,40,3600,2800,0,701501,석공기능사 건축 시장 경기 불황,건축학
30274,5,6,5,6,3,4,5,6,1,0,2,3,1,0,4,4,3,5,4,5,1,0,3,4,3,3,4,5,5,6,5,7,5,6,5,5,3,4,5,6,2,4,4,5,5,6,3,3,3,5,2,3,1,0,1,0,2,4,1,0,2,3,1,0,1,0,1,0,1,0,1,0,3,3,1,0,1,0,4,5,5,6,1,0,3,4,4,5,3,5,2,2,3,2,1,5,2,4,4,4,4,18,1,2,1,1,3,3,4,4,2,2,4,4,4,3,4,4,4,4,4,3,3,4,3,2,2,3,4,5,5,4,3,4,4,4,4,4,4,3,4,4,2,1,2,1,2,2,2,2,2,2,2,2,2,2,1,8,2,7,3,8,2,7,2,7,2,29,4,1,1,1,45,2800,1800,0,521304,관광통역안내사 실무교육 시스템 개발 인구 감소,호텔관광
30275,4,6,4,6,4,6,5,6,4,6,5,6,4,5,4,6,4,6,4,6,4,6,4,6,4,5,4,6,4,6,4,6,4,6,5,6,4,6,4,6,5,6,4,6,4,6,5,6,4,6,4,6,5,6,4,6,4,5,5,6,4,5,4,6,4,6,4,5,4,6,4,5,4,6,4,6,4,4,3,4,4,5,4,5,3,4,3,5,3,3,4,3,3,4,3,3,3,4,3,4,4,18,4,2,2,2,0,7,2,4,3,3,4,3,3,3,4,4,3,4,2,3,4,4,3,3,4,3,3,4,4,4,3,3,3,4,3,4,4,3,3,3,2,2,2,2,2,2,2,2,2,1,3,2,2,2,1,8,7,7,8,7,7,7,6,6,1,25,2,2,6,1,40,0,0,4000,416204,기계 대체 불가,방송연예
30276,3,3,3,3,3,4,3,3,2,2,1,0,1,0,1,0,1,0,1,0,2,3,2,2,3,3,1,0,1,0,1,0,1,0,1,0,2,2,1,0,3,3,1,0,1,0,2,2,3,3,1,0,3,4,4,5,5,6,4,5,4,5,3,4,2,2,2,2,3,3,2,2,3,3,1,0,2,2,1,0,2,2,2,2,4,5,2,2,4,2,4,5,3,4,5,4,3,4,3,4,2,13,1,3,1,2,0,7,5,4,4,4,4,4,4,4,4,4,4,4,1,5,5,3,3,2,4,1,5,5,5,1,5,3,1,1,4,4,3,3,5,3,2,2,1,2,1,2,2,2,2,1,4,3,3,3,2,7,6,5,5,3,3,7,5,3,1,43,4,1,1,1,40,3800,2300,0,155301,대기관리기술사 발달 대기오염 문제 일자리 증가,환경공학
30277,4,6,5,6,4,5,4,6,4,6,4,6,4,5,5,6,4,5,4,5,5,6,4,6,5,6,4,6,4,6,4,6,4,6,4,6,4,6,4,5,4,5,4,6,4,5,4,5,2,2,4,5,1,0,1,0,1,0,1,0,4,5,1,0,1,0,1,0,1,0,1,0,1,0,1,0,1,0,1,0,1,0,1,0,4,6,4,5,4,3,4,4,4,4,4,4,4,4,4,3,3,11,1,4,2,2,0,5,5,4,4,4,4,4,4,3,4,4,4,4,4,3,4,4,4,3,3,3,4,3,4,4,3,5,4,4,4,3,4,5,4,4,2,2,2,2,2,2,2,2,2,3,3,2,2,2,2,8,9,7,7,8,8,8,8,7,2,28,4,1,1,1,40,3300,2850,0,32302,평균 수명 질병 보험 필요성 계속,경영학
30278,3,4,2,4,3,3,3,5,4,5,3,5,4,4,3,5,3,4,3,4,4,5,3,4,3,4,4,4,3,4,3,5,3,4,3,4,3,3,3,4,4,4,3,4,4,4,3,5,3,4,4,5,3,4,3,4,4,4,3,5,4,4,3,5,3,4,3,4,4,5,3,5,4,4,3,5,4,4,3,4,4,5,3,4,4,4,3,4,4,3,3,4,3,4,4,3,3,4,4,4,3,13,1,5,1,2,0,2,3,4,3,4,4,3,3,3,3,4,3,4,2,3,3,3,4,3,3,3,3,3,3,4,3,4,5,4,3,3,3,4,4,3,2,2,2,2,2,2,2,2,2,2,2,3,3,3,1,8,7,6,6,6,6,7,7,7,1,29,4,1,1,1,42,4200,4000,0,882101,목재가공기능사 장비 도입,건축설비
30279,4,5,4,5,4,5,4,5,4,5,4,4,3,4,3,3,3,5,4,5,4,4,3,5,4,5,4,5,4,4,4,4,3,5,4,4,4,4,3,4,3,4,4,4,4,4,3,4,3,3,3,4,3,3,3,3,2,2,2,3,2,3,3,3,3,4,2,3,2,2,2,3,4,5,3,4,3,4,3,4,3,4,2,4,3,4,3,5,3,3,4,4,4,3,4,3,4,4,3,4,4,15,2,5,1,2,0,7,5,4,4,4,4,3,4,5,4,4,4,5,1,3,3,4,3,3,4,2,3,3,4,4,4,2,2,2,3,5,3,3,4,5,2,2,2,2,2,2,2,2,2,1,4,3,3,3,2,4,4,5,6,5,5,5,4,4,1,28,4,1,1,1,52,4300,3800,0,155106,방사선학 학사 이상 원자력발전기술사 전문가 부족,방사선학
30280,3,4,3,4,3,5,3,5,3,5,3,5,3,5,4,5,3,4,3,4,3,5,4,5,3,4,3,4,3,4,3,4,3,4,3,4,3,4,3,5,3,4,3,4,3,5,3,4,3,4,3,4,3,4,3,4,3,4,4,5,3,4,3,5,3,4,3,4,3,5,3,4,4,5,3,4,3,4,3,4,3,4,3,4,3,4,5,6,4,4,4,3,4,3,4,4,3,4,4,5,4,18,3,2,2,1,6,5,5,4,4,4,4,4,4,3,3,4,4,4,3,3,3,4,4,4,4,3,4,3,3,4,4,3,3,3,4,4,3,3,4,3,1,1,1,1,1,1,2,1,1,3,1,2,2,2,1,5,6,6,5,6,6,6,7,6,1,45,4,1,2,2,48,5000,3000,0,414401,국악의이해 음향 장비 기술 개발 경기 불황 공연 횟수 감소,국악
30281,3,4,2,4,2,3,2,2,2,3,2,3,2,2,2,2,2,2,2,3,2,3,2,3,2,3,2,2,2,3,2,3,2,3,2,3,2,3,2,2,2,2,2,3,2,3,2,3,2,3,2,3,2,3,2,3,2,3,2,4,2,4,3,4,3,4,3,4,4,6,3,5,3,4,3,5,3,5,2,4,3,4,3,4,3,4,2,3,4,4,4,4,5,4,4,4,4,4,5,4,4,19,1,1,2,1,4,4,2,2,2,2,3,3,2,3,3,9,3,3,4,3,2,4,5,5,5,4,4,4,4,4,4,4,5,4,4,4,4,4,4,4,2,2,2,2,2,2,2,2,2,1,2,2,2,2,1,7,7,7,6,6,6,7,7,7,1,43,2,1,3,2,40,3000,2700,0,811401,기계설비 정비기술 경기,공업
30282,3,5,3,3,4,4,3,4,3,3,3,3,3,4,5,5,3,4,3,5,3,5,2,2,3,5,4,4,3,5,3,3,2,4,1,0,1,0,3,3,4,4,4,4,3,3,2,4,3,3,2,3,3,3,3,3,4,4,2,3,3,5,3,3,4,4,3,3,4,4,3,3,3,5,3,5,3,5,3,3,4,4,3,4,3,3,4,4,4,5,3,3,4,2,4,4,3,4,3,4,4,18,1,1,1,2,0,2,4,3,2,3,3,4,3,3,4,2,4,4,3,2,3,3,4,3,2,2,3,3,3,4,3,4,4,3,4,3,4,3,4,3,2,2,2,2,2,2,2,2,2,2,3,1,2,3,1,8,7,5,2,3,3,7,3,2,1,48,3,1,1,1,40,4800,2500,0,416601,방송통신산업기사 통신 산업 변화 현재 수준 유지,정보미디어
30283,4,5,4,5,5,6,5,5,4,4,4,4,4,4,3,4,4,4,4,4,3,4,4,4,4,4,4,4,5,5,4,4,5,5,4,4,4,4,4,4,4,4,4,5,5,5,4,5,4,4,4,4,4,4,4,4,4,5,4,4,4,4,4,4,4,5,4,4,3,3,3,3,5,5,4,4,3,4,4,4,4,4,4,4,4,4,4,4,4,3,4,4,4,3,3,4,3,4,3,4,3,13,1,1,1,2,0,2,5,4,4,4,4,5,4,4,3,4,4,4,2,4,4,4,5,4,3,4,4,4,4,4,5,4,4,4,4,5,4,5,4,4,2,2,2,2,2,2,2,2,2,2,2,2,2,2,2,6,7,6,7,5,8,7,4,7,1,34,4,1,1,1,44,5000,4200,0,221301,법무사 인공 지능 정보기술 법률 서비스 적용 온라인 추세 전망,행정학
30284,4,5,5,5,3,5,3,6,2,2,4,5,4,5,4,5,3,3,3,4,3,4,3,5,3,4,4,5,3,4,4,4,4,4,4,5,4,5,2,4,4,5,4,5,3,5,3,5,3,5,4,5,3,5,3,5,4,6,2,3,3,5,4,5,4,4,4,5,2,3,3,3,4,4,3,4,4,5,4,5,2,3,3,4,4,4,2,3,4,3,4,3,4,4,3,4,3,3,2,2,4,13,1,2,2,2,0,5,5,3,3,3,3,4,3,3,3,3,2,4,3,3,3,3,3,2,3,5,3,4,3,3,2,3,3,3,5,4,3,3,4,3,1,1,1,1,2,1,2,2,2,2,2,2,3,3,2,7,5,3,3,2,5,4,5,7,1,38,4,1,1,1,40,4000,1700,0,29901,컴퓨터 프로그램 도입 경기 침체,문헌정보학
30285,4,4,3,4,2,4,2,2,3,3,4,5,4,5,1,0,1,0,1,0,4,5,3,4,1,0,5,5,2,3,3,6,3,5,3,4,1,0,1,0,3,4,3,3,4,4,1,0,1,0,3,4,1,0,1,0,1,0,1,0,3,3,1,0,1,0,1,0,1,0,1,0,3,3,1,0,1,0,1,0,1,0,1,0,1,0,1,0,4,2,1,4,3,3,4,3,4,3,4,3,4,3,1,5,1,2,0,5,5,3,3,3,3,3,3,4,4,4,4,4,2,4,4,4,3,3,3,2,3,3,4,4,4,3,3,4,3,4,3,3,4,3,2,2,2,2,2,2,2,2,2,1,3,3,3,3,1,5,6,4,6,4,3,5,3,3,1,44,4,1,1,1,45,4500,3000,0,12301,구글애드워즈 인증 자격 직업 특성 대체 어려움,광고홍보
30286,4,5,3,5,4,5,4,5,4,4,4,6,3,5,4,5,3,4,4,5,3,5,3,5,3,6,4,5,4,5,4,5,3,5,3,5,4,5,4,5,4,4,3,4,4,5,3,4,3,3,2,4,3,5,4,5,3,5,3,5,4,5,3,4,4,5,3,4,4,5,3,4,4,3,4,3,3,3,4,3,4,5,3,3,4,4,3,4,4,4,5,3,3,3,2,4,4,3,4,3,4,6,1,2,1,2,0,3,2,3,3,3,3,3,3,4,9,4,3,4,3,4,3,3,3,3,4,3,2,3,3,3,4,3,4,3,3,3,4,3,3,3,2,2,2,2,2,2,2,2,2,1,4,2,2,2,1,4,6,5,4,5,4,5,6,4,1,38,2,1,3,2,40,3600,2600,0,701601,건축목공기능사 건축 시공 일자리,인문계
30287,2,2,3,4,2,3,3,4,2,2,2,2,1,0,3,4,2,2,1,0,2,2,3,3,3,3,2,2,3,4,2,2,3,4,1,0,3,4,3,4,1,0,1,0,2,2,2,2,2,2,1,0,3,3,2,2,3,4,2,2,2,1,1,0,2,2,1,0,2,2,1,0,1,0,4,5,4,5,1,0,3,4,3,3,4,5,3,3,2,3,2,4,3,4,4,3,4,4,4,3,2,17,1,1,1,2,0,7,4,3,3,3,4,3,4,4,9,9,4,4,3,4,3,3,3,3,4,2,5,4,4,4,4,4,3,3,3,3,3,3,4,4,2,2,2,2,2,2,2,2,2,1,4,2,2,2,1,5,5,4,3,5,5,3,3,4,1,36,4,1,1,1,40,2816,2200,0,306401,치과위생사 미용 발전 때문,치위생
30288,4,4,3,5,4,5,4,5,4,6,4,5,4,4,4,4,4,5,3,4,4,5,4,5,3,5,3,4,4,4,2,2,2,2,2,2,2,3,3,3,2,2,4,4,4,6,1,0,1,0,1,0,1,0,1,0,1,0,1,0,1,0,1,0,1,0,1,0,1,0,1,0,1,0,5,5,1,0,4,4,1,0,1,0,3,4,3,3,4,3,4,4,4,3,3,4,3,4,3,2,4,18,1,3,2,2,0,2,5,3,4,3,4,3,4,4,3,3,4,4,3,4,3,3,3,4,3,3,3,3,3,4,4,4,3,4,4,4,4,3,4,4,2,2,2,2,2,2,2,2,2,2,3,3,3,3,2,6,6,5,3,3,4,6,4,3,1,37,4,1,1,1,40,4000,3600,0,414303,변화,만화애니콘텐츠학
30289,3,4,4,5,3,4,5,5,5,6,5,6,2,3,5,6,5,4,2,3,4,5,4,4,5,5,2,3,4,5,5,5,5,6,4,5,5,4,5,7,5,7,5,6,4,4,5,5,1,0,2,4,1,0,1,0,1,0,1,0,4,5,1,0,2,3,2,2,1,0,1,0,3,4,2,4,2,3,2,3,1,0,2,3,2,3,2,3,4,4,3,3,4,4,5,3,4,4,4,4,4,13,1,2,1,1,3,5,5,4,3,3,4,4,3,3,3,4,4,4,2,5,4,5,4,3,2,3,3,4,4,3,4,4,4,3,4,4,3,4,5,3,2,2,2,2,2,2,2,2,2,2,4,3,3,3,2,3,3,3,7,2,1,4,5,5,1,47,4,1,1,1,40,7500,5000,0,23101,공인회계사 회계의 일반적인 업무 교육 매년 배출 회계사 창업 증가,회계학
30290,1,0,1,0,1,0,1,0,1,0,1,0,1,0,2,3,2,3,1,0,1,0,2,3,1,0,1,0,1,0,2,3,1,0,1,0,1,0,2,3,2,3,1,0,3,4,1,0,1,0,1,0,1,0,1,0,1,0,2,3,1,0,1,0,2,3,3,4,2,3,2,3,1,0,2,3,3,4,3,4,3,4,2,3,3,4,2,3,3,3,2,3,4,3,4,4,3,3,3,3,4,14,1,2,2,2,0,7,2,4,3,2,4,3,3,3,3,4,3,3,3,3,3,3,4,3,3,3,3,3,3,3,4,3,3,4,3,3,3,3,3,4,2,2,2,2,2,2,2,2,2,1,3,2,2,3,1,6,7,7,6,7,7,5,6,7,1,31,4,1,3,2,40,2320,1900,0,561301,일자리 지속 유지,전기
30291,4,5,4,5,4,4,4,4,1,0,2,4,2,2,4,4,4,4,2,3,4,4,5,5,3,4,4,5,4,4,4,4,3,3,3,3,4,4,4,4,4,4,5,5,4,5,4,5,3,4,4,4,3,4,3,4,4,5,1,0,3,3,1,0,3,4,2,4,2,4,3,3,4,4,3,4,2,3,1,0,1,0,2,3,4,4,3,4,5,4,5,5,4,3,4,3,4,4,4,4,5,17,1,1,1,2,0,6,6,5,4,4,4,4,3,4,9,9,4,4,2,4,4,5,3,2,4,3,3,2,3,5,4,3,4,4,3,4,5,4,5,4,2,2,2,2,2,2,2,2,2,2,3,2,2,2,2,3,2,3,5,4,5,6,8,5,1,51,5,2,5,1,50,0,0,10000,301113,가정의학 의사자격증 면허증 현재 의사 수가 포화상태,의학
30292,5,7,5,6,5,5,4,5,3,4,4,5,3,4,5,7,5,7,3,4,4,5,4,5,3,4,4,4,3,4,4,5,3,4,4,5,3,4,4,4,4,5,3,4,5,6,1,0,2,2,2,2,1,0,1,0,3,3,1,0,5,4,1,0,1,0,1,0,1,0,1,0,1,0,1,0,1,0,1,0,1,0,2,3,4,4,5,5,3,5,2,3,4,4,5,5,4,4,4,5,4,15,2,6,1,2,0,5,4,5,5,4,5,5,3,3,4,3,4,4,2,4,5,4,4,2,4,5,4,3,4,4,4,5,3,4,4,5,4,2,5,4,2,2,2,2,2,2,2,2,2,1,4,3,3,3,2,6,5,8,5,6,6,2,4,7,1,33,4,1,1,1,44,5000,4400,0,221102,변호사 자격증 범죄 다양 화로 현재,법학
30293,3,4,3,4,2,3,5,7,5,7,5,7,1,0,5,7,2,3,4,6,4,6,4,6,4,6,1,0,4,5,5,6,1,0,1,0,1,0,3,3,5,6,4,6,2,2,1,0,1,0,1,0,4,6,4,6,4,6,4,6,5,6,1,0,4,5,4,6,4,6,4,5,1,0,4,6,4,6,1,0,1,0,4,5,5,7,5,7,5,5,4,4,5,4,5,4,4,5,4,4,5,13,2,2,2,2,0,3,6,5,5,5,5,5,4,4,3,4,5,4,2,4,5,4,3,5,4,4,5,4,4,4,5,4,3,4,5,4,3,4,4,3,2,2,2,2,2,2,2,2,2,2,4,3,3,3,2,5,7,6,6,6,4,7,5,4,1,34,5,1,1,1,40,4400,4000,0,121106,자연과학 핵심 분야,천문학
30294,3,6,3,6,3,7,3,4,2,3,3,4,3,3,3,3,3,4,1,0,3,3,3,3,2,3,3,4,3,3,3,3,3,4,3,4,2,3,3,4,3,3,3,4,3,3,2,3,1,0,2,3,3,3,3,4,1,0,1,0,2,3,2,2,2,2,1,0,1,0,1,0,3,3,2,2,1,0,3,4,1,0,3,3,2,3,3,4,3,3,3,3,2,3,2,3,2,3,3,2,3,13,1,2,2,1,3,6,4,3,3,3,4,3,2,2,3,3,3,2,3,2,2,3,2,3,3,2,3,2,3,4,3,3,3,3,4,4,3,3,3,3,2,2,2,2,2,2,2,2,2,2,2,2,2,2,1,7,7,7,8,8,9,7,8,8,1,72,2,1,1,1,40,7000,2000,0,412003,기사작성법 훈련 대체,이과
30295,1,0,1,0,1,0,2,3,1,0,4,5,1,0,4,6,4,6,4,5,1,0,4,6,4,5,4,6,4,6,4,6,4,6,4,6,4,6,4,6,4,6,4,6,4,6,4,6,1,0,1,0,1,0,1,0,2,2,2,2,1,0,1,0,4,6,4,6,4,6,4,6,4,6,4,6,4,6,4,5,5,6,4,6,4,5,4,4,4,3,4,3,4,3,4,4,4,3,4,4,3,8,1,4,1,2,0,2,2,4,3,4,4,3,4,4,3,4,5,4,4,3,3,4,4,4,5,3,4,5,4,4,4,3,4,3,4,4,3,3,4,4,2,2,2,2,2,2,2,2,2,2,3,3,3,3,2,7,6,7,6,3,7,7,7,5,1,43,2,1,1,1,50,3000,2000,0,622201,1종 대형자동차 운전면허 대중교통 이용 교통 수단 계속 유지,축산
30296,3,2,2,2,3,2,3,1,1,0,1,0,1,0,3,2,2,2,3,4,1,0,2,3,3,1,4,3,2,2,3,2,1,0,1,0,1,0,2,1,1,0,2,2,3,2,2,2,1,0,1,0,1,0,1,0,1,0,1,0,2,2,1,0,2,1,1,0,1,0,1,0,1,0,3,2,3,4,3,4,3,5,3,3,3,3,3,3,3,2,3,3,2,1,3,3,2,1,3,2,2,15,2,2,1,1,1,2,2,3,3,2,4,3,3,3,4,4,3,4,3,2,4,4,3,3,4,2,4,3,4,3,2,2,2,3,4,4,3,3,4,4,2,2,2,2,2,2,2,2,2,1,3,1,1,3,1,7,7,7,5,5,5,5,5,5,1,28,3,1,2,2,52,2800,2400,0,624201,자동차운전면허1 2종 보통 직무교육 우편물 감소 현재 인력 무량 상태 유지됨,박물관학
30297,3,6,4,5,4,6,4,6,4,6,4,6,4,5,4,6,4,6,4,6,4,6,4,6,4,5,4,6,4,6,4,6,4,6,4,5,4,5,4,6,4,6,4,5,4,5,4,6,4,6,4,6,4,5,4,5,4,6,4,6,4,6,4,6,4,5,4,5,4,5,4,6,4,6,4,3,4,6,4,6,4,6,4,5,4,5,4,6,5,4,4,5,4,5,4,4,3,3,3,4,4,8,2,5,1,2,0,7,5,3,3,4,4,4,4,4,4,5,5,5,3,3,4,4,4,3,4,4,4,4,3,4,4,3,3,4,4,4,3,3,4,4,2,2,2,2,2,2,2,2,2,2,3,2,2,3,1,6,6,6,7,7,7,7,7,6,1,43,4,1,1,1,40,5500,2800,0,28202,토목기사 변동,토목
30298,2,4,3,4,2,3,3,4,4,4,3,5,3,4,4,5,3,5,2,3,4,4,4,5,3,4,2,4,2,3,3,3,1,0,2,2,3,5,3,5,4,5,5,5,3,4,1,0,1,0,3,4,4,4,1,0,4,5,5,5,3,3,4,5,5,5,5,5,5,5,5,4,2,3,4,4,4,5,4,4,3,4,4,4,3,4,3,4,3,3,2,3,4,2,2,5,2,3,3,3,4,8,1,4,1,1,1,5,3,4,3,3,4,4,1,4,3,3,4,3,2,3,4,3,3,2,3,3,4,5,4,4,5,4,4,3,4,4,4,3,4,4,2,2,2,2,2,2,2,2,2,2,3,3,2,2,2,5,5,6,3,7,8,8,5,3,1,28,2,1,1,1,42,4200,3000,0,621203,해기사 안전교육 물동량,기관
30299,3,3,3,4,2,3,3,3,1,0,4,4,1,0,4,5,1,0,3,4,1,0,2,4,4,5,1,0,1,0,4,4,1,0,1,0,2,4,5,7,4,7,1,0,2,4,1,0,3,4,1,0,4,5,1,0,5,7,5,7,1,0,3,4,5,7,5,5,4,5,5,4,1,0,3,4,5,5,5,4,3,5,4,5,4,5,3,4,2,3,4,3,2,2,2,3,2,2,1,3,1,10,1,2,1,2,0,3,2,2,2,2,2,1,2,2,1,3,3,3,5,2,1,4,3,4,4,3,2,3,2,5,4,3,3,4,3,4,2,3,4,3,2,2,2,2,2,2,2,2,2,2,4,3,2,2,2,6,7,6,4,4,4,6,5,3,1,35,3,1,1,1,40,2700,2500,0,842301,무선설비기사 확산 인터넷 케이블 설치 기사,통신
30300,5,6,5,6,5,7,4,5,2,4,5,6,4,5,2,3,3,5,4,5,4,5,4,6,3,4,4,6,4,6,4,5,3,4,3,4,3,5,2,3,2,4,4,4,3,4,3,3,1,0,2,4,1,0,1,0,1,0,1,0,1,0,1,0,1,0,1,0,1,0,1,0,2,4,2,4,2,4,2,3,3,3,2,3,4,5,4,6,4,4,5,1,4,4,2,5,5,5,5,3,5,14,4,1,2,2,0,3,2,3,4,3,5,4,4,4,5,5,5,4,3,4,3,4,3,4,5,4,4,4,4,4,4,4,3,4,4,4,3,3,5,5,2,2,2,2,2,2,2,2,2,1,5,3,3,3,2,8,3,2,7,8,7,9,7,8,2,38,4,1,4,1,40,4000,2300,0,411102,관심 사람,의상학
30301,3,4,3,4,3,4,4,5,3,3,3,5,3,3,3,3,4,4,3,4,3,4,3,3,3,4,4,4,3,4,3,4,3,3,3,3,4,4,4,4,4,4,3,4,4,3,3,3,3,3,4,4,3,3,3,4,3,4,3,1,3,2,3,3,4,2,3,2,4,2,3,3,2,3,3,2,4,2,4,3,3,3,3,4,3,3,4,3,3,3,3,3,3,3,4,2,3,3,4,4,3,17,1,4,1,1,1,6,4,4,4,4,4,4,2,3,3,3,3,3,2,4,3,4,4,4,2,2,4,2,3,4,4,4,4,4,4,4,3,3,4,4,1,1,1,2,2,2,1,2,2,1,2,3,2,2,2,5,5,5,5,5,5,5,5,5,2,52,3,1,1,1,40,3600,2600,0,301004,간호사 자격증 면허증 정신교육 마음가짐 컴퓨터 프로그램 도입 수기 작성 암기력 사용 업무 난이도 최근 코로나 감소 환자 자연 인적 구조조정 전산 시스템 발전 인력 감소,간호학
30302,1,0,3,4,2,2,3,4,2,2,3,4,3,4,2,2,2,1,3,4,2,2,4,5,2,2,2,2,3,3,2,3,2,3,3,3,2,2,3,3,2,3,3,4,2,3,2,2,2,2,2,3,3,4,3,4,2,3,2,4,2,3,3,3,2,3,2,3,3,5,3,5,3,4,3,4,3,5,2,3,2,3,2,2,3,4,3,3,3,2,3,3,4,4,4,2,4,4,4,4,3,13,1,2,1,1,5,2,4,4,3,3,4,4,3,3,3,4,4,3,3,3,4,4,2,3,3,2,3,3,4,5,3,4,3,3,3,4,2,3,4,3,2,2,2,2,2,2,2,2,2,2,4,3,3,3,2,7,7,7,5,5,5,3,4,6,1,42,4,1,1,1,48,4800,2200,0,155301,대기수질자격증 환경기능사 화학분석사 정수처리사 환경법규 숙지 관공서 서류 작성 인허가 자료 숙지 현장장비 기계류 파악 환경문제 공기 대한 수요 증가 더욱 강화 환경법,환경공학
30303,2,2,2,2,2,2,2,2,2,3,2,2,2,3,3,4,2,3,2,3,3,3,3,3,3,3,1,0,1,0,1,0,1,0,1,0,2,3,2,2,2,3,2,3,2,3,1,0,1,0,1,0,2,2,2,3,1,0,2,2,1,0,3,3,2,3,2,3,2,2,2,3,1,0,3,2,2,2,2,3,2,2,2,2,5,5,1,0,2,2,3,2,2,2,2,1,3,2,2,2,2,3,1,2,2,2,0,5,2,2,2,2,2,3,2,2,2,2,3,2,4,2,2,3,3,2,3,3,2,4,3,4,2,4,4,4,3,5,3,3,4,4,2,2,2,2,2,2,2,2,2,4,1,3,3,3,2,7,7,7,4,4,6,4,4,4,1,37,2,1,3,2,45,3400,2800,0,826101,생산 과정 부분 기계화 자동화 대체 가능,공고
30304,2,4,4,4,2,3,3,4,3,2,2,3,3,3,2,4,4,4,2,3,3,3,2,3,2,3,2,3,2,4,2,3,3,3,2,3,2,3,4,4,3,4,3,4,4,5,3,4,2,3,3,4,3,4,2,4,3,3,3,4,3,4,2,3,3,3,3,4,3,5,2,4,3,4,4,4,4,5,4,5,3,5,2,4,4,5,4,5,4,4,3,3,3,4,3,4,4,3,3,3,2,19,1,1,1,1,3,4,3,3,3,3,4,4,3,4,4,5,4,4,2,3,4,4,3,3,4,3,3,3,3,4,3,3,4,3,3,4,4,3,3,3,2,2,2,2,2,2,2,2,2,2,4,2,2,2,2,7,5,5,6,5,5,6,6,5,2,37,2,1,1,1,43,4100,2700,0,511501,애견미용자격증 애견미용 반려동물 인구,문과
30305,4,6,4,6,3,3,4,6,4,5,3,3,1,0,2,2,4,5,1,0,2,2,3,3,4,5,4,5,4,5,3,4,4,5,3,3,1,0,2,3,4,5,4,6,4,5,3,3,2,2,1,0,2,2,1,0,1,0,1,0,2,2,1,0,1,0,1,0,1,0,1,0,4,5,1,0,1,0,1,0,1,0,1,0,3,3,2,2,4,2,2,4,4,4,4,4,2,4,4,2,3,11,1,6,1,1,2,5,5,4,4,4,4,4,2,4,3,2,3,3,3,4,2,2,2,3,2,4,4,4,2,3,2,1,4,4,3,3,2,1,3,4,2,2,2,2,2,2,2,2,2,2,3,1,3,3,2,3,4,2,2,3,5,4,6,7,1,33,4,1,1,1,48,5500,5000,0,32101,CFP AFPK 은행FP 사내교육 금융업 일자리,경제학
30306,3,3,3,3,1,0,2,2,2,2,3,3,3,3,2,2,3,3,2,2,2,2,2,2,3,3,2,2,2,3,2,2,2,2,2,2,3,3,2,2,2,2,2,2,2,2,2,2,4,5,2,2,3,2,3,3,3,3,4,5,2,2,3,4,2,2,4,4,4,5,4,5,2,2,2,2,2,2,2,2,3,3,3,3,3,3,2,2,4,4,4,3,4,2,3,3,3,4,4,4,4,19,4,1,1,2,0,5,2,4,4,2,4,4,3,3,9,9,3,3,2,4,4,3,5,4,5,4,4,2,3,5,4,4,3,4,4,4,3,2,4,5,2,2,2,2,2,2,2,2,2,2,4,3,3,3,2,7,6,7,7,8,8,4,5,4,1,48,2,2,6,1,50,0,0,5400,812401,자동차정비기능사 자동차 대수 증가 전기차 지능 자동차 증가 정비 인력 수요,공고
30307,4,5,4,5,3,6,4,5,3,4,4,5,1,0,5,4,4,5,1,0,3,4,3,6,4,5,2,5,3,4,1,0,1,0,1,0,3,3,5,6,3,4,3,4,3,4,1,0,2,2,1,0,1,0,1,0,2,4,1,0,4,5,4,5,3,3,2,3,3,4,2,3,1,0,2,4,4,4,1,0,2,2,4,4,4,5,5,6,3,4,3,3,3,3,4,4,4,5,4,3,4,6,1,2,1,2,0,3,4,3,3,3,4,3,3,3,3,3,4,3,3,3,3,4,3,5,4,4,2,3,2,4,4,4,5,4,5,5,4,2,5,4,2,2,2,2,2,2,2,2,2,2,2,2,2,3,2,8,9,7,3,2,3,6,7,5,1,34,4,1,1,1,40,4000,3000,0,140701,건설재료시험기능사 건물 시장 침체 관련 일자리 감소 예상,화공학
30308,2,2,3,4,2,2,3,4,2,3,1,0,1,0,2,2,2,3,1,0,1,0,2,2,2,3,1,0,3,4,2,3,1,0,1,0,1,0,3,4,3,4,3,4,2,2,3,4,2,3,1,0,1,0,1,0,1,0,1,0,1,0,1,0,1,0,1,0,1,0,2,2,1,0,1,0,2,2,1,0,1,0,2,2,2,2,2,1,3,2,4,3,2,4,1,4,4,3,2,1,3,18,4,1,2,2,0,7,2,3,3,3,3,4,4,3,9,9,9,3,2,3,4,4,3,2,3,3,4,2,4,4,1,2,4,2,4,4,3,2,4,4,2,2,2,2,2,2,2,2,2,3,2,3,3,3,2,7,6,6,4,3,5,4,3,5,2,53,2,2,6,1,40,0,0,3000,616201,자동화 기기,이과
30309,3,3,5,3,2,2,2,3,3,4,1,0,1,0,4,5,2,2,1,0,1,0,1,0,2,2,1,0,3,3,1,0,2,2,1,0,1,0,3,3,2,2,1,0,1,0,1,0,3,2,2,2,1,0,1,0,1,0,1,0,2,2,1,0,1,0,1,0,1,0,1,0,1,0,1,0,2,2,1,0,3,3,2,3,3,3,3,3,3,3,2,2,2,3,3,3,4,2,2,2,2,7,1,5,2,2,0,7,2,2,2,1,2,2,3,2,2,3,4,3,2,4,2,4,4,3,3,2,3,4,3,5,2,4,2,2,4,5,4,3,4,4,2,2,2,2,2,2,2,2,2,3,3,2,2,2,2,6,7,7,5,7,5,4,4,6,2,57,2,1,1,1,40,2000,2000,0,615101,상점 판매원 일자리 유지,인문계
30310,4,5,4,5,4,5,4,6,4,4,4,5,4,4,4,5,4,5,3,4,3,4,3,4,3,4,3,4,3,4,4,6,4,5,4,5,4,5,4,5,4,5,4,5,4,6,4,5,4,4,3,5,4,4,3,4,3,5,3,4,3,4,1,0,1,0,1,0,1,0,1,0,1,0,1,0,1,0,1,0,1,0,1,0,4,4,4,4,3,3,4,3,4,4,3,3,3,4,4,4,3,17,3,2,1,2,0,4,4,4,3,3,4,4,3,3,3,3,4,3,4,4,4,4,4,4,4,3,3,3,3,4,4,3,4,4,4,4,3,4,4,4,2,2,2,2,2,2,2,2,2,2,3,3,2,3,1,4,7,6,5,4,4,3,3,6,2,27,3,1,1,1,40,2700,2200,0,232901,사회복지사 2급 지금,사회복지
30311,3,4,5,6,1,0,1,0,1,0,1,0,5,7,5,7,5,7,1,0,3,4,1,0,4,5,5,6,1,0,1,0,1,0,1,0,1,0,1,0,3,4,3,4,3,4,1,0,1,0,1,0,1,0,1,0,4,5,1,0,1,0,1,0,1,0,1,0,3,4,3,4,1,0,5,7,1,0,3,4,4,5,4,5,5,7,5,7,4,4,2,3,4,2,4,3,4,4,4,4,3,18,4,1,2,1,6,6,1,4,3,3,4,4,3,2,9,9,4,3,2,4,5,4,4,4,4,2,4,3,2,5,5,5,4,4,5,5,4,4,5,4,2,2,2,2,2,2,2,2,2,1,3,2,2,2,1,3,6,3,6,8,4,8,4,7,1,76,4,1,4,2,30,2500,1200,0,414503,기본 연주 연습 변화,음악기악
30312,2,3,2,2,2,2,3,2,2,1,2,3,2,2,3,3,2,3,3,3,2,3,2,2,3,4,2,3,2,3,4,5,3,4,4,5,2,3,2,2,4,5,4,4,2,2,2,3,2,2,4,5,3,4,3,4,2,2,3,2,3,3,3,4,4,4,4,4,4,5,4,4,4,4,4,4,4,4,4,6,3,5,3,3,3,5,3,4,2,4,2,4,3,1,3,4,2,3,3,4,2,6,1,3,2,2,0,6,3,4,3,3,3,3,2,5,4,4,4,5,4,3,4,3,3,2,3,4,4,3,2,4,2,2,3,3,3,4,3,3,4,4,2,2,2,2,2,2,2,2,2,1,3,3,3,3,2,8,7,8,3,3,2,3,5,7,1,48,4,1,1,1,40,3800,2500,0,16101,건설 현장 관리자,건축공학
30313,4,5,4,5,4,5,4,5,1,0,5,7,4,5,4,6,5,6,4,5,4,6,4,6,5,6,5,7,5,6,4,6,5,4,5,7,4,5,5,7,5,6,3,4,1,0,1,0,1,0,1,0,1,0,1,0,1,0,1,0,1,0,1,0,1,0,1,0,1,0,1,0,1,0,1,0,1,0,1,0,1,0,1,0,2,3,2,3,4,4,3,4,4,3,4,4,3,4,3,4,3,17,1,3,1,2,0,7,5,4,4,4,4,5,4,4,5,4,5,4,4,5,4,4,4,3,4,3,4,3,4,5,4,4,4,5,4,4,4,4,4,4,2,2,2,2,2,2,2,2,2,2,3,3,3,3,2,6,8,7,9,7,6,7,3,3,2,31,5,1,1,1,40,3000,2400,0,306601,임상심리사 현대인 정신 불안 현상 유지,심리학
30314,2,3,3,3,2,3,3,4,1,0,1,0,1,0,2,3,2,3,2,4,1,0,1,0,2,4,3,3,2,4,3,3,3,4,2,3,1,0,3,4,3,4,2,4,3,3,1,0,1,0,1,0,1,0,1,0,1,0,1,0,3,4,3,3,1,0,1,0,3,3,2,2,1,0,2,2,3,3,3,3,2,5,3,2,2,3,2,2,3,2,2,3,3,2,3,2,3,2,2,3,2,15,2,4,2,1,3,4,5,4,4,4,2,4,4,4,3,4,4,4,2,4,4,3,4,4,3,4,4,3,4,4,4,5,5,5,4,4,4,4,5,4,2,2,2,2,2,2,2,2,2,2,3,3,3,3,2,7,3,5,3,4,6,4,6,6,1,33,4,1,1,1,40,4000,3700,0,28202,인성 교육 지금,행정학
30315,3,6,4,6,2,3,3,5,2,3,2,2,3,4,5,5,3,4,4,3,4,4,2,4,4,6,2,2,2,4,5,3,2,3,1,0,2,2,3,5,5,4,4,6,5,2,1,0,1,0,2,2,1,0,1,0,5,5,5,5,2,2,1,0,5,5,4,4,4,4,4,5,3,4,4,4,5,5,5,5,5,4,5,5,4,4,4,5,4,4,2,3,4,1,5,3,2,3,4,5,2,15,2,3,1,1,2,7,5,5,4,4,3,4,3,3,3,4,4,4,2,5,4,5,4,4,5,4,5,1,4,4,4,5,5,5,5,4,4,3,5,4,2,2,2,2,2,2,2,2,2,1,4,3,3,3,2,5,6,6,5,5,5,5,5,5,1,36,4,1,1,1,55,3800,2700,0,240201,화재감식기사 위험물기능사 소방설비기사 기술습득 화재진압 구조 구급훈련 안전 시민 의식,행정학
30316,3,5,4,5,2,2,4,4,3,3,3,2,4,4,4,5,3,5,3,2,2,2,3,2,3,4,3,5,4,4,3,3,3,3,3,5,3,2,3,3,2,2,3,3,2,2,2,3,3,5,3,4,4,4,4,6,4,6,4,5,4,5,4,6,4,6,4,5,4,5,4,6,4,5,4,6,5,6,4,5,3,3,4,5,4,6,4,5,3,3,2,4,4,3,5,4,3,3,4,3,3,3,1,2,2,2,0,7,4,4,3,3,3,4,3,4,4,4,4,4,2,4,4,4,4,4,4,3,4,3,4,4,3,4,4,3,4,4,4,3,5,4,2,2,2,2,2,2,2,2,2,1,3,2,2,3,1,9,9,8,2,8,5,5,5,5,1,43,2,1,1,1,52,4200,2450,0,151301,기계공학 필요 산업 기업 외적인 요인 대한 변동 인도,기계
30317,1,0,1,0,1,0,1,0,1,0,1,0,1,0,1,0,1,0,1,0,1,0,1,0,1,0,1,0,1,0,1,0,1,0,1,0,1,0,1,0,2,3,1,0,1,0,1,0,1,0,1,0,3,4,2,2,3,4,3,4,3,4,4,5,3,4,3,4,4,5,4,5,4,5,4,5,4,5,2,3,2,2,3,4,1,0,1,0,4,4,2,3,3,2,3,3,4,3,2,3,3,13,1,3,1,2,0,7,4,4,4,4,4,4,4,3,4,3,4,3,3,4,3,4,4,5,3,4,4,3,4,3,4,3,4,3,3,3,3,3,3,3,2,2,2,2,2,2,2,2,2,2,3,3,3,3,2,6,7,5,6,7,6,9,8,8,1,29,4,1,1,1,40,2600,2400,0,705201,토목철도기능사 채용 인원 한정,토목
30318,4,4,4,4,3,3,4,4,4,4,3,3,4,4,3,3,4,4,4,4,4,4,3,3,4,4,5,5,4,4,4,4,4,4,4,4,4,4,4,4,4,4,4,4,4,4,3,3,4,4,4,4,4,4,4,4,4,4,3,3,3,3,4,4,4,4,3,3,3,3,3,3,4,5,4,4,4,4,4,4,4,4,3,3,4,4,4,4,4,4,4,3,4,2,4,4,2,4,3,4,4,7,1,1,2,1,3,3,1,4,3,2,4,4,3,3,3,4,4,4,3,2,2,4,3,2,4,2,3,4,2,3,4,2,3,2,4,4,3,2,4,5,2,2,2,2,2,2,2,2,2,2,2,2,2,3,2,5,3,5,4,3,5,7,7,5,2,41,2,2,7,2,60,0,0,7200,901401,병충해 예방교육 육체노동 때문 사람,인문계
30319,1,0,2,3,1,0,1,0,1,0,2,4,1,0,3,3,3,5,2,4,1,0,1,0,3,3,1,0,1,0,1,0,1,0,1,0,2,4,1,0,3,3,1,0,3,4,1,0,1,0,2,4,2,3,4,5,4,5,2,4,1,0,3,5,3,5,4,5,3,5,4,5,3,5,5,6,4,5,4,4,4,5,5,6,4,5,3,3,3,2,3,5,3,2,3,3,2,3,3,2,3,3,3,3,1,1,2,2,4,3,3,2,4,5,4,4,4,3,4,4,2,4,3,2,4,3,4,4,5,4,4,3,4,3,2,2,2,4,3,2,4,5,2,2,2,2,2,1,1,2,2,1,2,2,3,3,2,6,7,7,3,2,3,6,6,2,1,38,2,1,1,1,45,5500,3600,0,817101,기계조립기능사 현장에서 실무경력 쌓기 장비 도입 국내 완성 해외 현지 생산 증가,자동차학
30320,1,0,2,2,1,0,1,0,2,2,2,2,1,0,3,2,1,0,2,2,2,2,1,0,2,3,1,0,1,0,1,0,1,0,1,0,1,0,2,2,3,3,2,3,2,2,1,0,3,3,1,0,2,2,1,0,2,3,1,0,1,0,1,0,3,4,2,2,4,3,1,0,1,0,2,2,1,0,1,0,3,4,1,0,1,0,1,0,3,4,3,3,3,2,3,4,3,2,3,2,3,19,1,2,1,1,1,2,2,2,2,2,5,3,4,3,9,9,3,3,3,2,2,3,4,3,4,5,4,5,3,4,2,3,4,3,5,5,3,3,4,3,2,2,2,2,2,2,2,2,2,2,2,3,3,2,2,8,9,6,7,6,5,5,4,6,1,41,2,1,2,2,40,3300,2500,0,702201,방수공기능사 방수공 기술 기계로 대체,문과
30321,4,5,3,4,3,4,4,5,3,4,4,5,4,6,4,5,4,5,1,0,3,4,4,5,3,5,4,5,1,0,3,4,3,4,1,0,4,5,1,0,3,4,4,5,3,5,4,5,4,5,3,4,4,4,4,5,3,5,3,4,4,4,4,6,3,4,3,4,1,0,3,4,4,4,1,0,1,0,1,0,1,0,1,0,3,4,1,0,4,2,3,4,4,4,3,3,3,4,4,4,4,3,1,3,1,2,0,4,5,4,5,4,4,4,3,4,5,4,4,4,3,4,4,4,4,3,2,4,3,4,3,4,3,4,4,4,4,4,3,3,4,3,2,2,2,2,2,2,2,2,2,2,3,2,2,2,1,3,5,4,4,5,5,3,5,6,1,35,4,1,1,1,40,3800,2000,0,156201,셤유기술사 섬유디자인산업기사 변화 요인,섬유공학
30322,3,4,3,4,2,2,3,4,2,2,4,5,3,4,3,4,2,3,4,5,4,5,4,5,4,5,4,5,4,5,4,5,4,5,4,5,4,5,4,5,4,5,3,4,3,4,2,3,4,6,2,3,3,4,4,5,3,4,2,2,2,3,2,3,3,4,3,4,4,5,3,4,2,3,3,4,3,4,3,4,2,3,2,3,5,7,2,3,4,4,3,3,4,4,3,4,3,4,4,4,4,6,1,4,1,2,0,3,3,4,4,4,4,4,4,4,4,4,4,4,2,4,4,3,3,2,3,5,4,5,2,5,3,4,5,5,4,5,4,4,5,4,2,2,2,2,2,2,2,2,2,2,3,2,2,2,1,2,1,2,1,1,2,2,2,3,1,30,4,1,1,1,40,4000,3000,0,140206,건설산업안전기사 기술사 건설안전기사 기술사 건설환경기사 기술사 건설 경기 둔화,건축학
30323,5,5,5,5,5,4,5,4,5,3,5,5,5,7,5,6,5,5,5,6,5,6,5,6,5,5,5,4,5,6,5,5,5,3,5,6,5,5,5,6,5,4,5,3,5,5,3,3,5,3,5,5,5,4,5,3,5,5,5,6,5,3,5,4,5,4,5,5,5,6,5,4,5,5,5,4,5,6,5,6,4,4,5,4,5,6,5,5,5,5,5,3,5,4,5,5,2,5,4,5,5,18,1,4,2,1,4,6,5,5,4,4,5,5,2,4,3,4,5,4,1,5,5,5,5,5,5,3,5,5,2,5,5,5,5,5,5,5,5,5,5,3,2,2,2,2,2,2,2,2,2,1,3,3,3,3,2,9,9,9,1,1,5,1,1,1,1,51,4,1,1,1,55,8000,2200,0,416701,전문성 변화,전기학
30324,3,5,3,5,3,4,3,4,3,5,3,5,3,4,3,4,3,4,4,5,3,4,3,5,3,4,3,4,3,5,4,5,3,5,4,5,3,5,3,4,3,5,4,5,4,5,3,4,4,4,3,4,3,5,4,5,4,5,4,5,4,5,4,5,4,5,4,5,4,5,4,5,4,5,4,5,4,5,4,5,3,5,4,5,4,5,3,4,4,3,4,4,3,2,3,4,3,3,3,3,3,13,1,3,1,1,5,6,2,4,3,3,4,3,3,4,5,5,4,4,2,3,3,4,3,4,3,4,3,3,3,4,3,3,3,4,4,4,3,3,3,3,2,2,2,2,2,2,2,2,2,2,2,2,2,3,1,8,7,6,7,7,7,7,7,6,1,38,4,1,1,1,42,3700,3500,0,153105,전기산업기사 전기기사 실무교육 전기 안전 일자리 변동,전기공학
30325,4,4,5,5,3,5,4,5,3,4,4,5,2,2,4,5,4,5,2,2,3,3,2,2,2,2,4,5,4,4,5,5,3,4,3,4,3,4,5,4,3,4,5,5,4,5,3,4,2,2,3,4,1,0,1,0,1,0,1,0,3,4,3,3,1,0,1,0,1,0,1,0,3,3,1,0,1,0,1,0,1,0,1,0,3,4,3,3,5,4,4,3,4,3,4,4,4,4,3,3,4,13,1,2,1,2,0,6,5,4,4,4,4,4,4,3,4,3,4,4,2,4,4,4,3,3,3,4,4,3,4,4,4,3,3,4,4,4,3,3,4,4,2,2,2,2,2,2,2,2,2,2,4,2,2,2,2,4,5,6,4,5,5,8,4,4,1,44,4,1,1,1,40,6000,4000,0,23301,관세사 자격증 수출입 업무 점차,무역학
30326,5,7,5,7,5,7,2,3,1,0,5,7,5,7,5,7,5,7,1,0,5,7,1,0,5,6,4,5,1,0,1,0,1,0,1,0,1,0,1,0,5,6,4,5,4,5,1,0,1,0,1,0,1,0,1,0,1,0,1,0,5,6,1,0,1,0,1,0,1,0,1,0,1,0,1,0,1,0,1,0,4,5,1,0,5,6,4,4,5,1,5,3,3,5,3,1,1,2,4,3,2,18,4,1,2,2,0,7,2,3,3,2,5,4,4,3,9,9,9,3,3,4,4,3,4,4,3,3,4,4,3,5,5,5,4,4,5,5,4,3,4,4,1,1,1,1,2,2,2,2,2,2,3,3,3,3,2,7,8,9,8,9,6,2,3,1,2,29,4,1,4,2,50,1760,700,0,411102,활성화 변화,회화
30327,2,3,2,3,3,4,2,3,3,4,1,0,1,0,1,0,2,3,1,0,1,0,1,0,2,3,3,4,2,3,1,0,1,0,1,0,1,0,1,0,1,0,1,0,2,3,1,0,1,0,2,3,2,3,1,0,2,3,1,0,2,3,1,0,2,3,1,0,1,0,1,0,2,3,1,0,1,0,1,0,2,3,1,0,3,3,2,3,3,2,3,4,3,3,3,3,4,3,4,3,3,6,1,2,1,2,0,7,5,3,3,3,3,4,4,3,3,3,4,3,2,3,4,3,3,4,3,3,3,3,3,3,3,4,3,3,4,4,3,3,4,3,2,2,2,2,2,2,2,2,2,1,2,2,3,3,2,6,5,6,4,6,6,3,4,5,1,35,4,1,1,1,44,4702,3500,0,140207,건설설계 건설 경기 편이,건축
30328,4,4,4,4,4,4,4,4,4,4,4,4,4,4,4,4,4,4,4,4,4,4,4,4,4,4,4,4,4,4,4,4,4,4,4,4,4,4,4,4,4,4,4,4,4,4,4,4,4,4,4,4,4,4,4,4,4,4,4,4,4,4,4,4,4,4,4,4,4,4,5,6,4,4,4,4,4,4,4,4,4,4,4,4,4,4,4,4,3,4,4,3,4,4,4,3,4,4,3,4,4,11,1,2,2,1,3,4,2,4,3,2,4,3,4,3,2,4,4,4,3,4,3,4,4,4,4,3,4,3,3,4,2,4,3,2,4,4,2,3,4,3,2,2,2,2,2,2,2,2,2,2,3,3,3,3,2,7,7,4,7,3,3,5,6,4,1,38,2,1,1,1,40,2800,2200,0,541201,체력 실험 훈련 요즘 신변 위협 요인 때문,이과
30329,4,5,4,6,4,5,4,5,4,5,3,5,3,4,3,4,4,5,3,4,4,5,4,6,4,4,4,5,4,4,4,4,3,4,4,4,4,4,4,4,4,6,4,4,4,4,3,4,4,4,3,4,4,5,3,4,1,0,2,2,3,4,3,5,3,4,2,3,2,3,2,3,4,5,3,4,2,3,3,3,2,3,2,3,3,4,3,4,4,3,4,4,4,3,4,3,3,5,4,5,4,15,2,5,1,2,0,7,5,4,3,3,4,5,4,3,4,4,3,5,2,3,3,3,3,2,3,1,4,3,4,4,3,4,3,3,4,4,4,3,5,4,2,2,2,2,2,2,2,2,2,1,3,3,3,3,2,6,5,5,4,4,5,6,6,5,1,34,5,1,1,1,50,4700,3800,0,155106,원자력발전기술사 상태 유지,원자력공학
30330,1,0,1,0,1,0,1,0,1,0,1,0,1,0,1,0,1,0,1,0,1,0,1,0,1,0,1,0,1,0,1,0,1,0,1,0,1,0,1,0,1,0,1,0,1,0,1,0,1,0,1,0,3,4,2,4,3,4,3,5,1,0,3,5,5,5,3,4,1,0,4,4,1,0,1,0,1,0,1,0,4,5,1,0,2,3,1,0,4,3,3,3,3,2,3,3,3,3,3,2,3,3,1,5,2,2,0,7,2,3,3,3,3,4,4,4,4,4,4,4,1,4,4,4,3,2,3,4,3,3,4,5,3,3,3,3,4,4,3,2,3,4,2,2,2,2,2,2,2,2,2,1,2,3,3,3,2,7,6,6,3,4,3,6,3,4,1,41,2,1,1,1,45,3800,2500,0,852101,자체 점점,기계
30331,3,5,5,6,3,4,5,6,4,5,4,5,4,6,4,5,4,5,4,6,4,6,4,5,4,5,4,6,4,5,4,5,4,6,4,6,4,5,4,5,4,5,4,5,4,6,4,5,4,5,4,5,4,5,4,5,4,5,4,5,4,6,4,5,4,5,4,5,4,6,4,5,4,5,4,5,4,5,4,5,4,5,4,5,4,5,4,5,4,5,4,4,4,4,4,4,4,4,4,3,4,3,1,5,2,2,0,3,6,4,5,4,4,4,4,3,4,4,5,4,2,4,4,4,3,2,3,4,4,4,3,3,4,3,2,3,4,4,3,4,4,3,2,2,2,2,2,2,2,2,2,1,4,3,3,3,2,3,3,2,4,3,3,6,6,5,1,49,5,1,1,1,40,7000,3600,0,154105,노인,생명공학
30332,3,4,3,4,3,4,3,5,4,2,3,5,3,4,3,4,3,4,4,5,3,4,4,5,3,5,3,4,4,5,4,5,2,3,2,3,3,4,4,5,4,5,4,5,4,5,2,4,3,4,4,5,4,5,4,5,4,5,4,5,3,4,3,4,3,4,3,5,4,6,4,5,3,4,3,4,3,4,3,4,4,5,2,3,4,5,4,5,4,4,4,3,3,2,3,3,3,3,3,3,4,13,1,1,1,2,0,5,2,3,4,3,3,3,2,4,3,3,4,3,3,4,4,3,4,3,4,4,2,3,3,3,4,3,4,4,3,4,2,2,4,5,2,2,2,2,2,2,2,2,2,2,4,2,2,3,1,5,6,5,6,5,4,4,5,6,1,49,2,1,1,1,45,3800,3000,0,832101,전자산업기사 전자기기 사용 때문,이과
30333,3,3,2,2,1,0,2,3,1,0,2,3,2,1,1,0,3,2,1,0,3,4,3,2,3,2,4,2,3,2,2,4,4,3,2,1,3,2,2,1,5,3,3,2,2,3,3,4,3,2,5,4,3,2,5,4,4,3,4,4,4,5,3,2,5,3,4,4,4,3,4,5,3,3,2,1,1,0,2,1,1,0,1,0,3,2,1,0,5,3,5,4,3,4,3,2,3,4,3,4,2,10,1,4,2,2,0,2,4,4,3,3,4,5,4,3,2,3,4,3,3,4,2,4,5,2,4,3,2,5,3,4,2,3,4,3,4,5,5,4,5,4,2,2,2,2,2,2,2,2,2,2,3,3,2,3,2,7,3,4,7,5,6,7,5,6,1,43,4,1,1,1,40,3800,3200,0,134301,전산 시스템 점점,정보통신학
30334,2,3,2,2,1,0,3,4,1,0,1,0,1,0,1,0,3,3,1,0,1,0,1,0,2,2,1,0,2,2,2,2,2,2,2,2,1,0,3,4,3,3,3,4,3,4,2,3,2,3,4,5,3,4,1,0,3,4,3,4,1,0,1,0,3,3,4,5,4,5,4,5,2,2,4,5,2,2,1,0,3,4,1,0,3,3,2,2,2,3,3,4,4,3,3,3,3,2,3,4,3,19,4,1,2,2,0,5,2,3,3,2,3,3,2,5,4,5,4,4,3,3,4,3,3,3,2,3,3,2,3,4,4,3,3,2,3,2,4,4,4,3,2,2,2,2,2,2,2,2,2,1,3,3,3,3,2,4,5,2,3,7,6,4,7,6,1,46,2,2,6,1,60,0,0,3200,812901,기계 장비 대체 불가,기계
30335,5,6,5,6,4,7,4,7,4,5,3,6,4,4,4,6,4,6,4,5,3,5,4,7,5,6,4,6,4,6,4,7,4,6,4,6,4,4,3,6,4,6,4,4,2,2,2,3,2,2,1,0,2,3,1,0,1,0,1,0,2,3,1,0,1,0,1,0,1,0,1,0,1,0,1,0,1,0,1,0,2,2,1,0,3,5,5,6,4,3,4,5,5,2,5,5,4,5,5,4,4,19,4,2,2,2,0,5,5,4,3,3,4,3,3,2,9,9,9,3,2,4,4,3,4,5,4,3,4,4,3,4,5,4,4,5,5,5,5,5,5,4,2,2,2,2,2,2,2,2,2,3,4,2,2,2,1,5,6,4,6,6,5,6,4,4,2,37,4,1,4,2,18,3600,2200,0,411202,통역 서비스 기업,영미어문학
30336,5,5,5,5,5,5,5,5,5,5,5,5,5,6,5,6,5,5,5,6,4,5,5,6,5,7,3,5,5,5,5,6,5,6,5,6,5,6,4,6,4,4,5,7,5,6,5,7,5,7,5,7,3,5,5,5,5,7,4,5,5,5,3,4,1,0,2,2,2,2,3,3,4,4,1,0,1,0,4,3,3,3,1,0,3,3,4,4,5,3,5,3,4,4,4,5,2,4,4,4,5,15,2,2,1,2,0,5,5,3,2,2,4,5,1,3,4,4,3,3,3,3,2,5,4,2,5,1,3,5,5,5,2,3,3,2,4,4,3,3,4,3,2,1,2,2,1,2,1,1,2,2,3,3,3,3,2,7,7,8,7,7,7,2,2,2,1,32,4,1,1,1,40,5100,2800,0,903101,산림기사 인사 신규 창설 상태 유지,산림자원학
30337,4,4,4,4,2,3,5,5,3,3,3,3,2,3,5,4,4,3,5,5,3,4,3,4,4,4,4,4,4,3,3,3,3,4,3,4,3,5,4,4,4,5,4,4,3,4,3,4,3,4,2,3,2,4,1,0,1,0,1,0,1,0,2,4,3,4,2,3,1,0,1,0,3,3,4,4,2,3,5,5,3,5,2,3,4,4,3,3,4,5,2,3,5,2,2,4,3,3,5,3,3,18,3,2,1,2,0,1,4,3,2,3,4,4,3,2,9,9,9,3,3,4,3,2,3,2,3,2,3,3,2,4,5,4,3,2,3,3,2,3,3,3,2,2,2,2,2,2,2,2,2,1,2,2,2,2,1,7,4,2,3,4,3,7,3,4,1,46,4,1,3,2,40,2700,2500,0,420301,농구심판자격증 코로나 영향 스포츠 위축,체육학
30338,3,4,3,4,3,4,3,4,3,5,3,5,1,0,1,0,2,3,1,0,3,4,3,4,3,3,3,5,3,4,3,5,3,3,3,5,3,4,2,2,3,3,3,4,3,4,3,4,3,4,3,5,1,0,1,0,1,0,1,0,3,4,1,0,1,0,1,0,1,0,1,0,1,0,2,1,1,0,1,0,1,0,1,0,3,4,1,0,2,2,2,3,3,3,2,2,2,4,4,2,2,8,1,3,1,2,0,5,5,3,2,2,3,4,2,3,4,3,4,3,3,3,3,2,2,3,3,3,1,5,3,4,2,3,3,3,3,4,3,3,4,4,2,2,2,2,2,2,2,2,2,1,3,1,1,3,1,5,5,5,5,5,5,3,3,5,1,40,4,1,1,1,44,5500,5000,0,12201,전산회계 전산세무,경영학
30339,1,0,1,0,1,0,1,0,1,0,1,0,1,0,2,1,1,0,1,0,1,0,1,0,2,2,1,0,1,0,2,1,1,0,1,0,2,2,1,0,1,0,1,0,1,0,1,0,3,3,1,0,1,0,2,2,3,3,1,0,1,0,1,0,1,0,3,4,1,0,2,1,2,1,1,0,2,3,3,3,3,5,3,4,3,3,2,2,3,2,5,3,2,3,3,3,2,2,2,3,2,6,1,2,2,2,0,7,2,2,2,2,3,2,2,3,9,9,9,3,3,3,3,3,3,3,3,3,3,3,3,3,3,2,2,2,2,4,2,2,4,3,2,2,2,2,2,2,2,2,2,1,2,3,3,3,2,7,6,6,5,7,6,3,4,5,1,40,2,1,3,1,40,3000,2500,0,701301,주택 경기,공고(기계과)
30340,5,6,5,7,5,7,4,6,5,7,5,7,4,6,4,6,4,6,4,5,4,6,4,6,4,5,4,5,4,5,3,4,3,4,3,4,4,5,3,5,3,4,2,3,2,3,2,2,2,2,2,2,2,3,3,4,2,3,1,0,1,0,1,0,1,0,3,3,2,2,1,0,4,6,3,4,1,0,1,0,1,0,1,0,2,2,2,2,5,4,4,4,4,5,5,4,3,4,4,4,4,16,5,5,2,2,0,6,7,5,4,5,5,4,4,4,5,4,4,4,1,4,4,4,4,3,4,3,4,4,4,3,4,4,4,4,3,3,4,3,4,4,2,2,2,2,2,2,2,2,2,2,2,3,3,3,1,5,4,3,4,3,3,7,5,2,1,58,6,1,1,1,50,6800,3200,0,110201,상태 유지,정치외교학
30341,3,4,2,3,2,2,2,2,3,4,3,4,2,2,3,5,2,2,2,3,2,2,2,2,2,2,2,2,2,2,2,2,2,2,2,2,2,2,2,2,2,2,2,3,2,2,2,2,2,2,2,2,2,2,4,5,3,3,2,2,2,4,2,3,2,3,2,2,2,2,3,5,2,2,3,5,2,4,2,2,2,3,2,2,2,2,2,2,4,4,3,4,3,3,3,3,3,4,3,3,3,13,2,3,2,2,0,1,5,4,3,4,4,3,4,4,4,3,4,4,2,4,3,4,4,4,4,4,3,3,4,4,4,4,4,3,4,4,3,3,4,2,2,2,2,2,2,2,2,2,2,2,2,3,3,3,2,6,6,6,4,4,5,5,4,6,1,41,4,1,1,1,40,5400,4000,0,155103,인구 감소,기계공학
30342,4,4,3,4,2,3,4,4,1,0,1,0,1,0,2,3,1,0,1,0,1,0,1,0,4,4,4,5,4,5,4,4,3,5,1,0,3,4,3,3,4,4,1,0,1,0,1,0,1,0,1,0,1,0,1,0,1,0,1,0,4,4,1,0,1,0,1,0,1,0,1,0,1,0,1,0,1,0,1,0,1,0,1,0,2,2,1,0,4,4,3,3,4,3,3,2,3,3,4,4,3,17,2,2,1,2,0,3,5,4,3,4,4,4,3,3,4,4,4,4,2,4,3,3,2,1,3,2,3,3,4,4,4,3,3,3,4,5,4,3,4,4,2,2,2,2,2,2,2,2,2,1,3,2,2,3,1,9,6,5,3,5,6,8,3,7,2,40,4,1,1,1,40,4000,2500,0,231101,사회복지사 1급 자격증 회복 분야 현재 변화,사회복지
30343,4,5,4,5,4,5,4,5,2,4,3,5,3,5,3,6,3,4,2,5,3,4,4,6,4,5,4,5,4,5,5,6,4,4,4,4,3,5,5,6,3,4,2,4,5,6,4,5,4,5,4,5,3,5,2,4,4,5,4,3,3,5,4,3,3,4,4,2,4,2,4,3,3,4,1,0,2,3,1,0,1,0,1,0,2,4,3,3,5,5,2,4,5,5,5,2,4,4,4,4,4,16,5,4,1,1,2,3,5,5,5,5,5,5,4,4,4,4,4,4,2,4,3,4,4,3,3,1,3,2,4,5,4,4,4,3,4,3,4,3,4,5,1,1,1,1,1,1,2,2,2,2,1,2,2,3,1,7,7,7,8,8,8,8,8,8,2,41,5,1,3,1,52,5500,1700,0,110104,교사 자격증 교육과정 운영의 기초 HRD 트렌드 운영체제 도입 프로그램 운영 학령 인구 감소,초등영어교육
30344,5,5,5,5,4,6,4,5,3,4,4,5,4,5,4,5,4,4,3,4,2,3,3,4,2,2,2,2,1,0,2,3,2,2,4,5,3,4,2,2,4,5,3,4,4,5,2,2,2,2,2,2,3,5,1,0,2,4,3,4,4,5,1,0,2,2,1,0,1,0,1,0,2,2,1,0,1,0,3,4,3,4,1,0,3,4,2,2,1,1,3,1,2,3,2,4,2,3,3,4,2,13,1,2,1,2,0,4,5,4,3,3,3,4,2,2,3,2,4,3,4,2,1,4,3,1,2,4,3,4,1,4,3,2,3,4,3,4,4,3,5,2,2,2,2,2,2,2,2,2,2,1,3,2,3,3,2,7,8,8,6,6,6,3,7,7,2,28,4,1,1,1,45,3400,2400,0,140501,교통기사 사람 직업 이기 때문,도시공학
30345,4,6,5,6,3,6,4,6,4,6,4,5,2,3,2,4,2,4,4,5,2,3,5,7,4,6,2,6,3,5,4,6,3,5,3,4,2,5,2,5,2,5,2,4,2,5,2,5,2,3,1,0,1,0,1,0,1,0,1,0,1,0,1,0,1,0,1,0,1,0,1,0,1,0,1,0,1,0,1,0,2,4,1,0,2,5,2,5,3,3,2,2,2,2,2,3,2,2,2,2,2,16,5,1,2,2,0,7,5,2,3,3,3,3,3,2,3,4,3,3,4,2,2,2,3,4,4,4,3,4,4,3,4,3,4,4,5,5,4,4,4,5,2,2,2,2,2,2,2,2,2,2,3,3,3,3,2,8,8,7,6,5,4,5,4,6,2,45,4,1,3,2,35,3700,2500,0,215105,변화,사학
30346,1,0,3,5,3,1,2,4,1,0,1,0,1,0,4,4,3,4,3,5,1,0,3,4,4,4,1,0,1,0,3,3,1,0,1,0,4,3,4,4,3,3,1,0,3,2,1,0,1,0,1,0,3,3,1,0,3,3,2,3,1,0,4,4,3,3,3,3,3,3,3,3,3,3,4,4,4,3,3,4,4,5,3,5,4,5,2,4,3,3,2,4,4,1,4,2,3,4,3,3,2,3,1,2,2,2,0,7,2,3,3,3,4,4,3,3,3,4,4,3,2,2,3,4,4,2,2,3,3,4,4,4,4,3,4,3,4,4,5,4,5,4,2,2,2,2,2,2,2,2,2,3,2,3,3,3,2,4,7,6,3,4,4,3,7,5,1,26,2,1,1,1,40,2592,2480,0,826101,대형화 자동화 인력,전기
30347,5,5,4,5,3,3,4,4,3,3,4,4,2,1,5,4,2,4,3,2,4,4,2,4,3,2,2,5,5,4,3,3,3,3,3,4,2,3,1,0,5,5,4,4,2,3,4,4,4,4,2,5,1,0,1,0,1,0,1,0,2,5,2,3,1,0,1,0,1,0,1,0,3,3,1,0,1,0,1,0,1,0,1,0,3,3,1,0,4,3,3,4,4,3,5,4,2,3,5,5,4,15,2,4,2,2,0,3,5,3,4,4,5,4,5,4,4,3,5,4,2,5,4,4,2,5,4,3,3,4,5,5,4,4,3,4,5,4,4,3,3,5,2,2,2,2,2,2,2,2,2,2,3,3,3,3,2,3,8,6,4,6,5,6,4,5,1,53,5,1,1,1,40,8500,8000,0,11102,정해진 보직 변화,정치외교
30348,3,3,3,4,2,2,2,2,3,3,4,3,1,0,2,4,2,5,1,0,3,4,3,3,2,5,4,4,2,4,2,4,1,0,2,4,3,3,3,5,3,4,4,3,3,3,4,5,4,6,4,4,2,4,1,0,4,4,1,0,1,0,2,4,3,2,2,4,1,0,1,0,3,3,3,4,3,4,3,3,2,4,2,4,3,3,4,3,3,2,1,3,3,1,3,3,2,2,3,2,3,9,1,1,1,2,0,1,1,3,3,2,2,2,2,2,9,9,3,3,2,3,3,3,4,4,2,2,4,4,4,3,2,3,2,2,3,4,3,2,4,5,2,2,2,2,2,2,2,2,2,1,4,3,3,3,2,6,7,8,6,6,7,6,4,5,1,57,1,2,5,1,60,0,0,3900,531301,조리사 자격증 맞벌이 가구 가구 증가 배달량 일자리,0
30349,5,6,4,5,3,5,4,4,4,5,4,5,4,5,4,5,4,5,3,4,4,5,4,4,4,4,5,5,3,4,3,4,2,4,3,3,3,4,4,5,5,5,4,5,5,6,4,5,4,5,4,5,5,5,5,6,4,5,4,5,4,5,4,5,3,4,5,6,3,4,4,5,4,5,2,2,3,4,3,4,2,2,3,4,5,5,4,3,5,3,3,3,4,3,4,4,3,4,4,4,4,3,1,3,2,2,0,5,5,4,4,3,4,4,3,3,4,4,4,4,2,4,4,4,4,5,3,4,3,4,3,5,4,3,3,3,3,5,4,2,5,5,2,2,2,2,2,2,2,2,2,2,4,3,3,3,2,3,3,1,4,2,1,3,1,4,1,43,5,1,1,1,45,6500,3300,0,155102,재생 에너지 보급 사용 증가,전기전자공학
30350,3,7,3,6,3,5,3,4,4,5,5,5,5,6,3,5,5,4,2,5,4,5,4,5,4,5,2,4,2,4,2,3,3,5,2,5,3,5,4,4,5,5,4,5,4,4,4,5,3,5,2,5,3,5,1,0,3,4,2,3,5,4,3,3,2,2,2,2,2,2,2,2,2,2,1,0,1,0,1,0,1,0,1,0,3,5,2,4,4,3,4,3,4,3,4,2,3,5,4,4,4,13,2,3,2,2,0,3,6,4,4,4,4,5,3,3,2,3,4,3,2,4,3,4,4,3,3,1,1,4,2,5,3,3,2,2,2,3,2,2,3,4,2,2,2,2,2,2,2,2,2,2,3,3,3,3,2,5,6,7,5,5,5,3,3,6,2,44,6,1,1,1,40,6000,3200,0,122101,생명과학 대한 연구 발전 인력 기술 발전 때문,바이오공학
30351,3,4,3,3,1,0,1,0,2,2,2,4,5,6,4,5,4,5,4,6,3,4,3,3,4,6,4,5,3,3,2,3,3,4,2,2,2,3,3,4,2,3,2,3,2,2,1,0,2,3,2,2,4,5,3,4,3,4,2,3,2,3,3,6,2,2,3,5,3,5,3,3,3,3,5,6,3,4,3,3,1,0,1,0,3,4,1,0,5,4,4,4,5,2,4,5,3,4,4,3,3,3,1,2,1,2,0,2,2,4,4,3,4,5,4,3,4,3,4,4,2,4,4,3,3,2,4,2,3,3,2,4,4,5,4,4,5,4,3,3,4,4,2,2,2,2,2,2,2,2,2,2,1,2,2,3,1,3,3,6,5,4,4,7,4,5,2,41,3,1,1,1,40,3000,2100,0,863101,한복기능사 예복 기능 의상 밀림,의상디자인
30352,3,3,3,4,2,2,3,4,2,2,1,0,1,0,1,0,2,3,2,3,1,0,1,0,1,0,2,2,3,4,2,3,2,2,1,0,3,4,2,2,4,4,3,4,2,3,1,0,2,2,3,3,2,2,2,2,4,3,2,3,1,0,2,2,2,4,3,4,3,4,4,5,1,0,2,2,2,2,2,2,3,3,2,2,4,5,2,3,4,3,2,4,3,2,3,4,2,1,4,4,4,3,1,3,1,2,0,6,2,4,3,3,4,4,3,3,2,3,4,3,2,4,3,5,4,3,3,2,4,1,4,4,2,1,1,2,2,5,3,2,4,4,2,2,2,2,2,2,2,2,2,2,2,3,3,3,2,8,7,8,3,2,4,8,3,2,1,55,2,1,1,1,48,4600,2500,0,824101,용접기능사 침체,공고
30353,5,6,4,4,2,4,5,6,4,6,2,3,4,4,3,4,3,4,2,3,2,3,5,5,2,3,4,4,5,5,4,5,5,6,4,5,2,3,5,5,4,5,5,5,4,5,4,5,5,5,4,4,2,3,2,2,2,3,1,0,4,4,2,3,1,0,1,0,1,0,1,0,3,4,1,0,3,3,4,4,1,0,2,3,4,3,2,3,5,4,4,3,4,2,2,3,3,4,4,3,4,7,1,3,2,2,0,6,4,4,3,3,3,4,3,4,4,4,4,4,2,3,3,3,3,4,4,3,2,4,3,4,4,4,4,3,4,4,2,3,4,5,2,2,2,2,2,2,2,2,2,3,1,2,2,2,1,9,7,3,3,3,1,2,3,7,1,36,4,1,1,1,40,4300,2600,0,15101,경기 악화,관광학
30354,4,4,4,4,2,3,3,3,3,3,3,4,2,3,4,4,3,4,3,4,4,4,2,3,3,4,4,5,2,3,2,3,3,4,4,4,2,3,4,5,5,4,4,5,2,3,2,3,4,4,2,3,4,4,5,5,4,5,5,4,3,3,4,4,4,5,5,5,5,5,4,5,2,3,4,4,4,5,3,4,2,4,2,2,4,3,2,3,4,3,2,4,3,3,4,3,4,4,3,3,4,3,1,2,1,2,0,5,4,3,2,2,3,3,2,5,4,5,5,5,3,3,4,3,4,4,3,2,3,4,5,3,4,5,5,4,4,3,4,4,5,2,2,2,2,2,2,1,2,2,2,1,3,2,2,3,1,8,7,5,3,6,5,3,4,5,1,37,3,1,1,1,48,3200,2300,0,153104,전기기능사 장비 도입 기계 대체 불가,전기
30355,5,5,4,5,3,4,4,5,3,4,3,4,4,3,2,3,3,4,4,4,3,3,2,3,4,4,2,3,2,3,2,3,2,4,2,4,2,3,4,4,4,4,2,3,3,3,2,3,3,3,2,3,3,3,2,3,3,4,3,4,3,4,3,4,4,4,4,3,4,4,3,3,3,4,5,3,3,4,4,4,4,4,1,0,4,4,2,3,4,4,4,3,3,2,4,2,3,3,4,4,4,14,1,3,1,2,0,6,2,4,2,3,3,3,2,3,2,4,5,4,3,3,4,2,3,4,3,4,3,4,4,4,4,3,2,2,3,3,2,2,3,3,2,2,2,2,2,2,2,1,1,1,2,2,2,2,2,8,7,8,8,7,7,3,4,5,1,59,2,1,1,1,52,6000,3700,0,705201,철도기술사 없다 유지 보수 정비 업무 강도 노동 요하 직업,기계
30356,4,5,4,5,4,4,4,6,1,0,2,4,2,4,1,0,4,6,1,0,1,0,1,0,4,5,1,0,4,4,3,5,1,0,1,0,1,0,1,0,1,0,1,0,1,0,1,0,1,0,1,0,1,0,1,0,1,0,1,0,1,0,1,0,1,0,1,0,1,0,1,0,1,0,1,0,1,0,1,0,1,0,1,0,1,0,5,6,4,4,5,4,4,4,3,4,3,4,3,3,3,19,3,2,1,2,0,7,5,3,4,3,4,4,4,4,4,4,4,4,2,4,4,3,3,2,4,3,3,3,4,4,4,4,3,3,4,3,2,2,4,3,2,2,2,2,2,2,2,2,2,1,1,2,2,2,1,7,6,4,4,4,4,6,3,4,2,30,4,1,1,1,40,2600,2000,0,411202,통역사자격증 침체 코로나 영향,사회복지
30357,2,3,2,2,2,3,2,3,3,4,3,4,2,4,2,3,3,4,2,3,3,3,2,3,3,4,2,4,3,4,3,3,2,4,2,4,3,4,3,3,4,4,3,3,3,3,3,4,3,3,2,4,4,5,3,4,4,5,4,5,2,3,3,4,4,4,2,4,4,5,4,5,2,3,5,6,4,4,4,4,4,6,2,4,3,5,2,3,3,1,4,4,3,1,3,2,2,3,2,1,2,13,1,2,1,2,0,1,2,3,3,2,4,4,3,4,3,3,4,3,2,3,2,3,5,4,4,5,4,4,4,4,3,4,4,5,3,5,3,3,4,4,2,1,1,2,2,1,2,2,2,2,4,2,2,3,2,6,2,3,3,3,4,3,2,4,1,30,2,1,1,1,45,3120,3000,0,817201,기계조립기능사 기계 도입 재교육 필요 자동차 제조업 지속 성장,공고
30358,1,0,1,0,1,0,1,0,1,0,1,0,1,0,1,0,1,0,1,0,1,0,1,0,1,0,1,0,1,0,1,0,1,0,1,0,1,0,1,0,1,0,1,0,1,0,1,0,1,0,1,0,1,0,1,0,1,0,1,0,1,0,1,0,1,0,1,0,1,0,1,0,1,0,1,0,1,0,1,0,1,0,1,0,1,0,1,0,3,4,3,3,3,3,3,4,3,4,4,3,3,18,1,2,1,1,3,5,4,3,4,3,4,4,4,3,4,3,3,4,1,4,4,3,4,3,3,4,3,3,3,3,4,3,3,4,3,3,4,2,3,3,2,2,2,2,2,2,2,2,2,3,3,2,2,2,1,3,7,6,3,8,8,4,4,7,1,34,4,1,1,1,45,4000,3000,0,414102,조작가 도시환경 디자인 기능 조형물 디자인교육 상황 유지,미술학
30359,4,5,4,5,3,5,4,5,3,5,3,5,3,5,3,5,4,5,3,5,3,5,3,5,3,5,4,6,4,5,3,6,4,5,4,5,3,3,4,5,3,5,3,5,4,3,4,5,3,4,4,5,3,5,3,5,2,4,2,3,4,4,3,3,3,4,2,3,2,3,2,3,4,4,3,4,3,3,3,4,3,4,3,4,3,5,3,5,4,4,4,3,3,4,4,4,3,3,3,4,4,11,1,6,1,1,5,5,2,4,2,2,4,3,4,3,3,4,4,3,3,2,3,4,4,2,3,2,4,4,3,3,4,3,3,4,4,4,4,4,4,2,2,2,2,2,2,2,2,2,2,3,2,2,2,2,1,3,3,3,2,2,2,2,2,2,1,62,4,2,5,1,40,0,0,3000,33201,보험설계사 업무관련교육 사내교육 홈페이지 가입 시스템 전산 감소,경제학
30360,2,2,3,4,2,3,2,2,2,2,2,2,2,2,3,3,3,3,3,3,2,3,2,2,3,4,2,2,3,4,3,3,2,3,2,3,2,2,2,2,3,4,3,4,2,2,3,4,4,5,2,2,2,2,1,0,3,4,2,2,1,0,3,3,2,2,2,3,2,3,3,3,1,0,3,3,3,4,2,2,4,5,4,5,4,5,4,6,5,3,5,1,2,1,4,4,2,2,2,3,4,1,4,1,2,2,0,7,2,2,2,2,4,2,2,2,9,9,9,2,2,4,4,4,5,4,5,3,4,3,3,4,4,5,4,4,5,4,4,4,5,4,2,2,2,2,2,2,2,2,2,1,1,3,3,3,2,9,8,8,2,2,3,8,2,2,1,62,2,2,6,1,40,0,0,2200,902201,요즘 청년 축산 계통,인문계 문
30361,4,4,3,3,1,0,3,3,3,4,3,3,3,3,2,2,3,3,2,2,3,3,2,2,3,3,3,3,1,0,1,0,1,0,2,2,2,2,3,3,3,2,3,3,3,3,2,2,2,2,2,2,3,3,3,3,2,2,3,3,2,2,3,3,3,3,3,3,2,2,3,3,3,3,2,2,2,2,3,4,2,2,1,0,2,2,1,0,3,4,3,3,4,3,3,4,3,4,3,3,3,13,1,2,1,1,3,3,5,3,3,3,4,4,3,4,4,3,3,3,3,3,3,4,3,3,3,4,3,3,3,4,4,3,3,3,4,4,3,3,3,2,1,1,1,2,2,2,2,2,2,3,4,2,2,2,1,5,4,6,6,6,5,5,5,6,1,55,4,1,1,1,48,4500,2000,0,153202,반도체설계사 실무 실습 반도체 기술 다양 수요 필요,반도체공학
30362,2,2,3,3,2,2,3,3,2,2,4,3,3,3,4,4,3,3,3,3,4,4,2,2,3,4,4,3,3,1,3,3,1,0,1,0,1,0,4,4,2,2,3,3,2,1,1,0,3,3,2,2,3,2,3,4,2,2,2,3,3,3,4,3,3,2,3,4,4,3,3,3,3,2,4,3,3,2,3,3,3,3,2,3,4,4,2,3,3,2,3,4,4,2,3,3,2,2,3,2,4,3,1,2,2,1,1,2,1,2,2,2,4,3,3,4,3,3,4,4,4,3,4,4,3,2,4,3,3,3,4,4,2,2,2,3,3,2,4,4,3,3,2,2,2,2,2,2,2,2,2,3,1,2,2,2,1,8,8,8,5,5,5,8,8,5,1,28,2,1,1,1,40,3000,2400,0,885902,직무 교육 기계 전산 화로 인간 업무,문과
30363,5,6,4,5,5,5,4,5,4,5,5,6,4,5,4,5,5,5,3,5,4,5,4,6,4,6,4,6,3,4,4,5,4,5,3,5,5,6,4,5,4,6,4,5,4,4,3,5,3,4,4,4,3,4,3,4,2,3,3,3,3,4,3,5,3,4,3,3,3,4,3,4,4,4,3,4,3,4,4,5,4,5,3,5,4,3,3,4,4,3,4,4,4,4,4,4,3,4,4,5,5,13,5,2,2,2,0,6,5,4,3,3,4,3,4,5,4,4,4,5,1,4,3,5,4,3,3,1,4,3,4,4,3,3,4,4,3,3,4,4,5,4,2,2,2,2,2,2,2,2,2,1,3,3,3,3,2,6,5,5,4,5,5,6,6,5,1,56,6,1,1,1,40,8000,3500,0,13101,상태 유지,심리학
30364,4,4,3,4,3,5,3,3,3,4,4,5,3,3,2,3,3,4,3,4,4,4,3,4,3,5,3,3,3,4,3,3,3,3,3,4,3,3,3,4,3,3,3,4,3,3,3,5,3,4,3,5,3,3,3,3,3,4,2,4,3,3,3,3,3,4,3,3,3,4,4,4,3,4,3,3,3,3,3,4,4,4,3,3,3,4,2,4,4,4,5,4,4,4,4,3,4,4,3,3,4,3,1,2,2,2,0,3,4,3,4,4,4,4,4,4,5,5,4,4,3,4,4,3,4,4,3,4,4,4,4,3,4,4,3,4,4,3,4,4,4,3,2,2,2,2,2,2,2,2,2,1,4,3,3,3,2,3,6,5,3,4,5,7,4,5,2,33,3,1,1,1,40,2600,2400,0,415202,맞춤 제품 선호,산업디자인학
30365,4,5,4,5,4,5,4,5,4,5,1,0,4,5,4,6,4,5,2,2,3,4,2,2,4,4,3,5,4,5,3,4,1,0,4,4,4,6,2,3,3,4,2,2,2,2,4,5,4,5,3,5,3,4,2,2,1,0,1,0,1,0,1,0,4,5,3,4,3,4,3,4,4,5,2,2,3,4,2,3,1,0,1,0,3,3,3,3,3,2,3,2,4,4,2,2,2,4,3,3,3,10,1,4,2,2,0,7,4,4,3,3,4,3,3,2,2,2,3,3,2,4,4,2,2,2,3,1,3,4,3,4,4,4,3,3,2,3,2,3,3,3,2,2,2,2,2,2,2,2,2,2,5,3,3,3,2,7,7,7,5,5,5,5,5,5,1,38,4,1,1,1,52,4500,2200,0,415502,스마트 기기 사용 보편화 게임 유저 수가 연령 성별 불문 증가,소프트웨어공학
30366,3,5,3,4,3,4,3,4,3,4,3,5,4,5,4,5,4,5,4,5,4,5,4,5,4,5,4,5,4,5,4,5,4,6,4,6,4,5,4,5,4,5,4,5,4,5,4,5,4,5,4,5,4,5,4,6,4,6,4,5,4,5,4,5,4,5,4,5,4,5,4,5,4,5,4,5,4,5,4,5,4,5,4,5,4,5,4,5,4,3,4,3,4,2,2,5,2,2,2,1,1,17,1,1,1,2,0,3,3,2,2,1,3,1,1,2,2,2,2,2,4,1,1,4,3,1,3,3,3,5,2,4,2,3,3,2,3,4,3,4,5,2,2,2,2,2,2,2,2,2,2,4,2,3,2,2,2,7,7,7,7,7,7,5,5,5,2,28,3,1,1,1,45,2400,2000,0,301004,간호조무사 의료 전산 화로 대체,간호학
30367,2,2,2,3,1,0,4,5,1,0,4,5,1,0,4,5,2,2,3,4,4,5,3,4,4,5,3,4,3,4,4,5,3,4,3,4,4,5,3,4,4,5,3,4,3,4,1,0,1,0,1,0,1,0,1,0,2,2,3,4,1,0,1,0,3,4,2,3,3,4,2,2,1,0,1,0,4,5,4,5,3,4,4,5,3,4,4,5,3,4,2,4,5,2,4,4,3,3,2,4,2,17,2,2,1,1,2,2,5,3,4,4,4,3,3,4,4,3,3,4,2,3,3,4,3,3,3,4,4,4,4,3,4,3,2,2,3,4,4,3,3,2,2,2,2,2,2,2,2,2,2,1,4,3,3,3,2,4,4,4,2,2,2,4,4,3,1,36,4,1,1,1,40,3200,1900,0,307101,응급구조사 응급처치 교육 안정 직업,응급구조학
30368,4,4,3,3,2,2,3,3,3,3,3,4,1,0,2,2,2,2,2,2,3,3,3,3,3,3,3,3,3,3,3,3,1,0,3,3,2,2,3,3,3,3,3,3,3,4,2,2,2,2,1,0,3,3,2,2,1,0,2,2,1,0,2,2,2,2,2,2,3,3,2,2,3,3,3,3,2,2,3,3,1,0,2,2,3,3,1,0,4,4,2,4,4,3,4,3,3,4,4,4,3,17,1,2,1,1,4,4,5,3,4,3,4,4,3,4,3,3,4,4,4,3,3,3,3,3,4,3,4,3,3,3,4,4,3,4,3,3,3,4,4,4,2,2,2,2,2,2,2,2,2,2,4,1,2,2,1,6,5,5,5,6,6,5,6,5,1,45,4,1,1,1,50,10000,8000,0,301110,의사 전공의 실무경험 질병 노출 환경 문제,의학
30369,3,3,3,4,3,4,4,5,3,4,4,4,3,5,4,4,4,4,3,4,4,5,3,5,3,5,4,4,5,4,5,5,3,5,4,4,3,4,4,4,3,4,3,4,3,4,1,0,1,0,1,0,1,0,1,0,1,0,1,0,4,5,1,0,1,0,1,0,1,0,1,0,1,0,1,0,1,0,1,0,1,0,1,0,4,4,3,4,3,3,3,2,3,3,3,3,2,3,2,4,3,17,1,2,1,1,1,4,2,3,3,3,3,4,3,3,2,2,4,3,3,2,3,4,3,3,4,2,3,3,2,5,3,2,3,2,3,4,3,4,5,4,2,2,2,2,2,2,2,2,2,1,4,1,1,3,1,9,8,8,9,8,7,8,8,7,2,23,3,1,1,1,46,2400,2300,0,29202,의료코디네이터 교육 인구 고령화 환자 증가,치위생학
30370,3,4,3,5,4,4,2,5,3,5,5,5,3,4,4,5,2,4,2,5,4,4,4,5,4,5,3,4,3,4,2,4,2,5,2,4,3,4,2,3,3,4,3,5,2,4,2,4,2,4,2,5,5,5,4,5,5,4,3,4,3,4,4,5,3,4,4,5,3,4,3,4,3,4,2,3,2,4,1,0,2,5,2,3,2,3,1,0,4,3,3,4,4,3,3,4,4,4,3,4,4,13,1,3,2,1,3,5,5,4,4,3,4,4,4,3,4,4,4,4,2,2,2,5,3,3,3,1,2,2,5,5,3,3,3,2,4,3,3,4,4,4,2,2,2,2,2,2,2,2,2,2,2,3,3,3,1,3,4,5,5,4,4,6,6,7,1,38,4,1,1,1,42,5000,3600,0,152101,실무에 필요한 교육을 받는다 해외 생산 확대,물리학
30371,3,4,3,4,5,7,3,4,2,2,3,4,3,4,2,2,2,2,4,5,1,0,4,6,4,5,3,4,2,2,3,4,2,2,3,4,1,0,3,4,3,4,4,6,3,4,2,2,1,0,3,4,1,0,1,0,1,0,1,0,3,4,1,0,1,0,1,0,1,0,1,0,3,4,1,0,1,0,2,4,2,2,2,4,3,4,3,4,5,4,3,3,3,2,4,3,3,3,2,4,3,15,2,2,1,1,2,2,5,4,4,3,4,4,3,4,9,9,4,3,2,3,3,4,4,4,2,1,4,2,4,4,3,3,3,4,4,4,4,2,3,3,2,2,2,2,2,2,2,2,2,2,4,3,3,3,2,3,8,3,8,4,7,4,8,3,1,48,4,1,1,1,48,4500,3800,0,23401,감정평가사 실무경험 도시 계획 평가 전문성 일이,부동산학
30372,3,3,4,5,1,0,3,3,3,4,1,0,1,0,3,4,3,3,1,0,1,0,3,4,4,5,3,4,3,3,3,4,4,5,3,4,3,3,4,5,3,4,3,4,4,5,3,3,3,4,3,3,4,5,3,4,3,3,3,4,1,0,4,5,4,5,3,3,3,4,4,5,3,3,4,5,3,4,3,3,4,5,3,4,3,3,3,3,4,5,3,4,3,5,4,5,3,4,4,3,3,13,1,4,1,2,0,5,3,2,3,3,5,5,2,4,3,3,2,3,3,2,4,4,5,3,3,4,5,3,3,5,4,4,3,3,3,5,5,3,4,2,2,2,2,2,2,2,2,2,2,1,3,3,2,3,1,7,7,6,6,4,5,3,2,5,1,48,4,1,1,1,48,3690,2750,0,812401,자동차 차체수리사 자동차정비사 대체 요소,제어기계
30373,2,4,3,4,3,4,3,4,2,3,3,4,3,4,3,4,3,4,3,4,3,3,4,5,3,5,3,3,3,4,3,4,4,5,4,5,4,5,3,4,3,4,4,5,4,5,3,2,3,4,4,5,3,3,3,4,3,4,4,4,4,5,3,3,3,3,3,3,3,3,3,3,2,2,2,3,2,3,3,4,2,2,3,4,2,2,2,2,3,4,3,3,4,3,2,2,4,4,3,3,4,16,5,3,1,1,2,2,3,3,1,1,4,3,4,2,9,4,4,4,3,3,4,4,3,2,4,3,4,4,3,4,3,4,4,4,4,4,3,3,3,3,1,1,1,1,1,1,2,2,2,2,2,3,3,3,1,5,4,3,3,3,4,3,2,3,2,56,4,1,1,1,40,2400,2100,0,214301,컴퓨터활용능력 워드프로세서 기안작성 컴퓨터 프로그램 사양 발전 변화 자동 메뉴얼 무량 감소,기계
30374,3,3,4,4,2,2,2,2,3,3,2,2,1,0,3,3,4,4,1,0,2,2,3,4,5,5,1,0,1,0,2,5,1,0,1,0,4,3,1,0,2,3,1,0,1,0,1,0,3,3,1,0,3,3,3,4,5,5,4,5,1,0,2,3,4,4,4,3,2,3,3,3,1,0,4,5,5,5,2,2,4,5,4,4,2,2,2,2,3,2,1,3,2,1,3,2,4,3,2,2,2,3,1,3,2,2,0,6,2,3,2,2,3,4,3,3,1,2,3,3,3,3,3,3,4,3,4,3,3,3,3,3,4,3,5,4,3,2,3,4,5,4,2,2,2,2,2,2,2,2,2,2,3,3,3,3,2,8,8,7,8,5,5,8,3,1,1,32,2,1,1,1,40,2800,2300,0,822101,정밀 조작,금속
30375,3,5,4,6,4,5,3,5,2,3,3,5,5,6,3,6,4,6,3,6,3,6,3,6,4,6,4,6,4,5,3,5,3,6,4,6,4,6,3,5,3,6,3,6,4,6,4,5,5,6,4,5,3,5,3,4,2,3,2,3,4,6,4,6,2,3,2,3,2,3,2,3,3,5,3,5,3,5,2,3,4,5,2,3,2,4,1,0,4,4,4,3,4,4,4,4,4,5,5,5,4,18,1,3,2,2,0,4,4,4,3,3,4,5,4,3,4,3,4,4,4,3,3,4,3,2,3,2,3,4,4,4,4,4,2,2,3,3,3,2,4,4,2,2,2,2,2,2,2,2,2,2,3,2,2,2,1,8,7,6,4,3,4,6,6,5,1,37,4,1,1,1,48,3600,2500,0,24404,론칭쇼 위해 전문 행사 기획 업체 의뢰,경영학
30376,2,5,2,3,2,4,3,5,3,4,3,3,4,4,4,4,2,3,3,3,4,5,4,4,2,4,3,3,4,3,4,3,2,2,2,2,4,5,3,4,3,4,3,4,4,5,4,5,3,4,4,5,4,5,4,5,3,5,4,5,4,5,2,3,3,5,4,3,4,5,3,4,4,5,4,5,4,5,3,4,2,3,2,3,3,4,3,4,4,4,5,3,4,4,2,4,3,2,2,4,4,16,5,3,1,1,2,5,5,4,2,2,3,3,3,2,2,3,4,3,2,3,3,5,5,2,5,1,5,3,4,3,4,4,3,4,4,4,4,3,2,4,2,1,1,2,1,1,2,1,1,2,2,1,1,2,1,9,7,7,4,4,3,3,7,7,1,54,5,1,3,2,42,2500,2200,0,214301,정보처리기능사 교원자격증 강사의 교수법 인성교육 기계 장비 개발 소개 활용 방법 안내 강의 때문 강의 일부분 영상 인공 지능 대체 가능,석사
30377,2,2,2,3,2,2,1,0,2,2,3,3,4,3,3,4,2,2,3,1,2,3,1,0,3,3,3,4,2,2,3,3,2,2,1,0,3,3,3,3,2,3,1,0,2,2,2,3,3,3,1,0,3,4,2,3,3,3,4,5,1,0,2,4,3,2,2,2,3,5,3,3,2,4,4,5,2,3,3,3,3,4,4,5,3,5,2,2,3,2,3,4,3,2,3,3,2,2,3,2,3,6,1,2,1,1,1,2,2,3,2,4,4,4,4,4,4,3,3,3,3,2,2,4,3,3,3,2,2,2,4,3,3,2,2,2,4,4,3,3,4,4,2,2,2,2,2,2,2,2,2,2,2,2,2,2,1,7,7,6,5,4,4,7,9,9,1,52,2,1,3,2,52,4600,3500,0,702101,미장기능사 안전교육 건설 경기 위축,문과
30378,4,6,4,6,2,2,4,6,4,6,4,6,4,6,4,6,4,6,4,6,1,0,5,6,4,6,4,6,4,6,4,6,4,6,1,0,4,6,4,5,4,6,4,6,4,6,4,6,1,0,4,6,4,5,1,0,4,6,1,0,4,6,1,0,1,0,1,0,1,0,2,2,4,6,4,6,4,6,4,6,4,6,3,3,5,6,3,4,4,4,3,4,4,4,5,4,4,5,4,4,4,17,1,2,1,1,6,6,5,5,5,5,5,5,4,5,9,9,5,5,1,5,5,4,4,5,4,3,4,4,2,4,4,5,4,4,4,3,4,4,4,3,2,2,2,2,2,2,2,2,2,1,4,2,2,2,1,7,8,7,3,2,2,7,3,2,1,45,5,2,5,1,50,0,0,24000,301105,이비인후과전문의 인턴과정 이비인후과 전문의 수련 과정 의료 관심 증가,의학
30379,3,4,3,4,2,2,2,2,4,6,4,5,5,7,4,5,4,5,3,4,3,4,3,4,3,4,3,4,1,0,1,0,1,0,1,0,2,2,2,3,4,5,3,4,1,0,1,0,1,0,1,0,5,6,5,7,4,5,4,6,5,6,3,4,1,0,2,3,1,0,1,0,1,0,2,3,2,2,3,4,2,2,1,0,4,5,1,0,5,4,4,3,3,3,4,3,3,5,4,3,4,13,1,2,2,2,0,7,5,4,4,4,4,4,2,4,5,4,4,4,3,4,3,4,4,2,3,3,3,4,4,4,4,4,4,4,3,5,4,3,5,3,2,2,2,2,2,2,2,2,2,1,3,3,3,3,2,2,1,2,2,2,7,8,8,7,1,43,4,1,1,1,45,5200,3100,0,159103,변화,시각디자인
30380,4,5,4,5,3,5,4,5,4,4,4,5,3,5,2,5,4,3,4,5,4,5,4,5,4,5,4,5,4,5,4,5,4,5,4,5,3,4,4,5,4,5,3,4,4,4,3,4,3,4,3,4,3,3,2,3,2,3,2,2,3,3,2,3,2,2,3,3,3,3,3,4,2,3,1,0,1,0,1,0,2,3,2,3,3,5,3,3,4,4,4,3,3,3,3,2,4,3,3,3,4,17,1,2,1,2,0,2,3,3,3,3,4,3,3,4,9,3,3,4,3,3,3,4,3,3,4,2,3,5,3,4,4,4,4,3,4,4,3,4,4,3,2,2,2,2,2,2,2,2,2,1,3,3,3,2,2,3,3,3,3,3,3,2,2,2,2,47,2,1,1,1,41,4000,2000,0,307501,간호조무사,문과
30381,4,5,3,4,3,4,2,3,4,5,3,4,2,3,3,4,3,4,5,7,4,5,3,4,3,4,2,3,2,2,2,3,2,2,2,2,3,4,2,3,3,4,4,5,4,5,4,5,4,5,3,4,5,7,5,7,5,7,5,7,3,4,4,5,4,6,3,4,3,4,3,4,4,6,3,4,4,5,4,5,4,5,4,5,4,5,3,5,4,4,4,3,4,4,4,4,3,4,4,3,3,6,1,2,1,2,0,5,5,4,4,5,4,4,4,3,4,4,4,4,2,4,5,3,3,3,2,4,4,5,2,5,5,5,4,4,4,5,4,4,5,4,2,2,2,2,2,2,2,2,2,2,3,2,2,2,1,2,2,2,7,3,2,1,1,2,1,35,4,1,1,1,40,3400,3200,0,140207,건축기사 건축산업기사 건설기계산업기사 기술사 경향,"건축,설비공학"
30382,1,0,3,4,1,0,3,4,4,4,1,0,1,0,3,5,3,4,4,4,4,4,4,5,4,4,4,4,4,4,4,4,1,0,1,0,1,0,4,4,1,0,4,5,3,5,3,5,4,5,3,5,4,5,4,4,4,5,3,5,4,5,3,4,4,5,4,4,4,4,4,5,4,5,3,4,4,5,4,4,4,4,4,4,4,5,3,5,4,5,4,3,4,4,4,3,4,3,5,4,4,5,1,2,2,2,0,3,2,3,3,4,3,4,3,4,3,3,4,4,4,4,3,5,4,3,4,4,3,3,3,4,4,5,4,3,4,4,3,4,4,4,1,1,2,2,2,2,1,2,2,1,3,2,2,2,1,3,6,7,5,5,6,7,3,4,1,45,2,1,1,1,40,4500,3000,0,853101,코로나 일자리 유지 예상,실업
30383,4,5,4,6,3,4,5,7,2,3,3,4,2,3,2,3,4,5,4,5,3,4,4,5,3,4,4,5,3,4,4,5,3,4,2,2,4,5,3,4,3,4,2,3,2,3,1,0,1,0,1,0,1,0,1,0,1,0,1,0,2,2,1,0,1,0,1,0,1,0,1,0,1,0,1,0,1,0,1,0,3,4,4,5,4,5,4,5,4,4,3,3,4,3,3,4,3,3,3,3,4,16,5,2,2,2,0,5,2,4,4,4,4,4,4,3,3,3,3,3,2,4,4,3,2,3,2,5,4,5,2,5,4,4,5,4,4,5,4,4,5,4,2,2,2,2,2,2,2,2,2,2,3,2,2,2,1,6,3,4,2,3,4,4,3,2,2,50,2,1,1,1,40,3500,1800,0,521303,코로나 행업 불황,문과
30384,2,3,2,3,2,3,3,4,1,0,2,3,1,0,2,4,2,3,1,0,3,4,2,3,4,5,2,4,1,0,1,0,2,3,2,3,3,5,3,5,2,3,3,5,2,4,2,4,3,4,3,4,2,3,2,4,2,4,2,3,3,4,1,0,2,3,1,0,1,0,1,0,2,4,3,5,3,5,2,3,1,0,1,0,3,5,3,5,5,5,4,4,4,4,4,4,5,5,4,5,4,17,1,2,1,2,0,6,5,4,5,5,5,5,5,5,9,9,5,5,1,5,4,4,4,3,3,2,4,5,4,5,4,4,5,4,3,4,4,2,5,5,2,2,2,2,2,2,2,2,2,2,5,2,2,2,2,5,4,3,2,1,4,8,6,3,2,33,3,1,1,1,40,3200,2400,0,302001,수의사 면허 핸들러 자격증 반려 동물 수요 투자 일자리 증가,중국어
30385,3,5,4,5,4,5,3,5,4,5,4,5,4,5,4,5,4,5,4,5,4,5,4,5,4,5,4,5,4,5,3,5,4,5,4,5,4,5,4,5,4,5,4,5,4,5,4,5,3,4,3,5,4,5,4,5,4,4,4,5,3,4,4,5,3,4,4,5,4,6,4,5,3,4,4,5,4,5,3,5,3,4,4,5,3,4,3,4,4,4,3,4,3,4,4,4,4,3,4,4,4,16,5,5,2,2,0,3,5,4,3,3,3,4,3,4,5,4,5,5,4,4,4,4,3,4,4,3,3,4,3,3,3,4,4,3,4,4,3,4,4,4,2,2,2,2,2,2,2,2,2,2,4,3,3,3,2,6,7,5,6,6,6,6,5,5,2,45,4,1,3,2,43,4900,2700,0,215105,사이버 대학 러닝 수업 증가,국어국문학
30386,3,5,4,5,4,5,4,5,3,4,4,5,1,0,4,5,5,4,1,0,1,0,4,5,3,4,4,4,3,4,4,5,2,3,1,0,4,6,3,4,3,4,4,5,3,4,1,0,2,3,1,0,1,0,1,0,1,0,1,0,4,5,3,4,1,0,1,0,1,0,1,0,1,0,1,0,1,0,1,0,1,0,2,3,2,4,2,3,2,5,3,3,5,3,4,3,4,3,5,5,5,16,5,3,1,2,0,7,5,4,4,4,4,4,4,4,3,3,4,3,2,4,4,4,5,4,5,4,3,1,2,5,4,4,4,5,4,5,4,3,5,4,2,2,2,2,2,2,2,2,2,1,2,1,3,3,1,6,4,3,3,4,3,6,4,6,2,43,4,1,1,1,48,5200,2400,0,212201,초등정교사 자격증 출생 감소 학생 수가,교육학
30387,2,2,2,2,1,0,3,4,3,4,2,2,1,0,3,4,4,5,3,5,2,2,2,3,2,3,2,2,3,4,4,5,3,4,2,3,1,0,4,5,3,4,3,4,4,6,2,4,1,0,2,3,1,0,1,0,1,0,1,0,1,0,2,2,4,5,3,4,3,4,2,3,2,3,3,4,4,6,4,5,3,4,3,4,3,4,4,5,3,3,3,2,1,1,2,4,3,2,2,2,3,9,4,1,1,2,0,1,1,2,2,2,3,2,2,2,1,2,3,2,2,3,4,4,4,4,3,4,3,3,2,5,3,4,2,3,4,4,3,3,4,4,2,2,2,2,2,2,2,2,2,1,4,3,1,1,2,7,8,6,7,4,2,7,4,3,1,37,2,1,4,1,55,2600,1900,0,532401,오토바이 운전면허 추구 현대 때문,인문계
30388,4,6,3,3,4,5,3,5,4,6,4,6,4,6,4,6,4,5,4,5,4,5,4,5,4,5,3,5,4,5,3,5,3,5,4,5,3,5,3,5,4,5,4,5,4,5,3,5,3,5,3,5,3,4,4,5,4,6,4,5,4,6,4,5,4,5,4,5,4,6,4,6,4,6,4,4,4,5,3,5,4,6,4,5,3,3,4,5,4,4,5,3,4,3,4,4,3,4,3,3,4,3,1,3,1,2,0,4,5,5,4,4,5,4,4,3,3,3,4,3,2,4,4,4,3,5,4,3,4,4,3,3,4,5,3,4,4,5,4,3,4,2,2,2,2,2,2,2,2,2,2,2,4,3,3,3,2,7,5,6,3,4,6,5,6,6,1,50,4,1,1,1,40,5400,4500,0,131101,정보통신기사 정보통신산업 로봇산업 발달 발전,컴퓨터공학
30389,3,4,3,4,2,2,3,4,3,4,2,2,3,4,2,2,3,4,3,4,2,2,1,0,3,4,3,4,1,0,3,4,2,2,2,2,1,0,3,4,3,4,4,6,3,4,1,0,3,4,2,2,3,4,3,4,3,4,4,5,3,4,3,4,3,4,3,4,3,4,3,4,1,0,3,4,3,4,3,4,3,4,3,4,3,4,3,4,5,4,2,3,2,2,4,4,2,3,2,4,3,3,4,1,1,2,0,1,2,4,2,1,4,4,2,3,9,9,4,4,2,3,3,4,4,4,2,1,4,2,4,4,4,4,3,3,4,5,4,3,4,3,2,1,2,1,2,2,2,2,2,1,2,2,2,2,1,3,4,3,5,2,8,2,8,7,1,58,1,2,6,1,40,0,0,5000,885201,옥외광고 자격증 컴퓨터 프로그램 도입 사람 일이 줄어듬 컴퓨터 발달 사람 일이,0
30390,2,4,2,3,3,4,2,4,3,6,3,5,2,3,2,3,2,3,2,4,2,4,3,5,2,4,2,3,2,4,2,2,2,2,2,3,2,4,2,3,3,6,2,4,2,3,2,2,3,5,3,4,3,5,3,6,3,6,3,5,3,5,3,5,3,4,3,5,3,5,3,5,2,4,2,3,2,3,2,2,2,2,2,2,2,2,2,2,2,3,4,3,2,2,3,3,4,3,2,3,2,3,1,6,2,2,0,5,5,4,4,4,3,4,4,4,3,4,4,4,2,3,3,4,2,1,2,3,4,4,3,4,3,4,3,4,4,3,3,3,4,4,2,2,1,1,2,1,1,2,2,3,4,3,3,3,2,7,7,5,4,4,5,4,6,6,2,35,4,1,1,1,40,4100,3500,0,153202,장비 도입 교육 국내 시설 증축,전자공학
30391,2,2,2,2,3,3,3,3,3,4,2,2,2,2,4,5,4,4,4,5,3,3,4,5,5,6,4,4,3,3,3,3,3,2,4,4,3,3,4,4,4,4,2,2,1,0,1,0,2,2,3,3,3,3,4,5,4,5,5,5,4,4,4,5,4,5,3,3,4,4,5,6,4,4,2,2,3,3,4,4,1,0,3,4,3,3,2,3,4,3,2,4,3,2,4,3,2,3,3,2,2,3,1,2,2,2,0,7,3,4,4,3,3,4,4,4,9,4,4,4,3,4,4,4,4,5,4,3,4,4,4,4,4,5,4,4,4,5,4,3,4,3,2,2,1,2,1,2,2,2,2,1,3,3,3,3,1,8,9,7,8,2,3,8,8,2,1,54,2,1,1,1,58,3850,2200,0,873201,기계 장비 훈련 사람 장비 조작 변화,상고
30392,2,2,1,0,1,0,1,0,1,0,1,0,2,2,3,4,3,4,3,3,1,0,1,0,3,4,4,5,3,4,1,0,1,0,1,0,3,3,1,0,3,4,1,0,3,4,2,2,2,2,2,2,1,0,3,4,2,2,1,0,3,3,1,0,3,4,4,5,4,5,3,4,1,0,2,3,1,0,1,0,1,0,1,0,2,3,2,2,3,3,4,3,4,4,3,4,3,4,4,3,2,10,1,4,2,2,0,5,4,3,2,2,3,3,4,3,3,3,3,3,4,3,3,4,2,2,3,2,3,3,4,4,3,3,3,3,3,3,2,3,3,3,2,1,2,2,2,2,2,2,2,1,3,3,3,3,1,7,4,7,2,5,8,5,5,5,1,32,3,1,1,1,48,3800,2300,0,135001,문제 탐색 분석 종합 솔루션 프로그램 도입 업계 발전 가능성,컴퓨터
30393,4,6,5,3,4,3,4,3,4,4,5,3,5,5,4,3,3,5,4,4,4,5,5,4,4,5,4,3,4,4,5,4,4,4,4,5,5,4,5,5,3,5,4,3,4,4,4,4,4,4,4,3,4,4,5,4,4,4,4,5,3,5,2,5,4,4,3,5,3,5,3,4,3,4,1,0,2,4,3,3,3,5,3,4,4,4,2,4,4,4,2,3,3,2,3,4,2,4,3,2,2,18,1,3,2,1,2,2,2,4,1,2,3,4,2,3,4,4,4,4,2,4,3,5,4,4,2,2,4,5,2,4,4,3,3,2,4,5,4,4,4,5,2,2,1,1,2,2,1,2,2,2,2,3,2,2,1,7,8,9,7,8,8,9,6,2,1,51,4,1,1,1,45,4800,2500,0,24404,고객 요구의 다양함에 빠른 대처 요령 직원 실직 인적 때문,관광
30394,3,3,3,4,2,1,3,4,2,2,1,0,2,2,2,1,2,3,1,0,1,0,2,3,3,4,4,5,2,3,3,4,2,2,2,3,1,0,3,4,3,4,3,4,3,3,3,4,3,4,1,0,3,3,1,0,1,0,1,0,1,0,3,3,1,0,1,0,1,0,1,0,1,0,3,4,3,4,2,2,3,3,3,4,2,2,2,1,3,3,4,2,3,3,4,4,2,2,2,2,4,9,4,1,1,2,0,3,2,4,3,3,4,3,2,3,9,9,9,3,2,3,2,2,3,4,3,2,3,4,4,3,2,3,4,3,2,4,3,2,3,3,2,2,2,2,2,2,2,2,2,1,3,2,2,2,1,7,7,5,4,3,5,4,6,6,2,53,2,2,6,1,40,0,0,3100,531201,한식조리기능사,문과
30395,3,3,4,4,1,0,2,3,1,0,3,3,1,0,3,4,4,5,1,0,2,3,3,3,2,3,1,0,1,0,2,3,1,0,1,0,2,3,1,0,3,4,2,3,1,0,1,0,3,4,1,0,3,4,1,0,3,4,2,4,1,0,3,3,3,3,4,4,4,5,3,3,1,0,3,4,3,3,2,3,2,3,2,3,3,3,3,4,2,1,2,2,1,2,1,1,2,2,1,4,3,3,1,2,2,2,0,3,2,3,2,1,3,2,1,1,2,2,3,2,4,2,2,4,4,4,5,4,2,2,2,4,3,4,4,5,4,4,4,4,4,5,2,2,2,2,2,2,2,2,2,2,2,3,2,2,2,7,8,7,7,4,3,7,4,3,1,43,3,1,1,1,54,3200,2200,0,861101,발전 가능성,기계설비
30396,5,5,3,5,3,5,5,4,3,4,4,4,3,5,3,3,3,4,3,3,4,3,3,4,5,5,3,3,5,4,3,4,4,4,2,3,4,5,3,7,4,5,1,0,3,4,1,0,3,3,4,4,1,0,3,3,1,0,1,0,4,4,1,0,1,0,1,0,1,0,1,0,2,2,3,4,4,5,3,3,2,3,3,4,4,5,4,5,5,4,4,3,4,4,4,3,4,3,3,3,3,15,2,2,1,1,2,4,5,4,4,4,4,4,4,3,3,3,3,3,2,3,3,3,3,3,4,4,4,3,3,4,4,4,3,4,4,3,4,4,4,3,2,2,2,2,2,2,2,2,2,1,4,3,2,3,1,5,5,4,4,4,3,5,5,5,2,35,4,1,1,1,40,2530,2450,0,231401,직업상담사 2급 상담관련 실무교육 채용 방식 변경 상담,사회복지학
30397,3,4,3,5,2,3,3,4,2,4,4,5,4,5,3,4,3,4,2,4,3,4,2,4,2,4,4,5,2,3,2,5,3,5,3,5,2,3,3,5,4,5,4,5,3,4,2,3,2,3,2,3,3,5,2,4,2,2,4,5,5,5,3,3,2,2,2,3,3,6,3,4,2,4,2,2,2,2,2,3,2,1,2,1,2,4,1,0,4,4,4,3,4,5,4,4,3,4,3,4,4,13,1,2,1,2,0,5,4,4,4,3,4,4,3,3,9,9,4,4,2,4,3,3,3,2,4,2,2,3,2,5,4,4,3,2,3,4,3,4,5,3,2,2,2,2,2,2,2,2,2,1,4,3,3,3,1,4,4,4,5,4,4,7,4,3,1,36,4,1,3,2,40,3800,3200,0,134401,정보처리기능사 웹사이트 수요 증가,컴퓨터공학
30398,4,4,2,4,2,3,3,3,3,5,4,5,2,2,3,4,3,3,2,1,4,5,4,4,2,2,3,5,2,2,2,3,3,3,3,4,2,3,1,0,4,5,3,4,2,2,1,0,2,3,1,0,3,3,2,4,3,4,1,0,3,5,3,4,2,4,1,0,1,0,3,4,2,3,1,0,1,0,1,0,1,0,1,0,3,4,2,3,5,2,4,4,4,3,3,2,3,4,3,3,2,15,2,5,1,1,2,3,5,5,5,4,5,4,3,4,3,4,4,4,2,4,3,4,4,2,4,3,4,3,4,4,3,3,3,2,4,4,4,2,4,5,2,2,2,2,2,2,2,2,2,1,4,3,3,3,2,7,7,4,4,3,3,2,2,3,1,31,4,1,1,1,40,4000,3100,0,155302,수질환경기사 정수설비 운영관리 환경문제 대한 관심,환경공학
30399,3,3,2,3,2,2,2,2,2,3,3,3,2,2,2,2,2,2,2,2,2,2,2,2,2,2,2,2,2,2,2,2,2,2,2,2,2,3,3,3,2,3,3,3,2,2,2,2,2,2,2,2,2,2,2,2,2,3,2,2,3,5,2,3,2,3,2,2,2,3,3,5,2,2,3,5,2,2,2,2,2,3,2,2,3,3,2,3,4,4,4,3,3,3,3,3,2,4,4,3,3,13,1,3,2,2,0,1,5,4,4,3,5,4,3,3,4,4,4,4,1,4,3,4,4,4,3,3,3,4,4,4,3,3,3,3,3,4,3,3,4,4,2,2,2,2,2,2,2,2,2,2,4,3,3,3,2,6,6,4,4,5,6,4,6,5,1,32,4,1,1,1,43,3500,3000,0,155103,환경 생각 풍력 에너지 개발,바이오에너지
30400,4,5,4,5,3,4,3,4,3,4,3,5,3,5,3,4,4,2,4,5,3,5,3,4,3,4,3,4,3,3,3,4,3,5,1,0,3,4,3,4,4,4,3,3,1,0,3,5,3,2,3,4,3,5,5,5,3,5,4,5,3,4,3,4,5,6,3,4,3,4,4,5,3,5,3,4,3,4,3,5,3,5,4,5,4,4,3,4,4,4,3,3,3,3,4,4,3,3,3,4,3,3,4,1,2,2,0,2,2,4,4,3,4,4,4,3,9,9,3,3,2,4,3,2,4,4,3,2,4,2,2,3,4,4,4,3,4,4,4,2,3,3,2,1,1,2,1,2,2,2,2,2,2,2,2,2,2,6,6,7,4,6,5,7,6,4,1,52,2,2,6,1,40,0,0,3500,824101,기계 도입 코로나 경기 계속 하락,공고
30401,2,3,2,3,1,0,2,2,3,3,3,4,2,2,3,4,2,3,2,3,2,2,2,3,4,4,1,0,2,2,3,3,2,2,2,3,2,2,1,0,4,4,3,4,2,3,2,2,2,2,3,4,4,5,3,3,1,0,1,0,2,2,1,0,1,0,1,0,1,0,1,0,2,3,2,2,2,2,3,4,3,4,3,3,3,4,3,5,4,3,4,4,3,4,4,3,4,4,4,3,4,6,1,2,2,2,0,7,5,4,5,4,4,4,3,4,3,3,5,4,3,4,5,4,3,3,4,3,3,5,3,5,5,4,4,5,4,4,3,3,5,4,2,2,2,2,2,2,2,2,2,1,4,3,3,3,2,3,2,2,2,1,2,6,8,8,1,31,4,1,1,1,45,3300,2900,0,155306,환경 관리 대한 관심,화학공학
30402,2,2,3,3,2,1,2,1,2,1,2,3,2,2,2,3,3,4,3,3,2,3,2,3,2,2,3,3,2,1,2,2,2,1,2,2,3,3,1,0,3,4,2,3,3,2,2,1,2,1,2,2,4,6,1,0,3,3,3,4,2,2,3,3,3,3,4,4,2,2,3,4,4,4,4,5,3,4,3,3,4,6,3,3,3,3,3,2,3,3,2,4,4,2,3,4,2,2,3,3,2,6,1,2,2,2,0,2,1,3,3,2,3,3,2,3,4,4,4,4,3,3,2,3,2,3,3,2,2,3,3,3,2,3,4,3,3,4,4,3,5,5,2,2,2,2,2,2,2,2,2,1,3,3,3,3,2,8,7,8,3,2,2,3,4,7,1,38,4,1,1,1,40,3600,3000,0,701301,건설 현장,건축학
30403,4,3,3,4,4,5,4,5,3,4,4,5,3,4,4,5,1,0,3,4,3,4,4,5,5,6,3,4,3,4,4,5,4,5,3,4,4,5,4,5,3,4,4,5,4,5,1,0,4,5,1,0,2,2,5,6,5,6,1,0,3,3,3,4,1,0,3,4,2,4,4,5,1,0,4,5,3,4,4,5,1,0,4,5,5,4,4,5,2,4,5,2,3,3,4,4,4,4,3,3,4,17,1,2,1,2,0,7,4,2,3,3,4,4,3,3,2,4,4,3,2,4,4,4,5,4,4,4,4,3,4,4,4,5,4,5,5,5,4,3,4,3,2,2,2,2,2,2,2,2,2,1,3,2,2,2,2,7,8,8,4,3,4,4,1,1,2,32,3,1,1,1,45,3500,2300,0,306401,치위생사 자격증 치위생사 근무 한정,치위생학
30404,4,5,4,5,2,5,2,4,2,4,3,4,2,3,1,0,3,4,1,0,2,4,2,3,4,4,3,4,3,4,2,3,2,3,3,4,3,4,3,3,3,4,4,5,3,5,1,0,2,3,2,2,2,3,1,0,2,4,1,0,2,3,3,3,3,3,2,3,1,0,3,4,1,0,3,4,1,0,2,3,2,3,1,0,2,3,2,2,4,5,2,4,4,5,4,2,4,4,4,4,4,17,1,2,1,2,0,3,5,4,5,5,4,5,4,4,4,3,5,4,1,5,5,3,4,3,4,4,4,4,5,4,4,4,5,4,4,5,4,3,3,3,2,1,1,2,2,2,2,1,1,1,4,3,2,3,2,3,2,2,7,3,5,6,7,8,2,35,4,1,1,1,50,9000,7000,0,301110,전문의 의사 환자 스트레스 수술 치료 목적,의학
30405,3,5,3,4,3,4,3,4,2,3,2,3,3,4,3,4,3,4,3,5,2,3,3,4,3,5,3,4,3,4,3,5,3,5,3,4,3,4,3,4,3,4,3,5,3,4,2,3,3,5,3,4,3,4,3,4,3,5,3,4,3,4,3,4,3,5,3,5,3,4,3,4,2,3,3,4,3,4,3,5,3,5,3,5,3,4,3,4,4,4,4,4,4,2,4,4,3,4,4,4,4,3,1,2,2,2,0,6,3,4,4,4,4,4,3,4,4,4,4,4,2,4,4,4,4,3,4,2,3,3,3,4,3,3,3,2,3,4,3,3,4,3,2,2,2,2,2,2,2,2,2,1,2,3,3,3,2,4,5,5,6,6,4,4,5,5,1,54,2,1,1,1,48,4400,2000,0,822301,용량 감소 일거리 줄어듬,전기
30406,4,4,4,5,4,5,3,4,3,5,4,5,2,1,3,5,3,5,3,5,3,5,3,5,4,5,4,6,4,4,4,4,2,1,2,1,3,3,2,2,3,5,3,5,3,5,3,5,1,0,1,0,3,5,2,1,2,4,2,3,3,3,3,5,3,5,3,3,2,4,2,3,3,5,3,5,3,5,1,0,2,1,3,2,3,4,3,3,3,4,3,4,4,4,5,4,3,3,4,3,4,3,1,3,1,1,3,4,3,4,4,3,4,4,3,4,2,3,4,3,3,4,3,4,2,3,4,2,5,4,4,4,3,2,2,3,3,5,3,1,3,5,1,2,1,1,2,1,1,2,2,2,4,3,3,3,2,7,6,4,3,3,4,7,3,4,1,51,4,1,1,1,60,4300,2800,0,872301,식품기사 식품안전교육 제조 기술 상품 개발 세계 판매 급등,식품공학
30407,5,7,5,7,2,2,5,7,1,0,4,6,5,7,5,7,5,7,5,7,5,7,3,4,4,5,4,5,3,4,4,5,3,5,3,5,3,4,1,0,3,4,4,5,3,4,1,0,1,0,1,0,1,0,1,0,1,0,1,0,1,0,1,0,1,0,1,0,1,0,1,0,1,0,1,0,3,4,3,4,5,7,5,7,4,6,4,5,4,3,3,2,2,4,3,3,3,3,3,3,4,18,4,1,2,1,3,6,1,3,2,3,5,3,4,3,9,9,9,3,3,5,5,3,4,4,4,3,4,4,2,4,4,3,3,2,4,4,4,3,4,1,2,2,2,2,2,2,2,2,2,1,4,2,2,2,2,3,4,6,6,7,6,3,1,7,1,37,3,1,4,2,30,1200,800,0,416203,연기 신체 훈련 사이버 디지털 환경 문화 욕구 충족 연극 무대 더욱 활성화 예상,연극영화
30408,2,3,2,3,1,0,3,3,1,0,1,0,3,4,2,2,2,2,2,2,2,2,2,2,2,2,1,0,2,3,2,2,2,3,3,3,2,2,2,2,2,2,2,2,2,2,2,3,2,2,2,2,1,0,2,2,2,2,2,1,2,2,2,1,1,0,2,1,1,0,1,0,2,1,2,1,2,1,1,0,2,2,1,0,2,2,2,1,3,3,3,3,3,3,3,2,3,3,3,2,4,7,1,5,2,2,0,5,5,3,2,2,3,4,3,2,9,9,9,2,3,2,2,3,5,3,4,2,4,4,4,4,4,4,4,3,3,3,4,3,3,4,1,1,1,1,1,1,1,1,1,4,1,2,2,2,1,6,6,6,5,4,5,6,6,5,1,38,4,2,5,1,40,0,0,2000,24301,인공 지능 발달 개발 산업혁명,경제학
30409,1,0,1,0,1,0,1,0,1,0,1,0,1,0,1,0,1,0,4,5,1,0,1,0,1,0,1,0,1,0,1,0,1,0,1,0,1,0,1,0,1,0,1,0,1,0,1,0,1,0,1,0,1,0,1,0,1,0,1,0,1,0,1,0,1,0,2,2,3,3,2,2,1,0,1,0,1,0,2,3,3,4,3,4,4,3,4,3,2,2,2,2,2,2,2,2,2,2,2,2,2,6,1,2,2,2,0,1,2,2,2,3,3,2,2,3,2,3,3,3,2,3,2,4,3,3,2,1,2,4,3,4,3,3,3,3,3,4,3,3,4,5,2,2,2,2,2,2,2,2,2,2,2,2,2,2,2,8,8,7,6,3,2,5,3,2,1,59,2,1,4,2,45,2500,2000,0,706001,건설 경기 침체,인문계
30410,1,0,1,0,1,0,1,0,1,0,1,0,1,0,2,3,3,3,2,2,1,0,1,0,2,2,1,0,1,0,1,0,1,0,1,0,1,0,1,0,1,0,1,0,2,3,1,0,1,0,1,0,1,0,1,0,2,2,2,2,1,0,2,3,2,2,2,1,2,2,2,2,1,0,4,2,1,0,2,2,2,2,2,2,2,2,1,0,2,2,3,2,1,2,2,1,2,1,1,1,1,3,1,2,1,2,0,1,1,1,1,1,3,1,2,2,2,3,3,2,5,1,1,4,4,3,3,3,2,5,3,5,1,2,3,3,3,4,3,3,4,4,2,2,2,2,2,2,2,2,2,4,1,3,3,3,2,8,8,8,3,3,5,3,3,5,1,25,2,1,1,1,40,2200,2200,0,852401,화공기사 기계화 자동화 업무 대체,공고
30411,3,6,2,2,2,2,2,2,2,3,2,4,1,0,2,2,2,2,1,0,1,0,1,0,3,2,2,1,1,0,1,0,1,0,1,0,3,2,1,0,2,2,1,0,3,4,2,2,2,2,2,1,2,4,4,5,4,3,1,0,3,3,2,4,3,3,2,1,1,0,2,2,4,4,4,3,1,0,2,2,2,2,2,2,2,3,2,2,3,3,4,4,3,4,3,3,3,4,4,3,3,3,1,3,2,2,0,7,5,3,3,3,3,3,3,3,4,3,3,4,4,3,3,3,4,3,3,4,3,3,3,3,3,2,3,3,4,3,3,3,2,3,2,2,2,2,2,2,2,2,2,1,3,3,3,3,2,5,4,5,5,4,5,5,5,5,1,44,4,1,1,1,40,5000,3600,0,155203,에너지 발생 관심 연구 증가,에너지자원공학과
30412,4,6,5,6,5,6,5,6,5,6,5,6,4,6,5,6,4,6,4,6,4,6,4,6,3,5,4,6,4,5,4,6,5,6,4,6,4,6,4,6,4,5,4,6,4,5,4,5,3,5,4,3,4,5,4,5,4,6,4,6,4,6,4,6,4,6,3,5,5,6,4,6,4,6,4,5,4,6,4,5,5,3,5,4,4,5,3,4,3,3,3,3,3,3,4,3,3,3,3,3,3,15,2,5,2,2,0,4,5,3,3,3,4,4,5,3,3,3,3,3,3,3,3,3,3,3,3,2,4,3,4,3,3,3,3,3,3,3,4,2,5,5,2,2,2,2,2,2,2,2,2,2,3,3,3,3,2,7,6,3,5,5,5,3,5,5,2,44,4,1,1,1,40,4200,3000,0,121103,상태 유지,통계학
30413,2,2,3,4,2,2,2,2,2,1,2,1,2,2,3,3,3,4,2,1,2,1,2,2,3,3,3,3,3,3,3,4,2,2,2,2,2,2,3,3,3,4,3,4,3,4,2,2,3,3,2,2,3,4,3,3,3,4,2,2,2,1,3,4,3,4,4,5,5,6,5,7,3,3,4,5,3,4,2,2,3,3,3,4,2,2,2,2,3,3,3,3,3,2,2,3,3,3,3,2,2,13,4,3,1,2,0,4,5,3,3,3,3,3,3,3,2,3,3,3,3,3,4,3,3,3,3,3,3,2,4,3,3,3,3,2,2,3,3,2,3,3,2,2,2,1,2,2,2,2,2,2,2,1,2,3,1,4,5,4,6,5,4,4,4,2,1,45,4,2,6,1,40,0,0,5000,812401,자동차 산업기사 자동차 차체수리기능사 자동화 플랫폼 등장 쉐어 경기 불황 장기 화로 일자리 감소,전기전자
30414,3,5,3,5,3,4,3,4,3,4,4,6,3,5,4,5,4,5,4,5,3,4,3,4,4,5,3,4,2,3,2,3,3,4,3,4,3,4,3,4,3,4,4,5,4,5,5,6,4,6,4,5,4,5,4,5,4,6,4,5,4,5,4,5,4,6,4,5,4,6,4,6,2,3,4,5,4,5,4,5,3,4,3,4,4,5,3,4,3,3,3,4,4,2,4,4,3,4,4,4,4,6,1,3,1,1,3,5,5,4,4,4,4,4,4,4,4,5,5,4,3,3,3,3,3,3,3,4,3,4,4,4,3,4,4,4,3,5,3,3,4,4,2,2,2,2,2,2,2,2,2,2,3,2,2,2,1,4,4,4,3,3,6,7,3,3,1,40,4,1,1,1,40,5500,2500,0,140306,토목산업기사 측량 지형공간정보기사 현장실습 변화 요인,토목공학
30415,4,4,1,0,1,0,3,5,3,4,4,5,4,5,1,0,5,5,4,5,3,4,4,6,4,5,1,0,4,5,4,5,2,3,4,4,2,3,4,4,1,0,5,5,4,4,4,5,3,5,2,3,5,5,4,5,3,4,4,4,1,0,1,0,5,4,4,5,1,0,3,5,4,4,1,0,5,5,4,5,3,4,4,5,1,0,1,0,4,3,4,3,2,3,3,3,4,3,4,4,3,7,1,2,1,2,0,3,5,5,4,4,4,4,3,5,4,5,5,4,3,4,4,4,3,4,5,5,4,4,4,4,4,3,4,5,4,5,5,4,4,5,2,2,2,2,2,2,2,2,2,2,2,2,2,2,1,8,6,3,5,6,7,4,6,5,2,43,4,2,5,1,45,0,0,4800,24301,여행기획상품자격증 업무 시스템,상품기획
30416,2,5,3,5,3,4,3,5,3,5,4,6,3,6,3,5,4,5,3,5,3,5,3,4,3,4,3,5,4,5,3,4,3,6,3,5,2,4,5,6,3,4,4,6,3,4,2,4,2,1,3,3,2,2,1,0,1,0,1,0,3,5,1,0,1,0,1,0,1,0,1,0,2,2,2,1,2,2,2,1,2,2,2,1,2,3,2,2,4,3,2,3,3,4,3,3,2,4,3,3,3,11,1,5,1,2,0,5,4,4,3,3,3,4,3,4,4,3,4,4,2,4,4,3,3,2,4,2,4,3,3,4,3,4,3,3,4,4,3,3,5,4,2,2,2,2,2,2,1,1,2,2,1,3,2,3,2,5,4,4,5,4,4,4,5,3,2,44,4,1,1,1,42,7000,3500,0,32101,신용분석가 여신심사역 외환전문역 스마트폰 뱅킹 발전 지점 축소 인력 감소 스마트폰 뱅킹 경제 침체 인구 감소 인원 지점 축소,회계학
30417,5,6,5,5,4,5,4,5,4,6,4,5,4,5,4,5,4,5,2,2,2,3,4,4,4,3,3,3,3,3,3,3,3,3,2,3,3,3,3,2,4,4,4,4,4,4,4,4,4,4,4,5,3,3,3,3,3,3,3,3,4,5,4,4,3,3,4,5,4,5,4,4,4,5,4,3,3,3,4,4,3,2,3,2,4,4,4,4,4,4,3,4,4,4,4,3,4,4,4,4,4,8,2,4,2,2,0,7,5,4,4,4,4,3,4,3,3,3,3,3,2,4,3,4,2,3,4,4,4,4,5,4,5,4,4,5,4,4,4,4,4,4,2,2,2,2,2,2,2,2,2,2,3,3,3,3,1,7,4,5,4,6,5,6,5,6,1,40,4,1,1,1,40,4200,3800,0,28202,변화,경영학
30418,5,6,5,6,3,6,4,6,4,6,4,6,3,6,4,5,5,5,4,6,4,6,4,6,4,6,4,6,4,6,3,5,4,6,4,5,4,6,4,6,4,6,4,6,4,6,4,6,4,5,4,6,4,5,4,6,4,6,4,6,4,5,4,6,4,6,4,6,4,5,4,5,4,5,4,6,4,6,3,4,4,5,4,6,4,5,5,4,5,4,3,4,4,2,4,4,4,4,3,3,4,10,1,2,1,2,0,3,4,5,4,3,5,4,3,4,3,4,4,4,2,4,5,3,4,3,4,5,4,4,3,3,4,4,5,3,3,4,5,3,4,3,2,2,2,2,2,2,2,2,2,2,4,2,2,2,2,8,6,5,4,3,4,7,4,3,1,46,4,1,1,1,40,5500,5000,0,131203,전파통신기능사 네트워크 개발 수요,컴퓨터공학
30419,4,4,3,4,2,3,2,2,2,3,2,2,2,2,3,3,3,3,1,0,2,2,2,2,4,4,1,0,2,2,3,3,1,0,1,0,3,3,3,4,2,2,2,2,2,2,1,0,1,0,1,0,1,0,1,0,4,4,3,3,1,0,2,3,5,4,3,3,3,3,3,4,1,0,3,4,3,4,3,3,3,4,3,3,3,4,2,3,3,3,4,4,3,1,4,4,2,3,3,4,2,3,1,2,2,1,4,3,1,3,3,3,3,3,2,3,3,3,4,3,3,4,4,4,5,4,4,2,5,2,2,5,5,4,4,4,5,4,3,3,4,5,2,2,2,2,2,2,2,2,2,2,2,2,2,3,2,7,4,5,6,5,6,5,4,5,1,58,1,1,1,1,50,4200,2300,0,825201,자동차 보수 실무 생산 설비 자동화,0
30420,3,4,4,5,1,0,4,4,3,3,3,4,3,5,3,4,3,4,3,3,3,3,3,4,4,5,3,3,4,4,3,3,3,3,3,4,2,2,4,4,3,4,4,4,1,0,2,2,2,2,1,0,3,3,1,0,3,3,1,0,2,3,3,3,3,3,3,3,1,0,1,0,3,5,3,3,3,3,4,4,2,2,1,0,2,2,1,0,4,5,2,3,5,2,3,4,4,3,4,3,4,18,3,2,2,2,0,2,4,3,3,2,2,3,3,3,9,9,9,3,3,2,2,3,2,3,3,2,3,2,2,3,4,5,4,4,3,4,3,3,4,4,2,2,2,2,2,2,2,2,2,2,4,2,2,2,1,7,7,6,2,2,2,6,3,3,1,47,4,1,3,2,40,4200,3000,0,420402,스포츠 중요성,체육학
30421,4,5,4,5,4,5,4,5,4,5,4,5,5,6,4,5,5,6,4,5,4,5,4,5,4,5,4,5,4,5,4,5,4,5,4,5,4,5,4,4,4,4,4,6,4,4,2,2,1,0,2,3,2,2,2,2,2,2,2,2,2,2,1,0,1,0,1,0,1,0,1,0,1,0,1,0,1,0,1,0,1,0,1,0,4,5,4,5,4,3,4,3,3,4,3,4,3,3,3,3,4,18,1,2,2,2,0,3,5,4,3,4,4,3,3,4,3,4,4,4,2,3,3,4,4,3,4,3,4,3,3,4,4,3,3,4,3,4,3,4,4,4,2,2,2,2,2,2,2,2,2,2,4,3,3,3,2,7,7,6,6,4,3,7,3,4,2,42,4,1,1,1,40,4200,3800,0,414102,건물 작품,조소학
30422,5,7,5,7,4,5,4,5,3,4,4,5,5,7,4,6,4,5,5,7,5,7,4,5,5,7,5,7,4,5,5,7,4,5,4,5,4,5,1,0,4,5,5,7,4,5,2,3,3,4,5,7,2,3,2,3,2,3,2,3,3,4,4,6,4,5,2,3,1,0,1,0,3,4,2,3,2,3,2,3,3,4,2,3,4,5,4,5,3,5,3,3,4,4,3,5,3,5,4,4,3,18,3,3,2,1,3,6,5,4,5,5,5,5,3,3,3,3,3,3,3,4,5,3,2,3,2,5,4,5,2,5,3,3,5,5,3,5,4,4,5,4,2,2,2,2,2,2,2,2,2,2,3,2,2,2,1,5,6,2,5,2,1,5,4,1,1,39,4,1,1,1,40,3600,2400,0,416105,실습 변화,광고영상
30423,2,1,4,3,2,2,4,4,1,0,2,2,4,4,2,3,3,1,3,3,1,0,2,1,4,3,3,3,2,4,3,2,2,2,1,0,3,2,4,3,3,2,2,2,3,3,2,2,3,3,2,1,3,3,2,2,3,3,1,0,1,0,3,3,1,0,3,2,2,2,2,1,1,0,4,3,2,4,3,3,2,3,2,2,3,3,2,2,3,4,4,4,2,1,2,4,3,2,3,1,3,9,1,2,1,1,1,1,2,2,4,3,4,3,4,4,3,3,4,4,2,3,4,4,4,3,3,4,2,4,2,2,3,2,1,1,2,3,4,3,4,5,2,2,2,2,2,2,2,2,2,1,3,2,2,2,1,9,8,8,4,4,5,7,9,6,1,34,4,1,1,1,52,3200,2400,0,531601,조주기능사 직무교육 칵테일 매니아,외식조리학
30424,3,3,3,3,2,3,3,3,1,0,3,4,1,0,3,4,3,3,1,0,2,2,2,2,3,2,1,0,1,0,1,0,1,0,1,0,3,3,3,3,3,3,1,0,3,4,1,0,3,4,2,3,2,3,1,0,3,4,2,3,1,0,4,4,3,4,4,4,3,4,4,5,2,3,4,5,4,5,3,4,3,4,3,4,3,3,3,3,3,3,4,3,3,2,1,2,3,2,3,3,4,3,1,3,2,2,0,3,1,2,1,1,2,2,1,2,2,3,3,2,4,2,2,3,4,4,4,5,4,2,1,4,3,4,5,4,4,4,4,3,4,5,2,2,2,2,2,2,2,2,2,1,2,3,2,3,2,5,6,4,5,5,3,5,4,3,1,53,2,1,1,1,54,3700,2800,0,872101,선호 일자리,공고
30425,5,5,3,5,3,5,3,3,1,0,3,4,1,0,3,4,2,4,2,3,3,3,1,0,2,2,1,0,3,3,4,4,1,0,1,0,1,0,5,5,3,4,2,2,3,3,3,3,4,3,4,3,1,0,1,0,3,4,1,0,2,3,1,0,1,0,3,3,4,3,2,2,2,3,1,0,1,0,1,0,1,0,2,2,4,3,3,3,5,5,3,4,4,3,4,2,3,4,5,4,5,17,1,1,1,1,6,6,5,4,4,4,4,4,4,4,9,9,9,4,4,4,4,4,4,4,3,3,4,4,4,4,4,5,4,4,4,3,4,4,4,3,2,2,2,2,2,2,2,2,2,1,2,3,2,2,2,3,4,5,6,7,6,3,4,5,2,63,5,2,5,1,40,0,0,8200,301108,의사 면허 소아과 인턴 레지던트 과정 출산율 저조,의학
30426,2,3,4,6,2,2,2,3,1,0,2,2,3,4,1,0,2,2,1,0,1,0,2,2,2,2,2,3,2,3,1,0,1,0,3,4,3,4,4,5,1,0,1,0,2,3,2,3,1,0,1,0,1,0,1,0,1,0,1,0,1,0,3,4,1,0,1,0,1,0,1,0,1,0,1,0,1,0,1,0,1,0,1,0,2,3,2,2,3,4,5,3,3,4,5,2,4,2,4,4,5,3,1,1,2,2,0,4,1,4,3,3,4,4,4,3,9,9,9,3,1,4,4,3,4,4,4,4,5,4,4,4,5,4,3,3,5,5,4,4,5,3,2,2,2,2,2,2,2,2,2,1,3,2,2,2,2,8,7,7,2,2,3,8,7,4,2,59,2,2,5,1,45,0,0,3500,862201,상황 유지,상고
30427,3,3,3,3,3,5,2,3,3,5,4,5,2,2,3,4,3,4,3,4,2,3,3,4,3,5,2,1,3,4,2,3,3,3,3,3,2,1,3,4,3,4,2,4,2,3,2,1,2,2,3,4,4,4,4,4,3,5,4,5,2,1,3,4,4,4,4,5,4,5,4,5,2,2,3,4,3,3,2,3,2,4,3,4,4,3,4,5,4,4,4,3,2,3,3,2,3,2,4,4,4,7,1,3,1,2,0,4,3,2,2,2,4,4,3,2,3,3,3,3,2,4,3,4,4,4,3,4,3,4,3,4,3,3,2,2,3,4,3,2,3,4,2,2,2,2,2,2,2,2,2,1,2,3,3,3,2,5,6,7,6,7,6,4,4,4,1,44,3,1,3,2,45,3500,3000,0,814001,에너지관리사 신규 설비 모델링 관련 수요 증가 설비 관련 인력 수요 감소,IT공학
30428,2,3,4,6,2,5,4,5,2,3,4,5,2,4,3,5,4,6,3,5,3,5,4,6,3,5,3,4,3,4,4,6,2,5,2,4,3,4,4,6,3,4,4,6,5,7,2,3,4,6,2,5,2,4,4,5,4,6,4,6,2,4,3,4,4,6,4,6,4,6,4,5,3,5,3,5,4,5,4,5,4,6,4,5,3,5,4,4,4,5,2,4,4,2,4,4,3,3,4,4,3,15,2,3,1,1,2,3,2,4,3,3,4,4,3,4,4,3,4,4,2,4,4,4,4,3,3,2,3,4,4,4,5,3,4,4,3,4,3,3,5,4,2,2,2,2,2,2,2,2,2,1,4,1,1,1,2,3,6,8,6,7,7,6,3,2,1,32,3,1,1,1,42,3800,2200,0,307101,응급구조사2급 응급처치 기술 훈련 응급환자,간호학
30429,3,3,3,4,1,0,1,0,1,0,2,2,1,0,1,0,1,0,1,0,3,2,1,0,1,0,1,0,1,0,1,0,1,0,1,0,1,0,4,3,3,3,2,2,1,0,1,0,2,2,1,0,1,0,1,0,2,2,3,3,1,0,1,0,2,2,2,1,3,3,1,0,1,0,3,3,3,2,2,2,4,3,1,0,1,0,1,0,4,3,3,3,3,2,4,3,3,1,3,2,3,19,4,1,1,2,0,3,2,3,2,2,4,4,3,3,9,9,4,4,4,3,4,3,4,2,3,4,3,5,2,4,2,3,4,3,2,4,3,2,4,3,2,2,2,2,2,2,2,2,2,2,2,2,2,2,2,7,9,8,6,6,5,3,7,4,1,51,1,2,6,1,45,0,0,4400,702201,방수기능사 기계 발달,0
30430,4,5,4,5,2,3,5,6,2,3,3,4,5,6,4,5,5,6,4,5,3,4,3,4,4,5,3,4,1,0,4,5,2,3,1,0,2,3,2,2,3,4,3,4,1,0,1,0,1,0,1,0,1,0,1,0,1,0,1,0,1,0,1,0,1,0,1,0,1,0,1,0,1,0,4,5,3,4,3,4,4,5,4,5,3,4,3,4,5,4,2,1,5,2,2,4,2,4,4,3,4,18,4,1,2,1,4,7,2,4,3,4,4,4,4,2,2,3,5,3,2,5,5,3,3,3,3,4,2,5,2,5,4,4,5,5,3,5,3,4,5,4,2,2,2,2,2,2,2,2,2,1,4,2,2,2,2,7,6,8,3,3,8,8,7,7,1,40,4,1,4,2,30,2500,1000,0,416203,무대훈련 문화 욕구 증대,연극영화
30431,4,5,3,3,3,2,3,3,1,0,3,4,2,2,3,4,2,3,2,2,3,4,1,0,2,3,3,3,2,3,3,4,2,2,1,0,1,0,2,2,3,4,2,2,2,3,1,0,1,0,1,0,1,0,1,0,3,4,1,0,3,3,1,0,1,0,1,0,1,0,1,0,1,0,2,3,1,0,1,0,2,1,2,3,2,3,3,3,3,3,1,4,4,3,3,3,2,3,4,4,3,17,1,1,1,2,0,6,4,4,4,3,4,4,3,3,4,3,3,4,3,3,3,4,3,4,3,4,3,3,3,4,4,5,5,4,4,4,4,4,4,3,2,2,2,2,2,2,2,2,2,3,4,3,3,3,2,3,7,5,7,6,4,7,5,3,2,43,3,1,1,1,40,2600,2000,0,511502,애견미용사 동물간호복지사 애완동물 대한 수요 증가,동물학
30432,5,7,5,7,5,7,5,7,4,5,5,6,4,5,4,6,5,6,4,5,4,6,5,6,5,6,4,5,4,6,5,6,4,6,4,5,5,7,4,5,4,5,4,5,5,7,4,4,3,4,3,4,3,4,1,0,1,0,1,0,3,3,1,0,2,3,1,0,1,0,1,0,3,4,3,4,3,4,3,3,3,3,3,4,4,6,4,5,4,4,3,4,5,3,4,3,3,5,5,4,4,16,5,6,1,2,0,6,5,4,4,4,4,5,4,4,4,4,5,5,2,4,4,4,4,3,4,3,4,4,4,5,4,4,4,3,4,5,4,4,5,4,2,2,2,2,2,2,2,2,2,1,4,3,3,3,2,3,3,3,5,5,5,6,7,6,1,58,6,1,1,1,52,7000,4000,0,110105,심리학 석사학 인간 성격 분석 통합 결과 도출 부분 사람,심리학
30433,5,5,5,5,5,5,2,3,4,4,5,4,4,5,5,5,3,4,5,5,4,5,4,5,3,5,3,4,2,4,3,4,3,4,3,5,3,3,2,3,4,5,4,5,2,4,3,4,2,4,2,4,3,4,4,5,3,4,2,4,3,3,2,3,2,4,2,4,2,4,2,4,3,4,2,3,2,3,1,0,2,4,2,3,2,4,1,0,3,3,3,4,2,3,4,3,3,3,3,4,4,6,1,2,1,2,0,5,5,3,3,3,4,4,3,3,3,4,4,4,4,3,3,5,3,2,3,1,3,3,5,3,3,4,3,3,2,3,3,3,4,5,2,2,2,2,2,2,2,2,2,2,1,3,3,3,2,8,7,5,4,4,3,3,4,7,1,32,4,1,1,1,40,3600,3000,0,140501,도시계획기술사 사무 자동화 일자리 감소,도시공학
30434,1,0,1,0,1,0,1,0,1,0,1,0,1,0,1,0,1,0,1,0,1,0,1,0,1,0,1,0,2,2,1,0,1,0,1,0,1,0,3,4,3,4,1,0,1,0,1,0,3,4,4,5,4,5,1,0,4,5,1,0,4,5,4,5,4,5,4,5,2,2,2,2,1,0,4,5,4,4,3,4,1,0,1,0,1,0,1,0,4,2,2,4,3,4,2,3,3,2,3,4,4,19,1,2,1,2,0,7,4,3,4,3,3,3,4,4,3,4,2,2,2,3,3,3,3,2,4,4,4,3,3,2,2,2,3,2,2,3,4,1,1,3,2,2,2,2,2,2,2,2,2,2,3,3,3,3,2,7,4,5,3,5,4,6,7,6,1,37,3,1,1,1,40,4000,3000,0,841201,전자기기기능사 수요 공급,전기
30435,2,3,3,4,2,2,3,3,1,0,3,4,1,0,3,4,3,3,1,0,3,4,3,4,3,3,1,0,3,3,1,0,1,0,1,0,1,0,4,4,3,3,3,4,3,3,1,0,3,4,1,0,4,4,3,4,4,5,1,0,2,3,3,3,3,3,4,5,3,4,4,5,1,0,3,3,4,4,1,0,3,4,3,4,2,4,3,4,1,4,5,2,2,2,2,2,3,2,2,3,3,19,1,2,2,2,0,2,2,2,1,1,2,1,2,2,2,3,4,2,4,2,2,4,3,4,4,5,4,2,1,5,2,3,4,4,3,4,3,2,4,4,2,2,2,2,2,2,2,2,2,1,4,1,1,1,2,6,7,4,4,3,3,3,4,5,1,48,2,1,1,1,48,2500,1800,0,561301,환경 방역 필요성,공고
30436,2,3,2,2,2,2,2,2,2,2,2,2,1,0,3,3,2,2,2,2,2,2,2,2,3,3,2,3,2,3,2,2,2,2,2,2,2,3,2,3,2,2,2,3,2,3,2,2,2,2,2,2,2,3,2,3,2,2,2,2,2,3,2,2,2,3,2,3,2,2,2,3,2,2,2,2,2,2,2,2,2,2,2,2,2,2,2,2,2,2,3,2,2,2,3,3,2,3,3,2,3,1,1,2,2,2,0,7,2,2,2,2,4,4,3,3,2,2,3,3,3,3,3,3,4,4,3,4,3,4,3,4,4,3,4,5,5,5,5,4,4,3,2,2,2,2,2,2,2,2,2,2,2,2,2,2,2,6,4,5,4,5,6,4,5,5,1,40,2,1,2,2,50,3300,2700,0,904101,수입 수산물 증가,상고
30437,2,2,2,2,2,2,2,2,2,2,2,3,2,2,2,3,2,2,2,3,2,3,2,3,2,2,2,3,2,2,2,3,2,3,2,3,2,3,2,3,2,3,3,4,3,4,2,3,2,3,2,3,4,5,3,4,3,4,3,5,2,3,2,2,2,3,2,3,2,2,2,3,2,2,2,2,2,3,2,3,2,3,2,3,2,2,2,2,4,2,2,4,4,3,4,3,4,3,4,3,4,6,1,5,1,2,0,1,5,4,4,3,4,4,3,4,5,5,5,5,2,3,3,4,3,3,4,4,3,3,4,4,4,5,4,3,3,4,4,3,4,4,2,2,2,2,2,2,2,2,2,2,2,3,3,3,2,5,7,6,4,6,5,5,4,6,1,40,4,1,1,1,40,4900,3700,0,151101,기계설계제도사 건설 기계 산업 침체,기계공학
30438,2,3,2,3,2,3,2,3,3,3,3,3,1,0,3,3,3,3,2,3,3,3,1,0,2,2,2,2,1,0,1,0,2,2,2,3,1,0,1,0,2,4,3,3,4,4,1,0,1,0,3,4,1,0,1,0,1,0,1,0,2,3,1,0,1,0,1,0,1,0,1,0,2,3,1,0,1,0,1,0,1,0,1,0,1,0,1,0,3,3,1,2,2,4,2,3,2,1,3,2,2,8,1,3,2,2,0,3,3,2,2,2,2,2,2,2,2,3,3,3,4,2,1,4,2,3,4,2,1,3,3,5,2,2,3,3,3,4,3,2,4,4,2,2,2,2,2,2,2,2,2,3,1,3,3,3,2,7,3,7,6,6,7,3,4,3,2,27,4,1,1,1,40,2600,2600,0,28201,자동화 시스템 대체 것임,행정학
30439,3,6,3,6,3,4,3,4,5,6,3,3,3,6,4,5,3,4,1,0,2,6,3,3,3,3,1,0,1,0,1,0,1,0,1,0,1,0,1,0,3,4,2,3,2,2,2,4,2,3,1,0,4,6,2,3,2,4,3,2,2,3,3,3,4,4,3,5,3,4,3,4,4,3,5,5,4,4,1,0,1,0,1,0,4,6,1,0,4,2,4,4,4,4,5,2,3,5,4,3,4,3,1,3,1,2,0,3,4,3,3,2,3,4,4,3,4,3,4,3,4,3,4,4,3,4,2,3,3,3,2,4,3,4,4,4,4,3,4,4,3,2,2,2,2,2,2,2,2,2,2,2,4,3,3,3,1,7,7,6,3,3,4,2,7,7,1,35,5,1,1,1,40,4000,3000,0,152201,금속재료산업기사 산업 시대 핵심 기술 포함,신소재공학
30440,3,4,2,2,2,2,3,4,4,5,4,5,4,5,4,5,4,6,4,5,3,4,4,5,5,6,4,5,5,6,4,5,4,4,4,5,5,5,3,3,4,5,4,4,4,4,4,5,4,5,3,4,4,5,4,5,4,5,4,5,2,2,4,6,4,5,4,5,4,5,4,5,4,5,4,5,4,5,3,4,4,5,4,4,1,0,1,0,5,3,4,4,5,5,4,4,4,4,3,2,4,10,1,4,1,1,4,4,4,4,4,4,4,4,4,4,4,4,4,4,4,4,4,4,3,4,4,4,4,4,4,2,4,4,4,5,4,5,4,4,4,4,1,1,1,1,1,1,2,2,2,2,3,2,2,2,1,9,7,5,3,4,6,7,8,8,1,52,4,1,1,1,50,6500,2800,0,136002,라디오송출기능사 방송송출실무 출장 구입 매출 상승 변동,영상학
30441,3,5,3,3,3,3,2,3,4,5,4,4,2,2,3,5,4,4,5,5,1,0,3,3,4,4,4,6,1,0,3,4,1,0,2,2,1,0,2,4,4,4,4,6,3,3,2,2,2,4,2,3,4,4,5,5,5,5,4,6,2,4,3,5,3,2,5,5,5,5,5,5,3,4,3,5,4,4,3,5,2,2,2,2,3,3,3,3,4,5,2,3,5,2,4,5,4,4,4,3,4,3,1,2,1,2,0,3,4,4,4,3,4,4,4,4,3,4,3,4,3,4,3,3,3,2,3,2,3,3,1,4,4,4,3,4,3,4,4,3,4,4,2,2,2,2,2,2,2,2,2,2,2,2,2,2,1,3,4,6,6,5,4,3,2,7,1,48,3,1,1,1,40,4200,3000,0,842101,방송통신산업기사 방송통신산업기사 관련 사업 포화상태,정보통신
30442,2,3,2,2,2,2,2,2,2,3,2,2,2,2,2,2,2,2,3,4,2,3,2,2,3,3,2,2,2,3,3,4,3,4,3,3,2,3,5,5,3,4,3,4,3,3,3,4,2,2,3,4,1,0,2,2,2,2,2,2,2,2,1,0,2,2,2,2,2,2,1,0,1,0,1,0,3,3,2,3,2,3,1,0,2,2,2,2,3,3,4,4,4,3,4,3,3,4,4,2,3,18,1,2,2,2,0,4,2,4,3,3,3,4,4,4,4,3,3,4,3,3,4,4,3,3,4,4,3,3,4,4,4,4,3,3,3,4,4,4,3,3,2,2,2,2,2,2,2,2,2,3,2,3,3,3,2,6,5,5,6,5,6,5,6,5,2,37,4,1,1,1,40,4000,3000,0,523001,경기 침체,호텔경영학
30443,2,2,2,3,2,2,2,1,2,2,2,2,3,4,3,6,2,2,2,2,2,1,2,4,3,3,1,0,2,1,2,1,2,1,2,2,2,3,2,1,2,2,2,2,2,2,1,0,2,1,2,2,3,3,2,2,2,2,2,2,1,0,2,2,2,2,2,1,2,1,2,1,2,2,5,7,3,3,2,4,2,2,2,3,5,7,1,0,3,3,4,3,3,4,3,3,3,3,2,3,3,3,1,2,2,2,0,5,3,3,2,2,4,3,2,2,9,9,4,3,2,4,3,3,3,3,4,3,3,2,3,5,3,3,3,3,3,4,3,3,4,4,2,2,2,2,2,2,2,2,2,2,3,3,3,3,2,8,7,7,4,4,4,7,4,3,1,52,2,1,3,2,40,4000,2500,0,884201,호화품 귀금속 수요 주얼리 수요,인문계
30444,5,6,4,6,4,6,5,7,3,3,4,6,4,6,5,6,3,5,4,5,5,7,4,5,5,7,5,7,5,7,4,6,5,7,4,6,5,6,4,6,4,6,3,4,4,5,1,0,1,0,5,7,1,0,1,0,1,0,1,0,3,3,1,0,1,0,1,0,1,0,1,0,1,0,1,0,1,0,1,0,1,0,1,0,1,0,1,0,5,4,3,4,4,3,3,4,3,4,5,4,4,15,2,6,2,2,0,5,5,4,4,4,3,4,3,4,3,4,4,4,2,4,4,3,4,4,3,3,5,4,3,5,4,4,5,4,3,4,5,4,4,4,2,2,2,2,2,2,2,2,2,1,3,3,3,3,2,9,5,3,2,1,5,9,5,1,1,52,4,1,1,1,40,9700,8000,0,11102,행정 업무 수요 계속 상황 유지,경영학
30445,4,5,4,5,5,6,2,4,4,5,4,5,2,3,4,4,4,4,4,5,4,4,4,6,5,6,4,5,5,5,5,6,4,5,4,6,4,4,4,6,4,6,5,5,5,6,3,4,2,4,2,4,2,3,3,5,5,5,5,4,2,3,1,0,4,4,5,4,5,5,5,4,3,4,1,0,2,4,1,0,3,4,4,5,3,3,3,4,4,4,3,4,4,3,4,2,4,3,4,4,4,18,1,2,2,2,0,4,4,4,4,4,2,5,4,3,9,4,4,4,3,4,4,5,2,3,3,5,4,3,3,5,5,2,4,4,3,3,4,3,3,4,2,2,2,2,2,2,2,2,2,1,4,3,2,2,1,8,8,6,2,2,4,9,8,2,1,35,4,1,3,2,30,4000,3000,0,414601,채널 방송 컨텐츠 다양,경영학
30446,2,4,4,4,3,4,4,4,3,4,3,4,3,3,3,3,2,3,3,4,3,4,3,5,2,4,4,4,5,4,3,4,4,5,3,4,2,3,3,5,4,4,4,4,3,3,3,3,3,3,2,4,3,3,2,4,4,4,3,4,3,4,2,2,2,4,4,4,3,3,3,3,3,3,2,2,3,4,4,4,4,6,4,5,4,4,4,3,4,4,2,3,4,1,5,2,3,3,3,4,4,15,2,2,1,1,2,2,2,4,3,3,4,3,3,3,3,2,2,4,4,5,5,5,4,3,4,3,5,3,4,4,3,3,3,3,4,5,3,3,5,2,1,1,1,1,1,1,1,1,1,2,1,1,2,2,2,7,6,5,6,5,6,7,7,7,1,48,4,1,1,1,52,5000,2400,0,624201,운전면허증 워드자격증 원동기면허증 배송지 지역확인 PDA 조작 우편물 종류 전기차 우편물 배송 자율 주행 택배 배송 우편물 감소,경영학
30447,2,2,2,2,2,3,1,0,1,0,2,2,2,3,3,3,3,3,3,3,1,0,1,0,3,3,2,2,1,0,2,1,1,0,1,0,1,0,2,2,2,2,2,2,2,3,1,0,1,0,1,0,2,4,1,0,4,3,1,0,1,0,1,0,3,2,3,4,2,3,3,3,1,0,3,3,2,2,1,0,2,2,2,2,3,3,2,3,3,2,4,4,3,3,3,3,2,3,4,3,3,19,1,2,1,1,2,2,2,3,4,3,4,5,4,4,3,3,4,4,1,4,3,3,3,4,3,2,4,5,3,4,3,2,2,2,4,4,3,2,3,3,2,2,2,2,2,2,2,2,2,2,3,3,3,3,2,7,5,4,3,7,4,5,4,5,1,33,3,1,1,1,40,2500,2300,0,881201,사진제판기능사 사진기능사 사진인화현상기 조작원 훈련 디지털 카메라 휴대폰 카메라 성능 향상 일자리 감소,산업디자인
30448,4,5,3,4,4,5,2,3,3,3,3,4,3,3,3,3,3,4,3,4,2,3,3,3,3,3,3,4,4,5,2,1,2,2,2,3,3,5,1,0,2,2,2,3,2,2,2,2,3,3,2,3,2,2,3,3,2,3,3,4,3,3,2,3,3,4,4,4,3,3,4,5,4,4,3,3,3,3,2,3,2,1,2,2,3,4,2,3,2,2,4,3,4,4,4,4,3,4,4,3,2,10,1,4,2,2,0,2,4,4,3,4,3,3,4,3,4,3,4,4,4,3,3,3,2,2,2,2,3,4,5,4,2,2,2,2,2,3,1,2,3,2,2,2,1,2,2,2,2,2,2,2,5,2,2,3,1,5,5,5,5,5,5,5,5,5,1,31,4,1,1,1,40,2500,2200,0,415503,편집 기기 도입 기업체 홍보 광고 방송 영상 컨텐츠 산업 활성화,전자공학
30449,4,5,4,5,2,3,3,4,2,3,3,4,2,2,2,3,3,4,2,2,2,3,4,5,2,2,2,2,3,4,3,4,3,3,3,4,4,5,3,5,3,4,3,5,2,2,2,2,2,2,1,0,1,0,1,0,2,3,2,2,2,2,2,2,3,3,2,3,2,3,2,3,2,2,2,2,3,4,2,2,2,2,2,3,2,3,2,2,2,2,3,3,2,2,3,2,2,3,3,2,2,17,1,2,1,2,0,3,5,3,4,3,3,4,4,4,4,4,5,4,3,3,4,2,3,4,3,3,3,3,3,4,3,3,3,4,3,3,4,3,3,4,2,2,2,2,2,2,2,2,2,1,2,2,2,2,2,3,4,5,6,4,5,4,6,5,1,34,4,1,1,1,40,9000,8000,0,301301,한의사 경기 침체 병원 사람,한의학
30450,2,2,3,3,2,3,3,3,2,2,3,4,2,2,4,4,3,3,3,3,2,3,2,1,3,4,3,3,3,5,2,4,2,3,1,0,2,2,3,5,2,4,3,4,2,3,2,3,3,3,3,2,3,5,3,4,2,4,2,2,2,2,3,2,3,5,2,3,3,3,2,5,2,2,3,2,4,4,3,3,2,3,2,2,3,4,2,3,3,2,3,4,3,2,3,3,3,2,3,1,2,8,1,2,2,2,0,3,2,3,3,3,4,4,3,3,4,4,3,3,3,4,4,3,4,4,4,3,2,4,3,2,2,3,3,4,3,4,3,2,3,3,2,2,2,2,2,2,2,2,2,2,2,3,3,3,2,9,8,7,2,3,4,6,5,4,1,45,2,1,3,2,40,4100,2500,0,624401,기계 설비 자동화 일자리 감소,문과
30451,3,4,3,3,1,0,3,3,4,4,3,3,4,4,3,5,3,3,3,4,3,4,3,3,4,3,2,4,3,4,3,4,3,4,3,4,4,5,4,5,4,5,4,5,3,4,3,4,3,4,3,3,3,3,3,3,2,2,3,3,1,0,3,3,3,2,2,2,2,2,1,0,1,0,4,5,2,2,3,3,2,3,1,0,1,0,1,0,4,3,4,4,4,4,4,4,4,4,2,2,5,18,1,2,2,1,3,5,4,4,4,4,4,4,4,3,3,4,4,4,4,5,5,4,3,4,4,4,4,4,4,2,5,4,4,5,4,4,4,3,3,4,2,2,2,2,2,2,2,2,2,2,3,2,2,2,1,8,8,8,8,8,8,9,3,3,1,50,4,1,1,1,40,4500,2800,0,414102,재료의특성 파악 변화,미술학
30452,3,3,3,4,3,4,3,3,3,5,2,2,1,0,2,4,3,4,1,0,1,0,1,0,5,4,3,4,2,3,2,3,1,0,1,0,1,0,2,1,3,3,2,3,2,2,3,3,1,0,2,2,1,0,1,0,2,1,2,2,4,3,2,3,3,3,1,0,1,0,1,0,2,1,1,0,1,0,2,1,1,0,1,0,5,4,2,2,4,3,5,2,2,3,4,1,3,3,3,2,4,16,5,2,1,1,2,4,2,3,3,3,2,3,4,4,4,4,4,4,4,3,3,3,3,3,2,3,2,3,4,4,4,4,4,4,4,4,4,3,3,3,2,2,2,2,2,2,2,2,2,2,3,3,3,3,2,7,6,5,3,2,4,6,7,6,2,32,2,1,3,1,40,2400,1800,0,29501,워드프로세스 기초직무교육 선행 학습 부모,문과
30453,5,4,5,4,3,4,3,4,1,0,4,4,5,4,5,4,2,4,4,4,3,4,4,4,5,4,2,4,5,4,2,4,5,4,2,4,4,4,2,4,5,4,5,4,2,4,2,4,1,0,2,4,2,4,2,4,1,0,1,0,2,4,4,4,1,0,1,0,1,0,2,4,4,4,1,0,1,0,1,0,1,0,1,0,5,4,4,4,5,3,4,3,4,4,1,4,1,5,4,4,4,18,1,2,2,1,4,3,5,3,4,4,4,5,3,3,9,9,4,4,2,4,5,3,3,3,3,1,2,4,5,5,4,4,3,3,3,5,3,1,5,3,2,1,1,1,2,2,1,2,2,2,3,2,2,2,1,2,3,5,2,3,4,2,2,1,1,53,4,2,5,1,50,0,0,23000,416102,영화 촬영장 방문 실습 교육 기술 개발 상황 유지,신문방송학
30454,3,5,3,4,4,4,3,5,3,5,3,4,4,4,3,5,3,5,3,5,3,4,3,5,3,4,4,4,3,5,3,5,3,4,4,4,3,5,3,5,3,5,3,4,4,4,3,5,3,5,3,5,3,4,3,4,4,4,3,5,3,5,3,4,4,4,4,6,4,5,3,4,3,5,3,5,3,4,3,5,3,4,4,4,3,5,3,5,3,4,4,3,4,3,4,3,4,3,4,3,4,10,1,2,2,2,0,2,4,3,4,4,4,3,4,4,3,3,3,3,3,4,4,3,4,4,3,2,3,4,4,3,3,4,3,4,3,4,3,3,3,3,2,2,2,2,2,2,2,2,2,2,2,2,2,2,1,5,6,5,6,7,6,6,5,6,1,40,3,1,3,1,52,4300,3500,0,132004,인공 지능 확대,컴퓨터전산
30455,4,4,4,3,3,4,5,5,1,0,1,0,1,0,1,0,1,0,1,0,1,0,1,0,1,0,1,0,5,6,4,4,3,4,1,0,4,5,2,2,4,4,1,0,1,0,1,0,1,0,1,0,1,0,1,0,1,0,1,0,1,0,1,0,1,0,1,0,1,0,1,0,1,0,1,0,1,0,1,0,1,0,1,0,1,0,1,0,2,4,4,3,4,4,3,2,3,2,5,4,4,17,3,3,1,2,0,1,2,4,2,2,3,3,4,3,2,4,3,4,4,4,2,2,4,3,2,2,3,4,2,4,5,4,4,3,4,5,3,4,3,3,2,2,2,2,2,2,2,2,2,1,2,2,2,3,2,6,6,5,4,5,5,4,5,6,2,28,3,1,3,2,40,2400,2400,0,306904,예술치료사 1급 인구 감소,치료심리학
30456,4,4,3,4,3,4,2,3,3,4,3,5,4,5,3,4,3,5,3,4,2,3,1,0,1,0,2,3,2,4,2,3,2,3,1,0,3,3,1,0,3,4,2,3,3,5,1,0,1,0,2,3,4,6,3,4,1,0,1,0,2,2,1,0,2,3,1,0,1,0,1,0,1,0,2,2,1,0,1,0,1,0,1,0,2,3,2,3,4,4,3,4,4,4,4,3,3,4,4,3,4,3,1,2,1,2,0,4,5,4,4,4,4,4,4,5,5,5,5,5,3,3,3,4,3,4,4,3,4,4,4,4,4,3,3,4,3,4,4,4,4,4,2,2,2,2,2,2,2,2,2,1,3,3,3,3,2,2,3,3,3,4,2,2,1,4,1,36,4,1,1,1,40,5500,3600,0,154103,화공기사 대체 불가능,화공학
30457,3,4,3,4,1,0,5,7,2,2,2,2,5,7,4,4,2,2,5,6,4,6,4,6,4,5,3,3,3,4,3,4,3,3,1,0,4,6,1,0,3,3,2,2,2,2,2,2,2,2,1,0,2,2,2,2,1,0,1,0,4,6,1,0,2,2,2,2,1,0,1,0,1,0,4,5,3,4,3,4,1,0,1,0,4,6,5,7,4,3,5,1,2,4,2,5,1,4,5,2,5,18,4,1,2,2,0,6,2,3,2,2,3,3,2,2,9,9,9,3,3,3,3,3,3,4,3,4,4,4,4,5,4,4,4,5,5,5,3,3,4,4,1,1,1,1,1,2,2,2,2,4,4,2,2,2,1,8,8,9,8,8,8,8,8,8,1,34,4,1,4,2,48,1100,1000,0,414502,디지털 발달 개인 플랫폼 발달 소비자 직접,문화교향
30458,4,4,4,4,4,4,4,4,4,4,4,4,4,4,4,4,4,4,4,4,4,4,4,4,4,4,4,4,4,4,4,4,4,4,4,4,4,4,4,4,4,4,4,4,4,4,4,4,4,4,4,4,4,4,4,4,4,4,4,4,4,4,4,4,4,4,4,4,4,4,4,4,4,4,4,4,4,4,4,4,4,4,1,0,4,4,4,4,4,4,1,1,3,3,2,3,4,3,4,4,4,18,1,2,2,2,0,6,5,5,4,3,5,4,4,2,2,3,4,3,4,3,2,5,4,4,4,3,3,4,3,5,4,4,3,2,4,3,3,3,3,4,2,2,2,2,2,2,2,2,2,1,3,2,2,2,2,4,7,4,3,5,3,7,5,3,1,43,4,1,1,1,48,2500,1500,0,416103,예술 사람,연극영화
30459,2,4,4,4,2,4,3,6,3,4,4,5,1,0,2,4,2,4,1,0,2,4,2,3,4,4,4,5,4,7,3,5,5,5,4,4,3,4,5,5,5,6,3,4,4,4,3,5,2,3,3,4,1,0,1,0,1,0,1,0,2,3,1,0,1,0,1,0,1,0,1,0,2,4,1,0,1,0,1,0,1,0,1,0,1,0,1,0,5,5,1,2,4,3,5,1,3,3,4,5,4,17,3,2,1,2,0,6,5,5,4,4,5,4,4,3,9,9,4,4,2,5,4,4,4,4,4,4,5,5,3,5,4,4,4,4,4,5,4,4,5,5,2,2,2,2,2,2,2,2,2,1,4,1,1,1,1,8,8,6,3,3,2,3,9,9,2,44,5,1,1,1,45,3000,2400,0,13501,사회복지사1급 사회 발전 수용 케어 니즈 증가,사회복지학
30460,4,5,4,4,4,4,4,5,3,3,3,3,4,4,4,4,4,5,3,4,2,2,3,3,4,5,3,3,3,3,3,4,4,4,4,4,3,3,3,3,3,3,4,5,4,5,4,5,4,5,4,5,3,4,3,4,4,5,4,5,4,4,4,4,4,4,4,5,4,5,4,5,4,5,4,4,4,4,4,5,4,4,4,4,3,3,3,3,3,3,3,2,3,3,2,3,3,3,3,3,3,6,2,3,2,1,2,2,5,3,2,2,3,3,2,3,3,3,3,3,3,3,3,4,4,3,4,2,3,2,4,3,3,3,2,2,3,3,2,2,3,4,2,2,2,2,2,2,2,1,1,2,2,2,2,2,2,7,7,6,4,3,5,3,7,7,1,43,4,1,3,2,52,5200,2800,0,16101,안전교육 연수 프로그램 도입 때문 인공 지능,토목
30461,5,6,4,4,2,3,2,2,1,0,4,5,1,0,3,2,3,3,1,0,3,3,3,3,4,2,5,5,2,1,3,4,3,3,4,4,4,3,1,0,5,4,5,5,4,3,4,5,1,0,3,3,1,0,1,0,1,0,1,0,5,4,4,3,1,0,1,0,1,0,1,0,5,4,1,0,1,0,1,0,1,0,1,0,2,1,3,2,5,5,2,2,4,3,5,2,2,4,3,5,2,15,2,5,2,2,0,3,5,5,5,4,4,5,4,3,4,3,5,4,2,5,3,2,4,3,3,2,4,3,4,2,4,5,4,3,3,4,5,4,5,4,2,2,2,2,2,2,2,2,2,2,3,3,3,3,2,7,4,7,5,4,7,4,7,6,1,58,5,1,1,1,40,8500,8000,0,11102,일자리,행정학
30462,4,5,4,6,4,5,4,5,4,5,4,5,4,5,4,6,4,5,4,5,4,5,4,6,4,5,4,5,4,5,4,5,4,6,4,5,4,5,4,5,4,6,4,6,4,5,4,6,4,5,4,6,4,6,4,5,4,6,4,6,4,5,4,6,4,6,4,5,4,5,4,5,4,5,4,5,4,5,4,5,4,6,4,5,4,5,4,5,4,4,4,3,4,3,4,4,4,4,3,4,4,7,1,2,2,2,0,5,5,4,4,4,4,5,4,4,5,4,4,4,4,4,4,4,3,4,3,5,4,4,4,4,4,5,4,4,5,4,4,4,4,4,2,2,2,2,2,2,2,2,2,1,4,2,2,2,1,6,7,5,8,7,7,6,9,7,1,40,4,1,1,1,40,5000,2800,0,612301,전기 차등 종이 출시,경영학
30463,5,6,4,5,5,6,5,6,5,6,4,5,4,5,3,5,5,6,3,5,4,5,4,5,4,5,4,5,4,5,4,5,4,5,4,4,4,5,4,5,4,5,4,5,4,5,3,4,4,5,4,5,4,4,4,5,4,5,4,5,4,5,4,5,4,5,3,4,4,5,4,5,4,5,4,5,4,5,2,1,2,2,2,1,4,3,2,3,5,4,5,4,4,5,4,4,4,5,4,4,5,13,2,4,2,2,0,2,5,5,4,5,4,4,4,3,3,4,4,4,1,4,5,4,3,4,3,5,4,3,4,3,4,5,4,4,5,3,4,4,4,3,2,2,2,2,2,2,2,2,2,2,3,3,3,3,2,4,5,8,6,8,9,5,8,8,1,45,4,1,1,1,40,5300,4800,0,121201,실험 방비 첨단 당분간 유지,해양학
30464,2,3,3,4,3,4,4,6,3,4,3,4,1,0,1,0,2,3,4,6,4,5,4,5,1,0,1,0,3,4,4,5,4,5,4,5,1,0,3,4,1,0,4,4,1,0,1,0,1,0,2,3,1,0,1,0,1,0,1,0,3,5,1,0,1,0,1,0,1,0,1,0,1,0,1,0,1,0,2,3,1,0,1,0,3,4,3,4,4,3,3,4,3,3,2,3,3,4,2,3,3,14,1,3,2,2,0,7,5,3,4,3,4,4,3,3,4,3,4,3,3,4,3,3,4,3,2,3,2,2,3,2,3,4,3,4,3,3,4,3,3,4,2,2,2,2,2,2,2,2,2,2,3,3,3,3,2,8,9,8,7,8,5,8,9,8,1,33,4,1,1,1,40,2800,2400,0,26103,영업직,경영학
30465,4,5,4,6,4,5,5,6,4,5,4,6,4,4,4,5,4,4,2,3,1,0,4,6,3,3,3,3,3,5,3,6,3,3,2,4,4,5,3,5,3,3,2,3,3,6,1,0,1,0,3,6,1,0,1,0,1,0,1,0,3,5,1,0,1,0,1,0,1,0,1,0,1,0,1,0,2,2,1,0,1,0,1,0,3,4,4,2,3,4,4,4,5,3,4,3,4,4,4,4,3,16,5,2,1,1,6,6,5,5,4,4,2,4,3,4,4,4,4,4,2,4,4,4,4,4,4,4,3,3,3,4,4,4,4,4,4,4,4,4,4,4,2,2,2,2,2,2,2,2,2,1,2,3,3,3,1,6,6,5,4,4,4,5,6,6,2,55,4,1,1,1,40,7250,6850,0,13202,초등학교1 2급 정교사 학교운영 실무 교육 출산 저하 학생 감소 현상,국어교육
30466,4,5,3,4,2,2,3,4,2,2,1,0,4,4,3,4,2,3,3,4,3,4,2,2,3,4,4,4,3,4,3,4,3,4,3,4,3,4,4,5,3,4,3,4,4,4,3,4,3,4,4,4,3,4,1,0,2,2,2,2,1,0,2,2,1,0,2,2,2,2,1,0,2,2,3,4,3,4,4,5,3,4,4,5,3,4,3,4,3,3,3,4,4,3,3,3,3,3,4,4,3,9,1,1,1,2,0,2,4,4,4,4,4,4,4,4,4,3,4,4,3,3,4,4,3,3,4,4,3,3,3,4,3,3,4,4,3,3,4,4,3,4,2,2,2,2,2,2,2,2,2,2,3,3,3,3,2,6,4,4,5,6,6,6,4,5,2,35,3,1,1,1,40,3600,3000,0,531701,바리스타 수요,조리학
30467,2,2,3,3,1,0,5,3,1,0,2,2,3,5,1,0,2,2,2,1,1,0,1,0,1,0,2,2,5,3,5,4,4,5,3,3,1,0,2,4,4,6,4,5,1,0,1,0,1,0,2,2,1,0,1,0,2,3,1,0,2,2,2,1,2,3,1,0,1,0,1,0,1,0,1,0,1,0,2,1,2,1,2,2,3,3,5,3,3,3,5,2,1,2,3,2,2,1,3,1,4,19,1,2,2,2,0,2,2,4,3,3,4,4,3,4,4,3,4,4,4,3,3,3,4,4,4,2,3,3,2,4,4,5,5,4,3,4,4,3,4,4,2,2,2,2,2,2,2,2,2,2,2,2,2,2,1,6,7,5,6,4,3,6,5,4,1,48,4,1,1,1,40,5500,4000,0,15101,온라인 쇼핑 증가,경영학
30468,3,3,4,4,2,2,4,4,2,2,3,3,3,4,3,3,3,3,3,3,3,4,3,3,3,3,3,3,4,4,4,5,3,3,2,3,2,2,3,3,3,3,3,3,3,3,2,2,3,3,3,3,2,2,2,2,1,0,2,2,2,2,2,2,3,2,1,0,1,0,1,0,2,2,2,2,2,2,3,3,2,2,2,2,2,2,3,4,4,3,2,3,3,2,2,4,2,3,4,3,2,18,1,2,2,1,3,4,5,3,3,3,4,4,4,3,3,3,4,3,3,4,4,3,3,4,4,3,3,3,3,3,3,4,4,4,3,3,3,4,4,4,2,2,2,2,2,2,2,2,2,1,3,2,2,2,1,5,6,6,5,4,5,5,5,6,2,27,4,1,3,2,50,2800,1900,0,416204,실무경험 현재 비슷,연극영화학
30469,4,5,3,4,4,4,4,5,2,2,3,4,3,4,1,0,2,2,1,0,1,0,4,5,3,4,4,6,4,5,3,4,4,5,1,0,5,6,3,4,3,4,2,3,3,4,1,0,1,0,1,0,1,0,1,0,1,0,1,0,2,2,1,0,1,0,1,0,1,0,1,0,1,0,1,0,1,0,1,0,1,0,1,0,4,5,4,5,4,4,3,4,3,4,3,3,4,3,4,3,3,16,5,3,1,2,0,7,5,3,4,3,4,3,3,4,3,4,4,3,3,4,3,3,4,3,4,3,3,3,3,3,4,3,4,3,3,3,4,4,3,3,2,2,2,2,2,2,2,2,2,2,2,3,3,3,2,7,8,6,7,7,7,7,7,7,2,31,4,1,1,1,40,3300,2400,0,212201,2급정교사 학생 감소,초등교육
30470,4,5,4,4,3,4,4,5,4,5,3,4,3,4,2,2,3,4,3,5,3,4,2,2,3,3,4,4,4,5,4,5,3,4,3,4,3,4,3,4,4,4,4,5,3,4,3,2,2,3,2,3,1,0,1,0,1,0,1,0,1,0,3,5,1,0,1,0,1,0,1,0,1,0,1,0,2,2,3,5,4,5,2,2,4,5,4,5,3,2,4,4,4,2,3,2,3,2,3,3,3,7,1,2,1,2,0,6,2,4,2,2,4,3,3,3,3,3,3,3,4,3,3,3,2,3,2,3,3,4,3,4,4,4,3,2,4,3,2,2,3,3,2,2,2,2,2,2,2,2,2,1,3,3,3,3,2,8,8,3,3,2,2,4,8,7,1,65,4,1,1,1,60,4500,3000,0,612501,경매사 업무 지원,경영학
30471,2,2,4,5,2,2,3,4,3,4,1,0,1,0,3,3,3,4,1,0,1,0,3,4,3,4,3,4,4,5,3,3,3,4,2,3,4,5,4,5,3,4,3,4,2,2,3,4,3,4,3,4,2,2,1,0,1,0,1,0,3,4,2,2,2,2,1,0,1,0,1,0,3,4,2,2,2,3,2,3,2,2,1,0,3,3,2,3,4,3,2,3,2,2,3,3,2,2,3,2,3,7,1,2,2,2,0,7,2,2,2,3,4,3,3,3,2,3,4,3,3,4,4,4,3,4,3,3,4,2,3,4,3,3,4,3,3,4,3,3,3,3,2,2,2,2,2,2,2,2,2,4,2,3,3,3,2,6,6,7,5,4,4,4,3,5,2,54,2,1,1,1,50,2800,2000,0,616101,셀프서비스 도입,문과
30472,4,6,4,5,4,6,4,5,4,6,4,5,4,5,4,4,4,4,4,5,4,5,4,5,4,5,3,5,3,5,4,5,3,5,3,5,4,5,4,5,3,5,4,4,4,5,4,5,4,5,4,5,4,5,4,5,4,5,4,5,4,5,4,4,4,5,4,5,4,5,4,5,4,5,4,4,4,5,4,5,4,5,4,5,4,5,4,4,4,3,3,3,4,4,3,4,3,3,4,3,3,13,1,2,1,1,4,2,4,4,3,3,4,3,3,4,5,4,4,4,2,3,3,4,3,3,2,3,3,3,3,4,3,3,3,3,3,4,4,4,3,3,2,2,2,2,2,2,2,2,2,2,3,2,2,3,1,8,7,7,7,7,7,7,6,7,1,32,4,1,1,1,41,4200,4000,0,153103,신재생에너지발전설비기사 실무교육 전기 기술 발달,원자력공학
30473,5,6,5,6,3,4,4,5,4,5,4,6,1,0,5,6,5,7,4,5,4,5,3,5,5,6,4,6,5,6,5,7,4,5,4,4,5,6,5,6,5,6,4,5,5,7,5,6,5,6,5,4,5,5,1,0,5,7,1,0,3,5,5,6,5,6,3,4,2,3,4,4,5,6,5,7,4,5,4,5,3,4,4,4,5,6,5,5,5,4,1,4,4,3,5,4,4,4,4,5,5,17,1,2,1,2,0,6,6,5,4,4,4,4,3,4,9,9,4,4,1,5,4,3,3,3,4,3,3,3,2,4,4,5,5,4,3,4,5,3,5,4,2,2,2,2,2,2,2,2,2,1,1,2,2,2,2,1,1,1,6,7,7,9,3,1,2,50,5,2,5,1,45,0,0,9500,301104,전문의자격증 결혼 출산율 갈수록,의학
30474,2,3,4,5,2,2,3,3,2,2,3,4,3,3,2,3,4,5,2,3,1,0,2,2,3,4,3,3,3,4,2,2,1,0,1,0,2,3,2,3,3,3,3,4,3,4,2,2,2,3,4,4,3,4,5,7,4,6,3,4,1,0,3,4,4,6,5,6,4,6,4,6,1,0,4,6,3,4,3,4,5,7,4,5,3,4,3,4,3,2,2,3,2,1,3,3,2,3,3,1,2,3,1,5,2,1,2,2,2,4,3,2,4,4,3,4,4,3,3,3,2,3,2,4,3,4,3,4,4,4,4,3,4,4,3,4,5,4,4,4,4,4,2,2,2,2,2,2,2,2,2,1,2,3,3,3,2,8,7,6,7,6,7,6,7,6,1,48,2,1,1,1,40,4300,2800,0,821101,설비조작의 정교성 교육 직종 기피 현상 자동화 실현,인문계
30475,1,0,3,4,1,0,1,0,2,3,1,0,1,0,1,0,1,0,1,0,1,0,1,0,1,0,1,0,2,2,1,0,1,0,2,5,1,0,2,3,1,0,1,0,1,0,1,0,1,0,1,0,1,0,1,0,1,0,1,0,3,4,1,0,1,0,1,0,1,0,1,0,1,0,1,0,1,0,1,0,1,0,1,0,1,0,1,0,3,3,2,3,4,3,3,3,2,2,3,3,2,7,1,1,2,2,0,7,2,3,2,3,4,3,3,4,3,4,3,3,3,3,3,2,3,2,3,3,3,2,3,2,3,3,2,3,3,4,4,3,3,3,2,2,2,2,2,2,2,2,2,2,3,2,2,2,2,5,4,5,3,5,4,7,5,5,1,39,4,1,1,1,52,3200,2400,0,614001,변화,철학
30476,4,4,4,4,4,4,3,5,3,5,3,5,4,4,4,4,4,4,3,5,3,5,3,4,4,4,4,4,4,4,3,3,4,4,4,4,4,4,4,4,4,4,3,5,3,5,3,5,4,4,4,4,4,4,4,4,4,4,4,4,4,4,4,4,4,4,3,3,3,3,3,4,4,4,4,4,3,4,3,3,3,4,3,3,4,4,3,4,3,4,3,4,3,4,3,3,2,3,2,3,2,11,1,5,1,1,1,1,4,4,3,4,3,3,3,3,4,3,4,3,4,3,3,3,4,4,3,4,3,4,3,3,3,4,3,2,3,4,3,2,3,3,2,2,2,2,2,2,2,2,2,1,3,2,2,2,2,5,4,6,5,5,5,6,7,4,1,34,4,1,1,1,40,4000,2400,0,32301,보험계리사 보험에 관한 공부 미래 때문 관심,통계학
30477,2,3,3,3,2,2,2,2,2,2,2,2,2,2,2,2,2,2,2,2,2,2,2,2,3,2,2,2,3,3,3,3,3,2,2,2,2,2,3,3,3,2,1,0,2,2,1,0,1,0,1,0,1,0,1,0,3,3,3,4,1,0,1,0,1,0,2,3,3,3,3,3,2,2,1,0,3,3,3,3,3,3,3,3,3,3,3,3,3,3,3,3,3,2,3,4,3,3,3,3,3,6,4,2,2,2,0,2,2,3,1,1,3,3,2,3,3,3,3,3,4,2,2,4,3,4,4,3,3,2,3,3,3,3,3,2,2,4,3,3,3,3,2,2,2,2,2,2,2,2,2,1,4,2,2,2,1,4,4,4,4,4,4,5,5,5,1,69,2,1,4,2,30,3000,2400,0,701401,건설 공사 증가,인문고
30478,5,7,5,6,5,6,4,6,4,6,4,7,4,5,4,5,5,7,4,6,4,6,5,7,5,6,4,5,5,7,4,6,5,7,4,6,4,6,4,4,4,5,5,7,4,5,1,0,3,4,4,5,3,3,1,0,1,0,1,0,2,3,1,0,1,0,1,0,1,0,1,0,2,3,1,0,1,0,1,0,1,0,1,0,2,3,2,3,4,3,3,3,4,3,4,3,3,4,4,2,3,15,2,4,2,2,0,5,6,3,3,3,4,4,4,3,3,3,3,3,3,3,3,2,2,2,2,2,3,3,4,3,3,2,2,3,3,4,3,3,4,5,2,2,2,2,2,2,2,2,2,2,3,3,3,3,2,2,2,4,5,5,5,2,2,5,2,51,5,1,1,1,50,7000,3200,0,110203,상태 유지,사회복지학
30479,2,2,3,3,2,2,2,2,1,0,2,2,2,2,2,2,2,2,3,3,1,0,2,2,2,2,1,0,2,2,1,0,1,0,2,2,2,2,2,2,2,2,2,2,2,2,1,0,1,0,1,0,3,3,3,4,3,3,3,3,1,0,2,2,4,4,2,3,3,4,4,4,1,0,2,2,5,4,2,2,4,4,3,4,2,2,2,2,3,2,4,2,3,2,3,3,2,3,2,3,3,6,1,1,2,2,0,2,1,3,3,3,2,2,1,3,3,3,3,3,4,2,2,3,4,4,2,3,2,4,3,5,4,4,3,4,4,3,4,4,5,4,2,2,2,2,2,2,2,2,2,2,3,2,2,3,1,6,5,8,6,8,9,7,3,4,1,48,2,1,1,1,50,3000,2400,0,701501,기존 건축물 대한 모델링 재건축 시장 성장 침체 도심 도시 재상 사업,공고
30480,4,6,5,6,5,5,3,5,4,4,4,5,5,5,4,6,4,4,5,5,4,5,4,4,5,5,5,5,5,5,4,5,4,5,5,5,4,5,4,6,5,5,4,5,4,6,4,5,5,6,4,5,4,5,5,6,4,5,1,0,5,5,4,5,4,5,3,4,3,4,2,3,4,5,1,0,1,0,1,0,1,0,2,3,2,4,3,5,5,4,5,4,4,3,3,5,4,5,4,4,4,3,1,6,2,2,0,6,6,5,4,4,4,5,3,4,9,9,4,4,3,4,3,5,4,3,3,3,3,2,4,4,4,5,5,3,4,3,3,3,3,3,2,2,2,2,2,2,2,2,2,1,3,3,3,3,2,8,5,4,5,5,3,4,3,5,1,63,4,2,5,1,40,0,0,13000,11201,소수 인력 일자리 변화,무역학
30481,5,6,4,6,5,6,4,6,4,6,5,6,4,5,4,6,5,6,4,6,4,6,5,6,5,6,4,6,4,6,4,6,4,6,3,5,5,6,4,6,4,6,4,5,3,5,2,3,3,5,3,4,3,4,2,2,2,4,2,4,4,6,1,0,1,0,1,0,1,0,1,0,2,3,1,0,3,5,3,5,2,4,3,5,4,6,4,6,5,5,3,3,5,2,3,2,3,5,5,5,3,16,5,3,1,2,0,7,5,5,4,4,4,4,4,4,4,5,5,5,2,5,5,5,4,4,4,3,4,4,3,4,4,5,4,2,3,4,4,3,4,3,2,2,1,2,2,2,2,2,2,2,2,1,2,3,1,8,5,3,5,3,3,2,8,9,1,45,4,1,1,1,48,5200,3200,0,212101,중등교사자격증 온라인 비대 학습 학생 감소 인터넷 학습 가능,국문학
30482,4,6,4,4,3,4,3,5,3,4,3,5,4,5,3,5,3,5,4,5,3,4,4,6,3,4,4,4,4,5,4,4,4,5,3,5,3,4,4,4,4,4,3,5,3,5,3,6,3,4,4,4,4,4,3,5,3,5,3,5,3,4,4,4,4,4,3,5,3,6,4,4,3,4,4,4,4,4,3,4,4,4,4,4,4,4,4,4,5,4,3,4,3,3,4,3,4,4,3,4,3,4,2,3,1,1,2,5,4,3,4,3,4,4,4,4,4,4,3,4,3,4,3,3,4,3,4,4,3,4,4,4,3,3,4,4,3,4,3,3,4,4,2,2,2,2,2,2,2,2,2,2,4,3,3,3,2,8,8,4,5,3,6,8,4,5,1,42,4,1,1,1,40,3800,2700,0,158402,가스산업기사 안전교육 사람 직접 관리,금속
30483,5,7,5,7,5,7,5,7,1,0,5,7,5,7,5,7,5,7,1,0,5,7,5,6,5,6,4,6,3,3,3,4,5,6,3,4,5,3,3,4,5,4,5,7,4,5,1,0,1,0,4,5,1,0,1,0,1,0,1,0,5,6,1,0,1,0,1,0,1,0,1,0,3,4,2,2,2,2,3,4,3,4,3,4,5,7,3,3,4,3,3,3,3,2,2,4,2,5,3,2,4,20,4,1,1,2,0,4,5,3,4,3,3,3,4,2,3,3,4,3,2,4,4,3,4,4,4,4,4,5,4,5,5,4,4,5,4,4,5,3,5,4,2,2,2,2,2,2,2,2,2,1,2,2,2,2,1,8,1,1,2,2,8,9,9,1,2,29,4,1,4,2,40,1800,1500,0,411102,한국사 자격증 독서 인구,서사창작학
30484,3,4,3,4,2,2,2,3,3,5,3,3,3,4,4,5,3,4,3,4,3,4,4,4,4,5,4,4,2,3,3,4,3,3,3,3,3,4,4,4,4,5,4,5,2,2,2,3,2,3,2,2,4,5,3,4,4,5,4,6,3,4,4,5,4,4,4,5,4,5,4,4,4,5,4,6,4,5,3,4,3,3,3,4,3,4,2,3,4,4,2,3,4,3,4,2,4,4,4,3,3,3,1,2,1,2,0,2,2,4,4,3,4,4,3,3,3,2,3,3,3,3,2,3,2,2,3,2,2,3,1,4,3,3,4,3,3,3,4,3,3,3,2,2,2,2,2,2,2,2,2,2,2,2,3,3,2,4,4,5,4,4,5,5,4,5,1,29,2,1,1,1,40,3000,3000,0,813201,연삭기능사 친환경 제조업 에너지 선호 세계 분위기 영향,일반고
30485,2,4,3,4,2,3,2,3,3,4,2,4,2,3,3,4,2,3,3,4,3,4,2,4,2,4,3,4,3,4,3,4,3,3,3,4,2,3,3,4,3,4,3,3,3,4,2,3,3,3,3,3,2,4,2,4,3,3,2,4,2,4,2,3,3,3,2,4,3,4,3,4,2,3,3,3,3,3,2,4,2,4,2,3,2,2,2,3,3,3,4,3,3,2,4,3,3,3,3,3,3,13,3,4,2,2,0,2,4,3,4,3,3,3,3,3,3,3,3,3,3,3,3,3,3,3,3,3,3,3,3,4,3,3,3,3,3,3,3,3,3,3,2,2,2,2,2,2,2,2,2,2,3,3,2,3,2,5,5,5,5,5,5,5,5,5,1,50,3,1,1,1,40,6500,4000,0,151301,기계공작 필요 수요 계속 것이므,전자계산
30486,4,5,4,4,4,6,4,5,3,5,4,6,4,5,3,5,3,5,4,5,3,5,3,5,3,4,4,4,3,5,3,5,4,6,4,4,3,5,2,4,3,5,3,5,2,4,4,6,4,5,3,4,3,5,3,4,3,5,3,5,4,6,3,5,4,5,3,3,2,2,2,4,4,5,2,2,2,2,1,0,1,0,1,0,2,5,2,2,4,3,3,3,4,4,3,3,3,4,4,3,4,3,1,4,2,2,0,4,4,4,4,4,4,4,3,3,4,3,4,3,2,4,3,5,3,2,3,4,2,4,3,5,2,4,4,4,5,5,2,2,5,4,2,2,2,2,2,2,2,2,2,2,3,3,3,3,2,4,6,4,6,5,5,5,9,5,1,41,4,1,1,1,40,5500,3000,0,26101,조직 운영 업무 부서,행정학
30487,2,3,3,4,2,3,4,5,1,0,2,2,2,2,2,2,2,3,1,0,1,0,2,3,3,3,1,0,3,3,3,3,4,5,2,3,1,0,3,3,2,2,1,0,1,0,1,0,1,0,1,0,1,0,1,0,1,0,1,0,3,3,2,2,1,0,1,0,1,0,1,0,2,2,1,0,1,0,2,2,1,0,1,0,2,2,3,3,3,2,4,2,2,4,2,2,2,2,3,2,2,11,1,2,2,1,1,1,2,1,1,1,3,2,3,2,2,3,3,3,4,2,2,2,2,2,3,4,2,4,2,4,2,2,2,2,3,4,4,4,4,5,2,2,2,2,2,2,2,2,2,3,2,3,3,3,1,6,6,5,5,5,5,5,5,5,2,27,4,1,3,2,44,2600,2200,0,613001,서비스 교육 고객 응대 서비스 증가,사회복지학
30488,5,6,5,6,2,3,3,5,1,0,4,6,5,6,4,5,5,6,5,5,4,5,5,5,5,6,5,5,4,4,4,5,3,5,3,4,5,5,4,5,3,5,3,4,5,6,2,4,1,0,1,0,1,0,1,0,5,6,4,5,1,0,1,0,5,6,5,5,5,5,1,0,3,5,5,6,4,5,5,6,4,6,4,6,3,4,5,6,4,3,4,2,3,3,3,3,3,2,3,3,4,18,4,1,2,2,0,7,5,3,3,3,2,3,2,1,9,9,9,1,4,4,4,3,4,4,3,3,4,4,3,4,4,3,3,2,4,4,4,3,3,4,2,2,2,2,2,2,2,2,2,2,1,2,2,2,1,4,3,1,4,3,4,8,7,4,2,33,5,1,4,2,20,900,900,0,414503,연주자 일자리 한정 사회 체계 계속 악화 예상,음악교육학
30489,3,4,4,5,2,1,3,3,2,2,1,0,1,0,1,0,2,1,1,0,1,0,2,2,3,4,2,2,3,4,3,4,2,3,3,4,3,3,4,5,3,4,4,5,3,4,3,4,3,4,3,4,3,3,2,2,3,3,3,4,1,0,2,2,3,3,2,3,2,2,3,4,2,2,4,5,3,4,3,3,4,5,3,4,3,3,3,4,5,3,3,4,4,3,4,4,3,3,5,3,4,13,4,1,2,1,2,5,2,4,3,3,4,4,3,4,9,9,4,4,1,5,4,4,4,4,3,3,4,3,4,4,3,4,2,3,2,4,3,2,3,4,2,2,2,2,2,2,2,2,2,1,2,2,3,3,1,7,6,8,6,3,3,2,3,5,1,50,2,2,6,1,40,0,0,4900,702501,기초스킬 벽지뽑기 필름 분야 발전,전기
30490,3,6,5,6,4,5,3,5,4,4,4,5,3,4,3,3,2,5,2,4,3,5,3,5,2,3,1,0,3,4,2,2,1,0,1,0,2,5,4,6,4,6,3,5,3,4,1,0,1,0,1,0,3,4,3,4,1,0,1,0,4,5,1,0,3,3,3,4,2,5,4,5,2,3,3,4,3,3,3,3,4,4,2,3,4,5,3,4,4,4,3,2,3,2,4,3,1,3,2,3,3,17,3,5,1,1,6,6,5,4,3,4,4,3,4,4,4,4,5,4,4,4,4,4,4,4,5,4,4,4,4,4,4,4,4,3,4,4,3,4,4,3,2,2,2,2,2,2,2,2,2,2,4,3,3,3,2,3,6,4,6,6,4,4,5,6,2,36,4,1,1,1,40,9500,7000,0,301105,의사면허 이비인후과전문의 레지던트 인턴과정 의료 기술 발달 건강 중시,의학
30491,2,2,3,3,4,4,3,4,1,0,3,4,1,0,4,5,3,4,2,2,1,0,1,0,2,3,4,5,2,3,3,4,2,3,2,3,1,0,4,4,3,4,2,3,2,2,1,0,3,3,3,3,4,4,2,3,3,4,2,4,3,4,2,2,1,0,1,0,1,0,1,0,1,0,2,3,2,3,3,5,5,4,2,2,4,5,2,1,4,5,4,2,2,3,4,2,2,1,3,4,4,19,1,2,2,2,0,3,2,4,3,3,2,4,3,4,4,5,4,4,2,4,4,4,3,4,4,4,4,4,4,4,4,4,3,4,4,4,4,4,4,4,2,2,2,2,2,2,2,2,2,2,3,1,3,3,2,7,5,5,4,4,5,7,8,7,1,50,2,2,5,1,40,0,0,4500,14301,환경오염 증가 현재,문과
30492,5,6,5,6,5,6,5,5,5,6,5,5,5,6,5,6,5,5,5,5,5,2,5,4,5,2,5,3,5,3,5,3,5,3,5,5,4,4,5,4,5,3,5,3,5,4,5,5,4,3,5,3,5,4,5,6,5,4,5,5,5,6,5,3,5,4,5,5,5,6,5,5,5,4,5,3,5,4,5,4,5,4,5,2,5,6,4,4,4,3,5,3,3,5,5,2,4,5,3,4,5,16,5,2,2,2,0,6,5,4,4,4,5,5,3,3,3,3,4,3,2,4,4,5,4,4,5,2,5,5,2,5,3,5,4,4,5,5,4,4,5,4,2,2,2,2,2,2,2,2,2,1,3,3,3,3,2,9,1,9,5,5,5,9,9,5,2,40,4,1,1,1,50,5500,2500,0,411301,체제 유지,도서기획
30493,4,5,4,4,3,4,4,5,2,3,4,5,1,0,4,5,3,3,4,4,5,5,4,5,3,4,1,0,4,4,4,5,4,5,1,0,1,0,2,3,5,4,1,0,2,3,1,0,1,0,1,0,3,4,1,0,2,2,2,4,2,4,2,3,3,3,4,4,4,4,3,3,1,0,3,4,2,2,2,2,3,3,2,3,4,4,3,4,3,3,4,5,4,2,4,3,4,3,3,4,3,3,1,6,2,1,3,7,3,3,2,2,4,3,3,5,3,2,3,3,2,2,3,4,4,4,4,3,3,3,3,5,3,4,4,4,4,4,3,4,4,4,2,2,1,2,1,1,2,1,2,2,3,3,3,3,2,7,7,6,6,6,6,6,7,7,1,24,2,1,1,1,52,3200,2500,0,815001,전기 전자 기계 설비보전 공유압 로봇교육 장비 대한 교육 신규 로봇 기능 프로그램 변화 교육량 보전 부서 특성 사람 직종,금형설계
30494,3,5,4,5,3,5,4,5,4,5,4,5,3,5,4,5,4,5,4,5,3,4,3,4,3,5,4,6,4,6,4,5,4,5,4,6,3,5,5,6,5,6,4,6,4,6,4,6,4,6,4,5,3,4,3,4,4,6,4,6,2,3,3,5,4,5,4,5,4,6,4,6,4,5,2,2,4,5,4,5,3,5,2,3,4,5,3,3,4,5,2,2,3,2,2,2,2,2,1,1,3,14,1,2,2,1,3,3,2,2,1,1,2,2,2,2,2,2,4,2,4,2,2,4,5,4,4,4,5,3,4,5,4,5,4,4,5,5,5,3,4,4,2,2,2,1,1,2,1,2,2,3,2,2,2,2,1,8,8,8,2,3,2,3,2,3,2,43,3,1,1,1,45,2600,2200,0,512201,결혼식 단계별 조치사항에 대한 교육이 필요 최근 젊은이 결혼 식이 과거 독창 진행 종업원 역할 결혼 기피 경향 독자 가족 모시 결혼식 진행 경우,사회복지학
30495,4,5,3,4,2,2,1,0,3,4,2,3,3,5,3,4,4,5,4,5,3,4,1,0,4,5,1,0,3,4,4,5,2,3,3,3,1,0,3,4,2,3,4,5,2,1,2,1,1,0,1,0,4,5,4,5,4,6,4,6,3,4,3,3,4,5,4,5,4,6,4,5,2,3,3,3,4,5,4,5,5,6,2,3,3,5,3,5,3,3,2,3,2,2,3,3,2,3,2,3,3,6,1,2,2,2,0,3,2,3,3,2,3,3,3,3,4,4,4,3,3,3,2,4,4,3,4,3,2,3,3,4,3,3,3,4,4,4,3,3,4,3,2,2,2,2,2,2,2,2,2,1,2,3,3,3,2,5,6,5,5,6,6,5,6,5,1,34,4,1,1,1,25,3200,2400,0,701101,건설 경기 불황 일자리 감소,건설학
30496,3,4,3,4,2,3,2,2,2,3,3,4,2,3,3,4,2,2,2,2,3,4,3,4,3,3,2,2,4,4,2,3,2,2,3,4,4,5,3,4,2,3,2,2,3,4,2,3,3,4,3,4,3,5,2,2,1,0,2,2,2,3,2,2,3,4,2,2,2,3,3,4,2,2,3,4,2,4,2,3,2,2,2,3,2,3,2,2,3,2,4,3,4,4,3,2,2,3,2,2,2,17,1,2,1,2,0,6,5,4,3,4,3,3,4,3,4,3,3,4,4,3,3,3,4,3,3,2,3,4,4,3,4,3,4,3,5,4,4,4,3,4,2,2,2,2,2,2,2,2,2,1,1,2,2,2,2,4,5,7,4,5,2,4,6,4,1,35,4,1,1,1,40,9000,8000,0,301301,한의사 건강 관리 신경 사람,한의학
30497,2,2,1,0,1,0,1,0,1,0,4,5,1,0,4,5,3,4,4,5,3,4,4,5,3,4,1,0,1,0,3,4,1,0,1,0,4,5,4,5,3,4,4,5,1,0,1,0,3,4,1,0,4,5,4,5,3,4,4,5,1,0,3,4,2,2,3,4,4,5,3,4,4,5,1,0,3,4,3,4,2,2,3,4,2,3,2,3,3,4,2,3,4,3,3,2,3,3,1,2,4,7,1,2,2,2,0,1,5,4,4,3,5,4,3,3,3,4,3,3,3,4,2,4,4,3,4,2,2,2,5,3,2,4,1,3,3,4,4,2,4,4,2,2,2,2,2,2,2,2,2,3,3,3,3,3,2,3,3,2,2,3,3,6,5,5,1,25,2,1,1,1,40,2150,2000,0,881101,수요 일자리,컴퓨터정보전자
30498,2,2,3,4,1,0,3,4,2,2,1,0,1,0,3,3,2,3,2,2,1,0,2,2,3,3,2,2,2,2,2,3,1,0,1,0,1,0,3,4,3,4,2,3,4,5,2,2,2,2,1,0,2,2,1,0,1,0,2,2,2,2,2,2,2,2,1,0,1,0,1,0,1,0,2,2,2,2,3,3,2,2,2,1,2,2,2,3,4,2,2,2,2,3,2,4,2,2,3,2,3,9,1,6,2,2,0,2,2,2,3,3,3,2,2,2,3,4,3,3,3,2,2,2,3,4,3,4,3,3,3,4,2,2,3,3,4,3,2,3,3,1,2,2,2,2,2,2,2,2,2,3,3,3,3,3,2,6,6,7,5,4,5,4,2,3,2,28,3,1,3,2,36,1600,1600,0,532101,모름,항공서비스
30499,1,0,1,0,1,0,1,0,1,0,1,0,1,0,1,0,2,3,1,0,1,0,2,3,2,3,1,0,1,0,1,0,1,0,1,0,1,0,1,0,2,3,1,0,1,0,1,0,1,0,1,0,1,0,1,0,1,0,3,4,1,0,1,0,3,4,2,3,3,4,4,4,1,0,2,3,3,4,3,4,2,4,2,3,3,4,2,3,4,3,3,3,4,3,3,3,4,3,3,3,4,13,1,2,1,2,0,7,4,4,3,2,4,4,4,3,3,2,3,3,3,3,3,2,3,3,3,4,3,3,3,2,3,3,3,4,4,4,3,3,3,3,2,2,2,2,2,2,2,2,2,1,3,2,2,3,1,5,4,6,6,4,5,6,4,5,1,45,3,1,3,2,42,3248,2800,0,842101,통신기기 기능사 방송 채널 증가,무역학
30500,4,6,4,6,5,6,2,2,4,5,4,5,3,4,3,4,3,3,2,2,2,2,4,5,3,3,2,3,2,2,2,2,2,2,2,3,2,3,2,2,2,2,3,4,2,3,3,4,2,2,2,2,2,3,2,2,2,2,2,2,3,5,2,2,2,3,2,2,2,2,2,2,2,2,2,2,2,2,2,2,2,2,2,2,3,4,2,2,4,4,4,3,4,3,3,3,4,3,4,4,4,14,1,1,1,2,0,1,5,4,4,4,4,4,3,4,9,9,4,4,2,4,4,3,3,2,3,3,4,4,4,4,4,4,3,4,4,4,3,3,4,2,2,2,2,2,2,2,2,2,2,2,4,3,3,3,2,5,4,3,4,6,5,5,5,5,1,48,4,2,5,1,40,0,0,7200,29903,행정사 자격증 외국인 노동자 행정 관련 의뢰,법학
30501,5,7,5,6,5,6,3,4,2,2,4,5,5,7,4,5,3,4,5,7,5,6,3,4,5,7,5,6,4,6,5,6,4,5,4,5,4,5,1,0,4,6,5,7,3,4,2,3,3,4,5,6,2,2,2,2,2,3,2,2,1,0,1,0,2,2,2,2,1,0,1,0,3,4,2,2,2,3,2,2,4,5,2,3,3,4,3,3,4,4,3,3,5,3,3,5,3,4,4,5,4,18,1,5,2,1,6,6,5,4,4,4,4,5,3,3,3,4,4,4,3,4,4,2,3,3,2,4,4,4,3,4,5,5,5,4,5,5,4,4,4,3,2,2,2,2,2,2,2,2,2,2,3,2,2,2,1,1,2,2,3,3,2,2,2,2,1,47,4,1,1,1,40,5800,3000,0,416105,현장실습 변화,연극영화학
30502,4,5,4,6,4,5,3,4,4,5,4,5,3,4,3,4,3,4,4,5,3,4,1,0,3,4,3,5,3,4,3,4,4,5,3,4,2,3,2,3,3,4,4,5,4,5,1,0,1,0,3,4,4,5,4,5,3,4,3,4,4,5,4,5,3,4,3,4,3,4,3,4,3,4,1,0,1,0,2,3,1,0,1,0,3,4,2,2,4,3,4,4,4,4,4,3,4,3,3,4,3,3,1,3,1,2,0,3,5,4,4,4,4,3,4,4,4,4,4,4,4,3,4,2,3,2,4,3,3,3,3,4,4,3,3,3,3,3,4,4,4,3,2,2,2,2,2,2,2,2,2,1,3,3,3,3,2,3,3,3,2,3,3,7,6,7,1,37,4,1,1,1,40,4600,3000,0,154102,화공안전기술사 화공기사 변화,신소재공학
30503,2,2,2,3,2,2,2,2,3,3,1,0,2,3,2,3,3,3,4,5,3,4,3,3,4,5,3,5,2,4,2,2,1,0,1,0,1,0,3,5,3,4,4,5,1,0,1,0,1,0,1,0,4,4,2,2,3,4,3,3,2,3,3,4,3,4,4,4,3,4,4,5,3,5,4,6,4,5,3,3,2,3,2,2,4,4,2,2,3,3,3,3,4,2,4,2,3,3,3,3,3,8,1,3,1,2,0,2,2,3,2,3,3,4,4,3,4,3,4,4,3,2,3,4,3,2,3,2,4,2,2,5,4,3,3,3,4,5,3,3,4,4,2,2,2,2,2,2,2,2,2,2,3,2,2,3,2,6,4,5,4,5,4,6,4,5,1,49,2,1,1,1,40,4200,3000,0,623002,지게차운전기사 세계 경제 성장 분위기 유지 예정,기계공학
30504,1,0,1,0,1,0,1,0,1,0,2,4,1,0,3,3,3,3,3,4,1,0,1,0,3,4,4,5,1,0,2,3,1,0,1,0,1,0,1,0,2,2,3,4,3,4,1,0,1,0,1,0,4,5,1,0,3,4,2,2,3,5,3,4,3,5,3,4,3,4,3,4,3,4,3,4,3,4,3,4,2,2,2,2,3,4,2,3,4,4,2,3,3,4,3,3,3,2,3,2,3,8,1,3,1,2,0,7,5,3,4,3,4,3,3,4,3,4,3,3,3,4,3,4,3,2,3,2,3,2,3,2,3,3,3,3,3,2,2,2,3,3,2,2,2,2,2,2,2,2,2,2,3,3,3,3,2,2,8,4,5,5,3,7,5,5,1,30,4,1,1,1,40,3200,3000,0,621901,전기기능사 철도 이용,전기
30505,3,4,3,4,2,2,4,5,3,3,3,3,3,3,3,4,4,5,4,5,3,4,4,5,5,5,5,6,4,5,3,5,3,4,3,5,5,5,3,4,3,5,4,5,4,5,1,0,1,0,1,0,3,4,4,5,4,5,3,4,3,3,3,4,3,4,3,4,2,3,2,4,2,2,4,5,3,3,4,5,3,5,4,5,3,4,3,3,4,4,2,3,5,1,3,3,3,4,5,4,4,18,5,2,1,2,0,1,4,4,3,3,3,4,4,3,3,3,4,4,3,2,4,3,4,2,4,2,4,4,1,4,5,4,4,4,3,4,4,3,4,4,2,2,2,2,2,2,2,2,2,3,3,2,2,2,2,4,4,5,4,3,4,5,4,6,2,31,4,1,3,2,40,3200,3000,0,420101,경기지도사 2급 개인 스포츠 관심,체육학
30506,3,2,3,4,2,2,3,4,2,2,3,4,3,4,2,2,2,1,3,4,2,2,4,5,2,2,2,2,3,3,2,3,2,3,3,3,2,2,3,3,2,3,3,4,2,3,2,2,2,2,2,3,3,4,3,4,2,3,2,4,2,3,3,3,2,3,2,3,3,5,3,5,3,4,3,4,3,5,2,3,2,3,1,0,2,3,2,2,3,3,3,3,4,4,3,4,3,3,3,3,3,13,1,2,1,1,5,5,2,3,2,1,3,4,2,3,3,4,3,3,4,3,2,4,3,3,3,3,3,3,3,4,3,4,3,3,4,4,2,3,4,3,2,2,2,2,2,2,2,2,2,4,4,3,3,3,2,3,5,5,5,5,5,3,5,3,1,42,4,1,1,1,40,4800,2200,0,155301,대기 수질 자격증 환경기능사 화학분석사 정수처리사 환경관계법규숙지 각종 관공서 서류작성 인터가 서류숙지 현장장비기계류 파악 국제 환경 문제 대두 때문,환경공학
30507,3,4,3,4,2,3,2,4,2,3,2,3,3,2,3,4,3,4,2,4,3,5,4,5,4,5,4,5,4,5,3,4,3,4,2,4,3,5,3,4,3,4,3,5,4,5,2,4,3,4,2,4,3,4,1,0,2,3,1,0,1,0,3,4,2,4,2,4,2,4,2,4,1,0,2,3,3,4,3,4,4,5,3,4,5,4,2,3,3,2,3,3,4,2,4,3,2,4,4,2,4,9,4,1,1,2,0,5,1,3,2,2,3,4,2,4,3,4,4,4,2,3,3,4,3,3,4,2,4,3,4,4,3,3,4,3,4,5,3,3,4,5,2,2,1,2,1,1,2,2,2,2,4,3,2,2,2,6,5,6,4,5,6,4,4,3,1,35,2,1,4,1,60,3500,2400,0,531101,중식조리사자격증 장비 노후 장비 주방 구조 조정 맞벌이 가정 증가 외식 문화 갈수록 것이므,기계과
30508,4,5,4,3,3,3,4,5,3,3,2,4,5,5,4,4,2,3,4,4,3,4,3,3,4,4,4,4,4,4,2,4,2,2,2,2,1,0,5,5,3,3,3,3,1,0,1,0,1,0,1,0,1,0,1,0,1,0,1,0,4,4,3,3,1,0,1,0,1,0,1,0,3,4,1,0,1,0,1,0,1,0,1,0,1,0,1,0,4,3,4,2,3,3,3,4,3,4,4,3,4,18,1,2,1,2,0,1,4,2,1,2,4,3,3,2,3,3,4,3,3,2,2,3,2,2,3,2,3,3,2,4,4,4,3,3,4,3,2,2,3,2,2,2,2,1,2,2,1,2,2,1,2,2,2,2,1,7,7,7,3,3,4,3,6,6,1,29,3,1,3,2,40,2400,2400,0,521101,국내여행사 관광통역안내사 코로나 영향 구조조정 진행 코로나 행업 침체,관광경영학
30509,4,6,4,6,2,4,4,6,5,5,5,4,2,3,5,5,3,5,4,5,3,5,4,4,5,5,4,4,2,4,3,4,3,3,2,4,4,4,4,4,4,4,4,4,3,4,1,0,1,0,1,0,4,4,3,3,4,4,4,5,4,5,3,5,4,4,4,4,4,4,4,4,3,5,3,4,4,4,4,4,3,5,4,4,3,4,2,4,4,3,3,4,5,2,5,3,5,4,5,4,4,17,3,5,1,2,0,2,5,4,4,3,5,4,4,4,3,2,4,4,4,3,4,3,3,2,3,3,3,3,2,4,5,4,3,4,4,4,4,3,4,4,2,2,2,2,2,2,2,2,2,2,3,3,3,3,1,6,4,5,5,4,5,6,4,4,1,41,4,1,1,1,40,6800,3600,0,306201,방사선사 인구 고령화 의도 대한 관심 유지,방사선
30510,3,6,4,4,4,4,4,5,3,5,3,4,3,3,4,4,3,4,4,4,3,4,3,5,3,4,2,4,4,4,4,4,2,4,3,4,3,4,2,4,3,3,4,4,3,5,3,5,3,3,3,4,4,4,4,4,3,4,2,5,3,5,3,5,3,4,3,4,4,4,3,3,3,5,3,5,3,5,4,5,3,5,3,5,3,5,3,4,3,4,4,5,3,4,4,4,4,5,4,4,3,18,1,5,2,2,0,2,4,3,3,3,4,5,4,4,5,5,3,4,4,3,4,4,3,4,4,3,3,3,4,3,4,4,3,5,4,4,4,4,3,4,2,2,2,2,2,2,2,2,2,1,4,2,2,2,1,4,3,7,5,4,4,5,3,6,2,30,4,1,1,1,40,3200,2700,0,411104,방송 통신 융합 유트브 인터넷 방송 시장 확대,문예창작
30511,2,2,3,4,1,0,2,2,1,0,3,4,1,0,3,4,4,5,4,5,3,4,1,0,3,4,1,0,2,3,2,2,1,0,1,0,3,4,2,3,4,5,3,4,1,0,2,2,3,4,1,0,2,2,2,2,3,4,2,2,1,0,3,4,2,2,3,4,4,6,5,7,3,4,2,2,2,3,3,4,1,0,1,0,3,4,3,4,2,1,3,2,3,3,4,4,3,4,2,2,3,7,1,2,2,2,0,1,5,3,2,3,4,3,3,4,3,3,4,3,3,2,2,3,4,3,3,2,4,3,3,3,4,3,2,2,4,4,3,3,2,4,2,2,2,2,2,2,2,2,2,3,2,2,2,2,2,6,4,4,3,4,4,4,3,3,1,30,2,1,1,1,40,2700,2000,0,881101,사람 기계로 대체,정보처리
30512,4,5,4,5,4,5,4,5,4,6,4,6,3,4,3,5,3,4,4,5,4,5,4,5,3,5,3,4,3,5,4,5,3,5,3,5,3,5,3,5,3,4,3,4,3,5,3,5,3,5,3,5,3,5,3,4,3,4,3,4,3,5,3,5,3,4,3,5,3,5,4,5,4,5,4,5,3,5,4,5,4,5,4,5,4,4,4,5,4,3,3,3,3,2,3,4,3,3,3,4,3,13,1,2,1,1,4,7,2,4,3,3,3,3,3,3,4,4,3,4,2,3,4,3,3,4,3,3,3,3,4,4,3,3,3,4,3,4,3,3,3,3,2,2,2,2,2,2,2,2,2,2,2,2,2,2,1,8,7,7,7,7,8,7,6,7,1,52,2,1,1,1,45,3500,3200,0,821201,금속재료시험기능사 열처리기능사 실무교육 시스템 개발,기계
30513,3,4,4,6,3,4,5,6,4,6,4,5,4,5,3,4,4,5,4,5,3,4,3,4,3,4,3,4,4,5,4,5,4,5,3,4,1,0,3,4,4,5,3,4,1,0,1,0,1,0,1,0,4,5,5,6,4,6,4,5,5,5,2,2,3,4,3,4,1,0,1,0,3,4,1,0,1,0,1,0,1,0,1,0,4,5,3,4,5,4,4,4,5,4,4,2,2,5,4,3,3,13,1,2,2,2,0,7,5,4,3,3,5,5,3,3,3,3,4,3,2,4,4,4,4,3,3,4,4,5,2,5,5,5,5,5,4,5,3,3,5,4,2,2,2,2,2,2,2,2,2,1,3,3,3,3,2,5,5,5,5,7,7,9,9,2,2,27,4,1,1,1,40,3400,3200,0,415504,변화,시각디자인
30514,4,6,4,5,4,5,4,5,4,5,4,5,2,1,3,5,4,5,3,4,4,5,4,5,4,5,4,5,4,5,3,4,3,4,3,4,4,5,4,5,3,5,3,5,4,5,1,0,1,0,4,5,2,1,2,1,3,4,2,1,4,6,1,0,4,5,3,3,2,1,2,1,4,5,3,4,4,5,1,0,2,1,3,4,4,6,4,5,4,4,3,4,3,3,4,3,2,3,3,2,3,15,2,4,2,2,0,6,5,3,4,3,5,5,4,3,3,4,4,3,3,4,3,4,3,3,3,3,3,4,3,4,3,3,4,4,3,4,3,3,4,3,2,2,2,2,2,2,2,2,2,1,4,3,3,3,2,6,4,4,4,4,5,5,4,7,1,49,4,1,1,1,35,4300,3700,0,25402,법원 공무원 희망 사람 증가,경영학
30515,1,0,1,0,1,0,1,0,1,0,1,0,1,0,1,0,1,0,1,0,1,0,1,0,4,4,1,0,1,0,1,0,1,0,1,0,1,0,3,3,1,0,3,4,1,0,3,3,3,3,1,0,2,2,1,0,3,4,4,5,1,0,1,0,3,3,4,4,4,5,4,5,1,0,4,5,4,5,3,4,3,4,3,4,4,4,4,5,4,3,3,3,4,2,3,2,3,3,4,3,3,19,1,1,1,2,0,3,4,3,2,3,4,3,4,3,9,9,9,3,2,4,4,2,3,2,4,3,4,3,4,4,3,4,3,4,3,5,4,3,4,3,2,2,2,2,2,2,2,2,2,1,2,2,2,2,2,9,7,5,3,4,8,6,5,6,1,41,3,2,5,1,45,0,0,4000,812401,자동차정비 자격증 경쟁,자동차정비
30516,4,3,4,5,4,5,4,5,3,4,3,4,3,5,3,4,4,4,4,5,3,4,4,4,4,5,2,2,4,4,4,5,4,5,4,3,1,0,4,2,5,4,3,5,3,5,4,3,4,2,1,0,2,3,1,0,5,5,3,3,4,4,4,4,2,4,3,3,3,5,4,4,3,4,4,4,4,3,4,6,3,4,3,4,2,3,4,4,3,5,3,5,3,2,5,4,2,5,4,4,2,17,3,3,1,1,1,2,5,4,3,3,4,4,2,3,2,3,3,3,3,3,3,4,4,2,2,2,3,3,3,5,3,4,4,4,3,5,5,5,5,4,1,1,1,2,1,1,1,1,1,3,2,3,3,3,2,9,8,9,9,9,9,7,7,7,1,27,4,1,2,2,40,2400,2400,0,155501,산업위생관리기사 작업 관련 법규 장비 다루는 교육 장비 변화 컴퓨터 시스템 변동 기계화 직업 것이므,환경공학
30517,5,7,5,6,5,7,5,7,5,6,5,7,5,6,5,6,5,7,3,4,3,5,4,5,4,5,4,5,5,6,5,7,5,5,4,5,4,6,3,3,4,6,4,6,3,4,2,3,4,5,4,6,5,7,5,7,5,7,4,6,4,6,5,7,4,6,5,7,4,6,5,6,5,5,5,7,5,6,1,0,1,0,1,0,3,5,1,0,3,3,3,4,3,4,3,3,3,3,3,3,3,15,2,5,2,2,0,2,5,3,3,3,4,4,4,3,3,4,3,4,3,3,3,3,3,3,3,4,4,3,5,3,3,3,3,2,3,3,2,2,3,4,2,2,2,2,2,2,2,2,2,2,4,3,3,3,2,2,4,5,7,5,5,5,5,5,2,44,4,1,1,1,40,4600,3000,0,121104,발전 확장 가능성,농학
30518,3,4,4,4,3,5,4,5,4,4,3,5,3,3,4,4,4,4,3,4,2,4,3,4,3,4,3,4,3,4,4,4,4,5,4,4,3,5,3,4,3,4,4,5,3,5,3,4,3,4,4,4,3,4,3,5,4,4,3,5,3,4,4,4,3,4,3,4,4,4,3,4,4,4,3,4,3,4,3,4,4,4,3,4,4,4,3,4,3,4,3,4,4,3,4,3,3,3,3,4,4,7,1,2,2,1,2,4,4,4,3,4,3,4,4,4,3,4,4,4,3,4,4,5,4,4,4,3,3,3,4,5,4,4,4,3,3,5,4,3,4,4,2,2,2,2,2,2,2,2,2,2,3,2,2,2,1,7,5,4,3,2,3,5,5,6,1,38,3,1,1,1,43,3000,2700,0,612101,영업목표 성과지표에 관한 교육 농기 산업 기계 발달 일자리 감소 예상,기계
30519,3,3,3,4,2,4,2,3,1,0,1,0,1,0,4,4,4,5,1,0,1,0,1,0,2,3,1,0,1,0,2,1,1,0,1,0,3,4,2,3,2,2,1,0,1,0,1,0,1,0,1,0,1,0,1,0,2,3,1,0,1,0,5,4,5,4,4,5,3,5,4,5,1,0,5,4,5,3,3,4,2,3,2,4,2,2,2,3,3,3,2,3,3,1,2,2,2,2,3,3,3,3,1,2,2,2,0,2,1,2,1,1,2,2,1,3,2,3,3,3,3,4,4,4,3,4,4,3,4,3,3,4,3,3,3,2,2,4,3,3,4,4,2,2,2,2,2,2,2,2,2,2,3,3,3,3,2,6,7,7,4,3,4,7,4,3,1,50,2,1,1,1,50,4000,2400,0,852401,경기 침체 수출,공고 기계
30520,5,6,4,5,4,5,3,4,4,5,5,6,4,4,4,5,4,5,3,4,4,4,4,4,3,4,4,5,3,4,3,4,2,3,2,3,4,4,4,4,4,4,4,5,5,5,4,5,4,5,4,5,4,5,3,4,4,5,3,4,5,5,3,4,3,4,3,4,2,3,3,4,4,5,1,0,2,3,2,3,1,0,3,4,5,5,3,3,4,4,3,4,4,3,4,4,3,4,4,4,5,13,5,4,2,2,0,6,6,5,4,4,4,4,4,4,4,4,4,4,1,4,5,5,4,3,3,4,4,3,3,4,4,5,4,3,3,4,4,3,4,4,2,2,2,2,2,2,2,2,2,2,3,3,3,3,2,6,3,2,4,3,2,1,1,6,1,50,6,1,1,1,40,7000,3500,0,121104,생명공학 연구,생명공학
30521,4,4,4,4,4,4,4,4,4,4,4,4,4,4,4,4,4,4,4,4,4,4,4,4,4,4,4,4,4,4,4,4,4,4,4,4,4,4,4,4,4,4,4,4,4,4,4,4,4,4,4,4,4,4,4,4,4,4,4,4,4,4,4,4,4,4,4,4,4,4,4,4,4,4,4,4,4,4,4,4,4,4,4,4,4,4,4,4,3,4,3,4,4,4,4,4,4,4,4,4,3,11,1,2,2,2,0,6,5,4,4,4,4,4,4,4,3,4,4,4,1,4,3,4,4,5,5,4,4,3,4,4,3,4,5,4,5,5,3,2,4,5,2,2,2,2,2,2,2,2,2,2,3,3,3,3,2,5,6,4,5,6,4,5,4,6,1,56,2,1,1,1,40,8200,7800,0,12401,사람 자산 관리 관심,상고
30522,3,3,3,4,3,3,3,4,3,3,3,4,3,3,2,2,3,3,3,3,2,3,3,3,3,3,2,3,3,3,3,3,2,3,3,4,3,3,2,2,3,3,3,3,3,3,2,3,3,3,2,3,3,3,3,5,4,5,4,5,3,3,4,4,4,4,4,5,4,5,4,5,4,4,4,4,4,5,4,3,3,5,3,3,3,3,3,4,3,2,2,1,2,2,3,3,2,2,2,1,1,3,1,2,2,1,2,2,2,2,2,1,3,4,3,2,2,2,3,2,3,3,2,2,2,3,2,4,4,4,2,4,3,2,2,2,2,5,2,3,4,5,2,2,2,2,2,2,2,2,2,2,2,3,3,3,2,7,8,7,6,5,5,4,5,6,1,42,2,1,2,2,40,3500,2200,0,822301,용접교육 경기 불황 기업체 파산,기계
30523,3,4,2,3,2,2,2,3,3,3,2,3,2,3,3,3,3,4,3,4,2,3,3,4,2,4,3,4,2,4,3,4,2,3,2,3,3,4,2,5,3,4,2,4,3,4,4,5,3,5,4,6,3,5,3,5,3,3,3,4,2,2,4,5,4,6,4,4,3,3,2,3,2,3,3,4,2,3,3,4,2,4,3,4,2,5,3,4,3,4,4,2,3,4,3,2,3,3,4,4,4,3,1,4,1,1,2,2,1,3,2,3,4,3,4,3,4,4,4,4,3,4,3,3,4,3,3,3,4,3,4,4,3,4,5,4,3,4,2,3,5,4,2,2,2,2,2,2,2,2,2,2,3,2,2,2,2,5,4,7,6,4,5,4,7,6,1,25,2,1,1,1,40,2400,2100,0,882201,펄프제지기능사 직무교육 자동화 최근 환경보호 차원 종이 제품 사용 일자리 변화,인문계
30524,3,3,3,3,3,3,3,3,3,3,3,3,1,0,1,0,2,1,1,0,1,0,3,3,2,1,1,0,3,5,3,4,3,3,3,3,3,3,2,4,2,1,1,0,3,3,2,2,1,0,1,0,1,0,1,0,1,0,1,0,2,2,1,0,1,0,1,0,1,0,1,0,1,0,1,0,1,0,1,0,1,0,1,0,1,0,1,0,3,4,3,3,3,2,3,4,3,3,2,3,3,19,3,2,1,2,0,7,5,4,4,4,4,4,3,2,2,3,3,3,3,3,4,4,3,2,3,4,4,3,4,3,3,4,4,3,3,3,4,4,4,3,2,2,2,2,2,2,2,2,2,1,3,2,2,3,2,6,6,5,7,6,6,5,4,5,2,44,4,1,1,1,40,3200,2200,0,231301,청소년지도사 1급 소규모 운영 청소년 관련 시설 프로그램,사회복지학
30525,4,4,4,5,2,2,3,3,2,2,2,2,3,4,4,5,4,4,3,4,2,2,2,2,3,4,3,4,2,2,2,2,1,0,1,0,2,2,2,2,3,5,2,2,4,5,1,0,2,2,2,2,1,0,1,0,2,2,1,0,1,0,4,5,4,5,4,2,4,2,4,2,1,0,4,5,4,5,5,5,4,5,4,5,3,5,3,5,3,2,1,3,3,1,2,2,2,2,3,3,2,3,1,2,2,2,0,2,1,3,2,2,2,1,2,3,2,2,3,2,4,2,2,3,4,3,3,2,4,3,3,4,3,2,4,2,3,4,5,2,4,3,2,2,2,2,2,2,2,2,2,3,2,3,3,3,2,9,6,7,7,7,5,5,2,3,1,36,2,1,1,1,40,2400,2200,0,885902,단순 업무 인건비 문제 투입,공고
30526,4,6,4,6,4,6,2,3,3,5,4,6,3,4,4,5,4,5,3,4,2,4,3,4,3,5,3,5,3,4,2,3,2,3,2,2,2,3,2,3,2,3,2,2,2,2,2,3,2,3,3,4,2,3,2,3,2,3,2,3,4,5,2,2,2,3,2,2,2,2,2,2,2,3,1,0,1,0,1,0,1,0,1,0,1,0,1,0,4,3,2,4,3,3,3,2,2,3,4,4,3,13,1,2,2,2,0,3,4,4,3,3,4,4,4,4,3,3,4,4,4,3,3,3,4,3,2,3,3,3,3,4,3,4,4,4,3,4,3,3,3,4,1,1,1,1,2,2,2,2,2,2,4,2,2,2,1,7,6,4,5,6,5,7,4,5,2,30,4,1,1,1,40,3700,3000,0,134102,자동화 장비 교체 해당 업무 시장 확대,수학
30527,5,5,4,4,5,6,4,5,4,4,5,5,1,0,4,5,4,5,3,3,4,5,4,5,5,5,1,0,3,5,3,4,3,4,3,4,4,4,3,4,4,5,1,0,4,5,1,0,1,0,1,0,1,0,1,0,3,4,3,5,4,4,1,0,1,0,3,3,1,0,1,0,1,0,1,0,1,0,1,0,1,0,1,0,4,5,1,0,5,4,4,3,4,4,4,3,3,5,4,3,4,18,1,2,1,2,0,5,5,4,4,4,4,5,3,3,3,4,4,3,3,3,2,4,2,1,3,5,3,4,3,5,4,3,4,4,4,3,3,4,4,3,2,2,2,2,2,2,2,2,2,1,1,2,2,3,2,2,7,4,5,3,6,1,3,7,2,28,4,1,1,1,40,2340,2040,0,29901,전자출판기능사 종이 감소,국문학
30528,5,6,5,7,5,6,5,6,5,6,3,4,3,5,3,5,3,5,3,5,4,6,3,5,5,7,5,6,5,5,5,5,4,6,5,3,5,6,3,4,4,5,3,4,4,5,5,6,5,7,5,5,4,5,5,6,5,7,4,6,3,3,3,3,3,3,2,3,2,4,2,4,3,4,4,4,4,4,3,5,3,4,3,4,1,0,1,0,3,3,3,3,4,3,4,3,4,3,3,3,3,15,2,5,2,2,0,5,5,3,3,3,4,4,5,3,3,4,3,4,3,3,3,3,3,3,3,3,3,3,4,3,3,3,2,3,3,3,3,3,3,4,2,2,2,2,2,2,2,2,2,2,3,3,3,3,2,2,3,4,3,5,7,2,4,5,2,33,4,1,1,1,40,4200,3100,0,121201,상태 유지,물리학
30529,3,4,3,4,2,3,3,4,2,3,3,4,3,3,2,3,3,4,3,4,3,4,3,4,3,4,4,4,3,4,3,4,3,3,3,4,3,3,3,3,3,3,3,4,2,3,3,4,3,3,3,4,4,4,4,5,4,5,4,5,4,5,4,5,4,5,5,6,4,6,5,6,5,6,4,5,4,5,4,5,4,4,4,5,3,4,3,4,3,3,4,4,4,3,3,3,3,4,4,4,3,3,1,4,1,1,2,2,2,4,4,3,5,4,4,4,3,3,4,4,3,4,3,4,3,3,4,3,3,4,2,4,3,3,4,4,3,2,2,3,3,2,2,2,2,2,2,2,2,2,2,3,3,3,3,3,2,6,5,5,6,4,5,6,5,6,1,48,2,1,1,1,40,4000,3000,0,873501,식품제조기능사 기계조작능력,공고
30530,4,4,3,4,3,4,3,5,4,5,3,4,3,4,3,5,3,4,3,4,3,4,3,4,4,5,4,5,4,4,3,4,4,4,4,5,3,4,3,4,3,4,3,4,4,5,4,5,4,5,4,4,4,4,4,4,3,4,4,5,4,4,3,4,4,4,4,5,4,4,4,4,3,4,3,4,3,4,3,4,4,5,4,4,4,4,3,4,4,3,4,3,3,4,3,4,3,3,3,4,3,6,1,1,1,2,0,6,3,4,4,3,4,4,4,4,3,4,5,4,3,3,3,4,4,3,3,4,3,3,4,4,3,3,3,4,4,3,3,4,4,4,2,2,2,2,2,2,2,2,2,2,2,3,2,2,2,7,6,5,4,3,3,6,5,5,1,48,4,2,5,1,50,0,0,4800,140306,토목시공기술사 자동화 일자리 감소,토목
30531,3,4,3,4,4,4,2,3,3,5,3,4,3,4,3,5,3,5,4,6,1,0,3,5,3,5,3,4,1,0,1,0,1,0,2,3,3,5,1,0,4,6,3,5,3,5,3,4,3,3,2,3,3,4,3,5,3,5,3,2,3,5,3,4,3,4,3,5,3,4,4,3,3,6,3,4,2,3,2,3,2,3,1,0,4,5,2,3,4,3,3,4,3,2,3,3,4,4,4,3,4,13,2,5,2,2,0,2,6,3,3,4,5,4,3,4,3,3,5,4,2,4,4,4,3,3,5,4,3,4,4,4,3,3,4,5,4,3,3,4,4,5,2,2,2,2,2,2,2,2,2,2,3,3,3,3,2,7,3,4,3,4,7,5,4,3,1,32,6,1,1,1,40,4500,4500,0,121101,기초과학 분야 현상 유지됨,물리
30532,2,5,2,5,2,5,3,5,3,3,3,3,3,2,3,2,3,5,3,5,3,3,3,3,2,4,4,4,2,4,3,5,3,4,2,3,2,4,2,4,3,3,3,5,3,4,2,4,2,3,3,5,3,3,3,4,2,4,3,3,2,3,3,3,3,5,4,4,4,4,2,4,3,3,3,5,4,4,4,5,3,3,3,5,4,4,2,5,4,4,3,3,2,3,4,3,3,3,2,3,3,19,1,4,2,2,0,1,4,2,2,2,3,4,3,2,2,2,2,2,2,2,3,2,3,3,2,3,2,2,3,3,3,2,3,3,2,3,2,2,2,3,2,2,2,2,2,2,2,2,2,2,1,1,1,2,1,3,4,5,4,6,6,4,5,4,1,38,3,1,1,1,40,2800,2400,0,24203,경기 침체,정보사회학
30533,4,5,3,4,2,3,3,4,2,4,3,5,2,3,2,3,2,3,3,4,2,3,3,5,3,5,3,5,3,5,2,4,3,4,2,4,3,5,3,4,2,5,2,3,2,3,2,2,3,4,2,5,3,5,3,6,3,5,3,5,3,6,3,5,4,6,4,5,3,6,3,5,2,3,3,5,3,4,3,4,2,4,2,3,2,3,2,2,3,3,2,3,2,2,3,3,4,3,3,2,2,13,1,2,1,2,0,3,4,4,4,4,4,3,4,4,3,2,3,3,3,4,3,3,4,3,2,3,4,4,2,4,3,4,3,3,4,4,3,4,4,4,2,2,1,2,2,2,2,1,2,2,4,1,1,1,1,4,4,5,6,5,4,4,5,6,1,40,4,1,1,1,40,4100,2600,0,153203,산업계측제어기술사 제어 계측기 장비 반도체 시장 성장 일자리,제어계측공학
30534,3,3,3,3,4,3,3,4,3,2,3,4,4,4,1,0,3,3,4,4,3,4,4,4,3,4,3,4,3,4,3,4,4,2,3,2,4,1,4,3,4,2,3,2,4,3,3,4,4,4,3,4,2,4,2,1,3,4,3,3,4,5,3,3,3,1,4,4,4,5,4,4,4,4,3,4,3,4,4,4,3,3,3,4,4,5,4,4,4,4,4,3,4,4,4,4,4,4,5,4,4,7,1,4,1,2,0,2,5,4,4,4,4,4,4,4,4,5,4,4,4,5,4,4,4,3,4,4,4,4,4,4,4,5,4,4,4,4,3,4,4,4,2,2,2,2,2,2,2,2,2,2,3,2,2,2,1,6,6,6,5,5,5,6,5,5,1,36,4,1,1,1,42,4000,1800,0,612201,JLPT 변화,일본어
30535,3,4,3,3,3,3,3,4,3,4,3,5,1,0,4,4,3,4,3,4,2,3,2,2,3,3,3,4,3,4,2,3,1,0,1,0,3,3,2,3,3,4,2,3,2,3,1,0,1,0,1,0,3,4,1,0,3,4,4,4,1,0,1,0,3,3,4,5,5,4,5,4,1,0,5,4,5,4,3,4,3,4,2,3,3,4,3,4,2,3,4,3,3,2,3,3,2,3,3,4,3,3,1,3,2,2,0,7,2,2,2,2,2,3,3,2,2,2,3,3,4,3,2,4,3,4,4,3,3,4,2,4,3,2,3,4,3,3,3,4,5,4,2,2,2,2,2,2,2,2,2,2,2,2,2,2,1,7,8,7,6,7,8,8,7,8,1,46,2,1,1,1,40,4000,2500,0,817301,업종,기계
30536,4,4,3,4,3,5,2,4,3,3,3,4,2,4,2,4,3,4,2,4,3,3,3,5,3,4,2,4,2,4,3,4,2,3,2,4,3,3,2,3,3,4,4,4,3,4,5,4,5,4,3,3,2,3,2,4,2,3,2,4,5,4,2,3,2,4,2,4,1,0,1,0,3,3,1,0,2,3,1,0,2,3,2,3,3,4,2,5,4,4,3,3,3,4,3,3,3,3,3,3,4,6,1,2,2,2,0,4,2,3,3,3,4,3,3,2,9,4,4,3,3,2,2,4,2,2,3,2,1,3,4,5,2,4,1,1,5,3,2,3,5,5,2,2,2,2,2,2,2,2,2,1,3,3,3,3,1,8,8,8,4,5,4,2,3,4,2,27,3,1,1,1,42,2600,2400,0,26301,감소 증가 보이지,경영학
30537,4,4,5,6,1,0,2,2,4,5,4,6,4,6,3,6,3,4,3,6,4,6,3,6,5,5,3,5,1,0,3,5,1,0,4,5,4,6,4,6,5,6,4,5,4,5,4,5,4,6,1,0,4,5,4,5,4,7,3,6,3,4,5,6,5,6,4,6,5,6,5,6,3,5,5,7,4,6,4,6,4,5,3,4,3,4,2,6,5,3,5,3,3,2,3,3,3,3,3,3,5,3,1,2,2,1,1,1,2,3,4,3,4,3,2,2,3,3,3,3,3,4,4,3,4,3,5,3,3,3,5,4,4,3,3,2,3,4,3,3,5,4,2,2,1,1,2,2,2,2,2,2,3,3,2,3,2,5,3,6,2,3,6,6,5,4,1,55,2,1,1,1,52,4200,2000,0,826401,재단기 사용법 기계 도입 상태 유지,전기
30538,4,5,4,5,3,4,3,4,3,4,4,5,4,5,4,5,4,5,3,4,3,4,3,4,3,4,4,5,4,5,3,4,4,5,4,5,3,4,4,5,3,4,4,5,4,5,4,5,3,4,3,4,3,4,3,3,3,4,3,3,3,3,3,4,3,3,2,2,1,0,1,0,3,4,3,3,2,2,3,3,1,0,2,2,4,2,2,3,4,3,3,4,4,4,3,4,3,4,4,3,4,10,1,3,1,1,5,3,5,4,4,3,3,4,3,4,4,3,3,3,3,3,3,4,2,2,4,1,3,3,3,4,2,3,3,3,4,4,3,3,4,3,2,1,2,1,2,2,2,2,2,2,2,3,2,3,1,6,6,5,6,6,6,6,5,4,2,33,4,1,1,1,45,4000,3000,0,415501,컴퓨터활용능력우수 PPT능력우수 포토샵 PPT 컴퓨터 전산 시스템 변화 컴퓨터 능력 변화,컴퓨터공학
30539,4,5,4,5,3,4,4,6,3,4,3,4,1,0,4,4,4,5,1,0,1,0,4,5,3,4,3,3,3,4,3,4,1,0,1,0,4,5,4,4,2,3,3,4,4,4,1,0,1,0,1,0,1,0,1,0,1,0,1,0,3,3,2,3,1,0,1,0,1,0,1,0,1,0,1,0,1,0,1,0,1,0,2,3,2,4,3,3,3,4,3,1,4,3,1,2,3,2,2,3,2,16,5,2,2,2,0,7,5,3,3,3,3,4,3,2,3,3,4,3,4,2,2,4,5,4,4,4,3,2,2,4,4,4,4,5,4,5,4,4,4,4,2,2,2,2,2,2,2,2,2,1,2,3,2,2,2,5,5,3,5,4,4,4,4,3,2,45,4,1,2,2,40,2000,1800,0,212901,학교 수가,영어 영문학
30540,3,5,3,4,3,4,2,4,3,5,3,4,2,4,4,4,3,5,4,5,3,5,3,5,4,5,2,4,2,4,3,5,2,5,2,4,4,4,2,3,3,5,3,4,3,5,2,5,3,5,2,3,3,5,3,5,5,5,4,4,3,4,4,4,5,4,5,4,5,5,5,4,3,3,2,4,4,5,2,4,3,5,5,5,5,5,2,5,4,4,3,4,4,3,4,3,3,4,4,4,4,1,1,3,1,2,0,4,4,4,3,3,4,4,4,3,4,3,4,4,3,3,3,4,3,2,3,1,3,4,4,4,2,2,2,2,3,4,2,3,4,4,2,2,2,2,1,2,2,2,2,2,3,1,1,1,1,4,5,7,4,7,8,3,4,6,1,36,4,1,1,1,40,3700,3000,0,158501,비파괴검사기사 품질 향상 기술 도입 품질 안정 대한 요구 고용 증가 추측,기계공학
30541,4,5,5,5,4,6,5,6,1,0,5,6,4,6,4,6,5,5,4,4,4,6,5,6,5,6,4,6,5,6,5,6,5,6,3,4,4,6,5,7,5,6,3,3,4,5,3,4,3,4,1,0,1,0,1,0,3,5,1,0,1,0,1,0,1,0,1,0,1,0,1,0,1,0,4,5,1,0,1,0,1,0,1,0,3,3,3,3,4,5,3,4,5,4,4,2,4,3,4,3,4,17,3,2,1,2,0,5,5,5,4,4,4,5,4,4,9,9,9,4,2,4,3,4,3,3,3,4,3,3,4,5,4,5,4,4,4,3,3,4,4,3,2,2,2,2,2,2,2,2,2,1,4,2,2,2,2,8,6,4,3,3,4,7,4,4,2,42,4,1,3,1,42,3100,2300,0,306904,미술심리상담사 아동 심리 중요시 때문 더욱,심리학
30542,5,6,4,5,1,0,3,2,2,2,3,3,3,2,2,2,5,7,3,3,3,3,2,2,5,7,1,0,1,0,1,0,1,0,1,0,3,4,3,2,5,7,1,0,1,0,1,0,4,4,1,0,2,1,3,3,4,5,5,7,2,1,3,3,4,6,4,6,5,6,5,7,1,0,5,7,4,6,4,6,4,5,4,5,5,6,4,5,4,3,3,3,4,2,3,5,2,3,4,4,3,15,2,6,1,1,3,3,4,3,3,3,3,4,2,3,2,3,4,3,3,3,2,3,4,4,5,3,4,4,3,4,5,4,3,2,3,5,4,3,4,4,2,2,2,2,2,2,2,2,2,1,4,2,2,2,1,7,8,4,8,3,1,2,7,9,1,45,4,1,1,1,40,4000,2400,0,812102,항공정비사 정비 검사 교육 훈련 정비 훈련 항공 수요 증가 편승 헬기 소속 증대 일반인 구입 헬기 수요 대폭 증가,전기제어공학
30543,4,6,4,6,4,5,4,5,5,5,4,4,5,5,5,4,5,5,5,5,5,5,4,4,5,5,4,5,4,4,4,4,4,4,4,4,4,4,4,6,3,5,5,5,5,5,5,5,4,5,5,5,4,4,4,4,4,4,5,5,4,4,4,4,4,4,4,4,4,4,4,4,5,5,5,5,5,5,4,4,5,5,4,4,4,4,4,4,4,3,5,3,4,3,4,4,3,4,4,3,3,3,1,3,1,2,0,2,2,4,2,3,4,4,3,3,2,2,3,2,4,2,3,4,3,4,3,4,3,4,4,4,3,4,3,4,3,4,3,4,4,4,2,2,2,2,2,2,2,2,2,2,2,2,2,2,2,7,4,7,4,7,5,6,5,7,1,37,2,1,1,1,50,3400,2400,0,813201,선반기능사 공작기계절삭가공사 자동화 시스템 도입 직무 대체 확률,기계
30544,2,3,4,4,1,0,1,0,1,0,4,5,1,0,4,4,1,0,1,0,1,0,1,0,1,0,3,4,1,0,1,0,1,0,1,0,1,0,1,0,1,0,1,0,1,0,1,0,1,0,1,0,4,5,3,4,2,2,2,2,3,4,5,6,5,5,3,4,2,2,2,2,5,6,4,5,4,5,2,2,1,0,1,0,4,5,1,0,3,3,4,3,3,2,3,3,4,3,2,3,3,13,1,3,1,2,0,7,5,3,3,3,4,4,3,4,3,4,4,3,3,4,3,3,4,3,4,3,2,3,4,4,4,5,4,3,4,4,4,4,3,4,2,2,2,2,2,2,2,2,2,2,4,3,3,3,2,1,1,1,1,1,8,8,7,7,1,38,4,1,1,1,40,3400,2700,0,155501,산업위생기사 위생 환경 대한 관심 증가,안전공학
30545,4,6,4,6,4,5,3,5,3,5,4,5,3,4,3,5,4,6,5,6,3,5,3,4,5,6,4,6,4,5,3,4,4,5,3,4,4,6,4,5,4,5,5,7,4,5,2,2,1,0,3,5,1,0,1,0,3,5,1,0,1,0,1,0,1,0,4,5,3,4,3,5,4,5,2,3,4,5,4,5,4,6,4,6,4,5,3,5,2,3,2,3,3,2,3,2,2,2,4,4,3,15,2,4,2,1,3,3,5,4,4,3,4,3,2,4,3,2,3,3,2,3,3,4,4,4,4,3,3,4,2,2,3,4,5,5,4,5,5,2,4,4,2,2,1,2,2,1,2,2,2,2,2,3,1,3,2,6,7,7,6,8,6,3,4,6,1,43,5,1,1,1,40,4000,2000,0,250201,유격훈련 장비 도입 산업 현장 자동화 안정 일자리 찾기 때문,건축학
30546,2,3,5,5,2,2,4,5,1,0,3,5,3,5,4,4,4,4,1,0,5,5,5,5,3,3,3,3,5,6,5,5,5,5,3,4,2,3,5,5,5,6,2,3,3,3,3,3,2,2,2,2,1,0,1,0,1,0,1,0,1,0,1,0,1,0,1,0,1,0,1,0,1,0,4,5,4,5,4,5,1,0,4,5,2,2,5,2,5,5,4,3,4,4,4,2,4,4,5,2,5,17,1,2,1,2,0,6,6,4,4,3,4,4,4,3,3,3,3,4,2,4,3,5,4,3,4,3,2,3,3,5,4,4,3,4,4,4,3,4,4,3,2,2,2,2,2,2,2,1,2,1,4,2,2,2,1,5,5,4,4,4,5,6,6,5,2,29,4,1,1,1,40,3000,2000,0,306904,미술심리상담치료사 코로나 업무 심리 상담 점점 일반 피하 거나,상담심리학
30547,4,5,3,4,4,4,3,4,4,5,4,4,5,6,2,2,1,0,3,4,3,4,3,4,2,2,3,3,3,3,5,6,4,5,1,0,2,2,1,0,2,3,1,0,1,0,2,2,2,2,5,6,5,5,5,6,5,6,5,6,4,6,5,6,5,6,5,6,4,6,5,6,5,6,3,4,2,2,1,0,5,6,1,0,4,5,1,0,5,4,4,3,3,3,4,3,3,5,4,3,4,9,1,2,1,1,4,4,2,4,3,4,4,4,3,5,5,4,4,5,3,4,3,5,3,3,4,4,3,5,4,4,4,5,5,4,5,4,4,2,4,3,2,2,2,2,2,2,2,2,2,2,3,3,3,3,2,5,4,4,4,4,5,3,3,5,1,38,3,2,5,0,40,0,0,8000,531401,양식조리기능사 OJT 상황 수요 유지 변화,조리학
30548,3,5,4,4,3,4,4,4,1,0,3,4,4,5,1,0,3,4,3,3,4,3,3,4,5,6,1,0,4,5,1,0,4,5,1,0,2,3,4,5,3,3,4,4,4,4,1,0,1,0,1,0,1,0,1,0,1,0,1,0,2,2,1,0,1,0,1,0,1,0,1,0,1,0,4,5,3,4,4,4,1,0,3,3,3,4,4,5,4,3,2,3,4,3,4,4,3,4,4,3,4,17,1,1,1,1,6,6,5,4,3,3,4,4,3,3,3,3,4,3,4,3,4,4,3,4,4,3,4,3,5,4,3,4,3,4,3,5,4,3,5,2,2,2,2,2,2,2,2,2,2,1,3,2,2,3,2,7,4,5,6,4,7,7,3,6,1,50,4,2,5,1,40,0,0,23000,301107,정신과의사전문의 의료협력교육 정신 문제 때문,의대 정신
30549,4,4,2,3,3,3,2,2,3,4,3,4,3,4,3,4,4,5,2,2,2,3,2,3,3,4,3,4,2,3,2,2,2,3,2,3,3,4,3,3,3,4,4,5,4,5,2,3,3,4,3,4,3,5,4,5,5,6,4,6,3,6,4,5,4,5,5,6,4,7,4,6,4,6,4,5,2,3,4,5,3,1,1,0,4,5,4,5,4,3,4,3,4,4,4,4,3,4,4,4,3,13,1,4,1,1,2,7,5,4,4,4,4,3,4,4,3,2,3,3,3,3,3,4,3,4,3,2,4,3,2,4,3,4,4,3,3,2,3,4,3,3,2,1,2,1,2,2,2,2,2,2,4,3,3,3,1,7,5,3,4,3,7,3,4,5,1,36,4,1,1,1,47,5900,4500,0,132002,정보관리기술사 정보처리기사 시스템 프로그래밍 언어와 조직화 소프트웨어 변동 인터넷 기반 사업 대다수,경영정보시스템
30550,1,0,1,0,1,0,1,0,1,0,1,0,1,0,1,0,4,4,4,5,1,0,1,0,4,5,1,0,4,5,1,0,1,0,1,0,1,0,1,0,1,0,4,4,3,4,1,0,1,0,1,0,1,0,1,0,1,0,1,0,1,0,1,0,1,0,1,0,1,0,1,0,1,0,1,0,4,5,4,4,4,5,3,4,3,3,3,3,3,3,3,2,3,1,3,3,3,2,3,2,2,19,3,2,1,2,0,7,2,3,3,3,3,5,5,3,5,5,5,5,2,2,2,4,4,4,4,4,3,4,3,4,3,3,3,3,3,4,3,3,5,4,2,2,2,2,2,2,2,2,2,2,2,3,2,3,1,7,8,7,4,4,4,8,3,4,1,45,4,1,1,1,40,3000,1200,0,420301,심판자격증 도장 관원 축소 축소,태권도학
30551,2,3,2,3,3,3,2,3,3,5,3,5,3,5,3,4,3,4,4,5,4,6,4,5,4,5,2,3,3,4,3,4,2,3,2,3,3,5,1,0,2,5,4,5,4,6,3,5,3,4,1,0,4,3,2,4,3,2,3,5,3,1,1,0,1,0,2,4,2,5,1,0,3,5,3,4,4,5,3,5,5,3,3,5,4,6,3,5,5,3,5,2,4,2,2,4,2,3,3,2,4,18,1,1,2,2,0,5,5,3,4,3,5,5,5,4,3,4,4,4,3,4,3,3,3,2,3,4,3,4,1,4,4,4,4,5,4,3,4,3,4,3,2,2,2,2,2,2,2,2,2,1,3,1,3,3,2,3,3,4,4,3,5,8,6,3,2,48,5,1,1,1,40,4600,2700,0,414101,그림 마니아 계속,동양회화
30552,2,3,2,3,3,3,4,4,5,4,3,3,1,0,3,3,4,3,1,0,1,0,3,3,4,3,3,4,2,3,4,3,3,3,3,3,4,4,4,3,4,4,4,4,4,4,5,4,4,3,4,3,3,3,1,0,1,0,1,0,5,5,4,4,4,3,1,0,3,3,1,0,3,3,3,3,3,4,1,0,1,0,1,0,5,4,3,3,1,2,3,3,3,3,3,4,4,3,3,3,3,11,1,2,2,1,2,3,2,3,4,3,4,4,3,4,4,4,4,4,2,4,4,4,3,3,3,3,3,3,3,4,4,4,3,3,4,4,3,4,4,4,2,2,2,2,2,2,2,2,2,2,2,3,3,3,2,7,7,6,7,6,4,5,4,4,2,40,4,1,1,1,42,4560,3000,0,32401,창구 실무교육 금융 침체 고용 감소 증가,경제학
30553,3,4,4,5,4,5,3,4,2,3,2,3,3,3,3,4,3,3,3,4,3,4,4,5,3,4,3,4,3,4,3,4,2,3,3,4,3,4,2,3,2,3,4,4,3,4,4,5,3,4,3,4,4,5,4,5,4,5,4,5,3,3,3,4,3,4,4,5,4,5,4,5,3,4,3,4,4,4,4,4,4,5,4,5,4,4,4,4,4,4,4,4,4,2,2,3,3,3,3,3,4,19,1,2,1,2,0,2,2,3,2,2,4,4,3,4,9,9,9,4,2,4,4,3,3,4,4,4,4,4,2,4,3,3,2,4,3,4,3,3,4,4,2,2,2,2,2,2,2,2,2,2,2,3,3,3,2,6,5,7,4,5,5,6,4,5,1,57,2,2,5,1,53,0,0,5500,811901,농기계정비기능사 농촌 인구 감소,기계
30554,2,2,2,3,2,2,2,2,3,4,2,3,2,2,3,4,2,3,3,3,2,3,3,3,3,3,2,2,3,3,3,3,3,3,2,3,2,2,2,2,3,3,2,2,3,3,2,3,3,3,2,2,2,3,3,3,2,2,2,3,2,2,2,2,2,3,3,4,3,3,3,4,2,2,2,2,2,3,3,3,2,3,2,3,2,3,2,2,4,4,3,4,2,3,3,2,2,3,3,2,2,7,1,1,2,2,0,1,2,2,3,4,5,4,4,3,9,9,3,3,4,3,3,3,4,4,2,3,4,3,4,4,4,4,3,4,4,3,3,3,4,3,2,2,2,2,2,2,2,2,2,2,2,2,2,2,2,5,6,5,4,3,4,5,6,4,1,50,2,2,5,1,40,0,0,4000,873201,기계화 자동화 증가,인문계
30555,4,6,4,6,4,5,2,4,2,5,4,5,2,4,3,4,3,4,2,4,2,4,3,5,3,4,2,3,3,4,3,4,3,4,3,4,2,4,2,4,3,5,3,4,3,4,2,3,2,3,2,3,2,3,1,0,1,0,1,0,2,3,1,0,1,0,1,0,1,0,1,0,1,0,1,0,1,0,1,0,1,0,1,0,1,0,2,3,3,3,3,3,3,4,4,2,3,4,4,4,4,13,1,2,1,1,1,6,5,3,4,4,3,3,4,3,3,3,3,3,2,4,3,3,2,2,4,2,3,3,3,3,3,3,3,3,3,4,3,3,3,4,2,1,2,2,2,1,2,2,2,2,2,3,3,2,2,7,7,6,7,6,7,5,5,5,1,53,3,2,5,1,45,0,0,10000,23201,세무사 회계사 세법 납세신고서 작성법 소프트웨어 추가 경기 침체 장기,내국세
30556,3,5,3,5,3,5,2,3,5,6,5,7,5,6,4,6,3,5,3,5,4,6,1,0,1,0,1,0,1,0,1,0,1,0,1,0,1,0,1,0,3,4,3,4,1,0,1,0,1,0,1,0,5,7,5,6,4,6,4,6,1,0,4,6,4,6,4,6,4,6,4,6,1,0,1,0,1,0,1,0,1,0,1,0,2,3,1,0,5,5,5,4,4,3,3,4,2,4,4,4,3,15,2,5,1,1,2,7,5,4,3,3,4,5,4,3,3,3,3,3,2,4,4,5,3,3,4,4,3,4,3,4,4,5,4,3,4,5,3,1,4,3,2,2,2,2,2,2,2,2,2,1,4,1,1,1,1,7,4,4,3,3,3,6,7,7,1,29,4,1,1,1,40,4000,4000,0,155106,방사선동이원소취급자일반면허 특정분석관련 원전 때문 폐기물 관리 인력 증원,원자력공학
30557,4,5,5,5,4,5,4,5,4,6,4,6,4,5,4,6,4,5,3,4,4,4,3,5,4,5,3,6,4,5,4,6,4,5,4,6,4,4,4,5,4,6,4,5,4,6,4,6,4,5,4,6,4,6,4,5,4,5,4,6,4,6,4,6,3,4,4,5,4,5,4,5,4,5,4,6,4,5,4,6,4,6,4,5,4,5,4,5,4,4,3,4,4,3,4,4,3,4,4,4,4,19,1,2,2,2,0,2,2,4,5,4,4,4,4,3,3,4,3,3,3,4,4,2,3,4,4,3,3,4,4,4,4,4,3,4,4,3,4,4,4,3,2,2,2,2,2,2,2,2,2,1,2,2,2,2,1,5,3,6,4,5,7,7,8,6,2,46,2,1,1,1,36,2000,1600,0,512201,결혼식장 이외 장소 혼례 종사 수요 감소,인문계
30558,5,6,4,4,5,6,3,4,1,0,3,4,3,4,3,4,4,6,3,3,3,3,4,5,5,6,1,0,2,3,2,2,1,0,1,0,1,0,1,0,4,5,2,2,2,2,2,1,1,0,1,0,1,0,1,0,1,0,1,0,3,3,1,0,1,0,1,0,1,0,1,0,1,0,1,0,1,0,1,0,1,0,1,0,4,6,2,2,5,4,3,3,4,2,3,5,3,4,4,3,5,13,1,2,2,1,4,5,5,3,2,2,4,3,3,2,3,3,3,3,4,3,3,4,3,4,3,4,5,4,3,4,4,3,3,4,4,5,4,4,4,5,1,1,2,1,2,2,2,2,2,3,4,2,3,2,2,3,5,4,2,2,1,8,8,7,1,50,4,1,3,2,40,5000,1200,0,411201,컴퓨터 응용 능력 인터넷 인공 지능 비약 발전,영문학
30559,2,2,2,2,2,2,2,2,2,2,2,2,4,4,3,4,3,4,3,3,2,2,1,0,2,2,2,2,2,2,1,0,1,0,3,1,2,2,2,2,2,2,2,2,2,2,2,2,3,3,2,2,3,3,3,3,3,3,3,3,2,2,3,3,1,0,1,0,1,0,1,0,2,2,2,2,1,0,1,0,1,0,2,3,2,3,2,3,4,4,3,4,4,3,4,4,3,3,4,3,4,3,1,2,1,1,3,4,5,4,3,4,4,4,4,4,4,3,4,4,3,4,4,4,3,4,3,4,4,4,4,4,5,4,4,4,5,4,4,4,4,4,2,2,2,2,2,2,2,2,2,2,3,3,3,3,2,6,5,6,5,5,6,4,5,6,2,36,4,1,1,1,40,3400,2500,0,415201,섬유디자인산업기사 의류 재단 제작 변화,패션디자인학
30560,2,4,2,4,1,0,2,4,3,4,4,4,2,4,3,5,3,4,2,5,3,4,2,5,4,4,4,5,4,5,3,5,3,5,4,5,2,4,4,5,3,5,5,6,5,5,5,6,5,5,1,0,4,5,5,5,4,5,5,6,1,0,4,5,4,5,4,6,5,6,5,6,1,0,4,5,4,6,3,5,5,6,2,5,3,5,3,5,5,3,5,4,3,1,5,2,3,3,3,3,5,3,4,1,2,2,0,7,1,4,4,3,3,2,3,4,9,9,9,4,4,2,2,4,3,3,3,4,2,3,4,5,3,3,4,2,3,5,4,3,5,3,2,2,2,2,2,2,2,2,2,1,2,3,2,2,2,8,8,8,7,8,7,3,3,3,1,54,2,2,6,1,48,0,0,3000,883101,제조업체 대부분 영세 임금 재료 가격 상승 매우 때문,인문계
30561,3,3,3,3,2,3,2,3,2,2,1,0,2,3,5,5,3,4,2,4,1,0,3,4,4,4,1,0,2,3,2,2,3,4,1,0,4,4,2,2,4,5,3,4,1,0,1,0,2,3,2,3,1,0,1,0,5,5,4,5,1,0,2,2,5,4,5,4,4,5,4,5,2,3,4,4,5,5,4,5,4,5,4,4,3,4,2,4,2,1,2,2,2,1,4,2,1,2,2,3,4,3,1,2,2,2,0,2,2,3,2,2,3,2,2,2,2,2,4,2,3,3,1,3,3,4,5,3,4,2,2,3,4,3,3,3,4,5,4,4,3,4,2,2,2,2,2,2,2,2,2,2,2,3,3,3,2,7,7,7,5,6,5,7,6,6,1,49,2,1,1,1,48,3800,2300,0,861201,생산 시설 점점 기계화,기계
30562,2,2,3,4,1,0,3,5,1,0,3,4,4,5,3,5,4,5,1,0,3,4,4,5,2,4,3,4,2,3,3,4,2,3,1,0,2,3,3,4,3,3,4,5,4,5,1,0,3,4,3,5,3,4,2,3,2,3,1,0,1,0,4,5,3,4,3,4,1,0,2,2,2,3,4,5,3,4,4,5,3,4,2,2,3,2,2,3,3,4,3,2,3,2,2,4,3,3,2,2,3,7,4,2,2,2,0,2,1,2,3,3,4,4,3,3,2,3,4,3,3,2,2,4,3,3,3,4,2,4,2,5,3,4,3,2,4,4,4,3,4,3,2,2,2,2,2,2,2,2,2,1,4,3,2,2,1,5,6,7,6,7,8,8,7,2,1,38,3,1,4,1,42,3000,2200,0,531701,갈수록 커피 비량,사회학
30563,3,3,4,5,3,3,1,0,1,0,1,0,1,0,1,0,3,3,1,0,1,0,3,4,3,4,4,5,3,3,3,4,1,0,1,0,4,5,4,5,4,5,3,4,3,4,1,0,3,4,3,3,1,0,1,0,1,0,1,0,1,0,4,5,3,4,3,4,1,0,1,0,1,0,4,5,3,4,3,3,4,5,3,4,3,3,3,3,2,2,2,3,4,3,2,4,2,2,3,2,3,9,1,3,1,2,0,6,2,3,4,4,3,4,4,3,4,3,4,3,3,4,4,3,3,4,4,3,4,3,4,3,3,4,3,3,4,4,3,4,4,4,2,2,2,2,2,2,2,2,2,2,2,2,2,3,1,7,7,7,6,4,4,3,6,7,1,48,2,1,1,1,52,3600,2000,0,531101,조리기능사 자격 취득,전기
30564,5,5,5,5,4,6,5,5,4,5,4,5,4,5,4,5,4,4,4,5,4,5,4,5,4,4,4,4,5,5,4,5,4,5,4,5,3,4,4,6,4,5,4,4,4,3,3,3,4,4,4,5,3,4,2,2,3,4,1,0,4,5,1,0,3,4,2,2,3,3,3,3,4,4,1,0,2,2,1,0,3,4,1,0,3,3,4,4,4,5,2,3,4,4,2,4,4,4,4,4,4,15,2,6,1,1,2,6,5,4,2,2,4,4,2,3,3,4,5,4,2,4,3,5,5,3,4,1,5,2,2,4,4,4,3,3,4,4,4,4,4,5,1,1,1,1,2,1,2,2,2,2,2,1,1,3,1,2,2,7,8,2,2,3,3,7,2,50,5,1,3,2,40,4000,4000,0,231401,사회복지사 직업상담사 취업동향 4차 산업혁명 시대 중년의 일자리 동향 준비 대비 위한 일자리 담당자의 역할 전산 시스템 구축 협엽틀 도입 온라인 오프라인 강의 병행 영상 강의 등록 활용 변화 사회 현상 대응 일자리 발굴 오스 강사 양성 직무 분석 욕구 흥미 적성 파악 지면 매칭 것임 노인 특성 사람 대면 지원 업무 잔류 예상,사회복지학
30565,2,4,4,5,2,3,3,4,1,0,3,5,4,6,3,4,3,5,2,3,3,4,3,5,3,4,3,4,5,5,2,2,3,5,3,5,2,4,4,5,3,5,3,3,5,4,3,5,3,5,3,5,3,5,3,5,3,5,2,4,1,0,1,0,2,4,3,4,2,2,2,3,3,4,5,3,3,4,2,3,3,4,3,5,4,5,2,3,4,3,3,3,3,2,4,4,4,4,4,3,4,19,1,1,1,1,1,3,2,3,3,3,5,4,4,3,9,9,3,3,2,4,4,4,4,2,4,1,4,2,3,5,3,4,4,4,5,5,4,4,4,5,2,2,1,2,2,2,2,2,2,1,3,2,2,2,2,7,5,4,3,3,4,7,3,4,2,48,3,2,5,1,52,0,0,3000,511301,피무관리사 자격증 고객 상담과 응대법 교육 맛사지 기계 화장품 선택 생활 소득 수준 향상 외모 대한 관심 일자리,피부미용학
30566,2,3,2,3,2,3,2,2,2,1,3,4,1,0,4,4,3,3,3,4,3,3,3,4,4,5,3,4,3,4,4,5,2,3,2,1,3,4,4,5,3,5,4,5,2,1,3,4,3,4,3,4,4,5,4,6,4,6,4,6,3,4,3,5,4,5,4,6,4,6,4,6,4,5,3,4,4,5,4,6,4,6,2,4,3,5,4,5,3,3,3,4,4,2,3,3,3,2,3,4,3,6,1,2,1,2,0,6,3,3,3,4,5,5,5,3,4,4,3,3,3,3,3,3,3,3,4,3,2,3,4,3,3,3,3,4,3,3,2,2,4,4,2,2,2,2,2,2,2,2,2,2,2,3,3,3,2,5,6,5,6,5,4,4,4,5,1,44,4,1,1,1,30,4600,3200,0,623001,크레인운전기능사 기중기운전기능사 건설 경기 불황,자동차학
30567,2,1,3,2,2,2,3,4,2,1,2,1,3,3,2,1,3,3,2,2,2,1,2,2,3,4,2,3,2,3,3,4,2,2,2,1,3,1,4,4,3,2,2,1,2,3,3,2,3,3,2,1,4,4,2,3,3,4,1,0,1,0,2,3,1,0,1,0,1,0,1,0,1,0,2,2,3,1,2,2,3,2,2,1,3,3,2,3,4,4,1,4,4,2,4,4,3,2,4,2,3,9,4,2,1,2,0,3,2,2,4,4,5,4,3,4,3,3,4,4,4,3,4,4,4,3,2,1,2,3,2,4,4,3,2,2,2,4,2,1,5,5,2,2,2,2,2,2,2,2,2,1,4,3,3,3,2,9,8,9,2,5,6,3,8,7,1,60,2,2,6,1,40,0,0,4700,531501,일식조리사 외식 증가,문과
30568,3,3,3,4,1,0,3,4,5,6,5,6,5,7,4,5,4,5,4,6,4,5,3,4,4,5,3,4,1,0,1,0,1,0,1,0,3,3,2,3,3,4,2,3,1,0,1,0,1,0,1,0,5,6,5,7,4,6,4,6,4,5,3,4,4,5,4,5,4,5,4,6,4,5,3,4,2,3,4,5,2,2,1,0,5,6,1,0,5,4,5,4,4,3,4,4,3,5,3,3,3,13,1,1,2,2,0,7,5,4,5,5,3,4,3,3,4,4,4,4,3,4,4,4,4,4,5,4,4,5,3,4,5,4,4,4,5,4,4,4,5,3,2,2,2,2,2,2,2,2,2,1,3,3,3,3,2,3,2,3,2,3,2,9,8,8,2,30,4,1,1,1,40,3300,3100,0,159103,변화,영상디자인
30569,5,5,5,5,4,4,5,6,4,4,4,5,2,2,3,4,4,5,4,5,5,5,4,4,5,6,4,4,4,4,4,5,4,5,1,0,4,5,5,6,5,5,4,4,3,3,3,4,4,5,3,4,5,6,1,0,5,6,3,4,4,5,5,6,5,7,4,5,5,6,5,6,4,6,2,2,5,6,4,5,2,2,3,3,5,5,4,4,4,3,2,3,5,3,4,1,3,4,5,4,1,17,1,4,1,2,0,2,4,4,4,5,4,5,2,3,3,4,4,4,2,4,4,3,4,3,3,2,4,4,4,3,4,4,4,3,3,4,3,3,5,4,2,2,1,2,2,2,2,2,2,2,2,2,2,3,2,7,5,3,7,6,5,7,5,4,2,45,3,1,1,1,40,3300,2500,0,306101,임상병리사 업무 장비 도입 자동화 시스템,임상병리학
30570,2,2,2,3,2,3,2,3,1,0,2,3,1,0,1,0,2,2,2,4,1,0,1,0,2,3,1,0,1,0,2,3,1,0,1,0,2,3,1,0,1,0,2,3,1,0,1,0,2,2,2,3,1,0,1,0,2,2,1,0,1,0,2,2,1,0,1,0,1,0,1,0,1,0,1,0,2,3,2,2,2,3,2,3,2,3,1,0,2,2,3,3,3,2,2,2,2,2,3,2,3,6,1,2,2,2,0,6,3,2,1,1,3,3,2,3,3,3,3,3,4,2,2,4,4,4,3,2,3,3,3,4,2,2,2,2,2,4,2,2,3,3,2,2,2,2,2,2,2,2,2,1,2,3,3,3,2,5,5,5,6,7,6,5,5,5,1,62,2,1,3,1,52,4000,2000,0,701701,인건비 수입 인력 중국 베트남,이과
30571,4,5,4,5,3,3,3,4,5,6,3,4,3,4,1,0,3,4,3,4,3,4,1,0,3,4,3,4,1,0,1,0,3,4,1,0,1,0,3,4,3,4,3,4,3,4,1,0,3,4,1,0,3,4,5,6,3,4,3,4,3,4,4,5,1,0,3,4,4,5,4,5,1,0,4,5,3,4,3,4,1,0,1,0,4,5,3,4,4,4,3,3,4,3,4,3,3,3,3,4,4,19,1,2,1,2,0,2,3,3,4,4,4,4,3,4,5,5,5,4,2,4,4,4,4,3,2,2,4,2,2,3,4,3,3,3,4,5,4,3,3,4,2,2,1,1,1,2,2,1,1,2,4,2,2,3,2,2,8,8,1,8,2,1,8,2,1,37,3,1,1,1,50,3300,2500,0,841201,통신장비사 모델 업무 내용 숙지 변화 기술 도입 서비스 발생,전기
30572,4,7,5,6,4,5,4,5,3,4,4,5,3,4,4,4,4,5,4,6,4,6,3,6,5,7,5,6,4,5,4,5,3,5,3,4,5,6,4,5,5,5,5,5,5,6,2,5,3,4,4,5,3,5,2,4,2,5,2,5,2,4,3,5,5,5,5,4,4,4,5,5,4,5,5,5,5,6,5,5,3,5,2,4,4,5,4,4,4,4,3,3,4,4,3,3,4,4,4,4,4,8,1,2,1,1,2,4,5,4,3,3,4,4,4,3,4,4,4,4,3,3,3,4,4,3,4,2,3,3,3,3,4,4,3,3,4,4,4,3,3,4,2,2,2,2,2,2,2,2,2,2,4,2,2,3,2,7,7,7,7,7,7,6,7,7,1,32,4,1,3,1,30,2920,2400,0,621101,사업용조종사 조종교육증명 조작 통일화 세계 교통 물류 확대,항공운항학
30573,4,5,3,4,4,5,3,5,4,5,4,5,1,0,3,4,3,4,3,4,4,5,4,6,5,6,4,6,4,6,3,4,2,3,3,5,4,5,3,4,5,6,4,6,3,5,2,4,1,0,2,3,4,5,4,6,4,5,3,5,2,3,4,6,4,6,4,6,3,5,4,5,4,5,3,4,3,3,3,4,2,3,3,4,3,4,3,4,4,3,4,4,4,3,4,2,2,4,4,4,3,3,1,2,2,2,0,6,5,4,4,3,4,3,3,3,4,3,3,3,2,4,3,5,4,3,4,5,3,4,3,4,4,4,4,4,4,4,4,4,4,3,2,2,2,2,2,2,2,2,2,2,4,3,3,3,2,7,7,4,5,4,4,5,6,6,1,37,4,1,1,1,42,4300,3000,0,152201,지속 성장 증가,토목공학
30574,3,4,3,5,2,4,4,6,1,0,4,6,5,7,3,5,5,6,4,5,3,4,3,5,3,5,4,5,3,5,3,4,3,5,4,6,5,6,3,5,3,5,4,5,4,6,1,0,1,0,3,5,1,0,1,0,1,0,1,0,3,4,1,0,1,0,1,0,1,0,1,0,1,0,4,5,4,5,3,5,3,6,3,5,3,4,5,6,4,3,3,2,4,2,2,4,3,4,4,3,4,18,4,1,1,1,3,7,2,4,4,4,2,4,3,2,9,9,9,2,1,5,5,3,5,5,5,2,4,4,4,4,5,4,3,2,4,4,5,3,4,2,2,1,1,2,2,2,2,2,2,2,4,2,2,2,1,5,7,5,6,5,5,3,7,9,1,55,4,1,4,2,40,1000,700,0,416103,워드프로세스 스토리텔링 프로세스 교육 인문 철학 개론 인공 지능 간접 영향 디지털 기술 단계 발전 전환 작업 능률 향상 문화 이벤트 다양성 수요 증가,행정학(민속학)
30575,2,3,3,4,3,4,2,3,2,3,2,3,2,3,2,3,2,3,2,3,2,3,2,3,2,3,2,3,2,3,2,3,2,3,2,3,2,3,2,3,2,3,2,3,2,3,2,3,2,3,2,3,2,3,1,0,2,3,2,3,3,4,3,4,3,4,3,3,3,4,3,4,1,0,3,4,3,4,2,3,2,4,3,4,3,3,2,3,4,4,3,3,4,1,4,4,3,3,3,4,3,15,2,2,1,2,0,4,5,3,3,3,3,3,3,3,2,3,3,3,3,3,2,3,3,2,3,3,2,4,2,4,3,4,3,3,4,4,3,3,5,3,2,2,1,2,2,1,2,2,2,2,2,1,1,3,1,9,8,9,4,7,6,6,4,2,1,25,2,1,1,1,60,2400,2300,0,240102,인명구조 자격증 동력수상레저 자격증 해기사 자격증 드론 교육 전문 구조 기술 기계 인공 도입 때문,인문계
30576,2,2,4,2,2,2,2,2,4,3,3,3,4,4,3,3,2,3,1,0,1,0,3,4,2,3,4,4,4,3,3,5,1,0,1,0,1,0,2,2,2,3,1,0,2,3,3,3,3,2,1,0,3,3,3,3,4,5,1,0,1,0,1,0,3,3,3,3,3,3,4,4,1,0,4,3,2,3,1,0,3,3,2,3,3,3,2,3,4,3,1,2,2,3,2,2,4,2,2,2,3,9,1,1,2,2,0,2,2,3,3,3,3,3,2,3,1,3,4,3,4,1,2,4,4,3,2,3,4,4,3,3,4,3,4,2,3,3,4,3,5,3,2,2,2,2,2,2,2,2,2,1,4,3,3,3,1,6,5,6,7,6,6,7,7,6,1,28,3,1,1,1,40,2200,1900,0,531701,문화생활 지수 커피 전문점 증가 계속,기계
30577,3,4,3,3,2,3,3,3,3,5,4,4,2,3,3,5,4,4,3,4,3,4,4,5,3,4,4,4,4,4,3,4,1,0,1,0,5,5,4,4,5,5,4,4,3,4,2,3,2,3,3,4,4,4,1,0,5,5,4,5,3,4,4,4,3,4,4,5,4,5,4,5,4,4,3,5,4,5,3,4,4,4,3,3,3,4,4,5,4,4,3,3,4,2,4,4,3,3,4,4,5,8,1,3,1,1,1,5,3,3,3,3,5,4,2,4,4,3,4,4,2,5,4,3,4,3,4,3,3,2,3,4,4,3,4,4,4,5,4,4,4,3,2,2,2,2,2,2,2,2,2,2,3,3,3,3,2,9,6,7,9,9,9,7,6,4,1,44,4,1,1,1,40,6000,3500,0,621203,해기사 안전교육 수출 수입 계속,기관공학
30578,2,3,2,2,2,2,2,3,2,3,1,0,1,0,2,2,1,0,3,3,1,0,1,0,1,0,1,0,1,0,2,3,1,0,1,0,1,0,1,0,1,0,2,3,1,0,1,0,1,0,1,0,1,0,1,0,1,0,1,0,1,0,1,0,3,4,3,4,3,5,4,5,1,0,2,4,3,5,3,4,2,4,1,0,2,3,2,3,3,2,3,2,2,1,2,2,3,3,1,3,2,3,1,2,2,2,0,7,1,2,2,1,2,2,1,2,2,3,3,2,4,2,2,4,4,3,2,2,3,3,2,4,2,2,3,3,3,4,3,2,5,5,2,2,1,2,2,2,2,2,2,2,1,2,2,2,2,8,7,7,3,2,2,7,2,3,1,47,2,1,1,1,48,3100,2400,0,864301,조작 기능 기계 도입 기술 점점 발전 기계 도입,상고
30579,4,5,4,4,4,5,4,5,3,4,4,5,5,5,4,6,4,5,4,5,4,5,4,5,4,5,3,4,4,5,4,5,4,5,4,5,5,5,4,6,5,6,3,4,3,3,3,3,4,5,4,6,4,5,4,5,4,4,3,5,4,5,3,5,4,4,4,5,4,4,4,5,4,6,4,5,4,5,4,5,3,4,4,5,4,5,4,5,4,4,3,4,4,3,4,4,3,3,4,4,3,10,1,2,1,2,0,2,4,4,3,4,4,4,4,5,4,3,4,4,4,3,3,3,4,4,3,3,2,3,3,3,3,4,4,4,4,4,3,3,4,2,2,2,2,2,2,2,2,2,2,3,3,3,3,3,2,3,4,4,6,5,6,7,4,5,1,48,4,1,1,1,40,4000,3000,0,134302,네트워크관리사 소득,경영
30580,2,4,3,5,1,0,1,0,3,5,3,5,1,0,1,0,1,0,1,0,3,5,1,0,1,0,1,0,1,0,1,0,1,0,1,0,1,0,1,0,1,0,1,0,1,0,1,0,1,0,1,0,3,5,3,5,3,5,3,5,1,0,4,5,4,5,4,5,4,5,4,5,1,0,1,0,1,0,1,0,1,0,1,0,1,0,1,0,3,3,3,3,3,1,3,3,3,3,3,2,2,4,2,2,1,1,1,7,5,3,4,3,4,4,4,4,4,4,4,4,1,4,4,4,3,3,2,3,4,3,4,4,3,3,3,3,4,4,3,2,4,2,2,2,2,2,2,2,2,2,2,1,3,3,3,3,1,7,8,8,6,7,6,5,3,3,1,34,4,1,1,1,40,5000,3000,0,153104,전기산업기사 실무 교육 수요 기계로 대체,전기공학
30581,1,0,1,0,1,0,1,0,1,0,1,0,1,0,1,0,1,0,1,0,1,0,1,0,1,0,1,0,1,0,1,0,1,0,1,0,1,0,3,4,1,0,1,0,1,0,1,0,3,4,3,4,2,2,1,0,1,0,1,0,1,0,1,0,1,0,1,0,1,0,1,0,1,0,4,5,2,2,1,0,3,4,1,0,1,0,1,0,4,4,3,3,4,3,3,3,2,3,2,2,3,9,1,2,1,2,0,7,2,3,3,3,4,3,3,3,4,3,4,3,2,3,3,4,3,4,4,3,4,3,3,3,4,3,3,2,3,3,4,4,3,3,2,2,2,2,2,2,2,2,2,2,3,3,3,3,2,6,7,6,7,6,6,7,6,6,1,32,4,1,1,1,40,3800,2800,0,531401,양식조리기능사 변화,호텔경영학
30582,4,6,4,5,3,4,2,3,2,4,3,5,2,3,3,4,3,4,3,5,2,3,4,5,4,5,2,3,2,3,2,4,1,0,1,0,4,5,1,0,3,4,4,5,3,5,1,0,2,3,2,3,4,5,3,4,3,4,2,3,3,4,1,0,3,4,3,4,3,4,3,4,3,4,3,4,4,5,3,5,2,4,2,3,3,4,3,4,4,4,4,4,4,4,4,2,3,4,4,4,4,17,1,2,1,1,6,2,5,4,4,4,4,4,4,4,4,4,4,4,2,4,4,3,3,2,3,3,4,3,3,4,4,3,4,4,3,4,3,3,4,4,2,2,2,2,2,2,2,2,2,2,4,3,3,3,2,7,7,7,3,3,7,7,7,7,1,48,4,1,1,1,45,9000,5500,0,301109,의사국시 방사선 치료방법 의료 서비스 수요 증가,방사선과
30583,4,4,4,5,4,4,4,5,3,5,4,5,4,4,4,4,4,5,3,3,3,5,3,4,3,3,4,5,3,5,3,4,2,5,3,3,4,4,4,5,3,4,4,5,3,5,4,5,4,4,4,4,4,4,3,3,3,4,1,0,3,4,2,5,3,5,3,5,3,3,3,4,4,4,4,4,4,4,3,5,3,4,2,2,4,4,3,4,4,4,3,4,3,4,4,3,3,4,4,3,4,11,2,5,2,2,0,2,5,4,4,5,4,3,4,4,3,4,4,4,4,4,5,4,4,3,4,4,3,4,4,4,3,3,4,4,3,4,4,4,4,4,2,2,2,2,2,2,1,2,2,2,2,2,2,2,1,6,5,4,5,6,7,4,3,5,2,34,4,1,3,1,52,3600,2400,0,31102,코로나 무급 휴가 전산 시스템 일자리 부족 사태,경제학
30584,2,2,2,3,2,2,2,2,2,2,3,3,2,2,2,3,2,2,4,6,2,3,1,0,1,0,2,3,2,3,2,2,1,0,1,0,1,0,2,3,1,0,2,2,2,2,2,3,1,0,1,0,1,0,2,2,2,2,1,0,1,0,2,2,2,2,3,4,2,3,1,0,3,3,1,0,4,5,1,0,2,2,2,2,2,2,2,3,4,4,5,3,4,3,4,2,2,2,3,4,5,8,1,2,1,2,0,1,1,3,4,4,4,3,2,5,9,9,5,5,2,4,4,3,4,4,2,4,4,3,4,4,4,5,3,3,4,5,4,4,5,3,2,2,2,2,2,2,2,2,2,1,3,3,3,3,2,9,8,8,1,2,3,8,8,4,1,55,2,1,1,1,40,3700,2600,0,622304,대형운전면허 변동 직종,기계공학
30585,3,4,3,4,2,2,3,4,2,3,4,5,3,4,3,4,2,3,4,5,4,5,4,5,4,5,4,5,4,5,4,5,4,5,4,5,4,5,4,5,4,5,3,4,3,4,2,2,4,6,2,2,3,4,4,6,4,5,2,2,2,2,2,3,3,4,3,4,4,5,3,4,2,2,3,4,3,4,3,4,2,2,2,2,5,7,2,3,4,4,3,3,4,4,3,4,3,4,4,4,3,6,1,2,1,2,0,3,4,4,4,4,4,4,3,3,4,4,4,4,2,4,4,2,3,2,3,5,4,5,2,5,4,4,5,4,4,5,4,4,5,4,2,2,2,2,2,2,2,2,2,2,3,3,3,3,2,1,1,2,1,1,3,2,1,2,1,35,4,1,1,1,40,4500,3000,0,140206,건설산업안전기사 기술사 건설안전기사 기술사 건설환경기사 기술사 건설 경기 전망,건축학
30586,1,0,2,2,1,0,1,0,1,0,4,4,1,0,1,0,1,0,3,4,1,0,1,0,4,5,3,3,4,4,3,3,3,3,2,2,1,0,4,5,5,6,5,5,4,5,1,0,5,6,4,5,5,6,3,3,4,5,5,6,1,0,4,5,5,7,5,6,5,6,5,6,5,6,2,3,4,4,4,5,3,3,1,0,4,5,4,5,3,3,4,2,3,2,3,3,3,3,4,3,3,10,1,4,1,1,2,4,4,3,3,2,4,3,3,3,9,9,9,5,3,4,4,4,3,2,1,3,4,4,3,4,4,4,3,2,3,4,4,2,5,4,2,2,1,1,1,2,2,1,2,1,3,3,3,3,2,8,2,2,7,3,4,5,2,2,1,56,4,1,1,1,50,4900,2400,0,842101,방송통신기사자격증 설치하는데 안전을 요구하는데 특히 강조한다 갈수록 첨단 장비 계속 일자리,전자공학
30587,5,6,4,5,5,6,3,3,2,2,2,2,5,5,4,5,3,4,4,5,3,3,3,4,4,5,3,4,4,5,3,4,4,5,4,5,3,3,3,3,3,4,4,5,3,4,3,3,4,4,4,5,3,4,3,4,3,3,3,3,3,3,3,4,3,3,4,5,3,4,4,5,4,5,3,4,4,5,4,5,3,4,4,5,4,5,3,5,5,5,4,4,4,5,4,4,4,5,5,4,4,18,1,1,1,2,0,4,2,4,4,4,4,4,4,4,4,5,5,4,3,4,3,3,4,4,3,3,4,3,3,4,4,3,3,4,4,4,3,3,4,3,2,2,2,2,2,2,2,2,2,1,3,3,3,3,2,7,6,4,4,5,5,7,6,7,2,33,2,1,1,1,40,2500,2200,0,511501,애견미용사 애견 인구,문과
30588,2,3,2,4,2,2,2,3,3,4,3,4,3,4,3,4,2,1,4,5,3,4,3,4,3,4,2,3,3,4,3,4,2,3,2,3,3,3,3,3,2,3,4,5,3,4,2,3,3,4,3,5,4,5,4,5,4,6,4,6,3,4,4,4,4,5,4,6,4,6,4,5,4,5,2,4,4,5,4,5,4,6,3,4,4,4,4,4,3,3,2,3,2,2,2,3,2,3,2,2,3,6,1,2,2,2,0,4,3,2,3,3,3,3,3,3,3,3,4,3,3,3,2,3,3,4,4,2,3,3,3,4,3,3,3,4,4,4,3,4,3,3,2,2,2,2,2,2,2,2,2,1,2,2,2,2,1,5,4,5,4,5,6,5,5,6,1,39,4,1,1,1,25,3850,3100,0,701301,건설 경기 불황 일자리 감소,토목학
30589,4,4,4,4,3,3,3,4,1,0,3,3,1,0,2,3,2,4,3,4,3,4,2,4,2,3,3,4,2,3,2,3,1,0,1,0,2,4,4,4,2,3,4,3,5,5,3,4,3,3,3,5,2,3,3,3,2,3,3,3,2,3,3,4,5,6,4,4,3,5,5,4,5,4,2,3,4,4,4,5,2,4,2,4,4,5,2,3,5,4,3,4,4,3,4,4,3,4,3,4,4,8,1,3,1,1,1,6,3,3,3,3,2,2,3,4,4,4,5,4,2,5,4,4,4,3,5,4,3,2,3,4,4,5,4,3,4,4,5,5,4,5,2,2,2,2,2,2,2,2,2,3,3,3,3,3,2,9,7,8,6,8,7,6,3,2,1,52,2,1,1,1,40,7200,3600,0,621201,해기사 항해사 안전교육 해상 근무 기피 일자리 변화,항해
30590,3,5,4,5,2,3,4,6,2,3,3,5,3,5,4,6,4,5,3,5,3,5,3,4,3,5,4,6,3,4,4,6,3,4,3,4,4,5,4,5,4,5,4,5,4,5,2,3,3,4,4,6,3,3,3,4,1,0,1,0,1,0,3,4,2,3,1,0,2,2,1,0,4,5,2,2,2,3,5,6,5,7,4,6,4,5,3,4,3,4,2,4,4,2,3,4,3,3,4,4,4,8,1,6,2,2,0,3,4,5,4,3,2,3,3,5,3,3,3,4,2,4,4,4,3,2,2,3,2,4,4,3,4,3,3,4,4,4,3,3,3,4,2,2,2,2,2,2,2,2,2,1,4,2,2,2,1,6,7,8,5,6,5,6,4,5,2,34,4,1,1,1,48,6500,3000,0,522101,여행 사람,스튜어디스
30591,4,6,4,6,4,6,4,6,4,6,4,6,4,5,4,6,4,6,4,5,4,6,4,6,4,6,4,6,4,6,4,6,4,6,4,6,4,6,4,5,4,5,4,6,4,6,4,6,4,6,4,6,4,6,4,6,4,6,4,6,3,3,4,3,4,5,4,5,4,5,4,6,4,5,4,5,4,3,4,4,4,4,4,5,4,6,4,5,4,3,4,4,5,4,3,4,3,4,4,4,5,18,1,4,1,1,3,2,5,4,4,4,4,5,5,4,5,5,4,4,2,4,4,4,4,3,3,4,4,4,4,4,4,4,3,4,4,5,4,4,5,3,2,2,2,2,2,2,2,2,2,1,3,3,3,3,2,9,9,1,1,1,1,2,2,8,1,49,4,1,1,1,40,3500,2600,0,416105,무대예술전문인 촬영현장 관찰하고 제반사항검토 결정 변동 직종,연극영화
30592,1,0,1,0,1,0,1,0,1,0,1,0,1,0,1,0,2,3,2,3,1,0,1,0,3,4,3,4,1,0,1,0,1,0,1,0,1,0,1,0,2,3,1,0,3,4,1,0,1,0,1,0,1,0,1,0,1,0,1,0,2,3,1,0,1,0,1,0,1,0,1,0,1,0,2,3,1,0,1,0,2,3,1,0,2,3,1,0,3,3,3,4,4,3,4,3,4,3,3,3,4,8,1,2,2,2,0,7,5,4,3,3,3,4,3,3,3,4,4,3,3,3,4,3,3,4,3,3,4,3,3,4,3,3,4,4,5,4,4,3,3,4,2,2,2,2,2,2,2,2,2,1,3,2,3,3,1,3,4,4,7,5,6,4,7,6,1,39,4,1,1,1,44,4312,3702,0,28203,전망 업무,항공공학
30593,5,6,5,7,4,6,5,6,5,6,5,7,4,6,5,7,4,6,5,7,5,6,4,6,4,6,4,7,4,6,5,6,5,6,5,6,4,6,5,7,4,6,5,6,5,7,5,6,4,6,5,6,5,7,5,6,5,6,4,6,4,5,4,5,4,6,4,6,5,6,5,6,3,4,4,6,4,4,3,4,4,6,4,7,4,6,3,5,3,3,3,3,3,3,3,3,3,3,3,3,3,15,2,5,1,2,0,5,6,3,3,3,4,4,4,3,3,3,4,4,3,3,3,3,3,3,3,3,3,3,4,3,3,3,3,3,3,3,3,3,3,4,2,2,2,2,2,2,2,2,2,2,4,3,3,3,2,2,3,5,5,5,5,3,4,4,2,38,6,1,1,1,40,4000,3000,0,121105,박사학위 지질학 대한 연구 선진국 관심 분야,지질학
30594,4,6,3,5,3,5,3,5,3,4,3,5,3,5,4,5,4,4,3,5,3,5,3,5,4,5,4,5,3,4,3,5,3,5,4,5,4,5,4,5,4,4,3,5,4,5,3,5,4,5,4,5,4,5,3,5,3,5,4,5,3,4,3,5,4,4,4,5,4,5,4,5,3,4,3,4,3,4,3,4,3,5,3,4,4,5,3,4,4,4,3,3,4,3,4,3,4,4,4,4,4,5,1,3,2,2,0,6,4,4,3,3,4,4,3,4,4,4,4,4,3,4,3,4,4,3,3,3,4,3,3,4,3,3,4,4,3,4,3,3,4,4,2,2,2,2,2,2,2,2,2,1,1,2,3,3,1,5,5,7,5,5,5,5,5,5,1,49,4,1,1,1,48,5400,2800,0,853101,용량 감소,환경공학
30595,3,5,3,4,3,4,2,3,4,5,3,3,3,5,3,4,2,4,5,4,4,5,2,2,3,3,2,3,2,3,2,4,2,3,2,3,2,3,2,4,2,3,3,4,3,4,3,3,3,3,2,3,3,3,5,6,5,6,5,5,3,3,2,4,2,4,2,2,2,4,2,2,2,3,3,4,2,4,2,4,3,4,2,4,3,4,2,3,4,4,4,3,3,4,3,4,4,3,3,4,3,6,1,2,1,1,5,5,5,3,3,3,4,4,2,3,3,3,3,3,2,3,2,3,3,2,3,1,2,3,4,3,3,2,2,2,3,3,3,3,4,5,2,2,2,2,2,2,2,2,2,3,1,3,3,3,2,8,7,7,7,5,4,8,4,4,1,31,4,1,1,1,48,4000,3700,0,140201,건축기사 산업기사 모든 업무가 기술적으로 습득이 필요함 건축 시장 위축 축소,건축학
30596,3,4,4,5,4,5,4,5,4,5,4,5,4,5,4,5,4,5,3,4,4,5,4,5,4,6,4,6,4,5,4,5,4,6,4,5,4,5,4,5,4,5,4,6,4,6,4,6,5,6,4,6,4,5,4,6,4,6,4,5,4,6,4,4,4,5,4,5,4,5,4,5,4,6,4,5,4,5,4,5,4,5,4,5,4,5,4,5,4,3,4,4,4,4,4,4,4,4,4,5,2,10,1,6,2,2,0,7,5,4,4,4,4,3,4,4,4,4,3,3,4,3,3,4,4,3,3,3,3,3,3,4,3,4,3,3,4,3,2,3,3,3,2,2,2,2,2,2,2,2,2,2,4,3,3,3,1,7,6,6,4,3,4,6,7,6,1,38,5,1,1,1,40,6400,4200,0,131203,통신망 구축 관리 인원 증가,정보통신
30597,3,4,3,4,2,3,2,3,3,5,2,3,2,2,2,3,3,4,3,4,3,3,1,0,2,3,1,0,2,3,1,0,3,3,3,4,2,2,3,4,3,4,3,3,3,4,1,0,1,0,1,0,1,0,1,0,3,4,1,0,3,4,2,2,2,2,1,0,1,0,1,0,3,3,2,2,1,0,2,3,2,3,3,3,3,4,3,3,3,4,3,3,2,4,5,4,4,3,4,3,2,8,1,2,2,2,0,5,4,3,3,2,3,3,3,3,2,3,4,3,3,4,3,4,3,3,4,3,3,2,3,4,3,3,3,5,4,4,3,4,3,3,2,2,2,2,2,2,2,2,2,2,3,3,3,3,2,6,7,6,5,5,6,7,6,5,1,32,4,1,1,1,40,3000,2500,0,28302,전산 화가,나노공학
30598,2,3,3,4,2,3,2,3,3,4,2,2,3,4,3,3,2,3,1,0,3,4,2,3,2,3,1,0,2,3,2,3,2,2,3,4,1,0,2,3,2,3,1,0,1,0,1,0,2,2,1,0,2,4,2,3,2,2,3,4,4,5,2,2,2,2,2,3,2,3,2,2,2,2,2,3,1,0,1,0,1,0,1,0,2,3,1,0,3,3,2,2,3,5,3,4,2,4,3,2,2,16,5,2,2,2,0,5,2,3,4,3,3,4,3,2,3,4,3,3,2,3,2,3,2,3,4,3,1,4,3,4,3,3,2,3,2,3,2,1,3,2,2,2,2,2,2,2,2,2,1,1,4,1,3,3,2,6,3,4,4,3,5,3,2,3,2,28,4,1,1,1,40,2800,2600,0,133301,디자이너 업무 진행 스트레스 증가 인터넷 일이 활용 증가,컴퓨터공학
30599,2,3,2,3,2,3,3,3,3,3,2,3,3,4,3,4,3,3,2,3,3,4,3,4,3,4,3,4,3,4,4,5,4,4,3,4,3,4,4,5,3,4,4,5,4,5,4,5,4,5,4,5,4,5,3,5,4,4,3,4,4,5,3,4,3,4,3,4,4,4,3,4,4,5,4,5,4,5,4,5,4,5,4,5,4,5,4,5,3,4,3,3,3,4,3,3,3,4,3,3,3,10,1,4,2,2,0,7,4,3,3,3,3,3,3,3,2,2,3,2,4,3,2,3,2,3,3,2,3,3,2,3,2,3,4,3,3,2,3,3,3,2,2,2,2,2,2,2,2,2,2,2,4,3,3,3,1,7,6,7,4,3,4,7,4,3,1,30,4,1,1,1,40,3800,3600,0,134301,인터넷 베이스 서버,시스템정보
30600,4,5,5,6,3,5,3,4,3,5,3,5,3,4,3,4,3,5,3,5,3,5,3,5,3,5,1,0,3,6,3,6,3,5,3,4,1,0,3,5,3,6,3,5,3,5,1,0,1,0,1,0,3,5,1,0,3,6,3,5,3,3,3,3,3,5,3,5,3,5,3,4,1,0,2,3,3,5,3,6,3,6,3,6,3,5,3,5,4,4,3,3,5,1,5,5,2,4,5,5,2,15,2,2,1,1,2,2,2,5,5,4,2,5,3,4,2,3,3,3,1,4,4,3,2,2,4,2,3,5,3,4,3,3,4,3,3,5,4,4,5,5,2,1,2,2,2,1,2,1,1,1,3,1,1,3,2,8,8,9,7,8,9,8,2,8,1,34,2,1,3,1,45,4000,3400,0,307101,응급구조사 2급 1종 보통 운전면허 행정 업무를 위한 기본 컴퓨터 활용 능력 업무 환경 근무 개선 스트레스 증가 예시 교대 근무 교대 근무 시시각각 변화 현장 업무 실제 판단 사람 생각 대체,인문계
30601,5,6,5,6,5,5,4,5,5,5,5,5,5,7,5,6,5,5,4,5,5,6,5,6,5,5,4,5,4,6,4,4,5,6,5,4,4,4,4,3,5,5,4,4,5,3,5,4,5,3,5,3,5,6,5,7,5,4,5,6,5,3,5,6,5,6,5,6,5,7,5,6,4,4,4,3,5,4,5,3,5,3,5,2,5,4,5,2,5,3,5,3,4,3,5,4,3,5,3,4,3,3,1,5,2,2,0,5,5,4,4,4,5,5,3,4,3,4,4,4,1,5,5,4,5,4,4,3,5,4,3,5,3,5,3,4,5,5,5,3,5,3,1,1,2,1,2,2,2,2,2,3,2,3,3,3,2,1,5,1,8,5,5,9,5,5,1,38,4,1,1,1,55,7500,2800,0,152101,제조 기술 기반 대한 컴퓨터 프로그램 영향 생산자 시스템 개발 근로자 감소,금속학
30602,3,5,1,0,1,0,1,0,2,4,2,3,3,3,2,4,2,3,2,4,2,4,2,4,2,4,1,0,1,0,1,0,1,0,1,0,1,0,2,4,2,4,2,4,1,0,1,0,1,0,1,0,2,4,4,5,2,3,4,4,1,0,2,4,4,5,4,5,3,4,4,5,1,0,2,4,4,5,3,5,1,0,4,4,4,5,3,6,4,3,4,4,3,1,2,4,3,4,3,3,4,3,1,2,1,2,0,3,2,4,3,4,4,3,3,4,3,4,4,5,4,3,4,4,4,3,4,3,3,3,3,4,3,4,4,3,4,4,4,3,3,4,2,2,2,2,2,2,2,2,2,2,1,2,2,2,2,6,7,6,8,7,7,6,5,7,1,55,2,2,5,1,50,0,0,6000,835101,전기설비조작원 저출산 인력 부족 일자리 부족,이과
30603,3,4,3,4,2,2,3,4,2,2,2,2,2,2,2,2,2,2,2,2,2,2,2,2,4,5,2,2,2,2,2,2,2,2,2,2,2,2,2,3,3,4,4,6,3,4,1,0,1,0,1,0,1,0,1,0,1,0,1,0,3,4,3,4,1,0,1,0,1,0,1,0,3,4,1,0,1,0,1,0,3,4,3,4,3,4,3,4,5,4,4,4,3,2,4,2,3,3,2,4,3,11,1,2,1,1,4,7,5,4,3,3,4,4,3,4,5,5,4,4,2,4,4,4,4,4,2,1,4,2,4,3,4,3,2,4,4,4,4,4,4,4,2,2,2,2,2,2,2,2,2,2,1,2,2,3,2,3,7,4,8,4,8,3,7,4,2,29,4,1,1,1,40,4200,3500,0,31401,펀드매니저 금융투자상담사 선물거래상담사 은행 증권사의 실무경험 경제 불투명,경제학
30604,2,2,2,2,2,2,2,2,2,2,3,4,2,2,3,4,3,3,3,4,4,4,3,4,2,2,3,4,3,4,3,4,3,3,3,3,3,3,2,2,3,4,5,6,4,5,3,4,5,6,4,5,4,5,4,5,4,5,3,4,2,2,3,4,4,5,4,5,2,3,4,5,3,4,3,4,2,3,4,5,4,5,3,3,2,2,2,2,4,3,3,3,4,4,3,4,3,3,3,4,4,1,1,1,2,2,0,7,2,3,4,3,4,4,4,2,2,2,3,3,2,4,4,2,3,3,4,4,4,3,2,4,3,3,4,4,4,3,3,3,4,3,2,2,2,2,2,2,2,2,2,3,2,3,3,3,2,7,6,6,5,6,6,4,6,6,2,48,2,2,5,1,40,0,0,3000,901101,수익률,상고
30605,3,5,3,5,4,4,3,5,3,5,4,4,4,4,3,5,4,4,3,4,4,4,4,4,3,5,3,5,4,5,3,5,3,4,4,4,3,4,4,4,3,5,3,5,3,5,4,4,3,5,3,5,3,5,3,4,4,4,3,5,3,5,3,5,3,5,4,5,3,4,4,5,3,4,4,4,4,5,4,4,4,4,4,4,3,5,2,4,4,3,3,3,2,3,3,4,3,3,4,3,4,6,1,2,1,2,0,3,2,3,2,3,4,4,4,3,4,4,4,4,3,4,3,4,4,4,3,3,3,3,4,4,4,4,4,4,4,4,4,4,3,4,2,2,2,2,2,2,2,2,2,2,3,2,2,3,1,6,5,5,6,6,5,4,5,5,1,49,2,1,1,1,43,3000,2500,0,703101,배관기능사 일정 주기 교체 공사,이과
30606,2,2,5,6,2,2,5,6,1,0,3,5,1,0,5,5,2,2,3,4,1,0,4,5,4,6,1,0,3,5,4,5,3,5,1,0,4,5,5,4,3,5,5,5,4,4,1,0,1,0,1,0,1,0,5,4,2,2,3,3,1,0,1,0,2,2,4,4,3,3,5,5,1,0,4,6,3,5,4,4,3,5,3,4,3,4,3,3,5,4,4,3,3,3,4,4,3,3,4,3,5,17,1,3,1,2,0,7,4,4,4,4,4,4,3,3,2,3,5,3,1,4,4,3,2,3,1,3,3,4,3,4,2,2,1,1,2,4,3,2,4,4,2,2,2,2,2,2,2,2,2,1,4,3,3,3,2,3,7,4,6,3,4,6,3,2,2,33,4,1,1,1,40,2200,2200,0,306502,작업치료사 요양 병원 재활 병원 증가,작업치료학
30607,2,3,2,3,3,4,3,4,2,3,4,6,4,6,2,3,3,4,2,3,3,4,4,6,3,4,4,6,3,4,2,3,2,3,2,3,4,6,4,5,4,6,4,6,3,4,3,4,4,6,4,5,4,6,4,6,3,4,3,4,4,6,4,6,3,4,4,6,4,5,4,5,4,5,4,5,4,5,3,4,4,5,2,3,3,4,4,5,4,4,4,3,4,4,4,4,3,3,4,3,4,6,1,1,1,2,0,1,4,4,4,4,4,4,4,4,9,4,4,4,2,4,4,4,5,4,4,3,4,4,4,4,5,5,3,4,4,4,4,3,4,5,2,2,2,2,2,2,2,2,2,2,3,2,2,2,1,6,5,4,5,7,3,3,2,3,2,50,4,2,5,1,40,0,0,5000,140401,조경기술사 상태 유지,조경학
30608,5,7,5,7,3,4,5,7,1,0,4,5,5,7,5,7,5,7,5,7,5,7,3,4,5,7,5,6,4,5,4,5,3,4,3,4,3,4,1,0,1,0,4,5,3,4,1,0,1,0,1,0,1,0,1,0,1,0,1,0,1,0,1,0,1,0,1,0,1,0,1,0,1,0,1,0,1,0,1,0,4,5,4,5,5,5,4,6,4,3,4,1,3,3,4,3,3,3,3,3,5,18,4,1,2,2,0,7,2,3,3,3,2,3,1,1,9,9,9,1,3,3,3,3,4,4,4,4,4,4,1,5,4,3,3,2,4,4,4,3,4,2,2,2,2,2,2,2,2,2,2,2,2,2,2,2,2,9,7,6,4,7,6,7,9,7,1,33,2,1,4,2,20,900,500,0,416203,물가 상승 반면 연극배우 종사 소득 감소 추세 지속,전문계
30609,5,7,5,7,5,7,5,7,5,6,4,6,4,5,4,5,3,5,4,5,3,4,3,5,4,6,3,4,3,4,3,4,2,3,2,3,5,6,4,5,2,2,2,2,2,2,1,0,3,3,1,0,1,0,1,0,1,0,1,0,1,0,1,0,1,0,1,0,1,0,1,0,2,3,1,0,1,0,1,0,1,0,1,0,1,0,1,0,4,4,3,3,4,4,4,4,4,4,4,4,4,16,5,5,2,2,0,6,7,4,4,5,4,4,3,5,5,4,4,4,2,2,3,4,4,4,4,3,3,3,4,4,3,3,4,4,3,3,2,2,3,4,2,2,2,2,2,2,2,2,2,2,3,3,3,3,1,3,3,4,3,4,4,7,7,6,1,57,6,1,1,1,50,7500,3000,0,121102,인력 과잉 공급 상태,화학
30610,4,5,3,4,3,4,3,4,4,4,4,5,4,5,4,5,4,5,4,5,4,5,4,5,4,5,4,5,3,4,4,5,3,4,3,3,3,3,3,3,4,3,4,3,4,4,4,3,4,3,4,3,5,4,5,3,4,3,4,3,4,3,5,3,5,4,5,4,5,4,5,3,5,3,5,3,5,3,4,3,4,5,4,5,4,5,4,5,2,2,2,3,4,2,4,3,3,4,4,5,3,3,1,2,1,1,4,4,3,4,2,2,4,3,3,2,2,2,3,2,4,2,2,4,4,4,3,1,4,4,2,4,3,4,4,4,4,5,4,4,4,4,2,2,2,2,2,2,2,2,2,2,2,3,3,3,2,8,2,2,2,3,2,8,8,2,1,26,2,1,1,1,45,2500,1800,0,816103,전기기사 자격증 지게차운전 자격증 기계장치 제어 장비 작동 업무 자동화,전기전자
30611,1,0,1,0,1,0,1,0,3,3,2,2,1,0,2,1,4,4,1,0,1,0,1,0,2,2,1,0,3,3,3,3,1,0,1,0,1,0,2,2,3,3,4,4,2,2,1,0,1,0,1,0,1,0,1,0,1,0,1,0,1,0,1,0,3,4,1,0,1,0,2,2,4,3,1,0,2,2,1,0,2,2,3,3,3,3,3,2,2,2,3,3,4,3,3,4,3,3,2,3,3,8,1,2,2,1,2,7,2,3,3,2,4,3,3,4,4,3,5,4,2,3,3,4,4,4,3,4,3,3,4,2,2,3,3,4,4,3,3,2,2,4,2,2,2,2,2,2,2,2,2,4,1,2,2,2,2,4,7,6,6,5,5,6,5,4,1,58,2,1,2,2,30,4200,3000,0,624301,기초안전교육 인공 지능 발달,기계
30612,4,5,3,5,3,5,3,5,4,5,3,5,1,0,3,5,3,5,3,5,3,5,1,0,3,5,1,0,2,4,3,5,3,5,3,5,1,0,3,5,3,5,3,5,3,4,3,5,4,5,1,0,1,0,1,0,3,5,1,0,3,5,1,0,1,0,1,0,1,0,1,0,1,0,1,0,1,0,1,0,1,0,1,0,2,4,2,4,4,5,4,3,4,2,4,3,3,3,4,3,3,3,1,2,2,2,0,3,4,3,4,3,4,4,3,3,4,3,3,3,3,4,3,5,4,3,3,2,3,3,4,5,4,5,4,4,5,5,4,4,5,4,2,2,2,2,2,2,2,2,2,2,2,3,3,3,2,4,7,4,6,5,4,3,4,5,1,40,4,1,1,1,40,3400,2800,0,28401,부서 통합 경우 감소,경영학
30613,2,2,3,3,2,2,3,3,2,2,1,0,1,0,4,3,3,3,3,3,2,2,3,4,3,4,1,0,2,3,3,2,2,2,1,0,3,3,1,0,2,1,2,2,1,0,1,0,1,0,1,0,1,0,1,0,4,4,3,3,1,0,1,0,3,4,5,6,4,4,4,4,1,0,4,4,3,4,3,4,3,4,2,3,3,4,3,3,2,1,2,2,1,2,2,3,3,2,2,4,3,3,1,3,2,2,0,7,2,3,2,2,4,3,3,2,2,3,3,3,3,3,2,4,3,2,4,3,3,3,3,3,2,3,3,3,4,4,3,2,4,3,2,2,2,2,2,2,2,2,2,2,4,3,1,3,2,6,6,6,5,6,4,5,5,5,1,29,2,1,1,1,40,2800,2300,0,853201,환경 관심 폐기물 처리 업체 재활용 처리 조작 일자리 증가,기계설비
30614,5,5,4,6,4,5,4,5,2,2,5,6,2,3,4,4,5,5,3,4,4,5,3,3,5,5,2,2,4,5,4,5,3,4,3,3,2,2,5,5,5,5,4,4,4,4,1,0,1,0,1,0,1,0,1,0,1,0,1,0,3,3,1,0,1,0,1,0,1,0,1,0,1,0,4,5,3,4,3,4,5,5,4,4,3,4,3,3,4,4,2,3,5,2,5,4,1,4,5,5,4,15,2,5,1,1,4,4,4,5,4,4,5,4,3,3,3,3,5,4,1,5,4,5,4,5,4,3,4,2,4,3,3,2,3,2,5,5,2,5,4,5,2,2,1,2,2,1,2,2,2,2,3,1,3,3,1,4,3,2,6,5,8,3,5,9,1,41,4,1,1,1,45,3700,2400,0,240101,범죄심리분석사 법죄심리분석이론 코로나 방역 국민 안위 일이 변화,경찰행정학
30615,4,6,5,6,4,6,4,6,5,5,5,5,5,6,5,5,4,5,3,5,4,5,5,5,4,5,4,5,5,6,4,6,4,6,5,5,4,5,4,5,5,6,4,6,4,5,5,6,4,5,4,5,3,4,3,3,3,4,2,2,2,2,3,3,3,2,3,4,3,3,2,2,2,2,2,2,1,0,5,4,1,0,1,0,2,3,1,0,4,4,4,4,4,4,5,4,4,5,4,5,4,13,1,1,1,1,3,5,5,5,5,5,5,5,4,4,5,5,5,5,1,4,4,4,4,3,2,2,4,4,4,4,3,4,3,3,3,4,3,4,4,4,2,2,2,2,2,2,2,2,2,2,3,3,3,2,1,1,1,2,2,1,2,8,5,5,1,76,4,1,1,1,40,10000,4000,0,23201,세무사 세법 회계 교육 수요 직종,경영학
30616,2,3,2,3,1,0,2,2,3,3,3,4,2,2,3,4,3,4,3,3,3,4,2,2,3,5,2,3,2,2,2,3,2,2,2,2,1,0,1,0,3,4,2,3,2,2,2,3,2,2,2,3,4,5,3,4,1,0,1,0,2,3,1,0,2,2,2,2,1,0,2,2,4,5,2,3,3,3,3,4,3,4,2,3,3,4,4,4,4,3,4,4,4,3,4,3,4,4,4,4,4,6,1,2,2,2,0,7,5,3,4,4,4,3,3,3,3,4,4,3,3,4,4,4,5,4,3,3,3,4,3,4,5,5,5,4,5,4,3,3,5,5,2,2,2,2,2,2,2,2,2,1,5,3,3,3,2,4,3,4,3,2,2,7,8,8,1,28,4,1,1,1,40,3000,2800,0,155306,환경 규제 환경 산업 지속 성장,화학공학
30617,2,3,2,3,2,3,2,3,4,5,4,5,4,6,4,5,4,5,4,6,3,4,4,5,3,5,4,5,2,3,3,4,2,3,3,4,4,4,4,5,4,4,4,5,4,5,1,0,4,5,4,4,3,4,4,5,4,5,4,5,3,4,4,4,4,5,3,4,1,0,2,3,3,4,4,4,4,4,4,4,3,4,3,3,3,4,3,4,4,3,2,3,3,4,3,3,4,3,2,4,2,6,1,4,1,2,0,7,5,3,4,4,4,5,4,3,4,3,2,3,3,4,3,3,4,3,2,3,3,3,3,3,4,3,2,3,4,3,2,4,3,3,2,2,2,2,2,2,2,2,2,2,2,2,2,2,1,7,8,7,3,4,5,7,3,4,1,40,5,1,1,1,42,6500,4000,0,140601,측량기술사 자동 측량 시스템 도입,토목
30618,4,5,4,4,4,6,4,4,4,5,4,5,3,5,4,5,4,5,4,5,3,5,4,5,4,4,3,4,4,5,4,5,4,5,3,5,4,4,4,4,4,5,4,5,3,5,4,6,4,5,4,4,4,5,4,5,4,5,4,5,3,5,4,4,3,5,4,4,4,5,4,5,4,4,3,3,4,5,3,5,3,5,3,5,4,4,4,5,4,4,3,4,4,3,4,4,3,4,4,4,4,10,1,4,1,2,0,5,5,3,4,4,4,4,4,4,5,5,3,4,3,4,4,3,3,4,4,3,3,3,4,4,4,3,5,4,4,3,3,4,3,3,2,2,2,2,2,2,2,2,2,1,3,2,1,1,1,8,7,6,5,7,7,7,7,6,1,40,5,1,1,1,40,4300,3000,0,153202,반도체설계기사 반도설계산업기사 반도체 산업 증가,전자공학
30619,4,5,4,5,3,5,4,5,2,5,3,5,2,4,2,3,2,4,2,5,1,0,2,4,2,4,4,4,3,5,2,4,4,5,3,4,2,3,1,0,4,6,3,4,4,4,1,0,1,0,1,0,1,0,1,0,2,3,1,0,3,5,5,6,3,5,2,3,4,5,4,4,2,4,3,4,1,0,1,0,1,0,1,0,2,5,2,4,4,4,3,3,4,3,3,3,3,2,3,3,4,3,1,3,1,1,4,5,5,3,3,3,3,4,4,4,4,3,4,4,2,5,4,4,3,4,4,3,4,2,4,5,3,3,4,4,5,4,4,4,5,2,2,2,2,2,2,2,2,2,2,2,3,3,3,3,2,3,5,6,5,3,5,3,3,7,1,37,4,1,1,1,45,4300,3000,0,28402,품질기사 도면해록 영어 공업 유압 이론 기술 발달 규모 기술 사용 인원 평형,산업공학
30620,4,4,3,4,3,4,2,3,4,6,4,6,4,5,4,6,4,5,5,6,4,5,3,4,4,5,4,5,2,4,3,4,2,3,4,5,3,4,4,5,3,4,4,5,2,3,2,3,4,5,2,3,3,4,5,6,4,6,4,5,4,5,4,5,4,5,4,6,4,6,4,5,3,4,4,5,3,4,3,4,4,4,2,3,5,6,1,0,3,4,3,3,3,3,3,3,4,3,3,3,3,13,1,6,1,2,0,7,5,4,3,3,3,4,2,4,3,3,3,3,3,4,4,3,4,3,2,3,3,3,4,3,4,2,3,4,3,3,4,3,3,3,2,2,2,2,2,2,2,2,2,2,1,3,3,3,1,8,4,3,2,4,3,7,3,4,1,47,4,1,1,1,43,7200,4200,0,140301,설계기술사 업계 트랜드 변화 수요 감소,토목
30621,4,5,4,5,4,5,3,4,4,5,4,5,2,4,4,5,4,5,4,5,4,5,3,4,4,4,3,4,3,3,3,4,2,3,2,3,1,0,2,3,4,4,4,5,3,4,4,4,1,0,1,0,4,4,4,5,4,5,3,4,4,5,3,4,3,4,3,4,3,4,4,5,2,3,1,0,3,4,2,2,1,0,2,3,4,4,4,4,3,3,2,4,3,3,3,4,3,3,3,3,4,3,1,4,2,2,0,4,5,4,3,3,4,4,3,4,3,4,4,4,3,2,3,3,3,1,2,3,3,5,3,4,4,3,4,4,3,3,5,3,4,4,2,2,2,2,2,2,2,2,2,3,3,3,2,3,2,5,4,4,5,4,4,4,2,1,1,30,4,1,1,1,40,3500,3200,0,151102,플랜트 설비,메카트로닉스공학
30622,2,2,2,2,2,2,2,2,2,3,2,3,2,3,2,4,2,2,2,3,2,2,3,3,2,3,2,3,2,3,3,3,2,3,2,3,3,4,3,3,2,3,2,3,2,2,2,1,2,1,2,3,2,2,2,2,2,2,2,2,1,0,3,4,2,3,2,2,2,2,2,2,2,4,3,3,3,4,3,3,4,6,3,3,2,2,2,1,3,4,1,3,2,1,4,3,3,2,2,3,2,6,1,2,2,2,0,4,1,3,2,1,4,3,2,3,9,9,4,3,2,4,4,4,4,3,4,4,3,3,3,4,3,3,2,2,2,4,3,3,5,4,2,2,2,2,2,2,2,2,2,2,2,3,2,2,2,7,6,6,4,4,4,6,4,3,1,61,1,1,2,2,36,3500,2500,0,702101,건축 자재 공장 생산 화가,0
30623,2,2,3,3,2,2,3,3,1,0,1,0,4,4,2,2,3,4,2,3,1,0,1,0,4,5,2,4,4,3,4,4,3,3,2,2,2,2,5,5,3,3,2,3,1,0,3,4,2,3,1,0,3,4,1,0,3,3,1,0,2,1,1,0,1,0,3,3,2,3,3,3,2,4,3,5,3,3,2,3,4,4,2,2,3,4,2,3,4,4,2,4,4,2,3,3,4,2,4,2,4,19,4,1,1,1,1,1,2,4,4,3,4,5,3,3,9,9,9,3,2,4,4,4,4,5,4,4,3,3,4,4,4,3,3,3,4,4,4,3,4,4,2,2,2,2,2,2,2,2,2,1,4,3,3,3,2,8,8,7,5,4,4,4,5,4,2,36,4,2,6,1,50,0,0,3600,511201,미용사 직무훈련 미용 대한 관심 증가,뷰티
30624,3,5,4,4,1,0,2,3,1,0,1,0,1,0,4,4,3,4,3,4,1,0,1,0,2,3,1,0,1,0,2,3,1,0,1,0,1,0,3,3,1,0,1,0,3,3,1,0,1,0,2,4,3,3,2,4,4,5,1,0,1,0,1,0,4,4,1,0,2,2,3,3,1,0,4,4,4,5,4,4,3,5,4,4,4,5,4,4,3,4,5,3,2,3,4,2,3,3,2,1,2,17,3,3,1,2,0,1,5,4,4,5,4,3,4,4,3,4,4,4,2,4,4,3,5,4,3,2,4,4,4,4,5,3,4,2,4,3,5,3,4,3,2,1,2,2,2,2,2,2,2,1,4,1,1,3,2,6,4,3,3,4,3,7,3,4,2,30,4,1,1,1,46,3600,3600,0,306201,방사선사 컴퓨터 도입 평균수명 연장,방사선학
30625,3,4,3,3,2,2,2,3,3,4,3,4,1,0,3,4,2,4,4,4,3,4,2,4,3,5,3,5,3,4,2,3,2,2,2,2,2,1,3,3,3,3,3,3,3,4,3,4,3,3,2,2,3,4,2,3,4,5,4,5,3,4,4,5,4,5,4,5,4,5,4,5,4,5,3,4,3,4,3,4,3,3,2,2,3,4,3,4,3,4,4,2,2,3,2,2,3,3,3,3,4,7,1,3,1,2,0,4,2,2,2,2,4,4,3,2,9,9,9,2,4,2,2,2,2,2,3,4,3,4,2,4,2,2,2,2,2,4,2,2,4,4,2,2,2,2,2,2,2,2,2,1,3,3,3,3,2,9,8,7,4,3,4,3,4,6,1,32,3,1,3,2,43,3400,3000,0,814001,에너지관리사 노후 산업 난방 기기 설비 관련 교체 대한 수요 전망 변화 크게 생각,정보통신공학
30626,1,0,2,2,1,0,1,0,1,0,1,0,2,2,1,0,2,3,1,0,1,0,1,0,3,4,1,0,3,3,1,0,1,0,1,0,1,0,4,6,3,4,2,2,3,4,1,0,3,3,1,0,3,5,3,4,3,4,1,0,1,0,1,0,3,3,2,2,1,0,1,0,1,0,4,5,4,5,4,5,4,6,3,4,1,0,2,2,4,4,5,4,4,1,4,3,2,3,4,3,4,17,1,2,1,2,0,5,1,3,2,2,4,3,3,3,9,9,9,3,3,4,4,4,5,4,4,4,4,4,4,4,5,5,4,5,4,4,5,5,4,4,2,2,2,2,2,2,2,2,2,1,3,2,2,2,1,5,6,5,4,6,6,6,5,4,2,50,1,1,1,1,40,2900,2300,0,307601,안마사 수요,0
30627,2,3,3,4,3,3,2,3,4,5,2,3,4,5,3,4,3,4,3,4,3,4,2,3,3,3,2,3,2,3,1,0,2,2,1,0,2,3,1,0,2,3,2,3,1,0,1,0,1,0,1,0,2,3,3,4,1,0,1,0,3,5,2,3,2,3,1,0,1,0,1,0,2,2,4,4,1,0,1,0,1,0,1,0,1,0,1,0,3,3,4,3,4,4,4,3,4,3,3,4,4,13,1,2,1,2,0,7,5,3,3,4,4,4,4,3,4,4,5,4,3,4,3,4,3,3,3,3,4,3,3,4,4,3,3,4,4,4,3,4,3,3,2,2,2,2,2,2,2,2,2,2,2,2,3,3,1,4,3,3,3,4,5,3,5,3,2,34,4,1,1,1,44,3620,3100,0,159104,전산응용건축제도기능사 자동 프로그램 기술 발전,건축공학
30628,3,4,3,3,3,3,3,3,3,3,2,2,3,3,3,4,3,3,3,4,3,4,3,3,4,5,4,5,4,5,3,4,3,4,3,4,4,4,4,4,4,4,4,4,4,5,3,4,1,0,4,5,4,5,4,5,4,5,5,6,2,2,4,5,1,0,4,5,4,5,4,5,4,5,4,5,1,0,1,0,4,5,1,0,1,0,1,0,4,4,4,4,4,4,4,4,3,3,4,4,4,6,1,2,1,1,4,5,4,3,3,3,4,4,4,3,4,4,4,4,3,4,4,4,4,4,4,4,4,3,4,2,3,4,4,4,5,4,3,3,4,4,2,2,2,2,2,2,2,2,2,2,3,2,2,2,1,8,4,4,7,4,6,8,4,4,1,33,4,1,1,1,45,4000,3000,0,140201,건축구조기술사 내진 평가 매뉴얼 상황 유지,기계학
30629,4,4,4,4,3,4,3,5,3,4,3,4,3,4,4,5,4,4,4,5,4,4,3,4,4,4,3,4,3,4,3,4,3,4,3,3,3,5,3,4,3,4,3,5,3,4,3,4,3,4,3,5,3,5,3,4,3,4,4,5,3,4,4,5,3,4,3,5,3,4,3,4,4,5,4,5,4,5,3,5,4,5,3,4,3,4,3,4,3,4,3,4,3,3,3,3,3,4,4,4,4,3,1,2,1,2,0,3,4,2,3,4,3,3,3,4,4,3,3,3,3,3,3,3,4,4,4,3,3,3,3,3,4,3,4,3,4,4,4,4,4,5,2,2,2,2,2,2,2,2,2,2,2,2,2,2,2,7,6,7,7,6,6,6,7,7,1,34,3,1,1,1,40,3000,2000,0,153203,전기기사2급자격증 기술 개발,전자
30630,3,5,3,5,1,0,3,5,1,0,4,6,2,4,2,4,4,6,3,5,2,3,2,4,5,7,5,7,4,5,3,4,3,4,4,5,5,6,4,5,4,5,4,6,3,4,3,5,3,4,3,4,4,5,1,0,1,0,1,0,1,0,1,0,1,0,1,0,1,0,1,0,2,4,3,5,2,4,1,0,3,4,4,5,2,3,5,7,4,3,4,2,3,2,5,4,3,4,4,3,4,18,4,1,2,2,0,7,1,3,2,2,5,4,3,2,9,9,9,2,2,4,4,3,4,5,4,3,4,4,3,4,5,4,3,3,4,5,4,3,4,3,2,1,1,2,2,2,2,2,2,3,2,2,2,2,1,6,4,2,3,1,4,9,7,2,1,36,4,1,4,2,20,1200,1000,0,416103,대면 공연 위주 비대 온라인 공연 비중 편승 온라인 제작 기술 향상 향후 대면 공연 비대 공연 트랜드 이동,연극영화
30631,3,4,3,3,2,2,2,3,2,3,2,2,2,3,2,3,3,3,2,2,3,3,2,4,2,3,2,3,1,0,1,0,1,0,1,0,2,2,2,3,2,3,2,2,3,4,2,3,2,3,2,2,2,2,2,3,4,6,3,4,3,3,4,5,4,5,4,5,4,6,4,5,2,2,3,3,3,3,2,3,3,4,3,5,3,4,3,5,3,3,2,3,3,2,3,2,3,3,4,4,3,13,1,2,1,2,0,4,5,4,4,3,4,4,4,4,4,4,4,4,2,4,4,2,3,2,3,4,4,4,3,4,4,4,4,4,4,4,4,4,4,4,1,1,1,1,1,1,2,2,2,2,3,3,3,3,2,6,6,4,5,3,3,4,4,5,1,42,4,1,1,1,43,4000,3700,0,153301,전자기사 사용 프로그램 기계 장비 전보 발전 업무 수해 업계 상황 지금 크게,전기공학
30632,4,3,4,4,4,3,4,4,3,3,3,3,3,3,3,3,4,4,4,4,3,3,3,3,4,4,4,3,4,3,4,4,4,4,4,4,3,3,3,3,4,3,4,4,4,3,3,3,4,5,2,3,1,0,1,0,1,0,1,0,3,3,1,0,1,0,1,0,1,0,1,0,3,3,1,0,1,0,1,0,1,0,1,0,3,3,3,3,3,3,4,3,3,4,3,3,3,3,3,3,4,11,1,2,2,1,2,2,2,3,2,2,3,3,3,3,3,3,3,3,4,2,3,5,3,4,4,3,3,2,3,4,3,3,2,2,3,3,3,3,3,3,2,2,2,2,2,2,2,2,2,3,2,2,2,2,1,7,6,6,7,7,7,7,7,7,2,45,4,1,1,1,40,2500,2000,0,26301,총무 서무 관련업무 전산 화의 발전,경영
30633,4,2,3,2,3,2,4,3,3,5,2,4,3,4,3,2,4,4,2,4,2,3,3,2,2,4,4,3,3,2,3,4,3,4,2,3,4,5,3,3,2,2,4,3,4,2,3,4,3,2,3,4,2,4,2,3,4,3,2,3,4,5,3,3,4,2,2,1,3,4,2,3,2,1,2,1,1,0,2,1,1,0,1,0,4,2,1,0,4,3,3,4,3,4,4,3,4,3,4,4,3,10,1,2,1,1,4,3,4,5,4,3,3,4,3,3,4,4,5,4,2,4,3,4,2,3,4,2,4,5,5,4,4,3,4,3,2,3,4,3,4,3,2,2,2,2,2,2,2,2,2,1,5,3,1,2,1,7,4,6,5,4,6,7,4,5,1,39,3,1,1,1,40,3400,3100,0,133205,정보통신산업기사 소프트웨어 응용교육 생활 점점 스마트 기기 인력,정보통신학
30634,1,0,1,0,1,0,1,0,1,0,1,0,1,0,1,0,3,3,1,0,1,0,1,0,2,3,3,3,1,0,1,0,1,0,1,0,1,0,3,3,1,0,3,4,1,0,3,3,3,3,1,0,1,0,3,3,4,5,4,5,1,0,1,0,4,5,4,5,4,5,4,4,1,0,1,0,3,4,3,4,3,3,3,3,3,3,2,2,3,3,4,3,3,2,3,2,2,2,3,2,4,3,1,1,2,2,0,7,1,3,2,2,4,3,3,4,9,9,9,4,2,2,3,3,3,2,4,3,3,4,4,3,2,4,3,4,3,5,3,2,4,3,2,2,2,2,2,2,2,2,2,1,3,2,2,2,2,9,5,6,6,4,7,8,4,6,1,47,2,2,5,1,48,0,0,4000,873201,대체 요소,기계
30635,2,3,4,5,3,4,4,4,1,0,3,4,4,6,4,5,5,5,3,3,1,0,4,5,4,5,2,3,2,2,3,5,3,5,3,5,4,4,4,5,3,4,2,5,3,4,3,4,3,4,2,3,1,0,1,0,3,5,3,4,2,3,1,0,1,0,3,4,4,5,3,4,4,4,4,4,4,5,1,0,3,3,2,3,3,4,5,6,4,4,3,2,4,3,3,3,4,2,4,4,4,18,3,2,2,2,0,6,2,4,3,3,4,3,3,2,9,9,3,3,3,4,4,3,4,3,5,1,3,2,4,5,4,3,4,2,5,3,1,2,3,3,2,2,2,2,2,2,2,2,2,1,3,2,2,2,1,8,6,7,4,6,7,7,6,7,2,39,4,2,5,1,40,0,0,4000,414401,전통음악 선호,국학
30636,3,3,4,3,2,2,4,4,2,2,2,2,1,0,2,2,3,3,2,2,1,0,3,3,3,3,2,3,3,3,3,3,4,4,3,3,2,2,2,2,2,2,3,3,3,3,2,3,1,0,1,0,1,0,1,0,1,0,1,0,1,0,3,3,1,0,1,0,1,0,1,0,1,0,1,0,1,0,2,2,3,3,2,3,3,2,3,3,4,3,4,3,4,2,3,3,3,3,4,3,4,7,4,1,2,2,0,5,2,3,2,2,4,4,4,3,9,9,9,3,2,3,3,5,4,4,3,4,4,3,3,4,4,4,5,4,4,4,5,5,5,3,2,2,2,2,2,2,2,2,2,1,3,2,2,2,1,5,4,6,5,4,5,5,4,6,2,62,1,2,6,1,50,0,0,1000,615601,건강 중요성,0
30637,4,6,4,6,4,6,4,6,4,6,4,6,4,5,4,5,4,5,4,5,4,5,4,5,4,5,4,5,4,5,4,5,4,5,4,5,4,5,4,4,4,5,4,5,3,5,3,5,4,5,4,5,4,5,4,5,4,5,4,5,4,5,4,5,3,5,4,5,3,5,3,5,4,5,4,4,4,5,4,5,4,5,3,5,4,5,3,5,4,4,3,4,4,4,4,4,3,4,4,3,4,13,1,2,1,2,0,5,5,4,3,3,4,4,3,5,4,5,5,5,2,3,3,4,3,4,4,3,4,4,4,4,3,4,5,5,4,3,4,4,4,3,2,2,2,2,2,2,2,2,2,1,3,2,2,3,1,7,8,7,6,7,8,7,7,8,1,45,4,1,1,1,45,4500,4300,0,134101,OCP 자격증 기계 대체 불가,컴퓨터시스템설계
30638,2,2,2,2,2,2,2,2,2,2,2,2,2,2,2,2,2,3,2,2,2,2,2,2,2,2,2,2,2,2,2,2,2,2,2,2,2,2,2,2,2,2,2,2,2,2,2,2,2,2,2,2,2,2,2,2,2,2,2,2,2,2,2,2,2,2,2,2,2,2,2,2,2,2,2,2,2,2,2,2,2,2,2,2,2,3,2,2,3,4,3,3,4,4,4,3,3,2,3,3,4,8,4,1,1,2,0,6,2,3,4,3,5,3,2,3,9,9,3,3,2,3,3,4,4,4,3,4,4,4,4,4,4,3,3,3,3,4,3,3,4,3,2,2,2,2,2,2,2,2,2,3,2,2,2,2,2,5,6,4,5,6,4,6,6,5,1,48,3,2,6,1,50,0,0,7500,622304,화물운송 자격증 운전 업무 운전,전기공학
30639,5,6,5,5,4,6,3,5,4,5,4,6,3,4,4,6,4,5,3,5,3,6,4,6,4,6,3,5,2,4,3,5,4,6,3,5,3,5,2,4,4,5,4,5,4,6,2,4,2,4,3,5,3,4,1,0,1,0,1,0,3,5,1,0,2,2,1,0,1,0,1,0,2,2,1,0,1,0,1,0,1,0,1,0,2,3,1,0,4,3,3,4,2,4,2,2,2,4,4,5,4,13,1,5,1,1,4,4,5,4,4,3,4,4,2,4,3,5,5,4,2,4,4,2,2,3,2,2,4,4,4,4,3,3,3,2,2,2,2,2,4,4,2,1,2,2,2,1,2,2,2,2,2,1,1,1,2,7,7,7,8,8,8,2,8,3,1,30,4,1,2,2,60,10000,4000,0,23401,감정평가사 평가실무 프로그램 업그레이드 공시지가 절차 잡화 전산 확대,경제학
30640,3,4,4,5,2,2,4,5,2,2,3,3,2,2,3,3,3,4,2,2,2,2,2,2,3,3,2,2,3,3,3,4,4,5,4,5,4,5,3,4,4,5,3,3,3,4,4,5,3,4,5,6,2,2,1,0,2,2,2,2,4,5,3,4,2,2,2,2,2,2,1,0,2,3,1,0,1,0,1,0,2,2,1,0,2,2,2,1,4,3,1,3,4,3,2,3,2,2,3,2,3,19,1,1,2,2,0,7,2,3,2,3,3,3,2,3,3,9,4,3,2,3,3,5,3,4,3,4,3,4,3,3,4,3,4,2,3,5,4,3,4,4,2,2,2,2,2,2,2,2,2,1,2,2,2,3,1,7,8,6,5,4,4,3,4,5,1,47,4,1,1,1,40,4500,3800,0,812902,점점 문화 자리 잡음,산업디자인
30641,4,5,4,4,4,5,4,5,4,6,4,5,4,6,4,5,4,5,4,4,4,6,4,6,4,4,4,5,4,5,4,5,4,5,4,5,4,5,4,4,4,5,3,5,3,5,4,5,4,5,3,5,4,5,4,5,4,6,4,6,4,5,4,4,4,5,4,5,4,5,4,5,3,5,3,5,4,5,4,5,4,4,4,6,4,5,4,5,4,3,4,3,4,3,4,3,4,3,4,3,4,16,5,3,1,2,0,2,5,4,3,4,4,3,4,4,5,4,5,3,4,3,4,4,4,3,4,4,3,4,3,4,3,4,3,4,3,4,4,3,4,3,2,2,2,2,2,2,2,2,2,3,2,2,2,3,1,7,3,7,3,7,3,6,3,7,2,27,4,1,1,1,40,2200,2000,0,212201,정교사 저출산 인구 감소,영어교육
30642,3,5,3,4,4,4,3,5,3,4,3,4,4,4,3,4,4,4,3,4,4,4,4,5,3,5,3,4,3,4,3,4,3,4,4,4,4,4,3,5,4,5,3,4,4,5,3,4,3,4,4,5,3,4,4,5,3,4,4,4,4,5,4,4,3,5,3,4,3,5,3,5,4,4,4,4,4,4,3,4,4,4,3,4,4,4,3,4,4,3,4,4,4,3,3,4,4,3,3,4,4,6,1,2,1,2,0,6,5,4,4,4,4,4,3,3,3,2,3,3,4,3,4,3,3,3,4,4,3,4,4,4,4,3,3,4,3,4,3,3,4,3,1,2,2,2,2,2,2,1,2,2,2,3,3,2,1,7,6,5,4,3,3,7,5,5,1,58,4,2,5,1,50,0,0,6000,140306,토목시공기술사 컴퓨터 시스템 기술 개발 자동화 일자리 감소,토목공학
30643,3,4,2,3,1,0,2,2,1,0,1,0,2,3,1,0,1,0,2,2,1,0,1,0,1,0,1,0,2,2,2,3,2,2,1,0,1,0,1,0,2,2,2,2,2,2,1,0,2,2,2,2,2,2,4,5,3,4,4,5,1,0,1,0,2,3,1,0,2,2,3,4,3,4,4,5,3,4,3,4,4,5,3,4,4,5,4,5,3,3,4,3,2,3,3,3,3,3,2,3,3,6,1,2,1,2,0,4,2,3,3,3,3,4,4,5,4,4,5,4,3,4,3,4,3,4,3,3,3,3,3,3,3,4,3,3,4,3,3,4,4,2,2,2,2,2,2,2,2,2,2,2,3,3,3,3,2,6,5,4,3,4,5,5,6,6,1,52,2,1,1,1,40,4800,3000,0,701201,산업기사 변화,정밀기계
30644,5,5,4,5,4,5,4,5,3,5,4,5,3,4,4,5,4,5,4,5,3,4,4,5,4,4,4,5,4,5,4,5,4,5,4,5,4,5,5,6,5,5,5,5,4,5,5,5,5,5,5,6,5,5,3,4,3,4,3,4,4,5,3,4,3,4,3,4,3,4,4,4,4,5,4,4,4,5,3,4,3,4,3,4,4,5,4,4,4,5,3,4,4,4,4,3,4,4,3,4,4,15,2,5,1,2,0,5,3,5,4,4,4,4,4,4,5,4,5,4,3,4,4,4,4,3,4,2,3,5,4,4,3,3,2,4,4,5,4,4,5,3,2,2,2,2,2,2,2,2,2,2,3,3,3,3,1,8,7,8,7,8,8,8,7,8,1,53,3,1,1,1,40,7000,2700,0,621301,철도차량운전면허 운행관제사 필수 유지,철도운전제어
30645,4,6,5,5,5,6,4,5,3,5,4,6,5,6,4,5,4,5,5,7,3,5,4,4,3,5,4,6,5,6,5,6,5,6,4,6,5,5,4,6,5,5,4,5,5,6,5,5,5,6,4,6,5,5,5,6,4,5,1,0,4,4,3,5,1,0,4,5,4,5,3,4,5,6,1,0,1,0,1,0,1,0,1,0,3,4,3,4,4,3,2,3,4,3,4,5,4,3,3,3,3,3,1,6,2,2,0,6,5,4,4,4,4,5,3,4,9,9,4,4,3,4,3,4,4,3,4,3,3,3,4,5,4,4,4,4,5,4,4,3,4,3,2,2,2,2,2,2,2,2,2,1,3,3,3,3,2,7,6,5,7,5,4,4,7,7,1,76,4,2,5,1,45,0,0,16000,11201,기업 경영 필요 인력,경영학
30646,2,3,3,4,2,2,2,2,2,2,3,4,3,4,4,5,1,0,1,0,1,0,1,0,2,3,3,4,3,4,1,0,1,0,1,0,1,0,1,0,1,0,1,0,1,0,1,0,1,0,1,0,1,0,1,0,1,0,1,0,4,5,1,0,1,0,1,0,1,0,1,0,1,0,1,0,1,0,1,0,1,0,1,0,3,4,1,0,4,3,3,4,3,2,3,3,2,3,2,3,4,14,1,3,2,2,0,7,4,3,3,4,4,3,3,3,4,4,3,4,3,3,3,3,2,3,3,4,3,2,3,4,3,3,2,2,2,3,3,3,3,3,2,2,2,2,2,2,2,2,2,1,3,3,3,3,2,5,6,6,7,4,4,6,8,6,2,34,4,1,1,1,40,3500,2800,0,26102,기계 대체 불가,광고홍보학
30647,3,4,3,4,2,3,3,4,4,6,3,4,2,2,3,4,4,6,3,4,2,2,3,4,4,6,4,6,4,5,2,2,2,2,2,2,2,2,3,4,3,5,4,6,3,4,1,0,1,0,2,2,1,0,1,0,1,0,1,0,3,4,1,0,1,0,1,0,1,0,1,0,2,2,1,0,2,2,2,2,3,4,2,3,4,6,3,4,5,4,3,3,2,3,4,3,3,2,3,4,3,11,1,2,1,1,3,3,5,4,3,3,4,4,3,3,9,9,4,4,2,3,3,4,4,4,1,1,4,2,3,4,4,2,2,2,4,5,4,2,4,3,2,1,2,2,1,2,2,2,2,1,3,2,2,3,2,3,8,3,8,2,7,3,6,3,2,48,4,1,1,1,48,6000,4000,0,31101,투자자산운용사 경제 예측에 대한 거래량 파악 훈련 전산 시스템 업그레이드,경제학
30648,5,5,5,5,3,4,5,5,2,3,4,4,2,3,2,3,4,4,2,2,2,3,3,4,3,3,3,3,5,6,2,3,3,4,3,3,3,5,2,3,4,4,3,4,3,3,2,2,2,2,3,3,3,3,1,0,2,2,2,2,2,3,2,2,1,0,1,0,1,0,1,0,1,0,1,0,1,0,1,0,1,0,1,0,3,5,3,3,4,4,3,3,4,5,4,4,4,4,3,3,3,17,4,2,1,1,5,7,6,5,4,4,4,3,3,4,9,9,4,4,3,3,4,4,3,4,4,2,3,3,4,4,3,4,3,3,4,4,3,3,3,4,2,2,2,2,2,2,2,2,2,1,3,3,3,3,2,8,8,7,7,8,8,7,6,7,2,45,6,2,6,1,60,0,0,6500,231201,상담심리사 심리검사 실무 연수 정신건강 위해 상담 사람,의학
30649,1,0,5,5,1,0,4,4,3,3,1,0,1,0,1,0,3,4,3,4,1,0,1,0,3,3,1,0,3,5,1,0,3,5,2,4,4,3,5,5,2,1,2,3,2,2,1,0,1,0,1,0,1,0,1,0,1,0,1,0,1,0,1,0,1,0,1,0,1,0,1,0,1,0,2,1,2,2,3,3,4,4,2,3,3,3,4,4,3,5,5,4,3,1,3,4,2,2,2,2,3,9,1,1,2,1,2,2,1,3,2,3,4,3,3,3,3,4,4,3,3,2,2,3,4,3,3,3,3,4,3,3,4,4,3,3,4,4,2,4,4,3,2,2,2,2,2,2,2,2,2,2,2,2,2,2,2,6,6,6,5,5,5,6,5,4,2,41,2,1,3,2,34,2160,1300,0,532201,서빙관련 실무 셀프 계산 셀프서비스 고용 감소,문과
30650,1,0,1,0,1,0,1,0,1,0,1,0,1,0,1,0,1,0,1,0,1,0,1,0,1,0,1,0,1,0,1,0,1,0,1,0,1,0,1,0,1,0,1,0,1,0,1,0,1,0,1,0,4,5,3,4,3,4,3,4,3,4,4,5,3,4,1,0,1,0,1,0,1,0,1,0,1,0,3,4,5,6,4,5,1,0,1,0,4,4,2,2,2,2,2,3,3,4,2,2,3,13,1,3,1,2,0,7,2,3,4,3,5,4,4,4,3,4,3,4,4,3,3,4,3,4,3,4,3,4,4,3,4,3,4,3,3,3,3,3,3,5,2,2,2,2,2,2,2,2,2,1,3,3,3,3,2,7,8,9,7,8,7,7,6,6,1,44,3,1,1,1,45,4000,2600,0,831101,전기기능사 기계 대체 불가,전기
30651,4,5,4,5,3,4,2,3,4,5,4,5,4,5,4,5,3,4,3,4,3,4,4,5,4,5,1,0,1,0,3,4,1,0,1,0,4,5,1,0,4,5,4,5,4,5,1,0,1,0,2,3,4,5,4,5,4,5,4,5,5,6,4,5,4,5,3,4,3,4,3,4,4,5,1,0,1,0,1,0,1,0,1,0,2,4,2,4,4,2,5,3,3,4,3,4,2,3,4,3,4,10,1,5,2,2,0,2,5,3,4,3,4,4,3,2,3,3,3,3,2,4,3,3,4,2,4,4,4,3,2,5,4,3,4,4,3,4,2,2,4,4,2,2,2,2,2,2,2,2,2,2,4,3,3,3,1,7,7,7,3,3,3,7,3,3,2,33,4,1,1,1,50,3700,2700,0,133204,모바일 게임 사업 활성화,컴퓨터공학
30652,3,4,3,4,3,3,3,4,3,5,3,4,4,5,4,4,3,4,3,4,4,4,3,4,3,4,3,4,3,4,4,5,3,4,3,4,3,4,3,4,4,4,3,5,3,4,3,5,3,4,4,4,3,4,3,4,3,4,3,5,3,4,3,5,3,4,3,4,4,5,3,4,3,4,3,4,4,5,3,5,3,4,4,5,4,4,4,4,4,4,3,4,4,3,3,4,4,3,4,4,3,18,5,2,2,2,0,3,5,4,4,5,3,4,3,4,5,5,3,4,3,4,4,3,3,4,3,2,3,3,4,3,4,4,3,3,4,3,3,5,5,4,2,2,1,1,1,2,1,1,1,1,3,2,2,3,1,6,7,6,5,5,7,5,7,6,2,33,4,1,2,2,40,5000,1700,0,414703,코로나 공연 감소 구조조정 현재 상황 동일,무용
30653,2,2,3,3,1,0,3,4,1,0,1,0,4,6,2,1,2,2,1,0,1,0,2,2,3,3,3,4,2,3,2,2,3,4,2,3,4,4,4,6,2,1,3,3,2,2,2,2,3,3,2,2,3,5,1,0,4,5,1,0,1,0,2,1,1,0,2,2,1,0,1,0,1,0,5,6,3,2,2,1,3,2,2,2,4,5,2,1,2,4,5,2,2,4,3,4,4,3,3,1,3,19,1,1,1,2,0,7,4,1,2,2,4,3,3,3,9,9,4,3,2,3,3,4,3,2,3,1,4,4,5,4,3,3,2,2,3,4,2,3,4,2,2,2,2,2,2,2,2,2,2,1,4,2,2,2,2,7,5,7,4,5,5,5,5,5,2,36,2,1,1,1,42,3000,1800,0,511401,미용국가자격증 개성 전문가 메이크업 일반인 추세 증가,문과
30654,4,5,3,4,3,4,4,5,3,5,3,5,3,5,3,5,3,5,3,4,3,4,4,4,3,4,4,5,4,6,3,5,3,5,3,4,3,5,3,4,3,4,3,5,3,5,4,5,3,4,3,4,3,3,4,5,3,4,3,5,3,5,3,5,4,6,3,4,3,4,3,4,3,4,4,6,3,4,3,4,4,5,3,3,3,6,2,4,2,3,3,2,2,3,3,3,3,4,3,4,3,17,1,2,1,1,2,2,4,3,4,3,4,3,4,3,9,9,3,4,3,4,3,4,3,3,4,3,4,3,3,3,4,3,3,3,4,3,4,2,2,3,2,2,2,2,2,2,2,2,2,1,2,2,2,2,2,4,6,7,6,6,6,4,5,6,1,34,3,2,5,1,40,0,0,4000,306301,치과기공사 면허증 실무교육 기계화 장비 도입,치기공
30655,4,5,3,4,1,0,2,5,4,5,4,6,3,5,4,6,4,5,3,4,3,4,3,5,3,5,4,5,1,0,4,6,1,0,1,0,3,4,1,0,5,6,4,5,4,5,2,6,4,5,3,5,5,6,5,6,4,5,3,5,2,4,4,6,4,4,3,5,4,4,4,6,3,4,4,4,3,4,2,2,2,2,2,2,2,4,2,3,3,4,3,4,3,3,4,3,3,4,4,4,2,3,1,3,1,2,0,3,5,5,4,4,4,4,5,4,5,3,4,4,1,4,3,4,3,5,4,4,3,4,4,3,4,4,5,4,4,3,4,4,5,5,2,2,2,2,2,2,2,2,2,2,4,3,3,3,2,4,6,6,5,8,7,4,8,7,1,46,4,1,1,1,40,5900,3600,0,154201,화학분석기사 산업기사 화공기사 대체에너지 발굴 예정,화학
30656,2,3,3,4,2,4,2,3,2,4,2,3,3,5,3,4,1,0,3,4,2,4,3,4,3,4,1,0,2,3,3,4,1,0,1,0,3,4,2,3,2,3,3,4,2,3,2,3,3,4,2,3,3,4,5,6,5,5,4,5,2,2,3,4,3,5,4,5,4,5,2,3,2,4,4,5,4,5,2,3,4,5,4,5,5,5,1,0,4,4,4,4,5,4,4,4,4,4,5,5,4,17,1,2,1,2,0,5,4,4,3,3,4,4,4,4,4,4,4,4,3,4,4,4,4,3,3,2,4,4,5,4,3,5,3,3,4,4,4,4,4,4,1,2,2,2,2,2,2,2,2,2,3,1,1,1,1,3,3,4,5,6,5,6,6,5,1,31,3,1,1,1,45,3700,2700,0,306701,의지보조기기사 로봇 보조 정형 운동 장치 개발 산업 재해 사고 증가,물리치료학
30657,4,4,3,5,3,5,4,5,4,5,4,6,4,4,4,5,4,5,4,5,3,4,4,5,3,5,3,5,4,5,4,5,3,5,4,5,3,5,3,5,4,4,4,5,3,5,4,5,3,4,4,5,3,4,3,5,3,5,4,5,3,5,3,4,3,4,3,5,3,5,4,5,3,4,4,4,4,5,4,5,4,5,4,5,3,4,4,4,4,3,4,4,4,3,4,4,4,3,4,4,4,4,1,3,2,2,0,4,5,3,3,4,4,4,4,3,4,4,5,3,4,3,4,3,4,4,2,3,3,3,3,3,4,4,3,4,4,3,4,4,3,3,2,2,2,2,2,2,2,2,2,2,4,2,1,1,1,7,4,5,5,6,6,7,6,6,1,40,4,1,1,1,40,3700,3000,0,155203,지구온난화 에너지 크게 대두,에너지공학
30658,1,0,1,0,1,0,1,0,1,0,1,0,3,3,2,2,2,1,1,0,1,0,2,1,2,1,1,0,1,0,1,0,1,0,1,0,2,2,1,0,1,0,1,0,1,0,1,0,3,4,1,0,1,0,3,3,3,3,4,5,1,0,1,0,1,0,1,0,1,0,1,0,2,1,2,1,3,4,1,0,4,5,3,5,2,2,1,0,3,2,1,3,1,2,3,2,3,2,2,2,2,14,1,2,1,2,0,1,2,2,2,2,3,2,2,4,9,9,9,4,2,4,4,4,4,3,3,2,3,4,4,4,2,2,2,2,2,4,3,2,4,3,2,2,2,2,2,2,2,2,2,1,2,2,2,2,2,6,6,7,5,6,6,5,5,5,1,41,3,1,1,1,40,3010,2810,0,702701,국가기술자격증 자동화,건축학
30659,4,5,5,6,2,3,5,6,5,6,5,5,5,5,3,2,4,6,4,5,5,6,4,4,4,6,5,7,5,5,5,7,4,6,5,6,4,4,5,6,4,5,5,6,4,6,3,3,1,0,5,6,1,0,1,0,1,0,1,0,4,5,2,2,1,0,1,0,1,0,1,0,5,6,1,0,1,0,2,2,3,3,1,0,4,3,5,6,5,4,2,3,4,2,3,4,4,3,5,4,5,11,1,2,1,1,1,2,4,3,4,4,4,3,4,4,4,4,4,4,3,2,3,3,3,4,3,4,3,3,4,4,3,4,3,4,3,4,5,3,5,4,2,2,2,2,2,2,2,2,2,2,2,2,2,2,1,4,5,3,2,4,6,5,3,7,1,38,4,1,1,1,40,6500,3500,0,12402,보험계리사 직업과 관련된 직무교육 인구 감소 가입자 때문,정치외교학
30660,3,3,3,3,3,3,3,3,2,3,3,3,3,3,2,2,3,2,3,3,2,2,3,3,3,3,3,2,3,3,3,3,3,3,3,3,3,3,3,3,3,3,3,3,3,3,3,3,3,2,3,2,3,3,3,3,3,3,3,3,3,3,3,3,3,3,5,5,3,4,4,6,3,3,3,6,3,5,3,3,3,3,3,3,3,3,3,3,3,2,3,4,4,2,4,2,3,2,3,2,2,4,1,4,2,2,0,2,5,4,4,4,4,4,4,4,3,4,3,4,2,5,4,2,3,2,4,4,5,3,2,4,4,4,3,3,3,4,2,2,5,5,2,2,2,2,2,2,2,2,2,1,3,3,3,3,2,6,4,6,3,4,5,5,6,6,1,30,4,1,1,1,40,3300,3000,0,851101,대기업,화학공학
30661,3,4,3,4,1,0,1,0,4,6,3,4,1,0,1,0,1,0,1,0,3,4,1,0,1,0,1,0,1,0,1,0,1,0,1,0,1,0,1,0,1,0,3,5,1,0,1,0,1,0,1,0,1,0,1,0,1,0,1,0,4,5,1,0,1,0,1,0,1,0,1,0,1,0,1,0,1,0,1,0,1,0,1,0,1,0,1,0,5,4,3,3,4,4,3,2,3,3,3,3,3,15,2,4,1,2,0,7,5,3,4,4,4,4,4,4,4,4,4,4,2,4,4,5,3,2,3,3,3,3,3,5,3,3,3,3,4,5,3,2,4,3,2,2,2,2,2,2,2,2,2,1,2,2,2,2,2,6,7,6,3,3,3,7,8,7,1,35,4,1,1,1,40,3200,2700,0,25201,무역영어 시스템 자동화 감소,무역학
30662,5,6,5,6,5,6,5,6,5,6,5,6,4,5,4,5,4,5,4,6,5,6,5,6,4,6,4,6,4,5,4,6,4,6,4,6,3,5,3,5,4,5,4,6,5,6,4,5,3,5,4,5,1,0,1,0,1,0,1,0,1,0,1,0,1,0,1,0,1,0,1,0,2,2,1,0,2,2,2,2,2,2,2,2,3,4,2,2,5,4,4,4,5,4,4,4,4,4,4,5,4,15,2,3,1,1,3,3,5,4,4,5,4,4,4,5,9,5,5,5,5,5,4,4,4,5,4,4,5,4,5,4,4,5,5,4,4,4,5,4,4,4,2,2,2,2,2,2,2,2,2,1,3,2,3,2,2,5,6,4,6,5,5,7,5,6,1,48,4,1,1,1,50,6500,4000,0,23101,공인회계사 보고서 작성법 대체 요소,회계학
30663,4,4,4,3,4,4,4,4,4,4,4,4,4,4,3,3,3,3,3,4,4,4,4,4,4,4,4,3,3,3,4,4,4,5,4,4,4,5,4,4,4,4,4,4,4,5,4,4,3,4,3,4,2,2,2,2,2,2,2,2,4,4,2,2,2,2,2,2,2,3,1,0,4,3,2,2,2,2,2,2,3,3,2,2,4,4,4,4,4,3,3,2,4,4,3,4,3,3,3,3,3,18,1,2,2,2,0,2,5,3,3,3,2,4,3,2,2,2,4,3,3,3,2,2,2,2,4,4,2,4,4,4,2,4,3,3,4,4,4,4,4,3,2,2,2,2,2,2,2,2,2,2,3,2,2,2,1,7,5,6,7,4,5,7,4,5,2,35,4,1,1,1,40,4000,1800,0,521101,변화,관광
30664,4,5,3,5,3,4,3,5,4,5,4,5,4,5,4,5,4,5,4,5,4,5,4,5,4,5,4,5,4,5,4,5,4,5,3,4,2,3,3,4,3,4,3,5,4,5,4,5,3,4,4,5,4,5,3,4,4,5,4,5,3,5,4,5,3,4,4,5,3,4,4,5,3,5,3,4,3,4,3,5,3,5,4,4,3,4,3,5,5,3,2,4,3,3,4,3,3,4,3,4,3,6,1,3,1,1,2,4,5,4,4,4,4,3,3,4,4,4,3,4,4,3,3,4,3,3,4,3,3,4,4,4,4,3,4,4,4,3,4,3,4,4,2,2,2,2,2,2,2,2,2,3,4,2,2,3,2,6,6,5,6,6,6,6,6,5,1,43,4,1,1,1,44,4300,3000,0,140101,건축사 건축계획 모델링 증가,건축공학
30665,5,6,5,7,4,5,4,5,4,6,4,6,4,6,4,5,4,5,5,7,5,6,5,5,4,6,3,4,3,4,5,6,5,7,5,7,3,6,4,5,4,6,4,5,4,6,4,5,4,5,4,6,4,6,3,4,3,4,3,4,3,4,3,5,3,5,4,5,4,6,5,6,4,6,5,7,4,5,3,4,3,4,3,5,3,5,3,4,5,5,5,3,4,4,4,3,3,3,4,3,3,16,5,6,1,2,0,6,7,3,3,3,4,4,4,3,3,3,3,3,3,3,4,3,3,3,4,3,3,3,5,3,3,3,3,3,4,4,4,3,3,4,2,2,2,2,2,2,2,2,2,2,3,3,3,3,2,4,3,4,5,4,4,3,3,3,1,57,6,1,1,1,40,7000,4000,0,211101,박사학위 상태 유지,경영학
30666,3,3,3,4,4,5,3,3,3,3,3,3,3,3,3,4,4,5,2,3,3,3,3,3,3,3,2,2,3,4,3,3,2,3,1,0,4,6,1,0,3,5,3,3,3,3,3,5,2,1,3,3,2,2,2,2,3,5,4,5,4,6,3,3,2,4,2,3,4,6,3,3,3,3,2,3,3,3,2,3,2,2,2,2,3,3,2,2,3,3,3,3,4,3,3,4,3,4,3,3,3,13,1,2,2,2,0,5,5,4,3,3,3,3,4,3,4,3,3,3,1,3,3,3,3,3,3,2,3,3,4,4,4,4,4,3,3,3,2,3,3,4,2,2,2,2,2,2,2,2,2,2,2,3,3,3,2,8,7,6,3,4,4,5,5,5,1,32,4,1,1,1,48,3000,2500,0,134303,시스템 운영 관리 업무 차후 대체 비중,시스템공학
30667,4,6,4,6,4,4,4,4,5,6,3,5,5,7,4,6,4,5,3,4,4,6,4,5,3,4,3,5,4,5,4,6,4,6,3,4,4,5,5,4,5,7,2,4,5,5,5,5,3,5,4,5,4,6,4,6,4,5,3,4,2,3,3,4,3,3,3,2,3,4,4,5,3,4,1,0,4,5,2,3,1,0,1,0,2,3,3,4,4,4,1,3,5,3,4,4,2,4,5,5,4,13,2,6,1,1,2,6,7,5,5,5,4,5,2,4,3,5,3,4,2,4,3,5,4,3,4,3,4,2,4,5,3,4,4,4,4,4,5,4,5,4,1,2,1,1,1,1,1,1,2,1,3,3,3,3,1,9,9,9,8,8,8,8,8,9,1,35,6,1,3,1,60,5500,4500,0,152101,화공기사 화학분석기사 분석기기 실험장비 교육 특성 항상 진보 기술 개발 업무 인원 배치 교육 필요성 존재 분야 변화 분야 일자리 크게 것임,화공생명공학
30668,5,7,5,6,5,7,2,2,1,0,5,5,5,7,5,7,5,7,1,0,5,7,1,0,5,6,4,4,2,2,2,2,2,2,2,2,1,0,1,0,5,5,5,6,3,5,1,0,1,0,1,0,1,0,1,0,1,0,1,0,5,6,1,0,1,0,1,0,1,0,1,0,1,0,1,0,1,0,1,0,4,5,1,0,5,6,2,2,3,2,4,2,3,4,1,5,1,2,2,2,3,16,5,5,2,1,1,5,5,4,2,1,3,4,2,2,2,3,3,3,4,2,3,3,3,4,3,3,2,3,3,4,3,4,3,4,5,5,4,3,5,5,2,2,2,2,2,2,2,2,2,2,1,2,2,2,1,7,7,7,7,7,7,7,7,9,2,40,4,1,3,2,50,2000,1000,0,411102,교직원 워크샵 인구 감소 독서 인구 감소,문예창작
30669,2,2,3,3,2,1,2,2,2,1,2,2,2,2,2,3,2,2,2,2,1,0,3,4,3,4,2,2,3,3,3,4,2,2,2,3,3,4,3,3,2,2,2,2,3,3,2,2,1,0,1,0,1,0,1,0,1,0,1,0,1,0,1,0,1,0,1,0,1,0,1,0,1,0,3,3,3,4,3,4,2,2,3,3,2,1,2,1,4,3,2,3,4,3,2,4,3,2,3,2,4,18,1,1,1,2,0,3,2,2,3,4,4,2,3,3,4,3,3,3,2,3,2,4,3,2,3,3,2,2,4,3,3,2,4,3,2,3,3,4,4,4,2,2,2,2,2,2,2,2,2,1,3,2,2,2,1,7,8,7,4,3,6,4,3,2,1,36,3,1,1,1,48,3000,2300,0,420401,생활체육지도사 의지 코치,컴퓨터공학
30670,4,4,4,5,3,4,2,4,4,5,5,6,4,5,4,5,2,5,2,4,4,5,4,5,4,5,3,4,2,3,3,4,2,4,2,4,2,4,1,0,5,5,3,5,4,5,2,4,2,4,3,4,5,5,5,5,5,5,5,5,5,6,5,5,5,5,4,5,5,6,4,5,4,5,3,4,2,4,1,0,2,4,2,3,2,4,1,0,3,3,4,4,4,4,4,4,4,5,5,5,5,13,1,2,1,2,0,5,5,4,4,4,4,4,4,4,4,4,4,4,3,4,3,5,4,3,3,1,4,4,4,5,4,4,2,2,3,3,3,2,4,4,2,1,2,2,2,2,2,2,2,2,3,1,1,1,1,2,6,3,6,5,3,4,5,6,1,30,4,1,1,1,48,3100,2700,0,133101,정보처리기능사 빅데이터 활용 모바일 기기 다양 화로 소프트웨어 보금 확대,수학
30671,5,3,4,3,5,4,4,4,4,4,4,4,4,4,4,4,4,4,3,3,4,3,4,3,5,4,4,4,3,3,4,4,4,4,4,4,4,4,4,4,4,3,4,4,5,4,4,4,4,5,3,4,4,4,4,4,3,3,2,2,3,4,2,3,4,4,4,4,3,3,4,4,3,3,4,4,3,3,4,4,3,3,1,0,4,4,4,4,4,3,4,3,4,4,3,2,2,3,3,3,2,13,1,3,2,2,0,1,5,3,2,2,4,3,3,2,3,3,3,3,2,3,2,3,3,4,4,3,4,5,4,4,3,3,3,4,4,3,4,4,4,4,2,2,2,2,2,2,2,2,2,2,2,3,3,3,2,7,7,8,3,7,8,3,7,8,1,30,4,1,1,1,40,2900,2600,0,154103,규격 업무,물리학
30672,5,6,5,5,5,5,5,5,3,6,5,5,5,6,5,6,5,5,1,0,5,6,5,4,4,5,1,0,2,5,5,5,5,5,1,0,1,0,1,0,5,5,4,4,5,7,2,2,5,5,1,0,5,6,5,5,5,4,5,6,4,5,5,5,3,4,5,4,4,4,4,5,1,0,1,0,1,0,1,0,1,0,1,0,5,6,3,4,5,3,3,3,5,4,1,3,2,5,4,4,5,3,1,4,2,1,2,7,5,4,3,3,4,5,4,3,3,4,3,4,2,4,4,4,3,2,3,1,4,4,4,4,3,3,3,3,3,4,3,3,4,4,1,1,1,1,2,2,2,2,2,1,3,3,3,3,2,5,5,3,3,3,3,3,4,5,1,28,5,1,1,1,45,3000,3000,0,154103,이론 원리 설명 장비 추가 소량 작업,화학공학
30673,3,3,3,4,3,3,4,5,2,3,3,4,1,0,3,4,3,5,4,6,3,4,4,6,4,6,1,0,5,6,3,4,4,6,3,5,4,6,4,6,4,6,5,6,4,6,1,0,1,0,2,3,1,0,1,0,1,0,1,0,1,0,1,0,2,3,1,0,1,0,1,0,2,3,2,3,4,5,4,5,4,5,1,0,3,3,3,4,2,4,3,2,4,3,3,2,2,3,4,4,2,16,5,2,1,2,0,4,5,4,2,2,4,3,2,3,4,4,3,4,3,4,4,3,4,4,3,3,5,5,3,4,5,4,2,2,4,4,3,3,4,4,2,2,2,2,2,2,2,2,2,1,2,2,2,2,1,7,7,8,3,4,6,2,2,6,2,37,4,1,1,1,40,3900,2500,0,212301,정교사2급 특수 학교 학교 특수 학급 추세 일자리 감소,유아교육
30674,4,4,4,5,4,5,5,5,4,5,3,4,3,5,3,4,4,5,3,5,4,4,3,5,4,5,3,5,2,4,4,4,2,4,1,0,3,5,3,4,5,4,3,5,2,4,4,5,2,4,1,0,2,2,1,0,1,0,2,4,4,5,1,0,2,4,2,4,1,0,1,0,2,4,1,0,1,0,2,4,2,3,2,5,2,5,1,0,4,4,3,3,3,4,4,4,3,4,4,4,4,3,1,3,1,2,0,3,2,4,4,3,4,4,3,4,4,4,5,5,1,5,5,4,4,3,4,2,5,4,3,4,4,4,3,3,5,5,4,4,4,4,2,2,2,2,2,2,2,2,2,3,2,3,3,2,1,5,5,3,6,1,4,4,4,6,1,44,4,1,1,1,45,4300,2700,0,27101,공인회계사 사회 발전 모든 전산 사회,세무회계
30675,5,5,5,4,5,4,5,3,5,4,5,5,5,4,5,3,5,4,5,5,5,5,5,6,5,4,5,3,5,3,5,4,5,5,5,3,5,5,5,4,5,4,5,5,5,4,5,5,5,4,5,6,5,6,5,6,5,6,5,5,5,5,5,6,5,5,5,6,5,6,5,5,5,5,5,5,5,6,5,7,5,5,5,5,5,6,5,6,5,4,5,3,4,2,5,3,2,5,4,5,4,6,1,6,1,1,4,4,5,5,4,4,4,5,2,4,3,5,9,4,1,5,4,5,5,4,4,3,4,3,2,5,4,5,4,4,5,5,5,4,5,4,1,1,1,2,2,1,2,1,1,2,2,3,2,2,1,5,2,1,1,1,5,7,9,5,1,48,5,1,1,1,50,10000,3000,0,140201,기술사 구조안전 기술평가 업무 난이도 지식 매우 스트레스 증가 업종 특성 컴퓨터 데이터 정확성 인력 감소,건축
30676,4,6,5,6,5,6,4,6,4,6,3,4,3,5,3,3,3,4,2,3,2,3,2,4,3,5,3,3,4,4,3,4,2,2,2,2,4,6,3,4,2,4,2,3,1,0,1,0,3,3,2,3,1,0,2,2,2,2,1,0,2,2,2,2,2,2,1,0,1,0,1,0,3,4,2,2,1,0,1,0,1,0,1,0,2,2,2,2,4,5,4,4,3,5,5,4,3,4,4,3,3,16,5,5,2,2,0,6,7,4,4,4,4,4,4,4,4,3,4,4,2,3,3,3,4,4,3,2,4,4,4,2,4,3,4,3,4,4,2,2,4,4,2,2,2,2,2,2,2,2,2,2,2,3,3,3,1,4,4,3,4,4,3,7,6,3,1,57,6,1,1,1,50,7500,4000,0,110201,환경,정치외교학
30677,3,4,4,4,4,4,4,4,3,4,4,5,3,4,4,4,3,4,3,4,3,5,4,4,4,4,4,5,3,4,1,0,3,4,3,5,4,4,4,4,4,4,4,5,4,5,2,3,4,4,4,5,2,2,1,0,1,0,2,3,3,3,3,3,3,4,1,0,1,0,1,0,3,4,3,3,1,0,3,3,1,0,2,2,4,5,3,4,4,4,2,4,4,2,4,3,4,4,4,3,3,7,1,4,2,2,0,7,5,4,4,4,4,4,4,4,3,4,4,4,3,3,3,2,3,4,4,4,3,3,3,4,3,3,4,3,3,2,3,3,4,3,2,2,2,2,2,2,2,2,2,2,2,3,3,3,1,3,6,4,3,4,6,6,3,2,2,46,4,1,1,1,40,5400,3400,0,12301,인터넷 홍보 발달,경영학
30678,5,6,5,7,4,5,4,5,4,5,4,5,4,5,4,5,4,5,4,5,4,5,4,6,4,5,4,6,4,5,4,5,4,5,4,5,3,4,3,4,4,5,5,5,4,5,4,5,2,2,2,3,2,3,1,0,1,0,2,2,3,3,4,4,2,2,4,4,3,4,3,5,5,6,2,3,3,3,4,5,2,3,1,0,4,5,5,5,4,4,4,4,4,3,4,4,3,4,4,4,4,3,1,2,2,1,2,6,5,4,4,4,4,4,4,5,5,4,4,5,4,4,4,4,3,4,3,3,4,3,4,4,3,4,3,3,4,4,4,3,5,4,2,2,2,2,2,2,1,2,2,1,2,2,2,2,1,2,2,7,8,2,2,2,2,8,1,36,3,1,1,1,52,3500,2600,0,612201,해외로 상품 판매 영업 관리 해외 영업 진출 인적 구조 조정 코로나 확산 기업 사업 부진 해외 영업,경영학과
30679,3,2,4,4,1,0,3,3,4,3,2,3,4,4,2,3,5,4,4,4,1,0,3,5,2,2,4,4,3,2,4,4,2,1,1,0,4,4,4,3,3,5,4,3,3,5,4,4,4,4,2,3,5,4,2,2,5,4,4,6,1,0,5,4,3,2,4,4,5,4,4,6,4,4,4,2,5,6,5,4,5,2,2,2,4,2,2,1,2,3,1,2,3,1,4,4,2,3,4,3,2,3,4,1,2,2,0,2,2,3,2,2,4,3,3,3,3,2,4,3,5,2,3,4,2,4,3,5,4,4,5,4,3,3,2,3,4,3,5,4,3,5,2,2,2,2,2,2,2,2,2,2,4,2,2,2,2,7,5,6,4,4,4,4,4,5,1,40,2,2,6,1,39,0,0,3500,885201,홍보 중용 간판 제작 수요,기계
30680,4,6,4,6,3,4,3,4,5,7,4,6,3,4,4,6,4,5,4,5,3,4,4,6,4,6,4,6,3,4,4,6,3,4,4,6,3,4,4,6,4,6,4,6,3,4,2,3,4,6,3,4,4,6,4,6,4,6,4,5,5,6,4,6,4,6,4,5,4,6,4,5,4,6,4,6,4,5,4,6,3,4,2,3,3,4,3,4,4,4,4,5,4,3,4,4,3,4,4,4,4,13,1,5,1,2,0,2,4,5,4,4,4,5,4,4,4,3,4,4,2,4,4,4,4,3,3,4,2,4,3,4,4,4,5,4,3,4,4,4,4,4,2,2,2,2,2,2,2,2,2,3,4,1,1,1,1,2,8,2,2,2,2,8,8,7,1,31,5,1,1,1,40,4200,3900,0,131202,정보통신산업기사 전자응용기술사 통신 산업 발달 때문,전기공학
30681,1,0,1,0,1,0,2,3,1,0,1,0,1,0,1,0,1,0,4,5,1,0,1,0,4,4,1,0,4,4,1,0,1,0,1,0,1,0,4,4,1,0,1,0,1,0,1,0,1,0,1,0,1,0,1,0,1,0,1,0,1,0,1,0,1,0,1,0,1,0,1,0,1,0,1,0,1,0,4,5,1,0,1,0,3,3,1,0,3,3,4,3,4,3,3,2,2,2,3,3,4,8,1,2,1,2,0,7,1,3,2,1,4,2,3,3,9,5,4,4,3,3,2,3,2,2,3,2,3,3,4,4,3,4,3,3,3,4,3,3,4,3,2,2,2,2,2,2,2,2,2,1,2,2,2,2,2,9,8,8,3,4,7,7,5,6,1,70,2,1,2,2,36,2400,2400,0,622101,운전면허증 인구 감소,농업
30682,2,2,3,4,1,0,3,4,4,6,3,4,4,6,3,4,4,6,3,4,1,0,4,6,4,6,1,0,3,4,3,4,2,3,1,0,4,6,3,4,2,3,1,0,4,6,1,0,1,0,1,0,1,0,1,0,1,0,1,0,4,6,1,0,1,0,1,0,1,0,1,0,1,0,3,4,1,0,1,0,1,0,4,6,3,4,3,4,4,4,3,3,4,3,4,3,2,4,3,4,4,18,4,1,2,1,3,2,4,4,4,4,4,4,3,4,9,9,4,4,2,4,3,4,3,3,2,2,4,2,4,4,4,3,2,1,4,5,4,3,3,3,2,2,2,2,2,2,2,2,2,1,4,2,2,2,1,3,7,3,6,4,7,3,7,4,2,37,4,2,6,1,40,0,0,3200,416302,교양 오락 이슈 등의 자금 수집 훈련 코로나 일자리 증가,역사학
30683,3,4,3,5,2,2,3,2,3,4,2,3,1,0,2,2,2,2,3,2,2,2,2,3,3,4,2,2,4,4,2,2,2,2,2,2,2,2,5,5,2,2,3,3,2,2,1,0,1,0,1,0,3,4,1,0,3,3,2,4,3,2,2,2,4,3,4,4,2,3,5,4,1,0,3,3,4,4,4,4,2,3,3,3,3,4,2,3,3,5,5,3,4,3,3,3,3,4,4,3,4,17,1,3,2,2,0,5,4,4,4,3,4,4,3,3,3,3,3,3,2,4,3,4,4,4,3,2,3,3,3,4,3,3,4,4,3,4,4,3,3,4,2,2,2,2,2,2,2,2,2,3,4,2,2,2,2,5,4,7,6,7,6,7,6,7,1,42,4,1,1,1,40,4000,2600,0,306201,병원 수가,방사선학
30684,4,5,4,6,3,3,2,3,3,4,4,5,3,3,3,4,2,3,4,4,3,3,1,0,1,0,1,0,1,0,3,3,2,3,1,0,1,0,3,3,4,4,4,5,3,3,1,0,1,0,1,0,3,5,3,6,4,5,4,5,3,4,4,5,3,3,1,0,1,0,1,0,1,0,1,0,1,0,1,0,2,3,2,2,3,3,3,3,4,4,2,4,4,3,4,3,4,5,5,5,4,3,1,4,2,2,0,6,6,4,5,4,4,4,4,4,5,5,4,4,4,4,4,5,4,4,5,4,4,4,3,4,4,5,4,4,4,3,4,4,4,3,2,2,2,2,2,2,2,2,2,3,2,3,3,3,2,3,3,2,5,4,5,4,5,6,2,31,6,1,1,1,40,4500,4000,0,122102,경기 침체 소비 위축,약학
30685,2,3,5,6,2,2,3,3,1,0,1,0,3,4,2,3,4,4,3,3,1,0,3,4,2,3,4,5,3,4,3,3,2,2,2,2,2,2,3,3,2,2,3,4,3,3,1,0,1,0,2,4,1,0,1,0,1,0,1,0,1,0,1,0,1,0,1,0,1,0,1,0,1,0,1,0,1,0,2,2,1,0,1,0,3,4,5,7,5,3,1,1,5,3,1,5,2,4,5,3,4,18,4,1,2,2,0,5,5,3,1,1,3,3,3,2,9,9,9,3,4,3,3,4,4,4,3,3,4,4,3,4,4,4,3,4,3,4,4,4,4,5,2,2,2,2,2,2,2,2,2,1,2,2,2,2,1,8,9,8,8,7,8,9,8,8,1,32,4,1,4,2,30,2000,2000,0,414602,예능 증가 흥미 위주 예능 발달,미술
30686,2,2,3,4,2,2,3,4,2,2,2,2,2,2,4,5,2,2,2,2,1,0,3,4,3,4,2,2,3,4,4,5,2,3,1,0,3,4,4,5,2,2,2,2,2,2,2,2,1,0,1,0,2,2,2,2,1,0,1,0,2,3,3,4,2,3,2,2,2,2,1,0,1,0,1,0,1,0,1,0,1,0,2,2,2,2,2,2,3,2,2,2,4,4,3,3,2,3,4,2,2,7,1,2,2,2,0,7,2,2,2,2,3,4,2,3,2,4,4,3,3,3,4,3,4,3,2,3,4,3,3,4,3,4,3,4,5,3,4,3,5,3,2,2,2,2,2,2,2,2,2,2,4,1,2,3,2,7,4,5,3,5,5,4,3,5,1,29,4,1,1,1,45,2600,2200,0,812902,마니아 용도 범주 증가,경영학
30687,2,2,4,5,1,0,2,2,4,5,2,2,2,2,3,4,2,1,1,0,1,0,3,4,2,3,3,4,2,1,3,3,3,4,1,0,3,4,3,3,4,5,2,3,2,2,2,2,3,4,2,2,4,5,2,2,3,3,4,5,2,1,3,4,2,3,4,5,3,4,4,5,3,3,2,2,3,4,2,2,2,1,2,3,3,4,3,4,3,2,4,4,4,3,3,4,3,4,2,2,4,3,1,2,1,2,0,7,4,3,2,3,4,4,1,4,3,4,4,4,3,4,5,5,4,4,4,3,4,2,4,4,5,4,5,3,3,5,4,3,4,4,2,2,2,2,2,2,2,2,2,2,3,3,3,3,2,7,5,4,3,5,4,3,4,4,1,48,3,1,1,1,56,4300,2300,0,813101,금형기능사 기계 대신 일인 일자리 그대로 유지,금속
30688,4,4,4,4,4,4,4,4,4,4,4,5,4,5,4,5,4,4,3,3,4,5,4,5,4,4,4,4,4,5,4,5,4,5,4,4,4,4,5,6,4,4,5,6,5,6,4,4,4,4,4,4,4,4,4,5,4,5,4,5,3,3,5,6,5,6,5,6,5,6,5,6,4,5,5,6,4,4,4,5,5,6,5,6,5,6,4,4,4,4,4,3,4,2,4,3,2,4,4,4,4,19,1,1,1,1,4,5,1,4,2,2,4,4,3,3,9,9,5,4,3,3,2,5,4,4,4,3,4,4,4,4,3,5,4,3,4,5,4,3,4,5,2,2,2,2,2,2,2,2,2,2,2,3,3,3,2,5,7,5,3,6,5,7,5,4,1,61,2,2,5,1,60,0,0,6300,812401,자동차 정비 기능사 자동차 수리 자동차 연료비 상승 구매,자동차
30689,3,4,4,5,4,5,3,4,4,4,3,4,4,5,4,5,4,5,1,0,2,3,3,4,4,5,4,6,4,5,3,5,4,5,4,5,4,5,4,5,4,5,4,6,3,4,1,0,4,5,3,5,4,5,1,0,1,0,1,0,2,3,3,4,3,3,4,3,1,0,2,3,4,5,4,5,4,5,3,4,4,4,1,0,3,4,3,4,3,4,3,3,3,3,4,4,4,3,4,4,4,13,1,5,2,2,0,7,5,4,4,4,4,4,4,4,4,3,4,4,4,3,3,4,4,3,3,4,3,3,4,3,3,4,3,4,3,2,3,4,4,3,2,2,2,2,2,2,2,2,2,2,1,3,3,2,1,6,4,4,3,4,5,7,4,3,1,36,4,1,1,1,40,5500,4000,0,12301,기업 감소 홍보 대상 감소,경영학
30690,4,5,4,5,4,5,2,4,4,5,4,5,3,4,4,4,4,4,4,5,4,4,4,6,5,5,4,5,4,5,5,6,5,5,4,5,4,4,3,6,4,5,5,4,4,5,3,4,2,4,2,3,2,4,5,5,5,5,4,4,2,3,1,0,3,4,5,5,5,4,5,4,3,5,1,0,1,0,1,0,2,4,3,5,3,4,3,4,4,3,3,4,4,4,4,2,4,3,5,4,3,7,4,1,1,2,0,6,2,4,5,4,5,4,2,5,9,9,9,5,2,5,4,3,4,4,4,2,5,2,4,5,4,4,4,3,4,5,4,2,4,5,2,2,1,2,2,2,2,2,2,1,3,3,3,3,2,8,5,6,3,3,4,7,7,3,1,55,2,2,6,1,40,0,0,4800,873301,식품가공기능사 메그 오븐 메뉴 개발 식품 가공 경기,전자
30691,3,5,4,5,3,4,4,5,1,0,2,3,4,6,3,4,4,5,3,4,3,4,2,3,3,4,4,5,3,4,3,4,2,2,3,4,3,4,3,4,4,5,4,5,3,4,2,3,2,3,1,0,1,0,1,0,1,0,1,0,1,0,2,3,1,0,1,0,1,0,1,0,1,0,3,4,2,2,4,5,3,4,2,2,3,4,5,6,5,4,4,3,3,3,4,4,3,3,3,4,4,18,4,1,2,1,4,7,1,4,5,5,1,3,1,2,9,9,4,3,2,5,5,2,4,4,4,3,5,4,3,4,5,4,3,3,4,4,4,3,4,2,1,2,2,1,2,1,2,2,2,1,2,2,2,2,2,9,7,6,4,3,4,7,9,7,1,28,4,1,4,2,35,1000,1000,0,414602,사회실무교육 세법교육 표준계약서교육 컴퓨터 하드웨어 장비 대형화 소프트웨어 기능 다양성 장비 시스템 도입 통해 성악 공연 환경 양적 측면 향상 향후 청년 고용 안정 예상,성악
30692,3,4,2,3,2,2,3,4,4,6,4,5,2,4,3,3,3,5,3,4,3,3,3,4,3,5,3,3,3,3,2,2,2,3,2,3,3,5,3,4,3,4,3,4,2,3,2,3,2,3,2,4,3,4,2,3,2,3,2,3,2,4,2,3,2,3,2,3,2,3,2,3,2,3,1,0,1,0,1,0,1,0,1,0,2,4,1,0,3,2,4,3,4,3,3,4,3,3,4,3,3,13,1,5,2,2,0,2,4,3,2,3,4,3,3,4,3,3,4,3,2,3,3,3,2,2,3,3,4,4,3,3,4,3,4,3,5,4,3,3,3,4,2,2,1,1,1,1,2,2,2,3,4,3,3,3,2,7,6,5,6,5,5,4,5,7,1,40,4,1,1,1,40,4400,2800,0,134101,서버 확충 산업 전반 계속,전자공학
30693,3,3,3,4,3,2,2,3,3,4,3,3,4,3,2,3,3,3,3,3,2,3,3,4,4,5,3,3,4,3,3,3,3,3,3,2,3,4,3,3,3,4,3,4,4,4,3,3,4,3,3,3,2,3,1,0,4,3,3,2,4,3,3,4,2,2,4,5,3,5,4,4,2,3,3,3,2,3,3,3,3,4,2,3,3,3,3,4,3,3,4,2,3,2,3,4,2,3,3,4,3,18,1,4,2,2,0,5,4,4,4,4,3,4,4,4,5,5,4,5,4,3,4,3,4,3,4,3,4,4,3,4,4,5,3,4,3,4,4,4,4,4,2,2,2,2,2,2,2,2,2,2,4,3,3,3,2,8,7,3,4,3,6,7,7,4,1,38,4,1,3,2,42,3200,2600,0,416501,프로그램 세분 화로 방송플듀 일자리 증가 전망,실용음악
30694,1,0,2,4,1,0,5,4,1,0,1,0,4,7,4,6,3,4,2,2,1,0,1,0,5,5,1,0,3,4,1,0,3,2,2,1,1,0,4,5,4,2,4,2,1,0,1,0,4,3,3,4,4,4,3,3,1,0,4,3,1,0,4,1,1,0,1,0,1,0,1,0,1,0,5,6,1,0,5,2,1,0,1,0,5,7,2,2,4,4,5,4,4,4,4,4,4,5,4,4,4,19,1,1,1,2,0,2,3,4,5,4,4,4,5,5,4,4,4,4,4,5,4,3,4,4,3,4,3,4,4,4,4,5,4,4,4,5,4,4,4,4,2,2,2,2,2,2,2,2,2,3,2,3,2,2,2,9,8,8,9,8,8,9,8,8,2,25,2,1,1,1,60,3250,2180,0,511302,네일아트미용 국가자격증 정형 자동화,네일아트
30695,4,6,4,6,4,6,3,6,4,6,4,5,4,5,4,5,4,5,4,6,4,6,4,6,4,6,4,5,3,4,4,4,3,4,3,4,3,4,4,4,5,5,4,5,4,5,4,5,3,4,4,5,4,6,4,6,4,7,4,6,5,6,4,6,4,6,5,6,5,6,5,6,5,6,4,6,4,6,4,6,4,4,4,4,3,4,3,4,4,3,3,4,4,2,4,4,4,4,4,4,4,10,1,3,1,2,0,5,5,4,4,4,3,4,4,4,4,4,4,4,2,3,3,3,3,3,3,3,4,4,3,4,3,4,3,3,4,5,4,2,4,4,2,2,2,2,2,2,2,2,2,1,2,3,2,3,1,3,5,4,5,4,5,6,5,5,1,37,4,1,1,1,40,6500,3600,0,134201,정보처리기사 정보관리기술사 시스템 개발,컴퓨터공학
30696,4,4,3,4,3,4,3,4,2,3,3,4,2,3,4,4,3,4,3,4,2,3,2,3,3,4,4,5,3,4,2,2,1,0,1,0,3,4,3,3,4,3,4,5,3,4,2,4,2,2,3,4,4,4,1,0,3,3,3,4,3,4,5,6,5,6,3,4,2,2,3,4,4,5,3,4,3,4,3,3,2,3,3,4,3,3,3,4,5,4,3,5,4,5,5,3,4,4,4,4,5,15,2,2,2,2,0,6,5,4,4,4,4,4,4,3,4,4,4,4,2,4,4,3,4,4,2,3,4,5,4,3,4,4,5,5,4,4,4,4,5,4,2,2,2,2,2,2,2,2,2,1,3,3,3,3,2,5,5,3,1,2,2,3,4,4,1,47,4,1,1,1,40,6500,5000,0,16201,관리자 역할 때문,전기공학
30697,3,3,3,3,2,2,2,2,2,2,3,3,2,3,3,3,3,3,3,4,4,4,3,3,2,3,4,4,2,3,3,3,4,4,4,4,2,3,4,4,4,4,4,4,2,3,2,3,4,3,3,4,4,4,5,5,4,5,5,4,3,3,4,4,4,3,4,5,5,4,4,4,2,3,3,4,4,3,2,3,3,4,2,3,3,3,2,3,3,4,4,3,3,2,3,4,3,3,4,3,4,6,1,1,1,2,0,5,5,4,3,3,4,4,3,5,4,4,4,4,3,3,4,2,3,3,2,3,4,4,3,4,4,3,3,4,4,3,4,3,4,4,2,2,2,2,1,2,1,2,2,1,3,2,3,3,1,7,6,5,3,5,4,7,5,7,1,32,4,1,1,1,40,3000,2000,0,153104,전기산업기사 구조 조정 기계 대체 불가,전기공학
30698,3,4,3,4,2,3,3,4,3,3,4,5,3,4,4,5,4,4,3,5,4,5,4,4,4,5,4,5,4,5,3,5,4,5,4,4,4,5,3,4,4,5,4,4,3,4,1,0,3,2,3,3,3,3,4,5,4,5,4,4,1,0,4,5,4,4,5,5,5,5,4,5,3,5,5,5,4,5,4,4,4,4,4,3,3,3,3,4,4,5,4,3,4,2,4,2,3,3,4,4,4,3,1,2,1,2,0,7,2,3,1,1,4,3,3,3,4,3,4,4,2,4,3,4,3,3,3,3,3,4,3,5,3,4,3,3,3,4,3,3,4,4,2,2,2,2,2,2,2,2,2,2,2,3,3,3,2,5,6,4,6,4,4,6,6,5,1,41,2,1,1,1,40,3360,1440,0,816103,기계가공조립기능사 점점 기계화 일자리,토목
30699,5,7,5,7,5,4,5,7,5,6,5,7,5,5,3,6,5,6,5,3,5,3,5,7,5,6,5,7,5,7,5,7,5,5,5,7,5,7,5,7,5,6,5,6,5,6,5,6,5,6,5,3,3,3,2,2,2,2,2,1,2,3,2,2,2,2,2,2,2,2,2,2,5,5,5,7,3,3,2,2,2,2,1,0,3,2,3,2,5,4,4,4,5,4,5,5,4,4,5,3,4,17,1,2,1,2,0,6,5,5,5,5,4,5,3,5,4,4,5,5,1,5,4,3,3,3,4,2,5,3,3,3,4,4,4,4,4,4,3,2,4,3,2,2,2,2,2,2,2,2,2,1,4,3,3,3,2,4,5,4,3,3,3,5,6,7,1,57,4,2,5,1,40,0,0,13000,301107,의사 면허증 정신 고통 사람,의학
30700,2,2,2,2,1,0,2,2,2,2,2,2,2,2,1,0,2,2,2,2,2,2,2,2,2,2,3,3,2,3,2,2,2,2,2,2,2,2,3,4,2,2,2,2,2,3,2,2,2,2,2,3,2,2,3,4,3,4,4,5,1,0,2,2,3,3,3,4,3,4,3,3,3,3,4,5,3,3,4,5,3,4,2,2,3,4,2,2,4,4,4,3,3,3,2,2,2,2,2,2,4,3,4,1,2,2,0,6,1,4,4,4,4,4,4,4,4,3,3,3,3,2,2,4,4,4,3,3,3,3,3,3,4,3,3,3,3,4,3,3,3,2,2,2,2,2,2,2,2,2,2,2,2,3,3,3,2,4,4,3,4,4,4,4,4,5,1,52,2,2,6,1,40,0,0,3000,864101,수제 사람,문과
30701,4,6,4,6,3,4,3,3,2,3,2,3,3,4,2,3,3,4,3,4,3,3,2,3,2,3,4,5,3,5,3,4,4,4,3,3,4,5,3,4,4,4,3,4,4,4,3,3,3,4,3,3,2,3,2,3,3,3,3,3,3,4,3,3,3,4,2,4,3,4,2,3,3,3,2,3,3,3,2,3,2,3,2,3,2,3,2,2,3,4,4,4,4,3,5,4,4,4,4,5,4,17,1,2,1,1,6,7,5,5,5,5,5,5,4,5,4,4,4,4,2,5,5,3,4,3,4,4,4,4,4,4,5,4,4,3,3,4,4,4,4,2,2,2,2,2,2,2,2,2,2,2,4,3,3,3,2,7,5,6,4,5,5,5,6,5,1,37,4,1,1,1,45,9000,6000,0,301101,의사 면허증 인턴 감염 의사 수요,의학
30702,4,4,3,5,4,5,3,3,4,5,4,5,2,2,1,0,2,3,1,0,4,4,1,0,1,0,5,4,1,0,1,0,1,0,1,0,1,0,1,0,1,0,1,0,2,3,1,0,1,0,1,0,1,0,1,0,2,2,2,2,3,3,3,4,2,2,2,2,2,2,2,2,1,0,1,0,1,0,1,0,1,0,1,0,1,0,1,0,3,3,4,3,4,4,3,3,3,3,3,2,4,13,1,3,2,2,0,5,5,4,4,4,4,4,3,3,3,3,4,3,2,3,3,4,3,3,4,1,2,4,3,5,3,3,4,4,3,4,3,3,4,4,2,2,2,2,2,2,2,2,2,3,2,3,3,3,2,5,4,4,4,4,5,3,3,5,1,35,4,1,1,1,40,3800,3000,0,133901,업무 특성 자동화 부분,전산학
30703,3,5,4,4,3,4,4,5,3,4,4,5,3,4,3,4,4,4,1,0,2,2,3,4,3,4,3,4,3,4,3,4,4,6,4,5,3,4,4,5,4,5,3,4,3,5,1,0,3,4,4,4,3,4,3,5,3,4,1,0,3,4,3,3,3,3,3,3,3,4,3,4,3,4,3,4,1,0,3,4,3,4,1,0,3,4,2,3,4,3,3,2,3,3,2,3,2,3,3,3,2,18,1,2,2,1,1,7,4,4,3,2,2,3,3,3,3,3,3,3,3,2,2,3,2,3,3,3,3,3,3,3,2,3,4,3,2,3,4,3,3,3,2,2,2,2,2,2,2,2,2,2,2,2,2,2,1,6,4,6,3,3,3,6,3,2,2,29,4,1,1,1,45,3400,3000,0,24203,마케팅 연구 대면 방법 인터넷 마케팅 수단 변화 수요 감소,심리
30704,4,5,4,5,4,4,2,3,4,5,4,5,4,5,5,5,3,5,4,5,4,4,4,5,3,5,3,4,2,4,3,5,3,4,3,4,3,4,2,4,4,5,4,5,2,3,3,4,2,3,2,4,3,5,3,5,3,4,2,4,3,5,2,4,2,5,2,4,2,3,2,3,3,4,2,4,2,4,2,4,2,5,2,4,2,5,2,4,4,3,3,4,3,4,3,3,4,4,4,4,3,6,1,3,1,2,0,4,5,4,3,3,4,4,3,3,3,3,4,4,4,3,3,4,2,3,3,1,2,4,4,5,3,2,2,2,3,4,3,3,5,4,2,2,2,2,2,2,2,2,2,2,3,1,1,1,1,7,7,7,3,3,3,2,5,6,1,39,4,1,1,1,40,3850,2800,0,140501,도시계획기사 도시재생 노후 지역 재개 발등 예상,건축학
30705,4,5,4,5,3,5,3,5,3,5,3,5,3,5,3,5,4,5,2,2,3,5,3,5,3,5,3,5,3,5,4,5,4,5,4,5,3,5,3,5,3,4,4,5,3,5,3,5,3,5,4,5,4,5,2,4,3,5,2,3,2,4,1,0,2,4,2,4,1,0,1,0,2,4,4,5,3,5,4,5,3,4,2,3,4,5,3,4,4,4,3,3,4,4,3,4,3,3,3,4,3,17,1,2,1,2,0,7,6,5,5,4,5,5,5,4,4,4,4,4,1,5,5,3,3,4,4,3,4,4,5,4,4,5,4,3,4,5,4,4,4,3,2,2,2,2,2,2,2,2,2,1,4,3,3,3,2,6,4,3,4,3,4,4,4,4,2,37,6,1,1,1,45,7000,5500,0,301401,의사 면허 질환 증가,의예
30706,2,3,4,5,2,1,2,2,1,0,1,0,4,6,3,4,2,2,1,0,1,0,2,3,3,4,2,3,2,1,3,4,2,2,3,3,1,0,3,2,3,4,3,3,3,4,2,2,2,3,1,0,4,5,3,3,1,0,1,0,1,0,4,5,3,4,1,0,2,3,3,4,3,3,4,5,3,4,1,0,3,3,3,4,2,2,2,1,3,1,4,4,4,4,2,4,1,3,2,4,3,18,1,2,1,2,0,7,4,3,5,4,5,4,4,4,3,3,4,3,3,4,2,3,3,3,4,4,3,4,2,3,2,4,3,3,4,3,2,2,3,3,2,2,2,2,2,2,2,2,2,1,3,3,3,3,1,7,8,6,4,3,5,3,4,5,1,35,4,1,1,1,52,5100,5100,0,415101,제품응용기술사,산디(산업디자인)
30707,3,3,2,5,2,2,2,4,1,0,1,0,1,0,3,3,3,5,2,4,1,0,1,0,4,6,1,0,2,3,1,0,1,0,1,0,1,0,3,3,1,0,1,0,5,4,1,0,1,0,1,0,1,0,1,0,3,4,1,0,1,0,1,0,1,0,1,0,1,0,3,5,1,0,1,0,5,5,2,4,1,0,4,4,3,3,4,5,3,3,3,3,2,2,3,1,3,1,2,2,2,8,1,4,1,2,0,6,1,3,3,2,2,3,2,3,1,2,4,3,2,4,4,4,4,3,2,3,2,4,2,5,2,3,5,3,3,2,3,3,5,5,2,2,2,2,2,2,2,2,2,1,3,3,3,3,2,3,4,5,5,4,5,7,4,2,1,52,2,1,1,1,46,4800,3300,0,622201,1종 대형 자동차 면허 대중교통 계속 때문,인문계
30708,2,3,3,3,2,3,2,3,1,0,1,0,2,3,3,4,2,2,3,3,2,3,2,3,2,3,3,3,2,3,3,3,1,0,1,0,2,3,2,3,3,3,3,3,3,4,2,3,2,3,3,3,3,4,2,3,2,3,3,3,1,0,3,3,2,3,3,3,3,3,3,3,3,3,3,3,3,4,3,4,3,3,3,3,2,3,2,3,3,2,4,3,3,2,4,3,3,4,4,2,3,19,1,2,2,2,0,1,2,3,2,1,4,3,3,3,3,3,4,3,3,4,3,3,3,4,3,2,5,5,4,4,3,2,2,3,2,5,3,2,4,4,2,1,1,2,1,2,1,2,2,2,2,2,3,3,2,7,7,6,5,4,4,4,6,7,1,48,2,1,1,1,54,2300,2100,0,864301,자동화기 도입 업무 배치 변경 자동화 기계 도입 일자리,문과
30709,4,5,3,5,3,4,3,4,5,5,5,6,4,4,4,5,3,4,1,0,5,6,2,3,1,0,1,0,1,0,1,0,1,0,1,0,1,0,1,0,1,0,5,6,1,0,1,0,1,0,1,0,4,5,1,0,1,0,1,0,4,7,1,0,1,0,1,0,1,0,1,0,1,0,1,0,1,0,1,0,1,0,1,0,1,0,1,0,4,3,4,4,4,4,4,4,3,5,2,3,3,13,1,2,1,2,0,6,6,5,4,4,4,5,4,4,4,4,4,4,2,4,4,5,4,4,5,1,2,4,4,5,4,4,4,5,4,3,4,3,3,3,2,2,2,2,2,2,2,2,2,3,5,3,3,3,1,2,2,2,3,3,5,2,2,3,1,34,4,1,1,1,40,3700,3000,0,134102,SQLD 데이터 애널 리스트 점점 요구,전산학
30710,5,4,4,3,2,2,3,4,2,3,3,3,4,4,4,3,3,3,2,3,4,4,4,4,4,3,3,4,4,4,3,3,4,4,4,4,2,3,4,3,3,5,4,3,1,0,1,0,4,4,4,4,4,5,4,4,3,3,4,4,3,3,3,3,4,4,4,4,3,3,4,4,3,3,1,0,1,0,1,0,1,0,1,0,3,4,3,3,4,3,2,3,4,4,3,4,2,3,4,3,4,10,1,4,1,2,0,3,3,4,3,4,3,4,4,4,3,4,4,4,2,3,3,4,3,2,3,4,3,4,3,4,3,4,2,3,3,2,4,3,4,4,2,2,2,2,2,2,2,2,2,3,2,3,3,3,2,7,5,3,5,3,5,7,8,5,2,29,4,1,1,1,40,3200,3200,0,133302,정보처리기능사 시스템 개발,통계학
30711,1,0,1,0,1,0,1,0,1,0,1,0,1,0,1,0,3,4,3,4,1,0,1,0,1,0,1,0,1,0,1,0,1,0,1,0,1,0,1,0,1,0,1,0,1,0,1,0,1,0,1,0,1,0,1,0,1,0,1,0,1,0,1,0,3,4,4,5,3,4,3,4,1,0,3,4,2,3,2,3,3,4,1,0,2,3,3,4,4,3,3,3,4,3,3,3,3,2,3,2,3,3,1,2,1,2,0,7,2,4,3,3,4,3,4,3,3,3,4,3,2,3,3,3,3,3,3,2,3,3,3,3,3,2,3,4,3,3,3,3,4,3,2,2,2,2,2,2,2,2,2,2,2,3,2,3,2,4,6,6,6,4,6,5,4,6,1,59,2,1,1,1,46,4289,3300,0,623002,지게차운전기능사 경제 성장 지속,문과
30712,4,5,4,6,4,5,4,5,3,4,4,6,4,5,3,4,4,5,3,4,4,5,3,5,4,5,4,5,3,5,4,5,3,4,3,4,4,4,3,4,4,4,4,4,4,6,3,3,2,3,3,3,3,4,2,2,2,2,2,3,3,3,3,4,3,3,1,0,1,0,1,0,3,4,2,3,2,3,2,3,2,4,2,4,3,5,3,5,4,3,4,4,4,3,5,3,4,4,4,4,3,15,2,5,1,2,0,7,4,4,3,3,4,4,4,4,3,4,4,4,2,3,3,4,3,3,3,2,3,3,4,4,3,3,3,3,4,5,4,3,5,4,2,2,2,2,2,2,2,2,2,1,5,3,3,3,2,4,4,5,5,6,5,5,4,6,2,29,4,1,1,1,52,3600,3000,0,157101,농산물품질관리사 먹거리 식품 대한 관심 증가,식품가공학
30713,4,5,4,6,3,4,2,2,3,4,4,5,1,0,3,3,2,2,1,0,2,4,4,4,4,5,3,5,4,5,4,5,4,6,4,5,2,2,4,4,4,4,5,6,4,6,4,5,5,7,4,5,3,4,1,0,3,4,1,0,4,5,4,5,1,0,3,3,1,0,1,0,2,2,1,0,1,0,1,0,2,2,1,0,2,2,1,0,4,4,4,3,4,3,3,3,4,3,3,3,3,3,1,2,1,2,0,3,3,2,3,3,3,3,4,2,2,2,4,3,2,2,3,3,4,3,4,3,3,4,4,3,3,4,4,4,4,3,3,4,3,3,2,2,2,2,2,2,2,2,2,3,3,3,3,3,2,6,5,6,3,4,5,4,6,5,2,30,3,1,1,1,40,2800,2000,0,28301,EPR물류2급 전산회계1급 업무,컴퓨터학
30714,5,6,5,6,5,6,5,5,5,6,5,6,5,6,5,6,5,6,5,5,5,5,5,6,5,5,5,6,5,4,5,6,5,5,5,5,5,5,5,5,5,5,5,6,5,6,5,6,4,5,4,5,4,5,5,5,5,5,5,6,5,6,5,5,5,5,4,5,4,5,4,5,4,5,4,5,4,5,5,5,4,5,4,5,4,5,5,4,4,3,3,3,4,4,4,2,4,3,4,4,3,3,1,4,1,2,0,7,5,4,3,3,4,4,4,3,3,4,4,4,2,4,3,4,4,5,5,4,4,4,3,5,3,4,4,4,4,4,4,4,5,4,2,2,2,2,2,2,2,2,2,1,3,3,3,3,2,8,4,7,5,6,3,5,6,3,1,32,4,1,1,1,40,5000,3200,0,151108,조선산업기사 변화,조선공학
30715,4,4,2,3,4,4,2,3,1,0,2,3,3,3,2,2,3,3,2,3,3,3,1,0,3,3,1,0,2,3,1,0,3,3,1,0,2,2,1,0,2,2,3,3,2,3,2,2,1,0,1,0,1,0,1,0,1,0,1,0,1,0,1,0,1,0,1,0,1,0,1,0,1,0,2,4,1,0,1,0,1,0,1,0,3,3,2,2,3,4,5,2,3,4,3,3,3,4,2,3,3,13,1,2,2,1,3,3,5,5,4,4,4,4,5,3,4,4,4,3,3,3,3,3,4,4,4,3,3,5,4,4,4,4,3,3,4,4,4,4,5,4,2,2,2,2,2,2,2,2,2,2,1,3,3,3,2,3,2,2,2,8,8,8,8,3,2,26,4,1,3,2,40,2700,1800,0,411201,전문용어 번역 참고자료 숙지 고학력자 증가 기본 언어 사람,일어일문학
30716,4,5,4,5,4,4,4,5,3,4,3,4,1,0,2,3,3,4,3,4,3,4,4,3,3,5,5,6,4,5,4,6,5,7,3,4,5,7,5,6,4,5,3,4,3,4,3,4,1,0,5,3,1,0,1,0,1,0,1,0,3,3,1,0,1,0,1,0,1,0,1,0,4,5,1,0,1,0,1,0,1,0,1,0,2,3,2,3,5,5,1,3,4,4,3,5,3,4,4,3,4,11,1,2,2,2,0,6,2,4,3,3,3,3,3,3,4,3,3,3,2,5,4,4,4,3,3,2,3,3,3,5,4,3,4,3,4,5,3,4,5,4,2,2,2,2,2,2,2,2,2,2,3,2,2,2,1,8,5,3,1,1,4,5,8,8,1,46,4,1,1,1,40,7000,5000,0,12402,경영 합리화 관리자 구조조정 인력 증가,경영학
30717,5,7,5,7,5,7,4,6,4,6,5,7,5,7,4,6,4,5,4,6,4,6,4,6,4,5,4,5,4,5,4,6,4,5,3,4,3,3,4,6,4,6,3,5,3,4,3,3,2,3,2,2,4,5,4,5,3,4,2,2,1,0,2,2,3,3,1,0,1,0,1,0,2,3,1,0,1,0,1,0,1,0,1,0,1,0,1,0,4,4,4,3,3,4,4,4,4,4,4,4,4,15,2,4,2,2,0,6,7,4,4,4,5,5,5,4,4,3,4,4,2,3,4,4,4,4,3,2,4,3,4,4,4,3,4,4,3,3,3,3,4,4,2,2,2,2,2,2,2,2,2,1,3,3,3,3,1,4,3,3,2,3,3,3,4,3,1,61,6,1,1,1,50,7000,3500,0,121101,상태 유지,물리학
30718,3,4,4,3,3,4,3,3,3,4,4,4,3,3,3,3,3,3,4,4,3,4,3,5,4,5,4,5,4,4,4,5,4,4,4,4,3,4,3,4,3,4,3,5,4,6,4,5,4,5,3,5,3,4,1,0,1,0,1,0,4,4,1,0,3,4,3,3,1,0,1,0,2,4,3,3,3,2,2,2,1,0,1,0,4,5,4,5,3,4,3,3,4,3,3,4,3,3,4,4,3,17,3,2,1,2,0,4,5,4,3,4,3,3,3,3,3,4,4,4,3,3,3,3,4,3,3,3,4,3,3,4,4,4,4,4,3,3,4,3,4,4,2,2,2,2,2,2,2,2,2,2,3,2,2,3,1,6,6,7,6,6,7,4,3,7,2,48,4,1,1,1,40,3200,2400,0,232901,사회복지사 변화,사회복지
30719,4,5,5,5,4,5,4,4,3,4,3,4,3,4,4,5,4,4,4,5,4,5,4,5,4,5,4,6,4,4,4,5,4,5,4,5,4,5,4,5,4,4,4,5,4,5,4,5,3,5,4,5,4,4,4,5,4,5,3,4,4,5,4,4,3,4,3,4,4,5,4,4,3,4,4,4,3,3,4,5,3,4,3,4,4,4,4,4,4,5,5,4,4,4,4,4,4,4,4,4,4,3,1,2,1,1,6,6,6,4,3,4,4,4,4,3,4,5,4,5,2,5,4,4,3,4,5,4,4,4,4,5,4,4,4,5,5,4,4,4,4,4,2,2,2,2,2,2,2,2,2,1,2,2,2,2,2,2,4,3,6,5,5,4,6,6,1,35,6,1,1,1,40,7000,4000,0,22103,경영지도사 기업진단론 인구 감소,경영학
30720,5,6,5,7,4,6,5,6,5,7,5,6,5,7,5,7,5,6,4,6,5,6,4,6,5,7,4,6,4,6,4,6,5,6,5,6,5,6,4,6,5,6,5,6,5,7,4,6,4,6,4,6,4,6,5,7,5,6,5,6,5,6,4,6,5,6,5,6,5,6,5,7,5,6,4,7,4,6,4,6,4,3,4,5,5,6,5,7,4,4,5,5,5,5,5,4,5,5,5,3,5,16,5,2,1,1,2,4,5,5,4,4,4,5,4,3,4,4,4,4,4,3,3,3,4,3,4,5,4,3,3,4,5,4,3,4,5,4,4,5,4,5,2,2,2,2,2,2,2,2,2,1,4,2,2,3,2,5,4,7,5,3,5,5,3,4,1,33,4,1,1,1,40,3000,2700,0,214201,워드프로세서1급 정보처리기능사 컴퓨터활용능력 1급 직무교육 수요,컴퓨터공학
30721,4,4,3,5,4,5,4,5,4,4,4,6,4,5,3,5,4,5,4,5,4,6,4,6,4,5,3,5,4,5,4,5,3,5,4,6,4,5,3,5,4,5,4,5,3,5,4,5,4,5,4,4,4,5,4,5,4,5,4,6,4,5,4,5,4,6,4,5,3,5,4,6,4,5,3,5,4,5,4,5,4,5,4,2,4,5,4,5,4,4,4,3,3,3,4,4,3,4,4,4,4,10,1,3,1,2,0,4,5,4,4,3,4,4,4,4,5,5,3,4,3,4,3,4,4,3,3,4,3,3,4,3,3,4,4,2,3,3,3,4,4,3,2,2,2,2,2,2,2,2,2,1,3,1,1,1,1,6,6,4,5,6,6,6,6,5,1,29,4,1,1,1,40,4500,3000,0,134101,SQL개발자 설계 구축 관리 좀더 체계,컴퓨터공학
30722,2,4,2,4,3,5,3,4,3,4,4,4,2,4,2,3,2,4,3,4,3,4,2,4,3,4,1,0,2,3,2,4,3,5,3,4,3,5,2,4,3,4,3,4,4,5,2,4,2,4,2,3,3,4,3,5,3,5,2,4,3,5,2,4,3,4,2,4,2,4,2,3,3,5,3,3,2,4,2,3,2,3,2,3,3,5,2,3,4,3,3,2,4,4,3,3,2,4,3,4,3,3,1,2,1,2,0,6,5,4,4,3,4,4,3,3,3,2,2,3,2,3,3,4,3,2,3,4,3,4,2,4,3,4,3,2,2,3,2,3,4,3,1,2,2,2,2,2,2,2,1,2,2,3,2,2,1,4,5,6,5,4,5,5,6,5,1,35,4,1,1,1,40,4500,4000,0,151105,전자캐드기능사 제조 기술 개발 업무 난이도 증가 인공 지능 자동화 인력,기계항공공학부
30723,4,4,3,4,3,5,2,5,4,5,3,5,3,4,3,5,2,4,5,5,4,5,3,5,3,5,3,4,2,4,2,5,2,4,3,5,2,5,2,5,3,5,3,5,3,5,3,4,3,3,4,3,5,5,5,6,4,4,3,4,5,4,4,5,4,4,3,4,4,5,3,5,4,5,2,4,2,4,1,0,2,5,1,0,2,4,1,0,4,4,3,3,4,4,3,2,3,4,4,5,3,6,1,2,1,2,0,5,4,4,3,3,4,3,3,3,3,4,5,3,2,3,3,3,4,2,4,1,4,2,4,5,1,4,3,3,5,5,3,3,4,5,2,2,2,2,2,2,2,2,2,2,3,3,3,3,1,3,2,1,2,3,5,2,3,3,1,36,4,1,1,1,45,4000,3000,0,140602,지형공간정보기술사 지리 공간 정보 활용 매우,도시공학
30724,2,2,2,2,2,2,2,3,2,2,2,2,2,2,2,3,2,2,3,3,2,2,2,2,2,2,2,2,2,3,2,3,2,2,2,2,2,2,2,2,2,3,3,3,2,2,2,2,2,2,2,2,2,2,2,2,2,3,2,2,2,2,2,2,2,3,3,3,3,3,3,5,2,4,2,2,2,2,2,2,2,3,2,2,2,5,2,2,4,4,4,3,3,2,3,3,3,2,4,3,3,8,1,2,1,1,2,6,2,4,3,3,4,4,3,4,3,3,4,4,2,4,4,4,3,4,4,4,4,4,4,4,4,4,4,4,4,5,4,4,5,4,2,2,2,2,2,2,2,2,2,3,2,3,3,3,2,6,6,5,6,4,4,5,6,5,1,51,2,1,1,1,40,4700,3100,0,621201,항해사 자격증 안전교육 자율 주행,상고
30725,4,5,4,5,2,2,3,4,3,4,4,4,2,1,4,4,4,4,2,4,2,3,3,4,4,5,2,2,2,3,3,4,3,4,3,3,2,2,3,5,3,4,3,4,5,5,4,4,3,4,2,2,4,4,4,4,5,7,4,6,2,2,3,4,4,4,5,6,4,5,5,6,2,2,4,5,4,5,4,5,4,5,5,5,5,5,4,4,5,4,4,4,2,1,3,4,3,3,2,4,5,19,4,1,1,1,5,6,2,3,2,1,1,3,1,4,2,3,3,3,2,3,5,4,3,4,2,3,2,5,2,4,4,3,2,2,3,4,2,2,5,3,2,2,2,2,2,2,2,2,2,1,3,2,2,2,2,5,5,8,5,9,9,9,6,1,1,39,2,1,4,2,48,7000,4000,0,705902,잠수기능사 스킨스쿠버 현장상황에 맞는 기술교육 해양 조선 관련 산업,인문계
30726,4,5,4,5,3,4,3,4,2,5,4,5,2,3,4,5,4,5,4,5,2,3,4,5,4,5,3,4,4,5,4,5,3,4,2,3,4,5,3,4,4,5,4,5,4,5,2,3,2,3,3,4,3,4,3,4,3,4,2,3,3,3,2,3,4,5,3,4,2,3,3,3,3,4,4,5,4,5,4,5,3,4,2,3,3,4,3,4,4,4,4,4,4,4,4,3,3,4,4,3,4,17,1,2,1,1,6,5,5,4,4,4,4,4,4,4,4,4,4,4,2,4,4,3,3,2,3,4,3,4,3,4,4,4,3,3,4,4,3,3,4,4,2,2,2,2,2,2,2,2,2,2,2,3,3,3,2,7,7,7,3,3,7,3,3,7,1,53,6,2,5,1,48,0,0,8300,301108,의사국시 전문의자격증 레지던트 아동 감소,의학
30727,2,5,3,5,2,5,4,5,3,5,3,6,2,5,3,4,4,5,2,3,3,5,3,5,3,5,3,5,2,4,3,4,3,6,4,5,2,5,4,5,3,5,4,6,3,3,3,4,1,0,2,3,2,3,1,0,1,0,1,0,3,4,1,0,1,0,1,0,1,0,1,0,2,1,2,1,2,1,2,2,2,2,2,1,2,2,2,2,3,3,2,3,3,4,3,3,3,4,3,3,3,11,1,5,1,1,2,5,5,4,4,3,3,4,3,3,3,3,4,4,2,4,4,4,4,3,4,3,4,2,3,5,4,4,4,4,4,5,3,3,5,4,2,2,2,2,2,2,1,1,2,2,1,2,2,3,2,4,5,4,5,3,3,4,5,4,1,37,4,1,1,1,44,5800,3500,0,32101,신용분석가 외환전문역2종 여신심사역 스마트폰 활용 온라인 상품 가입 지점 축소 폐점 증가 인공 지능 시스템 업무 디지털화,회계학
30728,4,5,3,5,2,3,3,4,3,4,3,4,2,2,2,3,4,5,3,4,3,4,3,3,4,5,4,5,4,5,4,5,4,5,3,4,2,3,4,6,4,6,2,4,4,6,3,4,3,4,2,4,3,4,3,4,3,4,2,3,2,2,2,2,3,4,3,4,3,4,3,3,2,3,4,5,4,5,4,5,4,5,4,5,2,5,2,5,2,3,4,2,2,2,2,3,2,2,2,2,2,17,1,3,1,2,0,7,5,4,4,3,3,3,3,3,3,2,4,3,4,2,3,4,3,3,4,3,3,3,4,4,3,3,4,4,4,4,4,4,4,4,2,2,2,2,2,2,2,2,2,1,2,2,2,2,2,6,6,7,3,3,4,3,3,6,2,35,4,1,1,1,45,3100,2600,0,306501,물리치료사 자동화 일자리 감소,물리치료학
30729,2,3,2,3,2,3,2,4,2,3,3,5,4,4,3,4,3,3,3,5,3,2,3,4,3,2,3,3,3,3,3,3,3,3,3,4,3,4,3,4,2,4,2,3,2,3,2,2,3,3,3,2,3,3,3,3,3,4,3,3,2,2,3,3,2,3,2,2,2,2,2,2,2,1,2,2,3,4,2,2,4,6,3,4,2,2,2,1,3,4,1,3,3,1,3,4,3,3,3,3,3,1,1,2,1,2,0,4,4,3,3,2,4,4,3,3,3,4,4,3,2,4,4,4,3,2,3,2,2,3,3,5,4,4,3,2,4,4,3,4,4,4,2,2,2,2,2,2,2,2,2,1,4,3,2,3,2,6,6,5,4,4,4,7,4,3,1,31,3,1,3,2,40,3500,2800,0,901501,산림기능사 건물 신축 생활환경 개선 사업 수요 증가 예상,조경학
30730,4,2,3,3,3,4,3,3,3,4,3,3,4,3,4,3,4,3,4,4,3,3,3,3,4,2,3,3,3,3,3,3,3,2,4,3,2,3,4,3,3,2,2,3,4,2,3,2,4,2,4,4,3,3,2,2,3,1,2,2,3,2,3,3,2,2,3,2,3,2,4,3,3,2,3,2,3,2,3,4,4,4,3,3,4,3,5,4,4,4,3,2,4,2,4,4,3,3,2,4,3,15,2,3,2,2,0,5,4,4,4,4,3,4,4,4,5,4,4,5,4,4,4,4,4,3,3,3,4,4,4,4,3,3,3,4,4,3,4,3,4,4,2,2,2,2,2,2,2,2,2,2,3,3,3,3,2,8,8,4,3,5,5,6,3,5,1,40,4,1,1,1,40,3600,2600,0,231501,사회 문제 다양,사회교육
30731,2,3,2,2,1,0,3,4,2,3,1,0,1,0,2,3,2,4,2,3,1,0,2,3,2,4,1,0,2,3,2,3,2,2,2,3,2,3,2,3,2,3,2,3,2,3,3,4,3,3,2,3,2,4,2,3,3,5,3,4,3,4,3,3,2,3,2,3,2,3,2,3,2,3,2,3,2,3,2,3,2,3,2,3,3,4,2,4,4,4,4,3,4,4,4,4,4,3,4,4,4,14,1,2,2,2,0,7,2,4,4,4,4,3,3,3,4,4,3,4,3,4,3,4,4,3,4,4,4,4,2,4,4,4,5,4,4,5,4,4,4,4,2,2,2,2,2,2,2,2,2,2,2,2,2,2,1,7,7,6,7,7,7,7,7,6,1,48,2,2,5,1,40,0,0,3600,561301,경기,문과
30732,5,6,4,5,4,6,5,6,4,6,5,6,3,6,4,5,5,6,2,5,3,5,4,6,3,6,5,6,4,5,2,4,4,4,4,5,5,3,4,5,4,4,5,6,5,5,5,7,4,7,4,6,4,6,1,0,5,6,2,2,4,5,4,5,2,4,5,6,4,6,2,5,3,5,1,0,1,0,1,0,3,4,2,1,2,4,2,4,3,1,1,2,3,4,3,2,2,1,3,1,3,9,1,4,2,2,0,2,4,3,3,3,4,4,4,3,3,3,3,3,3,3,3,3,3,3,3,4,3,4,3,4,3,3,4,4,4,4,4,4,4,4,2,2,2,2,2,2,2,2,2,2,2,2,2,2,2,5,5,4,4,6,6,5,5,5,1,52,4,1,1,1,46,4500,2290,0,28301,컴퓨터 일자리 대체,경제학
30733,2,3,3,3,2,2,2,2,3,5,4,6,1,0,4,6,3,4,3,4,3,3,2,4,3,5,4,6,2,3,3,4,2,3,2,3,1,0,2,3,2,3,3,4,3,4,2,2,2,3,2,3,3,4,4,5,3,5,3,3,3,3,4,6,3,5,3,4,2,2,2,2,3,4,2,2,1,0,2,2,1,0,1,0,1,0,1,0,4,3,3,3,3,3,4,3,3,3,4,4,4,6,1,5,1,2,0,2,5,4,4,3,5,4,4,4,4,3,4,4,2,4,4,4,4,5,4,2,4,2,2,5,4,4,4,5,4,4,5,4,4,4,2,2,2,2,2,2,2,2,2,2,2,2,2,3,1,3,6,4,6,6,5,6,3,6,1,51,4,1,1,1,40,5000,3600,0,140305,건설기계기술사 산림토목기술사 세계 성장 추세,토목학
30734,4,5,3,5,3,5,4,5,3,5,4,5,4,4,4,4,4,5,4,5,3,5,4,5,4,5,3,5,3,5,4,4,4,4,4,5,4,4,3,5,3,5,3,5,3,5,3,5,3,4,3,4,3,5,3,5,3,5,3,5,3,4,3,4,3,4,4,4,4,4,4,5,3,4,3,4,3,5,4,4,3,4,3,4,3,4,3,3,4,3,4,3,3,4,3,3,3,3,3,3,3,17,1,1,1,1,6,6,5,3,3,3,4,4,4,4,3,3,3,3,3,4,3,4,3,3,3,2,3,3,4,4,3,3,3,4,4,4,4,2,3,4,2,2,2,2,2,2,2,2,2,1,4,3,3,3,2,3,3,4,3,3,4,4,4,5,1,51,6,1,1,1,45,19000,10000,0,301107,의사면허증 전공의자격증 레지던트 사람 존재 조울증 분노조절 장애 증가,의예(정신건강의학)
30735,5,7,4,5,5,6,4,5,5,6,5,7,3,4,3,4,3,4,3,3,5,5,2,2,1,0,2,2,2,2,1,0,1,0,2,2,1,0,4,4,5,6,4,5,2,3,4,6,1,0,2,3,4,5,1,0,1,0,1,0,3,4,2,2,4,5,1,0,1,0,1,0,3,4,1,0,1,0,1,0,1,0,1,0,3,3,3,3,5,4,4,4,4,5,4,4,3,3,3,2,3,11,1,4,2,2,0,6,5,4,4,4,4,5,4,4,3,3,4,4,2,4,3,2,4,5,4,4,4,4,4,4,3,4,4,4,4,4,4,3,4,4,2,2,2,2,2,2,2,2,2,1,3,3,3,3,1,7,6,3,5,4,3,3,4,5,1,43,4,1,1,1,40,8000,3500,0,31302,상품 개발 수요 계속,통계학
30736,4,6,4,6,4,5,4,6,4,6,4,5,4,5,5,5,4,5,4,5,5,5,4,6,4,4,4,6,4,5,4,5,4,6,4,5,4,5,4,5,4,5,4,5,4,5,3,4,4,4,4,5,4,5,4,5,4,5,4,5,4,4,4,5,4,4,4,5,4,5,3,5,4,6,4,5,4,5,4,6,4,5,4,5,4,4,4,5,4,3,5,4,4,4,3,4,3,4,4,3,4,19,1,2,2,2,0,4,5,4,4,3,4,4,4,4,5,3,4,4,4,4,3,4,4,3,4,4,3,4,4,4,4,3,4,4,5,4,4,4,5,4,2,2,2,2,2,2,2,2,2,1,4,2,2,2,1,7,6,8,7,5,7,7,4,5,2,40,4,1,1,1,40,4600,2600,0,411202,글로벌 시대 국제 회의 증가,중국어
30737,2,3,2,2,2,2,2,3,2,3,2,2,2,3,2,3,2,2,2,2,2,2,2,2,2,3,2,2,2,3,2,2,2,2,3,5,2,1,3,4,3,4,2,3,2,2,2,2,2,3,1,0,2,3,2,3,2,2,2,3,2,1,3,3,2,2,2,2,3,3,2,2,1,0,3,4,2,4,2,3,3,5,2,3,2,2,2,1,3,4,4,3,3,2,3,3,2,3,2,3,4,7,4,1,2,2,0,2,2,3,2,2,4,3,3,3,9,9,9,3,2,3,3,4,3,3,4,4,3,4,2,5,3,3,2,2,3,4,2,3,4,5,2,2,2,2,2,2,2,2,2,1,3,2,2,3,2,8,7,5,3,4,3,6,4,3,1,53,3,2,6,1,40,0,0,3400,812902,변화,국어국문학
30738,5,4,3,3,3,3,3,3,2,4,3,5,3,3,3,2,5,3,3,4,1,0,3,4,2,2,2,3,3,3,2,2,3,2,3,3,3,2,2,3,2,3,3,2,4,2,2,2,2,2,3,4,2,3,1,0,3,2,2,2,1,0,1,0,1,0,1,0,2,2,1,0,2,2,1,0,3,4,3,6,3,6,5,4,3,5,2,3,3,3,3,2,3,1,3,3,1,3,3,3,3,15,2,3,1,1,4,1,2,5,1,1,4,3,3,2,2,3,3,2,4,3,3,4,2,2,4,4,3,4,3,5,1,3,1,1,4,5,3,3,5,2,2,1,1,2,2,1,2,2,1,3,2,1,1,2,2,3,3,4,1,2,2,3,3,3,1,27,2,1,1,1,40,2900,2300,0,624201,원동기 면허 운전면허 기억력 눈썰미 체력 업무 휴대전화기 옛날 정말 개선 업무 도착 통지서 개발 정말 실질 활동 업무 고려 컴퓨터 전산 업무 강도 측정 시스템 현장 사람 생각,실업계
30739,3,4,4,4,3,4,3,5,3,3,4,5,4,4,4,5,4,4,4,5,3,5,4,4,5,6,4,5,4,5,4,5,3,5,3,4,3,4,4,5,4,5,5,6,4,5,3,4,4,5,4,5,4,4,4,5,3,4,2,2,3,3,3,3,3,4,3,4,4,5,4,5,3,4,4,5,3,4,4,5,4,5,4,5,3,4,3,4,4,4,4,2,2,2,3,3,2,2,4,3,4,17,3,2,1,2,0,2,4,4,4,5,4,4,4,4,4,5,4,4,4,5,4,4,5,5,4,4,4,4,4,4,5,5,4,4,4,5,5,4,4,4,2,2,2,2,2,2,2,2,2,2,4,1,3,1,1,5,9,9,6,8,8,5,5,7,2,50,3,1,1,1,40,3500,2500,0,13501,사회복지사2급 복지 수요 증가,사회복지
30740,3,4,4,5,1,0,4,5,3,4,4,6,4,6,5,7,5,6,3,5,5,7,3,4,3,5,3,5,3,5,3,4,4,6,5,6,4,5,5,6,5,6,5,6,4,6,5,7,5,6,4,5,5,7,4,5,5,6,4,5,3,4,4,5,3,4,5,6,5,6,3,4,2,2,3,5,4,6,4,5,5,7,4,6,3,5,2,3,5,4,2,4,2,1,4,3,1,3,3,1,1,6,1,2,2,2,0,5,2,4,3,3,3,3,2,4,4,3,3,3,4,3,3,4,4,3,4,3,3,3,2,3,4,5,4,5,4,4,5,4,4,3,2,2,2,2,2,2,2,2,2,1,3,3,3,3,2,8,7,8,6,7,7,7,6,7,1,48,2,1,1,1,40,3900,1800,0,702301,재건축,인문계
30741,5,6,5,7,5,6,3,4,3,4,4,5,4,5,4,5,4,5,4,5,4,5,4,6,4,5,4,5,3,4,3,4,3,4,2,3,3,4,2,3,2,3,4,5,4,5,2,3,2,3,3,4,1,0,1,0,1,0,1,0,3,4,2,3,1,0,1,0,1,0,1,0,1,0,1,0,1,0,1,0,1,0,1,0,4,5,3,4,4,4,5,3,4,4,3,4,3,4,4,4,4,13,1,2,2,2,0,5,5,4,4,4,5,5,3,3,3,3,4,3,2,4,4,2,2,3,3,4,4,5,2,5,5,4,4,5,5,5,4,4,5,4,2,2,2,2,2,2,2,2,2,2,3,2,2,2,1,8,8,5,5,2,2,2,2,3,1,27,4,1,1,1,40,2500,2400,0,412003,기사 한계 기자 직업,사학
30742,2,4,2,3,3,3,3,5,3,5,2,3,4,4,4,4,4,4,2,5,4,4,3,4,2,3,3,3,2,3,3,4,4,4,3,3,2,4,2,5,3,3,4,4,3,4,3,4,3,3,3,3,3,3,2,3,3,4,2,3,3,5,3,4,2,4,2,4,2,3,3,4,3,4,2,4,3,3,4,5,3,3,2,3,2,3,2,3,4,3,3,4,3,3,3,4,3,3,2,3,3,17,1,2,1,2,0,3,2,3,4,3,3,2,2,4,3,4,4,4,2,4,3,4,5,3,4,3,4,3,3,4,3,3,4,5,3,4,3,3,3,3,2,2,2,2,2,2,2,2,2,3,3,3,3,3,2,7,6,5,6,7,7,7,6,6,2,45,2,1,3,2,35,1520,1520,0,306904,음악치료사 노인,인문계
30743,2,2,2,3,1,0,2,2,2,2,1,0,1,0,1,0,2,2,2,2,1,0,2,2,2,2,2,3,1,0,2,2,1,0,1,0,2,2,2,2,1,0,2,2,2,2,1,0,2,3,1,0,2,2,2,2,2,3,2,2,2,2,2,2,2,2,2,2,2,2,2,2,2,2,3,4,3,3,3,3,3,4,3,3,4,4,3,3,3,2,2,2,2,2,2,2,1,1,1,1,1,3,1,3,2,2,0,1,1,1,2,2,2,2,2,2,1,2,3,2,4,2,2,4,4,3,4,4,4,4,2,4,4,3,4,4,4,4,5,4,4,5,2,2,2,2,2,2,2,2,2,3,2,2,2,2,2,7,6,5,8,8,7,7,3,5,1,34,2,1,3,2,45,2900,2200,0,852401,경기,문과
30744,3,3,3,3,2,3,1,0,2,3,3,3,3,3,3,3,4,4,3,4,2,3,4,4,2,3,3,3,1,0,1,0,2,3,1,0,3,5,4,5,4,4,2,3,1,0,1,0,3,3,1,0,4,4,4,4,4,4,5,6,4,3,3,4,4,4,4,4,4,5,3,3,4,5,4,4,4,4,2,3,3,3,1,0,4,4,3,3,4,3,3,4,3,2,3,3,4,4,4,4,3,3,1,3,1,2,0,5,5,4,3,3,4,4,3,4,3,4,4,4,1,3,4,4,3,2,4,4,4,5,2,4,3,3,3,4,5,4,4,3,4,4,2,1,2,2,2,2,2,2,2,2,1,3,3,3,2,3,5,3,2,7,8,3,7,5,1,36,4,1,1,1,40,3900,3500,0,153102,산업계측제어기술사 전자응용기술사 기계 도입 시스템 개발,전자공학
30745,4,5,4,5,3,5,3,4,3,4,4,5,1,0,2,3,2,3,3,3,2,3,3,4,4,4,3,3,5,5,3,4,3,5,1,0,3,4,4,5,3,4,3,4,4,4,3,4,3,4,4,3,2,4,3,4,4,3,3,3,3,5,3,4,3,3,3,5,3,3,3,4,3,4,3,4,5,5,4,4,3,4,3,5,3,2,2,4,4,3,1,4,3,3,4,2,3,2,4,4,4,17,3,5,1,1,6,6,5,4,4,4,4,4,4,4,5,4,4,4,4,5,4,4,5,4,4,4,4,3,4,4,4,5,4,3,4,4,4,5,4,2,2,2,2,2,2,2,2,2,2,2,3,3,3,3,2,5,6,2,8,2,1,4,5,6,1,35,4,1,1,1,40,8900,8500,0,301110,의사면허 마취통증의 레지던트 인턴과정 의료 기술 우수,의학
30746,3,5,4,5,3,5,4,4,3,4,4,5,4,5,4,5,3,4,3,5,4,5,4,6,4,5,4,6,4,6,4,6,4,6,4,5,3,5,4,5,4,6,3,5,4,4,3,4,3,4,4,6,4,4,3,5,3,5,3,4,4,4,3,4,4,5,2,2,3,4,3,4,3,4,2,5,3,6,2,2,2,2,2,3,3,3,3,4,4,4,4,3,4,4,4,4,3,4,4,5,4,19,4,1,1,1,1,6,2,4,3,3,5,5,2,3,3,3,3,4,1,5,4,3,3,2,2,2,4,3,4,5,3,3,3,1,2,4,3,3,4,4,2,2,1,2,1,1,2,2,1,2,1,3,3,3,1,7,2,3,3,3,3,3,3,3,1,60,4,2,5,1,60,0,0,5000,611001,공인중개사 부동산세법 최신 컴퓨터 교체 정부 정책 시대 변화,법학
30747,3,3,2,3,1,0,1,0,2,2,1,0,2,2,2,3,3,3,2,2,1,0,2,2,2,2,2,2,3,4,2,2,1,0,1,0,2,2,3,3,2,2,1,0,2,2,1,0,3,3,1,0,3,4,2,2,5,3,3,4,1,0,4,3,4,2,3,3,2,2,3,4,1,0,5,3,2,2,4,4,4,5,3,4,2,2,2,2,3,3,2,3,2,1,2,4,3,4,3,4,2,3,1,3,2,2,0,4,2,2,2,2,2,3,1,2,1,2,3,2,3,3,3,4,3,4,3,4,2,3,4,4,4,5,4,4,3,4,5,4,4,3,2,2,2,2,2,2,2,2,2,2,2,2,2,2,2,7,6,8,3,8,7,9,7,1,1,50,2,1,1,1,50,3800,2500,0,825101,일자리 환경 인력,상고
30748,5,6,5,5,4,4,3,3,3,4,5,5,3,4,4,5,4,5,2,2,3,3,4,4,5,4,4,3,4,4,4,3,4,4,4,3,3,3,5,5,5,4,5,4,4,5,5,5,3,4,5,5,5,4,5,5,4,3,3,3,4,5,5,4,5,4,3,3,2,2,3,3,4,5,3,4,3,3,2,2,1,0,2,2,1,0,2,3,4,4,2,2,4,2,2,4,2,4,3,3,2,13,1,2,2,1,3,3,6,4,3,3,4,4,2,2,3,3,4,3,2,3,3,3,2,3,2,3,3,3,3,4,3,4,3,5,4,5,3,5,4,4,2,2,2,2,2,2,2,2,2,2,3,2,2,2,1,7,3,7,6,4,7,7,4,4,2,34,5,1,1,1,40,5400,4400,0,22103,ISO 심사위원 종사 전문 관리 요청 회사,경영학
30749,3,4,4,5,2,3,5,6,1,0,3,5,5,7,4,6,3,4,4,6,3,4,4,6,5,7,2,2,2,2,1,0,1,0,1,0,5,7,4,5,2,2,2,2,3,4,2,2,1,0,1,0,2,2,1,0,2,2,1,0,4,6,1,0,2,1,1,0,1,0,1,0,1,0,4,6,2,3,3,4,1,0,1,0,4,6,5,7,5,1,5,1,3,5,2,5,4,3,3,1,5,16,5,5,2,2,0,6,1,4,5,2,4,4,4,1,2,5,5,3,1,4,4,4,4,4,3,4,4,4,3,4,5,5,4,4,5,5,5,4,5,5,2,2,2,2,2,2,2,2,2,1,3,2,2,2,1,1,1,2,3,2,2,2,3,4,1,44,6,1,3,2,40,3000,1500,0,414502,개인 창작 활동 유동성,작곡
30750,4,4,4,5,3,5,4,5,4,5,4,5,4,5,4,5,4,5,4,5,3,4,2,4,3,4,3,4,3,4,3,4,2,4,2,4,3,4,2,3,2,4,2,4,3,4,2,3,2,3,2,3,2,3,3,4,3,3,3,4,3,3,3,4,3,4,3,4,3,4,3,4,3,4,3,4,3,4,4,5,3,5,4,5,3,5,3,4,4,3,4,3,4,4,4,4,4,3,4,4,4,17,1,2,1,1,5,6,6,4,4,3,4,4,3,4,4,4,4,4,2,3,3,4,3,3,4,3,3,3,4,4,3,3,3,4,4,3,3,4,4,3,2,2,2,2,2,2,2,2,2,2,2,2,2,3,1,8,7,7,8,7,8,7,7,7,1,38,5,1,1,1,42,8800,6000,0,301201,의사 면허증 직무교육 기계 도입,의학
30751,4,5,4,5,4,5,4,5,3,5,3,5,3,5,2,3,4,6,2,5,1,0,3,6,2,4,3,5,4,6,3,5,4,6,2,3,4,6,3,4,3,5,3,5,3,5,2,3,2,3,3,5,2,4,2,2,2,3,2,1,3,3,3,3,2,2,2,2,2,3,2,3,2,3,2,2,2,2,2,4,3,2,2,5,4,5,3,3,5,4,5,4,4,4,5,2,4,5,4,4,4,17,4,1,1,1,2,6,5,5,4,3,5,5,3,4,9,9,9,4,2,4,3,3,3,4,4,2,3,3,2,4,3,4,3,3,4,4,4,3,4,2,2,2,2,2,2,2,2,2,2,1,2,2,2,2,2,2,2,2,2,2,2,2,3,3,2,60,5,2,6,1,40,0,0,10000,301101,의사 지속적인 교육 의사 증가,연대 신학 대학원 상담심리학
30752,3,2,4,1,2,2,2,1,3,2,2,3,1,0,4,2,3,3,4,3,1,0,4,4,4,1,4,2,3,1,2,2,1,0,1,0,4,3,2,4,3,4,4,3,4,2,2,3,3,2,5,1,4,2,4,1,4,1,3,3,5,1,4,4,4,2,4,2,2,1,5,3,5,3,5,2,4,1,4,2,5,2,2,1,1,0,2,1,2,1,1,4,3,4,3,2,2,3,1,4,3,3,1,2,2,2,0,1,2,1,1,2,3,4,4,3,5,4,4,3,3,2,2,4,3,4,2,2,3,4,4,4,3,3,5,2,4,4,3,4,4,5,2,2,2,2,2,2,2,2,2,1,3,3,2,2,2,6,7,7,4,5,3,4,5,3,1,40,2,1,1,1,40,2300,2300,0,873501,기호식품 취향 달라,실업
30753,3,5,3,4,2,4,2,4,3,4,3,5,1,0,4,5,3,5,3,5,2,4,2,5,5,6,1,0,2,4,3,5,1,0,1,0,3,5,2,4,4,5,1,0,3,4,1,0,1,0,1,0,1,0,1,0,3,4,3,4,1,0,3,4,3,4,3,5,4,5,4,6,3,4,3,5,3,5,3,4,3,4,2,4,4,5,2,4,4,4,2,4,4,2,4,3,3,4,3,4,2,6,1,2,1,2,0,4,2,4,3,3,4,4,2,4,3,4,4,4,2,4,4,4,4,3,3,4,4,3,3,5,4,4,4,4,5,4,4,5,5,4,2,2,2,2,2,2,2,2,2,1,3,3,3,3,2,6,7,6,4,5,6,7,4,5,1,47,2,1,1,1,40,3400,2400,0,811201,승강기기사 경우 교체 거나 설치 때문,기계
30754,2,5,4,5,3,5,5,6,3,4,3,5,2,4,4,4,3,4,3,4,4,4,2,4,4,5,5,5,3,5,3,5,4,4,3,5,3,5,3,5,3,5,4,5,3,5,2,3,1,0,1,0,2,4,2,5,3,4,2,3,2,3,1,0,5,4,3,3,2,3,3,3,1,0,1,0,1,0,3,4,2,4,3,3,3,4,3,4,4,3,3,3,3,4,5,3,2,2,2,4,4,13,2,2,1,1,2,6,5,3,3,3,3,3,2,2,2,3,3,2,3,3,2,2,3,1,4,3,2,4,4,4,2,3,3,4,3,5,4,2,5,4,2,1,1,2,2,2,2,2,2,1,3,3,3,3,2,7,5,3,3,2,4,4,3,5,2,31,4,1,1,1,50,4000,3500,0,621402,해기면허 정규교육에 포함된 영어교육외의 추가 영여교육이 필요하다고 생각됨 관제 운영 시스템 추가 도입 선박 운항 자율 운항 시도 기계 오류 발생 가능성 때문 관제 업무 기계 대체 생각,해사수송학
30755,4,5,5,5,5,6,4,6,4,5,4,5,3,5,4,5,5,5,4,5,5,5,5,5,4,5,4,6,3,5,4,6,4,6,4,5,4,5,4,5,4,5,4,5,3,4,4,5,4,4,5,6,4,5,4,5,3,5,3,4,4,6,4,5,3,4,4,5,3,4,3,5,4,6,3,4,4,5,3,4,3,4,1,0,3,4,3,4,3,4,4,3,4,4,4,2,4,4,3,4,4,13,1,2,1,1,4,5,4,4,3,3,4,4,4,4,4,3,3,3,2,4,4,5,4,3,4,1,2,2,4,4,4,4,3,3,4,4,4,4,4,4,2,1,2,2,1,1,2,2,2,3,1,1,3,3,2,3,7,3,5,3,8,3,3,3,2,52,3,1,1,1,35,3200,2500,0,29501,전산회계 전산세무 세법교육 컴퓨터 프로그램 사용 교육 프로그램 개발 회사 추가 프로그램 업무 난이도 분석 보험 노무 관련 업무 자동화 시스템 발달 스캔 업무 처리,세무회계
30756,4,4,4,4,3,3,3,3,3,3,3,4,3,3,2,3,3,4,4,5,3,4,4,5,3,4,3,3,3,5,3,3,3,3,2,3,3,3,3,4,2,3,4,4,3,3,3,4,4,4,3,4,4,6,4,5,4,5,4,4,3,4,4,5,4,5,4,5,3,4,4,5,5,6,4,5,4,5,4,5,3,4,4,5,4,6,4,4,3,3,3,4,4,3,4,3,3,3,4,3,3,3,1,2,2,2,0,1,3,4,3,3,4,4,3,4,3,4,4,4,3,4,4,4,4,3,4,4,4,4,3,3,3,4,3,3,4,4,4,3,4,3,2,2,2,2,2,2,2,2,2,2,2,2,2,3,1,8,9,7,5,5,5,8,5,5,1,28,2,1,1,1,40,2700,2000,0,835201,자동화 때문,특성화고
30757,2,2,3,3,1,0,2,2,3,3,1,0,3,3,3,4,3,4,4,4,3,3,3,3,3,4,3,3,1,0,2,3,2,2,2,2,1,0,2,3,3,4,3,3,3,4,1,0,1,0,1,0,3,4,2,2,4,5,3,4,1,0,3,3,4,5,3,4,4,5,4,5,3,3,4,5,3,4,3,4,2,2,2,2,2,2,2,3,3,4,2,3,4,2,3,2,3,3,3,3,3,2,1,2,1,2,0,1,2,3,4,3,4,4,3,3,3,2,4,4,3,2,4,4,4,3,4,2,3,2,2,5,4,4,4,3,4,4,3,3,4,4,2,2,2,2,2,2,2,2,2,2,2,2,2,2,2,6,5,5,4,3,4,3,4,4,1,49,2,1,1,1,40,4500,3000,0,705101,광산보안기능사 화약류관리기사 신업 구조 변화 영향,인문계
30758,5,7,4,6,3,5,5,7,3,4,4,5,2,3,4,6,4,6,1,0,2,3,4,6,4,5,4,5,5,6,4,5,4,6,4,5,4,5,5,7,3,5,4,5,4,5,4,6,4,6,5,6,4,5,1,0,1,0,1,0,5,6,5,6,4,6,4,6,2,3,1,0,2,4,1,0,1,0,1,0,1,0,1,0,4,6,4,5,2,5,3,4,5,3,4,4,4,5,5,4,4,17,1,2,1,2,0,6,5,5,4,4,5,5,4,4,4,4,5,4,2,4,3,4,5,4,3,2,3,3,4,4,4,5,4,4,4,4,5,3,3,4,2,2,2,2,2,2,2,2,2,1,3,1,1,3,2,8,7,7,2,3,7,2,3,7,2,58,4,2,5,1,42,0,0,13000,13401,한의사자격증 산업보건지도사 의술,한의학
30759,5,6,5,6,2,4,5,6,3,4,5,6,3,4,2,3,5,4,5,6,4,6,2,5,5,7,5,4,3,5,5,7,3,5,5,6,3,5,2,3,5,6,5,6,4,4,1,0,1,0,5,5,4,4,2,5,1,0,1,0,2,4,3,4,5,6,1,0,1,0,2,3,3,4,1,0,1,0,5,5,1,0,1,0,5,5,5,4,1,4,1,1,5,4,3,5,1,2,3,5,2,15,2,2,1,1,4,5,4,4,4,4,2,4,2,1,1,4,4,3,3,3,3,4,4,3,4,2,3,5,3,4,2,2,2,2,2,4,3,2,4,4,1,1,1,1,1,1,2,2,2,3,3,3,2,3,2,7,5,4,3,3,6,5,5,5,1,50,5,1,1,1,50,7500,3500,0,621401,한국교통관제사 국지관제업무 수행능력 휴먼 에러 방지 관제 업무 보조 자동화 장치 도입 인공 지능 시스템 도입,항공교통
30760,1,0,2,1,2,2,3,2,2,3,1,0,2,1,2,2,3,2,1,0,2,1,2,3,2,1,3,2,2,3,3,2,2,3,2,1,3,2,2,3,2,3,2,1,2,3,2,3,2,1,3,2,3,2,1,0,2,1,2,1,2,1,2,3,2,1,2,3,2,3,2,3,2,1,2,1,2,1,2,1,3,2,2,1,2,1,1,0,4,4,3,3,2,3,4,2,4,3,2,3,4,3,1,2,2,2,0,3,1,4,3,2,4,4,3,3,9,9,9,4,3,2,3,4,5,4,4,3,4,5,4,4,3,2,3,4,3,4,5,3,4,2,2,2,2,2,2,2,2,2,2,2,2,3,2,2,2,7,6,7,3,4,5,6,4,3,1,52,2,2,5,1,40,0,0,3500,863401,모피 인구 관련 업종 업무,전기
30761,5,7,5,6,4,5,5,7,1,0,3,4,3,4,4,5,5,5,4,4,4,5,2,3,3,4,4,4,5,5,4,5,4,4,3,4,4,5,4,5,4,4,3,4,5,5,2,3,1,0,2,3,2,3,1,0,2,3,1,0,2,2,3,4,2,3,1,0,1,0,2,2,3,4,1,0,2,2,1,0,1,0,2,3,4,4,5,5,4,3,1,4,4,4,4,5,4,4,5,4,4,10,2,4,2,2,0,6,5,4,4,4,4,5,5,4,3,4,4,4,2,4,4,5,4,3,5,4,3,3,4,4,5,4,4,2,3,4,3,3,4,4,2,2,2,2,2,2,2,2,2,1,3,3,3,3,2,3,2,7,6,7,9,4,6,6,2,46,4,1,1,1,38,6800,3400,0,416301,엔터테이너 시대 아나운서 고유 역시 갈수록 허물,사회복지학
30762,2,2,3,4,1,0,3,3,2,1,1,0,1,0,2,2,3,2,1,0,1,0,2,3,4,4,3,5,2,2,3,4,2,2,3,4,1,0,2,1,4,5,3,3,2,2,1,0,3,5,1,0,3,4,3,5,3,4,4,5,1,0,4,5,3,4,4,4,3,3,3,5,4,5,2,3,3,4,3,3,4,5,4,5,2,2,2,1,3,1,2,4,3,1,4,4,1,4,2,1,3,6,1,2,2,2,0,7,2,3,3,2,3,3,2,3,9,2,3,3,3,2,2,4,3,2,2,3,2,4,4,3,3,2,3,3,2,3,2,3,3,3,2,2,2,2,2,2,2,2,2,1,4,2,2,3,2,8,8,6,3,3,4,5,3,2,1,30,3,1,1,1,54,3200,3200,0,702301,인력 대한 우대,전기
30763,2,3,2,2,3,3,1,0,2,2,1,0,1,0,3,4,3,3,4,6,1,0,1,0,3,3,1,0,1,0,1,0,1,0,1,0,3,3,2,2,2,3,2,3,2,2,1,0,1,0,1,0,1,0,1,0,3,3,3,4,1,0,1,0,2,3,5,6,5,6,4,5,1,0,5,4,2,4,3,3,3,3,3,3,2,3,3,4,5,4,3,3,3,1,2,1,1,1,2,4,4,3,1,5,1,2,0,1,1,3,2,2,4,3,2,2,2,3,4,3,4,2,2,4,4,3,4,2,2,2,4,4,2,3,1,1,3,4,2,1,5,4,2,2,2,2,2,2,2,2,2,2,1,3,2,3,2,7,7,6,3,2,2,7,2,3,1,38,3,1,1,1,44,4000,2200,0,817301,기계기사 경기 전반,화학
30764,1,0,1,0,1,0,1,0,1,0,1,0,2,3,1,0,2,3,1,0,1,0,2,3,2,3,1,0,1,0,1,0,1,0,1,0,1,0,1,0,1,0,2,3,1,0,1,0,1,0,1,0,2,3,1,0,1,0,1,0,1,0,1,0,3,4,1,0,1,0,1,0,1,0,4,5,3,4,2,3,3,4,2,3,4,4,1,0,3,2,2,3,4,2,3,3,4,3,2,3,3,3,1,2,1,2,0,7,2,3,3,3,4,4,3,3,3,4,4,4,3,3,4,3,3,4,3,3,3,4,4,3,3,4,4,4,3,3,3,4,4,4,2,2,2,2,2,2,2,2,2,2,2,2,2,3,1,6,6,4,5,7,6,6,4,4,2,32,4,1,1,1,40,2411,2200,0,863101,한복기능사 행사 소비 줄어듬,디자인학
30765,5,7,4,5,5,7,4,5,1,0,2,2,5,7,3,4,4,5,3,4,5,7,3,4,3,3,1,0,2,2,1,0,2,2,1,0,1,0,1,0,2,2,1,0,1,0,1,0,1,0,2,2,1,0,1,0,1,0,1,0,3,5,1,0,1,0,1,0,1,0,1,0,2,2,1,0,1,0,1,0,4,5,3,4,2,3,1,0,4,4,4,2,3,2,3,4,3,3,3,3,4,18,4,1,2,1,3,7,1,4,3,3,3,4,3,2,9,9,9,2,2,4,4,4,4,4,5,4,3,4,2,4,4,3,3,2,4,4,4,4,4,3,2,1,1,2,2,2,2,2,2,3,2,2,2,2,2,4,3,1,4,3,4,3,8,9,1,49,3,1,4,2,30,1500,800,0,411103,기초시나리오 작법 시나리오 작업 과정 서나 의뢰 기관 작품 파일 업무 효율 상승 향후 정도 시나리오 분야 가담,경영학
30766,3,4,3,5,2,3,3,4,2,2,3,4,2,3,3,4,4,2,4,4,3,4,4,5,2,3,2,3,2,3,3,4,1,0,1,0,2,3,3,4,3,4,2,3,3,3,2,3,2,3,1,0,4,5,4,5,4,6,4,5,1,0,4,5,4,5,4,6,4,6,5,6,4,5,4,6,4,5,4,4,3,4,4,5,5,4,3,5,3,3,2,3,4,1,3,2,3,3,4,3,4,3,1,2,2,2,0,5,3,3,2,2,3,3,3,2,2,2,3,2,4,2,1,3,2,3,2,4,2,4,3,4,3,2,2,2,3,5,2,3,5,4,2,2,2,2,2,2,2,2,2,2,2,2,2,2,1,8,5,7,4,8,9,6,7,9,1,57,2,1,1,1,40,4500,2800,0,812201,인건비 상승 공장 중국,기계
30767,4,5,3,5,3,5,4,6,4,5,4,6,4,4,4,4,4,4,4,5,3,5,4,5,4,4,4,5,4,6,4,5,4,6,4,6,4,5,4,5,4,5,3,5,4,5,4,5,4,5,4,5,4,5,4,5,4,5,4,6,4,5,4,5,4,5,4,5,3,5,4,5,4,5,4,5,4,4,4,5,4,4,4,5,4,4,4,4,4,3,4,3,4,4,3,4,3,4,3,4,4,17,1,2,1,2,0,2,2,4,3,4,4,3,4,4,3,4,3,4,4,3,4,3,4,3,4,3,4,3,3,3,4,3,4,3,4,3,4,4,4,4,2,2,2,2,2,2,2,2,2,1,4,2,2,3,2,8,6,7,6,7,6,7,4,6,2,66,2,1,3,2,15,600,600,0,550101,요양보호사 고령화 사회 수요 증가,인문계
30768,5,5,5,5,2,3,4,3,2,4,3,5,2,3,4,5,3,5,3,4,3,4,3,4,3,4,4,4,4,3,5,6,4,4,3,3,3,5,3,4,3,5,4,5,4,4,3,5,3,4,3,5,3,5,2,4,3,5,4,5,3,5,1,0,4,4,3,3,4,2,2,3,3,3,1,0,1,0,3,3,4,4,3,4,2,3,2,2,3,5,2,1,1,2,5,1,2,1,1,4,1,15,2,2,2,2,0,7,2,1,1,1,1,1,1,1,2,4,4,3,5,2,1,3,2,1,5,4,5,3,2,5,1,3,2,2,4,3,1,4,3,4,2,1,1,2,1,2,2,1,2,5,1,1,1,3,2,9,9,9,5,8,9,5,5,5,2,28,4,1,1,1,45,3000,2400,0,25401,기계 도입 기계 상용,사회학
30769,4,5,4,4,1,0,3,4,2,3,2,3,3,3,3,3,5,7,3,4,2,3,3,4,3,4,1,0,1,0,1,0,1,0,1,0,3,3,3,2,3,2,1,0,1,0,1,0,3,3,3,3,3,2,3,3,3,3,5,7,2,2,3,3,5,7,3,3,3,3,5,7,3,4,5,7,4,6,4,6,4,5,4,6,5,6,4,6,4,3,3,3,4,3,3,4,2,3,4,4,3,15,2,2,1,1,3,6,5,4,3,3,2,3,3,3,3,4,4,4,3,3,3,3,5,4,4,3,4,4,3,4,4,3,3,3,5,4,4,3,4,3,2,2,2,2,2,1,2,2,2,1,4,2,2,2,2,7,5,7,1,2,7,8,2,1,1,59,3,1,1,1,40,5800,2500,0,812102,항공정비사 장비 검사관 교육 정비능력 반복 교육 기술 장비 도입 정비 교육 훈련 헬기 배급 증가,기계
30770,3,4,3,4,1,0,1,0,1,0,1,0,5,6,1,0,4,5,4,5,1,0,5,6,3,4,5,6,1,0,3,4,1,0,1,0,4,5,1,0,3,4,1,0,5,7,1,0,1,0,1,0,1,0,1,0,3,4,1,0,1,0,1,0,3,5,3,4,4,5,1,0,1,0,5,5,4,5,1,0,3,4,2,3,3,4,5,6,4,3,4,1,3,3,4,4,4,3,3,3,4,18,2,5,2,2,0,7,6,3,1,1,3,3,4,1,3,4,4,3,1,4,4,4,4,5,4,3,5,4,1,5,4,3,3,3,4,5,4,3,5,5,2,2,2,2,2,2,2,2,2,1,1,2,2,2,1,1,3,4,6,7,6,6,8,7,1,42,5,1,1,1,30,3200,1200,0,414503,연주자 대우 소득 외주 미만 상황 더욱 심화,국악
30771,3,4,4,5,3,4,3,3,2,2,2,3,3,4,2,3,3,3,2,3,4,3,5,6,2,3,4,6,5,5,5,5,2,3,2,3,5,5,2,3,3,3,3,4,3,3,2,3,2,2,1,0,1,0,1,0,1,0,1,0,2,2,1,0,2,2,1,0,1,0,1,0,1,0,5,5,4,5,1,0,4,4,4,5,2,2,3,3,4,4,3,4,3,3,4,3,3,4,3,3,4,16,5,2,1,2,0,3,4,4,4,4,4,3,4,4,4,3,4,4,2,3,4,4,3,4,4,4,3,3,4,4,4,3,4,4,3,4,4,3,4,4,2,2,2,2,2,2,2,2,2,1,2,2,3,3,2,7,8,6,2,7,6,7,8,6,2,37,4,1,1,1,40,3000,2200,0,213001,유치원 정교사 자격증 출산 인구 감소 유치원 수가 감소,유아교육학
30772,3,4,2,3,2,3,2,3,2,4,1,0,1,0,1,0,3,3,1,0,1,0,1,0,1,0,3,4,1,0,1,0,1,0,1,0,1,0,4,5,3,3,1,0,1,0,1,0,3,5,1,0,1,0,1,0,1,0,1,0,2,4,1,0,1,0,1,0,1,0,1,0,1,0,1,0,1,0,1,0,1,0,1,0,1,0,1,0,4,3,3,2,3,2,3,4,3,2,3,3,4,11,3,2,1,2,0,2,4,4,3,3,4,4,4,4,4,4,4,4,2,4,4,4,3,4,3,3,4,3,3,4,4,4,3,3,3,4,4,4,4,3,2,2,2,2,2,2,2,2,2,1,3,1,1,3,1,4,5,4,6,5,4,4,3,4,1,44,4,1,1,1,40,5500,3000,0,612501,유통관리사1급 경매사 기계로 대체,경영학
30773,2,2,4,2,1,0,2,2,1,0,1,0,1,0,1,0,1,0,2,4,2,2,1,0,2,3,1,0,1,0,2,2,1,0,1,0,1,0,3,3,3,4,2,2,2,2,2,2,2,2,1,0,4,5,1,0,3,2,5,5,1,0,1,0,2,2,1,0,4,4,1,0,2,3,1,0,1,0,1,0,4,4,1,0,1,0,1,0,3,3,4,3,2,3,4,3,2,1,3,2,3,19,4,2,1,1,1,2,2,3,2,3,4,4,4,4,9,9,9,4,2,4,4,3,2,2,3,4,5,5,3,4,2,2,1,3,3,4,5,4,3,3,2,2,2,2,2,2,2,2,2,2,3,2,3,3,2,9,9,6,4,7,5,5,4,5,1,49,2,2,6,1,45,0,0,4500,702201,방수기능사 방수공 간편 제품 출시 일반인 가능,문과
30774,3,4,2,2,3,3,2,2,3,4,2,3,3,3,2,3,3,4,3,4,4,5,3,4,3,4,2,2,3,4,3,4,2,2,2,3,3,3,2,2,2,2,3,3,3,3,2,2,2,2,3,3,3,3,3,4,2,3,3,3,3,3,2,2,4,4,3,3,3,4,2,2,4,5,3,4,2,3,4,5,3,4,4,5,3,4,2,2,4,4,3,4,3,3,3,2,2,2,2,2,3,14,1,2,2,2,0,1,2,3,3,3,4,3,4,3,3,3,4,3,4,3,3,3,4,4,3,4,3,3,3,4,4,3,4,4,3,3,4,4,3,3,2,2,2,2,2,2,2,2,2,2,4,1,1,1,1,5,6,4,7,6,6,4,7,6,1,40,2,1,1,1,40,3100,1800,0,561301,코로나 바이러스 예방 방역,인문계
30775,3,5,3,5,3,5,2,4,3,4,3,5,2,4,3,4,3,3,3,3,4,6,2,3,3,5,3,3,4,4,2,1,1,0,1,0,3,4,1,0,1,0,3,3,3,3,3,3,3,3,2,3,2,4,2,4,3,4,3,3,2,3,3,4,3,3,2,4,2,4,3,4,3,4,4,5,3,4,2,2,2,2,2,2,3,4,3,3,3,3,3,3,3,4,3,4,3,2,3,3,3,13,1,4,2,2,0,7,4,4,4,4,4,4,4,3,3,3,4,3,1,5,5,4,2,3,3,1,4,3,4,4,5,5,3,3,4,4,3,3,3,4,2,2,2,2,2,2,2,2,2,3,4,3,3,3,2,8,8,7,3,2,4,7,5,3,1,32,4,1,1,1,40,3000,2400,0,415502,게임 산업 지속 활성화 발전,컴퓨터그래픽
30776,5,6,4,5,4,5,4,4,4,5,3,5,1,0,4,4,4,5,1,0,4,5,3,5,4,5,3,5,1,0,3,3,1,0,3,3,4,5,3,5,3,5,4,5,3,5,2,2,3,5,3,5,3,5,3,5,4,5,1,0,3,5,3,5,4,5,3,5,3,2,4,4,3,5,4,4,4,5,3,4,4,4,1,0,4,5,3,2,4,4,3,4,4,4,3,3,4,3,4,4,3,3,1,4,1,2,0,2,5,5,4,4,5,4,4,4,3,4,5,4,3,4,4,4,3,4,5,4,3,3,4,4,3,3,4,5,4,3,4,5,4,3,2,2,2,2,2,2,2,2,2,2,2,3,3,3,2,7,3,5,6,5,7,4,7,6,1,29,4,1,1,1,40,4600,4400,0,152101,산업기사 외국 기초 산업 이전 감소,금속공학
30777,2,2,1,0,2,3,3,3,1,0,1,0,1,0,3,4,3,4,2,3,2,3,1,0,4,5,1,0,3,3,1,0,1,0,1,0,1,0,4,4,1,0,1,0,4,3,1,0,1,0,1,0,1,0,1,0,1,0,1,0,1,0,1,0,4,6,2,2,1,0,3,5,1,0,2,3,3,4,1,0,1,0,4,4,4,5,4,6,2,2,5,3,2,2,2,2,2,2,2,4,2,8,1,4,1,2,0,6,1,2,2,2,4,2,3,3,2,3,3,3,2,4,4,4,3,2,3,2,3,4,3,4,4,3,3,3,5,4,4,3,5,4,2,2,2,2,2,2,2,2,2,1,2,3,3,3,2,5,6,4,5,5,6,3,5,6,1,46,2,1,1,1,48,4300,3200,0,622201,1종 대형 자동차 운전 면허 지하철 대중교통 발달,기계
30778,1,0,1,0,1,0,1,0,1,0,1,0,2,3,3,4,1,0,1,0,1,0,1,0,3,3,1,0,1,0,1,0,1,0,1,0,1,0,1,0,1,0,3,4,1,0,1,0,1,0,1,0,1,0,1,0,3,4,1,0,1,0,3,4,3,4,3,4,3,3,2,4,1,0,1,0,1,0,3,4,4,6,3,5,2,3,2,3,4,3,4,3,2,1,3,4,2,2,3,3,4,3,1,2,1,1,1,7,2,3,3,2,4,3,3,3,4,3,3,3,2,4,3,3,2,2,2,2,3,3,4,5,3,3,2,2,2,3,3,2,4,4,2,2,2,2,2,2,2,2,2,2,3,3,3,3,1,7,8,7,6,5,6,3,4,3,1,29,2,1,1,1,40,3000,2600,0,823101,금속재료기사 안전 교육 지금,기계
30779,5,7,5,6,5,6,5,6,5,6,5,5,4,6,5,6,5,6,5,6,5,6,5,6,3,5,4,5,4,5,4,6,5,7,5,6,5,6,5,7,5,6,5,6,5,7,4,6,5,7,4,6,5,7,3,4,3,5,4,5,3,4,4,4,4,5,3,5,3,5,4,5,3,4,3,4,2,3,3,4,1,0,1,0,1,0,1,0,3,3,3,4,3,3,3,4,3,4,4,3,4,15,2,5,2,2,0,2,5,3,3,3,3,3,3,3,3,4,3,4,3,3,3,3,3,3,4,3,4,4,5,5,3,3,3,3,4,3,3,3,3,5,2,2,2,2,2,2,2,2,2,3,3,3,3,3,2,2,3,2,2,4,5,3,3,3,2,50,4,1,1,1,40,5300,3000,0,122105,취업 분야 제한,동묘학
30780,3,4,2,3,2,3,2,3,2,3,4,5,2,6,4,4,2,2,2,2,1,0,1,0,2,3,1,0,2,2,3,2,1,0,1,0,2,4,3,4,4,4,3,3,3,3,3,2,2,2,1,0,3,4,3,3,3,4,4,4,3,4,2,3,3,3,2,4,4,3,3,4,1,0,2,4,1,0,1,0,1,0,1,0,2,3,3,4,5,4,4,3,4,2,3,4,4,3,4,3,3,17,1,2,1,2,0,6,5,4,5,4,4,4,4,4,4,5,5,4,4,4,4,4,4,4,5,4,4,4,4,4,4,4,3,4,5,4,4,4,4,3,2,2,2,2,2,2,2,2,2,2,4,3,3,3,2,6,5,4,5,6,6,5,6,5,1,43,4,1,1,1,40,4200,3000,0,306301,치과기공사 고령화 노인 인구 증가,치기공학
30781,2,2,2,2,2,3,3,4,2,3,3,3,2,3,2,2,2,2,3,4,2,2,2,2,2,2,2,2,2,3,2,3,3,4,3,3,2,3,3,3,2,2,2,2,3,4,2,3,2,3,2,2,3,3,3,4,2,3,2,2,2,2,3,3,3,4,3,3,2,3,2,2,3,3,2,2,2,3,3,4,2,2,2,2,2,2,2,3,2,3,4,4,3,3,4,2,2,2,3,2,3,7,1,2,1,2,0,7,2,4,4,3,5,4,4,3,9,9,4,4,3,4,4,4,4,4,3,4,3,4,4,4,4,4,3,4,4,3,3,3,4,3,2,2,2,2,2,2,2,2,2,2,2,3,3,3,2,5,6,7,4,5,6,5,4,5,1,38,2,2,5,1,40,0,0,2500,873201,식품가공기능사 자동기계 증가 인력 감소 예상,인문계
30782,1,0,2,3,3,4,1,0,2,3,1,0,3,4,2,3,2,3,3,4,1,0,1,0,1,0,2,3,1,0,1,0,1,0,2,3,1,0,1,0,1,0,2,3,1,0,2,3,3,4,2,3,1,0,1,0,3,4,1,0,1,0,2,3,1,0,1,0,1,0,2,3,1,0,1,0,2,3,1,0,1,0,1,0,2,3,2,3,3,2,3,3,4,3,3,3,4,3,3,3,3,6,1,2,1,2,0,7,4,3,3,3,4,3,4,4,3,3,4,4,3,3,4,3,4,3,3,3,3,4,4,4,3,3,4,4,3,3,3,4,4,4,2,2,2,2,2,2,2,2,2,2,4,2,3,3,1,4,3,4,4,5,4,6,5,4,2,34,4,1,1,1,42,4329,4125,0,140205,건설산업기사 건설기계 건설업 건축 시장 축소,건축학
30783,5,6,5,6,5,5,2,3,4,6,5,5,4,5,4,5,3,5,3,4,4,4,3,4,3,4,2,3,2,3,3,3,3,4,3,4,3,3,3,4,5,5,4,5,3,4,3,4,3,4,1,0,4,5,4,5,3,4,2,4,4,5,3,4,3,4,5,6,3,4,4,4,2,2,1,0,2,3,2,3,1,0,2,3,4,4,3,3,3,2,3,3,2,5,3,4,3,3,4,3,4,3,1,3,2,2,0,5,5,4,3,3,4,4,4,3,3,3,3,3,3,3,3,3,3,2,4,3,2,3,2,5,3,4,4,4,3,5,4,4,4,5,2,2,2,2,2,2,2,2,2,2,4,3,3,3,2,7,4,2,1,1,2,5,5,3,1,34,4,1,1,1,45,4000,3500,0,155102,전기자동차 보급,에너지공학
30784,5,6,4,4,3,3,3,5,3,5,4,6,5,5,4,4,2,3,2,4,4,4,4,3,4,4,5,5,3,4,3,5,1,0,1,0,2,4,4,4,2,4,5,6,3,5,2,4,4,3,1,0,4,4,4,4,4,4,4,4,4,4,4,4,4,4,4,3,2,4,2,4,3,3,2,4,2,4,3,5,2,4,1,0,4,4,3,4,5,4,4,3,4,4,5,2,4,3,4,3,4,10,1,4,1,2,0,4,5,3,3,5,4,3,5,4,4,3,4,4,3,4,3,2,2,2,3,2,3,4,3,5,3,2,3,4,4,3,4,3,4,5,2,1,2,2,2,2,2,2,2,3,2,3,2,3,2,8,5,5,6,3,5,8,6,5,1,41,4,1,1,1,40,4300,3400,0,133302,정보처리기능사 시스템 개발 기술 개발,정보통신학
30785,2,2,3,4,1,0,2,2,1,0,1,0,1,0,3,1,2,2,1,0,1,0,2,2,3,4,2,3,2,3,3,3,2,3,3,3,3,3,2,3,2,3,3,4,2,3,3,4,3,3,3,3,2,3,2,2,2,3,2,1,1,0,2,3,1,0,2,2,2,1,1,0,2,2,3,4,3,2,1,0,3,4,2,2,2,2,2,1,3,2,3,3,4,1,2,4,2,1,3,2,3,6,4,1,2,2,0,7,4,2,3,4,4,3,3,3,9,9,9,3,2,3,4,3,2,3,4,3,3,3,3,3,2,3,4,3,2,2,3,3,3,3,2,2,2,2,2,2,2,2,2,1,3,3,3,2,2,7,6,6,5,4,5,3,4,4,1,55,4,2,6,1,40,0,0,6300,702401,기계 대체 불가,경제학
30786,2,4,3,5,2,4,3,4,3,5,3,4,1,0,3,4,3,4,2,3,3,4,2,4,2,4,2,3,2,4,2,4,2,3,2,4,3,5,2,4,2,5,3,4,3,4,1,0,2,4,2,4,2,3,1,0,1,0,1,0,3,5,1,0,1,0,1,0,2,3,2,3,2,4,2,3,2,4,2,3,3,3,2,4,3,4,2,4,4,5,3,3,4,3,4,2,4,3,4,4,4,15,2,4,1,1,1,7,4,5,3,3,4,4,4,3,3,4,4,4,3,4,3,5,4,4,4,2,3,3,3,4,3,4,3,3,4,4,4,3,4,3,2,2,2,2,2,2,2,2,2,1,4,1,1,3,2,7,7,6,4,4,4,5,6,8,1,36,4,1,1,1,42,3200,2400,0,231101,사회복지사 심리상담교육 복지 사회 노인 고령화 시대,사회복지학
30787,2,4,3,4,4,3,4,5,4,6,3,6,2,4,3,5,4,5,4,4,2,4,4,6,4,6,3,4,2,4,2,4,3,5,2,5,3,5,2,4,4,5,4,5,3,5,2,4,3,5,3,2,3,5,4,6,2,5,5,7,3,5,3,2,3,5,5,6,5,6,5,5,2,4,3,5,2,4,4,5,2,4,2,3,3,5,3,3,4,3,3,2,3,4,3,2,3,4,4,3,2,2,1,3,1,2,0,3,3,4,3,4,3,3,4,3,2,3,4,4,4,3,4,4,3,4,3,4,3,2,3,3,4,3,2,3,4,4,3,3,2,3,1,1,2,2,1,2,2,1,2,3,3,2,2,3,2,3,8,8,7,4,3,3,2,7,1,48,3,1,1,1,43,4700,3200,0,136001,전파전자통신산업자격증 작업 환경 변화 일자리 변화 생각,정보통신공학
30788,1,0,3,3,2,2,1,0,1,0,1,0,1,0,1,0,1,0,3,4,1,0,2,2,3,3,1,0,1,0,3,4,1,0,1,0,1,0,1,0,3,4,3,4,2,3,1,0,3,3,1,0,1,0,1,0,1,0,1,0,1,0,1,0,1,0,1,0,1,0,1,0,1,0,1,0,3,4,2,3,2,3,3,4,2,3,2,2,3,4,4,2,2,2,4,3,3,3,2,4,4,17,2,3,2,2,0,7,2,2,2,3,4,3,4,4,9,9,4,4,3,2,4,4,4,4,4,3,4,3,3,4,3,3,3,3,4,4,4,3,4,4,2,2,2,2,2,2,2,2,2,2,3,3,3,3,2,8,6,7,4,3,4,4,6,7,1,58,2,1,1,1,45,2800,2500,0,561201,사람 선호 일자리,전기
30789,4,5,4,6,1,0,4,4,3,3,4,6,3,3,3,4,5,6,3,4,3,3,3,3,5,6,1,0,1,0,1,0,1,0,1,0,4,4,3,3,4,6,1,0,1,0,1,0,3,3,2,2,3,3,3,3,3,3,5,6,2,1,1,0,3,5,4,4,5,7,5,7,3,4,5,6,4,5,4,5,4,5,3,5,5,7,4,6,4,3,4,3,4,4,3,5,2,3,4,4,3,8,1,3,1,1,3,7,4,2,2,2,2,3,1,3,2,3,4,3,3,4,2,3,4,5,4,3,4,4,3,5,5,4,3,2,4,5,4,3,4,3,2,2,2,2,2,1,2,2,2,3,4,2,2,2,2,7,8,3,7,2,1,7,4,1,1,54,4,1,1,1,48,5000,2200,0,812102,항공정비사 항공정비훈련 등산 산불 사고 빈번 출동 정비 회수 증가 대한 장비 도입 교육 훈련 헬기 정비사 수도 상황 향후 헬기 수요 지속 증대 예상,항공정비
30790,3,4,3,4,2,2,3,4,2,2,3,4,2,2,2,2,3,4,2,2,2,2,3,4,3,5,2,2,1,0,2,2,3,3,2,2,1,0,3,4,2,2,4,6,3,4,1,0,1,0,2,2,1,0,1,0,1,0,1,0,3,4,1,0,1,0,1,0,1,0,1,0,3,4,1,0,1,0,2,2,3,4,2,2,3,4,3,4,4,4,3,3,2,3,4,3,3,2,2,3,3,11,1,2,1,2,0,7,5,4,4,3,4,4,2,3,9,9,3,3,2,3,3,4,4,4,1,1,4,2,3,3,4,2,2,2,4,5,4,3,4,3,2,1,2,1,2,2,1,2,2,2,1,2,2,3,2,3,7,4,8,2,7,3,8,3,1,50,4,1,1,1,40,6500,4000,0,31101,투자자산운용사 자산설계운용사 재무관리사 인터넷 발달 직원 감소 경기 침체,경영학
30791,2,3,3,4,4,4,2,3,1,0,1,0,4,5,2,3,1,0,1,0,1,0,1,0,1,0,4,4,4,5,1,0,1,0,2,3,1,0,1,0,1,0,1,0,2,3,1,0,1,0,1,0,1,0,1,0,1,0,1,0,3,5,1,0,1,0,1,0,1,0,1,0,1,0,1,0,1,0,1,0,2,3,1,0,1,0,1,0,3,3,3,3,4,3,3,3,4,3,3,2,3,10,1,2,2,2,0,7,5,3,3,3,3,4,3,3,3,4,4,3,3,3,3,4,4,3,3,3,4,4,4,2,3,4,4,3,2,3,3,3,3,4,2,2,2,2,2,2,2,2,2,1,4,2,3,3,1,5,4,4,5,6,5,5,4,6,1,39,4,1,1,1,40,3423,2800,0,26102,홍보 광고 발전,광고학
30792,4,5,4,5,3,3,5,6,2,3,4,4,2,3,2,2,4,5,2,2,4,4,3,4,2,3,3,4,4,6,3,3,3,4,3,3,2,3,3,3,3,4,3,3,3,3,2,3,2,2,2,3,3,3,3,4,2,2,1,0,2,2,3,4,2,2,1,0,1,0,1,0,2,2,1,0,1,0,1,0,1,0,1,0,2,3,2,2,3,4,4,3,4,5,3,4,4,4,4,3,3,17,1,2,1,1,4,7,6,4,4,4,4,4,4,4,5,5,4,4,4,3,3,4,3,3,4,4,4,3,3,3,4,3,4,4,4,4,4,3,3,4,2,2,2,2,2,2,2,2,2,1,3,3,3,3,2,8,7,8,7,7,7,7,8,7,2,29,5,1,1,1,48,2500,2200,0,231201,상담심리사 자격증 직무 연수 상담 요하 환경 요인 증가,심리학
30793,4,4,3,4,3,5,2,5,5,5,3,5,2,5,2,4,3,5,2,5,3,5,3,5,4,5,2,4,2,5,2,4,2,4,2,4,3,5,2,5,3,5,4,5,3,6,5,5,3,5,2,4,2,5,2,5,2,4,2,5,5,5,1,0,1,0,1,0,1,0,1,0,2,5,1,0,2,5,2,5,2,4,1,0,2,5,1,0,4,4,4,4,4,2,4,2,3,3,3,4,4,3,1,3,1,2,0,3,4,4,3,2,4,4,4,4,4,4,4,4,2,4,3,5,1,1,3,1,4,3,5,5,3,3,3,2,4,5,3,3,5,5,2,2,2,2,2,2,2,2,2,2,3,2,2,2,1,2,1,1,7,4,4,2,1,2,2,30,3,1,1,1,42,3100,2400,0,27101,전산회계운용사 인공 지능 기술 개발 감소,수학
30794,2,2,3,2,2,2,2,4,1,0,1,0,2,2,3,4,3,3,1,0,3,3,1,0,3,4,1,0,3,4,2,2,1,0,1,0,2,2,1,0,2,3,1,0,3,3,1,0,3,3,1,0,2,2,1,0,4,4,3,5,1,0,3,3,4,6,3,5,3,5,4,6,4,4,3,5,2,3,3,3,2,4,1,0,3,3,2,2,4,3,3,3,4,2,4,4,2,2,3,4,3,17,1,2,1,1,1,3,2,3,3,2,2,4,2,3,3,4,4,3,2,3,3,3,4,2,4,3,4,3,2,3,4,4,3,2,3,4,4,3,4,5,2,2,2,2,2,2,2,2,2,2,2,3,3,3,2,7,8,6,3,4,3,6,3,3,1,40,3,1,1,1,48,3500,2800,0,814001,보일러시공기사 열관리기사 가스설비 난방설비 건물 관리 외주 용역 대체 형태 증가 직접 용이 감소 추세,전기공학
30795,5,5,4,5,1,0,3,4,5,5,4,5,1,0,3,4,1,0,1,0,5,6,1,0,1,0,5,6,1,0,4,6,3,5,4,4,1,0,1,0,4,5,4,6,3,4,5,6,4,5,4,6,1,0,1,0,4,5,1,0,1,0,1,0,1,0,1,0,1,0,1,0,4,5,1,0,1,0,1,0,1,0,1,0,1,0,1,0,4,2,2,4,4,3,3,3,3,3,5,3,4,3,1,4,2,2,0,6,4,4,4,3,3,3,3,4,4,4,4,4,3,4,4,4,2,3,3,2,3,3,4,4,3,3,4,4,3,5,3,2,4,4,2,2,2,2,2,2,1,2,2,1,3,3,2,3,1,7,8,6,6,4,3,3,4,6,1,56,4,1,1,1,50,9000,8000,0,12201,인력 감소 대체 불가능 직업,기계
30796,4,6,3,6,3,5,3,5,3,5,3,5,4,5,3,5,3,4,2,3,4,5,4,5,2,3,2,2,2,2,2,2,2,2,2,2,3,4,2,2,4,6,3,4,2,2,2,2,2,2,2,2,3,4,1,0,3,4,1,0,3,5,1,0,2,2,2,2,2,2,2,2,1,0,1,0,3,4,1,0,2,2,1,0,1,0,1,0,4,4,3,3,4,3,5,5,3,5,3,5,4,13,2,4,1,1,2,3,6,4,4,4,4,4,3,4,3,4,4,4,2,3,3,4,3,2,2,2,2,4,4,5,2,2,2,2,2,4,2,2,4,5,2,1,1,2,2,1,2,2,2,2,3,3,3,3,1,3,3,3,3,3,3,7,5,4,1,37,5,1,1,1,50,5000,3000,0,122301,종자기사 업무처리 시스템 사용 연구 이론 정립 분석 방법 교육 필요 사용 부가가치 농업 투자,원예
30797,3,2,4,4,1,0,3,3,3,3,2,3,1,0,4,3,2,4,2,3,2,3,2,2,4,3,3,3,2,3,3,3,2,2,3,3,3,3,3,4,2,2,2,3,3,4,1,0,1,0,2,3,1,0,1,0,2,3,2,3,1,0,1,0,2,3,1,0,1,0,2,3,1,0,3,4,4,4,3,4,5,6,3,3,3,4,2,2,3,3,3,2,3,1,1,2,3,2,4,4,4,10,1,3,2,2,0,2,1,3,1,1,3,1,2,3,1,4,3,3,5,2,2,5,4,2,4,3,1,3,2,4,4,5,4,4,5,4,4,3,5,4,2,2,2,2,2,2,2,2,2,1,1,2,2,2,2,9,8,8,3,6,6,7,5,3,1,42,2,1,2,1,46,3500,2300,0,624301,근무 여건 기피,화공
30798,3,3,4,5,2,2,3,4,2,2,2,3,2,1,3,4,2,3,3,4,2,1,3,4,3,4,2,3,2,2,3,4,2,2,2,2,3,3,3,4,3,3,3,4,3,3,2,2,3,4,3,3,2,2,2,3,3,4,3,3,2,2,3,3,3,4,2,3,3,4,3,3,2,2,3,4,4,5,4,5,2,2,2,1,2,3,3,3,5,4,5,4,3,4,3,4,3,5,4,3,5,18,1,1,2,2,0,6,2,2,4,3,5,5,3,4,9,3,3,3,2,3,3,4,3,2,3,4,3,4,3,3,3,2,3,4,3,3,2,3,4,2,2,2,2,2,2,2,2,2,2,1,3,2,2,3,2,7,8,6,4,5,5,4,3,5,1,45,4,1,1,1,50,3200,2800,0,524001,레저 문화 수요 증가,체육
30799,3,4,4,5,2,2,3,5,2,3,3,4,4,5,2,3,4,6,4,5,3,4,4,5,4,6,3,4,3,4,4,5,3,4,2,3,4,6,3,4,4,5,3,4,4,5,3,4,1,0,2,3,1,0,1,0,1,0,1,0,2,3,1,0,1,0,1,0,1,0,1,0,2,3,3,4,1,0,3,5,4,5,4,5,3,5,4,6,4,3,4,3,4,4,3,3,3,4,3,3,3,18,4,1,2,2,0,4,5,5,4,4,5,4,4,3,3,3,4,3,2,4,4,3,3,2,3,3,3,5,3,4,3,4,4,4,3,3,4,3,3,4,2,2,2,2,2,2,2,2,2,1,3,2,2,2,2,5,4,4,4,4,3,8,9,9,2,49,4,1,4,2,10,1800,500,0,414501,변화,성악
30800,3,4,2,2,2,2,3,4,3,4,4,5,4,5,3,4,3,4,4,5,3,4,2,2,4,5,2,2,3,3,4,4,2,2,3,4,2,2,4,4,3,4,4,5,4,5,3,4,4,5,3,4,4,5,4,5,3,4,3,4,2,2,3,4,4,5,2,2,3,4,4,5,4,5,4,5,4,4,3,4,3,3,4,5,3,3,3,3,4,4,3,3,4,4,3,4,4,3,3,4,3,6,1,2,1,2,0,4,4,3,4,3,4,4,3,4,4,3,3,4,2,4,4,3,3,4,4,4,3,4,3,3,3,4,4,4,3,3,4,4,4,3,2,2,2,2,2,2,2,2,2,1,3,3,3,3,2,7,3,3,5,6,5,7,5,5,1,53,3,1,1,1,40,4100,2600,0,140401,조경기술사 조경산어기사,도시조경
30801,2,3,2,2,1,0,2,2,1,0,2,2,1,0,3,4,3,2,2,3,1,0,2,2,3,2,2,3,1,0,3,2,2,1,1,0,1,0,2,3,3,3,2,3,2,1,2,3,3,2,1,0,1,0,1,0,2,2,2,2,2,3,1,0,2,2,2,3,3,3,4,3,1,0,3,3,2,3,1,0,3,2,2,3,3,3,2,3,4,2,3,3,3,2,4,3,3,2,2,3,4,3,1,3,2,1,2,2,2,3,4,3,3,4,3,4,3,4,5,4,3,4,2,3,2,3,2,4,3,5,4,4,3,1,2,4,2,3,2,1,4,4,2,2,2,2,2,2,2,2,2,1,2,3,3,3,2,9,7,7,4,4,5,7,4,3,1,26,2,1,1,1,40,2800,2000,0,826201,점토제품 생산기계 조작훈련 대형화 일자리 감소,문과
30802,3,5,4,5,1,0,1,0,3,5,3,5,1,0,2,3,3,4,3,5,1,0,2,4,3,6,3,3,4,5,3,5,4,4,4,4,3,5,3,3,4,4,1,0,2,4,1,0,2,2,3,4,1,0,3,5,4,4,3,3,1,0,2,2,3,3,3,5,4,4,3,4,1,0,2,3,3,4,3,3,4,5,3,4,4,4,4,4,4,3,4,3,3,2,4,3,3,3,4,4,3,6,1,2,1,1,3,3,2,4,2,3,3,4,3,4,3,4,4,4,3,3,3,4,4,3,3,3,3,4,2,4,4,3,3,3,4,4,4,4,4,3,2,2,2,2,2,2,2,2,2,1,3,3,3,3,2,6,6,7,4,4,3,6,5,4,1,31,3,1,1,1,52,3350,3150,0,701101,척도기능사 각종 수공구와 동력공구 사용기술 교습 기존 건축물 보강 작업 고용 안정,건축공학
30803,4,5,4,5,3,5,3,5,3,4,4,5,3,3,3,5,4,4,4,5,3,4,3,4,3,4,3,4,4,4,3,5,3,4,4,4,3,5,3,4,3,4,3,5,4,5,3,4,3,5,3,5,3,4,3,4,4,4,3,5,4,5,3,4,3,4,3,4,4,4,3,4,3,4,3,4,3,3,4,4,3,4,2,4,3,3,3,4,5,5,3,4,4,3,4,4,4,4,3,3,4,7,1,2,2,1,2,4,4,4,4,4,4,4,4,3,4,3,4,4,3,4,4,4,3,4,4,3,3,3,4,4,3,4,4,3,3,4,4,3,4,4,2,2,2,2,2,2,2,2,2,2,2,2,2,2,1,4,5,4,3,2,3,5,4,5,1,51,3,1,1,1,42,3700,2900,0,612101,실무교육 산업 기계 발달 일자리 감소,전기
30804,5,7,5,7,5,7,5,6,2,4,3,4,3,4,3,4,4,4,3,4,2,2,5,6,4,5,3,4,4,5,3,4,2,3,3,4,5,5,3,3,3,4,4,4,4,4,1,0,3,4,2,4,2,4,1,0,1,0,1,0,3,5,1,0,1,0,1,0,1,0,1,0,2,3,2,3,1,0,1,0,2,5,2,4,2,3,3,4,5,4,3,3,4,3,3,3,3,4,4,3,3,16,5,6,2,2,0,5,6,5,4,4,4,5,4,4,9,9,4,4,1,4,4,5,5,4,4,3,4,4,4,4,4,4,3,4,4,4,4,4,4,3,2,2,2,2,2,2,2,2,2,1,2,2,2,3,1,3,3,4,5,4,4,6,5,6,1,47,5,1,1,1,40,9000,2800,0,211201,학교 줄어듬,스포츠학
30805,1,0,1,0,1,0,1,0,2,3,1,0,1,0,2,2,2,2,1,0,1,0,1,0,1,0,1,0,1,0,1,0,1,0,1,0,1,0,1,0,1,0,1,0,1,0,1,0,1,0,1,0,1,0,1,0,2,2,2,3,1,0,1,0,3,2,2,2,2,2,2,2,1,0,2,2,2,2,1,0,2,3,1,0,2,2,2,2,2,2,2,2,2,1,2,2,2,1,1,1,1,3,1,2,1,2,0,1,1,2,3,3,2,2,2,2,2,3,3,2,5,1,1,4,3,4,4,2,3,4,3,5,2,3,4,4,4,4,3,3,4,4,2,2,2,2,2,2,2,2,2,2,3,3,3,3,2,9,9,9,2,3,5,3,3,3,1,35,2,1,3,2,45,3200,2400,0,873101,식품가공기능사 자동화 기계화,인문계 고등
30806,2,2,2,3,2,2,3,2,1,0,2,3,1,0,2,3,3,2,3,3,4,4,4,3,3,3,2,3,3,2,2,2,2,2,1,0,1,0,3,3,3,3,2,2,1,0,1,0,3,2,1,0,1,0,1,0,3,3,1,0,3,3,1,0,2,2,1,0,1,0,1,0,1,0,1,0,1,0,1,0,2,1,2,3,3,3,2,3,4,5,4,4,3,3,2,3,2,3,4,3,3,17,1,1,1,2,0,6,4,4,4,4,4,4,4,4,4,4,3,4,3,4,3,4,4,4,3,3,4,3,4,4,5,4,4,5,4,3,4,4,4,3,2,2,2,2,2,2,2,2,2,2,4,3,3,3,2,6,5,3,4,5,5,4,5,6,2,23,3,1,1,1,40,2400,2000,0,511502,애견미용사 동물간호복지사 애완동물 선호,동물학
30807,3,4,4,5,3,4,3,4,2,2,2,2,5,6,2,3,4,5,3,5,2,2,3,4,4,5,4,5,4,5,3,4,2,4,3,5,2,2,5,6,4,5,4,5,3,3,1,0,1,0,1,0,1,0,2,2,1,0,1,0,4,5,3,4,2,2,1,0,1,0,1,0,3,4,4,5,4,5,2,2,1,0,1,0,3,4,1,0,4,5,2,3,5,4,4,5,4,3,5,4,4,3,1,3,2,2,0,2,4,5,3,3,5,4,4,3,3,2,4,3,2,4,4,3,3,2,4,2,3,2,2,5,4,4,4,4,5,5,4,4,4,3,2,2,2,2,2,2,2,2,2,2,3,3,3,3,1,7,4,5,4,5,5,5,4,4,2,29,4,1,3,2,40,3000,3000,0,26102,변화,산업디자인
30808,3,3,4,5,2,3,4,4,1,0,2,3,2,3,1,0,3,3,1,0,1,0,1,0,5,5,1,0,4,5,1,0,4,4,1,0,1,0,4,4,3,4,4,4,3,4,1,0,1,0,1,0,1,0,1,0,1,0,1,0,2,2,1,0,1,0,1,0,1,0,1,0,1,0,4,5,3,4,3,4,2,2,3,4,3,4,1,0,4,4,4,4,4,3,4,4,3,3,4,4,3,17,1,2,1,1,6,6,5,3,4,4,4,4,4,4,9,9,9,4,1,4,5,4,3,2,4,3,4,2,5,5,4,5,5,5,4,5,4,3,5,1,2,2,1,2,2,2,2,2,2,1,4,2,2,3,2,1,7,4,7,5,7,8,4,7,1,51,6,2,5,1,40,0,0,20000,301201,의사자격증 의료훈련 장비 도입 코로나 전염병 창궐,의학
30809,2,2,2,3,2,3,1,0,5,7,4,5,3,4,4,5,2,3,5,7,4,5,4,5,5,7,1,0,1,0,1,0,1,0,1,0,2,3,1,0,4,5,4,5,1,0,1,0,1,0,4,5,5,7,5,7,5,7,4,6,4,5,3,4,4,5,3,4,3,4,3,4,4,5,2,3,1,0,1,0,2,3,1,0,3,4,1,0,4,4,3,4,4,4,3,4,4,3,4,4,4,6,1,3,1,1,3,6,5,4,4,4,4,5,4,3,3,4,4,4,2,4,4,3,3,2,2,5,3,5,4,5,4,4,4,5,4,5,4,4,4,4,2,2,2,2,2,2,2,2,2,2,3,3,3,3,2,2,1,2,3,3,7,3,3,6,1,32,4,1,1,1,40,5500,3000,0,140101,건설기계기술사 농어민토목기술사 산림토목기술사 현장수습 지금 것임,토목공학
30810,4,5,4,5,4,4,3,3,4,5,5,6,5,7,4,5,4,5,3,4,4,5,4,6,4,5,4,6,4,5,4,5,5,6,4,5,2,2,4,5,5,6,4,5,3,3,3,3,3,4,2,2,4,5,4,4,4,5,4,5,4,6,4,5,5,7,4,5,4,6,4,6,3,4,5,6,4,5,3,5,3,4,3,4,5,6,3,4,5,3,4,3,4,4,4,3,4,4,4,5,3,18,2,4,1,1,4,6,5,4,3,3,4,4,4,2,4,5,5,4,1,5,4,4,4,5,4,3,5,4,3,4,5,5,4,4,4,4,5,3,5,5,1,1,1,1,1,1,2,2,2,1,3,3,3,3,1,9,7,2,8,2,3,9,2,1,2,31,4,1,1,1,40,3600,2800,0,415503,그래픽기사 실무 컴퓨터 프로그램 컴퓨터 이용 그래픽 프로그램 개발 분야 용도 분야,컴퓨터그래픽
30811,3,4,4,6,3,4,5,6,4,6,4,5,4,5,3,4,4,5,4,5,3,4,3,4,3,4,3,4,4,5,4,5,4,5,3,4,1,0,3,4,4,5,3,4,1,0,1,0,1,0,1,0,4,5,5,6,4,5,4,5,5,5,2,2,3,4,3,3,1,0,1,0,3,4,1,0,1,0,1,0,1,0,1,0,4,5,1,0,5,4,4,4,5,4,4,2,2,5,4,3,3,13,1,2,2,2,0,7,5,5,4,4,5,4,4,3,4,4,4,3,2,4,4,2,2,2,2,4,3,5,2,4,4,4,4,4,4,5,4,3,5,3,2,2,2,2,2,2,2,2,2,1,3,3,3,3,2,2,1,2,2,8,8,9,8,2,1,44,5,1,1,1,40,5900,3300,0,415504,변화,컴퓨터공학
30812,4,5,4,5,4,5,4,5,4,5,4,5,4,5,4,5,4,5,3,5,4,5,4,6,4,5,4,5,4,5,4,5,4,5,4,5,3,5,4,5,4,5,4,5,4,5,4,5,4,5,4,5,4,5,4,5,4,5,4,5,4,5,4,5,4,5,3,4,3,4,3,4,4,5,4,5,4,5,3,5,4,5,4,5,4,5,4,5,4,4,4,4,4,4,4,4,3,4,4,3,3,10,1,2,1,2,0,1,4,4,3,3,3,3,4,3,3,3,4,3,3,3,4,3,3,3,4,4,4,3,3,4,4,4,4,4,4,4,4,3,4,5,2,2,2,2,2,2,2,2,2,2,4,3,3,3,1,7,4,4,6,4,5,7,7,4,2,31,3,1,1,1,40,3500,3300,0,134101,OCP 지속 발전 가능성 고용 증가 예상,컴퓨터학
30813,4,5,5,5,5,5,5,4,5,6,5,7,5,7,5,4,5,5,5,4,5,6,5,5,5,6,5,7,5,6,5,5,5,7,5,6,5,6,5,6,5,5,5,5,5,4,5,3,5,5,5,5,5,7,5,7,5,4,5,3,5,5,5,7,5,5,5,3,5,4,5,5,5,5,5,3,5,6,5,3,5,4,5,3,5,3,5,6,5,4,3,3,4,3,4,3,3,5,4,5,4,11,1,2,2,1,4,4,5,4,4,4,4,5,3,4,3,5,5,4,1,5,4,5,5,4,4,3,5,2,2,5,4,5,4,4,5,5,5,4,5,5,2,1,2,1,2,1,1,1,1,2,2,3,3,3,1,7,4,3,3,2,2,7,8,5,1,48,5,1,1,1,45,9500,3000,0,31102,금융연수원 정직 컴퓨터 프로그램 도입 사용 업무 정확성 신속성 기업 인력 감축 불안 스트레스 증가 기술 근로자 감소,경제
30814,4,6,4,6,4,6,4,5,4,6,4,6,4,6,4,5,4,5,4,5,4,6,4,6,4,6,4,6,4,5,4,6,4,6,4,6,4,5,4,5,4,5,4,6,4,6,4,6,4,6,4,5,4,5,4,5,1,0,3,4,4,5,4,5,4,5,4,5,4,5,4,5,4,5,4,5,4,5,4,5,4,4,3,4,4,4,4,5,4,4,4,4,4,3,4,3,3,3,4,3,4,12,4,1,1,2,0,5,4,3,2,2,5,4,3,3,3,3,3,3,2,3,3,4,3,3,2,2,3,3,4,3,3,4,3,3,3,3,4,4,4,3,2,2,2,2,2,2,2,2,2,1,3,3,2,2,2,5,6,6,7,7,7,7,7,8,2,48,4,2,6,1,48,0,0,4000,611001,공인중개사 거래량 계속,경제학과
30815,3,5,3,5,4,4,2,3,3,3,3,3,3,5,3,3,3,4,4,4,4,4,3,4,4,5,3,5,4,5,4,4,4,5,3,5,4,4,4,5,4,4,4,4,4,5,3,5,4,4,4,5,4,5,3,6,4,5,3,5,4,5,4,4,4,5,4,4,4,5,4,4,4,5,3,5,4,5,4,4,4,5,4,4,4,4,4,5,4,3,4,4,5,4,3,4,3,3,4,4,4,3,1,2,2,2,0,3,4,4,3,3,3,4,3,4,5,5,5,5,4,3,3,4,4,3,3,3,4,4,3,4,4,3,3,4,5,4,4,3,4,3,2,2,2,2,2,2,2,2,2,2,3,3,3,3,2,7,3,5,7,7,7,7,5,5,1,38,4,1,1,1,40,4000,3000,0,851201,위험 물질 기계 대체,화학공학
30816,3,3,3,3,3,3,3,3,3,3,3,3,3,3,3,3,3,3,3,4,3,3,3,3,3,3,3,3,3,3,3,4,3,3,3,3,3,3,3,3,3,3,3,3,3,3,3,3,3,3,3,3,3,3,3,3,3,3,3,3,3,3,3,3,3,3,3,3,3,3,3,3,3,3,3,3,3,3,3,3,3,3,3,3,3,3,3,3,3,4,3,3,3,3,3,3,3,3,3,4,3,11,1,5,1,2,0,7,4,3,3,3,3,3,3,3,3,4,4,4,3,3,3,3,3,3,4,3,4,3,3,3,4,3,3,3,3,4,4,4,4,3,2,2,2,2,2,2,2,2,2,1,3,2,2,3,2,6,6,6,7,6,6,6,6,6,2,43,4,1,1,1,60,4000,3000,0,31302,보험계리사CFP 일자리 변화,금융경영학
30817,2,3,2,3,2,3,3,4,3,3,3,4,2,3,3,3,3,3,3,4,3,3,3,3,3,4,3,3,2,3,2,3,2,3,2,3,2,3,4,6,3,3,3,4,3,4,2,3,4,4,2,3,3,3,1,0,2,2,1,0,2,3,2,2,2,2,2,2,2,3,2,3,3,3,3,3,2,3,3,3,1,0,2,2,2,3,2,3,3,4,2,2,3,3,3,4,3,3,3,2,3,18,1,2,2,2,0,7,2,2,2,2,2,2,3,4,3,3,3,3,2,2,2,3,2,3,4,3,3,3,3,3,2,3,3,3,4,3,2,3,3,3,2,2,2,2,2,2,2,2,2,3,1,2,2,2,1,6,5,6,4,4,3,6,5,5,2,35,2,1,1,1,40,3200,2400,0,562401,인터넷 예매 증가,문과
30818,1,0,1,0,1,0,1,0,1,0,1,0,2,1,2,1,2,1,1,0,1,0,1,0,2,1,1,0,1,0,1,0,1,0,1,0,2,1,1,0,1,0,1,0,1,0,1,0,3,3,1,0,1,0,2,2,2,2,3,2,1,0,1,0,1,0,2,2,1,0,1,0,2,2,2,2,2,1,3,3,4,5,3,4,2,2,1,0,2,2,1,4,2,2,3,2,2,2,2,2,2,14,1,2,1,2,0,1,3,3,3,3,3,2,3,3,9,9,9,3,2,4,4,4,4,4,3,2,3,4,4,4,4,2,2,2,3,4,3,3,4,3,2,2,2,2,2,2,2,2,2,1,3,3,3,3,2,6,6,5,5,6,6,5,5,5,1,55,2,1,1,1,42,3780,2500,0,702701,국가기술자격증,공고
30819,4,5,4,5,3,3,3,4,2,3,4,5,3,3,2,3,4,5,4,4,2,3,4,5,4,5,3,3,3,3,3,4,4,5,3,4,2,3,3,4,2,3,4,4,4,4,2,3,1,0,2,3,1,0,1,0,1,0,2,3,3,3,1,0,1,0,2,2,2,2,1,0,2,2,1,0,2,2,2,3,2,3,1,0,3,3,3,3,4,3,4,2,3,2,4,5,3,4,3,3,4,18,4,1,2,1,3,7,5,4,3,3,4,4,3,2,9,9,9,2,2,4,4,3,4,4,4,3,5,4,3,4,4,3,2,3,4,4,4,3,4,4,2,2,2,2,2,2,2,2,2,2,2,2,2,2,2,4,3,1,4,2,4,3,2,4,2,38,5,1,4,2,20,1200,400,0,411103,영화 시나리오 기획 과정 영화제 출품 과정 플랫폼 다양성 문화 콘텐츠 세분 화로 시나리오 분야 축소 예상,시나리오
30820,2,2,2,2,2,2,4,3,2,2,4,3,1,0,5,5,4,4,5,5,4,4,3,2,4,3,5,5,5,5,4,4,4,5,4,4,2,3,5,5,5,5,2,3,2,2,1,0,1,0,4,5,1,0,1,0,3,4,1,0,1,0,1,0,3,2,2,2,2,1,2,2,3,4,1,0,3,5,5,4,5,7,3,3,3,3,5,5,1,5,2,4,5,1,4,3,1,3,5,5,2,15,2,3,1,1,2,4,5,4,4,4,4,4,2,3,3,3,4,4,2,4,4,3,4,4,3,4,4,5,4,4,4,4,3,3,4,5,4,3,3,4,2,2,2,2,2,2,2,2,2,1,4,1,1,1,2,7,7,4,5,3,3,6,4,5,1,48,4,1,1,1,40,4500,3900,0,240101,자동차 운전면허 제1종 보통 직무교육 범죄 증가 경찰관 필요,행정학
30821,3,5,3,5,3,5,2,4,2,4,3,3,1,0,1,0,1,0,1,0,1,0,2,4,1,0,1,0,1,0,1,0,1,0,1,0,2,2,2,3,1,0,1,0,1,0,4,4,1,0,1,0,1,0,1,0,1,0,1,0,4,5,1,0,1,0,1,0,1,0,1,0,1,0,1,0,1,0,1,0,1,0,1,0,3,4,1,0,1,2,3,2,3,4,2,2,3,3,2,2,2,7,1,3,2,2,0,2,2,3,3,2,3,3,4,3,3,4,4,4,2,3,3,2,2,4,2,4,3,4,2,5,3,4,4,4,4,4,4,4,4,4,2,2,2,2,2,2,2,2,2,2,2,2,3,3,2,5,5,4,6,5,4,5,6,4,2,29,3,1,1,1,48,2800,2200,0,26103,전산 자동화 산업 발달,경제학
30822,4,6,5,6,4,6,5,6,4,5,5,7,4,6,4,5,4,6,4,5,4,5,4,6,5,7,4,6,5,7,4,6,5,7,5,7,2,2,4,6,5,7,2,2,3,4,1,0,1,0,5,6,1,0,1,0,1,0,1,0,2,2,1,0,1,0,1,0,1,0,1,0,1,0,1,0,1,0,1,0,1,0,1,0,1,0,1,0,5,5,2,4,4,2,2,4,2,4,5,5,4,15,2,6,2,2,0,7,5,4,5,5,5,4,3,3,4,3,4,3,2,4,4,4,4,5,4,4,5,5,3,4,4,5,5,5,4,4,4,4,5,5,2,2,2,2,2,2,2,2,2,1,3,1,3,3,2,5,6,5,4,5,4,6,8,8,1,50,5,1,1,1,40,8800,8000,0,11102,공무원 숫자 법령,행정학
30823,3,3,3,4,1,0,2,2,1,0,1,0,1,0,1,0,2,1,1,0,1,0,2,2,3,4,2,2,2,2,3,3,1,0,1,0,3,3,3,4,3,3,3,4,2,3,1,0,3,4,2,1,1,0,1,0,2,3,1,0,1,0,2,3,3,4,2,1,2,3,2,2,1,0,2,2,2,2,2,2,2,3,2,1,2,2,2,1,2,3,2,3,1,4,2,4,2,3,2,1,2,9,1,3,2,2,0,3,2,3,2,2,3,3,4,3,9,4,4,4,2,2,4,4,1,3,4,2,4,1,5,3,1,2,2,3,2,3,1,3,3,4,2,2,2,2,2,2,2,2,2,2,2,3,3,3,1,6,6,7,7,6,6,5,7,7,2,52,2,1,1,1,55,2600,2200,0,532301,공란,상고
30824,5,7,5,7,5,7,5,7,4,5,5,7,5,7,4,6,5,6,4,6,4,6,4,6,4,6,4,5,4,6,4,6,4,6,4,6,4,5,4,5,4,5,3,4,3,5,3,4,3,4,3,5,3,3,2,2,2,1,2,2,2,1,2,2,2,2,1,0,1,0,2,3,3,4,2,2,2,2,2,3,2,3,2,3,2,3,2,3,5,5,4,3,4,4,4,4,4,4,4,4,4,16,5,5,2,2,0,6,7,5,4,4,4,4,3,3,3,3,3,3,2,5,5,5,5,4,3,1,3,3,4,4,4,1,1,3,4,4,3,1,4,4,2,2,2,2,2,2,2,2,2,1,2,3,3,3,1,2,2,1,2,2,1,2,2,1,1,56,6,1,1,1,60,8000,4000,0,110101,취업,철학
30825,2,2,2,2,1,0,4,4,1,0,3,5,2,2,1,0,3,3,1,0,1,0,1,0,2,2,2,3,4,3,4,4,5,4,3,4,1,0,3,3,4,5,3,4,2,3,1,0,1,0,1,0,1,0,1,0,2,3,1,0,1,0,2,2,2,3,1,0,1,0,2,2,1,0,1,0,1,0,2,2,1,0,2,1,3,2,3,3,4,3,4,3,2,3,3,2,3,2,2,1,3,11,1,2,2,2,0,3,2,4,3,3,4,4,3,4,4,5,4,4,3,3,3,3,4,2,3,2,3,3,2,4,4,4,4,4,4,4,4,4,4,4,2,2,2,2,2,2,2,2,2,3,2,2,2,2,2,5,6,5,4,5,4,5,5,5,2,47,4,1,1,1,40,5000,4300,0,15101,온라인 쇼핑 증가 오프라인 매장 감소,경제학
30826,3,4,3,4,3,4,2,3,3,3,3,4,1,0,3,5,5,5,2,3,2,4,3,4,4,4,3,4,2,3,3,4,1,0,2,3,3,4,3,4,4,4,4,4,4,4,4,5,3,4,3,4,4,4,1,0,4,5,3,4,3,3,5,5,4,4,3,4,3,4,5,4,4,4,1,0,4,4,3,4,2,2,3,3,4,4,4,4,4,3,2,3,4,2,4,4,3,3,3,3,4,3,1,4,2,2,0,6,4,4,4,3,4,4,3,3,4,3,4,4,2,4,4,4,4,3,2,3,2,4,3,4,4,2,3,2,3,5,3,2,4,4,2,2,2,2,2,2,2,2,2,1,2,3,3,3,2,8,5,4,5,4,4,7,5,3,1,50,3,1,1,1,40,5900,4500,0,16301,제조업 불황 계속,기계공학
30827,4,4,4,5,3,4,4,5,3,4,3,4,3,4,2,2,2,2,3,4,2,1,4,5,4,3,3,4,4,4,3,4,3,4,2,3,4,4,3,4,3,4,2,1,3,4,1,0,2,3,3,4,2,3,1,0,2,3,3,3,1,0,3,4,3,3,2,3,2,3,1,0,2,4,2,4,3,4,4,4,2,4,2,4,3,3,3,2,4,4,3,2,3,2,2,4,2,3,3,2,3,17,1,3,1,2,0,4,5,3,2,2,2,3,2,2,2,2,3,3,3,4,3,3,4,4,4,4,3,4,4,4,4,3,4,3,3,4,4,4,5,4,2,2,2,2,2,2,2,2,2,1,5,3,3,3,1,8,8,7,4,3,4,5,6,6,2,32,4,1,1,1,43,2600,2200,0,231101,사회복지사1 3급 사회 발전 삶의질 향상 관심 증가,아동복지학
30828,5,6,5,6,3,4,3,4,4,5,4,5,3,4,5,6,4,5,4,5,3,5,4,5,4,6,5,7,1,0,4,6,5,6,5,3,5,7,2,4,5,6,5,6,4,5,5,6,4,6,1,0,4,5,4,5,4,5,4,5,4,6,5,6,3,4,5,5,4,5,5,6,5,7,1,0,4,4,1,0,1,0,1,0,2,4,3,3,4,3,2,4,4,3,4,2,4,4,4,4,3,6,1,2,1,2,0,5,5,4,4,3,4,5,4,4,4,3,4,4,2,4,5,4,3,2,4,2,4,3,3,4,3,3,4,5,4,5,4,3,5,4,2,2,2,2,2,2,2,2,2,1,4,2,2,2,2,9,8,8,8,9,7,7,3,3,1,30,4,1,1,1,40,3400,3200,0,140206,건축기사 건설안전기사 건축물 안전 대한 강건,토목공학
30829,3,3,3,2,3,2,2,1,3,2,3,3,2,2,4,5,3,4,3,3,4,4,3,3,2,2,4,4,3,3,3,3,2,2,2,2,4,5,3,3,4,5,3,3,3,4,2,2,3,2,3,4,4,5,4,5,4,5,3,5,2,2,3,4,3,4,4,5,5,5,5,5,4,4,4,4,3,4,3,4,4,6,3,3,3,4,2,3,2,2,2,2,1,2,3,2,2,2,3,2,2,3,4,1,2,2,0,6,1,2,2,2,3,2,2,3,9,9,9,3,4,2,2,4,4,3,4,2,2,3,3,5,3,3,4,4,3,4,2,3,5,5,2,2,2,2,2,2,2,2,2,3,1,2,2,2,2,8,7,6,3,4,4,6,7,5,1,60,1,2,6,1,48,0,0,4000,823101,자동화,0
30830,4,6,4,6,3,5,2,6,2,4,3,4,1,0,4,5,3,4,3,2,4,6,3,4,4,6,5,6,3,5,3,4,1,0,1,0,2,3,4,5,4,5,4,5,2,3,1,0,1,0,1,0,3,4,3,5,4,6,4,5,3,3,3,5,4,5,3,4,3,3,3,4,1,0,2,4,3,3,3,4,4,4,2,3,4,3,3,2,4,4,4,3,4,1,4,4,4,3,2,4,3,17,1,2,1,1,2,7,4,4,4,4,5,5,3,3,3,3,4,3,2,5,4,4,4,3,2,2,4,5,4,4,4,4,4,3,3,4,4,3,4,4,2,2,1,2,2,1,2,2,2,1,4,3,3,3,2,2,1,1,4,3,2,8,3,3,1,34,4,1,1,1,45,3300,2400,0,306201,방사선 초음파비파괴검사기사 방사선사면허 방사선기계 숙달 노후 기계 교체 건강검진 수요 계속 증가,방사선학
30831,3,3,3,3,2,2,3,3,2,2,2,2,2,2,4,6,3,3,2,3,3,3,2,2,3,3,2,2,2,2,1,0,1,0,1,0,3,3,2,2,2,2,3,3,4,4,2,2,2,3,3,3,3,3,1,0,3,3,3,3,2,2,3,3,3,3,3,3,3,3,3,4,3,3,3,3,2,3,4,4,3,3,3,3,3,3,4,4,3,4,2,2,3,2,4,2,2,3,3,3,3,3,1,5,2,2,0,3,2,2,1,2,3,4,2,3,2,3,4,3,3,5,3,4,5,3,4,5,2,2,4,4,3,2,2,4,4,5,4,3,5,4,2,2,2,2,2,2,2,2,2,2,2,3,3,3,2,7,7,7,5,3,8,8,5,3,1,47,2,1,1,1,40,4600,2500,0,852301,인건비 해외 공장 이전,기계
30832,3,2,3,3,2,3,3,5,3,3,3,5,3,3,3,3,3,5,4,4,2,2,2,2,4,6,4,5,2,3,3,3,3,5,3,2,3,4,3,5,4,4,3,3,2,2,3,5,4,5,3,3,4,5,4,4,4,5,3,3,3,3,3,3,2,2,3,3,3,3,3,3,3,3,3,3,3,3,3,3,3,3,3,3,4,4,3,3,4,4,3,4,4,3,4,4,3,4,4,3,3,13,1,2,2,2,0,7,3,3,4,3,2,4,4,3,4,4,4,4,3,3,3,4,4,3,4,3,3,4,3,4,3,4,4,3,4,4,4,3,5,3,2,2,2,2,2,2,2,2,2,1,3,3,3,3,1,9,8,5,2,5,5,8,5,5,1,44,4,1,1,1,52,5150,3200,0,154201,시험 분석 사람 일이,대학교 화학
30833,3,3,2,4,1,0,3,4,2,3,2,3,1,0,2,3,5,5,3,4,4,5,2,4,3,3,3,4,1,0,2,4,3,3,1,0,1,0,2,3,3,4,2,4,1,0,2,4,1,0,2,5,5,6,4,5,3,3,4,5,4,4,2,3,2,3,2,3,4,5,2,5,2,3,3,3,2,3,4,4,2,3,3,4,2,3,3,6,3,2,4,2,3,3,4,4,3,3,4,3,3,6,1,2,1,2,0,4,5,3,4,4,4,3,4,4,5,4,5,5,3,3,4,4,4,3,4,4,3,3,3,4,4,5,4,3,4,4,4,3,4,5,1,2,2,2,2,2,2,2,2,2,2,2,2,2,1,6,4,5,6,7,6,5,4,7,1,48,4,2,5,1,40,0,0,5500,140204,건축 설비기사 기술 개발 업무 능력 대화 인공 지능 발전 인원 감축,건축설비
30834,2,4,2,3,1,0,2,3,3,3,3,3,2,4,2,3,3,3,3,3,2,4,2,3,2,4,2,3,3,3,2,4,2,3,2,4,2,4,2,3,2,3,3,2,3,3,2,4,2,3,2,3,2,3,2,3,3,3,2,4,2,4,2,3,2,3,3,5,4,5,3,4,4,4,4,5,3,5,4,4,4,5,3,5,5,5,4,4,5,4,4,3,3,3,3,4,3,3,4,3,4,14,1,2,1,2,0,3,2,3,4,4,3,2,4,5,4,4,4,5,3,3,4,3,4,4,3,3,3,4,3,4,3,3,3,4,5,4,3,3,3,3,2,2,2,2,2,2,2,2,2,3,3,3,3,3,1,7,3,4,5,3,7,7,3,4,1,45,2,1,1,1,43,4500,2800,0,811401,공조기운전원 수요 예상,기계
30835,4,6,3,5,3,5,3,4,4,6,4,5,3,5,3,4,3,3,2,3,3,3,2,3,3,3,4,5,3,3,3,3,2,3,2,3,3,3,3,3,3,4,3,4,2,3,1,0,2,3,2,3,3,3,2,3,2,3,2,3,3,4,3,4,2,3,2,3,2,2,3,4,1,0,2,3,2,3,3,3,2,2,1,0,3,4,3,3,4,3,3,3,4,2,3,3,4,4,4,4,3,6,1,2,2,2,0,3,5,4,3,4,3,4,4,4,3,3,3,4,4,3,2,4,3,4,4,3,2,3,3,3,4,3,3,3,3,4,3,4,3,4,2,1,2,2,2,1,1,1,1,3,2,2,2,3,1,4,6,5,5,6,6,6,5,3,1,43,4,1,1,1,40,5400,2800,0,155203,사내 그룹 웨어 변경 별도 교육 해당 관련,환경공학
30836,4,5,4,6,4,5,4,6,3,5,3,6,2,4,4,6,4,4,3,4,2,4,3,4,3,4,3,4,3,4,3,4,3,4,3,4,3,4,2,3,3,4,3,5,3,4,2,4,3,4,3,4,2,3,1,0,3,4,1,0,3,4,3,4,3,3,1,0,1,0,3,4,2,3,1,0,3,3,2,3,1,0,2,2,3,4,3,3,3,4,3,3,3,3,5,3,3,4,4,4,2,13,2,2,1,1,1,3,4,3,3,3,4,4,3,3,3,3,3,3,3,3,3,4,4,3,3,2,3,3,4,4,3,4,3,4,4,4,3,4,5,4,2,1,2,2,2,1,2,2,2,2,3,3,3,3,1,8,8,8,8,8,5,7,6,4,2,34,4,1,1,1,40,4500,3000,0,157201,식품기사 업무관련법 교육 검사 시스템 변화 업무 관련 재개 기계 장비 대체 부분 때문 변화,식품공학
30837,3,3,4,3,2,3,3,2,1,0,2,3,1,0,3,3,2,3,4,3,1,0,2,4,3,3,1,0,3,4,3,3,3,2,1,0,1,0,4,5,3,3,3,3,5,4,1,0,2,2,1,0,1,0,2,3,3,2,1,0,1,0,1,0,3,2,2,2,1,0,1,0,1,0,4,5,3,3,4,4,4,4,4,3,3,5,2,2,2,3,5,2,1,1,3,3,2,3,2,3,3,14,1,2,1,2,0,7,2,3,2,2,3,2,3,3,2,3,3,3,3,2,2,4,3,3,4,3,3,2,4,5,1,2,2,4,4,5,3,2,4,3,2,2,2,2,2,2,2,2,2,1,4,1,1,1,2,5,4,5,5,6,5,5,5,5,1,29,3,1,3,2,40,2500,2400,0,512301,장례지도사 매년 사망자 증가,장례지도학
30838,2,2,2,1,2,2,2,1,3,3,2,2,2,2,3,4,2,4,2,2,2,2,3,4,2,1,3,5,3,3,2,2,2,2,2,3,3,4,2,1,3,3,3,3,3,3,2,2,2,2,3,3,3,2,3,4,4,6,3,4,2,2,3,4,4,4,4,5,4,5,5,5,4,4,3,4,3,4,3,3,4,4,3,4,3,4,3,3,2,2,3,2,2,1,2,2,2,2,3,2,3,3,1,3,2,2,0,2,1,3,2,2,3,2,1,4,3,4,4,4,3,2,2,4,4,2,4,2,4,3,2,4,3,2,3,4,2,4,3,3,4,4,2,2,2,2,2,2,2,2,2,1,2,3,3,3,2,8,5,6,2,2,2,7,7,6,1,30,2,1,1,1,40,2500,2000,0,823101,자동화 기기,전기
30839,3,2,3,1,2,2,3,3,2,2,1,0,1,0,1,0,3,2,2,3,1,0,2,3,2,3,2,3,3,3,3,3,2,2,2,3,2,2,2,2,2,2,2,2,3,3,2,2,2,2,2,2,2,2,1,0,2,2,2,3,1,0,2,2,2,2,3,2,2,2,2,2,2,2,3,3,3,4,2,3,5,4,3,3,4,4,3,3,3,2,3,3,4,1,3,2,2,2,3,2,3,19,1,1,2,2,0,5,1,5,3,2,4,3,4,4,3,4,3,4,2,4,4,4,2,4,4,2,4,4,3,4,2,3,4,3,4,3,3,4,4,5,2,2,2,2,2,2,2,2,2,1,3,3,2,2,2,3,5,6,5,4,6,5,4,6,1,37,2,1,3,1,45,3000,2600,0,702201,건축 시장 변화,용접
30840,2,4,3,5,2,2,4,6,2,4,5,6,2,3,2,5,3,6,1,0,4,5,4,6,4,5,3,5,4,4,2,3,4,5,4,4,3,5,4,5,4,5,2,4,3,3,2,3,1,0,2,4,1,0,1,0,1,0,1,0,3,4,1,0,1,0,1,0,1,0,1,0,1,0,1,0,1,0,1,0,1,0,1,0,1,0,5,7,5,5,1,2,3,4,5,2,3,4,3,3,2,11,1,4,2,2,0,7,4,3,1,1,3,4,3,3,3,3,4,3,3,4,3,4,4,4,4,2,4,4,4,5,5,5,5,5,5,5,5,5,5,3,2,2,2,2,2,2,2,2,2,1,3,1,1,1,1,6,7,8,1,2,3,6,8,9,2,39,3,1,1,1,40,3200,2000,0,29201,대면,의무행정
30841,4,5,3,4,3,4,4,5,4,6,5,6,5,6,4,5,4,5,3,4,4,5,3,4,3,4,4,5,4,5,3,4,5,6,4,6,2,2,4,5,4,5,5,6,3,4,1,0,1,0,1,0,4,5,5,6,4,5,3,4,5,7,3,4,3,3,2,2,1,0,1,0,1,0,2,2,1,0,1,0,1,0,1,0,4,5,1,0,3,3,4,2,5,4,4,3,2,4,3,3,4,13,1,2,2,2,0,7,5,5,4,4,5,4,4,3,4,4,4,3,2,4,4,2,2,2,2,4,3,5,2,4,4,4,4,4,4,5,4,3,5,3,2,2,2,2,2,2,2,2,2,1,3,3,3,3,2,2,1,2,2,8,8,9,8,2,2,37,4,1,1,1,45,4200,3100,0,415504,변화,시각디자인
30842,3,2,3,3,2,2,2,1,2,2,2,2,4,5,4,5,3,3,3,3,2,2,2,3,2,2,3,3,3,3,3,3,2,1,2,3,3,4,4,5,4,4,3,3,3,3,3,3,3,2,2,2,2,2,4,5,3,4,3,4,3,3,2,3,3,3,3,2,3,2,3,2,4,4,4,5,4,5,3,3,3,4,2,2,4,6,3,4,4,4,2,3,4,2,4,4,3,4,4,3,4,3,1,3,2,2,0,2,2,4,4,3,4,4,3,4,3,4,4,4,2,4,4,4,2,3,3,4,3,2,3,4,4,3,4,3,4,3,2,2,3,4,2,2,2,2,2,2,2,2,2,1,2,3,3,3,2,8,6,7,2,3,3,7,6,5,1,25,2,1,1,1,40,2300,2000,0,823101,자동화 기계 도입,기계
30843,3,4,3,4,3,3,3,4,4,5,3,5,3,5,4,5,3,4,4,6,3,5,3,3,4,5,4,6,4,5,4,5,4,5,4,4,2,2,2,3,5,6,4,5,4,5,3,3,4,5,4,5,3,4,2,3,3,4,3,4,2,3,4,5,3,4,4,5,3,4,3,4,3,4,3,4,3,4,4,5,4,5,4,5,3,5,2,5,3,4,2,4,4,2,3,4,2,2,3,2,2,6,1,4,1,2,0,7,5,5,4,4,5,4,4,4,4,4,3,4,1,4,4,4,3,4,4,4,4,4,4,4,5,5,4,4,4,5,5,4,4,4,2,2,2,2,2,2,2,2,2,1,2,2,2,2,2,4,5,3,3,4,4,8,4,3,1,49,4,1,1,1,50,6500,3500,0,140301,도로및공항기술사 인구 감소 건설 경기 하락,토목공학
30844,2,2,2,2,2,1,2,3,1,0,1,0,1,0,3,4,3,4,4,3,1,0,2,3,3,3,1,0,2,1,2,3,1,0,1,0,1,0,3,4,2,3,2,2,3,4,1,0,1,0,1,0,1,0,1,0,1,0,1,0,1,0,1,0,1,0,1,0,1,0,1,0,1,0,1,0,2,3,1,0,3,4,2,3,3,3,3,3,3,2,3,2,2,1,1,1,2,1,1,2,3,7,3,2,2,2,0,7,1,3,1,1,4,2,2,2,1,2,2,2,5,2,1,3,3,2,2,4,3,5,2,4,2,2,4,4,2,4,3,4,5,3,2,2,2,2,2,2,2,2,2,2,3,3,3,3,2,9,9,9,8,9,9,8,3,3,1,42,2,1,1,1,52,2200,1800,0,562301,산업화 시대 계속 주차공간 주차 사업 계속,인문계
30845,1,0,3,3,3,4,1,0,1,0,3,4,4,5,3,3,4,5,3,4,3,4,3,3,4,5,3,4,1,0,2,3,1,0,1,0,2,3,1,0,3,3,4,5,3,4,4,4,4,5,2,3,4,4,1,0,3,3,3,3,1,0,3,3,4,4,4,5,4,4,4,4,1,0,4,4,4,4,1,0,4,5,3,3,4,4,1,0,4,3,4,3,4,2,2,3,3,4,4,4,4,3,1,1,2,1,4,4,2,4,3,3,4,4,3,3,9,9,9,3,2,3,4,3,4,3,4,3,4,3,4,4,3,4,4,5,4,5,3,3,4,3,2,2,2,2,2,2,2,2,2,1,3,2,2,2,2,3,8,4,7,4,7,3,7,2,1,49,4,2,5,1,40,0,0,5000,881101,기계 조작 변동 직종,행정학
30846,4,6,5,6,5,6,4,6,5,6,5,6,4,6,5,5,4,6,4,6,4,6,4,5,4,5,4,6,3,4,3,4,4,5,4,6,4,5,3,5,3,5,4,5,3,5,4,5,4,6,3,4,3,5,3,4,1,0,1,0,1,0,3,3,1,0,1,0,1,0,1,0,1,0,1,0,1,0,1,0,1,0,1,0,2,2,2,2,3,3,3,3,3,4,4,3,3,4,4,3,4,15,2,4,2,2,0,4,5,3,3,3,4,4,4,4,4,4,4,4,3,3,3,3,3,3,3,2,3,4,4,3,3,3,3,3,4,4,2,3,3,4,2,2,2,2,2,2,2,2,2,2,3,3,3,3,2,3,5,5,5,5,5,4,4,4,1,57,4,1,1,1,40,6300,3200,0,110203,상태 유지,사회학
30847,4,5,4,6,5,6,4,6,3,4,3,4,5,7,3,3,4,5,3,4,4,5,2,3,3,4,4,6,4,5,4,5,4,5,4,5,2,3,2,3,3,4,3,4,3,3,3,4,3,4,3,4,3,4,3,4,3,4,3,4,3,4,3,4,3,4,3,5,3,4,4,4,3,4,3,5,3,4,4,5,4,5,3,4,4,5,4,5,4,3,3,3,4,3,2,4,3,4,3,3,4,18,1,2,2,2,0,2,5,3,3,4,3,2,3,4,4,5,4,4,2,3,4,3,3,4,3,3,3,3,4,3,4,4,3,3,4,4,4,4,4,4,2,2,2,2,2,2,2,2,2,2,3,3,3,3,2,7,6,6,5,6,6,6,6,6,1,37,4,1,3,2,46,3800,2800,0,416102,지금 동일,연극영화
30848,2,2,4,3,2,2,3,3,3,3,2,3,2,2,2,2,3,3,3,3,3,3,2,2,4,4,1,0,4,3,4,3,4,3,4,5,2,2,4,4,3,3,3,3,3,3,1,0,2,2,1,0,2,2,1,0,1,0,1,0,1,0,1,0,1,0,2,2,2,1,2,1,1,0,1,0,3,3,3,3,3,3,2,2,3,3,4,3,3,2,4,2,3,2,1,4,2,2,2,3,5,7,4,1,2,2,0,1,1,2,1,1,3,2,1,2,9,9,9,2,4,2,2,4,3,2,5,3,2,1,2,4,2,3,3,2,3,4,4,2,4,4,2,2,2,2,2,2,2,2,2,1,2,2,2,2,2,7,8,9,8,9,9,2,5,8,2,63,1,2,6,1,54,0,0,1800,615501,좀더 분위기 직장 사람,0
30849,5,7,5,7,5,7,2,2,1,0,5,6,5,7,5,7,5,6,1,0,5,7,2,2,5,6,4,5,3,4,3,4,3,4,3,4,1,0,1,0,5,5,5,6,3,4,1,0,1,0,1,0,1,0,1,0,1,0,1,0,5,6,1,0,1,0,1,0,1,0,1,0,1,0,1,0,1,0,1,0,4,5,1,0,5,6,3,2,3,2,4,4,4,5,5,4,4,4,5,4,4,16,5,6,2,2,0,6,7,4,2,2,5,5,4,4,4,4,4,4,1,5,5,3,4,4,5,2,5,4,4,5,4,5,3,5,5,4,3,4,5,5,2,2,2,2,2,2,2,2,2,1,2,2,2,2,1,9,8,8,8,8,8,7,9,7,1,59,6,1,1,1,40,7000,4000,0,411102,인구 감소 소설 하향 산업,문예창작
30850,2,2,3,4,2,2,3,4,4,6,3,4,1,0,4,6,4,6,4,5,5,5,4,5,4,5,4,6,4,6,4,5,4,5,5,6,4,6,3,3,4,6,3,5,4,5,1,0,1,0,1,0,3,5,4,5,2,5,1,0,1,0,1,0,1,0,3,4,4,5,1,0,1,0,1,0,4,5,4,5,1,0,1,0,4,5,4,5,3,4,5,4,4,3,4,4,4,3,4,4,4,18,1,3,1,1,2,2,5,3,4,5,4,5,5,4,4,5,4,4,4,4,5,5,4,4,5,4,4,4,4,4,4,4,5,5,4,4,4,5,5,4,2,2,2,2,2,2,2,2,2,1,3,2,2,2,2,3,7,6,5,7,5,6,6,4,1,42,4,1,1,1,60,7500,2900,0,420301,야구심판 자격증 경기 현장 실습교육 차이,체육학
30851,5,6,5,6,5,6,5,6,4,5,4,5,5,6,5,6,4,5,4,5,4,5,2,3,4,5,3,4,3,4,4,5,4,5,4,4,4,5,4,5,4,4,4,5,4,5,3,4,4,5,4,5,2,2,2,2,2,2,2,2,2,3,3,3,2,2,2,2,2,3,3,3,3,4,2,2,2,2,3,4,3,4,4,4,4,5,3,4,4,4,3,3,4,4,4,4,3,4,4,3,4,15,2,2,1,1,4,4,5,4,4,3,4,4,4,4,5,4,5,5,2,3,4,3,3,4,4,4,4,3,3,4,4,3,3,4,4,4,4,3,4,3,2,2,2,2,2,2,2,2,2,1,4,3,3,3,2,7,4,4,5,6,5,7,6,5,1,52,4,1,1,1,40,5000,3000,0,221401,변리사 집합 교육 연봉,경영학
30852,2,2,3,4,1,0,3,5,3,4,2,3,3,4,3,4,2,4,2,2,3,4,3,4,2,2,4,5,3,2,3,4,2,1,2,1,3,4,4,5,4,3,2,2,4,5,1,0,4,6,3,4,3,4,1,0,2,2,1,0,1,0,4,5,4,3,2,4,3,4,3,5,2,3,4,6,4,5,3,4,4,5,3,4,3,4,2,3,3,3,4,3,2,2,3,4,3,4,2,2,3,9,1,1,1,1,2,2,2,2,3,3,4,4,3,3,3,4,5,4,2,4,3,4,4,4,3,3,4,3,3,4,3,5,3,3,4,4,4,3,4,4,2,2,2,2,2,2,2,2,2,2,3,3,2,2,2,7,8,7,6,4,2,5,6,6,2,34,3,1,1,1,40,2800,2200,0,871101,제빵기능사 제과기능사 제빵 기술 습득 비량,미술학
30853,5,6,5,6,5,6,4,5,4,5,5,6,4,5,4,4,4,6,3,5,4,5,5,6,4,5,4,6,4,4,3,4,4,4,3,4,4,5,4,6,4,5,3,4,4,4,4,5,4,5,3,5,4,4,3,4,3,3,3,4,3,4,4,4,3,4,1,0,1,0,1,0,4,6,2,3,1,0,2,4,2,4,2,3,3,4,3,4,4,3,4,4,3,4,5,4,3,4,4,3,4,15,2,5,2,2,0,6,5,4,4,3,5,4,4,4,3,4,4,4,1,4,3,3,2,3,2,1,4,4,4,4,4,3,3,2,4,5,5,3,4,4,2,2,2,2,2,2,2,2,2,1,3,3,3,3,2,6,6,5,4,4,3,6,5,5,1,60,4,1,1,1,45,7800,4500,0,12101,향후 변동,행정학
30854,4,3,5,4,5,5,4,3,5,3,5,4,5,6,5,6,5,4,5,6,5,3,5,4,5,2,5,3,4,3,5,3,5,3,5,3,4,4,5,3,5,5,5,3,5,3,5,3,5,2,5,4,5,6,5,6,5,5,5,4,5,4,5,5,5,4,5,5,5,5,5,4,5,3,5,4,5,4,4,3,5,6,5,4,5,6,5,4,4,3,4,3,4,2,4,3,2,4,3,5,4,3,1,4,2,2,0,5,5,4,2,2,4,4,2,3,3,3,5,3,2,3,3,4,5,4,4,4,4,5,2,5,3,5,4,4,5,5,4,4,5,4,1,1,1,1,2,1,2,1,1,4,4,3,3,3,2,8,8,1,5,3,3,7,3,2,1,45,4,1,1,1,55,7500,3000,0,152101,컴퓨터 프로그램 도입 사용 업무 능력 공정 정밀도 정밀 정성 작업 작업 이유 자동화 생산 증대 완성 제품 처리 과정,금속학
30855,5,4,4,5,2,4,3,4,5,3,2,5,3,4,3,4,3,3,3,4,2,2,3,4,3,3,4,5,4,4,4,6,3,4,2,3,3,4,3,4,4,4,1,0,3,3,1,0,1,0,1,0,2,3,1,0,1,0,1,0,2,2,1,0,1,0,1,0,1,0,1,0,1,0,1,0,1,0,1,0,2,2,1,0,2,2,3,3,2,2,2,2,2,3,2,2,2,2,2,3,1,7,1,5,2,2,0,7,2,2,1,1,3,2,3,3,2,3,3,3,3,2,2,5,4,2,3,2,5,4,3,4,2,3,3,4,4,4,3,3,4,4,2,1,1,2,1,1,1,1,1,2,1,2,2,2,2,5,5,5,3,3,3,6,4,4,2,38,2,1,1,1,48,2500,2200,0,616101,무인 계산기 도입 코드 삼성 페이 카카오 페이 결제 방식 일자리 감소 무인 계산기 도입 인원 감축,상고
30856,2,3,2,3,2,3,2,4,1,0,2,3,1,0,3,6,3,5,2,4,2,3,2,5,3,5,2,3,1,0,1,0,1,0,1,0,1,0,4,4,2,4,3,4,3,4,1,0,3,4,2,3,2,3,1,0,1,0,1,0,2,5,1,0,1,0,1,0,1,0,1,0,1,0,1,0,1,0,1,0,4,5,3,5,2,4,2,5,5,5,4,3,4,1,5,1,4,2,3,4,5,10,2,4,1,2,0,7,2,3,1,1,5,3,5,4,4,4,4,4,3,5,3,4,3,2,1,5,4,5,1,5,3,4,2,3,2,5,3,2,5,4,2,2,2,2,2,2,2,2,2,2,2,2,2,2,2,7,8,6,3,2,1,3,7,6,1,41,2,1,1,1,40,5700,2300,0,624201,원동기면허 인터넷 쇼핑 증가,문과
30857,2,2,3,3,2,3,3,4,1,0,2,3,3,4,2,4,2,3,3,4,2,4,3,3,3,4,1,0,5,5,3,4,3,4,2,4,1,0,5,4,2,4,3,4,5,3,3,4,3,4,1,0,3,4,1,0,3,4,1,0,1,0,1,0,2,3,3,4,2,3,1,0,1,0,5,3,3,4,2,3,3,3,3,4,3,4,2,3,4,4,5,3,3,2,4,3,4,3,3,2,4,19,4,1,1,1,1,6,1,2,2,1,4,4,2,3,9,9,9,3,2,4,4,4,3,3,2,2,3,4,2,4,2,4,4,4,3,4,4,4,4,5,2,2,2,2,2,2,2,2,2,2,1,2,2,2,2,9,9,5,6,6,5,7,3,3,1,51,2,2,6,1,50,0,0,2400,511101,미용사 자격증 고객응대 방법과 새로운 머리 유형 연구 교육 미장원 증가 고객 감소 때문,인문계
30858,3,4,2,2,2,2,3,4,2,3,2,2,1,0,1,0,2,3,2,2,3,3,4,5,3,3,1,0,3,3,2,2,2,3,3,3,5,6,1,0,1,0,1,0,2,3,3,3,1,0,1,0,1,0,1,0,1,0,1,0,4,5,1,0,1,0,1,0,1,0,1,0,1,0,1,0,1,0,1,0,1,0,2,2,2,2,2,3,3,3,4,3,4,4,4,2,3,3,4,4,2,16,5,2,2,2,0,2,3,2,2,2,4,3,3,2,9,3,3,3,4,3,3,2,2,4,3,1,3,3,4,3,2,2,2,2,2,2,2,2,3,4,2,2,2,2,2,2,2,2,2,1,4,2,2,2,1,8,5,3,2,2,5,2,2,5,2,30,4,1,3,1,40,2135,1683,0,212901,증가,컴퓨터공학
30859,5,6,4,6,4,5,4,5,4,6,4,6,3,5,4,6,3,5,2,5,4,6,4,6,4,5,4,5,2,5,3,5,3,5,4,5,2,5,2,5,4,5,4,5,5,6,3,5,5,6,4,5,5,6,3,6,5,6,3,6,3,5,5,5,5,4,5,4,5,4,4,5,3,5,4,5,2,5,2,4,2,3,3,5,3,5,3,3,5,4,3,3,4,2,5,3,2,4,3,3,5,13,2,6,1,1,6,5,4,3,3,3,2,5,4,3,3,3,3,3,4,1,3,4,4,4,2,1,4,2,5,5,2,5,4,5,5,5,5,4,5,5,2,2,2,2,2,2,2,2,2,3,2,3,3,3,1,8,8,8,6,6,7,5,5,5,2,25,4,1,1,1,40,3500,2400,0,155401,환경측정분석사 수질환경기사 토양환경기사 실험관련 교육 시험 장비 발달 인력 감축 예상,환경공학
30860,4,5,3,4,2,3,3,4,3,3,4,4,2,3,3,3,3,3,3,3,4,4,4,4,3,4,4,5,4,4,3,3,2,3,2,3,4,4,4,4,3,4,3,3,2,3,2,2,3,3,4,5,4,4,4,4,5,5,5,4,2,3,3,3,4,4,5,5,4,4,4,4,4,4,2,3,3,2,3,4,2,3,2,3,3,3,2,2,4,3,3,4,4,2,4,4,3,4,4,3,3,6,1,2,1,2,0,5,5,4,4,4,4,5,4,3,3,3,4,3,2,4,5,4,3,4,4,3,4,4,3,3,4,5,3,4,4,3,3,3,4,3,2,2,2,2,2,2,2,2,2,1,2,3,3,3,2,7,6,5,3,2,5,4,5,7,1,41,4,1,1,1,40,3400,2100,0,153105,전기공사산업기사 전기응용기술사 시스템 개발,전기공학
30861,3,3,3,3,3,3,3,3,4,5,3,4,2,3,3,4,4,4,2,3,4,5,1,0,2,3,1,0,1,0,1,0,1,0,1,0,1,0,3,3,3,3,4,4,4,4,2,3,3,4,2,2,1,0,1,0,1,0,1,0,2,3,1,0,1,0,1,0,1,0,1,0,1,0,1,0,1,0,1,0,1,0,1,0,1,0,1,0,3,3,2,2,2,4,2,4,3,2,3,3,2,7,1,4,1,2,0,4,3,3,2,2,3,2,3,2,2,3,3,3,3,2,2,4,3,2,3,3,2,3,3,5,3,3,2,3,2,4,2,3,3,4,2,2,2,2,2,2,2,2,2,4,1,3,3,3,1,8,8,8,3,3,3,4,4,4,1,35,4,1,1,1,40,4000,2400,0,28302,전산세무2급 업무 전산 자동화 시스템 개발,무역유통학
30862,4,6,4,6,4,5,4,5,4,6,4,5,4,5,4,5,4,5,4,5,4,4,4,6,4,5,4,5,4,4,4,5,5,5,4,5,4,4,4,5,4,5,4,5,4,6,4,5,4,5,5,5,4,5,4,5,4,6,4,5,4,5,4,5,4,4,4,5,3,5,4,5,4,4,4,5,4,5,4,5,4,5,3,5,4,4,4,5,4,4,3,5,4,4,4,4,4,3,4,4,4,13,1,2,1,2,0,4,5,4,4,3,4,4,4,4,5,4,4,4,4,3,4,4,4,4,4,3,4,4,4,4,4,3,4,5,4,4,4,3,4,4,2,2,2,2,2,2,2,2,2,1,4,3,3,3,1,8,5,6,6,6,7,7,6,7,1,37,4,1,1,1,42,7200,5500,0,221201,변호사 범위 확대 수요 증가,법학
30863,3,4,3,4,2,2,2,2,5,6,4,5,5,7,5,6,4,5,4,5,4,5,2,3,3,4,1,0,1,0,1,0,1,0,1,0,3,4,1,0,3,4,2,2,1,0,1,0,1,0,1,0,5,7,5,7,4,5,4,5,5,7,2,2,2,2,1,0,1,0,1,0,1,0,1,0,1,0,3,4,1,0,1,0,4,5,1,0,5,4,3,4,5,4,4,4,2,5,3,3,4,13,1,2,2,2,0,7,5,5,4,4,4,5,3,3,4,3,4,4,3,3,3,3,3,2,3,4,2,5,4,5,4,4,4,4,4,5,4,3,5,3,2,2,2,2,2,2,2,2,2,1,3,3,2,3,2,3,2,2,2,3,6,7,7,6,2,29,4,1,1,1,40,3200,3000,0,159103,변화,전자통신
30864,2,2,2,2,2,2,2,2,2,2,2,2,2,2,2,2,2,3,3,4,2,2,2,2,2,2,2,2,2,2,2,3,2,2,2,2,2,2,2,2,2,2,2,2,2,2,2,2,2,2,2,2,2,2,2,2,2,3,2,2,2,2,2,2,3,6,2,5,3,4,2,3,2,2,2,2,3,5,2,5,3,4,2,2,2,5,2,2,3,3,3,3,3,2,3,2,2,3,3,3,3,8,1,2,1,1,3,2,2,2,3,2,4,4,3,3,3,4,4,3,3,4,3,3,3,3,3,3,4,4,4,3,3,3,3,3,3,4,3,3,4,4,2,2,2,2,2,2,2,2,2,2,2,2,2,2,2,4,4,6,4,5,4,4,4,5,1,56,2,1,1,1,40,5400,3100,0,621201,항해사 자격증 안전교육 교량 건설 증가,상고
30865,5,6,5,6,5,6,4,6,4,6,5,6,4,6,5,6,5,6,4,6,4,5,4,6,4,6,4,6,4,6,4,5,4,6,4,6,4,6,4,6,4,5,4,6,4,6,5,6,4,6,5,6,5,6,5,6,4,6,5,6,5,6,4,5,4,5,5,7,5,6,5,7,4,6,4,5,5,6,4,6,4,6,4,6,3,4,4,4,3,3,3,2,3,3,4,3,3,4,4,3,3,15,2,5,1,2,0,5,6,3,3,3,4,4,4,3,3,3,3,3,3,3,3,3,3,3,3,3,3,3,4,3,3,3,3,3,3,3,3,3,3,4,2,2,2,2,2,2,2,2,2,2,3,3,3,3,2,2,2,3,2,4,4,2,2,2,1,37,5,1,1,1,48,4200,2800,0,155102,전자공학 석사이상 대체에너지 대한 관심,전자공학
30866,2,1,3,2,3,1,4,1,2,1,3,1,1,0,2,1,3,1,3,1,1,0,3,2,2,1,3,1,4,2,4,1,1,0,1,0,2,2,3,2,1,0,1,0,2,1,1,0,2,1,1,0,1,0,1,0,2,1,1,0,1,0,1,0,3,2,3,2,3,2,3,2,1,0,2,1,2,1,3,1,3,2,3,2,1,0,1,0,2,2,3,3,3,3,3,2,4,4,3,3,3,9,1,2,2,2,0,7,2,3,4,3,3,3,3,3,3,3,4,4,4,3,3,2,3,2,3,3,2,3,3,3,3,3,3,3,4,3,3,4,3,3,2,2,2,2,2,2,2,2,2,3,1,3,3,3,2,7,7,6,5,4,3,5,5,5,2,24,2,1,2,2,20,880,800,0,532101,오스 설치,문과
30867,2,3,3,4,2,2,2,4,1,0,2,2,1,0,3,4,3,5,2,4,1,0,2,4,4,6,3,4,4,4,3,5,3,4,4,5,2,3,5,7,2,2,3,4,2,3,4,5,3,5,2,4,1,0,2,3,2,4,1,0,2,3,4,6,2,2,3,4,2,5,3,5,2,2,3,4,2,4,3,3,4,5,2,4,3,4,2,5,3,3,4,4,2,2,3,3,3,2,3,3,4,7,1,2,2,2,0,2,1,3,2,2,4,3,1,3,3,4,4,4,4,2,2,3,3,4,2,3,4,5,4,5,2,3,3,2,3,5,3,3,4,5,2,2,2,2,2,2,2,2,2,2,2,2,2,2,2,7,5,4,6,5,7,7,4,5,1,59,1,1,1,1,40,3800,2500,0,872101,업종 발전 때문,0
30868,2,2,4,4,2,2,2,2,2,2,2,2,2,2,2,2,2,2,2,2,2,2,2,2,2,2,2,2,2,2,2,2,2,2,2,2,2,2,2,2,2,3,2,3,3,4,2,2,2,2,2,2,2,2,2,2,2,2,2,2,2,2,2,2,2,2,2,2,2,2,2,2,2,2,2,2,2,3,3,3,3,5,2,2,2,3,2,2,4,4,3,3,4,4,3,3,2,3,3,3,3,8,2,2,2,1,1,7,4,2,3,3,3,4,2,4,3,4,3,4,3,3,3,4,4,3,4,4,3,4,4,4,3,3,3,4,4,5,4,4,4,4,2,2,2,2,2,2,2,2,2,2,2,2,2,2,2,6,7,4,4,5,6,5,6,7,2,38,4,1,1,1,43,3800,2000,0,522202,승무직 수행에 필요 지식 기술 태도에 대한 입문교육 인구 감소 여행객 감소 일자리 감소,국어국문
30869,3,3,2,2,2,2,2,2,2,2,4,5,3,4,2,2,3,4,4,5,3,4,1,0,5,6,4,5,2,2,4,5,2,2,2,2,4,5,4,5,4,5,2,2,2,2,2,2,3,3,3,3,2,2,4,5,5,6,4,5,1,0,1,0,1,0,4,5,5,6,4,5,4,5,4,5,4,5,4,5,4,5,4,5,4,5,4,5,5,4,4,4,4,5,4,4,4,4,5,4,4,17,3,3,1,1,3,4,2,5,5,5,3,4,4,4,4,5,5,4,4,4,4,4,3,4,5,4,4,4,3,4,4,5,4,4,4,4,3,4,4,4,2,2,1,2,2,1,2,2,2,1,4,3,3,2,2,8,3,6,5,8,6,7,4,6,1,40,2,1,1,1,40,3800,2200,0,705902,스킨스쿠버 잠수기능사 잠수 안전교육 장비 도입 업그레이드 때문 레저 인구 증가,인문계
30870,4,5,5,6,4,5,5,6,4,5,5,5,3,5,5,5,5,5,1,0,5,6,4,6,4,5,4,6,5,6,5,5,5,6,5,6,4,5,5,6,5,6,5,6,4,5,5,3,4,5,5,5,3,4,1,0,1,0,1,0,4,5,1,0,3,4,1,0,1,0,1,0,4,5,1,0,1,0,1,0,1,0,1,0,3,4,3,3,5,5,1,4,4,2,4,5,3,3,4,4,4,11,1,1,1,2,0,5,2,4,3,3,4,4,4,4,9,9,4,4,2,4,4,4,4,4,3,5,4,3,5,4,4,4,5,5,4,4,4,5,4,5,2,2,2,2,2,2,2,2,2,3,2,2,2,2,1,8,7,7,4,3,4,3,6,5,1,34,4,2,5,1,40,0,0,4800,33201,손해보험대리점 제3보험 전산 발달,금융보험학
30871,2,3,2,1,1,0,2,2,1,0,1,0,1,0,2,3,2,3,2,1,1,0,2,3,2,3,1,0,3,3,2,1,1,0,1,0,1,0,2,3,1,0,1,0,1,0,1,0,1,0,1,0,1,0,1,0,3,3,4,3,1,0,1,0,2,3,4,3,4,2,3,2,1,0,4,4,3,3,4,5,5,5,3,4,3,3,2,2,2,1,2,1,2,1,4,1,1,1,2,2,1,3,1,2,2,2,0,7,1,2,2,1,4,3,3,2,3,3,4,3,3,3,2,3,3,1,2,4,3,4,2,5,3,4,4,4,5,5,2,3,3,4,2,2,2,2,2,2,2,2,2,2,2,3,3,3,2,6,7,6,5,4,5,9,3,5,1,55,2,1,1,1,48,3000,2600,0,826301,건설 경기 침체,상고
30872,3,5,4,5,2,3,4,5,2,3,2,3,4,5,2,3,4,6,2,3,1,0,2,3,4,6,2,3,4,6,4,5,3,4,4,6,4,5,5,7,4,6,4,6,3,4,1,0,1,0,3,4,2,2,2,3,3,5,1,0,3,4,4,5,2,3,3,3,1,0,1,0,2,3,4,5,3,4,4,5,2,3,1,0,2,3,2,3,4,4,4,3,4,2,2,4,2,2,4,3,3,19,1,3,2,2,0,7,5,2,2,2,4,3,3,2,2,3,3,3,2,3,4,4,3,4,2,3,3,4,3,4,4,4,3,5,5,4,3,2,3,4,2,2,2,2,2,2,2,2,2,1,2,2,2,2,1,6,4,5,3,6,4,6,5,4,2,36,3,1,1,1,40,3500,2000,0,512102,결혼 회피 경향 인구 감소,식품영양학
30873,5,5,4,5,5,6,5,5,5,5,5,5,5,5,3,4,4,4,4,4,3,4,4,4,4,4,4,5,4,4,4,5,5,5,5,5,5,5,5,6,5,5,4,4,4,4,4,4,4,4,4,4,4,4,4,4,4,5,4,4,4,4,4,4,4,4,4,4,4,4,4,4,4,5,4,4,4,5,4,4,4,5,4,4,5,5,5,5,5,4,4,4,5,4,4,4,4,3,4,3,4,13,1,1,1,1,4,7,5,5,4,4,4,3,4,3,2,3,4,4,4,3,2,3,3,4,4,3,4,4,4,4,3,4,3,4,3,4,3,4,3,4,2,2,2,2,2,2,2,2,2,2,3,2,2,2,2,8,3,7,2,3,3,7,4,6,1,36,4,1,1,1,44,4000,3100,0,23301,관세사 자격증 실무 연수 나라 무역,행정학
30874,3,4,3,4,3,5,4,5,3,4,2,4,3,4,2,3,3,4,2,3,2,3,4,6,3,4,2,3,3,4,3,4,3,3,2,3,4,6,3,4,3,4,3,4,3,4,2,3,2,3,1,0,1,0,1,0,2,2,1,0,3,4,1,0,1,0,2,3,2,2,2,3,1,0,3,4,2,3,3,3,2,3,3,5,3,4,3,4,4,5,2,3,4,3,4,3,2,4,3,3,4,16,5,2,1,1,4,2,4,4,4,3,2,4,2,4,3,3,4,3,2,5,5,3,3,2,3,3,2,4,2,5,3,3,4,4,3,4,4,3,3,4,2,2,2,2,2,2,2,2,1,1,1,2,1,3,1,7,6,4,3,3,4,4,6,6,2,29,4,1,1,1,40,3000,2300,0,213001,유아교육교사 자격증 보육교사 자격증 학부모 응대와 전화상담 행사준비 유치원내 적응과 신학기 준비등 교육 코로나 보건 교육 관리 출산 감소 유치 원수 감소 인구 절벽 노인 증가,유아교육학
30875,4,5,4,6,4,6,4,5,5,6,5,6,4,6,5,5,4,6,4,6,5,6,5,6,4,6,5,6,4,6,4,6,5,6,5,6,4,6,5,5,5,6,4,6,5,7,5,6,5,7,5,6,4,6,4,6,5,6,5,6,4,6,4,6,4,5,5,6,4,6,5,6,4,6,4,5,4,6,4,6,4,6,4,6,4,6,5,6,4,4,5,5,4,4,4,4,4,4,5,4,4,17,2,5,1,1,3,6,6,4,4,4,4,5,4,5,5,5,5,5,2,4,4,4,4,4,4,5,5,4,4,4,4,5,4,4,4,4,4,4,4,4,2,2,2,2,2,2,2,2,2,1,1,3,3,3,2,6,6,5,5,6,5,6,5,7,2,52,5,1,1,1,40,6200,5000,0,13401,간호사 직무교육 의료 기관,간호학
30876,3,5,4,4,2,3,5,4,1,0,3,3,2,3,3,4,3,3,3,3,2,4,5,7,2,3,5,6,5,5,4,4,3,3,3,4,4,4,2,4,3,3,3,4,4,2,1,0,1,0,1,0,4,4,3,4,3,4,3,4,2,3,1,0,2,3,1,0,1,0,1,0,1,0,1,0,1,0,1,0,1,0,2,2,3,4,2,2,4,5,5,3,4,4,2,3,3,3,3,3,5,16,5,2,2,2,0,7,5,4,5,4,4,4,3,3,2,3,4,4,3,4,3,5,4,2,4,2,4,2,4,4,4,3,4,4,4,5,4,2,4,4,2,2,2,2,2,2,2,2,2,2,2,2,2,2,2,5,3,3,2,4,4,3,3,8,1,35,4,1,1,1,40,3000,2300,0,214102,인터넷 강의 전문 상품,영어영문학
30877,3,5,3,5,3,5,3,5,3,5,3,5,2,3,2,3,3,5,3,5,4,5,4,5,3,5,3,4,4,6,4,5,4,5,3,5,4,5,3,5,3,5,3,5,3,5,3,5,3,5,3,4,3,4,3,4,3,4,3,4,3,4,2,4,2,4,3,3,2,3,2,3,3,4,2,3,2,3,2,3,2,4,2,3,3,4,4,4,3,3,3,4,4,4,4,4,4,3,4,4,4,18,1,2,2,1,4,5,3,4,4,3,4,4,4,4,3,3,4,4,3,4,4,4,4,3,4,4,4,4,2,5,4,4,4,5,4,4,4,5,4,4,2,2,1,2,2,2,2,2,2,1,2,2,2,2,1,7,6,7,3,3,3,6,7,5,1,36,4,1,3,2,45,4600,2800,0,416401,촬영기법 영상 기계 기술 발달 코로나 작품,전자통신
30878,1,0,1,0,1,0,1,0,1,0,1,0,1,0,2,3,1,0,1,0,1,0,2,2,2,1,1,0,1,0,1,0,1,0,1,0,2,2,1,0,1,0,1,0,1,0,1,0,2,2,1,0,2,2,2,2,3,3,3,3,1,0,1,0,3,3,3,4,3,4,3,3,1,0,1,0,3,3,3,3,4,5,3,3,2,2,2,3,2,2,3,3,2,2,3,2,3,2,2,2,3,1,1,2,2,2,0,7,2,3,3,3,3,2,2,3,9,9,9,3,3,3,3,3,3,3,3,3,3,3,3,2,2,2,1,1,2,3,2,2,3,3,2,2,2,2,2,2,2,2,2,2,3,3,3,3,2,4,6,4,5,3,4,3,3,3,1,38,3,1,1,1,40,2905,2400,0,873201,변화,기계
30879,2,3,3,4,1,0,1,0,2,3,1,0,1,0,2,2,1,0,1,0,1,0,1,0,1,0,1,0,1,0,2,2,1,0,1,0,1,0,1,0,3,2,1,0,2,2,1,0,1,0,1,0,1,0,1,0,3,3,1,0,2,2,1,0,4,4,1,0,1,0,3,3,1,0,1,0,3,3,1,0,1,0,1,0,2,3,1,0,2,2,3,3,3,2,4,1,3,3,2,2,2,3,1,5,1,1,1,7,5,3,3,3,3,3,3,2,3,3,3,3,2,3,3,4,3,2,2,3,4,4,3,4,2,3,3,3,2,4,2,3,4,3,2,2,2,2,2,2,2,2,2,2,3,3,3,3,2,6,7,7,6,6,5,5,3,3,1,38,4,1,1,1,45,3300,3000,0,835201,전기기능사 안전교육 수요 변화,전자공학
30880,3,3,3,3,2,2,4,4,3,4,3,5,2,2,3,4,3,3,3,5,1,0,1,0,4,4,4,6,4,4,5,5,5,6,3,5,3,5,5,5,4,4,3,3,1,0,3,5,2,2,2,2,1,0,1,0,1,0,1,0,3,3,3,3,3,4,1,0,2,1,2,3,1,0,1,0,1,0,1,0,2,2,1,0,2,2,3,3,4,2,2,4,3,2,2,3,2,2,2,3,4,7,4,2,2,2,0,6,2,3,3,2,4,3,2,3,2,3,3,3,3,4,2,3,3,2,5,3,2,2,3,5,3,4,3,2,4,4,4,2,4,5,2,2,2,2,2,2,2,2,2,1,3,3,2,2,2,7,7,7,4,3,4,3,3,7,1,41,3,1,4,1,45,4350,2800,0,614001,관리자,사회학
30881,5,6,5,7,5,7,5,7,5,7,5,7,5,6,5,6,5,6,4,6,5,6,5,7,5,6,2,2,5,6,4,6,2,2,1,0,3,3,5,7,5,6,5,6,5,6,2,1,2,1,2,1,4,6,4,6,4,6,5,7,5,7,5,7,5,7,4,6,5,6,5,6,4,6,4,6,4,6,1,0,1,0,2,1,4,5,3,3,5,5,5,4,4,5,4,5,4,5,4,4,4,13,2,4,2,2,0,2,5,5,4,4,5,4,3,4,3,3,4,4,1,5,4,3,4,3,5,4,3,4,4,4,3,5,4,3,4,5,4,3,4,3,2,2,2,2,2,2,2,2,2,2,3,3,3,3,2,7,6,5,4,3,4,5,5,5,1,35,4,1,1,1,40,4000,3500,0,121201,과학 분야 연구 자연과학 동반 긍정 적임,해양학
30882,3,3,3,3,3,4,4,5,2,2,4,6,3,4,4,6,2,2,2,2,3,4,4,5,4,5,4,6,4,4,4,4,3,4,4,5,4,6,4,5,4,6,4,5,2,2,2,2,1,0,5,6,1,0,1,0,1,0,1,0,1,0,1,0,1,0,1,0,1,0,1,0,1,0,1,0,1,0,1,0,1,0,1,0,1,0,1,0,4,3,2,3,3,4,5,2,3,3,4,4,4,15,2,6,1,2,0,7,5,4,5,4,4,3,4,4,4,3,4,4,2,4,5,4,3,5,4,3,5,4,2,4,5,4,3,4,4,4,5,4,4,3,2,2,2,2,2,2,2,2,2,1,3,3,3,3,1,7,5,5,3,7,4,9,7,3,1,45,4,1,1,1,40,6500,3200,0,12101,행정고시 공적 업무 수요 상황 지속,건축
30883,4,6,4,6,4,5,4,5,4,5,3,4,3,4,3,3,4,5,3,3,4,5,4,5,4,5,4,5,2,3,3,4,3,4,3,4,4,5,3,4,4,5,4,5,3,4,5,7,3,4,4,5,3,4,1,0,1,0,1,0,3,4,3,4,1,0,1,0,1,0,1,0,1,0,1,0,1,0,2,3,2,3,2,3,2,3,2,3,4,3,3,3,4,4,4,4,3,4,4,4,4,18,1,2,1,2,0,6,4,4,4,4,5,5,4,4,4,4,4,4,3,4,4,2,2,2,3,4,3,5,3,4,5,4,4,4,4,5,4,4,4,4,2,2,2,2,2,2,2,2,2,2,2,2,2,2,1,8,3,6,2,3,6,2,3,2,2,34,4,1,1,1,40,4000,3000,0,521101,관광통역안내사 국내여행안내사 인터넷 후기 블로그 영향 여행 테마 프로그램 때문,국제지역
30884,2,3,2,3,2,3,3,4,3,4,2,3,4,5,3,4,3,5,3,4,2,4,3,4,4,5,4,5,4,5,3,4,2,3,2,4,2,4,4,6,3,4,3,5,4,5,4,4,3,4,3,4,3,4,2,4,2,3,1,0,3,4,3,5,3,4,3,4,2,2,3,4,3,4,3,3,4,5,4,4,4,5,3,4,4,6,4,5,4,4,4,3,4,2,2,3,2,2,3,2,3,9,1,3,1,2,0,3,4,3,3,3,4,5,3,5,5,5,4,5,4,3,3,3,3,3,3,4,3,3,4,3,3,4,4,3,3,3,4,3,4,4,2,2,2,2,2,2,2,2,2,1,3,3,3,3,1,6,5,5,3,6,5,6,5,3,1,54,5,1,1,1,30,4400,3000,0,531301,중식조리사 한식조리사 양식조리사 사람 외식,호텔경영학
30885,2,3,3,4,2,3,3,4,3,4,2,4,4,5,3,5,4,5,3,4,1,0,3,4,3,4,3,4,3,4,4,5,2,3,2,3,3,4,4,5,1,0,1,0,4,5,3,4,4,5,3,4,1,0,2,4,2,3,2,3,1,0,3,4,2,3,3,4,2,3,2,3,2,3,2,3,2,3,3,4,4,5,2,3,4,5,4,5,4,4,3,2,3,2,2,4,2,4,3,2,4,9,1,2,2,2,0,2,2,3,2,2,5,4,3,3,3,4,3,4,3,3,3,3,4,4,3,3,3,3,3,3,3,4,3,3,3,2,2,3,3,4,2,2,2,2,2,2,2,2,2,1,2,2,2,3,1,5,4,6,5,5,4,3,3,4,2,52,1,1,1,1,35,2900,2900,0,532301,불황 외식 감소,0
30886,5,7,5,7,5,7,5,7,4,6,5,7,5,7,4,6,5,6,3,4,4,6,4,6,5,6,4,7,5,6,4,6,4,7,5,7,4,6,5,6,5,7,4,7,5,7,5,7,5,7,5,7,5,5,4,5,3,5,4,4,3,5,3,4,3,4,3,4,3,4,3,4,4,6,2,3,1,0,2,2,3,4,3,4,3,4,3,5,5,5,5,4,5,3,4,4,4,4,5,4,5,13,3,2,1,1,3,3,5,5,5,5,5,5,3,4,4,4,3,4,2,4,5,4,3,4,4,3,4,3,4,4,4,4,4,4,3,4,3,4,3,5,2,2,2,2,2,2,2,2,2,1,2,2,2,2,2,8,7,7,7,7,7,7,7,7,1,51,5,2,5,1,40,0,0,16000,221201,변호사 법문서 작성 소송실무 도입,법학
30887,3,4,4,5,5,7,3,4,5,7,5,7,4,5,3,4,4,5,5,6,4,5,4,5,4,5,3,4,2,3,3,4,2,3,2,3,3,4,2,2,3,4,5,6,4,5,3,4,2,2,4,5,4,6,4,5,4,5,4,5,5,6,4,5,4,5,4,5,4,5,4,5,4,5,3,4,3,4,3,4,3,4,3,4,3,4,2,3,4,3,3,3,4,3,4,5,3,5,4,4,4,6,1,4,1,2,0,5,5,4,5,4,5,5,3,3,3,4,4,4,2,4,5,2,3,2,3,5,4,5,2,5,5,5,4,4,4,5,4,4,5,4,2,2,2,2,2,2,2,2,2,2,3,3,3,3,2,1,1,2,3,3,4,5,3,3,1,28,5,1,1,1,40,3000,2700,0,140602,지도제작기능사 정보기술사 기사 산업기사 기능사 계속 경기 침체,지리학
30888,3,4,4,4,2,3,3,5,1,0,3,5,1,0,4,4,2,4,1,0,3,5,2,4,5,5,2,3,2,3,1,0,2,3,2,4,3,4,2,4,3,4,1,0,2,3,1,0,2,3,2,3,2,4,1,0,1,0,1,0,4,5,1,0,2,3,1,0,1,0,1,0,2,3,1,0,1,0,1,0,1,0,1,0,3,4,1,0,4,5,3,4,5,5,4,3,5,3,4,5,4,17,3,4,1,2,0,6,7,4,4,4,4,4,5,3,3,3,4,4,3,4,3,2,1,2,1,2,1,3,2,4,3,3,3,4,3,5,3,2,4,4,2,2,2,2,2,2,2,2,2,2,3,2,2,2,2,5,5,4,3,2,1,7,5,3,1,36,3,1,1,1,45,7500,4000,0,301109,전문의 자격증 변화,방사선
30889,1,0,3,1,2,1,2,1,3,1,3,1,1,0,5,3,2,1,3,3,3,1,3,3,4,1,4,3,2,1,4,2,1,0,1,0,3,3,3,2,4,1,4,2,4,2,4,4,4,3,4,4,3,3,3,2,2,2,2,2,1,0,3,1,2,1,3,1,3,1,2,1,3,3,3,2,4,2,3,1,4,5,4,3,2,1,2,1,2,3,2,3,2,1,1,2,3,2,2,3,2,1,4,2,1,2,0,5,2,2,2,2,4,4,2,3,3,2,4,3,2,4,3,2,3,3,3,4,1,5,2,5,2,3,4,3,3,5,2,2,5,4,2,2,2,2,2,2,2,2,2,1,2,2,2,2,2,7,7,7,5,5,5,5,3,3,1,51,2,2,6,1,36,0,0,6000,902101,축산기사 축산기능사 원자재 사료 가격 인상 이익,문과
30890,5,6,5,7,4,7,3,5,4,4,4,6,4,6,5,5,5,6,5,5,5,6,5,5,3,5,5,6,5,5,4,6,5,5,5,5,3,5,4,6,5,6,5,7,5,6,5,6,5,7,4,6,5,6,5,6,5,6,5,7,5,6,4,6,5,6,5,7,4,6,5,7,5,6,3,4,3,4,3,5,3,4,3,4,3,4,1,0,3,3,3,2,3,3,3,3,3,3,3,3,3,15,2,5,1,2,0,5,7,3,3,3,5,4,5,3,3,3,4,4,3,4,3,3,3,3,3,3,3,3,5,3,3,3,3,3,3,4,4,4,4,5,2,2,2,2,2,2,2,2,2,2,3,3,3,3,2,2,3,5,5,5,8,2,5,3,1,43,6,1,1,1,40,4500,3000,0,122104,박사학위 근무 한정,해양수산
30891,4,5,3,4,2,2,4,5,3,4,3,4,4,4,4,4,4,4,3,5,3,3,3,4,4,4,1,0,2,2,3,4,3,3,1,0,2,3,2,3,2,2,3,3,2,2,2,2,2,2,2,2,1,0,1,0,1,0,1,0,1,0,1,0,1,0,1,0,1,0,1,0,2,3,2,3,1,0,3,3,1,0,1,0,4,5,5,7,4,3,4,4,3,3,3,4,3,3,3,4,4,18,1,2,2,2,0,5,5,3,3,3,4,3,3,3,3,3,4,3,3,4,3,3,3,4,3,3,4,3,3,3,3,4,3,2,3,3,3,3,3,3,2,2,2,2,2,2,2,2,2,2,3,2,2,2,1,6,6,5,4,4,4,6,4,5,2,60,4,1,1,1,40,3000,2000,0,414401,변화,한국음악
30892,3,3,3,3,1,0,1,0,2,3,1,0,1,0,2,4,3,3,2,1,1,0,3,3,2,3,1,0,1,0,3,2,1,0,1,0,1,0,2,2,1,0,3,2,2,2,1,0,1,0,1,0,2,2,1,0,3,3,3,2,1,0,1,0,2,2,3,3,4,4,3,1,1,0,3,3,3,3,4,3,5,5,3,4,3,3,2,2,2,1,2,1,2,2,3,2,2,3,2,2,2,3,1,2,2,2,0,7,3,3,2,1,4,2,1,2,3,3,4,3,3,4,2,2,3,3,3,4,3,3,3,3,2,3,3,2,3,4,3,3,4,3,2,2,2,2,2,2,2,2,2,2,3,3,3,3,2,6,6,6,5,4,5,6,5,2,1,33,3,1,1,1,40,3000,2600,0,873501,식품 소비,기계공학
30893,3,2,2,4,2,2,4,3,3,1,4,2,4,3,3,4,4,4,4,3,1,0,1,0,4,4,5,3,4,3,4,2,5,1,2,1,2,4,3,3,4,3,4,4,2,3,1,0,3,2,5,2,4,3,4,1,5,2,3,2,2,2,4,3,5,3,4,4,5,3,5,4,3,2,4,2,5,2,3,2,4,2,4,2,2,1,3,1,2,2,3,4,2,1,3,4,2,3,2,2,2,3,1,2,2,2,0,1,1,2,1,1,4,5,3,2,4,3,4,4,4,4,3,2,5,4,3,5,4,5,4,4,4,3,5,4,3,4,2,3,5,4,2,2,2,2,2,2,2,2,2,1,3,3,2,2,2,7,4,7,7,4,5,7,6,5,1,32,3,1,1,1,40,2400,2400,0,873501,작업 때문,화학
30894,1,0,2,3,1,0,3,3,1,0,1,0,2,3,1,0,3,3,2,3,1,0,1,0,3,3,1,0,3,3,4,4,3,3,3,3,1,0,2,2,1,0,1,0,3,3,2,2,1,0,1,0,1,0,1,0,1,0,1,0,1,0,1,0,1,0,1,0,1,0,1,0,1,0,1,0,1,0,3,4,3,4,2,3,2,2,4,5,3,4,1,3,3,2,2,5,2,2,4,3,4,18,1,1,2,2,0,5,1,3,3,3,4,4,4,3,9,3,3,3,2,4,4,3,3,3,3,2,1,4,3,4,5,5,5,5,4,4,3,4,3,5,2,2,2,2,2,2,2,2,2,1,4,2,2,2,1,9,9,9,3,3,5,2,2,2,2,40,2,1,2,2,40,2000,1000,0,414601,관심 행사,일반고등학
30895,3,5,3,5,4,4,3,5,3,5,3,5,4,4,4,4,4,4,4,4,3,4,4,4,3,5,3,5,3,4,3,5,3,4,4,4,4,5,3,5,3,5,3,5,3,3,3,5,3,5,3,5,3,5,3,5,3,4,4,4,3,4,3,5,4,5,4,4,4,4,4,4,4,4,4,5,4,4,4,4,4,5,3,4,4,4,4,4,3,4,3,3,3,4,4,3,3,4,3,3,3,3,1,2,2,2,0,2,4,3,3,3,4,3,3,4,4,4,4,3,3,3,3,4,4,3,3,3,3,3,3,3,2,4,3,2,3,2,2,3,3,3,2,2,2,2,2,2,2,2,2,2,2,2,2,2,2,4,6,5,4,5,6,5,6,5,1,35,3,1,1,1,40,3000,2200,0,882301,자동화 시스템,기계공학
30896,4,5,4,5,3,4,4,5,3,4,4,5,3,4,4,5,4,5,3,4,4,5,4,5,4,5,3,4,4,5,4,5,4,5,4,5,4,5,3,4,4,5,4,5,4,5,4,5,4,5,4,4,4,5,2,3,4,5,4,5,4,5,3,4,4,5,2,4,3,5,4,5,4,5,4,5,4,5,4,5,3,4,4,5,4,4,3,4,4,4,3,3,4,3,3,4,3,2,3,3,4,17,1,2,1,2,0,6,5,3,4,4,4,4,4,4,9,9,4,4,2,3,4,3,4,4,3,3,4,2,4,4,3,4,4,3,4,4,3,4,4,4,2,2,2,2,2,2,2,2,2,2,5,2,2,2,1,2,3,4,3,5,3,3,6,5,1,42,4,2,5,1,48,0,0,15000,301103,의사 얼굴 관심,의학
30897,3,4,3,4,3,4,1,0,1,0,3,4,2,3,4,6,4,6,3,4,3,4,3,4,2,3,3,4,3,3,4,5,2,3,1,0,4,6,1,0,1,0,1,0,1,0,5,7,4,6,3,4,1,0,3,4,2,3,2,3,3,4,3,4,1,0,1,0,1,0,1,0,1,0,3,4,4,6,1,0,5,7,3,2,4,4,2,2,2,3,3,4,4,2,4,3,3,4,4,4,3,19,3,2,1,1,5,5,7,5,5,5,4,4,3,4,4,3,3,4,1,4,4,3,2,2,2,1,4,3,4,4,3,3,3,3,2,3,2,2,4,4,2,2,2,2,2,2,2,2,2,2,4,3,3,3,1,4,4,4,5,5,5,5,5,5,1,37,5,1,1,1,40,4000,2500,0,413202,기록물관리사 직무관련 기록물 중요성,기록물관리학
30898,4,3,4,3,3,5,5,3,3,4,3,5,3,3,4,5,3,4,3,4,4,3,3,4,4,3,3,5,4,5,3,2,4,4,5,5,3,3,3,4,4,5,4,3,4,4,3,4,4,3,3,4,4,3,2,4,2,4,3,5,4,4,4,3,4,4,3,5,3,5,4,3,4,3,3,4,4,5,3,3,2,5,2,5,4,4,3,3,4,4,3,3,4,3,3,3,3,4,4,3,3,15,2,2,2,2,0,3,5,3,3,3,3,4,4,3,3,4,4,3,4,3,4,3,3,4,2,3,3,3,4,5,2,2,2,2,3,4,3,3,4,2,2,2,2,2,2,2,2,2,2,2,3,3,3,3,2,6,6,5,6,4,5,8,7,2,1,27,4,1,1,1,45,2700,2500,0,155304,환경 대한 관심 갈수록 환경 영향 평가 업무,환경공학
30899,3,5,5,6,3,5,5,5,2,3,4,4,3,3,2,4,2,3,1,0,1,0,1,0,1,0,3,4,2,3,2,3,2,4,1,0,1,0,4,5,2,4,3,4,1,0,4,3,3,3,1,0,2,2,1,0,1,0,1,0,2,4,3,3,2,3,3,4,3,2,2,2,1,0,3,2,3,2,3,3,3,4,3,3,4,3,2,2,3,5,4,4,4,2,4,3,3,3,4,5,5,17,1,1,1,2,0,6,5,4,4,4,4,4,4,4,9,9,9,4,4,5,4,4,4,4,3,4,4,3,3,3,4,4,3,3,4,4,4,3,4,2,2,2,2,2,2,2,2,2,2,2,3,3,3,3,2,3,4,4,6,6,5,5,6,6,2,47,4,2,5,1,40,0,0,7200,303001,약사면허 건강 대한 의식 변화,약학
30900,3,5,2,2,4,5,3,3,2,2,1,0,1,0,3,4,2,3,3,4,1,0,3,5,3,3,1,0,3,4,1,0,1,0,1,0,3,5,1,0,4,5,3,5,4,5,3,4,3,4,4,4,1,0,3,3,1,0,1,0,1,0,1,0,1,0,2,2,1,0,1,0,1,0,1,0,2,3,1,0,1,0,1,0,2,2,2,2,3,4,3,3,4,4,3,4,3,3,4,4,2,13,1,4,1,2,0,3,4,4,4,4,4,4,4,3,3,3,3,3,3,3,3,4,2,3,3,1,2,3,4,4,3,3,3,3,3,3,2,3,3,3,2,2,2,2,2,2,2,2,2,2,3,2,2,2,2,5,5,5,5,5,5,5,5,5,1,28,4,1,1,1,48,2800,2600,0,155301,대기환경기사 환경 만큼 지원 사람,화학공학
30901,4,3,4,4,3,2,3,3,3,2,3,2,3,2,2,3,3,2,3,2,3,2,3,3,3,2,2,1,3,2,3,2,3,2,3,2,3,2,3,2,3,2,3,2,3,2,2,2,2,2,3,2,2,2,2,2,3,2,3,2,2,1,2,2,2,1,2,2,2,2,2,2,2,1,3,2,2,2,3,2,3,2,3,2,4,3,2,3,3,3,2,2,3,2,3,4,2,3,2,3,3,6,4,2,2,1,3,3,3,3,2,2,3,3,2,3,9,9,9,2,4,2,2,4,4,4,4,3,2,3,3,4,2,2,3,2,3,4,3,3,3,2,2,2,2,2,2,2,2,2,2,1,1,2,2,2,2,6,5,5,6,5,5,5,5,5,1,65,2,1,4,2,35,4500,1500,0,701601,목재 손질 가공외 건설 경기,이과
30902,2,5,5,5,3,4,4,5,4,4,3,5,5,5,3,4,3,6,3,4,3,4,3,6,4,4,3,5,4,5,4,6,5,6,4,5,4,5,4,6,3,4,3,5,5,6,4,5,3,4,3,4,2,3,1,0,1,0,1,0,1,0,1,0,1,0,1,0,1,0,1,0,1,0,3,5,4,5,2,3,1,0,1,0,1,0,3,5,5,5,4,3,4,4,3,4,4,4,5,3,4,18,5,1,1,1,6,6,5,4,4,3,3,3,4,2,9,9,9,3,4,4,4,5,4,4,3,3,3,5,3,4,4,4,3,4,4,3,3,3,5,3,2,2,2,2,2,2,2,2,2,1,1,2,2,2,1,6,7,7,7,4,8,8,8,2,2,62,4,2,5,1,36,0,0,2000,214401,피아노교습인가 리더쉽교육 지금 피아노 학원 학생 자녀,음악
30903,4,5,3,4,3,4,3,5,4,6,4,6,5,7,4,5,4,5,4,6,4,6,3,5,4,6,4,5,3,5,2,3,3,4,4,6,3,4,4,6,4,6,4,6,3,4,2,3,3,4,3,5,3,4,3,5,2,3,3,4,5,7,3,4,4,6,2,3,2,3,3,4,4,6,4,6,4,5,4,6,2,3,2,3,4,6,4,5,5,3,5,4,3,3,4,5,4,4,3,3,4,13,1,4,2,2,0,2,4,3,4,4,4,5,4,2,4,4,4,4,1,4,3,3,4,4,3,4,3,4,3,3,4,5,5,4,4,4,4,4,4,4,2,2,2,2,2,2,1,1,1,2,4,1,1,1,1,2,8,2,2,7,3,2,2,8,2,39,5,1,1,1,40,4400,2800,0,133202,조직 구성원 구조조정 업무 변화 시장 발달 증가,정보통신학
30904,3,5,3,4,2,5,2,4,3,5,4,5,2,5,4,5,3,4,2,3,2,3,2,3,2,2,2,2,2,2,2,3,2,2,2,2,2,3,2,4,3,5,2,3,2,3,2,1,2,2,2,3,4,5,5,6,3,5,2,4,4,4,2,5,2,2,2,3,2,3,2,2,2,2,2,2,2,2,2,2,2,2,2,2,2,2,2,1,4,3,3,3,3,4,3,4,3,4,3,4,3,3,1,2,1,2,0,5,5,3,3,3,4,4,3,3,4,4,4,4,2,4,4,4,3,2,4,2,3,3,3,4,4,4,2,3,3,4,3,3,4,3,2,2,2,2,2,2,2,2,2,1,4,3,3,3,2,3,3,3,5,4,4,6,4,4,1,45,4,1,1,1,40,4300,3300,0,153101,전자응용기술사 전기 제품 개발 수요 증가,전기공학
30905,3,5,3,4,3,5,3,5,4,6,4,5,3,5,4,6,4,5,4,4,4,4,4,5,4,4,4,4,3,5,4,4,4,5,4,5,3,4,3,4,4,5,3,4,3,4,4,4,3,3,3,5,4,4,3,3,3,2,4,5,3,3,3,6,3,4,3,4,3,5,4,5,3,5,3,4,3,4,3,4,4,4,3,5,5,4,3,4,5,4,3,2,4,2,4,1,2,3,4,4,3,13,1,6,2,1,1,1,5,5,3,3,3,4,4,3,3,3,5,3,4,3,3,3,3,4,4,3,3,3,3,5,2,3,2,2,4,4,3,2,4,4,2,2,2,2,2,2,2,2,2,2,3,2,2,2,1,5,5,5,5,5,5,6,6,6,1,55,2,1,1,1,52,5000,2000,0,832201,제품 수리 방법 교육 상태 유지,배관
30906,4,5,4,6,4,6,4,5,4,5,4,5,4,5,4,5,4,5,4,4,4,5,4,5,4,4,4,5,4,4,4,5,4,4,4,4,4,4,4,5,4,5,4,4,4,4,4,4,4,5,4,4,4,4,4,5,4,4,4,5,4,5,4,5,4,3,4,4,4,3,4,5,4,5,4,5,4,5,4,5,4,5,4,5,4,5,4,4,4,4,4,3,4,4,3,3,4,4,4,4,4,13,1,2,2,2,0,5,5,4,4,4,4,4,4,4,4,4,4,4,2,4,4,4,3,4,4,2,4,4,4,4,4,4,4,4,4,4,3,3,4,4,2,2,2,2,2,2,2,2,2,3,4,3,3,3,2,6,6,6,5,5,4,7,7,4,2,45,4,1,1,1,40,5100,2800,0,415202,물질 중요 투자가,시각디자인
30907,3,4,3,3,3,4,4,5,1,0,1,0,1,0,1,0,1,0,1,0,1,0,1,0,1,0,1,0,4,5,3,3,3,4,3,3,1,0,1,0,1,0,1,0,1,0,1,0,1,0,4,5,1,0,1,0,1,0,1,0,3,4,1,0,1,0,1,0,1,0,1,0,1,0,1,0,1,0,1,0,1,0,1,0,2,4,2,4,2,2,2,4,4,4,4,2,4,3,4,3,3,6,2,5,2,2,0,1,5,4,4,4,4,4,4,4,3,4,4,4,2,4,4,2,4,3,4,2,3,4,2,4,4,5,5,5,5,5,5,4,5,5,2,2,2,2,2,2,2,2,2,1,2,3,3,3,2,5,7,3,5,4,6,7,4,6,1,36,4,1,1,1,40,4000,2800,0,26201,기업 도산,경영학
30908,2,4,4,5,2,3,3,4,1,0,3,5,1,0,1,0,2,3,4,5,1,0,1,0,2,3,2,3,4,4,1,0,2,3,1,0,1,0,4,4,3,3,1,0,4,4,1,0,1,0,1,0,1,0,1,0,1,0,1,0,1,0,1,0,2,2,1,0,2,3,4,5,1,0,1,0,2,3,2,3,1,0,1,0,4,4,2,2,3,4,2,4,3,2,3,3,4,2,3,3,2,8,2,2,2,1,2,7,5,3,3,3,4,2,4,4,4,4,4,4,2,4,3,3,2,2,2,3,4,4,3,4,2,3,3,3,2,4,3,3,4,4,2,2,2,2,2,2,2,2,2,3,1,3,3,3,2,7,7,7,5,5,5,4,3,4,1,29,4,1,1,1,40,4500,3400,0,621901,항공철도공사 운전취급 규정 수동 자동 수도 때문,행정학
30909,4,5,4,5,4,5,4,5,4,6,4,5,4,5,4,5,4,5,4,5,4,5,4,6,4,5,4,5,4,5,4,5,4,5,4,5,4,5,4,5,4,5,4,5,4,5,4,6,4,6,4,6,4,6,4,5,4,5,4,5,4,5,4,5,4,5,4,5,4,5,4,6,4,5,4,5,4,4,4,5,3,4,3,5,4,4,4,5,4,3,4,4,4,4,3,4,3,3,4,3,3,13,1,4,1,1,5,5,6,4,3,3,4,4,4,5,4,5,5,5,2,3,4,4,3,4,4,3,4,4,4,4,3,4,4,4,4,3,4,4,4,3,2,2,2,2,2,2,2,2,2,2,2,3,3,3,1,8,7,6,7,7,7,7,6,7,1,48,4,1,1,1,42,7500,3300,0,154105,화공기사 실무교육 장비 기술 발달,생명공학
30910,4,5,4,5,3,4,4,5,1,0,1,0,4,5,3,4,4,5,4,5,3,3,3,4,3,3,3,4,4,5,3,4,4,5,3,4,3,4,4,4,2,2,3,4,3,3,2,4,2,3,3,4,2,3,2,3,2,3,2,3,3,4,3,3,3,3,2,3,2,3,2,4,3,3,3,3,2,3,2,3,2,4,2,3,4,4,3,4,3,4,3,3,3,3,3,4,2,3,3,2,3,17,1,3,1,2,0,3,5,3,4,4,5,5,3,3,4,4,3,4,4,3,3,3,4,4,4,3,3,3,4,3,4,3,3,4,4,3,3,4,4,4,2,2,2,2,2,2,2,2,2,1,4,3,3,3,2,6,5,7,4,3,2,5,6,3,2,40,4,1,1,1,40,2750,2100,0,231101,사회복지사1 3급 복지 시설 증가,사회복지학
30911,4,4,3,4,3,3,3,5,2,3,2,3,3,4,4,6,4,6,4,5,4,6,4,5,4,5,4,3,4,4,4,6,4,5,4,5,4,5,3,4,4,4,4,3,4,2,4,5,4,5,3,3,4,6,3,3,4,2,4,4,3,3,3,4,3,4,3,2,3,4,4,3,3,3,3,4,3,4,3,4,3,6,3,3,3,2,3,4,4,4,3,4,3,2,2,2,3,3,3,4,3,3,4,1,1,1,2,7,2,3,2,3,3,4,3,3,9,9,9,3,2,4,4,2,3,4,2,2,4,3,3,3,3,4,4,4,3,4,3,3,4,4,2,2,1,1,2,1,2,2,2,3,1,2,2,2,1,7,8,1,3,1,8,7,8,7,1,59,2,2,6,1,48,0,0,3000,885201,전기 도시미관 도시미관 정밀 제품 생산 도전 혁신 자동화 인공 지능 가속 때문,상고
30912,4,5,3,5,3,5,3,4,4,4,4,5,4,4,4,5,3,5,4,5,3,5,3,5,3,5,3,4,3,4,3,5,3,5,3,4,3,5,4,5,3,4,3,5,3,5,3,5,3,5,2,4,4,4,4,4,4,4,4,5,3,4,4,4,3,4,3,5,3,5,4,4,4,6,2,4,2,4,2,4,4,5,1,0,2,3,2,3,4,3,3,4,3,3,3,3,3,3,4,3,3,6,1,2,1,1,3,4,4,4,4,3,4,3,4,3,3,4,4,3,2,3,3,4,3,3,3,4,3,4,3,4,4,4,4,3,3,4,3,3,4,4,2,2,2,2,2,2,2,2,2,2,3,2,3,3,2,5,5,5,4,6,4,4,5,5,1,36,4,1,1,1,42,3700,2880,0,140207,건축산업기사 현장 경험 정부 지자체 추진 건축 발주 감소,건축학과
30913,4,6,4,5,4,5,3,5,4,5,4,5,4,5,3,4,5,7,3,4,4,4,4,4,3,4,4,5,4,5,3,4,4,5,4,6,4,5,4,5,4,6,2,4,5,6,4,6,1,0,2,4,3,4,3,4,1,0,1,0,1,0,1,0,1,0,1,0,1,0,1,0,1,0,1,0,2,4,1,0,1,0,1,0,4,5,3,5,4,4,4,4,4,2,2,4,2,3,3,3,4,18,4,1,2,1,2,7,1,4,3,3,2,3,2,4,4,5,4,4,2,4,4,3,4,5,4,3,4,4,3,5,5,4,3,3,4,4,5,3,4,5,2,2,2,2,2,2,2,2,2,2,5,2,2,2,1,4,1,3,3,4,6,8,3,1,1,34,2,1,4,1,40,2500,700,0,416103,연극 연출기초개론 현장 업무체계 교육 인터넷 온라인 문화 콘텐츠 분야 발전 연출 매우 긍정 영향 파급 효과 증대 연출가 수요 증가 예상,인문계
30914,3,6,4,6,3,5,4,5,2,5,3,5,3,5,3,5,3,5,3,5,3,6,3,5,3,4,3,6,3,4,3,6,3,5,3,4,3,5,3,5,3,5,3,4,3,4,3,4,3,3,3,3,3,4,2,3,3,5,3,3,3,5,3,5,3,4,3,4,3,3,3,4,3,4,3,4,3,3,3,4,3,4,2,3,3,3,2,2,4,4,4,3,4,2,5,2,3,3,4,4,3,15,2,5,1,1,1,7,4,3,3,3,4,3,4,3,3,3,4,4,3,3,3,3,3,3,4,3,4,2,5,4,3,4,3,4,4,4,4,4,4,4,1,2,1,1,1,2,2,2,2,2,2,3,3,3,1,5,5,5,5,4,4,4,5,6,2,27,5,1,1,1,40,2300,2100,0,122301,종자기사 식물보호기사 종묘학 개론 종자 관리 교육 조직 배양 사용 배지 조성 기계 자동화 생각,농학
30915,2,2,2,2,2,3,2,2,2,3,2,3,3,3,2,3,3,3,4,5,2,3,3,4,3,3,2,3,3,3,3,4,4,5,3,4,3,4,4,5,3,4,4,5,4,5,1,0,2,2,3,4,3,3,1,0,1,0,1,0,3,4,1,0,3,3,2,2,1,0,3,5,3,4,3,4,4,6,5,6,5,6,4,5,3,5,4,4,4,3,3,2,3,3,3,2,2,2,4,4,3,18,1,4,2,2,0,7,5,4,3,3,4,3,2,3,4,3,3,3,2,4,4,2,4,2,1,3,4,3,3,3,3,4,3,2,3,4,4,3,3,3,2,2,2,2,2,2,2,2,2,2,2,2,2,2,1,7,8,6,4,3,4,4,3,4,1,32,3,1,3,2,35,3200,2800,0,541101,세계 행사 감소 인력 필요 감소,태권도학
30916,2,2,3,4,2,1,2,2,3,3,1,0,1,0,1,0,3,3,1,0,1,0,2,1,4,5,3,4,2,2,4,5,3,4,2,2,2,1,3,4,4,5,4,5,3,4,2,2,3,4,2,2,2,1,1,0,1,0,1,0,2,2,3,3,4,5,1,0,1,0,1,0,1,0,1,0,3,4,3,4,4,5,4,5,3,4,2,2,4,3,4,3,2,1,1,4,1,2,4,1,4,8,1,2,1,2,0,7,2,3,2,4,4,4,1,3,2,3,4,3,3,2,2,3,4,3,4,3,2,2,4,4,3,2,3,3,2,3,4,3,3,4,2,2,2,2,2,2,2,2,2,2,2,1,1,1,1,6,7,8,7,6,5,3,2,5,1,48,3,1,1,1,52,3600,3200,0,624101,운전면허 탑차면허 기피 종사,디자인
30917,3,4,3,4,2,3,3,4,2,3,3,4,3,4,3,4,2,4,4,4,2,3,3,4,2,3,2,4,3,5,3,5,3,5,2,4,2,3,3,5,2,3,3,4,3,5,3,4,2,2,2,3,2,2,2,2,2,4,2,3,2,3,2,3,2,2,2,4,2,3,2,3,2,3,2,3,3,5,2,3,2,3,4,5,4,5,4,5,4,3,3,3,4,3,4,3,3,4,4,4,4,18,1,2,2,2,0,3,3,4,3,3,4,4,4,3,3,3,3,3,3,3,3,4,2,2,2,1,2,4,4,4,3,3,3,3,3,4,3,3,4,4,2,2,2,2,2,2,2,2,2,2,2,2,2,2,1,5,6,6,5,6,7,2,3,5,2,29,4,1,1,1,40,2800,2500,0,512102,저출산,보육
30918,5,6,5,7,4,6,5,7,2,2,5,6,4,6,5,6,4,5,3,4,4,6,4,5,4,6,4,6,5,6,5,6,5,5,4,5,4,5,4,6,5,6,4,6,4,5,2,2,2,3,1,0,1,0,1,0,1,0,1,0,4,5,1,0,1,0,1,0,1,0,1,0,3,4,1,0,1,0,3,4,2,2,2,2,3,4,4,6,4,5,2,3,4,4,2,3,3,5,4,4,4,13,1,1,1,2,0,5,5,4,3,3,3,4,3,3,3,3,4,3,2,3,4,5,4,4,3,1,2,4,4,4,4,4,4,4,5,5,5,4,5,4,2,2,2,2,2,2,2,2,2,2,4,1,1,2,1,7,8,8,8,9,8,7,4,4,2,27,4,1,2,2,18,1700,1500,0,231201,청소년상담사 현대인 스트레스 증가,사회복지학
30919,2,2,3,2,2,2,3,3,3,4,4,3,3,1,4,3,3,4,3,3,2,4,3,4,3,3,4,4,2,3,3,2,2,3,3,3,3,3,4,4,3,2,3,1,2,3,1,0,1,0,1,0,3,3,3,4,2,3,3,4,2,1,3,3,3,3,3,4,3,3,4,4,2,3,3,3,2,2,3,3,2,3,3,3,3,3,2,2,3,2,3,4,4,1,2,3,3,2,3,3,4,15,2,6,1,1,3,3,5,3,3,4,4,3,4,4,3,3,4,4,4,2,3,2,4,3,3,4,4,4,3,4,3,3,2,3,4,4,4,3,3,4,2,2,2,2,2,2,2,2,2,2,4,2,2,2,1,7,8,8,7,7,5,5,5,5,1,30,2,1,1,1,40,4200,3500,0,705201,철도차량산업기사 직무관련교육 철도 건설 증가 인력 수요 증가,철도전기시스템전공
30920,4,5,4,5,3,3,4,5,4,5,4,5,4,5,3,3,3,3,4,4,4,4,4,5,3,3,3,4,3,4,4,5,4,4,4,4,3,4,3,3,3,4,3,3,3,4,3,4,3,3,3,4,3,4,3,3,3,3,2,2,3,4,3,4,2,2,3,3,3,3,3,4,3,4,2,3,2,2,2,3,2,3,2,3,3,3,3,3,3,2,2,2,2,3,3,2,3,2,3,3,4,10,1,3,2,2,0,2,5,3,2,1,3,3,4,3,3,3,3,3,3,2,4,3,2,3,3,4,3,3,4,4,3,3,2,2,3,3,2,4,4,3,1,2,2,1,2,1,1,1,1,3,1,2,2,2,1,7,6,7,5,6,7,4,3,6,1,38,4,1,3,1,52,4500,3200,0,22202,운영 프로그램 도입 자동화,경영
30921,4,6,4,6,4,6,4,6,4,5,4,5,4,4,4,4,4,4,3,5,3,5,3,5,4,5,3,4,4,5,3,4,3,3,3,3,4,5,3,5,4,5,2,4,2,4,2,3,2,3,2,2,2,2,1,0,1,0,1,0,1,0,1,0,2,3,1,0,1,0,1,0,3,4,2,2,2,3,1,0,1,0,1,0,1,0,1,0,4,4,3,3,3,4,4,4,4,4,4,4,4,15,2,5,2,2,0,6,7,5,4,4,4,4,3,5,5,4,4,4,2,3,4,3,4,3,3,3,4,3,3,4,4,4,4,4,3,4,2,2,4,4,2,2,2,2,2,2,2,2,2,2,2,3,3,3,1,5,5,4,5,4,4,7,6,6,1,54,6,1,1,1,52,5500,3000,0,110201,인력 필요 계속 생기지,정치학
30922,4,4,3,4,2,3,3,3,4,4,4,4,3,3,4,4,3,4,2,4,3,4,2,3,1,0,1,0,3,3,3,3,2,2,2,2,1,0,3,3,3,2,2,3,3,3,1,0,1,0,1,0,1,0,1,0,1,0,1,0,4,4,1,0,1,0,1,0,1,0,1,0,1,0,1,0,1,0,1,0,1,0,1,0,4,4,3,3,3,2,3,2,2,4,4,3,4,3,2,3,3,8,1,3,2,1,3,7,4,3,3,3,4,4,3,3,3,3,4,3,2,4,4,4,4,4,3,4,2,4,3,3,4,4,3,3,4,3,3,4,4,3,2,2,2,2,2,2,2,2,2,2,2,3,3,3,2,6,4,5,6,6,5,5,5,5,2,28,4,1,1,1,40,3050,2500,0,28204,컴퓨터활용능력 전산 화의 도입,회계학
30923,5,6,5,6,5,6,4,6,4,7,5,6,4,6,5,7,4,6,4,5,4,5,5,7,5,5,5,6,4,6,4,6,4,7,4,5,3,3,3,3,3,4,4,6,5,6,5,6,4,5,3,4,3,4,2,3,2,2,2,2,2,2,1,0,1,0,1,0,1,0,1,0,3,2,1,0,2,2,1,0,1,0,1,0,1,0,1,0,4,4,3,4,3,3,3,3,3,4,4,3,3,15,2,5,2,2,0,2,5,3,3,3,4,4,4,3,3,3,3,4,3,3,3,3,3,3,4,3,2,2,5,3,3,3,4,3,3,3,4,4,3,5,2,2,2,2,2,2,2,2,2,2,3,3,3,3,2,6,7,6,6,7,6,4,3,4,1,56,4,1,1,1,40,6700,6500,0,122105,전산 산업화 영향,산림자원
30924,2,2,4,2,3,2,2,2,3,2,2,3,4,2,2,3,3,4,4,3,3,2,2,3,4,2,5,3,4,1,2,3,1,0,4,1,2,4,3,1,4,5,5,3,4,3,1,0,2,2,4,2,3,3,4,2,2,3,3,1,1,0,5,2,4,4,4,1,4,3,3,4,2,3,5,2,4,2,4,2,2,1,1,0,3,2,3,1,2,2,3,4,3,2,1,3,2,2,4,2,3,3,1,2,2,2,0,1,2,4,2,1,2,4,5,3,4,3,2,4,2,3,2,3,2,4,3,4,3,4,4,3,5,4,3,3,4,5,4,5,5,4,2,2,2,2,2,2,2,2,2,1,3,2,2,2,2,4,6,5,4,4,6,3,6,5,1,36,3,1,1,1,40,3200,3000,0,873501,작업 일이 대체,화학
30925,4,6,4,5,4,6,3,5,2,4,3,4,2,3,4,6,4,5,2,3,2,3,3,4,3,5,2,4,3,5,2,3,3,3,3,3,3,4,3,4,2,3,2,4,2,4,1,0,1,0,2,3,1,0,1,0,1,0,1,0,3,5,1,0,1,0,1,0,1,0,1,0,1,0,1,0,1,0,2,3,2,4,1,0,2,4,2,3,4,3,4,4,3,4,3,4,4,4,3,4,4,15,2,5,2,2,0,2,5,3,4,3,4,3,4,5,4,4,5,4,3,4,4,4,4,3,4,4,3,4,2,4,4,3,3,4,3,4,5,4,4,3,2,2,2,2,2,2,2,2,2,2,2,2,2,3,1,6,5,6,6,7,6,5,5,6,1,58,4,1,1,1,40,5200,4000,0,25402,자리 생기지,사회학
30926,4,4,5,5,4,4,2,4,5,6,3,5,1,0,4,4,2,4,4,6,3,5,2,3,3,5,2,5,1,0,2,4,1,0,1,0,2,4,3,2,4,5,3,3,1,0,1,0,1,0,1,0,3,5,3,5,2,4,3,2,3,3,1,0,3,5,4,3,3,3,4,4,1,0,2,4,2,3,1,0,1,0,1,0,2,3,1,0,4,2,1,4,3,3,5,3,2,5,4,4,3,13,2,2,2,2,0,3,6,4,3,5,5,4,4,4,3,5,4,4,5,2,3,3,2,5,4,4,3,5,5,4,3,5,5,3,4,2,3,3,4,5,2,2,2,2,2,2,2,2,2,2,3,3,3,3,2,5,3,4,7,6,5,3,7,5,1,42,6,1,1,1,40,5000,4000,0,121105,기초 분야 연구,응용지질
30927,5,7,4,6,5,7,5,7,2,2,2,4,5,7,4,5,5,6,3,4,5,7,4,5,4,5,5,6,4,5,5,6,4,6,5,6,4,5,3,4,4,6,4,6,3,5,3,4,3,3,4,6,2,3,2,3,3,4,3,3,3,4,2,2,4,5,2,3,2,2,2,3,4,5,4,5,4,5,4,4,5,6,4,6,5,6,4,5,4,3,3,2,3,2,4,4,2,4,4,3,4,18,1,2,2,2,0,7,1,3,4,4,4,4,2,2,9,4,4,4,2,4,4,3,4,4,4,4,4,4,2,4,5,4,3,3,4,4,4,3,4,2,2,2,2,2,2,2,2,2,2,1,1,2,2,2,2,3,4,6,6,8,7,7,9,8,1,30,3,1,2,2,40,1200,800,0,416103,개인주의 영향 관련 연극 관객 감소 예상,문예창작
30928,2,2,3,3,1,0,1,0,3,3,2,4,1,0,2,3,2,2,1,0,3,4,1,0,3,3,1,0,2,3,3,4,1,0,1,0,2,2,2,3,3,4,3,3,4,3,2,2,2,1,1,0,2,3,2,2,3,3,3,3,1,0,1,0,2,3,2,3,4,4,2,2,1,0,2,2,3,4,3,4,2,3,2,4,3,3,2,2,3,4,3,3,4,2,4,3,3,2,3,1,3,19,1,2,1,1,3,2,2,3,2,2,4,5,4,3,9,9,9,4,2,4,2,2,3,3,4,5,4,5,3,3,2,2,4,5,5,4,3,1,4,4,2,2,2,2,2,2,2,2,2,1,3,3,3,3,1,7,8,6,3,2,5,6,3,4,1,29,2,1,1,1,40,3500,3300,0,703101,배관기능사 건설배관훈련 청년 직원 장년 취업 증가 때문,전기
30929,3,4,3,4,3,4,2,3,4,6,3,4,4,5,4,6,3,4,5,6,4,5,3,4,3,3,3,4,2,3,2,3,2,3,2,3,3,4,2,2,2,3,4,5,3,4,3,4,3,4,2,3,5,6,5,7,5,6,4,5,4,5,2,3,2,2,2,2,2,2,2,2,2,3,2,3,2,2,1,0,2,3,2,2,3,4,2,2,4,3,3,3,4,4,4,4,3,4,3,3,4,6,1,2,1,2,0,4,5,4,4,4,4,5,4,3,3,4,4,4,3,4,4,2,2,3,3,4,4,5,3,4,4,5,4,4,5,5,4,4,5,4,2,2,2,2,2,2,2,2,2,2,3,3,3,3,1,1,1,1,2,2,3,1,1,2,1,38,5,1,1,1,40,3800,3000,0,140201,건설기계산업기사 기사 기술사 건설안전산업기사 기사 기술사 건설재료시험기능사 산업기사 기사 기술사 변동 직종,건축공학
30930,4,5,4,5,4,6,4,5,4,6,4,6,3,4,4,5,4,5,3,4,3,4,4,5,3,4,4,5,4,5,4,5,4,5,4,5,4,5,4,5,4,5,3,4,2,1,4,5,4,5,4,5,3,4,2,1,3,3,3,4,4,6,1,0,3,4,2,3,2,3,2,3,4,5,2,2,3,4,3,4,2,1,2,3,4,5,4,5,4,4,3,3,3,2,3,3,3,3,4,3,4,11,1,2,2,2,0,3,5,3,2,2,5,5,2,4,3,3,3,3,3,4,3,3,4,3,3,3,4,3,2,3,4,3,3,3,4,3,2,2,3,4,2,1,2,2,2,2,2,2,1,4,2,1,1,1,1,5,4,5,5,3,4,3,4,4,2,38,4,1,1,1,55,4900,3400,0,32401,금융 거래 온라인 프로그램 도입 업무 난이도 증가 자동화 기계 업무 가능,회계학
30931,4,5,4,5,3,5,2,3,2,4,4,5,2,4,3,4,2,4,3,4,4,5,4,5,4,5,3,4,1,0,2,3,2,3,2,4,4,5,2,3,4,5,4,5,3,5,1,0,3,4,3,4,4,5,4,5,4,4,5,5,3,4,3,4,5,5,5,6,5,6,5,5,3,5,4,5,4,5,1,0,3,5,2,3,3,4,2,5,4,4,4,4,4,4,4,4,4,5,4,5,4,10,1,2,1,2,0,5,4,4,4,4,4,5,4,4,4,4,4,4,4,4,4,4,3,3,3,1,2,4,4,5,4,4,3,3,2,3,3,3,4,4,2,1,2,2,2,2,2,2,2,2,4,3,3,3,1,3,3,4,4,5,5,5,6,5,1,33,4,1,1,1,46,3900,2700,0,131101,전자산업기사 시뮬레이션 하드웨어 도입 로봇 드론 하드웨어 소프트웨어 인기,정보통신
30932,3,4,4,4,4,4,3,3,2,4,3,4,5,4,3,3,3,4,4,4,3,4,3,3,4,4,3,4,3,5,3,3,3,4,3,3,4,4,3,3,3,5,4,4,4,5,5,5,5,5,4,3,3,3,3,5,3,5,3,3,3,5,2,4,2,4,2,4,2,2,1,0,3,3,2,4,3,3,2,3,4,4,2,5,2,5,1,0,5,5,2,3,4,2,4,4,3,4,4,4,3,18,1,2,2,2,0,6,4,4,4,3,4,4,3,3,3,4,4,3,3,3,3,4,3,3,3,2,3,3,4,5,3,3,3,2,3,4,3,3,4,5,2,2,2,2,2,2,2,2,2,1,3,2,2,2,1,8,7,7,3,3,4,7,8,6,2,24,3,1,1,1,50,2300,2300,0,24404,행사 증가,경영학
30933,3,4,3,5,3,4,3,3,3,3,3,3,3,3,3,3,3,3,3,3,2,3,3,4,3,3,2,4,2,4,2,2,3,3,1,0,3,5,1,0,3,4,3,3,2,2,3,4,2,3,2,2,2,3,2,3,2,3,3,4,3,3,2,2,3,3,2,3,1,0,2,3,3,3,3,3,2,3,2,2,2,3,1,0,4,5,1,0,5,4,4,3,3,3,4,3,3,5,4,3,4,6,1,2,2,2,0,6,5,4,3,4,4,4,3,5,5,4,4,5,3,4,3,5,3,3,4,5,4,4,4,4,5,4,4,5,5,4,4,4,5,4,2,2,2,2,2,2,2,2,2,2,2,2,2,3,2,6,6,5,6,5,5,6,6,7,1,37,4,1,1,1,40,4200,2500,0,140301,건설 경기 악화,토목공학
30934,3,4,3,3,3,3,3,3,3,3,2,3,3,3,3,3,3,3,3,3,3,3,3,3,3,3,3,3,3,3,3,3,3,3,3,3,3,4,3,3,3,3,3,4,3,3,3,3,3,3,3,3,3,3,3,4,3,3,3,4,3,4,3,4,3,3,3,4,3,4,3,3,3,4,3,3,3,3,3,4,3,3,3,4,3,4,3,4,3,3,3,4,3,3,3,2,3,4,3,3,3,4,1,2,1,2,0,7,5,3,3,3,3,3,3,3,3,3,4,3,3,3,3,3,3,3,4,3,3,3,4,3,3,4,3,3,3,3,3,3,3,4,2,2,2,2,2,2,2,2,2,2,3,3,3,3,2,7,7,7,7,7,7,5,6,5,1,47,4,1,1,1,40,3800,3000,0,153103,전기공사산업기사 산업안전기사 전기 기술 발달,기계
30935,5,6,4,5,3,4,3,3,1,0,3,4,1,0,2,3,3,3,2,3,2,4,2,2,3,4,3,3,3,5,4,3,2,2,1,0,1,0,3,4,4,5,5,4,2,3,2,1,3,4,3,4,2,4,1,0,2,3,2,1,3,4,1,0,3,3,1,0,1,0,3,4,2,2,3,5,1,0,3,3,1,0,3,3,4,5,3,4,3,4,4,5,5,4,4,3,4,5,4,4,3,17,1,1,1,1,6,6,5,4,4,4,4,4,4,5,9,9,4,5,4,5,4,4,4,3,4,4,4,4,4,4,4,3,4,5,4,4,3,4,4,2,2,2,2,2,2,2,2,2,2,2,4,3,2,2,2,3,4,5,6,7,4,6,4,6,1,47,5,2,5,1,45,0,0,9000,301111,의사면허 비뇨기과전문의 레지던트 인턴과정 건강 대한 관심 증가,의학
30936,4,4,4,5,4,5,5,6,4,6,4,5,3,4,2,2,4,4,3,3,3,3,4,5,3,3,2,3,3,4,3,3,2,2,3,4,3,3,4,5,3,4,4,5,4,4,4,5,4,5,4,5,3,4,4,5,1,0,1,0,2,2,1,0,1,0,1,0,1,0,1,0,1,0,1,0,3,3,1,0,1,0,1,0,4,5,4,5,4,3,4,3,3,2,3,3,3,2,3,4,3,7,1,3,2,2,0,5,5,4,3,4,4,4,4,5,4,4,5,4,3,4,3,3,3,4,3,4,4,3,3,4,4,4,4,3,3,3,4,3,4,3,2,2,2,2,2,2,2,2,2,2,3,2,2,2,1,5,4,3,4,5,5,5,4,5,1,41,4,1,1,1,40,4300,3500,0,612201,변화,영문학
30937,5,6,4,5,4,5,4,4,4,5,4,5,4,5,4,6,4,5,4,5,3,5,3,4,3,5,4,5,4,5,4,5,4,5,4,5,4,5,4,5,4,5,4,5,4,5,4,5,4,5,4,5,4,4,4,5,4,5,4,5,4,5,4,6,4,5,4,5,4,6,4,5,3,4,3,4,3,3,3,4,3,4,3,4,4,4,4,5,5,4,5,4,5,4,4,4,4,3,4,4,4,11,1,2,1,1,1,7,5,3,4,3,4,3,3,4,5,4,5,4,3,5,3,3,4,3,4,3,3,3,3,5,4,4,5,5,5,4,4,4,4,4,2,2,2,2,2,2,2,2,2,1,3,2,2,2,1,6,4,5,6,5,5,5,6,5,2,40,4,1,1,1,40,8000,3400,0,31201,금융투자분석사 자산관리사 채권운용 업무 사람 대체 부분,경영학
30938,2,6,3,6,1,0,1,0,1,0,1,0,3,6,2,5,2,5,2,5,3,5,3,6,4,5,3,5,1,0,2,5,1,0,1,0,3,5,1,0,2,5,2,5,3,5,1,0,4,6,1,0,3,5,3,5,4,6,2,5,1,0,2,5,3,5,4,5,3,5,3,5,1,0,5,6,4,5,4,5,2,5,2,4,5,4,1,0,5,4,4,4,4,4,4,3,4,3,4,4,4,17,1,2,1,2,0,4,4,4,3,3,4,3,2,4,4,4,4,4,2,3,3,3,3,2,3,1,5,3,5,4,3,3,2,2,4,5,3,4,5,5,2,1,1,1,2,2,2,2,2,1,3,2,2,2,1,4,3,2,5,6,5,6,5,4,1,40,4,1,1,1,45,4300,2800,0,306301,치과기공사 프린팅 장비 도입 습득 생활수준 향상 치과 보철물 관심 증가,치기공학
30939,3,4,3,3,3,3,3,3,4,4,4,3,3,4,4,4,3,5,4,5,1,0,3,3,3,4,3,3,2,2,3,4,2,2,1,0,2,2,1,0,4,4,1,0,3,3,1,0,1,0,1,0,4,4,1,0,4,5,4,5,1,0,3,3,5,5,2,3,3,3,3,3,1,0,4,4,4,4,1,0,5,5,3,3,2,4,3,3,2,3,2,2,3,2,2,1,2,2,1,1,3,3,1,3,1,2,0,6,2,4,3,3,4,3,4,4,3,3,4,4,2,5,4,4,3,4,4,4,4,3,4,4,3,4,3,3,4,4,3,3,3,4,2,2,2,2,2,2,2,2,2,3,2,3,3,3,2,8,7,7,6,7,7,7,7,8,1,40,2,1,1,1,40,4800,2200,0,822101,판금기능사 자동차 조선 사업 경기 갈수록,금형
30940,3,4,3,4,1,0,1,0,3,4,3,4,3,4,3,4,3,3,3,4,3,4,3,4,3,4,3,4,4,5,3,4,3,4,3,4,4,4,3,4,1,0,1,0,3,4,1,0,1,0,1,0,1,0,1,0,1,0,1,0,1,0,1,0,1,0,1,0,1,0,1,0,1,0,4,5,1,0,1,0,1,0,4,5,1,0,1,0,4,3,3,4,4,4,3,3,4,3,3,3,3,18,1,3,2,1,4,5,3,3,4,4,4,4,4,3,3,3,3,3,2,4,4,3,4,3,4,3,3,3,4,4,3,3,3,3,4,3,3,2,3,3,2,2,2,2,2,2,2,2,2,3,3,2,2,2,1,5,4,8,7,8,3,3,8,7,2,21,2,1,1,1,45,1500,1000,0,414703,댄스훈련 무용수 직업,문과
30941,4,5,4,5,3,4,3,5,5,5,4,5,3,5,3,4,4,5,2,4,4,5,4,5,4,6,4,5,4,4,3,3,3,3,4,4,2,3,4,3,4,4,5,4,4,4,4,5,1,0,3,4,1,0,1,0,1,0,1,0,2,4,1,0,1,0,1,0,1,0,1,0,2,4,1,0,1,0,1,0,1,0,1,0,2,2,2,2,4,2,5,4,5,2,2,4,1,2,4,3,2,11,1,2,1,1,2,6,5,5,4,3,4,4,3,2,2,3,3,3,3,2,2,4,3,2,3,4,3,3,4,3,4,5,3,4,5,4,3,3,3,3,2,1,2,2,2,1,1,1,1,2,3,3,3,3,2,3,7,7,3,3,5,7,3,7,2,39,4,1,1,1,40,5400,3800,0,31201,자산관리사 투자자산운영사 금융업 정보화 범람 투자 가치 산정 세부 증가 금리 인하 투자가 증가 시스템 빅데이터 관리 전산 화로 고용 크게,경제학
30942,3,4,2,3,2,2,2,3,2,2,1,0,1,0,1,0,3,4,1,0,1,0,1,0,1,0,1,0,1,0,2,2,2,2,2,2,1,0,1,0,2,2,2,2,2,3,1,0,3,4,2,2,1,0,1,0,2,3,1,0,1,0,5,5,2,2,2,2,1,0,1,0,1,0,1,0,1,0,1,0,1,0,1,0,2,2,2,2,4,3,3,3,4,3,3,3,2,3,3,2,3,6,1,2,1,2,0,4,5,4,4,4,4,3,4,4,3,3,4,4,3,3,3,2,3,4,3,3,3,4,4,4,4,3,3,4,4,4,3,3,4,4,2,2,2,2,2,2,2,2,2,1,3,3,3,3,2,2,3,4,3,6,5,6,3,4,1,36,4,1,1,1,40,4500,3200,0,140701,건설재료 시험기능사 변화,토목공학
30943,4,6,4,6,4,6,4,6,4,6,4,6,4,6,4,5,4,4,4,5,4,5,4,5,4,4,4,5,4,5,4,5,4,5,4,4,4,5,4,4,4,6,4,5,4,4,4,5,4,5,4,5,4,5,4,5,4,5,4,5,4,5,4,5,4,5,4,5,4,5,4,5,4,5,4,5,4,5,4,5,4,5,4,5,4,5,4,5,4,4,4,4,4,5,4,3,4,4,4,4,4,3,3,6,1,2,0,7,5,4,4,4,4,4,4,4,4,4,4,4,2,4,4,4,4,4,4,3,4,3,4,4,4,4,4,4,4,3,3,3,4,5,2,2,2,2,2,2,2,2,2,1,3,3,3,3,2,7,7,7,7,7,7,7,7,7,2,32,4,1,1,1,45,3500,3000,0,154104,화학류제조기사 연구 인원 한정,화학공학
30944,2,1,2,1,2,1,2,1,2,1,2,1,2,1,2,1,2,2,2,1,2,2,2,1,3,3,2,2,2,2,3,3,2,1,2,1,2,2,2,2,2,2,2,2,2,3,2,2,2,1,2,2,2,3,3,5,4,5,3,5,3,3,3,3,3,4,4,6,3,3,3,5,3,3,3,3,3,3,3,3,3,3,2,2,3,4,3,3,3,3,2,1,2,2,1,4,2,3,2,3,2,13,1,1,2,2,0,7,2,2,1,1,4,4,3,2,3,4,4,3,3,3,3,3,2,3,3,4,3,4,2,4,3,2,3,2,3,4,3,2,3,4,2,2,2,2,2,2,2,2,2,2,2,3,3,3,2,7,7,6,3,4,4,5,6,4,1,34,2,1,1,1,50,2700,2300,0,881101,잡지 신문 인쇄물 점차,기계
30945,5,7,5,7,5,7,5,7,4,6,3,5,5,7,4,6,5,7,5,6,5,6,5,7,3,5,5,6,5,5,5,6,5,5,5,7,5,6,5,5,4,6,4,6,5,7,4,6,3,4,3,5,3,4,4,5,5,6,4,6,3,4,4,5,3,4,3,4,3,5,3,3,4,4,4,4,4,6,1,0,1,0,1,0,1,0,1,0,3,3,3,3,4,3,4,3,3,3,3,3,3,15,2,4,2,2,0,3,5,3,2,4,4,3,5,3,3,3,3,3,3,3,3,3,3,3,4,3,2,4,4,4,3,3,3,3,3,3,3,3,4,5,2,2,2,2,2,2,2,2,2,2,3,3,3,3,2,2,3,4,3,5,4,5,5,5,1,39,4,1,1,1,40,4000,3200,0,121104,상태 유지,유전공학
30946,4,5,4,5,3,3,3,3,2,3,1,0,4,5,2,2,4,5,4,5,4,5,3,4,4,5,4,6,1,0,3,5,3,4,2,3,1,0,3,3,3,5,4,5,3,5,1,0,1,0,1,0,4,4,3,3,4,5,4,4,4,5,3,4,4,4,4,5,4,5,3,4,4,5,5,6,4,4,3,3,2,2,2,2,5,5,3,5,4,5,4,3,5,4,4,4,4,4,5,3,4,18,1,4,1,2,0,2,4,5,4,4,4,5,4,3,3,2,4,4,2,4,4,4,3,3,4,2,3,3,2,4,4,5,4,3,4,4,4,3,4,2,2,2,2,2,2,2,2,2,2,1,4,1,1,3,1,6,4,5,5,4,4,5,4,5,2,28,3,1,3,2,40,3000,2700,0,416601,방송통신산업기사 방송 산업 대한 관심 증가 시장 규모,정보미디어학
30947,4,5,4,4,4,5,4,5,4,5,4,5,4,5,4,4,4,5,4,5,4,5,4,5,4,5,4,5,4,5,4,5,4,5,4,5,4,5,4,5,4,5,4,5,4,4,4,4,4,4,4,5,4,4,4,5,4,5,4,4,4,4,4,4,4,5,4,5,4,5,4,4,4,5,4,4,4,5,4,5,4,6,4,5,4,4,4,5,4,4,4,3,4,3,4,2,3,3,4,3,4,15,2,5,1,1,1,4,4,4,4,4,4,4,4,3,3,4,4,4,2,4,4,4,4,4,3,2,4,4,3,4,3,4,3,3,4,4,4,3,4,4,2,2,2,2,2,2,2,2,2,1,3,3,3,3,2,3,5,3,8,3,7,3,3,3,1,48,2,1,1,1,40,8200,3000,0,621301,전기차량 운전면허 교통안전 관리자 전기용접 기능사 관제교육 상태 유지,기계공학
30948,4,4,5,4,2,3,5,5,4,5,4,4,3,3,3,4,5,4,3,3,4,4,4,5,3,4,4,4,5,4,4,6,4,5,3,4,4,5,4,6,4,5,4,4,4,4,4,5,4,6,4,5,3,3,2,2,3,4,2,2,2,3,2,1,2,2,1,0,2,1,2,1,3,4,2,1,2,1,2,1,2,1,1,0,2,1,2,1,3,3,2,4,4,2,3,3,2,2,5,2,2,7,1,1,2,1,2,5,3,3,3,3,4,4,3,3,3,4,3,3,3,2,3,3,4,3,4,3,4,4,3,4,4,4,3,5,4,4,4,3,5,4,2,2,2,2,2,2,2,2,2,2,2,3,3,3,2,7,7,8,6,6,4,5,6,6,2,41,2,1,1,1,60,3600,2800,0,614001,운영시스템 교육 전산 무인 시스템 업그레이드 정도 대체,문과
30949,2,4,2,4,2,4,2,3,2,4,2,4,2,4,2,4,2,4,2,4,2,4,2,4,2,4,2,4,2,4,3,4,2,4,2,4,3,4,3,4,3,4,3,4,3,4,2,4,2,3,3,4,3,4,2,4,3,4,2,3,2,4,2,4,3,3,3,4,3,4,3,4,3,3,3,4,3,4,4,5,3,5,4,5,3,4,3,4,4,4,3,3,4,2,4,3,3,4,3,4,4,15,2,4,1,1,1,7,5,4,4,2,2,4,4,3,3,3,3,3,2,4,4,4,4,2,4,3,4,2,4,4,4,3,2,2,4,4,3,4,4,2,2,2,2,2,2,2,2,2,2,1,4,1,3,3,1,7,7,7,3,3,3,3,3,3,1,33,3,1,1,1,50,5000,3000,0,240201,운전면허 소방설비 시설사용교육 인력 부족,자동차학
30950,3,3,4,3,2,4,4,4,2,4,1,0,1,0,3,4,2,4,1,0,1,0,1,0,3,4,1,0,3,4,3,4,3,3,2,3,2,3,5,5,2,3,3,4,2,4,1,0,1,0,1,0,1,0,1,0,1,0,1,0,3,4,1,0,1,0,3,3,1,0,1,0,1,0,1,0,1,0,1,0,1,0,4,3,3,4,3,3,3,4,1,2,3,2,2,2,4,3,4,2,4,19,1,2,2,2,0,1,3,3,3,3,3,3,3,1,3,3,4,3,3,2,3,3,4,2,2,4,3,4,3,4,4,5,3,4,4,5,3,3,5,5,2,2,2,2,2,2,2,2,2,1,2,1,1,3,2,8,6,3,3,3,6,3,3,3,2,27,4,1,3,1,25,2640,2280,0,512201,결혼 비율,비서학
30951,3,4,2,4,3,5,3,4,2,3,3,3,3,5,3,3,2,3,2,4,3,3,3,3,3,3,2,4,3,3,3,4,2,3,2,3,2,3,3,3,3,3,3,3,1,0,2,3,2,4,2,4,3,2,3,2,1,0,1,0,2,3,1,0,3,4,3,3,3,4,3,3,3,2,1,0,3,3,1,0,1,0,1,0,2,2,2,2,3,3,3,3,3,4,2,2,3,3,3,3,3,3,1,5,1,2,0,6,2,4,3,3,2,3,2,4,3,3,5,4,3,3,3,3,2,2,2,2,3,3,4,5,3,4,4,4,3,3,2,4,4,3,2,2,1,2,2,2,2,2,2,2,1,3,3,3,1,5,5,5,5,5,5,5,5,5,1,35,3,1,1,1,40,3000,1800,0,158201,소방설비기술사 소방공학기술사 소방 물품 품질 관리 장비 도입 디지털화,기계
30952,2,2,3,3,2,2,4,3,2,2,1,0,2,2,4,3,3,3,3,4,1,0,2,2,3,2,3,3,2,2,3,3,2,1,2,2,2,2,4,3,3,2,2,2,2,1,3,3,2,2,1,0,2,2,1,0,3,3,1,0,2,2,2,3,2,2,1,0,1,0,1,0,1,0,1,0,2,1,1,0,2,2,2,3,3,3,4,5,3,2,4,3,3,2,3,3,2,3,2,2,1,7,1,2,2,1,2,3,2,3,4,3,3,4,4,4,3,4,4,5,3,4,2,4,3,3,2,4,3,2,2,4,3,2,3,2,4,4,3,3,4,5,2,2,2,2,2,2,2,2,2,1,2,2,2,2,1,8,9,9,6,6,5,6,8,7,1,48,4,1,1,1,40,5500,3500,0,612301,자동차 영업 훈련 구매 대신 렌트 증가,사회복지학
30953,4,4,4,4,2,3,4,4,3,2,2,2,1,0,3,3,3,3,5,5,4,4,3,5,4,3,1,0,2,2,3,3,2,3,4,4,1,0,4,5,5,5,2,2,3,3,2,2,3,3,1,0,2,2,1,0,2,3,2,3,4,4,3,3,2,3,1,0,1,0,1,0,2,2,1,0,1,0,1,0,1,0,1,0,3,4,2,2,3,2,2,3,2,4,3,3,3,2,3,3,3,8,1,5,1,1,3,4,4,3,3,3,4,4,3,3,2,3,4,3,2,4,4,4,4,2,4,3,4,2,2,4,3,2,3,3,3,5,2,2,5,4,2,2,2,2,2,1,2,2,1,2,1,1,1,1,1,4,2,5,3,5,8,5,6,8,1,44,4,1,1,1,42,3900,2500,0,28302,ERP물류정보관리사 2급 자재 구매관리 고객 상대 예절 물류 관리 전산 네트워크 시스템 네트워크 전산 화로 인원,컴퓨터공학
30954,3,2,3,2,3,2,4,4,3,2,3,4,2,5,2,2,3,2,2,2,2,4,2,4,3,2,3,2,3,4,2,3,3,4,2,4,2,2,3,2,2,3,2,2,2,2,3,2,1,0,3,3,1,0,1,0,1,0,1,0,2,4,1,0,1,0,3,2,2,2,3,3,3,3,2,2,3,2,3,2,3,2,2,2,4,2,3,4,3,4,3,2,4,2,4,3,3,3,4,3,4,17,3,3,2,1,1,1,2,4,3,2,3,4,3,2,3,4,3,3,3,3,3,3,3,3,4,3,3,3,3,4,3,3,3,3,3,4,3,3,5,4,2,2,2,2,2,2,2,2,2,3,1,3,2,3,1,1,6,6,6,7,7,5,5,5,2,58,2,1,3,2,40,2000,1800,0,550101,실전대비 훈련 코로나 자연재해 세계 어려움 생각 일자리 생각,인문계 문
30955,2,5,5,6,1,0,4,4,4,6,5,6,4,5,3,5,3,4,3,5,5,5,5,5,4,5,5,5,5,5,5,5,5,5,5,6,3,3,5,6,5,5,5,5,4,4,3,4,5,5,4,5,5,6,5,5,4,5,5,4,2,2,5,5,5,7,3,5,5,6,5,5,1,0,5,5,5,5,4,4,2,3,2,3,3,5,2,5,5,4,5,3,4,3,1,5,4,2,4,1,5,7,4,1,2,2,0,2,1,4,3,3,5,4,3,3,9,9,9,3,4,4,5,4,3,4,3,3,4,4,4,4,3,3,4,3,3,4,4,3,5,5,2,2,2,2,2,2,2,2,2,1,3,3,3,3,2,6,5,7,3,4,5,6,5,6,1,60,2,2,6,1,48,0,0,3500,812902,자전거 수요,기계
30956,1,0,1,0,1,0,1,0,1,0,1,0,3,3,1,0,1,0,1,0,1,0,1,0,3,4,1,0,1,0,1,0,1,0,1,0,1,0,1,0,1,0,1,0,1,0,1,0,1,0,1,0,1,0,1,0,1,0,1,0,1,0,1,0,1,0,4,4,1,0,3,4,1,0,4,5,3,4,1,0,3,3,4,5,3,3,1,0,3,3,4,3,4,3,3,4,3,4,3,4,3,9,1,2,1,2,0,4,2,3,2,3,3,4,3,3,3,4,4,3,2,3,3,3,2,1,3,2,2,4,4,4,3,4,4,3,4,3,3,4,4,4,2,2,2,2,2,2,2,2,2,1,3,2,2,2,2,8,5,6,4,7,5,7,6,7,2,26,3,1,1,1,50,2500,2000,0,531601,조주사자격증 지금,식품영양학
30957,3,3,4,4,2,3,3,4,4,4,3,4,3,4,3,4,3,4,3,3,4,4,3,4,3,3,3,3,2,3,2,3,2,4,1,0,3,4,4,3,4,3,2,3,3,4,3,3,2,4,3,4,4,4,2,4,2,3,3,4,4,5,3,4,4,4,3,4,3,4,3,3,2,3,2,3,4,5,3,3,1,0,2,4,3,3,3,4,4,4,4,3,3,4,4,4,3,5,3,3,4,10,1,5,2,2,0,2,4,3,2,3,4,4,4,4,3,4,4,4,2,4,4,4,4,5,4,2,3,4,2,4,4,4,3,4,5,5,5,4,5,5,2,2,2,2,2,2,2,2,2,2,2,2,3,2,1,4,2,1,4,2,3,3,3,3,1,36,4,1,1,1,45,3400,2700,0,133201,컴퓨터 프로그램 도입 기술 도입 압박 때문,컴퓨터공학
30958,3,3,2,3,2,2,3,3,2,2,3,3,1,0,3,4,4,3,3,4,2,2,2,4,3,3,2,4,3,3,3,3,2,4,1,0,2,1,2,4,3,3,3,4,2,4,3,1,2,1,1,0,3,3,2,4,3,3,2,2,3,3,2,4,3,2,3,2,2,3,3,3,2,4,3,2,2,3,3,3,3,4,2,3,4,4,3,2,3,2,3,3,2,1,3,3,4,3,3,4,4,8,1,2,2,2,0,3,2,2,2,2,4,3,3,3,2,2,3,3,3,3,2,3,3,2,2,4,3,4,3,3,2,2,2,3,3,4,4,4,4,4,2,2,2,2,2,2,2,2,2,3,1,2,2,2,1,8,8,6,5,3,3,4,5,6,1,45,2,1,3,1,40,3500,2500,0,624401,경기 불황 일자리 감소,문과
30959,3,3,3,3,1,0,4,4,2,2,2,3,1,0,3,3,3,2,4,2,1,0,3,3,4,2,3,3,4,3,3,3,1,0,1,0,3,3,2,1,3,3,3,3,3,2,1,0,1,0,4,5,3,3,3,4,5,5,5,7,1,0,3,3,1,0,5,4,5,2,3,1,2,3,4,4,5,4,4,3,5,6,5,3,4,5,3,1,4,4,2,2,2,1,2,2,1,2,2,2,3,6,1,2,2,2,0,3,2,1,1,1,4,4,1,2,9,3,4,3,2,4,3,2,2,2,4,4,3,4,2,5,3,4,4,3,3,4,3,3,5,2,2,2,2,2,2,2,2,2,2,1,2,3,2,2,1,6,7,7,6,6,5,5,6,5,1,50,4,1,3,2,50,3600,2700,0,701201,건설 경기 불황,지리학
30960,5,6,4,6,5,7,5,7,3,5,5,6,4,5,4,5,4,5,4,5,5,7,4,6,5,7,5,6,4,6,5,7,5,7,4,6,4,6,4,5,5,7,5,6,3,4,1,0,1,0,5,6,1,0,1,0,1,0,1,0,2,2,1,0,1,0,1,0,1,0,1,0,1,0,1,0,1,0,1,0,1,0,1,0,1,0,1,0,5,5,3,4,5,2,2,5,3,4,5,5,4,15,2,6,2,2,0,7,5,4,5,4,4,4,4,4,4,3,4,4,4,5,5,5,4,3,4,4,3,5,3,4,5,5,4,4,4,4,3,3,5,4,2,2,2,2,2,2,2,2,2,3,3,3,3,3,2,3,4,3,3,4,3,7,8,7,1,54,5,1,1,1,40,9500,8000,0,11102,갑자기 공무원 인원 변동 줄기 변동,경영학
30961,3,4,2,3,2,3,1,0,1,0,2,4,1,0,1,0,2,3,2,3,1,0,2,4,2,3,2,2,2,3,2,3,2,3,1,0,2,3,3,3,2,3,1,0,2,3,1,0,1,0,1,0,1,0,1,0,1,0,1,0,1,0,2,3,2,3,3,4,3,4,3,5,1,0,3,4,2,3,2,3,2,3,2,3,3,4,2,4,4,3,2,2,3,2,3,1,2,2,3,3,4,3,1,6,2,2,0,2,2,3,2,2,3,3,3,3,3,4,4,3,3,3,3,4,4,3,3,2,3,3,4,4,3,3,4,4,4,5,5,2,5,5,2,2,2,2,2,2,2,2,2,2,2,3,3,3,2,6,7,6,4,7,6,8,5,5,1,40,2,1,1,1,48,5000,2400,0,817301,업종 기피 현상,기계
30962,2,3,2,3,1,0,2,3,2,3,2,3,3,4,3,3,3,3,2,3,2,3,3,4,3,4,3,4,1,0,2,3,1,0,1,0,3,4,3,4,3,3,3,4,3,3,1,0,3,4,3,4,2,3,3,4,4,5,3,4,1,0,3,4,3,4,3,4,4,5,3,4,3,5,3,4,3,4,4,5,3,4,3,4,3,4,3,4,3,2,3,3,3,2,3,3,3,3,2,3,3,3,1,2,2,1,2,7,2,2,3,3,3,2,3,3,3,3,3,3,3,2,3,3,2,3,3,3,3,3,3,3,3,2,3,3,3,3,3,2,3,4,2,2,2,2,2,2,2,2,2,2,4,2,3,3,1,6,7,6,4,3,3,6,4,3,1,45,2,1,1,1,50,5400,3200,0,861301,염색 표백기 사용법 세탁 표백 전문 업체 증가,문과
30963,2,4,2,2,1,0,2,2,3,5,2,4,2,4,2,4,2,5,1,0,2,4,2,3,2,3,2,4,1,0,2,3,2,2,2,4,2,5,2,5,2,3,2,4,2,3,2,3,1,0,1,0,1,0,1,0,1,0,1,0,4,5,1,0,2,2,1,0,1,0,1,0,1,0,1,0,2,3,2,2,1,0,1,0,2,3,2,2,3,3,4,3,3,5,3,2,3,3,3,3,4,3,1,2,1,2,0,3,4,3,3,2,3,2,3,3,3,3,3,3,3,2,2,3,4,2,3,2,2,2,2,5,3,3,2,3,4,3,4,4,5,3,2,2,2,2,2,2,2,2,2,2,2,3,2,3,2,6,6,4,4,4,5,6,4,4,2,29,4,1,3,1,40,3000,2800,0,27201,전산회계운용사2급 업무 자동화 비대 업무 화의 증가,회계학
30964,4,5,4,5,4,4,4,4,4,4,4,5,3,4,3,4,4,4,4,4,4,3,4,5,3,4,4,4,4,4,4,4,4,4,4,4,3,5,4,5,4,3,3,3,4,4,3,5,4,2,4,4,2,3,1,0,3,3,3,3,4,4,1,0,3,3,3,4,3,3,3,2,3,2,1,0,1,0,3,3,2,4,2,2,2,4,2,3,3,4,4,3,3,3,4,4,4,4,4,3,3,11,1,2,1,1,1,4,2,4,4,4,4,4,3,3,3,4,4,4,2,4,3,4,3,2,3,2,4,4,3,2,3,4,2,2,2,2,2,3,4,4,2,2,2,2,2,2,2,2,2,2,2,2,2,2,1,5,5,5,5,4,4,3,3,3,2,41,4,1,1,1,50,6400,2500,0,12402,생명보험자격증 화재보험자격증 변액보험자격증 관리자 현장실무 인터넷 보험 가입 감소 보임,경영
30965,5,5,4,4,4,4,4,4,4,4,4,4,1,0,3,4,4,4,2,4,3,4,3,4,3,4,3,4,4,4,3,4,3,4,3,4,3,4,2,3,3,4,4,4,3,4,1,0,1,0,2,2,3,4,1,0,2,3,2,3,1,0,3,4,3,4,3,4,2,3,2,3,2,3,2,3,2,3,1,0,2,3,1,0,3,4,3,3,4,4,4,3,3,2,4,3,2,3,3,4,4,8,2,6,1,2,0,6,4,3,3,3,4,4,3,3,2,3,3,3,5,3,3,5,5,4,5,4,3,5,3,4,3,3,4,4,3,4,4,3,4,5,2,2,2,2,2,2,1,1,1,5,1,3,3,2,1,8,7,7,7,7,7,7,7,7,1,41,3,1,1,1,40,6500,2500,0,831101,전기기능사 사업 축소 업무 변화 아웃소싱,전기정보시스템공학
30966,2,3,2,4,2,2,2,2,3,4,3,4,2,2,2,5,1,0,1,0,1,0,2,4,3,3,2,4,1,0,3,3,2,3,1,0,2,5,2,3,2,4,3,3,3,3,2,4,2,2,1,0,2,5,3,4,2,3,1,0,3,5,1,0,3,3,3,3,2,3,1,0,3,3,2,4,1,0,3,3,2,4,2,4,2,3,2,2,3,5,4,4,3,4,4,3,4,3,3,4,4,11,1,2,1,2,0,2,5,4,3,4,4,3,4,3,4,3,4,5,3,4,3,3,3,4,4,3,3,4,4,3,4,3,4,4,3,3,4,5,4,4,2,2,1,1,1,2,2,2,2,2,2,2,2,2,1,7,6,5,8,7,6,6,7,6,2,52,4,2,5,1,40,0,0,4900,24203,사회조사분석사 기술 장비 보급 회사 인원 감소 저출산 인구 감소,컴퓨터공학
30967,2,4,2,3,3,5,3,3,2,2,4,5,3,4,2,4,4,5,4,5,3,3,3,4,3,3,3,3,3,4,3,5,2,2,1,0,4,5,1,0,1,0,3,4,2,3,2,3,4,5,3,4,3,5,4,6,3,5,3,4,4,6,2,2,3,3,2,3,4,6,3,3,3,3,2,3,2,4,3,3,2,2,2,3,3,3,2,2,2,2,2,3,4,3,3,4,3,4,3,4,3,13,1,2,2,2,0,5,5,4,3,3,3,3,3,3,4,3,4,4,2,3,3,3,3,3,3,2,2,3,4,4,2,3,3,3,2,3,2,2,3,3,2,2,2,2,2,2,2,2,2,2,4,3,3,3,2,8,7,8,4,4,6,2,2,5,2,33,4,1,1,1,48,3400,2500,0,134303,방식 컴퓨터 시스템 구축 감리 관리 기술 인력 필요 증가,컴퓨터공학
30968,3,4,3,3,2,2,3,4,3,4,3,4,4,5,3,4,3,4,4,5,4,5,3,4,4,4,3,4,3,4,4,5,3,4,3,4,4,4,4,4,3,4,3,4,3,4,3,4,1,0,3,3,3,4,4,4,1,0,1,0,1,0,1,0,1,0,3,4,1,0,1,0,1,0,1,0,1,0,1,0,1,0,1,0,1,0,2,2,3,4,3,3,4,3,3,3,3,3,3,3,3,13,1,3,2,1,6,5,4,4,4,4,4,4,4,3,4,3,3,4,3,3,3,3,3,3,4,3,4,4,4,3,4,3,3,4,3,3,4,3,3,4,2,2,2,2,2,2,2,2,2,3,3,2,2,2,1,4,7,7,4,5,5,6,6,4,1,35,3,1,3,2,45,4000,2800,0,133202,AR훈련 요구 변화,경영학
30969,3,4,2,3,2,2,3,3,1,0,2,3,1,0,4,5,4,5,1,0,1,0,3,4,1,0,1,0,2,3,5,6,1,0,1,0,3,4,4,4,4,3,1,0,2,4,1,0,1,0,1,0,3,3,1,0,2,4,3,4,1,0,3,3,4,5,1,0,3,4,5,5,1,0,5,5,4,5,2,4,3,5,4,5,3,4,2,3,1,3,4,2,1,2,2,4,2,3,2,3,3,10,1,2,2,2,0,2,2,2,1,2,2,2,1,3,2,3,3,3,4,2,1,4,3,3,2,3,3,4,3,4,3,3,5,3,3,5,3,2,5,4,2,2,2,2,2,2,2,2,2,2,2,3,3,3,2,6,7,6,5,4,4,6,4,4,1,36,3,1,1,1,40,2800,2600,0,842301,초고 인터넷 케이블 포화상태 일자리,기계
30970,3,5,3,4,4,4,2,2,3,3,4,4,3,5,3,3,3,3,3,3,4,4,4,4,3,4,2,4,4,4,4,4,3,5,3,5,3,5,3,4,4,4,2,3,3,3,3,3,2,2,3,4,3,4,4,5,4,4,4,5,1,0,4,5,4,4,4,5,4,4,4,4,4,4,4,3,4,4,4,4,4,4,4,4,2,3,2,2,5,4,3,4,3,4,4,3,4,3,4,4,3,15,2,2,2,2,0,7,3,3,3,3,4,4,3,4,3,4,4,3,3,4,3,3,4,3,4,3,4,3,2,3,4,3,5,4,3,4,4,4,3,3,2,2,2,2,2,2,2,2,2,1,2,3,3,2,2,7,8,7,5,4,5,7,6,5,1,34,3,1,2,2,60,2700,1800,0,853101,취업 기회 일자리 감소,전자공학
30971,2,2,4,4,4,3,3,3,3,3,3,5,5,4,5,5,5,3,5,3,5,4,5,4,4,2,5,3,4,6,5,6,3,3,5,3,4,4,5,3,4,3,4,3,5,3,3,3,4,2,5,5,4,5,3,4,3,3,3,2,3,4,3,4,3,4,3,4,3,4,3,4,3,4,3,4,3,4,3,4,3,4,3,4,3,4,3,4,3,3,4,4,3,4,3,3,3,4,3,3,3,7,4,1,2,2,0,1,2,3,2,3,4,3,3,3,9,9,9,3,3,3,3,3,3,4,3,1,3,1,3,4,3,4,3,1,1,3,3,1,3,1,2,2,2,2,2,2,2,2,2,2,3,2,2,2,1,5,7,4,6,3,7,1,1,2,1,65,3,2,6,1,40,0,0,3000,615501,노점 장소 점차,사회복지학
30972,4,5,4,5,4,4,3,4,3,5,4,5,2,2,4,5,5,6,2,3,3,5,5,5,4,4,5,6,4,5,3,4,3,3,1,0,4,5,4,5,3,5,4,4,4,5,5,6,5,6,4,6,4,5,4,5,5,6,3,4,3,4,5,5,5,5,2,2,1,0,3,4,4,5,5,5,4,5,2,3,3,3,5,5,5,5,2,3,5,5,3,4,5,4,4,5,4,4,5,3,5,17,1,2,1,2,0,6,5,5,3,3,5,4,4,4,4,4,5,4,2,5,4,3,2,2,3,3,2,5,2,5,4,4,4,5,4,4,3,4,4,4,2,2,2,2,2,2,2,2,2,3,4,3,3,2,2,7,5,2,7,1,2,7,3,4,1,57,5,2,5,1,46,0,0,11000,301102,의사면허증 고령화 방위 주의 의료,의학
30973,4,6,4,6,5,6,4,6,5,7,4,6,4,6,4,6,4,6,4,6,5,7,4,5,4,6,4,5,4,5,4,6,4,5,4,5,3,4,3,5,4,6,4,5,2,2,2,3,2,3,2,2,2,3,2,4,2,3,3,3,2,2,2,2,2,3,3,3,2,3,2,2,2,2,1,0,2,2,1,0,1,0,1,0,3,3,2,3,3,3,3,3,3,4,4,3,3,4,4,3,4,15,2,4,2,2,0,4,5,3,3,3,4,5,5,3,3,4,4,3,3,3,3,3,3,3,3,3,3,3,5,3,3,3,2,3,3,4,4,3,5,4,2,2,2,2,2,2,2,2,2,2,3,3,3,3,2,2,5,3,6,7,8,3,8,7,2,48,4,1,1,1,40,5700,3200,0,110203,상태 유지,통계학
30974,4,5,4,5,3,5,4,5,4,5,4,5,4,5,4,5,4,4,3,5,3,5,4,5,3,5,3,5,4,5,3,5,5,7,4,6,4,5,4,6,4,6,4,6,4,5,4,5,4,5,4,6,4,5,4,5,3,5,3,5,3,5,3,4,4,4,3,5,4,4,4,4,4,6,4,5,4,5,4,5,4,5,4,5,3,4,3,5,5,5,5,3,4,2,4,2,2,4,4,4,4,11,1,5,1,1,5,5,2,4,4,4,4,4,4,4,2,4,4,4,1,4,4,4,2,2,5,2,4,5,1,4,4,3,2,2,4,4,3,3,4,2,2,2,1,2,2,2,1,1,1,3,1,2,3,3,1,7,7,7,7,7,7,7,8,7,1,55,3,1,3,1,48,14000,4500,0,12402,변액보험 판매관리사 보험법 도입 업무 디지털화 고객 서비스 업무 화성 전산 인공 지능 비대 시대,세무회계
30975,3,2,2,3,2,1,3,1,2,1,2,1,4,3,3,2,2,3,2,3,2,5,3,2,3,2,3,4,4,2,3,2,3,2,4,3,3,2,4,3,4,5,3,4,3,3,2,1,2,3,5,5,4,3,4,3,4,2,4,6,4,5,4,3,4,5,5,4,4,3,3,2,4,3,4,3,2,1,4,2,2,1,3,2,3,2,3,1,4,3,4,4,5,4,3,2,3,4,3,4,3,3,1,2,1,2,0,4,4,4,4,3,5,4,4,3,4,3,5,4,3,4,2,2,3,2,4,3,2,5,2,4,5,3,4,5,4,3,4,4,5,2,2,2,2,2,2,2,2,2,2,2,2,2,2,3,1,7,4,5,3,6,4,7,5,6,2,34,4,1,1,1,42,3500,3200,0,415501,웹디자인기능사 컴퓨터 프로그램 도입 인력 필요,시각디자인
30976,3,4,3,4,3,4,3,4,3,4,2,3,2,3,2,3,2,3,2,2,1,0,2,2,2,2,2,2,2,2,2,2,2,3,2,2,2,2,2,3,2,2,2,3,2,3,2,3,2,2,2,2,2,3,2,2,2,2,2,2,3,4,2,3,2,3,2,2,2,2,2,2,2,2,2,2,2,2,2,2,2,3,2,2,2,2,2,2,2,3,3,3,3,3,3,2,3,3,3,3,3,17,1,3,1,2,0,3,4,3,3,3,3,3,4,3,3,4,4,4,2,3,3,3,4,4,4,2,3,2,4,4,4,4,3,3,4,4,4,4,4,3,2,2,2,2,2,2,2,2,2,1,4,2,2,2,2,8,3,7,3,5,7,2,6,6,2,29,3,1,1,1,40,2200,2000,0,307401,의무기록사 보건의료정보관리사 병원 수가 계속,보건행정학
30977,5,6,4,5,4,5,3,4,3,5,3,5,1,0,2,3,2,3,1,0,3,3,2,3,2,2,3,4,3,3,2,2,1,0,2,3,2,2,3,5,2,3,4,5,3,4,2,3,3,4,2,2,2,3,1,0,1,0,1,0,4,6,1,0,1,0,1,0,1,0,1,0,3,3,1,0,1,0,1,0,1,0,1,0,3,4,2,2,5,5,4,5,4,4,4,5,5,4,4,2,4,11,1,3,1,1,3,4,5,5,5,5,5,5,5,5,5,4,4,5,5,4,5,4,4,5,4,5,4,4,4,4,4,5,4,5,4,4,5,5,4,5,2,2,2,2,2,2,2,2,2,2,2,1,1,1,1,5,5,5,5,5,5,5,5,5,2,36,4,1,1,1,40,4000,3000,0,32302,컴활1급 엑셀OA 직무교육 전산 자동화 도입,경제학
30978,3,5,4,5,3,5,3,5,3,4,3,5,3,4,3,5,4,4,3,5,3,4,3,4,3,5,3,4,3,4,3,4,3,4,2,3,3,4,3,4,3,4,3,4,3,4,3,4,3,4,3,5,3,5,3,4,3,5,3,4,3,4,3,4,4,5,3,3,3,3,4,4,3,4,3,3,3,7,3,5,3,5,3,5,3,5,3,5,4,4,3,4,4,3,2,4,4,4,4,4,4,15,2,2,1,1,1,6,5,4,4,4,4,4,3,4,9,4,4,4,1,4,4,3,3,3,3,3,3,4,3,5,4,5,4,4,5,5,4,4,4,3,2,2,1,2,2,1,1,2,2,1,4,3,3,3,2,7,5,8,2,2,5,5,5,5,1,43,5,1,3,2,82,5200,2900,0,621102,회전익사업용조종사 육상다발 계기비행증명 항공무선통신사 항공안전 계기교육 이직 항공기 전환 실시 인력 대체 기술 능력 생각 국가 시책 능력 보강 판단,항공경영학
30979,2,2,2,2,2,2,2,2,2,2,2,2,2,2,2,3,2,2,3,4,2,2,2,3,2,2,2,2,2,3,2,2,2,2,2,2,2,2,2,2,2,2,2,2,2,3,2,2,2,2,2,2,2,2,2,2,2,2,2,2,2,2,2,2,2,2,2,2,2,2,2,3,2,2,2,2,2,2,2,3,3,4,2,2,2,2,2,2,4,4,3,3,3,2,2,3,2,3,3,3,3,8,2,2,2,1,1,7,4,3,3,3,4,3,4,2,3,4,5,3,2,3,3,3,3,4,4,4,3,4,3,4,4,4,4,4,4,5,4,4,5,4,2,2,2,2,2,2,2,2,2,2,2,2,2,2,2,7,4,5,6,5,6,6,4,6,2,28,4,1,1,1,40,3000,2000,0,522202,승무직 수행에 필요 지식 기술 태도에 대한 입문교육 출산 감소,사회학
30980,2,3,3,4,2,3,2,3,2,3,3,4,1,0,3,4,2,3,4,5,1,0,1,0,1,0,1,0,1,0,1,0,1,0,2,3,1,0,1,0,1,0,1,0,2,3,1,0,1,0,1,0,4,4,4,5,4,5,1,0,3,4,1,0,2,3,1,0,1,0,3,4,2,3,1,0,1,0,1,0,1,0,1,0,2,3,1,0,3,2,3,4,3,3,3,3,3,4,3,3,3,13,1,2,2,2,0,7,5,4,3,3,4,4,3,3,3,4,3,3,3,3,4,3,4,3,3,3,3,4,4,3,4,4,3,3,4,4,3,3,4,4,2,2,2,2,2,2,2,2,2,2,2,2,2,3,1,4,3,5,4,6,7,6,5,6,1,37,4,1,1,1,43,4698,4105,0,151102,기계 산업 전망 침체 감소,기계공학
30981,2,2,2,2,2,2,2,3,2,2,1,0,1,0,4,4,2,3,1,0,1,0,3,4,4,4,3,4,1,0,1,0,2,2,1,0,3,4,3,3,2,2,2,3,2,3,1,0,1,0,2,3,2,2,1,0,2,2,2,2,1,0,3,3,4,3,4,4,4,4,4,4,1,0,3,5,2,3,3,3,2,3,3,4,5,6,2,3,4,4,2,3,2,1,2,2,2,1,1,3,5,3,1,3,1,2,0,2,3,2,1,1,4,3,2,2,2,3,4,3,3,3,2,3,4,5,4,1,2,3,2,5,3,3,1,2,2,4,2,1,4,5,2,2,2,2,2,2,2,2,2,3,2,2,2,2,2,6,9,5,3,7,6,5,3,2,1,40,2,1,1,1,40,3800,2400,0,824101,용접기능사 경기 침체,기계
30982,5,5,4,5,3,3,4,5,3,4,2,4,3,3,2,3,3,4,4,3,4,4,3,3,4,4,2,3,2,3,3,4,2,4,2,4,3,3,4,4,4,3,2,3,3,3,2,3,3,4,2,3,4,4,1,0,3,4,3,4,2,4,3,4,3,3,3,4,4,4,4,3,3,4,5,3,3,4,4,4,4,5,2,4,5,5,2,4,3,3,3,4,2,2,4,3,1,4,4,4,4,4,1,1,1,2,0,3,2,4,4,4,4,4,4,4,3,3,5,3,3,3,3,5,4,4,3,4,4,3,4,4,4,2,3,3,4,4,4,3,4,4,2,2,2,2,2,2,2,2,2,2,2,3,2,2,2,8,8,6,4,3,2,5,5,5,1,50,3,1,1,1,48,3700,2800,0,831201,전기기능사자격증 전기 설비 장비 자동화 시스템 운영 일자리 전망,전기공학
30983,3,2,3,3,2,2,2,3,3,2,3,3,3,3,2,2,3,2,2,2,3,3,2,2,2,3,3,2,2,2,2,2,2,2,3,3,2,2,3,3,2,2,3,3,2,2,3,2,2,2,2,3,2,2,2,2,2,2,2,2,3,3,3,3,2,2,2,2,1,0,4,5,3,3,2,2,2,2,2,2,2,2,1,0,3,3,3,2,3,3,3,3,2,2,2,4,2,3,2,2,2,18,4,1,1,2,0,7,4,4,3,4,4,4,4,5,4,4,5,5,4,4,4,4,3,4,4,3,3,4,3,4,4,4,4,4,4,4,4,4,4,3,2,2,2,2,2,2,2,2,2,2,2,2,2,2,1,9,8,3,3,4,5,7,3,4,1,50,4,2,6,1,40,0,0,3500,414201,사진기능사 출산 하와 결혼 감소 장기 경기 침체 기업 광고 홍보 사진촬영 물량,사진영상학
30984,4,5,3,3,4,5,4,5,4,4,4,5,3,3,3,5,3,5,5,5,5,3,2,2,3,3,3,4,3,4,2,3,1,0,1,0,3,3,3,3,4,4,1,0,3,4,1,0,1,0,4,4,1,0,1,0,1,0,1,0,3,4,1,0,1,0,3,4,2,3,3,4,1,0,1,0,1,0,4,4,1,0,1,0,3,4,2,3,1,3,1,2,3,5,3,4,3,4,3,3,3,8,1,2,2,2,0,5,4,4,3,3,2,3,4,2,2,3,4,3,3,2,2,3,3,2,4,3,3,4,2,5,2,1,1,3,5,3,4,3,3,2,2,2,2,2,2,2,2,2,2,3,2,3,3,3,1,5,6,7,5,6,6,6,3,7,1,35,3,1,1,1,40,3000,2600,0,28201,전산 장비 도입,경영학
30985,2,3,3,3,2,3,3,3,3,4,3,4,4,6,4,5,4,5,4,5,4,5,4,5,4,5,3,5,3,4,3,4,3,4,3,4,3,4,4,5,3,4,4,4,4,4,2,3,3,3,3,3,2,3,3,4,3,4,3,4,3,4,3,4,4,4,4,5,3,4,3,4,4,4,3,4,3,4,4,5,3,4,3,4,4,5,2,3,3,3,4,3,3,3,3,2,3,3,4,3,3,13,1,2,1,1,2,7,4,4,3,3,4,3,3,4,3,3,3,4,3,3,3,3,4,3,2,3,4,3,3,3,4,3,2,3,3,4,3,3,3,4,2,2,2,2,2,2,2,2,2,2,2,2,2,2,1,7,6,6,4,3,3,7,4,3,1,34,4,1,1,1,42,3800,2400,0,415404,시각디자인 제동이나 서비스의 매출증가를 위해서는 광고가 필수 디자인 방법 일자리 감소,시각디자인
30986,4,5,4,6,4,5,3,5,3,4,3,4,2,2,4,5,3,4,2,2,2,3,2,2,2,2,2,2,2,2,2,2,3,4,2,3,2,2,3,4,3,4,3,4,3,4,3,4,2,3,3,4,2,2,2,3,2,2,2,2,3,3,3,4,2,2,1,0,1,0,1,0,1,0,2,2,1,0,2,2,2,2,2,3,3,4,4,4,3,3,4,3,3,3,3,3,3,3,3,4,4,17,1,3,1,1,3,3,5,4,4,4,4,4,4,4,4,4,5,4,4,4,3,4,4,3,3,4,3,4,4,4,4,4,5,4,4,3,4,4,5,4,2,2,2,2,2,2,2,2,2,2,1,2,2,2,1,7,6,6,7,6,7,6,6,6,1,37,4,1,1,1,45,3800,2900,0,306502,작업치료사 치료과정 발달,특수교육학
30987,3,3,3,4,2,3,2,3,3,4,2,3,2,3,2,3,3,4,3,4,2,3,3,4,3,4,1,0,3,3,3,4,2,3,2,3,2,3,2,3,2,4,3,3,3,4,2,3,2,3,1,0,2,3,2,3,2,3,2,3,2,3,3,4,3,3,3,4,3,4,3,4,2,4,3,3,2,3,3,4,2,5,2,4,3,4,3,4,3,3,3,3,3,4,4,3,3,3,3,3,4,3,1,5,2,2,0,2,4,3,2,2,4,3,3,3,3,3,3,3,3,3,3,3,3,3,3,3,3,4,3,4,2,2,2,2,3,4,3,3,3,3,2,2,2,2,2,2,2,2,2,3,1,3,3,3,2,6,6,6,6,6,6,6,6,6,1,26,3,1,1,1,40,6000,4500,0,154201,시험 장비 자동화,화학공학
30988,3,5,2,3,1,0,3,4,1,0,3,4,5,7,4,6,3,3,4,5,4,5,3,5,5,7,1,0,2,2,1,0,1,0,1,0,1,0,1,0,2,2,2,3,2,3,3,3,1,0,1,0,1,0,1,0,2,2,1,0,4,6,1,0,2,2,1,0,1,0,1,0,1,0,4,6,2,1,3,4,1,0,1,0,4,6,5,7,4,3,4,2,3,2,5,4,4,3,3,3,4,18,4,1,2,1,2,7,2,4,4,4,5,5,4,2,9,9,9,2,1,5,5,3,4,4,4,4,5,4,2,5,5,3,3,2,4,4,4,3,4,4,2,2,2,2,2,2,2,2,2,1,3,2,2,2,2,6,4,3,2,1,4,7,9,6,2,25,4,1,4,2,40,2500,1500,0,414502,유튜브 동영상 매체교육 상황 계속 지속,작곡
30989,2,3,2,3,2,3,1,0,2,3,2,3,2,3,3,4,3,4,4,6,3,4,4,5,4,6,3,4,3,4,5,7,2,3,2,3,3,4,2,3,4,5,3,4,4,6,2,3,4,5,2,3,5,7,4,5,5,7,5,7,4,5,3,4,5,7,5,7,4,5,5,7,4,6,5,7,3,4,4,5,3,4,3,4,4,5,3,4,4,3,3,3,4,3,4,4,3,3,4,3,4,3,1,2,1,1,3,6,5,3,3,3,4,4,4,3,3,3,3,3,2,4,4,3,3,2,3,5,4,5,2,5,4,5,5,5,4,5,4,4,5,4,2,2,2,2,2,2,2,2,2,2,3,3,3,3,1,1,1,1,2,2,6,2,1,6,1,34,4,1,1,1,40,3000,2500,0,705901,화약류관리기사 화약취급기능사 화약관리 취급 교육 변동 직종,화학공학
30990,2,2,2,2,1,0,2,2,2,2,2,2,1,0,2,2,2,2,2,2,2,2,2,2,2,2,2,2,2,2,2,2,2,2,2,2,2,2,2,2,2,4,2,2,2,2,2,2,2,2,2,2,2,2,2,3,2,3,2,3,3,3,2,3,3,4,3,4,2,4,2,4,3,5,3,4,2,3,2,4,2,3,2,4,3,4,3,4,3,4,4,3,2,3,3,2,2,3,2,2,3,10,1,2,2,1,4,3,2,2,2,2,3,2,2,3,2,2,3,3,3,4,4,4,4,5,4,4,4,4,2,3,4,4,4,3,4,4,4,3,4,4,2,2,2,2,2,2,2,2,2,2,2,2,2,2,2,8,7,4,4,5,6,7,4,5,1,37,3,1,1,1,40,4300,2500,0,417102,나무자르는법 사람,정보미디어
30991,2,3,2,3,2,3,3,3,3,3,2,2,2,2,2,3,3,3,1,0,2,2,1,0,1,0,3,6,3,3,2,3,3,4,3,4,1,0,4,5,2,2,3,3,2,3,3,3,3,4,2,2,1,0,1,0,1,0,1,0,3,4,1,0,1,0,1,0,1,0,1,0,1,0,1,0,1,0,1,0,1,0,1,0,2,2,2,2,4,3,4,3,3,3,4,3,3,2,2,2,4,10,1,2,2,2,0,5,2,3,3,3,4,4,3,3,9,9,9,3,2,3,3,4,3,3,4,2,3,3,3,5,4,4,3,4,3,5,4,4,4,3,2,2,2,2,2,2,2,2,2,1,3,3,1,1,1,9,9,9,2,2,6,8,2,2,1,37,3,1,3,2,40,3500,2300,0,615301,인터넷 쇼핑 추세,사회복지학
30992,4,5,3,5,4,4,3,4,4,5,5,6,1,0,4,4,4,4,3,4,4,4,4,5,3,4,3,4,2,3,3,4,3,4,3,4,3,4,3,4,3,5,3,4,4,4,3,4,3,4,3,3,3,4,1,0,4,4,3,4,4,4,4,5,3,4,3,4,3,4,3,4,3,4,1,0,4,5,3,4,1,0,2,3,4,5,3,3,4,3,3,3,3,3,4,4,4,4,3,3,3,13,2,4,2,2,0,4,4,4,4,3,4,4,4,3,3,4,4,3,2,4,4,4,4,3,3,2,4,4,4,3,4,5,4,4,5,4,4,3,4,4,2,2,2,2,2,2,2,2,2,2,4,3,3,3,2,4,6,3,5,2,3,4,3,3,1,43,3,1,1,1,40,6500,2800,0,152201,금속 재개발 기업체 신소재 개발,금속공학
30993,5,7,5,7,4,5,5,7,5,7,5,7,3,4,4,5,5,7,4,6,4,5,4,6,3,4,2,3,3,5,4,5,4,5,3,5,3,4,3,5,3,4,4,5,4,5,4,6,5,6,4,5,4,6,4,6,4,6,4,5,4,5,4,7,5,7,5,7,5,6,4,6,4,6,4,6,5,6,4,5,4,5,4,6,4,5,4,6,4,3,3,3,3,3,4,3,3,3,3,4,3,15,2,5,2,2,0,5,5,3,3,3,3,4,4,3,4,3,3,4,3,3,3,3,3,3,3,3,3,3,4,3,3,3,3,3,4,4,3,3,3,4,2,2,2,2,2,2,2,2,2,2,3,3,3,3,2,2,3,5,5,7,8,3,4,3,1,60,4,1,1,1,40,6000,3000,0,121105,상태 유지,지리학
30994,4,5,4,5,4,5,3,4,3,3,3,3,3,4,3,3,3,4,4,6,3,4,2,2,4,3,4,5,3,3,4,4,4,5,3,3,3,4,3,5,4,5,3,4,3,4,1,0,1,0,1,0,2,3,1,0,4,6,4,5,3,4,1,0,4,4,4,5,4,5,3,5,1,0,4,6,3,5,4,5,4,6,4,5,4,5,4,4,3,3,4,3,3,2,4,3,3,4,5,4,4,15,2,2,1,1,1,2,4,3,3,3,4,4,4,3,3,2,4,3,2,4,4,4,4,3,4,3,3,2,4,4,4,5,3,4,4,3,4,3,4,3,2,2,1,2,2,2,2,1,1,1,3,1,1,3,2,7,8,7,3,6,4,7,3,4,1,42,4,1,1,1,48,6000,4000,0,307101,응급구조사 현장실무 실습교육 장비 보급 스트레스 증가 현대 장비 사람 기본 업무,응급구조학
30995,3,4,4,4,2,2,3,3,1,0,3,3,1,0,3,3,2,2,1,0,3,3,3,3,4,4,1,0,2,2,2,3,1,0,1,0,1,0,3,3,2,3,3,3,2,2,3,3,3,4,1,0,2,2,2,3,3,4,2,2,1,0,2,3,2,2,4,4,4,4,3,4,1,0,4,3,3,3,2,2,1,0,3,3,4,3,2,3,1,3,4,1,3,2,4,2,2,1,2,4,4,19,4,1,2,2,0,7,1,3,2,1,4,2,2,2,9,9,9,3,2,3,3,5,5,4,5,4,4,2,3,5,4,4,3,4,4,5,3,3,4,5,2,2,2,2,2,2,2,2,2,1,4,3,2,2,2,8,7,3,6,2,3,6,5,3,2,53,2,2,6,1,54,0,0,1800,863401,리폼 개성,상고
30996,4,5,4,5,3,4,3,5,5,6,4,6,5,7,4,6,4,5,4,5,4,5,3,4,4,6,4,5,3,5,3,4,3,5,4,5,3,4,4,6,4,6,4,6,4,5,3,4,2,3,4,5,4,6,3,4,2,3,2,3,4,6,3,4,4,5,2,3,3,4,2,2,4,6,3,5,3,4,4,6,2,2,2,3,4,6,3,4,5,4,5,5,4,3,4,5,3,5,3,4,4,13,1,5,2,2,0,3,4,3,4,4,4,5,4,3,4,4,3,4,2,4,4,3,4,4,3,4,4,3,2,4,4,5,5,4,4,3,4,3,4,4,1,1,1,2,2,2,2,2,2,2,4,1,1,3,1,7,3,7,4,4,7,2,8,7,2,29,4,1,1,1,40,3600,2800,0,133202,거래처 관리 관련 소프트웨어 관련 개발 보완 현재 시스템 구함,정보통신공학
30997,3,3,3,3,3,3,2,3,3,3,3,4,2,3,3,3,2,3,3,4,3,3,3,3,2,3,3,2,3,2,3,3,3,4,3,4,3,4,3,4,3,3,2,3,3,3,3,4,2,3,2,3,2,3,3,4,2,3,2,2,3,3,2,3,3,2,3,2,2,3,3,2,2,2,2,2,2,2,2,4,2,4,2,4,3,4,2,3,4,3,3,3,4,3,4,4,3,3,4,4,4,9,1,2,2,2,0,4,2,4,4,3,4,4,4,3,3,3,4,3,3,3,3,4,3,4,4,4,4,4,3,4,3,4,3,3,4,3,4,2,3,3,2,2,2,2,2,2,2,2,2,4,3,2,2,2,1,5,5,5,6,5,5,5,5,4,1,52,2,1,1,1,50,4000,2000,0,523001,변화,전자
30998,4,4,4,4,3,2,3,3,3,3,3,4,1,0,3,4,4,3,3,4,3,3,4,4,3,3,4,4,3,4,3,4,3,4,3,4,4,3,3,4,4,4,3,3,4,3,1,0,1,0,3,4,3,4,1,0,1,0,2,4,3,3,3,3,3,3,4,4,3,4,3,4,1,0,4,4,3,4,4,4,3,4,3,4,4,4,4,4,4,4,3,4,4,2,4,4,5,4,4,5,4,8,2,4,1,1,3,5,4,4,4,3,4,4,4,4,4,4,4,4,4,4,4,1,4,3,5,2,4,3,5,5,4,4,4,4,4,4,4,3,5,4,2,2,2,2,2,2,2,2,2,2,2,3,3,3,2,3,3,3,7,7,6,5,5,7,1,57,2,1,1,1,45,8900,3500,0,621301,열차안전면허증 안전교육 열차 운행 시스템 조작 자동화 기술 발전 계속 것이므,철도고 연전차
30999,5,7,4,5,4,5,4,5,5,6,5,4,3,3,5,5,4,5,5,5,3,4,3,4,4,5,3,4,1,0,4,5,4,5,4,5,3,4,1,0,4,5,3,4,4,5,1,0,3,4,1,0,4,4,5,4,4,5,4,5,4,5,5,4,2,4,4,5,3,4,3,3,1,0,3,5,3,4,3,4,1,0,4,5,4,4,3,3,4,5,2,3,4,3,4,4,3,4,4,3,4,6,1,2,1,2,0,3,5,4,4,4,4,5,3,3,4,3,4,4,1,4,5,4,4,2,3,4,4,3,4,3,4,4,4,4,5,5,5,3,4,4,2,2,2,2,2,2,2,2,2,2,4,2,2,3,2,7,6,6,2,3,3,2,2,3,1,42,4,1,1,1,40,5500,3400,0,140301,건축기사 건축 조물 안전 진단 보강 업무 인식 인력 일자리,건축토목학
31000,4,4,4,5,4,4,4,4,5,6,4,5,5,5,4,4,4,4,5,5,4,5,4,5,4,4,4,5,4,4,4,5,4,5,4,4,4,4,5,5,5,6,4,5,4,5,5,5,4,5,4,4,4,5,4,5,3,5,4,5,4,5,5,5,4,5,4,5,5,6,5,5,4,5,4,5,4,4,4,4,4,4,4,4,4,5,3,5,4,4,4,3,4,3,4,3,4,3,4,3,3,19,4,1,2,2,0,2,5,4,4,3,4,4,3,4,9,9,9,4,4,2,3,4,3,4,4,3,4,4,4,4,3,4,3,4,3,4,3,4,4,4,2,2,2,2,2,2,2,2,2,2,3,2,2,2,2,6,7,6,7,3,4,6,7,5,1,36,6,2,6,1,60,0,0,4800,841201,핸드폰 사용자 점점 추세,기계
31001,5,7,5,7,2,4,1,0,4,5,3,5,1,0,4,4,3,4,1,0,3,4,3,4,2,3,4,5,1,0,4,5,1,0,1,0,3,4,1,0,3,4,4,5,3,4,4,5,1,0,4,5,1,0,1,0,1,0,1,0,3,4,4,6,1,0,1,0,1,0,1,0,4,5,1,0,1,0,1,0,1,0,1,0,2,4,1,0,3,3,2,5,5,4,4,2,4,4,4,4,4,16,5,6,2,2,0,6,5,5,4,4,4,4,4,4,4,4,4,4,4,4,4,5,4,4,3,3,4,2,4,4,3,4,4,4,4,4,3,4,4,2,2,1,1,2,2,2,2,1,2,1,1,1,1,3,1,2,5,3,7,6,3,5,7,6,1,58,5,1,1,1,40,10000,5000,0,13101,온라인 수업 비대 회의 전환 학생 감소 대학교 감소,교육학
31002,2,2,2,2,1,0,1,0,2,3,1,0,1,0,3,3,3,3,1,0,2,2,4,4,2,2,1,0,2,3,2,3,1,0,1,0,3,4,2,3,3,3,2,2,4,3,1,0,3,3,1,0,1,0,1,0,2,2,1,0,1,0,2,3,5,5,5,4,4,3,5,3,1,0,3,3,4,5,5,4,4,4,3,3,3,2,3,2,4,3,2,2,3,2,3,2,3,2,3,2,3,3,1,2,2,2,0,7,1,2,1,1,4,3,2,2,1,2,2,2,5,1,1,3,4,2,3,4,2,2,3,3,2,2,2,3,4,4,5,3,4,4,2,2,2,2,2,2,2,2,2,3,2,2,2,2,2,9,6,8,3,5,3,3,7,3,1,43,2,1,1,1,40,2100,2000,0,873401,외국산 수입 증가,상고
31003,4,6,4,6,4,6,4,5,5,6,4,6,4,5,4,6,4,6,4,6,4,6,4,6,4,5,4,6,4,6,4,6,4,6,4,6,4,5,5,6,4,5,4,5,4,6,4,6,4,6,4,6,4,6,4,6,4,6,4,6,4,6,4,6,4,6,4,5,4,6,4,6,4,6,4,6,4,6,4,6,4,6,4,6,4,6,4,5,4,5,4,4,5,4,4,4,4,3,5,4,4,15,2,2,1,2,0,4,5,4,3,4,4,4,4,3,4,5,4,4,4,3,3,3,2,3,4,3,3,3,3,4,4,4,5,3,4,4,3,4,4,2,2,2,2,2,2,2,2,2,2,1,4,2,1,1,1,5,4,3,6,6,6,6,5,7,2,34,4,1,1,1,40,3400,2900,0,231301,2급 청소년지도사 청소년 스트레스 예방 차원 케어,사회복지학
31004,4,4,3,5,3,4,4,4,3,4,2,5,1,0,4,4,2,4,4,3,3,3,2,4,1,0,4,4,3,5,3,5,1,0,1,0,2,3,1,0,4,5,3,6,4,3,3,2,2,3,1,0,4,4,3,3,4,5,2,3,3,3,3,2,3,4,2,3,4,3,3,4,4,4,3,3,2,4,1,0,1,0,2,4,3,3,3,3,4,3,5,4,4,3,4,4,3,5,5,4,3,3,1,2,1,2,0,2,4,3,4,5,5,4,5,4,5,5,3,4,2,4,4,4,3,5,4,4,3,5,4,4,3,3,3,4,5,2,4,4,3,5,2,2,2,2,2,2,2,2,2,2,4,3,3,3,2,4,3,5,4,5,6,7,4,2,1,36,5,1,1,1,40,3800,3500,0,157101,식품산업기사 생활 수준 유해 중요도,식품영양학
31005,2,3,1,0,2,1,2,2,3,2,4,4,3,3,4,4,3,3,4,4,3,3,3,3,4,4,4,5,3,3,3,3,1,0,1,0,3,4,4,4,2,2,3,3,2,2,1,0,2,3,1,0,3,4,3,3,2,4,4,5,1,0,3,4,3,3,3,3,3,4,3,3,1,0,3,3,2,3,3,3,4,4,3,5,4,4,3,3,3,3,2,4,4,3,3,3,2,2,3,3,3,6,1,2,1,1,2,2,2,3,2,2,4,3,3,4,4,5,4,4,3,4,2,3,4,4,2,2,3,3,4,3,2,2,3,3,2,4,4,3,3,4,2,2,2,2,2,2,2,2,2,2,2,2,2,2,1,8,8,7,5,3,3,4,7,6,1,26,2,1,3,2,52,3300,3000,0,702101,미장기능사 안전교육 건축 경기 불황,문과
31006,4,4,3,4,2,4,3,5,3,3,4,4,4,4,2,4,3,4,4,4,4,4,4,5,4,4,4,5,3,4,4,4,4,3,3,4,4,4,3,5,4,4,4,4,4,4,3,4,4,4,2,5,3,3,4,4,4,4,3,5,4,4,4,5,3,4,4,4,4,5,3,5,4,4,4,5,3,4,4,4,4,5,3,4,2,3,3,3,4,3,3,3,4,3,3,4,3,3,4,3,3,17,1,2,1,2,0,3,4,3,3,4,3,3,4,5,4,9,9,4,4,3,4,4,5,4,3,4,4,4,4,4,4,4,3,3,5,4,3,3,4,3,2,2,2,2,2,2,2,2,2,2,3,3,3,3,1,7,4,5,3,7,6,8,7,6,2,45,2,1,3,2,28,2000,1800,0,306903,놀이치료사 향후 변동 유지,상고
31007,2,1,2,2,1,0,3,3,1,0,2,2,1,0,2,3,1,0,2,4,1,0,1,0,2,3,5,6,3,5,3,3,2,3,1,0,1,0,2,4,2,4,4,4,2,4,1,0,4,5,2,4,4,5,4,5,3,5,3,5,1,0,2,4,4,5,5,5,3,5,4,5,2,3,3,5,3,3,3,3,5,5,2,4,4,3,2,3,5,3,2,2,3,1,4,1,1,1,3,3,4,19,1,4,2,1,4,3,3,4,4,4,4,4,3,4,4,4,4,4,2,4,4,4,5,5,4,4,4,4,4,4,4,5,5,4,4,5,4,4,4,4,2,2,2,2,2,2,2,2,2,2,3,3,3,3,2,7,6,7,4,5,6,7,7,5,1,43,4,1,1,1,40,4100,3800,0,14301,인성교육 지금 변화,체육학
31008,2,1,2,2,2,1,2,2,2,2,2,1,2,1,2,2,2,2,2,2,2,2,2,1,2,2,2,1,2,2,2,2,2,2,2,2,2,2,2,2,2,2,2,3,2,1,2,1,2,1,2,2,2,2,2,1,2,2,2,1,2,1,2,1,2,2,2,2,2,3,2,2,2,1,2,2,2,3,3,3,4,6,3,3,3,3,3,3,4,3,3,2,3,1,2,3,2,2,3,3,3,6,1,2,2,2,0,1,2,3,4,3,4,4,4,3,4,4,4,4,2,3,4,2,4,2,4,3,3,4,4,4,3,4,4,4,4,4,3,3,4,4,2,2,2,2,2,2,2,2,2,2,2,3,3,3,2,5,4,3,4,5,5,4,5,5,1,48,2,1,1,1,45,4000,2700,0,705101,건설 경기 침체,기계
31009,3,4,3,4,3,6,4,5,1,0,2,3,1,0,1,0,3,4,1,0,1,0,1,0,3,4,2,3,2,3,3,4,2,2,2,2,2,3,2,2,2,2,1,0,2,3,1,0,1,0,1,0,1,0,1,0,1,0,1,0,1,0,1,0,1,0,1,0,1,0,1,0,1,0,1,0,1,0,3,4,1,0,1,0,2,3,2,3,3,3,2,3,2,2,3,4,2,3,3,3,3,13,1,3,2,2,0,4,5,3,2,2,3,2,3,4,3,2,3,3,3,3,3,2,2,2,2,2,2,4,4,4,4,4,3,3,3,3,3,3,3,3,2,2,2,2,2,2,2,2,2,1,4,3,3,3,2,6,6,6,4,5,5,5,4,5,2,36,4,1,1,1,52,4300,2900,0,416301,뉴스 때문,국어국문
31010,3,3,3,1,1,0,2,1,1,0,2,3,3,4,4,4,2,3,2,4,2,1,1,0,2,3,1,0,3,2,2,4,1,0,1,0,3,3,4,3,4,4,4,4,3,4,1,0,3,4,1,0,1,0,1,0,2,3,3,4,1,0,1,0,1,0,2,4,3,3,3,2,1,0,1,0,1,0,1,0,2,3,3,4,3,2,4,3,5,4,4,4,3,2,2,4,3,3,4,3,5,9,1,2,2,2,0,7,2,4,4,4,4,3,3,4,5,4,4,4,4,3,4,3,4,4,3,3,3,4,4,4,3,4,4,4,3,4,3,4,3,3,2,2,2,2,2,2,2,2,2,3,2,3,3,3,2,6,5,4,3,4,4,6,6,5,2,61,1,1,1,1,40,2200,1700,0,561101,청소 용품 기계화,0
31011,3,4,4,5,4,4,4,5,2,4,4,5,5,5,3,4,3,4,4,4,3,4,3,4,4,4,3,4,3,4,4,4,3,4,3,4,4,4,3,4,3,4,3,3,3,4,3,4,4,4,3,4,3,4,3,5,3,4,3,3,3,4,2,3,2,4,2,2,2,2,1,0,3,4,2,4,3,4,2,3,2,3,2,4,3,4,2,4,4,4,3,3,3,3,4,5,3,4,4,5,4,18,1,2,2,2,0,4,5,4,3,3,4,4,4,3,3,4,4,4,3,3,3,4,3,3,4,3,3,4,4,4,3,4,4,4,4,4,4,4,5,4,2,2,2,2,2,2,2,2,2,2,3,2,2,2,1,8,7,6,3,3,4,6,6,6,2,25,3,1,1,1,50,2500,2400,0,24404,현재 축소 행사 전시 증가 예정,사회복지
31012,4,5,3,3,3,5,3,4,4,4,3,4,3,4,2,3,3,4,1,0,1,0,2,3,4,4,3,4,2,2,2,2,3,4,3,4,2,3,2,1,5,6,3,4,2,2,3,4,3,4,2,3,3,3,3,5,3,4,3,4,3,4,3,4,3,3,2,2,2,1,2,2,3,5,3,3,2,1,3,4,2,2,2,2,3,3,2,4,3,3,2,3,4,2,4,2,2,4,4,4,3,19,1,2,1,1,1,5,5,3,3,3,2,4,4,4,4,5,4,4,2,3,4,4,3,4,4,4,3,4,4,4,3,4,5,4,4,4,3,4,3,4,2,2,2,2,2,2,2,2,2,2,4,1,3,3,2,7,6,6,4,4,5,6,5,4,1,35,4,1,1,1,40,4300,3300,0,155301,대기환경기사 직무교육 대기오염 심각,환경공학
31013,2,2,2,1,2,1,1,0,2,2,2,1,2,1,2,2,2,2,2,3,2,2,3,3,2,2,2,2,2,1,3,3,2,2,3,2,2,2,2,1,3,4,2,2,3,3,2,2,2,1,2,1,4,5,4,5,4,5,3,5,2,1,3,3,3,4,3,4,4,4,3,4,3,4,4,4,3,5,3,4,4,6,3,2,3,3,3,3,4,2,2,4,3,1,3,2,1,2,2,2,3,6,1,2,2,1,2,2,1,3,4,2,3,3,2,4,5,4,4,4,3,2,2,4,3,3,3,2,2,4,2,4,2,2,3,4,3,4,3,3,4,4,2,2,2,2,2,2,2,2,2,1,3,3,3,3,2,8,8,6,7,7,7,3,7,7,1,48,2,1,1,1,40,3500,2200,0,701301,직무훈련 재건축,기계
31014,2,2,3,3,2,2,4,5,2,2,3,3,1,0,1,0,4,5,3,4,3,2,3,3,4,5,3,4,3,4,3,3,2,2,4,4,2,2,3,4,2,2,2,2,3,3,4,5,4,5,1,0,2,2,1,0,2,2,2,2,2,2,2,2,2,3,3,4,4,5,2,3,2,2,1,0,3,4,4,4,4,5,3,2,4,5,3,4,2,3,3,4,2,3,3,3,2,2,3,2,4,8,1,2,1,2,0,1,2,2,3,2,2,2,2,4,9,9,9,4,3,3,2,4,4,4,3,3,3,4,3,4,2,3,3,3,4,5,4,3,5,4,2,2,2,2,2,2,2,2,2,1,3,2,2,2,1,8,8,8,2,2,5,5,2,5,1,54,2,1,1,1,52,6200,3500,0,622304,1종대형 화물운송 자격증 사람 직접 운송 일이,상고
31015,5,6,4,6,5,5,4,5,3,3,4,6,4,5,3,4,5,5,3,4,4,4,5,6,4,5,4,6,4,4,3,3,2,3,3,4,4,5,4,5,4,6,4,4,3,4,2,3,2,3,3,3,2,3,2,2,2,1,2,3,3,3,2,3,2,4,1,0,1,0,1,0,3,5,3,3,2,3,3,4,2,3,2,4,4,4,4,4,5,3,4,4,5,4,5,4,3,4,5,3,4,16,5,5,2,2,0,4,6,5,4,3,5,4,3,5,3,3,3,4,2,4,3,4,3,3,2,2,4,3,4,4,3,2,2,3,3,4,4,2,4,3,2,2,2,2,2,2,2,2,2,1,3,3,3,3,2,6,6,5,4,5,5,4,5,5,1,52,6,1,1,1,45,7800,4500,0,110103,상태 유지,국어국문학
31016,1,0,3,4,1,0,3,4,2,2,3,4,3,4,2,2,3,4,3,4,1,0,3,4,2,2,2,2,3,4,3,4,3,4,2,2,1,0,3,4,3,4,4,5,4,6,2,2,1,0,2,2,1,0,1,0,1,0,1,0,3,4,3,4,1,0,1,0,1,0,1,0,2,2,4,6,3,4,3,4,3,4,3,4,3,4,3,4,5,4,2,3,3,2,4,3,2,3,2,3,3,19,4,1,2,2,0,2,2,4,3,2,4,4,4,4,9,9,4,4,2,3,3,4,4,4,2,1,4,2,4,4,4,3,3,4,4,4,4,3,4,3,2,2,2,2,2,2,2,2,2,2,1,2,2,2,1,2,8,3,8,3,8,2,9,2,2,45,2,2,6,1,40,0,0,2500,864301,자동화 기기 세탁,인문고
31017,2,3,3,4,1,0,2,3,1,0,1,0,1,0,1,0,1,0,1,0,1,0,1,0,4,5,2,3,3,4,2,3,3,4,3,4,3,4,4,5,3,4,3,4,3,4,3,4,1,0,1,0,1,0,1,0,1,0,1,0,2,3,2,2,3,3,2,3,1,0,2,2,1,0,4,5,1,0,3,4,1,0,1,0,3,4,1,0,4,4,2,4,3,3,4,3,4,3,4,3,4,17,1,2,1,2,0,7,4,3,4,3,4,3,4,4,3,4,3,4,3,4,3,3,4,3,4,3,4,3,4,3,4,4,3,4,3,4,3,4,3,3,2,2,2,2,2,2,2,2,2,2,3,3,3,3,2,5,6,7,5,6,5,5,4,6,2,31,3,1,1,1,48,3200,2400,0,306401,치과위생사 치과 이용 환자,치위생
31018,3,3,4,4,3,3,3,3,3,3,3,3,4,4,2,2,4,4,3,3,2,2,3,3,4,4,2,2,4,4,4,4,4,3,4,4,3,3,4,4,4,4,4,4,2,2,2,2,4,4,4,4,4,4,3,3,4,4,4,4,3,3,4,4,4,4,4,4,4,4,4,4,2,2,4,4,3,3,4,5,3,3,4,4,4,5,4,4,4,2,3,2,4,2,3,2,2,4,3,4,2,7,1,1,2,1,4,4,2,4,2,2,4,4,2,3,3,4,4,4,4,2,2,5,4,4,4,3,2,4,2,4,3,4,3,4,4,4,3,2,4,5,2,2,2,2,2,2,2,2,2,2,2,2,2,3,2,5,4,6,3,7,5,5,7,3,2,53,2,1,1,1,60,4200,3200,0,871201,만드는 기술 고령화 시대 인구 수가,공예
31019,3,4,4,5,3,5,3,4,1,0,2,4,1,0,3,4,2,2,4,4,3,4,1,0,4,3,5,4,5,5,3,2,3,2,3,4,2,3,4,4,4,4,4,5,4,6,3,3,2,3,4,6,3,3,3,4,2,4,2,3,3,3,4,4,2,4,1,0,1,0,1,0,3,5,3,3,2,3,1,0,2,4,3,4,4,5,3,3,4,4,2,3,5,4,4,4,4,4,4,3,5,8,1,4,2,2,0,6,5,4,4,3,3,3,3,3,4,4,9,4,1,4,4,4,5,2,4,4,2,2,3,4,5,4,4,5,4,5,4,3,4,4,2,2,2,2,2,2,2,2,2,2,2,3,2,3,2,8,5,6,4,5,4,7,4,4,1,45,4,1,1,1,40,5400,4500,0,15201,화물차 운송 감소,경영학
31020,4,5,4,5,4,5,1,0,1,0,1,0,1,0,1,0,3,4,1,0,4,5,4,5,3,4,1,0,3,4,1,0,1,0,1,0,4,5,1,0,1,0,1,0,1,0,2,3,1,0,2,3,3,4,3,4,1,0,1,0,2,2,1,0,2,3,2,3,1,0,2,3,1,0,3,4,3,3,1,0,1,0,2,2,3,3,3,3,3,2,2,3,3,3,3,4,2,3,3,3,3,13,1,2,1,1,5,5,4,4,3,3,2,4,2,2,2,5,4,3,3,2,2,2,2,2,2,2,3,3,4,5,3,3,4,3,2,4,2,2,3,3,2,2,2,2,2,2,2,2,2,3,4,3,3,3,2,8,8,8,5,5,5,4,4,5,1,31,3,1,1,1,48,2600,2000,0,415502,게임그래픽전문가 디자인 기능사 그래픽 디자인 훈련 디지털 영상 용도,시각디자인
31021,2,3,2,2,2,3,2,4,4,6,4,5,5,7,4,4,3,4,4,5,3,4,2,3,4,5,2,3,3,4,2,2,2,3,2,3,2,2,3,4,4,4,2,3,1,0,1,0,1,0,1,0,2,2,2,2,2,2,2,2,2,3,4,5,3,4,1,0,1,0,2,2,2,2,5,6,3,4,1,0,1,0,1,0,2,3,2,2,4,4,4,3,4,3,4,3,3,4,4,3,3,3,1,2,1,2,0,1,2,4,3,3,4,4,4,3,4,4,4,4,2,4,4,5,4,4,4,2,4,4,1,4,4,5,5,4,4,4,4,3,4,4,2,2,2,2,2,2,2,2,2,2,2,2,2,2,1,3,6,6,4,4,5,7,4,5,2,48,4,1,1,1,40,3300,2000,0,863101,한복 기능사 인구 감소 예식 기능 줄어듬,의상디자인
31022,1,0,1,0,1,0,1,0,1,0,1,0,1,0,1,0,1,0,1,0,1,0,1,0,5,6,2,3,2,4,2,3,1,0,1,0,2,2,1,0,3,4,2,3,3,4,1,0,1,0,1,0,3,4,1,0,4,5,3,4,2,3,3,4,4,4,4,5,4,5,4,4,1,0,1,0,3,4,4,5,2,2,3,4,4,4,4,4,5,4,4,2,4,2,2,2,3,2,4,3,4,3,1,3,2,2,0,2,4,4,3,3,3,4,3,3,3,4,3,3,2,2,1,3,4,2,4,5,3,3,4,4,4,3,4,4,4,5,5,3,4,4,2,2,2,2,2,2,2,2,2,2,2,2,2,3,2,9,8,9,1,2,7,1,8,3,1,36,3,1,1,1,40,3600,2000,0,861201,자동화,기계
31023,5,6,5,6,4,5,5,7,3,4,4,5,4,5,3,3,4,5,3,4,4,4,5,7,5,6,4,5,5,6,4,5,5,6,5,6,5,6,4,5,3,4,4,5,4,5,3,4,1,0,1,0,1,0,2,3,2,3,2,3,4,5,3,4,3,4,2,3,2,2,2,2,4,5,2,2,2,3,3,4,3,3,2,2,4,5,4,5,5,4,4,4,5,3,3,3,2,4,5,3,3,16,5,1,2,2,0,2,5,4,4,4,4,4,4,3,3,3,4,3,2,3,3,5,4,4,5,4,5,1,3,4,4,3,4,5,4,4,4,3,4,2,2,2,2,2,2,2,2,2,2,2,1,3,2,2,1,2,3,8,2,2,8,7,8,8,2,41,4,1,1,1,40,3200,2100,0,214102,번역기 발달 활용 사람,영어영문학
31024,3,4,3,4,1,0,3,4,2,2,3,4,2,2,2,2,2,2,2,3,3,4,1,0,4,6,2,2,1,0,2,2,2,2,3,4,1,0,2,2,3,4,4,6,4,5,1,0,3,4,2,2,3,4,1,0,1,0,1,0,3,4,3,4,1,0,1,0,1,0,1,0,3,4,4,6,1,0,2,2,3,4,4,6,4,5,3,4,4,4,2,3,3,2,4,3,2,3,2,4,3,3,1,1,2,2,0,7,1,3,1,1,4,4,3,4,9,9,4,4,2,3,3,4,4,4,2,2,4,2,4,3,4,2,2,2,4,4,4,3,4,3,2,1,2,1,2,2,1,2,2,2,1,2,2,2,2,2,7,3,7,4,7,3,7,3,1,62,1,2,5,1,48,0,0,5500,864101,디자인 상품 계속 출시 기성 화가 보급,0
31025,2,5,3,5,2,4,3,5,4,6,4,5,5,6,4,5,3,5,3,5,1,0,3,4,2,4,3,4,2,3,3,4,4,5,4,5,4,5,4,5,2,4,3,4,2,3,2,3,2,2,1,0,1,0,1,0,4,5,1,0,4,5,4,5,2,4,3,4,3,4,3,4,1,0,4,5,3,5,4,5,3,5,2,3,3,4,3,4,3,3,4,3,2,3,3,2,2,2,3,2,4,9,1,2,1,2,0,2,2,2,2,2,3,3,3,3,9,3,4,3,4,2,3,3,3,2,3,4,2,4,2,5,3,2,2,3,4,2,3,4,3,4,2,2,2,2,2,2,2,2,2,1,3,2,2,2,1,7,6,9,6,8,7,7,6,4,1,33,3,2,5,1,40,0,0,5500,531601,조주 기능사 경기 제자리 회복 불투명,식품영양학
31026,3,3,4,4,3,2,4,4,2,2,4,3,3,3,4,5,4,5,4,5,3,4,4,4,4,5,4,5,4,6,4,5,4,4,3,3,4,4,4,5,4,3,4,3,4,3,3,2,2,2,4,5,2,2,1,0,1,0,3,2,4,5,3,3,2,2,2,2,2,2,2,2,3,3,2,2,3,3,4,5,3,4,3,4,3,4,4,5,4,4,4,3,4,2,4,4,2,3,4,3,4,17,1,2,1,1,2,5,2,4,4,4,4,4,2,3,4,4,4,4,3,3,3,4,3,4,4,4,4,3,3,4,3,4,2,4,4,4,4,2,4,3,2,2,2,2,2,2,2,2,2,1,4,1,3,3,2,8,8,2,2,2,2,3,3,8,2,33,4,1,1,1,40,2400,2200,0,232901,사회복지사 노인생활지도 고령화 시대 노인 증가,사회복지
31027,3,3,2,3,2,2,3,4,2,3,1,0,1,0,3,4,1,0,3,3,2,3,1,0,3,5,1,0,1,0,3,4,1,0,1,0,3,4,4,4,2,3,1,0,1,0,1,0,2,2,1,0,3,3,1,0,5,2,4,2,1,0,1,0,5,4,3,2,3,4,3,4,2,2,5,2,4,3,2,3,3,3,2,2,4,4,2,3,3,3,2,2,3,1,2,2,3,3,3,3,3,3,1,3,2,2,0,2,1,3,3,2,3,4,3,3,1,3,4,3,2,4,3,4,5,4,4,3,2,2,3,4,3,4,4,5,4,5,4,3,4,4,2,2,2,2,2,2,2,2,2,2,2,3,3,3,2,7,6,7,6,5,5,5,4,6,1,44,2,1,1,1,40,3700,2400,0,817301,부분 기계화 감소 예상,전자
31028,1,0,1,0,1,0,4,4,4,5,1,0,1,0,1,0,1,0,1,0,1,0,1,0,4,4,1,0,4,5,1,0,1,0,1,0,1,0,4,5,3,4,1,0,1,0,4,5,4,4,1,0,1,0,1,0,1,0,1,0,1,0,1,0,1,0,1,0,1,0,1,0,1,0,1,0,1,0,1,0,3,4,1,0,1,0,1,0,4,4,3,3,4,3,4,3,3,4,3,3,4,7,1,1,2,2,0,7,2,2,3,2,4,4,3,3,9,9,9,3,2,4,4,3,2,1,3,2,4,3,3,4,4,3,3,4,4,5,3,4,4,4,2,2,2,2,2,2,2,2,2,1,2,2,2,2,2,7,6,8,4,9,8,7,5,6,1,51,4,2,5,1,45,0,0,6000,615101,경기 불안,무역학
31029,2,3,3,4,2,4,3,4,2,3,2,3,4,6,4,4,4,5,2,3,1,0,2,4,3,4,2,3,3,4,3,4,3,4,2,3,3,4,2,3,2,3,2,3,3,4,1,0,1,0,1,0,1,0,1,0,1,0,1,0,2,3,1,0,1,0,1,0,1,0,1,0,1,0,2,3,1,0,1,0,1,0,1,0,3,4,2,3,3,4,4,3,4,3,4,3,3,4,3,3,3,13,1,2,1,2,0,7,5,4,4,4,3,4,3,4,3,3,4,4,2,3,4,3,3,4,3,3,4,3,3,3,3,4,4,3,4,3,3,2,3,4,2,2,2,2,2,2,2,2,2,2,2,2,2,3,1,5,5,7,5,6,6,4,5,7,1,43,4,1,1,1,40,4998,3124,0,415201,의류기사 경영 침체,의류
31030,1,0,1,0,1,0,1,0,1,0,1,0,1,0,1,0,1,0,1,0,1,0,1,0,4,4,3,4,1,0,1,0,1,0,1,0,1,0,1,0,1,0,1,0,1,0,1,0,1,0,1,0,1,0,1,0,4,5,4,5,1,0,1,0,1,0,4,5,4,5,4,5,1,0,4,5,3,4,1,0,4,5,4,4,4,5,1,0,3,4,4,3,3,2,4,2,3,3,4,4,3,4,1,2,1,2,0,3,4,3,3,4,4,3,4,3,3,4,5,4,3,4,4,4,3,2,3,4,3,4,4,4,3,3,4,3,4,5,4,3,4,4,2,2,2,2,2,2,2,2,2,1,3,3,3,3,2,9,4,5,4,7,6,7,5,4,1,45,4,1,1,1,40,5000,3000,0,831201,전기기사 자격증 대체 요소,전기공학
31031,3,3,4,4,2,2,3,3,1,0,1,0,1,0,1,0,2,3,1,0,1,0,3,5,1,0,1,0,4,5,1,0,1,0,1,0,2,6,2,1,1,0,1,0,2,2,1,0,1,0,2,2,1,0,1,0,2,1,1,0,3,2,1,0,1,0,3,3,1,0,1,0,1,0,2,1,3,3,1,0,1,0,1,0,1,0,4,3,4,3,4,3,4,3,4,4,3,3,4,4,3,16,5,2,1,2,0,5,5,3,4,4,4,2,4,4,5,3,4,4,3,4,3,3,4,4,3,3,4,4,3,4,4,3,4,4,3,3,4,4,2,3,2,2,2,2,2,2,2,2,2,2,3,2,2,3,1,6,5,7,7,6,6,7,6,7,1,45,4,1,1,1,40,3600,2500,0,214201,워드프로세서1급 정보처리기능사 컴퓨터활용능력 1급 컴퓨터 활용 필수 시대 일자리 안정,컴퓨터공학
31032,3,5,4,4,3,4,2,4,2,3,3,3,1,0,3,4,2,3,1,0,3,3,3,4,1,0,1,0,1,0,2,2,1,0,2,3,1,0,3,3,3,4,1,0,3,3,2,3,3,2,1,0,2,2,1,0,4,5,1,0,1,0,1,0,1,0,4,5,5,4,3,3,1,0,3,5,3,4,3,3,4,5,3,5,3,3,2,5,4,2,5,4,4,2,4,3,4,4,4,3,4,19,1,2,2,2,0,3,3,3,3,3,4,4,3,4,9,3,4,4,2,4,4,4,4,4,3,3,4,3,4,4,4,4,4,3,5,5,5,3,4,3,2,2,2,2,2,2,2,2,2,1,4,3,3,3,2,7,7,6,4,5,5,5,2,2,1,38,3,1,1,1,48,3200,2500,0,832201,가전제품 출시,전자
31033,2,5,3,5,2,5,2,4,3,5,4,5,2,4,3,6,4,6,3,5,3,5,3,4,3,5,4,6,3,5,3,6,3,5,3,5,3,5,3,5,4,5,3,4,3,5,4,4,4,4,4,5,3,3,2,3,3,4,2,3,4,3,3,3,2,4,4,5,3,4,4,4,2,3,4,4,3,5,4,4,4,6,4,5,4,5,3,5,4,4,4,3,4,2,3,3,2,3,3,3,3,1,4,1,2,2,0,3,2,3,3,3,4,3,3,2,9,9,3,3,3,2,3,3,3,2,3,3,2,4,3,4,3,3,2,2,3,4,3,2,4,4,1,2,1,2,2,1,2,2,2,3,3,3,2,2,2,5,6,7,5,6,3,5,5,5,2,57,2,2,6,1,40,0,0,3000,901201,재배 시설 도입 누군가 계속 농사 때문,문과
31034,2,3,3,3,3,3,3,3,2,3,1,0,1,0,1,0,1,0,1,0,1,0,1,0,1,0,1,0,1,0,1,0,1,0,1,0,1,0,1,0,1,0,1,0,1,0,1,0,1,0,1,0,1,0,1,0,3,3,2,3,1,0,1,0,2,2,2,3,2,3,3,4,1,0,2,3,2,3,1,0,2,3,2,3,2,3,2,3,1,1,3,2,2,2,2,2,3,2,2,4,3,3,1,2,2,2,0,2,1,3,2,1,3,3,2,3,2,2,2,2,4,2,1,3,3,2,3,4,2,4,2,5,3,3,3,2,3,4,3,2,4,4,2,2,2,2,2,2,2,2,2,2,4,3,3,3,2,7,8,6,7,3,2,7,5,3,1,42,2,1,1,1,48,3000,2400,0,861201,의류 쇼핑몰 제조업체 일자리,공업계 전자
31035,2,2,3,4,1,0,3,4,2,2,1,0,1,0,1,0,2,2,2,1,2,2,2,3,3,4,2,3,3,4,4,4,1,0,1,0,1,0,3,4,3,4,3,3,2,2,1,0,2,1,1,0,2,3,1,0,1,0,1,0,1,0,1,0,1,0,1,0,1,0,1,0,2,3,2,2,3,4,1,0,2,3,3,4,2,2,2,1,3,4,1,2,3,1,3,4,1,2,3,1,3,17,1,3,1,2,0,7,2,3,4,4,5,3,2,3,3,2,3,3,2,3,3,3,3,2,3,4,3,2,3,3,3,2,3,2,3,4,3,2,4,3,2,2,2,2,2,2,2,2,2,1,3,1,3,3,2,6,6,7,4,4,5,4,8,8,2,59,2,1,1,1,48,2400,2280,0,550101,요양보호 자격증 현재 상황,이과
31036,1,0,1,0,1,0,1,0,3,5,4,6,1,0,1,0,3,4,1,0,3,5,1,0,3,4,3,5,1,0,1,0,1,0,1,0,1,0,1,0,1,0,3,4,1,0,1,0,1,0,1,0,4,5,3,4,3,4,1,0,1,0,3,5,3,5,2,4,2,3,3,4,1,0,1,0,1,0,1,0,3,4,1,0,1,0,1,0,4,4,3,3,3,2,2,3,3,4,4,4,3,5,2,2,1,2,0,7,5,3,4,4,4,4,4,4,4,4,4,4,2,4,4,4,3,3,4,3,4,3,3,3,3,3,2,3,2,5,1,2,5,3,2,2,2,2,2,2,2,2,2,2,2,2,2,3,1,7,3,4,4,4,6,6,3,4,2,29,4,1,1,1,40,3400,2400,0,155302,수질산업기사 자격증 자동화 인공 지능 발달 인력 감소,생물환경학
31037,4,5,5,5,4,5,4,5,3,5,3,5,4,4,4,6,3,4,3,4,3,5,4,5,4,5,1,0,5,5,4,5,4,4,4,5,4,4,4,5,4,5,3,5,4,4,1,0,2,3,1,0,1,0,1,0,3,3,1,0,2,2,1,0,2,3,3,4,1,0,1,0,1,0,1,0,1,0,1,0,1,0,3,4,4,4,4,4,4,4,2,3,4,2,2,2,4,4,4,4,4,18,1,2,1,2,0,3,3,4,3,3,4,4,4,3,3,3,5,5,3,3,4,4,4,3,4,2,3,3,4,4,4,5,4,4,4,3,4,4,4,3,2,2,2,2,2,2,2,2,2,1,4,2,2,2,1,5,5,7,3,7,7,7,7,7,1,62,5,1,2,2,40,1800,1800,0,521303,숲해설전문가 응급처치요령 분야 사람 대신 기계 대체 분야 일자리 감소 산업 복지 분야 증가,행정학
31038,2,2,2,3,1,0,1,0,2,2,2,2,1,0,3,4,2,3,1,0,2,3,1,0,1,0,2,3,1,0,2,2,1,0,3,4,1,0,2,3,2,2,2,2,3,4,4,3,3,4,1,0,1,0,1,0,3,4,1,0,1,0,2,2,2,3,2,2,1,0,2,2,1,0,1,0,2,4,1,0,2,4,2,2,3,3,2,1,4,2,3,3,3,3,4,3,3,2,3,2,4,1,4,1,1,2,0,2,2,3,3,2,3,4,3,3,9,9,3,4,3,3,4,2,3,4,4,3,4,5,3,4,3,2,2,2,3,5,4,1,5,4,2,2,2,2,2,2,2,2,2,1,2,1,3,3,2,7,8,8,7,7,5,5,4,5,1,52,2,2,5,1,40,0,0,4000,902201,축산기능사 산업기사 축산물 수입 개방 가격 경쟁력 상실,문과
31039,2,3,2,2,1,0,3,4,4,6,4,5,4,5,4,5,4,5,4,5,4,5,4,5,4,5,4,6,4,5,4,5,4,6,4,5,4,4,4,5,4,5,4,6,4,5,2,2,4,5,4,5,4,5,4,6,4,6,4,6,4,6,4,5,4,5,4,6,4,6,4,5,4,6,4,4,4,5,4,5,4,5,4,5,4,5,4,5,4,4,4,3,4,4,3,4,3,4,3,3,3,10,1,5,2,2,0,7,5,3,4,3,4,3,3,4,3,3,4,4,4,3,3,4,3,3,4,3,2,3,3,4,3,3,4,3,3,3,2,3,3,3,2,2,2,2,2,2,2,2,2,2,2,3,3,3,1,6,6,7,4,3,4,6,4,5,1,27,4,1,1,1,40,3800,3500,0,132002,시스템 설계 프로그램 발달,기계공학
31040,4,5,3,5,3,4,3,3,3,4,3,5,3,5,2,3,2,3,3,4,2,3,2,3,2,3,2,4,2,2,3,3,3,4,2,2,2,3,2,3,4,4,3,4,2,3,3,4,2,3,2,2,2,4,2,3,3,4,3,5,2,3,2,4,3,5,4,4,4,6,4,6,2,2,2,4,3,3,4,4,3,5,3,5,3,6,3,6,5,4,3,3,4,3,5,4,4,4,5,4,4,6,1,2,1,1,2,2,4,4,3,3,3,3,2,4,4,4,4,4,2,3,3,3,4,3,2,4,4,3,3,4,3,4,4,4,4,5,4,3,3,3,1,1,1,1,2,1,2,2,2,2,1,2,2,2,1,7,6,6,4,4,4,7,8,7,1,54,3,1,1,1,42,7800,3000,0,705901,건축기사 건축산업기사 건설 전문가 양성 과정 기계 시스템 도입 업무 스트레스 감소 기계 사람 대체 일자리 감소,전기
31041,3,2,3,3,1,0,3,4,1,0,2,2,3,4,2,3,3,3,3,3,1,0,2,2,3,4,1,0,3,3,4,4,4,4,1,0,1,0,4,4,1,0,2,2,3,3,1,0,1,0,1,0,1,0,1,0,1,0,1,0,1,0,1,0,1,0,1,0,1,0,1,0,1,0,1,0,1,0,2,2,3,3,3,2,3,3,2,1,3,3,4,4,2,3,2,4,3,2,3,2,3,19,1,2,2,1,2,1,2,3,3,3,3,4,4,3,4,4,3,4,3,4,3,3,2,2,3,4,4,3,4,3,4,4,3,4,4,3,3,4,4,4,2,2,2,2,2,2,2,2,2,3,1,2,2,2,1,7,6,5,4,4,4,6,5,4,2,29,2,1,3,2,30,2500,2000,0,617101,직무교육 홍보 방법,문과
31042,3,7,3,7,3,4,3,5,2,4,3,5,3,6,3,6,3,4,2,4,3,6,3,4,3,4,3,5,3,4,3,6,3,4,3,4,3,5,3,4,4,6,3,5,3,5,3,5,2,3,3,4,3,5,3,5,3,5,2,3,3,3,3,4,2,2,2,2,2,2,2,3,3,4,1,0,1,0,1,0,1,0,1,0,2,2,1,0,3,3,3,3,3,4,2,4,3,4,3,3,3,3,1,4,2,1,4,4,5,3,2,2,3,4,3,3,3,3,4,3,2,2,3,4,3,2,3,3,3,3,3,4,3,3,3,3,3,4,3,3,4,3,2,2,2,2,2,2,2,2,2,2,2,3,3,3,2,8,8,8,7,7,7,7,6,7,1,37,5,1,1,1,40,4700,3200,0,154103,고분자 합성기술교육 자동화,신발공학
31043,3,5,4,5,3,5,4,5,3,5,4,5,3,4,4,5,2,3,2,3,3,4,4,4,5,4,2,4,4,5,4,7,2,3,2,3,2,3,3,4,3,4,2,3,3,4,1,0,2,3,1,0,3,4,1,0,3,4,1,0,4,6,5,5,4,5,3,4,2,3,3,4,2,2,5,6,4,6,3,5,3,4,3,4,3,4,3,4,4,4,3,4,5,3,4,3,4,3,4,3,3,17,1,2,1,2,0,6,4,3,3,3,4,4,5,4,4,3,4,3,2,3,4,4,4,4,3,4,4,5,3,4,4,4,3,4,3,4,3,5,4,3,2,2,2,2,2,2,2,2,2,1,4,2,2,2,1,8,7,7,8,8,7,8,8,7,2,40,4,1,1,1,40,3300,2500,0,306101,임상병리사 건강 진단 수요 증가,임상병리학
31044,5,6,5,7,5,6,5,6,4,4,4,6,4,5,4,5,4,5,4,5,4,5,4,5,4,5,4,5,4,5,4,5,4,5,4,5,4,5,4,5,4,4,4,5,4,5,4,4,3,4,4,4,3,4,2,3,2,2,2,3,3,4,3,3,2,2,2,3,2,3,3,3,4,5,3,4,3,4,3,4,3,3,2,4,4,5,4,5,4,4,4,4,4,4,5,3,4,4,4,4,3,16,5,2,1,2,0,4,6,3,3,3,4,4,4,4,3,3,3,4,2,3,3,4,4,3,3,3,4,4,4,4,4,5,4,5,4,5,4,4,5,4,2,2,2,2,2,2,2,2,2,1,3,3,3,3,2,4,4,4,5,5,4,5,5,6,2,37,6,1,1,1,50,5500,4000,0,110105,심리학 석사학 변화,임상심리학
31045,3,3,3,2,3,3,3,2,2,1,2,2,4,3,3,4,3,3,3,3,2,2,3,2,3,2,4,3,3,3,3,2,1,0,1,0,3,3,4,3,2,2,2,3,4,3,2,2,3,2,1,0,3,3,3,3,2,2,1,0,1,0,4,3,3,2,4,6,3,3,2,4,3,3,4,3,5,6,3,3,4,3,4,5,4,5,2,2,3,3,4,3,2,3,3,3,2,2,3,3,2,19,1,2,1,1,1,2,2,3,3,2,4,4,3,4,3,4,4,3,3,3,3,4,3,3,3,2,4,3,3,2,3,3,3,2,2,4,3,3,4,4,2,2,2,2,2,2,2,2,2,2,2,2,2,1,1,7,8,5,6,3,3,7,5,3,1,32,2,1,2,2,52,2400,2000,0,863201,양복기능사 양장기능사 직무교육 기성복 수요 증가,문과
31046,4,6,4,6,4,5,4,5,5,6,5,6,3,4,3,4,4,5,3,4,3,4,3,3,4,5,3,4,2,3,3,4,4,5,3,4,1,0,3,4,4,5,4,5,4,5,3,4,4,5,3,4,4,5,4,5,3,4,2,3,4,5,5,7,4,5,3,5,4,5,4,5,4,5,3,4,4,5,4,5,4,4,4,5,4,5,4,4,5,4,4,4,4,4,4,3,3,4,4,3,4,3,1,2,1,2,0,6,5,4,3,4,4,4,4,4,3,4,4,4,4,3,3,4,3,4,3,4,4,3,3,4,3,4,4,3,4,4,4,2,4,4,2,2,2,2,2,2,2,2,2,1,3,3,3,3,2,2,3,4,3,4,4,3,4,4,1,45,4,1,1,1,40,5000,3500,0,154101,섬유물리기사 변화,화학공학
31047,3,3,3,3,3,3,3,4,2,3,3,3,2,3,2,3,3,3,3,3,2,3,3,3,3,3,2,3,3,3,3,4,3,4,2,3,4,5,4,4,3,4,3,3,3,4,3,3,2,3,3,3,2,3,2,3,2,3,3,3,3,3,3,3,3,3,2,3,2,3,2,3,2,3,2,3,2,3,2,3,2,3,2,3,3,3,2,2,4,4,3,4,4,4,4,4,3,4,4,3,4,17,1,2,1,1,3,7,5,5,5,4,5,4,4,4,3,4,4,4,1,5,4,4,5,3,4,3,4,3,4,4,5,4,4,3,4,3,4,4,4,2,2,2,2,2,2,2,2,2,2,1,2,2,2,2,2,6,7,4,5,6,5,5,6,4,1,39,4,1,1,1,40,8000,6000,0,301113,의사면허증 수련의 과정 인구 감소,의학
31048,3,4,3,4,1,0,3,4,1,0,2,2,2,2,1,0,1,0,1,0,1,0,1,0,2,3,2,2,2,2,2,2,2,2,2,3,2,2,2,2,2,3,2,3,2,3,2,3,2,2,2,3,2,3,1,0,2,2,1,0,2,2,1,0,2,2,2,2,1,0,1,0,1,0,1,0,1,0,1,0,1,0,1,0,2,2,2,2,3,3,2,3,2,3,2,4,2,3,3,2,2,18,1,2,2,2,0,3,2,2,3,2,2,3,2,2,2,3,3,3,4,2,2,2,2,2,2,3,3,4,4,4,3,2,2,2,3,2,2,2,3,4,2,2,2,2,2,2,2,2,2,1,3,2,2,3,1,4,4,4,5,5,5,4,5,4,2,38,4,1,1,1,52,3200,2800,0,24402,공연 증가,연극영화
31049,2,3,2,3,2,2,2,4,1,0,2,2,2,1,3,3,2,3,3,2,2,1,2,2,3,3,1,0,3,3,4,2,1,0,1,0,2,2,3,3,2,2,2,2,2,1,1,0,2,2,2,2,2,2,2,2,3,2,3,3,1,0,3,2,2,2,3,1,2,2,2,1,2,2,3,2,4,2,4,3,5,5,4,4,4,4,2,3,3,2,2,2,2,2,1,3,3,2,2,2,4,20,4,1,2,2,0,7,1,3,2,2,2,3,3,2,2,3,3,3,3,4,2,4,3,4,3,4,4,3,2,5,1,3,3,3,4,5,2,2,4,3,2,2,2,2,2,2,2,2,2,2,3,2,2,2,2,5,8,5,7,6,5,7,4,2,1,62,2,2,7,2,35,0,0,1500,871201,소비,상고
31050,5,6,4,4,2,3,3,3,2,3,2,2,3,4,3,5,4,4,3,4,4,4,4,4,4,5,3,3,3,4,3,3,4,6,4,6,3,4,4,4,4,5,5,5,2,2,1,0,1,0,1,0,2,2,1,0,1,0,1,0,4,6,3,5,2,3,3,3,2,3,3,3,4,5,3,5,3,4,3,4,2,1,2,3,3,5,2,3,4,5,3,3,5,3,4,3,4,4,5,4,4,3,1,2,1,2,0,2,4,3,3,2,4,5,4,2,3,4,5,4,3,2,4,4,3,3,2,2,4,3,3,4,3,4,4,4,4,5,4,4,4,3,2,2,2,2,2,2,2,2,2,2,4,2,2,3,1,6,5,4,4,3,4,6,5,5,1,34,4,1,1,1,40,3600,2700,0,158402,위험물산업기사 위험 화학물 사고 대형 참사 예방 위함,산업공학
31051,2,3,2,3,2,3,3,4,2,3,2,3,2,3,2,3,2,3,2,3,1,0,2,3,3,4,4,6,1,0,1,0,1,0,1,0,2,3,2,3,1,0,1,0,1,0,1,0,2,3,1,0,3,4,4,5,4,6,3,4,3,4,2,3,3,4,4,6,4,5,3,4,3,4,4,6,4,6,2,3,2,3,2,3,3,4,2,3,3,5,3,3,5,3,4,4,3,4,4,4,5,17,3,5,1,2,0,3,5,5,5,5,5,5,3,3,3,4,4,4,2,4,4,2,2,3,3,5,5,5,2,5,4,5,5,4,5,5,4,4,5,4,2,2,2,2,2,2,2,2,2,2,3,3,3,3,2,1,1,1,3,2,5,9,2,2,1,30,4,1,3,2,40,3000,3000,0,306701,의공기사 의지 보조기사 기계제작기술자 재활 필요 사람 향후 변동,기계공학
31052,4,5,4,5,3,4,4,5,3,4,4,5,3,4,4,5,3,4,4,5,3,4,3,3,4,5,3,4,4,4,3,4,4,5,4,5,4,5,3,4,4,5,4,5,3,4,4,5,4,5,3,4,4,5,4,5,3,4,4,5,4,5,4,5,4,5,4,5,4,4,4,5,4,5,4,4,4,5,4,5,4,5,4,4,4,5,4,5,4,4,3,3,4,4,3,4,3,4,4,3,3,17,1,2,1,2,0,6,5,4,4,4,4,4,4,4,9,9,4,4,3,4,4,4,3,4,4,4,3,4,4,4,3,4,4,5,4,3,4,4,4,4,2,2,2,2,2,2,2,2,2,2,3,3,3,3,2,3,4,5,4,6,5,3,7,6,1,49,4,2,5,1,48,0,0,16000,301103,의사 관심사,의학
31053,3,2,2,2,1,0,1,0,1,0,1,0,1,0,2,2,1,0,1,0,1,0,1,0,3,5,1,0,1,0,2,3,1,0,1,0,2,3,1,0,1,0,1,0,1,0,1,0,1,0,1,0,1,0,1,0,2,2,1,0,1,0,1,0,3,5,2,4,2,3,2,4,1,0,4,4,2,2,2,4,3,5,3,5,3,3,2,5,2,4,4,2,3,2,4,4,2,1,1,1,3,3,1,2,2,2,0,2,1,2,2,1,2,1,2,3,2,2,3,3,3,2,3,4,4,3,4,4,3,4,2,5,3,3,3,3,4,5,4,2,5,5,2,2,2,2,2,2,2,2,2,3,2,3,3,3,2,6,6,6,7,8,8,4,4,2,1,45,2,1,1,1,50,3800,2600,0,825201,작업 환경 청년 기피 대상 일자리 인건비 해외 진출 국내 일자리 줄어듬,상고
31054,4,5,4,5,3,5,4,5,3,5,4,5,4,4,4,4,4,5,3,5,4,5,4,4,4,4,4,5,3,5,4,5,4,4,4,5,4,4,4,4,4,5,4,5,3,5,4,4,4,4,4,5,3,5,4,5,4,4,4,5,4,5,3,5,3,5,4,4,4,4,4,4,3,5,3,5,4,4,4,5,3,5,4,4,3,5,4,4,4,3,4,3,3,4,4,4,3,4,3,4,3,17,1,2,1,2,0,2,2,4,4,4,4,4,3,4,3,4,4,4,4,3,4,4,4,3,4,2,4,3,3,4,3,4,4,3,4,4,4,3,4,4,2,2,2,2,2,2,2,2,2,2,4,3,2,3,2,6,7,6,5,6,5,6,7,5,2,64,2,1,1,1,26,960,600,0,550101,요양보호사 고령화 사회 수요 증가,실업계
31055,3,3,4,3,3,2,3,2,3,2,3,3,1,0,3,3,1,0,1,0,1,0,1,0,3,4,1,0,1,0,1,0,1,0,1,0,1,0,2,1,1,0,2,2,2,1,2,1,3,4,1,0,2,2,3,3,3,3,3,3,4,3,3,3,3,3,3,4,3,4,3,4,3,4,3,4,3,3,2,2,3,3,3,3,2,2,2,2,2,4,2,3,3,3,3,3,4,3,4,4,3,13,2,3,2,2,0,7,5,3,3,4,4,4,3,3,4,4,4,4,2,4,4,2,3,3,4,3,3,3,3,4,4,3,4,4,4,3,4,4,3,3,2,1,2,2,1,2,1,2,2,2,3,3,2,3,2,5,6,4,5,5,4,5,5,5,1,47,5,1,1,1,40,4600,3100,0,155203,빅데이터 시스템 분석 변화 개발 활동,기계공학
31056,3,3,3,4,2,1,3,3,1,0,1,0,1,0,1,0,2,1,1,0,1,0,2,1,2,2,2,1,2,1,2,2,3,3,2,1,2,2,2,2,3,2,3,5,3,5,1,0,1,0,1,0,4,4,2,2,3,5,3,4,1,0,2,3,3,4,3,4,5,6,3,5,1,0,2,3,1,0,2,3,2,3,1,0,2,2,2,2,3,3,2,2,2,2,2,3,2,2,2,1,1,19,1,6,2,1,3,3,4,4,2,1,4,3,3,3,2,3,4,3,2,4,4,5,4,5,4,4,5,2,4,4,4,5,4,4,5,5,5,3,4,4,2,2,2,2,2,2,2,1,2,2,4,1,1,3,1,9,8,9,2,2,2,2,2,1,1,32,3,1,1,1,40,3800,2000,0,832201,가전제품별로 S과장을 선배들에게 배우고 따라다니면서 교육 받아야 한다 작업량 요원 주족 개인 무량 가전제품 사용 고장 기본 요원 일자리 증가,전기
31057,4,6,4,6,5,6,5,6,4,5,4,6,4,5,4,5,4,5,3,4,2,4,2,3,3,4,2,3,2,4,2,3,2,4,3,4,2,4,2,4,2,2,2,2,2,2,2,2,2,1,2,1,2,3,2,2,1,0,1,0,1,0,1,0,1,0,2,1,2,1,1,0,1,0,1,0,1,0,1,0,1,0,1,0,2,2,2,2,4,4,3,3,3,4,4,4,4,4,4,4,4,19,3,3,2,2,0,3,6,4,4,4,3,3,3,4,4,4,4,4,2,3,3,4,4,3,4,2,3,3,4,4,4,4,3,3,4,4,4,2,4,4,2,2,2,2,2,2,2,2,2,2,3,3,3,3,2,3,4,3,7,5,7,7,7,7,1,55,5,1,1,1,45,4500,2500,0,110102,상태 유지,철학
31058,5,5,4,4,4,5,4,4,4,5,4,5,3,3,3,4,3,3,4,5,3,4,4,4,3,3,3,4,4,5,4,4,4,4,4,5,3,3,3,4,4,4,3,4,3,4,3,4,2,2,3,3,1,0,1,0,1,0,1,0,3,3,1,0,1,0,1,0,1,0,1,0,1,0,2,2,3,4,3,3,3,4,3,4,3,4,3,4,4,3,4,4,3,3,4,3,3,3,3,3,3,13,1,2,1,2,0,2,5,4,3,3,4,3,3,3,3,4,4,4,2,3,3,3,3,2,3,3,4,4,3,4,3,4,4,4,4,5,4,3,4,4,2,2,2,2,2,2,2,2,2,1,5,1,1,2,2,6,7,6,7,7,6,6,7,6,1,44,4,1,1,1,40,4900,3200,0,22201,공인노무사 경기 불황 도산 업체 임금 체불 일자리,법학
31059,3,4,3,5,2,4,4,5,3,3,2,4,3,4,1,0,2,3,4,3,2,3,3,4,4,3,4,5,3,3,2,2,3,2,1,0,4,4,5,3,4,4,4,4,2,4,5,4,2,3,3,5,3,4,4,4,3,4,3,4,2,4,4,4,3,3,3,1,3,3,4,4,3,4,4,5,3,4,4,4,3,3,2,3,4,5,3,3,4,4,3,3,3,2,3,2,4,3,4,2,4,17,1,1,1,1,6,6,5,4,5,4,4,4,4,4,9,9,4,4,4,4,4,4,3,4,4,3,4,3,4,4,4,4,3,4,5,4,3,4,4,3,2,2,2,2,2,2,2,2,2,2,4,3,2,2,2,3,4,5,7,7,6,3,5,7,2,49,4,2,5,1,40,0,0,10000,301105,의사면허 이비인후과전문의 레지던트 인턴과정 건강 중시 소득 증가,의학
31060,1,0,4,5,1,0,3,4,2,2,1,0,1,0,3,4,4,5,3,4,1,0,2,3,3,3,3,4,4,5,3,4,2,3,2,1,1,0,3,4,3,3,3,4,2,3,3,4,2,3,1,0,3,4,2,2,2,3,1,0,1,0,3,4,3,4,3,4,3,4,2,2,2,3,3,4,1,0,3,3,2,2,2,2,2,2,2,3,5,3,4,4,3,3,3,5,3,3,3,3,4,19,1,1,2,2,0,4,2,3,3,2,4,3,4,4,9,9,9,4,2,3,3,3,3,4,5,3,3,4,3,5,4,3,3,4,5,3,4,4,3,2,2,2,2,2,2,2,2,2,2,1,2,3,3,3,2,6,7,6,4,3,5,4,4,6,1,36,3,1,2,2,40,3000,2800,0,561501,의류 케어 기기 발전,응급구조
31061,4,5,3,4,2,3,3,4,5,6,4,6,3,5,3,4,4,5,4,5,4,6,4,6,4,5,3,5,3,4,4,5,4,5,4,4,3,4,4,5,5,6,4,5,4,5,3,4,3,4,3,3,3,3,4,5,4,5,4,5,2,4,2,3,3,3,3,4,4,5,3,5,3,5,2,2,2,3,3,4,3,4,3,4,3,3,3,4,4,5,2,4,4,3,4,4,4,4,5,4,4,6,1,2,1,2,0,2,5,4,4,3,5,4,4,4,3,4,5,4,2,4,3,3,3,2,4,2,2,4,2,4,3,4,4,4,4,4,5,5,4,3,2,2,2,2,2,2,2,2,2,2,1,2,2,3,1,4,5,4,6,6,5,6,5,4,1,31,4,1,1,1,40,3700,3700,0,140101,산림토목기술사 건설기술사 농어업토목기술사 성장 경기 침체,토목공학
31062,3,5,3,4,2,3,4,3,2,3,4,5,4,6,5,5,5,2,5,4,5,4,3,5,5,3,1,0,5,3,1,0,5,3,5,4,3,4,5,6,1,0,3,4,5,3,4,3,5,5,1,0,3,3,1,0,4,4,4,5,4,4,1,0,5,5,3,2,2,2,2,2,3,3,1,0,3,3,2,3,3,6,3,5,5,5,3,2,5,5,5,5,5,4,5,5,5,5,1,5,5,3,1,4,1,1,1,6,5,5,1,1,3,5,5,5,3,5,3,5,1,5,5,5,1,5,1,5,5,1,3,5,2,4,4,4,4,5,1,1,1,5,1,1,1,1,1,1,1,2,2,3,2,3,3,3,2,9,9,9,9,9,9,9,9,9,1,36,4,1,1,1,50,4500,3200,0,26301,전기기사 산업안전 운전면허증 관리회계에 대한 실무 보안 프로그램 도입 시스템 교육 관리 기술 발달,산업경영공학
31063,4,3,4,4,3,4,4,4,3,4,3,4,3,4,3,5,4,5,3,4,2,3,3,4,3,4,3,4,4,3,3,4,3,3,3,4,3,4,4,5,3,4,3,5,4,5,2,5,3,4,3,4,3,5,1,0,2,3,1,0,4,4,3,4,3,4,1,0,1,0,1,0,4,5,2,4,3,4,3,5,4,4,2,3,4,5,3,4,3,3,3,2,3,2,2,4,3,2,2,2,3,7,1,2,2,2,0,3,2,3,4,3,4,3,2,3,4,4,4,5,3,3,4,3,3,3,4,3,3,3,4,3,3,3,4,4,4,4,3,4,3,4,2,2,2,2,2,2,2,2,2,2,2,2,2,3,1,5,6,5,6,5,4,6,5,4,2,52,2,1,1,1,30,4200,3600,0,614001,온라인 판매 시장 형성,문과
31064,2,3,2,2,2,2,2,4,2,3,2,2,2,3,2,2,2,2,2,2,2,1,2,2,2,2,2,2,2,3,2,1,3,4,3,4,1,0,3,4,3,4,2,3,2,1,2,2,2,3,1,0,2,3,2,3,2,2,2,4,2,1,2,3,2,2,2,3,4,4,2,1,1,0,3,4,2,4,2,3,3,5,3,3,2,2,2,1,3,3,4,3,3,2,3,3,3,3,3,3,3,7,4,1,2,2,0,3,2,3,3,2,4,3,3,3,9,9,9,4,2,4,3,4,3,2,4,3,4,3,4,4,3,3,2,2,4,5,3,4,5,4,2,2,2,2,2,2,2,2,2,1,3,3,2,2,2,6,7,5,6,4,3,6,4,3,1,43,4,2,6,1,40,0,0,4000,812902,변화,체육학
31065,4,5,4,5,3,4,2,3,3,4,5,6,2,3,4,5,3,4,4,6,2,3,3,5,4,5,3,4,4,5,3,4,4,5,5,6,2,2,2,2,4,5,4,5,3,4,2,2,2,3,2,3,5,6,5,6,3,4,2,2,5,6,5,6,5,6,4,5,3,4,2,3,4,5,4,5,4,5,2,2,2,2,2,2,3,4,3,3,4,3,5,4,5,3,4,4,4,5,4,2,3,6,1,4,1,2,0,7,5,5,4,3,4,5,3,4,3,3,3,3,1,4,5,3,2,4,4,3,3,5,3,5,5,5,2,4,4,5,3,2,4,4,2,2,2,2,2,2,2,2,2,1,2,2,2,2,2,6,8,3,4,3,3,2,7,5,1,44,4,1,1,1,40,5500,2800,0,140205,건축감리사 경기 침체,건축학
31066,3,4,3,4,2,3,4,4,3,4,1,0,1,0,3,4,3,3,1,0,1,0,1,0,2,3,3,4,1,0,1,0,1,0,1,0,1,0,2,3,3,3,3,3,2,2,1,0,1,0,1,0,1,0,1,0,1,0,1,0,3,4,1,0,1,0,1,0,1,0,1,0,1,0,1,0,1,0,1,0,2,3,1,0,3,3,2,3,3,3,2,3,2,4,3,3,2,2,3,1,3,11,3,2,1,1,2,2,5,3,1,1,4,3,3,3,2,2,3,3,4,2,2,3,2,3,3,3,3,4,4,4,1,1,3,4,3,4,3,1,4,5,2,2,2,2,2,2,2,2,2,2,3,3,3,3,1,6,5,7,4,6,6,6,4,3,1,31,4,1,1,1,40,3800,3600,0,32501,신용관리사 신용추심원 훈련 지금 업계 상황,경제학
31067,3,5,4,4,5,5,4,5,3,5,5,4,3,6,5,5,5,5,2,4,3,4,2,4,3,5,4,4,4,4,5,6,3,3,3,4,5,6,4,5,5,4,3,4,4,6,3,4,3,4,4,4,4,5,4,4,3,4,2,5,3,3,2,3,2,4,3,4,2,4,2,4,4,5,3,3,4,1,4,2,4,3,1,0,2,2,2,2,4,3,2,4,4,4,4,2,4,4,5,4,3,13,1,2,2,1,2,2,5,5,5,4,4,4,5,5,9,5,5,5,2,2,3,4,3,2,4,4,5,5,3,5,4,3,4,4,3,5,2,2,4,4,2,1,1,1,1,2,1,2,2,2,2,3,3,3,1,7,6,7,7,7,6,5,5,6,2,29,4,1,1,1,20,1300,1300,0,222001,법률 관련 사무재직자 연수 교육 원스톱 서비스 인구 감소,행정학
31068,4,2,3,5,2,2,3,5,3,4,4,4,3,3,2,2,4,4,4,4,4,5,3,4,4,4,4,3,3,4,3,3,3,4,4,4,4,4,4,4,3,4,4,4,4,3,3,3,3,2,3,3,3,4,3,3,2,3,1,0,4,5,4,4,3,4,2,2,2,2,2,2,4,4,3,3,3,3,3,3,3,3,2,3,3,2,3,2,4,3,3,3,4,2,2,4,3,4,3,3,3,20,4,1,2,2,0,5,4,4,4,3,4,4,4,4,5,4,5,5,4,3,4,4,3,3,4,4,3,4,3,4,4,3,3,4,4,3,4,4,4,3,2,2,2,2,2,2,2,2,2,2,3,2,2,2,1,8,8,3,3,4,5,7,3,4,2,42,4,2,6,1,30,0,0,3000,414702,아이돌 안무가,무용
31069,5,7,4,6,5,7,5,7,3,5,5,6,4,6,4,5,4,6,4,5,4,5,3,4,5,7,5,7,5,7,5,6,4,6,5,7,3,4,3,4,5,7,2,3,3,4,1,0,1,0,5,7,1,0,1,0,1,0,1,0,3,3,1,0,1,0,1,0,1,0,1,0,1,0,1,0,1,0,1,0,1,0,1,0,1,0,1,0,5,5,2,4,5,3,2,4,3,4,5,5,3,15,2,6,2,2,0,7,5,4,5,4,4,5,4,4,3,4,3,4,3,4,4,4,3,3,3,3,3,4,3,5,4,4,4,5,4,5,3,3,5,5,2,2,2,2,2,2,2,2,2,1,3,3,3,3,2,3,2,4,3,3,3,6,7,7,1,55,4,1,1,1,40,9600,8000,0,11102,공무원 숫자 법령,행정학
31070,3,5,2,3,2,3,3,3,2,2,2,2,1,0,2,3,3,3,2,3,1,0,2,4,5,2,1,0,2,2,3,3,1,0,1,0,3,4,2,2,3,3,1,0,1,0,1,0,1,0,2,3,2,2,1,0,5,4,3,3,1,0,2,3,5,4,3,3,3,3,2,3,1,0,3,4,4,4,3,4,4,4,3,4,3,3,3,3,3,2,2,2,2,2,3,2,2,3,1,1,3,3,1,3,2,2,0,7,2,2,2,2,3,2,2,3,2,2,3,3,2,3,3,4,3,4,4,3,3,2,2,4,3,4,4,3,3,5,4,3,3,4,2,2,2,2,2,2,2,2,2,2,2,3,3,3,2,3,7,7,5,5,5,7,6,5,1,45,2,1,1,1,48,3800,2400,0,882101,생산 공정 기계화,기계
31071,1,0,1,0,1,0,1,0,1,0,1,0,4,4,3,3,1,0,4,4,1,0,1,0,5,5,4,5,4,4,4,5,1,0,1,0,4,5,4,4,3,3,4,5,4,4,1,0,1,0,4,4,3,3,1,0,3,4,3,4,1,0,3,4,2,3,4,4,4,5,4,5,3,4,3,3,3,3,3,3,2,2,3,3,4,5,3,3,4,4,5,3,4,4,4,2,3,3,4,4,4,3,1,2,2,1,3,3,1,4,3,3,3,2,3,4,4,5,4,4,2,3,4,5,5,5,5,3,5,4,5,4,4,5,5,5,5,5,4,3,3,4,2,2,2,2,2,2,2,2,2,3,2,3,3,3,2,9,8,9,2,4,7,8,3,7,1,55,2,1,1,1,40,4200,2000,0,861101,방적기 조작 자동화 인원 감축,기계
31072,4,5,4,5,4,5,4,5,4,5,4,5,4,5,4,4,4,5,4,5,4,5,4,5,3,4,3,5,4,5,4,6,4,4,4,4,4,5,4,4,4,4,4,5,4,3,4,4,3,4,4,5,4,5,4,5,4,5,4,3,4,3,3,4,3,4,3,3,3,3,3,3,3,4,3,3,3,3,3,4,4,3,3,5,4,4,4,5,4,3,4,3,4,3,4,2,3,4,4,4,4,11,1,2,1,1,1,6,2,4,2,2,4,4,4,4,3,3,4,4,2,4,4,5,4,4,4,2,4,2,2,4,4,4,4,3,4,4,4,4,4,4,2,2,2,2,2,2,2,2,2,3,4,2,2,2,1,8,8,8,9,8,9,8,8,8,2,71,2,2,5,1,40,0,0,10000,33201,보험설계사자격증 변액자격증 우수인증설계사자격증 상품교육 쉽교육 시대 변화,경영학
31073,4,5,3,4,1,0,1,0,1,0,4,4,1,0,1,0,1,0,1,0,1,0,3,4,2,2,3,4,3,4,3,4,2,3,1,0,1,0,4,5,2,2,1,0,2,2,1,0,1,0,1,0,4,4,4,4,1,0,1,0,1,0,1,0,1,0,1,0,1,0,1,0,1,0,1,0,1,0,1,0,1,0,1,0,1,0,1,0,3,4,3,3,3,3,3,3,3,3,3,3,3,10,1,5,2,1,3,5,3,4,4,4,4,4,4,3,3,3,3,3,2,4,4,3,2,3,4,3,3,3,3,3,3,3,3,3,3,4,4,2,3,4,2,2,2,2,2,2,2,2,2,3,3,3,3,3,2,8,4,8,5,3,8,3,8,6,1,37,3,1,1,1,45,3000,2100,0,131202,RF개발연구 변화,정보통신학
31074,4,5,3,3,4,3,4,3,4,3,3,3,3,3,3,3,3,2,2,3,3,3,3,2,2,4,2,4,4,4,3,3,4,4,5,4,3,4,2,4,4,4,3,4,2,4,4,4,3,3,3,3,2,4,3,4,4,5,3,4,2,3,4,4,3,3,3,5,3,4,4,3,3,4,2,4,4,3,2,3,3,3,2,3,2,3,2,3,3,2,3,2,4,3,4,3,4,3,4,3,4,14,1,1,1,2,0,4,2,4,3,4,3,4,3,4,3,3,4,4,3,4,4,4,5,3,4,3,4,5,3,5,3,4,3,2,3,4,4,5,4,5,1,2,1,2,1,1,2,1,2,2,1,2,2,3,2,6,5,7,6,5,7,6,7,5,1,48,3,1,1,1,42,3200,2400,0,885201,광고도장기능사 아날로그 방식 디지털 광고 시장 확대 취업 기피 일자리 감소,공업디자인
31075,4,5,4,6,4,5,4,5,4,6,4,5,2,3,2,3,4,6,3,3,3,4,1,0,4,6,4,4,5,5,2,2,3,4,3,4,1,0,4,5,4,4,2,2,3,3,2,3,1,0,3,4,1,0,1,0,1,0,1,0,3,3,1,0,1,0,1,0,1,0,1,0,4,4,2,2,1,0,1,0,2,3,2,3,3,4,4,3,5,4,1,5,4,3,5,5,3,4,5,3,4,13,1,2,1,1,6,5,5,5,4,4,4,4,2,4,9,9,4,4,1,3,3,3,4,2,1,4,4,5,3,4,3,4,5,4,5,3,3,4,4,3,2,2,2,2,2,2,2,2,2,1,4,3,3,3,2,8,7,2,6,7,4,6,5,9,1,40,5,2,5,1,48,0,0,8600,22201,노무사 노동법률관리법들 노동 법규 방안 혜택 일자리,법학
31076,5,6,4,6,4,5,3,5,4,5,3,4,2,3,3,4,4,5,2,3,2,3,2,3,4,5,3,4,1,0,1,0,1,0,1,0,4,5,2,3,2,3,2,3,2,4,2,3,2,2,1,0,1,0,1,0,2,3,3,3,3,4,1,0,2,4,2,3,1,0,1,0,1,0,2,4,2,2,2,4,2,3,2,3,4,5,2,3,3,2,3,4,4,4,4,2,4,3,3,4,3,17,3,3,1,2,0,1,5,4,5,5,4,5,4,4,4,3,4,4,2,4,4,4,3,2,2,3,4,4,4,4,3,5,4,3,4,4,5,3,4,4,2,2,2,2,2,2,2,2,2,1,4,2,2,2,2,7,3,3,4,3,8,2,3,5,2,33,4,1,1,1,40,3840,3600,0,307401,보건의정보관리사 보건 의료 서비스 수요 증가,의무행정
31077,4,6,4,5,5,6,4,5,4,6,4,6,4,5,5,5,4,6,4,6,4,6,4,6,4,5,5,6,4,5,4,5,4,6,4,6,4,5,4,6,4,6,4,5,4,5,4,6,4,5,4,6,4,5,4,5,4,6,4,6,4,5,4,6,4,5,4,5,4,6,4,6,4,5,4,5,4,5,4,5,4,5,4,5,4,5,4,5,4,3,4,4,4,4,4,4,3,4,4,4,4,18,1,2,2,2,0,4,2,4,3,4,4,4,4,4,5,4,4,4,4,4,4,4,3,4,3,3,3,4,4,4,3,3,4,4,5,4,3,4,4,3,2,2,2,2,2,2,2,2,2,1,4,2,2,2,1,5,4,7,6,6,5,6,6,5,2,34,3,1,3,2,45,2400,1600,0,617101,박람회 게임쇼 대형 행사,레크레이션학
31078,3,4,4,5,3,4,3,4,3,4,2,2,2,2,3,4,3,4,4,5,3,3,2,2,4,5,2,2,3,4,5,6,2,3,2,2,1,0,3,4,3,4,1,0,1,0,1,0,1,0,1,0,1,0,1,0,1,0,1,0,2,3,1,0,1,0,1,0,1,0,1,0,1,0,1,0,1,0,2,3,1,0,2,3,3,4,4,5,3,3,4,3,4,3,3,3,3,3,4,3,4,14,1,2,2,2,0,3,2,3,3,3,3,3,3,3,3,3,3,3,4,3,3,2,3,3,2,4,4,5,2,5,4,4,4,5,4,5,4,4,5,5,2,2,2,2,2,2,2,2,2,4,2,2,2,2,1,7,5,9,2,9,9,2,2,3,2,36,3,1,2,2,40,2500,2000,0,562401,입장 시설 자동 입장 방식,식품영양
31079,2,3,3,3,2,3,1,0,2,2,1,0,1,0,3,3,3,3,2,3,1,0,3,4,3,5,1,0,1,0,1,0,1,0,1,0,1,0,1,0,2,2,1,0,2,2,1,0,1,0,1,0,1,0,1,0,2,3,2,2,1,0,1,0,2,3,3,4,3,3,3,4,1,0,3,5,3,4,3,4,3,4,3,4,3,4,2,3,4,4,3,2,3,2,1,1,2,1,1,4,2,3,1,3,2,1,1,3,2,3,3,3,3,3,2,3,2,3,4,3,2,3,4,4,4,2,4,3,1,2,2,3,3,2,1,3,2,4,3,3,4,5,2,2,2,2,2,2,2,2,2,2,3,3,3,3,2,7,6,4,7,3,6,7,4,4,1,31,3,1,1,1,40,3000,2400,0,813201,현장 적응 교육 안전 교육 기계 생산 개발 계속,금속기계
31080,3,6,4,5,4,5,4,4,4,6,4,5,4,5,4,5,4,5,4,5,4,6,4,5,4,6,4,4,4,5,3,4,3,5,3,5,4,4,4,4,4,4,4,5,4,4,3,3,3,3,3,3,4,6,4,6,3,4,3,4,4,5,3,5,3,4,3,4,4,4,4,4,3,4,4,3,4,5,4,4,4,4,4,4,4,4,4,5,4,4,4,5,5,4,4,4,3,4,4,3,4,18,1,2,1,2,0,2,5,4,4,4,4,4,4,4,4,3,4,4,2,3,4,4,3,3,4,4,4,3,3,4,4,4,5,4,4,4,3,4,4,4,2,2,2,2,2,2,2,2,2,1,3,3,3,3,2,9,9,1,1,1,1,9,8,9,2,42,4,1,1,1,40,2470,2470,0,414303,웹디자인기능사 제한,애니메이션학
31081,1,0,1,0,1,0,1,0,1,0,1,0,1,0,1,0,1,0,1,0,1,0,1,0,1,0,1,0,1,0,2,3,1,0,1,0,1,0,1,0,2,3,2,3,2,3,2,3,2,3,2,2,1,0,1,0,1,0,1,0,1,0,1,0,1,0,1,0,1,0,1,0,1,0,1,0,3,4,2,3,3,4,2,2,1,0,1,0,3,3,4,3,3,2,3,3,3,4,3,3,3,1,4,1,2,2,0,7,2,3,3,3,3,2,2,4,3,4,3,4,3,2,3,3,2,3,3,4,3,3,3,3,4,4,4,4,5,5,5,4,4,4,2,2,2,2,2,2,2,2,2,2,3,3,3,3,2,7,8,7,7,7,7,7,7,7,1,57,3,2,6,1,50,0,0,4000,902201,차이,경영학
31082,1,0,1,0,1,0,1,0,1,0,1,0,1,0,1,0,1,0,1,0,1,0,1,0,1,0,2,2,1,0,1,0,1,0,1,0,1,0,1,0,2,2,3,3,1,0,1,0,1,0,1,0,1,0,1,0,3,3,1,0,1,0,1,0,3,3,1,0,1,0,5,7,1,0,4,5,1,0,1,0,3,4,1,0,2,3,1,0,2,2,2,3,3,3,2,2,2,1,2,2,2,5,1,2,1,2,0,7,2,5,4,4,3,3,3,3,3,3,3,3,3,2,3,3,2,2,3,2,3,3,1,5,4,3,3,3,4,4,4,4,4,4,2,2,2,2,2,2,2,2,2,3,2,3,3,3,2,3,4,5,4,5,5,5,4,7,1,46,2,1,1,1,40,3500,2800,0,853201,폐기물처리 산업기사 자동화 시스템,기계
31083,4,4,3,4,3,4,2,3,2,4,3,5,2,3,3,4,3,3,3,5,2,3,2,3,4,4,4,4,3,4,2,3,3,4,3,4,3,4,2,3,4,4,3,3,3,4,1,0,2,3,3,3,4,4,3,4,2,3,3,4,3,5,3,4,4,4,3,3,2,4,3,3,2,3,2,3,3,3,2,4,2,3,1,0,2,3,2,3,2,3,3,4,3,3,3,2,3,3,2,3,3,3,1,5,2,2,0,5,5,3,4,3,3,4,3,4,4,4,3,4,3,3,2,3,4,2,3,3,4,4,3,4,3,4,4,3,3,4,4,4,4,3,1,1,1,2,2,2,2,2,2,2,3,3,3,3,2,3,4,7,5,6,4,5,4,6,1,40,4,1,1,1,40,5200,3700,0,154101,기술 도입 시설 변경 종사 수도 제조업체,화학공학
31084,3,5,4,5,3,5,4,5,2,3,3,5,3,4,5,6,3,5,4,4,3,4,4,5,5,6,5,6,5,6,3,4,3,4,3,4,4,5,2,3,4,5,4,5,4,6,1,0,1,0,2,2,2,2,1,0,1,0,1,0,1,0,1,0,1,0,1,0,1,0,1,0,2,3,2,3,2,2,4,5,4,5,3,4,4,5,4,5,3,3,2,3,4,1,4,3,3,4,4,5,3,18,4,1,1,2,0,5,5,4,5,3,4,4,3,5,9,9,9,5,4,5,4,5,4,4,5,5,4,4,4,5,4,5,4,3,4,5,4,4,4,4,2,2,2,2,2,2,2,2,2,2,3,3,2,2,2,7,8,6,6,7,8,7,6,5,1,44,4,2,6,1,20,0,0,2200,420301,검도심판 운동경기,체육학
31085,2,3,2,3,2,2,2,2,2,2,2,3,2,2,2,2,2,3,3,5,2,2,2,2,2,3,2,2,2,2,3,4,2,2,2,2,2,2,2,2,2,2,2,2,2,3,2,2,2,2,2,2,2,2,2,2,2,3,2,3,2,2,2,2,2,2,4,6,4,6,4,6,2,2,2,3,2,3,2,2,2,4,2,3,3,3,2,2,3,3,3,4,4,2,2,3,2,3,3,4,3,8,1,2,1,2,0,1,2,4,3,3,4,3,3,3,4,3,3,3,2,3,3,3,3,2,3,3,3,4,4,4,4,4,4,4,5,5,4,4,5,3,2,2,2,2,2,2,2,2,2,2,4,2,2,2,2,6,6,5,6,4,5,4,4,5,1,34,2,1,2,2,40,3500,2500,0,705902,잠수기능사 해양스포츠 발전,기계
31086,2,1,4,5,1,0,3,4,1,0,1,0,1,0,1,0,4,5,1,0,1,0,2,3,4,5,3,3,3,4,4,5,3,4,1,0,2,2,3,3,4,5,4,5,3,3,1,0,1,0,1,0,1,0,1,0,1,0,1,0,1,0,1,0,1,0,1,0,1,0,1,0,1,0,1,0,1,0,1,0,1,0,1,0,2,2,3,3,3,2,4,3,2,4,2,4,2,2,3,2,4,19,1,3,2,2,0,7,2,3,2,2,4,2,3,2,9,3,3,3,1,2,2,2,3,4,3,3,2,4,4,3,3,2,2,2,3,4,3,4,4,4,2,2,2,2,2,2,2,2,2,1,3,3,3,3,2,7,8,8,5,5,7,3,2,7,2,49,2,1,1,1,60,2700,2300,0,561601,변화,문과
31087,2,2,1,0,1,0,2,2,1,0,2,2,1,0,3,3,2,2,2,2,2,2,2,3,2,2,3,3,2,2,3,3,3,3,2,2,2,2,3,3,3,3,4,6,2,3,1,0,1,0,2,3,2,3,2,3,2,3,2,3,3,3,5,6,2,3,2,3,1,0,1,0,2,3,2,2,2,3,2,2,3,3,3,3,4,5,1,0,4,2,4,3,4,2,3,2,3,3,4,3,4,7,1,2,2,1,3,2,4,4,2,3,3,3,2,3,3,4,4,4,2,3,3,4,4,2,3,4,3,4,2,3,2,2,3,4,3,4,3,4,4,4,2,2,2,2,2,1,2,2,1,2,3,3,3,3,2,8,8,7,8,7,8,2,8,6,2,42,4,1,1,1,40,3600,2400,0,872301,식품 안전성 교육 수입 식품에 대한 교육 자동화 설비 수입 식품 증가 식품 개발 기계화 자동화 설비,식품공학
31088,3,4,3,5,3,4,3,4,4,4,4,5,4,5,3,2,3,2,3,4,3,3,3,6,3,5,3,4,3,4,4,4,3,5,3,4,4,4,3,4,3,3,3,4,3,4,3,3,3,3,3,5,3,4,3,3,3,3,3,3,3,3,3,3,3,2,3,2,3,2,3,2,3,4,3,2,3,2,3,3,3,4,3,5,3,2,3,2,4,4,4,4,3,2,2,4,2,4,4,4,3,17,3,3,1,2,0,4,5,4,5,4,3,4,4,3,4,5,4,4,1,3,3,3,2,5,3,4,4,4,3,3,4,3,4,3,4,3,4,3,4,4,1,2,2,2,2,2,2,2,2,2,4,3,3,3,2,8,8,8,8,8,8,7,7,7,2,36,4,1,1,1,45,3000,3000,0,306502,작업치료사 의료 산업 발달 노약 증가,작업치료학
31089,3,4,2,2,1,0,2,2,1,0,3,4,1,0,3,4,1,0,4,5,2,2,1,0,4,5,3,5,3,4,4,5,2,3,3,4,1,0,3,4,4,5,3,4,1,0,1,0,1,0,4,5,1,0,1,0,1,0,2,2,1,0,1,0,2,3,2,3,1,0,1,0,3,4,1,0,1,0,3,4,3,4,1,0,3,4,3,4,2,4,3,3,2,3,3,4,2,3,2,2,2,15,2,5,1,2,0,3,5,4,4,3,3,3,2,3,3,4,3,3,3,3,2,4,3,4,4,3,3,3,4,2,3,3,2,3,3,4,3,4,4,3,2,2,2,2,2,2,2,2,2,1,3,3,3,3,2,3,3,3,1,1,3,7,8,8,1,30,4,1,1,1,40,2200,2000,0,240301,사회복지사 공무원 일자리 변화,영어영문학
31090,4,5,5,6,3,5,4,5,3,4,2,5,2,5,2,5,4,5,4,4,3,4,4,5,3,5,4,5,3,4,3,4,3,3,4,4,5,5,4,5,4,5,4,5,4,5,4,5,5,6,4,5,3,4,5,6,4,5,4,5,5,5,4,5,5,6,5,6,5,7,5,6,4,6,4,6,4,6,4,6,4,4,2,4,4,5,4,5,4,3,1,4,4,2,5,2,3,4,2,3,2,4,1,2,1,1,4,6,5,4,4,3,2,4,3,4,4,4,5,4,2,4,3,5,5,4,2,3,4,4,4,4,4,4,3,4,4,5,4,4,3,3,1,1,2,2,1,1,2,1,1,2,1,2,3,3,1,7,7,4,3,3,3,7,7,9,1,50,3,1,1,1,40,6500,3500,0,705901,전기산업기사 전기공사기사 전기기사 전기 배선 기본 과정 기계 도입 업무 처리 방법 개선 일자리 감소 최근 언론 향후 일자리 감소,물리학
31091,5,5,4,5,4,6,5,6,5,7,4,6,4,6,4,6,5,6,4,5,4,5,4,5,4,5,4,5,5,5,4,5,4,5,4,5,4,5,4,5,4,5,4,5,4,5,4,5,4,5,4,5,3,5,3,1,4,4,4,2,5,4,3,4,3,5,3,3,4,4,4,2,4,4,4,4,4,4,4,5,4,4,4,4,5,5,4,5,4,4,4,4,4,2,3,5,3,4,3,4,4,11,1,2,1,1,2,3,3,4,4,4,2,4,4,4,3,3,4,4,2,4,3,5,3,4,4,1,4,5,3,4,3,3,3,2,3,4,3,3,5,4,2,1,1,1,1,1,2,2,1,3,1,1,1,3,2,4,4,4,4,3,4,3,3,3,2,50,2,1,1,1,52,5000,4000,0,32401,방카 펀드 파생 직무교육 훈련 창구 응대 교육 지점 폐쇄되어 전산 비대 증가,상고
31092,4,5,3,4,2,4,3,5,3,5,3,4,2,4,3,4,4,4,3,4,2,3,3,5,3,4,3,5,3,5,3,4,3,4,3,4,2,4,2,4,3,4,4,4,4,4,2,4,3,5,3,5,4,4,3,4,3,4,3,4,2,4,3,4,3,4,4,5,4,4,4,4,4,4,3,4,3,5,3,4,4,5,3,5,4,4,4,4,3,4,3,3,3,3,2,3,3,3,3,3,3,10,1,5,1,2,0,3,5,4,3,2,5,4,4,4,4,4,5,4,2,5,4,4,4,2,4,1,4,4,2,5,3,4,4,3,5,5,5,4,5,4,2,2,2,2,2,2,2,2,2,2,4,3,3,2,1,6,2,3,1,7,6,3,4,6,1,48,4,1,1,1,45,4500,2800,0,133101,정보처리기사 혁신 방식 도입 때문,컴퓨터공학
31093,5,6,5,7,4,5,5,6,1,0,1,0,2,3,3,4,4,5,4,5,4,5,2,4,4,5,1,0,4,5,3,4,4,5,1,0,3,5,3,4,2,4,1,0,3,5,1,0,1,0,1,0,1,0,1,0,1,0,1,0,1,0,1,0,1,0,1,0,1,0,1,0,1,0,1,0,1,0,3,5,1,0,2,4,3,5,4,5,4,3,1,3,4,2,2,4,2,3,3,2,3,13,3,3,2,1,3,3,4,4,3,3,3,4,3,3,2,3,3,3,2,3,4,4,3,4,5,3,3,4,3,4,3,4,3,3,2,4,3,4,3,4,2,2,2,2,2,2,2,2,2,1,3,2,2,2,1,7,6,3,2,3,5,6,3,4,1,36,3,1,1,1,40,3400,2800,0,416302,프로그램 진행등의 실습 전문화 리포터 수요,국어국문학
31094,2,4,3,3,3,3,3,3,2,3,3,4,2,3,2,3,3,3,4,4,2,3,2,3,3,4,2,2,3,4,2,3,2,3,2,3,2,4,3,4,2,4,4,5,3,4,1,0,1,0,4,4,3,5,2,3,3,4,2,5,3,3,3,5,4,4,4,4,4,4,4,4,4,4,3,4,3,4,3,4,2,4,2,4,4,4,4,4,3,4,3,2,3,4,4,3,2,4,3,3,2,15,2,3,1,1,1,5,5,3,2,2,3,4,3,3,2,3,3,3,3,3,3,4,3,4,4,2,4,4,3,5,3,3,3,2,3,5,3,2,3,4,2,1,1,1,2,1,2,2,2,3,3,3,3,3,1,2,2,2,2,2,3,8,7,7,1,45,3,1,1,1,50,7690,2800,0,621401,항공교통관제사 항공안전교육 도입 항공관제 업무 자동화 소요 판단,통신학
31095,4,4,4,5,3,3,4,5,3,5,4,4,2,2,2,3,2,2,3,5,3,5,2,3,3,4,4,6,4,5,4,6,4,5,4,5,2,3,4,5,4,5,4,5,4,5,3,4,3,4,3,4,3,4,3,4,3,4,3,4,2,2,2,2,2,3,3,4,3,4,3,4,3,3,3,5,3,4,3,5,4,6,3,5,2,3,2,3,2,3,2,3,2,2,2,3,2,2,2,2,2,17,1,2,1,2,0,7,5,4,3,3,3,3,3,3,2,3,4,4,2,3,4,3,4,4,3,3,4,3,4,4,3,4,4,4,4,3,4,4,4,4,2,2,2,2,2,2,2,2,2,1,3,2,2,3,2,7,7,8,3,4,4,7,3,3,1,33,4,1,1,1,43,3000,2700,0,306501,물리치료사 수요,물리학
31096,3,4,3,4,3,4,3,4,3,4,3,4,3,4,3,4,3,4,3,4,4,4,4,4,3,4,4,4,3,4,3,4,3,4,4,4,4,4,3,4,4,3,3,4,3,4,3,4,4,4,3,4,3,4,3,4,3,4,3,4,3,4,3,4,3,3,4,4,3,4,3,3,3,4,3,3,3,3,4,4,4,4,3,4,3,4,3,3,3,4,4,4,4,4,4,3,4,3,3,4,4,10,1,2,2,2,0,7,4,3,3,3,4,3,4,4,4,4,4,4,3,2,3,4,4,4,4,4,4,3,4,3,3,3,3,4,3,4,3,4,4,3,2,2,2,2,2,2,2,2,2,2,3,3,3,3,2,6,6,6,6,6,6,5,5,5,1,38,4,1,1,1,50,5000,3000,0,134101,제한 인원 한계,경영학
31097,2,2,3,3,1,0,1,0,1,0,1,0,3,4,1,0,2,3,3,3,3,3,1,0,3,5,3,3,3,3,3,3,1,0,2,2,1,0,3,3,1,0,2,2,2,3,1,0,1,0,1,0,1,0,1,0,1,0,1,0,1,0,1,0,1,0,1,0,1,0,1,0,1,0,1,0,1,0,5,6,5,5,5,5,3,3,3,3,3,3,1,3,3,1,2,3,3,3,3,3,2,18,1,3,2,2,0,6,2,4,4,4,2,4,3,3,9,3,3,3,2,4,4,4,3,4,4,1,3,3,4,4,4,4,4,3,3,4,3,3,3,4,2,2,2,2,2,2,2,2,2,1,4,3,3,3,2,8,8,8,3,5,5,8,2,2,1,27,4,1,3,2,40,3500,2000,0,420201,스포츠 대한 흥미 이기 때문,체육학
31098,4,6,4,6,5,6,4,5,3,7,4,6,4,5,5,7,3,5,5,7,4,4,3,6,5,7,4,7,3,5,5,6,4,4,3,5,5,7,4,4,4,4,5,7,4,5,5,4,5,6,3,5,5,5,4,7,4,4,5,6,5,6,4,7,4,4,5,6,3,7,4,4,4,5,3,2,4,4,5,6,4,6,3,5,5,7,3,5,4,5,5,3,3,4,3,5,5,3,4,4,3,10,1,2,2,1,2,2,5,3,5,5,4,3,3,5,5,5,3,3,3,3,4,5,5,5,4,3,3,3,4,4,4,5,5,5,4,4,3,3,4,4,2,2,2,2,2,2,2,2,2,1,2,3,2,2,1,8,9,7,7,8,8,8,7,9,2,45,4,1,1,1,52,5000,3800,0,132004,프로그램 교육 발달,컴퓨터 정보통신
31099,1,0,1,0,1,0,1,0,1,0,1,0,1,0,1,0,1,0,3,4,1,0,2,3,2,3,2,3,1,0,2,3,1,0,1,0,2,3,1,0,2,2,1,0,1,0,1,0,1,0,1,0,1,0,1,0,1,0,1,0,1,0,1,0,1,0,1,0,1,0,1,0,1,0,1,0,2,2,2,3,4,5,3,4,1,0,1,0,4,4,3,3,3,1,2,2,2,3,3,2,3,6,1,1,2,2,0,3,2,3,2,1,4,3,2,3,3,3,3,3,2,3,2,4,4,4,4,4,2,3,2,5,4,4,3,3,4,4,4,3,4,5,2,2,2,2,2,2,2,2,2,1,3,2,2,2,2,6,6,6,5,5,5,6,4,3,1,60,2,1,3,2,40,4000,3000,0,702101,사람,기계
31100,2,3,2,3,2,3,2,2,1,0,1,0,2,2,1,0,2,2,2,3,2,2,2,3,2,3,3,4,2,2,2,3,2,2,2,2,1,0,3,5,2,2,1,0,1,0,1,0,1,0,1,0,1,0,1,0,1,0,1,0,1,0,1,0,1,0,2,3,1,0,1,0,1,0,1,0,1,0,1,0,2,2,2,2,2,3,2,3,4,4,3,3,2,2,4,4,2,3,4,3,3,19,1,2,2,2,0,1,1,2,3,3,4,2,2,4,9,4,4,4,2,3,3,4,3,4,4,3,4,3,4,5,4,4,3,3,4,5,3,3,4,4,2,2,2,2,2,2,2,2,2,2,3,3,3,3,2,9,8,7,1,2,3,4,6,6,1,58,1,1,3,1,52,2500,2000,0,542001,경비 업무 변화,0
31101,4,4,4,5,3,5,4,5,3,4,3,5,2,4,3,4,4,5,2,3,3,3,2,3,2,3,2,3,4,4,3,5,3,4,3,3,2,3,4,5,3,4,2,3,4,4,2,2,2,2,2,1,2,2,1,0,1,0,1,0,3,3,1,0,2,2,1,0,1,0,1,0,2,1,2,1,1,0,2,3,2,3,2,2,2,2,2,2,2,3,3,3,3,4,2,3,3,3,3,3,2,3,1,2,1,2,0,2,5,3,3,2,2,3,3,2,3,4,3,3,3,3,3,4,3,2,3,3,3,3,3,5,3,3,3,3,4,4,3,4,4,4,2,2,2,2,2,2,2,2,2,1,3,3,3,3,2,6,5,4,5,4,4,5,4,4,2,28,4,1,1,1,40,3000,2800,0,29401,컴활1급 비서자격증 일반 비서 수요 줄어드 전문성 필요 비서,비서학
31102,3,3,3,2,3,2,2,2,2,1,1,0,1,0,3,2,2,2,1,0,1,0,4,6,4,3,3,3,3,5,2,3,2,2,2,2,3,3,2,4,1,0,2,2,3,3,1,0,1,0,2,1,1,0,1,0,1,0,1,0,2,1,1,0,1,0,1,0,1,0,1,0,1,0,1,0,1,0,1,0,1,0,1,0,1,0,1,0,4,4,2,3,4,2,3,4,3,3,3,3,3,19,3,3,1,2,0,7,5,3,4,4,4,5,4,4,5,5,5,5,2,5,5,3,3,4,4,3,4,3,4,4,4,3,4,4,4,4,2,2,3,4,2,2,2,2,2,2,2,2,2,3,1,1,2,3,1,5,5,6,5,5,6,5,4,4,2,28,4,1,1,1,40,2500,2200,0,231301,청소년지도사 1급 출산율 감소 학생 수가,사회복지학
31103,4,5,4,5,4,5,4,6,4,5,4,5,4,5,3,4,4,5,4,5,4,5,3,4,3,4,3,4,4,5,3,4,4,5,4,6,4,5,5,6,4,5,4,5,4,5,3,4,4,5,4,5,4,5,2,3,2,2,1,0,4,6,2,2,2,2,2,3,1,0,2,2,3,4,2,3,2,2,2,2,2,2,2,2,2,3,2,3,4,4,3,4,4,4,3,2,3,3,4,3,3,19,1,2,1,2,0,7,5,4,3,3,4,3,4,4,3,4,4,4,2,3,3,4,4,5,5,2,3,2,4,4,4,4,4,3,4,4,3,3,4,3,2,2,2,2,2,2,2,2,2,1,4,2,2,3,2,8,7,3,2,2,5,2,8,8,2,46,4,1,1,1,40,4300,2800,0,29202,간호사자격증 고객 확률,간호학
31104,3,5,4,5,4,5,3,4,3,3,3,4,3,4,3,4,3,4,3,5,4,5,4,5,3,4,2,2,2,2,1,0,1,0,1,0,4,5,1,0,1,0,1,0,1,0,1,0,1,0,2,3,3,4,2,4,1,0,1,0,1,0,1,0,3,4,3,4,1,0,2,3,2,3,4,5,2,2,1,0,1,0,1,0,4,5,3,4,4,2,3,3,4,4,2,4,2,3,3,3,3,13,1,4,2,1,3,3,4,3,3,3,3,3,3,3,3,3,4,3,2,3,3,4,2,2,2,1,2,4,5,4,4,4,4,3,2,3,2,3,3,3,2,2,1,2,2,2,2,2,2,2,4,1,1,3,1,9,9,9,3,5,5,7,6,5,1,35,4,1,1,1,40,3800,2400,0,415502,캐릭터 반복 스케치 배경 스케치 컴퓨터 프로그램 통한 기본 스케치 캐릭터 구성 게임 산업 현대인 스트레스 해소 방법 점점 각광,서양화
31105,4,4,4,5,4,5,4,5,4,4,4,5,4,4,3,4,4,4,4,5,4,4,4,5,4,5,3,5,4,5,4,5,4,5,4,5,4,4,4,4,3,4,4,4,4,4,3,4,4,4,3,5,3,4,3,4,4,5,3,4,4,5,4,5,4,4,4,5,3,4,4,5,4,6,4,5,4,5,4,5,4,5,3,5,4,5,4,4,4,4,3,3,4,3,4,4,4,3,4,3,4,6,1,2,1,2,0,6,4,4,3,3,4,4,4,4,4,3,4,4,4,4,4,4,3,3,4,4,4,4,4,4,3,4,3,4,4,4,3,3,3,4,2,2,2,2,2,2,2,2,2,2,2,3,3,2,1,7,4,6,4,4,4,6,4,3,1,50,3,2,5,1,50,0,0,6000,140306,토목시공기술사 산업 발달,토목학
31106,2,2,3,4,1,0,3,3,2,1,1,0,1,0,1,0,2,2,2,1,1,0,2,3,3,4,2,2,3,3,3,4,2,2,2,1,2,3,3,4,3,4,3,4,2,3,2,1,3,3,3,4,2,2,2,2,2,3,2,2,1,0,2,2,2,2,2,3,2,3,2,3,2,3,3,4,3,3,2,3,3,4,3,3,3,3,2,2,3,2,4,2,3,2,3,4,4,3,4,2,2,19,1,1,2,2,0,7,2,4,3,2,4,5,3,2,3,3,3,3,3,4,2,3,4,5,3,3,5,2,4,4,3,2,3,2,3,4,3,2,3,5,2,2,2,2,2,2,2,2,2,2,2,1,2,3,2,6,7,8,6,5,3,5,6,7,1,44,3,1,1,1,48,2500,2000,0,561101,셀프 세차장,기계
31107,3,5,4,5,2,4,2,5,3,5,4,6,2,4,4,6,4,5,4,5,4,6,5,6,4,5,4,5,2,4,2,5,1,0,1,0,4,5,1,0,4,5,3,5,2,4,2,4,3,5,2,4,4,5,4,5,3,5,3,4,2,4,4,5,3,5,3,5,4,5,4,6,4,5,4,5,2,5,4,5,4,6,3,4,3,5,2,4,4,2,4,4,5,3,4,3,2,4,4,4,2,6,1,3,1,2,0,4,5,4,3,4,4,5,2,4,5,4,5,5,2,4,3,4,5,2,4,3,4,4,4,4,5,3,4,3,5,4,3,2,4,5,1,2,1,1,2,2,1,2,2,2,3,3,3,3,2,3,5,3,2,2,1,3,1,5,1,40,4,1,1,1,45,5160,3720,0,152201,금속가공기술사 기술사 철야금기술사 육성 정부 지원 사업,금속공학
31108,5,7,5,7,5,7,4,6,4,6,4,5,3,4,3,4,3,4,2,3,2,3,4,6,4,5,3,4,3,4,3,4,2,3,2,3,3,5,3,5,4,5,2,3,2,3,2,2,2,2,2,3,2,2,1,0,1,0,1,0,1,0,1,0,1,0,1,0,1,0,1,0,2,3,1,0,1,0,1,0,1,0,1,0,1,0,1,0,4,4,3,3,3,4,4,4,4,4,4,3,4,16,5,5,2,2,0,5,6,4,4,4,4,4,4,4,4,4,4,4,2,3,4,4,4,4,3,2,3,3,4,4,4,3,4,4,3,4,3,3,4,4,2,2,2,2,2,2,2,2,2,2,3,3,3,3,1,4,4,2,3,3,3,3,2,2,2,30,5,1,1,1,45,4000,3000,0,110104,정부 예산 감소,교육학
31109,1,0,1,0,1,0,1,0,2,4,2,3,3,3,3,4,3,5,3,4,2,3,2,5,3,4,2,3,1,0,2,3,1,0,1,0,2,3,2,3,2,3,2,4,1,0,2,4,2,3,2,3,4,5,3,4,4,5,4,5,1,0,3,4,3,4,4,5,3,4,3,5,3,4,5,6,4,5,3,5,5,6,5,5,3,4,2,3,4,3,4,3,3,2,3,4,3,4,3,3,3,3,1,2,2,2,0,5,2,3,3,3,4,3,2,3,3,4,5,3,3,2,2,4,4,4,3,2,3,3,4,5,2,3,3,3,3,4,2,3,4,4,2,2,2,2,2,2,2,2,2,1,3,3,3,3,2,9,8,8,4,2,3,7,5,5,1,26,3,1,1,1,46,2600,2100,0,883101,수입품 증가,조리학
31110,2,2,1,0,1,0,1,0,2,2,2,2,3,4,1,0,3,4,1,0,3,4,3,4,4,5,4,5,1,0,3,4,3,4,2,2,4,4,3,4,3,4,2,3,4,4,1,0,1,0,1,0,1,0,1,0,1,0,1,0,1,0,1,0,1,0,1,0,1,0,1,0,1,0,1,0,3,4,1,0,3,4,4,6,1,0,1,0,3,3,3,3,3,3,3,3,3,3,3,3,3,18,1,3,2,1,5,3,3,2,4,4,4,4,4,3,4,4,3,4,2,4,4,3,3,3,4,3,2,3,4,4,3,3,4,4,4,3,4,3,3,4,2,2,2,2,2,2,2,2,2,2,3,2,2,2,1,4,4,6,6,6,5,5,7,7,1,25,3,1,3,2,40,1500,1000,0,414703,댄스훈련 변화,현대무용
31111,2,2,4,3,1,0,3,4,1,0,2,2,3,3,2,2,2,2,2,2,2,2,1,0,3,3,1,0,3,3,3,3,2,3,2,2,2,2,3,3,2,3,2,2,4,4,1,0,1,0,1,0,1,0,1,0,1,0,1,0,1,0,1,0,1,0,1,0,1,0,1,0,1,0,2,2,1,0,1,0,1,0,3,3,3,2,2,2,2,3,4,2,3,2,2,3,3,2,3,2,4,14,1,3,2,2,0,7,2,4,3,3,2,2,3,1,1,3,3,2,4,1,2,4,4,4,2,4,3,4,4,4,2,3,4,4,3,3,4,3,3,3,2,2,2,2,2,2,2,2,2,1,1,2,2,2,2,9,9,8,4,9,9,5,6,7,2,60,2,1,3,2,33,1820,1500,0,512201,결혼 사람,상고
31112,1,0,1,0,1,0,1,0,1,0,1,0,1,0,1,0,1,0,1,0,1,0,1,0,5,6,1,0,1,0,4,5,1,0,1,0,1,0,1,0,1,0,1,0,1,0,1,0,1,0,1,0,1,0,1,0,4,5,1,0,1,0,1,0,3,4,3,5,4,5,4,5,1,0,1,0,3,4,3,4,3,5,3,3,4,5,3,3,4,3,4,4,3,4,4,3,4,3,4,4,3,3,1,2,2,2,0,7,1,3,3,2,3,4,3,3,4,3,4,3,3,4,3,4,3,4,3,4,3,4,3,4,3,4,3,4,5,4,5,3,4,4,2,2,1,2,2,2,2,2,2,2,2,2,3,3,2,9,4,8,3,8,5,8,4,7,1,50,2,1,1,1,40,3800,2200,0,861301,장비 교체 자동화,기계
31113,5,5,4,6,1,0,3,4,2,3,3,4,3,3,3,3,5,7,3,3,2,3,3,2,5,7,1,0,1,0,1,0,1,0,1,0,3,4,3,3,4,5,1,0,1,0,1,0,3,3,1,0,4,5,3,3,3,3,5,7,2,2,1,0,5,6,3,4,5,7,5,7,3,3,5,7,4,6,4,6,4,5,4,6,5,7,5,6,4,3,3,3,4,1,3,5,2,3,2,3,4,15,2,4,1,1,3,7,4,3,3,3,2,3,2,3,3,4,4,3,3,4,3,3,5,5,4,3,4,3,3,3,4,4,3,2,4,4,4,3,4,4,2,2,2,2,2,1,2,2,2,2,5,2,2,2,2,7,4,2,3,1,4,3,4,7,1,28,4,1,1,1,40,2500,2400,0,812102,항공정비사 정비 훈련 교육 장비 정비 교육 훈련 항공 분야 대중화 대중교통 수단 정착 예상,항공정비
31114,4,4,5,5,2,3,3,3,3,3,2,3,1,0,2,2,3,3,2,3,2,3,2,3,3,3,3,3,1,0,3,3,3,3,3,4,3,4,2,3,3,3,2,3,3,3,2,3,2,3,2,2,2,2,1,0,3,3,5,4,4,4,3,3,5,4,4,4,5,7,5,4,4,5,5,5,4,4,4,5,4,5,2,4,3,3,3,4,4,3,4,4,4,3,3,2,3,3,3,3,4,19,4,1,1,1,5,7,2,4,3,3,3,4,3,3,9,9,9,3,2,3,3,3,4,3,4,4,4,4,2,4,3,4,3,4,4,5,4,2,3,4,2,2,2,2,2,2,2,2,2,1,3,2,2,2,1,6,4,6,5,5,6,4,7,5,1,42,3,2,6,1,40,0,0,4500,841101,정보처리자격증 전자계산 정보처리 컴퓨터 인구,정보처리학
31115,3,4,3,3,1,0,5,5,4,5,3,5,3,3,4,5,2,4,4,4,4,5,4,4,4,5,4,5,5,4,4,5,3,4,3,4,2,3,3,4,4,4,5,5,3,3,3,4,3,5,3,4,3,5,4,5,3,4,2,2,2,4,3,4,3,3,3,3,4,4,2,4,3,5,3,4,2,4,3,4,2,2,2,3,2,2,2,3,4,5,4,3,4,4,4,2,4,4,5,4,4,17,3,2,1,2,0,2,4,2,2,3,5,5,4,4,3,3,4,4,4,3,3,3,4,3,4,3,3,3,3,5,5,4,3,4,3,4,4,3,4,3,2,2,2,2,2,2,2,2,2,1,3,1,1,2,2,6,5,6,3,4,4,6,3,4,1,52,4,1,1,1,40,4000,2500,0,512301,장례지도사 직종 근무 사람,장례지도학
31116,3,5,4,4,3,5,4,4,4,4,4,3,4,4,3,2,3,3,3,2,4,3,3,3,2,3,1,0,4,4,4,3,5,3,4,2,3,3,4,4,5,3,3,3,3,2,4,3,4,2,3,2,1,0,1,0,1,0,1,0,4,4,3,3,1,0,1,0,1,0,1,0,4,3,1,0,1,0,1,0,1,0,1,0,1,0,1,0,4,5,2,3,3,4,4,4,4,4,2,4,2,17,3,2,1,2,0,7,2,4,4,4,4,4,4,3,4,4,3,4,2,4,4,5,4,4,4,2,4,2,5,3,4,4,2,1,5,4,4,5,4,2,2,2,2,2,2,2,2,2,2,1,4,2,2,3,2,6,7,6,3,6,5,3,8,7,2,26,4,1,1,1,40,2300,2300,0,231501,복지사 활동 영역 전문화 단체,사회교육학
31117,3,3,2,3,3,3,3,3,1,0,1,0,3,3,4,4,3,3,3,2,2,2,1,0,3,3,3,3,2,3,3,3,1,0,1,0,1,0,4,4,2,2,3,3,3,4,1,0,2,2,1,0,1,0,1,0,3,3,2,2,1,0,2,3,2,2,3,1,1,0,1,0,1,0,4,3,3,3,3,3,3,4,2,3,4,4,3,3,3,2,3,4,3,3,3,3,2,2,3,2,3,1,4,1,1,2,0,4,2,2,2,3,3,3,4,4,3,3,4,3,3,2,2,4,3,3,2,3,3,3,3,3,3,4,4,3,2,2,2,1,3,4,2,2,2,2,2,2,2,2,2,2,2,3,3,3,2,7,6,5,4,3,4,5,5,5,1,62,2,2,6,1,40,0,0,4000,901401,원예기능사 육체 활동 분야 일자리 감소 생각,이과
31118,4,5,3,4,3,4,3,4,2,3,2,3,1,0,2,3,2,2,1,0,1,0,1,0,2,3,1,0,2,3,1,0,2,3,2,3,1,0,3,5,2,2,3,4,2,2,1,0,1,0,2,3,2,2,1,0,2,3,1,0,1,0,2,2,2,2,2,2,2,3,2,2,1,0,3,3,1,0,1,0,2,2,1,0,4,4,2,3,4,3,3,4,3,5,4,2,2,3,2,2,2,17,1,2,1,2,0,1,5,5,4,4,4,4,4,5,4,4,5,4,4,4,4,4,4,4,3,4,4,3,4,4,3,4,5,4,4,4,4,3,5,1,2,2,2,2,2,2,2,2,2,1,3,3,3,3,2,1,2,3,4,3,4,2,1,7,1,30,4,1,1,1,40,4000,4000,0,301110,마취과전문의 대체 불가능,의
31119,1,0,3,4,1,0,3,4,2,2,2,2,2,2,1,0,2,3,2,2,1,0,2,3,3,4,2,3,3,4,3,3,2,2,1,0,1,0,3,4,2,3,3,3,3,4,1,0,2,2,1,0,2,3,1,0,3,4,2,2,1,0,2,3,2,2,2,3,2,3,2,3,2,2,3,4,3,3,1,0,3,4,3,3,2,3,2,1,3,4,5,2,3,2,2,4,2,3,3,1,4,19,1,1,2,2,0,4,2,2,3,3,4,4,2,3,2,3,4,3,2,3,2,3,4,3,2,2,3,4,5,3,3,2,3,2,4,4,4,2,3,4,2,2,2,2,2,2,2,2,2,2,3,3,3,3,2,6,7,5,4,4,5,3,2,5,1,46,3,1,1,1,52,2300,2300,0,561101,디테 사람,국제관광
31120,4,5,4,5,4,4,4,4,3,4,4,5,4,4,3,3,4,6,4,4,4,5,4,4,4,5,4,4,3,4,4,5,3,4,2,4,4,4,3,4,4,5,4,4,4,4,3,3,4,4,3,4,5,7,1,0,1,0,1,0,2,4,3,3,1,0,1,0,1,0,1,0,3,4,2,4,2,2,3,3,2,4,2,4,3,4,3,4,3,4,4,4,3,4,4,4,3,4,4,4,3,15,2,5,2,2,0,7,5,3,4,3,4,4,3,4,4,4,3,4,2,3,3,3,2,2,3,2,4,3,4,4,3,4,4,3,4,5,4,3,5,4,2,2,2,2,2,2,2,2,2,1,3,3,3,3,2,6,5,5,3,5,5,3,5,6,2,29,4,1,3,2,50,3400,2800,0,122201,상태 유지,생명과학
31121,1,0,1,0,1,0,1,0,1,0,1,0,1,0,2,2,1,0,3,3,1,0,1,0,3,3,1,0,1,0,1,0,1,0,1,0,1,0,1,0,1,0,1,0,1,0,1,0,3,3,1,0,1,0,3,4,3,4,3,4,1,0,3,4,3,3,4,5,3,3,3,3,1,0,4,5,4,5,1,0,4,5,3,3,3,4,1,0,3,2,4,3,3,4,2,3,2,3,3,2,3,3,1,2,2,2,0,7,2,2,2,2,4,3,3,3,9,9,9,3,3,3,3,3,3,3,3,2,4,4,4,4,4,3,3,4,4,5,3,2,5,3,2,2,1,2,2,2,2,2,2,2,2,3,3,3,2,7,6,6,5,3,4,6,6,5,1,52,2,1,1,1,50,3800,2400,0,826401,최신 절단 기계 장비 변화 기계 발달,문과
31122,4,5,4,5,4,5,3,5,3,4,3,4,4,4,2,4,4,3,2,5,3,5,4,5,3,3,4,6,4,5,2,3,4,5,3,3,3,5,3,3,4,4,2,3,2,4,2,3,3,3,1,0,4,4,4,5,4,5,3,4,4,3,3,4,3,4,2,5,3,3,4,3,2,2,4,3,3,5,3,4,1,0,2,4,3,3,3,5,5,2,5,3,2,4,4,2,4,4,3,4,4,6,1,2,1,2,0,2,5,3,2,2,4,4,3,3,3,4,4,4,2,4,4,3,3,4,3,4,5,3,2,4,3,4,3,2,3,4,3,2,4,4,2,2,2,2,2,2,2,2,2,1,2,3,3,3,2,6,7,6,6,5,5,6,5,5,1,40,4,1,1,1,40,3600,2400,0,158201,소방설비산업기사 건설 경기 침체 예상,소방공학
31123,3,4,3,4,2,3,3,4,5,7,4,6,3,4,4,5,4,6,4,5,3,4,4,5,4,6,4,5,3,4,3,5,3,4,4,6,2,3,4,6,4,6,3,5,3,5,3,4,4,6,3,5,4,6,4,6,3,5,3,5,4,6,4,6,4,5,4,5,4,5,4,5,4,6,4,6,4,5,4,5,4,5,2,3,3,5,3,5,4,3,4,3,4,4,4,3,5,4,4,4,4,13,1,4,1,2,0,2,5,4,5,5,4,5,4,5,4,5,5,5,2,4,4,4,3,4,4,4,3,4,4,4,4,5,5,4,5,4,4,5,4,4,2,2,2,2,2,2,2,2,2,3,4,1,1,3,1,2,8,2,2,2,7,8,2,8,1,42,4,1,1,1,40,5000,4000,0,131202,정보통신산업기사 전파통신산업기사 통신 시장 확장,정보통신학
31124,4,5,4,5,3,5,4,5,4,6,4,7,5,6,4,6,4,5,3,4,4,6,4,7,5,7,1,0,2,5,4,6,1,0,1,0,4,6,4,5,5,7,4,6,3,4,1,0,4,6,1,0,4,7,1,0,3,5,4,5,1,0,5,6,4,6,4,6,5,6,4,7,4,6,4,5,5,7,4,6,4,6,5,6,5,6,4,6,3,2,1,2,2,1,2,3,4,3,2,4,2,3,1,2,2,2,0,1,2,4,3,3,4,3,3,3,3,3,4,3,2,3,4,4,5,3,4,3,4,3,2,4,4,5,5,5,4,5,4,3,5,3,2,2,2,2,2,2,2,2,2,2,2,3,3,3,2,7,6,4,7,9,8,7,5,3,1,36,2,1,1,1,40,2800,2300,0,861301,해외 진출 생산 공장 일자리,기계
31125,4,5,4,6,4,5,4,5,4,5,4,5,2,4,4,5,4,4,4,5,3,5,4,5,4,5,4,4,3,4,4,5,4,4,4,4,3,5,4,5,4,5,4,4,4,5,4,5,3,4,4,4,3,5,2,4,2,4,2,4,3,5,2,4,4,4,2,3,2,3,2,3,3,3,3,2,2,3,2,3,1,0,1,0,1,0,1,0,4,4,4,4,3,4,4,4,3,4,4,4,4,13,1,5,1,2,0,4,5,4,4,4,4,4,3,4,4,4,4,4,2,3,3,4,3,4,4,3,3,3,4,4,4,4,4,4,4,3,3,3,4,5,2,2,2,2,2,2,2,2,2,2,3,3,3,3,2,2,2,5,2,5,5,3,3,7,2,25,4,1,1,1,56,5000,4000,0,23401,감정평가사 자격증 변화,토목환경공학
31126,2,5,3,5,3,5,3,5,2,5,3,5,4,6,3,5,4,5,2,5,4,6,3,5,4,5,4,6,3,5,3,6,4,5,4,5,4,5,4,6,5,6,4,6,4,6,3,4,2,2,4,5,5,6,5,6,4,5,3,3,3,4,4,5,3,3,2,2,2,2,2,3,4,5,4,5,3,4,2,3,2,3,2,5,2,3,3,5,4,4,4,3,4,2,2,4,3,4,4,4,4,3,1,6,2,1,2,5,5,4,2,2,2,5,3,3,3,3,3,3,2,2,2,4,2,2,2,2,2,4,4,4,2,3,2,2,2,4,2,1,2,4,1,2,2,2,1,2,2,1,2,1,2,2,1,3,1,8,7,5,7,2,3,3,3,3,1,50,4,1,1,1,48,9000,3500,0,154102,연구개발 분석스킬 검사 수동 자동화 인적 투입 감소 소재 등장,신소재공학
31127,4,5,4,5,5,7,2,2,2,2,4,5,3,4,4,6,4,5,2,2,4,5,3,4,4,5,4,5,4,5,3,4,3,4,2,3,2,3,1,0,4,5,5,6,4,5,2,2,2,1,4,5,3,3,1,0,3,3,1,0,4,4,1,0,1,0,1,0,1,0,1,0,3,3,1,0,1,0,1,0,1,0,1,0,2,2,2,3,3,3,5,1,4,4,3,5,2,5,5,4,4,10,1,4,2,2,0,7,5,3,3,3,2,4,2,3,3,3,3,3,4,3,2,4,4,3,3,3,4,2,3,1,4,3,4,3,4,4,4,3,4,3,2,2,2,2,2,2,2,2,2,1,3,1,1,3,1,8,7,3,2,2,3,4,5,5,2,46,4,1,1,1,40,3762,3010,0,412001,향후 일자리 유지 예상,신문방송학
31128,3,5,3,4,3,4,2,4,2,4,3,4,3,4,2,4,2,3,3,5,2,2,3,5,3,5,4,5,3,3,2,4,2,4,3,5,3,4,2,3,3,4,2,3,4,5,3,4,2,3,2,3,3,5,2,3,2,2,4,6,3,5,2,3,3,4,3,2,3,4,3,3,2,3,2,2,3,2,3,3,1,0,1,0,3,4,2,2,4,4,4,3,4,3,2,4,3,4,4,3,4,10,1,2,2,2,0,4,5,4,4,3,3,4,3,3,3,2,2,3,4,3,3,2,3,3,3,2,2,3,3,4,3,3,4,3,4,4,3,3,4,3,2,1,2,1,2,2,1,2,2,2,2,3,2,3,1,6,6,5,6,7,6,7,6,5,2,39,4,1,1,1,40,5000,3000,0,415501,자동화 설비 도입 기술 도입 변화,전자공학
31129,3,4,3,3,3,3,3,3,1,0,3,2,1,0,3,3,2,1,1,0,1,0,4,5,3,2,3,4,3,3,4,4,3,3,3,3,3,4,3,2,4,5,3,3,3,3,3,3,3,3,4,5,1,0,1,0,1,0,1,0,3,2,1,0,1,0,1,0,1,0,1,0,3,4,1,0,1,0,1,0,1,0,1,0,3,4,3,3,4,4,3,4,4,4,3,1,4,3,4,4,4,16,5,2,1,1,1,6,5,4,3,4,4,3,4,4,4,4,4,4,2,5,5,2,3,5,4,3,3,3,3,4,4,4,3,5,3,5,4,1,2,3,2,2,2,2,2,2,2,2,2,1,1,1,3,3,1,4,4,6,6,5,4,4,4,6,2,55,4,1,1,1,40,6900,6400,0,13203,중등학교 1급 정교사 교육 직무훈련 출산율 저하 학생 학교 감소,국어교육
31130,2,3,3,3,2,2,4,4,3,2,3,2,4,3,2,2,4,4,3,3,3,2,3,2,4,4,1,0,3,2,3,2,3,3,3,3,4,4,3,2,3,2,3,2,4,3,3,2,3,3,1,0,1,0,1,0,1,0,1,0,1,0,1,0,1,0,1,0,1,0,1,0,1,0,4,5,1,0,1,0,1,0,1,0,4,4,3,2,4,4,4,3,3,4,3,2,2,3,3,3,3,3,4,1,2,1,3,3,2,3,3,3,3,3,3,3,9,9,9,3,3,3,3,4,4,3,4,3,3,3,3,5,3,4,3,3,4,4,3,4,3,2,2,2,2,2,2,2,2,2,2,1,3,3,3,3,2,5,5,5,5,5,5,4,5,5,2,40,4,2,6,1,40,0,0,3000,863101,한복 제작 과정 상황 동일,의상
31131,4,4,4,4,4,4,3,4,4,4,3,5,1,0,3,4,3,4,2,3,3,4,3,3,2,3,1,0,3,3,3,4,1,0,4,3,2,3,5,5,3,4,2,4,2,3,1,0,1,0,1,0,1,0,1,0,1,0,1,0,3,5,1,0,1,0,2,3,2,3,1,0,1,0,1,0,1,0,1,0,1,0,1,0,3,5,2,3,3,3,3,3,4,4,3,2,3,3,3,4,3,11,1,2,1,1,6,6,2,5,4,4,5,4,4,4,3,3,4,4,3,5,5,5,5,1,5,2,2,2,2,5,4,4,5,3,4,5,3,3,5,3,1,1,1,1,1,1,2,2,2,4,1,2,2,3,2,8,6,7,4,7,6,5,3,4,2,29,4,1,1,1,45,3400,2800,0,32401,펀드 자격증 보험 자격증 고객응대 서비스 교육 장비 도입 모바일 뱅킹 고객 증가,경제학
31132,2,2,3,4,1,0,3,4,2,2,4,6,2,3,4,5,5,7,4,5,4,5,3,4,3,4,2,2,1,0,5,6,3,3,1,0,2,3,3,3,4,5,5,7,3,4,1,0,2,2,1,0,2,3,1,0,2,2,1,0,1,0,2,2,5,6,2,2,5,7,5,7,1,0,5,7,5,6,5,6,3,4,4,5,5,6,4,5,5,5,5,4,4,2,3,4,3,4,4,5,4,15,2,5,1,1,4,4,5,4,5,4,4,4,5,4,4,3,3,4,3,4,4,4,3,3,4,3,4,3,3,4,4,4,5,5,3,5,3,3,5,4,2,2,2,2,2,2,2,2,2,2,4,3,3,3,2,4,3,4,2,3,4,6,8,8,1,40,4,1,1,1,48,4700,3000,0,621102,계기비행 자격증 관제영어 비행 훈련 헬기 수요 소득 증가 계속,제어계측학
31133,3,5,3,4,3,4,3,4,4,5,3,4,3,4,4,4,4,4,3,4,3,5,4,4,3,4,3,4,4,4,3,5,3,5,3,5,4,5,3,4,4,4,2,4,3,4,3,4,3,4,3,4,3,4,4,5,3,4,4,5,3,4,4,4,3,4,2,3,3,5,3,4,3,4,2,3,3,4,4,4,3,4,2,4,3,4,3,3,3,3,2,3,4,3,3,4,4,3,4,3,3,19,1,2,2,1,2,5,5,4,3,4,4,3,3,4,5,4,4,4,4,4,4,3,3,4,4,4,3,3,3,4,4,3,3,4,4,4,4,3,3,3,2,2,2,2,2,2,2,2,2,2,2,3,3,3,2,7,5,4,5,5,4,6,5,5,2,32,3,1,1,1,46,2400,2000,0,512102,웨딩플랜계획 출산 저하 결혼 인구,행정학
31134,2,2,4,5,2,2,4,5,3,3,1,0,1,0,3,3,3,4,2,1,1,0,3,4,2,2,3,3,4,5,4,5,2,2,2,3,4,5,3,4,4,5,4,5,3,3,2,2,3,4,3,3,2,1,1,0,1,0,1,0,1,0,3,4,3,3,1,0,3,3,2,2,2,3,1,0,2,2,3,3,3,4,2,2,2,3,2,2,3,2,2,2,2,3,4,4,3,2,3,2,3,18,1,6,2,2,0,3,2,3,3,2,4,5,3,3,2,9,4,3,3,2,4,2,2,3,2,4,3,4,3,5,3,4,2,2,5,3,2,4,5,4,2,2,2,2,2,2,2,2,2,3,2,2,2,3,1,6,7,5,4,5,5,5,3,5,2,36,3,1,1,1,52,2700,2000,0,616201,조리 대체 가능,실용음악
31135,4,5,4,5,4,5,4,5,4,5,4,5,3,4,3,4,3,4,4,4,3,4,3,4,4,5,3,4,4,5,4,5,4,5,4,5,4,5,4,5,4,5,4,5,4,5,4,5,3,4,4,5,4,5,3,4,3,4,2,3,3,4,3,4,2,2,2,3,3,3,3,4,3,4,2,3,3,4,3,4,3,4,3,4,3,4,3,4,3,3,3,3,3,3,4,4,3,3,3,3,3,13,1,5,1,1,4,4,5,3,3,3,4,4,3,4,4,4,4,4,2,4,3,3,3,3,3,3,3,3,4,3,3,3,3,3,3,3,3,3,3,5,2,2,2,2,2,2,2,2,2,2,2,3,3,3,2,7,7,7,7,7,7,7,7,7,1,40,4,1,1,1,42,2000,1800,0,23401,감정평가사 수습,경제학
31136,4,5,4,5,4,4,4,5,4,4,4,5,4,5,4,5,4,4,4,5,3,5,4,5,4,5,4,4,4,4,4,5,4,5,4,5,4,4,4,5,4,4,4,4,4,5,4,5,4,5,4,4,4,5,4,4,4,5,4,5,4,5,4,5,4,4,4,5,4,5,4,5,4,5,3,5,3,5,4,5,4,5,4,5,4,5,3,4,4,3,4,4,4,4,3,4,4,3,4,4,4,13,2,2,2,2,0,2,5,4,3,3,4,4,3,5,4,5,5,5,2,3,3,4,3,4,4,3,4,4,4,4,4,3,4,4,4,4,3,4,4,3,2,2,2,2,2,2,2,2,2,2,2,3,3,3,2,8,7,7,8,7,8,8,7,7,1,40,5,1,1,1,43,6700,3500,0,153204,시스템 개발,전기공학
31137,4,6,4,6,4,6,4,6,4,6,4,6,4,6,4,6,4,5,4,6,4,5,4,6,4,6,4,6,4,6,4,6,4,6,4,6,4,5,4,5,4,5,4,6,4,5,4,5,4,5,4,5,4,6,3,5,3,5,3,5,3,4,3,4,3,3,3,3,3,3,3,4,3,4,3,5,3,5,4,5,3,4,3,5,3,5,3,4,4,4,3,4,4,3,4,3,3,4,3,4,3,17,1,2,1,2,0,6,5,4,3,3,4,3,3,4,4,4,4,4,2,3,3,4,3,4,3,3,3,3,3,4,3,3,3,4,3,3,3,3,3,3,2,2,2,2,2,2,2,2,2,2,2,2,2,3,1,8,7,6,7,7,7,7,6,6,1,42,4,1,1,1,45,9500,7000,0,301110,의사자격증 전문의자격증 자동화 일자리 감소,마취통증학
31138,5,7,4,6,4,7,4,5,2,3,4,6,1,0,3,4,3,4,4,4,3,4,4,5,1,0,1,0,3,4,1,0,1,0,1,0,1,0,1,0,1,0,2,3,1,0,1,0,1,0,1,0,1,0,1,0,1,0,1,0,3,4,1,0,1,0,1,0,1,0,1,0,1,0,1,0,1,0,1,0,1,0,1,0,1,0,1,0,4,2,3,4,4,4,4,2,4,4,3,4,4,13,3,2,2,2,0,7,6,4,4,4,4,4,4,4,4,4,4,4,2,4,4,4,3,4,3,3,4,3,4,4,4,4,3,3,3,4,4,4,4,3,2,2,2,2,2,2,2,2,2,1,3,3,3,3,2,4,7,3,7,4,2,3,3,4,1,55,6,1,1,1,40,5000,3500,0,110203,체적 사람 분석 필요,사회학
31139,4,6,4,5,4,4,4,5,4,5,4,5,5,5,4,5,4,5,4,5,4,6,3,5,4,5,4,5,4,4,4,5,3,5,3,5,4,5,4,4,3,4,4,6,4,6,4,5,3,5,4,4,3,5,1,0,3,5,1,0,3,5,1,0,1,0,1,0,1,0,1,0,1,0,1,0,1,0,3,5,1,0,5,5,3,5,1,0,4,4,2,4,4,3,3,3,3,4,4,3,3,10,1,2,2,2,0,4,4,4,4,4,4,4,4,4,4,4,5,4,3,3,3,4,4,4,3,4,3,4,4,4,4,3,4,4,4,4,4,3,4,4,2,2,2,2,2,2,2,2,2,1,3,2,2,2,2,6,4,5,4,4,6,7,5,4,1,40,4,1,1,1,40,3500,2600,0,416101,상황 유지,신문방송
31140,4,5,4,5,4,2,3,4,2,4,3,3,3,4,4,5,5,7,3,5,1,0,3,5,5,6,3,4,4,5,1,0,1,0,1,0,2,3,3,3,4,5,1,0,1,0,1,0,2,1,1,0,3,5,3,3,4,4,4,6,3,3,2,1,3,5,4,5,5,7,4,5,1,0,4,6,5,7,4,6,3,5,4,6,5,6,4,5,4,4,3,3,4,3,4,4,2,4,4,4,3,19,1,2,1,1,4,5,3,4,3,3,3,3,2,2,3,4,4,3,3,3,3,4,5,5,4,3,4,4,3,5,4,4,3,3,4,5,4,3,4,3,2,2,2,2,2,2,2,2,2,1,2,2,2,2,1,6,3,5,2,8,8,3,5,2,1,35,4,1,1,1,40,4000,2100,0,812101,항공정비사 실무 경력 정비 시스템 일부 자동화 기능 도입,항공정비
31141,3,4,2,4,3,3,2,3,3,4,3,5,3,4,2,4,2,4,2,3,2,4,2,5,2,4,1,0,1,0,2,3,2,4,2,3,1,0,1,0,4,5,2,3,2,4,1,0,1,0,1,0,4,5,4,5,3,5,3,3,2,4,4,5,3,4,2,4,4,5,4,6,1,0,3,4,3,3,2,2,3,3,3,4,2,3,2,2,5,5,1,4,4,2,3,2,3,4,3,4,1,15,2,4,2,2,0,3,6,3,4,4,3,5,4,4,3,5,4,5,2,5,4,4,3,5,4,2,4,3,4,3,4,4,5,3,2,4,4,3,4,5,2,2,2,2,2,2,2,2,2,2,4,3,3,3,2,5,4,7,3,5,5,4,8,6,1,48,5,1,1,1,40,5000,4500,0,122105,자연 환경 오염 대한 관심,임학
31142,2,4,4,4,3,5,4,3,4,5,3,6,4,4,3,5,3,5,3,5,4,5,3,5,3,4,4,5,3,4,4,5,3,5,4,5,4,5,3,5,4,5,4,4,4,5,3,4,4,5,4,4,4,5,3,5,4,4,4,6,4,5,4,4,4,5,4,5,3,4,4,5,4,4,4,5,4,5,4,5,5,5,3,5,4,4,4,5,4,3,3,4,2,3,3,3,4,3,2,4,3,4,1,1,1,2,0,3,2,4,3,3,3,2,3,4,5,4,3,4,4,3,3,4,3,3,2,4,3,3,4,3,4,3,2,4,4,3,4,4,4,3,2,2,2,2,2,2,2,2,2,1,3,3,3,3,2,7,5,3,4,5,5,7,5,6,1,50,2,1,1,1,40,4500,3000,0,831201,전기기사 기계 대체 불가,전기
31143,3,2,2,2,1,0,2,3,2,3,3,3,3,4,3,4,3,4,3,4,2,2,4,4,3,4,3,3,3,4,2,2,3,3,2,3,3,3,3,4,3,4,3,4,3,4,2,3,3,3,4,4,4,4,4,5,4,5,4,5,2,2,3,3,4,4,4,4,4,5,5,5,3,3,3,4,4,5,3,3,5,6,4,5,3,3,2,3,4,3,4,3,4,1,3,2,3,3,4,3,4,6,1,2,2,2,0,3,1,4,3,3,4,3,2,3,2,3,4,3,2,4,5,4,3,4,5,4,4,2,4,3,4,4,3,3,4,5,4,4,4,4,2,2,2,2,2,2,2,2,2,1,2,2,2,2,2,7,6,5,6,7,6,6,6,5,1,59,2,1,1,1,52,4600,2400,0,701501,전반 건설 경기 영향 수요 감소,상고
31144,2,2,3,3,2,2,2,3,3,3,3,3,1,0,2,2,2,2,2,2,2,2,2,2,3,3,3,3,1,0,2,2,2,2,2,2,2,2,3,3,3,3,3,3,3,3,2,2,2,2,2,2,2,6,3,3,2,2,2,2,2,2,3,3,3,3,1,0,1,0,2,2,2,2,3,2,1,0,3,2,1,0,1,0,2,2,1,0,4,3,3,3,4,3,3,3,2,3,3,3,3,13,1,2,1,1,3,3,5,3,4,4,3,4,4,4,3,3,3,3,3,4,4,3,4,4,3,3,3,3,3,4,3,3,3,4,4,4,3,3,3,3,1,2,1,1,2,2,2,2,2,2,4,1,1,1,1,5,6,6,7,5,6,6,6,5,1,49,4,1,1,1,48,5000,2800,0,154105,화공기사 실무 기술 신약 개발 의약품 필요,화학공학
31145,4,5,3,4,3,5,3,4,4,5,3,4,1,0,3,3,3,3,1,0,1,0,1,0,2,2,3,4,2,3,1,0,1,0,2,3,1,0,2,4,3,3,4,5,2,4,4,7,5,4,2,3,1,0,1,0,1,0,1,0,5,5,1,0,1,0,1,0,1,0,1,0,1,0,1,0,1,0,1,0,1,0,1,0,3,4,3,2,4,3,2,3,4,4,3,2,2,4,3,2,2,3,1,2,1,2,0,2,2,3,3,3,4,3,3,3,4,4,5,4,2,3,3,3,4,4,4,2,4,3,4,5,3,3,3,2,4,4,4,4,5,4,2,2,2,2,2,2,2,2,2,2,2,3,3,3,2,7,7,4,3,3,3,3,3,3,1,43,4,1,1,1,40,6500,2500,0,26301,컴퓨터활용능력1급 사무 업무 대신 프로그램 개발,경제학
31146,4,4,4,5,4,4,4,5,4,5,4,5,2,2,4,5,4,4,4,4,4,4,4,4,3,3,1,0,1,0,3,3,2,2,2,2,2,2,3,3,4,4,3,3,4,4,1,0,2,2,1,0,4,4,1,0,4,4,4,5,1,0,4,5,5,5,4,5,5,5,4,5,3,3,4,4,4,4,3,3,4,5,4,5,4,5,4,4,3,3,2,3,2,2,2,3,3,3,2,4,4,4,1,2,1,1,6,4,2,3,3,3,3,3,2,3,3,3,3,3,2,3,3,5,4,2,2,4,2,4,3,3,2,4,4,4,5,5,5,3,4,4,2,2,2,2,2,2,2,2,2,2,3,3,3,3,2,7,6,8,3,4,6,4,3,5,1,30,3,1,1,1,40,3000,2700,0,831201,전기공사산업기사 새로운 기술들 건축 아파트 건설,전기
31147,3,5,3,6,3,6,2,6,4,6,4,6,2,4,2,4,2,5,3,5,3,5,4,6,4,6,3,5,3,5,1,0,1,0,2,6,2,4,1,0,2,4,3,5,4,6,1,0,2,3,1,0,3,6,3,5,3,5,4,6,5,6,3,6,3,6,2,4,4,6,2,5,4,4,1,0,1,0,1,0,1,0,1,0,3,4,2,4,4,4,4,4,5,5,5,4,4,5,5,5,5,10,1,3,1,2,0,5,4,4,4,4,4,5,4,4,5,5,4,4,3,4,4,4,4,3,3,2,3,5,5,4,3,4,4,4,4,4,4,5,5,4,2,1,1,2,1,2,2,2,2,2,4,3,3,3,1,3,3,3,4,4,5,6,5,6,1,51,4,1,1,1,45,8000,3700,0,13701,정보통신기사 스마트홈 구축 산업혁명 발달 스마트홈 시스템 사용 증가,정보통신공학
31148,2,2,2,2,1,0,1,0,1,0,2,2,1,0,2,2,1,0,1,0,1,0,1,0,2,2,1,0,3,4,1,0,2,2,1,0,1,0,3,3,4,5,4,5,1,0,1,0,1,0,1,0,5,6,3,3,1,0,1,0,1,0,3,3,3,4,4,6,4,5,4,6,2,2,1,0,4,5,2,2,1,0,1,0,2,2,2,2,4,4,3,4,4,4,4,3,3,2,2,3,3,8,1,2,1,1,2,5,2,3,4,4,4,4,4,4,3,4,4,3,2,4,4,3,4,4,3,2,3,4,4,3,3,4,4,3,3,3,3,4,4,3,2,2,2,2,2,2,2,2,2,4,2,2,2,2,2,4,4,5,6,5,5,7,6,7,1,54,2,1,1,1,40,5400,4500,0,621203,해기사 안전교육 직무교육 선박 운행 감소,기계
31149,4,6,4,6,4,5,4,6,5,6,4,6,4,5,5,6,5,6,4,6,5,6,4,6,4,6,5,6,5,6,4,6,5,6,5,6,4,5,4,6,4,6,4,6,5,6,5,3,4,5,4,6,5,6,4,6,4,6,4,6,4,6,4,6,4,6,4,5,5,6,4,6,4,6,4,3,4,5,4,6,5,3,4,6,4,6,4,6,4,5,4,4,4,5,4,4,4,4,4,5,4,16,5,3,1,1,2,2,5,4,4,3,4,4,4,4,3,3,3,4,4,4,4,4,4,3,4,4,4,3,4,4,4,4,4,4,3,4,4,4,4,5,2,2,2,2,2,2,2,2,2,1,2,2,3,3,1,7,6,6,6,7,6,6,6,5,1,30,4,1,1,1,40,4300,3000,0,212101,정교사 자격증 직무교육 학생 수가,수학교육
31150,2,3,2,4,2,4,3,5,4,4,4,4,2,3,3,3,3,2,4,5,3,4,4,4,3,4,2,4,3,4,4,4,3,3,3,4,3,5,3,2,2,4,4,5,3,5,3,5,4,4,3,3,4,3,3,3,3,4,2,4,2,3,3,3,3,2,4,5,3,3,2,4,2,4,3,2,2,4,4,5,3,4,3,5,2,3,2,2,2,2,3,2,2,2,3,3,3,4,3,2,2,19,1,2,2,2,0,1,4,2,2,3,4,4,4,3,3,3,3,3,3,3,3,3,3,3,3,3,3,3,3,3,3,4,4,3,4,3,3,4,3,4,1,1,2,1,2,2,2,2,1,3,1,1,1,2,1,5,4,3,3,4,6,3,4,6,1,36,3,1,1,1,40,2900,2200,0,24203,컴퓨터 시스템 개발 조사 경기 침체,인문사회학
31151,4,5,4,5,4,5,5,6,4,5,4,6,3,5,3,5,4,4,4,5,5,5,4,6,4,6,4,6,4,5,4,5,4,7,5,6,4,5,4,5,5,6,5,6,4,3,4,6,2,5,4,6,3,4,1,0,2,4,2,2,3,6,1,0,2,2,1,0,1,0,2,2,4,6,1,0,1,0,2,2,1,0,1,0,3,4,3,5,4,3,3,4,3,4,3,4,3,4,4,3,3,11,1,6,1,1,2,4,2,4,3,3,4,4,3,4,4,3,3,4,3,4,3,3,3,2,2,4,3,4,3,4,3,3,3,3,2,4,3,3,4,3,2,1,2,2,2,2,2,2,2,4,1,3,3,3,2,4,4,3,6,4,3,2,5,7,1,41,4,1,1,1,52,9000,6000,0,12402,손해사정사 변액보험판매관리사 사내 보험연수교육 빅데이터 관련 중요도 상승 관련 직원 고용 확대 사내 연수 통해 전문가 육성 비대 업무 증가 대리점 지점 축소,법학
31152,4,5,4,5,2,2,4,4,5,6,4,4,1,0,3,5,4,5,4,4,1,0,3,4,3,3,3,4,5,6,3,3,3,5,4,5,2,2,2,3,4,6,3,5,3,4,3,4,3,4,4,5,5,6,4,6,4,5,4,5,3,4,2,3,3,4,4,5,4,5,3,5,3,5,3,4,4,5,4,5,2,3,2,3,3,3,2,3,4,5,2,3,5,2,4,2,4,3,5,4,4,6,1,4,1,2,0,1,4,4,3,4,4,4,3,4,3,2,4,4,2,4,3,4,3,4,3,2,3,4,2,5,4,4,3,4,4,5,4,4,4,4,2,2,2,2,2,2,2,2,2,2,2,2,2,3,1,7,6,5,4,5,4,6,6,5,1,46,4,1,1,1,40,5000,3800,0,140601,건설기계산업기사 산림토목기술사 전세계 성장 분위기,건축학
31153,2,3,2,3,2,3,2,3,2,4,3,4,5,6,3,4,2,3,4,5,4,5,3,4,4,5,2,3,2,3,2,2,2,3,2,4,4,5,2,4,2,4,2,3,3,4,2,4,3,5,3,5,2,4,2,5,4,6,2,5,2,2,3,5,3,4,2,2,2,3,2,3,3,4,5,4,3,4,4,5,5,3,2,4,5,5,3,4,5,4,5,4,4,2,4,3,3,3,4,2,4,18,1,1,2,2,0,6,5,2,3,3,5,5,5,3,2,3,3,4,3,4,4,3,3,2,3,3,4,3,3,3,5,3,4,4,5,3,2,2,2,2,2,2,2,2,2,2,2,2,2,1,3,3,3,3,2,8,8,3,5,7,8,8,9,1,2,29,4,1,1,1,40,2800,1900,0,414101,미술 산업 계속 사람,회화
31154,3,4,3,3,1,0,1,0,1,0,1,0,3,3,1,0,1,0,1,0,1,0,1,0,5,5,3,3,1,0,1,0,1,0,1,0,1,0,1,0,1,0,1,0,1,0,1,0,1,0,1,0,1,0,1,0,3,3,4,5,1,0,1,0,3,3,3,4,3,3,4,5,1,0,5,4,3,3,1,0,3,4,2,3,5,5,1,0,4,3,3,2,3,4,4,2,4,3,4,4,4,17,1,2,1,2,0,3,5,4,4,4,4,4,3,3,3,3,5,3,2,4,4,4,3,2,4,2,4,4,5,5,3,4,4,3,4,4,3,4,5,4,2,2,2,2,2,2,2,2,2,1,3,2,2,2,2,9,5,4,6,8,9,7,5,7,2,29,4,1,1,1,40,2700,2500,0,306301,치과기공사 자격증 변화,치기공
31155,5,5,5,5,4,4,5,5,4,4,3,4,2,3,3,3,3,4,3,3,2,3,5,5,4,5,3,3,3,5,4,5,4,5,4,5,3,4,4,5,3,4,5,5,5,5,5,6,3,4,2,3,2,2,2,3,1,0,1,0,2,2,1,0,1,0,1,0,1,0,1,0,2,2,1,0,1,0,1,0,2,3,2,3,4,4,4,5,5,5,5,4,4,4,4,5,4,4,4,4,5,11,1,4,1,2,0,3,2,4,3,3,4,4,4,4,4,4,4,4,3,3,3,4,3,2,3,1,2,4,4,5,3,4,3,2,3,3,3,3,4,4,2,2,2,2,2,2,2,2,2,2,2,2,2,2,1,5,6,6,5,5,5,4,6,5,2,32,3,1,1,1,50,2500,2000,0,33202,보험설계사 다이렉트 상품 증가,정보전자
31156,4,5,4,4,4,4,5,4,4,4,5,5,4,4,4,4,4,4,4,4,5,5,4,5,4,4,4,5,5,4,4,5,5,5,4,4,4,4,4,4,4,4,4,4,4,4,4,5,4,3,3,4,4,4,4,4,4,4,3,4,4,4,4,3,1,0,1,0,1,0,1,0,4,4,1,0,1,0,4,4,1,0,1,0,1,0,1,0,4,4,3,4,4,3,4,4,4,5,5,4,4,13,1,2,2,2,0,5,4,3,4,3,4,4,4,3,4,3,3,3,3,2,3,4,2,3,3,3,3,4,4,5,4,4,4,4,5,4,2,3,4,3,2,2,2,2,2,2,2,2,2,1,2,2,2,3,1,5,6,4,6,3,4,8,8,5,1,37,4,1,1,1,40,3000,2500,0,26102,코로나 불황,언론정보학
31157,3,4,3,4,1,0,3,4,2,2,2,2,2,2,3,4,3,4,2,2,3,4,2,2,3,4,3,4,2,2,2,2,3,4,3,4,2,2,3,4,3,4,4,5,4,5,3,4,3,4,2,2,3,4,1,0,1,0,3,4,3,4,1,0,3,4,3,4,3,4,3,4,1,0,4,5,3,4,3,4,3,4,3,4,3,4,3,4,5,4,4,3,3,2,4,3,3,3,2,3,3,19,4,1,2,2,0,2,1,4,3,2,4,4,3,3,9,9,3,3,2,3,3,5,5,4,2,1,4,2,4,4,4,4,4,4,5,5,4,3,4,3,2,1,1,2,2,2,1,2,2,2,1,2,2,2,2,3,8,4,7,4,7,3,7,4,1,62,1,1,4,2,48,2500,2000,0,882101,장비 도입 지금 이유 정제 수입품 때문,0
31158,3,3,2,2,1,0,1,0,1,0,2,2,2,2,2,1,1,0,1,0,2,3,3,3,2,1,3,3,1,0,2,3,1,0,2,2,2,3,1,0,2,2,2,3,2,2,1,0,2,2,1,0,2,2,2,4,3,3,1,0,2,2,1,0,2,1,2,2,3,3,3,3,3,2,3,3,1,0,1,0,1,0,1,0,3,3,1,0,4,3,3,4,4,4,4,3,4,4,3,4,4,3,1,2,2,2,0,4,5,4,3,3,4,3,3,4,4,3,3,4,3,4,4,4,3,3,2,3,4,4,3,4,4,3,4,4,5,4,4,3,4,4,2,2,2,2,2,2,2,2,2,1,3,3,3,3,1,9,8,9,8,2,3,8,3,4,1,43,4,1,1,1,40,4800,3200,0,153204,구직 일자리,전기전자
31159,4,4,4,5,3,3,3,3,2,2,4,5,2,2,2,2,3,3,2,2,3,3,4,4,3,3,2,2,3,3,2,2,2,2,2,2,2,2,4,5,5,6,4,5,4,5,1,0,4,4,1,0,4,5,1,0,4,5,4,5,4,5,4,5,1,0,5,6,5,6,5,7,3,3,5,6,4,5,2,2,1,0,1,0,5,6,5,6,3,4,4,3,3,2,3,5,3,3,3,4,3,19,1,2,2,2,0,4,3,3,3,3,2,3,3,3,3,2,4,3,2,4,4,4,3,4,4,3,4,2,3,3,3,3,3,4,4,5,5,3,3,4,2,2,2,2,2,2,2,2,2,1,3,3,3,3,2,9,8,7,4,4,5,2,2,2,1,31,4,1,1,1,40,2650,2400,0,841201,계속 고장 계속 발생,기계공학
31160,3,4,2,3,1,0,2,3,2,3,3,4,1,0,3,4,4,5,2,3,1,0,5,6,4,6,2,3,4,6,5,6,4,5,4,5,2,3,4,6,4,6,4,6,3,4,1,0,3,4,2,2,4,6,4,5,3,4,1,0,1,0,3,4,4,5,3,4,1,0,2,3,2,3,5,6,5,6,4,6,4,5,4,5,3,4,2,3,4,4,2,3,4,2,4,4,2,3,4,2,2,17,1,2,1,2,0,7,4,3,3,2,5,3,3,3,3,4,4,3,2,3,3,2,2,5,4,4,3,5,4,4,5,5,2,2,4,5,2,2,3,3,2,2,2,2,2,2,2,2,2,1,4,3,2,3,2,7,6,6,3,3,3,3,4,4,1,31,3,1,1,1,48,3800,2400,0,306502,작업치료사 병원 세분 수요,재활학과
31161,4,5,3,4,3,4,4,5,2,3,3,5,3,4,2,3,3,4,2,4,3,4,2,4,2,4,2,3,3,4,3,4,3,4,3,5,3,5,2,3,3,4,3,5,3,4,3,5,3,4,3,5,2,2,1,0,2,3,1,0,2,3,1,0,2,3,2,2,2,3,2,3,2,3,3,4,3,4,2,4,2,3,2,3,3,4,3,4,4,4,3,4,4,3,4,4,3,5,4,5,5,17,1,2,1,1,6,6,6,4,5,5,4,5,4,4,9,9,4,4,1,4,4,3,4,3,3,4,3,4,3,4,3,4,4,5,4,5,4,4,4,5,2,1,2,2,2,2,2,2,2,2,4,2,2,2,2,3,3,2,2,3,4,3,6,6,1,57,6,2,5,1,55,0,0,9000,301101,전문의자격증 의사자격증 여러 임상환자 병원운영에 관한 교육 전산 시스템 변화 업그레이드 질의 향상 의료 수요 갈수록 것이므모,의학
31162,3,5,5,5,3,5,5,5,1,0,2,5,4,5,3,5,5,6,3,5,2,4,5,5,5,5,4,4,3,4,4,4,2,4,2,4,4,5,3,6,2,5,3,3,3,6,2,5,2,6,2,5,1,0,2,5,2,4,2,5,1,0,1,0,1,0,1,0,1,0,1,0,1,0,1,0,3,5,2,5,4,4,2,5,3,5,3,5,4,5,4,3,4,4,4,4,3,4,4,3,4,16,5,2,2,1,6,5,4,4,3,3,4,4,3,3,9,9,4,4,2,4,3,4,3,1,2,1,3,3,5,5,4,3,2,1,5,4,3,3,4,4,2,2,2,2,2,2,2,2,2,2,3,2,2,2,1,8,5,6,3,4,5,3,3,5,2,32,3,1,1,1,47,3400,2200,0,214401,연극이나 배우로 경험을 쌓아야 한다 온라인 무료 강의 증가,연기학
31163,3,5,4,5,3,3,3,4,4,5,3,3,4,6,3,5,4,5,1,0,3,4,2,3,3,4,2,3,3,4,3,4,4,5,3,5,3,4,4,5,3,4,3,4,3,3,3,4,3,3,2,3,3,4,3,4,2,4,3,3,4,6,3,4,3,3,2,3,2,3,2,3,3,4,3,4,2,2,2,2,2,2,1,0,3,3,2,3,3,2,3,2,3,4,3,3,2,3,2,3,2,10,1,2,1,2,0,4,4,4,4,3,4,4,2,2,3,4,3,3,2,4,4,4,3,2,4,4,3,4,2,3,4,4,3,4,3,3,2,2,3,3,1,2,2,2,2,2,2,2,2,1,3,1,1,3,1,4,6,5,4,4,5,5,6,5,1,35,4,1,1,1,40,4000,2800,0,133301,리눅스마스터 정보통신산업기사 자바 사용 프로그램 대한 인터넷 웹사이트 수요 계속 필요 도도 변화,컴퓨터프로그래밍
31164,3,4,3,4,3,3,2,3,2,3,2,3,3,4,3,3,2,3,3,4,3,3,2,3,3,3,3,3,2,3,2,3,2,4,3,4,3,3,3,4,3,4,3,3,3,3,2,3,2,3,2,3,3,3,3,4,2,3,3,4,2,3,3,4,3,4,2,3,2,3,2,3,3,3,3,4,2,3,3,3,3,4,2,3,2,3,2,3,4,3,3,3,4,3,3,3,3,3,4,3,3,11,1,4,1,1,6,6,5,3,3,3,4,4,4,4,4,4,4,4,2,4,4,4,4,3,3,3,4,3,5,4,4,4,4,4,4,4,4,4,4,4,2,2,2,2,2,2,2,2,2,1,3,3,3,2,2,5,7,8,7,7,7,8,8,8,2,46,4,1,1,1,62,8000,5000,0,31201,투자자산운용사 금융투자분석사 CFA CFA 기술 발달 일자리 변동,경영학
31165,4,6,5,7,4,6,4,6,5,6,5,6,5,6,5,7,5,6,5,6,5,6,5,6,4,6,5,6,5,7,5,6,4,5,4,5,3,4,4,6,4,6,4,5,4,6,3,4,3,4,4,5,4,6,4,6,4,6,4,6,4,5,4,6,4,6,4,6,4,6,4,5,3,4,4,6,5,7,3,4,4,5,4,5,3,4,4,5,3,3,4,3,4,4,4,3,3,3,3,3,3,15,2,5,1,2,0,5,6,3,3,3,4,5,4,3,3,3,4,3,3,3,3,3,3,3,2,3,3,3,4,3,3,3,3,3,3,3,3,3,3,4,2,2,2,2,2,2,2,2,2,2,3,3,3,3,2,3,2,5,5,3,5,2,3,5,1,47,6,1,1,1,40,4300,3000,0,121105,박사학위 상태 유지,지구과학
31166,2,3,4,5,2,1,3,5,3,5,1,0,1,0,3,4,4,5,4,5,1,0,3,4,3,4,2,1,4,3,4,6,3,4,2,3,3,4,3,5,3,4,4,5,4,6,3,4,1,0,1,0,2,3,2,3,3,5,2,3,1,0,1,0,3,4,3,5,3,4,4,6,1,0,2,3,4,5,4,6,4,5,3,4,4,6,4,5,3,4,4,2,3,2,2,3,3,2,2,2,3,9,1,1,1,2,0,2,2,2,3,3,3,2,2,4,3,3,3,3,3,4,3,3,3,3,3,2,3,3,2,4,4,3,4,3,3,3,4,3,3,3,2,2,2,2,2,2,2,2,2,1,5,1,1,3,1,5,5,6,5,4,5,3,3,4,1,28,3,1,1,1,25,2800,2300,0,532401,원동기 운전면허 운전면허2종 배달 음식 문화 인기 상승 인력 감소 배달 음식점 계속 생기,사회체육학
31167,2,3,3,3,2,3,4,4,1,0,1,0,2,2,2,3,3,3,3,3,2,2,4,7,4,4,3,4,3,3,2,3,3,4,1,0,3,3,3,5,2,3,2,3,2,2,3,3,3,2,2,1,1,0,1,0,4,5,3,3,2,3,1,0,3,3,1,0,1,0,1,0,1,0,1,0,3,3,2,3,2,1,3,3,5,5,2,3,3,4,2,3,4,3,5,3,2,3,4,3,3,16,5,3,1,2,0,4,5,5,4,4,5,4,4,3,3,3,4,3,2,5,4,2,1,4,3,2,5,5,3,4,3,3,2,3,3,3,2,1,3,4,2,2,2,2,2,2,2,2,2,1,2,3,3,3,2,7,5,3,3,3,5,5,3,4,2,27,4,1,1,1,40,3000,2400,0,212301,특수학교 2급 특수 학급 감소,특수교육학
31168,2,2,2,1,1,0,1,0,3,3,3,3,2,2,4,4,3,2,3,4,2,1,3,3,3,4,3,3,2,2,3,3,2,1,2,3,3,2,4,3,3,3,2,3,3,4,2,3,3,2,1,0,3,3,2,3,3,3,2,3,2,4,3,3,3,5,3,3,3,5,2,4,3,2,3,4,2,3,3,4,4,4,3,3,3,3,2,1,3,2,2,3,3,2,3,3,3,2,2,2,3,6,1,2,2,1,1,4,3,2,3,3,4,4,4,3,4,4,3,4,2,3,3,4,3,3,4,3,2,4,4,2,4,4,3,3,4,2,4,3,3,4,2,2,2,2,2,2,2,2,2,2,2,2,2,3,1,8,7,7,4,4,5,3,4,7,1,26,2,1,3,2,40,3400,2800,0,701701,직무 교육 고용 작업 강도 일자리 감소,문과
31169,4,5,4,5,2,3,3,4,5,6,4,5,1,0,3,5,3,4,3,4,1,0,3,4,4,4,4,5,2,3,2,2,3,4,3,4,3,4,4,5,4,5,3,4,4,5,1,0,1,0,1,0,4,6,4,5,5,6,4,4,3,5,3,5,3,5,3,4,3,3,2,3,3,4,3,4,2,4,3,4,3,3,2,3,3,5,2,2,4,5,4,4,5,4,4,3,4,4,5,4,4,6,1,2,1,1,1,1,5,4,3,4,5,4,4,4,3,3,4,4,2,4,3,4,3,2,3,3,2,4,3,4,3,4,4,4,5,4,3,4,4,4,2,2,2,2,2,2,2,2,2,2,2,2,2,3,1,6,5,6,4,5,5,6,6,6,1,34,4,1,1,1,40,3500,3500,0,140601,측량기술사 지적기술사 측량및지형공간정보기술사 사내조직 파악 업무 처리 방식 파악 경기 위축,토목공학
31170,3,3,3,5,3,5,3,5,4,4,4,5,3,5,3,4,4,5,3,3,4,5,3,4,4,4,4,5,3,5,4,4,4,4,4,4,4,5,5,5,4,5,3,4,2,5,4,5,3,5,3,5,4,5,3,5,3,5,4,5,4,5,3,5,4,5,3,5,4,4,4,5,3,5,3,6,4,5,3,5,4,5,3,5,4,4,3,4,4,3,4,4,4,3,4,3,4,4,3,4,4,13,2,4,2,2,0,7,5,4,3,4,4,3,4,4,3,4,5,4,4,3,4,4,4,5,4,3,4,4,4,3,3,4,4,4,4,3,4,4,4,4,2,2,2,2,2,2,1,2,2,1,3,3,3,2,1,7,6,4,3,5,5,4,5,6,1,43,4,1,3,1,60,4800,2000,0,416701,코로나 감소 차이,전기
31171,4,5,3,4,3,4,3,4,3,5,3,4,1,0,3,5,3,4,1,0,4,3,3,4,3,2,4,5,4,3,3,3,3,4,3,2,3,4,4,5,4,2,4,5,3,4,1,0,1,0,3,5,1,0,1,0,1,0,1,0,3,4,3,4,1,0,1,0,1,0,1,0,1,0,1,0,1,0,1,0,1,0,1,0,4,4,3,1,3,4,2,3,4,3,4,4,3,4,3,4,3,15,2,4,2,1,1,7,5,5,4,4,5,5,5,2,3,3,3,3,2,4,4,2,2,2,2,4,4,4,2,4,1,3,4,4,3,4,3,3,5,4,2,2,2,2,2,2,2,2,2,1,3,3,1,1,2,5,5,5,5,5,5,5,3,4,1,38,4,1,1,1,45,3200,3000,0,25101,세법 개정될때마다 변경사항 훈련 필요 지금 별반,정치외교
31172,1,0,2,4,1,0,1,0,1,0,1,0,1,0,3,5,1,0,1,0,1,0,1,0,2,2,2,3,1,0,1,0,1,0,1,0,2,3,1,0,1,0,1,0,1,0,1,0,2,2,1,0,1,0,1,0,2,2,2,3,1,0,1,0,3,4,2,2,2,2,3,4,1,0,1,0,2,3,2,3,2,4,2,4,2,3,1,0,3,4,3,2,3,2,2,2,2,2,3,4,3,17,1,1,2,2,0,4,2,3,2,2,2,2,2,2,2,2,2,2,4,2,2,3,2,2,2,4,1,4,4,4,2,2,2,3,3,4,3,3,3,4,2,2,2,2,2,2,2,2,2,1,3,1,1,1,2,8,8,7,2,3,5,7,2,2,1,53,4,2,5,1,40,0,0,5200,561301,기계 때문,기계
31173,4,4,3,4,4,4,5,5,4,5,3,4,4,5,3,4,3,4,3,4,3,5,4,5,3,4,4,5,3,4,3,4,4,4,3,4,4,4,3,4,4,4,3,4,3,4,3,4,4,4,4,5,3,4,3,4,4,4,3,4,4,5,3,4,2,4,3,4,4,5,4,4,4,4,2,4,4,4,3,4,3,4,4,5,4,4,4,4,3,4,2,4,4,1,4,4,2,3,3,4,2,15,2,3,1,2,0,2,2,4,4,4,4,4,4,4,3,5,5,4,1,4,4,5,4,4,4,5,4,4,4,4,4,5,5,4,5,4,4,4,4,4,2,2,2,2,2,2,2,2,2,2,4,3,3,3,2,6,1,2,7,3,4,4,7,5,1,37,4,1,1,1,40,3000,2500,0,25201,국가 공무원 정년 고용 확보,경제학
31174,2,2,4,5,1,0,3,3,2,1,1,0,2,2,3,4,2,3,1,0,1,0,2,2,4,5,2,2,2,2,3,4,2,2,2,2,3,4,3,4,2,3,3,4,3,4,2,3,3,4,3,4,2,2,1,0,3,5,1,0,2,2,1,0,1,0,1,0,1,0,1,0,1,0,2,2,2,3,3,4,2,2,2,2,3,3,2,1,3,4,2,3,4,2,3,4,3,4,4,2,3,9,1,2,1,1,4,5,2,3,4,3,3,4,2,3,2,4,4,4,2,4,3,4,3,4,5,3,4,4,4,4,3,5,4,3,5,4,3,3,4,4,2,2,2,2,2,2,2,2,2,2,3,2,2,3,2,5,6,5,4,3,5,5,5,7,1,28,3,1,1,1,54,2500,2200,0,531501,일식조리기능사 전반적인 흐름 숙련도 현재 추세 변화,식품학
31175,3,2,3,1,3,2,3,3,2,2,1,0,1,0,2,1,3,2,3,3,2,3,3,2,2,3,2,3,2,3,2,2,2,3,2,3,2,2,2,3,2,2,2,2,3,2,2,2,2,2,3,2,1,0,1,0,2,2,3,3,1,0,2,3,2,2,2,3,3,3,3,3,2,2,4,4,4,4,3,3,5,5,3,3,3,3,3,3,3,3,4,4,4,1,4,2,2,2,4,3,2,19,1,1,2,2,0,6,1,2,1,1,4,3,2,4,3,4,3,3,2,3,2,2,2,3,4,2,3,3,2,3,3,3,2,2,3,4,3,4,4,5,2,2,2,2,2,2,2,2,2,1,3,3,2,2,2,6,5,5,7,3,4,4,6,4,1,42,3,1,3,2,50,3500,2800,0,702201,변화,기계공학
31176,3,4,3,3,2,2,3,3,3,5,3,3,2,3,3,4,4,4,3,5,3,4,4,4,3,3,3,5,3,3,2,4,1,0,2,4,2,3,4,3,3,3,4,4,2,3,2,3,3,3,2,3,4,4,4,5,4,5,4,6,4,5,4,5,4,5,4,5,4,4,4,5,4,4,4,4,3,4,2,3,2,4,1,0,3,3,3,3,4,4,3,4,4,2,3,4,3,4,4,4,4,3,1,2,1,2,0,5,5,5,4,4,5,4,4,4,3,3,4,3,3,4,3,3,3,2,3,3,3,3,4,4,3,4,3,4,4,4,3,3,4,3,2,2,2,2,2,1,2,2,2,1,3,3,3,3,2,3,6,5,4,7,5,3,2,7,1,33,4,1,1,1,40,4800,4300,0,153103,전기기능사 산업기사 구조 조정 직업 인원 한정,정보통신학
31177,2,3,2,3,2,2,2,2,1,0,1,0,1,0,1,0,1,0,1,0,1,0,1,0,1,0,1,0,1,0,1,0,1,0,1,0,1,0,1,0,1,0,1,0,1,0,1,0,1,0,1,0,1,0,1,0,1,0,1,0,1,0,1,0,1,0,1,0,1,0,1,0,1,0,1,0,1,0,2,4,3,5,4,6,3,5,3,5,4,2,4,4,4,1,4,1,4,3,4,4,4,19,3,3,1,2,0,3,4,4,4,4,5,4,4,5,4,4,4,4,2,3,4,4,3,4,4,2,4,3,3,4,3,4,5,4,4,4,4,3,4,3,2,2,2,2,2,2,2,2,2,1,3,3,2,3,2,7,2,4,3,4,5,8,3,6,1,43,4,1,1,1,40,4700,4000,0,420301,심판 자격증 스포츠 대한 관심 증대,체육교육
31178,4,5,3,4,3,4,4,5,3,4,4,5,4,4,3,4,4,5,2,3,3,3,3,4,4,5,3,4,4,5,2,3,4,5,3,4,3,4,2,3,4,5,4,5,3,5,2,3,2,3,3,3,3,4,3,4,2,2,2,3,3,4,2,2,2,3,2,3,2,2,3,4,3,4,2,3,4,5,3,4,3,5,3,4,2,2,2,3,2,2,3,3,2,2,3,3,2,2,3,3,2,15,2,5,2,2,0,6,5,4,3,3,3,3,4,4,3,4,4,4,4,3,3,3,3,4,3,2,3,3,3,3,4,3,2,3,4,3,2,3,4,3,2,2,2,2,2,2,2,2,2,1,2,3,3,3,2,4,3,5,6,4,5,4,6,5,1,54,4,1,1,1,40,4100,2700,0,13305,인구 감소,경영학
31179,3,4,4,5,3,4,4,4,2,2,4,4,1,0,3,4,3,4,2,2,2,2,3,4,3,3,1,0,2,2,2,2,1,0,1,0,1,0,2,3,3,4,2,2,2,2,1,0,1,0,1,0,1,0,1,0,2,3,1,0,4,4,1,0,1,0,1,0,1,0,1,0,1,0,1,0,1,0,1,0,1,0,2,2,3,4,3,4,5,4,3,1,3,5,2,4,4,3,2,4,2,15,2,4,2,1,2,2,2,3,3,2,3,2,5,2,1,2,3,2,4,1,3,4,4,3,5,1,3,2,2,4,5,3,3,5,4,5,3,5,4,5,2,2,2,2,2,2,2,2,2,2,2,3,3,3,2,4,7,3,7,7,6,3,4,5,2,40,4,1,3,2,40,1800,1700,0,29501,문서작성 사무 분야 자동화 도입 일자리,영어영문학
31180,3,3,2,3,2,4,3,3,4,3,3,3,3,3,4,4,3,2,3,4,2,3,3,3,3,3,3,4,2,3,3,3,2,2,1,0,3,3,3,4,4,2,3,3,4,4,3,2,3,3,1,0,2,3,3,3,3,4,3,3,3,4,4,2,4,3,3,3,3,4,4,4,3,3,3,4,3,3,4,4,3,3,2,3,3,3,3,3,3,2,3,3,2,1,3,3,3,2,3,2,3,3,1,3,2,1,1,4,2,2,2,3,4,3,3,3,4,4,3,4,3,4,3,4,3,3,3,2,4,3,4,4,3,3,3,4,3,3,4,4,4,4,2,2,2,2,2,2,2,2,2,1,3,2,2,2,1,8,7,6,3,4,4,6,7,6,1,45,2,1,1,1,40,4500,3200,0,826301,직무 관련 교육 업계 변화 예상,문과
31181,3,4,3,4,2,3,2,2,3,5,3,5,3,5,2,4,2,4,1,0,2,5,2,4,2,4,1,0,1,0,1,0,2,1,1,0,1,0,1,0,4,4,2,4,1,0,1,0,1,0,1,0,2,4,2,5,2,4,2,4,3,5,3,4,3,4,2,4,3,5,4,5,1,0,2,4,2,4,1,0,2,3,2,4,3,4,2,2,5,4,3,4,4,2,4,1,2,3,3,4,2,4,1,4,1,2,0,2,4,3,4,4,5,4,5,4,3,5,4,5,4,4,3,5,4,3,4,5,4,4,5,3,4,4,5,3,4,5,3,4,4,5,2,2,2,2,2,2,2,2,2,2,3,3,3,3,2,3,5,4,8,7,6,7,4,6,1,45,4,1,1,1,40,5400,4400,0,153103,전기기능사 산업기사 전기 시설 생활 유지,전기공학
31182,2,3,2,2,2,1,2,3,1,0,1,0,1,0,2,4,2,3,1,0,3,3,1,0,1,0,1,0,1,0,1,0,1,0,1,0,2,2,1,0,2,2,3,4,2,4,3,4,3,4,1,0,2,2,1,0,3,3,3,4,1,0,3,4,2,4,4,5,5,3,4,4,1,0,4,5,5,4,5,4,4,6,4,4,2,1,2,2,4,3,5,3,4,1,5,1,1,2,2,3,4,1,4,1,2,2,0,7,1,4,3,3,5,4,3,3,9,9,9,3,2,3,3,3,3,2,2,3,4,4,3,4,3,3,4,4,3,4,2,3,4,3,2,2,2,2,2,2,2,2,2,2,1,3,3,3,2,8,8,8,6,7,7,7,7,4,1,57,2,2,6,1,50,0,0,2500,901101,농사일 사람,인문계
31183,2,3,3,4,2,4,3,4,3,4,3,4,1,0,2,4,4,5,2,3,1,0,3,4,3,5,1,0,3,4,2,3,2,4,2,3,1,0,3,4,2,3,1,0,3,4,1,0,1,0,1,0,1,0,1,0,1,0,1,0,2,3,1,0,1,0,1,0,1,0,1,0,1,0,4,5,2,3,1,0,1,0,1,0,4,5,2,3,3,3,4,4,3,3,4,3,4,4,3,4,4,17,1,2,1,2,0,7,5,4,3,3,4,4,4,4,3,4,4,4,2,3,4,3,4,4,3,3,3,3,3,4,4,3,3,3,4,3,4,3,3,4,2,2,2,2,2,2,2,2,2,1,4,2,2,3,1,2,3,3,4,7,7,2,7,5,1,36,4,2,5,1,44,0,0,8350,301401,치과 평균수명 구강 관심,치의학
31184,5,6,5,7,5,6,4,5,5,5,5,4,4,4,3,4,4,5,4,6,5,6,4,5,4,5,3,6,4,6,4,6,5,5,5,5,5,6,5,5,4,5,5,6,5,6,5,5,5,5,5,5,4,5,5,5,4,5,4,4,4,5,4,5,5,5,5,3,4,5,4,4,4,4,4,5,4,4,4,5,4,4,4,5,4,5,5,6,4,3,4,4,4,4,3,4,5,4,5,4,5,19,1,1,1,2,0,2,2,4,4,4,4,4,5,3,9,9,4,4,4,2,3,4,5,3,3,2,4,4,4,5,4,5,4,5,4,5,4,5,4,4,2,2,2,2,2,2,2,2,2,2,3,2,2,2,2,6,5,7,5,7,6,6,5,7,2,42,2,2,5,1,50,0,0,5000,29902,한글속기 자격증 데이터 업체,인문계
31185,4,4,3,3,2,3,2,2,2,1,3,4,3,3,3,4,3,4,2,3,3,4,3,4,2,2,4,4,2,3,3,3,2,2,2,2,3,5,3,3,3,4,3,3,2,2,2,2,2,1,2,2,3,4,4,5,4,5,3,4,3,3,4,6,3,4,4,5,4,4,4,5,4,4,4,4,3,4,4,4,3,4,3,3,3,4,3,3,3,3,2,2,3,2,3,2,3,2,2,2,3,3,1,5,2,2,0,2,1,3,2,2,3,2,3,4,3,4,5,4,4,3,2,3,2,2,3,4,2,3,2,4,2,3,4,4,3,3,2,3,4,4,2,2,2,2,2,2,2,2,2,2,2,3,3,3,2,9,9,9,2,1,2,6,5,7,1,43,2,1,1,1,40,5000,2500,0,851201,제조업 생산 기피 현상 때문 자동화,인문계
31186,3,4,4,5,3,3,4,4,1,0,3,3,1,0,3,4,4,5,1,0,4,4,4,4,3,4,1,0,2,3,1,0,1,0,1,0,1,0,4,4,4,4,4,4,3,4,1,0,3,4,1,0,4,4,1,0,4,5,4,5,2,3,3,4,3,4,3,4,5,5,4,5,1,0,4,5,2,3,1,0,3,5,2,4,3,4,2,3,1,3,5,1,3,1,2,2,2,1,3,4,4,19,1,2,2,2,0,2,4,3,2,2,2,2,1,1,2,3,3,2,4,2,2,5,4,4,5,5,3,2,1,5,3,4,4,5,4,5,4,4,5,5,2,2,2,2,2,2,2,2,2,1,4,3,2,2,2,6,7,3,5,4,4,4,4,3,1,42,3,1,1,1,50,2700,2400,0,832201,가전제품 사용 다양 화로 수리,기계공학
31187,2,3,4,4,1,0,3,3,1,0,1,0,1,0,2,3,3,4,1,0,1,0,2,2,4,5,2,2,3,4,2,2,1,0,1,0,3,2,4,4,2,2,1,0,3,3,1,0,1,0,2,2,3,2,1,0,2,2,2,2,1,0,2,2,3,3,2,3,3,3,4,4,1,0,4,3,3,3,3,3,2,3,2,3,3,3,2,3,4,3,4,3,4,1,2,2,3,4,3,4,3,19,1,1,1,2,0,2,4,3,3,3,3,3,2,3,3,2,4,3,2,4,4,3,3,5,3,1,4,3,2,4,3,2,2,3,2,4,4,2,4,4,2,2,2,2,2,2,2,2,2,2,2,3,2,3,2,4,3,8,2,8,3,3,7,8,1,30,4,1,1,1,48,3000,2400,0,825101,금속도장 기능사 기피 인력 공급,기계공학
31188,4,5,4,5,2,3,4,5,4,4,3,5,1,0,2,2,3,3,2,3,2,3,2,3,3,3,2,3,3,3,3,4,3,4,1,0,2,3,4,5,4,4,2,3,4,4,1,0,2,2,1,0,1,0,1,0,1,0,1,0,2,3,2,3,3,4,2,2,2,3,3,4,1,0,3,4,3,4,2,3,3,4,3,3,4,4,3,4,3,4,2,4,3,2,2,2,3,2,2,3,2,9,1,2,2,1,1,1,3,3,2,2,2,2,3,3,2,2,3,3,4,2,2,4,4,3,2,2,4,4,4,4,3,3,3,2,3,4,2,2,2,4,2,2,2,2,2,2,2,2,2,2,2,3,3,3,2,5,5,6,6,6,5,4,5,5,2,28,3,1,3,2,43,1800,1400,0,532101,식품 위생교육 화재안전교육 오스 기계로 자동화 증가,실내디자인
31189,3,4,3,4,2,4,3,3,3,3,3,5,3,4,3,4,3,4,3,4,3,3,3,3,3,3,3,3,2,3,3,3,3,3,3,3,3,3,3,5,3,3,3,5,4,5,3,4,3,5,4,5,3,4,3,3,3,3,3,3,3,4,3,4,3,3,3,4,3,3,3,4,3,3,3,3,3,3,3,3,3,3,3,3,3,3,3,3,3,3,4,3,3,3,3,4,2,5,4,4,3,18,1,5,2,2,0,7,5,3,3,3,4,4,4,4,4,3,3,3,3,3,3,3,3,3,3,3,3,3,4,4,4,4,4,4,4,4,4,4,4,3,2,2,2,2,2,2,2,2,2,1,3,3,2,3,2,7,7,6,7,7,7,6,7,7,1,40,4,1,1,1,56,3800,2000,0,24101,직접 사람 상대 일이 변화,마케팅학
31190,4,4,3,4,2,3,3,4,3,4,2,3,3,4,3,3,3,3,3,5,3,4,3,4,3,4,3,4,3,4,4,4,3,4,3,4,4,5,4,5,4,5,4,5,4,5,3,3,3,4,3,4,3,3,4,4,2,3,3,4,3,4,3,5,4,5,4,5,3,4,3,4,3,4,4,5,4,5,4,5,4,5,4,5,4,5,4,5,3,2,4,4,3,4,4,4,4,4,4,4,4,14,1,2,1,1,1,2,4,4,3,2,4,3,3,3,2,2,2,2,4,3,2,4,3,4,5,4,4,3,3,4,5,5,4,4,5,5,5,5,5,4,2,2,2,2,2,2,2,2,2,2,2,1,1,1,1,5,5,4,3,3,3,6,5,3,2,31,3,1,1,1,40,3200,2400,0,28302,OA엑셀 직무교육 자동화 시스템 도입,패션디자인
31191,3,4,3,4,2,1,4,5,1,0,2,3,2,1,1,0,2,3,1,0,2,2,3,3,3,4,2,3,3,3,4,5,2,3,1,0,1,0,2,3,3,4,4,5,2,2,1,0,3,4,2,1,2,3,1,0,2,3,1,0,1,0,3,4,3,3,2,3,3,4,4,5,2,3,4,5,3,3,2,2,2,1,2,3,3,4,2,1,4,4,3,4,4,3,4,5,3,4,3,2,4,13,1,1,1,2,0,2,4,4,4,4,5,4,4,3,3,4,3,3,4,4,3,3,2,4,3,3,2,4,4,3,3,3,4,4,2,3,2,4,3,4,2,2,2,2,2,2,2,2,2,1,4,3,3,3,1,4,3,5,4,6,4,6,7,6,2,36,4,1,1,1,54,3600,2500,0,307301,안경사 자격증 직업 대한 호의,안경광학
31192,3,3,4,4,2,4,4,5,4,4,2,3,3,4,4,4,4,5,3,5,4,4,4,4,4,4,4,4,4,5,3,5,3,3,3,4,4,5,3,5,3,3,3,5,3,3,3,5,4,4,4,5,3,5,3,6,4,4,4,3,3,3,4,2,3,4,4,2,3,2,3,2,4,4,4,2,3,2,4,3,3,2,3,6,4,3,5,5,4,5,4,2,4,2,4,4,2,4,4,4,4,17,1,4,1,2,0,5,4,4,4,3,4,4,4,4,5,5,4,5,4,4,4,4,3,3,4,4,3,4,4,4,3,4,4,3,3,3,4,4,4,4,2,2,2,2,2,2,2,2,2,4,2,3,3,3,2,8,7,3,3,4,5,7,4,5,2,35,4,1,1,1,40,3800,2600,0,301004,간호사자격증 전문간호사 고령화,간호학
31193,3,4,4,5,3,4,3,4,1,0,1,0,1,0,4,4,3,4,2,2,4,4,1,0,1,0,4,4,3,5,3,3,4,4,3,3,1,0,5,4,2,2,3,4,5,4,1,0,1,0,4,4,1,0,1,0,1,0,1,0,2,3,1,0,1,0,1,0,1,0,1,0,1,0,1,0,1,0,1,0,1,0,1,0,3,4,3,4,4,4,1,3,5,4,3,2,4,3,3,4,5,19,4,1,2,2,0,1,4,4,3,3,5,4,4,3,1,3,4,3,3,2,3,4,4,3,5,3,4,3,3,4,2,1,1,3,3,4,3,2,4,4,2,2,2,2,2,2,2,2,2,2,2,2,2,3,2,7,6,4,5,3,3,4,3,4,2,48,2,1,4,1,48,2800,2000,0,29904,직업 소개 활용 추세,인문계
31194,3,4,3,4,2,2,2,2,4,6,4,5,5,7,4,5,4,5,3,5,3,4,3,4,3,4,3,4,1,0,1,0,1,0,1,0,2,2,2,3,4,5,3,4,1,0,1,0,1,0,1,0,5,6,5,7,4,5,4,6,5,6,3,4,1,0,2,3,1,0,1,0,1,0,2,3,2,2,3,4,2,2,1,0,4,5,1,0,5,4,4,3,3,3,4,3,3,5,4,3,4,13,1,2,2,2,0,7,5,4,3,4,4,4,3,5,5,4,4,5,3,4,3,5,3,3,4,4,3,5,4,4,4,5,5,4,5,4,4,2,4,3,2,2,2,2,2,2,2,2,2,2,4,2,2,3,2,2,1,2,2,3,8,8,8,5,1,55,5,1,1,1,40,6600,3200,0,159103,추세 증가,소프트웨어
31195,3,4,2,3,2,2,2,2,2,3,2,3,1,0,3,4,3,5,3,5,2,4,2,3,3,4,2,2,1,0,2,3,1,0,2,3,1,0,3,5,3,4,2,3,3,4,1,0,3,4,2,3,3,4,1,0,2,3,1,0,2,4,1,0,3,4,2,3,1,0,2,3,1,0,2,4,3,4,3,5,3,5,3,4,2,3,2,3,4,5,4,3,3,2,4,2,3,3,3,5,4,10,2,4,1,2,0,7,2,3,2,2,5,3,4,2,3,3,4,3,4,4,2,3,4,5,4,3,5,5,3,5,3,4,5,5,4,5,4,2,5,5,2,2,2,2,2,2,2,2,2,2,2,2,2,2,2,7,8,6,3,2,1,3,5,7,1,34,3,1,1,1,40,4000,2500,0,624201,원동기면허 전자메일 발달,기계
31196,2,2,4,4,2,1,1,0,1,0,2,3,1,0,2,3,3,3,4,4,1,0,1,0,4,4,1,0,1,0,3,3,1,0,1,0,1,0,2,3,3,3,2,2,4,3,2,4,4,3,1,0,1,0,1,0,3,4,1,0,1,0,1,0,4,3,3,4,4,4,3,2,1,0,4,3,4,5,2,2,2,3,4,3,4,6,3,5,2,2,5,3,2,1,2,2,2,2,2,3,3,8,4,1,1,2,0,7,1,2,2,1,4,3,2,3,9,9,9,3,2,4,3,4,4,4,3,2,3,4,4,4,2,3,3,3,4,4,4,2,4,4,2,2,2,2,2,2,2,2,2,3,2,3,2,2,2,9,8,5,3,3,4,3,3,2,1,51,2,2,6,1,42,0,0,5500,623002,건설조종면허 지게차운전기능사 역량 감소 예상,공고
31197,3,5,4,6,3,5,4,6,1,0,5,6,1,0,3,5,3,5,1,0,4,5,4,4,5,5,2,3,4,5,3,5,3,5,2,4,3,5,3,4,5,4,3,5,3,5,2,4,3,5,3,5,3,5,1,0,2,3,1,0,2,4,1,0,1,0,1,0,1,0,1,0,1,0,3,5,3,5,3,5,1,0,1,0,3,5,3,5,4,5,3,5,5,4,5,2,4,4,5,5,5,17,1,1,1,2,0,6,7,5,5,5,5,5,5,5,9,9,4,5,1,5,4,3,3,3,3,4,5,5,2,5,3,5,5,5,4,5,3,3,5,5,2,2,2,2,2,2,2,2,2,3,1,2,2,2,1,6,7,4,3,2,1,5,6,7,1,38,6,1,1,1,40,11000,5200,0,301101,내과전문의 자격증 인공 지능 시대 도래 일자리 감소 것임,의예과 내과전문의
31198,2,2,2,2,2,2,3,4,1,0,3,4,4,5,3,4,3,4,4,5,3,5,3,4,4,5,4,5,4,5,3,5,3,5,3,4,3,4,4,5,3,4,4,5,4,5,1,0,1,0,3,5,4,6,4,5,4,6,2,2,1,0,1,0,4,5,3,5,1,0,1,0,1,0,2,3,3,4,4,5,3,4,2,4,4,5,4,5,4,4,4,3,3,3,3,4,2,3,3,2,3,18,2,4,2,2,0,3,3,3,2,3,2,3,3,3,3,4,3,3,3,2,3,3,3,3,3,4,3,3,3,3,4,3,3,3,4,4,3,2,3,3,2,2,2,2,2,2,2,2,2,1,2,2,2,3,2,7,6,6,4,4,6,5,4,5,1,32,3,1,1,1,28,2950,2100,0,524001,출산율 저하 놀이 시설 방문 감소,체육
31199,1,0,1,0,1,0,1,0,1,0,1,0,3,4,1,0,4,5,2,3,1,0,3,5,2,2,2,3,2,3,1,0,1,0,1,0,2,3,1,0,1,0,1,0,1,0,1,0,1,0,1,0,1,0,1,0,1,0,1,0,1,0,1,0,1,0,1,0,1,0,1,0,1,0,2,3,3,4,4,5,3,4,3,5,2,3,3,4,4,3,2,3,4,2,3,3,3,2,3,2,3,15,2,4,2,2,0,7,4,4,3,3,3,3,4,3,3,4,4,3,2,3,4,3,4,3,3,2,3,3,4,3,4,3,3,3,4,3,3,4,3,4,2,2,2,2,2,2,2,2,2,2,3,2,2,3,1,5,5,6,5,4,5,8,5,4,2,36,5,1,1,1,43,3320,2701,0,414702,무대 공연 횟수 매체 필요,무용학
31200,5,7,5,6,5,6,5,6,4,5,5,6,3,3,4,5,5,5,1,0,4,5,3,3,5,6,1,0,3,3,4,5,4,5,3,3,4,5,5,6,4,5,4,2,5,7,2,2,1,0,1,0,1,0,1,0,1,0,1,0,5,7,1,0,1,0,1,0,1,0,1,0,1,0,1,0,1,0,4,5,1,0,2,3,4,5,2,6,4,4,3,4,5,4,4,5,5,4,4,3,4,8,1,3,2,2,0,7,5,4,4,3,4,4,4,4,4,3,4,4,2,4,3,4,4,2,3,3,5,3,4,2,3,4,4,4,5,5,5,3,5,4,2,2,2,2,2,2,2,2,2,2,3,2,2,2,1,8,4,6,7,3,2,5,3,4,1,38,4,1,1,1,40,4200,2800,0,28203,항공 운송 분야 갈수록 일자리 변화 크게,경영학
31201,5,5,5,4,5,5,5,3,5,4,5,3,5,3,5,5,5,5,5,5,5,4,5,4,5,3,5,4,5,3,5,4,5,3,5,4,4,4,5,4,5,3,5,5,5,3,5,3,4,2,5,5,5,4,5,5,5,6,4,4,5,5,5,6,5,4,5,5,5,6,5,4,4,4,5,4,5,4,4,4,5,6,5,4,5,6,5,2,5,3,5,3,4,2,3,3,3,4,4,5,4,13,1,2,2,2,0,3,4,4,3,3,4,5,2,3,3,3,4,3,1,4,4,5,5,4,4,2,5,4,3,5,3,5,4,5,5,5,5,3,5,5,1,2,2,1,2,2,1,1,1,2,2,3,3,3,2,5,8,9,1,5,5,3,9,5,1,45,3,1,1,1,45,7500,2500,0,151101,생각 안남 자동화 일자리 감소 여지,기계공학
31202,2,2,4,3,1,0,4,3,2,2,1,0,1,0,3,3,4,3,3,3,1,0,2,2,3,5,1,0,5,3,4,3,1,0,1,0,1,0,4,5,1,0,1,0,2,2,1,0,1,0,1,0,1,0,1,0,1,0,1,0,1,0,1,0,1,0,1,0,1,0,1,0,1,0,1,0,1,0,1,0,1,0,2,3,4,5,3,4,2,2,4,1,2,4,2,1,3,2,3,4,2,18,1,2,2,2,0,7,2,2,2,2,2,3,3,3,4,4,4,4,3,2,3,4,3,2,3,2,3,4,3,4,3,3,3,3,4,3,4,4,3,2,2,2,2,2,2,2,2,2,2,2,2,2,2,2,2,7,7,6,6,7,5,6,5,5,2,24,2,1,1,1,40,1800,1800,0,562401,자동 검표 방식 이용 사용 것이므,인문계
31203,5,6,5,6,2,3,3,4,1,0,3,4,5,6,4,5,5,6,4,6,3,5,5,6,5,6,5,6,4,5,5,6,3,5,1,0,5,6,3,5,4,5,5,6,5,6,3,4,1,0,1,0,5,6,1,0,5,6,1,0,1,0,3,4,5,6,5,6,5,6,5,6,3,4,5,6,5,6,5,6,4,5,4,6,3,4,5,6,4,3,4,4,3,3,4,3,3,3,3,3,4,18,4,2,1,1,3,7,5,4,4,4,4,4,4,4,3,4,4,4,2,5,5,3,4,4,4,3,4,3,3,4,5,4,3,4,4,4,4,4,4,3,2,1,1,2,2,2,2,2,2,2,4,2,2,2,1,3,1,3,3,4,6,7,4,2,2,34,4,1,4,1,20,1000,950,0,414503,국악교육지도사 자격 연주 기획 훈련 컴퓨터 하드웨어 업그레이드 기능 수반 소프트웨어 공급 연주 질적 능률 대폭 향상 경험 문화생활 다양 화로 국악 분야 수요 감소 예상,국악
31204,3,4,1,0,1,0,1,0,1,0,3,4,1,0,4,5,3,4,3,4,1,0,1,0,4,5,1,0,3,4,4,5,1,0,1,0,1,0,3,4,4,5,2,3,1,0,2,3,4,5,2,3,4,5,3,4,4,5,3,4,1,0,4,5,4,5,3,4,2,2,4,5,3,4,1,0,3,4,3,4,2,2,3,4,3,4,2,2,4,3,3,2,3,4,3,3,2,3,3,4,4,7,1,2,2,2,0,1,5,3,2,3,5,4,4,4,4,3,3,3,3,2,3,4,4,3,3,4,3,4,4,3,2,3,3,4,3,3,2,3,3,4,2,2,2,2,2,2,2,2,2,2,2,3,3,3,2,2,2,2,8,8,7,4,6,6,1,38,2,1,1,1,40,4000,2000,0,881101,기계 자동화,기계
31205,2,1,2,2,2,2,2,1,3,2,3,1,1,0,3,1,3,2,3,3,3,1,2,2,3,2,1,0,2,1,2,1,1,0,1,0,1,0,3,2,3,2,3,3,3,2,3,4,3,3,3,3,3,3,2,1,4,2,4,3,2,3,3,2,4,2,4,2,4,2,4,2,1,0,5,3,5,3,4,2,4,5,4,5,3,2,2,1,2,4,2,2,2,1,2,4,2,3,2,2,2,6,1,1,2,2,0,5,4,2,2,2,4,3,1,3,3,3,3,3,3,3,3,2,2,3,4,5,3,5,1,5,2,3,4,3,3,4,3,4,5,4,2,2,2,2,2,2,2,2,2,1,2,3,2,2,2,7,7,9,5,7,8,5,6,5,1,43,3,1,1,1,48,2800,2600,0,702701,건설 관련 업종 불황,건축학
31206,4,5,3,3,3,3,4,5,1,0,1,0,4,5,1,0,4,5,3,4,4,5,2,3,3,3,3,3,3,3,4,4,3,3,3,4,4,5,3,3,2,3,3,4,4,5,4,4,3,3,4,5,1,0,1,0,1,0,1,0,1,0,1,0,1,0,1,0,1,0,1,0,1,0,1,0,1,0,1,0,3,3,2,2,3,3,3,3,4,3,3,2,4,2,3,4,4,4,4,3,4,18,1,2,2,2,0,7,1,3,3,3,3,4,4,2,4,5,5,4,3,3,3,3,4,5,4,4,5,4,2,4,5,4,3,2,4,4,5,3,4,3,2,1,1,2,2,2,2,2,2,3,2,2,2,2,1,6,3,4,1,3,7,3,8,9,1,30,4,1,2,2,40,1100,500,0,416103,기존 아날로그 방식 디지털 방식 융합 연출 활동 향상 인구 감소 경제 소득 개인 감소 연극 문화 콘텐츠 수요 감소,연극
31207,3,4,3,3,3,4,5,6,5,6,5,6,3,5,3,5,5,6,3,4,4,4,3,5,3,4,1,0,3,5,4,5,1,0,1,0,1,0,4,5,4,5,3,5,3,5,1,0,1,0,1,0,3,4,3,5,4,5,4,5,4,5,4,4,4,4,3,5,3,5,4,5,4,5,4,5,4,5,4,5,4,5,4,5,5,6,5,6,4,5,4,4,5,4,4,4,3,4,4,3,4,13,2,4,2,2,0,2,5,4,5,4,4,4,3,4,3,4,4,4,1,4,5,3,4,3,5,4,3,4,4,4,3,5,4,3,4,4,5,4,4,3,2,2,2,2,2,2,2,2,2,2,3,3,3,3,2,4,7,8,7,8,7,6,5,4,1,29,4,1,1,1,40,3400,3200,0,121201,과학 관련 제품 생산 연구 자연과학 시작 유지 예정,해양학
31208,1,0,2,2,1,0,3,4,1,0,2,2,2,2,2,2,2,2,1,0,1,0,1,0,3,3,2,2,3,3,2,2,2,2,2,2,1,0,4,6,2,3,2,2,2,2,1,0,1,0,2,2,2,2,2,2,2,3,2,2,3,3,4,5,4,4,4,5,3,5,3,4,2,3,2,3,2,3,3,4,3,3,2,2,2,2,2,2,2,4,3,3,3,4,3,1,2,2,1,2,3,14,1,1,2,1,3,5,1,2,2,2,3,2,3,2,2,3,4,3,2,2,3,5,4,3,4,1,3,5,3,4,4,3,2,3,3,2,2,3,2,3,2,2,2,2,2,2,2,2,2,4,1,2,2,2,2,8,8,6,5,3,4,3,5,4,1,52,2,2,5,1,52,0,0,2500,864301,세탁기 조작방법 경기 침체,이과
31209,5,5,4,4,5,5,4,3,4,4,3,3,4,4,4,5,5,5,3,3,4,5,3,4,4,4,4,4,4,5,4,6,4,4,5,5,5,5,4,4,4,4,4,5,3,4,2,3,4,4,4,5,5,5,4,5,3,3,4,4,5,6,3,3,4,4,4,4,2,2,4,4,3,3,4,5,3,3,2,2,3,3,1,0,4,4,4,4,5,3,2,4,3,3,2,3,4,3,4,3,4,3,1,3,1,1,5,6,5,3,3,4,4,3,3,3,2,3,3,4,4,3,3,3,2,3,3,4,3,4,4,4,3,2,2,2,3,4,3,2,4,4,1,1,2,1,2,1,1,2,2,4,2,2,2,2,1,8,6,7,8,6,7,7,6,7,2,34,4,1,1,1,40,3200,2100,0,134302,네트워크관리사 네트워크 관리 운영 업무 훈련 프로그램 도입 시스템 업그레이드 인공 지능 발달 사람 일자리 감소,컴퓨터공학
31210,5,4,4,5,2,2,4,4,5,5,5,5,1,0,1,0,4,4,1,0,1,0,1,0,4,5,3,4,3,4,3,4,3,4,3,4,3,4,3,4,4,4,4,5,5,5,5,5,5,6,3,4,4,5,1,0,1,0,1,0,4,4,1,0,1,0,1,0,1,0,3,4,3,4,3,4,2,2,2,3,3,4,3,4,3,4,3,4,4,2,3,4,4,4,4,2,4,4,4,3,4,13,1,2,1,2,0,2,5,3,3,3,3,3,3,4,4,4,4,4,3,3,3,3,3,3,3,3,3,3,3,3,3,3,3,3,3,3,3,3,3,3,2,2,2,2,2,2,2,2,2,2,1,2,2,2,2,8,8,8,8,8,8,6,6,6,2,39,4,1,1,1,40,6000,4000,0,23201,세무사 자동화 일자리 감소,회계학
31211,1,0,3,2,1,0,3,4,1,0,1,0,1,0,3,2,3,4,3,4,1,0,2,2,3,4,3,2,3,3,3,2,2,1,1,0,3,2,4,4,2,1,1,0,2,2,1,0,3,5,3,2,1,0,1,0,2,2,2,2,1,0,1,0,2,1,2,2,2,1,1,0,1,0,1,0,3,3,2,1,3,3,3,2,3,2,3,2,1,5,4,2,2,2,2,1,1,1,2,1,1,9,1,2,2,1,1,7,2,2,1,1,2,2,2,2,3,4,4,3,4,2,2,1,1,1,2,3,1,5,3,4,2,3,3,3,3,4,3,3,4,4,2,2,2,2,2,2,2,2,2,1,3,3,2,2,2,7,7,7,5,5,5,5,3,5,1,30,4,1,3,2,48,2400,2100,0,523001,서비스훈련 고객응대 사람 여행 만큼 숙박시설 사용 크게 변화 생각,관광경영학
31212,5,5,4,5,4,4,4,5,3,4,5,5,3,4,4,5,4,5,4,5,2,3,3,4,4,4,4,5,4,5,4,4,5,5,4,5,3,4,4,5,4,5,4,5,5,6,4,5,4,5,5,5,4,4,1,0,1,0,1,0,4,4,1,0,1,0,1,0,1,0,1,0,5,5,1,0,1,0,1,0,1,0,2,3,4,4,4,4,5,4,3,3,4,3,4,5,3,4,4,4,5,13,1,2,1,2,0,6,5,4,4,4,5,5,3,4,9,9,5,4,1,4,4,4,4,3,3,3,4,2,3,4,5,4,4,5,5,4,4,3,4,4,2,2,2,2,2,2,2,2,2,1,3,3,2,2,2,1,3,5,3,4,4,3,4,7,2,52,5,1,1,1,48,8500,6000,0,221201,변호사 자격증 현재 변호사 포화상태,법학
31213,4,6,4,5,4,6,4,5,4,4,4,5,4,5,4,4,4,5,4,5,4,4,4,4,4,5,4,5,4,4,4,5,4,6,4,5,4,5,4,6,4,5,3,5,4,4,4,4,4,5,4,4,4,5,4,5,4,5,4,5,4,5,3,5,3,4,4,6,5,6,4,5,4,5,4,5,4,5,4,5,4,5,3,4,5,6,4,5,5,4,4,3,4,4,4,3,4,3,4,3,4,13,2,3,2,2,0,2,3,5,4,4,4,4,4,4,3,4,4,4,1,5,4,3,4,3,5,4,3,4,3,4,3,2,4,3,5,4,2,3,4,4,2,2,2,2,2,2,2,2,2,2,4,3,3,3,2,7,5,3,1,2,5,7,4,6,2,30,4,1,1,1,40,4000,3300,0,122301,대체 식량 개발 당분 지속 연구 수요 요구,농업학
31214,4,5,4,6,4,6,5,5,4,4,5,6,4,5,4,5,5,5,4,4,4,5,5,6,4,5,5,5,4,5,4,6,3,4,3,4,4,4,4,4,5,5,4,5,4,4,3,4,3,3,3,3,4,5,3,4,2,3,2,3,2,3,3,4,3,4,2,3,2,2,2,2,4,5,3,3,2,4,4,4,3,4,2,3,3,5,3,4,3,3,3,4,3,4,4,4,3,4,4,5,4,15,2,5,1,2,0,7,5,4,3,3,4,3,3,5,4,4,4,4,2,3,3,4,3,4,3,2,4,3,4,4,3,4,4,4,3,4,2,2,4,4,2,2,2,2,2,2,2,2,2,1,3,3,3,3,2,4,5,4,5,6,5,3,4,5,1,45,5,1,1,1,50,6800,3000,0,122106,축산산업기사 축산기사 상태 유지,축산학
31215,4,5,4,5,1,0,5,6,3,3,2,2,2,3,3,4,4,6,3,5,3,3,4,5,4,5,3,5,5,7,3,5,5,5,4,5,1,0,4,5,3,5,3,4,2,2,2,3,2,4,2,2,2,2,1,0,1,0,1,0,1,0,2,2,3,4,2,2,1,0,1,0,1,0,2,2,1,0,2,2,2,2,1,0,2,2,2,2,5,4,4,3,4,3,4,3,3,2,3,3,4,19,1,2,2,2,0,1,2,3,3,3,3,4,3,3,3,3,4,3,3,4,3,3,4,3,3,2,3,2,2,4,3,4,4,4,3,4,5,4,4,3,2,2,2,2,2,2,2,2,2,1,2,2,2,2,1,6,4,4,4,3,5,4,3,5,1,32,3,1,1,1,40,3000,3000,0,612301,경기 둔화 전염병 유행,정보학
31216,3,3,4,5,3,4,4,5,3,4,3,4,2,2,3,4,3,4,3,4,2,2,4,5,3,4,3,4,3,4,3,4,3,4,3,4,4,5,4,5,4,5,4,5,3,3,4,5,4,5,4,6,3,4,2,3,3,4,1,0,2,1,3,4,3,4,3,4,3,4,3,4,3,4,2,1,2,2,3,3,2,2,2,1,2,3,2,2,4,3,2,3,2,4,4,4,3,2,2,3,4,18,4,2,2,2,0,7,2,3,2,1,5,3,2,4,9,9,4,4,1,5,5,5,4,5,4,2,5,2,4,5,5,4,4,4,4,5,3,3,4,5,2,2,2,2,2,2,2,2,2,1,3,3,2,2,2,7,8,6,4,3,3,3,2,5,1,62,2,2,6,1,40,0,0,4000,616201,기존 존재,공업
31217,1,0,4,5,1,0,3,4,1,0,2,3,3,4,2,2,1,0,1,0,1,0,2,2,4,5,1,0,4,5,4,5,3,4,1,0,2,3,2,3,1,0,1,0,2,2,1,0,1,0,1,0,4,5,3,4,4,5,1,0,1,0,1,0,1,0,1,0,1,0,1,0,1,0,2,2,2,2,3,4,1,0,3,4,3,4,4,5,4,4,3,3,4,3,3,3,2,4,3,2,3,9,1,2,1,2,0,3,5,3,2,3,4,3,3,4,3,3,3,3,3,2,3,4,4,3,4,4,3,3,4,3,4,4,3,2,3,3,4,3,3,4,2,2,2,2,2,2,2,2,2,1,3,2,2,3,2,3,3,3,2,2,3,2,2,2,2,27,4,1,1,1,32,2700,2300,0,531601,조주기능사 음료 문화,바리스타학
31218,3,2,3,2,1,0,3,5,3,3,3,3,3,4,2,3,2,2,3,5,3,3,1,0,4,3,4,3,2,2,3,3,2,2,2,2,5,3,4,3,4,2,4,3,2,3,2,3,3,4,3,3,2,2,4,5,4,3,4,3,5,4,3,3,4,3,5,3,5,4,5,4,5,4,5,5,5,3,3,3,4,4,5,3,5,5,3,3,4,2,4,3,3,2,2,4,2,4,2,2,3,15,2,2,1,1,2,7,4,4,4,4,4,4,4,4,3,3,3,4,2,4,4,3,3,4,4,4,4,3,3,4,4,4,3,4,2,4,3,4,4,4,2,2,2,2,2,2,2,2,2,2,2,3,3,3,2,5,6,6,4,4,3,5,6,4,1,53,4,1,1,1,40,5900,3400,0,140601,지적기술사 측량기술사 지적 측량 실무교육 장비 기술 발달,지적학
31219,5,7,4,5,5,7,3,4,1,0,1,0,5,7,3,5,5,6,3,4,5,7,3,5,4,6,4,6,2,3,1,0,3,4,2,3,1,0,1,0,3,3,3,4,2,4,1,0,1,0,1,0,1,0,1,0,3,1,3,2,4,6,1,0,2,1,2,2,1,0,1,0,1,0,4,5,3,3,3,4,4,6,3,4,5,5,1,0,4,3,4,2,3,2,4,4,1,3,3,3,4,18,4,1,2,1,1,7,1,3,2,2,4,3,1,2,9,9,9,2,3,3,3,4,4,5,4,3,4,4,3,4,5,3,3,2,4,4,4,3,4,4,2,1,1,2,2,2,2,2,2,2,4,1,1,1,2,9,7,6,4,3,2,7,9,7,2,28,4,1,4,2,50,2500,1700,0,414301,감성교육 스케치 교육 컴퓨터 기능 소프트웨어 활동 작업 질적 양적 능률 향상 변화 기계 장비 다양성 대중 문화 욕구 증가,만화학
31220,4,6,3,6,4,6,2,3,4,6,2,2,4,5,4,6,4,6,4,5,2,2,3,5,4,6,4,5,3,5,2,2,2,2,2,2,4,6,2,2,2,3,2,3,2,3,4,5,4,6,3,4,2,3,2,2,2,3,3,3,3,5,4,5,4,5,4,5,4,6,1,0,4,6,2,2,1,0,1,0,2,3,2,2,3,2,3,3,4,3,2,3,4,3,3,4,2,3,3,3,2,13,1,2,1,1,4,6,5,5,5,5,4,4,2,3,3,4,4,3,1,4,4,4,1,2,3,1,2,3,4,4,4,4,3,3,3,3,2,2,4,4,2,1,2,2,2,2,2,2,2,2,4,3,3,3,2,3,4,5,6,7,6,2,2,5,1,32,5,1,1,1,48,3200,2500,0,155305,소음진동기술사 관련된 법규 숙지 캐드 사용법 보고서 작성 방법 조건 분석 모델링 프로그램 도입 세계 환경 산업 관심 법규 강화,기계공학
31221,4,5,4,5,4,6,4,5,4,5,4,6,2,5,3,6,5,6,5,6,2,6,3,7,4,6,3,6,5,5,4,6,4,6,3,5,3,5,3,6,4,6,3,5,5,4,2,5,1,0,5,6,4,6,4,5,3,5,2,4,5,5,2,5,4,5,4,4,1,0,1,0,4,6,4,5,4,5,3,3,2,5,4,4,5,5,2,2,4,5,3,4,4,2,5,3,4,4,5,5,4,13,2,3,1,2,0,6,2,5,5,5,5,4,4,4,3,4,5,4,1,5,5,4,4,3,5,1,5,1,2,4,3,4,2,2,4,4,3,3,4,3,2,1,1,1,1,1,2,2,1,2,4,3,3,3,2,8,8,8,2,5,7,7,9,9,1,49,3,1,1,1,40,8000,3500,0,140601,지적기사 지적 측량 공간 정보 업무 추가 업무 증가 적재 조사 무량 증가,토목공학
31222,2,4,2,3,2,4,4,5,4,6,2,5,1,0,4,5,2,4,4,6,1,0,4,6,4,5,2,4,2,5,3,5,3,3,4,5,2,4,4,6,2,4,4,6,4,5,3,3,3,5,3,5,4,6,4,6,4,6,4,5,3,5,2,5,3,4,4,6,4,6,4,5,3,4,1,0,3,5,4,6,3,5,2,5,4,6,4,5,3,4,4,3,2,3,4,4,3,4,3,2,3,19,1,1,1,2,0,2,4,2,3,3,4,3,4,4,3,4,3,3,2,3,2,4,3,4,3,4,2,4,3,4,3,3,2,3,4,4,3,4,4,3,2,2,2,1,1,2,1,1,2,3,2,2,3,2,2,3,2,6,7,3,8,2,6,7,1,35,4,1,1,1,40,3600,2500,0,812901,자동차정비기능장 구조조정 경제 어려움,기계
31223,3,3,3,4,2,2,3,4,1,0,4,4,1,0,4,3,3,5,1,0,1,0,1,0,2,4,1,0,4,4,5,4,1,0,1,0,1,0,3,3,5,4,1,0,1,0,1,0,1,0,1,0,3,3,1,0,5,5,4,4,1,0,1,0,5,4,2,4,4,5,4,4,1,0,4,3,5,4,1,0,2,4,3,4,3,4,2,3,3,3,1,2,3,1,3,4,3,2,4,3,4,10,1,2,1,2,0,5,3,3,2,2,2,2,2,2,1,2,3,2,2,3,2,3,4,4,3,2,3,3,4,5,3,2,4,3,4,5,4,2,4,5,2,2,2,2,2,2,2,2,2,2,2,3,3,3,2,4,6,7,4,7,3,4,4,5,1,40,2,1,1,1,40,4000,2400,0,842201,무선설비기사 유선 통신 이용 감소 장비 대화 일자리 감소,기계
31224,3,4,3,4,2,2,2,3,4,4,4,4,1,0,3,4,3,4,2,3,1,0,3,4,4,4,1,0,2,3,2,3,1,0,2,3,3,4,4,4,2,2,2,3,2,3,1,0,1,0,1,0,1,0,1,0,3,4,3,4,1,0,1,0,3,4,2,3,4,5,5,6,1,0,5,5,5,5,4,5,3,4,3,4,4,5,3,4,3,2,2,3,3,2,3,3,3,4,2,3,3,3,1,6,2,2,0,2,3,3,3,3,4,4,3,3,2,3,3,3,2,4,4,4,4,2,3,2,4,4,3,5,4,3,4,5,4,4,3,3,5,3,2,2,2,2,2,2,2,2,2,2,3,3,3,3,2,4,5,5,7,8,8,7,5,3,1,58,3,1,1,1,40,7500,2800,0,851101,석유화학 분야 산업 계속 발전,화공
31225,4,5,4,5,4,5,4,5,4,5,4,5,3,4,3,4,4,5,4,5,4,5,4,5,4,5,5,6,4,5,4,5,4,6,4,5,4,5,4,5,4,5,4,5,4,5,4,5,4,5,4,5,4,5,4,5,4,5,4,5,4,5,4,5,4,5,4,5,4,5,4,5,4,5,3,4,3,4,3,4,3,4,3,4,3,4,3,4,4,4,4,4,4,4,4,4,4,4,4,2,4,11,1,5,2,1,5,7,2,4,4,4,4,4,4,4,4,4,4,4,4,4,4,4,4,4,4,2,4,3,4,4,4,4,4,4,4,4,4,4,4,4,2,2,2,2,2,2,2,2,2,3,1,3,3,3,2,5,5,5,5,5,5,5,5,5,2,44,2,1,1,1,50,8000,2500,0,27201,실무회계 업무 자동화 전산,인문계
31226,3,2,3,3,3,2,3,3,2,3,2,2,1,0,2,2,3,2,2,3,2,2,2,3,2,2,2,3,2,2,2,2,2,2,3,3,2,2,3,3,3,3,2,2,3,2,2,2,2,2,2,2,1,0,1,0,3,3,3,3,1,0,1,0,2,2,3,3,4,3,3,3,2,2,4,4,3,3,2,2,5,4,2,4,3,2,3,3,2,4,4,3,4,1,4,3,2,2,3,2,3,19,4,1,2,2,0,5,1,3,2,2,3,4,3,3,9,9,9,3,1,4,4,4,4,4,5,4,4,3,4,5,4,3,3,4,3,5,4,3,5,5,2,2,2,2,2,2,2,2,2,1,2,3,2,2,2,7,6,3,7,5,7,7,4,5,1,67,1,2,6,1,40,0,0,4000,702201,악화,0
31227,2,2,3,3,2,2,3,3,1,0,3,3,1,0,2,3,3,3,2,3,3,3,3,3,2,3,2,2,1,0,1,0,1,0,1,0,2,3,3,5,4,3,3,4,2,3,1,0,1,0,1,0,3,3,2,3,2,2,3,4,2,2,2,2,3,3,2,3,1,0,2,3,1,0,1,0,1,0,3,4,3,3,2,2,3,3,1,0,4,2,3,3,4,4,4,3,4,5,4,5,4,13,1,6,2,2,0,7,5,4,3,4,4,4,4,3,4,3,4,3,2,4,4,4,3,3,4,3,4,3,4,5,5,4,4,5,5,4,4,4,5,4,2,2,2,2,2,2,2,2,2,1,3,2,2,2,2,3,2,2,2,1,2,8,9,9,1,31,4,1,1,1,40,3500,2600,0,155304,변화,생태환경학
31228,2,2,2,3,2,2,3,3,2,2,2,3,2,3,3,3,2,3,3,3,2,3,3,3,3,3,2,2,3,4,2,2,3,3,2,3,2,3,2,2,3,3,3,3,2,2,2,3,2,3,3,3,2,3,3,3,2,3,3,3,2,2,2,3,2,3,3,3,2,3,3,3,3,3,4,6,4,4,2,3,2,2,3,3,3,5,2,2,3,2,2,2,3,2,3,2,3,2,2,2,3,3,1,2,1,1,1,1,4,4,3,4,4,4,4,3,9,3,3,3,3,4,3,4,4,4,3,4,4,4,4,4,3,3,4,4,3,4,3,3,4,4,2,2,2,2,2,2,2,2,2,2,3,2,2,2,2,6,4,3,4,7,6,4,7,6,2,40,3,1,1,1,40,3500,2800,0,884201,귀금속가공기능사 귀금속 보석 세공원 실무 훈련 핸드 메이드 기능 인력 대한 수요,귀금속공예
31229,4,5,4,4,2,3,5,5,4,5,4,5,1,0,2,4,5,6,1,0,3,4,3,3,5,6,1,0,3,4,3,4,5,6,2,4,3,3,4,5,3,4,3,3,3,3,1,0,4,5,1,0,1,0,1,0,4,4,1,0,2,5,1,0,2,4,3,4,3,4,3,4,1,0,5,4,4,5,3,3,1,0,2,5,4,3,4,3,3,4,4,3,2,4,3,3,3,2,5,3,4,17,1,2,1,2,0,7,4,3,3,3,4,4,3,4,3,4,4,4,2,4,5,3,4,2,3,3,2,4,4,3,4,4,4,4,5,5,5,3,5,4,2,2,2,2,2,2,2,2,2,2,3,2,2,2,2,6,7,8,4,2,4,6,3,5,2,30,3,1,1,1,45,3000,2400,0,306401,치위생사 자격증 현재 인력 포화상태,치위생학
31230,3,2,4,3,3,2,4,1,3,3,3,1,3,4,4,3,4,3,5,5,3,3,2,3,2,3,3,2,1,0,4,2,2,1,1,0,1,0,1,0,3,4,4,3,3,3,1,0,2,2,1,0,4,3,3,4,3,4,2,3,1,0,1,0,5,6,4,4,5,5,4,5,5,3,3,3,4,5,5,5,2,2,1,0,2,4,2,5,3,2,3,5,4,2,4,5,2,3,5,4,3,15,2,3,1,1,3,3,4,3,5,5,4,4,5,3,4,5,5,3,1,4,4,4,2,2,3,3,4,4,5,2,4,4,3,4,5,5,4,4,3,4,2,2,2,2,2,2,2,2,2,2,3,3,3,3,2,7,6,8,3,7,7,6,3,3,1,33,4,1,1,1,40,6600,6600,0,621102,자가용조종사 사업동조종사 항공산업기사 업무비행훈련 산불 방지 병원 필요 처가,항공학
31231,1,0,1,0,1,0,1,0,1,0,1,0,1,0,1,0,1,0,2,2,1,0,1,0,1,0,1,0,1,0,1,0,1,0,1,0,1,0,1,0,1,0,1,0,1,0,1,0,1,0,1,0,1,0,1,0,4,5,2,2,1,0,1,0,1,0,4,5,2,2,4,5,1,0,2,3,4,5,2,3,4,6,2,3,4,3,1,0,3,2,4,3,3,2,3,2,3,2,3,2,4,6,1,3,2,2,0,5,2,3,2,2,4,2,2,2,9,3,3,3,2,3,2,3,3,3,2,4,3,4,2,4,4,4,3,4,4,5,3,4,4,4,2,2,2,2,2,2,2,2,2,1,3,3,2,2,2,8,8,7,2,3,4,8,4,2,1,58,3,1,1,1,40,5000,3000,0,623001,공란,스페인학
31232,4,4,4,4,3,3,4,4,4,4,4,4,4,4,3,3,4,4,4,4,4,4,4,4,4,4,4,4,4,4,5,6,4,4,4,4,4,4,4,4,4,4,4,4,4,4,3,3,4,4,4,4,5,6,4,4,5,6,4,4,4,4,5,5,4,4,5,6,4,4,5,6,4,4,4,4,4,4,4,4,4,4,4,4,4,4,4,4,3,4,2,3,4,2,4,4,2,4,3,4,4,6,1,2,2,1,2,4,2,4,3,2,4,4,2,3,2,4,4,4,3,2,3,4,4,4,4,4,2,3,4,4,3,4,3,4,4,5,2,2,4,5,2,2,2,2,2,2,2,2,2,2,3,3,3,3,2,8,6,3,3,5,3,6,7,7,1,48,2,1,3,2,40,4600,3200,0,701401,콘크리트 제조 훈련 재건축 건설 왕성,이과
31233,3,3,2,2,2,3,2,1,1,0,3,2,2,2,3,3,3,2,2,2,1,0,1,0,4,4,1,0,3,2,3,2,1,0,1,0,1,0,3,4,2,2,2,2,1,0,1,0,3,2,1,0,1,0,1,0,1,0,1,0,1,0,2,2,3,3,3,3,3,3,2,2,1,0,3,4,4,4,3,3,4,3,1,0,3,3,2,3,4,4,3,5,4,2,3,3,2,2,3,3,4,3,1,2,2,2,0,6,2,4,5,4,4,4,4,4,5,4,4,4,4,4,4,4,4,5,3,4,4,4,3,3,4,4,4,5,4,3,4,3,4,3,2,2,2,2,2,2,2,2,2,2,2,3,3,3,2,6,5,4,4,4,4,6,7,8,1,32,2,1,1,1,40,3000,2800,0,872101,웰빙 시대 야채 추세,문과
31234,3,4,3,4,2,3,3,4,2,3,2,3,2,3,3,4,2,3,3,4,2,3,3,4,3,4,2,3,2,3,3,4,3,4,2,3,3,4,3,4,3,4,3,4,3,4,2,3,4,5,4,5,4,5,4,5,4,6,4,6,2,3,4,5,3,4,4,5,4,5,4,5,4,5,4,5,4,5,3,4,3,4,3,4,4,5,3,4,3,3,2,3,3,2,3,3,2,3,3,3,3,14,1,3,1,2,0,2,5,3,3,3,3,3,3,3,3,4,4,4,2,3,3,4,4,4,4,2,3,4,4,4,4,4,3,3,3,4,4,4,4,3,2,2,2,2,2,2,2,2,2,1,3,2,2,2,2,8,6,7,3,6,7,8,5,5,1,47,4,1,1,1,40,5500,2400,0,705201,토목기사 기계 대체 불가,토목
31235,4,4,4,5,4,4,4,4,4,5,4,4,3,5,3,4,4,4,4,3,3,4,3,4,4,5,4,4,4,3,1,0,4,5,5,5,3,5,4,4,4,4,4,4,4,5,4,6,2,5,3,5,2,2,1,0,1,0,1,0,3,4,1,0,1,0,1,0,1,0,1,0,3,3,1,0,1,0,1,0,1,0,1,0,1,0,1,0,4,2,3,4,5,3,2,4,2,4,3,2,2,11,1,3,1,2,0,5,5,4,2,3,4,4,2,2,3,2,3,3,2,3,2,4,3,2,3,2,4,3,2,4,3,4,5,4,4,3,2,4,4,4,2,2,2,1,1,1,1,1,1,2,3,3,3,3,2,8,3,6,7,3,7,7,3,6,2,31,4,1,1,1,40,5400,4400,0,31201,투자자산운용사 자산관리사 해외 투자 데이터 정보 투자 전략 세밀 업무 난이도 투자 사람 지원 자도 일자리 제자리,금융마케팅
31236,4,7,3,5,2,3,3,4,4,6,3,5,3,3,4,5,4,6,3,5,3,5,3,4,3,5,3,5,1,0,3,5,1,0,1,0,3,4,1,0,3,4,3,5,4,5,4,4,3,5,3,5,3,5,3,5,2,4,3,4,3,5,3,3,2,3,2,3,3,4,4,5,3,6,3,3,3,3,4,5,2,3,1,0,3,5,3,3,2,3,2,3,3,4,3,3,2,4,3,3,3,13,2,5,2,2,0,2,6,3,3,4,5,5,4,4,4,3,5,4,2,5,4,2,5,4,4,3,4,3,5,4,5,5,3,4,4,5,4,3,4,5,2,2,2,2,2,2,2,2,2,2,3,3,3,3,2,7,6,4,4,3,3,5,8,7,1,32,6,1,1,1,40,4300,4300,0,121101,기초과학 분야 유지,물리
31237,4,5,4,6,4,5,4,4,3,5,4,5,4,4,1,0,4,4,4,5,2,4,3,4,5,5,4,4,4,5,4,4,5,5,3,4,1,0,4,4,3,3,4,4,4,4,1,0,1,0,1,0,1,0,1,0,1,0,1,0,3,4,1,0,1,0,1,0,1,0,1,0,1,0,3,4,3,5,4,4,1,0,2,2,4,5,4,5,4,4,4,3,3,4,4,3,1,4,3,2,3,13,1,4,2,2,0,3,2,3,2,1,4,3,2,2,3,4,2,3,3,4,3,4,4,3,4,2,3,4,4,3,3,3,2,4,4,4,4,3,3,2,2,2,2,2,2,2,2,2,2,2,3,2,2,2,2,7,2,6,4,7,3,3,7,7,2,52,2,1,3,2,42,2200,1700,0,29303,온라인 조사 확대,실업계
31238,4,5,5,5,4,6,4,5,4,6,4,6,4,5,4,6,4,5,4,6,4,5,4,6,4,6,4,6,4,6,4,6,4,5,4,6,4,5,5,6,4,5,4,6,4,6,4,6,4,5,4,6,4,5,4,6,4,6,4,6,4,6,4,6,4,5,4,6,4,6,4,6,4,5,4,5,4,5,4,6,4,6,4,5,4,5,4,5,4,4,3,5,4,4,4,4,4,4,3,5,4,18,2,3,1,2,0,3,5,4,4,4,5,4,4,5,5,4,4,4,4,4,4,5,4,4,4,5,4,4,4,4,4,3,5,4,4,4,4,3,4,4,2,2,2,2,2,2,2,2,2,1,4,2,2,2,1,7,4,5,6,7,6,7,6,8,2,48,3,1,1,1,40,1600,1600,0,521303,국내여행안내사 탄소 녹색 성장 시대 맞이 생태관광 산업 육성,문예창작
31239,3,5,3,5,3,4,3,4,2,4,3,4,3,4,3,4,2,4,2,4,4,5,3,4,2,4,3,4,4,5,3,4,4,5,3,4,4,5,2,4,3,4,4,4,4,5,4,5,4,5,4,5,4,5,3,5,4,5,3,5,3,4,5,5,3,4,3,4,3,5,3,3,3,5,3,4,2,4,2,4,2,4,1,0,3,3,2,4,4,4,3,3,3,1,3,3,3,3,4,2,3,3,1,2,2,2,0,6,4,3,3,3,4,4,3,3,3,4,4,3,3,4,3,4,4,2,2,2,4,4,4,5,3,3,3,3,5,5,3,3,5,3,2,2,2,2,2,2,2,2,2,2,2,2,2,3,1,5,6,8,6,4,6,9,4,3,1,52,3,1,1,1,48,5800,4000,0,16301,제조업 계속 불황 일자리 축소 예상,기계공학
31240,3,4,3,4,1,0,2,2,1,0,4,5,1,0,2,3,1,0,4,5,2,3,1,0,3,4,1,0,4,5,5,6,2,2,2,2,1,0,4,5,3,4,3,4,2,2,1,0,1,0,2,2,1,0,1,0,1,0,1,0,1,0,1,0,3,4,1,0,1,0,1,0,3,4,1,0,2,2,3,4,1,0,1,0,2,2,2,2,2,4,2,3,4,4,4,2,2,3,2,4,2,15,2,5,1,2,0,2,5,4,2,2,4,4,3,3,3,4,4,3,3,4,3,4,3,3,4,3,2,2,5,3,2,3,4,3,3,2,3,4,4,3,2,2,2,2,2,2,2,2,2,1,3,3,3,3,2,3,3,3,7,7,7,3,3,8,1,33,4,1,1,1,40,2500,2000,0,240301,사회복지사 보안 유지 대체 불가,영문학
31241,2,4,4,3,2,4,5,6,2,3,2,3,5,5,3,3,4,4,3,2,3,3,2,2,5,5,3,3,5,3,2,2,5,3,4,3,3,3,4,3,4,3,3,4,4,3,3,3,3,3,3,3,2,3,1,0,2,2,4,4,1,0,1,0,3,3,2,3,2,3,3,3,2,3,3,3,2,3,2,3,4,4,3,3,3,3,3,3,2,3,2,4,4,2,3,4,3,3,4,3,4,18,1,1,1,2,0,4,5,4,3,2,4,4,3,3,3,2,3,3,2,1,3,3,3,3,4,4,3,5,4,4,4,4,3,4,4,5,4,3,3,4,2,2,2,2,2,2,2,2,2,1,4,2,2,2,2,4,7,6,4,5,5,2,7,4,2,26,3,1,3,2,14,2400,2400,0,420403,레크레이션강사 행사 이벤트,국제학
31242,3,4,2,4,3,3,2,3,2,2,3,4,4,2,2,3,2,1,3,2,4,3,2,3,3,2,3,4,2,3,4,2,3,2,3,1,2,1,2,3,3,2,3,2,3,2,2,1,4,3,3,2,3,2,5,3,3,2,2,4,4,3,3,5,3,4,2,3,3,2,3,4,2,1,2,1,1,0,1,0,2,1,1,0,2,3,1,0,4,2,3,3,4,4,3,3,2,4,2,3,1,10,1,4,1,2,0,1,3,3,4,2,4,3,2,3,4,4,5,5,2,4,3,4,3,2,3,2,3,4,3,4,5,4,3,4,4,3,4,4,5,4,2,1,1,2,2,1,1,2,2,2,2,2,2,3,2,8,6,7,5,3,4,7,6,8,1,29,4,1,3,2,50,3400,3200,0,131201,전파통신기능사 전자응용기술사 무선 통신 장비 발전 업무 감소 전산 자동화 발달 인력 수요 감소,정보통신학
31243,4,6,3,5,3,5,4,6,2,2,2,2,2,2,4,6,4,6,4,6,2,2,2,3,4,6,4,6,4,6,2,2,2,2,3,4,4,6,3,3,2,3,2,3,2,2,4,5,4,6,4,6,2,3,2,2,2,2,2,2,4,5,2,2,3,4,4,6,4,6,3,4,3,4,2,2,3,4,3,4,3,4,2,3,2,2,2,2,2,3,3,3,4,3,2,4,2,3,3,4,3,5,1,2,1,1,4,6,5,5,3,3,4,4,2,3,3,5,4,3,1,5,5,4,1,3,3,1,4,3,5,5,4,4,4,4,3,4,1,2,4,4,2,2,1,2,2,2,2,2,2,2,4,3,3,3,2,3,4,5,7,6,5,5,5,5,1,46,4,1,1,1,48,4700,2700,0,155303,폐기물처리기사 폐기물처리기술사 신규법규숙지 폐기물 분류기 설치 환경 규제 환경오염 대한 심각,자원학
31244,4,6,4,6,4,6,4,5,1,0,3,4,2,3,2,3,3,4,3,4,2,3,3,4,3,5,3,5,3,5,3,4,3,4,3,4,3,5,3,4,3,4,3,4,3,4,2,3,3,4,4,6,2,3,1,0,1,0,1,0,3,4,1,0,2,2,1,0,1,0,1,0,2,3,1,0,1,0,1,0,1,0,1,0,3,4,2,2,4,4,2,4,3,4,3,3,4,4,3,4,4,3,1,5,2,2,0,2,5,4,3,4,4,4,3,4,4,3,4,4,1,4,4,4,3,4,4,2,3,3,3,4,5,4,4,4,3,4,4,3,4,3,2,2,2,2,2,2,2,2,2,1,3,3,2,3,1,3,5,4,6,4,5,6,4,5,2,41,4,1,1,1,45,3400,2100,0,411301,출판 산업 다양 화로,국어국문
31245,3,4,3,3,3,3,3,3,3,3,3,4,3,3,4,4,3,4,3,5,3,4,3,4,3,3,3,4,3,4,3,5,3,4,3,4,3,3,3,4,3,4,3,4,3,3,3,3,3,4,3,5,3,3,2,2,2,2,2,3,4,5,3,2,3,3,3,2,2,3,2,2,2,2,2,2,2,2,2,2,2,2,2,2,3,3,3,3,3,2,2,3,3,4,3,3,2,2,2,3,2,13,1,2,2,2,0,4,2,4,2,2,3,2,2,2,3,3,3,3,4,2,3,3,3,3,3,2,2,4,3,4,3,3,3,2,2,3,2,2,3,3,2,2,2,2,2,2,2,2,2,2,2,3,3,3,2,5,7,5,5,5,6,5,5,5,2,48,4,1,1,1,40,4000,2500,0,29303,종이 설문지,경영학
31246,3,5,3,4,2,3,2,2,2,3,3,3,2,3,3,3,3,3,4,5,3,2,3,4,4,5,4,4,4,5,4,4,4,4,4,4,3,4,1,0,2,2,4,4,4,3,3,2,3,3,4,5,5,4,4,4,4,4,1,0,1,0,1,0,3,3,1,0,1,0,2,2,3,3,3,4,5,5,5,7,5,5,5,6,5,6,5,5,4,3,2,4,4,1,3,4,3,3,4,4,3,18,1,3,2,2,0,6,2,4,4,4,2,4,2,3,3,3,4,3,3,2,4,3,3,3,3,3,2,3,2,4,4,4,3,4,4,4,3,3,3,4,2,2,2,2,2,2,2,2,2,1,3,2,2,2,1,9,9,3,3,3,3,5,5,5,1,33,4,1,1,1,60,5800,3000,0,420201,기술 장비 도입 불가능,체육
31247,4,6,4,6,4,5,4,4,3,4,3,5,4,6,3,4,4,4,3,4,3,4,3,5,4,6,4,4,3,4,3,4,3,4,3,4,4,4,4,6,4,4,3,4,5,4,4,5,4,5,3,5,4,4,3,4,4,5,3,4,3,4,4,5,4,4,3,4,3,3,3,4,4,4,3,4,3,4,4,4,3,5,3,4,4,4,3,3,4,3,4,4,4,4,4,3,3,3,4,3,4,7,1,2,1,1,2,2,5,4,4,4,4,4,4,5,5,5,5,5,2,4,4,4,3,3,3,4,5,3,4,5,4,4,4,4,4,4,4,4,4,5,2,2,2,2,2,2,2,2,2,1,3,2,2,2,1,8,8,7,8,8,8,8,8,8,1,72,4,2,5,1,40,0,0,6000,862201,양장기능사 양복기능사 트랜드를 읽을 알아야함 갈수록 관심 변화,의상학
31248,4,4,4,4,4,4,2,4,3,5,4,6,3,5,3,6,4,5,2,2,3,4,3,4,4,5,3,5,3,5,2,3,3,3,3,5,4,4,4,6,4,6,4,6,4,5,4,5,3,5,5,6,2,4,1,0,1,0,1,0,2,4,2,2,1,0,1,0,1,0,1,0,2,4,2,1,1,0,1,0,1,0,1,0,1,0,1,0,4,3,2,3,4,3,2,4,3,3,4,3,3,11,1,6,1,2,0,4,5,3,3,2,4,3,2,4,3,2,2,3,2,3,4,4,4,2,3,3,2,3,3,4,4,3,4,3,5,4,3,3,4,4,2,1,1,2,1,1,1,2,2,2,4,1,1,3,1,3,3,6,7,7,7,5,7,7,2,50,4,1,1,1,40,8400,3400,0,31301,보험계리사 빅데이터 이용 전문 상품 개발 보험 상품 개발,회계학
31249,1,0,1,0,1,0,1,0,1,0,1,0,1,0,1,0,1,0,1,0,1,0,1,0,1,0,1,0,1,0,1,0,1,0,1,0,1,0,2,2,1,0,1,0,1,0,1,0,1,0,1,0,1,0,1,0,1,0,1,0,1,0,1,0,1,0,1,0,1,0,1,0,1,0,4,4,1,0,1,0,3,4,1,0,1,0,1,0,3,3,4,3,3,4,3,3,4,3,3,4,3,9,1,2,1,2,0,7,2,3,4,3,4,4,4,3,4,3,4,3,2,3,3,3,4,3,2,3,3,2,3,3,4,3,3,4,3,2,3,3,3,3,2,2,2,2,2,2,2,1,1,1,3,1,3,3,2,7,4,4,5,3,4,5,6,5,1,31,3,1,1,1,40,3300,2200,0,531401,양식조리기능사 인원 감축 업무 분담 증가 변화,조리학
31250,3,4,3,4,2,5,2,3,4,5,4,5,2,3,3,4,2,3,2,3,4,5,2,3,2,3,2,3,4,5,2,3,2,2,2,1,2,2,2,2,3,4,2,3,2,3,2,1,2,1,2,2,3,6,2,2,2,1,3,5,4,6,2,2,2,3,2,1,2,1,2,1,2,4,2,1,2,1,2,1,2,5,2,6,2,1,2,1,3,3,3,3,3,5,3,4,3,4,3,4,3,13,1,2,1,2,0,4,5,3,3,3,3,4,3,3,3,3,3,3,2,3,3,3,3,2,4,2,3,3,2,4,3,3,2,3,3,4,3,3,4,3,2,2,2,2,2,2,2,2,2,2,4,3,3,3,2,4,4,4,5,5,5,6,4,4,1,39,4,1,1,1,40,4800,3800,0,134101,OCP 스마트폰 이용 마케팅 발전,정보통신공학
31251,3,4,3,3,4,5,4,5,3,4,4,5,3,4,4,4,3,4,4,5,3,4,4,5,3,4,4,4,3,4,3,4,3,3,2,3,3,4,4,4,3,4,4,5,4,4,4,5,4,5,3,4,4,4,4,4,4,5,3,4,4,5,3,4,4,4,4,5,3,4,4,2,4,4,4,5,3,4,2,3,4,5,3,4,2,3,4,5,4,4,3,3,4,4,3,4,4,3,3,4,3,15,2,3,2,2,0,2,5,4,4,4,4,3,4,4,4,5,5,4,2,4,4,4,3,4,4,3,4,4,3,4,4,4,3,4,4,3,4,3,4,3,2,2,2,2,2,2,2,2,2,2,3,3,3,3,2,4,3,6,7,5,5,6,4,5,1,33,4,1,1,1,40,3400,3000,0,413202,지식 정보화 사회 기록물 수집 분석 평가 관리 대한 중요성,문헌정보학
31252,4,5,4,5,4,3,3,4,3,4,3,4,3,4,3,3,3,4,3,4,3,4,3,4,3,4,3,4,3,4,3,4,3,4,3,4,2,4,3,4,3,4,3,4,3,4,3,4,3,3,2,3,3,4,3,4,2,4,2,3,3,3,2,4,3,4,3,3,3,3,3,3,3,4,3,4,3,3,3,4,3,3,3,3,3,4,3,4,3,3,3,3,3,2,3,3,3,2,3,3,3,11,1,4,1,1,6,6,5,3,4,3,3,3,3,3,3,4,4,4,3,3,3,4,3,4,4,3,4,3,3,3,4,4,4,3,3,4,3,3,3,4,2,2,2,2,2,2,2,2,2,1,3,3,3,3,2,6,7,7,7,7,7,5,7,5,1,55,4,1,1,1,62,8000,4500,0,31201,투자자산운용사 금융투자분석사 CFA 금융투자분석사 시스템 개발 일자리 변동,경영학
31253,3,4,4,4,3,3,4,5,5,6,5,5,2,3,3,4,4,5,4,5,3,4,3,5,4,6,3,4,2,2,2,3,2,2,3,3,1,0,1,0,4,6,3,5,2,3,1,0,1,0,1,0,4,5,4,5,4,5,2,3,3,4,4,6,4,5,4,5,3,5,3,5,3,4,4,6,5,5,4,5,3,3,2,3,4,5,1,0,5,5,2,4,5,4,4,3,4,4,5,4,4,6,1,2,1,2,0,1,5,4,4,3,4,4,3,4,4,3,4,4,2,4,3,4,4,3,4,2,4,2,2,4,3,4,4,4,4,5,4,4,4,5,2,2,2,2,2,2,2,2,2,2,2,2,2,3,1,6,5,6,4,4,4,6,5,5,1,47,4,1,1,1,40,4700,3500,0,140601,측량기술사 지적기술사 측량및지형공간정보기술사 경제 상황,도시공학
31254,2,4,3,4,2,4,4,6,1,0,2,4,1,0,3,4,3,4,3,5,1,0,3,4,3,4,1,0,4,5,2,3,1,0,1,0,1,0,4,6,2,3,2,4,3,4,1,0,1,0,1,0,1,0,1,0,2,4,1,0,2,3,1,0,2,4,3,4,2,4,1,0,1,0,1,0,3,5,4,5,3,5,3,5,3,4,3,4,3,5,1,1,3,2,3,4,4,3,4,4,3,11,1,2,2,1,1,1,2,3,2,1,4,3,4,2,3,4,3,3,2,4,4,4,4,3,3,3,4,3,3,4,3,4,4,5,4,5,4,3,4,4,2,2,2,2,2,2,2,2,2,3,1,1,3,3,2,6,7,6,6,4,5,3,5,6,1,59,3,1,1,1,40,4200,2300,0,541201,고객 응대 예절 교육 보안 시스템 발전 보안 기계 발달 감소,마케팅학
31255,3,4,2,2,2,2,3,3,3,4,3,4,2,2,5,4,3,3,3,5,2,1,3,4,5,4,3,5,3,3,3,4,2,2,2,1,2,3,3,3,2,3,2,2,2,3,3,5,3,5,4,5,3,2,4,4,3,4,4,4,1,0,1,0,3,4,2,3,2,3,3,3,1,0,5,5,5,5,3,4,3,3,2,3,5,5,3,4,3,2,3,3,3,2,3,2,3,2,3,2,3,3,1,2,1,1,3,3,4,3,3,2,4,4,3,3,3,3,4,4,2,4,3,3,4,2,3,3,4,3,3,4,2,1,3,2,4,5,3,1,4,5,2,2,2,2,2,2,2,2,2,2,2,3,3,3,2,9,8,7,2,3,4,6,5,4,1,41,4,1,1,1,40,4200,3300,0,813101,금형기술사 금형원 훈련 자동화 시스템 증가 일자리 감소,재료금속공학
31256,4,5,3,4,1,0,3,3,1,0,2,3,3,4,4,5,3,4,2,2,1,0,4,5,3,3,2,2,1,0,2,3,1,0,1,0,2,2,3,4,4,5,3,3,3,3,1,0,1,0,2,3,3,4,4,4,4,4,2,2,4,5,3,4,3,5,3,4,4,5,3,4,1,0,3,3,2,3,3,3,3,3,1,0,3,3,1,0,2,4,2,3,4,2,4,2,3,3,4,3,2,3,1,2,1,2,0,2,2,4,3,3,4,4,3,3,3,2,5,3,3,3,4,4,3,4,3,2,3,4,2,4,4,4,5,4,3,4,4,3,4,4,2,2,2,2,2,2,2,2,2,2,2,2,2,3,1,6,5,5,3,4,4,6,4,4,1,49,2,1,1,1,40,4000,2500,0,873201,식품가공기능사 산업 자동화 영향,인문계(문과)
31257,5,7,5,7,5,7,5,7,5,6,5,7,5,6,5,7,4,5,4,5,5,7,5,7,5,6,4,6,5,7,5,7,5,7,5,6,4,6,3,5,5,7,5,7,5,6,3,4,3,4,3,4,3,4,3,4,2,4,2,3,4,5,3,3,4,5,3,3,3,3,3,2,4,5,2,3,2,3,2,3,2,2,2,2,2,2,2,2,4,4,5,3,3,5,5,2,3,5,3,4,4,15,2,4,1,1,3,7,5,4,4,4,4,4,3,3,4,4,4,4,2,5,4,2,2,3,2,1,3,3,4,4,4,4,3,3,4,4,3,3,4,4,2,2,2,2,2,2,2,2,2,1,4,3,3,3,1,1,1,1,2,2,1,5,6,7,1,33,4,1,1,1,50,5000,4000,0,221101,사범시헙 합격 변호사 자격 최신 법률 해당 전문분야 관련 지식 사법 절차 수요 증가 예상,법학
31258,2,3,3,3,3,3,2,2,1,0,2,3,4,5,3,4,3,3,1,0,1,0,1,0,2,3,2,3,3,4,2,2,2,3,2,1,3,4,1,0,1,0,1,0,1,0,1,0,1,0,1,0,3,4,2,3,3,2,3,3,1,0,1,0,1,0,1,0,1,0,1,0,1,0,2,2,1,0,2,1,1,0,1,0,3,3,2,3,2,2,3,3,3,4,3,4,2,4,4,2,2,10,1,2,2,1,5,4,4,3,3,3,4,4,3,3,3,3,3,2,3,4,3,4,2,3,2,2,3,3,4,5,3,4,3,3,3,4,2,2,4,3,2,1,2,2,2,2,2,2,2,2,2,3,3,3,2,9,7,7,3,3,5,7,3,1,1,30,3,1,1,1,48,2500,2000,0,415502,웹디자인 그래픽 프로그램 최신 기계화,전산학
31259,4,5,5,5,4,5,4,5,5,6,4,5,4,5,3,5,4,6,4,5,4,4,5,6,4,5,4,6,4,5,3,4,3,5,3,4,5,6,4,5,4,6,4,5,3,5,3,4,3,4,3,4,2,3,1,0,1,0,2,4,3,4,1,0,2,3,1,0,1,0,1,0,3,4,2,4,2,3,3,4,2,3,2,4,4,4,3,4,5,4,4,4,4,3,4,4,4,5,4,4,4,16,5,5,2,2,0,5,6,4,4,3,5,5,4,4,3,3,4,5,1,3,3,4,3,3,2,2,4,3,4,4,3,3,4,3,5,5,4,3,4,4,2,2,2,2,2,2,2,2,2,1,3,3,3,3,2,6,5,5,6,4,5,4,5,5,2,52,6,1,1,1,48,8000,4500,0,121103,컴퓨터 활용 어플 시스템 구현,수학교육
31260,3,4,4,5,3,4,3,4,4,5,4,5,4,5,4,6,3,5,4,5,4,5,4,5,4,6,2,3,2,3,3,3,2,2,2,2,3,4,1,0,3,4,4,5,3,4,4,5,4,5,3,4,4,6,4,6,4,5,4,6,4,5,3,4,4,6,4,5,4,5,3,4,2,3,4,5,4,5,4,6,4,6,4,6,3,4,2,3,3,3,3,4,4,3,4,3,3,4,4,4,4,13,1,2,1,1,3,5,5,4,4,4,4,5,4,4,4,4,4,4,2,4,4,2,2,3,2,4,4,4,4,5,3,5,5,4,4,5,4,4,5,4,2,2,2,2,2,2,2,2,2,2,3,1,1,1,1,6,3,3,4,4,6,7,3,4,1,35,4,1,1,1,40,4800,3000,0,151102,CAT 1급 운전 면허증 현장 조사 관계 법령 파악 산업 구조 변화 때문,기계공학
31261,4,5,3,4,4,5,2,2,1,0,2,3,4,5,3,3,2,3,1,0,2,2,1,0,3,4,1,0,2,3,1,0,1,0,1,0,2,2,1,0,2,2,2,2,3,4,1,0,1,0,1,0,1,0,1,0,1,0,1,0,1,0,1,0,1,0,1,0,1,0,1,0,1,0,1,0,1,0,1,0,1,0,1,0,2,2,2,2,4,2,3,2,3,4,2,4,2,3,3,2,3,18,1,2,2,2,0,2,2,3,4,3,3,3,3,3,3,3,3,3,3,2,3,3,3,2,4,3,4,3,3,3,2,3,3,3,4,4,4,3,3,2,2,2,2,2,2,2,2,2,2,1,3,3,3,3,1,4,4,6,6,7,7,4,6,3,2,31,4,1,2,1,52,3300,2800,0,411104,드라마,국어국문
31262,5,7,5,6,4,6,5,6,5,6,4,6,2,3,3,6,4,6,3,5,2,2,4,5,4,5,3,5,3,5,4,6,2,3,2,2,4,6,4,6,4,5,4,6,3,6,5,6,4,5,4,4,3,4,3,4,4,5,3,4,2,2,3,4,3,5,4,5,4,5,3,5,4,5,3,4,4,4,4,5,3,5,4,5,3,4,2,1,5,4,3,3,4,3,3,3,4,3,4,3,4,13,2,2,2,2,0,3,6,4,4,3,3,4,3,4,4,4,4,4,2,5,4,3,4,3,5,4,3,4,3,4,3,5,4,3,4,5,4,3,4,3,2,2,2,2,2,2,2,2,2,2,3,3,3,3,2,6,3,8,7,4,6,3,5,8,1,48,6,1,1,1,40,5500,5000,0,122106,축산 분야 일자리 한정,축산
31263,4,5,5,6,4,4,5,5,4,5,3,4,3,3,2,2,5,5,3,4,4,4,5,6,3,4,2,2,3,4,3,4,3,4,2,3,5,5,3,4,3,4,3,4,5,5,2,2,2,3,3,3,2,2,1,0,1,0,1,0,4,5,1,0,1,0,2,1,2,2,1,0,4,4,2,3,2,2,2,2,2,2,2,2,4,4,2,2,5,4,4,3,4,3,2,3,4,5,4,3,4,16,5,1,2,2,0,5,5,3,3,3,3,3,3,3,9,9,4,3,2,4,4,4,3,5,5,3,2,2,4,5,4,5,2,3,4,5,4,2,4,4,2,2,2,2,2,2,2,2,2,1,2,2,2,2,1,7,6,6,7,5,5,3,6,6,2,40,4,2,5,1,40,0,0,3600,214101,향후 인구 감소 일자리 감소,국어국문학
31264,2,3,2,3,1,0,2,2,1,0,2,3,3,3,2,3,3,4,2,1,1,0,3,4,4,4,1,0,2,2,2,2,1,0,1,0,1,0,1,0,2,2,2,2,3,3,1,0,1,0,1,0,1,0,1,0,1,0,1,0,1,0,1,0,1,0,1,0,1,0,1,0,1,0,4,2,2,2,2,2,2,3,3,5,3,3,4,5,4,2,2,3,3,4,2,4,4,4,3,2,3,18,1,4,2,1,3,3,5,3,4,4,4,4,3,3,9,9,3,3,3,5,4,2,2,2,4,4,4,5,3,4,4,4,3,3,4,3,3,2,3,4,2,2,2,2,2,2,2,2,2,1,4,3,2,3,2,8,6,7,3,4,6,5,6,7,2,43,4,2,5,1,45,0,0,3800,414503,연주가 훈련 사람 여가 관련 문화 활동 증가,관현악
31265,5,4,4,4,5,4,5,4,4,5,4,5,4,4,4,5,4,3,4,3,4,5,5,6,5,5,5,6,5,5,4,6,4,4,3,5,5,6,5,6,5,4,5,6,3,6,3,5,4,5,5,4,4,4,3,3,5,4,4,2,5,4,2,2,3,4,5,3,5,2,5,3,4,4,2,2,3,4,3,3,3,5,3,5,5,4,3,3,4,4,4,3,3,2,4,3,3,3,4,4,4,15,2,4,1,1,4,5,5,3,4,4,3,4,3,4,4,3,4,3,3,3,3,4,3,3,3,1,2,4,3,4,3,4,3,3,4,4,4,4,5,3,1,1,1,1,1,1,1,1,1,2,3,1,1,3,1,7,5,4,5,4,5,4,6,6,2,38,3,1,1,1,50,5500,3000,0,240102,인명구조자격증 동력수상레저조종면허증 인명구조훈련 해상에서 발생하는 각종사고 선박사고 대응훈련 선박 출입 시스템 시스템 변화,유아교육
31266,3,4,3,3,3,4,3,3,3,4,1,0,1,0,1,0,3,4,1,0,1,0,1,0,2,3,1,0,3,3,1,0,1,0,1,0,1,0,3,5,3,4,2,3,3,4,3,3,1,0,1,0,1,0,1,0,1,0,1,0,4,5,1,0,1,0,1,0,1,0,1,0,1,0,1,0,1,0,1,0,1,0,1,0,2,2,2,2,3,4,4,4,3,4,4,2,3,2,4,4,3,15,2,4,2,2,0,7,2,4,4,3,4,4,4,3,3,3,3,3,2,2,2,4,3,3,4,4,4,5,3,4,2,3,3,3,2,4,3,3,5,5,2,2,2,2,2,1,2,2,2,2,2,3,1,3,1,7,7,4,4,4,4,3,3,3,1,29,2,1,1,1,40,2500,2300,0,25301,전산 시스템 도입 인구 감소,문과
31267,5,7,5,7,5,7,4,5,4,6,5,7,4,4,3,4,4,6,3,5,3,5,3,5,2,3,2,3,3,4,3,5,3,5,3,5,3,5,4,5,3,5,4,5,4,5,2,3,2,2,2,2,2,2,2,2,2,1,2,2,2,1,2,1,2,1,2,1,2,1,2,1,4,4,2,1,2,1,1,0,1,0,1,0,1,0,1,0,5,5,4,4,5,5,5,4,4,4,3,4,3,16,5,5,2,2,0,6,7,5,4,4,5,4,4,4,5,4,4,5,1,5,3,3,4,3,4,3,4,4,4,3,4,5,3,3,5,2,3,3,3,4,2,2,2,2,2,2,2,2,2,2,2,3,3,3,2,4,4,5,4,3,4,3,4,3,1,54,6,1,1,1,52,6500,4000,0,110101,점점 관심 줄어듬,철학
31268,4,5,3,4,1,0,3,4,2,3,2,3,3,3,3,3,5,7,3,4,3,3,3,3,5,6,1,0,1,0,1,0,1,0,1,0,3,3,2,3,4,6,1,0,1,0,1,0,2,2,1,0,3,5,3,3,3,3,4,6,2,1,1,0,4,6,3,4,4,4,5,7,3,2,5,6,5,6,4,5,4,5,4,5,5,6,4,6,4,3,3,4,4,3,3,4,4,4,5,4,3,15,2,5,1,1,3,7,4,4,4,4,3,3,2,4,3,4,4,4,2,3,3,4,4,5,4,3,4,4,3,4,5,3,2,4,4,4,4,3,4,4,2,2,2,2,2,1,2,2,2,1,4,2,2,2,2,6,4,3,2,1,4,9,7,3,1,51,4,1,1,1,42,5200,2400,0,812102,항공정비사 정비훈련 장비 도입 교육 훈련 프로세스 개편 헬기 용도 다변 화로 헬기 구매 수요 일자리 증가 예상,기계공학
31269,4,5,4,5,5,5,4,5,2,3,5,5,2,3,5,5,4,5,2,3,4,5,3,5,3,4,4,5,4,6,5,6,5,5,4,6,3,4,5,6,5,6,5,6,4,6,5,5,4,5,4,5,3,4,1,0,1,0,1,0,4,4,4,5,1,0,1,0,1,0,1,0,5,5,1,0,1,0,1,0,1,0,2,3,3,5,2,3,5,4,5,3,4,3,3,5,3,4,4,4,5,13,1,1,1,2,0,6,6,4,4,4,4,5,3,4,9,9,4,4,1,4,4,3,3,3,4,4,3,3,3,4,4,5,4,4,4,4,5,3,4,4,2,2,2,2,2,2,2,2,2,2,2,3,3,2,2,2,4,2,4,2,1,3,1,6,2,47,5,2,5,1,45,0,0,8000,221201,변호사 자격증 변화 과잉 경쟁 임금 저하 초래,법학
31270,4,6,4,6,5,6,5,7,5,6,5,7,5,7,4,6,5,7,5,7,4,6,5,6,4,6,4,6,5,7,5,7,4,6,5,7,4,6,5,6,4,5,4,6,4,6,5,6,4,5,4,6,4,6,4,6,4,7,5,6,4,6,4,6,5,6,5,7,5,6,5,6,4,6,4,6,3,4,3,4,3,5,4,5,4,5,4,4,3,3,3,3,3,3,4,3,3,3,4,4,3,15,2,5,2,2,0,5,6,3,3,3,4,4,4,3,3,3,4,3,3,3,3,3,3,3,3,3,3,3,4,3,3,2,3,2,2,2,3,3,3,4,2,2,2,2,2,2,2,2,2,2,3,3,3,3,2,2,2,2,4,5,5,2,2,2,2,39,4,1,1,1,40,4000,3000,0,122103,식량 산업 도전 가능성 산업,농업학
31271,2,2,2,2,1,0,1,0,1,0,1,0,1,0,1,0,2,2,2,2,2,2,2,2,2,2,1,0,2,2,2,2,2,2,2,2,2,2,3,3,3,3,3,4,3,3,1,0,2,2,2,2,3,3,3,3,3,3,3,3,2,2,3,3,2,3,3,3,3,4,3,3,3,3,3,3,2,2,2,2,2,2,1,0,3,4,2,3,3,2,3,2,2,3,3,3,3,2,4,2,2,3,1,3,2,2,0,2,1,4,3,4,2,2,3,3,2,3,3,3,4,3,3,4,4,5,4,4,4,4,2,4,5,4,4,5,4,4,4,4,4,4,2,2,2,2,2,2,2,2,2,2,2,2,2,2,2,7,6,5,4,5,6,6,7,6,1,34,2,1,1,1,50,2800,1800,0,864201,경기,섬유
31272,2,3,2,3,4,5,1,0,1,0,4,4,5,5,4,4,1,0,1,0,4,5,1,0,1,0,1,0,1,0,1,0,1,0,1,0,1,0,1,0,2,3,1,0,1,0,1,0,1,0,1,0,4,5,1,0,2,4,1,0,1,0,4,5,4,5,1,0,1,0,1,0,1,0,4,5,1,0,1,0,1,0,1,0,4,6,1,0,4,4,4,4,4,4,4,3,3,4,4,2,4,13,2,4,2,1,1,7,6,4,4,4,4,4,4,4,4,4,4,4,2,4,4,4,3,3,4,4,4,4,4,4,4,5,4,4,4,4,4,3,4,4,1,1,1,2,2,1,2,2,2,1,3,3,3,3,1,4,4,4,3,4,5,7,8,7,2,45,5,1,1,1,50,4200,3000,0,122103,농업연구경향교육 자동화 전산 화가 발달 변화 농업 수요 크게,농학
31273,1,0,1,0,1,0,1,0,1,0,1,0,1,0,1,0,1,0,1,0,1,0,1,0,1,0,1,0,1,0,1,0,1,0,1,0,1,0,1,0,1,0,1,0,1,0,1,0,1,0,1,0,1,0,1,0,1,0,1,0,1,0,1,0,1,0,1,0,1,0,1,0,1,0,1,0,1,0,1,0,1,0,1,0,1,0,1,0,1,1,1,1,1,1,1,2,3,1,1,2,2,1,4,1,2,2,0,2,1,3,3,3,3,3,3,3,3,3,3,3,3,3,3,3,3,3,3,3,3,4,3,3,3,3,3,4,3,3,4,3,3,3,2,2,2,2,2,2,2,2,2,3,1,3,3,3,2,6,5,6,6,5,5,5,5,5,2,81,1,2,6,1,18,0,0,2000,901301,농업 기계화,0
31274,4,6,5,7,4,6,3,4,4,5,4,6,4,5,4,6,4,6,3,4,2,3,2,4,4,4,3,4,4,4,4,5,3,4,3,4,4,6,3,5,3,5,3,4,3,4,2,2,2,3,2,2,2,2,2,3,2,3,2,2,3,3,3,4,1,0,1,0,1,0,1,0,4,4,1,0,1,0,1,0,1,0,1,0,2,3,2,3,4,4,4,4,4,5,4,4,4,5,4,4,4,16,5,5,2,2,0,6,7,4,4,3,4,4,4,4,5,5,4,4,2,3,3,4,4,4,3,2,5,4,5,4,4,3,3,4,4,4,2,2,3,4,2,2,2,2,2,2,2,2,2,2,2,3,3,3,1,6,4,4,3,4,5,6,3,2,1,60,6,1,1,1,50,7500,4000,0,110201,상태 지속,정치학
31275,4,5,4,5,5,6,4,6,1,0,4,5,1,0,4,5,2,4,1,0,3,5,3,4,4,5,2,3,1,0,1,0,2,3,2,4,2,4,3,5,3,5,1,0,2,4,1,0,2,4,2,5,1,0,1,0,1,0,1,0,2,4,1,0,1,0,1,0,1,0,1,0,2,3,1,0,1,0,1,0,1,0,1,0,3,4,1,0,4,4,1,3,4,5,5,2,3,3,3,4,5,15,1,1,1,2,0,6,5,5,5,5,5,5,5,4,9,9,4,4,3,3,3,4,4,4,4,2,5,5,4,4,3,4,3,4,3,5,4,2,5,4,2,2,2,2,2,2,2,2,2,3,2,2,2,2,2,6,7,4,3,2,1,4,3,5,2,41,4,2,5,1,40,0,0,6800,29903,행정사 자격증 사무 자동화 시스템 발달,영문
31276,2,2,2,3,2,2,3,2,2,2,2,2,2,2,2,2,2,3,3,4,2,4,2,3,4,3,2,2,3,3,4,4,3,3,3,5,4,3,4,3,3,5,4,3,4,3,3,3,2,4,2,2,2,2,4,5,5,5,4,6,2,2,3,3,3,2,4,6,5,5,5,5,2,3,4,5,2,4,3,4,4,4,3,2,4,4,3,2,5,2,4,4,5,2,4,2,4,2,2,3,5,3,1,1,1,2,0,6,2,3,4,2,2,4,2,3,5,4,5,4,3,4,5,5,4,4,5,4,3,4,4,4,5,4,3,2,4,5,4,3,4,4,2,1,2,2,1,1,2,2,1,3,2,2,3,3,2,6,7,5,7,6,5,5,6,7,1,68,2,2,5,1,40,0,0,2500,885201,옥외광고사 디자인 프로그램 도입 부분 자동화 예전 인력,전기
31277,3,4,3,4,2,3,4,5,1,0,3,4,1,0,1,0,3,4,1,0,2,2,2,2,3,4,2,2,1,0,2,2,1,0,1,0,2,2,2,2,1,0,1,0,2,2,1,0,1,0,1,0,1,0,1,0,1,0,1,0,1,0,1,0,1,0,1,0,1,0,1,0,2,2,1,0,1,0,2,2,1,0,1,0,2,3,2,3,3,3,3,3,4,4,2,4,2,4,4,4,2,13,1,3,2,2,0,4,5,4,3,3,3,3,3,3,3,3,3,3,2,2,2,2,2,2,2,3,3,4,3,4,3,3,4,4,4,3,3,3,3,3,2,2,2,2,2,2,2,2,2,1,4,3,3,3,2,6,4,6,3,3,6,3,4,6,2,38,4,1,1,1,48,4800,2800,0,416301,미디어 증가,국어국문
31278,4,3,3,4,2,3,4,3,3,5,4,4,2,4,5,5,4,3,3,3,2,2,1,0,3,4,3,4,1,0,3,4,4,4,4,4,2,3,2,3,3,3,4,3,4,4,2,4,2,2,3,4,2,3,2,1,4,4,4,4,2,2,2,3,3,4,3,3,4,4,2,3,3,3,3,3,4,3,4,3,3,3,3,2,3,3,4,4,4,4,1,3,3,2,3,3,2,3,4,4,3,3,1,2,2,2,0,2,2,2,1,1,3,3,2,3,2,3,3,3,2,4,4,3,3,2,2,3,5,4,4,4,3,4,2,4,3,4,3,3,4,4,2,2,2,2,2,2,2,2,2,2,2,3,3,3,2,6,6,8,2,4,5,7,3,4,1,52,2,1,1,1,40,4800,2300,0,703201,조선 건설 플랜트 사업 수주 경기 불황,기계
31279,3,3,3,4,1,0,4,5,3,3,1,0,3,2,1,0,1,0,2,3,3,4,2,3,2,3,1,0,1,0,2,2,3,3,2,3,2,2,3,4,2,2,3,4,2,3,1,0,1,0,2,2,4,5,4,5,3,4,4,5,2,2,3,3,2,5,5,6,5,7,4,6,4,5,4,5,4,5,3,3,3,4,3,4,4,5,4,5,4,3,3,4,3,2,3,3,3,4,4,3,3,19,1,2,1,2,0,4,2,3,3,2,3,3,2,4,4,3,4,4,3,3,3,4,4,3,3,4,3,3,3,3,4,3,3,4,3,3,3,2,3,4,2,2,2,2,2,2,2,2,2,2,3,3,3,3,2,6,7,6,5,6,7,6,6,5,1,38,2,1,1,1,40,3600,3000,0,811301,건설기계정비 자격증 변화,자동화기계
31280,3,4,2,3,2,2,2,3,3,3,3,4,3,3,3,3,4,4,1,0,3,3,1,0,1,0,1,0,1,0,1,0,1,0,1,0,1,0,1,0,3,3,2,2,2,3,1,0,1,0,1,0,4,4,5,5,3,3,4,4,3,3,1,0,2,2,4,6,1,0,2,3,1,0,1,0,1,0,1,0,1,0,1,0,1,0,1,0,3,3,2,3,3,4,4,3,3,4,2,2,3,4,1,2,1,2,0,5,4,3,3,3,4,4,4,4,3,3,4,3,2,4,3,4,4,4,3,2,2,3,3,5,3,3,3,4,4,5,4,4,4,4,2,2,2,2,2,2,2,2,2,2,3,3,3,3,2,3,3,3,4,4,5,4,3,4,1,34,4,1,1,1,40,3500,3500,0,153104,산업계측 제어 기술사 변화,전기공학
31281,2,2,3,4,3,4,2,2,1,0,1,0,1,0,2,4,2,3,2,2,1,0,1,0,2,4,1,0,1,0,3,3,1,0,1,0,3,5,1,0,3,4,1,0,2,2,1,0,1,0,1,0,1,0,1,0,3,4,5,4,1,0,2,4,3,4,3,3,3,5,3,3,1,0,3,3,3,4,3,4,3,3,2,2,3,3,2,2,4,4,2,3,3,2,3,2,2,1,3,3,4,6,1,2,1,2,0,2,2,3,2,2,4,4,2,3,3,3,3,3,2,3,3,3,3,3,2,3,2,4,3,4,2,1,1,1,2,4,2,2,4,5,2,2,2,2,2,2,2,2,2,2,3,3,3,3,2,7,8,5,5,5,5,7,3,1,1,45,4,1,1,1,44,4800,2800,0,811601,건설기계정비사 경기 일자리 기존 인력 유지 수준,기계
31282,5,7,5,7,3,5,3,4,2,2,3,4,2,3,3,4,4,5,3,4,4,5,4,5,4,5,1,0,2,3,2,3,3,4,3,5,4,6,4,6,4,6,2,3,4,5,3,5,3,4,2,3,4,6,2,3,3,4,2,3,2,3,1,0,2,3,2,2,2,3,2,3,1,0,3,4,3,4,4,5,2,2,2,3,3,4,3,4,4,4,4,4,4,3,5,3,3,4,4,4,4,17,1,2,1,2,0,6,5,4,4,4,4,4,4,4,4,4,4,4,2,4,4,3,3,2,3,3,2,3,4,4,4,4,4,4,3,4,3,3,4,5,2,1,1,2,2,2,2,2,2,2,4,2,2,2,2,7,6,4,4,5,5,4,6,4,2,33,4,1,1,1,50,7900,7000,0,301201,전문의 의사 병원 인프라 구축 환자 계속 증가,의학
31283,4,4,4,5,4,4,4,5,3,4,2,3,1,0,2,3,4,5,2,3,1,0,4,6,3,4,2,3,4,5,3,4,2,3,1,0,5,6,2,3,3,4,2,3,3,4,1,0,1,0,1,0,1,0,1,0,1,0,1,0,3,4,1,0,1,0,1,0,1,0,1,0,1,0,1,0,1,0,1,0,2,4,1,0,2,3,2,3,3,4,3,3,4,2,3,3,4,3,3,3,3,16,5,2,2,2,0,7,5,3,3,2,4,4,3,4,4,3,3,4,3,3,3,4,3,4,3,3,3,4,3,3,3,4,3,3,2,3,3,3,3,3,2,2,2,2,2,2,2,2,2,2,2,2,2,2,1,3,3,4,4,4,5,4,6,5,1,36,4,1,2,2,22,1724,1300,0,214201,자리,정보통신
31284,2,5,3,4,3,5,3,4,3,5,4,4,2,5,4,4,3,5,2,5,2,5,3,5,3,4,4,4,4,4,2,4,4,5,4,7,3,4,4,5,3,5,3,3,3,5,3,4,3,3,2,5,3,5,3,4,4,3,3,4,2,4,3,4,3,4,2,4,4,4,4,5,2,4,4,5,3,4,3,4,3,5,2,5,4,4,3,4,4,3,4,3,4,2,4,3,2,3,4,3,4,13,1,6,1,2,0,2,3,4,3,2,4,3,3,3,3,3,3,3,3,3,3,3,3,3,3,3,3,3,2,3,2,4,3,3,2,4,2,1,4,4,2,2,2,2,2,2,2,2,2,2,2,3,2,2,1,5,5,5,5,5,5,7,3,3,1,39,2,1,1,1,52,4000,2800,0,832201,전기 전자 수리 서비스 센터 요청 사람,컴퓨터학
31285,2,3,2,2,2,4,3,3,1,0,2,2,4,4,3,4,2,3,4,5,3,3,1,0,2,3,1,0,3,4,2,2,3,2,2,3,1,0,4,4,3,3,2,2,3,3,4,4,3,3,2,2,5,2,1,0,3,4,2,3,1,0,3,5,4,4,3,4,4,3,4,3,1,0,2,3,3,4,2,4,4,3,3,4,3,3,3,2,5,4,4,2,3,2,4,4,3,4,4,3,4,3,4,1,2,2,0,6,2,4,5,4,4,4,3,4,9,9,9,4,4,4,4,3,4,4,4,4,3,4,4,3,4,4,3,4,4,3,4,3,4,3,2,2,2,2,2,2,2,2,2,2,3,3,3,3,2,7,6,5,4,3,4,4,5,6,1,59,2,2,6,1,40,0,0,3300,871201,소비 사람,문과
31286,4,5,4,5,1,0,2,3,1,0,2,3,2,3,1,0,3,3,5,5,2,3,3,4,2,3,2,3,3,4,4,5,2,3,3,4,2,3,3,4,3,4,3,4,4,4,3,5,4,4,4,4,3,3,4,5,3,4,4,5,3,4,4,5,4,4,4,5,4,5,5,5,3,4,4,4,3,3,3,4,3,4,3,5,3,4,2,3,3,3,2,2,3,2,2,5,2,3,3,2,2,19,1,2,1,2,0,2,2,2,2,2,2,3,2,3,2,2,2,2,2,3,3,4,2,3,5,4,2,3,3,3,3,4,3,3,4,4,2,3,4,4,2,2,2,2,2,2,1,1,1,2,4,2,2,2,1,6,6,7,6,3,5,6,3,4,1,52,3,1,1,1,45,4000,2000,0,832101,3D프린터개발산업기사 업무 산업화 발전,전산
31287,3,4,3,4,2,3,2,3,4,5,2,3,2,3,2,3,2,2,2,3,2,3,3,4,2,3,3,4,2,3,2,3,2,3,2,3,2,3,2,3,2,3,2,3,2,3,5,7,3,4,2,3,2,3,1,0,1,0,1,0,4,5,3,4,1,0,1,0,1,0,1,0,2,3,2,3,2,2,2,3,2,3,2,3,3,4,3,4,3,3,2,3,3,4,4,3,3,4,3,3,3,3,1,4,1,1,3,3,3,3,3,3,3,3,3,3,3,3,4,3,3,3,3,2,2,3,3,4,4,5,2,4,3,4,3,4,4,4,3,3,4,4,2,2,2,2,2,2,2,2,2,2,3,2,2,2,1,1,1,3,6,2,2,2,2,6,2,40,4,1,1,1,40,3800,2000,0,26301,전산회계운용사 실습 사무직 일이 부서,세무회계학
31288,4,4,3,4,1,0,3,4,1,0,1,0,1,0,1,0,3,4,3,4,1,0,1,0,3,4,1,0,1,0,3,4,1,0,1,0,1,0,3,4,3,4,3,4,3,4,1,0,1,0,1,0,3,4,1,0,1,0,1,0,3,4,3,4,3,4,3,4,3,4,3,4,1,0,3,4,2,2,1,0,3,4,3,4,3,4,3,4,4,4,4,2,3,2,3,3,3,3,3,4,4,3,1,2,2,2,0,2,2,3,2,2,3,3,3,3,9,9,3,3,3,3,3,4,4,4,3,2,4,3,4,3,4,4,3,3,4,5,5,3,3,3,2,2,2,2,1,1,2,2,2,2,2,2,2,3,2,1,8,7,3,8,2,2,8,8,1,40,1,1,3,2,48,2300,2000,0,813201,기계 교육 필요성 느낌 고도화 제품 출시,0
31289,3,4,3,3,1,0,3,3,1,0,2,2,2,3,2,2,3,3,3,3,2,3,2,3,3,3,1,0,2,2,4,4,1,0,2,3,2,2,3,3,3,3,3,3,3,3,2,2,4,5,1,0,2,3,3,3,3,3,2,3,1,0,2,2,1,0,4,4,5,5,3,4,1,0,4,5,4,5,3,4,2,3,3,4,4,3,3,4,4,4,4,3,3,4,3,3,4,3,4,3,5,17,4,1,1,2,0,1,1,3,2,2,3,4,3,3,9,9,9,3,2,4,4,4,3,4,4,3,4,3,3,4,4,3,3,3,3,4,3,4,4,3,2,2,2,2,2,2,2,2,2,1,3,2,2,2,2,6,6,6,6,6,6,5,5,5,1,77,1,2,6,1,40,0,0,2000,511101,이용사,0
31290,4,5,4,5,4,5,4,5,4,5,4,4,4,5,4,5,4,4,4,5,4,4,4,4,4,5,4,5,4,5,4,4,4,5,4,5,4,4,3,4,4,5,4,4,4,4,3,4,3,3,3,4,4,4,3,4,4,4,4,5,4,4,3,4,3,4,3,3,3,4,3,4,4,4,4,5,4,4,3,4,4,4,4,4,4,5,4,5,4,4,4,3,4,4,3,4,3,4,4,4,3,18,1,2,2,2,0,6,5,3,3,2,4,4,3,3,4,3,4,3,2,4,4,4,4,3,4,4,3,3,4,4,4,3,4,4,4,3,3,4,4,4,1,1,1,1,1,1,1,1,1,2,2,2,2,2,1,7,6,8,6,4,4,3,2,4,1,42,4,1,3,1,40,3800,3300,0,416104,검색 광고 통해 방문자 유효 방문자 파악 효과 상세 경기 불황,영상예술학
31291,3,4,3,4,1,0,1,0,2,2,3,4,1,0,2,3,2,3,1,0,2,3,3,4,1,0,2,3,2,3,1,0,2,3,2,3,2,3,2,2,3,4,2,2,2,3,2,3,3,4,1,0,3,4,3,4,4,5,3,4,3,4,4,5,3,4,2,3,3,4,3,4,1,0,1,0,1,0,2,2,1,0,1,0,2,3,2,4,3,2,2,2,2,4,3,3,2,4,2,3,3,3,1,4,2,2,0,5,5,3,2,2,3,3,3,2,2,3,3,2,4,2,2,2,2,2,2,3,2,4,3,5,2,3,2,4,3,4,2,2,4,3,1,1,2,2,2,2,2,2,2,2,2,3,3,3,2,6,5,3,4,4,5,7,5,5,1,34,4,1,1,1,40,3900,3600,0,154103,용제 정리 프로그램 도입 제조업체 해외진출,화학
31292,3,4,3,3,3,5,3,4,4,5,5,6,1,0,4,4,3,4,1,0,1,0,3,4,1,0,2,3,1,0,1,0,1,0,1,0,1,0,2,3,2,3,1,0,3,3,1,0,1,0,1,0,1,0,1,0,1,0,1,0,5,5,1,0,1,0,1,0,1,0,1,0,1,0,1,0,1,0,1,0,1,0,1,0,4,4,2,3,4,4,3,3,4,5,4,2,4,3,2,3,2,17,5,6,1,2,0,3,4,4,4,4,4,4,3,4,4,4,4,4,2,4,4,5,2,4,4,3,4,3,4,4,4,3,3,4,4,4,4,3,4,4,2,2,2,2,2,2,2,2,2,1,4,3,3,3,2,2,7,2,8,6,8,7,8,7,2,38,4,1,1,1,40,4000,2600,0,307401,의무기록사 의료 정보 구축 인력 수요 증가,보건관리학
31293,3,4,4,5,2,3,4,5,2,3,2,3,5,5,4,4,4,3,4,5,2,3,2,3,3,4,1,0,4,5,4,6,4,5,4,5,2,3,4,4,3,4,5,4,4,5,4,5,1,0,1,0,3,4,1,0,1,0,1,0,5,5,1,0,1,0,1,0,1,0,1,0,1,0,1,0,2,4,2,4,2,3,2,3,3,4,3,4,3,4,2,3,4,3,2,4,3,3,3,3,3,6,1,2,2,2,0,6,4,4,3,3,2,4,3,2,2,3,3,2,4,3,3,3,4,4,3,2,3,4,3,4,3,2,3,3,2,4,3,3,4,4,2,2,2,2,2,2,2,2,2,2,2,3,3,3,2,7,7,6,8,8,9,7,6,8,1,33,4,1,1,1,40,3500,3000,0,415301,건설 경기 갈수록,인테리어디자인학
31294,2,3,4,4,2,2,3,3,3,3,4,5,1,0,3,5,4,4,3,4,3,3,1,0,4,5,1,0,1,0,4,5,1,0,2,2,3,3,2,3,4,4,1,0,1,0,1,0,1,0,1,0,1,0,1,0,5,3,4,4,1,0,1,0,4,3,2,3,1,0,5,4,1,0,3,4,4,5,3,3,5,6,3,4,2,3,2,2,2,3,3,2,3,1,2,2,2,3,4,2,3,3,1,1,2,2,0,3,1,2,2,2,2,2,2,2,2,3,3,3,4,2,1,4,4,3,2,4,2,5,3,4,3,1,3,2,3,5,2,3,3,3,2,2,2,2,2,2,2,2,2,2,4,3,3,3,2,8,7,8,9,9,7,6,4,8,1,32,3,1,1,1,40,2300,2000,0,885201,불황 점포 교체,기계공학
31295,4,6,3,5,4,5,3,5,2,1,3,5,2,2,4,4,3,3,2,2,4,4,4,3,2,2,3,2,3,2,2,1,4,4,1,0,5,6,3,2,4,5,3,4,4,3,2,2,2,2,1,0,1,0,1,0,1,0,1,0,3,2,1,0,2,2,1,0,1,0,1,0,4,3,1,0,3,2,1,0,1,0,2,1,2,2,4,2,3,4,5,5,4,5,5,3,4,5,4,5,4,16,5,4,2,2,0,3,7,5,5,4,4,5,5,4,5,3,5,4,3,5,3,4,4,3,5,5,3,4,5,4,2,2,3,5,4,3,2,3,4,5,2,2,2,2,2,2,2,2,2,2,3,3,2,2,2,3,2,4,7,6,7,7,6,8,1,54,6,1,1,1,40,9000,7500,0,211101,교수 일자리 고정 변화,무역학
31296,4,5,3,4,4,5,4,5,4,5,3,4,2,3,4,5,4,4,1,0,1,0,4,5,2,3,4,5,4,5,3,4,2,3,1,0,5,6,4,5,4,5,4,5,4,4,1,0,3,4,1,0,1,0,1,0,1,0,1,0,2,3,1,0,1,0,1,0,1,0,1,0,1,0,1,0,1,0,1,0,1,0,3,3,3,3,4,5,3,5,5,4,4,4,5,3,3,2,4,4,5,16,5,3,1,2,0,7,5,4,4,4,4,5,4,4,3,4,4,4,1,5,4,4,4,4,4,2,3,2,4,4,4,5,5,5,4,4,4,3,5,5,2,2,2,2,2,2,2,2,2,1,2,1,3,3,1,5,4,3,4,3,2,5,4,7,2,45,4,1,1,1,40,5300,2400,0,212201,초등정교사 자격증 학생 수가,교육학
31297,5,5,5,6,4,5,5,6,2,2,5,6,4,6,1,0,4,4,1,0,4,5,5,6,3,4,5,5,5,5,5,6,5,6,5,4,4,6,5,6,5,6,5,6,4,5,1,0,1,0,5,6,1,0,1,0,1,0,1,0,5,6,1,0,1,0,1,0,1,0,1,0,4,6,1,0,1,0,1,0,1,0,1,0,4,5,4,4,4,5,2,3,4,4,3,5,4,4,5,4,3,13,1,3,1,2,0,6,5,4,3,3,5,5,3,3,3,4,5,4,4,3,4,3,4,4,3,3,4,3,3,4,4,5,3,4,5,4,4,4,4,4,2,2,2,2,2,2,2,2,2,1,3,2,3,3,1,2,2,3,9,1,2,2,9,8,1,54,4,2,5,1,50,0,0,9000,22202,경영지도자 일자리 종류 점점,경영학
31298,3,4,4,4,2,3,2,3,3,3,2,3,1,0,3,3,3,4,1,0,3,3,3,3,3,3,1,0,1,0,1,0,1,0,1,0,1,0,1,0,2,2,1,0,1,0,1,0,2,2,1,0,2,2,2,2,3,2,2,3,1,0,2,2,3,2,2,3,2,3,1,0,1,0,3,3,3,3,2,3,4,4,3,4,3,5,3,4,1,1,2,1,2,1,2,2,1,2,1,2,3,6,4,1,2,2,0,3,1,2,1,1,2,2,1,2,3,3,4,3,4,2,2,4,4,3,4,4,3,2,2,5,4,4,5,5,3,4,4,4,5,3,2,2,2,2,2,2,2,2,2,1,2,3,2,3,2,4,3,3,4,2,2,6,5,7,1,37,3,1,4,1,54,2800,2600,0,702502,업종 선호 직업,자동차학
31299,4,4,4,4,4,4,4,4,3,4,3,4,3,4,3,4,4,4,3,4,3,4,4,5,3,4,3,4,3,4,2,3,2,3,3,3,3,4,3,3,3,3,2,2,1,0,3,4,3,4,4,5,3,4,3,4,3,5,3,3,3,3,3,3,3,4,3,4,2,3,3,4,3,4,4,4,3,4,1,0,1,0,1,0,4,5,1,0,5,4,4,3,3,3,4,3,3,5,4,3,4,8,2,6,1,1,3,6,4,4,3,4,4,4,3,5,5,4,4,5,3,4,3,5,3,3,4,4,4,5,3,4,5,4,4,4,5,4,4,4,5,3,2,2,2,2,2,2,2,2,2,2,4,2,2,3,2,6,5,6,5,4,5,6,5,5,1,40,3,1,1,1,40,6400,0,4000,621403,철도교통관제사 철도안전법 숙지 차량응급조치 장비조작법 비상대응훈련 자동화 설비 증가 경전철 무인 증가 관제 증가,기계전기
31300,2,3,2,2,2,3,3,3,3,3,2,3,1,0,2,3,2,3,1,0,2,3,1,0,1,0,1,0,1,0,1,0,1,0,1,0,1,0,1,0,2,2,2,2,2,3,1,0,1,0,1,0,1,0,1,0,2,4,2,2,2,3,1,0,2,2,2,3,2,2,4,3,1,0,1,0,1,0,1,0,1,0,1,0,2,2,1,0,3,3,2,3,4,2,3,4,3,4,3,2,3,3,1,4,1,2,0,6,3,3,3,3,4,4,3,3,3,3,4,3,2,3,3,4,4,3,3,1,2,3,3,5,3,3,3,4,4,5,3,3,5,4,2,2,2,2,2,2,2,2,2,1,3,3,3,3,2,6,6,6,4,4,5,4,6,6,1,37,4,1,1,1,40,4300,3600,0,153106,전기안전기술사 변화,전기공학
31301,3,3,2,3,2,3,3,3,1,0,3,3,1,0,2,3,3,4,3,3,4,4,2,3,2,2,2,3,1,0,1,0,1,0,3,3,2,3,4,4,3,4,4,4,2,2,3,4,2,2,2,3,3,3,2,2,3,4,2,3,3,3,3,3,3,4,3,3,2,3,3,3,3,3,3,3,2,3,4,4,1,0,1,0,3,3,2,2,5,4,4,3,3,2,3,4,3,4,5,4,4,13,1,3,2,2,0,7,5,4,5,5,4,4,5,4,3,4,4,4,4,3,4,4,3,4,4,3,3,5,3,4,5,5,5,4,4,5,4,4,5,4,2,2,2,2,2,2,2,2,2,1,4,2,2,2,2,3,4,4,3,3,4,6,9,9,1,30,4,1,1,1,40,2900,2600,0,155304,환경문제 급속도,환경공학
31302,3,4,3,5,3,3,3,3,3,4,2,2,1,0,3,3,3,4,2,2,2,2,2,2,4,5,1,0,4,5,2,2,3,4,2,2,2,2,3,5,2,3,2,2,2,2,1,0,1,0,1,0,2,3,1,0,3,4,3,3,2,2,1,0,3,3,3,4,3,3,3,3,2,2,5,4,2,3,1,0,1,0,1,0,5,4,3,3,4,5,3,2,4,4,4,2,3,4,4,3,2,19,4,1,1,1,3,7,4,4,4,3,4,5,3,2,1,4,5,3,2,4,3,5,3,4,5,3,4,3,3,5,3,5,3,4,5,3,4,3,4,4,2,2,2,2,2,2,2,2,2,1,3,3,3,3,2,6,6,6,4,5,5,5,4,4,1,35,3,1,4,1,40,3500,3400,0,307301,안경사 시기능 시력검사 조제가공 안경 착용 사람,안경광학
31303,4,6,5,6,5,5,5,5,5,6,5,5,5,6,5,6,5,5,5,5,5,7,5,4,5,5,5,5,5,5,5,5,5,6,5,5,4,5,5,5,5,6,5,6,5,4,5,6,5,5,5,6,5,6,5,6,5,7,5,6,5,6,5,6,5,5,5,5,5,5,5,6,5,5,5,5,5,6,5,4,5,4,5,5,5,4,5,4,5,4,5,4,4,3,5,2,4,5,4,5,4,19,1,5,2,2,0,4,5,5,4,4,4,5,4,4,3,5,4,5,1,5,4,5,4,4,4,1,5,2,2,5,4,4,4,5,5,5,4,4,5,4,1,1,1,1,1,1,1,2,1,2,3,1,1,3,1,9,1,1,1,5,5,9,5,1,1,58,3,1,1,1,60,7600,3000,0,415301,컴퓨터 프로그램 도입 업무 형식 변화 변화 변화,디자인
31304,4,5,4,5,3,4,3,5,4,5,3,4,3,4,3,4,4,5,1,0,4,2,2,3,3,3,4,4,3,4,3,4,3,3,4,4,3,3,3,3,4,4,4,5,4,4,3,4,2,4,4,6,3,4,2,3,1,0,3,3,4,3,4,5,1,0,1,0,1,0,3,3,4,5,2,2,1,0,4,4,1,0,1,0,2,2,3,3,4,4,2,4,4,4,2,4,2,4,4,3,4,3,1,5,2,2,0,6,5,3,4,2,4,4,4,4,4,4,3,4,1,4,4,5,4,4,3,2,5,4,4,4,3,4,2,4,4,5,4,2,4,4,2,1,2,2,1,2,1,2,2,1,3,3,3,3,2,2,3,7,5,8,8,8,7,2,1,55,4,1,1,1,50,10000,8000,0,11201,자동화 시스템 도입 인원 감축 기업 경영 임원 존재,경영학
31305,5,5,5,4,3,5,3,4,3,5,3,5,2,3,3,5,4,4,3,4,3,4,4,5,4,4,3,4,3,4,2,3,3,4,4,5,2,3,3,4,5,5,4,4,4,4,3,3,3,4,3,4,3,4,5,5,2,3,2,4,4,5,4,5,4,4,3,4,2,3,2,3,3,3,3,4,3,4,2,3,2,4,2,4,3,4,3,4,4,3,4,4,5,5,4,2,4,5,4,4,3,13,4,1,2,2,0,1,4,5,4,3,2,4,4,4,3,4,5,4,3,3,3,4,3,3,4,3,4,3,4,5,4,3,4,3,4,5,4,3,4,4,2,2,2,2,2,2,2,2,2,1,4,2,2,2,1,7,7,5,4,5,4,2,3,4,2,29,4,1,4,2,20,2500,2300,0,416302,종합 유선 방송사 성장 일자리 증가,무용
31306,3,4,4,5,3,4,3,5,2,4,2,3,2,1,5,6,4,4,2,4,2,3,3,3,3,3,4,5,3,5,3,3,3,5,3,4,4,5,4,5,3,5,3,4,2,4,3,3,3,4,2,3,1,0,1,0,1,0,1,0,2,3,2,4,1,0,1,0,1,0,1,0,1,0,2,3,3,3,2,3,3,4,2,2,3,4,3,3,4,4,3,2,3,3,2,4,4,4,3,3,5,17,3,2,1,1,1,7,4,4,4,3,4,3,4,3,3,3,4,3,1,4,5,3,3,3,5,2,4,2,3,4,3,4,4,4,4,4,2,3,4,3,1,1,1,1,1,1,1,2,2,2,1,1,1,3,1,4,4,2,4,4,5,3,3,2,2,53,3,1,1,1,52,4500,2500,0,232901,사회복지사 보육교사 사회복지 관련된 보수교육 직무역량 강화 교육 사회 복지 정보 시스템 서류 작성 결재 전산 업무 분담 사회 복지 아동 시설 근무 저출산 세계 추세 아동 감소 일자리 감소,아동복지학
31307,5,6,5,6,3,4,3,4,2,4,4,5,2,3,3,5,3,4,3,4,2,3,4,6,4,5,3,4,4,5,4,5,2,3,2,3,4,5,3,4,4,5,4,5,4,5,2,3,2,3,3,4,3,4,2,3,3,4,2,3,3,4,2,3,4,5,3,4,2,3,2,3,3,4,4,5,4,5,4,5,3,4,2,3,4,5,3,4,4,3,4,4,4,3,4,4,4,4,4,3,4,17,1,5,1,1,6,5,5,4,4,4,4,4,4,4,4,4,4,4,2,4,4,3,3,2,3,4,3,4,2,4,4,4,4,4,4,4,3,3,4,4,2,2,2,2,2,2,2,2,2,2,4,3,3,3,2,8,8,8,3,3,7,3,3,7,1,29,4,1,1,1,60,6800,5500,0,301112,의사국시 전문의자격 레지던트 외모 중시 분위기 증가,의예
31308,1,0,1,0,1,0,1,0,1,0,1,0,1,0,1,0,2,3,2,3,1,0,1,0,2,3,1,0,1,0,1,0,1,0,1,0,1,0,1,0,1,0,1,0,2,3,1,0,1,0,1,0,1,0,1,0,2,3,1,0,1,0,2,3,4,5,2,3,1,0,2,3,1,0,3,4,3,4,3,4,3,5,3,4,3,4,2,3,3,3,4,3,3,2,3,3,3,4,3,3,3,3,1,2,2,2,0,7,2,4,3,2,4,3,3,3,3,4,3,3,3,3,3,3,3,4,3,3,2,3,3,3,3,4,4,3,3,4,3,4,3,4,2,2,2,2,2,2,2,2,2,2,2,2,2,3,1,6,7,7,7,4,6,6,6,7,1,44,2,1,3,2,44,3421,3100,0,826401,기계 장비 도입 인력,인문계(문과)
31309,4,6,5,6,4,6,3,4,4,4,4,4,4,5,4,5,4,5,3,4,4,5,4,5,2,3,4,5,2,3,4,5,4,5,4,5,4,5,4,6,4,5,4,5,3,4,2,3,4,6,5,7,5,7,5,7,4,6,4,6,4,6,5,7,4,5,4,6,4,5,4,5,5,7,5,6,3,4,3,4,4,5,2,3,4,6,2,3,5,4,2,4,5,4,5,4,5,4,4,4,5,6,1,2,1,1,3,6,5,5,5,5,5,5,5,5,5,5,4,4,4,5,4,4,5,4,5,4,5,4,5,5,4,4,5,4,5,4,5,5,5,5,2,2,2,2,2,2,2,2,2,2,2,2,2,2,2,5,6,4,5,4,5,5,6,4,1,39,4,1,1,1,40,4500,3600,0,140401,조경기술사 조경기사 조경산업기사 조경으로 녹지조성 도시공원등에 대한 교육 전체적인 조경건설 작업 관리 교육 저출산 고령화 요인 신규 주택 건설 시장 위축,도시조경학
31310,1,0,2,2,1,0,3,3,1,0,1,0,1,0,1,0,3,3,1,0,1,0,1,0,1,0,1,0,2,2,1,0,1,0,1,0,1,0,1,0,1,0,1,0,2,2,1,0,1,0,1,0,1,0,1,0,1,0,1,0,1,0,1,0,1,0,1,0,1,0,1,0,1,0,1,0,1,0,1,0,1,0,1,0,2,3,3,3,4,3,3,2,1,3,2,1,2,1,1,2,1,18,4,1,2,1,4,4,2,4,4,3,4,3,3,3,2,2,4,3,2,5,5,3,3,2,2,4,2,5,2,5,5,4,5,4,3,3,3,5,5,4,2,2,2,2,2,2,2,2,2,1,5,2,2,2,2,9,7,9,3,5,8,8,8,6,1,24,2,1,4,2,12,1300,1000,0,416202,워킹연습 표정연습 케이팝 세계 인기 문화 한국 앞서 모델 글로벌화,글로벌비즈니스
31311,2,2,1,0,1,0,1,0,1,0,4,5,1,0,3,4,2,2,2,2,3,4,1,0,4,5,1,0,1,0,2,2,3,4,1,0,4,5,3,4,4,5,2,3,1,0,4,5,3,4,2,3,3,4,3,4,4,5,1,0,1,0,1,0,2,3,4,5,3,4,4,5,4,5,1,0,3,4,4,5,1,0,3,4,2,3,2,3,2,4,3,4,4,2,3,2,4,3,2,2,3,7,1,2,2,2,0,1,5,3,2,2,3,4,3,3,4,3,3,3,2,4,3,3,2,3,3,4,3,4,3,2,3,3,2,3,3,4,4,3,2,4,2,2,2,2,2,2,2,2,2,2,2,3,3,3,2,2,2,3,7,7,5,6,6,4,1,25,2,1,1,1,40,2200,2000,0,881101,기계 자동화,컴퓨터정보
31312,3,6,3,6,3,5,2,5,5,6,4,6,3,3,4,5,3,5,2,3,3,5,2,2,2,3,2,4,2,2,2,3,2,5,2,4,2,4,2,1,3,4,3,5,2,3,2,2,2,1,2,3,3,4,1,0,1,0,1,0,3,6,2,2,2,2,1,0,1,0,1,0,2,2,2,1,2,1,2,1,2,1,2,1,2,1,2,1,4,4,4,4,4,5,4,3,3,4,3,3,4,11,1,6,1,2,0,5,5,4,4,4,4,4,3,4,3,4,4,4,1,4,4,3,4,2,4,3,3,3,3,4,4,4,3,3,3,4,3,3,4,3,2,2,2,2,2,2,2,2,2,1,4,3,3,3,1,2,4,3,2,4,4,7,4,4,1,45,4,1,1,1,40,9000,5000,0,31301,보험계리사 금리 기조 보험료 대한 통계 산출,경제학
31313,3,3,4,6,4,6,4,6,4,6,4,6,2,3,4,5,4,6,4,6,4,6,4,6,5,6,1,0,5,6,4,6,1,0,1,0,1,0,5,6,5,6,4,6,2,2,1,0,3,6,1,0,4,6,1,0,4,5,4,5,4,6,2,1,4,5,4,6,2,2,2,2,1,0,5,7,5,7,1,0,1,0,2,2,3,3,2,3,5,4,3,3,4,4,5,5,4,4,5,4,5,13,2,3,2,2,0,2,6,5,4,4,5,5,4,4,3,4,4,3,1,4,4,4,3,4,5,3,4,4,4,4,3,5,5,4,3,4,4,3,4,3,2,2,2,2,2,2,2,2,2,2,4,3,3,3,2,3,6,7,6,7,7,6,5,4,1,31,5,1,1,1,40,4600,4300,0,121106,산업 기본 분야 요구 부분,천문학
31314,4,4,3,4,4,4,3,3,3,3,3,4,3,5,3,4,4,4,4,4,4,5,3,5,3,6,4,5,3,4,4,5,3,6,4,5,4,5,3,6,3,4,4,4,4,5,4,4,4,4,4,5,3,5,3,6,4,4,4,4,4,4,3,5,4,4,4,4,3,5,3,5,4,4,3,3,3,4,4,4,3,3,3,4,4,4,2,5,2,4,4,3,4,4,3,4,3,4,3,4,4,18,4,2,2,2,0,2,4,4,4,4,3,3,2,3,4,4,4,4,4,4,4,3,2,4,4,4,3,4,3,3,4,4,3,3,5,4,3,4,4,3,2,2,2,2,2,2,2,2,2,4,3,3,3,3,2,7,3,7,8,3,4,7,6,6,2,35,4,1,4,2,20,3000,2000,0,417201,연예인 항상 매니저,중국어
31315,4,5,3,4,4,5,3,4,2,3,4,5,2,2,4,5,2,3,5,6,2,2,3,4,4,6,2,3,2,2,3,4,4,5,3,4,3,4,2,3,4,6,3,4,4,6,3,4,2,3,2,3,4,5,4,6,2,3,4,5,4,5,4,5,3,4,4,5,2,2,3,4,4,5,3,4,2,2,1,0,1,0,1,0,3,4,3,4,4,2,3,4,5,3,3,4,3,4,5,2,3,6,1,5,1,2,0,7,5,4,4,3,4,5,2,4,4,3,4,4,2,4,4,2,2,2,2,2,3,5,4,4,5,4,4,4,4,5,2,2,3,4,2,2,2,2,2,2,2,2,2,1,2,3,3,3,2,7,7,3,3,4,2,3,6,6,1,56,4,1,1,1,40,7500,2800,0,140205,건축감리사 신규 주택 건축 시장 위축,건축학
31316,3,3,3,5,2,2,3,3,4,4,3,3,1,0,3,5,4,4,3,3,2,3,3,4,4,5,2,3,3,4,3,3,2,2,2,2,3,4,3,3,3,3,3,2,2,3,1,0,1,0,2,3,1,0,1,0,3,3,3,4,2,1,1,0,4,4,4,4,4,6,4,6,1,0,5,5,5,5,3,3,3,3,3,3,4,4,3,3,4,4,1,3,4,1,3,3,3,3,4,3,3,3,1,6,1,2,0,3,2,2,2,2,3,2,1,2,1,2,2,2,3,3,3,5,4,4,2,3,1,5,4,4,5,4,4,5,3,4,4,2,4,3,2,2,2,2,2,2,2,2,2,2,3,3,3,3,2,7,7,9,5,7,7,9,4,1,1,42,3,1,1,1,40,5500,2800,0,851101,화공기사 화학산 계속 발전 것이므,화학
31317,3,4,3,5,3,3,3,4,3,4,4,4,2,2,5,5,3,3,2,2,5,5,2,2,3,4,1,0,3,4,2,3,3,3,1,0,4,4,3,4,5,4,3,3,2,2,1,0,1,0,1,0,1,0,1,0,1,0,1,0,4,4,1,0,1,0,1,0,1,0,1,0,1,0,1,0,1,0,1,0,1,0,1,0,3,3,3,3,2,3,2,3,2,4,3,2,2,3,2,4,3,8,1,2,2,2,0,7,4,3,2,2,3,3,3,3,3,3,4,3,4,2,3,4,2,3,4,3,5,2,4,3,3,2,2,2,3,4,3,3,4,4,2,2,2,2,2,2,2,2,2,2,2,2,3,3,2,6,5,6,3,5,7,5,6,6,2,28,4,1,1,1,40,2700,2400,0,28204,전산 화가,경영학
31318,3,5,3,5,3,5,2,5,1,0,2,4,4,5,3,4,2,5,2,4,2,4,2,3,2,4,2,4,3,5,2,4,2,4,3,4,2,4,2,4,3,5,3,5,3,4,2,4,2,4,3,5,3,5,2,4,2,4,2,4,3,5,1,0,3,5,2,4,2,4,2,3,3,5,2,4,3,5,3,4,2,4,2,4,3,5,3,4,4,4,3,3,4,4,2,3,3,4,4,4,3,18,1,5,2,2,0,6,5,4,3,3,3,4,3,3,2,2,3,3,2,4,3,4,3,2,3,4,4,4,3,4,3,2,3,4,2,4,3,3,4,4,2,2,2,2,2,2,2,2,2,2,2,3,2,3,1,4,5,5,6,4,7,6,5,5,2,35,4,1,1,1,40,3500,3000,0,416104,기능 발전 일자리 감소,광고홍보디자인과
31319,5,7,4,5,4,6,5,7,4,6,5,6,5,6,5,6,4,5,5,6,5,7,5,6,5,6,5,6,5,6,4,6,5,7,5,6,4,6,5,7,5,6,5,6,5,7,4,6,5,6,5,6,1,0,1,0,1,0,1,0,1,0,1,0,1,0,3,4,3,3,3,4,2,3,3,3,2,4,3,4,3,4,3,4,4,5,4,4,4,4,4,4,3,4,4,4,4,3,4,4,3,16,5,5,1,2,0,6,7,3,3,4,4,4,4,3,4,4,4,4,3,4,3,3,3,3,4,3,4,4,5,3,3,3,3,3,3,3,3,3,3,4,2,2,2,2,2,2,2,2,2,2,3,3,3,3,1,2,3,6,7,5,7,4,5,8,1,64,6,1,1,1,50,9000,4000,0,110202,박사학위 상태 유지,경제학
31320,2,2,2,3,2,2,2,2,2,2,2,3,2,2,2,4,3,3,3,3,2,2,3,5,2,3,3,5,3,5,4,6,3,5,3,4,4,6,2,2,3,4,4,6,4,6,2,2,2,2,4,6,2,3,2,2,3,5,2,2,2,2,2,1,2,1,2,3,2,2,2,2,3,4,2,2,3,4,3,3,4,5,3,5,3,3,2,2,4,4,2,2,3,1,2,4,1,2,4,3,3,16,5,4,2,2,0,1,5,4,3,3,4,3,3,3,9,3,3,3,2,4,3,3,4,4,4,3,3,3,3,3,3,3,4,4,4,5,4,3,5,4,2,2,2,2,2,2,2,2,2,2,2,2,2,3,2,4,3,4,6,5,4,7,3,6,1,49,4,1,1,1,40,5400,2500,0,420101,인구 감소,체육
31321,3,5,3,5,3,4,3,4,4,5,4,5,3,5,4,4,4,4,3,5,3,5,3,5,4,5,4,6,4,5,3,5,4,5,3,4,4,5,4,5,4,5,3,4,4,5,4,5,3,5,3,4,4,5,3,5,4,5,4,5,4,5,4,6,3,4,2,2,2,2,2,2,2,4,3,4,3,4,2,4,3,4,3,4,3,4,3,4,4,3,2,4,3,4,4,4,3,3,3,2,2,3,1,2,2,1,2,2,4,4,3,3,3,3,3,4,5,4,4,4,4,3,3,3,4,3,4,3,3,3,3,3,3,4,3,3,4,3,3,4,3,3,2,2,2,2,2,2,2,2,2,2,1,2,2,2,2,6,5,5,6,5,5,7,7,6,1,40,3,1,1,1,45,3900,2800,0,28401,생산관리 경기 침체,컴퓨터학
31322,1,0,1,0,1,0,1,0,1,0,1,0,1,0,1,0,1,0,4,5,1,0,1,0,5,6,1,0,1,0,1,0,1,0,1,0,1,0,4,5,3,4,3,4,1,0,1,0,1,0,1,0,1,0,1,0,1,0,1,0,1,0,1,0,2,3,4,4,3,4,4,5,1,0,1,0,4,5,4,5,4,5,4,5,5,5,3,4,4,4,4,4,4,2,4,2,3,4,4,4,5,8,1,4,1,1,6,6,2,3,2,3,4,3,3,4,9,4,5,4,2,4,4,4,3,2,4,2,4,3,3,5,3,4,3,3,4,5,3,4,5,3,2,2,2,2,2,2,2,2,2,1,3,2,2,2,2,7,7,4,6,4,7,5,6,5,1,58,2,1,1,1,40,4800,3000,0,622201,1종대형운전면허 운전연습 향후 유지,기계
31323,4,6,5,6,4,6,4,6,4,6,4,6,4,6,4,6,4,6,4,6,5,5,5,6,4,6,4,6,4,6,4,6,4,6,4,6,4,6,4,6,4,6,4,5,5,5,5,6,4,6,4,6,4,6,4,6,4,6,4,6,4,6,4,6,4,6,4,6,4,6,4,2,4,6,4,6,4,5,4,6,4,6,4,6,4,6,4,6,4,5,4,4,4,5,4,4,4,5,4,4,4,18,1,5,2,2,0,6,5,4,4,4,4,4,4,4,5,5,4,4,4,4,4,4,3,4,5,4,4,4,4,4,5,4,3,4,4,5,4,3,4,4,2,2,2,2,2,2,2,2,2,1,4,2,2,2,2,7,5,6,7,7,5,7,3,4,2,37,4,1,1,1,40,4000,2800,0,411104,방송 통신 융합 유튜브 인터넷 방송 확대,문예창작
31324,5,6,4,6,3,5,3,5,4,5,5,6,2,4,4,4,3,4,1,0,3,4,3,5,3,4,4,5,1,0,2,3,3,4,1,0,4,6,1,0,3,4,4,5,3,4,4,5,1,0,5,5,1,0,1,0,1,0,1,0,3,5,4,5,1,0,1,0,1,0,1,0,3,4,1,0,1,0,1,0,1,0,1,0,2,4,1,0,3,2,2,4,5,4,4,2,3,4,4,4,3,16,5,5,2,1,1,6,7,4,4,4,5,5,5,5,5,5,5,5,1,5,5,4,4,3,4,2,5,2,4,4,4,5,3,4,5,4,4,3,3,2,2,1,1,1,1,2,2,2,2,1,2,1,1,3,1,3,4,3,6,5,6,6,5,4,1,52,6,1,1,1,40,10000,5000,0,13101,교수법 비대 원격 교육 컨텐츠 제작 개발 학생 수가 단순 지식 전달,교육학
31325,5,4,5,4,5,4,3,2,4,5,3,3,3,2,4,3,4,3,4,3,2,1,2,2,1,0,2,1,2,2,3,3,3,2,3,2,5,5,3,2,2,3,3,5,3,2,4,3,3,5,4,6,3,3,3,5,3,6,2,3,3,4,4,5,4,3,2,4,3,4,3,3,1,0,2,4,3,2,3,2,4,3,2,3,3,4,3,3,2,3,3,3,3,3,3,3,2,3,4,3,3,13,1,3,1,1,5,5,2,3,2,1,3,4,2,3,3,4,3,3,4,2,1,3,2,2,2,1,2,3,3,5,3,3,3,3,2,4,2,3,4,3,2,2,2,2,2,2,2,2,2,1,3,3,3,3,2,5,5,5,5,5,5,3,3,5,2,25,4,1,1,1,45,2700,2280,0,155301,대기환경기사 고객응대 고객 접대 폐기물 계근 프로그램 숙지 올바로 시스템 숙지 환경관련 서류 정리 상태 유지,환경공학
31326,5,5,4,5,2,4,2,5,4,5,5,6,5,6,3,4,4,5,1,0,4,5,3,4,4,5,4,5,4,5,3,3,2,4,2,4,3,3,3,3,4,5,4,5,5,6,4,5,4,5,2,3,4,5,5,6,4,5,5,5,2,2,4,5,4,5,4,5,4,5,5,5,1,0,3,5,4,5,2,4,3,4,4,5,3,3,3,2,5,4,4,3,4,2,4,4,4,3,3,3,4,13,1,2,1,2,0,7,4,3,2,2,3,3,3,3,3,3,3,3,3,3,3,3,3,3,3,4,4,4,3,5,4,4,4,4,5,5,5,2,5,3,2,2,2,2,2,2,2,2,2,2,3,2,2,2,2,5,6,5,7,6,4,7,4,3,1,34,3,1,1,1,40,3900,2500,0,306701,보조기사자격증 수요,의료보장구학
31327,3,4,5,5,2,5,3,5,3,5,5,6,4,6,4,6,3,5,4,6,4,5,3,5,4,6,2,3,4,6,3,5,4,6,4,5,3,5,4,6,4,6,4,5,5,7,2,4,3,4,3,5,4,5,2,4,5,6,4,5,2,3,3,5,4,6,4,5,4,6,5,6,3,4,4,6,3,5,3,4,5,6,2,4,3,5,3,4,3,4,2,3,4,2,4,3,3,3,4,4,2,15,2,3,1,1,2,3,4,4,3,3,4,4,3,3,3,3,3,3,2,3,3,3,4,4,4,2,3,3,4,3,4,3,3,4,4,5,4,3,3,4,2,2,2,2,2,2,2,2,2,1,4,3,1,1,2,6,7,8,5,6,7,6,4,5,1,35,3,1,1,1,40,3600,2200,0,307101,1급응급구조사 응급처치교육 CPR심폐소생술 응급환자 증가,간호학
31328,3,4,4,5,1,0,5,6,3,4,3,4,2,2,4,4,3,3,3,3,3,3,3,3,3,4,3,4,3,3,3,3,2,3,2,2,1,0,3,3,2,2,3,3,2,2,3,3,2,2,4,4,3,3,1,0,1,0,1,0,4,4,3,3,4,4,3,3,2,3,2,2,2,2,3,3,2,3,4,4,2,3,3,3,2,3,2,2,5,4,4,4,4,4,4,4,4,3,4,3,4,3,1,3,2,1,5,4,2,3,3,3,5,4,4,4,4,5,4,5,3,3,3,4,3,4,3,4,4,4,4,4,4,4,4,4,5,5,5,3,4,4,2,2,2,2,2,2,2,2,2,4,4,2,2,2,2,7,7,7,5,3,2,4,4,7,1,56,3,1,1,1,40,4000,3000,0,15101,영업 관리 자동화 증가 일자리 증가,전기공학
31329,4,5,3,5,3,4,3,5,4,4,2,3,4,5,3,5,3,4,3,3,3,4,3,3,4,5,4,5,4,5,3,3,4,5,2,4,2,2,4,5,3,4,4,5,3,3,3,4,3,5,2,2,2,3,1,0,3,5,3,3,5,6,4,5,2,2,3,5,3,2,2,2,4,5,3,5,3,4,3,3,3,4,3,3,3,3,2,3,5,4,4,3,5,4,4,4,4,4,5,3,4,7,1,2,2,2,0,2,4,4,3,3,4,4,3,3,2,4,5,4,2,2,3,4,3,4,3,2,4,2,1,5,4,4,3,4,3,4,5,4,4,4,2,2,2,2,2,2,2,2,2,2,4,1,1,3,1,5,4,5,4,3,4,7,6,7,2,36,3,1,1,1,40,2500,2000,0,615301,현대인 생활 패턴 필요성 급증,정보통신학
31330,2,2,2,3,1,0,2,2,5,5,3,2,2,4,3,4,3,3,5,5,2,2,3,4,5,5,3,4,1,0,2,2,2,2,2,2,1,0,2,3,5,4,5,4,2,3,1,0,1,0,1,0,5,5,2,4,4,5,3,3,1,0,2,3,3,3,3,4,3,4,4,4,3,4,4,4,4,4,3,4,3,4,2,2,2,3,2,2,4,4,2,4,4,2,4,4,3,4,4,3,3,3,1,4,1,1,1,2,2,2,3,2,3,4,3,4,2,3,4,4,2,3,3,2,2,1,3,2,2,2,2,4,2,2,2,2,3,4,3,2,4,3,2,2,2,2,2,2,2,2,2,2,2,2,2,2,2,6,6,5,4,3,4,7,3,3,1,39,2,1,3,2,40,4000,3800,0,623001,크레인운전기능사 기증기운전기능사 현장파악 실제감각 익히기 건설 경기 침체 영향,이과
31331,5,7,4,5,3,5,3,4,4,6,4,6,4,5,4,6,4,4,3,4,3,5,3,4,3,5,4,6,4,6,2,3,3,4,4,6,3,4,4,6,4,5,4,6,3,4,4,5,1,0,3,5,1,0,1,0,1,0,1,0,3,4,1,0,1,0,1,0,1,0,1,0,1,0,1,0,1,0,1,0,1,0,1,0,1,0,1,0,3,2,3,3,4,2,3,2,4,4,2,3,2,11,1,2,2,2,0,3,4,4,2,2,4,4,3,3,2,4,3,3,4,3,3,2,3,2,4,3,3,4,4,4,3,5,4,3,4,4,3,3,4,4,2,1,2,2,2,2,2,1,1,2,2,3,3,3,1,7,7,3,3,4,6,3,6,5,2,45,4,1,1,1,40,6700,3200,0,32301,보험 상품 세분 화로 공부 분야 업무 난이도 증가 국내 보험사 글로벌 보험사 해외 지사 실제 국내 일자리,경영학
31332,4,6,5,6,5,6,5,6,5,6,5,7,4,6,5,6,5,6,5,6,5,6,5,6,4,6,5,6,5,7,5,6,5,6,5,6,4,6,4,6,4,6,5,7,5,6,5,6,4,5,4,6,5,6,4,6,4,6,5,6,4,6,4,6,4,5,5,6,5,6,5,6,4,5,4,6,5,6,3,5,4,6,4,6,4,6,4,6,4,4,3,2,3,3,4,3,3,3,3,3,3,15,2,5,2,2,0,5,6,3,3,3,4,4,4,3,3,4,4,3,3,3,3,3,3,3,3,3,3,3,4,3,3,3,3,3,2,2,3,3,3,4,2,2,2,2,2,2,2,2,2,2,3,3,3,3,2,2,3,4,5,5,5,3,5,5,1,36,5,1,1,1,50,4200,2800,0,155103,상태 유지,에너지공학
31333,2,3,2,2,2,2,3,4,2,3,2,3,2,3,2,2,3,3,2,3,2,3,2,3,1,0,2,3,3,3,3,3,3,4,3,3,2,3,4,4,2,3,3,4,3,3,3,3,3,3,3,3,2,3,1,0,1,0,1,0,2,3,1,0,3,2,2,3,2,2,2,2,3,4,1,0,1,0,1,0,2,2,1,0,2,2,2,2,3,3,2,2,2,4,2,2,4,2,3,2,3,19,1,2,2,2,0,5,2,2,2,1,3,2,3,2,2,3,3,3,4,1,1,4,2,2,2,3,1,4,2,5,2,2,2,2,3,4,3,3,4,4,2,2,2,2,2,2,2,2,2,1,3,2,2,2,1,8,8,8,2,2,3,4,4,4,2,40,3,1,1,1,40,4000,2000,0,615401,자동화 기계화 업무,사회복지
31334,2,3,3,5,3,5,4,5,4,4,4,5,3,4,4,5,2,3,3,5,4,4,4,5,4,4,3,4,4,5,2,4,4,4,2,4,4,4,4,4,2,4,4,4,2,4,4,3,4,3,3,5,3,4,4,4,2,4,4,4,2,4,4,4,2,4,4,4,2,4,2,4,3,4,4,5,3,3,2,2,3,3,4,4,4,3,3,5,3,2,3,2,3,3,4,4,3,4,3,4,3,10,1,1,2,2,0,1,5,4,3,3,4,3,4,4,3,4,3,4,3,4,3,4,3,4,3,3,4,3,4,3,4,3,3,2,2,3,4,4,3,3,2,2,2,2,2,2,2,2,2,2,2,3,3,3,2,6,5,7,6,5,6,5,6,5,2,29,4,1,1,1,40,3000,2300,0,29901,장비 도입 감소,신문방송학
31335,4,4,4,4,2,3,4,5,1,0,2,3,1,0,1,0,3,4,1,0,2,3,3,4,2,3,3,4,3,4,2,3,2,3,3,3,2,3,2,3,2,3,2,4,3,4,1,0,1,0,1,0,1,0,1,0,1,0,1,0,2,3,1,0,1,0,1,0,1,0,1,0,1,0,1,0,1,0,2,3,3,4,2,3,2,3,3,4,4,4,3,3,3,3,3,3,3,4,3,3,4,17,1,2,1,2,0,1,4,3,3,3,4,3,4,3,3,4,4,3,3,3,3,2,3,2,3,3,3,3,3,3,4,3,3,2,3,3,4,3,4,4,2,2,2,2,2,2,2,2,2,1,4,2,2,3,1,4,3,5,6,4,4,5,4,6,1,38,4,2,5,1,42,0,0,2999,231201,전문상담교사 현대인 스트레스 증가 상담 대한 관심,심리학
31336,4,6,4,6,4,6,4,6,4,6,4,6,4,6,4,6,4,6,4,5,4,6,4,5,4,5,4,5,4,6,4,5,4,6,4,6,4,5,4,6,4,5,4,5,4,5,4,6,4,4,4,5,4,5,4,5,4,5,4,4,3,4,3,5,4,5,3,5,3,5,3,5,4,5,4,6,4,5,4,5,3,3,3,5,4,5,4,5,4,3,4,4,4,3,3,4,2,4,4,4,3,18,1,4,2,1,2,6,5,3,3,3,4,4,3,3,3,4,3,3,3,4,4,4,4,4,4,4,3,3,3,3,4,4,4,4,4,4,3,3,3,3,2,2,2,2,2,2,2,2,2,2,4,2,2,2,1,2,2,4,3,5,4,5,4,6,1,38,4,1,3,1,40,4200,3300,0,416102,연구자와 제작진이 리허설 준비 영화 관람객 증가,영화학
31337,4,6,3,5,2,3,4,4,4,4,2,3,2,2,3,3,3,5,3,3,2,2,3,4,3,3,3,5,4,5,3,5,3,5,3,5,3,3,4,6,4,4,4,5,4,4,4,4,2,3,2,3,2,2,2,2,1,0,1,0,3,5,1,0,2,2,2,2,2,2,2,3,3,3,1,0,2,3,3,3,2,2,2,2,3,3,2,2,3,4,3,3,3,4,4,3,2,5,3,5,5,11,1,2,2,2,0,4,5,4,4,5,3,3,4,3,3,3,4,3,2,4,3,4,3,2,2,5,4,4,3,3,4,5,4,2,5,3,4,3,4,5,2,2,2,2,2,2,2,2,2,2,2,3,3,3,1,4,5,4,4,3,2,4,3,6,1,36,4,1,1,1,40,5400,2800,0,32101,인공 지능 시스템 업무 대체 업무 디지털화 업체 증가 일자리 감소,수학
31338,4,5,4,5,4,5,4,6,4,5,4,5,4,5,4,5,4,5,4,5,4,5,4,5,4,5,4,5,4,5,4,5,4,5,4,5,4,5,4,4,4,5,4,5,3,5,3,5,4,5,3,5,3,5,3,5,3,5,4,5,4,5,3,5,3,5,4,5,3,5,3,5,4,5,3,5,3,5,4,4,3,5,3,5,4,5,3,5,4,4,3,4,4,4,4,4,3,4,4,3,4,13,1,2,1,2,0,2,5,4,3,3,4,3,4,4,5,4,5,5,2,3,3,4,3,4,3,3,3,4,4,4,3,4,4,4,3,4,3,4,4,3,2,2,2,2,2,2,2,2,2,2,2,3,3,3,1,8,7,6,7,7,7,7,8,7,1,43,4,1,1,1,45,6500,2300,0,134101,OCP 자격증 제조 기술 발달,전자공학
31339,4,5,4,3,3,4,4,4,4,4,4,4,4,4,2,3,3,3,3,3,4,4,4,5,3,3,3,4,4,4,3,4,3,3,4,5,4,4,3,4,3,4,3,3,3,4,3,4,3,4,3,4,2,2,1,0,1,0,1,0,2,2,1,0,1,0,1,0,1,0,1,0,1,0,3,4,3,4,2,3,2,3,3,3,3,4,3,3,3,4,2,3,3,2,3,4,2,3,3,3,3,16,5,1,1,2,0,2,5,3,3,2,4,3,3,3,3,4,4,3,3,4,3,3,3,3,4,3,3,3,4,4,4,4,3,4,4,3,4,3,3,4,2,2,2,2,2,2,2,2,2,3,2,2,2,2,1,5,6,5,6,5,5,5,5,6,2,49,4,1,1,1,46,3100,2000,0,213001,유치원2급정교사자격증 레크레이션자격증 출산율 저하 원아 감소,교육학
31340,3,4,3,3,3,4,3,3,3,4,3,4,3,2,3,5,3,4,3,3,2,4,4,4,4,4,3,4,4,5,4,5,3,3,3,3,4,4,3,4,3,4,4,4,3,3,3,4,3,3,1,0,1,0,1,0,2,3,2,3,4,4,1,0,1,0,1,0,2,2,1,0,1,0,2,2,3,3,3,3,4,4,3,3,3,4,3,3,4,4,2,2,3,1,2,2,2,2,3,4,3,16,5,2,1,1,1,7,4,2,2,2,3,3,2,2,2,4,4,3,3,2,2,5,4,3,4,2,4,3,4,5,4,4,4,4,4,4,4,4,5,4,2,2,2,1,2,1,2,2,2,1,1,1,3,3,1,4,3,5,3,4,5,7,7,6,2,40,4,1,2,2,40,3000,3000,0,213001,보육교사 자격증 유치원 정교사 문서작성 교구 개발 인구 감소 출생 감소,유아교육
31341,2,2,2,3,1,0,1,0,2,3,1,0,3,3,5,6,5,6,3,4,5,7,4,5,1,0,3,3,2,4,1,0,1,0,3,3,5,6,1,0,4,6,2,3,2,4,4,6,3,4,3,5,2,4,2,4,1,0,3,3,2,2,1,0,3,5,3,4,4,6,3,5,4,5,1,0,2,5,1,0,1,0,2,2,3,3,2,2,2,2,3,3,4,3,2,2,2,4,3,3,3,18,1,3,1,1,4,5,4,3,2,2,2,4,2,2,3,5,4,3,4,2,2,2,1,2,2,1,3,4,4,5,2,2,2,2,2,4,2,2,4,3,2,1,2,2,2,2,2,2,2,3,4,3,3,3,1,8,7,7,3,3,5,4,4,5,1,33,3,1,1,1,48,3500,2400,0,415502,웹디자인기능사 그래픽 디자인 훈련 서치 프로그램 도입 게임 계속 생기 수요,시각디자인
31342,5,5,5,5,3,5,5,4,3,5,4,5,3,4,2,4,3,4,1,0,3,5,5,5,5,4,5,5,5,4,4,3,5,4,4,3,4,3,3,4,5,4,5,4,5,4,5,4,1,0,5,4,1,0,1,0,1,0,2,4,4,5,1,0,1,0,1,0,1,0,1,0,3,4,1,0,1,0,1,0,2,5,1,0,1,0,3,3,4,3,4,4,4,4,4,5,2,5,5,3,3,11,1,6,2,1,3,6,3,4,3,2,3,3,3,4,4,3,4,4,3,2,1,4,4,3,3,2,3,4,5,4,3,3,3,3,4,4,4,3,3,1,2,2,2,2,2,2,2,2,2,2,1,1,3,3,2,9,9,9,4,1,1,1,9,9,1,28,4,1,1,1,50,7000,6000,0,12402,업계에 대한 분명한 이해와 인성 교육이 가장 필요 업무 변화 조직 구성 업계 구성 판도 디지털 언택트 온택트 변화,경영학
31343,3,4,3,3,3,3,3,3,3,3,3,3,4,4,4,4,4,4,4,4,4,4,3,3,3,3,3,3,4,4,4,5,4,4,3,4,4,4,3,3,4,4,4,5,4,4,4,4,4,4,4,5,4,4,3,3,3,3,3,3,4,4,3,3,3,3,3,3,3,3,3,4,3,3,3,3,3,3,3,3,3,3,3,3,2,2,3,3,4,3,3,2,3,3,3,4,2,3,3,2,3,10,1,2,1,1,3,3,5,4,3,3,4,4,4,3,3,3,3,3,3,2,2,3,2,2,3,3,4,4,3,4,3,3,2,2,2,3,2,2,3,3,2,2,2,1,2,1,1,1,1,2,2,2,2,2,1,6,6,4,4,3,4,7,7,7,1,46,4,1,3,1,52,6200,3000,0,131203,전자산업기사 전자 사업 통신 시스템 도입 인공 지능,정보
31344,2,3,1,0,4,6,2,3,1,0,2,4,4,4,1,0,3,4,1,0,1,0,1,0,3,4,1,0,1,0,1,0,2,3,1,0,1,0,3,2,1,0,3,4,1,0,1,0,1,0,1,0,1,0,1,0,3,4,1,0,1,0,1,0,1,0,1,0,1,0,1,0,1,0,3,2,1,0,1,0,1,0,1,0,3,2,2,2,4,2,3,2,4,4,3,4,4,3,3,2,3,18,1,1,2,2,0,1,5,4,3,3,4,3,3,3,3,4,4,4,2,4,4,4,4,2,3,2,3,3,4,5,4,4,4,4,4,3,4,4,4,3,2,2,2,2,2,2,2,2,2,1,1,3,3,3,2,7,7,7,5,5,3,4,4,4,2,30,4,1,1,1,40,3200,2200,0,29901,온라인 출판 추세,국어국문
31345,4,5,5,6,4,5,4,5,5,6,4,5,4,5,3,4,4,6,3,4,4,5,4,5,4,5,5,5,4,5,4,5,3,4,3,3,4,5,4,5,3,5,3,4,4,4,3,4,4,4,3,4,2,3,3,4,2,3,3,4,3,4,2,3,3,3,2,3,2,2,3,3,4,5,3,4,2,3,3,4,2,4,2,3,4,4,3,4,4,3,3,4,4,4,5,4,3,4,4,3,4,16,5,5,2,2,0,7,7,4,4,4,5,4,4,4,3,3,4,3,1,4,3,4,4,3,2,1,4,3,4,4,4,3,3,4,4,5,4,3,5,4,2,2,2,2,2,2,2,2,2,1,3,3,3,3,2,6,4,4,6,6,5,3,6,6,1,52,6,1,1,1,45,7000,4000,0,121103,시스템 자동화 일자리 감소,수학교육
31346,2,2,3,4,2,2,3,3,2,1,1,0,1,0,2,2,3,4,1,0,1,0,2,2,3,4,2,2,3,3,3,3,1,0,1,0,2,2,3,4,3,4,3,3,3,4,2,2,2,3,1,0,1,0,3,3,3,3,1,0,1,0,2,2,2,2,1,0,1,0,1,0,1,0,2,1,3,3,2,1,3,4,3,3,2,2,2,2,5,3,4,2,3,3,4,5,2,2,4,3,4,8,2,6,1,2,0,3,2,3,4,3,5,3,2,3,9,4,4,4,3,4,3,3,2,3,5,3,5,4,3,5,3,4,3,2,2,5,2,3,5,5,2,2,2,2,2,2,2,2,2,3,3,1,1,3,1,6,8,7,7,4,3,3,7,6,1,47,2,1,1,1,52,4400,1800,0,624101,원동기면허 운전면허 상태 유지,문과
31347,2,3,1,0,1,0,1,0,1,0,4,6,1,0,4,5,2,2,2,2,1,0,2,3,1,0,3,3,2,2,3,4,2,2,3,3,3,3,3,3,3,3,3,3,2,2,2,2,1,0,1,0,1,0,1,0,1,0,1,0,1,0,1,0,1,0,1,0,1,0,1,0,1,0,3,2,3,2,1,0,1,0,1,0,4,5,1,0,4,3,3,3,4,4,3,3,3,3,3,4,4,18,1,3,1,1,3,5,5,4,4,4,4,4,3,4,4,4,4,4,1,4,4,3,1,4,4,4,3,4,3,3,5,4,4,4,4,3,4,4,3,4,2,2,2,2,2,2,2,2,2,2,3,2,2,2,1,8,2,5,6,6,6,3,6,6,1,28,4,1,1,1,45,4000,3200,0,420301,생활체육지도사3급 경기운영방법 경기 불황 장기 예상,체육학
31348,2,5,3,4,2,5,2,4,4,6,4,5,3,3,4,6,3,5,3,5,2,4,2,5,3,5,2,5,3,4,2,4,2,5,2,4,3,3,2,5,4,6,2,5,3,6,3,6,2,4,2,4,1,0,1,0,1,0,1,0,4,4,3,5,2,3,1,0,1,0,1,0,2,5,3,3,2,4,4,6,2,4,2,4,2,4,2,4,2,3,4,4,3,3,4,2,3,3,3,1,2,3,1,2,1,2,0,5,5,3,4,3,4,3,3,4,3,4,4,3,2,3,3,3,2,2,4,4,4,3,4,2,3,4,3,3,4,4,3,4,4,3,2,2,1,2,1,2,2,2,2,2,2,3,2,3,2,3,2,8,3,8,7,2,3,8,2,39,4,1,1,1,40,3900,3700,0,27101,세무회계1급 기계 도입 자동화 시스템,회계학
31349,4,6,4,5,3,5,3,5,4,5,4,4,4,4,3,4,3,3,3,4,3,3,2,3,3,3,3,3,2,3,2,3,3,4,3,3,3,3,2,4,3,3,3,3,3,3,2,3,3,4,2,4,3,3,3,4,3,3,2,3,3,4,3,3,2,3,3,4,3,3,3,3,3,4,4,4,3,3,3,4,2,3,2,3,4,4,3,3,4,4,3,3,3,4,3,3,4,3,2,3,3,9,1,4,2,2,0,7,4,4,3,4,4,3,3,4,3,5,4,4,1,5,4,4,5,4,3,4,3,4,4,4,3,4,3,4,3,4,4,3,3,3,2,2,2,2,2,2,2,2,2,1,2,2,2,2,1,5,4,6,5,7,7,5,4,5,2,37,4,1,1,1,30,4000,2200,0,14103,인구 감소,관광학
31350,4,4,4,4,4,4,4,4,4,4,4,4,4,4,4,4,4,4,4,4,4,4,4,4,4,4,4,4,4,4,4,5,4,4,4,4,4,4,4,4,4,4,4,4,4,4,3,3,4,4,4,4,4,4,4,4,4,4,4,4,4,4,4,4,4,4,4,5,4,6,4,6,4,5,4,4,4,4,4,4,4,4,4,4,4,4,4,4,3,4,2,3,4,2,4,4,3,4,3,4,3,19,1,2,1,1,3,5,2,4,3,4,4,4,3,3,2,3,4,4,3,4,4,5,4,4,4,3,3,4,3,4,3,4,3,4,4,5,3,2,4,5,2,2,2,2,2,2,2,2,2,2,3,3,3,3,2,7,5,4,4,5,4,5,7,5,1,30,2,1,1,1,60,3400,2800,0,834001,전기기능사 안전수칙 교육 신축 건물,전기
31351,4,4,4,4,4,4,3,3,3,4,3,4,3,4,3,3,3,3,3,3,3,4,3,3,3,3,3,3,3,3,3,3,3,3,3,3,4,4,3,3,3,3,4,4,3,3,2,3,2,3,2,3,5,6,3,3,4,5,2,3,4,5,5,7,3,3,2,2,2,2,4,5,2,2,2,3,2,2,2,2,2,3,2,2,2,2,2,2,4,3,4,4,4,3,4,3,2,2,3,2,3,3,1,4,1,1,2,3,4,4,5,4,5,4,4,4,4,5,5,4,2,4,3,3,4,5,4,4,5,3,4,4,5,4,4,5,4,4,5,4,4,4,2,2,2,2,2,2,2,2,2,2,2,3,3,3,1,5,6,7,5,5,5,5,5,5,2,34,3,1,1,1,40,3600,2200,0,28402,컴활1급 엑셀OA 직무교육 전산 화가 계속 업그레이드,경제학
31352,1,0,1,0,1,0,1,0,1,0,1,0,1,0,1,0,1,0,1,0,1,0,1,0,1,0,1,0,1,0,1,0,1,0,1,0,1,0,1,0,1,0,1,0,1,0,1,0,1,0,1,0,1,0,1,0,4,3,4,4,1,0,3,2,3,2,3,3,3,4,3,4,1,0,3,6,3,5,2,1,3,6,3,5,2,2,2,1,2,4,4,4,2,2,2,4,3,3,3,3,3,6,4,1,2,2,0,3,3,4,3,2,4,4,2,4,9,9,9,3,2,3,3,3,3,3,3,3,3,3,3,3,3,3,3,3,3,3,3,3,3,3,2,2,2,2,2,2,2,2,2,2,3,3,2,2,2,6,5,6,5,5,5,5,5,5,1,52,4,2,6,1,50,0,0,6000,702401,재건축 건설 경기 활성화,건축학
31353,1,0,3,3,1,0,2,2,3,3,3,3,2,3,2,2,4,3,4,4,1,0,2,3,2,2,3,2,2,2,4,3,3,3,3,3,2,3,3,2,3,2,4,4,4,5,2,3,4,3,3,4,4,3,3,4,4,4,3,4,3,3,2,3,3,3,3,4,3,4,3,3,3,4,3,3,3,3,3,3,2,4,3,1,3,3,3,3,2,3,2,2,3,4,2,3,2,3,3,2,3,3,1,2,2,1,1,6,2,3,4,4,4,4,4,4,3,3,3,4,2,4,4,4,3,3,4,4,4,3,4,4,3,4,4,4,3,4,4,4,4,4,2,2,2,2,2,2,2,2,2,2,2,2,2,2,2,5,6,5,4,5,6,5,5,4,1,39,2,1,1,1,42,3490,3100,0,822101,기계조작 실무교육 국내 제조업 부진 해외 이전 감소,기계
31354,2,2,3,3,2,2,2,2,2,2,2,4,1,0,4,3,3,5,2,2,1,0,3,3,2,2,1,0,4,5,2,2,2,4,3,3,2,2,5,5,3,4,2,3,2,2,1,0,2,4,1,0,2,2,1,0,3,4,3,4,1,0,1,0,3,5,4,4,3,4,4,4,1,0,3,4,3,3,3,5,2,3,2,3,3,5,2,3,3,3,4,3,3,1,2,1,2,1,2,4,4,19,1,2,2,2,0,1,2,4,3,3,4,2,3,3,4,4,4,4,2,4,4,4,4,3,4,1,4,2,2,4,3,3,2,1,3,5,2,1,5,5,2,2,2,2,2,2,2,2,2,1,1,3,3,3,2,7,7,6,4,3,2,7,3,2,1,50,2,1,1,1,44,5000,2500,0,811901,농업 산업 위축 예상,기계
31355,4,5,4,5,4,5,4,5,3,5,4,5,5,5,4,5,4,5,5,6,4,5,4,5,4,6,4,5,4,5,4,6,4,5,3,5,4,5,4,5,4,4,4,5,4,5,3,5,4,5,4,5,4,4,4,5,4,5,3,4,4,6,4,5,4,5,4,5,4,5,4,5,4,6,4,5,4,5,4,5,4,5,3,4,4,5,4,5,4,4,3,3,4,4,4,4,4,4,4,4,4,10,1,5,1,1,1,2,4,3,3,3,3,3,3,4,3,4,3,4,3,3,3,4,4,3,3,4,3,3,3,3,3,4,4,4,3,3,4,4,3,4,2,2,2,2,2,2,2,2,2,2,2,2,2,2,1,6,6,6,5,6,5,6,6,6,1,38,4,1,1,1,40,3890,2300,0,134101,정보처리산업기사 업무교육 시스템 개발,컴퓨터공학
31356,2,3,2,2,1,0,2,3,2,2,1,0,1,0,2,4,2,3,2,3,1,0,2,3,3,4,1,0,3,4,3,3,1,0,1,0,1,0,2,4,2,2,2,3,3,4,2,2,1,0,2,3,1,0,1,0,1,0,1,0,1,0,1,0,1,0,1,0,1,0,1,0,1,0,3,4,2,3,2,3,4,5,3,3,1,0,2,3,4,4,3,3,3,2,3,2,3,2,3,3,2,19,1,2,1,2,0,3,2,2,2,2,4,3,3,2,2,3,3,3,3,4,3,4,3,2,3,3,4,3,3,3,2,2,3,2,3,3,2,3,3,3,2,2,2,2,2,2,2,2,2,1,2,2,2,2,2,8,8,7,8,2,2,3,6,4,2,35,2,1,3,1,40,2000,1800,0,307601,안마사 경기 침체 유지 수요 감소,문과
31357,3,5,3,3,1,0,2,3,4,6,3,5,3,5,3,5,4,4,5,5,2,2,3,5,4,4,4,4,2,4,3,3,1,0,1,0,2,2,2,2,4,4,3,3,2,5,3,3,3,3,3,3,5,5,5,5,4,6,4,5,2,5,4,6,4,5,4,4,4,6,4,5,4,4,4,5,4,4,4,4,2,4,2,2,3,6,1,0,3,5,2,3,4,4,4,3,3,3,5,3,4,3,1,2,1,2,0,3,4,4,5,4,3,4,4,4,4,3,4,4,4,3,4,3,3,2,3,2,4,3,2,4,4,3,4,4,3,4,4,3,4,4,2,2,2,2,2,2,2,2,2,2,2,2,2,2,1,3,4,7,4,7,4,7,3,5,1,33,3,1,1,1,40,3600,3000,0,842101,통신산업기사 방송통신산업기사 방송 관련 사업 포화상태,정보통신
31358,5,6,5,6,4,5,5,6,3,4,5,5,4,5,4,5,3,4,4,5,4,4,3,3,4,5,3,4,4,5,4,5,4,5,3,4,3,4,4,5,3,3,4,5,4,5,4,4,3,4,4,5,2,2,2,2,1,0,1,0,3,4,4,5,4,5,4,5,2,2,2,2,3,4,4,5,2,2,3,4,4,5,4,4,3,3,3,4,3,3,4,4,4,3,3,3,3,4,4,3,3,7,1,2,2,2,0,7,2,4,3,4,4,4,4,4,4,3,3,4,3,4,3,3,3,4,4,3,3,3,2,4,3,3,4,4,4,3,3,4,4,2,2,2,2,2,2,2,2,2,2,2,3,3,3,3,2,6,4,4,5,6,6,6,4,5,1,45,2,2,5,1,40,0,0,4000,615401,일자리 한정,공고
31359,4,5,4,6,4,4,4,6,4,5,4,5,4,7,4,6,4,6,4,5,4,6,4,5,4,5,4,5,4,6,3,5,4,5,4,5,4,6,4,4,4,5,4,5,4,5,3,5,3,3,3,4,4,6,4,5,4,5,4,5,4,5,4,5,4,5,4,5,4,5,4,5,4,5,3,5,4,5,3,4,3,4,3,5,4,4,4,5,4,4,5,4,4,3,4,4,3,4,5,3,5,18,1,2,1,2,0,3,5,4,4,4,4,4,4,4,4,4,4,4,2,3,4,3,4,4,3,3,3,3,3,3,4,4,3,3,3,4,4,4,3,3,2,2,2,2,2,2,2,2,2,1,3,3,3,3,2,9,1,1,9,1,1,9,9,9,2,38,3,1,1,1,50,3600,2500,0,414303,웹디자인기능사 변동 직종,만화콘텐츠학과
31360,4,6,4,5,1,0,1,0,1,0,1,0,1,0,1,0,1,0,3,5,1,0,1,0,1,0,1,0,1,0,1,0,1,0,1,0,1,0,1,0,1,0,4,6,1,0,1,0,3,4,1,0,1,0,1,0,1,0,1,0,1,0,1,0,4,5,1,0,4,5,5,7,1,0,1,0,1,0,5,7,4,5,1,0,3,4,3,4,4,4,1,3,3,1,4,1,4,1,1,3,3,2,1,3,2,2,0,1,2,3,1,1,2,1,4,4,9,2,3,3,2,4,2,5,3,5,5,2,4,2,2,4,2,2,2,2,2,4,3,2,4,4,2,2,2,2,2,2,2,2,2,1,1,3,3,3,2,7,7,8,3,5,5,6,4,6,1,41,2,1,1,1,40,6000,4000,0,705101,직업,기계공고
31361,2,2,3,3,3,2,2,2,3,3,2,2,2,2,2,2,3,3,2,2,4,3,1,0,3,3,1,0,3,3,2,4,1,0,1,0,2,4,3,4,3,3,3,3,3,3,2,2,3,3,2,2,3,3,1,0,4,4,4,5,3,3,5,5,5,4,4,5,5,5,4,5,2,3,3,4,4,5,5,5,4,4,4,5,3,3,2,3,3,4,2,2,3,2,3,3,3,4,4,4,3,3,1,5,2,2,0,3,2,4,1,1,4,3,3,2,1,2,3,2,4,4,1,3,3,4,3,4,4,2,3,3,3,2,5,3,4,5,4,2,4,4,2,2,2,2,2,2,2,2,2,3,2,3,3,3,2,8,9,9,3,7,5,7,3,6,1,40,2,1,1,1,40,4600,2300,0,852101,공정 자동화 계속,상고
31362,2,2,4,4,2,3,4,5,2,2,2,2,2,1,2,1,3,3,2,1,3,1,3,4,3,2,3,3,4,4,3,3,3,3,3,3,4,5,4,5,3,3,4,3,4,3,3,3,3,2,3,4,3,4,3,3,3,4,2,1,3,2,2,2,3,2,3,2,3,2,3,2,3,2,4,2,4,3,2,2,3,3,3,3,3,2,3,2,4,4,4,4,4,2,2,3,4,4,4,2,4,13,4,2,1,2,0,5,4,4,2,2,4,4,3,3,3,9,9,3,2,4,3,2,1,1,4,4,2,5,2,4,2,2,4,4,3,4,2,3,4,4,2,2,2,2,2,2,2,2,2,1,4,2,2,2,2,3,5,5,5,6,5,5,5,5,2,45,3,2,5,1,44,0,0,5500,511301,체형관리사 자격증 생활체육지도사 식이지도사 사람 투자,피부미용학
31363,5,6,4,4,3,5,3,3,2,3,1,0,1,0,3,3,3,3,2,3,2,2,3,4,4,5,3,4,2,2,3,4,3,3,2,2,2,3,4,5,3,4,4,4,1,0,1,0,1,0,1,0,2,3,1,0,1,0,1,0,2,5,3,3,4,5,3,3,3,4,2,3,3,4,3,5,3,3,3,3,1,0,1,0,2,4,3,3,4,5,3,3,4,3,4,4,3,4,5,4,4,13,1,2,1,2,0,2,4,4,3,4,4,4,4,3,2,2,4,4,3,2,3,4,3,3,4,2,3,3,3,4,4,3,4,3,3,4,4,4,4,3,2,2,2,2,2,2,2,2,2,2,4,2,2,3,1,6,5,3,4,3,5,6,5,6,1,33,4,1,1,1,40,3000,2700,0,158402,위험물산업기사 생명 건강 대한 관심,산업공학
31364,3,4,4,5,1,0,4,5,3,5,4,6,4,5,4,4,3,4,3,5,3,4,3,4,3,5,3,4,4,6,1,0,2,3,3,3,2,3,4,5,3,3,3,3,4,6,3,4,3,5,1,0,2,4,3,4,4,6,4,5,2,6,3,3,3,4,3,5,4,6,3,4,2,3,1,0,2,3,3,3,3,4,1,0,4,4,2,5,4,4,3,3,4,3,4,3,3,4,4,4,3,10,1,4,2,2,0,5,4,3,4,4,4,4,4,4,4,4,4,4,4,4,3,3,4,4,3,4,3,4,4,3,4,4,4,3,3,4,4,4,3,4,2,2,2,2,2,2,2,2,2,2,2,2,2,2,1,6,6,3,3,4,5,6,3,5,1,41,4,1,1,1,40,3800,2700,0,29901,독서율,영문
31365,2,3,3,3,2,2,3,2,2,2,4,4,2,3,2,2,3,4,3,4,3,3,3,4,3,5,4,4,3,3,5,6,2,3,2,2,4,5,2,2,4,4,4,4,3,4,3,5,3,4,4,5,4,6,3,5,3,4,3,3,3,4,4,4,5,5,5,5,5,5,5,5,5,4,3,4,4,4,4,6,3,4,2,2,3,3,3,4,3,3,2,4,3,2,3,4,2,2,3,4,2,6,1,4,2,2,0,6,2,3,3,2,3,4,3,4,4,5,4,4,2,3,2,3,2,2,3,4,4,3,2,3,2,2,4,4,3,2,2,3,4,5,2,2,2,2,2,2,2,2,2,1,3,3,3,3,2,8,7,6,3,2,3,4,6,6,1,51,4,1,1,1,40,4500,2500,0,16101,관리자 역할,토목공학
31366,2,3,2,3,2,3,3,4,1,0,3,5,3,3,4,6,4,6,4,5,4,6,3,4,4,6,3,5,5,6,5,6,3,4,2,3,3,5,4,5,5,7,5,7,3,4,1,0,1,0,2,3,1,0,1,0,1,0,1,0,2,3,1,0,1,0,1,0,1,0,1,0,3,4,2,2,3,5,5,7,5,7,3,4,4,5,3,4,2,5,2,2,5,1,4,3,2,3,4,5,3,15,2,4,1,2,0,7,5,5,4,3,4,5,3,4,4,4,4,4,1,5,4,4,2,2,2,4,4,5,4,4,5,5,2,3,4,5,3,3,4,4,2,2,2,2,2,2,2,2,2,2,3,3,3,3,2,7,8,7,4,3,3,3,3,2,1,42,3,1,1,1,40,3300,2000,0,13305,면허 컴퓨터활용능력 산업기사 범죄 증가 경찰 관리,무역
31367,3,5,2,4,2,4,2,3,2,4,2,4,2,3,2,2,2,3,2,2,2,2,2,4,2,2,2,3,3,4,2,4,2,3,2,2,2,4,3,3,2,2,2,3,3,3,2,1,2,2,2,3,1,0,1,0,1,0,1,0,2,3,1,0,1,0,1,0,1,0,1,0,1,0,1,0,1,0,1,0,2,2,2,1,2,2,2,2,3,3,3,2,3,4,4,3,3,3,3,4,3,15,2,4,1,2,0,3,5,4,4,3,5,4,3,2,4,4,4,3,2,4,4,4,4,3,4,2,4,3,4,4,4,4,2,3,3,4,4,3,4,4,2,2,2,2,2,2,2,2,2,2,2,1,1,3,2,4,3,4,2,3,4,5,4,4,2,35,4,1,1,1,40,3800,3000,0,25401,컴활 1급 노령화 인구 인공 지능 발달,행정학
31368,5,7,5,7,5,7,4,6,2,3,4,6,4,5,3,5,4,6,4,6,4,6,4,6,5,7,5,7,5,6,4,5,5,6,5,6,4,6,4,5,4,5,5,7,4,6,2,3,3,4,4,5,4,5,3,4,3,3,2,3,4,5,3,4,3,4,2,3,3,4,3,4,4,5,4,5,3,4,4,5,3,4,3,4,3,4,3,4,4,5,4,4,4,2,4,3,2,4,3,3,2,17,3,2,1,2,0,2,4,5,4,4,4,5,4,4,3,4,4,4,4,4,4,5,4,4,5,4,4,4,3,5,4,5,5,4,4,5,4,4,4,3,2,2,2,2,2,2,2,2,2,2,5,1,1,1,2,8,9,2,9,5,5,8,7,7,1,49,3,1,1,1,40,4800,3200,0,13501,사회복지사2급 저출산 고령화 복지 수요 다양,사회복지
31369,2,3,2,2,1,0,2,3,1,0,4,5,1,0,2,3,5,7,3,4,3,4,2,3,4,5,1,0,1,0,4,5,2,3,2,2,2,2,4,5,4,6,5,7,3,4,2,2,1,0,1,0,4,4,3,3,3,4,4,6,1,0,4,5,4,6,3,3,5,7,5,7,1,0,3,4,3,4,4,6,4,5,3,4,5,6,4,5,4,4,3,4,4,2,5,4,3,3,4,5,4,8,1,6,1,1,3,4,5,4,5,4,4,4,3,3,4,4,4,4,2,3,2,3,3,2,3,4,2,5,3,3,4,5,5,5,5,4,4,4,5,3,2,2,2,2,2,2,2,2,2,1,3,2,2,2,2,2,1,2,1,2,2,8,8,9,1,47,4,1,1,1,40,11000,6900,0,621101,운송용사업연장 계기비행연장 해기종면장 항공안전기술 시스템 장비 때문,항공운항학
31370,4,5,3,5,3,5,4,5,3,4,4,5,2,3,4,5,3,4,4,4,2,4,3,4,4,4,3,4,4,4,5,5,4,4,3,3,3,4,3,4,3,4,5,5,3,5,3,4,2,4,3,4,3,3,4,4,3,4,2,4,4,5,4,4,3,4,3,4,3,3,3,4,5,5,4,5,3,4,2,4,3,4,2,4,3,4,3,3,4,5,3,3,4,4,4,2,3,4,3,3,3,3,1,4,2,2,0,5,5,3,3,3,4,5,3,4,4,4,5,4,3,3,3,4,4,3,4,3,3,3,4,3,4,5,4,3,4,5,4,3,5,4,2,2,2,2,2,2,2,2,2,2,4,2,2,2,1,9,9,3,4,2,3,5,5,6,1,36,4,1,1,1,40,3500,3100,0,26102,인터넷 활용 홍보 관련 분야 급속도 발전,마케팅
31371,1,0,2,3,1,0,1,0,1,0,1,0,1,0,1,0,3,4,3,4,1,0,1,0,5,6,4,5,1,0,3,4,1,0,1,0,1,0,1,0,3,4,1,0,2,4,1,0,1,0,1,0,4,5,3,4,3,4,3,4,1,0,1,0,4,5,3,4,3,4,3,4,1,0,1,0,1,0,1,0,4,5,1,0,2,3,2,3,4,3,3,3,3,2,3,4,3,2,3,2,2,3,1,5,2,2,0,7,2,3,3,3,4,3,4,4,4,4,4,4,1,4,4,4,3,3,3,3,4,3,3,5,3,3,3,3,3,5,3,3,5,3,2,2,2,2,2,2,2,2,2,3,2,3,3,3,1,6,8,8,7,7,5,4,3,4,1,47,3,1,1,1,40,5000,3000,0,821101,기계 자동화 대체 관리자 정도,금속공학
31372,4,4,4,5,3,3,2,4,2,5,3,6,2,4,3,4,2,4,3,3,3,5,3,5,2,4,3,4,2,5,4,5,3,5,4,6,2,4,4,5,3,5,3,5,2,4,3,3,3,5,2,4,3,5,2,5,3,5,3,4,3,5,2,4,4,5,3,5,2,4,4,6,4,4,3,5,2,4,3,5,4,6,3,5,2,4,3,5,3,4,3,2,3,2,3,2,3,4,3,2,3,3,1,3,1,2,0,2,3,4,3,2,3,2,3,2,3,4,4,3,4,3,4,2,3,4,3,4,3,2,4,4,3,2,3,4,3,4,3,2,3,3,2,1,1,2,2,1,2,2,1,3,2,2,3,3,2,2,3,7,8,4,7,2,3,7,1,31,2,1,1,1,52,3200,2700,0,873101,식품가공기능사 기계 전보 업그레이드 기술 재교육 경제 어려움,이과
31373,3,2,4,2,3,2,1,0,2,2,4,3,1,0,4,3,4,4,3,1,2,1,4,3,2,3,4,3,1,0,3,3,1,0,1,0,2,3,1,0,2,4,3,3,4,4,2,2,4,3,2,2,5,4,5,4,3,4,5,6,1,0,1,0,4,4,4,3,3,3,4,4,5,3,3,4,3,3,4,6,2,3,1,0,1,0,2,2,2,4,3,2,4,1,3,2,3,4,4,4,3,6,1,3,1,2,0,2,5,3,2,4,4,3,5,3,3,2,4,3,1,2,3,2,2,3,4,3,5,4,4,3,2,2,4,3,3,3,2,4,4,4,2,2,2,2,2,2,2,2,2,2,3,3,3,3,2,4,5,8,5,4,4,5,7,4,1,30,4,1,1,1,40,3500,3500,0,705901,화약취급기능사 화약류관리산업기사 광산업 토목 사업 저하 감소,화학공학
31374,4,5,5,6,3,4,4,5,3,4,4,5,4,5,3,4,4,5,4,5,4,5,4,6,5,6,4,5,5,6,5,6,4,6,4,5,5,6,5,6,5,6,5,6,4,5,3,4,2,3,5,6,4,5,1,0,1,0,1,0,3,4,2,2,4,6,1,0,1,0,1,0,4,4,3,4,5,6,4,5,4,3,5,6,4,6,4,6,4,5,4,2,4,2,2,4,3,4,5,4,4,19,3,2,1,1,3,3,5,5,3,3,4,4,4,2,2,2,3,2,4,2,2,4,4,4,5,3,4,2,3,4,4,5,4,4,4,5,4,4,4,4,2,2,2,2,2,2,2,2,2,1,4,2,2,2,1,8,8,8,2,2,2,1,1,2,1,35,4,1,1,1,45,3000,2000,0,306904,미술치료사 웃음치료사 음악치료사 업무 관련 교육 인간 심리 정서 상처 치료 사람 역할 때문,교육학
31375,3,3,4,5,2,1,4,5,3,4,2,2,3,3,2,2,3,4,2,2,2,2,4,5,4,5,3,4,4,5,4,5,3,4,2,2,4,5,3,4,4,5,3,4,3,3,2,2,4,5,3,3,2,3,3,3,4,5,2,2,3,4,2,3,2,2,3,4,4,5,3,4,2,2,3,4,2,1,2,2,2,1,2,3,3,4,2,2,4,4,3,2,4,4,4,4,3,4,4,2,2,16,5,2,1,2,0,5,4,4,4,3,4,4,3,3,9,4,3,3,2,4,5,4,3,4,3,3,4,2,4,4,4,3,4,3,4,4,3,4,3,2,2,2,2,2,2,2,2,2,2,1,3,2,2,3,1,4,3,6,4,3,5,4,7,8,2,41,3,1,1,1,60,2400,1900,0,212901,GTQ DIAT 학생 경쟁,컴퓨터응용학
31376,5,6,4,6,4,6,4,6,5,6,5,6,1,0,4,6,5,6,4,5,5,6,4,6,5,6,5,6,3,5,1,0,1,0,1,0,4,5,1,0,1,0,4,6,3,5,1,0,1,0,1,0,1,0,1,0,1,0,1,0,4,6,1,0,1,0,1,0,1,0,1,0,1,0,1,0,1,0,1,0,1,0,1,0,1,0,1,0,4,4,3,3,4,4,4,3,4,3,4,3,4,3,1,2,2,2,0,5,5,4,4,4,4,3,3,3,3,2,4,3,3,4,3,5,3,4,3,4,2,3,4,5,4,5,4,4,3,4,4,4,5,4,2,2,2,2,2,2,2,2,2,1,3,3,3,3,2,4,7,4,3,6,4,7,2,4,1,57,4,1,1,1,40,4300,3000,0,26401,제한 업무 지속,행정학
31377,4,4,4,5,4,5,4,4,4,4,4,5,4,4,4,4,4,5,4,4,4,4,4,5,4,4,4,5,4,5,4,4,3,4,4,4,4,4,3,5,3,5,4,4,4,4,4,4,4,5,4,5,4,5,4,5,4,4,4,5,4,5,4,5,4,5,4,5,4,4,4,5,4,5,4,5,4,5,4,5,3,5,3,5,4,5,3,4,4,3,4,4,4,3,4,4,3,4,3,4,4,11,3,2,1,2,0,4,5,4,4,4,4,4,4,4,4,4,4,4,2,4,4,4,3,4,4,2,4,4,4,4,4,3,4,4,4,4,3,3,4,4,2,2,2,2,2,2,2,2,2,3,4,3,3,3,2,7,7,7,7,7,7,7,7,7,1,29,4,1,1,1,40,4500,3500,0,31301,보험계리사 산업 기술 발달 보험 관심 증가,통계학
31378,4,5,4,5,3,3,3,4,3,3,2,2,1,0,2,2,3,4,2,2,1,0,2,3,3,3,2,2,3,4,3,3,1,0,2,1,3,3,3,4,3,3,3,4,3,4,1,0,2,3,1,0,2,2,2,1,2,3,2,2,3,4,2,3,3,4,2,2,2,3,2,2,3,3,2,2,2,3,3,3,3,4,2,2,3,3,2,2,4,5,5,3,4,3,4,4,2,3,2,3,4,18,1,3,2,2,0,3,2,2,1,2,3,4,3,4,3,2,3,3,3,4,5,5,4,4,4,3,5,3,4,4,5,3,4,5,3,5,4,3,5,4,2,2,2,2,2,2,2,2,2,3,2,2,2,3,1,6,7,5,6,4,4,3,2,5,2,49,2,1,1,1,52,2600,2000,0,616201,이유,문과
31379,4,5,4,5,3,3,4,5,2,2,3,3,3,3,3,4,3,4,3,3,3,3,4,4,4,4,3,5,5,5,4,5,4,5,3,5,4,4,3,3,4,4,4,4,2,2,1,0,1,0,1,0,2,2,1,0,2,3,1,0,2,4,2,2,3,3,3,3,3,4,3,5,3,4,4,5,3,3,4,4,2,2,2,2,4,5,4,5,4,5,4,4,5,3,4,4,5,4,5,4,4,17,5,2,1,2,0,3,5,5,4,4,5,4,4,2,3,4,4,4,2,4,4,3,3,2,4,2,4,2,2,4,5,4,4,3,4,5,4,4,4,4,2,2,2,2,2,2,2,2,2,1,4,2,2,3,1,6,5,4,5,4,4,5,4,4,2,41,5,1,1,1,40,3000,2100,0,306901,언어치료사 언어재활사 인식 변화 치료,특수교육학
31380,1,0,1,0,1,0,2,2,1,0,1,0,1,0,1,0,3,4,3,5,2,2,3,3,3,5,3,3,4,5,3,3,2,2,2,2,1,0,1,0,4,5,3,4,2,2,1,0,1,0,1,0,1,0,1,0,1,0,1,0,1,0,1,0,2,3,1,0,1,0,1,0,1,0,1,0,1,0,5,6,4,5,4,5,3,3,3,4,4,3,3,2,4,2,3,2,3,2,4,3,3,19,1,3,1,2,0,1,4,3,4,3,3,4,3,3,3,4,4,3,2,3,3,4,4,5,4,2,4,2,2,4,3,4,5,4,4,5,4,3,4,4,2,2,2,2,2,2,2,2,2,1,4,3,3,3,2,3,4,5,4,3,4,6,4,5,1,44,4,1,1,1,40,3300,2600,0,541101,일반경비지도사 자동차운전면허 1종 증가,경호학
31381,3,4,3,3,2,3,2,4,4,6,5,7,2,4,5,6,4,5,2,3,4,5,4,5,4,6,4,5,3,4,3,4,1,0,2,2,3,3,2,2,4,6,4,6,4,6,4,6,4,6,4,6,4,5,4,6,4,6,4,6,5,6,5,6,4,6,4,6,2,2,2,2,4,6,2,2,3,2,2,2,1,0,2,2,3,3,2,3,5,4,5,4,4,4,4,3,4,4,3,4,4,13,2,3,2,2,0,3,6,4,4,4,4,4,4,4,3,3,5,4,1,4,4,4,3,4,5,4,3,4,3,4,3,4,3,4,5,4,3,4,4,4,2,2,2,2,2,2,2,2,2,1,4,3,3,3,2,4,7,6,7,6,4,7,6,4,1,45,5,1,1,1,40,6400,6200,0,121106,자연재해 자연과학 예방 분야,천문학
31382,1,0,1,0,1,0,1,0,3,4,1,0,1,0,1,0,3,4,3,4,3,4,1,0,3,4,1,0,1,0,1,0,1,0,1,0,1,0,1,0,3,4,3,4,1,0,1,0,1,0,1,0,3,5,3,4,3,5,5,5,1,0,3,4,4,5,4,6,4,5,5,5,1,0,1,0,1,0,3,4,4,5,1,0,1,0,1,0,3,2,3,3,3,2,3,3,3,3,5,2,4,13,1,2,1,1,1,7,4,3,3,3,4,4,4,3,3,4,4,4,2,3,3,3,2,3,3,3,3,4,4,4,4,3,3,4,2,3,2,2,4,2,2,2,2,2,2,2,2,2,2,2,3,3,3,3,2,7,8,8,6,6,5,4,4,5,1,31,4,1,1,1,40,4200,3800,0,811201,승강기 기사 승강기 산업기사 안전교육 지금,안전공학
31383,4,4,4,4,2,2,4,4,4,4,4,4,3,3,3,3,4,4,3,3,3,3,4,4,3,3,2,2,3,3,4,4,5,5,5,6,4,4,4,4,4,4,5,5,4,4,4,4,4,4,4,4,3,3,2,2,4,4,3,3,2,2,5,5,4,4,4,4,4,4,4,4,2,2,5,5,4,4,4,4,4,4,4,4,5,6,4,4,4,3,4,2,4,4,2,4,2,4,3,4,4,7,4,1,2,2,0,4,2,4,2,2,4,4,3,3,2,9,4,4,4,3,3,4,4,4,4,3,2,4,2,4,2,3,3,2,4,4,4,3,4,5,2,2,2,2,2,2,2,2,2,2,1,2,2,2,2,8,9,9,3,8,8,8,4,3,2,65,2,2,6,1,40,0,0,5800,614001,판매점,디자인
31384,2,2,3,4,1,0,2,2,2,3,2,2,1,0,1,0,1,0,2,2,1,0,3,4,3,4,3,3,2,2,3,3,1,0,1,0,2,2,2,3,3,4,3,4,3,4,2,2,2,2,3,4,3,3,2,3,3,4,2,2,1,0,2,2,2,3,3,3,3,4,3,3,2,2,3,4,3,3,2,2,3,4,2,3,2,2,2,2,4,2,3,4,3,2,3,4,3,4,3,2,3,14,1,2,1,2,0,5,4,2,3,4,5,4,3,3,2,4,3,3,2,3,4,4,3,4,2,3,3,2,4,3,2,3,4,4,3,4,3,2,3,4,2,2,2,2,2,2,2,2,2,2,2,3,3,3,1,7,6,3,4,3,5,4,2,3,1,43,2,1,1,1,52,3000,2400,0,825101,자동차 보수 기능사 작업 환경 청년 기피,화학
31385,4,4,4,4,4,3,4,4,4,4,4,4,4,4,3,3,4,4,4,4,4,4,4,4,4,4,3,3,4,4,5,6,4,4,5,5,4,4,5,5,4,4,4,5,4,4,4,4,4,4,4,4,4,4,5,6,4,4,4,4,4,5,4,4,4,4,3,3,4,4,4,4,4,5,5,6,4,5,4,4,5,6,4,4,4,4,4,4,4,4,2,3,4,2,4,4,2,4,3,4,4,7,4,1,1,1,3,3,1,4,2,2,5,4,3,4,9,9,9,4,3,4,3,4,3,5,4,2,3,4,3,3,4,4,3,2,4,4,3,2,4,5,1,2,2,2,2,2,2,2,2,2,3,3,3,3,2,5,3,7,3,2,7,8,3,5,1,44,2,2,6,1,60,0,0,7200,901401,원예기능사 접목교육 삽목 교육 건강 휴양 관심,인문계
31386,3,2,4,3,2,3,3,3,2,1,2,2,3,2,2,2,4,4,2,2,3,2,2,4,2,4,3,3,2,2,3,2,4,2,3,2,3,2,1,0,2,2,3,3,4,4,2,3,3,3,1,0,1,0,1,0,1,0,1,0,2,4,1,0,1,0,1,0,1,0,1,0,3,4,2,2,3,3,3,3,3,3,2,3,3,2,2,3,3,4,2,3,3,4,3,4,2,3,2,4,3,17,2,3,1,1,3,3,5,4,3,3,4,4,4,3,3,4,4,4,1,4,4,4,4,1,3,3,2,3,2,4,3,2,3,3,4,5,3,3,4,4,2,2,2,2,2,2,2,2,2,1,3,3,2,3,2,2,7,3,8,6,5,3,5,7,2,28,4,1,1,1,40,2400,2200,0,231301,2급청소년지도사 보수교육 청소년 상담 수요,사회복지학
31387,4,5,4,5,3,4,2,4,1,0,4,6,1,0,3,3,3,4,1,0,2,2,3,3,4,5,3,4,3,3,3,4,1,0,1,0,3,5,1,0,1,0,2,2,2,4,1,0,3,3,1,0,1,0,1,0,1,0,1,0,3,3,1,0,1,0,1,0,1,0,1,0,2,3,1,0,3,3,1,0,2,3,1,0,4,4,3,3,3,2,2,4,3,5,5,1,2,3,2,3,2,15,2,4,2,2,0,7,5,3,3,3,5,2,1,4,3,4,4,3,1,5,4,3,4,2,2,2,4,4,3,4,3,2,2,3,4,5,2,3,5,2,2,2,2,2,2,2,2,2,2,1,3,3,3,3,1,5,5,5,5,5,5,5,5,5,1,39,4,1,1,1,45,3433,2443,0,25402,향후 일자리 예상,행정학
31388,2,5,4,5,1,0,1,0,3,3,2,2,2,2,3,3,4,3,2,2,4,4,2,3,3,3,2,3,1,0,2,2,1,0,4,2,2,2,1,0,4,3,5,3,3,3,4,2,2,1,4,2,2,3,2,5,4,4,5,3,3,2,4,2,2,5,2,4,4,2,3,3,2,1,3,1,2,5,3,3,2,1,2,2,2,2,2,1,3,3,3,2,4,4,4,2,3,3,4,2,3,3,2,2,2,2,0,2,2,5,4,4,5,4,4,3,2,4,4,4,2,3,3,2,4,3,3,5,4,4,5,3,4,4,5,3,4,4,3,4,4,4,2,2,2,2,2,2,2,2,2,2,2,3,2,2,2,7,6,7,4,3,4,9,4,6,1,42,4,1,1,1,48,3600,3200,0,851201,인건비 상승 해외 기업 진출,화학
31389,4,5,3,4,2,3,2,2,5,6,4,4,3,4,4,5,3,3,1,0,1,0,2,2,3,4,2,2,2,2,2,2,1,0,1,0,1,0,3,3,3,4,3,4,3,4,1,0,1,0,1,0,4,5,2,2,3,4,2,2,3,4,2,3,4,5,3,4,2,2,3,5,3,3,3,4,4,5,2,2,2,2,2,2,3,3,1,0,3,4,3,4,4,3,4,2,4,4,4,3,2,3,1,2,1,2,0,2,2,4,4,3,4,4,4,4,3,4,5,4,2,4,4,3,4,2,4,2,3,4,2,5,4,4,3,3,4,5,3,3,4,4,2,2,2,2,2,2,2,2,2,4,2,2,2,3,1,6,5,6,4,3,3,4,4,5,1,41,2,1,1,1,40,3600,2700,0,873201,식품가공기능사 산업 자동화,인문계(문과)
31390,3,5,3,5,4,5,3,3,4,5,3,5,2,3,3,4,1,0,1,0,4,5,4,6,4,4,4,6,3,6,3,3,4,6,4,5,4,4,4,6,4,5,3,3,4,4,4,5,4,4,4,5,4,5,4,4,4,4,4,5,1,0,1,0,4,4,3,4,4,5,4,4,4,5,3,4,4,4,3,3,3,5,4,4,4,4,4,4,4,3,4,3,4,5,4,4,3,4,3,4,4,13,2,4,2,2,0,1,5,4,5,4,5,4,4,4,3,4,4,4,5,4,4,4,4,5,5,4,5,4,3,3,3,4,5,4,4,4,5,4,4,3,2,2,2,2,2,2,2,2,2,1,3,3,3,3,2,7,6,8,7,6,5,5,5,6,1,42,4,1,1,1,52,4500,2100,0,416701,변동,전기
31391,3,4,2,3,1,0,4,5,4,4,1,0,3,4,1,0,2,3,1,0,1,0,1,0,4,5,4,5,4,5,1,0,5,6,5,5,1,0,4,4,4,4,4,4,4,4,1,0,1,0,1,0,4,4,1,0,4,5,3,5,2,2,4,4,4,4,4,5,4,5,4,4,1,0,4,4,1,0,1,0,4,5,4,5,4,4,3,4,5,5,5,3,4,2,3,4,3,4,3,4,4,3,1,2,1,2,0,3,4,3,4,4,3,4,3,3,3,3,4,3,2,4,4,4,3,2,4,2,3,3,4,3,2,3,4,4,3,4,3,2,4,4,2,2,2,2,2,2,2,2,2,1,3,2,2,3,2,9,6,5,4,3,8,7,5,6,1,45,4,1,1,1,40,4000,2400,0,612101,정보통신기능사 자격증 변동,기계공학
31392,2,3,3,4,4,5,2,3,1,0,1,0,3,4,4,4,2,3,1,0,1,0,1,0,2,3,1,0,2,3,1,0,2,3,3,4,1,0,1,0,1,0,1,0,1,0,1,0,1,0,2,3,1,0,1,0,1,0,1,0,3,4,1,0,1,0,1,0,1,0,1,0,1,0,1,0,1,0,1,0,2,3,1,0,1,0,1,0,3,3,3,3,4,4,4,3,3,3,3,3,4,10,1,2,2,2,0,7,4,3,3,3,4,3,3,3,3,4,4,4,3,3,4,3,3,2,3,3,3,3,3,4,4,3,3,3,3,3,4,4,4,4,2,2,2,2,2,2,2,2,2,1,3,2,3,3,2,6,5,4,4,5,6,4,5,6,2,28,4,1,1,1,43,3249,2900,0,26102,광고 홍보 이미지 때문,홍보학
31393,2,3,2,4,2,4,3,3,3,4,3,3,2,4,2,3,3,4,2,3,3,3,3,3,2,3,2,4,2,4,3,3,3,3,3,3,3,3,2,3,2,3,2,3,2,4,2,4,3,3,3,3,2,4,2,4,2,4,2,3,3,2,3,3,2,3,3,3,2,4,2,3,3,2,3,4,3,4,3,3,3,4,2,4,2,4,2,1,3,4,3,4,4,3,3,4,3,4,4,3,3,18,1,2,1,2,0,5,4,4,3,4,3,4,4,4,3,3,4,4,4,4,4,3,4,4,3,3,4,4,3,4,4,3,3,4,5,4,4,3,4,4,1,1,2,2,2,2,2,2,2,4,3,3,3,3,2,5,4,6,7,6,7,7,6,7,1,45,3,1,2,1,40,4500,3000,0,842101,무선설비산업기사 기술 개발 기술 개발 별개 작업 설치 대체,기계
31394,4,5,4,5,4,6,4,4,1,0,2,3,1,0,5,6,4,5,1,0,1,0,1,0,4,5,1,0,1,0,2,2,1,0,1,0,2,2,2,2,1,0,1,0,1,0,1,0,1,0,1,0,1,0,1,0,2,2,1,0,4,5,1,0,2,3,2,2,1,0,1,0,1,0,1,0,1,0,3,4,1,0,1,0,4,5,3,4,4,3,4,3,3,4,4,3,4,4,3,2,2,15,2,5,1,2,0,2,4,4,3,4,4,3,4,4,4,3,3,4,3,4,4,3,3,2,3,3,4,3,4,4,4,3,3,4,3,4,4,3,3,4,2,2,2,2,2,2,2,2,2,1,3,3,3,3,2,4,4,3,3,3,3,3,3,3,2,34,3,1,1,1,40,4000,3200,0,29902,한글속기2급 협회시험2급 의회 계속,금융학
31395,4,5,4,5,3,4,4,5,4,5,4,5,2,5,3,5,3,4,3,4,3,4,3,4,2,3,3,4,3,4,3,4,3,4,3,4,3,3,3,4,4,5,3,4,4,5,4,5,3,4,3,5,4,4,3,4,3,5,3,5,4,5,5,6,3,4,4,4,2,2,2,3,3,4,3,4,3,4,3,4,3,4,4,4,3,5,3,4,4,2,1,3,3,4,4,4,3,2,3,2,2,3,1,3,2,1,2,2,2,3,3,3,3,3,3,4,4,5,4,4,3,3,3,3,4,3,3,3,3,3,3,4,4,4,4,5,4,3,4,4,4,3,2,2,2,2,2,2,2,2,2,2,2,3,2,2,2,6,6,5,5,5,6,6,6,5,1,40,3,1,1,1,46,3300,2900,0,28401,생산계획 경기 침체,컴퓨터학
31396,4,6,4,5,4,5,4,6,4,6,4,5,4,5,4,5,5,5,3,5,4,4,3,4,4,5,4,5,4,4,4,5,3,4,3,4,4,5,4,4,4,4,4,5,4,5,4,4,4,5,4,4,4,5,4,5,4,3,4,5,4,5,4,5,4,5,4,5,4,5,4,5,4,5,4,5,4,4,3,4,4,4,3,4,4,5,4,4,4,4,4,3,3,4,4,4,3,4,4,3,3,9,1,4,2,2,0,7,4,4,3,4,4,4,4,4,3,4,5,4,1,5,4,4,4,3,4,5,4,3,4,4,3,4,3,4,4,5,4,4,3,4,2,2,2,2,2,2,2,2,2,1,2,2,3,3,2,2,5,4,5,4,5,4,8,7,2,39,4,1,1,1,48,5500,2000,0,24101,시스템 개발,광고홍보학
31397,1,0,4,5,1,0,1,0,1,0,1,0,1,0,1,0,4,5,1,0,1,0,3,2,4,5,3,3,1,0,4,5,1,0,1,0,3,4,3,3,4,5,4,5,4,5,3,3,3,4,3,3,1,0,1,0,3,5,1,0,1,0,4,5,1,0,3,4,1,0,1,0,1,0,3,4,3,3,3,4,4,5,3,4,3,2,3,2,3,2,4,3,4,2,1,4,1,2,3,1,2,9,1,2,1,2,0,7,2,2,2,3,3,3,2,3,9,4,4,4,3,3,4,2,4,3,3,4,3,3,2,3,4,3,2,2,3,4,3,2,3,4,2,2,2,2,2,2,2,2,2,2,3,2,2,3,2,7,8,7,4,2,3,4,3,5,1,45,2,1,1,1,60,2900,2300,0,531301,중식조리사 요리 기계 대신,문과
31398,3,4,3,4,2,3,2,2,2,2,3,4,2,2,3,4,3,4,2,2,3,4,2,3,2,2,2,2,1,0,2,3,2,3,2,3,2,2,2,3,3,4,2,3,2,3,2,3,3,4,1,0,3,4,3,4,3,4,3,4,2,3,4,5,3,4,3,4,3,4,3,4,1,0,2,3,2,3,3,4,2,2,2,3,3,4,2,3,3,3,3,3,2,3,3,3,2,4,3,3,2,3,1,2,2,2,0,4,4,3,4,3,4,3,3,3,2,3,4,3,3,3,2,2,2,2,2,3,3,3,4,4,3,2,3,3,3,3,3,2,3,3,2,2,1,2,2,2,1,1,1,3,4,3,3,3,1,7,6,3,4,5,5,3,6,5,1,34,4,1,1,1,40,4000,3000,0,155203,고압 가스 유지 장치 기술 에너지 사업 증가,환경공학
31399,5,6,4,5,4,6,5,6,3,3,4,6,4,5,3,4,5,6,2,2,3,4,4,5,3,4,4,5,4,5,3,5,3,5,4,4,4,4,4,5,3,4,3,4,3,4,3,4,2,3,3,4,3,4,1,0,2,3,2,3,3,5,3,4,1,0,1,0,1,0,1,0,2,2,1,0,1,0,2,2,1,0,1,0,3,5,3,4,4,5,5,3,4,4,4,4,4,5,4,3,4,17,3,3,1,2,0,2,5,5,4,4,4,4,4,4,5,4,4,4,4,4,4,4,3,4,4,3,4,3,4,4,4,4,3,4,5,4,3,4,4,4,2,2,2,2,2,2,2,2,2,1,4,3,3,3,2,8,7,6,8,7,7,7,6,6,2,33,3,1,1,1,40,2700,2000,0,231201,청소년상담사2급 스트레스 우울증 환자 급증,사회복지학
31400,4,5,5,6,4,5,4,4,4,4,4,5,4,4,3,4,4,5,3,5,4,5,4,6,4,4,4,6,4,5,4,5,4,6,3,3,4,5,3,4,4,6,3,4,4,4,3,4,2,3,3,3,5,6,3,3,3,6,4,5,3,4,5,3,5,3,4,5,4,6,4,6,5,6,4,5,4,5,3,4,2,4,2,3,3,3,3,4,5,3,4,4,3,3,4,4,3,4,4,4,3,15,2,5,2,2,0,3,5,3,4,3,5,4,4,4,3,3,3,3,2,4,4,4,2,2,3,1,4,3,4,5,4,3,3,4,3,3,4,2,4,4,2,2,2,2,2,2,2,2,2,1,3,3,3,3,2,6,5,5,4,5,4,6,5,5,1,43,5,1,1,1,50,6000,2800,0,122201,상태 유지,생명과학
31401,3,4,4,4,3,4,3,4,2,3,4,3,4,4,4,4,3,3,3,4,3,4,4,4,4,4,4,4,3,3,5,4,4,3,3,4,3,3,4,3,3,3,4,3,5,4,4,3,3,4,4,3,3,3,3,3,4,4,4,3,4,3,3,4,4,4,3,4,4,4,4,4,3,4,5,4,4,4,5,4,4,4,3,4,4,3,3,5,4,4,1,4,4,1,3,5,2,5,2,4,1,3,1,2,2,2,0,7,1,2,2,2,2,4,2,3,3,3,4,4,2,3,3,4,5,4,4,1,3,4,1,4,3,4,3,1,5,5,5,5,4,5,2,2,2,2,2,2,2,2,2,2,3,3,3,2,1,8,2,8,6,4,5,5,2,8,1,45,2,1,1,1,45,2900,2300,0,16301,기계 대체 불가,기계
31402,5,7,5,6,5,5,4,5,3,3,4,6,4,5,3,4,4,4,4,5,4,4,4,4,4,4,4,4,4,4,4,4,4,5,4,4,4,5,3,4,4,4,4,5,3,5,4,4,3,4,4,4,4,4,4,4,2,3,2,3,3,4,3,4,2,2,1,0,1,0,1,0,4,5,3,3,2,4,3,4,2,3,2,3,3,5,3,4,4,3,3,4,4,4,4,4,4,5,4,4,4,15,2,5,1,2,0,7,4,4,4,4,4,4,4,4,3,3,3,4,2,3,3,4,4,3,3,2,3,3,3,5,3,4,4,4,5,5,5,4,4,4,2,2,2,2,2,2,2,2,2,1,4,3,3,3,2,5,5,5,4,4,5,5,5,5,2,45,4,1,1,1,52,6000,3000,0,157101,농산물품질관리사 먹거리 대한 관심,식품공학
31403,4,4,4,4,4,4,4,4,4,4,4,4,4,4,4,4,5,6,4,4,4,4,4,4,4,4,4,4,4,4,4,4,4,4,4,4,4,4,4,4,4,4,4,4,4,4,4,4,4,4,4,4,4,4,4,4,4,4,4,4,4,4,4,4,4,4,4,4,4,4,4,4,4,4,4,4,4,4,4,4,4,4,3,3,4,4,4,4,3,4,4,3,4,4,4,4,4,4,4,4,3,11,1,2,2,2,0,5,5,4,3,3,4,4,4,3,4,4,4,4,2,4,4,4,4,3,4,3,4,4,4,4,4,5,4,5,5,4,4,3,4,5,2,2,2,2,2,2,2,2,2,2,2,3,3,3,2,7,5,4,6,5,6,6,4,7,1,48,4,1,1,1,40,8500,7000,0,12401,인구 수가,법학
31404,5,6,4,6,4,5,4,5,5,7,5,6,5,6,4,5,4,5,5,6,5,6,5,6,4,5,4,5,4,5,4,6,4,6,4,5,3,4,4,6,4,6,4,5,5,6,5,7,4,6,3,4,1,0,1,0,1,0,1,0,1,0,1,0,1,0,1,0,1,0,1,0,2,2,1,0,1,0,1,0,1,0,1,0,4,5,4,5,5,5,4,4,5,5,4,5,4,4,5,4,4,11,1,2,1,2,0,2,5,4,3,4,3,3,4,4,4,3,4,4,4,4,4,4,3,4,4,4,3,4,4,5,4,4,4,3,4,4,4,5,4,4,2,2,2,2,2,2,2,2,2,1,4,3,3,3,2,8,7,5,6,7,6,8,7,7,1,43,4,1,1,1,40,3800,2800,0,31501,손해사정사 사고,경제학
31405,1,0,3,4,1,0,3,4,1,0,2,3,3,4,2,2,1,0,1,0,1,0,2,2,4,6,1,0,3,4,4,5,3,4,1,0,2,2,2,3,1,0,1,0,2,3,1,0,1,0,1,0,4,5,4,5,3,4,1,0,1,0,1,0,1,0,1,0,1,0,1,0,1,0,2,2,2,3,3,4,1,0,4,5,4,5,4,5,4,4,4,3,3,3,3,3,2,4,2,2,3,9,1,2,1,1,3,3,4,3,3,2,4,4,2,3,3,2,3,3,2,3,3,4,3,3,4,3,4,4,3,4,3,4,3,3,4,4,4,3,3,3,2,2,2,2,2,2,2,2,2,1,3,2,2,2,2,3,3,2,2,2,3,3,3,3,2,26,3,1,1,1,32,2600,2300,0,531601,조주기능사 음료 제조 연습 음료 비문,식음료학
31406,3,4,3,5,3,4,3,4,3,3,3,3,3,4,3,3,3,4,4,5,3,4,3,4,2,3,2,3,1,0,2,3,1,0,1,0,4,6,3,4,5,6,3,4,3,4,1,0,2,2,1,0,5,6,5,6,5,6,5,6,1,0,5,6,5,6,4,6,4,6,4,6,4,6,4,6,4,6,4,5,4,5,3,4,3,4,3,3,2,2,4,3,2,2,2,3,2,3,3,3,1,3,1,5,1,2,0,3,2,3,2,1,2,2,2,2,1,2,3,3,3,2,2,4,3,3,3,4,4,5,2,4,4,3,3,3,4,4,4,3,5,3,2,2,2,2,2,2,2,2,2,2,2,3,3,3,2,6,7,7,9,8,7,8,7,5,1,33,4,1,1,1,40,3200,2800,0,812201,조선산업기사 자동 화설 도입 증가,메카트로닉스공학
31407,2,2,2,3,1,0,1,0,2,3,2,3,2,2,2,2,2,2,2,2,2,3,2,3,2,3,2,3,1,0,2,2,1,0,1,0,1,0,1,0,2,2,2,3,2,2,1,0,1,0,1,0,2,2,3,4,3,3,3,3,2,2,2,3,2,3,3,3,3,3,2,3,2,3,2,3,1,0,1,0,1,0,1,0,2,2,2,2,3,3,2,3,3,2,3,4,2,4,2,2,2,19,1,2,2,2,0,5,5,3,3,3,4,4,2,3,3,2,2,3,3,3,2,4,3,3,3,4,2,3,3,4,2,2,2,3,3,3,2,3,3,4,2,2,2,2,2,2,2,2,2,2,3,2,2,2,2,6,4,5,4,4,4,6,6,6,1,31,4,1,1,1,48,3000,3000,0,832101,기술 개발 기계 사람 그대로,전자공학
31408,3,4,4,4,2,4,5,5,1,0,2,3,3,3,2,4,4,5,2,2,2,3,3,4,5,6,3,5,5,6,4,6,5,6,3,3,5,6,4,4,2,4,4,5,3,4,4,6,5,5,2,4,3,5,2,2,3,5,2,2,2,2,3,4,2,2,4,5,5,6,3,5,3,4,3,2,2,3,3,4,2,2,3,5,4,4,5,6,3,3,2,3,3,2,2,4,3,3,3,2,3,16,5,1,1,2,0,5,5,4,4,3,4,4,4,3,9,9,4,4,4,3,4,3,3,4,3,2,4,3,4,3,4,3,4,3,4,3,2,3,3,5,2,2,2,2,2,2,2,2,2,2,2,3,2,2,2,6,4,5,7,3,4,7,4,5,2,34,5,2,5,1,40,0,0,2500,214401,교원자격증 출산율 감소,피아노
31409,1,0,2,2,1,0,1,0,1,0,1,0,1,0,1,0,2,2,2,2,1,0,1,0,2,3,2,2,2,3,3,4,3,4,2,2,1,0,4,5,3,3,1,0,1,0,1,0,1,0,1,0,1,0,1,0,1,0,1,0,1,0,1,0,1,0,1,0,1,0,1,0,1,0,1,0,3,4,1,0,2,3,2,2,1,0,1,0,4,4,2,3,3,3,3,3,3,2,3,3,3,18,1,2,2,2,0,7,2,3,2,3,3,3,3,4,3,4,3,3,2,3,2,2,3,2,3,2,3,2,3,2,3,3,2,4,4,3,3,3,3,3,2,2,2,2,2,2,2,2,2,2,3,2,2,2,1,6,6,6,6,6,6,9,3,5,2,36,3,1,1,1,40,3000,2200,0,512201,상황 지속,레크레이션
31410,4,2,3,1,3,1,4,4,3,3,3,3,4,4,3,3,3,2,3,2,3,2,3,3,4,4,2,2,4,3,3,3,4,3,4,3,4,3,3,3,3,2,3,3,3,3,3,2,2,2,3,2,3,2,1,0,1,0,1,0,3,2,3,2,1,0,3,2,3,2,2,2,1,0,1,0,1,0,3,2,3,2,3,3,3,2,3,2,4,3,3,3,3,2,3,3,3,3,3,3,3,7,4,1,2,1,2,2,2,3,3,3,4,3,3,3,9,9,9,3,3,3,3,4,4,3,4,3,3,3,3,4,3,3,4,3,3,4,3,4,4,3,2,2,2,2,2,2,2,2,2,2,2,2,2,2,2,5,5,6,6,5,5,5,5,5,2,33,2,2,6,1,55,0,0,3000,871101,제빵기술 대형 제과 제빵 공장 때문 소가,인문계
31411,3,3,3,3,3,4,2,3,3,4,3,4,3,3,3,4,2,4,4,4,3,3,3,3,4,4,3,3,4,4,4,3,4,5,3,4,4,4,3,5,3,3,4,4,4,4,4,4,4,4,4,4,4,4,4,4,4,5,3,4,4,4,4,4,3,4,4,4,4,4,4,4,4,4,3,4,4,2,4,4,3,3,3,3,4,4,4,4,4,3,4,3,2,3,3,4,3,3,2,3,3,10,1,3,2,2,0,3,4,4,3,3,3,3,2,4,5,4,4,4,4,3,3,4,3,3,4,3,3,4,3,4,3,4,5,4,3,4,4,4,5,3,1,1,2,2,2,2,2,2,2,1,3,3,3,3,1,7,5,6,7,6,6,7,5,5,1,39,4,1,1,1,40,4000,3000,0,134301,프로그램 도입 인공 지능 대체 예상,정보통신학
31412,2,3,2,4,2,3,1,0,1,0,1,0,2,3,2,3,1,0,2,3,2,3,3,3,4,4,2,3,1,0,2,3,1,0,1,0,2,3,1,0,2,3,2,3,3,4,1,0,2,3,1,0,3,3,3,3,4,4,2,3,1,0,2,3,2,3,3,3,3,3,3,4,1,0,5,4,4,4,4,4,2,3,2,3,4,3,1,0,4,4,4,3,4,4,4,2,3,2,3,2,3,17,1,2,1,2,0,5,4,4,3,3,4,3,3,3,9,4,4,3,3,3,3,3,2,2,3,2,4,3,4,5,3,5,2,1,5,4,3,3,4,4,2,2,2,2,2,2,2,2,2,2,3,2,2,2,1,2,3,4,5,7,6,7,6,5,1,30,4,1,1,1,48,3300,2800,0,306301,치과기공사 생활수준 향상 증가,치기공학
31413,4,5,5,5,4,6,5,6,3,5,3,6,3,6,3,5,3,5,2,5,3,5,4,7,3,5,3,4,5,6,5,7,4,5,2,5,5,6,3,5,4,5,3,4,5,5,2,4,2,4,5,5,2,4,3,5,2,4,1,0,2,4,1,0,1,0,1,0,1,0,1,0,1,0,3,3,1,0,4,4,2,4,3,4,2,2,3,4,4,5,5,2,4,4,5,2,3,3,5,5,4,16,5,3,1,2,0,3,5,4,5,3,5,4,4,3,4,5,4,4,2,5,4,4,4,3,2,2,3,2,4,5,3,4,3,2,4,4,4,1,4,3,2,1,1,2,2,1,2,2,2,2,2,3,3,3,1,5,5,7,5,7,7,5,5,5,1,27,4,1,1,1,40,3000,2600,0,212201,초등정교사 방향 수업 확대 프로그램 습득 노년 인구 비율 증가,초등교육
31414,3,4,4,5,2,3,3,4,2,5,3,5,2,3,3,4,3,4,3,5,3,4,4,5,4,5,3,4,3,4,3,5,2,4,2,4,4,5,2,3,4,5,4,5,3,4,3,4,4,4,4,5,2,3,1,0,4,5,1,0,2,3,2,4,3,4,2,3,1,0,2,3,2,4,3,4,4,5,3,4,4,5,4,5,4,5,3,4,4,4,4,4,4,4,4,3,3,4,4,3,4,17,1,2,1,1,5,5,5,4,4,4,4,4,4,4,4,4,4,4,2,4,4,4,4,2,4,4,3,3,2,4,4,4,3,4,3,4,3,3,4,4,2,2,2,2,2,2,2,2,2,1,4,3,3,3,2,7,7,7,3,3,5,3,3,3,1,44,4,2,5,1,40,0,0,6500,302001,수의사 수의사 현장실습교육 반려동물 양육 인구 증가,수의학
31415,5,7,4,5,3,3,5,7,1,0,4,5,5,7,5,7,5,7,5,6,4,6,3,4,4,5,4,6,3,4,3,4,3,4,3,4,1,0,1,0,3,4,4,5,3,4,1,0,1,0,1,0,1,0,1,0,1,0,1,0,1,0,1,0,1,0,1,0,1,0,1,0,1,0,3,4,3,4,3,4,4,6,4,5,4,6,4,5,4,3,4,2,3,1,3,4,1,3,3,3,4,18,4,1,1,1,3,7,2,3,3,3,2,4,1,2,9,9,9,2,2,4,4,3,4,4,4,3,4,4,2,4,5,3,3,2,4,4,4,3,4,2,2,1,1,2,2,2,2,2,2,1,2,2,2,2,1,7,8,7,6,3,4,8,7,3,2,30,4,1,4,2,20,1000,300,0,416203,외국어교육 발성교육 연기기초교육 컴퓨터 기술 첨단 기능 첨부 무대 치가 생동감 연출 공연 분위기 상승 효과 뮤지컬 연극 대면 상황 비대 상황 전환 예상,연극영화학
31416,3,4,3,4,2,2,2,2,1,0,1,0,3,3,1,0,3,4,3,4,1,0,3,4,3,3,3,4,3,4,3,4,3,4,1,0,3,3,3,4,4,4,1,0,3,4,2,2,1,0,1,0,1,0,1,0,1,0,1,0,1,0,1,0,1,0,1,0,1,0,1,0,1,0,1,0,1,0,1,0,1,0,1,0,1,0,4,7,4,3,3,3,3,3,3,4,3,3,3,4,3,18,1,2,1,1,3,5,4,3,4,4,4,4,4,3,3,3,3,3,1,4,4,3,4,3,4,3,4,4,4,3,4,3,3,4,3,3,3,2,3,4,2,2,2,2,2,2,2,2,2,5,3,2,2,2,1,8,7,8,3,5,6,4,6,6,2,26,4,1,1,1,45,2000,1800,0,414401,공연기획 포토샵 국악악기연주 국악공연기획 현재 상황 유질,국악학
31417,3,4,4,3,2,3,3,2,1,0,4,5,1,0,2,3,3,2,1,0,2,2,2,3,1,0,2,2,2,3,3,3,1,0,1,0,1,0,4,3,2,3,4,3,3,2,1,0,2,2,1,0,1,0,1,0,2,3,1,0,1,0,1,0,1,0,1,0,1,0,1,0,1,0,3,3,1,0,1,0,2,2,2,2,2,3,3,2,4,4,3,3,4,2,2,4,2,3,3,4,4,17,1,1,1,2,0,6,4,4,4,3,4,4,4,4,3,4,4,4,4,3,4,4,4,3,3,4,5,4,3,4,4,5,4,4,3,4,4,4,4,2,2,2,2,2,2,2,2,2,2,2,4,3,3,3,2,3,7,6,5,3,4,6,3,5,2,25,3,1,1,1,40,2300,2000,0,511502,애견미용사 애완동물 사람 증가,애견동물학
31418,4,4,4,4,4,3,3,3,2,3,3,5,3,4,3,3,4,3,4,3,2,3,3,4,2,2,1,0,3,3,2,4,2,4,1,0,1,0,3,3,2,2,2,3,3,3,1,0,3,4,1,0,3,3,1,0,1,0,1,0,3,4,4,4,3,4,3,3,2,3,3,3,1,0,2,4,1,0,1,0,1,0,2,3,4,4,3,3,4,4,3,5,4,3,4,3,3,4,5,3,4,17,1,2,1,2,0,6,4,4,5,4,4,4,4,4,5,4,4,4,4,4,4,4,5,4,4,4,4,4,4,4,4,5,4,5,4,4,5,4,4,3,2,2,2,2,2,2,2,2,2,2,4,3,3,3,2,6,5,4,4,4,4,4,5,6,2,30,4,1,1,1,40,3000,2600,0,306401,치과위생사 생활수준 향상 건강 대한 관심 상승,치위생
31419,4,6,3,5,4,5,4,6,4,6,4,6,4,6,4,6,4,6,4,6,4,6,4,6,4,6,4,6,4,5,4,6,4,6,4,5,4,5,4,5,4,5,4,5,4,6,4,5,4,5,4,5,4,5,3,5,1,0,2,5,4,5,1,0,1,0,1,0,1,0,1,0,1,0,1,0,1,0,1,0,1,0,1,0,3,4,3,3,4,3,4,4,4,4,4,3,2,4,4,4,3,11,1,4,1,2,0,7,5,4,4,4,4,4,4,4,3,3,3,3,3,4,4,4,4,4,3,2,4,3,4,4,4,4,4,4,4,4,5,3,4,4,2,2,2,2,2,2,2,2,2,2,3,3,2,3,1,7,7,4,4,3,4,6,6,5,1,48,4,1,1,1,40,5300,4000,0,31102,신용분석사 변화 계속,경영학
31420,4,5,4,5,4,5,4,5,4,5,4,5,3,4,3,4,3,4,3,4,2,2,4,5,3,4,3,4,4,5,4,5,3,4,3,4,4,5,4,6,4,5,4,6,4,6,2,3,3,4,4,6,2,3,2,2,1,0,1,0,3,4,2,2,3,4,1,0,1,0,1,0,4,5,2,3,3,3,3,3,3,4,3,3,4,5,3,4,2,4,3,3,3,3,3,2,4,3,4,4,2,15,2,6,2,2,0,2,3,4,4,4,5,3,4,3,3,2,3,3,2,4,4,4,4,4,4,2,4,2,3,4,4,5,4,4,5,5,4,4,5,5,2,2,2,2,2,2,2,2,2,3,1,3,3,3,2,3,2,3,5,5,5,3,3,3,1,36,4,1,1,1,40,3000,2500,0,25301,전산 화로 무인 축소,행정학
31421,3,4,4,4,3,5,3,4,2,5,3,5,3,5,3,5,3,4,3,5,3,4,4,5,3,4,3,5,3,5,3,5,3,4,4,5,3,4,4,5,3,5,4,5,4,5,3,5,3,4,3,5,3,5,3,5,3,3,3,6,3,6,3,4,4,4,3,4,4,5,3,4,3,5,4,5,3,4,3,5,3,4,3,5,3,4,4,5,4,4,4,3,4,4,3,4,3,4,4,3,4,10,1,2,2,2,0,4,5,4,4,3,3,4,3,3,3,3,2,3,4,3,3,2,2,1,3,2,2,5,3,4,3,3,2,3,4,4,3,4,4,2,2,1,2,1,2,2,1,2,2,1,3,3,2,3,1,6,6,7,6,7,7,6,5,6,2,42,4,1,1,1,45,6000,3000,0,415501,자동화 시스템 도입 전산 자동화 디자이너 수요,컴퓨터웹디자인
31422,3,4,3,4,2,3,3,4,4,3,3,4,4,5,3,4,3,4,3,4,4,5,3,4,3,5,3,5,3,4,4,5,3,4,2,3,3,4,4,5,4,5,4,5,4,5,2,3,2,3,2,2,4,5,4,5,4,5,4,5,3,4,3,4,3,4,4,5,4,5,4,5,3,4,3,4,3,4,3,4,4,5,2,3,4,5,4,5,4,3,4,3,3,2,3,4,2,3,2,2,3,13,1,1,1,2,0,5,3,3,2,2,4,3,2,3,4,3,3,3,3,4,2,3,2,3,3,4,3,2,4,3,4,4,4,3,2,3,3,3,4,4,2,2,2,2,2,2,2,2,2,2,1,2,3,3,1,5,6,5,4,5,4,5,4,3,1,43,4,1,1,1,45,3700,3300,0,832101,전자산업기사 자동화 수리 개발,전자공학
31423,1,0,4,5,1,0,4,5,3,3,1,0,1,0,3,3,3,4,2,1,1,0,3,3,4,5,4,4,3,4,3,4,2,1,2,2,2,2,3,4,4,5,3,3,3,4,2,2,2,2,3,4,4,5,1,0,2,2,1,0,1,0,2,2,3,4,2,2,2,3,3,4,2,1,4,5,3,3,2,2,3,3,3,3,2,3,2,2,4,4,2,3,4,2,2,4,3,2,3,2,2,18,1,1,1,2,0,6,2,3,4,4,4,5,3,3,4,3,4,3,2,4,4,4,4,4,4,3,4,3,4,3,4,3,3,3,3,3,4,3,4,4,2,2,2,2,2,2,2,2,2,1,2,2,2,3,2,7,7,6,4,3,5,4,5,5,2,45,3,1,1,1,48,3400,2400,0,511301,피부미용자격증 피부 미용 관심,호텔관광
31424,3,3,2,4,2,3,2,2,3,3,1,0,1,0,4,3,3,4,3,3,1,0,2,3,3,5,1,0,1,0,1,0,1,0,1,0,1,0,3,3,3,4,1,0,2,2,1,0,1,0,1,0,1,0,1,0,2,3,3,4,1,0,1,0,2,3,3,5,4,5,5,6,1,0,4,4,3,3,2,3,3,4,2,4,3,4,4,5,3,3,2,3,2,2,1,3,3,1,2,4,3,3,1,4,2,2,0,1,2,3,2,2,3,3,2,3,2,2,3,3,2,4,4,5,4,3,4,1,4,1,2,5,3,4,1,2,3,5,2,2,4,5,2,2,2,2,2,2,2,2,2,2,1,3,3,3,2,8,8,7,4,3,4,7,3,2,1,56,2,1,1,1,44,6000,2400,0,817301,공정 자동화 계속 것이므,기계
31425,1,0,1,0,1,0,1,0,2,3,2,4,2,4,2,3,1,0,2,4,2,3,2,4,3,4,2,3,1,0,2,3,1,0,1,0,2,3,1,0,2,3,2,4,1,0,2,5,2,4,1,0,3,4,3,4,4,4,4,5,1,0,3,4,3,3,4,4,3,4,3,4,3,3,5,5,4,4,3,4,5,5,5,4,4,5,3,4,4,4,3,3,4,1,4,4,3,4,4,3,3,3,1,2,2,2,0,7,2,3,3,3,4,4,3,3,3,4,4,3,3,3,3,4,3,3,3,1,3,3,4,5,3,4,3,3,4,4,3,3,4,5,1,2,1,1,1,1,2,2,2,1,3,3,3,3,2,8,8,8,2,2,3,8,5,3,1,26,3,1,1,1,48,2200,1900,0,883101,상품 다변 해외 수입 증가,전자과
31426,3,4,3,4,1,0,3,4,3,4,3,5,3,5,3,4,4,5,3,4,3,4,1,0,1,0,3,4,1,0,1,0,1,0,1,0,1,0,3,4,3,4,3,4,3,4,1,0,1,0,3,4,3,4,1,0,1,0,1,0,3,4,3,4,1,0,1,0,1,0,1,0,1,0,3,4,3,4,3,4,2,3,2,3,3,4,4,5,4,3,3,4,3,3,3,3,3,4,3,4,4,19,4,1,2,2,0,3,1,4,3,2,4,4,4,4,4,4,4,4,2,4,4,4,4,3,3,2,4,2,4,4,4,3,3,4,4,4,4,3,3,4,2,2,2,2,2,2,2,2,2,2,2,2,2,3,2,2,8,2,7,3,2,2,3,4,2,56,2,2,6,1,40,0,0,2000,884101,경기 침체,인문계
31427,3,4,3,5,1,0,3,3,3,4,2,4,2,3,3,5,3,3,3,5,4,5,3,5,3,5,2,4,2,4,2,2,1,0,1,0,3,2,2,3,3,3,1,0,1,0,1,0,1,0,1,0,3,4,2,3,3,3,4,4,1,0,3,4,5,4,3,4,4,5,4,6,1,0,3,4,3,5,3,5,3,5,3,4,2,4,2,3,4,3,2,3,3,1,3,5,2,4,3,4,3,6,1,2,1,2,0,2,2,3,3,2,4,4,2,3,3,4,4,4,2,4,3,4,4,4,3,3,3,3,4,4,3,3,2,2,3,4,3,2,4,3,2,2,2,2,2,2,2,2,2,2,2,3,2,2,2,7,4,6,4,5,6,4,6,7,1,53,2,1,1,1,46,6000,3300,0,811601,건설기계정비 장비 최신 화로,인문계
31428,2,3,2,3,2,2,2,2,3,2,2,2,1,0,2,4,3,3,4,5,2,3,3,3,5,4,3,4,5,3,2,3,2,2,1,0,2,3,2,3,2,3,3,3,4,3,4,3,3,3,1,0,1,0,1,0,2,3,1,0,2,2,1,0,4,4,2,3,2,2,1,0,1,0,4,4,3,3,3,4,4,4,3,5,3,4,3,4,4,3,4,2,3,1,3,2,1,2,2,4,4,8,4,1,1,2,0,2,1,3,2,1,3,2,2,3,9,9,9,3,3,4,3,4,3,4,3,2,4,2,4,4,4,2,1,3,3,4,3,2,5,4,2,2,2,2,2,2,2,2,2,1,4,3,1,1,1,7,7,5,4,4,5,6,6,4,1,49,2,2,6,1,55,0,0,3800,624101,화물운송자격증 1종운전면허 인터넷 쇼핑몰 구매 이용 고객 증가,인문계
31429,4,4,3,4,3,4,3,4,3,4,1,0,3,5,1,0,3,4,1,0,3,4,5,7,1,0,1,0,3,4,1,0,1,0,1,0,4,3,1,0,2,4,3,4,1,0,1,0,1,0,3,4,1,0,1,0,1,0,1,0,1,0,1,0,1,0,1,0,1,0,1,0,1,0,1,0,1,0,1,0,1,0,1,0,1,0,1,0,3,4,4,2,3,3,3,5,3,3,4,2,4,16,5,3,1,2,0,7,5,3,2,2,4,3,3,2,2,3,3,3,3,4,4,4,3,2,3,3,2,3,3,4,4,4,4,4,5,4,2,2,3,5,2,2,2,2,2,2,2,2,2,3,1,2,2,2,1,7,8,2,3,3,3,7,6,6,1,40,4,1,2,2,25,1500,1500,0,212901,교원 자격증 때문,물리학
31430,5,6,5,6,5,6,5,5,1,0,3,4,5,6,4,6,4,6,5,6,5,6,5,6,4,6,5,6,5,6,5,6,5,6,5,6,5,6,5,6,4,5,1,0,4,6,1,0,1,0,5,4,1,0,1,0,1,0,1,0,5,5,1,0,4,5,1,0,1,0,1,0,5,6,1,0,1,0,1,0,1,0,1,0,4,5,4,5,5,4,3,4,4,4,4,4,3,4,4,4,5,18,1,2,2,2,0,5,5,4,4,4,5,4,4,3,4,5,4,4,2,5,4,3,5,3,3,4,4,4,3,3,5,5,4,4,4,3,4,4,3,3,2,2,2,2,2,2,2,2,2,1,3,3,3,3,1,1,1,2,9,1,8,9,1,1,2,36,4,1,1,1,45,3500,2300,0,411104,문화 발달,문예창작
31431,5,6,5,6,4,5,4,4,4,5,4,5,3,4,3,4,2,3,2,3,4,4,1,0,3,3,1,0,1,0,4,4,3,4,1,0,1,0,3,4,2,3,2,3,1,0,1,0,1,0,1,0,3,4,3,6,3,5,4,5,4,5,5,6,4,5,1,0,1,0,1,0,1,0,1,0,1,0,1,0,2,3,2,2,2,3,2,3,4,4,3,5,4,3,4,2,2,4,4,4,3,3,1,4,2,2,0,6,6,4,5,4,4,4,4,4,5,4,5,4,4,4,4,4,5,4,4,4,3,4,4,4,4,5,4,4,5,4,4,4,4,3,2,2,2,2,2,2,2,2,2,2,4,3,3,3,2,7,5,4,3,4,4,5,4,5,1,42,6,1,1,1,40,5900,3800,0,122101,생명공학 관련 산업 연구 활발 인력 증가 필요,생물학
31432,3,3,4,5,3,3,4,5,3,3,1,0,1,0,3,3,4,5,1,0,1,0,3,3,4,5,3,3,3,4,3,4,3,4,3,3,1,0,3,4,4,5,3,4,3,3,1,0,3,4,1,0,1,0,1,0,1,0,1,0,3,3,3,4,3,3,1,0,1,0,1,0,3,4,1,0,3,3,1,0,1,0,3,3,3,3,3,4,4,3,3,3,3,4,4,4,3,4,3,3,3,7,1,1,1,2,0,7,2,3,3,3,3,4,3,3,3,4,4,4,3,3,4,4,3,4,3,3,3,4,4,3,3,4,3,3,4,3,3,3,4,5,2,2,2,2,2,2,2,2,2,1,4,2,2,3,1,7,8,6,5,4,5,3,3,4,1,36,4,1,1,1,60,3000,2200,0,615101,판매사자격증 휴대폰 교체 시기,경제학
31433,4,5,4,5,3,4,3,4,3,4,3,4,4,5,3,4,4,5,4,5,4,5,4,5,3,4,4,5,3,4,4,5,3,5,3,4,4,5,4,5,4,5,4,5,4,5,4,5,4,5,4,5,4,5,3,4,3,4,4,5,3,4,4,5,4,4,4,5,4,5,4,5,4,5,4,5,4,5,4,5,4,5,4,5,4,5,4,5,4,4,2,3,3,3,3,4,3,3,3,4,4,18,1,2,1,2,0,7,4,3,3,3,4,4,4,4,3,3,3,3,3,3,3,4,3,2,3,3,3,3,2,3,4,4,3,3,4,3,3,2,4,4,2,2,2,2,2,2,2,2,2,2,2,2,2,2,1,7,6,7,3,4,3,7,4,3,2,32,4,1,1,1,45,3600,2500,0,232101,보육교사자격증 아동 수의 감소,유아교육
31434,1,0,3,3,1,0,2,2,1,0,1,0,2,2,3,3,4,5,2,2,1,0,1,0,3,2,1,0,3,4,3,3,1,0,1,0,2,1,2,1,3,3,2,2,4,4,1,0,3,3,3,3,3,2,1,0,3,3,2,2,1,0,1,0,3,2,4,4,2,2,2,2,2,2,3,3,4,4,4,4,5,5,4,4,5,6,5,5,4,4,2,2,4,1,3,2,2,2,3,4,3,6,1,2,2,1,1,7,2,4,2,3,3,3,3,3,3,3,3,3,3,2,2,3,3,2,2,3,2,4,2,4,3,3,4,3,3,4,3,2,4,3,2,2,2,2,2,2,2,2,2,1,1,2,2,2,2,7,7,7,5,5,5,5,5,5,1,40,2,1,3,2,50,3600,2600,0,702101,미장공사 보조 작업 이직 사람,기계
31435,3,4,4,4,4,6,2,2,4,5,4,5,3,4,2,3,2,3,3,5,4,6,3,4,3,3,4,5,3,4,2,2,1,0,1,0,5,7,1,0,2,2,2,2,3,4,4,5,1,0,4,6,4,6,4,4,3,3,3,5,2,2,3,4,3,4,3,4,2,2,4,5,3,4,2,3,3,4,1,0,2,2,1,0,4,5,3,4,2,2,3,3,4,4,4,4,2,4,3,2,2,13,1,4,2,1,6,5,5,5,4,2,4,4,3,3,3,3,4,4,3,4,4,4,1,2,2,1,4,4,4,5,4,4,4,4,4,4,3,3,4,4,2,1,2,2,2,2,2,2,2,1,2,3,3,3,1,5,5,5,5,5,5,3,3,5,1,47,5,1,1,1,48,5700,3000,0,415503,다루기 콘텐츠 제작경험 영상편집 프로그램 도입 자동화 전선,미술사학
31436,4,6,4,6,4,5,4,5,4,5,4,5,4,5,4,5,4,4,4,4,4,5,4,5,4,4,4,5,4,4,4,5,4,4,4,4,4,5,4,5,4,5,4,4,4,4,4,5,4,5,4,5,4,4,4,5,4,4,4,5,4,5,4,5,4,5,4,4,4,5,4,5,4,5,4,5,4,5,4,5,4,5,4,5,4,5,4,4,4,4,4,4,3,3,4,4,4,4,4,3,4,11,1,1,1,2,0,5,5,4,4,4,4,4,4,4,4,4,4,4,2,4,4,4,4,4,4,3,4,4,4,4,4,4,3,4,4,4,3,3,4,4,2,2,2,2,2,2,2,2,2,2,4,2,2,2,2,7,7,7,7,7,7,7,7,7,1,42,4,2,5,1,40,0,0,8000,33201,보험중개사 건강 관심 증가,경영학
31437,2,3,3,4,2,3,2,3,1,0,1,0,1,0,2,3,3,3,2,2,1,0,2,2,3,3,1,0,1,0,3,3,1,0,1,0,2,3,2,2,2,2,1,0,2,3,1,0,1,0,1,0,1,0,1,0,1,0,4,5,1,0,5,5,2,2,3,4,2,2,2,3,1,0,2,3,3,4,2,3,2,4,1,0,3,3,2,2,3,2,2,3,3,1,3,2,2,1,3,3,4,3,1,4,2,1,2,2,2,4,2,2,4,3,2,3,2,3,4,3,2,3,3,5,4,4,3,4,3,3,4,5,3,3,2,4,3,5,4,2,4,4,2,2,2,2,2,2,2,2,2,2,4,3,3,3,2,8,9,5,6,8,9,4,4,5,1,44,2,1,1,1,44,4200,2500,0,817201,현장기술교육 경기 자동차 수요,관광
31438,2,3,3,3,2,2,3,3,3,4,4,5,3,3,4,5,4,4,3,3,4,5,3,4,3,4,2,3,2,3,2,2,2,2,2,3,1,0,4,4,4,5,5,6,3,4,1,0,2,2,1,0,3,4,3,4,4,5,4,5,3,4,3,4,2,2,3,4,3,3,4,4,1,0,3,4,2,3,3,3,2,2,2,3,4,5,1,0,5,4,4,4,4,4,4,3,3,4,4,4,4,3,1,2,2,2,0,7,5,4,4,4,4,5,4,3,3,3,3,3,2,3,3,4,4,3,4,4,4,2,3,4,5,4,4,4,4,3,4,3,4,5,2,2,2,1,2,2,2,2,2,1,4,3,3,3,2,7,5,7,5,5,6,8,8,5,1,38,4,1,1,1,40,3800,2600,0,154201,물질 분석 대한 수요 증가 안정 산업 전망 추세,화학공학
31439,4,6,4,6,4,5,4,5,4,6,4,6,4,6,4,5,4,6,4,6,4,6,4,6,4,6,4,6,4,6,4,5,4,6,4,5,4,6,4,5,4,6,4,6,4,6,4,6,4,6,4,6,4,6,4,6,4,6,4,6,4,6,5,6,4,5,4,6,5,6,5,6,5,6,4,6,5,6,5,5,4,5,4,5,4,5,4,5,4,4,2,3,4,2,4,2,3,4,4,4,4,3,1,3,1,1,5,6,3,4,3,3,5,5,3,4,3,3,4,4,2,4,4,5,5,4,4,2,4,2,2,4,4,5,4,4,5,5,4,4,4,5,1,1,1,1,1,1,2,2,2,2,2,2,2,2,1,8,2,2,3,3,8,8,8,2,1,36,2,1,1,1,45,3000,2000,0,816103,금형기술사 지게차운전자격증 사대훈련 기계 등장 공장 자동화 기계 대체,기계
31440,3,3,4,5,2,3,3,5,3,3,3,3,3,4,3,5,3,3,3,3,4,4,3,4,4,4,3,4,2,2,3,3,3,3,1,0,1,0,3,3,5,6,4,5,3,4,2,2,4,4,1,0,5,6,5,5,4,5,4,4,2,4,4,5,3,4,4,4,3,5,3,4,3,5,5,5,4,5,4,4,3,4,3,3,4,5,3,3,4,5,3,3,4,2,4,4,3,3,5,3,4,14,1,2,1,2,0,2,4,4,2,2,3,4,4,4,3,4,4,3,4,2,3,3,3,3,4,2,2,3,2,4,3,3,3,4,3,3,4,3,3,3,2,2,2,2,2,2,2,2,2,1,2,2,2,3,1,6,5,3,4,4,5,5,3,4,1,31,4,1,3,2,40,3600,3000,0,811201,승강기산업기사 경기 침체 영향 건설업 축소,기계공학
31441,2,2,2,2,2,2,2,2,2,2,2,2,2,2,2,2,2,3,3,3,2,2,2,2,3,3,2,3,2,3,3,4,2,2,2,3,2,2,4,5,2,2,3,4,2,3,2,2,3,3,2,3,2,2,2,3,2,2,2,3,2,3,2,2,2,1,2,2,2,2,2,2,2,2,2,2,2,4,2,2,2,2,2,3,3,3,2,4,4,4,3,3,4,4,3,4,4,3,4,4,3,8,2,2,2,1,1,1,5,4,3,3,4,3,3,3,4,3,4,3,3,4,3,3,3,4,4,4,4,5,4,4,4,4,3,4,3,3,4,4,4,4,2,2,2,2,2,2,2,2,2,2,2,2,2,2,2,7,5,6,7,5,6,6,7,5,2,31,4,1,1,1,40,3000,2400,0,522202,승무직 수행에 필요 지식 기술 태도에 대한 입문교육 자동차 이용 여행,일어일문
31442,1,0,1,0,1,0,1,0,1,0,4,4,1,0,1,0,4,4,1,0,1,0,1,0,1,0,1,0,1,0,1,0,1,0,1,0,1,0,1,0,1,0,1,0,1,0,1,0,1,0,1,0,3,4,4,4,3,4,1,0,1,0,4,5,4,5,1,0,1,0,1,0,1,0,1,0,1,0,1,0,1,0,1,0,1,0,1,0,4,4,4,3,3,3,3,2,3,3,3,3,3,3,1,4,1,1,5,4,4,4,3,3,4,4,3,4,4,4,4,4,2,4,4,3,3,3,3,2,4,4,4,5,3,3,4,4,3,4,3,4,5,3,2,2,1,2,1,1,2,2,2,2,2,2,2,3,2,7,7,4,6,3,3,5,4,4,1,35,4,1,1,1,40,3600,3000,0,156101,섬유기술사 직물분석 체직설계분석 염색 가공 이론 자동화기 도입 시스템 변경 기계 자동화,섬유공학
31443,3,4,3,4,2,3,4,5,4,5,2,4,2,3,3,4,3,5,2,4,2,4,2,4,2,4,2,4,3,4,3,5,2,4,2,4,3,4,4,5,3,5,2,4,3,4,1,0,1,0,1,0,1,0,1,0,2,3,1,0,3,4,1,0,2,3,1,0,1,0,1,0,1,0,1,0,1,0,1,0,1,0,1,0,3,4,3,4,3,4,2,3,4,4,4,2,4,3,4,3,3,11,1,2,2,2,0,3,4,3,3,3,4,3,3,3,3,4,4,3,2,5,4,4,4,2,4,2,4,4,4,4,4,2,2,2,3,3,4,3,4,2,2,2,2,2,2,2,2,2,2,3,1,3,3,3,2,5,4,6,6,4,7,6,3,4,2,49,2,1,1,1,44,4000,2600,0,32401,전산 기계화,상고
31444,2,3,2,3,1,0,2,2,1,0,1,0,1,0,1,0,1,0,1,0,1,0,1,0,2,2,2,2,1,0,2,3,1,0,1,0,2,2,2,2,2,2,1,0,2,2,1,0,2,2,2,2,1,0,1,0,1,0,1,0,2,2,1,0,1,0,1,0,1,0,1,0,1,0,1,0,1,0,1,0,1,0,1,0,2,2,2,2,3,2,2,3,3,3,2,3,2,3,3,3,3,18,1,2,2,2,0,3,2,3,2,2,3,2,2,3,3,3,3,3,2,2,2,2,2,2,2,2,2,3,4,4,3,3,2,3,3,2,3,2,3,3,2,2,2,2,2,2,2,2,2,1,3,2,2,3,1,4,4,4,4,4,5,4,4,5,2,40,4,1,1,1,52,4000,2800,0,24402,공연 증가,영화
31445,2,3,2,4,1,0,2,1,1,0,1,0,1,0,2,4,2,3,1,0,1,0,1,0,2,4,2,3,1,0,2,3,2,2,2,4,2,2,2,4,2,3,2,3,2,4,2,2,2,2,2,2,2,3,2,3,1,0,1,0,1,0,2,3,2,4,2,2,2,3,2,2,2,2,2,5,2,4,1,0,2,1,2,2,2,4,2,1,3,2,4,3,2,4,3,4,2,4,3,2,2,3,1,2,2,2,0,7,2,3,2,2,3,3,3,3,3,4,3,3,2,3,3,3,2,2,3,4,3,3,4,3,2,3,2,3,3,2,3,3,3,3,2,2,2,2,2,2,2,2,2,2,3,2,2,3,1,6,7,5,4,3,5,4,4,5,1,34,2,1,1,1,53,2600,2000,0,862201,변화,문과
31446,4,5,3,5,4,5,4,4,4,5,4,5,4,4,3,5,4,4,4,5,3,4,4,5,4,4,3,5,4,5,4,5,3,5,4,5,4,4,4,5,3,4,4,5,3,5,4,5,3,3,3,5,3,4,4,5,3,5,3,5,3,4,4,4,3,4,4,5,3,4,4,5,4,4,3,3,4,5,4,5,3,5,4,5,4,4,4,5,4,4,3,3,4,4,4,4,3,3,3,2,2,3,1,4,2,2,0,3,5,4,4,4,4,4,4,4,4,3,4,5,3,4,3,3,4,3,3,4,3,3,3,4,4,3,3,4,5,4,4,4,4,3,2,2,2,2,2,2,2,2,2,1,3,2,2,1,1,6,7,5,8,7,7,7,6,6,1,33,4,1,1,1,40,2800,2500,0,153201,신제품 지속 출시,전자공학
31447,4,5,5,6,4,5,2,3,3,4,4,5,3,5,5,6,2,3,5,6,3,4,3,4,3,4,2,3,2,3,2,3,2,3,2,3,2,3,1,0,4,5,4,5,2,3,3,4,1,0,1,0,3,4,3,4,3,4,2,3,3,4,3,4,2,3,1,0,1,0,1,0,2,3,1,0,1,0,1,0,1,0,1,0,1,0,1,0,4,4,4,3,4,4,4,4,3,4,4,4,4,15,2,3,1,2,0,6,5,4,4,4,4,5,4,4,3,4,4,4,2,4,4,3,3,3,2,4,4,4,3,4,4,5,4,4,4,5,4,4,4,4,2,2,2,2,2,2,2,2,2,2,3,3,3,3,1,2,1,2,2,2,7,7,2,6,1,44,4,1,2,2,20,4500,2500,0,140502,도시계획기사 기술사 현재,도시공학
31448,5,4,5,5,5,4,4,6,4,6,5,3,5,6,4,6,5,7,4,6,5,7,4,6,5,7,5,7,5,7,4,6,5,7,5,4,5,4,5,7,5,7,5,7,4,6,5,5,5,7,5,5,5,7,5,7,5,7,5,7,5,7,5,7,5,7,3,6,5,4,5,3,5,6,5,2,5,7,5,5,5,7,5,5,5,3,5,6,4,5,5,3,4,3,3,4,3,4,3,4,5,9,1,2,2,1,3,2,5,4,3,3,4,4,3,3,3,4,5,4,3,3,4,5,5,5,4,4,4,5,3,5,4,5,4,5,5,5,5,4,5,5,2,2,1,1,2,1,1,2,2,3,1,2,2,2,1,9,1,9,1,1,9,9,9,1,1,39,4,1,1,1,50,7000,3000,0,14201,전문 요리 장비 기계 자동화 기존 근로자 이동성 대한 불만 불편 자동화 전산 화로 노동 근로 인력 감소,조리학
31449,2,3,3,5,2,4,4,4,2,4,3,4,4,4,3,5,2,3,3,5,2,4,4,5,4,4,4,6,2,4,2,3,1,0,1,0,2,5,2,3,4,5,3,4,4,5,3,5,1,0,1,0,2,3,3,3,1,0,1,0,1,0,1,0,2,4,1,0,1,0,1,0,4,4,2,5,1,0,1,0,1,0,2,4,1,0,1,0,4,3,3,4,5,4,4,4,3,3,4,4,3,13,2,4,1,2,0,3,4,4,4,3,3,3,4,4,3,3,4,4,4,4,3,4,5,4,4,3,4,4,4,5,4,3,4,4,3,4,4,3,4,4,2,2,2,2,2,2,2,2,2,2,2,2,2,2,1,4,6,5,8,6,7,6,8,6,1,41,4,1,1,1,45,4100,2700,0,21001,행정전문자격증 자동화 시스템 발전,사회학
31450,3,4,3,4,3,4,2,3,3,5,3,4,3,4,4,3,3,3,3,4,3,4,3,4,3,4,3,3,2,3,3,4,3,3,2,3,3,3,2,3,2,3,3,4,3,4,3,4,3,3,3,3,3,3,3,3,1,0,2,3,2,3,2,3,2,3,2,3,2,3,3,3,2,3,2,3,2,2,3,3,2,3,2,3,2,3,4,5,3,4,3,2,3,4,2,2,3,3,3,3,3,18,3,2,2,2,0,4,5,3,3,3,4,4,4,3,3,3,4,4,2,2,3,4,4,5,3,3,5,5,3,4,4,3,3,3,4,5,5,4,5,5,1,1,1,2,2,1,1,1,1,1,1,2,2,2,1,5,5,7,8,7,7,6,6,7,2,32,5,1,2,2,50,4900,3000,0,414401,경기 불황 구조조정 국악 공연 수가 감소,국악
31451,3,4,3,5,2,2,2,3,3,4,3,4,2,3,2,3,3,4,1,0,2,3,2,3,3,4,2,3,1,0,1,0,2,3,2,2,1,0,1,0,3,4,2,3,3,4,1,0,3,4,1,0,3,4,4,5,3,4,4,5,2,3,5,6,4,5,5,6,5,6,5,6,1,0,3,4,4,5,3,4,4,5,3,4,3,4,3,4,2,2,3,3,2,2,2,3,2,1,1,3,3,3,1,2,2,1,3,3,2,2,2,2,4,4,2,3,2,2,3,2,3,3,3,3,3,2,3,4,3,4,3,5,2,3,2,4,3,5,3,2,5,3,2,2,2,2,2,2,1,2,2,2,1,3,3,3,2,8,8,9,4,6,4,8,6,2,1,39,3,1,1,1,48,3700,2600,0,812201,현장에서 배우는 장비기법들 구조조정 인력 감소 노후 선박 교체 선박 기술 방향 고장 점점,금속가공
31452,4,4,3,3,1,0,3,3,4,4,3,4,1,0,2,3,3,3,1,0,2,4,3,4,4,4,4,4,1,0,1,0,2,4,1,0,2,4,3,3,3,3,4,4,1,0,2,4,1,0,2,3,4,5,4,4,2,4,3,4,4,4,4,4,4,3,3,3,3,3,4,4,2,3,1,0,2,4,2,3,1,0,1,0,3,3,3,2,5,4,4,3,4,3,4,4,4,3,4,4,3,10,1,4,1,2,0,5,5,4,3,3,4,4,4,5,4,3,3,4,2,3,4,4,3,2,3,4,4,5,3,5,5,4,3,4,4,3,4,3,4,2,2,2,2,2,2,2,2,2,2,3,1,3,3,3,1,7,4,8,8,3,5,3,8,4,2,39,4,1,1,1,40,3700,3500,0,133301,정보처리기사 기술 개발,정보통신학
31453,4,5,4,5,1,0,4,5,1,0,1,0,1,0,3,4,3,4,4,4,4,5,3,4,4,4,4,4,4,4,4,4,1,0,1,0,1,0,4,4,4,4,3,4,3,3,1,0,1,0,4,5,1,0,1,0,1,0,1,0,1,0,1,0,1,0,2,2,1,0,1,0,1,0,2,3,2,2,3,3,2,2,3,4,2,2,3,3,3,3,4,4,3,3,3,4,3,3,4,4,3,14,1,2,2,2,0,2,2,4,3,4,4,3,4,4,3,3,4,4,4,3,3,4,3,3,4,4,3,3,3,4,4,3,3,3,4,4,4,4,3,3,2,2,2,2,2,2,2,2,2,2,3,3,3,3,2,4,5,5,6,7,4,6,5,4,1,54,2,1,3,2,40,2500,2000,0,624101,변화,상고
31454,4,6,5,5,3,5,5,6,1,0,1,0,3,4,3,4,4,5,4,5,1,0,1,0,3,5,1,0,4,5,4,5,1,0,1,0,1,0,1,0,2,3,1,0,4,4,1,0,1,0,1,0,1,0,1,0,1,0,1,0,1,0,1,0,1,0,1,0,1,0,1,0,1,0,1,0,1,0,3,5,1,0,1,0,3,4,4,3,2,3,3,3,4,4,2,4,3,4,3,3,2,10,1,3,2,2,0,2,5,3,3,3,2,4,3,3,2,3,3,3,4,2,2,2,2,3,3,2,3,4,2,3,3,4,5,4,5,5,5,4,4,4,2,2,2,2,2,2,2,2,2,1,4,2,2,2,2,6,5,4,7,3,6,4,6,5,2,40,4,1,3,2,40,3000,2000,0,416302,사회 변화 다양성,신문방송학
31455,4,5,4,5,4,5,4,5,3,4,4,6,3,4,4,5,4,5,3,4,3,4,2,3,3,4,4,5,4,5,4,6,3,4,3,4,4,5,4,6,4,5,3,4,3,4,2,2,3,4,3,4,1,0,1,0,1,0,1,0,4,6,2,3,2,3,3,3,2,3,1,0,3,3,2,3,1,0,1,0,1,0,1,0,3,3,3,3,3,4,1,4,5,5,4,5,2,4,4,4,2,13,1,6,1,1,4,4,3,4,5,4,4,5,2,4,3,2,3,3,4,5,3,4,3,5,3,3,5,4,3,4,4,3,4,3,5,4,3,3,4,4,2,2,2,2,2,2,1,2,2,1,4,2,2,2,1,6,6,5,4,4,5,4,7,7,2,32,3,1,1,1,52,3200,2500,0,616201,CRS DCS 토익 인턴 전에 배운다 코로나 하늘 길이 화물 때문 구조조정 단행 믿음,항공서비스
31456,2,3,2,3,2,4,2,5,3,5,3,4,5,4,3,4,3,4,3,5,3,2,3,5,4,3,2,4,2,3,3,1,3,4,3,5,4,6,3,4,4,5,4,6,3,6,2,3,1,0,5,3,5,7,3,2,3,2,3,4,5,6,2,3,2,3,2,5,3,4,3,5,3,2,4,1,1,0,3,2,1,0,1,0,2,4,1,0,2,3,2,3,4,5,4,4,2,3,4,5,4,10,1,2,2,2,0,2,3,4,5,4,3,4,4,3,4,3,5,4,2,3,4,2,3,4,4,3,4,5,4,3,4,3,2,3,4,5,5,4,5,4,1,2,1,1,2,1,2,1,2,2,5,1,1,3,2,5,7,5,4,6,5,3,4,6,1,51,4,1,1,1,46,4600,3800,0,133301,블로그 소규모 사업자 사이트 응용 프로그램 관련 콘텐츠 개발 인터넷 이용 수가 점차 관련 업종 증가,컴퓨터공학
31457,4,5,4,5,2,3,3,6,4,5,4,5,2,3,2,3,4,6,4,5,3,3,4,5,4,5,4,5,4,5,4,5,4,5,4,5,4,5,4,4,4,4,4,5,5,6,4,5,4,5,4,5,4,5,1,0,1,0,1,0,4,5,3,3,4,4,1,0,1,0,1,0,4,5,1,0,1,0,3,3,2,2,1,0,1,0,1,0,5,2,3,4,5,3,4,4,4,3,4,3,4,12,1,6,1,1,4,4,4,4,3,4,4,4,4,4,4,4,4,4,4,4,4,4,2,4,3,4,3,3,4,4,4,4,4,5,4,5,5,5,5,5,2,2,2,2,1,2,1,1,2,2,3,2,2,2,1,7,4,6,5,5,7,4,7,6,1,48,4,1,1,1,45,7200,3000,0,31102,공인회계 감정평가 재무회계 재무회계 기술 도입 구조조정 지금 상황,회계학
31458,4,5,4,5,4,5,4,5,4,4,4,5,4,5,4,4,4,5,4,5,4,5,4,5,4,6,4,5,4,5,4,5,4,5,4,5,4,5,4,5,4,5,4,5,4,5,4,5,4,5,4,5,4,5,3,4,4,5,3,4,4,5,2,3,4,5,4,5,3,4,4,5,4,6,2,3,4,6,4,5,3,4,3,4,4,5,4,5,4,4,3,4,4,4,4,4,4,4,4,3,4,16,5,2,1,2,0,7,4,3,2,3,3,3,2,5,4,4,5,5,4,3,3,4,4,3,4,4,4,3,4,4,4,3,4,4,3,3,4,4,4,2,2,2,2,2,2,2,1,2,2,2,2,2,2,2,1,8,7,7,7,3,2,7,6,3,1,37,4,1,3,2,46,5000,2800,0,214201,프로그래밍 코로나 매출 감소 인원 구조 조정 인구 감소,컴퓨터공학
31459,1,0,2,2,1,0,4,6,1,0,3,4,2,2,2,2,2,2,1,0,3,4,4,5,2,2,4,6,2,3,1,0,1,0,1,0,3,4,1,0,3,4,2,3,1,0,4,6,2,2,2,2,1,0,1,0,3,4,2,2,3,4,2,3,2,3,3,4,3,4,3,4,2,2,2,3,2,3,2,2,3,4,1,0,3,4,4,5,5,3,3,4,3,4,4,3,3,2,3,2,4,3,1,1,2,2,0,1,2,4,4,4,4,4,4,4,9,4,4,4,2,4,4,4,5,3,3,2,4,4,4,4,3,5,3,3,4,4,4,2,4,5,2,2,2,2,2,2,2,2,2,2,3,3,3,3,2,6,4,8,6,5,4,6,4,4,1,48,2,2,5,1,40,0,0,5000,873301,기계 대체 일이,기계
31460,2,2,3,3,2,2,2,2,1,0,1,0,1,0,4,3,3,5,1,0,1,0,2,3,4,4,2,2,1,0,1,0,1,0,1,0,1,0,1,0,2,3,1,0,1,0,1,0,1,0,1,0,1,0,1,0,2,3,2,3,1,0,1,0,3,5,2,2,2,2,3,4,1,0,3,4,3,4,3,4,3,4,2,3,3,4,4,3,1,2,2,3,3,1,4,1,3,2,1,2,2,3,1,2,2,2,0,1,2,3,3,3,3,3,2,3,2,3,4,3,2,4,3,5,3,4,5,2,5,3,4,5,3,2,1,1,3,4,2,2,4,4,2,2,2,2,2,2,2,2,2,4,2,3,3,3,2,7,7,5,6,6,5,7,6,6,1,36,2,1,1,1,40,3000,2000,0,816103,업무 자동화 기계화,금속
31461,3,5,3,4,4,5,3,5,3,4,3,4,4,5,4,5,4,5,4,5,4,5,4,5,4,5,4,5,4,5,3,5,4,5,4,5,4,6,4,5,4,5,4,5,4,5,4,5,4,5,4,4,4,4,4,5,4,5,4,5,3,4,3,4,4,5,4,5,4,5,4,5,3,4,3,5,3,4,3,4,2,4,3,4,3,4,3,5,3,3,4,3,3,3,4,4,4,3,3,3,3,16,5,2,2,2,0,1,5,4,4,3,3,4,3,4,4,4,5,4,3,3,4,3,3,4,3,3,4,3,4,3,4,4,3,4,3,4,4,4,4,4,2,2,2,2,2,2,2,2,2,2,4,3,3,3,2,6,6,5,6,5,6,6,6,6,2,33,4,1,2,2,40,3400,2500,0,215105,참고서 러닝 교재,교육학
31462,3,4,3,4,1,0,5,6,1,0,1,0,1,0,1,0,5,6,1,0,1,0,1,0,2,3,2,2,2,2,2,3,1,0,1,0,1,0,2,2,1,0,1,0,4,5,2,2,1,0,2,2,1,0,1,0,1,0,1,0,1,0,1,0,1,0,1,0,1,0,1,0,1,0,1,0,1,0,1,0,1,0,1,0,3,4,3,3,4,3,3,3,3,3,2,4,3,2,3,2,2,18,4,1,2,2,0,4,2,3,3,3,3,3,3,3,3,3,4,3,2,3,3,3,4,4,3,4,3,3,3,3,4,4,3,3,3,3,2,3,3,3,2,2,2,2,2,2,2,2,2,1,3,3,3,3,2,8,7,7,6,7,7,7,6,7,2,24,3,2,6,1,40,0,0,1500,416201,변화,유아교육
31463,2,3,2,3,1,0,3,3,3,4,3,2,2,3,2,2,3,3,2,3,3,4,1,0,3,3,1,0,2,3,3,3,1,0,1,0,1,0,3,3,3,3,2,3,2,4,1,0,1,0,1,0,1,0,1,0,3,3,4,5,1,0,1,0,3,4,3,3,4,4,3,3,1,0,3,3,4,4,4,4,3,4,3,3,3,4,3,4,3,2,3,3,3,2,3,3,2,3,2,3,2,4,1,2,2,1,2,5,2,3,3,3,2,3,2,3,2,3,4,3,2,4,4,5,4,4,4,3,4,3,2,2,3,3,3,2,3,4,3,3,3,3,2,2,2,2,2,2,2,2,2,1,3,3,2,3,2,7,7,6,5,4,5,6,6,4,1,39,3,1,1,1,44,2800,2800,0,703101,업무교육 설치방법 또는 기타보수유지교육 도시가스 사용 구가,기계
31464,4,5,5,5,4,4,4,4,4,5,3,3,4,5,4,5,4,4,4,4,4,5,4,5,4,5,4,5,3,3,3,3,3,3,4,4,3,4,5,6,4,6,4,5,3,4,2,2,4,5,3,4,2,3,3,3,3,4,4,5,5,6,4,6,3,4,4,5,4,5,4,5,4,5,3,5,3,4,2,2,2,2,3,3,3,3,3,5,5,4,4,3,5,4,4,4,4,4,5,4,4,7,1,2,2,2,0,2,4,3,2,3,4,2,4,2,2,3,4,3,4,2,2,4,3,3,4,2,3,3,2,4,3,4,4,5,4,4,3,3,4,3,2,2,2,2,2,2,2,2,2,2,4,1,1,3,1,6,5,4,5,4,5,5,4,4,2,44,3,1,1,1,40,3100,2000,0,615301,인터넷 발달 영향,산업디자인학
31465,5,6,4,5,5,6,4,5,4,5,5,6,4,5,4,5,5,6,3,5,4,5,4,5,4,5,4,6,5,5,4,5,4,5,3,4,4,5,4,5,4,5,4,5,5,4,4,4,3,5,3,4,4,5,3,4,2,3,3,3,3,4,4,4,3,4,1,0,1,0,1,0,3,4,3,4,2,4,3,4,2,4,2,4,4,4,3,4,4,3,4,4,3,4,4,3,4,4,3,4,5,16,5,5,2,2,0,7,5,4,3,3,5,4,4,5,4,3,3,4,1,3,3,4,4,3,3,2,4,3,4,4,3,3,4,3,2,5,4,4,5,4,2,2,2,2,2,2,2,2,2,1,3,3,3,3,2,6,5,5,4,5,5,6,5,5,1,60,6,1,1,1,40,10000,5000,0,13101,상태 유지,철학
31466,3,4,3,5,3,5,3,5,3,4,3,5,3,6,3,5,3,4,3,5,3,5,3,4,3,4,3,4,3,4,3,4,3,3,3,5,3,4,3,4,4,4,3,4,3,4,3,4,3,4,3,4,4,4,4,4,4,4,3,5,3,4,3,4,3,4,3,4,3,4,5,4,3,4,3,4,3,4,3,4,3,4,3,4,3,4,3,4,3,3,4,3,3,3,3,4,3,3,4,3,4,3,1,5,2,1,1,1,4,4,2,3,3,3,3,3,2,2,4,3,2,4,4,3,4,2,4,2,4,4,3,4,3,3,3,3,4,4,3,3,3,4,2,2,2,2,2,2,2,2,2,1,1,1,2,2,2,3,3,3,3,3,3,3,3,3,1,54,5,1,1,1,40,7000,3000,0,151301,직무교육 내연기관 엔진 전기차 변화,기계공학
31467,2,3,3,4,2,2,3,5,2,3,2,3,2,3,3,4,3,4,2,3,2,3,3,4,3,5,3,4,1,0,3,4,2,3,1,0,2,3,2,3,3,4,3,3,3,4,1,0,1,0,1,0,3,4,1,0,2,3,3,2,1,0,4,5,4,5,4,5,4,5,4,5,1,0,3,4,3,4,2,3,3,4,3,4,3,4,3,5,2,1,3,3,2,2,3,3,2,3,2,2,3,3,1,5,2,2,0,2,1,3,2,2,3,2,2,3,1,3,3,3,3,3,4,4,4,3,4,4,2,3,3,4,3,4,3,2,4,5,4,3,4,4,2,2,2,2,2,2,2,2,2,2,3,3,2,2,2,8,8,9,5,8,8,6,6,5,1,46,3,1,1,1,48,3300,2500,0,882301,산업 수요 온라인 쇼핑 소비 일자리 것이므,컴퓨터학
31468,3,3,4,5,2,2,4,5,2,2,3,4,2,1,2,2,3,4,2,1,2,2,3,4,3,4,3,3,4,5,4,5,3,4,2,2,3,4,4,5,4,5,3,4,3,4,2,2,3,4,3,4,2,2,2,1,2,1,2,1,3,4,4,5,2,1,2,1,2,2,2,2,3,3,2,2,2,2,2,2,2,3,3,4,3,3,2,2,2,3,2,3,4,4,3,4,3,4,4,3,2,18,1,4,2,2,0,6,5,4,4,4,5,4,4,2,4,9,3,3,1,5,5,4,5,4,5,3,5,2,4,4,3,5,4,5,3,5,5,3,4,5,2,2,2,2,2,2,2,2,2,1,2,3,2,2,1,4,4,4,4,5,4,3,2,3,2,53,4,1,1,1,48,4100,2600,0,521201,여행 사업 위축,문학
31469,4,6,5,6,5,7,5,7,5,6,5,6,4,6,5,6,5,6,5,6,4,5,4,6,4,6,4,5,4,5,4,6,4,6,4,6,4,5,4,4,3,4,3,4,3,5,3,5,3,5,4,4,4,6,3,5,4,5,3,4,3,4,3,4,3,4,3,5,3,4,2,3,4,5,4,4,3,4,1,0,1,0,1,0,1,0,1,0,3,3,3,3,4,3,3,3,3,3,3,3,3,15,2,4,2,2,0,4,5,3,3,3,5,5,5,3,3,4,3,4,3,3,3,3,3,3,3,3,3,3,4,3,3,3,3,3,4,4,4,2,3,5,2,2,2,2,2,2,2,2,2,2,3,3,3,3,2,8,6,5,5,3,7,7,5,6,1,49,4,1,1,1,40,5000,3500,0,110203,상태 유지,사회학
31470,2,2,3,3,2,2,1,0,2,1,2,3,1,0,3,2,2,5,3,2,2,1,1,0,3,3,2,2,2,4,2,1,2,1,1,0,3,3,1,0,4,5,1,0,2,2,1,0,1,0,1,0,4,5,3,3,3,3,4,4,1,0,2,2,4,4,3,2,4,5,4,6,3,3,4,3,3,2,4,4,5,6,4,4,3,3,2,2,3,1,2,2,2,1,3,3,2,3,3,2,3,3,1,4,1,2,0,7,4,4,3,3,3,4,2,3,3,3,4,3,2,3,4,3,3,2,3,4,2,4,3,4,2,4,3,3,4,5,3,4,5,4,2,2,2,2,2,2,2,2,2,2,3,3,3,3,2,7,6,5,6,9,7,7,6,5,1,31,3,1,1,1,40,3500,3000,0,833001,원자로조종면허 대부분 일자리 크게 변동,에너지공학
31471,2,3,3,4,3,3,4,4,1,0,2,2,1,0,3,4,2,3,2,3,3,3,3,4,3,3,2,2,3,2,4,5,2,3,1,0,3,4,4,3,2,2,3,3,3,3,1,0,1,0,2,2,1,0,1,0,3,3,1,0,2,3,1,0,1,0,1,0,1,0,1,0,3,3,4,4,1,0,1,0,2,2,2,3,2,3,3,2,4,4,3,5,5,2,3,3,2,3,4,4,4,17,3,4,1,2,0,6,5,4,5,4,4,4,4,4,3,4,5,4,4,3,4,4,4,3,4,4,4,3,3,4,4,3,4,4,3,4,4,4,4,3,2,2,2,2,2,2,2,2,2,2,4,3,3,3,2,6,4,5,4,4,6,3,4,5,2,26,4,1,1,1,40,3300,2800,0,301004,간호사 의료 서비스 수준,간호학
31472,1,0,1,0,1,0,1,0,2,3,1,0,1,0,3,4,2,3,2,3,1,0,1,0,2,3,1,0,1,0,3,4,1,0,1,0,1,0,1,0,2,3,1,0,2,3,1,0,1,0,1,0,1,0,1,0,2,3,1,0,1,0,1,0,2,3,2,3,1,0,2,4,1,0,2,3,3,4,2,3,3,4,3,6,2,3,1,0,3,3,3,4,3,2,3,3,4,3,3,2,3,13,1,3,1,2,0,7,4,4,3,3,3,3,3,3,3,4,4,3,2,3,3,3,4,3,4,3,3,4,4,3,3,4,3,3,3,3,4,4,3,4,2,2,2,2,2,1,2,2,2,1,4,2,2,3,1,4,6,5,4,5,5,5,5,5,1,39,4,1,1,1,40,3798,2900,0,158501,비파괴검사 장비 기술 도입 교육 전반 안전 진단 강화 그레 고용 유지 증가,방사선
31473,3,3,2,4,2,3,2,3,3,3,5,6,4,6,4,6,4,6,4,6,4,6,5,6,4,6,1,0,4,6,4,5,1,0,1,0,4,6,4,6,4,5,5,6,2,2,2,2,1,0,1,0,4,6,4,6,4,6,4,6,4,6,4,6,4,6,4,6,4,6,4,6,4,6,4,6,4,6,1,0,1,0,4,6,2,3,2,2,5,5,4,4,5,4,5,5,4,5,4,4,4,15,2,5,2,2,0,2,4,5,5,4,4,5,4,4,4,4,5,4,1,5,4,3,5,4,3,5,4,4,4,4,3,5,4,3,5,4,3,4,4,4,2,2,2,2,2,2,2,2,2,2,3,3,3,3,2,7,5,7,3,7,7,5,7,8,2,35,4,1,1,1,40,3800,3300,0,121201,장비 첨단 컴퓨터 데이타 당분간 변화,물리학
31474,3,2,4,5,3,3,2,2,4,4,3,4,1,0,2,2,3,3,2,2,3,4,2,3,4,4,1,0,1,0,1,0,1,0,1,0,2,3,3,3,3,4,1,0,2,3,1,0,1,0,1,0,1,0,1,0,5,4,4,5,3,3,1,0,4,4,2,3,4,6,4,2,1,0,4,2,3,3,2,3,2,3,3,3,4,6,4,6,3,4,4,3,3,2,4,2,3,4,3,4,4,8,2,5,1,1,2,2,5,3,3,3,4,4,3,3,2,3,4,3,1,4,4,4,5,3,3,2,4,3,2,4,3,4,4,2,2,4,4,3,4,4,2,1,1,1,2,2,2,2,2,2,3,3,3,3,2,4,5,8,4,8,7,5,6,4,1,44,4,1,1,1,40,6300,3100,0,705201,철도토목기사 차량산업기사 건설 유지관리 교육 프로그램 이용 업무 적용 철도 유지관리,건축
31475,4,4,3,5,3,4,4,4,4,4,4,3,4,4,4,4,3,4,3,2,3,3,5,4,4,5,4,5,4,4,4,2,4,3,4,5,3,3,4,5,4,3,4,5,4,2,4,6,3,5,4,4,3,3,3,3,4,4,4,3,4,4,4,4,3,4,3,3,4,4,3,3,3,3,4,4,3,3,3,3,3,3,3,3,2,4,3,3,4,3,3,3,4,4,4,4,3,3,4,4,3,13,1,1,2,2,0,6,5,3,3,3,3,4,3,3,3,2,4,3,4,2,3,3,3,2,3,3,4,3,2,4,3,3,4,2,4,3,3,2,3,3,2,2,2,2,2,2,1,1,1,3,2,2,3,2,2,7,7,6,5,5,5,6,5,5,2,48,4,2,5,1,45,0,0,4000,140502,코로나 경기 침체 때문 변화,도시설계공학
31476,5,7,5,7,5,7,4,5,5,6,5,7,4,6,5,7,4,5,4,5,5,7,5,7,4,5,5,7,4,5,4,5,4,5,3,4,5,6,2,2,5,7,5,7,5,7,4,5,3,4,3,4,3,5,2,3,2,3,2,3,5,7,4,6,2,2,1,0,1,0,1,0,3,4,1,0,1,0,1,0,1,0,1,0,3,4,2,2,4,3,4,4,4,4,3,5,3,5,5,4,4,13,1,2,1,2,0,3,5,5,5,5,5,5,3,3,3,3,4,3,3,4,3,3,2,3,2,4,4,5,2,4,3,4,4,3,3,4,3,3,4,4,2,2,2,2,2,2,2,2,2,2,3,2,2,2,1,9,9,2,8,2,2,1,2,3,2,35,4,1,1,1,40,4400,3000,0,24203,사회조사분석사1급 조사분석사2급 변동,국어국문학
31477,2,2,2,2,1,0,1,0,1,0,1,0,1,0,1,0,1,0,1,0,1,0,1,0,1,0,1,0,1,0,1,0,1,0,1,0,1,0,1,0,1,0,3,4,1,0,1,0,1,0,1,0,3,4,3,4,2,4,3,4,1,0,3,4,3,4,3,4,1,0,3,5,1,0,1,0,1,0,1,0,2,4,1,0,1,0,1,0,3,3,3,2,3,3,3,4,3,3,3,2,3,3,1,3,1,2,0,7,4,2,3,3,4,3,3,3,4,4,4,4,2,4,3,3,2,1,3,3,2,4,3,4,3,3,3,3,4,4,2,3,4,4,1,2,1,2,2,2,2,2,2,2,2,3,3,3,2,7,8,7,4,2,3,6,3,3,1,46,4,1,1,1,40,3400,2800,0,826101,섬유산업기사 계속 도방 기술 경기 침체 기술 발달,기계공학
31478,3,4,2,3,1,0,5,7,1,0,4,6,5,7,4,5,5,6,4,5,5,6,3,5,5,7,1,0,2,3,2,1,1,0,1,0,4,5,1,0,2,2,2,2,3,4,2,2,1,0,1,0,1,0,1,0,2,1,1,0,4,6,1,0,2,1,2,1,1,0,1,0,1,0,4,5,3,4,3,4,1,0,1,0,4,6,5,7,4,5,5,2,4,4,2,4,4,3,3,4,4,18,4,1,2,2,0,6,1,3,4,4,4,4,4,2,9,9,9,3,2,2,3,4,3,3,4,4,4,4,2,4,4,5,3,4,4,4,5,3,4,3,2,2,2,2,2,2,2,2,2,1,4,3,3,3,2,8,8,9,8,8,9,8,8,8,1,63,2,2,6,1,40,0,0,1000,414502,경제 발전 문화 예술 계통 관심,문과
31479,4,4,4,5,3,5,4,5,4,5,4,5,4,4,4,4,4,5,4,4,4,5,4,5,4,4,4,5,4,5,4,5,4,6,4,5,3,4,4,4,4,5,4,5,4,5,4,5,4,5,3,5,3,5,3,4,5,6,4,4,3,4,3,4,5,5,5,5,5,7,5,7,4,4,4,5,4,5,3,5,5,6,3,4,3,5,3,5,4,3,4,4,4,4,4,3,4,3,4,3,3,6,4,1,1,2,0,4,2,4,3,4,4,3,4,4,9,9,9,4,4,3,4,4,3,4,3,4,3,4,3,4,3,4,3,4,3,4,3,4,4,3,2,2,2,2,2,2,2,2,2,2,2,2,2,2,2,7,6,7,5,2,3,7,7,6,1,46,2,2,6,1,50,0,0,4000,704001,불도저운전기능사 로봇 사용 화로,이과
31480,3,3,3,4,2,2,2,2,3,3,2,2,3,4,3,5,3,5,3,4,3,3,3,4,4,5,3,5,2,2,3,3,4,3,4,4,1,0,2,2,3,4,4,5,1,0,2,2,2,2,2,2,4,6,3,4,3,4,4,5,1,0,3,5,3,3,3,5,4,5,3,4,2,3,4,5,4,5,3,3,4,5,4,5,4,5,1,0,4,4,2,3,4,2,4,4,3,4,4,5,4,19,3,2,1,2,0,1,3,4,4,3,4,5,4,3,3,2,4,3,3,4,3,4,4,3,4,2,4,3,2,5,4,4,4,4,5,5,4,3,4,3,2,2,2,2,2,2,2,2,2,2,4,3,3,3,1,6,6,4,5,5,4,5,4,4,1,49,4,1,1,1,40,3800,2500,0,701602,문화재수리기능사 실내건축산업기사 전통문화 재의 대한 관심 증가,사학
31481,5,7,3,4,2,2,3,4,3,4,2,2,3,4,5,7,2,2,2,2,3,4,2,2,4,6,3,4,3,4,2,2,3,4,4,6,2,2,2,2,2,3,4,6,4,5,1,0,1,0,1,0,1,0,1,0,1,0,1,0,1,0,3,4,1,0,1,0,1,0,1,0,3,4,1,0,1,0,2,2,2,2,3,4,4,5,3,4,5,4,2,4,3,2,4,2,3,3,2,4,4,11,1,2,1,1,3,7,5,3,3,3,4,4,3,4,4,3,4,4,3,4,4,4,4,4,2,1,4,2,4,3,4,3,2,2,4,5,4,3,4,4,2,1,2,1,2,2,1,2,2,2,3,2,2,3,2,3,8,4,7,4,7,3,7,4,1,47,4,1,1,1,40,7000,4000,0,31401,선물거래상담사 세계적 금융시장을 파악 인적 자원 감소 기계 대체 불가,경제학
31482,4,5,3,5,3,5,1,0,1,0,4,5,1,0,3,4,3,4,3,4,1,0,3,4,4,4,4,4,4,4,4,4,1,0,1,0,1,0,3,5,3,4,3,5,1,0,1,0,4,5,4,5,3,5,3,4,4,4,4,4,2,4,3,3,4,4,4,4,4,4,4,4,4,4,3,4,3,4,4,4,3,4,3,4,3,5,1,0,4,4,3,3,3,4,4,3,4,4,3,3,3,4,1,2,1,2,0,3,4,3,4,4,4,4,3,3,4,4,4,4,4,3,3,3,4,3,4,3,3,3,3,3,4,4,3,3,3,4,4,3,3,3,2,2,2,2,2,2,2,2,2,1,3,2,2,2,2,6,5,6,6,5,6,6,5,5,1,37,4,1,1,1,40,3800,2000,0,153106,전기기사 자동화 기계 발달 현장 확인 사람 직접,전기
31483,5,3,5,4,5,5,3,5,3,4,5,5,4,5,4,5,4,3,3,5,4,4,4,5,4,3,5,4,4,4,4,4,4,5,4,4,3,5,4,4,3,4,3,3,5,4,4,4,3,3,2,2,3,4,2,1,1,0,3,5,4,5,2,4,2,2,2,2,3,3,2,3,2,2,1,0,1,0,1,0,1,0,1,0,3,4,2,2,4,3,4,2,4,4,3,3,2,3,3,2,4,13,1,1,1,2,0,5,3,4,4,3,4,4,3,2,2,3,3,2,2,4,3,4,3,3,4,2,4,4,4,4,2,3,2,2,3,4,3,3,4,4,2,1,2,2,2,1,2,1,2,2,2,3,3,3,2,2,3,3,2,3,3,3,3,3,2,39,2,1,1,1,40,2500,2000,0,222001,워드프로세서 전산응용제도기능사 컴퓨터그래픽스운용기능사 관리 프로그램 도입 일부 업무 간소화 특허청 서비스 제공 직접 출원 관리 수임 감소,이과
31484,4,6,4,5,4,5,4,5,3,4,4,5,4,5,4,5,4,5,4,5,4,6,5,6,5,5,4,5,4,5,4,5,4,5,4,6,4,4,4,4,4,5,4,5,5,6,4,4,3,4,3,3,4,5,4,4,3,3,3,5,4,4,4,6,4,5,3,4,3,3,2,3,4,5,4,4,3,4,3,4,2,4,2,3,4,5,4,5,4,3,4,4,4,3,5,3,4,5,4,4,3,15,2,5,1,2,0,7,5,4,4,4,4,4,4,4,4,4,4,5,2,4,4,4,3,3,3,2,3,4,4,5,4,4,4,3,5,5,4,4,5,4,2,2,2,2,2,2,2,2,2,1,4,3,3,3,2,5,5,5,4,4,5,4,4,5,1,35,4,1,1,1,52,4300,2800,0,157101,식품기술산업기사 농산물품질관리사 식품 산업 미래 성장 산업 첨단 기술 적용 연구 수요 증가,식품가공학
31485,2,3,2,2,2,2,2,3,2,4,4,5,2,2,3,4,4,4,4,5,4,4,3,5,4,5,3,4,3,4,4,5,1,0,1,0,2,4,4,5,4,5,3,5,3,4,3,3,3,4,3,3,4,5,4,5,4,6,4,6,1,0,3,5,4,4,4,6,5,5,4,5,1,0,3,3,4,3,4,4,4,4,4,4,3,4,4,5,3,3,2,3,3,2,2,3,2,3,2,2,3,4,1,2,1,2,0,3,4,4,3,3,5,5,2,4,4,5,4,3,3,3,3,4,3,3,3,3,3,4,4,3,3,4,4,3,4,4,2,3,3,4,2,2,2,2,2,2,2,2,2,1,3,3,3,3,2,7,6,6,4,4,5,5,6,6,1,49,4,1,1,1,30,3200,2900,0,811501,보일러시공기능사 보일러 설치 정비 사람 작업 이기 때문 변화 생각,기계공학
31486,2,2,2,2,1,0,1,0,1,0,1,0,1,0,2,2,2,2,2,2,1,0,2,2,2,2,1,0,2,2,2,2,2,2,2,2,1,0,1,0,2,2,2,2,2,2,1,0,2,2,2,2,2,2,2,2,3,4,4,4,2,3,3,4,4,5,4,4,4,4,4,5,4,4,4,4,4,4,3,4,4,4,2,3,4,5,3,4,4,2,3,1,3,3,2,4,2,3,2,1,2,3,1,2,2,2,0,2,1,3,2,2,3,2,2,2,2,3,3,2,5,2,2,4,5,4,4,4,5,4,2,4,5,5,4,4,4,5,4,4,5,2,2,2,2,2,2,2,2,2,2,2,1,2,2,2,2,7,6,3,3,4,7,7,3,4,1,36,2,1,1,1,50,2800,1800,0,873101,최신 기계,기계
31487,3,5,3,5,2,3,3,5,4,6,4,6,2,3,3,5,3,5,4,6,2,3,3,4,3,5,3,4,3,4,3,5,3,5,3,4,2,3,2,2,3,4,3,4,3,5,3,4,4,6,4,5,3,5,3,5,3,5,3,4,4,6,3,4,2,3,3,4,3,4,2,3,2,3,2,3,2,3,3,4,2,3,2,3,3,4,2,3,4,2,2,4,4,3,4,4,3,3,4,3,3,6,1,4,1,1,1,2,5,4,4,4,4,4,4,5,5,4,4,4,2,4,4,4,3,4,3,2,3,3,3,4,4,3,3,4,3,3,4,4,4,4,2,2,2,2,2,2,2,2,2,2,2,3,2,3,2,3,4,3,4,4,4,7,4,5,1,44,4,1,1,1,40,5300,3500,0,151101,기계설계제도사 컴퓨터 프로그램 숙지 경기 침체,기계공학
31488,2,2,3,3,1,0,3,3,1,0,4,6,1,0,3,4,5,7,4,5,4,5,3,4,4,5,1,0,1,0,3,4,1,0,1,0,1,0,2,3,3,4,5,7,2,2,1,0,1,0,1,0,2,2,2,3,3,3,2,4,1,0,1,0,4,6,3,4,5,7,5,6,1,0,5,7,5,6,5,6,3,4,3,4,3,4,3,4,4,4,4,3,5,3,4,5,3,4,5,5,5,15,2,3,1,1,5,5,5,4,3,3,4,3,3,4,3,4,5,4,4,4,4,4,3,4,5,3,3,5,3,5,4,5,4,4,4,5,4,3,5,4,2,2,2,2,2,2,2,2,2,2,4,3,3,3,2,3,2,1,2,2,7,3,3,5,1,38,4,1,1,1,40,3900,3000,0,621102,계기비행 자격증 비행훈련 관제영어 소득 사람,항공
31489,4,4,3,5,3,5,3,4,3,3,3,5,3,5,3,5,3,5,4,4,3,5,3,5,3,4,3,3,3,3,3,5,3,5,4,4,3,4,4,5,3,5,3,5,3,5,4,6,3,5,3,5,4,5,4,5,4,5,4,4,4,4,4,5,3,5,4,5,3,5,3,5,4,4,4,5,3,5,4,4,4,5,4,5,3,5,4,5,4,3,4,3,4,3,4,4,3,4,3,4,3,3,1,5,2,2,0,1,4,3,4,3,3,4,4,4,3,4,4,4,3,4,4,3,4,3,3,4,3,3,4,3,4,3,3,4,3,4,2,2,2,4,2,2,2,2,2,2,2,2,2,1,2,3,3,3,2,4,6,4,5,7,6,4,4,6,1,35,4,1,1,1,40,3500,2500,0,156201,회사 선호,섬유공학
31490,3,3,1,0,1,0,1,0,1,0,1,0,3,3,1,0,2,3,3,4,2,3,2,3,2,3,2,3,3,3,3,4,3,4,3,4,3,4,4,5,4,5,3,4,3,4,3,4,2,2,1,0,3,4,4,4,3,3,3,4,3,3,2,2,3,3,3,3,3,3,2,3,4,4,4,5,3,3,4,4,3,4,1,0,1,0,1,0,4,3,3,3,4,3,3,3,3,3,3,3,3,3,1,4,1,1,2,5,3,4,3,4,3,4,4,4,4,4,4,4,1,3,3,4,3,3,4,3,3,3,3,3,3,4,3,3,4,4,3,4,4,4,1,2,2,2,2,2,2,2,2,2,3,2,2,2,1,8,7,7,8,6,7,8,7,5,1,50,3,1,1,1,45,4800,2000,0,823301,주조산업기사 정밀주조풍 공정 열처리 재료 구입 상황,화학과
31491,1,0,1,0,1,0,1,0,1,0,1,0,1,0,1,0,1,0,1,0,1,0,1,0,1,0,1,0,1,0,1,0,1,0,1,0,1,0,2,3,2,2,2,3,2,2,1,0,1,0,1,0,1,0,1,0,1,0,1,0,1,0,1,0,1,0,1,0,1,0,1,0,1,0,1,0,3,3,2,3,3,4,1,0,4,2,4,4,3,4,3,2,2,1,1,2,2,1,1,1,2,9,1,1,2,2,0,1,1,2,1,2,2,2,2,2,9,3,3,2,4,1,1,2,2,1,1,4,2,5,4,4,2,2,2,1,1,5,2,1,4,2,2,2,2,2,2,2,2,2,2,2,3,3,2,3,2,7,7,7,7,8,8,5,5,5,2,57,2,1,1,1,50,2400,1800,0,561101,청소 기계 발달 뒷정리,문과
31492,2,2,4,5,3,3,3,4,2,1,1,0,1,0,1,0,2,2,1,0,1,0,2,2,4,5,2,2,4,5,4,5,1,0,1,0,1,0,2,3,3,4,4,5,3,3,1,0,1,0,1,0,1,0,1,0,1,0,1,0,1,0,1,0,1,0,1,0,1,0,1,0,1,0,4,5,4,5,3,4,4,5,3,4,2,2,2,1,4,4,2,3,4,1,4,4,2,1,4,1,3,17,1,3,1,2,0,5,2,3,4,2,3,4,2,3,3,4,3,3,2,4,4,4,4,3,2,3,2,3,3,3,4,4,3,2,1,3,4,1,2,5,2,2,2,2,2,2,2,2,2,2,3,3,3,3,1,7,8,6,5,4,5,4,3,6,2,52,4,1,1,1,52,2500,2300,0,550101,요양보호사,사회복지
31493,5,4,5,4,5,4,4,6,3,5,4,5,5,5,2,3,4,3,5,5,5,6,4,4,4,5,5,6,5,6,2,2,5,7,5,6,3,5,4,5,3,4,4,5,4,6,3,4,3,4,5,6,4,5,4,6,4,5,3,4,4,5,5,5,4,5,2,3,2,2,2,3,4,5,5,5,1,0,2,3,2,2,1,0,4,5,4,4,4,2,2,2,4,4,2,5,3,4,5,3,4,10,1,2,1,1,4,6,5,4,3,3,4,4,4,2,3,3,4,3,3,2,3,5,3,2,5,1,1,3,2,4,3,4,4,4,3,4,3,3,4,4,1,1,1,1,2,1,1,1,2,2,4,2,2,2,1,3,3,5,5,5,5,8,3,4,2,42,4,1,1,1,40,4200,2800,0,26102,그래픽디자이너 시각디자인기사 업무 관련 소프트웨어 시장 동향 분석 시시각각 시장 동향 상품 개발 서비스 변화 컨텐츠 점점 시대,정보미디어학
31494,4,6,3,3,2,3,3,4,4,5,3,4,4,5,3,4,4,4,4,4,3,4,3,4,4,5,3,4,2,4,4,5,3,4,4,4,4,5,2,3,4,5,4,5,4,5,1,0,4,5,1,0,3,4,4,5,4,6,4,5,4,5,4,5,4,5,4,5,3,5,4,5,4,6,4,5,4,5,4,5,4,5,4,5,4,5,1,0,4,4,4,4,3,3,3,4,4,3,4,4,3,7,1,4,2,2,0,7,5,4,3,3,3,3,3,4,3,4,4,3,4,3,3,4,3,2,3,3,4,3,3,3,4,4,5,4,2,4,4,4,4,4,2,2,2,2,2,2,2,2,2,2,4,3,3,3,1,6,7,6,4,3,4,3,4,5,1,37,4,1,1,1,40,5800,3800,0,132002,컴퓨터 설계 수요 증가,컴퓨터공학
31495,3,5,3,5,2,4,3,4,4,4,2,3,1,0,3,3,3,4,1,0,1,0,2,2,3,4,1,0,2,3,3,3,1,0,1,0,1,0,4,4,4,3,2,3,2,3,1,0,1,0,1,0,2,3,1,0,4,4,3,4,1,0,1,0,4,4,5,5,4,4,4,5,1,0,3,3,3,4,3,4,3,4,4,4,3,4,3,5,4,3,2,2,4,2,2,4,3,3,2,3,3,6,1,3,1,1,1,2,4,3,3,3,4,3,2,3,3,3,4,4,2,4,4,4,4,2,4,1,4,2,4,4,2,3,3,3,4,5,3,2,4,5,2,2,2,2,2,2,2,2,2,2,3,3,3,3,2,7,8,3,6,4,3,7,3,4,1,45,3,1,1,1,46,5000,2500,0,811301,지게차운전기능사 크레인운전기능사 건축설비기사 안전교육 현장실무교육 물품 비등 이동 이용 때문,건축
31496,3,3,4,4,3,4,3,4,2,3,4,4,3,3,3,5,3,5,3,3,3,5,4,4,3,3,3,5,4,4,3,3,3,5,4,4,3,3,4,5,3,5,3,5,4,4,3,5,3,3,3,6,4,5,3,3,3,4,4,4,3,4,2,4,3,5,3,4,2,4,3,5,3,3,3,5,3,5,3,4,2,4,3,3,3,3,4,4,2,4,3,3,2,3,3,3,2,3,3,3,4,17,1,2,1,1,6,6,6,4,4,4,4,4,4,5,9,9,5,5,4,3,4,4,3,4,4,4,3,4,4,4,4,3,4,4,4,3,4,4,4,3,2,2,2,2,2,2,2,2,2,2,2,3,2,3,2,7,7,8,7,6,7,7,8,7,2,54,5,2,5,1,40,0,0,29000,301104,의사 면허증 전공의 자격증 인턴 레지던트 업무 시스템 로봇 체제 신생아 감소,산부인
31497,3,3,3,3,3,3,2,3,2,3,3,3,2,3,3,3,3,5,3,3,3,3,1,0,2,2,3,4,2,3,2,3,2,3,2,3,1,0,3,3,2,3,3,4,4,4,2,3,4,3,4,5,1,0,1,0,1,0,1,0,2,3,1,0,1,0,1,0,1,0,1,0,2,2,1,0,1,0,1,0,1,0,1,0,2,2,2,2,4,4,1,3,3,4,3,3,2,2,3,2,2,8,1,3,2,2,0,4,3,2,2,2,4,2,2,2,2,3,3,3,4,2,2,4,3,3,4,3,2,4,2,5,3,3,3,4,3,4,3,3,4,4,2,2,2,2,2,2,2,2,2,3,1,3,3,3,2,8,8,8,3,3,3,4,4,4,1,35,4,1,1,1,40,4700,3200,0,28201,업무 자동화 전산,경제학
31498,4,5,5,6,4,5,5,6,3,4,3,4,2,2,3,4,4,5,4,5,3,4,4,5,5,6,4,5,3,4,3,4,4,5,5,6,4,5,4,5,3,3,4,5,3,4,5,6,3,4,3,4,1,0,3,4,4,5,4,5,5,6,1,0,1,0,1,0,1,0,1,0,1,0,3,3,3,4,3,4,3,3,4,5,4,5,4,5,4,4,2,3,2,2,2,5,3,4,3,4,3,6,1,2,1,2,0,5,4,3,3,3,4,3,2,3,3,3,3,3,1,4,4,3,3,3,3,3,4,3,4,5,5,4,5,4,5,5,5,4,4,3,2,2,2,2,2,2,2,2,2,2,2,2,2,3,2,6,7,4,6,4,3,6,2,5,1,38,4,1,1,1,40,4800,3000,0,140306,건축기사 건축 경기 침체 감소,건축설비공학
31499,4,5,4,4,1,0,3,4,2,4,5,6,3,3,5,6,5,6,2,3,1,0,2,3,5,6,1,0,1,0,1,0,1,0,1,0,3,3,3,3,5,6,1,0,2,2,1,0,3,3,1,0,2,2,2,4,4,6,5,6,2,1,3,4,2,4,3,5,5,6,5,7,1,0,4,6,4,6,3,5,2,4,3,5,5,6,3,4,3,4,3,4,4,1,4,5,1,3,4,4,4,8,1,2,1,1,4,5,4,3,3,3,4,4,3,3,3,3,3,3,2,2,3,3,3,3,4,4,4,4,3,4,3,4,3,3,3,4,3,3,4,4,2,2,1,2,2,2,2,2,2,2,4,2,2,2,2,4,6,5,5,5,4,7,4,7,1,30,4,1,1,1,50,2700,2500,0,812101,항공정비사 효율적인 수리 필요성 판단 자동 장비 증가 항공기 운항 증가 정비 업무 증가,항공기계
31500,3,5,3,3,2,5,4,5,2,2,3,5,3,6,2,4,4,4,2,2,2,2,2,4,3,5,4,5,4,4,3,4,4,4,2,3,4,4,4,6,3,5,3,4,4,3,2,5,3,5,4,5,3,3,2,1,2,2,2,2,2,3,2,3,2,2,2,2,2,2,2,2,2,4,2,3,2,2,3,4,3,4,2,4,3,4,3,3,4,4,3,4,4,4,4,3,4,4,4,4,4,15,2,6,2,2,0,7,2,4,4,3,4,4,5,4,4,5,5,5,3,4,4,4,4,3,4,3,4,2,3,4,4,4,3,4,4,4,4,3,4,4,2,2,2,2,2,2,2,2,2,1,4,2,2,3,1,3,3,3,3,3,3,3,3,3,2,34,4,1,1,1,40,3500,2200,0,250301,계속 인간 성품,통계학
31501,3,5,3,4,2,3,3,3,3,5,3,3,2,2,4,6,3,4,2,3,2,3,3,3,3,5,4,4,2,2,2,3,2,3,2,2,1,0,2,3,3,4,3,5,3,3,2,3,3,3,2,2,3,5,2,2,2,3,2,3,4,5,4,5,4,4,3,4,3,5,3,3,3,4,3,4,4,5,4,6,3,3,3,4,3,3,2,2,3,3,3,2,4,2,4,3,3,3,4,3,3,7,1,2,1,2,0,2,4,3,2,3,4,3,3,2,3,3,5,3,3,3,2,3,2,3,4,2,3,3,1,4,3,3,4,4,4,5,4,3,4,3,2,2,2,2,2,2,1,2,1,3,2,2,2,3,1,6,7,6,4,4,4,6,5,5,1,46,4,1,1,1,40,3000,2200,0,28302,물류관리사 부서 통폐합 무량 증가 전염병 여파 무역 경제 침체,무역학
31502,2,3,2,4,2,2,3,3,3,5,3,5,2,2,4,5,2,3,3,4,2,2,1,0,4,5,4,5,3,4,3,4,3,3,2,3,3,4,3,3,3,6,4,5,4,5,4,5,4,6,4,6,4,5,4,5,3,4,3,4,2,3,2,3,2,5,3,4,3,3,3,3,2,3,2,3,2,3,3,4,4,5,2,2,2,5,2,5,4,3,4,3,3,3,3,3,2,2,3,2,2,6,1,2,1,2,0,7,5,4,4,4,4,4,4,3,4,4,5,5,1,4,4,3,4,4,4,4,4,4,4,5,4,4,4,4,4,3,4,4,4,4,2,2,2,2,2,2,2,2,2,1,2,2,3,3,2,7,5,4,4,4,4,7,5,4,1,38,4,1,1,1,50,4500,4300,0,140301,건축기계기술사 산업 발달,토목공학
31503,4,5,3,4,3,4,4,5,4,5,4,5,4,4,3,4,4,5,3,4,4,5,4,4,4,4,4,5,4,4,4,5,3,4,4,5,3,3,4,4,4,4,4,5,4,5,4,4,3,4,4,5,3,3,4,5,4,5,4,5,4,5,4,5,4,5,4,5,4,5,4,5,4,5,4,5,4,4,4,5,3,3,4,4,4,5,3,3,4,3,4,3,4,4,4,3,2,3,3,3,3,10,1,2,1,1,4,4,5,3,3,3,4,4,4,4,4,4,4,4,3,4,4,4,3,3,3,3,4,4,4,4,3,3,3,3,4,4,3,3,4,4,1,1,1,1,1,1,1,1,1,3,1,2,2,2,1,7,7,7,4,3,4,7,7,7,1,44,4,1,3,1,52,6500,4000,0,131203,산업기사 정보통신 관련 교육 통신 설비 장비 도입 자동화,정보통신
31504,3,4,3,4,3,4,2,3,3,5,4,4,4,4,4,4,3,5,2,3,1,0,2,4,2,3,4,5,4,4,3,4,3,4,3,4,4,4,3,4,4,4,3,3,4,4,3,4,4,4,3,5,4,4,1,0,4,4,3,5,5,5,4,4,3,4,4,4,3,4,3,3,4,4,5,5,3,4,2,2,1,0,3,3,4,4,3,3,4,4,2,3,4,4,4,4,3,3,3,5,4,13,2,3,2,2,0,3,5,4,4,4,4,4,4,3,3,4,4,4,2,5,3,4,4,3,4,2,5,3,4,4,3,4,5,4,4,5,4,4,4,4,2,2,2,2,2,2,2,2,2,2,3,3,3,3,2,4,4,3,4,4,4,5,4,4,2,36,4,1,1,1,40,4700,2800,0,122105,공무원,농업학
31505,2,2,2,2,1,0,3,3,2,2,3,3,2,3,3,3,3,3,3,3,3,3,2,2,3,3,3,3,3,3,3,3,2,2,4,4,2,2,4,4,3,3,3,3,2,3,1,0,1,0,1,0,2,2,3,3,3,3,3,3,3,3,3,3,2,2,4,3,4,4,4,4,3,3,2,2,3,3,3,3,2,3,2,2,4,4,4,4,4,4,3,4,3,3,4,4,3,3,4,2,3,14,1,2,2,2,0,7,2,4,3,3,4,3,3,4,4,4,4,4,3,4,4,4,4,4,4,3,4,4,4,4,4,3,4,4,4,5,4,3,5,4,2,2,2,2,2,2,2,2,2,2,2,2,3,3,2,8,9,5,8,2,5,8,5,5,1,34,3,1,1,1,40,3150,2200,0,811401,자동화 감소,기계학
31506,2,3,4,5,4,5,4,4,2,4,2,3,2,2,2,3,2,3,2,3,2,2,2,3,3,4,3,4,3,4,3,4,4,3,2,3,2,3,3,4,3,4,3,3,2,4,3,4,2,3,2,3,2,2,2,3,3,4,3,4,2,1,1,0,1,0,1,0,1,0,1,0,2,2,2,2,5,7,3,4,5,7,5,7,5,6,4,5,5,4,4,4,4,4,4,4,4,4,5,4,4,8,4,2,1,1,1,7,2,4,2,2,4,4,4,3,3,3,4,3,3,3,2,4,4,4,5,4,3,4,4,4,4,5,4,4,4,4,5,4,4,4,2,2,2,2,2,2,2,2,2,1,4,1,1,1,1,5,6,5,6,7,7,8,9,8,1,46,2,2,6,1,63,0,0,3200,624101,1종운전면허증 화물차운송자격증 화물차 운전 인터넷 쇼핑 택배 물량 증가,기계
31507,4,5,4,5,1,0,1,0,5,6,4,5,4,6,4,4,3,5,3,3,1,0,2,2,3,3,3,4,1,0,1,0,1,0,1,0,1,0,3,3,3,5,3,3,1,0,1,0,1,0,1,0,4,5,3,5,2,2,5,4,5,6,4,6,4,5,3,4,4,5,2,2,3,3,2,2,1,0,1,0,1,0,1,0,2,3,1,0,5,4,4,4,4,4,3,4,4,4,4,3,4,10,1,2,1,2,0,1,4,5,4,4,5,4,4,3,2,4,4,4,2,4,4,3,3,2,4,2,3,2,2,4,3,5,4,4,4,5,4,4,5,3,2,2,2,2,2,2,2,2,2,2,4,1,1,3,1,3,2,3,5,4,4,4,7,7,1,33,4,1,1,1,40,3400,3100,0,134302,전자계산기 조작 운용기사 정보처리 산업기사 인터넷 발달 수요 증가,전자공학
31508,4,3,4,4,4,4,3,4,3,5,3,5,1,0,3,4,4,4,5,5,3,5,4,5,5,5,4,5,4,5,4,4,4,4,4,4,3,4,4,5,3,4,3,3,4,4,3,5,4,4,4,5,4,4,3,4,3,3,3,4,4,5,3,4,2,3,5,5,3,4,4,4,4,4,3,4,3,3,4,5,3,3,2,3,2,4,3,5,5,5,4,5,5,4,4,3,3,4,3,3,3,18,1,3,1,2,0,4,5,4,4,3,4,4,3,3,4,3,4,4,3,3,3,4,3,4,3,3,3,3,5,4,4,4,3,4,5,4,3,4,5,4,2,2,2,2,2,2,2,2,2,1,4,2,2,2,2,3,3,4,4,3,4,4,5,5,1,42,4,1,1,1,43,3300,2700,0,416601,방송통신산업기사 방송통신기능사 방송 미디어 산업 다양 화로 인력 보급 부족,방송제작
31509,3,3,2,2,2,2,2,2,1,0,2,2,2,2,3,3,2,2,1,0,1,0,2,2,2,2,3,3,1,0,1,0,1,0,2,2,2,2,3,2,2,2,3,3,3,3,1,0,2,2,2,2,3,3,2,3,2,2,3,3,2,2,3,2,2,2,2,2,3,3,2,2,3,3,2,2,2,2,3,3,3,3,2,2,2,2,1,0,3,4,3,3,4,3,3,4,3,3,3,3,3,13,1,2,1,1,3,3,5,3,4,4,4,3,3,4,3,3,4,4,3,4,4,4,3,3,4,2,3,3,2,4,4,3,3,3,4,3,3,3,4,3,2,2,2,1,2,2,2,2,2,3,3,2,2,2,1,5,5,6,6,5,5,6,6,5,1,43,4,1,1,1,45,4000,2800,0,154104,산업기사 실무 업무 혁신 상품 다양 지금 비슷,생명공학
31510,4,4,4,5,3,5,3,5,2,3,3,5,2,3,3,4,3,5,2,3,3,3,2,4,3,3,2,3,5,5,3,4,3,5,3,4,2,3,4,5,3,4,3,4,4,4,2,2,2,2,2,2,2,3,1,0,1,0,1,0,2,3,2,2,2,2,1,0,1,0,1,0,2,1,2,2,2,3,2,3,2,2,2,2,2,3,2,3,2,3,3,2,3,5,2,3,3,3,3,3,2,11,2,6,1,2,0,2,4,3,2,2,2,3,4,2,3,3,3,3,2,4,4,3,3,2,3,3,3,3,4,4,3,4,3,3,4,4,3,4,5,3,2,2,2,2,2,2,2,2,2,2,2,3,3,3,2,6,4,4,3,3,3,5,4,4,2,42,4,1,1,1,40,4200,3000,0,29401,비서자격증 기술 발달 일정 관리 예약 업무 시스템 대체,비서학
31511,3,5,4,5,4,6,4,4,4,6,4,6,3,5,4,6,5,6,1,0,4,5,2,5,4,6,3,5,4,5,1,0,1,0,1,0,1,0,1,0,3,4,4,6,1,0,1,0,1,0,1,0,1,0,1,0,1,0,1,0,1,0,1,0,1,0,1,0,1,0,1,0,1,0,1,0,1,0,1,0,1,0,1,0,1,0,1,0,4,4,5,4,4,5,4,3,3,5,5,4,4,15,2,2,2,2,0,7,5,4,5,4,4,5,4,4,4,4,4,4,2,2,2,4,3,3,3,3,4,5,4,4,4,4,4,4,4,5,3,2,4,3,2,2,2,2,2,2,2,2,2,1,4,3,3,3,1,6,4,4,4,4,6,7,8,3,2,35,6,1,1,1,40,4800,2500,0,110202,국토부 지시 사업 수요,경영학
31512,5,6,4,5,4,5,3,5,4,4,5,5,2,3,5,6,4,5,4,5,4,4,4,4,3,4,4,5,5,5,5,6,4,5,4,5,4,5,4,5,5,5,5,5,4,5,5,5,3,4,3,4,3,4,1,0,1,0,1,0,4,4,4,4,1,0,1,0,1,0,1,0,4,5,1,0,1,0,1,0,1,0,1,0,3,4,3,4,5,3,1,3,4,4,5,3,3,4,4,3,4,3,1,4,2,2,0,5,5,4,4,3,4,4,4,3,4,3,4,4,2,3,3,3,3,2,2,2,4,4,3,4,5,3,4,4,3,4,3,3,4,4,2,1,1,2,2,2,2,2,2,1,3,3,3,3,2,7,5,4,3,4,3,3,4,4,1,56,5,1,1,1,42,8500,7000,0,12201,기업 인력,경제학
31513,3,3,3,5,3,5,3,4,3,5,3,4,3,3,2,3,3,3,3,3,3,4,4,4,3,4,2,3,3,3,3,3,3,4,3,4,3,3,3,3,3,4,3,4,3,5,3,5,3,3,3,4,2,3,3,3,3,4,3,4,3,3,3,4,3,3,3,3,3,5,3,4,3,4,4,4,3,3,3,3,4,5,3,4,3,5,3,4,4,4,5,4,4,3,4,4,3,5,4,4,4,3,1,3,2,2,0,3,4,3,4,4,4,4,4,3,4,4,5,4,4,4,3,3,4,4,3,4,4,4,4,3,3,4,5,4,4,4,3,4,4,3,2,2,2,2,2,2,2,2,2,1,4,3,3,3,2,6,3,4,3,5,4,7,4,5,2,36,3,1,1,1,40,2400,2400,0,415202,제품 디자인 다양,산업디자인
31514,3,4,4,5,3,3,3,3,3,3,2,3,3,4,4,4,3,3,4,3,3,3,3,3,4,4,4,4,4,4,4,4,4,3,4,4,4,3,4,3,4,3,4,4,4,4,3,3,4,4,4,4,3,3,4,4,4,4,4,4,4,4,4,4,4,4,4,4,4,4,4,4,3,4,3,3,3,3,4,4,5,5,4,4,4,5,4,4,4,3,3,2,2,2,4,2,3,3,3,3,2,3,1,5,2,2,0,3,2,2,2,2,4,4,3,2,4,4,4,3,3,3,2,3,4,3,4,3,4,3,4,4,2,4,4,2,4,4,2,2,4,4,2,2,2,2,2,2,2,2,2,2,2,3,3,3,2,7,6,7,3,3,5,7,5,5,1,48,2,1,1,1,40,4500,2600,0,826301,경기 감소,이과
31515,1,0,2,2,1,0,1,0,1,0,1,0,1,0,1,0,1,0,1,0,1,0,1,0,1,0,1,0,1,0,1,0,1,0,1,0,1,0,1,0,1,0,1,0,1,0,1,0,1,0,1,0,1,0,1,0,3,3,1,0,1,0,1,0,1,0,1,0,1,0,1,0,1,0,1,0,1,0,3,3,4,5,3,4,3,3,2,3,3,3,2,2,2,2,2,2,2,2,3,2,3,6,1,2,2,2,0,2,2,2,1,1,4,2,3,4,2,3,4,3,3,2,2,2,2,3,3,4,2,4,2,3,3,3,3,3,4,5,3,3,3,3,2,2,2,2,2,2,2,2,2,1,2,2,2,2,2,7,6,5,4,4,5,4,7,6,1,44,2,1,3,2,30,2600,2000,0,701601,건설 경기 둔화,인문계고
31516,2,3,3,4,2,3,3,4,2,2,3,3,2,3,2,3,3,3,3,3,1,0,2,2,2,2,3,3,4,4,2,3,4,3,3,3,4,4,3,4,3,3,3,4,4,4,3,2,2,2,3,3,3,4,5,4,4,4,3,4,2,2,4,4,4,3,4,4,4,4,5,4,3,3,4,4,3,3,2,3,3,4,2,2,3,3,3,3,3,3,3,3,5,1,4,2,3,3,4,3,2,3,1,1,2,2,0,5,4,4,3,3,4,4,4,4,9,9,9,4,4,3,3,3,3,3,3,4,3,4,2,4,4,3,3,4,4,4,4,5,5,5,2,2,2,2,2,2,2,2,2,2,2,2,2,2,1,6,5,4,5,5,5,7,5,6,2,49,4,2,5,1,45,0,0,2700,864101,대기업,산업디자인
31517,4,6,4,5,4,5,4,5,4,5,4,5,1,0,4,5,4,5,3,4,3,5,4,5,4,4,4,5,4,5,3,5,3,5,3,4,4,5,4,5,4,5,4,5,4,5,2,2,2,2,4,6,3,4,2,2,2,3,2,2,4,6,2,1,3,4,2,3,2,3,2,3,4,5,4,5,2,2,2,1,2,2,3,4,4,5,4,5,4,4,4,3,4,4,3,3,2,3,3,3,4,15,2,4,2,2,0,5,5,4,4,3,5,4,4,4,3,4,4,4,3,4,4,4,3,2,2,4,3,4,4,3,3,4,4,3,4,5,3,3,4,5,2,2,2,2,2,2,2,2,2,1,3,3,3,3,2,6,5,6,4,5,6,8,7,2,1,52,5,1,1,1,35,4900,3700,0,25402,업계 변화 생각,행정학
31518,5,6,4,6,4,6,4,6,3,5,4,5,4,5,4,5,3,5,3,5,4,6,4,5,3,5,4,6,3,5,3,5,3,5,4,5,3,5,3,4,4,4,4,5,3,4,3,5,3,4,3,5,3,3,3,4,4,5,3,4,3,4,3,4,2,4,3,4,3,4,2,3,3,5,2,3,2,4,1,0,2,4,1,0,2,4,3,3,5,4,3,4,4,3,4,4,3,4,4,4,4,3,1,3,2,2,0,6,4,3,3,2,4,4,4,3,3,3,4,3,2,4,3,5,3,1,2,3,4,4,3,4,1,4,4,3,5,5,2,3,4,4,2,2,2,2,2,2,2,2,2,2,3,3,3,3,2,6,6,5,4,5,4,4,6,6,1,45,4,1,1,1,40,5000,3000,0,26101,기업 인력,경영학
31519,2,2,4,5,2,3,4,5,3,3,1,0,1,0,3,4,3,3,1,0,1,0,3,4,3,3,2,2,4,5,4,5,3,4,4,5,1,0,3,4,4,5,4,5,3,4,3,4,3,4,1,0,1,0,1,0,1,0,1,0,1,0,3,4,1,0,1,0,1,0,1,0,1,0,1,0,1,0,2,3,3,4,3,3,2,3,2,2,4,2,3,3,2,3,3,4,3,4,3,2,2,19,4,4,2,2,0,7,2,2,3,3,4,3,2,3,9,9,9,3,2,3,3,3,2,3,4,2,3,4,5,3,2,3,4,2,3,4,3,2,3,4,2,2,2,2,2,2,2,2,2,1,2,2,2,2,2,4,4,5,5,5,5,5,4,5,2,60,2,2,6,1,20,0,0,3800,615601,소비자 접촉 점점,문과
31520,2,4,2,4,2,2,1,0,2,1,1,0,1,0,3,3,3,3,1,0,2,3,1,0,2,3,1,0,2,1,2,2,1,0,1,0,1,0,1,0,3,3,3,4,1,0,1,0,1,0,1,0,3,2,3,3,3,4,2,3,2,2,1,0,3,3,3,3,3,4,3,3,1,0,3,3,1,0,2,3,3,3,2,3,4,3,2,3,4,3,3,4,3,1,4,2,3,1,4,2,4,3,1,3,1,1,2,2,2,3,4,3,4,5,3,4,3,3,4,4,4,3,4,4,3,2,3,2,4,4,4,3,3,1,2,4,4,3,4,2,5,4,2,2,2,2,2,2,2,2,2,3,2,2,3,3,2,7,8,5,6,3,4,5,3,2,1,29,2,1,1,1,40,3100,2500,0,835201,산업기사 전자산업기사 전기기능사 전기부품 생산기계 조작훈련 생산 관련 설비 대형화 일자리 감소,문과
31521,3,6,4,7,2,4,3,6,3,5,4,6,4,7,3,7,3,5,2,6,4,6,3,5,3,5,2,6,2,5,3,6,2,6,3,3,3,6,3,6,4,7,4,6,3,6,3,5,3,5,2,5,5,7,5,5,4,5,4,6,5,7,4,6,4,5,4,5,3,5,3,6,3,6,3,6,3,5,1,0,3,6,1,0,3,4,1,0,5,4,3,4,3,4,4,4,4,4,4,4,4,13,1,3,2,2,0,5,4,4,3,3,4,4,4,4,4,4,4,4,2,2,2,5,3,3,3,1,3,3,5,5,3,4,2,2,4,5,3,3,5,5,1,1,1,1,2,1,2,2,2,2,3,3,3,3,1,3,3,3,8,7,5,4,3,2,2,36,4,1,1,1,48,3800,2500,0,133201,소프트웨어 개발 범위 목표 설정 위해 프로그래밍 문화 사업 디지털화 증가,컴퓨터공학
31522,4,4,4,6,4,5,4,5,4,5,4,5,4,5,3,4,4,6,4,5,3,4,4,5,4,4,3,4,4,5,4,5,5,5,4,5,4,5,3,5,5,5,5,5,4,7,4,4,3,3,4,5,4,4,5,5,4,6,4,5,4,4,4,4,4,4,4,4,5,5,4,5,4,4,4,5,4,4,4,5,5,5,4,4,4,5,5,5,4,5,4,3,4,3,4,4,4,3,4,3,4,13,1,1,1,2,0,2,5,4,4,5,4,4,3,4,2,4,4,4,2,4,4,3,4,3,4,3,4,3,4,4,3,4,3,4,5,5,4,3,4,4,2,2,2,2,2,2,2,2,2,2,2,2,2,2,2,7,6,7,5,7,3,7,3,6,1,45,4,2,5,1,50,0,0,8000,221301,법무사 없다 일반인 직접 소송 서류 작성 수가,법학
31523,4,5,4,4,4,5,4,5,4,5,4,5,4,5,5,5,4,5,4,5,5,6,4,5,4,5,4,5,4,5,4,5,4,6,4,5,3,4,4,5,4,5,4,5,3,4,4,5,1,0,1,0,3,4,4,6,5,6,4,5,4,5,4,4,4,4,5,6,4,5,4,5,4,5,4,5,4,5,4,5,4,5,5,6,4,5,5,6,4,5,4,4,4,4,5,4,4,5,4,4,4,18,4,1,2,2,0,7,2,4,3,4,4,3,4,3,9,9,4,4,4,4,5,4,4,5,4,5,4,4,4,4,4,5,4,4,4,4,3,4,4,4,2,2,2,2,2,2,2,2,2,4,4,3,3,3,2,2,2,7,6,4,7,7,3,8,2,47,2,2,6,1,40,0,0,2800,417201,국민 관심 엔터테이먼트 사업 성행,인문계
31524,5,6,5,6,5,6,4,6,5,3,5,6,4,5,4,6,5,6,5,6,5,6,4,6,4,6,4,6,5,6,4,6,5,6,5,7,5,6,5,7,4,7,5,6,5,6,5,6,4,6,5,6,5,6,4,6,5,3,5,6,4,6,5,6,5,6,4,6,4,6,5,6,4,6,5,6,5,6,4,6,5,6,5,7,4,6,5,6,4,4,4,4,4,5,5,4,4,5,5,5,5,10,1,4,2,1,3,7,5,3,4,3,5,5,4,3,3,3,4,3,2,4,4,3,4,4,4,4,4,4,5,4,4,4,4,5,5,5,4,4,4,2,2,2,2,2,2,2,2,2,2,1,4,2,2,3,2,7,6,5,5,6,6,6,6,7,1,41,4,1,1,1,40,6000,3500,0,412002,현장실무교육 미디어 발전 증가,신문방송학
31525,3,5,4,5,3,4,3,5,5,6,4,5,4,5,4,5,2,3,3,4,4,5,4,5,4,5,5,6,2,3,3,5,4,5,4,6,2,2,2,2,4,6,5,6,5,6,4,5,3,4,4,6,5,6,1,0,1,0,3,4,4,5,5,7,4,6,3,5,1,0,3,6,2,4,1,0,2,2,4,6,3,4,2,3,4,6,3,4,4,4,5,4,5,2,4,2,3,5,4,4,4,13,1,2,1,2,0,2,5,3,4,4,4,4,3,4,4,5,4,3,2,5,4,3,4,3,4,2,4,5,4,5,3,4,3,4,3,5,4,3,5,3,2,2,2,2,2,2,2,2,2,2,2,2,2,2,1,3,5,6,5,3,7,4,5,7,1,32,4,1,1,1,40,3100,2800,0,140701,건설재료시험기능사 산업기사 건설 시장 포화상태,건축공학
31526,4,5,4,5,4,5,4,4,4,5,4,4,3,4,4,4,4,5,3,6,3,4,4,5,4,4,4,4,4,5,4,5,4,5,4,4,4,5,4,5,4,4,4,5,4,5,4,4,1,0,2,4,4,5,3,4,4,5,4,3,2,3,4,4,4,3,3,3,4,3,4,3,4,3,3,3,4,3,4,4,3,2,3,3,3,5,3,4,4,4,3,4,4,3,4,3,3,3,4,3,4,8,2,6,1,2,0,2,2,4,3,3,4,4,3,3,3,4,4,4,3,3,3,4,4,3,3,2,3,4,4,4,3,4,4,4,3,3,4,3,4,4,2,2,2,2,2,2,2,2,2,2,3,2,2,2,1,8,8,8,8,4,4,7,7,7,2,24,4,1,1,1,40,3000,2500,0,831101,전기기능사 산업 시설 일자리,전기공학
31527,4,5,3,4,3,4,2,3,4,5,4,5,3,4,3,4,2,3,5,6,3,4,3,4,3,4,2,3,1,0,3,4,2,3,2,2,3,4,1,0,4,5,4,5,2,3,2,3,4,5,3,4,5,6,5,6,4,5,4,5,3,4,2,3,5,6,4,5,4,5,4,5,2,3,5,7,4,5,5,6,5,6,5,7,3,4,3,4,3,3,4,3,3,3,3,3,3,4,3,3,3,6,1,2,1,1,3,3,2,3,3,3,3,3,3,3,3,3,4,3,2,4,4,2,3,2,3,4,4,4,2,5,5,4,4,4,4,5,4,4,5,4,2,2,2,2,2,2,2,2,2,2,3,1,1,1,1,8,8,6,9,6,3,8,6,1,1,30,4,1,1,1,40,3600,3000,0,140201,건설기계산업기사 기사 기술사 건설안전산업기사 기술사 건설재료시험기능사 산업기사 실습 경기 악화 일감,건축학
31528,5,6,5,7,5,6,5,6,4,6,5,6,4,5,4,5,5,6,5,6,4,5,4,6,4,6,4,6,5,6,5,6,4,5,4,5,4,6,4,5,4,5,5,6,4,6,3,5,4,5,4,5,3,5,4,5,3,4,4,5,3,4,4,5,4,5,3,4,3,3,3,4,4,5,3,4,3,4,3,4,2,5,3,4,4,5,4,4,3,4,4,4,3,4,4,4,3,4,4,4,5,13,5,2,2,2,0,6,5,4,4,4,5,4,4,5,4,5,5,5,1,4,3,4,4,3,4,2,4,4,4,5,4,2,2,3,4,5,5,3,5,4,2,2,2,2,2,2,2,2,2,1,3,3,3,3,2,6,5,5,6,4,5,3,5,5,1,60,6,1,1,1,40,11000,4800,0,13101,상태 유지,경제학
31529,3,5,4,6,3,5,4,5,1,0,4,6,5,6,3,6,3,5,2,3,3,4,5,6,4,5,2,3,3,4,2,4,2,4,2,4,4,6,4,6,4,6,1,0,3,5,1,0,2,3,3,4,1,0,1,0,1,0,1,0,2,3,1,0,1,0,1,0,1,0,1,0,3,4,3,5,2,4,3,4,2,4,2,3,2,4,2,4,5,5,3,3,4,2,5,2,4,3,4,4,5,16,5,2,1,2,0,6,5,3,2,2,4,4,5,2,3,2,3,3,4,2,2,4,3,4,3,4,4,5,2,4,3,2,3,4,3,5,4,3,4,4,2,2,2,2,2,2,2,2,2,1,4,2,2,2,1,7,6,5,4,3,2,4,2,5,2,28,3,1,1,1,48,2800,1600,0,232101,보육교사2급자격증 무상 보육 지원 확대 보육 교사 일자리 증가,유아교육
31530,3,4,3,4,3,3,3,4,1,0,2,2,1,0,1,0,2,2,1,0,1,0,2,3,3,4,2,2,3,4,3,4,2,2,3,3,2,2,3,4,3,4,3,4,3,4,3,3,2,2,3,3,1,0,1,0,1,0,1,0,2,2,3,3,3,4,1,0,1,0,1,0,2,3,2,1,2,2,1,0,1,0,1,0,2,2,2,1,4,3,2,4,3,4,2,3,2,4,3,2,2,18,1,3,2,2,0,2,2,3,4,2,4,4,2,3,3,4,3,3,2,3,4,4,3,4,3,2,4,3,5,4,3,2,3,2,4,4,3,2,4,5,2,2,2,2,2,2,2,2,2,2,4,2,2,2,1,6,3,4,4,3,5,3,4,6,1,48,3,1,1,1,48,3950,2670,0,521201,감염병 박살 반등,관광운영
31531,3,4,2,2,1,0,4,5,1,0,4,5,1,0,3,4,3,4,3,4,5,6,4,5,4,5,3,4,3,4,4,5,3,4,4,5,4,5,3,4,4,5,4,5,3,4,1,0,1,0,1,0,1,0,1,0,2,2,3,4,1,0,1,0,3,4,2,3,3,4,2,2,1,0,1,0,4,5,4,5,3,4,4,5,4,5,4,5,2,4,2,3,3,2,4,4,2,2,2,3,3,17,2,2,1,1,2,2,5,3,3,3,4,4,3,4,4,5,4,3,3,2,2,3,4,4,3,3,2,3,4,4,4,3,4,4,3,4,3,3,4,4,2,2,2,2,2,2,2,2,2,1,3,3,3,3,2,3,3,3,2,2,2,2,2,2,1,31,4,1,1,1,40,2700,1900,0,307101,응급구조사1급 응급처치 교육 안정 일자리,응급구조학
31532,2,3,1,0,1,0,1,0,1,0,2,2,2,4,3,3,4,4,3,4,2,3,2,3,4,3,3,3,4,4,2,2,2,3,2,4,2,3,1,0,2,2,1,0,4,3,1,0,1,0,3,3,3,4,1,0,3,3,2,3,1,0,2,2,3,3,2,3,1,0,3,3,2,3,3,4,2,4,3,4,4,4,4,4,3,5,3,4,3,2,2,4,3,2,3,4,2,3,3,2,4,10,1,4,1,2,0,2,5,4,3,3,3,4,4,4,2,3,3,3,2,4,3,3,3,2,4,5,4,4,3,3,2,4,3,5,4,4,4,3,4,4,2,2,1,1,2,2,1,2,2,1,3,3,3,3,2,6,7,6,3,3,4,5,6,4,1,33,4,1,3,2,46,5600,2500,0,416601,방송통신기능사 시스템 개발 매체 채널 다양,음향
31533,2,2,3,3,1,0,4,4,1,0,3,4,2,3,4,5,5,7,4,5,4,6,3,4,4,6,1,0,1,0,5,6,1,0,2,2,1,0,3,3,4,5,5,7,2,2,1,0,1,0,1,0,3,3,2,2,2,2,1,0,1,0,1,0,4,5,3,4,4,5,5,7,1,0,5,6,5,7,5,6,4,5,3,4,4,5,4,5,5,5,5,4,5,3,3,4,3,4,5,5,5,15,2,5,1,1,5,4,5,4,4,4,4,4,5,4,3,3,3,3,4,4,4,3,4,4,4,3,4,3,3,4,5,5,4,4,5,4,4,5,4,5,2,2,2,2,2,2,2,2,2,2,4,3,3,3,2,4,1,1,3,3,7,1,2,5,1,45,4,1,1,1,48,5700,3000,0,621102,계기비행 자격증 모의 비행 훈련 항공 산업 발전,제어계측학
31534,2,2,2,4,3,3,3,3,3,3,3,5,3,4,4,5,4,3,4,3,3,3,1,0,3,2,1,0,3,3,2,2,2,3,3,4,3,4,4,4,4,4,4,4,3,3,3,3,4,3,3,3,5,4,1,0,3,3,3,3,1,0,3,3,3,3,3,3,3,3,3,3,1,0,4,4,2,3,3,3,4,4,2,2,4,5,3,4,4,5,3,4,4,2,4,4,2,3,4,4,5,3,1,1,2,2,0,6,2,4,4,4,3,4,3,4,5,4,4,4,4,4,4,4,4,5,4,4,4,3,3,4,4,4,5,4,3,4,3,4,3,3,2,2,2,2,2,2,2,2,2,3,3,3,3,3,2,4,3,6,4,7,8,4,5,6,1,33,2,1,1,1,40,2200,1800,0,871201,식품,문과
31535,5,7,5,6,5,7,5,7,4,6,5,6,4,6,5,7,5,5,5,7,4,6,5,5,4,6,5,5,5,6,5,7,4,6,5,6,5,6,5,7,4,5,5,7,5,6,5,7,5,7,4,6,4,4,3,5,4,5,4,6,3,4,4,4,4,5,5,7,4,6,4,6,5,7,5,7,4,6,3,5,3,4,3,4,4,5,1,0,4,3,3,3,4,3,4,3,3,3,3,4,3,15,2,5,1,2,0,5,7,3,4,4,5,5,5,3,4,4,4,4,3,3,3,2,2,3,3,3,3,3,5,3,3,3,3,3,3,3,3,3,3,4,2,2,2,2,2,2,2,2,2,1,3,3,3,3,2,2,3,5,7,5,5,5,3,7,1,35,6,1,1,1,40,3800,3000,0,122104,박사학위 정부 기업 지원 제한,해양수산
31536,3,5,3,5,3,5,3,4,3,4,3,4,3,5,3,4,3,4,2,5,2,4,3,4,3,4,4,5,4,5,3,6,4,5,4,6,3,4,4,5,4,6,4,5,4,5,3,5,3,4,4,5,2,4,2,3,2,4,2,4,3,4,2,3,2,3,2,4,2,3,2,3,3,4,2,3,2,3,2,3,2,3,2,3,2,3,2,3,4,4,3,2,4,4,4,3,4,4,4,4,2,15,2,5,2,1,2,7,2,4,5,5,4,3,4,2,3,3,4,4,2,4,3,4,4,3,4,1,5,3,4,4,3,3,3,4,3,4,3,4,4,5,2,2,2,2,1,2,1,1,1,2,1,3,3,3,2,5,5,5,6,6,6,5,5,5,1,55,4,1,1,1,45,4500,1200,0,21001,청렴교육 직장내 성희롱 교육 조직개편 신규 업무 발생 컴퓨터 발달 대체,경영학
31537,1,0,2,3,1,0,2,3,2,3,1,0,1,0,2,3,2,3,1,0,1,0,1,0,3,4,1,0,1,0,1,0,1,0,1,0,1,0,2,3,2,3,1,0,2,3,1,0,1,0,1,0,1,0,1,0,4,5,1,0,4,5,1,0,2,3,2,3,4,5,3,4,1,0,1,0,2,3,2,3,2,4,1,0,3,4,2,3,3,3,4,3,3,3,3,3,3,4,3,3,3,13,1,2,2,2,0,1,2,4,3,3,4,4,3,4,3,4,4,4,3,3,3,4,3,3,3,3,3,4,3,3,4,3,3,3,4,4,3,3,3,3,2,2,2,2,2,2,2,2,2,2,2,2,2,3,1,6,6,5,6,4,6,6,5,5,1,49,4,1,1,1,40,3600,2950,0,841201,인력 변동 감소,통신공학
31538,2,3,2,4,2,4,1,0,3,4,2,3,4,4,3,3,3,4,1,0,1,0,1,0,4,4,2,2,1,0,1,0,1,0,1,0,1,0,3,3,3,3,3,4,2,3,3,4,3,3,1,0,1,0,1,0,1,0,1,0,1,0,3,4,1,0,1,0,1,0,1,0,1,0,1,0,1,0,1,0,1,0,1,0,4,4,1,0,4,4,3,3,4,4,4,4,3,3,4,4,4,17,3,4,1,2,0,3,5,4,4,3,3,4,3,3,4,3,3,3,2,3,3,3,4,2,3,4,3,4,4,4,3,4,4,3,4,4,3,4,4,4,2,2,2,2,2,2,2,2,2,1,3,2,2,3,2,8,4,7,5,7,4,6,7,5,2,26,4,1,1,1,40,3100,2300,0,305001,영양사자격증 인구 감소 환자 증가 추세,식품영양학
31539,5,5,3,4,5,5,5,4,4,4,5,6,5,6,5,6,5,4,5,5,5,5,5,6,5,4,5,5,5,5,5,6,5,4,4,4,5,5,5,5,4,5,5,6,4,5,5,5,4,4,4,4,4,5,4,5,3,4,3,4,5,5,4,2,4,5,4,5,3,4,3,4,4,5,4,5,3,2,3,5,3,4,4,4,3,4,3,4,4,4,4,4,4,3,4,3,2,2,4,4,4,16,5,2,1,2,0,2,5,5,5,5,3,4,3,3,3,3,3,3,2,3,3,5,5,5,5,5,5,5,4,2,4,4,3,3,5,4,4,4,4,3,2,2,2,2,2,2,2,2,2,1,3,1,1,3,2,9,5,9,6,9,4,9,9,9,2,50,5,1,1,1,45,5000,2900,0,213001,유치원1급정교사 상태 유지,유아교육
31540,1,0,1,0,1,0,1,0,1,0,1,0,1,0,3,4,1,0,1,0,1,0,1,0,1,0,1,0,1,0,1,0,1,0,1,0,1,0,1,0,3,3,1,0,1,0,1,0,1,0,1,0,1,0,1,0,1,0,1,0,1,0,3,4,3,4,1,0,1,0,1,0,1,0,1,0,1,0,1,0,2,3,1,0,1,0,1,0,4,3,3,3,3,2,2,3,3,3,2,2,4,1,1,2,2,2,0,7,3,3,3,3,3,3,3,3,3,3,3,3,2,3,3,4,2,3,3,4,2,3,4,4,4,3,3,4,4,4,3,2,3,3,2,2,2,2,2,2,2,2,2,1,3,3,3,3,1,7,8,7,3,4,4,8,4,5,2,57,2,1,1,1,40,3600,2600,0,873401,변동 직종,이과
31541,3,4,3,4,3,4,3,4,2,3,3,4,3,4,2,3,2,3,2,3,2,3,3,4,3,3,3,4,2,3,3,3,2,3,3,3,3,4,3,4,3,4,3,4,3,4,3,3,3,4,3,3,3,3,2,3,2,3,3,3,2,2,3,4,3,4,3,4,3,4,3,4,3,4,1,0,3,4,2,4,3,4,2,3,1,0,1,0,4,3,3,3,4,3,4,2,3,3,3,3,2,9,1,2,1,1,3,3,2,2,3,3,4,4,3,3,3,3,3,4,2,4,3,5,4,4,2,2,4,2,3,5,3,3,3,2,3,5,3,2,4,4,2,2,2,2,2,2,2,2,2,2,3,3,1,3,1,5,3,7,5,5,5,4,5,4,1,41,2,1,1,1,60,5200,4500,0,531301,중식조리기능사 조리에 대한 이해와 교육 위생교육 조리 사람 생각,인문계 이
31542,3,4,2,3,3,4,2,3,3,4,2,3,2,3,3,5,2,2,3,4,3,4,4,5,2,3,2,3,2,3,3,4,3,5,4,5,4,5,4,5,4,6,4,5,4,6,4,5,4,5,4,5,4,5,2,3,2,3,2,2,2,3,3,3,2,3,1,0,1,0,1,0,2,3,1,0,1,0,1,0,1,0,1,0,2,4,2,3,3,3,4,3,3,4,4,4,3,4,4,3,4,8,1,6,1,1,5,6,3,4,4,4,5,4,5,3,3,4,4,4,2,4,4,3,2,2,2,4,4,4,4,5,4,4,4,4,4,5,4,4,5,4,2,2,2,2,2,2,2,2,2,2,3,2,2,2,1,6,3,3,4,4,5,2,3,7,1,45,4,1,1,1,40,5700,2500,0,15201,운전면허증 수습 업무파악 물류,회계학
31543,3,4,3,3,2,2,3,3,1,0,1,0,1,0,2,4,2,3,5,5,1,0,1,0,3,4,1,0,1,0,3,3,1,0,1,0,3,4,2,4,3,2,3,2,3,4,1,0,1,0,1,0,1,0,1,0,4,5,5,5,1,0,1,0,4,4,5,4,4,5,4,5,1,0,5,5,5,4,2,2,3,4,4,5,3,4,2,2,5,4,2,3,4,1,2,2,2,1,2,3,4,19,1,2,2,2,0,1,2,3,2,2,4,4,3,3,3,3,4,3,2,4,4,4,4,2,4,2,4,1,4,4,2,2,1,1,2,5,2,2,5,5,2,2,2,2,2,2,2,2,2,2,2,3,3,3,2,4,7,6,6,6,3,8,3,2,1,48,4,1,1,1,44,3500,2500,0,811301,건설 산업 경기 갈수록,기계
31544,2,4,2,3,2,4,2,3,1,0,1,0,2,4,1,0,2,4,3,4,2,4,4,4,2,4,2,3,4,4,4,5,3,4,1,0,2,4,2,3,3,4,4,5,2,3,1,0,1,0,2,4,2,4,2,3,3,4,1,0,1,0,2,4,2,3,3,5,3,4,4,5,2,4,2,3,3,4,2,3,4,3,2,4,2,3,2,3,4,3,3,4,3,3,4,3,4,5,4,3,4,6,1,3,1,2,0,4,5,3,3,4,4,4,3,3,4,5,4,4,4,4,3,4,3,4,5,4,4,4,3,3,4,3,3,4,5,5,4,4,4,4,2,2,2,2,2,2,2,2,2,2,3,2,2,2,1,6,5,7,6,7,7,6,8,5,1,50,4,2,5,1,40,0,0,6500,140205,실내건축기사 건축구조기술사 변화,건축
31545,4,2,3,3,3,3,4,4,3,3,5,5,2,2,4,5,3,5,2,2,5,5,4,4,4,5,5,5,4,4,4,6,5,6,5,5,2,2,5,6,4,5,4,4,3,3,3,3,3,3,4,2,2,2,1,0,2,2,1,0,2,2,1,0,1,0,1,0,1,0,1,0,4,5,2,1,1,0,2,2,4,4,3,5,2,2,2,2,4,2,4,3,4,3,3,3,4,4,3,2,4,7,1,2,2,2,0,6,5,4,3,3,4,4,4,3,3,3,4,4,2,4,3,4,4,3,4,4,4,3,4,4,3,4,4,3,4,4,3,4,4,4,2,2,2,2,2,2,2,2,2,1,3,3,3,3,2,8,8,4,2,2,3,4,7,3,1,57,4,1,1,1,40,6500,3000,0,15101,영업직 관리자 업무 변화,행정학
31546,2,4,3,3,2,2,2,3,2,3,1,0,2,2,3,3,2,3,1,0,1,0,1,0,2,2,2,2,1,0,1,0,3,5,3,4,2,4,3,4,2,3,3,4,4,4,4,4,4,4,3,5,3,4,2,3,4,5,3,4,2,3,3,4,3,4,3,4,4,5,4,5,4,4,4,4,3,4,3,4,4,3,3,3,5,5,2,2,1,3,2,2,3,1,3,2,1,1,2,1,4,6,4,1,1,2,0,4,1,3,3,2,4,3,3,4,9,9,9,4,2,3,3,3,2,3,4,3,3,3,2,4,3,2,3,3,2,2,3,4,3,4,2,2,2,2,2,2,2,2,2,1,3,2,3,2,2,8,6,7,6,8,6,7,6,3,1,43,2,2,6,1,40,0,0,3800,702201,방수기능사 사람 일일이 일이 변화,상고
31547,5,6,5,6,4,5,4,5,3,4,5,6,4,5,4,5,4,4,4,5,2,2,3,4,4,5,3,4,5,6,4,5,4,5,3,4,4,5,3,5,4,5,4,5,5,6,4,5,3,4,4,5,1,0,2,2,1,0,1,0,4,5,4,5,3,3,3,2,1,0,1,0,1,0,2,3,2,2,3,4,2,3,3,4,4,4,3,4,4,4,3,3,4,4,3,4,4,4,3,4,4,14,1,2,2,2,0,3,4,4,4,4,4,4,3,4,4,4,3,4,2,3,3,3,3,4,4,3,3,3,2,4,4,4,4,4,3,4,4,3,4,2,2,2,2,2,2,2,2,2,2,2,3,3,3,3,2,6,5,4,5,4,5,6,5,4,1,35,3,1,1,1,40,3500,2500,0,832101,수요 공급,공업기술고등
31548,4,5,3,4,2,2,2,2,4,4,3,3,3,3,2,3,2,2,3,3,2,2,2,2,2,2,2,2,2,2,3,3,3,4,3,3,3,3,2,3,4,4,3,2,2,3,2,2,3,3,2,2,2,2,3,3,2,2,3,3,4,4,3,3,3,4,4,5,3,4,3,5,3,4,2,3,2,3,2,2,2,2,2,2,2,2,2,2,2,2,2,2,3,4,4,5,3,4,4,4,4,10,1,2,2,2,0,6,4,4,4,4,3,3,3,3,4,3,4,4,3,3,2,3,3,3,2,4,3,3,2,5,3,3,4,3,3,3,3,3,4,2,2,2,2,2,2,2,2,2,2,3,2,3,3,3,2,6,4,4,5,4,4,2,3,4,1,48,4,1,1,1,40,4000,2200,0,841101,전산,컴퓨터공학
31549,2,2,2,3,2,2,4,6,4,5,4,5,4,6,4,6,4,6,4,5,4,5,3,3,4,5,3,4,4,5,4,5,4,5,4,5,4,5,4,5,4,5,4,5,4,5,3,5,3,4,4,5,4,5,3,4,4,4,3,4,3,3,3,4,4,5,3,4,4,5,3,4,3,4,4,5,4,5,4,5,4,4,4,4,4,6,4,5,4,4,3,3,4,4,4,4,4,4,3,3,4,6,1,1,1,2,0,6,5,2,4,3,3,3,2,3,3,3,4,3,2,4,4,4,4,3,4,4,4,4,4,4,4,4,3,4,4,4,3,4,4,4,2,2,2,2,2,2,2,2,2,2,3,3,3,3,2,2,3,4,3,4,6,3,3,2,1,48,4,1,3,1,35,4300,3700,0,705901,화약취급기능사 일이 취업,토목공학
31550,1,0,4,5,1,0,3,4,1,0,1,0,1,0,3,4,3,3,1,0,1,0,3,2,4,5,4,5,4,4,4,5,3,4,1,0,3,4,3,4,4,5,4,5,3,4,1,0,3,2,1,0,1,0,1,0,1,0,1,0,1,0,1,0,1,0,1,0,1,0,1,0,1,0,1,0,1,0,1,0,1,0,3,3,3,3,3,2,4,4,4,3,2,2,2,4,2,2,3,2,4,19,1,3,2,2,0,7,2,2,1,1,3,2,4,3,9,4,3,3,2,2,2,4,2,3,3,2,2,3,3,3,2,4,3,3,2,4,2,3,4,4,2,2,2,2,2,2,2,2,2,2,3,3,3,3,2,7,8,6,3,3,4,4,2,5,2,43,3,1,1,1,55,2600,2300,0,561601,변화,보석
31551,2,3,2,3,2,2,2,2,2,3,2,2,2,3,2,3,4,3,3,3,2,3,2,3,4,3,1,0,2,3,2,3,2,3,2,2,2,2,3,3,2,2,2,3,3,4,1,0,3,3,1,0,4,4,2,3,5,6,4,6,1,0,3,3,4,6,4,6,5,6,5,6,1,0,4,3,4,6,4,4,4,5,4,4,3,3,3,5,2,3,3,2,3,2,3,2,3,3,2,3,3,3,1,4,1,2,0,2,1,2,2,2,3,2,1,2,2,3,4,2,4,1,2,3,3,3,4,5,2,2,2,4,3,2,2,2,2,4,3,3,5,3,2,2,2,2,2,2,2,2,2,3,1,2,2,2,2,6,7,7,8,7,6,7,7,9,1,26,2,1,1,1,40,2500,2300,0,824101,용접기능사 자동화 로봇 대체,기계
31552,3,4,3,4,1,0,3,4,3,4,4,4,4,5,4,4,3,4,3,4,4,4,3,4,4,5,3,4,3,3,2,3,3,4,2,3,2,3,3,4,4,4,2,4,2,4,1,0,2,3,2,3,4,4,4,5,3,4,3,4,4,4,2,4,4,3,3,4,3,4,4,4,3,3,4,4,3,3,2,4,1,0,2,3,3,3,2,4,5,4,4,3,4,4,3,4,3,4,4,4,4,10,1,2,2,2,0,2,4,4,2,3,5,4,4,4,4,3,4,4,2,4,4,4,3,4,3,4,4,4,3,4,5,5,4,4,4,5,4,5,5,5,2,2,2,2,2,1,2,2,2,2,2,3,3,2,2,3,2,4,3,2,3,4,7,3,1,37,4,1,1,1,40,3500,2800,0,133201,분석 업무 대한 교육 기술 도입 사람 점점,컴퓨터공학
31553,2,3,2,3,1,0,2,3,1,0,1,0,1,0,2,2,3,4,4,5,1,0,4,5,4,6,1,0,1,0,1,0,1,0,1,0,3,5,3,6,3,3,2,2,2,3,1,0,2,2,1,0,4,5,1,0,5,5,1,0,1,0,3,3,4,5,2,3,2,3,4,5,1,0,5,6,4,4,4,5,3,4,3,3,3,4,3,3,3,1,1,3,1,1,3,4,2,3,1,2,3,3,1,4,2,2,0,7,1,1,2,2,4,3,1,3,3,4,5,3,4,2,2,4,4,3,4,3,3,3,3,5,3,4,2,2,3,4,3,2,5,4,2,2,2,2,2,2,2,2,2,2,2,3,2,2,2,8,8,8,5,5,5,4,4,6,1,36,3,1,1,1,46,4000,2600,0,825101,생산 업체 외국 현지 공장 설립,금속가공
31554,4,5,4,5,3,5,4,5,3,5,4,5,3,5,4,4,3,4,4,5,3,5,3,5,4,4,3,5,4,4,4,5,3,3,3,4,3,5,4,4,4,4,3,4,4,4,4,4,4,4,4,5,3,4,3,4,4,4,4,2,4,4,3,4,4,2,3,2,3,2,3,3,3,4,2,2,3,2,4,4,4,5,2,4,2,4,4,3,4,4,4,4,4,3,4,3,4,3,4,4,4,17,1,1,1,2,0,4,5,4,4,4,4,4,4,4,9,9,9,4,1,5,5,2,4,4,4,3,2,2,4,4,4,4,4,4,4,4,4,4,4,1,2,2,2,2,2,2,2,2,2,2,3,3,2,2,2,2,4,3,3,3,3,3,3,3,2,37,4,2,5,1,63,0,0,5000,303001,한약사 계속,한약학
31555,3,4,4,4,3,4,3,4,3,4,3,4,2,5,3,3,5,4,4,4,3,3,2,4,3,3,4,4,4,5,2,3,2,3,3,4,5,6,1,0,4,5,5,4,3,4,3,4,3,4,2,4,3,3,3,4,4,5,3,4,3,4,2,4,2,4,3,4,3,5,3,4,3,4,3,4,3,4,4,4,4,4,4,4,4,4,4,4,3,3,3,2,3,2,3,3,3,2,2,4,3,15,2,6,2,2,0,2,2,3,3,3,3,2,3,2,2,2,3,3,3,2,3,3,3,3,3,4,3,3,3,3,3,3,4,3,4,4,4,3,3,3,2,2,2,2,2,1,2,1,1,3,1,3,3,3,2,5,5,5,5,5,5,5,5,5,1,23,3,1,1,1,40,2200,2000,0,250301,교육 증가 발달,러시아학
31556,5,7,4,6,4,7,4,6,3,4,5,7,3,5,4,5,3,5,1,0,4,4,4,5,1,0,1,0,1,0,1,0,1,0,1,0,3,5,1,0,2,3,1,0,3,3,1,0,1,0,1,0,1,0,1,0,1,0,1,0,2,3,1,0,1,0,1,0,1,0,1,0,1,0,1,0,1,0,1,0,1,0,1,0,1,0,1,0,3,3,4,4,4,3,4,3,4,4,3,5,4,19,3,2,2,2,0,7,6,4,4,3,4,4,4,4,4,4,4,4,1,5,5,4,3,3,3,3,4,3,4,4,4,5,3,3,3,4,4,4,4,3,2,2,2,2,2,2,2,2,2,1,3,3,3,3,2,2,4,2,7,5,3,5,4,4,1,45,5,1,1,1,40,6000,4000,0,110201,변동 직종,정치학
31557,2,3,3,3,3,4,3,4,4,5,3,4,2,2,2,3,4,5,3,3,3,3,2,2,3,4,2,2,3,4,2,2,2,3,2,4,2,2,4,5,3,4,3,3,2,2,3,4,2,3,3,3,4,5,2,2,3,4,2,2,2,2,3,4,2,3,3,4,2,3,3,4,2,3,3,3,3,4,3,4,2,3,3,3,2,3,3,4,2,3,3,4,3,3,2,4,3,3,2,3,3,7,1,2,2,2,0,1,1,4,3,3,3,4,4,4,9,4,4,4,3,4,3,3,2,4,3,3,3,3,4,3,4,4,3,3,4,3,4,4,3,4,2,2,2,2,2,2,2,2,2,2,2,2,2,2,2,7,6,5,8,7,6,3,7,6,1,55,2,1,3,2,40,2600,1600,0,615701,경제 악화,정보
31558,3,4,3,4,2,4,3,4,3,2,2,3,3,3,2,4,4,4,2,3,3,3,2,3,2,3,2,3,2,4,2,3,3,3,2,3,2,3,4,4,3,4,3,4,4,5,3,3,2,3,3,4,3,4,2,4,3,3,3,4,3,4,2,3,3,3,3,4,3,4,2,4,3,4,4,4,4,5,4,5,3,5,2,4,4,5,4,5,4,4,3,3,3,4,3,3,3,2,3,3,2,19,1,1,1,1,3,3,3,3,4,3,3,3,3,4,9,9,4,4,2,4,4,3,4,3,3,3,4,3,3,3,4,3,3,3,4,3,3,3,3,3,2,2,2,2,2,2,2,2,2,2,3,2,2,2,2,7,7,4,4,5,5,6,6,5,2,49,3,2,5,1,40,0,0,5300,511501,반려동물미용 털고르기 지난 사업 확대,컴퓨터학
31559,3,5,4,5,4,4,4,5,3,5,3,4,3,5,3,4,3,4,4,5,4,4,5,5,3,5,3,5,3,5,3,3,3,5,3,3,5,6,4,4,4,5,3,5,3,4,2,4,3,5,3,5,3,5,3,4,3,3,3,5,3,3,3,4,4,4,3,5,3,5,3,5,4,4,2,4,4,3,3,5,2,4,2,4,4,5,3,3,5,5,4,4,3,4,3,2,3,3,3,4,3,16,5,2,2,2,0,2,5,3,3,2,2,3,2,4,3,3,3,3,4,3,3,4,4,3,4,4,4,4,4,3,3,4,3,3,4,3,3,3,4,4,2,2,2,2,2,2,2,2,2,2,2,2,2,2,2,7,6,7,7,6,8,7,7,6,2,43,4,1,2,2,50,3000,2000,0,214501,비대 수입,경영
31560,2,2,1,0,1,0,1,0,1,0,1,0,1,0,1,0,3,3,1,0,1,0,1,0,1,0,1,0,1,0,1,0,1,0,1,0,1,0,2,3,1,0,1,0,3,4,1,0,3,4,3,4,1,0,1,0,1,0,1,0,1,0,1,0,2,2,2,3,2,2,1,0,1,0,1,0,1,0,1,0,4,6,4,5,3,4,1,0,4,4,4,4,4,2,3,4,3,4,3,3,3,8,4,1,1,2,0,7,2,3,3,3,3,2,2,4,3,4,3,3,3,2,3,3,2,2,2,3,3,2,3,2,2,2,3,3,3,4,3,2,2,4,2,2,2,2,2,2,2,2,2,3,4,1,1,1,1,6,5,6,4,5,4,5,4,4,1,34,3,2,6,1,60,0,0,3200,624101,운전면허 온라인 거래 증가,국문학
31561,2,3,2,1,2,2,1,0,2,3,2,3,1,0,3,3,2,3,2,3,1,0,1,0,3,4,2,4,1,0,2,4,1,0,1,0,2,3,1,0,2,3,1,0,3,3,1,0,2,1,1,0,2,3,1,0,2,3,1,0,1,0,2,3,3,3,2,3,1,0,3,4,1,0,4,4,2,2,2,3,3,3,2,1,3,3,2,3,4,2,3,3,4,3,3,4,3,2,3,3,4,3,1,6,2,1,3,2,2,3,4,3,5,5,3,3,3,4,4,3,3,3,4,4,2,3,4,2,3,4,4,3,3,2,3,4,4,4,3,3,4,4,2,2,2,2,2,2,2,2,2,1,2,3,3,3,2,8,7,5,3,2,4,7,4,2,1,47,2,1,1,1,40,3800,2800,0,826201,점토생산기계 조작훈련 자동화 대형화 일자리 감소,문과
31562,4,5,4,5,4,5,4,5,3,4,4,4,5,6,4,5,3,3,4,4,2,2,5,5,3,4,4,5,2,2,2,2,1,0,4,5,4,5,4,4,2,2,3,3,3,4,4,4,2,2,3,4,1,0,1,0,1,0,1,0,3,4,4,4,1,0,1,0,1,0,1,0,1,0,1,0,1,0,1,0,1,0,1,0,2,2,3,4,4,3,4,3,3,4,4,4,4,4,3,3,4,18,1,2,2,2,0,3,5,3,3,2,4,4,3,3,4,4,4,4,2,3,4,2,4,3,4,4,3,4,3,3,3,4,3,3,4,4,3,4,4,3,2,2,2,2,2,2,2,2,2,1,4,3,3,3,1,8,8,2,2,8,2,8,7,8,1,33,4,1,1,1,42,3800,2000,0,24402,문화생활,문예창작
31563,5,7,5,7,2,3,5,7,3,4,4,5,4,5,3,4,4,5,3,4,3,4,4,5,3,4,4,5,2,3,1,0,1,0,1,0,2,3,1,0,1,0,1,0,1,0,1,0,1,0,1,0,1,0,1,0,1,0,1,0,1,0,1,0,1,0,1,0,1,0,1,0,1,0,1,0,1,0,1,0,1,0,1,0,3,4,4,5,4,4,4,3,4,5,3,4,3,4,4,3,4,13,1,2,2,2,0,3,2,4,5,4,5,5,3,3,3,4,4,4,3,4,5,2,3,3,2,4,4,5,2,5,4,5,5,4,4,5,4,4,5,4,2,2,2,2,2,2,2,2,2,2,3,1,1,3,1,9,4,4,1,1,5,8,3,1,2,40,4,1,1,1,40,3500,2400,0,416205,대체,국어국문학
31564,2,3,2,2,2,3,2,3,1,0,1,0,4,6,3,5,2,4,4,6,3,5,2,2,4,3,3,4,3,4,4,5,2,3,2,4,3,4,2,4,2,4,4,6,4,6,2,5,3,5,3,5,2,4,2,4,4,6,2,4,3,5,2,5,2,4,2,4,2,4,2,4,3,4,4,5,4,5,4,5,3,3,4,5,4,5,3,5,4,3,5,3,4,3,3,4,3,3,3,2,4,18,1,1,2,2,0,5,5,4,3,3,4,4,4,2,2,2,2,3,3,4,3,3,3,4,3,3,4,3,2,3,5,4,3,4,3,3,2,3,3,3,1,2,1,2,2,2,2,2,2,2,3,1,1,3,2,6,6,5,4,5,8,8,3,2,1,44,4,1,1,1,40,3600,2200,0,414101,혁명 컴퓨터 인간 콜라보 작품 화가 프리랜서 형태 전시회 사람 그림 사랑 소비자 일자리 변화 직업,실용미술
31565,2,2,2,2,2,1,2,1,2,2,2,2,3,4,3,4,2,2,1,0,3,3,2,2,2,2,3,4,1,0,1,0,1,0,1,0,2,2,1,0,2,2,3,4,1,0,3,3,3,4,1,0,3,4,3,5,5,7,3,4,3,4,3,4,4,5,3,4,4,5,4,5,3,4,2,2,2,3,3,4,3,3,3,4,2,2,4,5,2,2,4,4,2,4,4,4,2,2,3,4,3,13,1,3,1,2,0,7,5,3,4,4,4,4,3,4,3,3,4,3,3,3,3,3,4,2,3,3,3,3,3,2,3,4,4,3,3,3,3,3,3,3,2,2,2,2,2,2,2,2,2,1,4,3,3,3,2,6,7,3,5,3,3,7,4,5,1,40,4,1,1,1,40,3941,2500,0,155305,소음진동기술사 공사 현장 증가 소음 환경 문제 증가,기계공학
31566,4,5,4,5,3,4,3,3,2,3,3,4,2,3,2,2,2,3,1,0,2,2,2,2,4,4,1,0,1,0,1,0,1,0,1,0,1,0,1,0,2,3,1,0,1,0,1,0,2,3,2,3,2,2,1,0,2,4,1,0,2,3,1,0,3,3,3,3,2,2,4,4,1,0,2,2,2,2,2,2,1,0,1,0,2,4,2,3,3,3,4,3,3,3,3,4,3,4,3,3,3,17,1,4,1,2,0,6,5,4,4,4,4,4,4,3,3,4,4,4,3,3,3,5,4,3,4,3,2,3,3,5,3,4,3,3,4,4,3,3,4,4,2,2,2,2,2,2,2,2,2,3,2,2,2,3,1,4,4,6,5,5,5,6,5,5,1,35,4,1,1,1,40,4300,3200,0,306101,임상병리사 검사 업무 기계화 자동화,임상병리학
31567,1,0,5,3,1,0,3,3,2,2,2,3,5,3,3,3,4,3,4,4,3,2,3,3,4,3,2,3,1,0,1,0,2,2,3,3,1,0,2,1,3,2,5,3,4,3,2,1,4,4,1,0,3,3,4,4,2,2,3,2,1,0,4,4,3,3,5,2,4,3,4,2,4,2,5,4,3,4,4,3,2,4,2,1,2,4,3,2,2,1,5,4,4,3,4,2,4,4,4,3,5,18,1,2,1,2,0,5,2,4,2,3,4,4,5,4,9,9,9,3,2,3,4,3,5,4,4,5,4,5,5,4,5,5,3,4,4,3,5,4,4,4,2,2,2,2,2,2,2,2,2,2,3,3,2,2,2,7,9,3,3,5,4,4,3,2,1,53,5,2,5,1,42,0,0,5000,884101,도자기공예기능사 생활수준 증가 공예품 부가 가치,도예
31568,2,3,2,2,2,2,2,2,2,1,3,3,2,1,2,3,2,1,2,1,1,0,2,1,4,3,2,1,2,2,2,2,2,2,2,2,2,1,3,3,3,3,3,3,2,2,2,1,2,1,2,1,3,4,3,4,3,3,2,1,2,1,2,2,4,3,3,3,2,1,2,2,1,0,3,3,2,2,2,2,2,2,2,1,2,3,2,1,3,2,3,3,2,4,3,2,3,3,2,1,3,19,1,2,1,1,2,2,2,3,4,3,4,5,3,4,3,3,3,3,3,4,3,3,2,3,3,3,4,4,3,3,3,2,3,3,2,3,3,2,3,4,2,2,2,2,2,2,2,2,2,2,2,2,2,2,2,5,5,4,5,4,4,5,4,4,1,43,4,1,1,1,40,3200,2400,0,881201,사진기능사 사진제판기능사 사진인화현상기 조작원 휴대폰 카메라 디지털 카메라 성능 향상 사진 현상 인화 관련 인력 수요 감소,디자인
31569,1,0,3,4,1,0,3,4,3,4,4,6,4,6,3,4,4,6,2,2,3,4,4,6,3,4,1,0,2,2,3,4,2,2,3,4,2,2,1,0,4,6,2,4,4,6,3,4,4,6,1,0,4,6,3,4,3,4,4,6,3,4,1,0,1,0,3,4,1,0,1,0,4,6,3,4,4,6,4,6,4,6,3,4,4,6,3,4,4,4,3,3,3,2,4,4,2,4,2,3,3,19,1,1,2,2,0,7,2,3,2,2,4,4,3,3,9,9,4,4,3,3,3,4,3,3,2,1,4,2,4,5,4,2,2,1,3,5,4,3,4,3,2,2,2,2,2,2,2,2,2,2,2,2,2,2,1,3,7,3,6,3,7,2,7,3,1,38,2,1,3,2,40,2500,2500,0,703101,지금 기술 자재 고급 화로 고장률,인문계
31570,2,2,3,3,3,3,2,3,1,0,2,3,1,0,3,4,2,3,2,2,3,4,3,3,3,3,1,0,1,0,1,0,1,0,1,0,1,0,3,3,3,3,3,4,3,3,2,3,2,3,2,2,3,4,3,3,2,3,3,4,2,3,1,0,1,0,2,2,1,0,2,3,1,0,1,0,3,3,3,4,1,0,2,2,3,3,2,3,5,4,4,3,4,2,3,4,3,3,5,4,4,13,1,3,2,2,0,7,5,3,4,4,5,4,4,3,4,3,4,3,3,4,5,3,2,4,3,3,3,5,3,4,3,4,3,3,4,5,4,4,5,4,2,2,2,2,2,1,2,2,2,1,4,2,2,2,2,3,2,3,2,3,3,8,9,9,1,33,4,1,1,1,40,3300,2600,0,155304,기술 장비 기후 변화 환경 영향 분석 조사 그동안 환경 문제 결과 중요성 과정,환경공학
31571,5,6,4,4,3,3,3,4,1,0,1,0,3,3,2,2,4,5,3,4,2,4,1,0,3,3,1,0,1,0,1,0,2,4,1,0,1,0,1,0,2,2,3,3,1,0,1,0,1,0,1,0,1,0,1,0,1,0,1,0,1,0,1,0,1,0,1,0,1,0,1,0,1,0,1,0,2,3,2,2,1,0,1,0,3,4,3,4,4,5,5,3,3,3,2,3,2,3,2,3,4,13,1,2,2,1,5,4,5,4,3,3,4,5,4,4,3,3,4,3,3,4,4,4,3,3,4,3,3,5,4,5,5,5,5,5,4,5,4,4,5,4,2,2,2,2,2,2,2,2,2,2,4,3,3,3,2,3,2,3,2,2,1,8,9,8,2,52,5,1,1,1,45,7000,2300,0,411201,번역프로그램 활용 글로벌화 양상 일반 외국어 희소성 언어 번역 필요성,러시아
31572,3,4,4,5,3,4,4,5,3,4,3,4,4,5,3,4,4,5,3,4,4,5,3,5,3,5,3,4,4,5,3,5,3,4,3,4,4,5,4,5,4,5,4,5,4,5,4,5,3,4,3,4,4,5,4,5,3,4,2,3,3,4,4,5,3,4,3,4,1,0,1,0,3,4,4,5,4,5,4,5,4,5,2,2,4,5,3,4,4,3,4,3,4,3,4,4,3,4,3,3,4,19,1,1,1,1,2,3,2,4,2,2,4,4,4,4,3,5,5,5,2,4,4,4,3,2,3,3,4,4,5,4,4,3,4,4,4,5,4,3,4,4,2,2,2,2,2,2,2,2,2,1,3,2,2,2,1,7,2,6,3,7,3,3,8,3,2,46,3,1,1,1,50,3200,1800,0,511401,공연예술분장사 메이크업 자격증 메이크업 현장실습 미용 관심,보육
31573,4,5,3,5,4,5,3,3,3,5,3,4,4,5,4,4,2,3,1,0,2,3,3,4,3,4,4,5,3,4,4,5,4,5,3,4,3,4,2,2,3,4,3,3,3,3,3,3,3,4,3,3,5,6,3,4,4,6,2,2,4,5,5,7,3,3,2,2,2,2,3,4,4,5,2,2,2,2,2,3,2,2,2,2,2,2,2,2,4,4,4,3,4,4,4,2,3,3,3,2,2,3,1,4,1,1,2,5,4,4,4,4,3,3,3,4,3,4,4,4,2,4,4,3,4,3,3,3,3,4,3,4,4,4,5,4,4,5,4,3,4,5,2,2,2,2,2,2,2,2,2,2,2,2,3,3,1,5,5,5,5,5,5,4,5,5,2,30,3,1,1,1,40,3200,2600,0,28402,컴활1급 엑셀OA 직무 교육 전산 화로 지금 대체,경영학
31574,1,0,3,2,2,1,3,4,3,3,1,0,1,0,1,0,4,5,1,0,1,0,2,2,3,3,4,5,4,4,1,0,2,1,2,1,1,0,3,4,3,3,2,1,4,3,2,1,2,1,1,0,1,0,1,0,1,0,1,0,5,5,1,0,1,0,1,0,1,0,1,0,1,0,1,0,1,0,1,0,1,0,1,0,4,5,4,3,3,4,4,3,3,4,3,3,1,3,2,3,3,3,1,4,2,2,0,2,2,3,3,2,3,2,2,2,3,3,3,3,3,2,3,3,3,3,2,2,3,5,2,4,3,4,3,3,3,4,4,3,4,2,2,2,2,2,2,2,2,2,2,5,1,3,3,3,2,6,6,6,4,4,4,2,3,5,2,25,3,1,1,1,50,2500,2250,0,15101,경기 침체 소비,비서행정
31575,5,5,4,5,4,5,5,5,4,5,4,5,3,5,4,4,4,5,3,5,4,4,5,6,3,5,4,6,3,5,5,5,4,6,5,6,3,5,4,7,5,6,5,6,4,6,4,2,3,5,3,6,4,5,3,5,4,4,4,4,5,7,4,4,4,4,3,4,3,4,3,4,3,5,3,3,3,2,4,5,3,3,2,3,2,3,3,4,5,5,4,3,4,4,3,2,3,3,3,4,3,11,1,2,2,2,0,2,5,4,4,4,4,5,3,4,3,3,4,4,2,4,3,2,2,3,3,2,5,4,4,4,4,4,3,4,3,4,2,2,4,4,2,2,2,2,2,2,2,2,2,2,2,3,3,3,2,6,6,4,3,2,3,6,4,4,2,27,4,1,1,1,40,4000,3500,0,32501,자동 전산,경제학
31576,1,0,1,0,1,0,2,2,3,3,3,3,1,0,2,2,4,4,3,4,2,3,2,3,2,2,1,0,1,0,1,0,2,2,2,3,1,0,4,4,2,3,2,3,4,4,2,3,5,4,2,2,5,4,5,5,5,4,5,4,2,3,4,4,3,4,3,4,5,5,4,4,1,0,5,5,3,3,3,3,4,4,4,4,4,4,3,3,3,3,3,3,3,2,2,5,3,3,3,3,3,3,1,4,2,2,0,7,1,4,4,4,4,4,3,4,3,4,4,4,2,4,3,4,4,4,4,4,3,3,2,4,4,4,4,4,4,4,4,3,4,4,2,2,2,2,2,2,2,2,2,1,3,2,2,2,2,5,6,6,4,4,3,6,6,4,2,53,2,1,1,1,40,2500,2050,0,873501,음료 소비자 증가 소비 안정,인문계
31577,2,2,3,4,1,0,3,4,5,5,2,2,5,4,5,4,5,4,5,5,5,5,1,0,3,5,3,4,3,4,4,5,1,0,1,0,3,3,3,4,3,4,3,4,3,4,3,4,3,4,3,4,3,4,4,4,4,4,4,4,3,5,3,4,3,5,4,5,5,6,5,5,5,5,5,4,5,4,5,5,5,5,5,4,5,5,5,5,3,1,2,3,3,1,3,3,3,3,3,3,3,3,1,2,2,2,0,1,2,3,1,1,3,3,3,3,4,4,4,4,4,1,1,5,5,3,3,2,2,3,2,3,3,3,3,3,3,3,3,3,3,3,2,2,2,2,2,2,2,2,2,1,3,2,2,2,2,9,7,5,3,2,4,8,4,2,1,41,2,1,3,2,40,3400,2400,0,826401,변화,기계공고
31578,3,5,2,2,2,2,3,5,3,3,3,3,2,4,3,5,4,5,4,5,3,4,4,5,3,5,2,4,3,5,2,4,3,5,2,4,2,4,3,5,3,6,4,5,4,6,3,4,4,5,3,5,1,0,1,0,4,6,2,3,3,4,2,4,2,3,3,5,3,4,2,4,3,5,2,4,4,5,4,5,2,4,2,3,4,4,2,4,2,3,2,2,3,2,3,2,2,3,4,2,3,9,1,2,2,2,0,1,1,2,3,4,3,2,3,2,3,3,4,3,3,4,4,3,4,3,4,4,2,3,2,2,3,3,4,4,3,2,2,3,4,2,2,2,2,2,1,1,2,1,1,3,1,2,3,2,1,2,3,7,6,2,7,2,6,3,2,36,2,1,3,2,40,2800,2000,0,532201,제조 기술 개발 업무 변화 감소,문과
31579,3,2,2,2,3,2,2,2,2,2,2,2,4,6,2,2,2,1,3,2,2,2,2,2,2,2,2,2,2,2,3,2,2,3,2,2,2,2,2,2,2,2,2,2,3,3,3,3,2,2,2,3,2,2,3,3,2,3,2,2,2,1,2,1,2,1,1,0,1,0,1,0,2,1,5,7,2,3,2,1,2,1,2,1,2,4,2,2,3,3,4,2,3,2,1,4,1,2,3,2,2,10,1,2,1,2,0,2,2,3,2,1,2,4,3,2,3,3,3,3,3,2,4,3,3,3,2,4,4,4,2,4,3,4,4,4,3,2,3,3,4,4,2,2,2,2,2,2,2,2,2,1,3,3,3,3,2,7,6,6,2,3,4,7,3,4,2,26,3,1,2,2,40,2700,2200,0,511402,메이크업 자격증 방송국 연무대,뷰티미용
31580,4,6,4,7,4,6,4,6,4,6,4,6,3,4,1,0,2,5,3,4,2,3,5,7,3,5,2,4,3,5,1,0,1,0,2,4,5,7,4,6,3,6,2,4,3,5,3,5,2,2,2,3,1,0,1,0,2,4,2,4,1,0,1,0,1,0,1,0,1,0,1,0,1,0,1,0,1,0,1,0,4,5,2,3,2,5,2,4,3,3,4,2,2,2,2,3,2,2,2,2,2,16,5,1,2,2,0,7,5,2,3,4,2,2,2,2,2,2,3,3,5,3,2,3,4,4,4,4,4,4,4,5,4,3,4,3,4,4,4,4,4,5,2,2,2,2,2,2,2,2,2,1,4,1,3,3,2,8,8,4,4,3,4,6,5,4,2,31,4,2,6,1,30,0,0,2600,215105,가구 증가,국무사
31581,3,4,3,3,2,4,3,4,1,0,2,3,4,4,3,4,3,3,3,4,3,4,5,4,4,4,3,4,3,4,3,4,2,4,2,4,5,3,3,3,3,3,2,4,3,3,2,3,3,3,3,3,2,4,2,3,3,4,3,4,1,0,1,0,3,5,4,4,2,4,3,4,2,3,4,4,3,4,3,3,3,4,2,4,2,4,4,6,5,5,4,3,4,3,3,2,3,3,4,4,4,13,1,2,1,2,0,4,4,4,3,3,4,4,4,3,9,4,4,3,3,4,3,5,1,1,3,1,4,3,4,5,2,4,1,1,5,4,2,3,4,5,2,2,2,2,2,2,2,2,2,2,3,2,2,2,1,8,5,6,4,5,8,6,3,3,2,27,4,1,1,1,42,2700,2500,0,214401,지도사 자격증 보육교사 언택트 변화,실용음악
31582,1,0,1,0,1,0,1,0,1,0,1,0,1,0,1,0,1,0,3,3,1,0,1,0,1,0,1,0,1,0,1,0,1,0,1,0,1,0,1,0,1,0,1,0,1,0,1,0,1,0,1,0,1,0,1,0,3,3,1,0,1,0,1,0,1,0,1,0,1,0,1,0,1,0,3,4,3,4,1,0,3,5,3,5,3,3,1,0,2,2,3,2,2,1,2,2,2,2,2,2,3,6,1,1,2,2,0,3,3,2,1,1,3,2,2,2,9,9,3,3,4,2,2,3,2,3,2,4,3,4,2,4,3,3,3,2,4,5,2,3,4,5,2,2,2,2,2,2,2,2,2,1,3,3,2,2,2,8,8,8,5,3,3,3,3,5,1,37,2,1,1,1,48,2500,2500,0,702601,사람,전기
31583,3,5,3,4,2,3,2,2,1,0,1,0,1,0,2,2,2,3,2,3,1,0,1,0,3,4,1,0,2,3,2,3,1,0,1,0,3,4,1,0,2,2,1,0,1,0,1,0,2,2,1,0,1,0,1,0,2,3,2,2,1,0,2,2,2,2,3,4,3,3,3,4,1,0,3,4,3,4,3,4,4,5,3,4,3,3,2,3,1,1,2,1,1,2,3,2,3,3,2,1,3,3,1,2,2,2,0,7,1,2,2,1,4,2,2,2,3,2,4,3,2,3,2,2,4,3,2,3,3,4,2,3,4,2,5,3,3,5,4,3,4,4,2,2,2,2,2,2,2,2,2,2,2,3,3,3,2,7,8,6,6,8,7,7,4,2,1,47,2,1,1,1,52,3600,3000,0,852401,점점 기계화,공고
31584,4,4,2,6,2,5,1,0,1,0,3,3,3,6,3,3,3,3,4,4,1,0,1,0,1,0,3,5,3,4,4,5,4,6,4,5,4,4,4,6,4,5,4,3,4,5,4,6,4,5,4,5,3,4,1,0,1,0,1,0,4,5,1,0,1,0,1,0,1,0,1,0,4,5,1,0,1,0,1,0,1,0,1,0,1,0,1,0,5,4,4,4,4,3,4,4,3,3,3,3,2,3,1,4,1,1,3,3,5,4,4,4,4,4,4,4,4,3,4,4,2,4,4,4,2,4,5,3,4,1,4,4,4,4,5,5,4,5,4,4,4,4,2,1,2,1,1,1,1,1,1,2,1,2,2,3,1,7,4,4,4,5,6,6,4,6,1,50,4,1,1,1,40,6500,3500,0,11201,전산회계 전기기사 전산회계 훈련 제품 시스템 개발 조식 성함 장기 경기 침체 매출 부진 일자리 감소,전산
31585,4,4,4,4,3,4,3,3,3,4,3,4,2,2,3,3,2,3,2,2,2,3,3,3,3,4,4,5,3,3,4,4,4,4,4,4,2,3,3,4,4,4,4,4,2,2,2,2,4,4,3,3,4,4,4,4,4,4,4,4,4,6,3,4,4,4,2,3,2,3,3,3,4,5,3,2,2,3,4,4,2,2,1,0,4,2,2,2,4,3,3,4,4,3,3,3,3,4,4,3,3,10,1,4,1,2,0,5,5,4,3,3,4,4,3,4,3,3,3,3,3,3,2,2,3,4,3,3,2,3,4,4,3,3,2,3,4,4,3,4,4,3,2,2,2,2,2,2,2,2,2,1,3,1,3,3,2,8,5,7,3,5,3,5,7,5,1,29,4,1,1,1,40,3200,3000,0,134401,정보처리기능사 기계 대체 불가,정보미디어
31586,5,5,5,4,4,2,5,3,3,3,5,5,5,7,5,6,5,5,5,5,5,6,4,4,5,2,5,3,4,3,5,3,4,3,5,5,5,5,5,2,5,4,5,3,5,3,3,3,4,2,4,3,5,6,5,6,5,6,5,5,3,3,5,4,5,4,5,5,5,6,5,6,3,3,5,5,5,5,5,4,5,6,5,5,5,6,5,5,5,4,5,3,4,1,5,2,3,4,3,5,5,3,1,2,2,2,0,2,5,5,3,3,5,4,3,3,3,4,4,3,3,4,4,5,5,3,5,2,4,3,3,5,3,5,4,5,5,5,5,4,5,3,2,2,2,2,2,2,2,2,2,3,1,3,3,3,2,9,1,4,1,1,5,1,9,5,1,38,4,1,1,1,40,6800,2700,0,826201,설비 자동화 도입,기계학
31587,1,0,1,0,2,2,1,0,1,0,1,0,1,0,4,3,2,3,4,4,1,0,2,2,1,0,1,0,1,0,2,3,1,0,1,0,1,0,1,0,1,0,4,2,2,2,1,0,4,4,1,0,1,0,1,0,3,3,1,0,1,0,3,3,2,3,3,2,4,4,2,3,1,0,3,3,2,2,4,3,4,3,2,2,1,0,1,0,3,2,4,3,2,1,3,4,3,1,2,3,4,1,4,1,1,2,0,2,2,2,3,2,3,5,4,4,9,9,3,3,2,3,3,4,3,2,2,4,4,3,3,4,3,5,5,4,3,3,4,2,5,5,2,2,2,2,2,2,2,2,2,2,3,3,3,3,2,5,8,7,4,4,5,3,7,6,1,50,2,2,6,1,40,0,0,3000,904201,선박소형면허 수산업 저조 유지,문과
31588,4,5,4,5,4,6,5,6,3,3,4,5,3,4,3,3,3,4,4,5,3,3,3,3,5,6,4,5,3,4,4,5,4,5,3,4,3,4,4,5,3,4,4,5,4,5,3,4,3,3,1,0,1,0,1,0,1,0,1,0,4,6,1,0,1,0,1,0,1,0,1,0,1,0,1,0,1,0,2,4,1,0,4,5,3,5,3,5,4,5,5,4,4,3,4,4,4,4,3,3,4,11,1,2,2,2,0,7,5,4,3,3,4,3,4,4,5,3,3,4,1,4,5,4,4,5,5,4,5,5,4,5,4,4,4,4,5,5,3,3,5,3,2,2,2,2,2,2,2,2,2,2,4,3,3,3,2,4,3,5,6,4,5,5,7,7,1,34,4,1,1,1,40,4500,3200,0,32201,증권 주식시장 은행 금리 증권 고객 이동현상,국어국문학
31589,5,6,5,6,4,5,4,6,4,5,4,6,3,4,3,4,4,5,4,6,3,4,5,6,4,5,3,4,3,4,3,5,3,4,2,4,5,6,3,5,3,5,3,5,5,6,2,4,2,4,3,4,2,3,2,3,1,0,1,0,1,0,1,0,1,0,1,0,1,0,1,0,1,0,1,0,1,0,2,3,3,4,3,4,4,4,4,4,4,4,4,4,4,4,4,4,3,4,4,4,4,16,5,4,2,2,0,5,4,4,3,3,4,4,4,4,4,4,4,4,3,3,3,4,4,3,3,2,3,4,5,5,3,3,2,2,3,4,4,3,5,4,2,2,2,1,2,2,2,2,2,2,2,2,2,2,1,4,4,4,5,5,6,4,5,6,2,33,3,1,1,1,48,3800,2600,0,214501,인강 프로그램 도입 온라인 강의 증가,경영학
31590,2,2,4,5,2,2,4,5,2,2,2,1,2,1,1,0,3,3,2,1,2,2,3,3,2,2,1,0,3,4,3,3,2,2,1,0,2,2,3,4,4,5,4,5,3,4,2,1,3,3,1,0,3,3,1,0,2,2,1,0,1,0,1,0,1,0,2,2,1,0,3,4,1,0,2,3,3,4,3,3,2,1,3,3,3,3,2,2,3,2,2,2,4,4,3,4,4,3,3,2,3,19,1,1,2,1,3,3,2,2,3,4,5,4,3,3,4,4,4,4,2,3,2,4,2,3,4,2,3,3,5,4,2,3,2,3,4,4,2,3,4,5,2,2,2,2,2,2,2,2,2,2,2,2,2,3,1,6,7,7,4,3,4,2,3,6,2,37,4,1,1,1,52,2600,2200,0,531701,원두 추출 그라인더 이용 커피 생각,스포츠과학
31591,3,2,2,2,2,2,2,2,2,2,2,3,1,0,3,2,2,3,3,3,1,0,3,4,3,4,2,4,2,4,2,1,1,0,1,0,2,3,1,0,2,2,2,3,2,3,1,0,3,3,2,2,5,4,5,4,4,5,4,4,1,0,4,3,3,4,4,3,4,3,4,3,2,4,4,5,4,4,4,4,5,6,4,4,3,4,2,3,3,2,2,2,3,2,3,3,2,3,3,3,4,3,1,3,1,2,0,7,2,4,3,3,2,4,3,3,4,3,4,4,2,3,4,4,3,2,3,2,4,4,4,3,1,3,4,4,4,5,2,2,4,3,2,2,2,2,2,2,2,2,2,2,2,1,2,2,2,5,4,5,4,5,5,8,6,3,1,36,4,1,1,1,40,4000,2500,0,811101,건설기계기관정비기능사 자동화 시스템 기계 증가 예상 고장 정비 수요 감소,기계공학
31592,2,2,3,3,2,2,3,3,2,2,3,4,3,3,2,2,3,3,3,3,2,2,3,3,3,3,2,2,2,3,3,3,2,2,3,3,2,2,3,3,3,3,2,2,3,3,3,3,2,2,3,3,2,2,2,2,3,3,2,2,3,3,2,2,3,3,3,3,3,3,2,2,3,3,2,2,3,3,3,3,3,3,3,3,3,3,2,2,3,2,3,2,2,3,3,2,2,3,4,3,3,6,1,2,1,2,0,2,5,3,4,4,3,3,4,3,3,3,5,3,3,3,3,3,4,4,3,4,3,3,4,4,3,3,2,3,4,4,3,3,3,4,2,2,2,2,2,2,2,2,2,2,2,2,2,2,2,4,5,3,7,6,6,5,5,3,1,43,4,1,1,1,40,4200,3500,0,831201,전기기능사 전기산업기사 자동화 시스템,전기공학
31593,3,5,3,3,2,2,3,4,1,0,4,5,1,0,4,4,3,5,2,3,1,0,3,5,4,5,1,0,1,0,4,6,1,0,1,0,3,5,4,4,5,6,1,0,3,5,1,0,4,5,1,0,3,5,1,0,5,4,4,5,1,0,2,2,4,7,4,6,5,4,5,7,1,0,4,4,4,7,4,4,4,5,4,5,3,4,2,3,3,2,5,2,3,1,1,4,3,4,3,3,3,10,1,2,1,2,0,3,2,3,2,2,3,3,2,3,2,3,4,3,3,2,1,4,3,3,4,3,4,3,3,4,2,3,4,3,4,4,3,2,4,5,2,2,2,2,2,2,2,2,2,2,2,3,3,3,2,7,6,7,3,4,4,7,5,4,1,52,2,1,1,1,40,3800,2400,0,842301,통신선로산업기사 무선설비기사 인터넷 보급 포화상태 유선 전화 사용자 줄어듬,기계
31594,5,6,4,5,4,5,5,6,4,5,4,5,3,3,4,4,4,5,1,0,1,0,4,5,5,6,4,5,1,0,3,3,4,5,4,4,4,4,5,6,4,5,4,5,3,4,4,5,3,3,1,0,4,3,5,5,4,5,1,0,5,6,1,0,1,0,4,4,1,0,1,0,1,0,2,4,3,5,1,0,2,4,3,3,5,6,4,5,4,3,3,3,3,3,3,4,3,2,3,3,4,6,1,2,1,2,0,7,5,3,3,2,3,3,3,3,4,3,4,4,1,4,5,2,3,3,3,2,4,5,4,4,4,4,3,4,4,5,3,3,5,3,2,2,2,2,2,2,2,2,2,2,2,2,2,3,2,8,6,9,8,8,8,4,3,4,1,43,4,1,1,1,40,5300,3000,0,140204,건축설비기술자격증 전기응용기술자격증 건설 경기 침체 헤어 침체 경기 유지,건축공학
31595,5,6,5,6,5,6,3,4,3,4,4,5,4,5,5,6,3,5,4,5,3,4,5,6,4,5,4,5,3,4,4,5,2,3,2,3,4,5,3,4,3,4,4,5,3,5,3,5,3,4,3,4,2,3,2,2,2,3,2,3,4,5,2,3,2,3,2,3,1,0,1,0,4,5,1,0,2,3,2,3,4,3,4,5,5,5,3,4,4,5,4,3,4,3,4,4,4,4,4,4,4,16,5,3,1,2,0,5,5,3,3,3,4,4,4,3,4,4,4,4,3,3,3,4,4,3,3,2,3,4,4,4,3,4,3,3,4,4,4,3,4,4,2,2,2,2,2,2,2,2,2,2,3,2,2,2,1,3,4,5,4,5,5,5,5,5,2,30,4,1,1,1,46,3200,2500,0,413201,정사서2급 공공 서고 편의 개선 증가 추세,문헌정보학
31596,2,2,3,3,1,0,2,2,2,2,2,2,1,0,3,3,3,4,2,1,1,0,3,3,4,4,1,0,1,0,1,0,1,0,1,0,2,3,2,2,1,0,1,0,1,0,1,0,1,0,1,0,2,2,1,0,2,3,1,0,1,0,3,4,3,3,2,1,2,3,3,4,1,0,3,5,4,4,3,4,3,3,3,3,4,4,3,4,2,3,2,2,2,2,1,2,2,2,3,3,2,3,1,2,2,2,0,7,1,2,1,1,2,2,2,2,2,2,3,2,3,3,2,4,4,5,4,3,4,3,3,4,3,4,4,4,3,5,4,4,5,4,2,2,2,2,2,2,2,2,2,3,2,3,3,3,2,6,7,6,6,7,4,6,5,3,1,53,2,1,1,1,40,2600,2000,0,864201,인건비 중국 신발 조공 전함,인문계
31597,3,4,5,6,3,3,3,4,2,2,2,3,2,2,2,2,4,4,2,3,2,2,3,5,3,4,2,2,5,6,5,5,2,3,2,2,1,0,5,5,3,4,3,3,5,6,2,2,2,3,2,2,2,2,1,0,1,0,1,0,4,6,2,3,2,3,2,2,2,3,2,3,2,3,3,4,3,4,4,5,2,2,2,2,3,4,3,3,3,4,3,3,4,2,3,4,3,3,4,3,4,3,1,3,1,1,2,2,4,3,3,2,2,4,4,4,3,3,4,4,4,2,3,3,4,3,3,2,3,3,3,5,4,4,4,4,3,3,4,4,4,3,2,2,2,2,2,2,2,2,2,2,2,1,1,3,2,6,6,6,4,3,4,5,4,4,2,39,3,1,1,1,40,4200,2500,0,29401,비서2급 사내조직도 업무성격 스마트폰 교체 영향,비서학
31598,5,4,4,4,2,4,3,4,4,3,5,5,1,0,4,4,5,4,4,3,5,4,4,4,4,4,3,4,1,0,4,4,5,4,2,4,3,4,1,0,2,6,4,4,5,3,1,0,1,0,1,0,5,3,4,4,2,3,1,0,3,3,4,4,5,4,1,0,1,0,1,0,4,4,5,3,4,3,3,3,4,3,1,0,4,4,3,3,4,2,5,4,4,3,5,1,4,5,4,4,2,13,1,2,1,2,0,2,5,4,5,3,5,5,4,4,3,5,5,4,4,3,3,2,4,3,4,4,3,4,4,4,2,3,4,5,5,4,4,5,3,5,2,2,2,2,2,2,2,2,2,2,4,2,3,3,1,7,6,3,4,3,2,7,4,4,1,39,4,1,1,1,40,4600,4500,0,155304,수질환경기사 토양환경기사 환경측정분석사 환경 대한 사람 관심 증가 환경오염 심각,생물학
31599,3,4,3,5,2,4,3,5,3,5,3,4,3,4,3,4,3,5,3,5,3,4,3,5,3,5,3,5,3,4,3,5,3,4,3,4,3,4,3,5,3,5,3,5,3,5,3,4,3,4,3,5,3,5,3,5,3,5,3,4,3,5,3,5,3,5,3,4,3,5,3,5,3,5,3,5,3,5,3,5,3,5,4,5,3,5,3,4,4,4,2,4,4,3,2,3,3,4,3,3,4,13,1,3,1,2,0,5,5,3,3,3,3,4,3,4,4,4,4,4,2,2,3,4,4,4,4,4,4,4,4,4,4,4,2,2,5,5,5,3,4,4,2,2,2,2,2,2,2,2,2,2,3,3,3,3,2,5,5,5,5,5,5,5,5,5,1,29,4,1,1,1,40,3800,3500,0,154102,화학분석기사 일자리 한정,신소재공학
31600,2,3,2,3,2,3,2,3,2,3,2,3,2,3,2,3,2,3,3,5,2,3,2,3,3,5,2,3,1,0,2,3,1,0,1,0,2,3,2,3,2,3,2,3,2,3,1,0,2,3,2,3,3,5,3,5,4,6,3,5,1,0,2,3,2,3,3,4,3,5,3,5,2,3,3,5,3,5,3,5,4,6,4,6,3,5,3,5,4,3,4,5,4,2,3,3,3,4,4,4,3,6,1,3,1,1,1,1,2,4,4,3,4,3,3,4,5,5,4,5,2,3,3,4,4,3,4,4,4,2,4,4,5,4,4,3,4,4,4,3,4,3,2,2,2,2,2,2,2,2,2,1,2,3,2,3,2,7,5,5,3,4,5,3,5,4,1,35,2,1,1,1,40,3500,3000,0,705902,잠수산업기사 잠수기능사 업무관련 기계 숙지 경기 침체 일자리 감소,기계
31601,5,6,5,5,4,4,5,6,3,4,4,4,5,6,5,5,5,6,4,6,4,6,4,6,4,6,4,6,5,6,4,6,5,6,4,6,5,6,5,6,5,6,5,6,5,7,5,4,5,5,5,6,5,4,4,5,4,6,4,5,4,4,4,5,4,5,4,6,4,6,4,6,4,6,4,6,4,5,4,5,4,5,4,5,4,5,4,5,4,4,5,5,4,5,5,5,5,4,4,4,4,18,4,1,2,1,4,4,3,5,4,4,5,5,4,2,3,3,3,3,4,2,3,3,4,4,4,4,4,4,2,4,5,4,4,4,4,4,4,4,4,4,2,2,2,2,2,2,2,2,2,3,3,2,2,2,1,8,8,8,3,8,8,8,2,3,2,45,3,2,6,1,20,0,0,2500,416201,연기 무술 일자리 한정,식품영양학
31602,4,5,4,6,3,6,5,5,3,3,4,5,1,0,3,5,4,5,1,0,5,5,3,3,5,5,3,3,3,3,3,3,4,4,3,3,4,4,5,6,4,5,3,3,4,5,3,3,1,0,1,0,1,0,1,0,1,0,1,0,5,6,1,0,1,0,1,0,1,0,1,0,1,0,1,0,2,4,3,5,1,0,2,4,3,4,3,3,4,5,5,4,4,3,4,4,3,5,4,4,4,8,1,4,2,2,0,7,5,3,4,3,4,4,3,3,3,3,4,3,1,3,3,4,4,5,3,3,5,4,4,4,3,4,5,5,4,5,5,2,4,4,2,2,2,2,2,2,2,2,2,2,2,2,2,2,1,7,5,8,4,4,5,4,6,4,1,42,4,1,1,1,40,6500,3100,0,28203,업무 전산 시스템 개발 인력 감소 예상,경영학
31603,3,4,4,5,3,3,4,5,3,4,3,3,1,0,2,3,3,4,1,0,1,0,3,3,4,5,2,2,3,3,3,4,3,3,1,0,3,4,4,5,3,3,4,5,3,4,3,4,3,4,3,3,3,4,2,2,2,2,2,2,1,0,3,4,3,3,2,3,2,3,2,3,3,3,3,4,4,5,3,4,3,4,4,5,3,3,3,3,4,5,3,3,3,2,2,5,2,3,4,2,3,14,1,4,2,2,0,7,1,3,4,4,5,4,2,3,3,4,3,3,2,4,3,2,3,4,3,4,3,2,3,5,3,4,2,2,3,3,3,2,4,4,2,2,2,2,2,2,2,2,2,1,3,3,3,3,1,6,8,8,6,4,2,2,2,7,1,38,2,1,1,1,46,3200,2400,0,561101,수요,환경공업
31604,3,4,3,4,3,3,3,3,1,0,1,0,1,0,2,2,2,3,1,0,1,0,2,3,3,4,3,3,3,4,3,4,3,3,2,2,1,0,2,3,3,4,3,3,3,4,2,2,3,4,2,1,1,0,1,0,1,0,1,0,1,0,1,0,1,0,1,0,1,0,1,0,2,2,1,0,1,0,1,0,3,4,3,3,2,2,2,1,2,4,2,3,4,2,4,4,3,3,4,2,2,17,2,3,1,2,0,7,2,3,4,4,5,5,2,3,9,4,4,4,3,4,3,4,4,3,3,3,3,3,3,4,3,3,2,3,4,3,2,3,4,4,2,2,2,2,2,2,2,2,2,1,3,1,2,3,1,7,7,4,3,4,5,4,3,7,2,30,4,1,1,1,45,2400,2300,0,231101,사회복지사1급 사회복지사2급 노인 인구 증가,노인복지학
31605,5,6,5,5,5,5,5,5,3,4,5,5,4,5,3,4,4,6,3,3,4,5,5,5,4,5,4,6,4,4,3,4,2,3,3,4,5,5,4,6,4,6,4,5,4,4,3,3,2,2,2,3,1,0,1,0,1,0,1,0,1,0,2,2,2,2,1,0,1,0,1,0,3,4,2,3,2,2,2,4,3,5,2,3,4,4,3,4,4,3,4,4,3,4,5,4,3,4,3,3,4,16,5,5,2,2,0,5,7,4,4,3,5,4,4,5,4,5,4,4,2,4,3,5,3,2,2,1,4,3,3,4,3,3,4,2,3,5,3,2,5,4,2,2,2,2,2,2,2,2,2,1,3,3,3,3,2,4,3,5,5,4,5,6,5,5,1,50,5,1,1,1,45,6800,4000,0,110103,상태 유지,국어국문학
31606,2,3,2,3,2,3,2,3,2,3,2,2,1,0,2,2,3,3,2,3,1,0,2,2,3,3,4,5,2,2,1,0,1,0,1,0,2,2,1,0,3,4,2,3,2,3,1,0,1,0,1,0,3,4,2,2,3,4,2,3,3,4,3,4,4,5,3,4,3,4,3,4,2,3,2,3,1,0,1,0,1,0,1,0,2,3,1,0,3,3,4,3,3,4,3,3,3,4,4,3,4,13,1,2,1,2,0,7,4,4,3,3,4,4,3,4,4,3,3,3,4,3,2,3,4,4,3,3,4,3,4,4,3,3,4,4,3,3,3,3,4,4,2,2,1,2,2,2,2,2,2,3,2,2,2,3,1,4,6,5,4,5,5,6,6,6,1,39,5,1,1,1,46,3800,3300,0,134302,정보처리기사 장비 도입 네트워크 분석 사람 대신 기계화 업종,정보통신공학
31607,2,2,2,2,2,2,2,2,2,2,3,5,2,2,2,2,2,2,3,3,2,2,2,2,2,2,2,2,2,2,3,3,2,2,2,2,2,2,2,2,2,2,2,4,2,2,2,2,2,2,2,2,2,2,2,2,2,2,2,2,2,2,2,2,3,6,3,6,3,2,4,5,2,2,2,2,2,5,2,3,4,5,2,3,3,6,2,3,4,4,3,3,4,4,3,3,2,3,3,4,4,8,1,2,1,1,3,6,2,4,4,4,4,3,3,3,4,4,4,3,2,4,4,3,3,4,4,4,3,4,4,4,4,3,4,4,3,4,3,3,4,4,2,2,2,2,2,2,2,2,2,2,2,2,2,2,2,6,4,4,5,4,4,4,5,6,1,56,2,1,1,1,42,6500,3200,0,621201,항해사자격증 직무교육 교량 증가,상고
31608,2,2,2,2,2,2,3,4,3,4,3,3,5,6,3,4,3,3,3,4,2,2,2,2,4,4,3,4,3,4,4,5,3,4,3,4,3,4,4,4,3,3,3,3,4,5,3,3,3,3,2,3,5,5,4,5,4,5,3,4,2,2,3,3,2,2,4,5,4,4,4,5,4,5,3,4,4,5,4,5,3,4,3,4,3,4,4,5,4,4,3,3,4,4,4,4,4,3,3,4,4,18,1,1,1,2,0,4,2,3,4,4,4,4,4,4,4,3,4,4,2,4,3,4,3,3,4,4,3,4,2,4,3,3,4,4,4,4,3,3,4,3,2,2,2,2,2,2,2,2,2,1,3,3,3,3,2,6,5,4,4,5,6,7,6,7,2,37,2,1,1,1,40,3000,2500,0,511501,애견미용 애견 증가,인문계
31609,2,2,2,2,2,2,2,2,2,2,2,2,2,2,3,2,3,3,2,2,3,3,2,2,2,2,2,3,3,3,3,3,2,3,2,3,2,2,2,2,2,2,2,3,2,2,2,2,2,3,2,3,3,3,3,3,2,2,2,2,2,2,2,2,2,2,2,2,2,3,2,3,2,2,2,2,2,2,2,3,2,3,2,3,2,2,2,2,4,4,2,2,3,2,4,4,3,3,2,3,2,1,1,2,2,2,0,7,2,2,2,2,4,3,2,3,4,3,3,3,2,3,3,4,5,4,3,4,3,4,3,5,4,4,4,5,4,3,4,4,5,4,2,2,2,2,2,2,2,2,2,2,2,3,3,3,2,7,3,4,5,5,6,5,4,5,1,33,3,1,2,2,50,2500,2000,0,904101,청소기 사람 대신,기계공학
31610,3,4,3,4,1,0,5,6,4,4,2,2,2,1,4,5,3,3,3,5,1,0,2,2,3,3,2,2,4,3,3,4,5,5,2,3,2,2,4,5,2,2,2,2,3,4,3,4,2,2,3,2,1,0,1,0,2,1,1,0,3,3,1,0,2,2,1,0,1,0,1,0,2,1,1,0,1,0,2,3,1,0,2,2,3,3,3,3,4,4,3,2,2,2,3,2,2,2,4,1,3,11,1,2,1,1,3,4,5,4,3,3,4,3,3,4,3,3,4,4,3,4,3,3,4,3,3,4,3,4,3,4,4,5,4,4,4,4,4,3,4,4,2,2,2,2,2,2,1,1,1,2,2,2,2,2,1,7,5,4,5,5,3,4,5,6,1,49,4,1,1,1,40,4500,3300,0,33201,보험중개사 투자 권유 훈련 인적 구조조정 무량 증가 온라인 신청 증가,사회학
31611,3,4,3,4,2,4,3,4,3,5,4,4,5,4,4,4,2,5,4,4,4,4,4,5,5,5,3,4,3,4,3,5,3,4,2,4,3,5,2,5,3,4,4,5,4,5,2,4,2,4,3,5,3,5,3,4,3,4,3,4,2,4,2,5,2,5,2,5,3,5,3,5,3,4,3,5,3,5,3,4,3,4,2,5,4,4,2,3,4,4,3,3,4,4,5,4,3,3,4,4,3,13,1,3,1,2,0,4,4,4,4,3,4,4,4,3,3,4,4,3,3,3,3,4,2,2,3,2,3,4,4,5,2,5,1,1,5,5,3,4,4,5,2,1,1,1,1,1,2,2,2,2,3,3,3,3,1,4,3,1,3,6,4,1,3,7,2,30,4,1,1,1,46,3400,2700,0,415501,웹디자인기능사 전체 구조 메뉴 서브 메뉴 설정 온라인 이용 프로그램 웹디자인 수요 증가,산업디자인
31612,2,2,2,3,1,0,2,2,2,1,1,0,1,0,2,2,2,2,2,3,1,0,2,2,2,3,2,1,2,2,2,3,1,0,1,0,2,2,2,3,2,3,2,3,2,2,1,0,1,0,1,0,1,0,1,0,1,0,1,0,1,0,1,0,2,2,1,0,1,0,1,0,1,0,2,3,2,3,2,2,2,2,2,3,2,2,2,1,3,4,4,2,3,4,1,4,3,2,3,1,4,9,1,3,2,2,0,7,2,3,2,2,4,3,4,3,9,4,4,4,3,2,3,4,4,4,4,2,3,2,4,4,3,5,4,3,5,5,4,3,5,4,2,2,2,2,2,2,2,2,2,3,2,1,3,3,1,7,8,6,4,3,5,5,4,6,1,49,3,1,1,1,55,2500,2100,0,562301,기계화 촉진,방송통신
31613,4,6,4,6,4,5,4,4,3,3,3,4,1,0,3,4,3,3,3,4,3,3,3,3,3,3,4,4,4,4,2,3,3,3,3,3,2,3,2,2,2,2,3,3,3,3,2,3,3,3,3,3,3,4,1,0,1,0,4,5,4,4,3,4,4,4,3,4,1,0,1,0,1,0,1,0,1,0,1,0,1,0,1,0,3,4,3,3,3,4,3,4,3,3,3,3,2,4,3,4,3,6,1,2,2,2,0,7,4,4,3,4,3,4,3,3,4,4,3,3,4,3,4,3,4,3,4,4,4,4,4,3,4,3,4,4,4,3,4,4,4,4,2,2,2,2,2,2,2,2,2,2,2,2,3,3,2,4,3,3,3,4,4,4,4,4,2,42,4,1,3,1,52,3300,2500,0,27201,전산 시스템 발달 자동 일자리 감소,세무회계학
31614,3,4,3,4,1,0,3,4,1,0,1,0,1,0,1,0,3,4,3,4,3,3,2,3,1,0,4,5,3,4,3,4,1,0,1,0,3,3,3,4,1,0,3,4,3,4,1,0,1,0,1,0,1,0,1,0,1,0,1,0,1,0,1,0,1,0,1,0,1,0,1,0,1,0,1,0,1,0,1,0,1,0,1,0,1,0,1,0,3,3,3,3,3,3,3,3,3,3,3,3,3,17,1,2,1,1,4,4,3,3,4,4,4,3,3,3,3,3,3,3,3,3,3,2,3,4,3,3,3,3,3,3,4,4,3,3,3,3,3,3,3,4,2,2,2,2,2,2,2,2,2,4,3,2,2,2,1,3,4,4,5,4,2,4,4,7,2,55,2,1,3,2,45,1800,1500,0,232901,복지사 2급 복지훈련 변화,이과
31615,2,2,2,2,1,0,2,2,1,0,1,0,1,0,1,0,3,3,1,0,1,0,1,0,2,2,1,0,3,4,2,2,1,0,2,2,1,0,2,2,3,4,2,2,1,0,1,0,3,3,3,4,4,5,1,0,2,3,2,3,1,0,1,0,1,0,4,5,4,5,4,5,1,0,3,3,3,3,1,0,3,4,1,0,3,4,2,2,3,3,2,3,4,3,3,3,2,3,3,3,3,19,1,1,2,2,0,2,2,3,3,3,3,3,3,3,2,3,2,3,2,3,2,2,3,2,3,2,3,2,3,3,2,3,4,3,2,2,3,3,3,4,2,2,2,2,2,2,2,2,2,1,3,3,3,3,2,6,7,8,4,5,5,6,7,6,1,33,2,1,1,1,54,2500,2300,0,812901,상태 유지,인문계
31616,1,0,1,0,2,3,3,4,3,4,2,2,1,0,3,3,4,5,3,4,1,0,1,0,3,4,2,3,1,0,1,0,1,0,2,5,3,4,2,2,3,4,1,0,4,4,1,0,1,0,4,3,1,0,3,5,3,5,1,0,4,4,1,0,3,3,3,5,2,4,3,3,1,0,2,4,3,4,3,4,4,4,2,3,4,4,3,4,4,3,4,3,3,3,3,3,3,4,4,4,3,15,2,2,1,1,2,7,4,4,3,4,4,4,3,4,4,4,4,4,2,4,4,3,3,4,3,3,4,3,3,3,3,4,3,4,4,4,4,2,4,3,2,2,2,2,2,2,2,2,2,2,2,3,3,3,2,6,6,5,4,4,4,5,5,4,1,41,4,1,1,1,40,5250,3400,0,140601,지적기술사 측량기술사 측량및지형공간정보기술사 측량 지적 실무교육 사회 기반 시설 정도 신규 도로 철도 신설 현장 감소 고용 감소,지적학
31617,2,3,2,3,1,0,2,3,2,3,2,3,3,5,2,3,3,3,2,4,2,3,2,3,4,6,2,5,4,5,4,5,3,5,2,3,4,3,5,6,3,3,3,4,3,4,2,5,2,4,2,3,2,3,2,2,4,5,3,4,1,0,1,0,2,3,1,0,2,2,2,2,2,2,2,3,4,5,4,5,4,4,4,4,4,5,3,3,4,5,4,4,4,2,5,4,3,1,4,3,5,18,1,1,1,2,0,3,1,4,5,4,4,4,3,4,4,9,5,4,3,5,4,5,4,4,4,4,5,4,2,4,4,4,3,3,4,4,3,3,5,4,2,2,2,2,2,2,2,2,2,1,3,2,2,2,1,8,8,9,8,8,8,5,5,2,2,38,2,1,2,1,60,3000,1500,0,511201,미용사자격증 피부 네일자격증 상태 유지,마이스터고
31618,2,3,2,2,2,2,3,3,2,3,1,0,1,0,1,0,1,0,1,0,1,0,1,0,1,0,1,0,1,0,1,0,1,0,1,0,1,0,3,4,1,0,1,0,1,0,1,0,1,0,1,0,1,0,1,0,1,0,1,0,3,3,1,0,1,0,1,0,1,0,1,0,1,0,1,0,1,0,1,0,1,0,1,0,2,3,2,3,3,3,3,2,2,2,2,2,2,2,2,2,2,7,1,1,2,2,0,1,2,3,3,3,2,2,2,2,2,3,3,3,3,3,3,3,3,2,3,4,3,4,3,3,3,3,3,3,2,5,3,2,4,3,2,2,2,2,2,2,2,2,2,3,1,3,3,3,2,5,6,5,5,5,6,5,5,5,2,40,2,1,1,1,40,3000,2000,0,616101,소비자 인터넷 제품 구입,농업고
31619,3,4,3,5,1,0,3,4,1,0,4,5,3,5,1,0,3,5,4,4,3,5,3,6,5,6,1,0,3,5,4,6,2,4,2,4,1,0,4,5,3,5,3,4,4,4,3,5,1,0,1,0,1,0,1,0,1,0,1,0,1,0,1,0,1,0,1,0,1,0,1,0,1,0,1,0,1,0,1,0,1,0,1,0,2,4,3,5,4,4,4,3,4,2,2,3,4,2,4,4,3,18,4,1,2,2,0,7,2,4,3,3,4,3,4,3,9,3,3,3,2,4,3,4,3,3,2,5,3,4,4,4,5,5,5,4,5,4,4,4,4,4,2,2,2,2,2,2,2,2,2,3,2,2,2,2,2,7,8,6,3,4,5,7,5,3,2,47,2,1,4,2,30,3000,1800,0,414601,경기 침체 일자리,문과
31620,5,6,5,6,4,4,5,6,4,5,5,6,1,0,5,4,4,5,1,0,1,0,4,5,5,6,4,5,3,3,4,5,1,0,4,5,4,5,5,6,4,5,4,5,4,5,4,4,3,3,4,3,4,5,4,5,4,5,1,0,5,6,1,0,1,0,4,5,1,0,1,0,4,4,3,5,2,4,3,5,1,0,1,0,5,6,4,5,4,4,2,4,4,2,4,4,3,4,4,3,4,6,1,2,1,2,0,3,3,3,3,3,4,4,2,3,3,3,4,3,1,4,3,3,4,3,4,4,3,3,3,5,3,3,2,4,4,5,4,3,5,4,2,2,2,2,2,2,2,2,2,2,2,2,2,3,2,7,6,3,5,5,4,7,3,2,1,56,4,1,1,1,40,7800,3000,0,140204,건축설비기술자격증 택시 경기 침체 시기,건축공학
31621,3,4,3,5,2,4,3,4,2,3,3,4,2,2,3,4,3,4,3,4,2,3,3,4,4,5,4,6,2,2,3,3,2,4,2,4,3,5,3,4,4,5,3,4,4,5,3,4,3,4,2,3,2,2,3,4,4,6,3,4,1,0,3,4,4,5,4,5,5,6,4,5,3,4,3,4,3,5,3,4,4,5,3,4,2,2,3,4,2,2,1,3,2,2,3,3,2,3,2,2,4,3,1,2,2,2,0,1,1,3,2,2,4,3,2,3,2,4,5,3,2,3,4,4,4,3,3,4,3,3,2,5,3,4,3,3,4,4,4,2,4,4,2,2,2,2,2,2,2,2,2,2,3,3,3,3,2,7,8,9,7,8,9,4,6,7,1,46,2,1,1,1,40,4000,2200,0,873201,제품 소비 것이므,기계
31622,3,3,2,3,2,3,1,0,3,3,2,3,2,2,4,4,3,3,3,3,4,4,4,4,3,3,4,3,3,3,3,3,1,0,1,0,4,4,1,0,3,3,1,0,1,0,3,3,3,2,3,2,3,3,4,3,3,2,3,3,3,2,1,0,3,3,4,3,3,2,3,3,3,4,2,3,2,2,2,2,2,2,1,0,4,5,3,3,2,2,4,3,3,4,2,4,2,2,3,2,3,13,1,4,2,2,0,7,4,3,3,3,4,4,2,3,3,3,4,3,1,5,5,4,2,3,3,1,4,3,5,4,4,4,3,3,4,4,2,2,3,3,2,1,2,2,2,1,2,2,2,3,4,3,3,3,2,8,8,7,2,2,4,7,6,3,1,31,4,1,1,1,45,3000,2600,0,415502,시각디자인 시스템 구축 설비 도입 재교육 일상생활 스트레스 풀기 위해 이용 증가,컴퓨터그래픽
31623,2,2,3,2,2,2,3,3,3,3,2,2,2,2,2,2,3,2,2,2,1,0,1,0,1,0,2,2,3,2,3,3,2,2,2,2,2,2,3,2,3,2,3,3,3,2,3,3,2,2,2,2,2,2,2,3,3,3,4,4,1,0,2,2,3,2,3,3,4,3,3,3,2,3,3,3,2,2,2,2,4,4,2,2,4,3,3,3,4,3,3,4,3,1,3,2,2,1,4,3,2,19,1,1,2,2,0,1,4,3,1,1,3,3,2,3,3,4,4,4,2,4,4,3,4,3,4,2,3,3,4,4,3,3,4,3,2,3,4,3,3,5,2,2,2,2,2,2,2,2,2,1,3,2,2,2,2,2,2,8,2,7,6,5,4,6,1,34,3,1,2,2,60,3000,2600,0,703101,변화,비파괴학
31624,4,5,3,6,2,4,4,5,1,0,3,3,1,0,4,4,4,4,1,0,2,2,4,2,4,2,4,4,3,3,3,2,3,4,3,4,2,2,4,4,4,3,2,2,3,3,3,4,1,0,1,0,1,0,1,0,1,0,1,0,4,3,2,1,3,1,1,0,1,0,1,0,4,4,1,0,1,0,1,0,1,0,1,0,4,4,2,2,3,2,4,3,4,3,4,2,2,4,3,4,3,15,2,4,2,2,0,3,5,4,3,5,5,4,5,2,4,5,4,3,3,3,4,4,3,5,4,3,3,4,5,2,4,3,3,5,4,3,3,4,4,4,2,2,2,2,2,2,2,2,2,2,3,2,3,3,2,7,9,5,6,3,4,7,5,3,1,46,6,1,1,1,40,7000,7000,0,12101,특정 일자리 제한 적임,화학공학
31625,4,5,4,5,1,0,4,5,4,5,1,0,1,0,1,0,3,4,1,0,1,0,3,4,1,0,2,3,3,4,2,2,1,0,1,0,1,0,4,5,3,3,1,0,1,0,1,0,1,0,1,0,1,0,1,0,1,0,1,0,4,6,1,0,1,0,1,0,1,0,2,2,1,0,1,0,1,0,1,0,1,0,1,0,1,0,1,0,3,3,3,3,3,3,3,3,3,3,3,3,3,11,1,2,1,1,3,5,5,3,3,3,4,4,4,3,4,3,3,3,2,4,4,3,4,3,4,3,3,3,4,3,3,3,4,4,4,3,4,3,3,3,2,2,2,2,2,2,2,2,2,3,3,3,3,3,2,4,4,7,7,6,7,4,4,7,2,32,4,1,1,1,45,3000,2600,0,32401,세무 회계 컴퓨터활용능력 출납업무 변동,경영학
31626,2,3,3,3,3,3,3,3,1,0,2,3,1,0,3,4,4,5,3,3,4,4,2,2,2,2,3,3,1,0,1,0,1,0,1,0,2,3,4,4,3,3,2,3,2,3,3,3,2,3,1,0,3,3,2,3,4,4,3,3,2,2,1,0,1,0,2,3,1,0,3,3,1,0,1,0,1,0,3,4,1,0,1,0,4,4,2,2,5,4,3,4,4,3,4,4,4,5,4,4,4,13,1,6,2,2,0,7,5,4,5,5,4,4,5,4,3,3,4,4,3,2,3,4,3,3,3,2,3,4,4,5,4,4,5,4,4,5,4,4,5,4,2,2,2,2,2,2,2,2,2,1,4,2,2,2,2,3,4,2,3,3,3,8,7,7,1,29,4,1,1,1,40,3000,2600,0,155304,환경 중요성 부각,환경공학
31627,5,6,5,5,5,6,4,6,2,2,4,4,4,6,3,3,3,3,1,0,3,3,3,3,3,5,3,3,4,6,2,3,4,5,4,4,2,2,4,4,4,5,5,5,5,5,2,3,1,0,3,3,2,2,1,0,1,0,1,0,4,4,1,0,1,0,1,0,1,0,1,0,1,0,1,0,1,0,1,0,1,0,1,0,1,0,1,0,4,2,3,4,3,4,3,4,2,3,3,2,4,13,1,4,2,2,0,5,4,4,3,3,5,4,2,4,4,4,5,4,2,3,3,4,3,2,2,3,3,3,3,2,2,4,3,5,5,4,3,4,3,5,2,2,1,1,2,2,1,1,1,2,2,3,2,2,1,8,6,3,3,3,7,3,8,7,2,48,4,1,1,1,40,7000,2400,0,24101,빅데이터 자동화 인공 지능 제품 업무 전산 화로 기계 데이터 관리,마케팅학
31628,4,5,4,5,5,4,5,6,2,4,4,5,4,5,3,6,3,4,1,0,3,4,4,5,2,4,3,4,4,5,3,5,3,4,3,3,4,4,4,5,2,4,2,4,5,5,4,4,3,4,1,0,3,4,1,0,3,4,1,0,2,3,1,0,2,2,1,0,1,0,1,0,2,4,1,0,1,0,1,0,2,3,1,0,1,0,4,6,4,3,4,2,3,4,5,4,3,3,4,2,4,15,2,5,2,2,0,5,3,3,3,3,5,3,3,3,2,4,4,4,4,3,3,5,3,2,2,1,3,5,3,5,3,3,3,3,3,4,3,3,5,4,2,2,1,2,1,2,2,2,2,1,3,2,2,3,1,7,7,5,4,3,4,3,2,5,2,28,3,1,1,1,40,2800,2400,0,29201,코로나 감영 비대 업무 증가 공무원 때문,행정학
31629,2,5,3,5,4,5,2,5,4,6,3,5,4,5,3,5,2,4,5,6,4,6,2,5,3,4,3,4,2,4,2,5,2,4,2,3,2,3,2,6,2,3,3,6,3,4,3,6,3,5,2,3,3,4,5,6,5,7,5,5,3,5,2,5,3,5,2,4,3,5,3,5,2,5,3,4,2,4,2,5,3,4,1,0,3,5,2,3,4,4,4,4,3,3,4,4,4,4,4,4,3,6,1,5,1,2,0,4,5,4,3,4,4,4,3,4,4,4,4,4,3,3,3,5,3,3,3,3,3,3,3,5,3,3,3,2,2,5,2,2,5,5,2,2,1,1,1,2,2,1,1,2,2,3,3,3,2,8,8,5,7,6,7,4,5,5,1,43,4,1,1,1,45,5000,3400,0,140201,건축구조기술사 산업기사 기술 발전 장비 도입 건설 경기 위축,토목공학
31630,3,4,2,4,3,4,2,4,3,5,3,5,2,3,2,3,2,3,2,4,2,3,2,4,3,5,2,4,2,4,2,3,2,3,2,2,3,4,2,2,3,4,2,3,2,4,2,4,2,4,2,4,3,5,3,5,3,4,2,4,3,5,3,5,3,5,3,5,3,6,3,5,4,6,3,5,3,3,2,3,2,2,2,2,2,3,2,3,3,2,3,2,2,2,2,3,2,2,3,2,3,3,1,6,2,2,0,5,5,4,4,4,3,3,3,3,4,3,3,3,2,3,3,4,3,3,2,3,4,4,3,4,5,4,4,5,4,4,4,3,4,5,2,2,1,2,2,1,1,2,2,2,4,3,3,3,1,7,6,4,5,5,5,7,6,6,2,40,4,1,1,1,40,7200,3300,0,153202,차세대 반도체 기술 장비 도입 반도체 관련 산업 증가,반도체시스템공학
31631,3,4,4,5,3,4,3,5,2,3,3,4,1,0,2,4,3,4,1,0,2,3,3,4,1,0,3,4,4,5,4,5,3,4,1,0,3,4,4,5,3,4,3,4,4,4,4,4,3,4,4,4,1,0,1,0,1,0,1,0,3,4,1,0,1,0,1,0,1,0,1,0,3,3,1,0,1,0,1,0,1,0,3,3,3,3,4,4,4,4,4,4,5,4,3,4,4,4,5,5,4,17,3,2,1,2,0,3,4,5,4,4,4,4,4,4,9,9,4,4,2,4,4,4,5,4,4,3,3,2,3,4,4,4,5,4,4,5,4,4,5,5,2,2,2,2,2,2,2,2,2,1,4,3,2,3,2,5,5,4,5,3,3,3,5,7,1,54,4,1,1,1,45,4500,3800,0,13501,사회복지사1급 자격증 복지 정책 계속,사회복지학
31632,2,3,3,3,2,3,2,1,3,3,3,2,2,1,3,4,2,1,3,4,2,1,2,2,3,4,3,3,2,3,3,2,1,0,1,0,3,3,3,2,4,5,3,2,2,2,3,3,3,2,3,3,2,3,1,0,4,5,4,4,2,3,4,3,4,3,5,4,3,3,4,4,2,1,4,4,4,5,2,1,4,5,4,6,3,2,2,1,3,4,2,2,2,1,2,3,2,3,4,2,4,6,1,2,2,2,0,5,2,2,2,2,4,3,2,2,3,3,3,3,2,4,2,2,2,2,2,4,3,4,2,4,3,4,3,3,4,4,3,3,4,3,2,2,2,2,2,2,2,2,2,1,2,3,2,2,2,7,7,8,5,6,6,3,3,5,1,41,3,1,1,1,46,3200,3000,0,702701,건설업 불황,실내건축
31633,3,4,4,6,4,4,4,4,1,0,3,4,1,0,1,0,3,2,2,2,3,3,1,0,3,4,1,0,3,4,2,3,2,4,1,0,1,0,4,5,2,3,2,2,3,4,3,4,4,4,4,4,1,0,1,0,2,4,1,0,2,3,1,0,2,2,4,3,3,2,2,2,1,0,3,4,1,0,1,0,1,0,2,2,4,5,3,3,4,4,3,4,5,3,4,2,4,3,5,4,4,17,1,1,1,1,6,6,5,4,4,4,4,4,4,4,9,9,9,4,4,4,4,4,4,3,4,4,4,4,3,4,4,3,4,4,3,3,4,4,4,2,2,2,2,2,2,2,2,2,2,2,3,3,3,3,2,4,5,5,6,6,5,4,5,6,1,45,5,2,5,1,45,0,0,9500,301106,의사 면허 안과 인턴 레지던트 과정 건강 대한 관심 증가,의학
31634,1,0,1,0,1,0,1,0,2,5,2,5,2,5,2,4,1,0,3,6,3,5,3,6,3,6,3,5,1,0,2,5,1,0,2,5,2,4,2,4,2,5,2,5,1,0,2,5,2,5,2,5,3,5,3,5,4,6,4,6,1,0,3,5,4,6,4,5,3,5,3,5,4,5,5,6,4,6,3,4,5,5,4,4,3,5,2,4,5,5,3,3,4,2,4,4,3,4,4,3,4,3,1,2,2,2,0,4,2,2,3,3,4,4,3,2,2,4,4,3,2,3,2,4,3,2,3,1,3,3,4,5,3,3,3,3,4,4,3,3,5,5,1,2,1,1,1,1,2,2,2,2,2,3,3,3,2,8,7,6,4,3,4,9,6,4,1,28,2,1,1,1,48,2800,1900,0,883101,시대 별로 트랜드 혼수 감소,이과
31635,4,5,4,5,4,5,4,5,4,5,4,5,4,4,4,5,3,3,4,4,4,5,4,5,4,4,4,5,4,5,4,5,4,5,5,6,4,5,4,4,4,5,4,5,5,6,5,6,4,5,5,6,4,4,4,5,4,5,4,4,4,4,4,4,4,5,3,4,3,4,4,5,4,5,3,3,3,3,3,4,3,4,3,3,3,3,3,3,4,3,3,3,4,3,3,3,3,3,3,3,3,6,1,2,2,2,0,1,5,3,2,2,4,3,4,4,4,4,4,4,3,3,3,4,3,4,3,3,3,4,4,3,2,2,3,3,2,3,2,2,3,4,2,2,2,2,2,2,2,1,1,2,2,2,2,2,1,3,2,3,6,3,6,7,3,3,1,55,4,1,3,1,52,7000,4000,0,16101,업무 추가 인공 지능,건축학
31636,2,2,4,4,2,2,3,4,2,2,3,4,2,3,3,3,2,2,2,3,2,3,3,4,3,4,4,4,3,5,3,4,3,4,3,4,3,4,3,4,3,4,3,4,4,4,1,0,1,0,2,4,1,0,1,0,2,3,3,4,2,3,3,4,4,5,4,4,4,4,4,5,1,0,4,5,3,4,4,4,4,4,3,4,3,4,2,3,3,3,2,3,3,2,3,2,3,3,3,3,4,3,1,4,2,2,0,5,2,3,3,3,4,3,3,4,3,4,4,4,2,4,4,5,4,2,3,3,4,4,2,5,2,3,3,3,3,4,4,3,5,4,2,2,2,2,2,2,2,2,2,2,2,3,2,2,2,8,6,8,6,7,9,6,6,5,1,48,2,1,1,1,40,5000,2800,0,821101,철강 산업 침체,기계
31637,5,6,5,6,3,5,5,6,1,0,4,5,4,5,3,4,4,5,1,0,3,5,3,4,4,5,3,5,3,4,4,5,3,5,3,4,3,4,4,6,4,5,1,0,1,0,3,5,1,0,1,0,1,0,1,0,1,0,1,0,3,3,1,0,1,0,1,0,1,0,1,0,1,0,1,0,4,5,1,0,1,0,4,4,5,5,5,4,5,2,3,4,4,4,2,2,1,2,4,4,4,13,1,2,2,2,0,2,2,2,1,1,5,3,3,2,1,3,3,3,2,4,4,5,2,4,4,4,5,5,2,4,5,4,5,4,4,5,4,4,4,4,2,2,1,2,2,2,2,2,2,3,1,2,2,2,1,8,7,6,3,6,4,3,6,5,2,58,4,1,3,2,52,2300,1500,0,29303,도입 온라인 설문,통계학
31638,3,5,3,4,3,4,1,0,5,6,5,6,4,6,4,6,4,6,5,5,5,6,1,0,1,0,1,0,1,0,1,0,1,0,1,0,1,0,1,0,2,3,4,5,1,0,1,0,1,0,1,0,5,7,4,6,4,6,4,5,1,0,5,7,5,7,4,6,4,6,4,6,1,0,1,0,1,0,1,0,1,0,1,0,2,3,1,0,5,5,3,3,3,2,3,3,3,4,5,5,3,15,2,5,1,2,0,7,5,3,3,3,4,4,4,4,4,4,4,4,4,4,4,4,3,3,4,4,4,4,4,4,3,4,3,4,5,5,3,1,3,3,2,2,2,2,2,1,2,2,2,1,2,1,1,1,1,6,3,3,3,3,4,3,7,3,1,42,4,1,1,1,40,5000,2000,0,155106,방사선동이원서면허 기술 계속 때문 재교육 계속 원자력 에너지 감소 인력 감소 예상,원자력공학
31639,3,4,2,2,1,0,1,0,2,2,2,2,1,0,4,4,1,0,2,2,1,0,1,0,3,4,3,3,1,0,2,2,1,0,2,2,1,0,1,0,4,4,3,3,1,0,1,0,1,0,1,0,4,5,4,5,4,6,4,4,1,0,3,3,2,2,3,4,3,3,3,3,3,3,3,4,4,4,3,5,4,4,3,3,3,3,1,0,2,3,2,3,3,2,4,3,2,2,2,2,2,3,1,2,1,1,2,2,2,3,2,2,4,4,3,3,2,2,4,3,2,3,4,4,4,4,4,2,4,2,2,5,3,4,4,3,4,5,4,4,4,4,2,2,2,2,2,2,2,2,2,2,2,2,2,3,2,6,6,5,5,4,5,6,6,5,1,52,2,1,1,1,40,3900,2700,0,852101,화공산업기사 실무관련 업무파악 국내 인건비 상승 생산 설비 해외 이전,문과
31640,3,3,5,5,2,3,4,5,1,0,3,4,2,2,3,3,5,6,1,0,3,5,4,3,4,4,3,5,3,4,3,4,2,3,1,0,2,3,5,7,2,3,3,4,3,4,1,0,1,0,1,0,1,0,1,0,1,0,1,0,3,6,1,0,1,0,1,0,1,0,1,0,1,0,3,6,4,6,5,4,3,3,3,3,2,4,3,4,2,5,1,3,4,2,4,5,3,5,5,5,5,17,1,4,1,2,0,3,5,4,3,2,3,4,3,3,2,3,4,3,4,2,2,4,2,2,3,2,3,3,3,4,2,4,3,5,4,5,2,1,5,4,2,2,2,2,2,2,2,2,2,2,4,1,1,3,2,6,5,6,7,6,6,8,7,8,2,31,4,1,1,1,40,3000,2400,0,301004,간호사 자격증 인구 고령화 병원 갈수록 때문,간호학
31641,3,5,3,5,2,2,2,2,1,0,3,6,1,0,4,3,2,3,1,0,3,2,3,3,2,2,3,2,1,0,3,2,1,0,1,0,3,3,1,0,2,3,1,0,5,4,4,3,2,3,1,0,1,0,1,0,1,0,1,0,1,0,1,0,1,0,1,0,1,0,1,0,1,0,1,0,1,0,1,0,1,0,1,0,3,2,2,2,3,5,4,4,5,4,4,5,3,4,4,5,5,15,1,1,1,2,0,2,5,5,4,4,5,4,4,3,4,4,3,3,1,2,4,4,2,3,3,5,4,4,4,3,4,3,2,2,4,3,4,3,3,4,2,2,2,2,2,2,2,2,2,1,3,3,2,2,2,7,8,7,4,4,3,7,8,6,1,47,4,2,5,1,45,0,0,6500,221301,법무사 민원 행정소송 증가 일자리 증가,법학
31642,1,0,2,2,1,0,2,3,1,0,3,3,1,0,1,0,1,0,2,4,3,5,2,2,3,2,3,4,2,1,3,3,1,0,2,2,2,1,1,0,3,5,4,4,3,3,2,5,5,4,4,3,4,4,4,3,5,4,3,2,2,1,3,5,5,4,4,3,4,6,5,5,4,4,4,6,2,3,3,3,2,2,2,1,2,1,3,1,2,3,4,1,2,2,1,2,3,2,1,1,3,3,1,2,2,2,0,1,1,2,3,2,3,4,4,3,2,3,5,4,4,2,3,4,5,4,3,2,3,4,4,4,3,3,3,4,4,5,4,3,4,4,2,2,2,2,2,2,2,2,2,2,1,2,3,3,2,8,8,6,3,3,4,3,4,7,1,30,2,1,1,1,48,2800,2100,0,852201,증가 업체 해외진출,문과
31643,4,5,3,4,4,5,4,5,4,6,4,6,4,5,5,6,4,5,4,5,2,4,3,5,4,5,5,6,2,3,3,4,3,3,3,4,3,3,3,3,4,5,4,5,5,6,3,3,3,3,4,5,5,6,5,6,5,6,4,6,4,5,5,6,4,5,5,6,5,7,5,6,4,6,4,5,4,5,5,6,4,5,4,5,3,5,4,5,4,5,5,4,4,5,3,2,4,4,3,2,4,3,1,2,1,1,2,2,4,4,4,2,4,4,2,3,2,2,3,3,4,3,3,2,2,3,3,4,2,2,3,4,4,2,2,3,3,2,4,2,2,2,2,2,1,1,1,1,2,2,1,2,2,3,3,3,1,9,3,7,2,8,4,3,8,5,1,42,4,2,5,1,48,0,0,4200,821201,압연기능사 게이지 출력물등을 모니터 하고 검사를 익힌다 기계 장비 발달 일등 기피,기계공학
31644,5,5,5,6,5,7,5,6,5,6,5,7,5,6,4,7,4,6,5,6,5,7,5,6,5,6,4,6,5,7,5,6,5,6,5,6,5,5,5,6,5,7,5,5,4,6,5,6,5,6,4,6,5,6,4,5,4,6,4,4,1,0,3,5,1,0,2,2,5,4,1,0,1,0,1,0,1,0,1,0,1,0,1,0,3,3,1,0,3,3,3,4,3,4,3,3,3,3,3,3,3,15,2,5,2,2,0,2,5,3,4,3,3,3,4,3,3,3,3,4,3,3,4,3,3,3,3,3,3,3,4,3,4,3,3,3,3,3,3,3,3,4,2,2,2,2,2,1,2,2,2,2,3,3,3,3,2,2,3,5,3,6,5,2,5,4,2,47,4,1,1,1,40,5000,3000,0,122105,첨단 생명공학 기술 개발 근무 한정,산림환경
31645,4,5,4,5,4,4,4,6,3,3,4,4,4,4,3,3,4,4,3,4,4,5,3,3,4,4,3,3,3,4,4,4,4,4,2,2,4,5,4,4,4,4,4,4,3,3,2,2,3,3,3,3,2,2,2,2,2,2,2,2,2,2,2,2,2,2,2,2,2,2,2,2,2,2,2,2,2,2,2,2,2,2,2,2,4,4,4,4,4,3,4,3,3,3,4,3,4,3,3,3,4,16,5,2,1,1,1,2,4,4,5,4,3,3,4,3,3,4,4,4,4,3,3,4,4,5,4,5,4,4,4,4,5,4,5,4,5,4,4,4,4,4,2,2,2,2,2,2,2,2,2,1,2,2,2,3,2,8,6,7,3,2,4,7,6,4,2,25,3,1,1,1,40,2500,2200,0,232101,보육교사 직무교육 출산 저하,유아교육학
31646,4,5,5,5,5,5,5,5,4,5,4,6,4,5,4,4,4,6,3,5,4,5,5,5,4,5,4,4,4,4,4,5,3,3,3,4,4,6,4,5,4,6,4,4,4,4,3,5,3,3,3,4,4,4,4,4,3,3,3,4,2,3,3,4,3,4,4,4,3,4,2,3,4,5,3,4,3,3,3,4,2,4,2,3,4,4,3,3,3,2,3,4,4,3,4,4,3,4,4,4,4,15,2,5,1,2,0,7,5,3,4,3,4,5,4,3,3,4,4,4,2,4,3,4,3,4,2,2,4,4,4,4,3,3,4,2,3,4,3,3,5,5,2,2,2,2,2,2,2,2,2,1,3,3,3,3,2,4,4,5,6,5,5,4,5,5,1,29,5,1,1,1,50,3400,2800,0,122106,축산산업기사 축산기사 상태 유지,축산학
31647,2,2,4,5,1,0,3,4,2,3,1,0,1,0,2,2,3,3,2,2,1,0,2,3,3,4,2,3,3,4,3,4,1,0,2,2,3,4,4,5,3,4,3,4,3,3,2,2,2,3,3,4,3,3,1,0,1,0,1,0,2,2,2,3,2,3,2,2,2,3,3,4,3,3,1,0,2,2,3,3,1,0,1,0,2,2,2,2,4,3,3,2,3,4,3,4,3,4,3,2,4,18,1,1,2,2,0,4,2,2,3,4,4,4,3,3,4,4,4,4,2,5,4,4,3,2,3,4,3,3,3,4,3,3,3,4,4,3,3,2,4,4,2,2,2,2,2,2,2,2,2,2,2,2,2,3,2,6,7,6,4,5,4,7,7,6,2,43,3,1,1,1,48,2800,2300,0,524001,기계화 예상,연기
31648,4,5,4,6,4,5,5,6,3,4,5,5,1,0,4,5,3,3,1,0,1,0,5,6,4,5,5,6,4,5,4,5,3,4,1,0,4,4,4,5,3,4,5,6,4,5,1,0,1,0,5,6,2,2,2,3,2,3,1,0,4,4,1,0,1,0,1,0,1,0,1,0,1,0,1,0,1,0,1,0,1,0,1,0,4,6,4,4,3,5,4,4,5,4,4,2,4,4,5,5,4,17,1,2,1,1,6,6,5,5,5,5,5,5,4,4,3,4,5,4,2,4,5,3,4,3,3,4,4,3,4,4,4,5,4,4,5,4,5,3,4,3,2,2,2,2,2,2,2,2,2,1,3,3,3,3,1,1,1,9,1,1,1,1,9,8,2,43,6,1,1,1,45,8500,3000,0,301108,소아전문의 의사면허증 레지던트 인류 직업,의학
31649,4,5,3,4,4,4,4,5,3,4,4,5,4,5,3,4,4,5,4,5,3,4,4,4,4,5,4,4,3,4,3,4,3,4,4,4,3,4,4,5,3,4,3,4,4,5,3,3,3,4,4,5,2,2,2,2,2,2,1,0,4,5,3,4,3,4,3,4,2,2,2,2,3,4,3,3,3,4,3,3,3,4,4,4,3,3,3,4,3,3,4,4,4,3,3,4,3,3,4,3,4,7,1,1,2,2,0,7,3,4,4,3,4,4,4,4,5,4,3,4,3,4,4,3,3,4,4,3,3,4,2,4,4,3,3,3,4,4,4,3,3,3,2,2,2,2,2,2,2,2,2,3,2,2,2,2,1,6,7,4,4,5,6,7,4,5,1,47,3,2,5,1,40,0,0,4000,615401,경기 하락,경제학
31650,5,6,3,5,4,5,3,5,4,6,4,5,4,4,2,6,4,5,2,4,4,4,3,4,4,3,3,2,1,0,1,0,1,0,1,0,3,3,1,0,4,4,4,4,3,4,1,0,3,2,1,0,4,5,5,6,3,3,2,3,4,5,3,5,3,4,3,3,5,6,4,5,1,0,2,2,1,0,2,3,1,0,1,0,3,4,3,4,4,4,3,4,4,4,4,2,3,4,3,4,4,3,1,2,1,2,0,5,5,3,3,3,4,5,2,4,4,4,4,4,3,3,3,4,4,3,4,4,3,3,3,3,3,4,4,4,3,4,4,3,4,4,2,2,2,2,2,2,2,2,2,1,3,3,3,3,2,5,5,5,5,5,5,5,5,5,2,29,4,1,1,1,40,4000,3800,0,153202,전자산업기사 반도체설비산업기사,세라믹공학
31651,3,3,3,1,2,3,2,3,3,1,2,2,1,0,3,3,2,1,4,5,2,1,1,0,3,4,4,3,3,4,2,2,1,0,1,0,1,0,3,2,2,3,3,1,2,3,2,2,3,2,1,0,1,0,1,0,2,1,2,1,3,1,1,0,3,3,2,1,2,1,3,2,1,0,3,3,3,2,2,3,3,6,2,4,3,4,3,1,3,4,3,3,2,1,3,3,3,3,2,3,4,19,1,2,2,2,0,2,2,2,3,3,3,4,4,3,4,3,4,4,3,4,4,3,2,2,3,4,4,3,3,2,3,4,4,3,3,3,3,3,4,4,2,2,2,2,2,2,2,2,2,1,5,3,3,3,2,7,6,6,4,4,5,7,7,5,1,35,2,1,3,2,40,3500,2800,0,624101,택배 물량 증가,인문계
31652,4,4,3,4,3,3,2,3,5,4,3,4,2,3,3,4,3,5,2,4,3,4,3,4,4,4,2,4,2,4,2,3,1,0,1,0,3,3,2,4,3,3,4,4,3,4,5,4,3,3,2,4,2,4,2,4,2,3,2,4,5,4,1,0,2,5,1,0,1,0,1,0,2,4,1,0,2,4,2,4,2,3,1,0,3,5,1,0,4,4,3,3,4,4,4,2,3,3,4,4,4,11,1,2,1,2,0,3,4,3,3,3,4,3,4,3,3,4,4,3,3,3,3,4,1,1,3,1,3,3,5,5,1,5,1,1,5,4,3,3,4,5,2,2,2,2,2,2,2,2,2,1,3,2,2,2,1,2,1,1,3,2,7,2,2,4,2,27,3,1,1,1,46,2900,2400,0,27101,전산회계운용사 회사 회계 중요성 증가 증가,회계학
31653,1,0,1,0,1,0,1,0,1,0,1,0,3,4,1,0,1,0,1,0,1,0,1,0,2,2,1,0,1,0,1,0,1,0,1,0,1,0,1,0,3,4,1,0,3,4,1,0,1,0,1,0,1,0,3,4,3,4,4,5,1,0,2,3,2,3,2,2,3,4,2,4,3,4,4,5,4,5,4,5,4,5,4,5,4,5,1,0,4,4,3,4,3,4,3,3,3,4,3,3,3,3,1,3,2,2,0,7,2,3,4,3,5,4,4,3,4,4,4,4,4,3,3,2,3,2,3,3,4,4,4,2,3,3,4,4,5,3,2,3,3,4,2,2,2,2,2,2,2,2,2,2,3,3,3,3,2,6,6,5,6,7,7,8,8,8,2,52,2,1,1,1,42,2600,2000,0,883201,가구 수요 증가,음악
31654,4,5,4,5,2,3,1,0,3,4,3,4,2,3,2,3,2,3,4,6,3,4,3,4,4,5,4,5,3,4,4,5,3,4,2,2,4,5,4,6,4,5,4,5,4,5,2,2,4,5,4,5,4,5,4,6,4,6,4,5,3,4,4,5,4,5,4,5,4,6,4,6,3,4,4,5,4,5,4,6,4,5,4,5,3,4,3,4,2,3,3,3,3,2,3,4,3,3,3,3,3,14,1,2,1,2,0,3,3,3,3,3,2,3,2,3,3,4,4,4,3,3,3,3,4,4,4,2,3,2,4,4,4,4,3,3,4,4,4,4,4,3,2,2,2,2,2,2,2,2,2,1,3,2,2,2,2,8,2,7,3,3,7,8,7,7,1,41,3,1,1,1,40,4200,2200,0,811201,승강기기능자격증 고층 건물,기계
31655,3,4,3,4,2,2,2,2,3,3,3,4,2,2,2,2,3,3,2,2,3,3,2,3,3,3,3,3,2,2,2,2,1,0,2,3,2,2,3,3,3,3,3,4,3,3,2,2,2,2,3,3,3,3,3,3,3,3,3,4,2,2,3,3,2,2,3,3,2,2,2,3,3,4,2,2,1,0,2,3,1,0,1,0,2,3,1,0,4,3,4,3,4,4,3,4,3,4,4,4,3,4,1,2,1,1,3,3,5,3,4,4,4,4,4,4,4,3,4,4,3,4,4,3,3,4,4,3,4,3,3,3,3,4,4,4,3,3,4,4,4,4,2,2,2,1,2,2,2,2,2,3,3,2,2,2,1,5,5,4,5,6,6,5,5,6,1,39,4,1,1,1,50,4000,3000,0,153101,전기기계산기능사 실무 업무 상품 다양 변화,전자공학
31656,2,4,4,4,1,0,2,2,3,4,1,0,5,6,4,5,3,4,4,5,4,4,3,3,4,5,3,5,5,6,3,3,2,3,2,2,1,0,3,5,4,4,4,4,4,5,4,5,2,2,2,3,3,5,4,4,4,4,4,4,3,4,4,6,4,4,4,4,3,5,3,3,4,4,3,5,3,3,2,3,2,2,2,2,4,4,1,0,4,4,4,2,5,3,3,4,3,3,4,4,3,3,1,2,1,2,0,2,2,4,4,3,2,4,3,2,3,4,4,4,3,2,3,3,3,2,3,2,2,4,2,4,3,3,4,4,3,4,4,3,4,2,2,2,2,2,2,2,2,2,2,3,2,2,2,3,1,4,3,4,5,7,6,6,5,5,2,29,3,1,3,2,40,3000,3000,0,862101,양장기능사 세계 둔화 전염병 영향,의상디자인
31657,4,7,5,7,5,6,5,7,4,7,5,7,5,4,5,6,5,6,5,4,5,6,5,6,5,7,5,7,5,7,4,7,5,7,5,6,5,6,5,7,5,7,5,6,5,7,5,7,5,7,5,7,5,4,4,6,5,4,5,4,5,7,5,6,5,6,5,2,2,3,2,3,5,7,4,3,5,2,5,2,5,2,2,2,5,7,5,7,4,5,5,5,5,5,4,4,5,5,5,5,5,13,1,2,1,1,3,2,5,4,4,4,4,5,5,5,4,5,5,5,4,4,4,4,4,5,4,4,4,4,4,5,5,5,5,5,5,5,5,5,5,2,2,2,2,2,2,2,2,2,2,1,1,3,2,2,1,7,7,6,7,7,7,7,6,7,1,51,4,1,1,1,40,6000,4500,0,23201,세무사 실무교육 자영 업자 폐업,회계학
31658,2,3,2,4,2,4,3,5,1,0,2,3,2,3,2,3,3,4,2,3,2,3,1,0,2,3,3,4,2,3,2,3,2,3,2,3,2,3,3,5,3,4,2,3,2,3,3,5,2,3,2,3,2,3,2,3,2,3,2,4,3,5,3,5,2,4,2,4,2,4,2,3,2,3,2,3,2,3,2,4,2,4,2,3,2,4,2,4,4,3,4,4,3,4,4,4,4,2,3,3,4,7,1,1,2,2,0,1,1,4,2,2,5,4,3,4,9,9,9,4,2,4,4,4,4,4,3,3,4,4,4,4,4,4,5,4,4,4,4,3,4,5,2,2,2,2,2,2,2,2,2,1,3,2,2,2,1,6,4,7,6,4,5,8,4,7,2,62,1,2,5,1,40,0,0,6000,871201,상태 유지,0
31659,4,5,4,4,4,4,4,5,2,4,3,3,1,0,2,3,3,4,1,0,3,3,4,5,4,3,4,4,5,6,5,6,5,6,4,6,3,5,5,6,5,5,4,6,4,3,4,4,1,0,4,4,1,0,1,0,1,0,1,0,3,3,1,0,1,0,1,0,1,0,1,0,3,3,1,0,1,0,1,0,2,4,2,3,3,5,3,3,4,4,1,3,4,4,3,4,3,3,4,3,5,11,1,2,2,2,0,6,5,4,4,4,4,4,3,3,4,3,4,4,2,4,3,4,3,2,2,3,3,5,2,4,3,3,5,2,2,4,3,3,5,4,2,2,2,2,2,2,2,2,2,2,2,3,2,2,1,8,9,3,2,3,2,2,6,8,2,46,4,1,1,1,40,6600,4800,0,12402,인터넷 통한 보험 등장,경제학
31660,3,3,3,5,2,2,3,5,2,2,1,0,1,0,2,1,3,3,1,0,1,0,2,3,3,4,3,3,3,5,3,4,3,3,3,4,2,2,3,3,3,4,3,3,3,4,3,3,2,3,3,4,1,0,1,0,1,0,1,0,1,0,2,3,1,0,1,0,1,0,1,0,1,0,2,1,1,0,2,2,1,0,2,3,3,3,2,2,2,2,3,3,2,2,3,3,2,3,3,2,3,7,1,3,2,2,0,7,4,4,2,2,3,4,2,3,2,3,4,3,3,2,2,3,3,2,4,3,3,3,3,3,2,2,3,2,3,3,2,3,3,3,2,2,2,2,2,2,2,2,2,2,3,2,2,3,2,8,6,4,3,3,5,4,7,7,2,33,3,1,1,1,52,2800,2300,0,615101,불황,항공
31661,3,4,3,4,1,0,1,0,3,4,3,4,3,4,1,0,3,4,3,4,3,4,1,0,3,4,3,4,1,0,3,4,3,4,1,0,1,0,3,4,3,4,3,4,3,4,1,0,1,0,1,0,3,4,3,4,3,4,4,5,3,4,3,4,3,4,3,4,3,4,4,5,1,0,3,4,3,4,3,4,2,3,2,3,3,4,3,4,4,3,3,3,3,2,4,3,3,4,3,4,3,3,1,1,1,2,0,3,1,3,3,2,4,4,4,4,4,4,4,4,2,3,3,4,4,3,2,2,4,2,4,3,4,3,3,3,4,5,4,3,3,4,2,2,2,2,2,2,2,2,2,2,2,2,2,3,2,2,8,2,7,3,7,2,8,3,1,48,2,1,1,1,48,3200,2500,0,822101,판금기능사,상고
31662,4,5,4,5,4,4,5,4,3,3,3,6,3,4,3,4,3,3,3,4,4,4,4,3,2,2,4,3,4,3,2,3,2,2,3,1,4,4,5,7,3,4,3,4,3,5,1,0,2,3,1,0,3,3,1,0,1,0,1,0,4,4,2,3,1,0,1,0,1,0,1,0,3,4,1,0,1,0,1,0,1,0,1,0,3,3,3,2,4,4,3,3,3,4,3,2,3,3,4,3,4,15,2,4,1,1,1,4,4,4,3,4,4,5,3,4,3,5,5,4,3,5,2,3,5,4,3,4,4,3,4,2,4,3,2,3,4,4,4,2,5,5,2,2,2,2,2,2,2,2,2,1,4,3,2,3,1,3,3,4,7,5,4,3,3,6,1,46,4,1,1,1,40,4600,2500,0,231401,직업상담사 2급 중장년 취업 프로그램 교육 중장 년층 일자리,법학
31663,2,3,2,3,2,2,1,0,1,0,2,2,2,2,2,3,3,3,4,5,4,4,3,4,2,5,4,4,3,3,5,4,2,3,3,3,2,3,2,3,3,4,5,4,5,3,1,0,1,0,1,0,2,2,1,0,2,2,1,0,1,0,1,0,3,2,3,2,1,0,3,2,2,4,5,2,5,5,5,5,5,6,4,6,5,5,5,5,4,4,2,4,4,1,1,4,2,3,4,4,1,18,1,2,2,2,0,6,2,3,2,2,1,3,2,3,3,3,3,3,3,1,2,3,3,2,3,3,2,3,3,4,4,4,4,3,3,5,4,2,4,5,2,2,2,2,2,2,2,2,2,1,3,2,2,2,1,8,8,5,4,4,4,7,6,6,1,30,2,1,1,1,45,4500,3000,0,420201,기계 대체 불가,이과
31664,4,5,4,4,4,4,5,5,3,6,3,6,5,5,4,5,2,2,4,4,3,4,5,5,4,5,3,5,4,4,4,5,4,5,3,5,4,5,5,5,4,5,4,5,4,4,3,4,3,6,4,2,1,0,2,2,2,2,2,2,1,0,2,2,2,2,1,0,1,0,2,3,2,2,4,4,3,4,4,5,4,4,4,5,3,4,4,4,3,4,4,3,4,4,4,4,4,4,3,3,4,14,1,2,1,2,0,2,5,4,3,3,3,3,4,4,3,4,4,3,3,4,4,3,3,4,4,4,3,3,3,3,4,4,3,3,3,4,4,4,3,3,2,2,2,2,2,2,2,2,2,2,3,3,3,3,2,7,4,4,5,5,5,5,4,6,1,43,4,1,1,1,40,5000,3500,0,22103,경영지도사 연봉,경영학
31665,3,5,3,4,3,4,1,0,3,5,3,5,1,0,3,4,3,3,1,0,3,4,3,5,1,0,1,0,1,0,1,0,1,0,1,0,1,0,1,0,3,4,1,0,1,0,1,0,1,0,3,5,3,4,1,0,2,3,2,3,1,0,3,4,3,4,2,3,4,6,3,4,1,0,1,0,1,0,1,0,1,0,1,0,1,0,1,0,3,3,3,3,3,3,2,3,3,2,3,2,3,3,1,2,1,2,0,7,4,3,3,3,4,4,4,3,3,3,3,3,2,4,4,4,3,4,4,4,4,3,3,4,3,3,3,3,4,5,3,3,4,3,2,2,2,2,2,2,2,2,2,1,3,3,3,3,2,6,7,4,3,3,3,7,3,3,1,35,4,1,1,1,40,3500,3000,0,158401,안전관리자격증 기계 대체,환경공학
31666,4,5,3,4,3,3,3,4,1,0,3,4,1,0,4,5,2,2,3,4,4,5,2,3,3,4,2,2,3,3,3,3,2,2,3,4,2,2,4,5,4,4,4,5,3,4,1,0,1,0,2,2,1,0,1,0,1,0,1,0,3,3,1,0,1,0,1,0,1,0,1,0,1,0,1,0,1,0,1,0,1,0,1,0,3,4,1,0,4,4,5,3,4,4,4,3,3,4,4,4,4,15,2,5,2,2,0,4,5,4,4,4,5,4,4,4,4,4,4,4,2,4,4,4,4,3,4,4,5,4,3,4,4,5,4,4,4,4,3,4,4,3,2,2,2,1,2,2,2,2,2,1,4,3,3,3,2,7,6,5,6,5,5,6,7,7,1,40,4,1,1,1,40,3600,2600,0,25402,법률 관련 업무 세분 분야 논쟁 대두,행정학
31667,3,4,3,4,3,3,2,3,2,3,3,4,3,4,2,3,2,3,3,3,2,3,2,3,3,3,3,4,3,4,2,3,2,3,2,3,3,4,3,3,3,3,3,4,2,2,2,1,3,3,3,4,3,4,2,1,3,4,3,4,2,3,2,3,3,4,3,3,2,3,2,3,2,3,2,3,2,3,2,3,2,3,3,3,3,4,3,4,4,4,4,4,3,3,2,2,2,3,3,3,3,3,1,2,1,2,0,6,5,3,3,2,3,3,2,4,4,3,4,4,3,3,3,4,3,3,4,3,3,3,3,3,4,3,4,4,4,4,3,3,4,4,2,2,2,2,2,2,2,2,2,2,2,2,3,2,2,5,4,5,3,3,4,6,6,4,1,44,4,1,1,1,50,4000,3200,0,835101,전기산업기사 로봇 시대 예상,기계
31668,2,3,3,4,2,2,3,4,3,4,4,4,1,0,4,4,3,4,1,0,4,4,4,4,4,4,1,0,3,3,3,4,1,0,2,3,1,0,3,4,2,3,3,4,2,3,1,0,1,0,1,0,3,3,1,0,3,4,3,4,2,3,2,2,3,4,5,5,4,4,4,4,1,0,3,5,4,4,5,4,3,4,3,4,3,4,4,5,4,3,2,2,2,2,1,4,2,2,1,3,2,8,1,4,1,2,0,3,2,3,3,2,4,2,1,3,2,2,3,3,3,3,2,3,3,2,2,3,3,4,2,4,3,3,3,3,4,4,3,2,4,4,2,2,2,2,2,2,2,2,2,3,3,3,3,3,2,9,5,8,3,2,4,5,5,2,1,27,2,1,2,1,40,3800,3200,0,621203,해기사 직업 특성 변화,기관
31669,2,4,2,5,2,5,2,4,3,5,2,2,4,5,2,4,4,4,2,4,3,3,2,4,2,3,3,2,1,0,2,3,2,4,2,4,3,2,1,0,3,4,4,4,4,3,3,2,3,3,3,5,4,6,2,2,2,4,3,3,2,2,4,5,4,5,2,5,4,5,3,4,3,3,4,5,4,4,2,4,4,4,2,3,3,5,2,5,4,3,2,3,2,3,3,3,2,3,3,2,4,3,1,4,2,2,0,6,5,4,4,3,4,3,3,3,3,3,3,3,4,2,2,4,3,2,3,4,2,5,2,4,2,4,3,4,5,5,4,3,5,3,2,1,2,2,2,2,2,2,2,1,3,2,2,2,1,5,7,8,7,7,5,5,3,2,1,42,4,1,1,1,48,4500,3200,0,16301,컴퓨터 프로그램 도입 원자재 절약 로스 감소 생산 능율 향상 소규모 사업 변화,기계공학
31670,3,5,3,5,3,4,4,4,3,5,4,5,3,4,4,5,4,5,4,5,3,4,4,6,3,5,4,5,4,4,3,5,3,5,3,4,4,5,4,6,4,5,4,5,4,6,4,5,4,5,4,4,4,5,3,4,2,3,1,0,4,5,3,4,4,5,3,3,3,4,3,3,3,5,3,4,3,5,4,4,4,5,4,5,4,5,3,5,4,4,3,4,4,4,3,4,3,3,4,2,3,9,1,2,2,2,0,6,2,3,2,2,2,3,3,4,3,3,4,4,4,2,2,4,3,2,2,2,4,5,4,4,3,3,2,3,3,4,3,2,4,4,2,2,2,1,1,2,1,2,2,1,2,1,2,2,1,7,7,6,5,4,4,3,4,4,2,39,3,1,1,1,57,3300,2600,0,14201,방역 준수 청결 유지 코로나 여파 폐업 사례 증가,호텔외식조리
31671,5,5,5,5,5,6,5,6,5,5,5,6,5,6,5,5,5,5,5,5,5,5,5,5,5,5,5,3,5,5,5,5,5,7,5,5,5,5,5,6,5,5,5,6,5,4,5,4,5,3,5,5,5,5,5,6,5,6,5,5,5,5,5,6,5,5,5,6,5,4,5,6,5,6,5,5,5,6,5,5,5,4,5,4,5,4,5,4,4,3,5,4,4,4,5,3,4,5,3,4,5,3,1,5,2,2,0,4,5,4,3,3,5,5,3,4,3,4,4,4,1,5,4,4,5,4,5,1,5,2,2,5,3,5,4,4,5,5,5,3,5,4,1,1,2,1,2,1,1,2,2,2,4,2,2,2,1,1,4,1,1,1,1,9,9,9,1,45,4,2,5,1,60,0,0,10000,411301,컴퓨터 프로그램 이용 아이디어 지식 활용 업무 대체 혁신 서비스 인력 수요 인력 수요 효과 배경,경영학
31672,3,3,4,4,2,2,3,2,3,3,4,5,3,3,2,2,3,2,3,3,3,3,3,4,2,2,2,3,4,4,2,3,3,3,2,2,4,5,4,5,3,3,3,4,3,3,2,2,2,2,2,2,3,4,4,5,4,5,4,4,3,3,3,3,3,3,3,5,4,5,3,4,2,3,3,4,2,3,4,5,4,5,3,3,4,5,3,4,2,4,3,3,4,2,2,4,3,3,3,3,2,19,1,1,1,1,1,5,2,3,2,2,3,3,2,4,3,4,4,4,4,2,2,3,2,2,3,4,3,4,2,4,3,3,3,3,2,3,2,3,3,4,2,2,2,2,2,2,2,2,2,1,4,3,3,3,2,8,8,7,2,3,5,7,3,6,2,23,2,1,3,2,48,2600,2300,0,511501,애견미용사 동물 다루는 반려견 가구,문과
31673,5,5,3,5,4,5,3,4,3,3,3,4,3,4,3,4,5,5,4,5,4,5,3,4,4,4,5,5,5,5,3,5,4,4,3,4,4,4,4,5,5,4,4,5,5,5,4,5,4,4,5,5,1,0,1,0,1,0,1,0,1,0,3,4,1,0,1,0,1,0,1,0,3,4,1,0,1,0,1,0,1,0,2,2,3,4,3,3,5,4,2,4,4,4,2,4,4,4,5,3,5,16,5,6,2,2,0,6,6,5,5,4,5,5,4,4,4,9,4,4,1,5,4,4,5,4,2,3,5,4,3,3,5,4,4,3,2,5,4,3,3,3,2,2,2,2,2,2,2,2,2,1,2,3,3,3,2,5,5,5,8,7,4,3,6,7,1,52,6,1,1,1,40,8500,7200,0,13204,학생 수의 감소 학교 축소 예상,전례학
31674,3,3,4,3,2,2,4,4,2,2,1,0,3,2,3,2,4,3,3,2,1,0,2,2,3,4,2,2,4,3,2,1,3,3,1,0,3,2,4,4,2,1,3,3,2,2,3,3,3,3,1,0,1,0,1,0,2,2,1,0,1,0,2,2,1,0,1,0,2,1,2,2,1,0,3,2,2,2,2,2,3,2,2,2,3,3,2,2,3,3,4,3,2,2,3,2,3,3,3,2,3,7,4,1,2,2,0,1,2,2,3,3,4,3,4,4,3,4,4,3,2,3,2,4,3,3,4,1,3,2,4,4,3,3,4,5,3,4,4,2,4,5,2,2,2,2,2,2,2,2,2,2,2,2,3,3,1,7,7,8,5,6,7,7,8,6,1,57,4,2,6,1,55,0,0,2300,615501,굳이 과일 온라인 구매 가능 쿠팡 로켓 프레,경영학
31675,2,3,3,3,1,0,3,3,3,4,5,6,1,0,3,4,3,4,3,4,3,4,2,2,4,5,3,4,2,2,3,3,2,3,3,3,2,2,1,0,4,5,4,5,3,3,1,0,2,2,2,3,5,6,2,3,2,3,2,2,2,2,2,2,2,2,2,2,2,2,2,2,4,6,3,3,3,3,2,3,3,4,3,3,3,4,4,5,5,4,4,4,4,4,5,3,4,4,4,4,4,3,1,4,1,2,0,7,5,4,5,4,4,4,3,4,3,3,4,3,3,4,4,4,4,4,3,3,3,4,3,5,5,4,5,4,5,5,4,4,5,5,2,2,2,2,2,2,2,2,2,1,4,3,3,3,2,3,2,3,2,3,2,6,9,9,1,31,4,1,1,1,45,3300,2800,0,155306,토양환경기사 환경문제 중요시 정부 환경 대한 예산 분포 계속,환경공학
31676,1,0,1,0,1,0,1,0,1,0,1,0,1,0,1,0,1,0,1,0,1,0,1,0,1,0,1,0,1,0,1,0,1,0,1,0,1,0,1,0,1,0,1,0,1,0,1,0,1,0,1,0,1,0,1,0,3,4,1,0,1,0,1,0,2,2,1,0,4,5,1,0,1,0,3,5,4,5,1,0,3,4,4,5,1,0,1,0,2,2,3,3,4,2,4,3,3,2,3,2,3,3,1,2,1,2,0,2,4,3,2,2,3,3,3,3,3,4,4,3,3,3,2,3,4,4,2,2,3,4,2,4,3,4,4,4,4,4,5,4,4,4,2,2,2,2,2,2,2,2,2,1,1,2,2,2,2,6,5,5,4,5,5,5,5,5,2,30,3,1,3,2,40,2400,2400,0,873401,식품가공기능사 식품 가공 공장 중국 동남아 이전,식품영양학
31677,2,2,3,3,2,3,3,3,1,0,2,3,1,0,3,4,3,3,3,3,3,3,2,3,3,3,2,3,1,0,1,0,1,0,1,0,2,2,2,3,3,3,3,4,2,2,1,0,2,2,3,3,2,3,2,3,3,3,2,3,2,3,3,3,3,3,3,3,2,2,2,3,2,2,1,0,1,0,3,3,1,0,1,0,3,3,2,2,3,3,5,4,4,3,4,4,3,4,4,4,3,13,1,6,2,2,0,7,5,4,5,5,5,5,4,3,4,4,4,3,2,3,3,4,3,3,3,4,3,4,3,5,4,5,4,5,4,4,5,4,4,4,2,2,2,2,2,2,2,2,2,1,3,2,1,3,1,2,4,5,6,6,4,2,4,5,1,30,4,1,1,1,40,2900,2700,0,155304,변화,환경공학
31678,3,3,2,2,3,3,3,3,1,0,2,3,1,0,5,6,4,3,4,6,1,0,1,0,4,3,1,0,1,0,2,2,1,0,1,0,4,4,1,0,2,3,1,0,3,4,1,0,2,3,1,0,1,0,1,0,5,7,2,3,1,0,4,4,5,7,2,3,2,2,3,3,1,0,4,6,4,6,1,0,4,5,4,5,4,3,2,2,2,3,1,3,2,2,2,4,1,2,2,4,1,6,4,2,2,2,0,3,1,3,3,2,3,3,2,2,2,2,3,2,3,4,2,4,4,3,4,4,2,3,2,5,4,4,4,4,3,5,4,4,5,4,2,2,2,2,2,2,2,2,2,1,2,3,3,3,2,9,8,6,8,9,9,7,2,3,1,34,2,1,4,2,40,3000,2600,0,702601,선호 직업,상고
31679,1,0,1,0,1,0,1,0,1,0,1,0,1,0,2,3,2,2,1,0,1,0,1,0,2,2,1,0,1,0,1,0,1,0,1,0,2,1,1,0,2,2,1,0,1,0,1,0,1,0,1,0,1,0,2,2,2,2,3,4,1,0,1,0,1,0,3,4,3,4,3,4,1,0,2,2,2,2,1,0,3,3,3,4,2,2,1,0,2,2,2,3,3,2,3,3,2,2,2,2,2,3,1,2,2,2,0,7,4,3,2,2,3,2,2,3,9,9,9,3,3,3,3,3,4,3,4,2,4,3,4,4,3,3,2,2,2,3,2,2,4,4,2,2,2,2,2,2,2,2,2,1,3,2,2,2,2,7,8,6,3,4,5,3,3,5,1,54,3,1,3,2,48,3612,3000,0,811101,공란,기계공학
31680,2,4,4,4,2,3,3,5,1,0,4,3,1,0,3,4,2,3,1,0,3,3,2,3,3,5,4,4,2,3,1,0,1,0,1,0,2,4,4,4,4,4,3,3,4,4,3,4,4,4,1,0,2,3,1,0,4,6,1,0,1,0,4,3,3,3,4,4,5,7,4,3,3,3,3,5,3,3,1,0,2,2,3,5,4,4,3,4,2,2,4,1,3,2,4,2,2,2,2,2,4,19,4,1,2,2,0,3,1,3,3,3,4,3,3,3,9,9,9,3,2,4,3,4,4,3,2,2,4,4,3,5,4,3,3,4,2,5,4,4,5,5,2,2,2,2,2,2,2,2,2,1,3,2,2,2,2,9,7,9,8,8,9,9,4,2,1,46,4,2,6,1,48,0,0,4500,812902,자전거 사람 계속 유지 것이므,체육학
31681,4,4,4,4,5,5,2,3,4,5,5,5,4,5,4,4,3,4,5,5,4,5,4,5,3,4,4,5,2,3,3,5,3,5,3,5,3,5,2,2,4,4,4,4,2,3,3,4,2,3,2,5,3,4,4,4,3,5,2,3,3,4,2,3,2,3,2,3,2,5,2,3,3,5,2,3,2,5,2,3,2,3,2,3,2,4,2,4,4,3,4,3,3,3,3,3,3,4,4,4,4,6,1,5,1,2,0,4,4,4,3,3,4,4,4,4,3,3,4,4,4,3,3,4,3,2,2,1,2,5,4,5,3,3,2,1,3,4,2,4,4,4,2,2,2,2,2,2,2,2,2,3,2,2,2,2,1,7,7,7,2,3,3,2,5,6,1,48,4,1,1,1,40,5000,2800,0,140501,오토캐드자격증 사무 자동화,건축학
31682,1,0,2,4,2,2,1,0,1,0,2,1,1,0,3,3,2,3,2,3,2,1,2,2,4,2,3,1,2,1,2,1,1,0,1,0,2,1,1,0,4,2,4,2,3,3,2,2,3,2,1,0,4,2,2,1,3,2,1,0,2,2,3,2,4,2,3,3,5,3,4,3,1,0,3,3,2,5,2,1,3,3,3,3,2,1,2,1,3,4,3,5,4,3,3,2,3,2,3,3,2,3,1,4,2,2,0,2,2,4,3,4,4,4,4,3,5,4,4,5,4,3,5,4,2,3,4,4,3,4,4,4,3,5,4,3,5,4,4,3,3,4,2,2,2,2,2,2,2,2,2,2,2,3,2,2,2,7,6,7,4,4,7,6,7,6,1,46,3,1,1,1,40,5800,2500,0,852101,현장 제조업체 해외 진출,화학
31683,3,3,4,4,4,4,4,5,2,3,1,0,1,0,2,2,2,2,1,0,2,2,2,3,2,2,3,5,3,4,2,2,3,4,1,0,2,3,2,2,2,2,3,4,2,2,2,2,1,0,3,4,1,0,1,0,1,0,1,0,2,3,3,4,1,0,1,0,1,0,1,0,2,2,1,0,1,0,1,0,1,0,1,0,2,2,3,3,4,2,4,4,3,4,3,3,2,2,3,2,3,11,1,2,2,2,0,2,2,4,2,2,4,3,3,4,4,4,3,4,2,3,3,3,4,2,3,3,4,3,3,3,3,4,4,4,3,5,4,3,4,5,2,2,2,2,2,2,2,2,2,1,3,1,1,1,1,3,6,4,7,3,4,3,4,2,1,50,2,1,1,1,45,5200,3400,0,613001,사람 기계 사람 신뢰,전자
31684,4,5,3,7,2,6,2,6,5,7,3,6,2,6,2,6,3,6,2,5,3,5,3,7,4,6,2,6,2,5,2,5,1,0,2,5,3,6,2,5,4,6,4,5,3,5,5,7,2,5,3,5,2,5,2,5,2,5,2,4,5,7,1,0,2,6,1,0,1,0,1,0,2,6,1,0,2,3,2,6,2,4,1,0,2,5,1,0,4,4,3,4,4,4,4,3,4,4,4,4,4,13,1,5,1,2,0,4,4,4,3,3,4,4,4,4,4,5,5,4,2,3,3,5,3,2,3,2,3,3,4,5,3,4,2,2,5,5,3,4,5,5,2,2,2,2,2,2,2,2,2,1,3,2,2,2,1,3,3,2,4,3,6,1,1,3,2,37,3,1,1,1,46,3900,2300,0,27101,국가 전산회계운용사 전문 직업 중요성 증가,경영학
31685,3,6,4,5,3,5,3,5,3,5,3,5,3,5,3,4,4,5,3,5,3,5,3,5,3,5,3,5,3,5,3,5,3,5,3,5,3,5,3,4,3,5,3,5,3,5,3,3,3,5,3,5,3,5,3,5,3,5,3,5,3,5,3,5,3,5,3,5,3,5,3,5,3,5,3,5,3,5,3,5,3,5,3,5,4,5,2,3,4,4,5,3,4,4,3,4,3,4,3,3,3,13,1,2,1,1,2,3,5,4,5,4,5,4,4,4,3,5,5,4,2,5,4,4,3,4,3,4,5,4,4,3,4,3,5,4,3,4,5,4,4,2,2,2,2,2,2,2,2,2,2,2,2,3,3,3,2,5,7,3,7,4,3,3,5,7,1,42,4,1,1,1,40,3600,3400,0,134401,정보처리기능사 산업기사 웹개발훈련 인공 지능 기계 발달 인공 지능 사람 대체,컴퓨터공학
31686,3,2,3,4,2,2,4,4,2,2,3,2,2,2,2,2,3,2,2,2,2,2,4,2,3,2,3,2,4,3,3,2,3,2,2,2,4,5,3,2,3,2,2,2,4,3,4,4,4,4,3,2,3,2,3,3,4,3,4,2,2,2,1,0,1,0,3,3,1,0,1,0,2,2,1,0,2,2,3,4,3,5,4,4,3,4,4,4,4,4,3,4,4,1,3,2,4,4,4,3,4,18,5,1,1,2,0,4,2,3,2,2,3,4,3,3,9,9,4,3,2,4,3,5,4,4,4,5,4,3,2,5,4,4,5,4,4,4,4,3,4,4,2,2,2,2,2,2,2,2,2,1,2,2,2,2,2,7,6,6,4,4,5,6,5,3,1,38,2,2,6,1,50,0,0,4000,420401,생활체육지도자 합기도 4단 자격증 합기도 사범 자격증 저출산,인문계
31687,2,3,2,3,2,3,1,0,5,7,4,6,3,4,4,5,2,3,5,7,4,5,4,5,5,7,1,0,1,0,1,0,1,0,1,0,2,3,1,0,4,5,4,5,1,0,1,0,1,0,4,5,5,6,5,7,5,7,4,6,4,5,3,4,4,5,3,4,3,4,3,4,4,5,2,3,1,0,1,0,2,1,1,0,3,4,1,0,4,3,3,4,4,4,4,4,4,3,3,4,4,6,1,3,1,1,3,6,5,4,5,5,4,5,4,3,4,4,4,4,2,4,4,3,2,2,2,5,4,5,4,4,4,5,4,4,4,5,5,4,4,4,2,2,2,2,2,2,2,2,2,2,3,3,3,3,2,2,2,2,3,3,4,6,2,3,1,31,4,1,1,1,40,5500,3000,0,140301,건설기계기술사 산림토목기술사 농어민토목기술사 현장실습 지금,건축구조학
31688,1,0,1,0,1,0,1,0,1,0,1,0,1,0,1,0,1,0,3,4,1,0,1,0,3,4,3,4,1,0,1,0,1,0,1,0,1,0,3,4,4,5,2,3,2,3,1,0,1,0,1,0,5,4,3,4,4,5,5,5,4,5,4,5,4,5,2,3,3,4,3,4,4,5,4,5,4,5,3,4,3,4,4,5,3,4,1,0,3,4,4,4,3,2,3,3,4,3,4,3,3,13,1,3,1,2,0,7,4,3,4,3,4,3,3,4,3,4,3,4,3,4,3,3,4,3,4,3,3,3,4,2,3,2,4,3,4,4,4,4,4,4,2,2,2,2,2,2,2,2,2,4,3,2,2,3,2,7,8,5,6,4,5,7,6,6,1,38,4,1,1,1,42,3800,2500,0,811201,승강기기능사 고층 건물 승강기 수리 업무 증가,기계공학
31689,2,2,3,4,2,2,2,3,2,2,2,2,1,0,4,4,2,3,1,0,4,4,3,4,3,5,3,4,2,2,2,3,1,0,1,0,3,3,1,0,2,2,2,3,2,3,1,0,1,0,1,0,3,3,1,0,2,4,3,4,1,0,3,3,4,4,3,4,3,4,3,3,1,0,4,5,3,4,3,5,3,4,2,3,3,5,3,4,4,4,3,2,2,2,2,1,2,1,1,3,2,3,1,2,2,2,0,1,3,3,3,3,4,3,1,3,2,3,4,3,2,4,3,3,5,2,4,2,4,2,4,4,4,3,2,1,3,5,2,2,5,5,2,2,2,2,2,2,2,2,2,2,2,3,3,3,2,9,9,6,5,7,8,7,3,2,1,35,3,1,1,1,40,4200,2600,0,821201,산업 전반 위축,자동차공학
31690,4,5,4,6,5,5,4,5,4,5,4,6,3,4,4,4,4,6,3,5,4,6,4,5,4,6,4,5,4,4,4,4,3,4,2,3,4,5,4,5,4,6,3,4,3,5,3,4,3,4,4,5,3,4,3,4,2,2,2,4,2,3,3,4,3,4,2,3,2,3,2,3,4,5,2,3,2,3,3,3,2,4,2,4,4,3,3,4,4,3,3,4,3,4,4,4,3,4,4,4,4,15,2,5,1,2,0,7,5,4,4,3,5,4,3,4,3,4,4,5,1,3,3,4,4,3,3,1,4,3,5,5,4,3,3,3,4,5,3,4,5,5,2,2,2,2,2,2,2,2,2,1,3,3,3,3,2,4,4,5,5,6,6,4,5,6,1,42,5,1,1,1,50,6000,3000,0,122106,축산기술사 축산기사 상태 유지,축산학
31691,2,2,2,2,2,2,2,3,1,0,1,0,3,5,2,2,3,5,2,3,1,0,1,0,2,2,2,2,2,2,2,2,1,0,1,0,2,3,1,0,1,0,1,0,1,0,1,0,1,0,1,0,1,0,1,0,1,0,1,0,1,0,1,0,1,0,1,0,1,0,1,0,1,0,1,0,3,4,3,4,1,0,3,5,2,3,3,5,4,3,2,3,3,1,3,4,4,3,4,4,4,18,1,3,2,2,0,2,2,3,4,4,3,4,4,5,4,4,4,4,2,3,3,3,4,4,4,3,3,4,3,4,3,5,5,4,4,3,4,4,4,4,2,2,2,2,2,2,2,2,2,1,4,3,2,2,1,6,4,5,4,4,5,7,4,3,2,24,2,1,1,1,50,2700,2100,0,414703,여가 생활 공연 관람 증가,인문계
31692,3,4,3,4,2,2,2,2,4,6,4,5,5,7,4,5,4,5,3,4,3,4,3,4,3,4,3,4,1,0,1,0,1,0,1,0,2,2,2,3,4,5,3,4,1,0,1,0,1,0,1,0,5,6,5,7,4,5,4,6,5,6,3,4,1,0,2,3,1,0,1,0,1,0,2,3,2,2,3,4,2,2,1,0,4,5,1,0,5,4,4,3,3,3,4,3,3,5,4,3,4,13,1,2,2,2,0,7,5,5,4,4,4,4,4,4,4,4,5,5,3,4,4,4,4,2,3,4,3,5,3,4,4,5,5,5,4,5,4,2,4,3,2,2,2,2,2,2,2,2,2,1,3,3,3,3,2,2,1,1,2,2,8,7,8,8,1,33,4,1,1,1,48,3800,3100,0,159103,수요 공급 일자리 변화,정보보호학
31693,4,5,3,4,3,3,4,5,2,2,2,2,4,6,3,4,3,3,3,3,2,3,3,3,2,3,1,0,4,4,3,4,2,2,2,4,2,3,4,5,2,3,1,0,2,2,1,0,1,0,2,2,2,2,3,4,3,3,3,4,2,3,1,0,1,0,1,0,1,0,1,0,1,0,1,0,1,0,1,0,1,0,1,0,4,5,3,5,4,3,2,2,4,2,5,4,2,4,4,2,4,6,1,2,1,2,0,7,4,4,3,3,4,4,2,3,3,4,4,4,2,4,3,4,4,3,3,3,4,4,3,4,3,3,3,4,4,3,4,4,4,4,2,2,2,2,2,2,2,2,2,1,4,3,2,2,2,4,4,3,5,6,5,7,5,2,2,35,4,1,1,1,40,3300,3000,0,415301,실내건축기사 실내건축산업기사 본인 개성 효율 욕구 증가 때문,건축학
31694,1,0,1,0,1,0,2,2,3,3,2,3,2,2,3,5,3,2,4,5,3,2,3,2,3,2,2,2,2,3,2,2,2,3,2,2,2,1,2,2,3,3,3,3,3,2,3,2,3,3,2,4,2,2,3,5,3,5,4,4,3,3,3,3,4,3,4,4,4,5,3,3,3,4,4,4,3,4,2,3,3,6,1,0,2,2,1,0,3,3,2,2,3,1,3,2,3,3,3,4,2,6,1,2,1,2,0,3,2,3,3,2,3,4,3,3,3,3,5,4,4,3,3,3,4,3,3,4,3,3,3,4,4,5,4,3,4,3,4,3,3,4,2,2,2,2,2,2,2,2,2,2,4,2,2,3,1,3,2,6,7,3,4,3,2,7,1,31,2,1,3,2,40,2700,2600,0,702201,방수기능사 노후 건물 유지 보수 필요,이과
31695,3,4,3,4,1,0,1,0,1,0,1,0,1,0,1,0,3,5,1,0,3,5,1,0,3,5,1,0,3,5,1,0,1,0,4,6,1,0,1,0,1,0,3,5,1,0,1,0,1,0,4,6,1,0,1,0,1,0,1,0,1,0,1,0,4,5,1,0,1,0,1,0,1,0,1,0,1,0,1,0,5,6,1,0,1,0,1,0,5,4,1,4,5,1,4,4,3,3,5,5,1,15,2,4,2,2,0,7,5,4,4,3,4,4,3,4,4,4,4,4,3,4,4,4,4,2,3,4,4,3,4,4,3,4,5,4,4,4,3,3,4,3,2,2,2,2,2,2,2,2,2,1,2,3,3,3,2,7,8,6,2,2,3,3,8,7,1,34,4,1,1,1,50,3000,2000,0,250201,인구 감소,정보통신학
31696,5,7,5,7,5,7,5,7,5,6,5,7,4,6,4,4,3,5,4,5,4,4,4,6,4,5,2,2,5,6,4,5,5,7,5,6,4,5,3,5,4,6,4,6,4,5,4,5,2,3,4,6,4,5,2,3,3,4,1,0,2,3,2,2,2,2,1,0,1,0,1,0,1,0,1,0,1,0,1,0,1,0,1,0,3,4,3,4,4,4,3,3,3,4,4,4,4,3,3,3,3,15,2,4,2,2,0,6,5,4,4,4,4,4,4,4,4,4,4,4,2,4,3,4,4,4,2,2,3,4,4,4,3,4,4,4,3,3,4,2,3,4,2,2,2,2,2,2,2,2,2,1,3,1,1,3,1,4,4,4,5,5,5,6,5,5,1,64,6,1,3,1,52,10000,9000,0,11102,상태 유지,건설교통공학
31697,3,4,4,5,4,4,5,6,4,6,3,4,1,0,3,4,3,5,1,0,2,3,5,6,3,4,3,4,3,4,2,3,3,4,1,0,4,5,3,4,3,4,3,4,5,4,1,0,2,3,1,0,1,0,1,0,1,0,1,0,3,4,3,4,1,0,1,0,1,0,1,0,1,0,1,0,1,0,1,0,1,0,3,4,3,4,3,4,2,4,4,3,4,3,4,3,4,3,5,5,5,16,5,2,1,2,0,4,5,5,4,4,5,4,5,3,3,4,4,3,2,4,4,4,5,4,5,3,4,2,4,5,4,4,5,4,3,5,4,4,4,4,2,2,2,2,2,2,2,2,2,2,2,1,2,3,1,6,5,4,5,4,5,4,5,6,2,37,4,1,1,1,40,4000,2200,0,212201,초등 정교사 자격증 학생 감소,교육학
31698,5,6,5,6,4,5,5,6,1,0,1,0,2,3,1,0,4,5,4,4,1,0,4,5,3,4,4,4,3,4,4,4,2,3,1,0,4,6,4,5,4,5,1,0,4,5,1,0,1,0,1,0,1,0,1,0,1,0,1,0,4,5,1,0,1,0,2,3,1,0,1,0,1,0,1,0,1,0,1,0,1,0,1,0,5,6,5,6,4,3,5,4,4,5,4,2,2,3,4,4,4,13,1,2,2,2,0,2,2,4,5,4,4,4,4,2,2,4,4,3,2,4,5,5,2,4,3,2,4,4,2,5,4,5,5,5,4,4,5,4,5,4,2,2,2,2,2,2,2,2,2,1,2,2,2,2,1,8,3,4,2,3,4,5,7,6,2,58,2,1,3,2,52,2400,1300,0,29303,온라인 설문조사,문과
31699,2,4,3,3,3,3,3,3,3,3,3,3,3,3,3,3,3,3,3,3,2,3,3,3,3,3,3,3,3,2,3,3,3,3,3,3,3,3,3,2,3,3,3,3,3,4,4,4,2,2,3,3,3,4,3,3,3,3,3,3,3,1,2,3,2,3,3,3,3,3,3,2,3,3,2,2,3,2,3,2,2,2,2,2,3,3,3,3,3,4,3,3,3,4,2,4,3,4,3,3,3,6,1,2,1,1,5,6,4,3,2,2,2,3,3,3,3,3,3,3,3,3,3,3,3,2,3,2,3,3,3,3,2,4,3,3,3,3,3,3,4,3,2,2,2,2,2,2,2,2,2,2,2,3,3,3,2,7,7,7,7,7,7,6,6,7,2,46,4,1,1,1,45,3300,2400,0,140207,건축산업기사 공정 시공방법 자동화 설비 도입 일자리 감소,건축공학
31700,3,4,4,5,4,5,4,6,4,5,4,5,2,4,4,5,3,4,3,5,3,4,4,5,4,5,3,5,4,6,4,5,5,5,4,5,4,4,3,6,4,5,5,5,3,5,3,4,3,4,4,5,3,4,1,0,1,0,1,0,5,6,1,0,3,5,3,4,2,4,1,0,3,4,1,0,1,0,2,4,3,5,3,5,3,4,3,5,4,3,3,3,4,4,4,2,4,2,5,4,3,18,1,2,2,2,0,5,5,4,2,3,3,4,2,3,4,4,4,3,2,3,3,3,2,3,4,3,4,3,3,4,4,3,4,3,3,4,4,4,3,3,2,2,2,2,2,2,1,2,2,1,3,3,3,3,2,8,8,7,3,3,4,5,5,5,1,33,4,1,1,1,59,2200,1800,0,417201,악화 매니저 감소 다한 경쟁력,경제학
31701,5,6,5,6,5,5,2,4,5,7,5,5,4,5,5,4,2,4,5,5,5,6,5,5,4,5,3,4,3,4,4,5,2,4,2,4,3,3,2,2,5,5,4,4,4,5,3,5,3,4,2,4,5,5,5,5,5,5,4,5,4,4,4,5,4,4,4,5,3,4,3,5,3,4,2,3,3,4,2,3,3,4,2,3,3,4,2,4,3,4,3,4,4,3,4,3,4,4,4,4,4,6,1,2,1,2,0,5,2,4,3,4,4,4,4,4,3,3,4,4,3,3,3,4,4,3,4,2,3,3,4,4,3,3,2,3,4,4,3,4,4,4,2,2,2,2,2,2,2,2,2,4,2,3,3,3,1,3,3,2,2,3,8,8,7,3,1,28,4,1,1,1,40,3600,3000,0,151102,기계설계기사 일부 기계 장비 대체 기계 산업 침체 감소,기계공학
31702,3,5,3,5,2,1,2,2,3,4,2,2,1,0,2,2,2,1,1,0,3,6,3,3,2,2,3,4,1,0,1,0,1,0,1,0,3,3,1,0,2,2,4,6,3,3,4,5,3,4,3,2,4,6,3,4,4,5,3,3,2,2,3,5,3,4,3,4,2,3,2,3,3,3,2,2,1,0,1,0,1,0,1,0,2,3,1,0,4,4,3,4,4,4,4,3,4,4,4,4,4,3,1,4,2,2,0,3,6,4,4,4,4,4,4,5,4,3,4,4,2,4,4,4,3,3,3,3,4,3,4,4,4,5,4,3,4,4,3,4,4,4,1,2,2,1,2,2,2,2,2,1,3,3,3,3,1,8,7,8,7,7,6,8,8,8,2,29,5,1,1,1,40,4200,3500,0,154105,기술 발전 기계 대체 불가,화학공학
31703,3,4,5,4,1,0,4,5,3,5,2,5,4,6,2,3,2,2,2,5,1,0,1,0,1,0,4,6,4,5,3,4,3,4,4,6,2,2,3,5,3,4,3,3,3,4,4,5,4,4,2,3,2,4,2,2,2,3,1,0,1,0,1,0,1,0,1,0,1,0,1,0,2,2,2,2,1,0,1,0,1,0,1,0,1,0,1,0,4,2,3,4,3,2,2,4,3,3,4,1,5,13,1,2,1,1,4,5,4,3,4,2,4,4,3,3,9,9,4,3,2,4,3,4,4,4,3,2,3,4,4,4,4,3,3,2,3,4,3,3,4,5,2,2,2,1,2,2,2,2,2,1,4,2,2,3,2,6,7,8,3,4,4,3,3,6,2,46,3,1,1,1,55,3900,2700,0,415101,제품디자인기사 실무경험 트렌드 자주 변화 패턴 디자인 요소 대량생산 불가 소비자 중심 시장 사용자 취향 고려 디자인 요소,주얼리금속
31704,2,3,2,2,2,2,3,4,2,4,3,4,1,0,1,0,3,4,3,4,1,0,3,4,2,3,2,3,3,3,3,4,2,3,2,3,3,4,3,4,3,4,1,0,3,4,2,3,3,3,3,4,1,0,2,3,2,3,2,3,3,4,3,4,2,3,2,3,2,3,2,3,3,4,2,3,2,1,3,4,3,5,4,5,4,5,3,4,3,3,3,2,1,2,3,3,3,3,3,2,4,9,1,2,2,2,0,2,2,1,2,2,3,4,2,3,3,4,3,3,3,3,3,3,3,3,3,4,3,3,4,3,3,3,3,4,3,3,4,4,4,4,2,2,2,2,2,2,2,2,2,1,2,2,2,3,1,5,6,5,5,5,6,3,5,5,2,52,2,1,1,1,25,2800,2800,0,532301,식당 때문,이과
31705,4,5,4,5,4,5,1,0,1,0,4,4,4,5,3,5,3,5,4,5,1,0,1,0,4,6,3,4,3,4,3,4,1,0,1,0,3,4,3,4,1,0,1,0,1,0,1,0,3,4,3,4,3,4,4,5,4,5,3,4,4,5,4,4,3,4,3,4,3,4,3,4,4,5,3,4,1,0,1,0,1,0,1,0,4,5,1,0,4,4,4,5,5,3,3,4,4,5,3,3,3,13,3,2,2,2,0,7,5,4,3,3,4,4,3,3,4,5,5,4,4,4,4,4,4,3,4,5,4,5,3,5,4,5,4,5,4,5,4,5,5,4,2,2,2,2,2,2,2,2,2,2,3,3,3,3,2,3,2,2,1,2,1,9,8,8,1,33,5,1,1,1,40,4000,3500,0,24203,상태 유지,정치
31706,1,0,2,1,1,0,1,0,3,3,2,1,1,0,1,0,5,3,1,0,1,0,1,0,1,0,2,2,1,0,1,0,1,0,1,0,2,1,1,0,1,0,2,3,2,1,1,0,4,4,1,0,1,0,4,4,2,3,1,0,1,0,4,4,4,4,4,3,4,5,2,4,1,0,4,3,4,5,2,1,3,4,2,1,1,0,1,0,2,5,4,3,3,2,4,2,4,3,3,2,4,3,1,2,1,2,0,2,2,4,3,5,4,5,5,3,5,4,4,5,2,5,4,4,3,5,4,4,3,5,5,4,3,5,5,4,3,4,4,3,5,5,2,2,2,2,2,2,2,2,2,2,2,3,3,3,2,8,7,3,6,5,6,4,8,7,1,33,3,1,1,1,40,3500,2800,0,822301,제관기능사 컴퓨터 활용 인력 감축 예상,금속공학
31707,4,5,4,6,4,5,4,5,3,3,4,6,1,0,4,5,4,5,4,4,3,4,3,3,3,4,3,5,3,4,3,4,3,4,2,4,3,4,4,5,4,5,4,5,4,4,3,4,1,0,1,0,1,0,1,0,1,0,1,0,3,4,1,0,1,0,1,0,1,0,1,0,3,4,1,0,1,0,1,0,1,0,1,0,3,4,3,4,5,4,5,4,5,4,4,4,4,3,4,4,5,19,1,2,1,2,0,3,5,5,4,4,5,4,4,4,4,4,4,4,2,5,4,4,4,4,5,3,4,2,3,5,4,5,4,5,4,4,4,4,5,3,2,2,2,2,2,2,2,2,2,1,4,3,2,2,2,4,5,3,4,3,4,6,4,6,1,52,4,1,1,1,40,8200,5000,0,221401,변리사 자격증 임금 직업 환경,컴퓨터공학
31708,4,5,4,5,3,4,3,3,4,5,4,4,2,3,5,5,4,4,3,3,2,2,2,3,3,4,5,5,5,5,3,3,2,3,2,2,3,4,4,4,3,3,5,5,4,4,1,0,1,0,5,5,4,4,1,0,1,0,1,0,5,6,5,4,1,0,1,0,1,0,1,0,4,5,1,0,1,0,1,0,1,0,1,0,4,5,4,4,4,3,2,3,4,5,3,3,3,4,4,3,4,11,1,4,2,1,2,6,4,4,4,3,4,4,4,3,3,4,5,4,2,4,3,4,4,4,3,3,4,4,3,4,2,4,3,4,5,4,4,3,4,4,2,2,2,2,2,2,2,2,2,2,3,3,3,3,2,6,6,5,5,5,4,3,4,3,2,36,4,1,1,1,40,4200,2800,0,26401,컴퓨터 활용한 문서작성능력 인력,경영학
31709,3,3,3,3,3,4,3,4,3,3,3,5,4,6,3,5,3,4,3,3,3,3,4,5,3,3,2,2,3,3,3,3,3,3,2,3,3,3,2,2,2,3,2,2,3,4,1,0,1,0,1,0,1,0,1,0,1,0,1,0,3,3,1,0,1,0,1,0,1,0,1,0,1,0,1,0,1,0,1,0,1,0,2,3,3,3,2,3,4,4,4,4,5,3,4,4,4,3,4,3,4,13,1,2,1,1,2,7,3,4,4,4,4,5,4,4,9,4,4,4,2,4,4,4,4,4,4,3,4,4,4,4,4,3,4,4,4,4,3,3,4,4,2,2,2,2,2,2,2,2,2,3,5,3,3,3,1,8,8,5,2,8,6,5,5,5,2,36,3,1,1,1,46,4150,3200,0,415404,인디자인자격증 실습과정 영상 매체 발전 증가,시각디자인
31710,5,5,5,5,3,4,4,5,3,4,4,5,2,4,4,5,3,4,2,4,2,5,5,6,3,5,4,4,2,4,4,5,2,4,2,4,3,5,2,4,5,5,3,5,2,4,1,0,1,0,4,5,2,5,1,0,1,0,1,0,5,4,1,0,1,0,1,0,1,0,1,0,4,6,1,0,1,0,1,0,1,0,1,0,3,4,3,4,4,4,1,3,3,4,5,4,2,3,4,4,3,16,5,3,1,1,2,7,5,2,2,2,4,4,4,3,2,4,3,3,4,3,2,4,5,1,4,1,2,4,4,4,4,5,2,3,4,4,3,2,3,4,2,2,2,2,2,2,2,2,2,2,2,1,3,3,1,5,5,5,3,5,5,5,7,7,2,38,4,1,1,1,40,4000,2400,0,212101,교원자격증 1급정교사 연수 인구 감소 출산율 저하,수학교육
31711,3,5,4,5,3,5,3,5,4,4,4,5,4,4,4,4,4,5,3,5,3,5,4,5,3,5,3,4,4,5,4,5,3,5,3,6,3,5,3,5,4,6,4,5,4,6,3,3,3,5,4,4,4,4,3,5,3,5,3,5,3,4,4,3,3,5,4,5,3,5,3,5,4,4,4,4,4,6,3,5,3,5,4,5,4,4,4,4,5,4,4,3,4,4,4,3,4,3,4,3,4,15,2,5,2,2,0,7,5,4,4,3,4,4,4,5,5,4,4,4,4,3,4,4,4,5,4,5,4,4,4,4,3,4,4,5,5,5,4,4,4,4,2,2,2,2,2,2,2,2,2,2,3,3,3,3,2,7,2,5,5,8,4,3,5,8,1,32,4,1,1,1,40,3200,2900,0,25301,고용 환경 안정,행정학
31712,4,5,4,5,2,3,2,3,4,5,3,4,2,3,2,3,2,3,2,3,2,3,4,5,4,6,4,6,3,4,3,4,3,4,2,3,4,5,3,4,3,4,3,4,3,4,2,3,3,4,3,4,4,6,4,6,4,6,4,5,3,4,4,5,4,6,4,5,4,6,4,6,4,5,4,6,4,6,3,4,3,4,3,4,3,4,2,3,3,3,3,3,3,3,3,3,3,3,3,3,3,13,1,2,2,2,0,4,5,3,3,3,4,4,4,3,3,4,4,4,2,3,3,4,4,4,4,2,3,2,4,4,4,4,3,3,4,4,3,4,4,3,2,2,2,2,2,2,2,2,2,2,3,2,2,2,2,2,2,7,3,3,7,8,3,7,1,43,5,1,1,1,40,6000,2000,0,153301,기계 대체 불가,전기공학
31713,4,6,5,7,4,5,5,6,3,3,5,6,2,4,5,6,5,5,3,4,3,4,3,4,5,5,5,6,5,6,4,6,4,6,3,5,4,5,4,4,4,5,5,6,4,6,1,0,1,0,2,3,1,0,1,0,3,3,1,0,3,5,3,4,1,0,1,0,1,0,1,0,3,3,1,0,1,0,1,0,1,0,2,3,3,4,3,4,5,5,3,4,4,5,5,4,4,4,5,5,4,15,2,6,1,2,0,2,4,5,5,4,4,5,3,4,4,4,4,4,1,5,4,5,4,3,2,3,5,4,2,3,4,4,5,4,4,3,5,3,4,4,2,2,2,2,2,2,2,2,2,2,4,3,2,3,2,2,2,5,3,9,9,1,3,6,2,35,4,1,1,1,45,6800,4200,0,221101,변호사 자격증 범죄 증가 소송 전문 판사 것이므,법학
31714,3,5,3,5,2,2,3,3,3,3,2,4,5,6,3,3,4,3,5,5,3,3,4,4,4,4,3,4,3,5,3,4,2,3,2,3,3,4,4,4,3,2,3,4,2,3,3,3,3,3,2,3,3,3,2,2,2,2,1,0,1,0,2,4,2,3,2,2,2,2,2,2,2,3,5,4,5,4,5,4,5,4,5,4,3,3,3,4,5,4,2,2,5,1,2,5,3,4,5,3,4,18,1,2,2,2,0,2,2,3,2,3,2,4,3,3,3,4,4,4,2,4,4,3,3,2,3,3,2,3,2,4,3,4,4,3,3,4,3,4,4,2,2,2,2,2,2,2,2,2,2,1,2,2,2,2,1,5,4,6,6,4,5,7,3,4,2,28,4,1,3,2,40,2200,2000,0,414702,코로나 영향력,무용학
31715,2,4,3,4,3,4,3,4,2,4,2,3,1,0,4,4,3,4,1,0,2,3,2,4,3,4,3,4,3,4,2,4,2,4,3,4,2,3,3,4,2,3,3,4,3,4,1,0,2,3,1,0,3,4,1,0,5,5,4,4,1,0,1,0,4,5,5,6,5,6,5,4,1,0,5,4,5,4,3,4,5,5,4,5,2,4,3,4,3,3,2,3,3,1,3,1,2,2,3,4,3,3,1,4,2,2,0,7,1,3,3,2,2,3,2,2,2,3,3,3,4,2,3,4,3,2,4,2,3,3,4,3,3,4,3,5,4,3,2,4,4,3,2,2,2,2,2,2,2,2,2,2,2,3,3,3,2,5,6,6,7,6,8,7,4,5,1,55,2,1,1,1,40,4800,2800,0,817301,업종,기계
31716,2,3,3,4,2,3,5,6,1,0,3,4,4,5,5,4,3,4,1,0,1,0,5,6,4,5,1,0,4,5,2,3,4,4,1,0,5,5,4,5,1,0,1,0,4,5,1,0,1,0,1,0,1,0,1,0,4,5,4,5,1,0,1,0,4,5,3,4,4,4,4,4,1,0,5,6,4,5,1,0,4,5,4,4,4,4,2,3,4,4,5,3,4,2,4,4,3,4,4,4,5,16,5,2,1,1,5,6,2,4,3,4,4,4,3,3,3,3,4,3,2,4,4,4,4,2,4,3,4,4,4,4,3,3,4,4,4,5,4,3,4,4,2,2,2,2,2,2,2,2,2,1,3,2,2,2,2,9,8,9,8,3,9,9,8,3,2,38,3,1,1,1,40,3000,2000,0,214301,미용사자격증 미용기술 변동,이미용학
31717,4,5,3,4,2,3,3,3,2,2,3,4,3,3,2,3,3,4,3,3,2,2,3,4,3,4,2,2,3,4,3,3,2,2,3,3,3,3,1,0,1,0,3,4,3,3,4,6,3,3,3,3,3,4,4,5,3,3,3,5,3,3,3,3,3,5,3,4,4,6,4,5,3,3,2,3,3,4,2,3,2,2,2,2,2,2,2,3,3,2,3,3,4,3,3,3,2,3,3,2,3,13,1,4,1,1,5,5,5,5,4,4,3,4,4,4,4,4,5,4,1,3,3,4,2,3,3,1,4,4,4,4,4,4,4,4,3,4,2,3,4,4,2,1,2,2,2,2,2,2,2,3,5,3,3,3,1,5,5,5,5,5,5,3,2,4,1,37,5,1,1,1,40,3700,2500,0,134303,정보처리기사 시스템 보안 유지 보수 교육 컴퓨터 유지 보수 시스템 도입 산업 컴퓨터 시스템 확충 관리 수요 증가,시스템공학
31718,2,3,2,3,1,0,2,2,2,2,4,6,2,2,3,4,3,4,3,4,3,4,1,0,3,4,2,2,2,3,3,4,2,2,2,2,2,2,1,0,3,4,4,5,3,3,2,2,2,2,2,2,4,5,2,2,2,2,1,0,2,3,1,0,1,0,1,0,1,0,2,2,5,6,3,3,3,4,2,3,3,4,2,2,4,4,3,4,4,4,4,4,3,4,4,3,4,4,4,4,4,3,1,4,1,2,0,7,5,4,3,4,4,3,3,3,3,4,4,3,3,3,4,4,3,3,3,4,3,4,3,5,5,5,5,4,4,5,4,3,5,5,2,2,2,2,2,2,2,2,2,1,5,3,3,3,2,4,3,2,3,3,3,6,8,7,1,28,5,1,1,1,40,3000,2800,0,155306,토양환경기술사 토양환경기사 환경 관리 관심 환경 관리 소홀 피해 때문,생물학
31719,2,2,2,2,2,2,5,5,2,2,2,2,2,2,3,3,2,2,1,0,1,0,3,4,2,3,1,0,2,2,2,3,3,3,3,2,1,0,4,2,3,3,4,3,2,2,1,0,3,3,1,0,1,0,1,0,3,3,1,0,1,0,1,0,1,0,1,0,1,0,1,0,1,0,2,2,2,2,3,3,2,2,4,4,3,2,2,2,3,4,2,1,3,2,2,2,3,3,1,4,2,7,1,2,2,2,0,7,2,3,3,2,4,2,3,2,1,3,3,2,4,2,1,3,4,4,3,5,3,4,2,3,3,4,3,4,3,5,4,2,4,4,2,2,2,2,2,2,2,2,2,1,4,3,2,2,2,7,9,5,2,3,3,6,5,3,2,43,2,1,3,2,35,2000,1700,0,617101,마케팅 기업 생명,인문계
31720,4,6,4,6,4,5,4,6,4,6,4,6,3,5,3,4,4,5,3,5,3,5,4,5,3,5,4,6,4,5,4,5,4,6,4,5,4,5,4,5,4,5,4,5,4,5,4,5,4,5,4,5,3,5,3,4,3,4,3,4,3,4,3,4,2,3,2,3,2,3,2,3,2,3,1,0,1,0,2,3,1,0,1,0,3,4,3,4,4,4,2,4,4,4,4,2,4,2,4,3,4,3,1,4,2,1,1,5,4,4,4,2,2,2,2,3,2,4,4,3,4,2,3,4,4,3,5,2,4,5,4,4,3,2,4,4,3,4,4,3,4,5,2,1,2,1,1,1,1,1,1,4,2,1,1,3,2,2,3,3,4,4,4,3,3,5,1,52,3,1,1,1,40,7000,3200,0,26103,사내교육 프로그램 사용 사무 자동화 인원 감축,세무회계학
31721,2,4,4,5,3,4,1,0,4,6,3,5,3,4,3,4,3,5,1,0,4,6,1,0,3,4,3,4,1,0,1,0,1,0,1,0,1,0,1,0,1,0,1,0,1,0,1,0,1,0,1,0,4,6,4,6,3,5,1,0,1,0,4,5,4,5,1,0,1,0,1,0,1,0,1,0,1,0,1,0,1,0,1,0,1,0,1,0,4,3,3,3,3,2,3,3,3,4,3,2,3,3,1,2,1,2,0,7,5,3,4,3,4,4,4,3,4,4,4,4,2,4,4,4,3,2,2,3,3,4,3,4,3,3,3,3,4,3,3,3,4,4,2,2,2,2,2,2,2,2,2,1,3,3,3,3,2,6,5,5,4,4,3,4,4,7,1,29,4,1,1,1,40,3300,3000,0,156101,섬유기술사 변화,화학공학
31722,2,2,2,3,1,0,2,2,1,0,1,0,5,5,2,2,3,3,4,5,3,4,3,4,5,5,4,5,3,4,2,2,1,0,1,0,3,4,4,5,3,4,1,0,1,0,1,0,1,0,1,0,4,5,1,0,2,2,1,0,1,0,1,0,1,0,1,0,1,0,1,0,4,5,5,6,3,3,5,5,3,4,5,6,3,5,3,5,4,5,2,2,5,2,4,5,4,4,5,4,4,18,2,2,2,2,0,1,5,4,3,2,4,4,4,2,3,3,3,3,2,4,4,3,3,2,4,2,3,3,1,4,4,5,5,4,4,5,4,4,4,3,2,2,2,2,2,2,2,2,2,1,2,2,2,3,1,4,4,4,4,5,4,4,6,5,2,29,4,1,1,1,40,2800,2700,0,414701,대중 관심 경기 침체,무용학
31723,5,6,4,5,4,6,3,4,3,4,3,5,5,7,4,6,5,6,4,5,4,5,3,4,5,7,1,0,2,2,2,2,1,0,1,0,1,0,1,0,2,3,3,4,3,4,2,2,1,0,1,0,1,0,1,0,2,3,1,0,4,5,1,0,2,2,2,2,2,2,1,0,1,0,5,7,1,0,1,0,1,0,1,0,4,6,1,0,4,3,5,4,3,2,4,4,2,3,3,3,4,18,4,1,2,1,5,7,1,3,4,4,5,4,3,3,9,9,3,3,1,4,4,3,4,4,3,1,3,3,4,4,4,4,3,3,4,4,4,4,4,4,2,2,2,2,2,2,2,2,2,1,4,3,3,3,2,9,8,4,5,3,4,7,7,2,1,50,4,1,4,2,72,7000,2000,0,414301,글쓰기 작가 기획 제작 웹툰작가 수요 부족,애니메이션
31724,2,3,3,4,2,4,2,3,1,0,3,5,3,4,3,4,3,5,1,0,3,5,3,4,3,5,4,5,3,4,3,5,3,5,2,4,3,4,3,4,3,4,3,4,3,4,3,4,3,4,3,4,2,4,2,3,3,4,1,0,3,4,3,4,1,0,3,5,1,0,3,4,3,4,1,0,1,0,3,3,3,4,3,5,3,5,3,5,4,3,4,3,3,2,1,2,2,3,3,4,3,18,5,2,2,2,0,6,4,3,2,2,3,4,3,3,4,3,4,4,3,3,3,3,4,3,3,4,3,3,3,3,3,3,3,4,3,3,2,2,3,3,2,2,2,2,2,2,2,2,2,1,3,1,2,2,1,6,5,7,3,5,5,6,5,7,2,28,4,1,3,2,45,3400,3100,0,414401,공란,국악
31725,2,4,3,4,1,0,2,3,2,3,2,4,2,5,3,4,3,4,2,3,2,4,3,3,4,5,2,4,2,3,3,3,2,3,2,3,3,4,3,3,4,4,3,4,4,5,2,4,3,4,3,4,2,3,4,5,4,5,5,6,3,5,3,3,5,5,4,5,5,6,5,6,3,5,5,6,5,5,4,4,4,5,4,4,3,4,3,3,3,3,2,2,2,2,2,3,2,3,3,2,4,3,1,2,2,2,0,2,2,4,4,4,4,4,4,4,5,5,5,5,2,4,3,4,3,3,2,3,3,4,4,4,4,4,5,5,5,5,3,3,4,5,2,2,2,2,2,2,2,2,2,1,3,3,3,3,2,7,3,4,7,7,3,7,2,7,1,31,2,1,1,1,50,2400,2000,0,873401,건강 증진 변동 사항,기계
31726,4,5,5,5,4,4,4,4,4,4,3,4,4,4,3,4,3,4,4,4,3,4,3,4,4,4,3,4,3,4,4,5,3,4,3,4,4,5,4,5,3,4,4,5,3,4,4,5,4,5,3,4,3,4,4,5,4,5,3,4,4,5,4,4,3,4,4,5,4,5,4,5,4,4,4,4,3,4,4,5,3,4,3,4,4,4,3,4,4,5,4,4,4,3,3,4,4,3,4,4,4,3,1,2,2,2,0,3,5,3,3,3,4,4,4,5,3,4,4,3,3,3,3,4,4,3,3,3,4,3,4,4,4,3,3,3,3,4,4,3,3,3,2,2,2,2,2,2,2,2,2,2,2,2,1,2,1,5,6,6,4,5,5,8,5,6,1,35,4,1,1,1,40,4800,3000,0,154102,기술 개발,화학공학
31727,2,3,4,5,1,0,4,5,3,3,3,4,5,5,2,3,4,4,4,4,3,4,3,3,3,4,5,5,5,5,5,5,4,5,3,4,3,3,4,5,5,4,4,4,4,4,4,4,4,4,4,5,3,4,3,4,2,3,2,2,3,3,3,4,2,3,2,3,4,4,3,4,3,3,4,5,4,4,3,4,3,4,4,5,4,5,2,3,4,4,2,3,4,4,2,3,3,4,4,2,4,3,1,2,2,2,0,3,5,4,3,3,3,5,2,3,3,4,4,4,3,3,2,4,3,4,4,3,4,4,3,4,3,3,4,4,3,4,3,3,4,3,2,2,2,2,2,2,2,2,2,2,3,2,2,2,1,7,6,7,7,8,8,7,6,7,2,32,4,1,1,1,45,3500,3000,0,415201,부분 사람 거치,의상디자인
31728,2,3,2,3,1,0,2,3,1,0,2,3,4,6,3,4,4,5,3,4,2,3,2,3,3,4,3,4,3,4,2,3,2,3,2,3,2,3,3,4,2,3,2,3,3,4,1,0,1,0,1,0,1,0,1,0,3,4,1,0,1,0,1,0,3,4,1,0,1,0,2,3,2,3,3,4,3,4,2,3,2,3,2,3,4,5,2,4,3,3,4,3,3,4,3,3,3,4,3,3,3,18,1,6,1,2,0,7,5,4,3,3,4,3,3,3,4,3,4,3,2,3,4,3,3,4,3,3,3,3,3,3,3,4,4,4,3,4,3,4,3,4,2,2,2,2,2,2,2,2,2,2,2,2,2,3,1,4,6,7,5,7,6,5,5,6,1,47,4,1,1,1,40,4809,2900,0,416401,방송통신 방송 기술 인력,영상학
31729,3,3,4,5,2,3,2,2,1,0,2,2,4,4,3,4,2,3,1,0,1,0,3,4,3,3,4,4,4,3,1,0,1,0,3,4,3,4,4,5,4,4,3,5,3,4,3,6,3,4,2,3,2,3,1,0,4,3,1,0,1,0,3,4,2,4,2,2,1,0,1,0,3,4,3,4,4,4,1,0,2,3,3,4,4,3,3,3,2,2,3,2,2,2,4,2,3,3,2,2,4,3,1,1,2,2,0,7,1,4,3,3,4,3,1,3,9,9,3,3,3,3,3,2,3,2,2,4,2,4,3,5,3,2,4,4,3,4,2,3,4,4,2,2,2,2,2,2,2,2,2,1,3,2,2,2,2,6,6,5,5,6,7,5,4,3,1,59,2,2,5,1,48,0,0,3300,863201,맞춤 선호 사람 것이므,공업
31730,1,0,1,0,1,0,1,0,1,0,1,0,1,0,1,0,1,0,1,0,1,0,1,0,5,6,1,0,1,0,3,4,1,0,1,0,1,0,2,2,1,0,1,0,3,3,1,0,1,0,1,0,1,0,1,0,3,3,3,3,1,0,2,2,2,3,3,5,4,4,3,4,1,0,3,4,4,4,4,4,4,4,4,4,4,5,3,4,4,3,4,3,4,3,4,2,3,2,3,3,4,3,1,2,2,2,0,3,2,4,3,2,4,3,3,2,4,4,3,3,3,2,1,4,4,3,4,5,3,4,4,4,3,4,4,3,4,5,3,2,4,4,2,2,2,2,2,2,2,2,2,1,2,3,3,3,2,9,8,5,7,3,7,9,8,4,1,33,3,1,1,1,45,3200,2200,0,864301,기계 대체,기계
31731,3,5,2,4,2,3,4,2,5,6,2,2,1,0,3,2,3,3,1,0,4,3,3,4,4,3,3,3,1,0,2,3,1,0,1,0,3,3,1,0,4,3,3,3,3,5,4,5,2,4,3,2,2,2,1,0,2,1,3,2,2,2,4,2,2,2,4,2,1,0,1,0,4,3,3,1,1,0,1,0,1,0,1,0,1,0,1,0,4,2,3,3,4,5,3,2,4,3,3,4,3,13,2,4,2,2,0,3,6,2,3,3,3,5,4,4,3,3,5,4,4,4,5,3,3,4,4,3,5,5,4,3,4,4,3,5,4,4,5,3,3,3,2,2,2,2,2,2,2,2,2,2,3,3,3,3,2,8,4,5,7,4,6,5,6,6,1,43,6,1,1,1,40,8000,8000,0,13101,국책 기관 연구소 포화상태,수학
31732,2,3,2,3,2,3,3,4,1,0,3,4,1,0,2,2,2,3,1,0,2,2,3,5,5,5,2,3,1,0,1,0,2,3,2,3,4,4,3,4,2,3,3,4,2,3,2,3,3,5,2,3,3,5,1,0,2,3,1,0,2,3,1,0,2,3,1,0,1,0,1,0,2,3,2,3,2,3,2,3,1,0,1,0,3,5,3,5,5,5,1,5,5,4,3,4,4,4,4,4,5,17,1,1,1,2,0,6,5,4,5,5,5,5,5,4,9,9,4,4,1,4,4,3,3,2,2,4,5,5,2,4,4,4,4,4,4,4,4,3,5,4,2,2,2,2,2,2,2,2,2,2,4,2,2,2,2,4,3,2,4,3,1,7,5,3,1,33,4,2,5,1,50,0,0,5900,302001,수의사 면허 반려 동물 세대 증가,수의학
31733,3,5,4,6,3,4,4,5,3,4,4,5,3,4,4,4,3,3,4,4,3,4,1,0,2,3,1,0,1,0,2,3,3,3,1,0,1,0,3,3,3,4,4,4,3,4,1,0,1,0,1,0,4,6,4,6,3,5,4,5,3,5,4,5,3,4,1,0,1,0,1,0,1,0,1,0,1,0,1,0,1,0,2,2,3,4,3,3,3,4,3,4,5,3,3,3,4,4,4,3,4,3,1,5,2,2,0,6,6,4,5,4,4,4,4,4,4,5,4,5,4,4,4,4,5,4,5,4,4,4,4,4,4,5,4,5,4,4,5,4,4,2,2,2,2,2,2,2,2,2,2,2,3,3,3,3,2,5,4,3,4,5,4,5,4,5,1,37,5,1,1,1,40,5200,4000,0,122102,제약 관련 제품 수요 증가,약학
31734,3,4,3,3,1,0,2,2,3,3,3,4,3,4,3,4,4,4,4,4,3,3,2,3,3,3,3,3,3,4,3,3,3,3,3,3,3,3,3,3,3,3,3,3,3,3,3,3,3,3,2,2,3,3,2,2,3,3,3,4,2,2,3,3,2,2,4,5,4,5,4,6,4,4,4,4,4,5,4,4,4,5,1,0,1,0,1,0,4,3,3,4,4,4,4,3,3,4,4,3,4,6,1,2,1,1,3,5,4,3,3,3,3,4,4,3,3,2,3,3,3,4,3,3,2,3,4,3,3,3,3,3,4,4,5,4,4,5,4,2,3,4,2,2,2,2,2,2,2,2,2,3,3,2,2,2,1,8,8,7,7,7,6,5,5,6,1,28,3,1,1,1,48,3500,3000,0,704001,불도우저 운전 자격증 장비점검 교육 건설 때문,건축
31735,3,5,2,4,2,4,3,5,2,4,3,5,2,4,2,4,2,4,3,5,1,0,2,4,3,5,1,0,2,4,3,5,3,5,3,5,1,0,3,5,1,0,3,5,2,4,2,4,1,0,3,5,2,4,3,5,2,4,4,6,2,4,1,0,3,5,3,5,3,5,1,0,3,5,2,4,2,4,1,0,2,4,3,3,3,3,1,0,5,3,2,2,3,2,4,4,3,2,2,2,4,1,4,2,2,2,0,2,2,3,2,2,4,3,3,3,2,3,3,3,3,2,4,3,2,2,3,4,4,3,2,4,3,3,4,4,3,4,3,3,4,4,2,2,2,2,2,2,2,2,2,2,2,3,2,2,2,6,8,7,8,8,6,5,5,5,1,53,2,1,4,1,47,3500,2400,0,901301,점점 기계화 자동화 분야,문과
31736,3,5,4,5,3,5,2,5,3,5,3,5,4,6,4,6,4,6,2,5,2,4,4,6,3,4,4,5,2,4,2,3,2,3,2,4,3,5,3,5,2,4,2,3,2,3,3,4,2,2,1,0,1,0,1,0,2,3,1,0,3,4,3,4,2,3,2,3,2,2,2,3,1,0,3,4,2,4,4,4,1,0,2,3,3,4,2,4,4,2,4,3,3,4,2,3,3,2,3,2,4,9,1,2,1,1,2,2,4,3,2,1,3,4,3,3,9,4,4,4,3,2,3,3,3,2,4,4,2,4,2,4,3,2,2,2,3,2,3,4,3,3,2,2,2,2,2,2,2,2,2,1,3,3,2,2,1,7,5,7,3,5,8,6,6,5,1,28,3,1,1,1,40,3500,2200,0,531601,조주 기능사 조리사 요리 훈련 경기 회복,호텔경영학
31737,1,0,1,0,1,0,1,0,2,4,2,5,3,5,2,4,3,5,2,4,2,4,2,4,3,5,4,5,1,0,2,4,1,0,1,0,3,4,2,4,2,4,2,5,1,0,3,5,3,5,1,0,4,5,3,5,4,5,4,5,1,0,3,5,3,4,4,5,4,5,4,5,3,5,5,6,4,5,4,5,5,6,4,5,3,5,2,5,4,4,3,3,4,2,3,4,3,4,3,3,3,3,1,2,2,2,0,4,2,3,3,3,3,4,2,3,2,4,4,3,3,3,2,4,3,2,3,1,3,3,5,5,3,4,3,3,3,3,3,3,4,4,2,2,2,2,2,2,2,2,2,2,3,3,3,3,2,6,7,8,3,4,3,7,4,4,1,27,2,1,1,1,47,2700,2000,0,883101,가구 소비 감소,이과
31738,4,4,4,3,4,3,4,3,5,3,2,3,1,0,1,0,3,3,1,0,3,3,4,3,4,5,3,2,2,4,2,2,2,2,4,4,3,3,3,3,4,3,3,3,3,3,2,3,3,3,2,3,2,3,1,0,1,0,1,0,4,3,1,0,3,3,1,0,1,0,2,2,3,2,3,2,3,3,2,2,2,2,2,2,3,3,3,2,3,3,4,4,3,4,3,3,3,2,3,3,2,11,1,2,2,1,3,1,2,4,4,4,4,4,4,4,4,3,3,4,3,4,4,3,3,3,3,4,4,4,2,4,3,4,4,4,3,4,4,3,3,4,2,2,2,2,2,2,2,2,2,3,2,3,3,3,2,3,5,5,4,4,4,5,5,6,2,43,3,1,1,1,48,5700,3450,0,32401,출납 실무 업무 교육 입출금 업무 모바일 자동화 기기 이용 고용 감소,회계학
31739,3,4,3,4,3,4,3,4,3,4,3,4,3,4,3,4,3,4,3,4,3,4,3,4,3,4,3,4,3,3,3,4,3,4,3,4,3,4,3,4,3,4,3,4,3,4,3,4,3,3,3,4,3,4,3,4,3,4,3,4,3,4,3,3,3,4,3,4,3,4,3,4,3,3,3,3,3,5,3,3,3,3,3,4,3,3,3,3,3,3,3,3,4,3,3,3,3,3,4,3,4,3,1,4,2,2,0,5,5,4,4,4,3,3,4,4,3,4,3,3,2,3,3,4,4,3,3,2,3,3,3,4,3,4,3,4,3,4,3,3,4,3,2,1,1,1,2,2,2,2,2,2,2,3,2,2,2,5,7,5,5,5,5,5,5,5,1,31,4,1,1,1,40,5000,3000,0,815001,자동화 장비 시스템 발달 자동화 산업 기술 발달 사람,전자
31740,4,5,4,6,1,0,4,5,3,3,4,5,1,0,3,4,4,5,4,6,5,6,4,5,4,3,4,5,5,5,4,5,4,5,5,5,4,5,4,5,4,5,4,5,4,6,4,4,1,0,1,0,4,4,1,0,1,0,1,0,1,0,4,6,4,1,1,0,1,0,1,0,1,0,1,0,1,0,1,0,1,0,1,0,1,0,1,0,5,2,5,5,5,4,4,4,3,4,4,3,3,11,1,4,1,2,0,3,5,4,5,4,4,4,4,4,3,3,3,3,4,4,4,5,2,4,3,3,2,2,4,4,4,5,4,4,4,4,5,4,4,3,2,2,2,1,1,1,2,2,1,4,3,2,2,2,1,8,3,7,5,5,5,5,5,5,1,43,4,1,1,1,40,4800,3000,0,31102,전산회계 공인회계 데이터 분석 업무 추진 상황 변동,경제학
31741,3,4,3,4,3,4,3,5,3,5,3,5,3,4,3,5,3,5,3,4,3,4,3,4,3,4,3,4,4,5,3,4,4,5,4,6,4,5,4,5,4,6,4,5,4,6,4,6,4,5,4,5,3,5,1,0,1,0,1,0,3,4,3,3,1,0,1,0,1,0,1,0,4,5,1,0,1,0,1,0,1,0,1,0,2,3,2,3,4,3,4,3,4,4,3,3,3,4,4,3,4,8,1,4,1,1,5,6,3,4,5,4,4,5,5,3,3,3,4,3,2,4,4,3,2,2,3,4,4,5,4,4,3,4,4,4,4,5,4,4,5,4,2,2,2,2,2,2,2,2,2,2,3,2,2,2,1,6,4,3,3,3,4,2,3,7,2,53,4,1,1,1,40,6020,2500,0,15201,운전면허 업무파악 업무실습 효율 위해 관리자 추세,경영학
31742,4,4,4,4,4,4,3,4,4,5,4,5,3,3,4,3,4,5,3,3,4,4,4,4,4,4,3,3,4,5,3,4,4,5,3,4,4,6,4,5,3,5,4,5,5,6,3,4,3,4,4,5,3,4,4,4,4,4,4,5,3,5,1,0,3,4,3,4,2,3,1,0,3,4,3,4,3,3,1,0,2,3,1,0,3,3,3,4,3,4,4,3,4,4,3,4,3,4,4,3,4,11,1,2,2,2,0,1,5,4,4,4,4,5,4,4,5,4,4,4,4,3,4,4,4,5,4,4,5,4,4,4,4,5,5,4,4,5,4,4,5,4,2,2,2,2,2,2,2,2,2,2,2,2,2,3,2,6,5,6,7,6,6,6,7,6,2,30,4,1,3,1,52,3800,2900,0,32101,은행 지점 일자리,경제학
31743,1,0,2,5,1,0,2,3,3,3,1,0,1,0,3,2,4,2,2,5,3,3,1,0,5,3,2,1,1,0,4,3,1,0,1,0,2,2,1,0,4,3,4,4,4,3,3,1,5,2,1,0,3,3,4,4,4,4,5,4,1,0,1,0,4,3,2,4,4,5,5,5,1,0,4,4,3,3,4,3,4,4,1,0,1,0,1,0,3,4,4,4,2,2,1,2,1,2,3,3,2,6,1,2,2,2,0,2,1,2,1,3,4,3,4,3,2,4,3,2,4,1,1,3,2,2,1,3,2,2,3,2,1,3,3,2,4,5,5,2,4,5,2,2,2,2,2,2,2,2,2,2,2,3,2,2,2,7,7,9,5,4,7,4,7,6,1,56,1,1,3,2,40,2300,2300,0,706001,건설 경기 부진 감소,0
31744,2,3,4,5,3,4,4,5,1,0,4,4,1,0,1,0,3,4,1,0,1,0,4,5,5,6,1,0,4,5,1,0,4,4,1,0,3,4,4,4,3,4,4,5,4,5,1,0,1,0,1,0,1,0,1,0,1,0,1,0,2,3,1,0,1,0,1,0,1,0,1,0,1,0,5,6,4,4,4,5,3,3,3,3,5,5,1,0,3,4,2,4,3,4,4,4,4,3,4,3,4,17,1,2,1,1,6,6,5,4,4,4,4,4,4,4,9,9,9,4,4,4,4,4,3,4,3,2,3,4,4,4,4,3,4,3,4,4,3,3,5,1,2,2,2,2,2,2,2,2,2,1,3,2,2,2,2,6,3,7,4,6,4,8,4,7,1,55,6,2,5,1,40,0,0,20000,301111,비뇨기과전문의 자격증 의료시술훈련 상황 유지,비뇨기
31745,2,2,2,3,1,0,2,3,3,3,4,5,5,6,4,5,4,5,5,6,4,5,4,5,4,5,4,5,4,5,3,4,3,4,4,5,3,4,4,4,4,4,4,5,4,6,1,0,3,3,3,4,2,3,1,0,4,5,4,5,3,3,2,3,2,3,4,5,3,4,4,5,4,5,4,5,3,3,2,3,3,3,2,3,4,5,2,3,4,4,5,4,4,4,3,4,3,4,4,4,4,19,1,2,2,1,2,7,5,4,2,3,4,3,4,2,3,3,4,3,2,3,3,2,3,4,3,3,3,3,4,2,3,4,4,3,4,4,3,4,4,3,2,2,2,2,2,2,2,2,2,2,4,2,2,3,1,7,6,3,3,4,7,8,3,2,2,28,3,1,1,1,45,3200,2700,0,415404,TV화면 디자인방법 연수 디자인 중요성 증대,서양미술학
31746,4,4,4,5,2,2,3,3,2,2,3,5,3,3,3,5,3,3,4,5,3,3,3,4,3,3,3,3,3,3,2,3,3,3,3,5,2,2,3,4,4,5,3,3,3,4,2,4,4,6,3,3,4,6,4,4,4,6,4,5,3,3,3,4,3,3,4,5,4,4,4,5,4,4,4,5,3,3,4,4,2,3,3,5,4,5,3,5,4,3,4,4,3,4,4,3,3,3,4,3,3,13,1,2,2,1,2,2,3,4,4,4,3,4,3,4,9,4,4,4,2,4,4,3,4,4,3,4,4,4,4,3,4,4,4,3,4,5,4,4,5,3,2,2,2,2,2,2,2,2,2,1,3,2,2,3,1,9,8,8,2,5,5,5,5,5,1,32,3,1,1,1,40,3820,2450,0,154201,수습기간 사람 직접 일이 변화,전문대 화학
31747,2,3,2,3,2,3,3,4,2,3,2,3,1,0,3,4,2,3,3,4,2,1,1,0,3,5,1,0,1,0,3,4,2,3,2,3,2,4,1,0,3,4,3,4,2,1,3,4,3,4,2,3,4,5,4,4,4,4,4,5,3,4,2,4,4,3,4,5,3,4,3,4,3,3,2,3,3,4,2,1,4,6,4,5,4,5,4,5,3,3,3,3,2,3,3,3,3,2,2,2,3,6,1,2,2,2,0,5,2,3,2,2,4,3,3,3,2,3,3,4,3,2,3,4,3,4,4,2,4,3,3,4,3,3,4,3,3,4,3,3,4,4,2,2,2,2,2,2,2,2,2,1,2,3,3,3,1,6,6,5,4,4,4,8,9,9,1,49,4,1,1,1,30,3750,2800,0,701101,건설 경기 불황 일자리 감소,건축공학
31748,4,4,4,4,4,4,4,5,3,4,4,5,4,5,3,5,4,5,4,5,4,5,3,4,4,5,4,4,4,4,3,4,4,5,4,5,4,4,4,4,4,5,4,5,3,4,3,4,4,4,4,5,3,4,4,5,3,5,4,5,4,4,4,4,3,4,4,5,3,4,3,4,4,5,4,5,4,5,4,5,3,4,3,4,4,5,3,4,4,3,4,4,4,3,3,4,4,3,3,3,3,10,1,4,1,1,2,2,5,4,3,3,5,4,4,4,5,5,4,4,4,4,4,4,3,3,4,4,3,3,4,3,3,4,3,3,3,4,4,4,3,3,2,2,2,2,2,2,2,2,2,2,2,2,2,2,2,7,8,5,4,5,5,5,6,5,1,42,4,1,1,1,40,5500,2600,0,134201,정보처리기사 기계다루는 방법 기술 개발,컴퓨터공학
31749,3,4,3,5,2,3,2,3,2,2,2,3,1,0,4,4,2,4,2,3,2,2,4,4,3,4,4,4,4,6,4,5,3,4,1,0,3,4,4,4,3,5,3,5,3,4,2,2,2,3,3,3,1,0,1,0,2,3,1,0,2,3,1,0,2,4,1,0,1,0,1,0,3,4,1,0,3,5,2,2,3,4,2,3,2,3,2,4,4,4,1,2,3,2,2,1,2,2,3,2,4,14,1,2,2,1,2,2,1,3,3,2,4,3,3,3,4,4,4,4,2,4,4,4,4,3,4,2,4,2,2,4,2,3,2,2,4,4,2,2,4,5,2,2,2,2,2,2,2,2,2,2,2,3,3,3,2,7,6,3,3,5,5,7,5,5,1,45,3,1,1,1,40,4000,2000,0,542001,시설 현장 관리 교육 보급 개인,체육
31750,3,5,4,5,3,5,4,5,3,4,4,6,1,0,4,5,4,5,4,6,4,5,3,5,4,6,4,5,5,5,4,6,4,6,5,6,4,5,4,6,5,6,1,0,4,5,3,5,2,3,4,5,1,0,1,0,3,5,3,4,2,3,1,0,3,4,3,4,1,0,2,3,4,5,1,0,3,4,4,5,3,4,3,4,4,5,4,4,4,5,1,4,4,1,5,5,2,4,4,4,4,15,2,2,1,1,2,5,5,4,5,4,5,4,2,4,4,3,4,4,1,4,4,5,4,4,4,3,4,2,4,3,5,4,3,4,5,4,4,4,4,4,2,2,2,2,2,2,2,2,2,1,4,1,1,3,2,8,6,6,3,5,4,3,7,6,1,48,4,1,1,1,48,4500,2800,0,240102,응급구조사 안전교육 현장 인력 증원 위해,해양경찰학
31751,5,6,5,7,4,6,3,4,4,5,4,5,1,0,4,5,3,4,4,5,3,5,3,5,3,5,3,5,3,4,4,5,3,4,3,5,3,5,3,5,4,5,4,5,4,5,1,0,2,1,4,6,2,4,1,0,2,4,2,4,3,5,1,0,2,4,3,3,1,0,1,0,4,5,2,3,2,4,2,1,2,1,2,4,4,5,3,4,3,3,2,3,3,3,4,3,2,3,3,2,3,15,2,3,2,2,0,5,5,4,3,3,4,5,4,3,3,3,2,3,3,2,4,4,3,3,3,4,3,3,3,3,3,4,3,3,4,3,3,3,4,4,2,2,2,2,2,2,2,2,2,1,3,3,3,3,2,6,5,6,4,6,6,7,4,3,1,51,4,1,1,1,30,4200,3150,0,25402,업계 변화,국어국문학
31752,4,5,5,6,4,5,4,5,3,4,5,6,4,5,4,5,4,5,4,5,3,4,3,4,4,5,4,5,4,5,5,6,4,5,5,3,3,4,3,4,5,7,5,7,4,5,2,3,4,5,5,6,2,2,2,2,2,2,2,2,1,0,2,2,2,2,2,2,2,2,2,2,4,5,3,4,3,4,4,5,4,5,4,5,4,5,4,4,4,3,4,4,4,3,4,4,4,3,3,4,4,19,1,5,2,2,0,3,5,4,4,3,4,4,4,5,4,4,5,5,1,4,4,3,3,4,4,4,3,4,3,4,3,4,3,4,4,3,4,4,4,3,2,2,2,2,2,2,2,2,2,2,3,3,3,3,2,8,5,4,5,7,6,7,4,6,1,48,4,1,1,1,40,5000,3000,0,222001,변화,경제학
31753,2,2,2,2,2,2,3,2,2,2,3,3,4,3,2,2,3,2,3,4,2,2,2,2,3,2,3,3,3,3,4,3,3,3,3,3,2,2,3,2,3,3,3,2,3,3,2,2,2,2,2,1,2,2,2,2,2,2,2,2,2,2,2,2,2,2,3,2,3,3,2,2,2,2,4,5,2,2,3,3,3,2,3,2,3,4,2,2,3,4,3,2,3,2,2,3,3,4,3,3,2,19,1,1,1,1,6,6,2,3,3,4,4,4,3,3,3,3,3,3,3,2,2,2,3,3,2,4,3,4,2,4,4,4,4,3,3,4,3,4,4,3,2,2,2,2,2,2,2,2,2,1,3,3,3,3,2,5,4,5,6,5,5,5,6,6,2,29,2,1,1,1,50,2350,2100,0,511201,미용사 미용실무교육 소비자 소비 고용 안정,미용학
31754,1,0,1,0,1,0,2,3,1,0,1,0,1,0,2,3,3,4,2,5,1,0,1,0,3,4,2,5,2,4,4,3,1,0,2,2,3,1,2,2,2,3,1,0,3,3,2,3,2,3,3,1,4,3,5,5,4,4,4,6,2,4,5,5,4,4,4,6,3,5,5,4,4,4,4,5,4,7,5,5,3,5,4,4,3,3,1,0,1,2,2,3,1,2,3,2,1,2,3,3,2,3,1,2,2,2,0,2,2,4,3,3,4,4,4,4,3,3,4,3,4,4,3,3,2,4,3,4,4,4,3,3,2,4,4,3,2,4,4,2,4,5,2,2,2,2,2,2,2,2,2,2,1,3,2,2,2,7,7,5,6,7,6,7,7,3,1,47,3,1,1,1,48,4500,4000,0,852201,인건비 증가 업체 해외 이주 전함,경영
31755,4,5,4,4,4,5,4,5,3,4,4,5,4,5,4,4,4,5,4,5,3,4,4,5,4,5,3,5,4,5,4,5,3,5,4,5,4,4,3,5,4,4,4,5,3,5,3,5,4,4,4,5,4,5,2,2,2,2,2,2,4,5,4,4,3,3,2,2,2,2,2,2,2,2,2,3,2,3,3,4,3,5,4,5,4,5,4,5,4,4,3,3,4,4,3,4,4,3,3,3,3,11,3,2,1,1,2,3,2,3,4,4,4,4,3,4,3,3,4,4,3,4,3,2,2,3,3,4,3,3,3,4,4,3,3,3,3,4,4,4,4,3,2,2,2,2,2,2,2,2,2,2,4,3,3,3,2,7,6,6,4,4,6,6,6,5,1,35,4,1,1,1,40,4300,3500,0,31201,투자자산운용사 금융투자분석사 업무능력상승 연봉,경영학
31756,1,0,1,0,1,0,1,0,1,0,1,0,1,0,2,3,1,0,2,3,1,0,1,0,2,3,1,0,1,0,1,0,1,0,1,0,1,0,1,0,1,0,1,0,1,0,1,0,3,3,1,0,1,0,2,2,3,4,1,0,1,0,1,0,1,0,2,2,2,1,2,2,1,0,2,2,2,3,3,3,3,4,3,4,2,1,2,1,2,2,3,3,2,3,3,2,2,2,2,3,2,6,1,2,1,2,0,7,2,3,2,2,2,2,2,3,9,9,9,4,3,3,3,3,3,3,3,2,3,3,4,3,3,2,2,2,3,3,3,3,3,2,2,2,2,2,2,2,2,2,2,1,3,2,2,2,2,6,6,6,5,7,7,3,4,5,1,56,3,1,2,2,40,3764,3000,0,701301,비계기능사 철근기능사,건축
31757,1,0,2,2,1,0,2,2,1,0,1,0,3,4,1,0,2,2,1,0,1,0,1,0,3,4,1,0,2,2,1,0,1,0,1,0,1,0,1,0,1,0,1,0,1,0,1,0,1,0,1,0,1,0,1,0,1,0,1,0,1,0,1,0,1,0,1,0,1,0,1,0,1,0,1,0,1,0,1,0,1,0,3,4,2,3,2,2,4,4,3,2,1,3,2,1,1,1,2,2,2,18,1,2,2,1,3,4,3,4,5,4,4,3,3,3,3,4,4,3,2,5,5,3,3,4,3,4,2,5,4,4,5,5,5,4,5,3,4,5,5,3,2,2,2,2,2,2,2,2,2,1,4,2,2,2,2,8,7,8,3,7,7,7,6,5,2,24,4,1,2,2,15,1600,1000,0,416202,자세 워킹 연기 모델 소개 상품 출현,모델학
31758,5,6,5,6,3,4,4,6,5,6,5,6,4,5,4,5,5,6,3,4,4,5,4,5,4,5,4,5,5,6,4,5,5,7,5,6,3,4,4,5,4,5,5,6,4,6,5,6,4,5,5,6,2,3,1,0,1,0,1,0,3,4,1,0,1,0,2,2,1,0,1,0,1,0,1,0,1,0,2,2,3,3,1,0,2,2,3,4,4,3,5,4,4,2,4,4,4,4,5,3,4,11,1,2,1,1,3,3,5,4,5,4,4,4,4,4,3,4,4,4,4,4,4,3,3,4,5,4,4,4,4,4,5,5,4,5,5,4,4,3,4,4,2,1,1,2,2,2,2,1,1,2,2,2,2,2,1,8,9,8,2,2,2,2,2,9,1,45,6,1,1,1,40,8000,4500,0,12401,신용분석사 금융투자분석사 투자분석사 지점관리 교육 금융 계통 일자리 추세 뱅킹 일자리,경제학
31759,2,3,2,3,2,3,5,6,4,6,4,5,4,5,3,5,4,5,4,5,3,5,3,5,4,5,3,5,4,5,4,4,4,4,4,5,4,5,3,5,4,4,5,6,4,6,3,5,4,4,4,4,4,5,4,5,4,6,4,5,3,4,4,5,4,5,4,4,4,4,4,5,3,5,3,5,3,5,4,5,3,5,4,4,3,5,3,5,4,5,4,5,4,4,4,5,4,5,4,4,5,10,1,4,2,2,0,3,5,4,5,4,4,4,5,3,3,4,4,4,2,4,3,4,4,3,4,4,4,4,4,4,3,4,3,4,4,3,4,4,4,4,2,2,2,2,2,2,2,2,2,2,3,3,3,3,2,6,6,3,7,3,4,3,7,6,1,39,4,1,1,1,52,5900,3500,0,416401,최첨단 촬영 기법 감소,사진영상학
31760,3,4,2,3,2,2,3,3,1,0,4,5,2,3,3,4,3,4,1,0,3,3,4,4,3,3,1,0,1,0,1,0,1,0,1,0,2,3,1,0,4,5,1,0,2,3,1,0,3,3,1,0,3,3,3,4,4,5,1,0,1,0,4,4,1,0,3,4,3,4,2,4,1,0,4,4,3,4,1,0,1,0,3,4,4,4,2,3,2,3,4,2,2,1,2,2,2,2,2,3,4,3,1,2,2,2,0,2,4,2,1,1,2,2,1,2,2,2,3,2,3,3,2,4,5,3,3,4,3,4,2,4,3,3,4,4,3,4,4,3,4,4,2,2,2,2,2,2,2,2,2,1,2,3,2,2,2,7,7,6,5,3,3,8,3,4,1,57,2,1,1,1,54,3000,2000,0,862301,선호 직업,공고
31761,3,4,3,4,2,2,2,2,4,6,4,5,5,7,4,5,4,5,3,4,3,4,3,4,3,4,3,4,1,0,1,0,1,0,1,0,2,2,2,3,4,5,3,4,1,0,1,0,1,0,1,0,5,6,5,7,4,5,4,6,5,6,3,4,1,0,2,3,1,0,1,0,1,0,2,3,2,2,3,4,2,2,1,0,4,5,1,0,5,4,4,3,3,3,4,3,3,5,4,3,4,13,1,3,2,2,0,7,5,4,3,4,4,4,3,5,5,4,4,5,3,4,3,5,3,3,4,4,3,5,4,4,4,5,5,4,5,4,4,2,4,3,2,2,2,2,2,2,2,2,2,2,4,2,2,3,2,2,1,2,2,3,8,8,8,5,2,26,4,1,1,1,40,3200,3100,0,159103,신흥 직업 업체 요구 추세,영상디자인
31762,3,4,3,4,3,5,3,3,1,0,2,2,1,0,1,0,1,0,1,0,1,0,1,0,1,0,2,2,3,2,2,2,1,0,1,0,1,0,2,2,2,2,2,2,3,3,4,4,3,3,3,3,3,3,1,0,1,0,1,0,2,2,1,0,1,0,3,4,4,4,3,3,3,2,3,2,2,2,3,4,1,0,1,0,4,4,3,4,2,4,3,3,4,4,4,3,3,3,4,4,2,17,1,2,1,1,6,6,7,4,4,4,5,5,4,4,9,4,4,4,2,4,4,4,3,4,4,3,5,5,3,3,4,4,4,5,4,5,3,3,3,2,1,1,2,2,1,1,2,2,2,1,4,2,2,2,1,5,5,5,5,5,5,5,5,5,2,41,4,2,5,1,46,0,0,8000,301201,의사자격증 다양한 의술이 있기 때문에 경험에 의한 교육이 필요하다 기계 장비 도입 의술 변화 환자 증가 의사 수가,의학
31763,1,0,1,0,1,0,1,0,1,0,1,0,1,0,1,0,1,0,1,0,1,0,1,0,5,5,1,0,1,0,1,0,1,0,1,0,1,0,1,0,1,0,1,0,1,0,1,0,1,0,1,0,1,0,1,0,1,0,1,0,1,0,1,0,5,5,5,6,5,6,5,5,1,0,4,5,4,5,4,5,3,4,4,5,4,5,1,0,4,2,2,2,3,1,3,2,2,3,2,2,4,3,1,3,2,2,0,2,2,4,2,1,3,3,2,3,4,4,3,4,2,4,3,4,4,3,4,4,3,3,3,4,3,3,4,4,3,5,3,2,3,4,2,2,2,2,2,2,2,2,2,1,3,3,3,3,2,9,8,2,2,4,8,8,4,8,1,37,2,1,1,1,40,3300,2400,0,861101,변동,기계
31764,5,7,5,6,5,6,4,6,4,6,5,6,3,5,4,6,5,6,3,5,3,4,5,6,4,6,4,6,5,6,4,5,5,6,4,6,5,6,1,0,4,6,3,5,3,5,2,5,2,3,4,5,1,0,1,0,1,0,2,3,3,5,1,0,3,5,1,0,1,0,1,0,3,4,1,0,1,0,2,3,1,0,1,0,3,5,2,3,4,3,2,4,5,4,2,3,2,4,4,4,5,16,5,4,2,2,0,3,6,5,3,3,3,4,4,2,4,3,3,3,2,4,3,3,4,3,3,4,3,5,3,4,3,4,5,4,3,4,3,4,5,4,2,2,2,2,2,2,2,2,2,1,2,2,2,2,1,4,3,2,4,3,4,6,4,3,1,34,5,1,2,2,24,2880,2640,0,211201,경쟁 성장 저하 때문 강사 추세,언어학
31765,4,5,4,5,4,4,3,4,2,3,3,4,4,5,2,2,3,4,1,0,2,3,3,4,3,4,1,0,3,3,3,4,1,0,1,0,3,4,4,4,3,4,1,0,1,0,1,0,3,4,1,0,4,5,3,4,4,5,4,4,4,5,1,0,1,0,3,4,1,0,1,0,1,0,4,5,2,2,1,0,1,0,2,2,3,4,1,0,4,4,3,4,4,4,3,4,3,4,3,3,4,19,1,2,1,2,0,2,2,4,3,3,4,4,4,4,4,4,3,3,3,3,2,3,3,4,4,3,3,4,4,4,3,3,3,3,3,4,4,4,3,4,2,2,2,2,2,2,2,2,2,2,3,3,3,3,2,7,5,4,4,5,6,7,6,5,2,33,3,1,1,1,40,3300,3000,0,415501,웹디자이너 인공 지능 대체 업무,컴퓨터학
31766,1,0,3,4,1,0,3,4,2,2,4,6,3,4,2,2,4,6,2,2,3,4,2,2,4,6,3,4,1,0,3,4,1,0,1,0,1,0,3,4,3,4,4,6,4,6,1,0,3,4,1,0,3,4,1,0,3,4,3,4,2,4,3,4,3,4,3,4,3,4,3,4,1,0,2,2,3,4,3,4,4,5,3,4,3,4,3,4,5,4,4,3,3,2,4,3,2,3,2,4,4,1,4,1,2,1,3,2,2,4,2,1,4,4,4,4,9,9,4,4,2,3,3,4,4,4,3,1,3,2,4,4,4,4,3,3,4,4,4,2,2,3,2,2,2,2,2,2,2,2,2,2,3,3,3,3,2,2,8,2,5,7,2,2,8,4,1,38,2,2,6,1,60,0,0,3500,904201,해양생태계를 전반 업무 교육 먹거리 변화,인문
31767,4,5,5,6,4,5,4,3,4,5,4,3,5,6,3,4,4,4,4,5,3,4,4,4,4,5,4,5,3,3,4,4,4,5,3,3,4,4,3,4,5,6,5,6,3,3,2,2,2,2,4,4,4,5,4,5,2,2,4,3,4,5,4,5,4,5,4,5,5,6,4,5,4,6,5,7,4,5,4,5,4,5,4,5,4,5,4,5,4,3,4,4,4,3,4,4,2,4,4,4,4,10,1,3,1,1,3,6,4,4,4,4,3,4,2,5,5,5,5,5,2,4,4,4,3,3,4,3,3,3,3,4,3,4,2,4,4,4,4,3,4,3,2,2,2,2,2,2,2,2,2,1,3,3,3,3,2,8,8,2,2,2,2,2,2,8,1,47,4,1,1,1,40,3700,3500,0,131202,정보처리산업기사 시스템구축 네트웍구축 관리 변화,통신
31768,4,5,4,5,4,5,3,5,4,5,4,4,1,0,1,0,2,3,1,0,4,5,3,4,2,2,4,5,2,3,2,3,2,3,2,4,2,3,3,5,3,5,4,5,2,3,3,4,2,2,2,2,1,0,1,0,1,0,1,0,4,5,1,0,2,2,1,0,1,0,1,0,2,3,1,0,1,0,1,0,1,0,1,0,3,4,2,3,5,4,5,3,3,5,5,3,2,5,5,2,5,11,1,3,1,1,2,4,5,5,5,5,5,5,5,5,5,5,5,5,5,5,5,5,4,5,4,4,4,4,4,5,4,5,4,4,5,4,4,4,4,5,2,2,2,2,2,2,2,2,2,2,2,3,3,3,2,5,5,5,5,5,5,5,5,5,2,33,4,1,1,1,40,3300,2400,0,32302,컴활1급 회사에 필요한 직무교육 전산 화가,경영학
31769,3,4,3,3,2,2,3,4,2,1,2,2,3,4,3,3,3,3,1,0,2,1,2,2,3,3,3,4,2,2,3,4,2,2,1,0,1,0,3,3,3,4,3,3,2,2,2,1,2,3,1,0,3,4,3,4,3,3,1,0,1,0,2,3,3,4,1,0,2,2,2,2,1,0,3,5,2,2,1,0,1,0,1,0,3,2,3,3,4,3,4,4,4,4,3,4,3,4,4,3,4,3,1,2,1,2,0,7,4,4,4,4,4,4,1,4,4,2,4,4,3,4,5,5,3,4,4,5,3,5,2,4,5,3,4,4,5,3,3,4,5,4,2,2,2,2,2,2,2,2,2,2,4,2,2,3,1,7,6,3,4,4,2,3,5,4,2,46,4,1,1,1,58,4700,3200,0,415101,제품디자인기사 시각디자인기사 정형 중이,동양학
31770,2,2,2,2,1,0,2,2,1,0,1,0,1,0,1,0,2,2,1,0,1,0,1,0,1,0,1,0,2,2,1,0,2,2,1,0,1,0,1,0,2,2,2,2,2,2,1,0,3,3,3,4,4,5,4,5,4,6,4,5,1,0,1,0,4,4,4,5,4,5,4,5,4,5,4,5,3,4,4,5,3,5,3,4,4,5,4,5,3,3,3,4,3,3,3,4,3,3,3,3,3,6,1,2,1,2,0,4,3,3,4,3,3,3,3,4,5,4,4,4,3,4,3,3,4,3,4,3,3,3,3,4,4,3,4,3,4,3,4,3,3,4,2,2,2,2,2,2,2,2,2,2,3,3,3,3,2,5,4,5,5,4,3,4,5,6,1,45,2,1,1,1,40,3900,3200,0,701201,산업기사 변화,토목건축
31771,4,5,3,3,3,2,3,3,3,3,3,2,3,4,2,3,2,2,3,3,3,4,2,2,2,2,2,2,2,2,2,2,2,2,3,3,2,2,2,2,2,2,4,5,3,3,4,5,5,6,3,2,4,5,4,5,4,6,4,5,4,5,4,5,3,5,5,6,4,6,4,5,3,4,2,2,3,3,2,2,2,2,2,2,3,4,2,4,4,3,4,4,3,4,3,3,2,3,2,2,3,3,1,3,1,2,0,5,5,2,3,3,4,4,4,4,4,3,4,3,3,3,4,3,3,3,3,3,4,3,3,3,4,3,3,4,3,3,3,4,3,3,2,2,2,2,2,2,2,2,2,2,3,2,3,2,2,3,4,3,4,5,4,5,6,5,1,39,4,1,1,1,45,4100,3400,0,835101,전기산업기사 매년 증가 감소 동일 유지,설비
31772,2,2,2,3,1,0,4,5,1,0,2,2,1,0,3,3,3,4,3,4,3,4,1,0,4,5,2,2,4,5,4,5,3,4,1,0,4,5,4,6,4,5,3,4,4,5,1,0,1,0,2,2,1,0,1,0,1,0,1,0,1,0,1,0,1,0,1,0,2,2,2,2,2,2,1,0,1,0,5,6,2,3,4,5,4,5,4,6,3,4,2,4,4,3,3,2,2,3,2,2,2,8,1,5,1,1,3,4,5,3,3,2,3,2,3,4,3,3,3,4,3,4,3,4,3,3,4,3,4,4,3,3,3,4,3,4,4,3,3,4,3,3,2,2,2,2,1,1,2,1,2,1,3,3,3,3,2,3,2,2,3,3,2,2,2,2,2,27,4,1,1,1,30,3800,3500,0,522101,JLPT HSK dcs 정기 안전 훈련 고객 트러블 비행기 이동,항공서비스학
31773,4,4,4,4,3,3,4,4,1,0,2,2,2,2,3,3,2,2,1,0,1,0,3,4,3,3,2,2,4,4,4,4,4,5,3,3,4,5,4,4,4,4,5,5,4,4,3,3,4,4,3,3,1,0,1,0,1,0,1,0,3,4,1,0,3,3,3,3,4,3,4,3,4,4,1,0,2,2,1,0,1,0,1,0,3,3,5,6,3,4,3,4,5,4,4,1,3,4,5,3,2,17,1,2,1,2,0,5,5,3,4,4,4,4,3,4,9,9,9,5,2,3,3,2,3,3,2,2,4,4,3,4,4,3,4,4,3,4,3,2,4,4,2,2,2,2,2,2,2,2,2,1,3,2,2,2,2,7,5,5,2,8,8,5,6,5,2,50,4,2,5,1,45,0,0,3000,306901,언어 재활사 언어장애 발생,특수교육학
31774,2,4,2,3,1,0,1,0,3,5,2,4,2,4,2,4,2,4,1,0,2,4,2,4,3,5,2,3,2,3,3,5,2,4,2,4,2,5,2,3,2,3,2,4,2,4,2,4,1,0,1,0,2,4,1,0,1,0,1,0,2,5,1,0,1,0,1,0,1,0,1,0,1,0,1,0,2,2,1,0,1,0,1,0,2,3,2,2,3,3,3,3,3,4,3,2,3,3,3,3,3,17,1,2,1,2,0,2,4,3,2,2,3,3,3,3,3,3,4,3,2,3,3,3,3,2,3,2,3,3,3,4,3,3,3,3,4,3,3,3,4,4,2,1,2,2,2,2,2,1,2,2,2,3,3,3,2,6,4,5,4,4,6,5,4,4,2,35,4,1,1,1,40,3500,2500,0,27201,전산회계운용사2급 사업 확장 업무 증가 소프트웨어 개발 업무 간소화,영어영문
31775,4,5,4,5,2,5,3,5,4,5,4,6,3,5,3,5,4,6,3,5,4,6,4,6,3,5,3,5,3,5,3,5,3,5,3,5,2,5,2,4,4,6,3,5,3,5,3,5,3,5,3,5,3,5,4,5,4,5,3,5,2,4,4,5,4,5,3,5,3,5,4,6,3,5,2,4,2,4,3,5,3,5,3,5,5,6,4,5,5,4,4,5,4,4,3,4,3,4,3,4,3,6,1,2,1,2,0,2,5,5,4,4,5,4,4,3,3,3,4,3,2,5,5,4,3,5,4,3,4,4,4,3,4,3,5,4,3,4,4,5,4,2,2,1,2,2,2,2,2,2,2,2,4,3,3,3,2,7,4,5,7,4,6,5,7,3,1,42,4,1,1,1,40,5000,3500,0,140306,토목기사 측정 환산 지형 확인 드론 업무 태양 광산업 발전 건설 경기 증가,토목
31776,4,4,3,3,3,3,3,3,3,5,3,5,3,3,3,4,3,2,2,2,2,3,2,2,3,2,4,6,2,2,2,2,2,2,3,2,2,2,2,3,4,6,4,5,4,4,4,5,4,5,4,6,4,6,4,6,4,6,3,5,3,2,3,5,4,7,5,7,4,6,4,4,3,3,2,2,2,2,2,2,2,2,3,2,3,3,2,2,4,3,3,4,3,3,2,3,2,3,3,3,3,3,1,2,1,1,5,4,5,4,4,4,3,4,2,4,4,3,3,4,3,4,3,4,4,3,4,4,4,3,4,4,4,4,4,3,4,3,4,4,3,3,2,2,2,2,2,2,2,2,2,2,2,3,3,3,2,3,3,3,3,3,4,4,4,2,1,52,4,1,1,1,45,4400,3800,0,835101,전기산업기사 실무적인 내용 로봇 자동화 대형화 생산 인력 감소,기계
31777,4,6,4,6,1,0,3,3,2,1,3,3,1,0,3,4,4,4,3,3,3,3,3,4,5,5,2,2,3,4,2,1,2,2,1,0,5,7,3,3,3,4,4,6,3,3,2,1,3,3,3,4,4,5,4,4,3,4,2,1,3,4,1,0,1,0,2,2,1,0,1,0,2,2,3,6,4,6,3,2,1,0,2,2,5,7,4,6,4,4,1,5,3,4,3,4,4,4,3,3,4,17,1,1,1,2,0,5,7,2,3,3,3,4,2,5,3,3,4,3,2,4,3,4,3,3,2,3,3,4,3,3,3,3,3,3,3,4,3,3,4,1,2,1,1,2,2,2,2,2,2,1,4,2,2,2,2,1,1,1,2,5,7,1,2,5,2,49,6,1,1,1,40,9645,7000,0,301105,의사국가자격증 의료 기계 발달 의료 서비스 수요 증대 의사 수요 지속 증가,의학
31778,5,7,5,6,5,7,5,7,5,7,5,7,5,6,5,7,5,7,5,6,5,7,4,6,4,5,4,6,5,7,5,6,5,7,5,7,5,6,4,5,5,6,5,7,5,6,4,5,3,3,2,3,3,2,1,0,1,0,1,0,1,0,1,0,1,0,2,1,1,0,1,0,2,3,1,0,1,0,1,0,1,0,1,0,2,3,2,3,4,3,3,3,4,3,4,3,3,4,4,2,3,15,2,4,2,2,0,4,6,3,3,3,4,4,4,3,4,4,4,3,3,3,3,2,2,2,3,2,2,3,4,2,3,3,2,3,2,4,3,2,3,5,2,2,2,2,2,2,2,2,2,2,3,3,3,3,2,2,2,2,5,5,6,2,2,4,1,49,5,1,1,1,50,6900,3000,0,110203,상태 유지,경제학
31779,2,4,3,3,3,5,1,0,2,3,4,5,1,0,4,5,1,0,2,3,4,3,2,4,4,4,5,4,1,0,1,0,1,0,1,0,1,0,1,0,3,4,1,0,2,3,1,0,1,0,1,0,3,4,3,3,3,4,2,3,3,4,4,4,4,3,1,0,1,0,4,5,1,0,2,3,3,4,1,0,2,2,1,0,1,0,1,0,2,3,2,4,3,2,3,3,3,3,2,3,3,13,1,2,1,1,1,7,4,3,4,3,4,4,4,4,4,4,4,4,1,4,4,4,3,3,4,3,3,3,4,4,3,3,3,4,3,4,2,3,4,2,2,2,1,2,1,1,1,2,2,1,3,3,3,3,2,4,5,2,6,3,3,6,5,3,2,37,4,1,1,1,40,4500,3500,0,155301,환경분석사 자격증 대기환경기사 대기환경분석 교육 지시 매스 장비 변화 수요 변화,환경공학
31780,3,5,3,4,2,3,2,3,4,5,4,5,3,4,3,4,3,4,2,3,2,3,2,3,2,3,2,3,2,2,2,3,2,2,2,2,2,2,2,2,2,3,2,3,2,3,2,2,2,2,2,2,3,4,3,4,3,4,2,3,4,5,2,2,2,2,2,2,2,3,3,4,2,3,3,5,2,2,2,2,2,2,2,2,2,2,2,2,4,4,3,3,3,4,4,2,3,4,4,4,4,13,2,4,2,2,0,2,6,4,4,3,4,4,4,4,5,4,5,4,2,4,4,4,4,3,4,3,5,4,3,5,4,4,4,4,4,5,3,4,5,2,2,2,2,2,2,2,2,2,2,2,5,3,3,3,2,4,5,6,7,4,5,5,5,4,1,48,6,1,1,1,40,6500,3000,0,155103,에너지 개발 국가 지원,에너지자원공학
31781,3,3,3,3,2,2,3,4,1,0,1,0,4,5,3,4,4,5,4,5,3,5,3,4,5,5,4,5,3,4,2,2,3,4,3,4,1,0,3,3,4,5,4,5,1,0,1,0,1,0,1,0,4,5,4,5,3,4,3,5,4,5,2,2,3,4,4,5,3,4,3,4,3,4,2,2,4,5,2,2,2,2,1,0,3,3,2,2,4,5,3,4,5,3,3,4,3,4,5,4,4,18,1,2,2,2,0,2,4,3,4,4,5,4,4,4,4,3,5,4,2,3,4,4,4,3,4,2,3,2,1,4,4,3,4,4,4,5,4,3,4,3,2,2,2,2,2,2,2,2,2,1,2,1,1,1,1,4,3,4,4,4,4,4,5,4,1,50,4,1,1,1,40,5000,3000,0,416105,장비 자동화 디지털화,영상예술학
31782,3,3,2,3,1,0,2,3,1,0,2,3,2,3,2,2,5,7,4,5,4,5,1,0,3,4,1,0,1,0,5,7,2,2,3,4,2,2,3,4,4,5,5,7,3,4,1,0,1,0,1,0,3,4,2,3,3,3,4,6,1,0,2,2,5,6,2,3,5,7,5,7,4,5,2,2,5,6,4,5,4,5,3,4,4,5,3,4,4,4,4,3,4,3,4,4,4,3,4,5,4,8,1,6,1,1,4,5,5,5,4,5,4,5,5,5,5,4,4,4,4,4,3,5,4,4,5,4,4,4,4,4,5,5,4,5,4,4,4,4,5,4,2,2,2,2,2,2,2,2,2,2,2,2,2,2,2,2,1,2,2,8,7,8,9,8,1,54,4,1,1,1,50,14500,8500,0,621101,사업용 조종사 운송용 조종사 비행 훈련 시스템 인지 훈련 자동 조종 점차,항공학
31783,3,5,3,5,3,4,3,4,3,3,3,3,3,4,2,3,2,2,3,4,2,3,3,4,3,4,3,3,3,4,3,3,3,4,3,3,3,4,3,3,3,4,2,3,3,4,3,3,3,3,3,4,2,3,2,2,2,3,2,3,3,4,3,5,3,4,2,3,3,4,3,4,3,3,3,4,2,2,3,3,3,4,2,3,3,4,3,3,4,3,3,3,4,3,3,3,3,4,4,4,3,3,3,3,2,2,0,2,4,4,4,3,4,4,3,3,4,4,4,4,3,4,3,3,4,3,3,4,4,5,2,4,3,4,4,4,3,5,4,3,5,5,2,2,2,2,2,2,2,2,2,2,4,3,3,3,2,6,4,5,4,4,5,4,5,4,1,56,4,1,1,1,40,5600,2900,0,131201,코로나 활용 프로그램 필요,전자공학
31784,4,5,3,5,5,6,4,5,4,6,5,6,3,5,4,6,5,5,4,5,5,6,4,6,5,6,4,5,3,5,3,6,4,5,3,5,4,4,4,5,5,6,3,5,4,5,4,5,3,4,3,5,5,6,3,5,4,6,3,4,3,5,4,5,3,4,4,4,3,4,3,4,4,5,3,4,3,5,3,3,1,0,1,0,4,4,3,3,5,4,4,4,4,2,4,3,3,4,4,4,4,3,1,2,1,2,0,5,5,4,4,4,4,5,3,4,4,4,4,4,2,3,4,4,4,3,4,3,4,3,4,4,3,4,4,3,4,4,3,4,4,4,2,2,2,2,2,2,2,2,2,2,4,3,3,3,2,7,4,5,3,4,4,7,4,4,1,41,4,1,1,1,40,4500,3300,0,157201,식품산업기사 기계 사람 부분 때문 증가,식품영양학
31785,1,0,5,2,1,0,4,1,2,1,3,4,1,0,1,0,1,0,1,0,1,0,1,0,1,0,1,0,1,0,5,1,3,1,1,0,1,0,5,3,2,1,1,0,2,1,1,0,1,0,1,0,1,0,1,0,1,0,1,0,1,0,1,0,1,0,1,0,1,0,1,0,1,0,4,1,4,1,2,1,4,1,3,1,2,1,2,1,2,2,4,2,1,3,2,2,3,4,4,3,3,9,1,2,2,2,0,1,2,3,2,2,3,4,4,2,2,2,4,2,4,1,1,3,3,3,3,3,3,3,2,5,2,2,2,2,2,4,2,3,2,2,2,2,2,2,2,2,2,2,2,2,1,2,2,2,2,9,9,9,4,5,6,5,5,5,2,26,2,1,2,2,30,1400,1400,0,532101,기계 대신,이과
31786,1,0,2,2,1,0,2,3,1,0,2,3,4,4,4,5,4,6,4,6,4,5,4,5,5,6,1,0,4,5,3,5,2,3,5,6,4,5,3,4,5,7,5,6,4,6,4,6,4,6,4,6,4,5,2,3,5,7,4,5,1,0,2,1,1,0,5,6,4,6,4,7,4,5,5,6,4,6,4,6,4,5,5,5,3,5,1,0,4,2,4,1,3,1,4,2,1,4,3,3,5,1,4,1,2,1,1,7,2,4,3,3,2,5,3,4,9,9,9,3,3,3,4,4,3,2,4,1,2,3,4,5,3,5,1,1,5,5,5,1,5,5,2,2,2,2,2,2,2,2,2,2,2,3,3,2,2,9,9,9,8,5,7,6,7,7,2,62,1,2,6,1,32,0,0,2200,904201,실습훈련 어업 생산 감소,0
31787,4,5,3,4,3,3,4,5,4,5,3,4,4,5,3,4,4,4,3,4,4,5,4,5,4,5,3,4,3,4,4,5,4,4,4,5,4,5,4,4,4,5,4,5,4,4,4,5,4,5,4,4,4,5,4,5,4,4,4,5,4,5,4,5,4,4,4,5,3,4,4,5,4,5,4,4,4,5,4,5,4,4,4,5,3,4,2,2,4,4,3,4,4,3,4,4,4,4,3,3,3,13,2,3,2,2,0,2,5,4,4,5,4,4,3,4,5,4,5,5,4,3,4,3,4,3,4,4,4,4,4,4,3,4,4,3,4,4,3,4,4,4,2,2,2,2,2,2,2,2,2,2,4,3,3,3,2,8,8,7,7,6,7,6,7,5,1,31,4,1,1,1,40,4200,4000,0,155102,지구 온난화 방지 대안 효율 에너지 환경 건축 규제 강화 전망,전기공학
31788,2,2,2,3,1,0,1,0,1,0,2,4,1,0,2,3,2,3,1,0,1,0,2,3,1,0,2,3,1,0,2,3,2,3,2,2,3,3,1,0,1,0,1,0,1,0,1,0,2,3,1,0,3,5,3,3,3,5,3,4,2,3,4,5,4,5,4,4,3,5,3,4,2,2,1,0,1,0,1,0,1,0,1,0,3,4,2,3,4,3,2,3,3,4,4,4,3,3,3,3,4,3,1,2,1,2,0,3,5,4,4,4,4,4,4,4,3,3,4,4,3,3,2,4,4,2,2,3,3,4,3,4,3,4,3,3,4,4,3,2,4,4,1,2,2,2,2,1,2,2,2,2,3,3,3,3,1,2,1,2,3,4,3,8,8,8,2,46,4,1,1,1,40,4800,3100,0,154104,화공기사 화학분석기능자 컴퓨터 공학 기술 발전 실험 단계 기계 대체,화학공학
31789,4,6,5,3,4,5,4,6,4,5,1,0,2,3,4,4,3,4,4,5,4,5,2,2,1,0,4,5,3,4,5,6,2,3,4,3,2,2,3,4,1,0,3,4,4,4,1,0,1,0,4,4,1,0,1,0,2,3,2,2,1,0,1,0,1,0,1,0,1,0,1,0,4,5,1,0,1,0,1,0,1,0,1,0,2,3,2,3,4,4,5,3,4,5,4,4,3,2,5,4,3,19,1,2,2,2,0,1,1,4,4,4,4,2,2,5,9,9,9,5,3,3,3,3,3,4,3,2,4,3,4,4,4,4,3,4,4,5,5,4,5,3,2,2,2,2,2,2,2,2,2,1,3,3,3,3,2,9,8,7,1,2,3,9,8,6,1,60,1,2,5,1,45,0,0,4500,29904,변동 직종,0
31790,4,5,3,5,3,5,4,4,3,4,3,5,3,5,3,4,4,5,3,4,3,4,2,4,3,4,4,5,4,4,3,5,3,4,4,5,2,4,3,5,4,4,3,4,4,4,3,5,3,4,4,4,3,5,3,4,3,4,2,4,3,4,4,4,4,5,4,4,3,4,4,4,3,4,3,4,4,5,3,4,4,6,3,5,4,5,4,5,4,3,3,3,3,2,3,3,2,3,3,3,2,18,1,2,2,1,2,2,4,3,2,2,4,3,3,3,3,3,4,4,3,3,3,4,3,3,3,3,4,4,4,4,3,4,3,3,4,4,3,3,4,4,2,2,1,1,2,1,2,1,2,3,2,3,2,2,2,7,8,7,3,4,7,6,7,7,1,36,4,1,1,1,50,2900,2000,0,24404,아이디어의 생활화 기획 상품 개발 청년,사회과학
31791,3,5,3,5,3,5,3,5,3,5,3,5,3,5,3,5,4,5,4,5,4,5,4,5,4,5,3,5,3,5,4,5,4,5,3,5,3,5,3,5,3,4,3,5,3,5,3,5,3,5,3,5,4,5,4,4,3,5,4,5,3,5,4,5,4,5,4,5,4,5,4,5,3,5,4,5,4,5,3,5,4,5,4,5,3,5,4,5,4,4,3,4,4,4,3,3,4,3,4,3,3,10,1,4,2,2,0,4,5,3,3,3,2,3,4,4,4,4,4,4,2,3,3,4,4,4,4,4,4,4,3,5,4,5,3,5,5,5,5,5,4,5,2,2,2,2,2,2,2,2,2,2,3,3,3,3,2,7,6,6,6,6,6,5,5,5,1,44,4,1,1,1,40,6500,3500,0,153201,일자리 한정,산업공학
31792,4,4,4,5,3,5,3,5,4,4,3,3,3,3,4,5,4,4,3,5,4,5,3,3,1,0,2,3,2,2,3,3,3,4,1,0,4,5,1,0,1,0,1,0,1,0,4,4,3,3,3,4,3,4,4,5,1,0,1,0,1,0,1,0,1,0,1,0,1,0,1,0,1,0,1,0,2,2,1,0,1,0,2,2,3,4,2,3,2,2,3,3,4,4,3,3,2,4,4,3,2,3,1,3,1,1,6,6,5,4,4,3,4,5,3,4,3,4,4,4,2,4,4,3,2,2,2,2,3,4,4,4,3,3,3,3,3,3,2,3,4,4,2,2,1,2,2,2,2,2,2,3,2,3,3,3,1,7,7,7,5,5,5,5,5,5,1,30,4,1,1,1,48,3300,2800,0,156101,방사기술사 섬유공학기술자 섬유 테스트 기기 도입 섬유 관련 산업 감소,재료공학
31793,4,5,4,5,2,2,4,5,4,5,4,5,4,5,4,6,4,5,4,5,4,5,4,6,4,6,2,2,4,5,4,5,4,6,4,5,4,6,4,5,4,5,4,5,4,5,4,5,4,5,4,5,4,5,4,5,4,5,4,5,4,5,4,6,4,5,4,6,4,6,4,6,4,5,4,6,4,5,4,6,4,6,4,5,4,5,4,6,4,3,4,4,4,4,3,4,4,3,4,4,4,6,1,2,1,1,2,6,2,3,2,1,4,4,2,3,3,4,4,3,2,4,4,4,4,3,4,4,3,3,4,4,4,3,4,4,4,3,4,4,4,3,1,1,1,1,1,1,1,2,2,1,4,2,2,2,1,6,7,6,7,7,6,4,5,4,1,46,4,1,3,1,48,4300,2600,0,140204,건설기계산업기사 건설안전산업기사 새로운 기술교육 기술 개발 침체 도심 도시재생 사업 본격,건축학
31794,3,4,4,5,3,5,3,4,3,4,3,5,1,0,3,4,4,5,3,5,3,4,3,3,2,3,3,4,4,5,2,2,3,4,2,3,3,4,4,5,4,5,5,6,4,5,4,5,4,5,4,5,3,4,1,0,3,4,3,3,1,0,4,5,2,2,2,2,2,2,2,2,3,4,5,5,4,5,2,3,3,4,3,4,3,4,2,2,5,3,2,3,4,2,4,3,3,1,5,4,4,3,1,2,2,2,0,6,2,4,3,3,4,3,2,2,9,9,4,3,2,5,4,4,4,3,4,2,3,1,2,3,4,4,2,3,2,4,2,3,4,3,2,2,2,2,2,2,2,2,2,2,3,3,3,3,2,7,8,3,4,3,2,6,2,2,1,60,2,2,5,1,48,0,0,4500,813101,산업 모든 산업 기간 산업 크게,공고
31795,1,0,1,0,1,0,1,0,1,0,1,0,1,0,1,0,1,0,1,0,1,0,1,0,4,4,1,0,1,0,1,0,1,0,1,0,1,0,3,4,1,0,1,0,3,4,1,0,1,0,1,0,1,0,1,0,4,5,4,4,1,0,1,0,3,4,4,5,4,5,4,5,1,0,4,4,4,4,3,3,3,4,4,5,4,4,1,0,3,3,2,3,3,2,4,2,3,3,2,3,3,19,1,1,2,2,0,3,1,2,2,1,4,3,3,3,3,5,9,3,3,3,2,3,4,3,4,3,3,2,4,4,2,3,3,3,2,3,2,2,3,4,2,2,2,2,2,2,2,2,2,1,3,2,2,2,2,8,3,6,4,7,5,5,5,3,1,41,3,1,1,1,45,3500,3000,0,702401,대체 요소,설치미술학
31796,2,4,2,4,2,3,2,2,2,1,2,2,2,4,2,3,2,3,2,1,2,1,2,3,2,4,2,3,2,2,2,3,2,2,2,4,2,2,2,3,2,4,2,3,2,4,2,3,2,3,2,2,2,4,2,3,2,4,2,1,2,1,2,4,2,4,2,3,2,4,2,2,2,3,2,4,2,1,2,2,2,1,2,3,2,3,2,2,3,2,3,3,3,3,2,3,2,2,3,2,3,18,1,3,1,2,0,7,4,2,3,5,5,4,1,4,3,3,3,3,2,5,3,3,2,2,2,3,4,4,3,4,3,2,1,1,3,4,2,2,3,3,2,2,2,2,2,2,2,2,2,1,4,3,3,3,1,6,7,8,5,3,3,4,3,3,1,40,4,1,1,1,52,7100,4800,0,415101,제품디자인기술사 강조 디자인 유행,산업디자인
31797,5,7,5,7,3,4,5,7,3,4,4,5,3,4,3,4,5,7,3,4,3,4,4,5,4,6,4,5,2,3,2,3,2,3,1,0,3,4,1,0,1,0,1,0,1,0,1,0,1,0,1,0,1,0,1,0,1,0,1,0,1,0,1,0,1,0,1,0,1,0,1,0,1,0,1,0,1,0,1,0,1,0,1,0,3,4,4,5,4,4,4,3,4,5,3,5,4,4,4,4,4,18,1,6,2,2,0,3,2,4,5,4,5,5,3,3,4,4,4,4,2,4,4,3,3,2,3,5,4,5,2,5,4,4,5,5,4,5,4,4,5,4,2,2,2,2,2,2,2,2,2,2,3,1,1,3,1,9,5,5,1,1,5,8,5,1,1,36,4,1,1,1,40,3500,2400,0,416205,목소리 연기 기계 대체 불가,국어국문학
31798,5,6,5,6,4,6,4,5,2,5,3,5,3,5,3,4,3,5,3,5,3,5,3,6,3,5,4,5,5,5,3,5,4,5,4,5,4,5,5,5,4,5,5,6,4,7,4,5,4,5,5,7,4,4,2,2,2,2,2,2,4,4,2,4,2,3,2,4,2,2,2,2,4,5,4,5,3,5,2,3,1,0,1,0,2,4,2,3,5,4,5,4,5,3,5,3,4,4,4,4,4,15,2,5,2,1,2,6,2,5,4,4,4,4,4,4,5,5,5,5,2,4,4,4,3,4,4,2,4,4,4,5,3,4,3,3,5,5,4,4,4,4,2,1,1,1,1,1,2,2,2,2,3,1,1,3,1,8,7,6,5,4,4,6,7,5,1,59,4,1,1,1,45,7000,3000,0,21001,행정업무교육 발달 변화 현재 상황 유지,행정학
31799,4,4,4,3,2,2,3,3,3,2,3,3,2,2,3,3,3,3,2,3,2,3,4,4,3,2,4,3,3,3,4,4,2,2,1,0,2,2,3,2,3,3,4,3,1,0,2,2,3,3,4,4,4,4,4,3,4,3,3,4,4,4,4,5,4,4,3,3,4,5,4,5,3,3,2,2,2,2,1,0,1,0,1,0,4,3,4,3,5,4,2,4,4,3,4,3,4,4,3,2,4,10,1,4,1,2,0,5,5,4,3,3,4,5,5,4,3,3,4,3,2,4,4,2,3,4,3,2,4,4,5,4,4,3,3,4,4,4,3,4,4,3,2,1,2,2,1,2,2,2,2,1,3,1,1,1,1,7,5,8,5,7,5,6,7,5,1,45,4,1,1,1,40,4300,3200,0,134401,정보처리기능사 컴퓨터활용능력 기계 도입 기계 대체 불가,정보미디어
31800,3,4,3,4,2,2,3,3,2,3,2,2,2,3,2,2,2,3,2,2,2,2,2,3,2,2,2,3,3,4,2,3,2,3,2,1,2,2,3,3,2,2,2,3,3,3,2,2,2,2,2,2,2,2,1,0,1,0,1,0,2,3,1,0,1,0,1,0,1,0,1,0,2,1,1,0,1,0,2,1,2,2,2,1,2,2,2,1,2,3,4,3,3,4,2,3,3,3,3,3,2,17,3,5,1,2,0,3,4,3,3,2,2,3,4,3,3,4,4,4,2,3,3,4,4,2,3,2,4,3,3,4,3,4,3,2,3,4,3,3,4,4,2,2,2,2,2,2,2,2,2,1,3,3,3,3,2,6,4,5,4,4,5,5,4,4,2,36,4,1,1,1,40,3600,2800,0,29401,비서자격증 전문 비서 수요 증가,비서학
31801,5,5,4,5,3,5,3,4,3,4,3,4,2,3,3,4,4,5,3,4,2,4,3,4,2,4,2,3,3,4,3,4,2,4,4,5,4,4,4,5,4,4,4,4,4,3,2,4,3,4,3,3,3,3,4,5,2,3,2,4,5,5,4,4,4,5,3,3,3,3,3,4,3,4,3,3,3,5,3,4,2,4,2,3,3,4,3,4,4,3,4,5,4,4,4,2,4,5,5,4,2,3,1,3,1,1,2,3,4,5,4,4,4,5,3,4,4,5,5,4,1,3,3,4,3,3,4,3,4,3,4,4,3,3,4,3,3,4,3,3,4,4,2,2,2,2,2,2,2,2,2,2,4,3,3,3,2,8,7,5,4,4,4,2,5,5,1,30,4,1,1,1,40,3000,3000,0,153301,전기기기기능사 전자산업기사 진공밸브나 내전압등 안전 가동 실무교육 산업 기술 개발,전자공학
31802,2,3,3,4,1,0,2,2,1,0,2,3,2,2,3,4,4,5,2,3,1,0,2,3,4,5,3,5,4,5,3,4,2,2,1,0,3,4,4,6,4,5,2,2,2,3,1,0,1,0,1,0,2,2,2,2,2,3,1,0,2,2,1,0,2,2,2,2,1,0,1,0,2,3,3,5,3,5,4,5,2,3,3,4,2,3,3,4,2,4,2,2,4,3,2,3,2,4,4,2,3,17,1,2,1,2,0,7,4,3,3,2,4,5,2,3,3,4,4,3,1,4,4,3,2,2,3,4,4,5,4,5,5,5,2,3,4,4,3,3,4,4,2,2,2,2,2,2,2,2,2,1,4,3,2,2,1,7,8,6,4,5,3,6,4,3,1,29,4,1,1,1,40,2500,2000,0,511502,수의테크니션 반려동물 증가 관리 인력,미용학
31803,4,4,4,4,3,4,3,4,3,3,3,3,2,2,2,3,3,4,2,3,2,2,4,6,3,5,4,5,3,4,3,4,3,4,3,4,4,5,2,2,3,4,3,4,3,4,2,2,2,2,2,2,1,0,1,0,1,0,1,0,3,3,1,0,1,0,1,0,1,0,1,0,2,3,1,0,1,0,1,0,2,2,2,2,2,3,2,2,4,4,3,4,4,4,4,2,3,2,4,4,2,16,5,3,1,2,0,7,5,4,4,4,4,3,4,4,4,4,4,4,2,4,4,4,4,4,4,2,4,3,3,4,4,4,4,4,4,5,4,4,5,4,2,2,2,2,2,2,2,2,2,1,1,1,1,3,1,3,4,4,6,6,5,5,4,2,2,43,4,1,1,1,45,4000,2800,0,212101,교원자격증 출산율 감소,국어교육
31804,4,3,2,3,3,2,3,4,2,3,2,4,5,4,2,3,3,4,4,3,4,3,3,4,2,3,4,2,3,5,2,5,3,5,4,3,3,4,4,5,3,4,2,3,4,3,3,4,1,0,5,4,2,4,2,3,2,3,4,5,5,7,3,2,3,1,3,2,4,3,3,5,3,4,2,1,1,0,2,4,1,0,2,1,2,2,2,1,3,4,3,4,5,4,3,3,4,3,4,5,4,10,1,4,1,1,5,3,5,4,3,4,4,5,3,4,5,4,3,4,3,4,3,3,4,2,3,2,3,4,2,2,3,4,3,4,5,4,3,4,5,4,2,1,1,2,1,2,1,1,2,2,3,3,2,3,1,8,3,5,7,6,4,6,4,7,2,41,4,1,1,1,40,4100,3500,0,133205,응용소프트웨어 스마트앱 개발 교육 기술 개발 기술 향상 스마트 기기 개발 환경 변화,시각디자인학
31805,2,1,3,2,1,0,1,0,3,2,1,0,1,0,2,3,4,3,4,4,3,3,1,0,2,1,1,0,1,0,2,1,1,0,1,0,1,0,1,0,4,3,3,2,4,3,1,0,3,2,4,3,3,3,4,4,2,3,4,4,1,0,3,2,4,4,5,4,2,4,4,4,1,0,2,3,4,3,2,1,3,4,1,0,3,2,2,2,4,2,3,3,2,2,4,5,3,2,3,4,3,3,1,2,2,2,0,2,2,4,3,2,4,4,5,3,4,5,5,4,2,3,3,4,3,5,4,4,4,3,5,3,4,4,5,3,4,4,4,3,3,4,2,2,2,2,2,2,2,2,2,2,2,3,3,3,2,7,4,6,6,3,4,7,7,3,1,40,4,1,1,1,40,4000,3500,0,822301,조선업 금속 하향 감소,금속공학
31806,3,3,2,3,1,0,1,0,2,4,1,0,1,0,3,3,1,0,1,0,1,0,1,0,2,3,4,4,1,0,1,0,1,0,1,0,1,0,1,0,5,5,1,0,1,0,1,0,1,0,1,0,3,5,5,4,5,5,1,0,1,0,3,4,4,4,2,4,4,4,4,5,1,0,3,4,3,5,3,3,3,3,2,4,3,5,3,4,4,4,3,4,3,2,3,2,2,2,2,3,2,13,2,5,1,2,0,2,5,4,4,5,4,5,4,4,3,5,4,4,2,5,4,5,4,3,5,4,4,4,5,4,3,4,4,5,3,3,4,5,4,5,2,2,2,2,2,2,2,2,2,2,3,3,3,3,2,4,3,7,6,8,4,7,4,7,1,34,4,1,1,1,40,4000,3700,0,151301,항공기계정비기사 기계 분야 제조업 일부 유지됨,기계공학
31807,4,5,3,4,2,4,2,2,2,3,2,2,1,0,2,2,3,3,2,2,1,0,1,0,3,4,3,4,2,2,2,2,1,0,1,0,1,0,2,2,2,1,2,1,1,0,3,4,1,0,1,0,1,0,1,0,1,0,1,0,4,4,3,3,2,2,1,0,1,0,1,0,2,2,2,1,1,0,1,0,1,0,2,1,4,5,2,1,3,2,3,3,1,2,4,2,3,2,3,1,4,3,1,2,1,1,3,4,2,3,3,3,3,4,4,3,3,3,4,3,4,3,2,3,3,3,2,3,3,4,2,4,4,4,4,5,4,4,4,4,4,4,2,2,2,2,2,2,2,2,2,3,2,3,3,3,2,6,5,5,4,4,5,6,6,5,2,26,2,1,1,1,40,2000,1800,0,29501,워드프로세스 1급 직무훈련 기계 전산 인간 업무 분담,문과
31808,5,7,5,7,5,7,2,2,1,0,5,6,5,7,5,7,5,7,1,0,5,6,2,2,5,6,4,6,3,4,1,0,1,0,1,0,1,0,1,0,5,5,4,5,3,4,1,0,1,0,1,0,1,0,1,0,1,0,1,0,5,6,1,0,1,0,1,0,1,0,1,0,1,0,1,0,1,0,1,0,4,5,4,4,5,7,3,4,5,2,5,3,4,3,2,4,5,3,4,3,5,18,4,1,2,2,0,5,3,3,3,2,4,4,5,2,9,9,9,3,4,4,3,3,3,4,4,3,4,4,2,4,4,5,3,4,4,4,5,3,4,4,2,2,2,2,2,2,2,2,2,1,4,3,3,3,2,1,1,2,1,2,2,8,2,2,2,27,4,1,4,2,40,1800,1000,0,411102,사회 미디어 소득,국문학
31809,3,4,3,4,2,2,4,5,3,3,1,0,1,0,1,0,2,3,1,0,1,0,1,0,1,0,1,0,1,0,1,0,3,4,3,3,1,0,4,5,1,0,1,0,3,3,1,0,1,0,1,0,1,0,1,0,1,0,1,0,1,0,1,0,1,0,1,0,1,0,1,0,1,0,1,0,1,0,1,0,2,4,1,0,2,3,3,3,2,4,2,3,3,4,2,3,3,3,5,2,2,17,1,2,1,2,0,1,3,3,1,1,4,4,4,3,3,3,2,2,2,3,2,2,2,4,4,3,2,4,2,5,2,3,4,3,5,3,2,3,3,3,2,2,2,2,2,2,2,2,2,1,3,3,3,3,2,7,6,4,5,3,4,5,5,4,2,27,3,1,3,2,40,2000,2000,0,29202,간호조무사 인구 감소 저출산,관광
31810,3,4,5,6,3,5,3,5,4,5,3,5,1,0,5,6,5,5,4,5,4,5,5,6,5,7,3,4,3,4,2,3,2,4,2,4,4,4,4,4,3,4,3,4,5,6,2,3,3,4,1,0,5,5,1,0,5,7,4,4,3,5,3,5,5,7,4,6,4,4,4,6,3,4,2,3,5,7,5,7,3,4,5,7,5,6,5,6,4,3,4,4,4,1,5,4,3,3,3,5,3,15,2,5,1,2,0,6,4,4,4,4,4,4,4,4,3,4,4,4,1,5,4,4,5,4,3,4,4,3,3,4,4,3,4,4,3,4,4,2,4,5,2,2,2,2,2,2,2,2,2,1,3,1,1,3,2,7,9,5,8,4,5,9,3,2,1,42,4,1,1,1,40,8500,3400,0,621102,운송용조종사 자격증 이동성 헬리 콤터 사용 계속 것이므,기계공학
31811,3,2,4,2,2,2,2,2,2,2,2,4,1,0,2,2,2,3,1,0,2,2,2,1,2,1,1,0,2,3,2,1,3,2,1,0,1,0,4,4,2,2,1,0,2,3,1,0,3,3,1,0,1,0,1,0,1,0,1,0,2,2,1,0,1,0,1,0,1,0,1,0,1,0,2,3,3,4,2,2,3,3,3,3,3,3,4,4,3,3,2,2,2,2,2,3,4,2,2,2,3,9,4,2,2,2,0,1,2,2,1,1,2,2,4,3,2,4,4,3,5,1,2,4,4,3,2,4,5,2,2,5,3,4,2,2,4,3,5,3,2,4,2,2,2,2,2,2,2,2,2,2,4,2,2,3,2,6,6,5,4,5,3,4,4,6,1,24,2,1,4,1,42,2000,2000,0,532201,외식 갈수록,자동차학
31812,4,4,3,3,4,5,4,5,3,2,1,0,4,4,3,3,3,3,1,0,1,0,3,3,4,4,1,0,1,0,4,4,3,3,4,4,2,3,4,4,4,4,4,4,1,0,3,4,1,0,2,3,1,0,3,3,1,0,2,2,1,0,1,0,1,0,1,0,3,4,1,0,3,3,1,0,2,3,1,0,1,0,1,0,2,2,2,2,3,3,3,3,3,4,3,3,3,3,4,3,3,14,1,4,1,1,3,6,5,3,4,4,4,3,3,3,3,4,4,3,3,4,3,4,2,3,3,2,3,3,5,4,2,2,2,2,2,4,1,2,4,3,2,2,2,2,2,2,2,2,2,2,4,2,2,2,1,6,6,6,5,5,5,5,5,5,1,34,3,1,1,1,48,3200,2300,0,158201,소방설비산업기사 소방안전 교육 소방 기술 도입 증가,기계공학
31813,2,3,3,4,1,0,3,4,1,0,1,0,1,0,3,2,3,4,4,5,2,3,1,0,5,6,2,3,1,0,3,4,2,3,1,0,1,0,4,4,5,5,5,4,1,0,1,0,1,0,1,0,1,0,1,0,3,4,1,0,1,0,1,0,3,4,3,4,2,4,3,4,1,0,1,0,3,4,4,5,5,5,1,0,2,3,2,3,5,5,2,3,5,1,3,5,1,3,5,5,1,15,2,2,1,2,0,7,5,4,2,2,4,4,2,4,4,4,4,4,1,4,4,5,3,2,3,3,4,3,3,4,4,5,4,4,5,5,3,2,3,3,2,2,2,2,2,2,2,2,2,1,3,3,3,3,2,8,7,6,2,2,2,8,9,8,1,40,4,1,1,1,40,3500,2400,0,240201,소방 자격증 지금 때문,일어일문학
31814,3,4,4,4,4,5,4,5,2,3,3,4,1,0,1,0,2,4,2,3,1,0,3,5,1,0,1,0,4,4,4,4,3,5,3,5,2,5,3,4,3,4,3,4,2,3,3,4,1,0,1,0,4,5,1,0,5,5,3,5,1,0,2,3,2,4,1,0,4,6,4,4,4,4,4,4,3,5,4,4,4,6,4,5,4,5,5,5,4,4,4,3,3,1,3,2,2,1,1,2,4,7,1,5,2,2,0,2,2,3,2,1,2,2,1,2,3,4,4,4,4,2,3,4,3,4,4,2,4,4,2,4,4,5,4,2,4,4,2,3,4,4,2,2,1,2,1,2,1,2,2,3,3,1,2,3,2,8,5,7,3,4,6,3,5,4,1,35,4,1,1,1,48,4000,2300,0,624401,자동화 설비 도입 숙련 기술 사람,물류학
31815,4,5,3,4,4,5,3,4,4,5,4,5,1,0,4,5,4,5,2,3,3,4,3,4,2,3,1,0,2,3,2,3,1,0,2,3,1,0,2,2,3,4,3,3,3,3,1,0,1,0,1,0,3,4,1,0,4,4,4,4,4,5,5,5,3,4,2,3,1,0,4,4,1,0,1,0,4,5,2,3,1,0,2,3,5,5,3,3,3,3,3,3,3,3,4,3,3,4,3,4,3,13,2,4,1,2,0,5,4,4,4,3,4,4,4,3,3,3,4,3,2,4,4,3,3,2,3,3,4,5,3,3,4,3,4,4,4,3,5,3,4,4,2,2,2,2,2,2,2,2,2,3,3,3,3,3,2,2,3,1,4,2,3,2,1,4,1,31,4,1,1,1,40,3200,3000,0,152201,금속재료기능사 금속 재료 연구개발 기술 업무,재료공학
31816,2,1,1,0,1,0,1,0,2,1,3,2,1,0,3,2,2,2,4,5,1,0,1,0,4,4,5,5,1,0,3,4,1,0,3,3,1,0,3,3,4,4,4,4,5,6,4,5,4,5,3,4,3,3,1,0,4,4,4,5,4,6,5,6,4,5,4,5,5,6,5,6,5,6,4,5,5,6,3,4,5,6,3,4,4,4,4,4,3,3,4,3,2,1,5,4,3,3,2,4,3,1,1,1,2,1,1,7,2,5,4,4,4,4,3,4,4,4,4,4,1,4,4,4,4,4,3,4,5,4,4,4,4,3,3,5,5,5,4,2,3,2,2,2,2,2,2,2,2,2,2,1,3,3,3,3,2,3,3,3,7,3,5,5,5,5,1,52,2,1,1,1,50,4500,3400,0,902101,질병관리 교육 국산 원유,이과
31817,4,6,2,5,3,4,2,4,1,0,4,5,2,3,5,4,4,4,1,0,4,4,2,2,3,6,1,0,1,0,2,3,1,0,1,0,4,4,1,0,3,3,1,0,1,0,1,0,2,1,1,0,1,0,1,0,1,0,1,0,1,0,1,0,1,0,1,0,1,0,1,0,1,0,1,0,2,2,1,0,1,0,1,0,1,0,1,0,3,4,5,5,4,4,3,2,2,5,4,4,4,16,5,2,2,2,0,3,6,3,4,4,4,5,4,5,5,4,3,5,2,5,4,4,3,5,4,4,3,5,5,4,4,3,5,5,4,3,4,4,5,5,2,2,2,2,2,2,2,2,2,2,3,3,3,3,2,7,4,8,7,7,6,3,7,6,1,40,6,1,1,1,40,5600,4800,0,110101,인문학 융합 유지상 태임,철학
31818,2,3,5,6,1,0,4,5,1,0,5,5,4,5,4,5,3,4,2,3,1,0,1,0,4,5,5,7,5,7,4,5,4,6,4,5,4,5,4,5,4,5,3,4,1,0,1,0,1,0,1,0,1,0,1,0,1,0,1,0,1,0,1,0,1,0,1,0,1,0,1,0,1,0,1,0,1,0,2,2,1,0,1,0,2,2,2,3,2,5,1,4,4,4,4,3,4,3,4,4,3,17,1,3,1,2,0,7,5,4,5,4,4,4,4,3,4,3,4,3,3,3,3,3,4,4,4,3,3,3,3,3,4,4,4,4,3,4,4,4,4,4,2,2,2,2,2,2,2,2,2,1,3,3,3,3,2,5,6,4,5,6,7,8,7,7,2,30,4,1,1,1,40,2400,2000,0,306903,행동치료사 장애 아동 대한 놀이 치료 중요도,사회복지학
31819,3,4,3,3,3,3,3,3,3,3,3,3,1,0,3,3,2,1,1,0,1,0,4,6,4,2,3,3,4,5,3,5,4,5,4,4,5,6,1,0,3,2,3,2,3,3,3,3,2,2,3,3,1,0,1,0,1,0,1,0,3,2,1,0,1,0,1,0,1,0,1,0,2,1,1,0,1,0,1,0,1,0,1,0,2,2,1,0,2,4,3,4,3,4,4,3,4,3,4,3,4,19,3,2,1,2,0,7,5,3,4,3,4,4,3,3,3,4,4,3,4,3,3,4,3,3,3,4,3,4,3,3,3,3,4,3,4,3,2,3,4,3,2,2,2,2,2,2,2,2,2,1,3,2,2,3,1,4,5,5,5,6,5,5,5,5,2,34,4,1,1,1,40,2500,2300,0,231301,청소년지도사1급 청소년 관련 시설 프로그램 유지,사회복지학
31820,2,4,4,4,3,4,5,7,3,4,4,5,2,3,4,5,4,5,4,6,3,4,5,7,3,4,4,5,5,7,5,7,4,6,3,4,5,5,3,4,4,5,4,5,4,5,4,3,4,5,5,7,3,4,2,3,4,5,4,4,2,3,4,5,3,4,4,5,5,4,5,3,4,3,3,4,5,7,3,3,5,7,3,4,2,2,3,4,5,5,2,3,3,1,5,3,2,4,4,5,1,15,2,4,2,1,3,1,3,5,5,3,5,4,3,3,3,3,5,4,4,5,5,4,5,3,4,1,4,4,4,5,3,5,2,2,5,5,5,3,5,4,2,2,2,2,2,2,2,2,2,2,1,2,3,3,1,8,8,8,2,2,9,1,1,9,1,22,2,1,1,1,40,2000,1800,0,250301,군사훈련 인구 감소 인공 지능 향상,사회복지학
31821,4,5,3,4,2,4,3,5,3,4,3,4,2,3,3,4,3,4,2,3,2,3,2,3,2,3,2,2,2,3,3,4,4,5,3,5,3,4,3,4,3,4,2,3,2,3,2,4,3,4,2,4,2,4,2,3,2,3,2,3,2,4,2,3,3,3,2,3,2,3,2,3,3,3,2,3,2,3,3,3,2,3,2,3,4,5,3,4,3,4,4,4,4,4,4,4,4,4,4,3,4,19,1,2,2,1,2,2,3,4,4,4,4,3,3,3,3,4,4,3,4,4,3,4,4,3,4,4,4,4,2,4,4,4,3,4,4,4,4,3,4,3,2,2,2,2,1,2,1,2,2,1,2,2,2,2,1,7,7,6,7,6,6,7,7,6,1,32,2,1,2,2,45,2200,1800,0,522201,배타는 방법 선박 이용 조직 개편 선박,승무원
31822,3,5,3,3,3,4,3,3,4,5,5,5,2,3,4,3,3,4,2,2,4,6,1,0,3,4,1,0,3,3,2,2,3,4,1,0,4,5,3,3,4,5,2,3,3,4,1,0,1,0,1,0,1,0,1,0,2,3,1,0,4,5,2,2,2,2,1,0,1,0,1,0,2,3,2,3,2,3,2,3,2,3,3,4,3,3,3,4,3,2,3,3,3,5,4,3,3,4,4,3,3,8,1,3,2,1,2,4,4,4,3,3,4,3,3,3,4,4,4,4,2,5,4,4,5,3,2,3,5,4,3,5,4,3,3,3,4,3,5,3,5,4,2,2,2,2,2,2,2,2,2,2,2,3,3,3,2,7,6,6,5,5,5,6,6,5,2,26,4,1,1,1,40,2500,2300,0,28204,전산 업무 교육 전산 업무 대체,경영학
31823,3,4,4,5,3,5,4,5,4,4,4,5,4,4,4,5,3,5,4,5,3,5,3,5,4,5,3,5,4,5,5,6,4,5,5,5,4,5,4,5,4,4,4,5,4,6,4,5,4,5,4,4,5,6,5,6,4,6,4,6,4,5,5,5,4,6,4,5,4,5,5,6,4,5,4,4,4,5,4,4,4,5,3,5,4,5,2,3,4,4,5,4,3,4,4,3,4,4,4,3,4,19,1,3,2,2,0,7,4,3,3,3,4,3,4,4,4,3,4,4,4,3,4,4,3,4,3,4,3,3,4,4,3,4,4,3,4,4,3,3,3,4,2,2,2,2,2,2,2,2,2,1,3,3,3,3,2,5,6,5,6,5,5,6,5,6,1,39,4,1,3,1,52,3400,1900,0,841201,자동화 한계,기계공학
31824,3,4,1,0,3,4,2,2,2,3,4,4,2,2,3,3,3,4,2,5,3,2,2,1,4,4,2,4,1,0,2,5,1,0,3,3,5,5,3,2,3,3,4,4,2,4,3,3,4,3,3,5,5,3,4,4,4,2,3,5,2,1,5,5,4,6,5,4,5,6,4,6,5,2,5,4,5,5,4,5,3,3,1,0,2,1,2,2,4,2,3,3,2,1,2,1,2,2,3,4,2,3,1,2,2,2,0,2,2,4,3,4,4,4,3,5,3,4,4,4,4,3,4,4,3,3,2,3,4,5,4,3,2,4,4,5,4,5,3,4,5,4,2,2,2,2,2,2,2,2,2,2,2,3,2,3,2,4,7,5,4,3,7,3,7,7,1,30,3,1,1,1,45,2800,2800,0,852301,중국산 제품 증가 해외 진출 기업 감소,화학
31825,1,0,1,0,1,0,1,0,1,0,1,0,1,0,1,0,2,3,2,3,1,0,1,0,1,0,1,0,1,0,3,4,1,0,1,0,1,0,3,4,1,0,1,0,3,4,1,0,1,0,2,3,1,0,1,0,1,0,1,0,4,4,1,0,1,0,1,0,1,0,1,0,1,0,2,3,1,0,1,0,3,4,2,3,2,3,2,3,3,3,3,3,4,2,3,3,3,3,3,3,3,8,1,2,2,2,0,7,4,4,3,2,4,4,3,3,3,3,4,3,3,3,3,3,4,3,3,3,3,4,3,3,3,4,3,3,3,4,3,4,3,4,2,2,2,2,2,2,2,2,2,2,3,2,3,3,1,4,4,3,5,7,6,6,6,6,1,39,4,1,1,1,43,3618,2950,0,28201,운수업 성장 지속,산업공학
31826,4,5,4,6,4,4,4,5,3,4,5,4,5,6,4,6,3,4,5,6,4,4,4,6,4,5,5,6,4,5,4,5,4,5,4,5,4,5,4,6,4,4,4,5,4,5,5,6,5,5,4,5,4,4,1,0,3,4,1,0,4,4,1,0,4,4,4,4,1,0,1,0,4,4,1,0,1,0,4,5,1,0,4,5,4,3,4,4,4,4,4,3,4,3,2,4,3,3,4,3,4,19,3,2,1,2,0,5,5,4,4,3,4,4,3,3,3,3,3,3,3,3,3,4,4,3,4,2,3,5,4,4,4,4,4,4,5,4,3,4,4,4,2,1,1,1,1,2,1,1,1,2,4,1,1,3,2,8,8,7,8,8,8,8,8,8,2,55,4,1,2,1,52,2640,2400,0,521303,숲해설가 개인 사업 운영 사무국 장일 건강 나이 퇴직 능력 발휘 교육 해설 교육 자격증 취득 생각 향후 계속 인증 교육,농학
31827,3,5,3,3,2,3,4,4,3,3,4,4,3,4,3,2,4,4,5,5,3,4,4,6,4,6,4,4,4,4,5,6,4,4,3,4,5,5,4,5,4,5,4,4,3,3,2,3,2,2,3,4,4,4,3,3,3,4,3,4,2,3,2,3,4,6,4,5,4,3,4,4,3,4,1,0,1,0,1,0,1,0,1,0,5,5,5,6,5,5,4,3,4,5,5,2,3,3,4,4,4,13,2,2,1,1,6,6,5,5,4,4,3,4,3,2,1,3,3,3,2,5,4,5,4,4,5,4,4,5,2,4,4,4,4,4,5,5,5,5,5,5,1,1,1,1,2,1,2,1,1,3,2,2,2,2,1,9,5,2,2,1,2,1,8,9,1,46,4,1,1,1,60,7000,3500,0,621401,항공교통관제사 공항 관제에 필요한 업무한정 OJR on the job training 항공기 접근 유도 레이더 항법 시설 변화 교육 훈련 발달 항공기 분리 변화,항공학
31828,4,6,4,6,3,4,3,5,3,5,4,5,4,5,3,5,3,4,3,4,4,5,4,5,4,5,4,5,4,5,4,5,4,5,4,5,4,6,4,5,4,5,4,5,4,5,4,5,4,6,4,5,3,5,4,5,3,4,3,4,4,5,4,5,4,4,4,5,4,5,3,4,4,5,3,5,4,4,4,5,4,4,4,5,4,5,4,5,4,5,4,4,4,4,4,5,4,4,4,4,5,3,1,2,2,2,0,6,5,3,4,3,4,4,4,5,4,4,5,4,3,4,3,3,4,4,3,4,4,4,4,4,4,3,3,4,4,3,3,3,4,4,2,2,2,2,2,2,2,2,2,1,2,2,2,2,1,6,5,6,6,5,5,7,7,6,1,36,4,1,1,1,48,3500,2200,0,155203,기술 개발,전자공학
31829,3,4,3,5,3,5,2,4,3,4,4,5,3,4,2,4,2,4,2,4,3,5,2,3,2,3,3,4,3,4,2,3,2,4,2,2,2,2,3,4,4,5,2,2,2,3,2,1,2,1,2,3,3,4,3,5,2,2,3,4,4,5,4,5,3,4,2,2,2,1,2,2,2,1,2,2,2,2,2,2,2,2,2,2,2,2,2,2,3,3,4,3,3,4,3,3,3,3,3,3,3,13,1,4,1,2,0,5,5,4,3,3,3,4,3,3,3,4,4,4,2,4,4,3,3,2,4,2,4,3,3,4,4,4,2,2,3,4,3,3,4,4,2,2,2,2,2,2,2,2,2,1,4,3,3,3,1,4,4,4,5,4,4,7,4,4,1,31,4,1,1,1,40,3800,3500,0,133901,ISTQB 제품 성장 소비자 제품,컴퓨터공학
31830,3,3,3,4,2,1,3,4,3,3,3,4,1,0,2,2,3,3,1,0,1,0,2,3,3,4,2,2,3,3,2,3,3,4,3,3,2,2,3,4,3,4,2,3,2,2,3,3,2,2,3,4,1,0,1,0,1,0,1,0,1,0,2,2,3,4,1,0,1,0,1,0,1,0,1,0,2,2,1,0,2,2,3,3,2,2,2,1,3,2,3,2,3,4,3,4,2,3,3,2,2,7,1,2,2,2,0,7,2,3,2,3,3,3,2,3,2,4,4,4,3,4,2,3,2,4,3,2,3,5,4,4,2,3,3,3,3,2,2,4,4,4,2,2,2,2,2,2,2,2,2,3,3,2,2,3,2,6,7,6,4,3,5,7,6,4,2,32,2,1,1,1,52,2600,2400,0,615101,경기 침체,문과
31831,1,0,3,3,1,0,3,3,2,1,3,2,3,1,4,1,3,4,3,1,2,1,3,4,4,5,4,4,3,3,3,3,3,1,4,5,3,4,4,4,3,2,3,3,3,2,4,3,4,3,4,3,3,2,1,0,3,1,1,0,1,0,4,2,3,3,4,2,4,2,3,1,2,1,3,4,4,2,4,2,3,5,3,3,2,1,3,1,4,5,2,3,4,2,2,2,2,3,4,3,2,9,1,2,1,2,0,6,4,4,1,1,4,4,2,3,3,4,4,3,2,4,3,3,3,3,3,4,1,5,2,5,3,4,3,4,3,4,3,3,4,4,2,2,2,2,2,2,2,2,2,1,3,3,2,2,2,6,6,7,5,6,6,5,4,4,2,37,3,1,1,1,50,3200,2000,0,531201,한식조리 기능사 양식조리사 자격증 사람 외식 음식점 방문,외식조리학
31832,4,4,2,4,2,2,2,2,2,2,2,2,1,0,2,2,2,2,3,2,2,2,2,4,4,4,2,4,2,5,4,4,3,3,2,3,1,0,4,6,5,5,3,3,3,3,4,3,3,5,1,0,3,5,3,5,4,6,5,4,3,4,5,5,5,4,4,6,5,5,5,6,5,4,4,6,4,5,4,4,4,4,4,5,4,4,4,4,4,4,4,4,3,2,3,3,2,4,4,2,4,19,1,2,2,2,0,2,4,3,2,2,3,3,2,3,3,3,4,3,3,2,3,3,2,3,3,4,4,3,2,4,3,3,2,3,3,5,3,3,4,5,2,2,2,2,2,2,2,2,2,2,2,3,3,3,2,6,5,5,6,4,4,6,3,4,1,29,4,1,1,1,40,3000,2500,0,832201,원격 조정 장비 도입,전기공학
31833,2,3,2,3,1,0,3,3,2,3,1,0,1,0,3,3,4,4,3,4,2,4,2,2,2,2,1,0,2,3,3,3,4,4,5,5,4,2,2,3,3,3,2,3,2,4,4,4,4,3,1,0,3,2,2,3,4,4,3,3,2,2,5,3,3,3,4,4,4,4,4,3,1,0,5,4,4,4,3,4,4,4,3,4,3,3,2,3,5,4,3,5,3,2,5,3,2,3,3,3,4,1,1,2,2,2,0,1,1,4,4,4,4,4,3,4,9,9,3,4,2,4,4,4,4,4,4,3,3,3,3,5,4,3,3,4,4,4,2,3,4,5,2,2,2,2,2,2,2,2,2,2,2,3,3,3,2,5,5,6,4,4,6,5,5,5,1,69,1,2,5,1,50,0,0,3000,901201,농사 전산 자동화 인력 필요,0
31834,3,5,3,5,3,3,4,4,2,4,3,5,2,2,2,2,3,4,4,4,4,4,4,4,4,4,4,5,4,5,4,5,4,5,4,5,4,4,4,4,5,5,5,3,4,5,3,3,4,3,4,3,1,0,1,0,2,2,2,2,4,4,4,3,4,2,2,2,2,2,2,2,5,3,1,0,1,0,3,3,2,2,3,3,3,3,3,3,5,3,2,3,4,4,4,3,4,3,5,3,4,14,1,2,2,2,0,6,5,5,4,4,4,4,3,3,4,4,4,4,2,5,4,3,3,3,2,3,5,4,3,4,2,4,5,5,4,5,4,3,5,5,2,2,2,2,2,2,2,2,2,2,2,3,3,3,2,5,6,7,6,4,5,3,3,6,1,57,4,1,1,1,40,7000,5500,0,14301,무인 경비 시스템 변화 인력 감소 관리자 역활 감축 수도,행정학
31835,5,7,4,6,5,7,5,6,4,5,2,3,4,6,5,7,5,6,5,6,5,6,5,6,4,5,2,2,4,5,2,2,1,0,1,0,5,7,3,4,3,4,3,4,4,5,4,5,5,6,4,4,5,6,3,4,2,2,4,5,3,4,2,2,5,6,4,5,3,4,5,6,4,5,3,4,2,2,2,2,2,2,1,0,3,3,2,2,2,3,4,2,3,4,3,4,2,4,4,3,2,10,1,3,1,1,2,3,5,4,4,3,4,4,4,2,2,2,3,2,3,3,3,4,2,3,2,1,2,3,3,4,2,2,2,2,2,3,2,2,3,3,2,1,2,2,2,2,2,2,2,2,4,2,2,2,2,5,5,5,5,5,5,5,5,5,1,43,3,1,1,1,48,5000,2800,0,135001,정보처리기사 시뮬레이션 훈련 정보 수집 탐색 프로그램 설치 보안 관련 중요성 점차 증대,컴퓨터공학
31836,2,2,3,4,4,5,4,5,3,4,4,5,2,3,3,4,4,5,3,4,4,4,3,4,3,4,2,2,3,4,3,4,2,3,3,4,2,2,3,4,3,4,3,3,2,2,2,2,3,4,2,2,1,0,1,0,2,2,2,2,2,2,1,0,2,2,2,2,2,2,1,0,2,2,4,5,4,5,2,2,3,4,2,2,2,2,2,2,4,3,4,4,3,3,3,4,3,3,4,2,3,11,1,2,1,2,0,3,5,4,3,4,4,4,4,4,5,4,5,4,2,3,3,2,3,4,3,3,4,3,4,4,3,2,4,3,3,4,3,4,3,5,2,2,2,2,2,2,2,2,2,3,2,3,3,3,2,4,3,7,6,5,6,3,7,7,2,39,4,1,1,1,40,4700,3900,0,31302,보험계리사 CFP 환경 불확실 고객 맞춤 상품 개발,수학
31837,4,6,3,5,1,0,5,7,1,0,3,5,5,7,2,3,4,6,4,6,4,6,3,5,5,7,3,4,2,2,2,1,2,1,1,0,2,1,1,0,2,2,2,2,3,4,2,2,1,0,1,0,1,0,1,0,2,1,1,0,4,6,1,0,2,2,1,0,2,1,1,0,1,0,4,6,3,5,3,4,1,0,1,0,5,7,5,7,5,5,3,2,3,3,1,4,3,4,4,4,4,18,1,1,2,2,0,6,2,4,5,5,4,4,3,3,9,9,9,4,3,4,4,3,4,4,4,4,3,4,4,4,4,3,4,5,5,4,4,3,4,4,2,2,2,2,2,2,2,2,2,1,3,2,2,2,2,8,7,8,8,8,8,9,9,9,1,53,2,2,5,1,35,0,0,5000,414502,상태 유지,문과
31838,4,4,3,3,4,3,4,4,4,4,4,4,4,4,3,5,4,4,4,5,4,5,4,5,4,4,4,6,4,5,4,5,3,4,3,4,4,5,3,5,4,4,4,5,4,5,3,3,4,6,4,4,3,5,4,5,4,5,4,4,4,6,3,4,3,3,4,4,3,3,3,3,4,4,3,3,4,4,4,4,4,5,3,3,4,4,4,4,4,3,3,4,3,4,4,4,4,4,3,3,3,14,1,2,2,2,0,7,2,3,4,3,2,3,4,4,3,3,4,4,3,3,3,3,3,4,3,4,3,4,3,3,4,4,4,3,4,3,3,4,3,2,2,2,2,2,2,2,2,2,2,2,4,1,1,2,2,6,5,5,5,6,5,5,6,5,1,67,1,1,1,1,40,2200,1700,0,542001,아파트 업체,0
31839,1,0,1,0,1,0,1,0,3,4,3,4,1,0,3,4,1,0,1,0,1,0,1,0,1,0,3,4,2,3,3,4,3,4,3,5,3,4,3,4,3,4,1,0,1,0,3,4,3,4,3,4,3,4,1,0,1,0,1,0,3,4,3,4,3,4,1,0,1,0,1,0,3,4,1,0,3,4,1,0,3,4,1,0,1,0,1,0,3,4,3,4,3,2,3,3,4,3,2,3,3,8,1,3,1,2,0,7,5,3,4,3,4,4,4,4,3,4,3,4,3,4,3,3,4,3,3,4,3,3,3,4,4,4,4,4,3,4,4,5,5,4,2,2,2,2,2,2,2,2,2,2,4,1,1,3,2,7,8,9,8,8,8,6,6,6,1,36,4,1,1,1,40,3300,2600,0,28302,유통관리사 류량 증가 추세,유통학
31840,2,2,2,2,2,2,3,4,3,3,3,3,3,4,3,3,3,3,3,4,4,3,3,3,3,3,3,3,3,4,3,3,3,3,4,4,3,3,3,3,3,3,4,3,3,3,3,3,3,3,3,3,3,2,4,4,4,3,4,3,3,3,3,3,3,3,4,4,4,5,4,4,3,3,4,4,4,4,4,4,3,4,4,4,2,3,2,3,4,3,4,3,3,3,4,3,3,2,3,4,3,6,1,3,1,1,2,6,4,3,2,2,3,4,2,4,3,4,4,4,4,2,2,3,3,4,4,3,3,4,4,3,3,3,4,3,4,3,3,4,3,3,1,1,1,1,1,1,1,1,1,2,3,2,2,2,1,6,5,6,5,5,6,3,2,7,1,57,4,1,3,1,40,6500,3100,0,140204,건설기계산업기사 건설안전산업기사 산림토목기술자 새로운 장비 기술 교육 기술 개발 현재 상황 유지,건축설비공학
31841,4,4,3,4,3,4,4,4,3,4,3,4,4,4,3,4,3,3,4,5,3,4,3,4,4,5,3,4,3,4,4,5,3,4,3,4,4,5,3,4,4,4,4,5,3,4,3,4,4,5,3,4,3,4,4,5,4,5,4,5,4,5,4,5,3,4,4,5,4,5,4,5,4,5,3,4,3,4,4,5,1,0,1,0,1,0,1,0,5,4,4,4,4,4,4,3,3,4,3,3,3,3,1,3,1,1,3,5,5,3,4,4,4,4,4,3,3,3,4,3,1,4,5,2,3,3,4,4,3,4,4,2,3,4,3,4,5,4,3,2,4,4,2,2,2,2,2,2,2,2,2,3,4,3,3,3,2,3,3,7,6,4,8,3,4,6,1,31,4,1,1,1,45,5500,4800,0,151107,3D캐드 2D캐드 캐드 포토샵 때문,자동차학
31842,2,2,3,3,2,3,3,4,2,3,3,3,2,2,1,0,3,3,2,2,2,2,3,3,3,3,3,2,3,3,3,3,4,3,3,3,3,3,4,4,3,3,3,3,3,3,2,2,2,3,3,3,3,3,2,2,3,3,3,2,3,2,2,2,3,3,2,2,3,3,3,3,1,0,2,2,2,2,3,3,3,3,3,3,4,4,3,4,3,4,3,2,3,3,4,2,3,2,1,3,4,7,1,2,2,2,0,4,2,3,2,2,3,3,2,2,2,3,3,3,2,3,3,4,4,4,4,2,4,4,3,4,2,2,2,2,3,4,3,2,4,4,2,2,2,2,2,2,2,2,2,1,1,1,2,1,2,6,5,3,7,3,6,3,4,4,2,48,2,1,2,1,52,3600,3000,0,616101,셀프 계산 대도 보편화,인문계 문
31843,5,5,5,6,5,7,5,6,5,6,4,6,4,7,4,5,5,7,5,7,4,7,5,5,5,5,5,6,4,5,4,6,4,5,5,5,5,6,5,6,4,6,5,6,4,5,3,4,3,4,3,4,3,4,4,4,3,3,3,4,4,5,4,6,1,0,1,0,1,0,1,0,1,0,1,0,1,0,1,0,1,0,1,0,1,0,1,0,3,4,3,3,3,4,5,3,3,4,3,3,3,15,2,5,2,2,0,2,5,3,4,3,5,5,5,3,3,4,4,4,3,3,3,3,3,3,3,3,3,3,4,3,3,3,4,3,3,4,4,2,3,4,2,2,2,2,2,2,2,2,2,2,4,3,3,3,2,5,4,6,3,5,5,4,6,4,2,31,4,1,1,1,40,3600,3300,0,122105,환경 대한 관심 증가,산림자원학
31844,4,6,4,6,4,5,4,6,4,6,4,6,4,6,5,6,4,6,4,6,5,6,5,6,4,6,4,6,5,6,4,6,4,6,4,6,4,5,4,6,4,6,4,6,4,6,4,3,4,5,5,6,4,6,4,5,5,5,5,6,4,5,4,6,4,6,4,6,5,6,4,6,4,5,4,3,5,6,4,6,5,5,4,6,4,6,4,6,4,4,4,4,5,4,4,4,4,4,5,4,4,16,5,3,1,2,0,7,5,4,4,4,4,3,4,4,4,4,4,4,2,4,4,4,4,2,4,4,4,5,3,4,4,4,4,4,4,4,4,4,4,4,2,2,2,2,2,2,2,2,2,3,2,3,3,3,1,8,3,3,3,3,2,2,8,8,1,38,4,1,1,1,40,4000,3000,0,212101,정교사 자격증 학생 수가,수학교육
31845,4,6,4,6,4,5,5,6,4,6,4,6,4,6,5,6,4,6,4,6,4,5,4,6,4,5,4,6,4,6,4,5,4,6,4,5,4,5,4,6,4,5,4,5,4,6,4,6,4,6,4,5,4,5,4,5,4,6,4,6,4,5,4,6,4,5,4,5,4,6,4,5,4,5,4,6,4,5,4,5,4,5,4,5,4,4,4,5,4,4,3,4,4,4,4,4,3,5,4,4,4,13,1,2,1,2,0,5,5,4,4,4,4,4,4,4,5,5,4,5,4,4,4,4,3,5,4,4,4,4,4,4,3,4,4,4,3,4,4,4,4,4,2,2,2,2,2,2,2,2,2,1,4,2,3,3,1,7,4,5,6,7,7,7,6,7,2,40,4,1,1,1,40,7000,4200,0,221201,변호사 대한 국민 인식 향상 통한 분쟁 해소 증가,법학
31846,5,6,5,6,5,6,5,7,4,6,5,6,5,6,5,6,5,6,5,6,5,6,5,7,3,5,4,6,5,6,4,6,4,5,4,6,3,5,3,5,4,6,4,5,4,5,4,5,4,5,4,6,4,5,4,6,4,6,4,6,4,6,4,5,4,6,5,6,4,6,4,6,3,4,4,5,4,6,3,4,4,5,4,5,3,4,3,4,3,3,3,2,3,3,4,3,3,3,3,3,3,15,2,5,1,2,0,5,6,3,3,3,4,4,4,3,3,3,3,3,3,3,3,3,3,3,3,3,3,3,4,3,3,3,3,3,3,4,4,2,3,4,2,2,2,2,2,2,2,2,2,2,4,3,3,3,2,2,2,3,4,5,5,2,3,3,1,33,5,1,1,1,50,4300,3000,0,155102,전자공학 석사이상 친환경 에너지 수요 증가,전자공학
31847,3,2,3,2,3,2,3,3,1,0,1,0,3,2,1,0,3,2,1,0,1,0,1,0,3,2,1,0,1,0,3,3,3,3,2,2,3,3,2,2,3,2,1,0,2,2,1,0,1,0,2,2,1,0,1,0,1,0,1,0,1,0,1,0,1,0,1,0,1,0,1,0,1,0,1,0,1,0,3,2,2,2,4,3,3,2,3,2,4,3,4,2,2,2,2,2,2,2,3,3,3,6,1,1,2,1,3,2,1,3,1,1,3,2,2,3,9,9,9,3,4,2,2,4,3,3,3,3,2,2,3,4,3,3,2,2,4,3,3,3,3,3,2,2,2,2,2,2,2,2,2,1,1,2,2,2,2,5,5,5,5,5,5,5,5,5,1,65,2,1,3,2,45,3500,2500,0,702101,몰탈의 배합 건축 경기 불확실,토목
31848,2,4,3,3,2,3,3,2,2,3,2,2,2,2,2,2,2,3,2,2,2,2,2,2,2,2,2,3,3,3,2,3,2,4,2,2,2,2,2,3,2,3,2,2,3,3,2,2,2,2,2,2,1,0,1,0,1,0,1,0,2,3,1,0,1,0,1,0,1,0,1,0,1,0,1,0,1,0,1,0,2,2,2,1,2,2,2,2,2,3,3,3,3,4,2,3,3,3,3,2,3,17,2,5,1,2,0,2,4,3,3,2,2,3,3,3,9,4,9,3,3,3,3,3,3,2,4,3,3,3,3,4,3,3,3,2,3,3,3,3,4,3,2,2,2,2,2,2,2,2,2,2,2,3,3,3,2,5,5,4,4,5,5,5,4,4,2,28,3,1,3,2,40,3200,3000,0,29401,비서 자격증 임원 공동 비서 업무 수요 감소 예상,비서학
31849,4,5,5,5,2,3,5,5,4,5,4,4,2,3,3,4,4,5,2,3,3,3,4,5,3,3,2,3,4,5,3,4,4,4,4,5,3,4,4,5,4,5,4,4,4,4,3,5,2,2,2,2,2,1,1,0,1,0,1,0,4,5,3,2,2,2,2,2,1,0,2,2,2,2,3,4,1,0,2,3,1,0,1,0,3,5,3,3,4,3,2,3,3,4,3,3,2,4,4,3,1,13,1,2,1,1,2,7,4,4,4,4,5,4,4,4,4,4,4,4,3,4,4,3,4,4,4,4,4,4,4,4,4,5,4,4,3,4,4,4,4,4,2,2,2,2,2,2,2,2,2,1,3,3,3,3,2,5,6,7,6,8,7,6,7,7,1,31,4,1,1,1,40,2500,2300,0,27101,전산회계운용사 2급 전산프로그램의 교육 세무 재무 기업 환경 변화,세무회계
31850,3,3,2,1,3,3,1,0,1,0,3,3,2,2,4,4,3,3,1,0,1,0,2,2,1,0,2,2,1,0,1,0,1,0,1,0,4,4,2,2,1,0,1,0,1,0,5,5,2,1,2,3,3,3,2,3,1,0,1,0,1,0,1,0,4,4,2,2,1,0,2,3,2,1,4,4,2,3,1,0,1,0,1,0,4,4,3,4,3,2,3,3,4,4,3,3,3,4,3,3,2,13,1,2,1,1,1,7,5,4,4,4,5,4,4,4,3,3,3,3,1,4,4,4,1,3,2,1,4,4,4,4,3,4,3,3,3,3,2,3,4,4,2,2,2,2,2,2,2,2,2,2,3,2,2,2,2,5,5,5,5,5,5,5,5,5,2,32,4,1,1,1,48,2700,2200,0,415503,그래픽기술자격증 색감 그래픽 기본교육 영상 디자인 분야 인력 포화상태,영상디자인학
31851,4,5,4,5,4,5,3,4,5,6,5,6,2,2,1,0,4,5,1,0,2,3,1,0,3,3,2,2,3,4,1,0,3,4,2,3,1,0,4,5,5,6,3,4,3,4,4,5,1,0,1,0,1,0,1,0,1,0,1,0,4,4,1,0,3,3,1,0,1,0,1,0,1,0,1,0,1,0,1,0,1,0,1,0,3,3,2,2,4,4,5,4,5,5,4,4,3,3,3,3,4,11,1,2,1,2,0,7,5,4,2,3,3,4,4,4,3,3,3,4,2,4,3,2,3,4,3,4,3,4,4,3,4,3,2,3,3,4,2,2,3,3,2,2,2,2,2,2,2,2,2,1,3,3,3,3,2,3,2,3,2,3,4,3,3,6,1,45,4,1,1,1,40,6500,3300,0,31201,자산관리사 금융투자분석사 기계 대체 불가,경제학
31852,3,4,3,3,2,3,3,4,4,3,3,5,1,0,3,4,4,4,1,0,1,0,1,0,1,0,1,0,3,5,5,4,3,4,1,0,3,3,4,5,4,4,1,0,1,0,1,0,5,3,1,0,1,0,1,0,1,0,1,0,1,0,1,0,1,0,1,0,1,0,1,0,1,0,2,2,2,3,2,4,2,4,4,5,2,3,2,2,2,3,2,3,3,3,3,4,3,1,2,1,1,8,2,4,2,2,0,2,2,3,3,3,2,2,3,3,2,3,4,3,2,3,3,3,3,4,4,4,3,3,2,3,2,3,4,4,3,4,3,2,5,5,2,2,2,2,2,2,2,2,2,1,3,3,3,3,2,5,9,9,6,7,9,3,5,8,2,34,4,1,1,1,40,3500,2400,0,522202,철도 노선 증가 일반 철도 수가 일자리 변화,호텔경영학
31853,3,3,4,5,1,0,3,4,2,2,4,5,2,3,4,5,5,6,5,6,4,5,4,4,4,5,4,5,3,4,5,6,3,4,3,4,3,4,4,5,5,6,5,6,3,4,2,3,1,0,1,0,2,2,1,0,3,4,3,4,1,0,1,0,5,6,3,4,4,5,5,7,4,6,5,7,5,6,5,6,4,6,4,5,4,5,4,5,4,4,5,3,5,3,4,5,3,4,4,5,4,15,2,2,1,1,5,5,5,4,5,4,4,4,5,4,3,4,4,4,3,4,4,4,3,4,4,3,4,4,3,5,5,4,5,5,4,5,4,3,5,5,2,2,2,2,2,2,2,2,2,2,4,3,3,3,2,4,3,3,2,3,6,6,8,8,1,47,4,1,1,1,48,5400,3000,0,621102,계기비행 자격증 비행훈련 관제영어 헬기 교통 수단 부상,항공운항
31854,3,2,3,2,3,2,3,2,3,3,1,0,1,0,1,0,3,2,3,2,2,2,2,2,4,2,3,2,3,2,3,2,3,2,3,3,3,2,3,2,3,2,3,2,3,3,3,2,3,2,3,2,3,2,2,2,1,0,1,0,1,0,1,0,1,0,1,0,1,0,1,0,1,0,1,0,1,0,3,2,4,3,3,2,3,2,3,2,3,3,2,3,3,2,3,3,3,3,3,3,3,6,4,1,2,2,0,2,2,3,1,1,3,3,3,3,9,9,9,3,3,3,3,4,4,3,4,3,2,2,3,4,3,3,3,3,3,3,4,3,3,3,2,2,2,2,2,2,2,2,2,1,2,2,2,2,2,4,5,5,6,5,5,5,5,5,1,59,2,1,4,2,35,3500,3000,0,701701,육체,토목
31855,2,3,2,3,2,3,1,0,1,0,2,3,2,3,1,0,3,4,4,5,3,5,3,5,2,3,2,3,3,5,1,0,1,0,1,0,3,3,1,0,2,3,1,0,1,0,4,6,1,0,4,6,2,3,3,4,2,3,1,0,2,3,1,0,3,4,3,5,4,5,3,4,3,4,4,5,3,5,2,3,2,3,1,0,3,3,3,3,4,3,4,3,4,3,3,3,3,4,4,3,3,10,1,3,1,1,3,6,4,3,4,2,2,4,2,2,3,3,4,3,2,2,2,4,2,3,3,2,3,3,4,4,3,3,3,3,3,4,2,3,4,3,2,1,2,2,2,2,2,2,2,3,3,2,2,2,2,7,7,7,5,5,5,3,3,5,1,30,4,1,1,1,48,2800,2800,0,135001,정보처리기사 보안 해킹 예방 교육 문제 탐색 프로그램 설치 업계 지속 발전 가능성,컴퓨터학
31856,3,3,4,4,2,3,4,5,1,0,4,4,1,0,4,5,3,4,1,0,4,5,4,4,4,4,1,0,3,4,1,0,1,0,1,0,1,0,4,5,3,4,3,3,2,3,1,0,2,2,1,0,3,4,1,0,3,4,4,4,3,4,3,3,4,3,3,5,4,4,5,4,1,0,5,3,3,4,1,0,4,5,3,3,3,5,3,4,2,4,4,2,2,2,2,1,2,1,2,3,5,19,1,2,2,2,0,3,3,4,3,3,3,3,2,2,2,2,3,2,3,3,3,4,4,5,4,4,4,2,2,4,4,4,5,5,4,4,4,3,5,4,2,2,2,2,2,2,2,2,2,1,4,3,2,2,2,8,6,4,3,3,2,7,8,7,1,38,3,1,1,1,50,3000,2400,0,832201,가전제품 종류,전기전자학
31857,2,2,2,2,1,0,1,0,2,3,2,2,1,0,3,2,2,2,1,0,2,3,2,2,1,0,2,3,1,0,1,0,1,0,1,0,1,0,2,2,3,3,2,2,2,2,4,3,3,3,1,0,1,0,1,0,2,3,4,4,1,0,3,3,3,3,3,5,2,2,1,0,2,3,3,4,3,4,1,0,3,3,1,0,3,3,2,2,3,2,3,3,2,2,4,4,2,2,2,3,4,1,1,1,1,2,0,2,1,3,3,2,5,4,3,4,9,9,9,4,2,4,3,2,3,3,3,3,4,5,3,4,3,2,2,3,4,4,3,1,4,4,2,2,2,2,2,2,2,2,2,1,2,3,3,3,2,9,8,9,6,5,6,7,4,3,1,37,2,2,5,1,40,0,0,2800,902201,가축인공수정사 축산기능사 시설 자동화 일자리 감소,문과
31858,4,4,4,4,4,4,4,4,4,4,4,4,4,4,4,4,4,4,4,4,4,4,4,4,4,4,4,4,4,4,4,4,4,4,4,4,4,4,4,4,4,4,4,4,4,4,4,4,4,4,4,4,4,4,4,4,4,4,4,4,4,4,4,4,4,4,4,4,4,4,4,4,4,4,4,4,4,4,4,4,4,4,4,4,4,4,4,4,4,4,3,4,4,3,4,3,4,3,4,4,4,15,2,5,2,2,0,5,5,4,3,3,5,5,4,4,4,4,4,4,2,4,4,4,4,3,4,3,4,4,4,4,3,4,4,5,4,4,4,4,4,5,2,2,2,2,2,2,2,2,2,2,3,3,3,3,2,7,5,4,6,4,5,5,6,4,1,55,4,1,1,1,40,5800,3800,0,21001,실무 책임자,경영학
31859,1,0,1,0,1,0,1,0,1,0,1,0,1,0,2,4,1,0,1,0,1,0,1,0,2,4,1,0,1,0,1,0,1,0,1,0,1,0,1,0,1,0,1,0,2,4,1,0,1,0,1,0,1,0,2,4,3,5,1,0,1,0,2,4,3,4,3,4,4,5,3,5,2,3,4,4,4,5,4,5,3,5,5,5,3,5,2,4,2,2,3,2,2,3,2,3,3,2,2,1,3,3,1,2,1,1,3,3,2,2,1,1,3,3,2,2,4,3,4,4,3,2,2,3,5,4,4,2,4,3,3,4,3,2,3,2,2,4,3,3,5,4,2,2,2,2,2,2,2,2,2,1,2,3,2,3,2,7,6,7,5,4,5,6,7,4,1,46,2,1,2,2,45,3200,2200,0,873401,식품가공기능사 수입장비를 다룰수 있는 훈련 외국산 과일 비중,기계
31860,4,6,4,6,3,5,4,5,3,4,4,5,1,0,4,5,3,5,5,5,3,4,4,5,4,5,4,5,4,5,3,4,3,4,1,0,4,5,4,5,4,5,4,5,3,5,4,5,4,5,4,5,4,5,4,5,4,5,1,0,3,3,4,5,1,0,3,4,1,0,1,0,4,4,3,4,1,0,1,0,1,0,3,4,4,4,3,5,2,5,4,4,5,4,4,4,4,3,4,4,4,17,1,2,1,2,0,4,5,4,4,4,4,4,4,4,4,4,4,4,2,4,4,4,4,4,5,4,2,2,2,4,4,5,4,5,4,4,4,4,4,3,2,2,2,2,2,2,2,2,2,1,4,3,2,3,2,4,6,3,7,4,3,7,4,6,1,53,4,2,5,1,45,0,0,7800,13401,전문의 자격증 고령 인구 증가 요양 병원 의료 관등 것이므,한방학
31861,2,2,2,2,2,2,3,4,2,2,3,3,2,2,1,0,1,0,1,0,1,0,1,0,2,2,3,3,4,3,2,3,1,0,2,2,3,3,3,4,3,3,1,0,3,3,2,3,2,2,3,5,1,0,1,0,2,1,1,0,1,0,3,3,3,2,1,0,1,0,1,0,1,0,1,0,2,3,2,2,2,3,1,0,3,3,2,1,3,4,2,3,3,3,3,4,3,3,3,2,2,9,1,1,1,2,0,4,2,3,4,3,4,5,3,3,3,3,4,3,2,5,3,3,2,1,3,3,2,4,4,4,3,3,3,3,4,4,3,3,3,4,2,2,2,2,2,2,2,2,2,1,4,3,3,3,2,7,8,6,7,8,6,4,5,4,1,43,3,1,1,1,45,3800,2400,0,531101,중식 자격증 배달 증가,식품영양학
31862,4,4,4,4,4,4,3,4,2,3,3,4,3,4,4,4,2,2,3,4,3,4,2,3,3,3,4,5,4,5,3,4,3,4,1,0,5,4,2,3,3,4,4,5,4,5,4,5,4,5,5,7,3,4,4,6,4,6,3,4,3,4,4,5,3,4,3,4,1,0,2,2,2,2,2,2,4,6,1,0,3,4,3,3,3,4,3,3,3,3,4,2,3,2,3,3,3,3,4,2,2,15,2,4,1,1,2,7,5,3,2,2,3,3,3,2,2,4,4,3,3,2,2,4,1,2,2,1,2,4,4,4,2,2,2,2,2,4,2,2,4,2,2,2,2,2,2,2,2,2,2,1,3,2,2,2,1,8,7,6,3,4,5,2,2,5,2,28,3,1,3,2,40,2000,1800,0,413101,학예사 자료파악을 위한 현황 조사 연구 필요 직업,디자인
31863,3,6,3,6,3,4,3,5,2,3,3,5,4,5,4,5,4,5,4,4,2,4,2,3,4,5,4,5,4,7,5,7,4,5,4,5,3,4,4,5,4,5,4,6,4,4,2,2,2,2,3,4,2,2,2,3,2,3,2,2,2,2,2,2,2,2,2,4,3,3,2,3,2,4,2,2,2,5,4,6,5,7,2,2,2,5,2,5,4,4,2,2,4,2,4,4,2,1,4,4,3,15,2,3,1,2,0,7,5,4,4,4,4,4,4,3,4,4,4,4,1,4,4,5,4,4,4,4,4,2,5,5,4,4,4,4,4,4,4,4,4,4,2,2,2,2,2,2,2,2,2,1,3,3,3,3,2,8,8,7,8,8,4,4,3,6,2,35,4,1,1,1,45,3600,2400,0,240101,경찰공무원 치안 필요성,경찰행정
31864,2,3,3,4,2,2,3,3,2,2,3,4,1,0,3,4,2,4,4,4,2,2,2,2,4,3,1,0,2,3,2,3,2,1,1,0,1,0,4,3,3,3,4,4,2,3,1,0,2,2,1,0,2,2,2,2,3,3,1,0,1,0,1,0,2,1,3,3,1,0,1,0,2,2,3,5,2,3,3,3,4,5,3,4,3,4,3,3,3,3,5,3,2,3,3,3,2,2,3,3,3,14,1,2,1,2,0,7,2,3,2,1,3,3,3,3,2,3,4,3,3,3,2,4,4,4,3,4,2,4,4,4,2,3,3,4,3,4,2,3,4,3,2,2,2,2,2,2,2,2,2,1,3,1,1,1,2,5,7,7,6,5,8,8,5,3,1,46,2,1,2,2,40,3500,2400,0,512301,장례지도사 사회 기피 직업 수요,상고
31865,3,4,4,3,3,4,3,3,3,4,4,4,3,3,3,3,3,3,4,4,3,4,3,5,4,5,4,5,4,4,4,5,4,4,4,4,3,4,3,4,3,4,3,5,4,6,4,5,4,5,3,5,3,4,1,0,1,0,1,0,4,4,1,0,3,4,3,3,1,0,1,0,2,4,3,3,3,2,2,2,1,0,1,0,4,5,4,5,3,4,3,3,4,3,3,4,3,3,4,4,3,17,3,2,1,2,0,4,5,4,3,4,3,3,3,3,3,4,4,4,3,3,3,3,4,3,3,3,4,3,3,4,4,4,4,4,3,4,4,3,4,4,2,2,2,2,2,2,2,2,2,2,3,2,2,3,1,6,6,7,5,5,6,4,3,7,2,34,4,1,1,1,40,3000,2600,0,232901,사회복지사 변화,사회복지
31866,2,4,2,3,3,3,2,4,2,3,3,3,2,3,2,4,2,4,2,4,2,4,3,3,2,3,2,4,2,4,2,5,3,3,3,4,2,4,2,4,2,3,4,4,4,4,4,4,4,4,2,5,2,4,2,4,2,3,3,4,2,4,2,3,3,2,2,4,2,4,2,3,2,4,2,2,2,3,2,4,2,2,3,3,3,3,2,2,3,2,4,3,2,3,3,3,2,4,3,4,4,3,1,2,2,2,0,3,4,4,3,3,3,3,4,4,5,4,4,4,2,4,4,3,4,3,4,5,4,4,3,4,3,3,4,5,3,3,2,3,3,3,2,2,2,2,2,2,2,2,2,1,3,3,3,3,1,7,4,5,5,3,6,7,5,6,1,45,4,1,1,1,40,4000,2800,0,28301,인공 지능 대체 업무 이기 때문,영문학
31867,3,5,3,5,2,5,4,5,2,5,3,3,1,0,3,6,3,3,1,0,3,5,3,5,3,5,4,5,2,5,4,5,3,5,3,5,4,5,3,5,4,5,3,5,2,3,3,5,3,5,1,0,3,5,3,5,4,5,3,4,2,4,2,4,3,5,4,4,4,3,4,5,3,4,2,3,2,3,1,0,2,4,2,6,2,5,3,5,4,4,4,4,4,3,4,2,3,4,4,3,2,17,3,3,1,1,4,2,5,4,4,3,4,4,3,4,4,4,4,4,2,4,4,4,2,2,3,2,4,4,4,4,4,4,4,4,4,4,4,4,4,4,2,1,1,1,2,2,2,2,2,2,1,3,3,3,2,5,5,5,5,5,5,5,5,5,1,28,4,1,1,1,40,3500,2400,0,155501,산업위생기사 작업장비들 교육 사내 전산 프로그램 변경 기계화,환경공학
31868,2,3,3,3,1,0,1,0,1,0,1,0,2,3,1,0,2,3,1,0,1,0,2,4,2,3,4,4,2,4,2,3,1,0,2,3,1,0,1,0,2,3,4,5,2,3,1,0,1,0,2,4,4,5,2,4,4,4,3,4,4,4,1,0,4,5,2,3,4,5,2,3,2,4,5,6,3,5,2,3,4,4,3,5,2,4,4,4,4,4,3,4,3,4,4,4,4,3,4,4,5,3,1,3,1,2,0,3,4,4,3,4,4,4,5,4,5,4,4,5,3,4,4,4,3,3,4,4,3,3,4,4,4,3,3,4,4,5,4,4,3,3,2,2,2,2,2,2,2,2,2,2,2,2,2,2,1,3,4,5,7,6,6,3,5,6,1,48,2,1,1,1,48,4900,3000,0,885101,악기수리 자격증 여성 결혼 저조 저출산,이과
31869,3,4,3,3,2,3,2,3,3,4,3,5,4,6,3,3,3,3,1,0,1,0,3,3,2,3,3,5,4,4,3,3,2,4,4,5,3,3,5,5,4,4,4,4,4,5,4,5,4,4,4,5,2,3,3,3,4,4,1,0,1,0,2,3,3,3,2,3,1,0,2,2,2,4,1,0,2,2,2,2,4,5,2,3,3,4,2,2,4,4,3,3,4,2,2,4,2,2,3,2,2,7,1,1,2,2,0,3,2,4,3,2,4,4,4,4,9,9,9,4,2,4,4,4,3,2,2,4,4,4,4,4,3,3,4,4,4,4,4,2,4,4,2,2,2,2,2,2,2,2,2,1,3,2,2,2,2,7,3,7,2,7,3,6,4,7,1,50,2,2,5,1,40,0,0,6000,614001,생필품 판매 일자리 안정,실업계
31870,1,0,1,0,1,0,1,0,1,0,1,0,2,4,1,0,1,0,1,0,1,0,1,0,1,0,1,0,1,0,1,0,1,0,4,5,1,0,4,5,3,4,3,4,2,4,4,1,1,0,1,0,1,0,1,0,1,0,1,0,1,0,1,0,1,0,1,0,1,0,1,0,1,0,5,7,4,5,1,0,3,4,1,0,5,7,3,4,4,4,3,4,3,2,3,4,4,2,4,4,4,3,1,1,1,2,0,3,4,4,5,2,5,4,5,5,4,4,5,4,4,5,4,4,5,4,3,4,3,4,4,4,3,4,3,4,3,4,3,3,4,4,2,2,2,2,2,2,2,2,2,2,2,2,2,2,2,3,3,5,4,6,5,7,5,5,2,45,3,1,1,1,40,3100,2800,0,415201,소잉디자이너1급 자동화 시스템 도입,의상
31871,1,0,2,1,1,0,2,1,1,0,1,0,1,0,1,0,1,0,2,1,1,0,1,0,3,3,1,0,1,0,1,0,1,0,1,0,1,0,2,1,1,0,1,0,1,0,1,0,1,0,1,0,1,0,1,0,1,0,1,0,1,0,1,0,1,0,1,0,1,0,1,0,1,0,1,0,1,0,1,0,1,0,3,3,1,0,1,0,3,4,3,2,3,2,3,3,2,3,3,3,3,14,1,3,2,2,0,7,2,3,2,3,2,2,1,2,3,3,4,3,3,2,2,3,4,4,4,3,3,4,3,4,4,3,2,2,3,4,4,2,3,3,2,2,2,2,2,2,2,2,2,1,3,2,2,2,1,8,7,6,3,2,3,2,3,4,2,36,3,1,3,2,30,2500,2000,0,617101,상황 유지,컴퓨터학
31872,3,5,4,5,4,5,5,5,2,4,4,6,5,5,3,4,3,6,4,6,3,4,3,5,4,5,4,5,4,5,4,5,3,5,3,5,4,5,3,5,3,4,3,5,3,5,3,5,4,5,3,5,3,5,3,5,3,4,3,4,3,4,3,4,2,4,2,5,2,3,2,3,3,4,2,3,3,6,2,4,3,5,2,5,3,5,2,5,4,5,4,4,4,4,4,4,3,5,5,5,4,18,1,3,2,2,0,4,4,4,3,3,4,5,4,3,4,4,3,4,3,3,2,3,3,3,3,2,3,4,4,5,4,3,3,3,4,3,3,3,4,4,2,2,2,2,2,2,2,2,2,2,3,2,2,2,1,7,6,7,3,4,3,6,6,5,1,37,3,1,1,1,48,3900,2500,0,24404,코로나 주춤 지자체 컨벤션 시설 행사 계획 가지,회계.세무학
31873,3,3,2,3,2,1,3,4,1,0,1,0,1,0,2,3,4,5,1,0,1,0,5,6,3,3,2,2,2,3,2,3,2,2,1,0,2,2,2,3,3,3,2,2,2,3,1,0,1,0,1,0,1,0,1,0,3,3,1,0,2,3,1,0,2,3,1,0,1,0,1,0,1,0,1,0,1,0,3,5,3,4,3,4,3,5,3,4,4,5,3,3,4,4,4,3,3,2,4,3,4,15,2,4,1,1,2,2,2,4,2,3,4,3,2,4,3,3,4,3,3,4,2,4,3,4,2,3,5,4,4,4,3,1,2,3,4,4,3,1,4,4,2,2,2,2,2,2,2,2,2,1,4,3,3,3,2,7,5,4,2,3,4,1,7,8,1,27,3,1,1,1,40,2400,2200,0,541201,일반경비지도사 청원경찰훈련 여러가지 사회 불안 요소 증가 때문 일자리 역시 증가,경호학
31874,4,6,4,5,3,5,4,6,4,5,4,5,4,5,4,4,4,3,3,5,3,2,3,5,4,4,4,5,3,4,4,4,5,4,3,3,4,5,4,3,3,3,4,4,5,3,3,3,2,2,2,3,2,3,3,3,2,2,3,4,3,3,1,0,1,0,2,2,1,0,2,3,3,4,2,3,1,0,4,4,4,4,2,3,3,4,4,5,4,4,2,4,5,2,4,4,4,4,5,4,4,3,1,4,1,2,0,2,4,4,3,4,4,4,3,3,2,2,4,4,2,4,3,3,3,2,3,2,3,4,2,4,4,5,4,4,3,3,4,3,3,4,2,2,2,2,2,2,2,2,2,2,2,3,1,3,1,4,3,4,5,4,5,6,5,5,1,41,4,1,1,1,40,5000,4000,0,151105,항공기관정비기능사 항공장비기능사 코로나 전염병 여파 항공 관련 투자가 축소 예정,반도체공학
31875,4,5,4,5,4,4,4,5,3,3,3,4,3,4,3,3,3,5,3,4,3,4,3,4,3,3,3,3,4,4,3,3,3,4,3,3,4,5,2,3,3,3,3,4,3,4,1,0,1,0,1,0,1,0,1,0,1,0,1,0,3,3,1,0,1,0,1,0,1,0,1,0,1,0,3,3,3,2,3,3,3,4,2,3,4,2,4,2,4,4,2,2,4,2,3,4,2,3,3,3,4,16,5,2,1,1,1,7,4,4,4,3,3,4,3,3,2,3,4,3,2,4,4,4,3,3,3,2,4,3,3,5,4,4,5,3,3,4,3,4,4,4,2,2,2,2,2,2,2,2,2,1,4,2,2,2,2,7,7,3,3,4,4,7,8,6,2,33,3,1,1,1,40,2600,2000,0,232101,보육교사2급자격증 보육교사3급자격증 보육 관련 업무 숙지 숙달 맞벌이 부부 증가,유아교육
31876,4,6,4,6,4,6,4,6,4,6,4,6,4,5,4,6,3,5,3,5,3,5,3,4,4,5,3,5,3,5,4,5,4,5,4,5,3,3,4,5,4,6,3,4,4,5,4,4,2,2,1,0,2,2,1,0,1,0,1,0,1,0,1,0,1,0,1,0,1,0,1,0,2,3,1,0,1,0,1,0,1,0,1,0,2,3,2,3,4,4,5,4,5,5,5,4,4,4,5,5,4,15,2,5,2,2,0,6,6,4,4,4,4,4,3,4,4,4,4,4,2,5,5,4,4,3,4,1,5,4,5,4,4,3,4,4,4,4,2,2,4,4,2,2,2,2,2,2,2,2,2,2,2,3,3,3,1,7,6,5,6,4,3,6,5,4,2,38,5,1,1,1,45,4500,3500,0,110201,일자리 한정,정치외교
31877,3,2,4,5,4,4,3,4,2,3,2,2,3,4,3,3,4,4,3,3,2,2,2,2,4,5,4,5,4,5,3,3,3,3,3,3,3,4,5,6,4,4,4,4,4,4,3,3,2,2,3,3,3,3,2,2,2,2,2,2,3,3,2,2,2,2,2,2,2,2,2,2,2,2,2,2,2,2,2,2,2,3,3,3,4,5,4,4,4,3,4,3,3,3,3,4,3,4,3,3,4,17,1,1,1,2,0,2,2,4,3,3,4,3,4,4,3,4,4,4,3,3,3,5,4,4,5,4,4,2,4,4,5,4,5,4,5,4,4,5,4,4,2,2,2,2,2,2,2,2,2,1,3,3,3,3,2,9,6,7,8,2,3,7,5,7,2,29,3,1,1,1,48,2800,2000,0,307501,간호조무사 환자 계속 생기,식품영양학
31878,3,4,5,4,3,3,4,5,3,3,3,5,3,4,4,4,3,3,3,4,2,4,2,3,3,3,1,0,4,4,3,4,4,5,3,5,1,0,5,4,2,4,3,4,3,4,1,0,1,0,1,0,1,0,1,0,1,0,1,0,3,3,1,0,1,0,1,0,1,0,1,0,1,0,1,0,1,0,1,0,1,0,3,4,2,3,4,3,5,3,4,2,2,1,2,4,3,3,2,3,5,7,1,2,2,1,2,7,2,3,3,2,4,3,3,3,1,3,4,3,3,2,3,3,3,3,3,2,3,4,3,4,3,3,3,2,3,4,3,2,5,3,2,1,2,2,2,2,2,2,2,3,1,2,3,2,1,4,4,6,7,7,5,5,6,3,1,49,3,1,3,1,46,5000,2500,0,612301,고객응대 서비스 교육 예전 관리 측면 프로그램 통한 데이터 관리 분류 체크 인터넷 발달 온라인 환경 조성 구매 시스템 적용 인력 감소 예상,세무회계
31879,2,4,3,4,1,0,3,4,2,2,2,3,2,2,3,4,3,4,2,2,2,2,3,4,4,5,1,0,3,4,3,3,2,2,2,2,2,2,4,5,3,3,2,2,2,2,1,0,1,0,1,0,4,4,1,0,5,3,4,4,1,0,1,0,4,3,3,4,4,5,4,2,1,0,4,5,4,4,3,3,4,5,3,3,4,5,3,4,3,4,3,2,2,2,2,2,2,3,3,2,2,19,4,1,2,1,6,7,1,3,2,1,5,4,2,2,3,4,4,3,3,4,3,4,4,4,5,2,3,3,3,5,3,4,4,5,4,4,4,3,4,4,2,2,2,2,2,2,2,2,2,1,4,3,1,3,2,6,7,6,6,6,6,8,4,4,1,25,1,1,4,2,60,2000,2000,0,812901,이륜차 정비기술 배달,0
31880,4,5,4,5,3,4,5,7,2,3,3,4,2,2,2,2,4,5,3,4,2,3,3,4,3,4,4,5,3,4,4,5,2,3,2,3,4,5,3,4,2,3,2,2,2,3,2,3,2,2,2,3,2,2,2,3,2,3,2,3,2,3,1,0,2,3,1,0,1,0,1,0,1,0,1,0,3,4,2,3,2,3,2,3,3,4,4,6,4,4,5,3,4,3,3,5,3,4,5,3,4,16,5,2,2,2,0,5,2,3,3,4,4,5,3,3,3,4,4,4,3,4,4,2,3,3,2,4,4,4,3,5,5,4,5,4,4,5,4,4,5,4,2,2,2,2,2,2,2,2,2,2,3,2,2,2,1,2,3,2,3,2,3,7,2,3,2,54,4,1,2,2,40,3000,1800,0,521303,자동 안내 활성화,국어국문
31881,3,4,3,3,3,4,3,4,2,2,3,4,2,1,2,2,3,3,2,1,2,1,3,3,3,4,3,3,3,4,3,4,2,3,2,3,2,2,3,3,3,4,3,4,2,3,2,2,2,1,2,2,2,2,2,1,2,1,2,1,2,2,3,4,2,1,2,1,2,1,2,1,3,4,2,1,2,1,2,1,2,1,2,1,3,3,2,2,3,3,3,3,3,3,3,3,2,3,3,2,2,11,1,2,2,2,0,7,5,3,3,4,4,3,2,3,2,4,4,3,2,3,3,3,2,3,2,3,3,3,3,3,2,2,3,3,3,3,2,3,3,4,2,2,2,2,2,2,2,2,2,1,2,3,3,3,1,6,5,4,3,4,5,4,3,6,2,40,4,1,1,1,53,5400,5000,0,31401,인구 감소,산업디자인
31882,4,5,4,5,3,4,3,4,2,2,3,4,4,5,3,2,3,4,2,2,3,4,3,3,4,2,2,3,3,3,3,3,2,3,2,3,4,3,3,4,3,3,2,3,4,4,3,4,3,4,3,3,3,3,2,3,3,4,3,4,3,4,2,3,3,3,2,3,2,2,1,0,1,0,2,3,1,0,1,0,1,0,1,0,2,2,2,2,4,3,4,3,4,4,2,4,2,4,4,4,4,18,1,2,2,2,0,3,2,4,2,2,2,3,2,3,3,2,3,3,3,2,4,2,2,2,3,2,4,4,2,4,2,3,4,4,4,4,4,4,4,4,2,2,2,2,2,2,2,2,2,1,3,3,3,1,1,7,7,7,6,6,5,7,6,4,2,33,4,1,2,2,50,3300,3000,0,411104,컨텐츠 다양성 추구,국어국문
31883,2,3,2,2,1,0,2,2,1,0,2,2,1,0,1,0,1,0,1,0,1,0,1,0,2,2,2,2,1,0,2,2,1,0,1,0,2,2,1,0,2,2,2,2,2,2,1,0,1,0,1,0,1,0,1,0,1,0,1,0,1,0,1,0,1,0,1,0,1,0,1,0,1,0,1,0,1,0,2,2,1,0,1,0,2,2,2,2,3,4,2,3,2,3,3,4,2,3,2,2,3,18,1,2,2,2,0,3,2,3,2,2,3,3,3,3,3,3,3,3,2,3,3,2,2,2,2,2,3,3,3,3,3,2,2,2,2,3,3,3,3,3,2,2,2,2,2,2,2,2,2,1,3,2,2,3,1,4,4,4,4,4,5,4,4,5,1,45,4,1,1,1,52,5000,2800,0,24402,예술 다양성,신문방송학
31884,1,0,2,4,1,0,2,3,3,3,4,3,1,0,1,0,2,3,4,3,2,2,1,0,4,4,4,3,1,0,3,2,2,2,2,1,2,3,2,2,4,3,4,4,3,4,3,2,5,4,5,4,3,3,4,4,5,4,5,4,4,3,4,3,5,3,4,4,5,4,5,4,5,4,4,4,5,3,3,3,5,5,5,4,5,4,4,3,4,3,4,4,3,4,4,2,2,2,3,2,3,3,1,2,2,1,1,5,2,3,3,4,3,4,3,4,3,3,3,4,2,3,3,3,3,3,3,3,3,3,3,4,3,3,4,4,4,4,3,4,4,3,2,2,2,2,2,2,2,2,2,2,2,2,2,2,2,5,6,5,4,5,6,5,4,4,1,46,2,1,1,1,42,3600,3100,0,822101,기계조작 실무교육 제조업 부진 감소,기계
31885,2,3,2,1,2,1,4,3,2,1,3,2,2,3,2,1,3,2,2,3,3,2,2,1,2,1,3,4,3,2,2,3,4,3,3,2,2,3,2,3,4,3,2,1,2,3,2,1,2,1,2,3,2,1,2,1,2,3,2,1,2,1,2,3,2,1,2,1,2,3,2,1,2,3,2,1,2,1,2,1,2,1,1,0,2,3,2,1,3,4,3,2,3,4,3,2,3,4,3,3,2,10,1,2,2,2,0,2,2,3,2,1,3,4,2,3,3,4,5,4,3,3,2,3,4,5,4,3,3,4,4,3,4,3,2,2,3,4,5,3,4,4,1,2,1,1,2,1,1,2,2,3,2,2,2,2,1,7,6,5,3,4,5,7,5,3,1,32,3,1,1,1,40,2800,2400,0,615203,인터넷 발달 통신 기기 대한 정보 고용 안정 업종 감소,컴퓨터공학
31886,2,2,2,2,2,2,2,2,2,2,2,2,2,2,2,4,2,2,2,2,2,2,2,2,2,2,2,2,2,2,2,2,2,2,2,2,2,2,2,3,3,2,2,2,2,2,2,2,2,2,2,2,2,2,2,2,2,2,2,2,2,2,2,2,2,2,2,2,2,2,2,3,2,2,2,2,2,2,2,2,2,4,2,2,2,3,3,2,4,4,3,4,3,3,3,3,2,3,3,3,3,8,4,1,1,2,0,6,2,3,3,3,4,3,3,3,9,9,3,3,2,3,3,4,4,3,4,4,4,5,4,4,4,3,4,3,3,4,3,4,5,3,2,2,2,2,2,2,2,2,2,2,2,2,2,2,2,6,4,5,6,5,6,5,4,4,1,41,2,2,6,1,50,0,0,7000,622304,화물운송종사 자격증 물동량 운송,기계
31887,3,5,4,5,2,3,3,5,3,4,3,4,3,4,4,5,4,5,3,4,1,0,3,4,4,5,4,5,3,3,3,4,3,2,2,3,3,4,4,5,4,6,2,3,4,5,2,6,3,4,3,3,3,3,3,4,3,4,4,5,3,4,4,5,4,5,3,5,4,5,4,6,3,3,3,4,4,5,3,4,4,5,4,5,3,4,3,4,3,4,4,4,4,2,3,4,2,4,3,3,4,10,1,3,2,2,0,4,3,3,4,3,3,4,3,3,3,3,5,3,2,3,3,4,3,4,3,4,3,3,2,4,4,5,2,3,4,4,3,3,4,3,2,2,2,2,2,2,2,2,2,2,2,3,3,3,2,4,3,2,6,4,3,7,4,2,1,33,3,1,1,1,40,3300,2400,0,842201,통신 수요 증가 장비 첨단 화로 인력 수요,전산통계
31888,4,4,4,4,4,5,4,5,4,5,2,4,3,5,3,4,4,4,2,5,3,4,4,5,4,5,2,4,4,4,4,5,5,6,5,6,4,5,4,5,4,5,4,5,5,6,3,5,3,5,5,6,4,5,3,4,2,4,4,5,3,4,3,4,2,4,3,4,4,5,3,4,4,4,2,3,4,5,5,5,3,4,3,4,4,4,3,4,4,4,4,3,4,3,5,3,4,4,4,4,4,12,4,1,1,1,6,3,2,4,4,4,5,5,4,4,4,4,4,4,2,5,5,4,4,4,2,2,4,3,4,4,4,4,3,2,3,4,4,4,5,4,1,1,2,2,1,1,1,2,2,2,1,2,2,2,1,8,7,5,3,5,5,8,5,3,1,73,4,2,6,1,50,0,0,3000,611001,공인중개사자격증 부동산세법 현장실습교육 산업 발전 사회 환경 변화 초래 정보 통신 자동화 산업 발전 대체 결과 초래,경영학
31889,3,4,4,4,2,4,4,4,2,4,1,0,1,0,2,4,2,4,4,4,2,3,1,0,1,0,1,0,3,4,2,3,2,4,1,0,1,0,5,4,2,4,1,0,2,4,2,3,2,3,1,0,1,0,2,3,2,4,2,4,1,0,1,0,1,0,2,4,2,3,2,4,1,0,1,0,4,4,1,0,4,5,3,4,3,4,2,4,4,4,4,2,4,1,2,5,2,3,3,2,4,9,1,2,1,1,4,2,2,3,3,2,3,3,3,3,3,3,4,3,4,2,2,4,2,1,3,1,3,3,4,5,2,5,1,1,5,3,3,3,4,5,2,2,2,2,2,2,2,2,2,2,3,2,2,2,1,2,7,7,6,8,8,5,3,4,1,29,3,1,1,1,50,2500,2200,0,523001,호텔관리사 외국어 임금 직업 소외,호텔경영학
31890,5,7,5,6,5,7,5,7,5,7,5,7,5,7,5,7,5,7,3,4,3,3,2,5,4,5,3,3,5,7,5,6,4,6,5,6,4,6,5,4,5,7,5,6,5,6,3,5,2,3,3,4,2,4,3,3,1,0,2,1,1,0,1,0,1,0,1,0,1,0,1,0,3,4,4,4,1,0,1,0,1,0,1,0,3,3,1,0,5,4,4,5,5,5,5,5,5,5,4,4,4,16,5,5,2,2,0,6,7,5,5,5,5,5,5,5,5,4,5,5,1,5,4,5,5,4,2,2,3,4,4,4,4,3,3,4,4,4,3,3,3,4,2,2,2,2,2,2,2,2,2,1,3,3,3,3,1,2,1,2,1,2,1,2,1,1,1,55,6,1,1,1,50,8000,5000,0,110101,상태 유지,철학
31891,4,5,4,5,4,5,4,5,3,4,3,4,4,5,3,3,4,5,4,5,3,4,4,5,4,5,3,4,3,4,4,5,3,3,1,0,4,4,3,4,3,4,3,3,3,4,3,4,1,0,1,0,1,0,1,0,1,0,1,0,1,0,1,0,1,0,1,0,1,0,1,0,1,0,1,0,1,0,1,0,1,0,1,0,4,5,1,0,4,3,3,4,4,4,4,4,3,3,4,3,4,16,5,4,1,1,3,5,5,3,4,4,5,5,4,3,3,3,3,3,1,4,5,3,4,4,4,3,4,4,4,3,4,4,3,4,4,4,3,4,4,4,2,2,2,2,2,2,2,2,2,3,3,2,2,2,1,3,8,7,8,3,5,4,8,6,1,34,4,1,1,1,45,4000,2800,0,411301,문서편집기술 자격증 일러스트 현재 상황 장기 지속,국문학
31892,1,0,1,0,1,0,1,0,1,0,1,0,1,0,1,0,1,0,1,0,1,0,1,0,1,0,3,4,1,0,1,0,1,0,1,0,1,0,1,0,1,0,1,0,1,0,1,0,1,0,1,0,3,4,1,0,1,0,1,0,1,0,4,4,4,5,3,4,2,4,4,5,1,0,1,0,1,0,1,0,3,4,1,0,1,0,1,0,3,3,4,3,2,3,3,3,3,3,2,2,3,3,1,3,1,2,0,7,4,3,3,3,4,3,3,4,3,4,4,4,2,4,3,4,3,3,3,3,2,4,3,4,2,3,2,3,3,4,3,2,4,4,1,2,1,2,2,2,2,2,2,3,2,3,3,3,1,7,8,7,4,4,3,8,4,4,1,43,2,1,1,1,40,3800,3200,0,826101,유리섬유 산업기사 장비 기술 계속 도입 자동화 계속 발달,정보통신
31893,3,4,4,5,3,4,4,5,1,0,3,4,1,0,4,5,1,0,3,4,4,5,4,5,3,4,3,4,4,5,4,5,3,4,2,2,4,5,2,2,3,4,3,4,2,2,3,4,1,0,3,4,1,0,1,0,1,0,1,0,1,0,1,0,1,0,3,4,3,4,1,0,4,5,1,0,1,0,1,0,1,0,1,0,3,4,3,4,3,4,3,2,3,3,4,3,3,2,4,4,3,15,2,5,2,2,0,2,5,3,4,4,4,4,3,4,4,4,4,4,3,4,3,3,4,4,3,3,4,3,5,4,4,3,3,2,4,4,4,3,3,4,2,2,2,2,2,2,2,2,2,1,3,3,3,3,2,3,3,3,1,1,3,7,7,9,1,40,4,1,1,1,40,2900,2000,0,13305,보안 필수 인력,경찰행정학
31894,5,7,5,7,5,7,5,7,3,4,5,7,4,6,3,4,4,6,3,4,4,6,5,6,4,5,4,5,5,7,3,5,4,6,4,5,3,3,4,5,5,7,4,5,4,5,4,5,3,4,4,5,4,5,4,5,4,5,3,5,4,5,4,6,3,4,1,0,1,0,2,2,2,2,1,0,1,0,3,3,1,0,1,0,3,5,3,5,4,4,4,3,4,4,4,4,4,5,4,3,4,17,3,3,1,1,2,2,4,5,4,3,3,2,2,3,4,4,3,4,4,3,3,4,3,4,3,3,4,3,4,4,3,5,4,4,3,4,5,3,4,5,2,2,2,2,2,2,2,2,2,1,3,3,3,3,2,7,8,7,8,6,6,7,8,7,2,35,5,1,1,1,40,3400,2000,0,231201,전문상담교사2급 청소년상담사2급 전문적 지식 습득 일정한 기간 교육 사회 복지 전담 인력 업무 증가,상담심리학
31895,3,5,4,5,2,3,2,5,4,4,3,5,3,3,3,3,3,4,3,2,2,2,1,0,1,0,3,3,2,4,4,3,2,2,2,2,3,3,3,5,4,4,4,4,2,4,2,2,4,4,3,5,4,5,4,5,4,3,4,4,3,5,5,3,5,3,4,4,3,3,3,3,2,2,4,4,2,3,3,3,3,3,2,3,4,4,3,3,5,3,2,3,3,5,3,4,4,4,4,3,4,9,1,3,2,1,2,5,5,4,3,3,4,4,3,4,3,4,4,4,2,4,3,4,4,4,3,3,3,4,3,4,4,3,4,4,4,4,3,3,4,3,2,2,2,2,2,2,2,2,2,1,3,3,2,2,2,6,6,5,4,4,3,5,4,4,1,49,4,1,1,1,52,5300,4120,0,14103,호텔 관리 업무 교육 관광객 소비 안전 고용,관광경영
31896,5,7,5,7,5,6,5,6,4,5,4,6,4,5,4,5,4,5,3,4,3,5,3,5,3,4,3,4,4,6,3,4,4,6,4,6,4,6,3,5,3,4,3,4,3,4,2,2,2,2,5,6,1,0,1,0,1,0,1,0,1,0,1,0,1,0,1,0,1,0,1,0,3,4,1,0,1,0,1,0,1,0,1,0,1,0,1,0,4,4,4,4,4,4,4,4,4,4,5,3,4,17,1,2,1,1,2,5,6,4,4,4,4,4,3,4,4,4,4,4,2,4,4,4,4,4,4,1,3,4,4,4,4,4,4,3,4,4,2,2,4,5,2,2,2,2,2,2,2,2,2,2,3,3,3,3,1,3,3,3,3,2,4,6,5,2,1,52,6,1,1,1,45,5000,3000,0,110105,심리상담 아동상담심리 개론 변화,심리학
31897,5,6,5,6,5,7,5,7,5,6,5,6,4,6,5,6,5,7,5,6,5,6,5,7,5,7,5,6,5,6,5,6,5,7,4,5,4,6,5,6,5,7,5,7,5,6,4,6,4,6,5,7,4,6,5,6,4,5,5,7,4,5,4,4,4,5,5,6,5,7,3,4,3,4,3,5,3,4,3,4,4,5,3,5,3,5,2,4,3,3,3,3,3,4,5,3,3,3,3,3,3,17,2,5,2,2,0,5,5,4,3,3,5,5,5,3,3,4,4,4,3,3,3,3,3,3,4,3,2,3,5,3,3,3,3,2,4,4,3,3,3,4,2,2,2,2,2,2,2,2,2,2,3,1,1,1,1,2,3,2,5,7,8,2,4,7,1,59,4,1,1,1,40,6300,3000,0,122101,상태 유지,공중보건학
31898,3,3,3,3,2,2,1,0,3,3,2,2,2,2,2,2,4,4,2,3,3,3,1,0,4,4,3,3,2,2,4,4,3,3,1,0,3,4,3,3,3,3,3,3,3,3,1,0,3,3,3,3,3,3,4,5,4,4,5,5,1,0,3,3,4,4,4,5,4,5,4,4,3,4,3,3,3,4,3,4,3,4,3,3,4,5,4,4,4,3,3,4,3,3,3,4,3,3,3,3,3,4,1,2,1,1,4,3,2,3,4,3,4,4,2,3,4,4,4,4,2,4,4,4,4,5,5,2,4,4,2,4,4,3,3,4,4,5,5,4,5,5,2,2,2,2,2,2,2,2,2,2,1,3,3,3,2,7,8,5,3,7,5,7,5,8,1,60,4,1,1,1,40,2800,2000,0,153106,전기기사자격증 에너지진단자격증 전기안전교육 능력 사람 프로그램 전산 처리 작동 때문,전기공학
31899,3,3,4,5,2,1,3,4,2,3,1,0,1,0,2,2,3,3,2,2,1,0,3,4,4,5,2,1,3,4,4,5,3,4,3,4,1,0,3,2,4,5,3,4,2,2,3,4,3,4,1,0,2,2,1,0,2,2,2,3,1,0,1,0,2,3,2,2,2,3,3,4,1,0,4,5,3,4,3,4,4,5,3,4,2,2,2,3,4,1,4,3,1,2,3,5,1,2,4,2,5,9,4,2,2,2,0,5,2,3,3,3,4,5,1,3,9,9,9,3,3,4,3,1,2,4,3,3,2,3,3,4,2,3,2,1,4,4,2,3,3,4,2,2,2,2,2,2,2,2,2,3,2,2,2,2,1,6,7,8,7,6,6,3,2,3,1,39,3,2,6,1,40,0,0,3400,615501,유행 음식,조리학
31900,3,4,4,4,2,5,4,5,1,0,2,5,2,2,3,4,4,4,5,4,2,5,2,5,3,4,3,5,5,5,4,4,4,5,5,4,1,0,4,5,4,4,4,5,5,5,1,0,2,3,3,5,1,0,1,0,1,0,1,0,4,3,1,0,2,2,1,0,1,0,2,3,4,4,1,0,2,4,1,0,2,5,1,0,3,4,4,4,3,2,4,3,3,4,1,5,3,4,3,4,4,18,1,2,1,1,3,5,5,3,2,2,4,3,3,2,3,4,3,3,4,2,2,5,4,3,4,4,3,4,3,5,4,3,2,3,4,5,3,2,3,4,2,1,2,2,2,2,1,1,2,1,3,2,2,3,2,5,4,6,3,3,5,2,3,7,2,45,4,1,3,2,12,4000,3000,0,521303,천문지도사 천체 관측 장비 사용법과 이론 현장 파노라마 에서 해석 설명 응대 손님 증가 플레잉 타임 간격 객체 상대 고려 사항 변수 때문 감동 고려 업무 기계 대체 불가,동양미술
31901,4,5,4,5,3,4,4,5,3,4,3,4,4,5,3,4,4,5,4,5,3,4,2,2,3,4,2,2,4,4,4,5,4,5,4,5,4,4,4,5,3,4,3,4,4,5,3,4,4,5,4,5,2,2,2,2,2,2,2,2,2,3,3,4,2,2,2,2,1,0,2,2,3,4,4,5,2,2,3,4,2,2,2,2,2,2,4,5,3,3,4,3,4,2,3,2,3,2,2,2,4,9,1,2,1,2,0,7,2,2,2,3,4,2,3,3,3,3,4,3,4,2,2,2,2,2,2,3,2,4,2,4,2,3,2,2,2,4,2,2,4,4,2,2,2,2,2,2,2,2,2,3,3,2,2,2,1,3,4,6,5,3,6,7,5,7,2,49,2,1,1,1,50,5000,3000,0,523001,호텔경영학 경기 침체,문과
31902,3,4,3,4,2,3,2,3,2,3,2,3,2,3,3,4,3,4,2,3,2,3,2,3,2,3,2,3,2,2,2,3,2,3,2,3,2,3,2,3,2,3,2,3,3,4,2,2,2,3,2,3,2,3,2,3,2,3,2,3,2,3,3,4,3,4,3,4,3,4,3,4,4,5,3,4,3,4,2,3,2,3,3,4,3,4,2,3,2,3,3,3,3,2,3,3,2,3,3,3,3,3,1,2,2,2,0,3,2,3,3,3,3,3,3,3,9,4,4,4,3,3,3,3,4,4,4,2,3,2,4,4,4,3,3,3,3,4,4,4,4,3,2,2,2,2,2,2,2,2,2,1,2,2,2,2,2,2,3,7,3,3,7,3,7,5,1,28,2,1,1,1,40,3000,2200,0,852401,직종 기피,기계
31903,2,2,2,2,1,0,3,3,3,3,3,3,2,2,2,2,2,2,1,0,2,2,2,2,2,2,3,4,1,0,1,0,1,0,3,3,1,0,2,2,3,3,2,2,2,2,2,2,2,2,2,2,3,3,3,3,2,3,3,3,2,2,3,3,3,3,3,3,2,5,3,3,3,3,3,3,1,0,3,3,2,2,1,0,2,2,2,2,4,3,3,4,3,3,3,3,3,4,3,3,3,4,1,2,1,2,0,3,5,3,3,4,4,3,3,4,4,3,3,3,3,3,4,3,4,3,3,2,3,3,3,3,4,4,3,3,3,3,4,3,3,3,1,1,2,2,2,2,2,2,2,2,4,2,2,2,1,5,4,5,6,5,4,5,5,6,1,48,4,1,1,1,48,5500,3000,0,153103,전기산업기사 전기안전기술사 설비 기술 발전 기술 발전 수요 증가,전기공학
31904,2,2,2,3,2,3,4,5,1,0,1,0,1,0,1,0,2,3,2,2,1,0,2,2,2,3,2,1,2,3,2,3,1,0,2,2,2,2,4,5,2,3,2,3,2,2,2,3,2,2,2,3,1,0,1,0,1,0,1,0,2,2,2,3,1,0,1,0,1,0,1,0,2,2,1,0,2,2,2,1,2,2,2,3,2,2,2,2,3,2,3,2,3,3,2,3,2,3,3,2,3,18,4,3,2,2,0,5,4,3,4,2,4,4,2,2,9,9,3,3,2,4,4,4,3,3,2,3,4,4,4,4,3,2,3,2,3,4,3,2,3,5,2,2,2,2,2,2,2,2,2,2,4,1,2,2,1,4,4,6,5,3,4,4,3,6,1,47,4,2,6,1,40,0,0,4000,521201,다시 상승,국어국문학
31905,5,4,2,5,2,3,4,2,2,4,2,2,1,0,2,4,2,4,3,4,4,3,3,3,4,4,2,2,1,0,4,3,3,3,1,0,3,5,1,0,2,3,3,3,1,0,1,0,2,3,3,2,4,5,4,4,3,3,2,2,3,3,2,3,4,3,4,3,3,3,3,3,4,5,2,1,3,4,3,2,1,0,1,0,2,1,1,0,3,5,4,3,4,4,3,5,3,4,4,3,5,13,1,2,1,2,0,2,5,4,3,5,4,4,5,5,4,4,5,3,4,5,4,3,4,4,2,3,4,4,4,5,3,4,4,5,3,4,2,3,4,4,2,2,2,2,2,2,2,2,2,2,3,3,2,2,2,3,4,7,7,8,9,4,7,6,1,33,4,1,1,1,40,3600,3600,0,155401,환경기능사 환경측정분석사 환경 업체 포화상태,환경공학
31906,1,0,1,0,1,0,1,0,1,0,1,0,4,4,1,0,1,0,2,2,1,0,1,0,5,3,1,0,1,0,1,0,1,0,1,0,3,3,2,2,1,0,1,0,4,3,1,0,1,0,1,0,1,0,1,0,3,3,1,0,1,0,1,0,1,0,2,2,1,0,1,0,1,0,5,5,3,3,1,0,3,3,3,3,4,5,1,0,4,4,3,4,4,2,3,2,2,2,4,3,3,9,4,1,2,2,0,7,4,3,4,3,3,3,3,3,9,9,3,3,2,3,3,3,3,4,3,4,3,3,3,3,3,3,3,4,3,4,3,4,3,3,2,2,2,2,2,2,2,2,2,1,4,3,2,2,2,7,7,7,4,4,7,5,6,5,2,38,4,2,6,1,40,0,0,3000,414102,취미 생활 사람,미술학
31907,5,7,4,6,5,7,5,7,4,6,5,6,5,7,5,6,5,6,5,5,4,6,5,7,5,6,4,6,3,4,3,4,3,4,3,5,4,4,4,6,5,6,4,4,4,4,4,6,4,6,4,6,4,6,5,6,5,6,5,7,3,5,4,4,4,4,3,4,4,4,4,5,4,6,5,7,5,7,1,0,1,0,1,0,1,0,1,0,3,3,3,3,4,3,4,3,3,3,4,3,4,15,2,5,2,2,0,2,5,3,3,4,4,4,4,3,3,4,4,4,3,3,3,4,4,3,3,4,3,4,5,3,3,3,3,2,3,4,2,3,3,5,2,2,2,2,2,2,2,2,2,2,3,3,3,3,2,2,3,5,3,6,5,5,5,5,2,37,4,1,1,1,40,3800,3000,0,121104,상태 유지,농학
31908,2,2,4,4,3,3,2,2,2,2,2,2,1,0,2,2,4,4,1,0,2,2,1,0,4,4,1,0,3,3,3,4,2,2,1,0,1,0,4,4,3,2,4,4,3,3,1,0,1,0,1,0,1,0,1,0,2,2,1,0,2,2,5,5,2,2,2,2,1,0,1,0,1,0,4,5,2,2,2,2,2,2,2,2,4,4,3,3,3,3,2,3,4,3,4,4,4,3,4,3,2,17,3,5,1,1,3,3,4,3,3,3,3,3,2,3,3,2,2,3,2,2,3,2,3,2,3,2,3,3,4,3,4,4,2,2,4,3,3,3,2,4,2,2,1,2,2,1,2,2,2,1,3,1,2,3,2,4,7,5,8,6,4,2,7,4,2,29,3,1,1,1,42,2800,2200,0,306101,임상병리사2급 임상검사 법규 코로나 자가진단 임금 무지 일부 한정 변화,임상병리
31909,3,6,3,6,3,6,3,6,4,6,3,6,3,5,4,6,4,6,3,5,4,6,4,6,3,4,3,5,3,3,4,6,3,5,4,6,4,4,3,5,4,6,4,6,4,6,4,6,5,7,3,6,4,6,3,4,3,4,2,2,3,5,4,6,2,2,4,6,3,5,3,5,3,6,2,3,2,2,2,2,2,4,2,2,3,5,2,5,3,3,2,4,4,2,4,4,3,3,4,4,3,3,1,5,1,2,0,4,4,5,4,4,4,4,4,2,3,3,4,3,4,4,4,4,4,5,4,4,5,4,4,5,4,5,4,4,4,5,5,4,4,5,2,2,2,2,2,2,2,2,2,2,2,2,2,2,1,6,5,7,6,5,5,7,5,4,2,37,3,1,1,1,40,4000,2400,0,28301,컴활1급 엑셀OA 퓨터 자동화 도입 때문,경영학
31910,3,4,3,4,2,4,2,3,4,5,4,3,1,0,4,3,4,5,3,5,4,3,3,5,4,6,4,5,3,3,4,5,2,4,3,5,4,4,4,2,4,6,4,3,4,3,1,0,1,0,2,2,3,4,1,0,4,3,4,5,3,3,4,4,4,5,3,4,4,5,4,4,3,2,4,4,4,4,4,4,2,3,2,3,4,5,3,5,3,3,2,3,3,2,4,3,2,3,3,4,2,4,1,2,1,2,0,7,3,4,3,3,3,4,2,3,3,3,4,3,2,4,3,4,3,3,3,3,4,4,4,4,2,3,3,2,4,4,3,2,4,4,2,2,2,2,2,2,2,2,2,2,3,3,3,3,2,7,5,5,5,7,3,4,7,7,1,48,2,1,1,1,40,5500,2800,0,833001,원자로 조정면허 산업 분야 인력,기계
31911,1,0,3,4,1,0,3,4,1,0,2,3,3,4,2,3,1,0,1,0,1,0,2,2,4,5,1,0,3,4,4,5,3,4,1,0,2,2,2,3,1,0,1,0,2,2,1,0,1,0,1,0,4,5,3,4,4,5,1,0,1,0,1,0,1,0,1,0,1,0,1,0,1,0,2,2,2,2,3,4,1,0,3,4,3,4,3,4,4,4,4,4,4,3,2,2,3,3,2,1,2,9,1,2,1,1,3,4,3,3,2,3,2,3,3,3,3,3,3,3,3,2,3,4,3,3,4,3,3,4,3,3,2,2,3,3,2,3,3,4,3,3,2,2,2,2,2,2,2,2,2,1,3,3,3,3,2,5,5,4,3,3,3,2,2,1,1,37,4,1,1,1,32,3500,2300,0,531601,조주기능사 칵테일제조연습 지금 별반 차이 생각,경영학
31912,4,4,3,4,4,4,4,4,4,4,4,4,4,4,2,2,4,4,4,4,2,4,3,4,2,4,3,3,3,3,2,2,3,3,3,3,4,5,3,3,4,4,3,3,3,3,3,4,4,3,3,3,4,4,4,4,3,4,4,4,1,0,2,3,4,5,3,3,4,4,4,5,4,5,3,3,4,5,4,4,4,4,3,4,1,0,2,3,4,3,3,4,3,3,4,4,3,2,4,3,4,19,1,1,1,2,0,7,3,3,4,3,4,3,4,3,4,4,4,3,4,3,4,4,4,3,3,4,3,4,4,4,3,4,3,3,3,4,4,3,3,4,2,2,2,2,2,2,2,2,2,1,3,3,3,3,2,5,6,7,5,4,5,7,6,6,1,33,2,1,3,1,53,2800,1600,0,812901,자동차정비자격증 기계 한계,기계
31913,4,5,4,5,4,5,3,4,1,0,1,0,1,0,1,0,1,0,1,0,1,0,1,0,5,6,4,5,5,4,1,0,1,0,1,0,1,0,3,3,4,4,4,4,1,0,1,0,1,0,1,0,1,0,1,0,1,0,1,0,2,2,1,0,1,0,1,0,1,0,1,0,1,0,5,6,4,6,1,0,1,0,1,0,5,5,1,0,5,5,4,5,4,4,5,4,3,4,3,4,4,17,1,1,1,1,6,6,5,4,4,4,5,4,3,4,9,9,9,4,2,4,4,4,3,2,3,4,3,3,4,4,3,3,4,4,3,5,4,3,5,2,2,2,2,2,2,2,2,2,2,1,4,2,2,2,2,9,5,6,4,6,6,6,6,5,1,41,4,2,5,1,40,0,0,25000,301105,이비인후과전문의 의료시술 교육 매연 전염병 증가,이비인후
31914,3,4,4,4,3,4,3,4,3,4,3,4,4,4,3,4,3,4,3,4,3,4,3,4,3,4,4,5,3,4,3,4,3,5,3,4,3,4,3,4,3,4,3,4,3,4,3,5,3,4,3,4,3,4,3,4,3,5,3,4,3,4,3,4,3,4,3,4,3,4,3,4,3,4,3,4,3,3,3,4,3,4,3,4,3,4,3,4,4,3,3,3,3,3,3,3,3,3,4,4,4,4,1,4,1,2,0,7,4,3,3,3,4,3,3,4,3,4,4,4,3,3,3,3,3,3,3,4,3,3,3,3,4,4,4,4,3,3,3,3,3,4,2,2,2,2,2,2,2,2,2,2,2,2,2,2,2,5,6,6,6,6,6,5,6,5,1,45,4,1,1,1,40,3000,2500,0,153104,전기공사산업기사 산업안전기사 장비 도입,경영학
31915,4,2,5,5,2,2,3,3,3,3,3,5,3,5,3,3,3,3,3,5,3,3,3,3,3,3,3,4,3,3,3,6,3,5,3,3,3,3,3,3,3,4,3,3,3,3,3,3,3,2,3,5,3,3,3,5,3,3,3,3,2,2,3,2,3,4,3,2,3,2,3,3,3,3,3,4,3,2,3,3,3,2,2,3,3,3,3,3,3,4,3,4,4,2,4,5,3,3,3,3,4,19,4,1,1,1,4,7,2,3,3,3,3,4,3,3,9,9,9,3,3,4,4,3,4,3,2,2,2,4,3,3,3,3,3,3,4,4,3,4,5,3,2,2,2,2,2,2,2,2,2,1,3,2,2,2,2,7,9,8,7,9,7,7,7,7,2,56,2,2,6,1,58,0,0,3700,511201,미용사 자격증 고객 응대법 미용 기술 습득 현재 계속 미용 매출 미용실 창업 계속 것이므,상고
31916,4,6,4,5,4,5,4,5,4,5,3,4,3,5,4,4,4,5,4,5,3,4,4,5,4,4,4,4,4,4,4,5,4,4,4,5,4,4,4,4,4,4,4,4,4,5,3,4,4,4,4,4,4,4,4,4,4,4,4,4,4,4,4,4,4,4,4,5,3,4,3,4,4,5,3,4,4,4,4,5,3,4,3,4,3,5,4,5,5,4,4,4,3,3,3,4,4,3,3,4,3,11,1,4,1,2,0,7,4,3,4,3,4,3,4,5,5,4,5,4,1,4,4,4,4,3,3,4,3,3,3,4,3,3,4,4,3,4,3,4,3,3,2,2,2,2,2,2,2,2,2,1,3,3,3,3,2,3,2,4,3,4,4,2,6,5,1,50,4,1,1,1,40,8500,2000,0,31301,보험계리사 대체 불가,수학
31917,4,3,2,3,2,1,3,2,1,0,3,2,2,4,2,1,2,2,3,2,2,3,4,3,3,2,4,2,3,4,2,4,4,3,4,2,2,3,4,3,3,2,4,3,4,2,2,3,3,2,3,4,4,3,4,2,4,3,3,5,2,2,3,2,4,2,2,1,3,4,2,3,2,3,4,3,3,4,2,1,2,4,2,1,5,3,3,2,3,4,5,4,5,4,5,3,4,4,5,4,3,19,1,2,1,2,0,2,4,4,3,2,3,4,4,4,3,4,5,4,2,3,4,5,4,3,5,4,5,4,5,3,4,3,4,5,4,5,5,4,5,4,2,1,1,2,1,1,2,1,2,3,2,2,2,3,2,7,4,5,4,6,7,4,6,5,1,31,3,1,3,1,40,2300,2100,0,841101,PC정비사 운전면허증 기계 부품 수리 기술 습득 필요 임금 이직 경향,전자
31918,4,5,4,5,2,3,4,6,1,0,2,3,4,5,3,4,4,6,4,5,3,4,3,4,4,5,3,4,4,6,4,6,4,5,4,5,3,4,4,6,3,4,2,3,4,5,2,3,1,0,2,3,1,0,1,0,1,0,1,0,2,2,1,0,1,0,1,0,1,0,1,0,2,2,4,6,4,5,4,5,3,4,4,5,3,4,3,4,3,4,2,2,4,2,1,4,3,4,4,4,2,18,4,1,2,2,0,2,2,4,4,3,4,4,3,2,9,9,9,2,2,4,4,2,2,3,2,3,3,3,4,4,4,4,4,4,3,4,3,4,4,5,2,2,2,2,2,2,2,2,2,1,2,2,2,2,1,3,4,6,5,6,7,6,3,3,2,31,4,1,4,2,30,2200,1500,0,416201,연예계 진출,국문학
31919,2,3,2,3,2,2,4,4,1,0,1,0,1,0,1,0,1,0,1,0,1,0,3,3,3,4,1,0,2,3,2,4,1,0,1,0,2,3,4,4,3,5,3,4,4,5,2,3,2,3,1,0,2,3,2,3,3,4,4,5,2,3,3,3,4,4,4,4,5,6,5,5,1,0,3,3,3,4,2,3,2,4,3,3,2,3,3,3,3,4,2,2,2,3,2,4,2,2,3,2,3,10,1,2,2,2,0,3,2,4,2,2,4,4,3,4,3,5,5,5,2,4,4,4,3,2,2,3,4,4,4,4,2,3,3,4,4,4,3,3,4,4,2,2,2,2,2,2,2,2,2,1,3,3,3,3,2,8,2,7,3,7,3,7,2,7,1,34,3,1,1,1,45,3000,2000,0,842101,기계 대체 불가,전자기계
31920,3,4,4,5,2,2,3,4,1,0,1,0,4,5,2,2,4,5,2,2,1,0,3,3,2,2,4,5,1,0,1,0,2,2,3,3,2,2,2,2,2,2,3,3,3,3,1,0,1,0,2,2,1,0,1,0,1,0,1,0,1,0,1,0,1,0,1,0,1,0,1,0,1,0,1,0,2,2,1,0,1,0,1,0,3,4,4,5,5,5,3,1,4,2,1,5,1,5,3,5,4,15,2,2,2,2,0,6,5,3,4,2,4,4,3,1,2,3,3,3,4,3,3,3,4,4,4,3,4,4,4,4,4,4,3,4,5,4,4,3,4,5,2,2,2,2,2,2,2,2,2,1,1,2,2,2,2,8,8,8,9,8,9,9,9,9,1,36,4,1,1,1,20,1000,1000,0,414602,가요 선호 인구 증가,성악
31921,2,3,2,3,3,4,4,4,1,0,1,0,3,3,3,4,2,3,3,3,1,0,5,6,3,4,2,3,3,2,2,3,2,2,2,1,3,4,4,3,2,2,2,3,2,2,2,2,2,2,3,2,1,0,1,0,4,4,3,3,3,3,1,0,2,2,1,0,1,0,1,0,1,0,2,1,3,3,3,2,2,2,3,3,4,3,3,4,3,2,2,3,4,3,4,3,2,2,4,2,4,16,5,3,1,1,4,4,4,4,5,4,5,4,3,4,3,3,3,4,1,4,4,4,3,5,3,2,4,5,4,4,4,2,3,4,3,3,2,3,4,4,2,2,2,2,2,2,2,2,2,1,2,3,3,3,1,7,6,3,4,3,3,4,8,8,2,51,4,1,1,1,40,4100,2800,0,212301,특수학교 1급 특수교육교사 훈련 특수 학급 감소,특수교육학
31922,5,6,5,6,3,5,5,6,4,4,5,5,4,5,4,5,5,5,4,4,4,5,5,5,4,5,4,6,5,6,5,5,4,5,3,4,4,5,5,7,4,5,5,6,5,5,5,6,4,5,5,5,4,5,4,5,5,6,1,0,4,4,1,0,3,4,4,5,1,0,3,4,5,6,5,7,5,6,4,5,3,4,4,4,5,7,3,4,4,4,5,4,4,3,5,5,4,5,4,4,4,17,1,2,1,2,0,6,6,5,5,4,4,4,3,4,9,9,4,4,1,4,4,4,3,3,2,2,3,5,3,4,4,3,5,4,4,4,3,2,4,4,2,2,2,2,2,2,2,2,2,2,4,3,3,2,2,7,4,3,4,2,3,7,3,2,1,48,5,2,5,1,45,0,0,12000,301103,의사면허 한류 성형 외국인 계속 수요,의학
31923,1,0,2,3,1,0,4,5,1,0,1,0,1,0,1,0,1,0,1,0,1,0,1,0,1,0,1,0,3,4,1,0,2,3,2,3,2,3,4,5,4,5,1,0,1,0,1,0,1,0,1,0,1,0,1,0,1,0,1,0,1,0,1,0,1,0,1,0,1,0,1,0,1,0,1,0,1,0,1,0,1,0,3,4,1,0,1,0,3,3,2,3,4,2,3,3,3,4,3,3,3,8,1,2,2,2,0,7,2,3,3,3,3,3,3,3,2,3,3,3,2,3,2,2,3,3,2,3,2,2,3,2,3,3,3,4,4,3,4,4,4,4,2,2,2,2,2,2,2,2,2,4,2,2,2,2,1,7,7,6,4,5,4,5,3,4,1,28,2,1,1,1,40,2400,1800,0,522201,자동화,기계
31924,3,2,3,3,2,3,4,4,3,3,3,3,2,3,2,3,3,3,2,3,2,3,3,3,3,3,2,4,3,4,4,4,4,4,4,5,4,4,4,5,3,4,3,3,3,5,3,4,4,4,3,5,3,4,4,4,4,4,3,4,4,5,3,4,3,3,2,3,3,4,2,3,2,4,2,3,3,3,2,3,2,4,3,3,2,3,2,3,4,3,4,3,4,4,4,4,3,4,4,4,4,4,1,2,1,2,0,3,2,3,4,3,4,3,3,4,3,4,5,4,3,4,4,3,4,4,3,3,3,4,3,4,4,3,3,4,4,5,4,3,3,3,1,1,2,2,2,2,2,2,2,3,3,3,3,3,2,7,6,7,6,7,7,6,5,7,1,38,2,1,1,1,40,3800,3000,0,836001,반도체조합원 컴퓨터 프로그램 도입 작업 필요,전기
31925,2,2,1,0,1,0,2,2,1,0,2,2,1,0,2,3,1,0,1,0,3,4,3,4,2,2,3,4,1,0,2,2,1,0,2,2,3,5,1,0,2,3,3,4,3,5,2,2,3,5,3,4,4,6,3,4,4,5,3,4,2,2,4,6,4,4,4,4,4,5,4,3,3,5,3,3,1,0,1,0,1,0,1,0,2,2,2,1,4,3,3,4,4,4,4,3,2,4,3,3,4,3,1,2,1,2,0,3,5,4,4,3,4,4,3,4,3,3,4,4,2,4,4,4,3,2,2,3,4,4,3,4,3,4,3,4,4,4,3,3,4,4,2,2,2,2,2,2,2,2,2,1,3,3,3,3,1,7,7,6,7,8,7,8,7,8,1,43,4,1,1,1,40,4500,3200,0,154102,화공기사 화학분석기능사 화공안전기술사 기계,화학공학
31926,1,0,2,3,1,0,1,0,1,0,1,0,2,3,1,0,1,0,1,0,1,0,1,0,3,4,1,0,1,0,1,0,1,0,1,0,2,3,1,0,1,0,2,3,1,0,1,0,2,3,1,0,3,4,2,3,2,3,1,0,1,0,2,3,2,3,2,3,1,0,1,0,1,0,3,4,3,4,2,3,3,4,3,4,3,4,2,4,4,3,4,3,3,2,3,3,3,2,2,3,3,3,1,2,2,1,4,4,2,3,3,3,4,4,3,3,4,4,4,4,3,4,3,3,3,2,2,4,3,4,3,5,4,3,3,3,3,4,3,3,4,4,2,2,2,2,2,2,2,2,2,2,2,3,2,2,2,7,7,7,3,3,3,4,3,3,1,32,2,1,1,1,43,2700,2000,0,862201,재단기 사용법 생산 설비 자동화,기계
31927,2,3,3,4,2,4,3,4,3,4,1,0,1,0,1,0,3,4,1,0,1,0,1,0,1,0,3,4,1,0,1,0,3,4,3,4,1,0,4,4,3,4,3,4,2,4,3,4,3,4,1,0,1,0,1,0,1,0,1,0,3,4,3,4,1,0,1,0,1,0,1,0,1,0,1,0,1,0,1,0,1,0,1,0,2,3,2,3,4,3,3,3,3,3,3,4,2,3,3,2,4,11,3,2,1,2,0,2,4,4,3,3,4,4,4,4,4,4,4,4,2,4,4,4,3,4,3,2,4,3,3,4,4,5,4,4,4,4,3,3,3,3,2,2,2,2,2,2,2,2,2,1,3,1,1,3,1,4,5,3,6,4,3,5,3,3,2,34,3,1,1,1,40,4800,3000,0,612501,유통관리사 화훼경매사 기계로 대체 때문,마케팅학
31928,4,5,4,5,3,4,3,4,3,4,3,4,3,5,2,3,3,4,3,5,3,4,3,4,3,4,4,5,3,4,3,4,4,5,3,5,4,6,4,5,4,5,4,5,4,5,2,3,4,5,3,4,2,3,3,4,4,5,4,5,3,4,3,4,3,4,3,4,2,3,2,3,3,4,4,5,4,5,4,5,4,5,4,5,4,5,4,5,4,4,4,3,4,2,3,4,3,3,4,3,4,20,4,1,2,2,0,7,5,3,3,3,2,3,3,3,9,9,9,3,3,3,3,4,4,4,4,2,3,2,4,4,4,4,3,3,4,4,4,3,4,3,2,2,2,2,2,2,2,2,2,1,2,2,2,2,1,2,7,7,3,3,7,2,6,8,1,40,4,2,6,1,40,0,0,4500,414702,기피 직업,무용
31929,2,2,2,3,2,1,2,2,1,0,1,0,1,0,1,0,2,2,1,0,2,1,3,3,3,4,1,0,2,2,2,3,3,4,3,3,1,0,2,3,2,3,3,4,3,4,3,4,2,3,1,0,2,2,3,4,3,3,2,2,2,1,3,3,3,4,3,4,3,3,3,4,2,2,3,4,3,4,3,3,3,4,2,2,2,2,2,1,4,3,4,3,3,1,2,4,3,3,3,1,4,19,4,1,2,2,0,3,2,2,3,3,4,3,3,4,9,9,9,4,3,4,4,2,3,2,4,3,4,4,4,4,2,2,3,2,4,3,3,2,3,3,2,2,2,2,2,2,2,2,2,1,3,2,2,2,2,6,6,5,4,4,5,3,3,3,1,34,3,2,6,1,52,0,0,3900,812901,상태 유지,자동차학
31930,3,3,2,2,2,3,2,4,2,3,3,4,2,3,2,4,2,4,3,4,2,4,2,4,2,4,3,4,2,3,2,3,2,4,2,4,2,4,3,3,2,3,2,4,2,3,2,4,2,3,3,4,2,4,2,4,2,3,2,3,2,3,3,3,2,3,2,3,2,3,2,3,2,3,2,3,3,3,2,3,2,3,2,3,2,3,2,3,3,3,4,4,3,4,4,4,4,4,3,4,4,19,1,1,2,1,5,5,2,4,3,2,3,4,2,2,3,3,4,3,4,2,2,5,4,4,5,5,4,4,2,3,4,5,5,4,4,4,5,4,4,4,2,2,2,2,2,1,2,2,2,1,3,2,2,2,1,7,7,8,6,6,6,7,7,6,1,34,2,1,3,2,50,3200,2800,0,416401,전기관리 최신 장비 발달 사용 방법 교육 필요 크게 변화,스마트학
31931,3,4,3,3,3,3,2,3,1,0,2,2,3,3,3,3,4,4,3,3,3,3,2,2,3,3,2,1,4,3,3,3,1,0,1,0,3,3,2,2,4,3,3,3,2,3,1,0,3,4,3,4,2,3,1,0,4,4,3,4,1,0,1,0,5,4,5,4,4,5,4,5,3,3,4,4,4,4,4,4,4,4,3,4,4,3,4,4,3,2,2,3,4,2,2,2,3,2,4,3,3,5,1,2,1,2,0,4,2,3,2,2,4,4,2,3,3,3,3,3,2,4,3,5,4,5,4,3,3,2,3,4,3,2,2,3,4,5,4,3,5,5,2,2,2,2,2,2,2,2,2,3,3,3,3,3,2,3,7,4,7,3,8,5,3,5,1,42,4,1,1,1,40,3900,2500,0,853201,폐기물처리기사 폐기물 환경오염 일자리 변화,환경공학
31932,4,5,3,4,4,4,3,4,3,4,3,4,4,4,3,4,4,5,4,4,3,5,4,4,4,4,3,5,3,4,4,4,3,5,3,5,4,4,3,4,4,5,3,4,4,4,3,5,4,4,3,5,4,5,4,4,3,4,4,5,4,5,3,5,4,5,5,6,5,6,5,6,4,5,3,4,4,5,4,4,3,4,3,4,4,4,3,3,3,3,4,4,3,4,3,4,3,3,4,4,3,8,1,3,1,2,0,2,5,3,3,4,4,4,3,4,4,5,5,4,3,4,4,4,3,3,4,4,4,3,3,4,3,3,4,4,4,4,3,3,4,3,2,2,2,2,2,2,2,2,2,2,2,3,3,3,2,6,4,4,5,6,5,7,4,5,2,36,4,1,1,1,40,5500,3000,0,522202,네트워크관리사 경기 침체,컴퓨터학
31933,5,6,4,5,3,4,3,5,3,4,2,4,3,3,2,3,3,4,3,4,4,4,2,3,4,4,3,3,2,3,3,4,2,4,2,4,2,3,4,5,4,3,2,3,3,3,2,2,3,3,3,3,4,3,2,3,3,4,3,4,2,3,3,4,4,3,4,4,4,4,4,4,2,4,5,3,3,4,3,4,4,4,2,4,4,5,2,4,5,3,4,2,3,3,4,3,2,3,5,4,5,6,1,4,1,2,0,6,2,4,4,4,5,4,3,4,4,3,4,4,3,5,5,5,3,4,3,3,3,2,3,4,3,3,3,3,3,3,3,2,4,4,2,2,2,2,2,2,1,2,2,2,2,2,2,2,2,8,9,6,2,3,4,7,6,6,1,60,2,1,1,1,49,4000,2600,0,701601,건축목공기능사 경기 악화 구조조정 기술 개발 인력 감소,전기전자
31934,1,0,3,4,1,0,3,4,3,3,1,0,1,0,1,0,2,2,3,4,1,0,1,0,3,4,1,0,2,3,3,4,1,0,2,3,1,0,3,3,3,4,3,3,3,4,3,4,1,0,1,0,1,0,1,0,2,3,1,0,1,0,1,0,2,2,3,4,2,3,3,4,1,0,3,4,3,3,3,4,2,3,2,2,3,3,2,2,4,4,4,1,2,3,2,4,1,1,3,1,4,8,1,2,1,2,0,5,2,2,2,2,4,4,3,3,9,9,9,3,3,4,4,2,3,2,4,3,2,4,3,3,2,4,4,3,4,2,3,2,3,3,2,2,2,2,2,2,2,2,2,2,2,2,2,2,1,7,8,6,6,4,5,4,4,6,1,48,2,1,1,1,59,3100,2300,0,622101,면허증 운전 택시면허증 선망 직업,이과
31935,4,6,4,6,4,6,4,5,4,5,4,5,4,5,4,5,4,5,4,4,4,4,4,5,4,5,3,5,3,5,4,5,3,5,4,5,4,4,4,5,4,4,4,5,4,4,4,5,4,5,4,4,4,5,4,4,4,5,4,5,4,5,4,5,3,5,4,5,3,5,3,5,4,5,4,5,4,5,3,5,3,5,3,5,4,5,3,4,4,3,3,4,4,3,4,4,3,4,4,4,3,13,1,5,1,1,4,2,4,4,3,3,4,4,4,3,4,4,3,4,2,3,3,4,3,3,3,2,3,3,2,4,3,3,4,5,4,4,3,3,3,3,2,2,2,2,2,2,2,2,2,2,2,3,3,3,1,7,8,7,6,6,6,7,6,7,1,42,4,1,1,1,40,6200,2500,0,153104,전기기능사 전기안전기술자 전기응용기술사 실무교육 장비 개발,전기공학
31936,2,3,4,4,2,3,3,4,2,2,3,3,2,2,3,3,2,2,3,3,3,3,2,3,3,3,2,2,3,3,2,3,3,4,2,2,2,3,3,4,2,3,2,2,3,3,2,3,3,3,3,3,3,5,3,3,3,4,3,3,2,2,4,5,3,4,4,4,2,3,2,3,2,3,3,4,4,4,4,5,4,6,3,5,4,6,3,3,4,3,3,3,3,4,4,3,4,4,4,3,4,19,1,1,2,2,0,3,1,3,2,2,4,3,4,4,9,9,4,4,2,4,4,5,2,2,3,4,4,4,3,5,3,3,4,4,3,5,4,4,4,3,2,2,2,2,2,2,2,2,2,3,3,2,2,2,2,7,7,8,2,3,4,7,7,5,1,61,1,2,7,2,60,0,0,4500,863401,기성복 구입 수선 필요,0
31937,4,5,4,6,4,5,4,5,4,4,4,5,4,6,4,5,4,5,4,5,4,6,4,6,4,6,4,5,4,6,4,6,4,5,4,5,4,6,4,5,4,5,4,5,4,6,4,4,4,5,4,4,4,6,3,3,2,3,2,3,3,4,3,4,3,3,2,3,2,2,2,3,4,5,3,4,3,5,4,4,2,3,2,4,4,6,4,6,4,4,3,4,4,3,4,3,4,4,4,4,3,15,2,5,2,2,0,4,5,4,4,4,4,4,3,4,4,3,3,4,2,3,3,3,3,2,3,2,4,4,4,5,4,4,4,5,5,5,4,4,5,4,2,2,2,2,2,2,2,2,2,1,3,3,3,3,2,3,3,4,4,4,5,4,6,6,2,34,4,1,1,1,48,4000,3000,0,122301,귀농 인구 증가 농업 대한 관심 증가,농업학
31938,3,4,4,4,4,4,4,5,1,0,1,0,1,0,1,0,1,0,1,0,1,0,1,0,3,4,1,0,3,5,4,5,3,5,3,4,3,4,3,4,4,5,3,5,1,0,1,0,1,0,1,0,1,0,1,0,1,0,1,0,2,4,1,0,1,0,1,0,1,0,1,0,1,0,1,0,1,0,1,0,1,0,1,0,3,3,4,5,4,3,4,4,4,4,4,4,3,4,4,4,4,7,1,2,2,2,0,2,2,3,3,3,3,3,3,3,3,4,4,3,3,3,3,2,3,4,3,2,3,3,4,4,4,4,3,3,4,4,3,4,4,4,2,2,2,2,2,2,2,2,2,1,4,1,1,1,2,4,6,5,4,3,6,6,6,4,2,39,4,1,1,1,48,3800,2200,0,615301,온라인 쇼핑 증가,경제학
31939,2,2,2,2,1,0,3,3,1,0,4,5,1,0,3,4,5,7,4,5,4,5,2,3,4,6,1,0,1,0,5,6,1,0,1,0,1,0,2,3,4,5,4,6,3,3,1,0,1,0,1,0,2,2,2,3,2,2,3,4,1,0,2,2,4,5,4,5,5,6,5,7,1,0,5,7,4,5,5,6,3,4,4,5,3,4,4,5,5,5,5,3,4,2,5,4,3,3,4,5,4,8,1,6,1,1,3,5,5,4,4,3,4,4,4,3,4,4,4,3,3,4,4,4,3,3,4,3,4,4,4,4,5,4,4,4,4,5,4,4,5,4,2,2,2,2,2,2,2,2,2,1,3,2,2,2,2,3,2,2,1,2,1,9,8,9,1,38,4,1,1,1,50,9900,7100,0,621101,기조종사 자격증 비행훈련 변화,항공운항
31940,3,4,3,5,3,5,3,4,4,5,3,5,2,4,4,5,3,5,3,5,2,4,3,4,3,4,4,5,2,4,2,4,3,5,1,0,2,4,1,0,3,5,2,4,1,0,1,0,1,0,1,0,4,5,1,0,1,0,1,0,2,5,2,4,1,0,2,4,2,3,1,0,2,3,1,0,2,2,2,3,1,0,1,0,2,4,1,0,3,3,3,2,3,4,3,2,3,4,2,4,3,6,1,4,2,2,0,7,4,4,3,3,3,3,2,3,4,3,4,3,3,3,3,4,4,3,4,4,3,4,3,4,3,4,4,4,5,3,3,4,4,4,2,1,2,2,2,2,2,1,2,3,2,2,2,2,1,4,5,6,4,5,6,4,5,5,1,27,4,1,1,1,40,3000,2000,0,140501,컴퓨터 도입 업무 처리 속도 전산 작업 인력 감소,도시공학
31941,3,3,3,4,3,3,4,4,3,3,3,3,2,2,2,2,3,5,2,2,3,2,3,3,3,3,2,2,3,3,3,3,3,3,2,2,3,3,3,3,2,2,1,0,2,2,1,0,1,0,1,0,1,0,1,0,1,0,1,0,3,2,1,0,1,0,1,0,1,0,1,0,1,0,1,0,1,0,1,0,2,3,3,3,4,4,3,4,3,3,3,4,4,4,4,2,3,4,4,3,3,16,5,1,1,2,0,7,4,4,4,4,3,4,3,4,9,9,9,4,2,4,4,4,4,4,4,3,4,4,4,4,4,4,3,3,4,3,4,4,4,4,2,2,2,2,2,2,2,2,2,1,3,2,2,3,2,2,1,2,5,5,5,3,5,5,2,31,4,1,1,1,40,3250,2800,0,413201,사서 자격증 기계 자동화 일이,문헌정보학
31942,2,2,2,2,2,1,2,2,2,2,2,2,2,2,2,2,2,2,2,3,2,2,2,2,2,2,2,2,2,2,2,2,2,2,2,2,2,2,2,2,2,2,2,3,2,2,2,2,2,2,2,2,2,2,2,2,2,4,2,3,2,2,2,3,2,3,2,3,2,3,2,3,2,2,2,3,3,4,2,3,2,4,2,2,3,3,3,4,3,3,3,3,2,2,2,2,2,2,2,3,3,6,1,2,2,2,0,1,2,4,3,3,3,3,3,4,3,3,4,4,2,4,4,3,3,3,4,3,3,4,4,4,4,3,3,3,3,4,3,3,4,4,2,2,2,2,2,2,2,2,2,3,2,3,3,3,2,5,4,5,6,7,6,5,4,6,1,36,2,1,1,1,40,4000,2800,0,705101,침체 건설 자재,상고
31943,4,5,4,4,4,4,2,3,4,4,4,4,1,0,2,2,4,4,1,0,1,0,1,0,2,2,3,4,2,3,3,4,4,4,3,4,1,0,1,0,3,4,3,4,4,4,5,6,5,6,3,3,2,2,1,0,4,5,2,2,4,4,4,5,3,3,2,2,1,0,1,0,3,4,1,0,1,0,1,0,1,0,1,0,4,4,1,0,4,3,4,4,4,3,3,4,4,3,3,2,4,7,1,2,1,2,0,2,2,3,2,3,3,2,3,3,3,3,4,3,3,2,3,2,2,3,3,3,2,3,3,3,3,4,4,3,3,4,4,3,3,4,2,2,2,2,2,2,2,2,2,3,3,3,3,3,2,6,4,5,6,4,5,6,5,6,1,45,2,1,1,1,40,3500,2000,0,28301,전산회계1급 기본 인력,상고
31944,5,6,4,6,4,6,4,5,4,6,4,6,4,5,3,5,3,4,4,5,4,5,3,5,4,5,3,3,3,4,3,4,2,2,2,2,4,5,4,5,4,5,3,3,2,3,2,3,2,2,2,2,2,3,3,5,3,4,2,2,2,2,2,3,2,2,2,2,1,0,1,0,3,4,1,0,1,0,1,0,1,0,1,0,1,0,1,0,5,4,4,4,4,5,4,4,4,5,4,4,4,16,5,6,2,2,0,6,7,3,4,4,4,4,3,4,4,4,4,4,3,4,5,4,4,3,4,3,3,3,3,4,4,3,4,4,4,3,3,4,4,4,2,2,2,2,2,2,2,2,2,2,2,3,3,3,1,5,4,5,3,2,3,3,4,4,1,63,6,1,1,1,50,7000,3000,0,121101,인공 지능 대체 가능성 일자리 감소 예정,물리
31945,1,0,4,3,3,3,3,3,1,0,2,1,3,2,2,3,3,3,3,3,1,0,2,2,3,3,4,4,3,4,3,3,2,2,1,0,2,1,3,3,2,1,2,2,3,3,1,0,3,4,2,1,4,4,2,3,2,2,1,0,1,0,3,2,1,0,3,3,2,1,1,0,1,0,3,4,3,2,2,2,3,3,3,2,3,4,2,1,3,4,4,4,2,1,3,3,2,3,3,1,2,19,1,2,1,1,1,2,2,2,3,3,3,4,4,5,3,3,4,4,4,4,4,3,4,4,4,2,4,4,2,4,3,4,4,4,3,3,2,2,5,5,2,2,2,2,2,2,2,2,2,1,3,3,2,3,2,9,9,9,5,5,5,2,4,4,2,39,2,1,3,2,30,3600,2400,0,511401,미용사 피부 미용사 일반 직무훈련 일반인 메이크업 인구 경기 불황,문과
31946,3,2,4,5,1,0,3,2,1,0,1,0,1,0,1,0,3,3,1,0,3,1,3,4,4,5,1,0,4,4,4,5,3,4,1,0,1,0,3,3,4,4,4,5,3,4,1,0,3,2,1,0,1,0,1,0,1,0,1,0,1,0,1,0,1,0,1,0,1,0,1,0,1,0,1,0,1,0,1,0,3,2,3,3,3,2,3,1,3,2,3,1,1,3,2,3,2,1,2,1,3,19,1,3,2,2,0,7,2,2,2,2,2,3,4,2,9,9,9,2,2,3,1,3,3,4,2,3,3,3,3,4,3,3,3,3,4,4,3,4,4,4,2,2,2,2,2,2,2,2,2,1,3,3,3,3,2,7,8,6,4,3,5,4,3,5,2,45,2,1,1,1,44,2300,2000,0,561601,사람 일이,문과
31947,3,4,4,6,3,5,3,3,2,4,2,3,2,4,2,4,3,4,3,4,2,3,3,4,4,5,4,5,2,3,3,4,2,4,2,3,2,4,3,4,4,5,3,4,4,5,2,3,4,5,2,3,4,5,4,5,5,6,4,6,3,5,3,5,4,5,4,6,4,5,4,5,2,3,4,5,3,6,4,5,4,5,3,4,4,5,3,3,4,4,3,2,4,2,1,1,3,3,4,4,4,6,1,2,1,1,2,5,4,4,4,4,4,4,2,4,4,4,5,4,2,4,4,4,4,5,4,2,4,2,3,4,5,5,3,3,4,4,4,3,4,4,1,1,1,1,1,1,1,2,2,3,4,3,2,3,1,7,7,3,3,2,3,3,7,7,1,57,4,1,1,1,45,6500,3500,0,833001,토목기사 건축기사 기계기사 건물 구조물 해체 기술 과정 건설 관련 기계 도입 예전 업무 효율 건설 경기 회복 일자리 증가,전기공학
31948,3,4,3,4,2,2,2,2,4,6,4,5,5,7,4,5,4,5,3,4,3,4,3,4,3,4,3,4,1,0,1,0,1,0,1,0,2,2,2,3,4,5,3,4,1,0,1,0,1,0,1,0,5,6,5,7,4,5,4,6,5,6,3,4,1,0,2,3,1,0,1,0,1,0,2,3,2,2,3,4,2,2,1,0,4,5,1,0,5,4,4,3,3,3,4,3,3,5,4,3,4,13,1,2,2,2,0,7,5,5,5,4,5,5,3,4,4,5,5,4,2,4,4,4,4,2,3,4,4,5,3,4,4,5,5,5,4,5,5,3,4,4,2,1,1,1,2,2,2,2,2,1,4,3,2,3,2,1,1,1,2,8,7,8,8,8,1,40,5,1,1,1,52,7800,4000,0,159103,출력 시스템 도입 수요 증가,시각디자인
31949,1,0,3,3,1,0,1,0,1,0,3,4,1,0,4,4,3,3,2,3,2,3,1,0,3,4,2,3,1,0,1,0,1,0,1,0,1,0,3,4,2,3,1,0,2,3,3,3,2,2,1,0,4,4,2,3,3,3,2,4,1,0,3,4,3,4,3,4,2,3,3,4,4,3,3,4,3,3,3,4,2,4,3,4,4,4,3,3,3,3,2,4,4,3,3,3,2,2,3,3,4,10,1,2,1,1,1,2,2,4,3,3,4,3,4,4,3,4,4,5,4,3,3,4,4,4,3,3,3,3,4,3,3,4,4,2,2,1,3,3,3,4,2,2,2,2,2,2,2,2,2,2,2,3,3,3,2,8,8,8,5,5,5,7,3,4,1,32,2,1,1,1,40,3500,3200,0,842101,방송통신기능사 무선설비기능사 직무교육 통신 방비 신규 설치,문과
31950,2,3,3,3,2,2,4,5,2,2,2,2,4,5,3,3,3,4,2,3,2,3,2,4,3,4,2,3,4,3,3,4,2,2,2,3,3,4,2,3,2,2,1,0,2,2,1,0,1,0,1,0,1,0,1,0,1,0,1,0,1,0,1,0,1,0,1,0,1,0,1,0,1,0,1,0,1,0,1,0,4,4,3,3,2,2,2,2,4,4,1,3,3,1,3,4,3,2,3,2,4,18,1,1,2,2,0,6,3,3,3,3,3,4,4,3,3,3,4,3,3,4,4,4,3,2,3,3,2,4,3,5,5,5,5,4,5,4,3,4,4,4,2,2,2,2,2,2,2,2,2,1,3,2,2,2,1,8,8,8,3,3,6,8,3,3,1,31,3,1,3,2,40,3200,2400,0,420403,변화 요인,레크리에이션
31951,3,4,3,4,4,5,4,5,3,3,4,5,4,5,3,4,4,5,4,5,4,5,4,5,4,5,4,5,4,5,4,5,4,5,4,5,4,5,4,5,4,4,4,5,4,5,3,3,3,4,3,4,4,5,3,4,4,6,4,5,2,3,2,3,2,3,4,5,4,5,4,5,4,6,5,6,4,5,4,6,4,6,4,5,3,4,5,6,4,4,5,3,4,4,4,3,4,4,4,4,3,18,1,1,1,1,3,7,5,4,3,3,4,4,4,3,4,4,4,3,3,3,3,3,4,3,2,3,3,3,4,3,4,4,4,3,2,3,3,3,3,3,2,2,2,2,2,2,2,2,2,1,2,2,2,2,1,7,6,7,6,3,2,2,3,3,2,31,4,1,1,1,45,4200,3400,0,885101,피아노조율기능사 악기 조율 방법 어린이 수의 감소 피아노 학습 인구 감소,피아노학
31952,2,2,3,2,3,2,2,1,3,4,3,3,3,3,4,4,3,2,3,3,2,2,1,0,2,3,3,4,3,2,3,3,2,3,1,0,3,3,4,4,3,3,3,3,2,3,2,2,3,3,1,0,4,4,3,3,3,4,2,3,2,4,3,2,3,3,3,3,2,4,3,3,3,2,2,3,3,3,3,4,3,2,3,3,3,3,2,3,3,2,3,3,2,1,3,3,2,2,3,2,3,3,1,3,2,1,1,2,2,3,3,2,3,3,3,4,4,3,4,4,2,3,3,4,3,3,4,3,2,4,4,3,3,2,2,2,4,4,3,4,5,5,2,2,2,2,2,2,2,2,2,2,2,2,2,2,1,7,7,6,5,4,4,7,6,4,1,34,3,1,1,1,40,4200,3600,0,826301,직무교육 자동화 대형화 증가 일자리 감소,전기
31953,2,2,2,2,2,2,3,4,1,0,3,4,1,0,1,0,2,2,1,0,2,4,1,0,3,3,4,5,2,3,2,3,2,3,2,4,1,0,3,3,4,3,3,4,2,2,1,0,2,3,3,3,3,5,2,3,2,2,1,0,2,2,3,5,2,2,3,3,3,3,2,4,3,4,1,0,1,0,1,0,1,0,1,0,2,2,2,2,4,2,3,4,4,5,4,1,3,3,3,3,3,4,2,5,1,1,2,2,5,5,4,4,5,4,4,4,4,5,4,4,2,4,4,4,3,4,3,4,4,4,4,4,4,3,3,4,4,5,4,3,3,2,2,2,2,2,2,2,2,2,2,2,1,3,3,3,2,7,8,7,3,5,5,6,5,6,1,46,4,1,1,1,40,6000,5000,0,16201,전기기사 안전교육 인력 감축,기계공학
31954,4,5,5,5,3,3,5,5,4,5,4,5,4,4,4,4,5,5,5,6,4,5,3,4,5,5,4,5,3,4,5,5,4,5,4,4,4,5,5,6,4,5,4,4,5,5,5,6,4,4,5,6,3,4,4,4,4,4,4,5,5,5,3,4,2,3,4,3,4,3,1,0,4,4,1,0,3,3,4,4,5,6,4,4,5,4,4,5,3,4,2,3,4,1,3,4,3,4,3,3,4,19,1,2,2,2,0,1,2,4,3,3,2,3,4,3,3,4,4,4,3,3,4,3,4,3,2,3,3,4,3,4,3,4,3,4,4,5,4,3,4,5,2,2,2,2,2,2,2,2,2,1,3,2,2,2,2,9,6,7,7,4,5,8,5,6,2,41,2,1,1,1,40,2200,1500,0,512201,결혼식 계속,인문계
31955,2,3,3,4,2,3,3,5,2,3,1,0,1,0,3,4,3,5,4,5,2,3,3,4,3,5,2,5,2,3,3,4,4,5,1,0,4,5,4,5,4,5,3,4,3,5,1,0,4,5,1,0,4,6,3,4,4,6,5,6,3,4,4,5,5,5,3,4,5,6,5,6,2,2,3,4,4,4,3,4,4,4,4,4,3,5,3,5,3,3,4,2,3,2,2,4,3,3,3,3,4,19,1,2,2,2,0,4,3,3,3,2,4,4,2,4,3,4,4,4,2,4,4,4,4,4,5,3,4,2,3,4,4,4,3,4,4,5,4,3,4,3,2,2,2,2,2,2,2,2,2,3,2,3,2,2,1,8,7,6,4,3,2,7,4,3,1,34,3,1,1,1,42,3000,2700,0,832101,현장 업무 근무 환경 이직,전자
31956,3,4,4,5,2,3,3,4,4,5,3,4,1,0,3,4,4,5,4,5,2,3,4,5,4,5,2,3,5,7,3,4,4,5,2,3,4,5,3,4,5,7,4,5,5,7,2,3,2,3,4,5,3,5,4,5,3,4,1,0,1,0,1,0,2,3,1,0,1,0,1,0,1,0,5,6,4,6,5,7,5,7,5,7,4,6,4,5,4,4,3,3,4,2,2,4,2,3,4,3,2,19,1,3,1,2,0,7,5,3,2,2,3,4,2,3,3,3,4,3,4,3,2,2,2,4,3,4,3,4,3,4,4,5,4,3,4,4,2,2,4,4,2,2,2,2,2,2,2,2,2,1,4,2,2,2,1,7,8,5,3,4,3,4,6,4,2,39,3,1,1,1,48,3500,2500,0,541101,운전면허 경비지도사 경호지도사 업체 증가 일자리 증가,사회복지학
31957,4,5,4,4,4,3,4,4,4,4,3,5,4,5,3,4,4,3,3,5,3,5,4,5,4,4,3,5,4,4,3,5,4,5,4,5,4,4,3,4,4,4,3,5,4,4,4,4,3,4,4,5,3,4,3,4,3,4,4,4,4,5,3,5,4,4,3,4,4,5,4,4,4,4,3,2,3,2,3,3,2,2,2,2,3,2,3,2,4,4,4,2,3,3,2,3,3,3,4,3,3,11,1,3,2,1,3,3,2,3,1,1,3,2,3,3,3,3,4,3,4,2,2,4,3,3,4,4,3,2,3,4,3,3,3,3,4,4,3,3,3,3,1,2,2,1,1,2,2,1,1,3,2,2,2,2,1,2,2,2,2,2,2,3,3,3,2,71,2,1,1,1,40,2000,1600,0,33202,보험의 종류와 특성 상품 개발 매출 부진 일자리 감소,인문고
31958,2,2,2,2,1,0,2,2,1,0,1,0,1,0,1,0,2,2,2,2,2,2,2,2,2,2,2,2,2,2,2,2,2,2,2,2,2,2,2,2,2,2,2,3,2,3,1,0,2,3,2,3,2,3,2,2,2,3,2,3,2,2,2,3,2,4,4,5,4,5,3,4,4,5,4,4,4,4,2,3,4,4,2,2,3,4,2,4,3,4,2,2,2,3,2,2,2,3,2,2,2,19,1,2,2,2,0,2,2,2,1,1,2,2,2,2,2,3,3,2,3,2,2,4,4,5,4,4,4,4,2,4,4,5,4,4,4,5,4,4,4,5,2,1,1,2,2,2,1,2,2,3,1,2,2,2,2,7,8,7,6,7,4,7,4,5,1,43,2,1,1,1,50,3500,2200,0,881201,인화 기계 기계 대체,문과
31959,3,3,3,4,2,3,2,3,1,0,1,0,5,5,3,3,3,3,3,3,4,4,3,3,5,5,3,3,3,4,2,2,2,2,2,2,2,3,3,4,4,4,3,3,4,5,1,0,1,0,1,0,2,2,2,2,3,3,3,3,3,4,2,3,3,4,2,4,2,4,3,3,3,3,2,3,3,3,3,3,2,3,2,2,2,4,4,4,4,5,4,3,5,2,2,5,4,4,5,3,5,18,1,2,2,2,0,2,2,5,2,2,2,4,4,2,9,9,9,3,2,2,4,4,3,3,3,2,3,3,3,5,4,3,3,4,4,3,4,3,3,3,2,2,2,2,2,2,2,2,2,1,3,2,2,2,1,7,7,6,4,4,5,5,4,5,1,29,3,1,3,2,40,2000,2000,0,414601,방송 연애 사업 활동 증가 영향,실용음악학
31960,3,3,4,3,4,6,2,2,1,0,3,4,3,4,1,0,2,3,1,0,1,0,1,0,2,3,1,0,2,6,2,2,4,4,3,3,1,0,1,0,2,3,2,2,2,2,1,0,1,0,1,0,1,0,1,0,3,4,1,0,4,4,1,0,1,0,1,0,1,0,1,0,1,0,1,0,1,0,1,0,2,1,2,3,4,5,3,3,3,2,3,3,3,2,3,4,3,4,4,3,5,19,1,2,2,1,3,3,5,4,4,3,4,4,2,3,3,3,4,4,3,3,2,3,2,4,4,4,3,5,2,3,1,2,4,3,3,4,3,1,4,4,2,2,2,2,2,2,2,2,2,1,3,3,2,3,1,7,4,6,3,4,6,5,6,6,1,47,4,1,1,1,40,4700,2400,0,412002,기자 언론전문가 훈련 사회 대한 관심 때문 변화,경제학
31961,2,4,2,3,2,3,2,3,3,3,2,4,2,3,3,3,3,4,2,3,2,3,2,4,2,3,3,3,2,3,3,3,3,3,3,3,2,3,3,3,2,4,2,4,2,3,3,4,3,4,3,3,3,4,4,4,3,4,2,4,3,3,2,3,3,3,3,3,3,3,2,4,2,3,2,4,2,3,2,3,3,3,2,3,3,3,3,3,4,3,3,3,4,3,3,3,4,3,4,3,3,10,2,2,1,2,0,7,4,4,3,4,3,4,4,4,3,4,5,4,4,3,3,4,4,3,3,5,4,4,3,4,3,4,5,4,4,3,3,4,4,3,2,2,2,2,2,2,2,2,2,1,2,3,3,3,2,3,6,5,4,7,6,3,7,6,1,37,4,1,1,1,40,3900,3000,0,136001,위성통신망감리원 침체,컴퓨터공학
31962,5,6,5,7,5,7,5,6,5,6,4,6,3,4,3,5,3,5,4,6,4,5,5,7,5,6,5,6,5,5,3,4,4,5,4,6,3,5,4,7,5,7,5,6,5,7,5,6,4,5,4,6,4,5,3,4,4,5,4,6,4,5,5,7,5,6,5,5,4,6,4,5,4,6,5,5,3,4,3,4,3,5,3,4,4,5,4,5,5,5,5,3,4,5,5,3,3,4,4,3,3,16,5,6,1,2,0,6,7,3,3,3,5,5,4,3,3,3,4,4,2,4,4,4,4,3,4,3,3,5,5,4,3,4,3,3,3,4,4,4,4,4,2,2,2,2,2,2,2,2,2,2,3,3,3,2,2,2,2,3,3,5,5,3,3,3,1,63,6,1,1,1,40,9800,4300,0,211101,박사학위 상태 유지,경영학
31963,3,4,3,3,5,7,2,3,1,0,3,4,3,3,1,0,2,3,1,0,1,0,1,0,3,3,1,0,2,5,4,4,2,3,2,2,1,0,1,0,2,1,2,2,2,2,1,0,1,0,1,0,1,0,1,0,3,3,1,0,3,4,1,0,1,0,1,0,1,0,1,0,1,0,1,0,1,0,1,0,1,0,2,3,4,5,3,3,4,4,3,4,4,3,3,5,3,4,3,2,4,19,1,2,2,1,3,3,5,3,4,3,4,4,3,3,3,4,4,3,3,3,2,3,4,3,2,3,4,3,4,4,4,3,2,3,4,4,3,2,3,4,2,2,2,2,2,2,2,2,2,1,3,3,3,3,1,6,7,5,6,4,4,7,5,3,1,40,4,1,1,1,40,4200,2400,0,412002,기자 언론전문가 훈련 사회 대해 사람 관심 때문 변화,경제학
31964,3,3,4,5,2,2,3,3,2,2,3,4,3,2,3,3,4,5,2,2,2,3,3,5,4,5,2,2,4,5,2,2,3,3,3,3,4,5,5,6,3,3,2,3,2,2,2,2,3,3,2,2,4,4,1,0,3,4,4,6,1,0,1,0,4,5,4,5,5,4,5,3,3,4,5,5,5,5,3,3,4,5,4,5,4,4,3,4,4,3,4,2,2,1,2,1,2,3,4,3,1,19,4,1,2,1,5,7,1,3,2,2,4,3,2,2,2,3,4,2,3,4,4,5,4,5,5,4,4,4,2,4,3,4,4,4,4,4,3,3,4,3,2,2,2,2,2,2,2,2,2,1,4,3,1,3,2,7,7,6,6,6,5,4,3,4,1,39,2,1,4,2,60,2702,2000,0,812901,정비기술 배달 증가 이륜차 증가,인문계
31965,3,3,3,3,3,4,3,3,3,4,3,4,3,4,4,4,3,4,3,5,3,5,3,3,3,3,3,5,3,4,3,3,3,3,3,4,3,3,3,5,4,4,3,4,4,4,3,5,3,3,3,4,4,4,3,5,3,5,3,4,3,5,3,4,4,4,3,4,4,3,2,3,3,3,3,3,3,4,3,3,3,5,4,4,3,3,3,3,4,4,3,3,4,3,4,3,2,3,3,4,4,6,1,2,1,2,0,2,4,3,3,2,4,4,3,3,4,3,4,4,2,5,4,2,3,3,4,4,5,3,2,4,3,4,3,4,4,3,3,2,4,4,2,2,2,2,2,2,2,2,2,1,2,3,3,3,2,6,5,6,6,4,5,5,6,5,1,33,4,1,1,1,40,3100,2400,0,158201,소방설비산업기사 경기 침체 일자리 감소,소방공학
31966,5,4,4,4,2,2,2,2,5,6,4,6,1,0,4,2,3,3,2,1,3,4,4,4,2,3,5,4,1,0,4,5,2,2,3,2,4,3,1,0,4,3,5,4,5,4,4,4,5,2,3,2,3,3,2,3,4,3,3,2,5,2,3,3,2,1,1,0,1,0,1,0,5,4,1,0,1,0,1,0,1,0,1,0,2,2,1,0,3,5,4,4,3,5,4,3,4,4,5,4,4,13,2,5,2,2,0,3,5,2,3,5,4,3,5,3,4,5,5,4,4,2,3,3,5,4,4,3,5,4,4,4,3,3,5,5,4,4,4,5,3,4,2,2,2,2,2,2,2,2,2,2,3,3,3,3,2,7,8,7,4,5,3,3,7,6,1,46,6,1,1,1,40,7800,7500,0,13101,국책 기관 기업체 요도 포화상태,사학
31967,3,3,3,4,1,0,2,2,1,0,1,0,1,0,1,0,2,3,1,0,1,0,2,3,3,3,2,2,1,0,3,3,3,4,3,3,1,0,2,2,3,4,3,4,3,3,2,2,2,2,1,0,2,3,1,0,2,2,2,3,1,0,2,3,3,4,1,0,2,1,1,0,1,0,1,0,1,0,2,1,3,3,3,4,2,2,1,0,2,1,2,5,4,2,3,4,2,1,3,2,5,6,1,2,2,2,0,7,2,3,4,2,3,4,2,3,9,4,3,3,3,3,3,3,2,3,3,4,4,4,2,2,2,2,4,3,3,2,2,3,4,4,2,2,2,2,2,2,2,2,2,1,3,2,2,3,2,7,8,6,4,3,5,5,4,5,1,31,2,1,1,1,56,3000,3000,0,702301,단열 수요 증가,기계
31968,4,5,4,6,4,6,3,4,3,3,4,6,1,0,5,6,4,5,3,3,2,4,3,4,5,5,2,3,4,5,3,3,2,4,1,0,2,4,3,5,2,3,1,0,3,4,1,0,1,0,3,4,2,4,3,3,3,5,3,4,1,0,2,3,3,4,2,4,3,3,4,4,3,5,4,5,5,6,4,4,1,0,4,4,3,5,5,5,4,2,5,5,4,5,4,3,3,4,3,2,3,17,3,3,2,2,0,2,5,5,4,4,5,4,4,4,4,3,5,4,2,4,3,4,3,4,5,3,3,4,4,3,5,2,4,3,3,4,3,2,4,5,2,2,1,2,2,2,2,2,2,1,4,2,2,2,2,8,6,3,3,2,6,4,7,3,1,40,4,1,1,1,43,4200,2500,0,306902,기계 도입 고령 인구 증가,재활학
31969,4,5,3,3,2,2,3,4,4,4,4,4,2,1,2,2,4,4,1,0,3,3,4,6,3,4,3,5,4,5,3,3,3,3,2,2,4,5,4,5,4,4,2,2,4,5,2,2,1,0,2,2,1,0,1,0,3,3,2,2,2,3,1,0,1,0,1,0,1,0,1,0,2,2,1,0,1,0,1,0,1,0,2,1,3,4,3,4,4,4,5,5,4,3,5,3,3,4,4,1,4,16,5,2,2,2,0,4,5,4,3,3,4,3,3,5,9,9,9,4,4,3,3,4,4,3,4,4,4,4,3,4,4,4,3,4,4,4,4,3,4,3,2,2,2,2,2,2,2,2,2,2,2,2,2,2,1,8,5,4,3,3,4,5,5,5,1,32,4,1,1,1,40,3500,2800,0,214101,학원 학원 경쟁 일자리 감소 생각,영어영문학
31970,1,0,1,0,1,0,1,0,1,0,1,0,1,0,1,0,1,0,1,0,1,0,1,0,1,0,1,0,1,0,1,0,1,0,1,0,1,0,1,0,1,0,1,0,2,2,3,3,2,2,1,0,1,0,1,0,2,3,1,0,1,0,3,2,3,2,2,2,3,2,3,3,1,0,3,2,3,2,3,3,3,3,3,3,3,3,3,3,3,3,5,3,3,2,4,3,3,2,3,3,3,1,4,1,2,2,0,2,1,3,3,3,3,4,3,3,4,3,3,4,3,3,3,3,4,3,3,4,3,3,3,3,3,4,3,4,3,3,4,3,4,3,2,2,2,2,2,2,2,2,2,2,2,2,2,2,2,5,6,5,6,5,6,5,5,5,1,69,1,2,6,1,40,0,0,800,902201,농기 증가,0
31971,2,4,4,5,2,3,2,4,1,0,1,0,4,5,3,4,4,5,1,0,1,0,3,4,4,4,3,4,1,0,3,5,1,0,1,0,4,5,4,4,3,4,3,5,4,5,3,4,3,4,4,5,1,0,1,0,1,0,1,0,1,0,1,0,4,4,1,0,1,0,3,4,1,0,1,0,3,4,3,4,3,5,1,0,2,4,4,5,3,2,4,2,5,4,3,2,3,4,4,5,4,18,1,2,2,2,0,3,5,3,4,3,5,5,4,4,4,5,4,3,3,4,3,3,4,3,3,4,3,2,3,4,3,4,4,5,4,3,3,2,4,2,2,2,2,2,2,2,2,2,2,1,3,2,1,2,1,7,6,7,6,7,6,8,4,3,1,42,4,1,1,1,45,3945,3000,0,414401,인기 국악 지망 감소,음악
31972,2,2,3,4,1,0,3,4,1,0,2,3,2,3,2,3,2,2,2,3,2,2,3,4,2,2,2,3,2,2,3,3,2,3,2,3,3,5,2,3,2,2,3,3,3,4,1,0,3,4,2,3,3,5,2,3,3,3,2,3,1,0,2,3,2,2,2,2,2,2,2,2,1,0,4,3,2,2,1,0,2,2,2,2,2,3,2,3,3,2,2,2,2,2,3,2,2,3,1,2,2,9,1,1,1,2,0,4,2,4,2,1,2,2,2,3,9,5,4,4,3,3,3,3,3,4,3,4,3,3,3,3,4,3,4,4,3,4,4,4,4,4,2,2,2,2,2,2,2,2,2,1,2,2,2,2,2,5,7,6,8,4,5,6,7,7,1,37,2,1,3,2,48,2000,1800,0,531601,조주기능사 교대 근무,인문계
31973,4,4,4,4,3,4,3,3,3,3,4,4,3,3,4,4,2,4,2,3,3,4,4,4,4,4,3,5,2,2,3,2,3,4,3,4,2,2,1,0,4,3,4,4,3,3,5,5,4,3,1,0,1,0,2,1,2,4,2,2,3,3,1,0,1,0,1,0,1,0,1,0,2,3,2,1,1,0,1,0,1,0,1,0,3,4,2,3,3,2,2,2,2,4,2,4,4,3,2,3,3,3,1,4,2,2,0,7,4,3,3,3,3,3,4,3,3,2,4,3,3,4,3,4,2,1,2,3,2,3,2,4,2,4,2,2,3,4,2,3,4,3,2,2,2,2,2,2,2,2,2,2,3,3,3,3,2,6,5,5,5,3,4,4,6,6,1,29,3,1,1,1,40,3600,2600,0,26101,기업 경쟁 위해 분야 업무 인력,식품영양학
31974,1,0,2,2,1,0,1,0,2,3,1,0,2,2,2,2,1,0,4,4,2,2,1,0,1,0,1,0,1,0,1,0,1,0,1,0,2,2,1,0,2,3,2,3,2,2,1,0,1,0,1,0,2,2,2,2,1,0,1,0,1,0,1,0,3,2,2,2,3,3,3,3,1,0,3,2,3,4,2,3,3,2,1,0,3,2,2,1,3,4,5,3,2,3,3,2,3,3,2,3,3,3,1,3,1,2,0,3,2,4,4,3,4,4,3,2,3,4,5,4,3,2,3,3,3,2,3,2,3,3,2,4,4,3,4,4,3,4,3,4,4,3,2,2,2,2,2,2,2,2,2,3,2,2,2,3,2,6,7,7,3,4,4,6,3,2,1,52,2,1,1,1,40,4000,3000,0,623002,지게차운전기능사 자동화 기술 발달 영향,기계공학
31975,2,4,2,3,2,4,5,5,2,3,3,4,4,5,3,4,4,6,4,6,4,5,4,6,4,5,4,5,4,5,5,6,3,4,2,3,4,5,4,5,4,5,3,4,4,5,3,4,2,3,2,3,4,5,2,3,2,3,1,0,2,3,2,2,2,3,1,0,1,0,1,0,1,0,5,6,4,5,4,6,5,7,5,7,5,5,5,5,4,3,4,2,3,1,1,3,2,2,3,1,2,18,1,2,2,2,0,6,5,3,3,3,1,5,3,3,3,3,4,3,4,1,2,4,3,3,4,3,3,4,3,5,5,5,4,4,4,4,4,4,3,4,2,2,2,2,2,2,2,2,2,1,3,2,2,2,1,2,7,4,6,7,5,2,8,7,2,28,4,1,1,1,40,2800,2200,0,414701,사람 기계 대체 때문,무용
31976,3,4,4,5,4,5,4,5,3,5,4,5,4,5,4,5,5,5,4,4,4,5,3,4,3,5,3,4,4,4,4,4,3,3,3,3,4,3,1,0,3,5,2,3,1,0,2,2,3,3,3,5,4,4,3,3,2,2,1,0,1,0,1,0,1,0,1,0,1,0,2,2,2,2,1,0,1,0,1,0,3,3,2,2,3,4,2,3,3,2,3,4,4,3,3,3,2,4,4,3,2,3,1,3,1,1,6,6,6,3,3,3,3,4,1,4,3,3,4,3,4,2,1,4,1,2,2,1,3,4,4,4,3,3,2,2,3,4,1,2,4,3,2,2,1,2,2,2,2,2,2,3,2,3,3,3,1,6,5,5,4,4,5,5,5,5,1,36,5,1,1,1,48,3600,2800,0,156101,섬유공정기술사 섬유공학기술자 섬유 테스트 기기 도입 기계화,신소재공학
31977,3,2,2,3,2,4,3,4,4,5,2,4,3,5,2,2,3,2,2,5,3,4,2,3,2,3,3,5,2,3,3,6,3,4,3,4,2,3,3,4,4,4,3,4,3,3,4,4,2,2,3,5,1,0,1,0,1,0,1,0,3,4,4,5,1,0,1,0,2,5,1,0,2,2,1,0,1,0,4,3,2,4,2,2,3,4,3,3,5,5,3,4,4,3,5,4,3,2,2,2,4,3,1,2,2,2,0,7,5,2,3,3,3,2,3,4,4,4,4,4,3,4,4,4,4,3,3,3,4,3,3,4,3,3,2,3,5,5,3,3,4,3,2,2,2,2,2,2,2,2,2,2,1,3,2,3,2,5,6,5,6,5,5,6,3,7,1,45,4,1,1,1,40,5000,3000,0,15101,불황 매출 감소,전자
31978,3,4,3,4,1,0,1,0,1,0,1,0,5,5,1,0,4,5,2,3,1,0,5,6,3,4,5,6,1,0,3,4,1,0,1,0,5,5,1,0,1,0,1,0,5,7,1,0,1,0,1,0,1,0,1,0,3,4,1,0,1,0,1,0,1,0,3,4,3,4,1,0,1,0,5,6,1,0,1,0,3,4,2,3,3,4,5,7,4,3,4,4,3,3,3,3,3,3,3,3,4,18,4,1,2,1,2,7,5,4,4,4,4,4,4,4,9,9,9,4,2,4,4,3,4,4,4,3,3,4,3,4,4,4,3,4,4,4,4,3,4,3,2,2,2,2,2,2,2,2,2,1,3,2,2,2,1,7,4,3,1,1,4,9,7,3,2,34,5,1,4,2,20,1200,1000,0,414503,연주 기획 교육 경제 사회 전반 상황 유지 예상,기악
31979,5,6,4,6,4,6,5,6,3,5,4,5,5,4,4,5,4,6,5,6,4,6,4,5,4,5,4,4,5,4,5,6,3,5,4,4,4,4,4,5,4,4,4,5,4,5,3,5,4,5,3,5,4,5,3,4,4,5,3,4,3,4,4,5,4,4,3,3,3,5,4,5,5,5,4,4,3,3,4,5,2,6,4,4,4,5,4,4,5,4,2,3,3,4,4,4,4,5,5,4,4,17,1,2,1,1,6,6,7,4,4,4,5,4,4,4,4,3,3,4,5,4,4,3,4,4,3,4,4,3,3,5,4,4,5,4,5,5,4,4,4,4,2,2,2,2,2,2,2,2,2,2,4,1,1,1,2,7,6,7,6,5,6,6,4,4,1,36,6,1,1,1,45,12000,6000,0,301112,피부과전문의 의사면허증 레지던트 피부 미용 관심 증가 수요,의학
31980,2,1,3,4,2,2,2,2,2,3,1,0,2,1,3,3,3,4,3,4,1,0,4,5,4,5,2,2,3,3,2,2,3,4,1,0,1,0,3,4,4,5,3,4,2,3,1,0,1,0,1,0,1,0,1,0,1,0,1,0,1,0,2,2,2,3,1,0,1,0,1,0,2,2,4,5,4,5,3,3,2,2,3,4,4,5,2,1,4,3,5,4,3,5,2,5,4,2,3,2,4,9,1,3,2,2,0,7,2,2,2,2,3,3,4,2,9,3,4,3,3,4,2,2,3,3,2,4,4,4,3,4,2,3,4,3,5,5,3,2,5,3,2,2,2,2,2,2,2,2,2,4,3,2,2,3,1,7,7,6,4,3,4,5,5,6,1,57,2,1,1,1,48,2300,2300,0,562301,공란,문과
31981,3,5,4,5,3,4,4,5,4,5,4,5,4,5,4,5,4,5,3,5,4,5,4,5,3,4,4,5,4,5,4,5,4,5,4,5,2,3,3,3,3,4,3,5,3,5,3,5,3,3,3,4,3,4,3,4,4,5,4,5,3,4,3,4,4,4,3,4,4,5,3,4,3,4,3,4,3,4,4,5,4,5,4,5,3,4,3,4,3,4,4,3,4,3,3,4,4,3,4,3,4,18,1,5,2,1,4,3,5,4,4,4,4,4,4,4,4,3,4,4,3,3,4,4,4,4,4,3,4,4,4,3,3,4,3,3,4,3,4,3,4,4,2,2,2,2,2,2,2,2,2,2,3,2,2,2,2,4,5,6,5,5,5,5,5,5,1,47,4,1,2,2,38,4700,2700,0,416102,영화연출에 필요한 다양한 내용 계획 변화,연극영화학
31982,4,4,4,4,3,2,2,2,3,3,4,4,4,4,3,3,4,4,4,5,4,4,3,3,5,6,4,4,2,2,4,4,4,4,4,4,3,3,3,3,2,3,4,5,3,3,4,3,4,4,3,3,4,5,4,4,4,5,4,5,2,2,4,5,4,5,4,5,4,5,4,5,4,5,4,5,4,3,4,4,4,4,3,2,5,6,4,5,5,4,3,4,4,2,4,4,2,3,4,3,4,3,1,2,1,2,0,6,4,5,4,4,4,4,2,4,3,4,4,4,3,4,4,4,3,4,4,4,4,3,3,4,4,4,2,4,4,4,4,2,4,4,2,2,2,2,2,2,2,2,2,2,3,3,3,3,2,9,9,1,1,1,1,2,2,9,1,48,4,1,1,1,40,4800,2400,0,815001,기계정비산업기사 자동 시스템 기계화 성능 향상,기계공학
31983,5,6,4,5,5,6,5,6,4,5,4,5,4,5,3,3,4,5,1,0,2,2,4,5,5,6,4,4,4,5,5,6,5,6,4,5,1,0,4,5,3,4,5,5,4,5,4,5,1,0,1,0,1,0,1,0,1,0,1,0,5,6,1,0,1,0,1,0,1,0,1,0,1,0,2,3,2,4,2,2,1,0,4,5,2,4,3,3,4,5,3,4,4,3,4,4,5,4,3,4,2,11,1,2,2,2,0,7,5,4,4,3,4,4,3,4,3,4,4,4,1,4,5,3,4,3,5,3,3,3,2,4,3,4,5,4,5,4,4,4,4,5,2,2,2,2,2,2,2,2,2,2,2,3,3,3,2,6,8,7,5,2,5,4,6,7,1,28,4,1,1,1,40,3500,3300,0,32201,지점 폐쇄 합병 인원 축소 예상,경영학
31984,2,2,3,5,2,2,2,3,2,2,1,0,1,0,3,3,4,3,3,3,1,0,1,0,3,5,1,0,4,3,3,4,1,0,1,0,1,0,4,6,1,0,2,2,2,2,1,0,1,0,1,0,1,0,1,0,1,0,1,0,1,0,1,0,1,0,1,0,1,0,1,0,1,0,1,0,1,0,1,0,1,0,3,3,4,7,3,4,1,4,4,3,2,4,2,1,2,2,1,2,2,18,1,2,2,2,0,7,2,2,3,2,2,3,4,2,3,3,3,3,4,2,2,4,4,3,2,2,3,4,2,4,2,2,2,2,3,3,4,3,3,3,2,2,2,2,2,2,2,2,2,2,4,2,2,2,2,7,3,5,6,4,6,5,5,6,2,29,3,1,1,1,44,1800,1800,0,562401,놀이 시설 증가,유아교육
31985,3,3,4,6,5,6,4,5,4,6,2,4,4,6,3,5,4,6,2,3,4,6,3,6,5,5,2,2,3,4,1,0,1,0,4,6,4,6,4,7,4,4,4,7,4,4,5,5,4,6,3,3,2,2,1,0,2,1,1,0,1,0,1,0,4,4,2,4,3,5,3,4,3,3,2,4,2,2,1,0,1,0,1,0,2,3,3,4,4,3,3,3,4,4,3,4,2,3,4,3,3,13,1,2,1,1,3,2,5,3,3,3,3,4,3,4,3,3,3,3,3,4,4,4,2,3,3,2,3,4,4,4,4,4,4,4,4,4,3,3,4,4,2,2,1,2,2,2,2,2,2,4,3,3,3,3,2,7,7,7,5,5,5,5,5,5,1,38,5,1,1,1,48,5000,3000,0,155305,소음진동기술사 장비 활용 사용 점검 관리 연구 측정 장비 대화 사회 정부 관심 가지 연구,환경공학
31986,2,2,3,4,2,2,4,4,3,3,2,3,1,0,1,0,2,3,1,0,1,0,2,2,2,2,2,3,2,3,2,2,3,3,3,3,1,0,2,3,2,3,2,3,3,3,1,0,1,0,2,3,1,0,1,0,2,2,1,0,2,3,2,3,2,3,1,0,1,0,1,0,1,0,2,2,1,0,1,0,2,3,2,3,3,4,3,4,3,2,3,2,2,4,4,2,3,4,2,2,2,13,1,2,2,2,0,1,3,2,2,1,4,3,3,4,9,9,9,3,3,2,2,4,3,4,5,4,2,4,2,4,3,3,2,2,4,4,3,5,4,2,2,2,2,2,2,2,2,2,2,2,2,2,2,2,2,8,8,7,2,7,7,2,7,6,2,54,2,1,3,2,48,1500,1000,0,29303,발달,문과
31987,4,5,3,5,4,5,4,6,3,5,3,5,4,5,4,5,4,6,4,5,3,5,4,6,4,5,4,6,3,5,4,5,3,5,3,5,4,5,3,5,4,5,1,0,4,5,1,0,2,2,3,4,2,3,1,0,2,3,1,0,3,4,1,0,2,3,3,4,2,3,2,3,1,0,2,3,2,5,3,5,3,5,3,5,3,4,4,4,3,4,2,5,4,3,4,3,2,3,4,3,3,15,2,4,2,1,2,2,4,4,3,2,4,3,3,5,3,2,4,3,2,4,4,3,4,3,3,2,4,4,3,2,4,4,3,3,4,3,4,4,4,3,2,2,2,2,2,2,2,2,2,1,3,3,3,3,2,7,8,9,3,7,7,4,3,4,1,48,3,1,1,1,40,3600,2000,0,240301,사격훈련 수감자,스포츠과학
31988,1,0,1,0,1,0,1,0,1,0,1,0,2,3,1,0,3,4,1,0,1,0,1,0,3,4,2,3,1,0,1,0,1,0,1,0,1,0,1,0,1,0,1,0,2,3,1,0,1,0,1,0,1,0,2,2,2,2,1,0,1,0,3,4,2,3,1,0,3,4,2,3,2,3,3,4,3,4,3,4,3,5,2,3,3,4,2,3,2,2,3,2,3,2,3,3,4,3,2,2,3,3,1,2,2,2,0,7,2,3,2,2,3,3,3,3,3,2,3,3,2,3,3,2,3,3,2,3,3,3,3,3,3,2,3,3,3,5,4,3,3,3,2,2,1,2,2,2,2,2,2,2,2,2,3,3,1,4,5,6,5,5,5,5,4,4,1,53,2,1,1,1,44,2540,2100,0,852401,신규 자동화 장비 도입 인력 감축 진행 자동화 조립 시스템,기계공학
31989,3,4,4,6,3,5,4,5,2,1,3,4,2,3,4,5,3,4,3,4,3,3,3,4,2,4,3,4,3,4,3,4,2,4,3,4,2,3,3,3,3,5,5,5,1,0,1,0,1,0,2,2,1,0,1,0,1,0,1,0,1,0,1,0,1,0,1,0,1,0,1,0,1,0,1,0,1,0,2,1,1,0,2,2,3,4,3,3,4,5,3,4,4,4,5,3,2,4,5,5,3,15,2,5,2,2,0,3,5,5,4,4,4,4,4,4,5,4,4,3,5,4,4,4,5,4,3,4,4,5,4,5,4,4,4,3,5,4,4,5,4,4,2,2,2,2,2,2,2,2,2,2,3,3,3,3,1,8,8,6,5,3,3,9,5,2,1,45,6,1,1,1,40,8200,6800,0,221101,행정 특정 공무원 경우 제한,법학
31990,3,4,5,5,4,5,3,4,3,4,2,4,1,0,2,2,3,3,4,4,3,3,4,4,4,3,3,3,2,1,4,4,1,0,2,1,4,4,4,4,2,1,4,4,2,1,3,3,1,0,4,5,2,2,1,0,1,0,1,0,3,4,1,0,1,0,1,0,1,0,1,0,3,3,1,0,1,0,1,0,1,0,1,0,4,4,3,3,3,1,1,3,3,4,4,2,3,2,2,2,3,8,1,3,2,1,4,7,5,3,3,4,4,3,2,4,3,4,4,4,3,3,3,4,4,3,3,2,3,4,4,4,2,2,4,4,3,5,3,3,4,4,2,2,2,2,2,2,2,2,2,1,3,3,3,3,2,4,6,4,3,4,5,4,5,5,1,52,4,1,1,1,40,3842,1934,0,28204,회사안에서의 시스템 숙지 크게 개발,행정학
31991,3,4,3,5,3,4,3,4,3,4,2,3,2,3,3,4,3,4,4,5,3,4,4,5,3,4,4,6,4,5,3,4,4,5,3,4,3,4,4,5,4,5,4,5,4,5,4,5,4,5,4,5,3,4,1,0,1,0,1,0,2,3,1,0,1,0,1,0,1,0,1,0,3,3,1,0,1,0,1,0,1,0,1,0,2,3,2,3,3,3,4,3,3,4,3,3,3,4,4,4,3,8,1,4,1,1,5,6,3,4,4,4,4,4,4,3,3,3,4,3,3,4,3,3,3,2,2,4,4,5,4,4,3,3,4,3,3,5,4,4,5,4,2,2,2,2,2,2,2,2,2,2,3,2,2,2,1,4,3,4,3,4,5,5,6,6,1,46,4,1,1,1,40,5000,2000,0,15201,운전면허증 현장업무파악 택시 회사,경영학
31992,5,6,4,6,5,5,4,5,4,5,5,5,4,5,4,6,4,4,4,6,4,5,4,6,4,6,4,5,4,5,4,5,4,4,3,4,4,5,3,5,4,5,4,5,3,4,4,4,3,4,3,4,2,3,3,4,2,3,3,4,3,4,2,3,2,2,1,0,1,0,1,0,4,4,2,4,3,4,2,4,3,4,2,3,3,4,3,4,4,3,3,4,4,3,4,4,3,4,4,4,5,15,2,5,2,2,0,7,5,3,3,4,5,4,4,4,4,3,4,4,1,3,3,4,3,2,2,1,4,3,4,4,4,4,3,3,4,5,3,4,5,4,2,2,2,2,2,2,2,2,2,1,3,3,3,3,2,6,5,5,4,6,6,4,4,5,2,37,4,1,1,1,50,4400,2800,0,122201,처우,생명과학
31993,3,3,3,3,2,2,2,3,3,3,4,4,2,3,3,3,3,3,4,4,4,4,3,3,2,3,4,4,3,3,2,3,3,3,3,4,3,3,3,4,4,5,5,5,2,3,2,4,5,4,3,4,4,5,5,5,4,5,4,4,3,4,4,4,4,4,4,5,5,5,3,4,2,3,4,4,3,3,3,3,2,3,2,3,3,3,3,3,4,3,2,3,3,2,3,3,2,4,3,3,4,6,1,2,1,2,0,4,5,3,2,2,4,3,2,4,3,3,3,3,4,3,3,3,4,3,2,2,4,4,3,3,4,5,4,3,4,3,3,4,4,3,2,2,2,2,1,2,2,2,2,3,1,2,2,3,1,7,4,4,3,4,3,6,7,5,1,44,4,1,1,1,40,2900,2000,0,153105,전기공사산업기사 전기응용기술사 구조조정 시스템 개발,전기공학
31994,4,5,4,5,4,5,4,5,4,5,4,5,4,5,4,5,4,5,4,6,5,5,4,5,5,5,5,6,4,5,4,5,4,5,4,5,4,4,4,5,4,5,4,5,4,6,4,5,4,5,4,5,5,6,4,5,4,4,4,5,5,6,4,5,4,5,4,5,4,5,5,5,5,6,4,5,4,5,4,5,4,5,4,4,4,5,4,5,5,4,4,4,4,4,3,4,3,4,4,4,4,10,1,2,1,2,0,7,5,4,4,4,3,4,4,4,4,4,3,4,3,3,3,3,4,3,3,4,3,3,3,4,4,4,4,4,4,4,4,3,4,4,2,2,2,2,2,2,2,2,2,2,3,3,3,3,2,7,7,4,4,4,5,6,5,5,1,35,4,1,1,1,40,4000,3500,0,133901,SW테스트전문가 정보처리기사 일자리 제한,멀티미디어공
31995,1,0,1,0,4,5,1,0,1,0,2,3,1,0,1,0,2,3,2,3,1,0,2,3,2,3,1,0,1,0,3,2,1,0,2,3,2,3,2,3,2,3,2,3,3,3,2,3,2,2,2,3,2,3,2,3,1,0,1,0,4,4,2,2,2,2,4,6,1,0,1,0,1,0,1,0,3,2,2,2,1,0,1,0,3,5,3,4,4,4,4,4,5,4,4,4,4,4,4,4,4,13,5,2,1,1,4,5,6,4,4,5,5,5,5,5,5,5,5,5,1,4,5,5,4,4,4,5,4,5,4,5,5,4,5,4,5,4,5,5,5,3,2,2,2,2,2,2,2,2,2,2,5,3,3,3,2,3,7,4,7,3,3,3,6,5,1,46,4,1,1,1,40,3500,3000,0,153202,화공기사 위험물취급산업기사 가스기사 기능사 화공약품 취급 가스 실린더 교체 장비 유지 보수 반도체 공정기술 안전관리 반도체 업종 기술 기술 융합 형태 나노기술 바이오 다방 확대 때문,기계공학
31996,2,1,1,0,1,0,1,0,1,0,1,0,3,3,1,0,1,0,3,2,1,0,1,0,3,3,1,0,1,0,1,0,1,0,1,0,3,3,2,1,1,0,1,0,1,0,1,0,1,0,1,0,1,0,1,0,3,3,1,0,2,2,1,0,2,1,3,2,1,0,1,0,1,0,4,4,3,4,1,0,3,2,1,0,3,5,1,0,3,4,4,3,3,3,3,4,4,3,3,4,3,3,1,1,2,2,0,7,3,3,4,3,4,4,3,3,9,9,3,3,3,3,3,2,2,2,4,3,3,4,3,4,4,2,3,2,4,4,3,2,2,3,2,2,2,2,2,2,2,2,2,2,2,3,2,2,2,6,6,6,4,4,5,7,3,4,1,50,2,2,5,1,40,0,0,5000,414102,공장 대량생산 가능,인문계
31997,1,0,1,0,1,0,1,0,1,0,1,0,4,5,1,0,1,0,1,0,1,0,1,0,2,2,1,0,1,0,1,0,1,0,1,0,1,0,1,0,1,0,1,0,1,0,1,0,1,0,1,0,1,0,1,0,2,3,1,0,1,0,4,5,4,5,1,0,1,0,1,0,1,0,5,7,4,5,4,5,4,5,4,5,4,5,1,0,4,3,4,3,4,2,3,3,4,3,3,4,3,6,1,2,1,2,0,7,2,3,4,3,4,4,4,4,5,4,4,4,2,3,3,3,4,3,4,3,3,3,4,3,4,3,4,4,4,4,4,3,3,4,2,2,2,2,2,2,2,2,2,2,3,3,3,3,2,3,4,3,7,3,6,8,5,5,1,28,4,1,1,1,48,2800,2200,0,701501,석공기능사 일거리,건축학
31998,3,4,4,4,3,4,4,5,3,3,4,5,4,4,4,5,3,4,4,4,4,6,3,2,3,5,3,2,3,3,3,5,3,3,4,5,3,5,3,4,4,5,3,4,4,4,4,4,3,3,3,3,4,4,3,3,4,4,3,5,4,4,4,3,4,4,3,2,3,5,4,4,2,3,4,5,4,3,3,3,4,4,4,3,4,4,4,4,4,3,2,4,4,3,3,4,3,4,3,3,3,13,1,2,2,2,0,6,5,4,4,4,4,3,4,3,4,2,4,3,4,4,4,4,3,4,3,3,3,3,4,5,4,3,4,4,3,4,4,3,3,4,1,1,2,2,2,2,2,1,2,2,2,3,3,3,1,7,5,4,6,5,5,7,5,6,1,46,4,1,1,1,40,4000,2400,0,140502,컴퓨터 시스템 개발 기계화 자동화 일자리 감소,도시교통학
31999,2,2,3,4,2,1,3,4,3,3,1,0,1,0,2,2,3,3,1,0,2,1,3,3,3,3,3,4,3,4,3,4,1,0,2,1,3,4,3,4,3,4,3,4,3,3,2,2,3,4,3,3,2,2,1,0,1,0,1,0,1,0,2,2,2,3,3,3,2,2,2,3,2,3,2,1,2,2,2,3,3,4,2,2,2,2,2,2,4,3,2,1,3,2,3,4,1,2,3,1,3,18,1,6,2,2,0,5,2,3,4,3,4,4,3,3,3,9,4,3,2,4,3,3,4,4,3,2,4,3,5,4,4,4,3,3,4,3,4,3,4,4,2,2,2,2,2,2,2,2,2,3,2,2,2,3,1,7,7,6,4,4,5,3,2,5,1,40,3,1,1,1,52,3000,2200,0,616201,전산 시스템 대체,치기공
32000,5,5,4,5,3,4,4,5,3,4,2,4,3,3,2,3,3,4,4,4,3,4,2,3,4,4,2,3,2,3,2,4,2,4,2,4,3,4,4,4,4,3,3,3,3,4,2,3,2,3,2,3,4,3,2,3,3,4,3,5,2,4,3,4,4,3,4,4,4,4,3,3,3,4,5,3,3,5,3,4,4,4,2,3,4,4,2,4,5,2,4,3,3,3,4,3,2,3,4,4,3,3,1,2,1,2,0,5,2,3,3,3,5,4,4,3,3,3,3,3,4,2,3,3,2,2,3,3,3,2,3,4,3,3,3,3,2,5,3,2,3,4,2,2,2,2,2,2,2,2,2,2,2,3,3,3,2,8,7,5,2,2,3,6,4,5,1,52,2,1,1,1,48,3000,2600,0,883201,가구제작기능사 로보트 대체로 인력 수급 대한 불안,기계
32001,2,2,3,4,1,0,2,2,3,4,4,5,2,2,4,5,3,4,4,4,3,3,3,3,4,5,2,2,2,2,3,4,3,3,2,3,2,2,1,0,3,4,4,4,3,4,2,2,1,0,2,3,5,6,2,2,2,2,1,0,2,3,1,0,1,0,1,0,1,0,2,2,3,4,3,3,2,3,3,4,3,4,3,4,4,4,4,5,5,4,4,5,5,4,5,3,4,4,4,3,4,3,1,4,1,2,0,7,5,4,5,4,4,5,4,4,3,3,4,3,3,4,5,4,3,3,3,4,3,3,3,5,4,4,4,5,4,4,4,4,5,3,2,2,2,2,2,2,2,2,2,1,4,3,3,3,2,4,1,3,2,3,2,8,9,8,1,28,4,1,1,1,40,3100,2800,0,155306,토양환경기사 토양오염 대첵 의거 향후 관련 기술 개발 사업 증가,환경학
32002,4,5,4,5,3,4,3,4,2,4,3,4,2,3,3,4,3,4,3,5,2,4,4,5,4,5,3,5,4,5,4,5,3,4,3,4,4,5,3,4,4,4,4,4,4,5,1,0,1,0,2,3,2,3,3,5,3,5,3,4,3,4,2,4,3,4,3,4,2,3,2,4,3,4,3,4,3,4,4,5,4,5,4,5,3,4,3,4,3,4,3,3,4,3,3,3,3,3,4,3,4,17,1,2,1,1,4,4,4,3,3,3,4,3,2,3,3,3,4,3,3,2,2,3,2,2,4,4,3,3,2,5,4,4,4,3,3,4,3,3,4,4,2,2,2,2,2,2,2,2,2,2,2,3,3,3,2,7,7,7,3,3,7,3,3,3,2,33,4,1,1,1,48,3000,2500,0,306502,작업치료사 현장실습교육 무자 동화 증가,작업치료학
32003,4,5,5,6,4,5,5,6,4,5,5,5,4,6,5,6,4,5,5,6,4,6,4,6,4,6,5,6,5,5,5,6,5,5,4,5,4,6,4,5,5,6,5,6,5,6,5,6,5,6,5,6,5,6,5,7,5,6,5,6,5,5,5,6,5,6,5,6,5,6,5,6,4,6,4,6,4,5,5,6,3,4,2,4,5,6,5,5,3,4,2,3,4,3,3,4,2,4,4,3,2,6,1,2,1,2,0,6,4,3,3,2,4,4,3,3,4,4,5,4,3,3,3,3,4,4,3,4,4,3,3,4,3,5,4,4,5,4,4,4,3,3,2,2,2,2,2,2,2,2,2,1,2,3,2,3,1,2,9,8,2,1,3,1,9,3,1,54,4,2,5,1,40,0,0,8500,16101,산업안전기사 경기 침체,기계공학
32004,4,5,3,4,2,2,4,5,3,4,3,4,4,4,4,4,4,4,3,5,3,3,3,4,4,4,1,0,2,2,3,4,3,3,1,0,2,3,2,3,2,2,3,3,2,2,2,2,2,2,2,2,1,0,1,0,1,0,1,0,1,0,1,0,1,0,1,0,1,0,1,0,2,3,2,3,1,0,3,3,1,0,1,0,4,5,5,7,4,3,4,4,3,3,3,4,3,3,3,4,4,18,1,2,2,2,0,5,5,3,3,3,4,3,3,3,3,3,4,3,3,4,3,3,3,4,3,3,4,3,3,3,3,4,3,2,3,3,3,3,3,3,2,2,2,2,2,2,2,2,2,2,3,2,2,2,1,6,6,5,3,3,4,6,4,5,2,29,4,1,3,2,30,2700,2200,0,414401,변화 생각,국악
32005,2,3,4,6,2,4,3,4,3,6,4,5,3,5,3,5,3,4,5,6,3,5,3,4,4,4,3,4,4,5,4,4,3,4,2,5,4,5,4,5,3,5,4,4,3,5,3,5,4,4,4,6,3,4,3,4,3,5,3,5,3,5,3,5,3,5,3,5,2,4,2,4,4,5,3,5,3,5,5,6,5,6,5,6,4,5,4,5,4,4,4,3,3,3,3,4,4,3,4,4,3,9,1,2,1,2,0,4,5,4,3,3,4,4,4,3,4,4,4,4,3,3,3,4,3,3,3,2,3,4,4,4,3,4,3,4,3,3,4,4,4,4,2,2,2,2,2,2,2,2,2,2,3,2,2,2,1,7,7,7,3,3,6,2,3,4,1,36,4,1,1,1,48,3800,2500,0,14201,양식조리사 코로나 이후 배달 성행 요식업 예상,관광경영학
32006,4,5,3,3,3,3,4,4,2,2,2,2,5,6,4,4,2,2,1,0,2,2,3,3,3,3,2,2,2,2,2,2,2,2,1,0,2,2,2,2,2,3,1,0,2,2,1,0,1,0,1,0,1,0,1,0,1,0,1,0,3,3,1,0,1,0,1,0,1,0,1,0,1,0,1,0,1,0,2,3,1,0,2,2,3,3,2,2,4,4,4,3,4,4,4,3,4,3,4,3,4,13,1,2,1,2,0,7,4,4,5,4,4,4,4,4,3,4,4,4,2,4,4,4,4,4,4,3,4,4,4,4,4,4,3,4,4,4,3,4,4,4,2,2,2,2,2,2,2,2,2,2,4,3,3,3,1,8,8,5,2,8,5,8,5,3,1,41,4,1,1,1,46,4200,2850,0,415404,디자인 자격증 웹사이트 영상 매체 발전 일자리 증가,시각정보디자인
32007,3,4,4,4,1,0,3,3,1,0,2,3,1,0,3,4,2,3,2,3,2,3,2,3,4,3,1,0,1,0,1,0,1,0,1,0,2,3,1,0,3,4,2,3,3,4,1,0,2,3,1,0,3,4,1,0,3,3,3,4,1,0,3,4,3,4,4,5,3,4,4,4,1,0,2,3,4,4,3,4,3,3,3,4,3,4,3,4,2,1,3,2,1,2,1,3,1,2,1,4,3,3,1,2,2,2,0,2,2,3,2,2,4,2,2,2,2,3,3,2,4,2,2,4,4,4,5,3,3,2,3,4,4,5,5,4,4,5,4,4,4,4,2,2,2,2,2,2,2,2,2,2,3,3,2,2,2,6,7,6,7,5,4,6,4,4,1,48,2,1,1,1,54,3200,2000,0,873401,지금 계속 수요 변화 것이므,공고
32008,2,5,3,3,3,4,2,2,4,2,3,2,1,0,4,2,3,3,4,2,3,2,2,1,3,2,1,0,2,2,4,3,1,0,2,1,3,2,2,2,4,3,4,3,3,3,2,2,4,1,3,2,3,3,5,4,4,3,3,3,2,2,3,2,4,2,4,4,5,5,3,4,2,4,2,2,2,1,2,2,2,1,1,0,2,1,2,1,2,3,3,4,3,2,4,4,3,3,2,3,3,3,2,2,2,2,0,2,2,4,4,5,3,4,4,5,3,3,4,4,2,5,4,4,3,5,5,4,3,3,4,3,5,5,4,4,3,4,4,4,3,4,2,2,2,2,2,2,2,2,2,2,2,2,2,2,1,6,4,9,5,4,4,6,4,4,1,34,2,1,1,1,48,2700,2400,0,851201,해외 진출 기업 일자리 줄어듬 인건비 상승,기계
32009,4,3,4,4,3,4,3,4,3,5,3,5,3,4,3,4,4,4,3,5,3,5,4,5,3,5,3,4,3,4,1,0,1,0,3,3,3,3,3,5,3,3,2,1,2,1,3,4,3,4,4,4,4,5,3,5,3,5,2,2,2,2,2,3,4,4,4,5,2,3,3,4,3,4,4,5,3,4,1,0,1,0,1,0,4,5,1,0,5,4,4,3,3,3,4,3,3,5,4,3,4,8,2,6,1,1,3,6,4,4,3,4,4,4,3,5,5,4,4,5,3,4,3,5,3,3,4,4,3,5,4,4,4,5,5,4,5,4,4,2,4,3,2,2,2,2,2,2,2,2,2,2,5,3,3,3,2,4,4,4,5,4,4,6,4,4,1,40,3,1,1,1,40,6500,0,4000,621403,전기철도면허 2종 철도교통관제자격증명 비상대응훈련 SOP 숙지 철도탄전법들 관련 규정 숙지 차량응급조치 Local ctation 제어00운영법 MSC Main schedule coumputer 작성 차후 자동화 설비 증가 경전철 전철 무인 증가,기계전기
32010,2,3,3,4,1,0,1,0,1,0,1,0,1,0,2,4,2,3,2,2,1,0,2,4,3,4,1,0,3,4,3,5,2,4,2,3,2,3,4,4,5,5,3,4,4,5,2,3,2,3,2,3,3,4,3,5,3,4,5,6,2,4,3,3,4,5,5,5,5,6,5,6,2,3,3,4,4,4,2,4,2,4,2,3,2,5,2,4,3,4,4,3,2,2,3,3,2,2,3,2,3,3,1,6,1,1,3,3,4,4,3,2,4,4,4,5,3,5,5,5,2,4,4,4,3,2,2,3,4,4,4,4,4,3,4,4,4,4,4,4,4,4,2,2,2,2,2,2,2,2,2,1,3,3,3,3,2,8,2,8,3,8,3,7,3,7,1,56,2,1,1,1,40,4000,2000,0,831301,전기안전공사 전기공사자격증 안전교육 기계 대체 불가,공고
32011,4,5,4,5,4,4,5,6,1,0,4,4,3,4,4,5,4,5,3,4,3,4,3,4,3,4,2,3,3,4,3,4,3,4,3,4,3,4,2,3,3,3,4,4,3,4,1,0,1,0,1,0,1,0,1,0,3,3,1,0,3,2,2,3,2,3,2,2,1,0,2,2,1,0,1,0,2,2,1,0,1,0,3,4,5,5,4,4,3,2,2,3,3,4,5,4,4,4,4,3,3,10,1,5,2,2,0,6,5,5,4,4,3,4,4,3,2,4,4,3,1,5,5,4,4,2,3,2,2,5,3,3,5,4,3,5,3,2,3,2,3,4,2,2,2,2,2,2,2,2,2,1,4,3,3,3,2,4,5,6,5,6,5,2,6,5,1,33,4,1,1,1,40,4600,3500,0,416301,아나운서 영역,행정학
32012,2,1,3,4,1,0,2,2,1,0,1,0,1,0,1,0,2,1,1,0,1,0,2,2,3,3,3,4,2,2,3,3,1,0,2,2,2,3,3,4,3,3,3,3,3,4,3,4,3,4,3,3,3,2,1,0,1,0,1,0,1,0,3,3,2,2,3,4,1,0,1,0,1,0,3,4,2,3,2,2,2,3,2,2,2,3,2,2,4,2,3,3,4,3,2,4,3,4,4,2,4,9,1,1,1,2,0,7,2,2,3,2,3,3,2,3,9,9,4,3,3,4,4,4,3,2,3,3,2,4,4,4,2,3,3,3,4,4,2,2,3,4,2,2,2,2,2,2,2,2,2,3,3,2,2,2,2,6,8,7,4,5,5,4,4,5,1,52,2,2,5,1,40,0,0,4750,531501,일식조리사자격증 일식 요리 기계 대신,기계
32013,5,6,5,6,5,6,4,5,4,6,4,5,4,5,4,5,3,5,4,5,4,5,4,4,4,5,4,4,3,4,4,5,3,4,3,4,3,3,3,5,3,5,3,4,2,3,2,3,2,3,2,3,2,3,2,2,2,2,2,2,2,2,1,0,1,0,1,0,1,0,1,0,2,3,1,0,1,0,2,2,1,0,1,0,1,0,1,0,4,4,4,3,3,4,4,4,4,4,4,4,4,16,5,5,2,2,0,6,6,4,4,4,4,4,4,4,5,4,5,4,3,4,4,3,4,3,4,2,4,3,4,4,4,4,4,3,4,4,3,3,4,4,2,2,2,2,2,2,2,2,2,2,2,3,3,3,1,4,5,4,6,5,5,6,5,5,1,32,5,1,1,1,50,4500,3500,0,110201,배출 인원 포화상태,정치학
32014,3,4,2,3,2,3,3,4,4,6,2,3,1,0,2,3,2,4,1,0,1,0,3,5,3,5,1,0,1,0,2,3,1,0,1,0,4,5,1,0,2,3,4,4,3,4,1,0,1,0,1,0,1,0,1,0,1,0,1,0,2,3,1,0,1,0,1,0,1,0,1,0,1,0,1,0,1,0,1,0,2,3,2,3,3,4,2,3,3,3,4,3,3,3,4,3,3,3,4,3,3,16,5,3,2,2,0,7,7,4,4,4,4,4,3,3,3,9,3,3,2,3,3,3,3,3,4,3,3,3,3,3,4,3,4,3,2,4,3,3,4,3,2,2,2,2,2,2,2,2,2,2,2,2,2,3,1,3,3,4,6,5,6,6,5,4,1,49,6,1,1,1,34,3500,2300,0,211201,포화상태,통계학
32015,2,2,2,2,2,2,4,3,3,4,4,5,2,3,5,4,3,3,2,2,4,5,2,3,2,2,3,5,4,3,2,3,4,5,3,3,2,2,4,5,4,5,3,3,2,2,4,4,1,0,1,0,1,0,2,2,1,0,1,0,2,2,2,2,2,2,1,0,1,0,1,0,1,0,2,2,1,0,1,0,2,2,2,2,3,2,3,2,3,3,3,2,3,3,3,4,3,4,3,4,3,17,3,2,1,2,0,7,4,4,3,3,3,3,3,2,3,3,3,3,3,3,3,3,3,3,3,4,3,3,4,4,3,4,5,4,4,5,3,4,5,4,2,2,2,2,2,2,2,2,2,1,4,3,2,3,1,7,7,6,8,4,4,7,3,7,2,37,3,1,1,1,40,2600,2100,0,231101,사회복지사 고령화 사회 복지 서비스,사회복지학
32016,4,5,4,5,4,6,4,6,4,6,4,6,4,6,4,6,4,6,4,5,4,6,4,6,4,5,4,6,4,6,4,6,4,6,4,6,4,6,4,6,4,6,4,6,4,6,4,5,4,6,4,6,4,7,4,5,4,6,4,5,4,6,4,4,4,5,4,5,4,6,4,6,4,5,4,6,4,5,3,6,3,6,3,5,4,6,4,6,4,4,4,5,5,3,5,4,4,5,4,4,5,18,1,3,1,1,3,4,5,4,4,4,4,4,4,4,5,4,4,5,2,4,5,3,4,4,4,3,3,4,4,4,4,4,5,4,4,4,4,4,4,3,2,2,2,2,2,2,2,2,2,1,3,3,3,3,2,9,9,1,9,9,1,8,1,9,1,63,4,1,1,1,40,3800,2700,0,416105,무대예술전문인 무대설치 지휘 조정 감독 변화,방송학
32017,5,6,2,2,3,4,5,7,5,7,2,2,4,6,5,7,5,6,4,5,3,4,2,3,5,7,4,5,3,4,2,2,2,2,2,2,3,5,3,4,4,5,4,5,2,2,4,5,4,5,4,5,4,5,2,2,2,2,2,2,4,6,4,5,4,5,5,6,4,5,5,6,4,6,4,6,1,0,1,0,3,2,3,3,2,3,2,2,3,2,3,3,4,3,3,4,2,3,4,4,3,5,1,2,1,1,3,5,5,5,4,4,3,4,2,3,4,4,3,3,1,4,3,4,1,3,3,1,4,3,4,4,3,3,3,3,3,4,2,2,4,4,2,2,2,2,2,2,2,2,2,2,4,3,3,3,2,7,6,5,4,3,4,3,3,5,1,42,4,1,1,1,48,4000,2800,0,155303,폐기물처리기사 직무훈련 안전관리교육 환경 의식 변화 환경보전 의식 규제 심화,화학공학
32018,2,2,2,2,2,2,2,2,3,3,3,3,3,4,3,4,2,2,3,3,3,2,3,3,3,3,2,3,2,2,3,3,3,3,2,1,3,3,3,3,3,3,3,3,2,3,3,2,2,3,2,3,3,4,3,4,2,2,3,3,2,2,2,2,2,2,4,5,3,2,3,4,3,3,3,3,2,2,2,4,3,5,2,2,2,1,2,1,3,2,2,1,2,2,1,2,2,4,2,3,2,3,1,2,2,1,2,1,2,1,1,1,3,3,3,2,2,3,3,3,2,3,3,3,2,3,3,4,5,3,2,4,3,2,3,3,3,4,2,2,4,4,2,2,2,2,2,2,2,2,2,1,2,3,3,3,2,8,7,8,3,5,5,5,6,4,1,27,2,1,2,2,40,2600,2300,0,822301,사내업무 교육 용접 교육 경기 침체,기계
32019,4,5,4,6,3,3,3,4,2,4,3,5,2,4,3,3,3,4,2,5,3,3,4,4,3,4,2,5,3,5,4,5,4,4,4,3,3,4,4,6,4,4,3,3,3,3,2,3,2,2,4,4,2,4,2,3,2,3,1,0,3,3,2,3,2,2,2,3,2,2,2,2,2,3,2,2,2,2,2,3,2,2,2,4,2,4,3,3,3,4,3,3,3,4,4,4,4,4,4,3,4,13,4,1,1,1,1,1,2,3,4,4,5,3,4,4,9,9,4,4,2,4,2,3,4,4,5,4,4,4,2,4,3,3,4,3,3,4,3,4,5,4,2,1,1,1,2,2,2,2,2,2,2,3,3,2,2,2,2,5,3,4,4,3,3,3,1,76,4,2,6,1,35,0,0,6220,23201,세무사 집합교육 프로그램 도입 처리 단축 인터넷 발달 개인 직접 처리,회계학
32020,3,4,3,5,3,4,3,5,4,5,2,3,3,4,5,6,3,4,4,6,3,4,5,5,3,2,2,3,2,3,2,3,3,4,3,3,3,4,3,4,2,4,3,4,3,4,1,0,2,2,3,4,5,6,5,6,4,5,3,5,5,6,4,2,3,4,4,6,4,5,4,5,1,0,5,6,3,4,4,5,3,4,3,4,4,5,4,5,4,3,4,3,3,3,2,4,3,3,3,2,3,13,1,3,1,2,0,5,4,3,3,2,3,3,4,3,3,2,3,3,2,3,3,3,3,3,2,3,3,4,4,3,3,3,2,3,3,3,4,3,2,5,2,2,2,2,2,2,2,2,2,2,4,2,3,3,2,3,4,5,5,6,7,9,6,3,1,46,4,1,1,1,44,4600,2500,0,159104,기계설계제도사 전문성 특화된 캐드 수요 증가,토목공학
32021,4,6,3,5,3,3,3,5,4,5,2,5,3,4,4,4,3,5,3,3,5,5,3,4,4,4,3,3,3,4,3,5,3,5,4,6,3,3,3,5,3,5,4,5,4,4,4,4,3,2,4,5,2,2,2,2,1,0,2,2,3,5,1,0,2,2,1,0,2,2,1,0,3,3,1,0,2,2,2,3,3,3,2,3,2,3,2,3,4,3,2,3,4,4,4,4,2,4,4,4,3,11,1,2,2,2,0,3,5,4,5,3,4,4,4,3,3,4,4,4,1,3,4,3,4,3,2,3,3,4,4,4,3,2,2,3,3,4,2,3,4,5,2,2,2,2,2,2,2,2,2,2,2,3,3,3,1,4,5,3,4,3,2,4,2,6,2,49,4,1,1,1,40,5400,2500,0,32101,장기 경기 침체 지점 폐쇄 구조조정 일자리,행정학
32022,1,0,1,0,1,0,1,0,1,0,1,0,1,0,3,3,2,3,3,3,1,0,1,0,4,5,1,0,4,4,4,4,1,0,1,0,2,3,1,0,3,4,4,5,3,5,1,0,1,0,4,4,3,3,1,0,1,0,1,0,2,2,1,0,1,0,4,5,3,4,3,3,1,0,1,0,3,3,3,4,2,3,2,3,1,0,1,0,4,3,4,3,4,3,4,4,4,4,4,3,4,3,1,2,2,2,0,7,2,3,2,2,3,3,2,3,3,4,4,3,2,3,2,3,4,3,4,5,4,3,4,4,3,4,3,4,3,5,3,4,3,3,2,2,2,2,2,2,2,2,2,1,3,3,3,3,2,9,3,7,4,8,5,9,7,4,1,57,2,1,1,1,40,5000,2200,0,864301,변동 직종,기계(이과)
32023,1,0,1,0,1,0,1,0,1,0,1,0,1,0,2,4,1,0,2,4,1,0,3,5,2,4,1,0,1,0,1,0,1,0,1,0,1,0,2,4,1,0,2,4,1,0,1,0,1,0,2,4,2,4,3,3,3,4,1,0,1,0,1,0,2,4,4,5,3,4,4,4,4,4,3,5,3,5,4,5,3,5,3,4,4,5,3,5,4,3,4,3,4,3,3,4,4,3,3,4,4,3,1,5,1,2,0,3,4,3,2,2,3,2,3,4,3,4,5,5,3,4,3,3,4,4,3,3,3,4,3,4,3,3,4,4,4,4,3,3,3,4,1,1,1,1,2,2,2,2,2,4,1,2,2,2,1,6,7,5,6,6,5,5,3,5,1,62,3,2,5,1,48,0,0,6500,835101,전기설비조작원 자동화 시스템 자동화 시스템 인원 감소,전기
32024,2,2,2,2,1,0,3,4,1,0,3,4,1,0,4,5,5,7,3,4,5,7,4,5,4,5,2,2,1,0,4,5,2,4,1,0,1,0,3,3,3,3,5,7,3,4,2,3,1,0,1,0,3,3,3,3,4,4,3,4,1,0,1,0,4,6,3,4,5,7,4,6,1,0,5,7,4,5,4,5,3,4,3,4,5,6,4,5,4,4,4,4,5,3,3,4,3,3,4,5,4,8,1,6,1,1,4,4,5,4,4,5,4,4,5,3,4,4,3,4,3,4,3,4,4,3,4,4,4,3,3,3,4,4,4,4,4,4,3,3,5,4,2,2,2,2,2,2,2,2,2,1,4,2,2,2,2,3,2,3,2,1,2,8,9,8,1,49,4,1,1,1,40,12500,8500,0,621101,비행기조종사 비행훈련 라이프 스타일 변화 여행자 증가,항공운항
32025,2,2,3,5,3,2,2,5,2,2,2,3,2,2,2,2,2,2,4,5,3,3,2,3,2,3,3,3,3,2,2,3,3,3,3,3,2,4,3,3,3,3,3,3,4,4,2,3,2,3,2,3,2,3,2,2,3,3,2,3,3,3,3,2,3,2,4,3,3,4,3,4,2,2,3,3,3,3,3,3,3,3,4,5,2,3,4,4,1,1,2,2,3,1,1,1,2,2,2,1,3,6,1,2,2,2,0,7,2,1,1,1,4,2,3,2,3,3,4,3,3,4,3,3,2,3,2,3,4,4,3,4,3,3,2,3,4,4,3,2,4,4,2,2,2,2,2,2,2,2,2,1,4,3,3,3,2,8,7,8,4,5,5,5,4,4,1,39,2,1,3,2,50,2300,2100,0,701201,건축 산업,건축
32026,2,3,2,1,2,3,3,3,1,0,2,3,1,0,3,3,3,2,4,2,1,0,1,0,3,3,4,3,2,2,3,2,1,0,1,0,1,0,3,3,2,3,3,3,4,4,1,0,1,0,1,0,2,3,2,2,4,4,1,0,3,1,4,5,3,4,1,0,1,0,4,4,1,0,3,2,2,1,2,3,3,5,3,2,4,3,3,1,3,4,2,3,3,2,3,3,4,2,3,3,3,15,2,6,1,2,0,5,2,3,3,3,4,4,4,3,4,4,4,4,4,4,4,3,4,4,4,3,4,4,3,2,2,3,3,4,4,3,2,4,4,4,2,2,2,2,2,2,2,2,2,1,1,3,3,3,2,8,8,8,5,5,5,7,6,3,1,56,3,1,1,1,40,6200,2800,0,621901,철도산업기수 자동화 증가 일자리 감소,철도운전기전
32027,3,2,3,2,3,2,3,2,3,2,3,3,3,2,2,2,3,3,3,3,3,2,3,2,3,2,3,4,2,3,3,2,2,2,2,2,2,2,2,2,2,2,3,3,2,3,2,2,2,2,2,2,2,2,3,4,3,4,3,3,2,2,3,4,3,4,3,4,3,4,3,5,2,2,3,2,3,3,3,3,2,3,2,2,3,4,3,4,4,3,2,3,3,3,4,1,3,2,2,3,3,3,1,2,1,1,1,5,3,4,4,4,4,4,3,4,3,2,3,3,3,4,4,3,3,4,3,3,5,4,3,4,4,5,4,4,5,5,4,3,3,3,1,1,1,2,2,2,2,2,2,1,4,2,2,3,1,7,6,6,3,3,4,7,4,5,1,28,4,1,1,1,40,3200,3000,0,151105,기계설비산업기사 항공정비사 기계작동원리 실습과정 시스템 도입 일자리 감소 현상 발생 정부 차원 대책 마련,기계공학
32028,4,5,4,5,3,4,2,2,3,4,2,3,2,2,3,4,3,4,1,0,2,2,2,3,2,3,1,0,2,3,3,4,1,0,1,0,1,0,2,3,3,4,1,0,1,0,1,0,1,0,1,0,2,2,4,4,1,0,1,0,3,4,1,0,1,0,1,0,2,3,1,0,1,0,3,4,2,2,2,2,2,1,1,0,2,3,2,2,2,3,1,3,2,4,2,3,2,4,3,3,1,7,3,5,2,1,5,3,4,3,2,2,3,3,2,3,3,4,3,3,2,4,3,2,2,3,4,3,1,5,2,3,2,3,2,2,1,3,2,3,3,3,2,2,2,2,2,2,2,2,2,2,3,3,3,3,2,7,7,6,3,4,5,4,3,4,1,29,3,1,2,1,42,2900,2800,0,133301,코딩 교육 정도 일자리 변화 수요 생각,컴퓨터공학
32029,4,6,4,6,4,6,5,5,5,5,5,5,5,6,4,6,5,5,4,4,5,5,4,4,5,5,5,5,4,4,5,5,5,5,5,5,5,5,4,4,5,5,5,5,4,6,5,5,4,5,5,5,5,5,4,4,3,3,4,4,4,4,4,4,4,4,4,4,4,3,4,4,4,4,4,4,4,4,3,3,4,3,4,3,4,4,4,4,4,4,3,5,3,3,4,4,3,4,4,4,4,13,1,1,1,2,0,2,5,4,4,4,4,5,5,3,9,9,3,3,2,4,4,4,4,3,4,3,4,3,4,4,5,4,4,4,4,5,4,4,4,3,2,2,2,2,2,2,2,2,2,2,2,2,2,2,2,7,5,7,6,7,6,7,6,7,1,46,4,2,5,1,50,0,0,8000,221301,법무사 인구 감소 일자리 감소,행정학
32030,3,4,3,4,2,3,3,4,2,3,2,3,2,2,2,3,2,3,3,4,3,4,2,3,3,4,1,0,2,3,3,4,2,3,2,3,3,4,2,3,5,2,2,3,2,3,1,0,2,3,1,0,3,4,5,3,5,6,5,6,1,0,4,5,5,5,4,5,5,5,4,6,1,0,4,5,4,6,4,5,5,6,4,4,4,5,4,5,3,2,2,3,3,1,3,2,4,2,2,3,2,3,1,3,1,2,0,5,2,3,2,2,3,4,3,3,2,5,5,3,3,4,4,4,5,3,3,5,3,3,3,4,4,3,3,3,3,4,5,4,3,4,2,2,2,2,2,2,2,2,2,2,2,2,2,2,2,5,6,6,7,8,7,7,7,9,1,32,4,1,1,1,40,3000,2800,0,812201,조선산업기사 인건비 상승 일자리 동남아 지역 분산,기계공학
32031,1,0,2,3,1,0,1,0,1,0,2,3,1,0,2,3,2,3,2,3,2,3,2,3,2,3,1,0,1,0,1,0,1,0,1,0,1,0,1,0,1,0,1,0,3,4,1,0,2,3,1,0,2,3,1,0,1,0,2,3,1,0,3,4,3,4,2,3,2,4,3,4,2,3,2,3,1,0,3,4,2,4,2,3,3,4,2,3,3,3,3,4,3,3,3,3,3,3,4,3,3,8,2,6,2,2,0,7,2,4,3,3,3,4,3,4,3,4,4,4,3,3,3,3,3,4,3,3,2,3,3,3,3,4,4,3,2,3,4,3,3,3,2,2,1,2,2,2,2,2,2,2,2,3,3,3,2,6,7,6,4,4,6,6,5,4,1,45,2,1,1,1,40,4650,3750,0,621901,수송 역할 일부분 장비 대신 업무 인원 감축,기계
32032,1,0,1,0,1,0,4,6,2,2,1,0,2,4,1,0,2,3,2,3,1,0,5,6,1,0,5,6,2,3,1,0,1,0,5,7,1,0,5,7,2,4,2,3,5,6,1,0,1,0,1,0,5,7,4,4,5,7,2,3,1,0,3,4,1,0,3,4,1,0,2,2,1,0,1,0,1,0,1,0,1,0,1,0,1,0,1,0,5,4,1,3,2,5,4,4,4,3,1,1,3,15,2,5,1,1,3,4,2,2,1,1,2,3,1,4,5,3,1,3,4,3,1,4,5,3,2,1,4,3,2,1,2,4,3,5,2,4,3,5,2,5,2,2,1,1,2,2,1,1,2,1,3,2,2,2,1,8,7,5,4,7,2,8,3,2,1,62,2,1,3,2,40,6500,4000,0,833001,태양광발전자격증 기계 조작 방법과 설치 방법 업무 수행에 필요한 장비 교육 기술 개발 업무 교육 프로그램 도입 사용 현재 시점 크게 차이 기계 인간 업무,실업계
32033,4,4,3,5,2,4,2,1,4,3,5,4,1,0,4,3,3,3,1,0,4,4,3,5,4,3,2,4,4,3,5,4,1,0,2,2,2,3,3,3,4,3,4,5,5,5,4,5,3,4,4,5,2,3,5,4,4,3,3,3,2,2,4,3,3,3,4,3,3,3,1,0,5,3,1,0,1,0,1,0,1,0,1,0,2,1,1,0,2,4,3,3,5,4,3,2,3,3,5,4,4,13,2,5,2,2,0,3,6,4,3,5,4,4,5,3,5,4,4,4,2,5,5,4,4,3,5,4,4,3,4,2,4,3,3,4,3,5,4,4,3,5,2,2,2,2,2,2,2,2,2,2,4,3,3,3,2,7,4,5,6,6,7,4,7,6,1,50,6,1,1,1,40,7900,7700,0,13101,분야 연구 지속 증가 예정,역사학
32034,2,5,3,5,1,0,2,3,1,0,1,0,1,0,3,4,1,0,2,3,1,0,3,3,3,3,2,3,2,3,3,4,2,3,2,3,2,3,2,3,3,5,3,4,4,4,2,3,2,3,2,3,2,4,3,4,4,4,3,5,2,3,3,4,4,5,4,4,5,5,5,6,2,3,3,5,4,4,3,3,3,4,2,3,3,4,2,3,2,4,2,4,4,2,5,2,4,4,4,4,3,4,2,3,2,2,0,2,4,4,4,4,4,5,3,4,5,5,5,5,2,4,4,4,3,3,2,3,4,4,4,4,4,4,5,4,4,5,5,4,4,4,1,1,1,2,2,1,1,1,2,2,1,3,3,3,2,7,3,2,7,8,3,7,2,7,1,49,3,1,1,1,45,4000,2600,0,705201,첨단 기술 발전,기계공학
32035,4,5,4,5,3,5,3,3,4,5,4,5,1,0,4,5,4,6,4,5,4,6,4,6,3,5,3,5,3,5,3,5,1,0,1,0,3,3,3,4,4,4,4,5,3,4,3,4,4,5,3,4,3,4,1,0,2,3,1,0,3,6,1,0,2,3,2,3,2,3,1,0,3,3,1,0,2,2,2,3,2,3,2,3,3,3,3,3,4,4,2,3,4,4,3,3,2,2,4,3,3,15,2,4,2,1,2,5,5,3,4,4,4,3,4,4,4,4,3,4,3,3,4,4,4,4,3,3,4,4,4,4,4,3,3,3,4,4,3,3,4,5,2,2,2,2,2,2,2,2,2,1,3,3,2,3,1,9,8,7,5,5,6,9,5,5,1,42,4,1,1,1,40,4500,2500,0,25201,FTA 코로나 일시 수출입 감소 인력 수요 변화,경영학
32036,4,5,4,6,3,6,4,6,4,6,5,6,5,6,4,5,5,5,4,6,5,6,4,6,4,5,3,5,4,5,4,6,4,5,4,6,4,5,4,6,4,6,4,6,4,6,4,6,4,4,4,5,4,5,4,5,4,5,4,6,3,5,3,5,4,4,3,5,4,2,4,5,4,6,4,6,4,5,4,6,4,5,3,5,4,6,4,5,5,4,4,5,4,4,4,4,4,5,4,4,4,17,1,4,1,2,0,6,6,4,5,5,5,4,4,3,4,4,4,4,4,4,4,4,5,4,5,5,4,4,4,4,5,4,4,5,4,5,5,4,5,4,2,2,2,2,2,2,2,2,2,1,4,2,2,3,1,6,5,7,4,4,5,6,4,5,2,40,5,1,1,1,40,5300,4000,0,306601,임상심리사 2급 정신보건 임상심리사 심리 사람 증가,심리학
32037,2,2,2,3,1,0,2,2,1,0,1,0,1,0,3,4,2,2,3,4,1,0,2,3,3,4,2,3,3,4,4,5,2,2,2,3,3,4,5,7,3,4,2,3,4,5,1,0,3,4,3,4,2,3,1,0,2,3,1,0,1,0,2,2,1,0,3,4,3,4,3,4,4,5,2,3,3,4,3,4,3,4,2,3,2,3,2,3,3,5,4,1,2,1,1,3,2,2,4,2,3,14,1,2,1,2,0,7,3,3,2,1,4,2,1,2,2,3,3,3,4,2,2,4,3,4,4,4,3,5,4,4,3,4,2,4,4,5,4,2,4,4,2,2,2,2,2,2,2,2,2,1,3,2,2,2,2,9,7,5,3,3,2,3,2,4,1,35,2,1,1,1,48,3000,2000,0,14301,경비지도사 안전 의식 강조 일자리 수요,공업
32038,3,4,4,5,3,4,4,5,4,4,4,5,3,3,4,5,3,4,3,4,3,4,4,5,2,3,4,4,4,5,4,4,3,4,1,0,4,5,3,4,4,4,4,5,4,5,3,4,4,5,3,4,1,0,1,0,3,4,1,0,4,4,3,4,1,0,1,0,1,0,1,0,4,5,1,0,1,0,1,0,1,0,2,3,3,4,4,5,3,5,4,4,5,4,4,2,4,2,4,4,5,16,5,3,1,2,0,2,5,5,5,5,5,4,4,4,3,4,4,4,1,5,4,5,4,4,5,4,4,1,2,5,4,4,5,4,4,4,4,3,4,5,2,2,2,2,2,2,2,2,2,1,2,3,3,3,2,6,4,3,4,2,3,6,7,4,2,58,4,1,1,1,40,7500,6200,0,13202,정교사자격증 교감자격증 학생 감소,교육학
32039,2,3,3,3,3,3,3,3,2,2,4,4,3,2,4,4,3,4,3,2,2,3,3,3,3,3,3,5,3,2,3,4,2,2,2,2,3,3,3,4,2,3,3,3,2,4,3,2,2,3,1,0,4,3,3,3,3,5,3,4,2,4,3,3,3,3,4,4,3,3,3,4,3,3,4,4,3,3,3,3,4,4,3,4,3,3,2,3,3,3,2,4,3,2,3,3,2,2,3,2,3,10,1,2,1,2,0,3,2,2,3,3,4,4,3,3,3,4,5,4,3,2,2,4,3,3,3,5,5,5,4,4,3,2,2,2,2,2,2,3,3,4,2,2,2,2,2,2,2,2,2,2,3,2,2,2,1,7,7,7,5,5,5,7,7,5,1,40,2,1,1,1,40,3800,2800,0,841201,정보통신기능사 고장 파손 변화 생각,전자
32040,2,3,2,2,2,2,3,4,2,2,1,0,1,0,2,2,2,2,2,2,1,0,1,0,3,3,2,2,2,2,2,2,1,0,1,0,2,2,2,3,2,3,3,3,1,0,1,0,1,0,1,0,1,0,1,0,1,0,1,0,2,3,1,0,1,0,2,2,1,0,1,0,2,2,1,0,3,2,2,2,1,0,1,0,2,2,2,2,3,2,3,2,3,3,3,3,3,3,2,3,3,14,2,2,2,2,0,2,2,3,2,2,3,4,4,2,3,3,3,3,4,3,3,3,3,2,3,3,4,3,2,4,3,3,2,3,2,3,3,3,3,4,2,2,2,2,2,2,2,2,2,3,1,3,2,3,2,6,6,5,6,3,4,6,4,5,2,30,2,1,3,1,40,2000,2000,0,562401,자동화 기술 방법 영향,인문계
32041,5,5,5,5,5,4,2,4,4,4,5,4,4,5,5,6,3,5,5,5,4,4,4,4,3,4,3,5,2,3,3,3,3,4,3,5,3,4,1,0,4,4,4,4,2,4,3,5,2,4,2,4,3,5,4,5,3,4,2,4,3,4,1,0,2,3,2,4,2,4,2,3,3,5,2,4,2,4,2,3,2,3,2,4,2,5,1,0,3,2,1,3,3,4,4,3,3,4,4,5,2,6,1,3,1,2,0,5,5,4,4,3,4,4,3,3,4,4,4,3,2,3,3,5,2,3,3,1,3,3,5,5,3,3,2,2,2,3,3,3,3,3,2,2,2,2,2,2,2,2,2,2,1,2,2,2,1,8,6,6,3,4,3,3,5,7,1,33,4,1,1,1,40,3800,2900,0,140501,도시계획설계사 기사 경기 불황 장기 화예,설비공학
32042,2,1,4,5,2,2,2,2,2,2,1,0,1,0,1,0,2,3,3,4,1,0,2,2,3,4,1,0,2,2,4,5,2,2,2,1,3,3,4,5,4,5,3,4,2,2,1,0,1,0,2,2,1,0,1,0,1,0,1,0,1,0,1,0,1,0,1,0,1,0,1,0,1,0,3,4,4,5,2,2,2,3,3,4,3,4,2,2,4,5,3,2,2,4,3,4,3,2,3,2,4,14,1,3,1,2,0,7,2,3,2,2,5,4,4,2,9,9,3,3,3,4,3,3,2,4,3,2,3,2,5,5,3,4,3,2,3,4,2,2,5,5,2,2,2,2,2,2,2,2,2,2,4,2,2,3,1,6,7,5,6,4,4,4,4,5,1,58,2,1,1,1,52,2500,2500,0,562301,면허증 발렛 문화 정착,전기
32043,2,2,4,2,2,3,3,2,4,3,4,5,4,3,2,1,4,4,1,0,4,3,2,4,4,5,4,3,3,4,4,5,3,4,3,2,3,4,3,3,4,3,5,3,3,4,2,2,4,3,3,4,4,3,4,5,3,3,3,2,2,2,4,2,2,2,3,3,3,2,3,3,2,3,5,4,3,2,4,2,4,4,3,2,5,5,1,0,4,5,4,4,4,5,4,3,3,4,4,4,4,19,4,1,2,2,0,5,1,3,3,1,4,4,4,3,2,2,3,3,4,3,4,5,5,4,4,4,4,4,4,5,3,4,4,4,4,3,3,3,3,4,2,2,2,2,2,2,2,2,2,1,2,2,2,2,2,4,4,7,1,8,7,4,5,6,2,62,2,2,6,1,40,0,0,3000,863401,기성복,문과
32044,1,0,1,0,1,0,1,0,1,0,1,0,1,0,4,4,1,0,1,0,1,0,1,0,5,6,1,0,1,0,1,0,1,0,1,0,1,0,1,0,1,0,1,0,1,0,1,0,1,0,1,0,4,4,1,0,4,5,2,3,1,0,1,0,4,5,4,5,4,5,4,5,1,0,4,5,4,5,4,5,3,4,4,4,3,4,1,0,4,4,4,2,3,2,4,1,2,2,3,3,4,3,1,3,2,2,0,2,2,4,3,2,2,2,2,3,3,4,4,4,4,3,3,3,3,2,4,3,2,3,4,4,2,2,3,4,3,5,3,3,4,4,2,2,1,2,1,2,2,2,2,3,1,2,2,3,2,9,8,9,7,9,9,8,2,7,1,47,2,1,1,1,40,4500,2400,0,861301,기계 도입 자동화,기계
32045,4,5,4,6,4,5,4,6,5,3,5,7,4,6,4,6,4,5,4,5,5,6,4,5,4,6,4,5,4,5,4,5,5,6,5,6,4,6,4,6,5,6,4,6,4,6,5,6,5,6,4,5,3,4,3,5,3,4,3,4,4,6,4,6,4,6,3,4,2,4,3,4,4,6,2,3,2,3,3,5,2,3,2,3,3,4,3,4,4,4,5,4,4,4,4,4,3,4,4,2,4,11,1,2,1,1,4,4,5,5,5,4,4,5,4,4,3,4,4,4,2,5,4,5,4,5,5,4,5,3,4,4,5,5,4,5,4,5,5,4,4,4,2,2,2,2,2,2,2,1,1,2,3,3,3,3,2,5,4,3,3,2,3,8,8,7,2,39,3,1,1,1,40,4000,2400,0,32302,자산관리사 보상 종류별 전례 사례 분석이 필요 업무 수행 스트레스 보상 사고 처리 위해 일자리 변화,경영학
32046,2,2,3,4,3,4,3,4,2,2,4,6,3,4,5,7,3,4,2,2,1,0,2,2,5,7,3,4,3,4,2,2,2,2,3,4,2,2,2,2,3,4,4,6,4,6,3,4,3,4,2,2,2,2,3,4,2,2,2,2,3,4,3,4,2,2,2,2,2,2,2,2,2,2,4,6,3,4,3,4,3,4,3,4,3,4,3,4,5,4,4,4,3,2,4,4,3,3,2,3,3,3,4,1,2,2,0,2,1,4,3,2,4,4,2,3,9,9,3,3,2,3,3,4,5,4,2,1,4,2,4,4,4,3,2,4,5,5,3,3,4,3,2,1,2,2,2,1,1,2,1,2,1,2,2,2,2,3,6,8,4,7,5,3,7,4,1,46,1,2,6,1,48,0,0,3000,826101,기계 장비 증가 기술자 보편화 기술 때문,0
32047,2,4,3,4,2,3,3,4,1,0,1,0,2,3,3,3,3,3,3,4,2,3,2,3,3,4,2,3,3,2,2,3,2,2,1,0,3,4,2,3,2,3,2,3,2,3,1,0,2,2,1,0,1,0,1,0,5,4,4,4,1,0,4,4,4,4,4,5,4,6,4,5,3,3,5,4,5,5,4,4,4,6,4,4,2,3,2,3,3,2,3,2,3,1,3,2,1,2,2,3,3,3,1,3,2,2,0,7,1,2,2,2,3,2,2,2,3,2,3,3,3,2,2,4,3,4,2,3,3,5,2,4,3,4,3,3,3,4,5,4,4,3,2,2,2,2,2,2,2,2,2,2,2,3,3,3,2,6,7,6,5,5,5,6,5,5,1,49,2,1,1,1,48,3300,2400,0,817301,인건비 외국인 노동자 대체,기계
32048,3,3,3,4,2,3,2,3,5,6,3,5,3,3,3,5,3,3,4,5,3,5,4,5,3,4,4,4,3,3,3,3,2,2,2,2,3,3,3,4,4,4,4,4,3,4,2,2,2,2,2,2,4,5,4,5,4,4,4,5,3,5,3,4,4,4,4,4,4,4,3,4,3,3,5,5,5,5,3,3,3,4,2,3,2,5,2,4,4,5,3,2,4,4,3,4,4,4,5,3,4,6,1,2,1,2,0,3,2,3,4,3,4,4,4,4,3,4,3,4,4,3,3,4,4,3,4,4,4,3,2,4,4,4,4,4,3,4,3,4,4,3,2,2,2,2,2,2,2,2,2,2,3,2,2,3,1,5,3,4,5,4,5,6,3,4,1,51,2,1,1,1,40,3700,3000,0,703101,배관기능사 배관설비기능사 노후 시설 물이 유지,기계
32049,4,4,3,4,2,2,2,3,3,3,4,4,4,5,4,4,4,3,3,4,4,4,3,3,2,3,3,4,3,3,3,3,3,4,4,4,3,4,4,5,4,4,4,5,3,3,2,3,4,4,3,4,4,5,5,5,4,5,4,4,3,4,4,4,4,4,4,5,5,5,4,4,3,4,3,3,2,3,2,3,2,3,2,3,3,3,2,3,4,3,3,4,3,3,4,5,4,4,3,4,3,3,1,2,1,2,0,4,5,4,2,2,4,4,3,4,4,3,3,3,3,3,2,4,3,3,4,3,3,4,4,4,4,5,5,4,4,3,3,3,4,4,2,2,2,2,2,2,2,2,2,1,3,3,3,3,1,8,6,7,4,6,4,4,3,5,1,40,4,1,1,1,54,5600,3500,0,153202,전기산업기사 반도체설계산업기사 기계 대체 불가,정보미디어학
32050,3,5,2,4,2,2,3,5,2,1,3,5,2,1,3,5,3,5,3,5,3,3,3,5,2,4,3,5,3,4,2,4,3,5,4,5,2,4,3,3,2,4,4,6,2,4,1,0,4,6,3,5,1,0,3,5,2,4,3,5,4,5,3,5,4,6,4,6,3,5,2,4,3,5,4,6,2,4,4,6,2,4,3,4,2,4,3,5,2,3,3,4,3,2,4,4,4,3,2,3,2,2,1,3,1,2,0,2,3,3,2,4,3,2,3,3,3,2,3,4,4,3,4,2,2,3,3,4,3,4,3,2,3,4,3,3,4,4,3,2,3,2,2,2,1,2,2,1,1,2,2,3,1,2,3,2,2,3,7,7,3,7,2,3,2,8,1,53,3,1,1,1,41,4300,3000,0,136001,통신선로산업기사 인적 구조조정 인원 감소 자동화 시스템 일자리 감소,정보통신학
32051,1,0,1,0,1,0,2,3,3,3,2,4,4,4,2,2,3,5,5,5,2,3,2,3,4,6,3,3,1,0,1,0,1,0,1,0,1,0,3,5,3,5,3,3,2,2,1,0,1,0,1,0,3,3,3,5,3,4,3,3,1,0,3,5,3,4,3,3,3,5,3,3,2,2,3,3,3,5,3,5,3,4,4,5,4,4,1,0,4,4,4,3,5,3,2,4,3,3,3,2,4,3,1,5,2,2,0,2,2,3,3,2,4,3,3,3,3,4,4,4,2,3,3,3,3,2,3,3,3,4,3,4,3,4,4,3,4,4,4,3,4,2,2,2,2,2,2,2,2,2,2,3,2,2,2,3,2,4,6,5,5,4,4,4,3,4,1,29,2,1,3,2,40,3100,3000,0,826401,자동화 산업,기계
32052,2,3,2,3,2,3,4,5,2,2,2,2,4,5,3,3,3,4,2,2,2,2,2,5,3,4,2,3,3,3,3,4,3,3,2,2,3,3,3,3,2,2,3,3,2,3,1,0,1,0,1,0,1,0,1,0,1,0,1,0,1,0,1,0,1,0,1,0,1,0,1,0,1,0,1,0,2,3,2,3,3,4,3,3,2,2,2,2,4,4,1,3,3,2,3,5,3,2,4,2,4,18,1,1,2,2,0,6,3,3,3,3,4,4,3,3,4,4,4,4,2,4,4,3,3,3,4,3,2,3,3,5,5,5,5,4,4,4,3,4,4,4,2,2,2,2,2,2,2,2,2,1,3,2,2,2,1,8,8,8,3,3,4,8,2,3,1,36,3,1,3,2,40,3500,2500,0,420403,변화 요인,레크리에이션학
32053,2,2,2,2,2,2,3,4,4,5,3,4,3,4,3,4,3,4,3,4,3,4,3,4,3,4,3,4,3,4,4,5,4,5,4,5,3,4,3,4,3,4,4,5,4,5,4,5,4,5,3,5,3,4,3,4,3,4,3,4,3,4,3,4,3,4,3,4,3,4,3,4,3,4,3,4,4,5,4,5,4,5,3,4,4,5,3,4,4,4,3,3,3,3,3,3,3,3,4,4,3,18,3,3,1,1,2,3,5,4,4,4,3,3,3,3,3,3,4,3,3,4,3,3,3,3,3,2,4,4,3,4,4,3,3,3,4,4,4,3,4,4,2,2,2,2,2,2,2,2,2,1,2,2,2,2,1,7,6,6,6,5,5,6,5,6,1,48,4,2,5,1,50,0,0,7000,420301,농구심판 자격증 경기규칙 인공 지능 발달 일자리 감소,경기지도학
32054,1,0,1,0,1,0,1,0,1,0,1,0,1,0,1,0,3,4,4,5,1,0,1,0,1,0,1,0,4,4,1,0,1,0,1,0,1,0,4,5,4,5,1,0,4,4,1,0,1,0,1,0,1,0,1,0,1,0,1,0,1,0,1,0,4,5,3,4,4,4,3,4,1,0,1,0,4,5,5,5,4,5,1,0,3,3,3,3,3,3,3,3,3,2,3,2,2,2,3,3,3,8,1,1,2,2,0,7,2,3,2,2,5,3,3,2,9,9,9,2,4,2,1,4,3,3,3,3,4,4,4,4,3,3,3,3,4,5,4,4,4,4,2,2,2,2,2,2,2,2,2,1,1,3,2,3,2,6,7,7,4,4,4,3,3,3,1,60,2,2,5,1,40,0,0,3000,15201,일거리 감소 계속 유지 어려움,기계
32055,4,6,5,6,4,6,4,5,4,5,4,5,1,0,3,4,3,4,1,0,3,3,1,0,2,2,1,0,1,0,1,0,3,4,1,0,3,5,4,6,3,4,1,0,1,0,1,0,1,0,1,0,1,0,1,0,1,0,1,0,4,4,1,0,1,0,1,0,1,0,1,0,1,0,1,0,1,0,1,0,1,0,1,0,3,3,1,0,2,4,3,3,3,4,4,3,2,3,3,5,3,15,2,3,2,1,2,7,5,4,3,3,3,4,4,3,3,3,3,3,4,2,2,4,2,3,2,3,2,4,3,4,2,3,4,4,2,4,3,2,4,3,2,2,2,2,2,2,2,2,2,1,3,3,3,3,2,6,7,4,6,3,3,3,3,5,1,42,4,1,1,1,40,4000,2500,0,25101,실무 교육 지금 추세 비슷,경영학
32056,2,2,2,4,1,0,2,2,1,0,1,0,1,0,2,2,2,3,1,0,1,0,2,3,2,3,2,2,1,0,2,3,2,4,2,3,2,3,2,4,2,4,2,4,2,3,2,2,2,3,2,2,1,0,1,0,2,2,2,4,1,0,2,2,2,4,2,2,2,3,2,2,1,0,2,2,2,3,2,2,2,4,2,3,2,2,2,1,3,2,1,3,3,1,2,3,2,1,3,1,2,6,1,2,2,1,3,6,3,3,2,4,4,5,2,3,4,2,3,3,3,2,3,4,2,3,4,2,4,3,4,3,2,3,3,2,2,3,2,2,3,4,2,2,2,2,2,2,2,2,2,1,4,2,2,3,2,6,6,5,4,3,5,4,3,5,1,53,2,1,1,1,60,3900,2700,0,702301,보온작업 단열 수요 증가,전기
32057,4,4,4,4,4,4,4,4,4,4,4,4,4,4,4,4,4,4,4,4,4,4,4,4,4,4,4,4,4,4,4,4,4,4,4,4,4,4,4,4,4,4,4,4,4,4,4,4,4,4,4,4,4,4,4,4,4,4,4,4,4,4,4,4,4,4,4,4,5,5,4,4,4,4,4,4,4,4,4,4,4,4,4,4,3,3,4,4,3,3,4,3,2,3,3,3,2,4,3,3,4,17,1,3,1,2,0,6,2,4,3,3,4,4,4,3,2,4,4,4,2,4,4,4,4,3,4,3,4,2,3,4,3,4,5,4,3,4,2,3,4,4,2,2,2,2,2,2,2,2,2,3,3,3,3,3,2,5,7,4,5,3,6,5,7,3,2,43,4,1,1,1,40,3800,2500,0,305001,영양사 환자 건강 생각 사업 증가,식품영양학
32058,4,4,4,6,3,3,5,5,4,4,3,3,2,1,2,2,4,6,1,0,1,0,4,5,4,3,3,4,4,3,3,3,3,3,3,3,5,7,3,3,3,3,1,0,1,0,1,0,1,0,1,0,1,0,1,0,1,0,1,0,4,3,1,0,1,0,1,0,1,0,1,0,1,0,1,0,1,0,1,0,1,0,1,0,3,2,2,3,4,4,2,3,4,4,4,3,3,4,3,3,3,16,5,2,2,2,0,7,5,4,4,4,4,4,4,4,9,9,4,4,3,3,3,3,2,3,3,4,3,3,3,3,3,4,3,3,3,4,3,5,3,3,2,2,2,2,2,2,2,2,2,1,2,3,3,3,2,4,4,4,5,5,5,5,5,6,1,38,4,1,1,1,48,4100,3500,0,214101,학생 감소,수학
32059,5,6,4,6,4,5,5,6,4,6,4,6,5,6,4,5,4,5,5,6,4,5,5,7,5,6,4,5,4,5,5,6,4,5,4,5,5,7,5,6,5,6,5,6,5,6,3,4,4,5,5,6,2,3,2,3,2,3,2,3,2,3,3,3,3,4,1,0,1,0,1,0,2,2,1,0,2,2,1,0,4,5,4,5,4,5,5,6,4,3,4,4,4,4,5,5,4,4,4,5,4,16,5,2,2,2,0,7,5,5,5,5,4,4,4,5,5,9,4,4,4,4,4,4,5,4,4,4,5,4,4,4,4,5,4,5,4,4,4,4,4,4,2,2,2,2,2,2,2,2,2,2,3,3,3,3,1,8,2,6,4,9,3,6,2,9,1,60,4,1,1,1,40,6500,4500,0,13203,공무원 변화,화학교육학
32060,3,5,5,7,3,5,4,5,2,5,3,5,3,5,3,5,3,5,3,5,3,5,3,5,4,5,4,5,5,7,4,6,3,5,3,5,2,5,4,6,4,6,5,6,5,7,2,4,3,5,2,4,3,5,3,3,4,6,3,4,3,5,3,5,4,6,5,6,5,7,4,6,4,6,4,6,3,4,4,6,4,6,4,6,3,5,3,5,3,4,2,3,4,2,3,4,2,3,4,3,3,15,2,3,1,1,3,4,4,4,3,2,3,3,3,3,3,4,4,4,2,4,3,3,4,3,4,2,4,4,4,4,3,4,3,4,3,4,3,3,4,4,2,2,2,2,2,2,2,2,2,2,4,1,1,3,2,6,5,8,4,7,6,6,5,5,1,46,2,1,1,1,40,4500,2500,0,307101,1급 응급구조사 응급처치 인공호흡법 인간 생명,이과
32061,4,5,3,4,3,4,4,6,4,5,4,4,3,3,2,3,4,5,4,5,4,6,4,5,4,5,3,4,4,5,4,5,4,5,4,5,2,2,4,5,4,5,4,5,4,6,4,6,4,5,4,5,4,5,2,3,2,3,2,3,3,4,4,5,4,5,4,6,4,5,3,4,4,5,4,5,4,5,4,5,4,5,4,4,4,5,4,5,3,3,2,3,4,5,3,3,4,2,3,4,4,14,1,2,1,1,1,1,2,4,3,3,4,3,2,3,2,2,2,2,2,3,3,4,4,3,4,3,4,3,3,5,4,5,5,4,5,5,5,4,4,4,2,2,2,2,2,2,2,2,2,2,4,1,1,1,1,5,4,6,6,5,5,6,5,3,1,35,2,1,1,1,40,3200,1800,0,28302,운전면허1종2종 컴퓨터활용능력 직무교육 인터넷 쇼핑,인문계
32062,2,2,3,5,2,3,3,4,2,3,3,4,1,0,3,3,3,4,3,5,3,3,2,4,5,4,1,0,3,3,3,4,1,0,1,0,2,4,2,3,3,4,3,4,3,3,1,0,1,0,1,0,2,3,1,0,3,4,1,0,1,0,1,0,1,0,3,5,2,3,2,4,1,0,4,5,3,4,3,4,3,5,4,5,3,5,2,3,3,3,2,2,2,2,3,2,2,3,2,4,1,6,4,1,2,2,0,4,1,2,1,2,4,3,3,2,1,2,2,2,2,3,3,3,2,3,2,4,3,5,3,5,2,4,5,5,3,5,4,3,4,5,2,2,2,2,2,2,2,2,2,2,2,2,2,2,2,7,5,7,2,3,5,6,4,4,1,43,2,1,4,2,40,3300,2200,0,701401,장기 침체 건설 사업 축소 때문,인문계
32063,3,3,3,4,2,2,4,4,1,0,3,4,1,0,3,3,2,2,1,0,1,0,1,0,4,4,1,0,4,5,2,2,1,0,1,0,1,0,3,4,1,0,2,3,2,3,1,0,1,0,1,0,1,0,1,0,1,0,1,0,3,4,1,0,1,0,1,0,1,0,1,0,1,0,3,4,1,0,1,0,1,0,2,3,3,3,1,0,3,4,3,3,4,4,4,3,4,3,4,4,4,17,1,2,1,1,4,4,5,4,3,3,4,4,3,3,3,4,4,4,2,3,3,3,2,1,3,2,3,4,4,4,3,4,3,4,3,3,4,2,4,2,2,2,2,2,2,2,2,2,2,1,4,2,2,3,2,2,6,3,6,4,7,7,4,7,1,32,4,1,1,1,50,4500,4000,0,303001,약사 자격증 실전업무 세계 전염병,약학
32064,3,5,3,5,2,3,3,4,4,4,4,3,3,4,4,4,3,4,2,2,1,0,3,4,4,4,4,5,3,5,4,4,4,4,4,4,3,5,3,4,4,3,4,4,4,4,3,3,3,4,4,4,3,3,4,4,4,4,3,3,1,0,3,3,3,3,3,5,3,4,4,4,3,4,2,5,3,4,3,5,3,3,3,3,1,0,2,3,4,3,4,3,3,4,3,3,4,3,3,2,3,19,4,1,1,2,0,7,3,3,4,3,3,4,4,3,4,4,3,3,4,3,3,3,3,4,3,4,4,3,4,3,3,4,3,3,4,3,3,4,3,3,2,2,2,2,2,2,2,2,2,2,2,3,3,3,2,6,5,6,7,6,6,7,6,7,1,29,4,1,4,2,58,3800,2200,0,812901,자동차정비자격증 자동화 시스템 인원 감축,기계
32065,5,7,4,5,4,5,2,3,4,6,4,6,4,6,5,6,4,6,2,2,2,3,2,3,2,3,2,4,3,4,2,3,3,5,4,6,2,3,3,5,4,6,4,6,4,6,4,5,2,3,3,3,2,3,1,0,1,0,1,0,4,6,1,0,1,0,1,0,1,0,1,0,3,4,1,0,1,0,1,0,1,0,1,0,1,0,1,0,3,2,3,4,4,3,5,1,1,3,2,2,2,11,1,6,2,2,0,4,5,4,3,3,5,4,3,2,3,2,3,3,4,3,3,4,3,2,3,2,2,3,3,4,4,5,3,4,4,3,3,4,5,4,2,1,1,2,2,2,1,1,1,2,4,1,1,3,2,3,7,4,2,2,4,7,6,7,2,33,4,1,1,1,40,5200,3200,0,32301,보험 상품 출시 업무 과중 스트레스 금융 금리 보험 상품 인기 시장 확대 고용 계속 증가,통계학
32066,5,6,5,6,4,6,5,7,4,5,4,5,4,6,5,6,4,4,5,6,4,6,5,5,5,5,5,6,4,6,4,5,5,6,4,5,4,5,5,5,4,5,4,6,5,5,4,5,5,6,5,6,4,6,2,3,2,3,5,6,5,6,4,5,4,5,4,5,4,5,1,0,4,6,1,0,1,0,1,0,1,0,1,0,4,5,5,6,3,4,3,4,5,4,4,4,3,5,4,4,4,18,1,1,1,2,0,6,5,5,4,4,5,5,3,4,3,4,5,4,2,4,3,2,5,4,3,3,4,3,4,2,4,4,3,4,5,3,4,3,4,3,2,2,2,2,2,2,2,2,2,1,2,3,3,3,1,8,2,3,7,4,6,2,7,4,1,49,4,1,1,1,45,7000,3000,0,13601,사서자격 침체,국어국문
32067,1,0,3,5,2,4,1,0,1,0,1,0,1,0,4,6,3,4,2,3,1,0,2,4,4,5,1,0,2,3,3,4,1,0,1,0,2,4,1,0,2,4,1,0,1,0,1,0,1,0,1,0,2,3,1,0,3,4,2,3,1,0,1,0,3,4,2,3,2,4,2,3,1,0,4,6,3,5,3,4,2,4,1,0,4,5,3,5,4,3,4,2,3,3,4,2,3,2,3,3,3,3,1,2,2,2,0,7,2,3,2,1,4,3,3,3,3,3,4,3,4,3,2,4,2,3,2,4,2,4,4,3,4,5,4,4,5,4,4,3,4,3,2,2,2,2,2,2,2,2,2,4,1,2,2,3,2,7,8,5,7,3,6,2,3,7,1,29,2,1,1,1,40,2340,1980,0,836001,자동화 시스템 발달,기계
32068,1,0,1,0,1,0,3,4,1,0,1,0,1,0,1,0,1,0,1,0,1,0,1,0,4,4,1,0,3,4,1,0,1,0,1,0,1,0,4,5,1,0,3,6,1,0,1,0,1,0,1,0,1,0,1,0,4,4,3,4,1,0,1,0,1,0,4,4,3,4,4,5,1,0,4,4,3,3,1,0,3,3,3,3,4,4,1,0,4,4,2,3,3,4,4,4,3,4,3,3,3,7,1,1,1,2,0,5,4,4,4,3,4,4,4,3,3,5,9,4,2,4,4,3,4,3,3,4,3,2,3,4,3,4,4,3,4,5,4,3,4,4,2,2,2,2,2,2,2,2,2,1,4,2,2,3,2,9,4,5,6,4,7,9,5,7,2,30,3,1,1,1,45,3000,2200,0,307301,안경사 면허증 전자제품 과잉 사용 시력 감퇴,안경광학
32069,5,6,4,6,4,6,4,6,2,2,2,2,5,6,5,7,5,7,5,6,3,5,5,7,4,5,4,5,4,5,2,2,2,2,2,2,4,6,4,6,4,6,4,6,2,2,5,7,4,6,5,6,5,6,3,4,2,2,2,2,3,4,3,3,4,5,5,7,5,6,4,6,5,6,4,6,1,0,1,0,3,3,2,3,3,3,2,3,3,3,3,3,5,3,3,4,2,4,3,4,3,5,1,2,1,1,4,4,5,4,3,3,3,4,2,3,3,4,4,3,1,4,3,3,3,3,3,1,3,3,4,4,3,3,3,3,3,4,2,3,3,4,2,2,2,2,2,2,2,2,2,2,4,3,3,3,2,6,6,6,5,5,5,5,5,5,1,31,4,1,1,1,48,2900,2800,0,155303,폐기물처리기사 하수처리 안전교육 정부 온실가스 규제 폐기물 재활용 촉진 에너지 재생 정책 추진,환경공학
32070,2,3,2,3,2,3,3,4,3,3,2,3,3,4,3,4,3,4,3,4,4,5,3,4,3,4,4,5,4,5,3,4,3,4,3,4,4,4,5,6,4,5,3,5,4,5,1,0,3,4,3,4,3,3,2,3,4,5,3,4,2,4,3,3,3,4,3,4,4,5,3,5,3,3,3,5,4,5,4,6,4,5,4,5,4,5,4,5,3,2,4,3,3,2,3,3,4,4,3,3,3,14,1,5,2,2,0,7,4,2,4,3,2,3,3,3,4,3,3,3,2,3,3,2,3,4,3,4,3,3,3,4,3,4,5,3,4,4,4,4,3,2,2,2,2,2,2,2,2,2,2,2,3,2,2,2,1,8,7,6,3,5,5,7,3,5,1,42,4,1,1,1,43,5300,3200,0,541301,변화 요소,체육
32071,4,5,4,5,3,5,2,3,3,5,3,4,2,2,2,3,3,4,2,2,2,2,3,4,2,2,2,2,3,4,2,2,2,3,2,2,3,4,2,2,2,3,2,2,2,2,2,2,2,2,2,3,2,2,2,2,2,2,2,2,2,2,2,2,2,2,2,2,2,2,2,2,2,2,2,2,2,2,2,2,2,2,2,2,2,2,2,2,4,5,3,4,4,2,3,3,3,4,4,3,3,14,1,1,1,2,0,1,5,4,3,3,4,4,3,3,9,9,3,3,2,4,3,4,4,3,3,3,4,4,4,3,4,3,3,3,4,5,4,4,5,4,2,2,2,2,2,2,2,2,2,2,2,3,3,3,2,6,4,5,4,6,5,6,5,5,1,47,4,2,5,1,40,0,0,5400,29903,행정사 자격증 인구 감소,행정학
32072,5,6,4,6,4,6,4,6,4,6,4,6,1,0,4,6,3,6,3,4,4,6,1,0,3,5,1,0,3,5,3,6,3,5,1,0,1,0,3,6,4,6,3,5,3,5,3,5,1,0,1,0,1,0,1,0,1,0,1,0,4,5,1,0,1,0,1,0,1,0,1,0,1,0,1,0,1,0,1,0,1,0,1,0,3,4,1,0,4,4,4,4,5,3,4,3,3,4,4,4,4,15,2,2,1,2,0,5,5,4,4,4,5,4,3,4,4,3,4,4,2,4,4,5,4,3,4,3,3,2,4,5,4,5,4,4,4,4,4,2,3,3,2,2,2,2,2,2,2,2,2,1,3,3,3,3,2,3,7,4,6,4,4,3,7,7,1,34,4,1,1,1,40,4000,3800,0,29903,행정사 전문 업무 지속,행정학
32073,3,4,3,4,2,2,4,5,1,0,4,6,1,0,1,0,2,2,2,2,4,5,1,0,4,5,1,0,4,5,5,6,4,6,3,4,1,0,3,4,4,5,3,4,2,3,1,0,1,0,1,0,1,0,1,0,1,0,1,0,1,0,1,0,1,0,1,0,1,0,1,0,1,0,2,2,2,2,3,4,1,0,1,0,3,4,3,4,2,4,4,3,4,4,3,3,1,3,2,2,3,19,1,4,2,1,1,2,3,3,2,2,4,3,2,3,3,2,3,3,3,2,2,4,3,3,4,3,3,4,4,4,3,3,4,4,3,3,4,3,4,4,2,2,2,2,2,2,2,2,2,1,3,3,3,3,1,4,4,4,3,3,3,3,3,2,2,39,2,1,1,1,20,1800,1400,0,29201,고객응대훈련 고객 문의 때문,실업계
32074,3,3,3,3,3,3,2,2,2,2,2,2,2,2,2,2,4,4,1,0,2,2,4,3,4,4,2,3,1,0,3,3,3,3,1,0,3,3,2,2,2,3,1,0,2,2,1,0,1,0,1,0,1,0,1,0,3,3,3,4,1,0,1,0,3,3,3,4,3,3,3,3,1,0,5,4,5,3,4,5,4,5,3,4,4,3,3,3,4,4,4,3,2,1,3,3,3,3,3,3,4,3,1,3,1,1,5,5,3,4,3,3,4,4,3,3,3,3,4,3,2,5,5,5,5,4,4,1,3,2,2,5,5,5,4,4,5,5,4,4,5,5,2,2,2,2,2,2,2,2,2,1,5,3,3,3,2,3,4,2,1,2,4,9,5,5,1,47,3,1,1,1,45,4800,2500,0,822101,자동차 차체수리기능사 자동차 수리기능 실무교육 소량 일리 도색 판금 때문,화공
32075,3,5,4,4,2,3,4,5,3,4,4,5,3,4,3,3,4,4,4,4,4,4,4,4,3,5,3,5,3,5,4,6,5,5,3,3,4,5,4,5,4,5,4,5,4,5,3,3,2,3,4,4,2,3,1,0,1,0,3,4,2,1,1,0,1,0,1,0,1,0,2,1,3,2,3,2,4,4,3,4,4,4,4,4,4,5,4,5,4,4,4,3,3,2,3,4,4,2,3,3,4,17,2,3,1,1,3,3,2,4,4,4,4,4,3,2,3,3,4,3,2,4,3,3,3,3,4,3,4,3,3,3,4,3,3,3,4,3,4,3,4,4,2,2,2,2,2,2,2,2,2,2,3,3,3,3,2,5,5,5,6,6,6,5,5,5,2,45,2,1,1,1,50,3000,2300,0,232901,사회복지사 자격증 생활지도사 현장 실습교육 상황 유지,인문계 문
32076,3,4,3,4,3,4,3,4,4,5,4,5,3,4,4,5,3,4,4,5,2,3,3,4,4,5,2,3,2,3,3,4,2,3,2,3,3,4,2,3,4,5,4,5,3,4,3,4,2,3,3,4,3,4,3,4,3,4,2,3,3,4,2,3,3,4,3,4,2,3,2,3,3,4,4,5,3,4,3,4,3,4,2,3,3,4,3,4,4,2,3,3,3,4,4,4,4,4,4,3,4,6,1,2,1,1,4,4,5,4,4,4,4,4,4,4,4,4,4,4,2,4,4,3,3,2,3,4,3,3,2,5,4,3,3,3,3,4,3,2,4,4,2,2,2,2,2,2,2,2,2,2,4,3,2,3,1,7,7,3,3,3,7,7,3,3,1,38,5,1,1,1,48,5300,2800,0,140101,건축사 건축 설계업 재건축 공사 증가,건축학
32077,2,4,5,5,2,4,4,4,4,5,4,4,3,4,4,4,4,5,3,4,1,0,1,0,1,0,1,0,4,5,1,0,3,4,3,4,1,0,1,0,1,0,4,5,4,4,3,3,1,0,1,0,1,0,1,0,1,0,1,0,3,4,1,0,1,0,3,4,1,0,1,0,1,0,1,0,1,0,1,0,1,0,1,0,3,4,3,4,3,3,4,3,3,4,3,4,3,3,3,3,3,12,4,1,1,1,1,5,2,4,3,3,4,4,3,4,3,3,3,3,3,4,4,4,4,3,3,3,4,4,3,4,3,3,3,3,3,4,3,2,4,3,2,2,2,2,2,2,2,2,2,1,3,2,2,2,2,7,7,7,4,4,4,7,3,3,1,55,2,2,6,1,55,0,0,4000,611001,공인중개사 자격증 변경된 세법 침체,부동산학
32078,4,4,4,4,4,4,4,5,4,5,4,5,4,4,3,4,4,4,4,4,4,5,4,5,3,3,4,5,4,4,4,5,4,4,4,5,4,4,3,3,4,5,4,5,4,5,5,6,4,5,4,5,4,4,2,2,2,2,2,2,3,3,2,2,1,0,2,2,2,2,1,0,2,2,1,0,1,0,1,0,1,0,1,0,2,2,2,3,5,4,3,4,5,4,4,2,3,4,4,4,4,16,5,5,1,1,4,3,7,4,4,4,4,4,4,4,4,9,3,4,2,4,4,4,3,2,3,3,4,4,5,3,2,3,4,3,3,3,4,3,3,4,2,2,2,1,1,2,2,2,2,1,3,3,2,3,1,3,3,4,5,4,5,6,7,7,1,58,6,1,3,1,52,9000,7000,0,13204,정교사 인사관리 학교 시설 활동 교육 기관 크게 영양,사회학
32079,1,0,1,0,1,0,2,2,2,2,2,2,2,2,3,3,4,5,4,5,2,2,3,4,4,6,3,4,4,6,1,0,1,0,2,2,1,0,2,2,3,4,3,4,2,2,2,3,1,0,1,0,1,0,1,0,1,0,1,0,1,0,1,0,1,0,1,0,1,0,2,2,2,2,2,2,2,3,5,6,4,6,4,4,4,5,3,3,4,4,2,3,4,3,2,3,2,2,3,3,2,19,1,2,1,2,0,2,4,4,3,3,4,5,4,2,3,4,3,3,4,3,3,4,5,4,4,3,4,4,3,4,4,5,4,4,5,4,3,3,4,4,2,2,2,2,2,2,2,2,2,2,4,3,3,3,2,6,7,6,5,5,4,6,5,5,1,47,4,1,1,1,40,3300,2600,0,541101,일반경비지도사 자동차운전면허 안전 개인 생명 대한 관심 증가,경호학
32080,4,5,4,4,3,4,2,3,2,4,4,5,2,4,3,4,2,4,3,4,4,5,4,6,4,5,3,5,1,0,2,4,2,4,2,4,4,5,2,4,4,5,4,5,3,5,1,0,3,5,3,5,4,6,4,5,4,5,4,5,3,4,3,5,5,6,5,5,4,5,4,5,3,5,3,5,4,5,1,0,3,5,2,4,3,5,2,5,4,5,4,4,4,4,4,4,4,5,4,4,4,3,1,2,1,2,0,5,5,4,4,4,4,5,4,4,4,4,4,4,4,4,3,4,3,3,3,2,2,4,4,4,4,3,3,2,3,3,3,2,4,4,2,1,2,2,2,2,2,2,2,2,4,3,3,3,1,3,3,4,5,6,5,5,4,5,1,32,4,1,1,1,46,3500,2700,0,131101,정보통신기사 클라우드 시스템 도입 모바일 클라우드 시스템 확대,컴퓨터공학
32081,3,2,3,2,2,2,3,2,3,2,3,2,2,2,2,2,3,2,3,2,3,2,2,2,3,2,4,4,4,4,2,2,3,3,3,3,4,4,2,2,3,3,3,4,3,2,2,2,3,4,3,3,1,0,1,0,4,4,2,2,1,0,3,3,5,5,3,4,2,4,1,0,1,0,4,4,5,4,2,3,4,4,3,3,3,2,2,2,4,4,3,2,3,2,3,3,3,2,3,1,3,6,4,1,1,2,0,4,3,3,3,3,4,3,1,3,9,9,9,3,3,3,3,4,4,4,2,2,4,4,4,4,3,3,3,3,4,5,2,3,4,4,2,2,2,2,2,2,2,2,2,1,3,2,2,2,2,7,7,5,3,3,4,7,5,4,1,47,2,1,4,2,45,4500,2300,0,702101,미장기능사 방수기능사 방수 처리 재건축 조적 공사 콘크리트 공사 아주 때문 기계 대신,전기
32082,4,4,4,4,3,3,3,5,4,5,4,5,4,4,3,4,4,6,2,2,3,4,4,6,4,4,4,5,4,6,4,5,4,5,4,5,4,5,4,5,4,4,4,5,4,5,4,5,4,4,3,4,2,2,1,0,2,2,1,0,1,0,1,0,2,3,1,0,1,0,1,0,3,3,2,2,3,2,4,5,3,4,2,2,4,5,4,5,4,4,3,3,4,4,3,2,3,3,3,3,3,16,5,2,2,2,0,7,4,3,3,3,4,4,2,3,3,3,3,3,2,4,3,2,3,4,3,3,3,3,2,2,3,4,4,3,4,4,4,4,4,2,2,2,2,2,2,2,2,2,1,2,3,2,2,2,1,3,3,7,3,3,7,2,2,3,2,34,4,1,1,1,48,3400,2500,0,214501,비대 수업 프로그램 이수 변화,초등교육
32083,3,4,4,4,2,2,3,3,3,3,3,3,3,3,2,2,3,2,2,2,3,3,4,4,3,4,3,3,3,3,3,3,3,3,3,2,3,3,3,3,3,4,3,4,3,3,3,4,3,4,3,2,4,2,4,4,4,3,4,4,3,4,4,3,3,3,3,4,4,4,4,3,4,4,4,3,3,3,3,3,2,7,2,2,5,5,2,3,3,3,3,2,2,2,3,4,2,5,2,3,4,10,1,4,1,2,0,2,2,2,3,2,4,5,4,3,3,3,4,4,2,4,4,4,4,4,3,2,4,4,2,4,4,3,2,2,4,4,4,4,4,5,2,2,2,2,2,2,2,2,2,2,3,3,3,3,1,2,7,2,5,4,5,4,5,2,1,31,4,1,1,1,45,2900,2400,0,131201,정보통신기사 인프라 구축,정보통신
32084,2,2,2,3,2,3,3,4,1,0,1,0,2,3,1,0,3,4,2,3,1,0,1,0,2,3,3,4,3,4,2,3,2,2,2,3,2,2,2,3,2,3,2,3,2,3,1,0,2,2,1,0,2,3,2,2,2,3,2,3,3,4,2,3,2,3,2,3,2,3,2,3,2,2,1,0,1,0,3,4,3,4,1,0,2,3,2,3,4,3,4,3,3,4,3,4,4,2,3,3,3,14,1,2,2,2,0,1,1,4,1,1,4,3,4,4,9,4,4,4,2,3,3,4,4,5,2,2,4,4,4,4,4,4,3,3,4,4,4,3,4,5,2,1,1,2,2,2,2,2,2,4,2,3,3,3,2,5,3,7,5,3,6,5,3,7,1,68,1,1,1,1,40,2300,1800,0,562301,무인 시스템 경비 무인 시스템 변화,0
32085,3,3,3,3,5,5,4,5,2,2,3,5,3,4,2,2,4,5,2,2,3,3,4,5,2,2,3,3,3,4,3,5,3,4,2,3,5,5,4,5,3,4,3,3,3,3,2,2,2,3,3,3,4,5,4,5,4,6,3,4,5,7,3,4,3,3,4,5,4,6,4,5,3,3,3,4,3,3,4,4,2,2,2,2,3,5,3,4,4,4,3,3,4,4,3,3,2,3,4,4,3,3,1,5,2,2,0,2,4,4,3,3,3,4,3,4,3,4,4,4,2,3,3,4,4,4,3,4,3,3,3,4,2,3,4,4,3,4,3,4,3,4,2,2,2,2,2,2,2,2,2,1,2,3,3,3,2,9,8,6,3,2,3,7,4,6,1,45,4,1,1,1,40,3700,2500,0,12301,자동화,언론홍보학
32086,3,3,4,4,1,0,3,3,2,2,3,4,1,0,4,5,3,3,3,4,4,4,3,4,3,4,1,0,2,4,3,4,1,0,1,0,2,3,1,0,3,4,3,4,2,3,1,0,2,3,1,0,3,3,3,4,4,5,3,4,1,0,1,0,4,5,3,4,4,5,4,5,1,0,4,5,3,4,3,4,5,6,3,4,3,3,3,3,2,2,3,3,2,1,2,2,2,2,1,4,2,3,1,2,2,2,0,2,2,3,2,2,4,3,2,2,2,3,3,2,2,3,2,4,4,4,5,4,4,2,2,5,4,4,4,5,4,4,4,4,5,5,2,2,2,2,2,2,2,2,2,1,2,3,2,2,2,6,7,6,7,4,3,7,5,6,1,50,2,1,1,1,54,4000,2600,0,703201,불황 해외 플랜트 사업 실적 당분간 일자리 감소,공고
32087,3,3,3,3,2,3,3,4,3,4,4,5,2,3,3,4,2,3,1,0,4,4,2,3,4,4,3,4,2,3,1,0,1,0,1,0,4,5,4,5,4,4,3,3,3,4,3,3,3,4,2,3,3,4,4,4,3,4,3,4,1,0,4,5,2,3,4,4,3,4,1,0,2,3,3,4,5,5,1,0,4,3,3,4,4,4,2,3,5,3,4,2,1,1,1,1,1,2,2,3,4,6,1,1,2,2,0,2,2,3,3,3,4,3,2,3,9,9,9,2,2,3,3,4,4,5,4,2,4,2,4,4,4,5,4,4,5,4,4,4,5,5,2,2,2,2,2,2,2,2,2,2,3,3,2,2,2,6,7,6,7,4,3,7,3,4,1,54,3,2,5,1,54,0,0,4600,702502,생활 일자리 변화,건축학
32088,2,3,2,3,3,3,3,4,3,4,3,4,3,5,3,4,3,4,3,4,2,3,3,3,3,5,3,5,3,3,2,3,2,3,2,3,2,2,2,3,3,4,3,4,2,3,2,3,2,3,3,4,2,3,3,4,2,3,2,2,3,4,3,4,2,3,3,4,3,4,2,3,2,2,2,3,2,3,2,3,2,2,2,2,3,5,2,2,4,3,4,4,4,3,3,2,4,4,3,4,3,3,1,5,1,1,1,2,5,4,4,4,4,4,4,4,4,4,5,4,1,4,4,3,4,4,3,3,4,3,3,4,5,4,3,4,4,3,4,4,3,4,2,2,2,2,2,2,2,2,2,2,2,3,2,3,1,3,6,5,4,6,5,3,7,5,1,29,4,1,1,1,40,3800,3500,0,151107,CAD 기계설계기사 내부 시스템 숙지 경기 침체,자동차공학
32089,2,2,2,2,1,0,2,2,2,2,2,2,2,2,2,2,2,2,2,2,1,0,3,3,4,4,1,0,2,3,2,2,1,0,1,0,2,3,4,4,2,2,1,0,3,2,1,0,2,2,1,0,1,0,1,0,4,4,4,5,1,0,1,0,2,3,2,3,3,3,1,0,2,2,5,5,4,6,3,3,2,3,3,3,2,3,2,2,3,2,3,2,3,2,3,4,3,4,3,2,4,9,1,2,1,2,0,6,2,4,3,2,3,3,2,2,2,3,3,3,2,4,4,2,2,4,2,2,2,4,2,5,4,3,4,4,3,4,4,2,4,4,2,2,2,2,2,2,2,2,2,1,4,2,2,2,2,7,8,7,6,7,8,7,6,7,1,42,2,1,1,1,50,3800,2600,0,531501,일식조리사 외식,인문계
32090,1,0,1,0,1,0,1,0,1,0,1,0,1,0,2,3,1,0,3,4,1,0,1,0,1,0,1,0,1,0,1,0,1,0,3,4,1,0,3,4,2,3,1,0,1,0,1,0,1,0,1,0,1,0,1,0,1,0,1,0,3,5,1,0,2,3,1,0,1,0,1,0,3,4,1,0,2,3,2,3,2,3,1,0,1,0,1,0,3,2,3,3,3,3,4,3,4,2,3,2,3,8,1,1,2,2,0,7,4,4,3,3,4,4,3,3,3,4,4,4,3,3,3,3,4,3,3,2,3,4,3,3,3,2,3,3,3,4,4,2,3,3,2,2,2,2,2,2,2,2,2,2,3,2,2,3,1,5,6,6,6,4,6,6,5,4,1,34,4,1,3,2,44,2410,2102,0,28302,물류 차지 비중,무역학
32091,5,6,5,5,5,6,4,6,4,6,4,6,4,4,5,5,4,6,4,4,4,6,4,6,4,5,5,6,4,5,4,5,5,6,4,6,4,5,5,5,4,6,4,5,5,5,4,6,4,6,5,5,5,6,1,0,1,0,1,0,1,0,1,0,1,0,1,0,1,0,1,0,4,6,1,0,1,0,1,0,1,0,1,0,3,3,3,5,4,5,4,4,5,4,4,4,3,4,5,4,4,16,5,3,1,2,0,1,7,4,4,4,4,5,4,4,4,9,4,4,4,4,4,5,4,4,5,4,4,4,2,4,4,5,5,4,5,5,4,4,4,4,2,2,2,2,2,2,1,2,2,1,3,2,2,2,2,6,3,2,5,4,5,3,2,3,1,62,6,1,3,1,52,9000,9000,0,13204,총장수료증 코로나 무급 휴가 변화,국어국문
32092,4,5,3,3,3,4,4,4,3,4,3,5,3,4,2,3,3,3,3,5,3,5,3,5,3,4,3,4,4,4,4,4,4,5,3,3,4,4,3,5,3,4,4,4,4,5,3,5,4,4,3,5,3,5,3,5,3,5,3,4,4,4,4,4,3,5,3,5,3,5,3,5,4,4,3,5,3,4,4,4,3,3,3,3,3,4,3,4,3,4,3,2,3,2,3,4,3,3,4,3,3,15,2,5,1,1,2,5,5,3,2,2,3,4,4,3,3,4,4,3,2,3,3,3,2,3,3,4,4,3,3,3,2,4,3,4,3,3,4,3,2,3,2,2,2,2,2,2,2,2,2,1,3,3,3,3,2,5,4,6,5,4,6,3,5,6,1,41,4,1,1,1,40,5000,3000,0,621403,관제사 실무연수 교통 수단,철도행정
32093,3,3,2,3,1,0,2,3,4,4,2,3,2,3,1,0,2,3,2,3,2,3,3,3,2,3,4,4,1,0,2,3,1,0,1,0,1,0,2,4,2,2,3,3,2,3,1,0,1,0,1,0,4,4,2,3,3,4,2,3,2,3,4,4,3,5,2,3,3,4,4,4,2,3,2,4,2,4,2,3,1,0,1,0,2,3,4,5,4,3,4,4,3,3,4,4,4,3,4,4,4,3,1,3,1,2,0,3,2,3,3,2,2,2,3,3,4,3,4,4,3,4,3,3,4,3,3,4,4,3,3,4,3,3,4,5,4,4,3,4,3,3,1,1,1,1,2,2,2,1,1,3,2,2,2,2,1,6,7,6,4,5,7,6,5,6,1,40,3,1,1,1,52,4300,3000,0,885101,악기조율기능사 자동화 시스템 도입 자동화 시스템 발전,피아노
32094,2,4,3,4,1,0,2,3,1,0,1,0,1,0,4,5,3,4,3,3,1,0,2,4,4,5,1,0,1,0,3,4,1,0,1,0,3,4,1,0,2,4,1,0,3,4,1,0,2,2,1,0,1,0,1,0,2,3,2,3,1,0,2,3,3,5,3,5,3,5,3,4,1,0,4,5,3,5,4,5,3,4,1,0,4,5,2,4,4,3,2,3,3,2,4,2,3,2,2,3,3,3,1,2,2,2,0,7,2,3,2,1,4,3,3,3,2,3,4,3,3,2,2,4,4,2,3,4,3,3,3,4,5,5,4,4,5,3,3,3,4,3,2,2,2,2,2,2,2,2,2,3,2,3,3,3,2,7,7,6,6,5,5,4,6,6,1,34,2,1,1,1,40,2640,2200,0,882301,자동화,기계
32095,4,6,4,5,4,6,3,5,3,5,4,5,2,4,3,5,4,5,3,4,4,6,3,4,3,4,3,5,2,4,3,5,3,5,2,5,2,5,2,5,3,5,3,5,3,6,4,7,3,6,1,0,3,5,4,6,4,6,4,6,4,6,2,4,2,3,2,4,2,2,2,3,3,5,1,0,1,0,1,0,1,0,1,0,3,2,2,2,4,3,2,3,3,4,4,4,3,4,4,4,3,13,2,4,1,2,0,2,4,4,3,3,4,4,3,3,3,3,3,3,4,3,3,4,4,3,2,3,3,4,3,3,3,4,3,3,4,4,3,3,4,4,1,1,1,2,1,1,2,1,1,2,2,1,1,3,1,6,6,5,4,4,4,5,5,5,2,31,4,1,1,1,40,4300,2800,0,151108,측량기사 해양조사산업기사 장비 점검 기능 탑재 관련 기능 교육 진행 자동화 관련 업무 축소,해양경찰학
32096,3,4,2,4,2,4,2,3,2,3,3,4,2,3,4,5,2,4,3,4,1,0,1,0,2,3,1,0,2,3,1,0,1,0,1,0,1,0,1,0,3,4,1,0,2,3,1,0,1,0,1,0,4,4,4,5,5,5,1,0,2,3,1,0,2,3,1,0,1,0,2,3,1,0,1,0,1,0,1,0,1,0,1,0,2,3,1,0,3,3,3,3,3,4,3,3,3,4,3,2,3,5,1,5,2,2,0,1,4,3,3,3,4,3,3,3,3,3,4,3,3,3,4,3,4,3,3,3,3,3,3,4,3,4,4,3,3,4,3,2,4,2,2,2,2,2,2,2,2,2,2,2,2,2,2,3,1,3,4,4,5,4,6,5,6,4,1,35,4,1,1,1,40,4820,3600,0,151102,전반 렌트 산업 일자리,화학공학
32097,2,2,3,3,1,0,2,2,2,2,2,2,2,2,2,2,3,3,4,4,2,3,3,4,4,5,2,2,2,2,3,2,1,0,1,0,3,4,1,0,2,3,3,3,3,4,1,0,2,2,1,0,1,0,1,0,3,2,1,0,1,0,1,0,3,2,3,3,1,0,1,0,3,3,3,4,3,3,4,5,3,3,3,3,3,4,3,4,4,2,2,4,4,2,3,2,3,2,3,4,4,19,1,3,2,2,0,7,2,3,3,3,4,4,4,4,9,9,4,4,2,4,4,2,2,4,4,4,2,2,2,4,4,4,4,4,4,4,2,4,4,4,2,2,2,2,2,2,2,2,2,1,3,3,3,3,2,7,7,5,3,3,2,6,7,7,1,30,2,1,3,2,40,3200,2700,0,420201,은퇴 선수 선수,문과
32098,3,5,4,4,3,4,3,4,1,0,3,4,5,5,3,3,3,4,4,3,3,3,4,4,5,5,4,3,4,4,5,5,4,4,4,4,5,4,4,4,4,4,1,0,4,4,1,0,1,0,4,3,1,0,1,0,1,0,1,0,1,0,1,0,1,0,1,0,1,0,1,0,4,3,1,0,1,0,1,0,1,0,5,7,4,5,4,5,5,4,2,3,5,1,2,4,2,5,4,3,4,18,1,3,2,2,0,6,5,5,4,3,3,5,3,3,3,3,4,3,1,4,4,4,4,3,2,5,4,2,3,3,4,5,4,4,5,4,4,4,4,4,2,2,2,2,2,2,2,2,2,1,3,2,2,3,2,8,3,6,4,7,6,7,3,5,2,31,4,1,1,1,40,2580,2350,0,414702,공연 점차,무용학
32099,2,3,2,3,2,3,3,4,1,0,3,4,1,0,2,3,2,3,1,0,1,0,1,0,1,0,2,4,4,5,3,4,5,6,5,6,3,4,3,4,4,5,1,0,1,0,1,0,1,0,1,0,1,0,1,0,1,0,1,0,1,0,1,0,1,0,1,0,1,0,1,0,1,0,1,0,1,0,1,0,1,0,1,0,1,0,1,0,4,4,3,3,4,3,3,3,4,3,2,3,3,19,3,3,1,2,0,7,4,3,4,3,3,3,3,3,4,3,2,3,2,3,3,3,4,3,3,2,3,2,3,3,3,2,3,3,2,4,4,4,4,4,2,2,2,2,2,2,2,2,2,2,3,3,3,3,2,6,7,5,6,5,7,7,8,7,2,39,4,1,1,1,40,3600,2400,0,231501,사회복지사 누군가,사회복지
32100,2,4,3,4,3,3,3,3,2,3,2,4,3,4,4,5,4,5,1,0,3,4,3,4,3,4,3,4,4,5,4,5,4,5,4,5,4,5,4,5,4,5,4,5,4,5,4,4,3,4,4,5,4,5,5,6,4,6,4,5,3,3,3,4,3,5,4,5,5,6,4,5,4,5,4,5,4,5,3,4,4,5,4,5,4,5,4,5,4,3,3,4,3,2,4,4,3,3,2,4,4,3,1,4,2,2,0,7,4,3,4,3,4,3,2,4,3,4,5,4,4,3,3,4,3,3,4,3,3,3,4,3,4,3,3,3,4,3,2,3,3,4,2,2,1,2,2,2,2,2,2,2,1,2,2,2,1,8,7,6,3,7,7,7,3,4,1,40,4,1,1,1,45,4700,3300,0,16301,최신 기계 도입 설비 자동화,기계공학
32101,3,4,4,5,3,5,5,6,3,4,4,5,4,5,5,5,4,5,2,2,4,5,4,6,5,6,5,6,4,5,4,5,2,2,2,2,5,6,5,6,4,5,4,5,4,4,3,5,2,4,5,6,5,6,4,6,4,6,4,6,5,6,4,5,5,6,1,0,1,0,4,5,2,4,4,6,3,5,4,5,1,0,1,0,4,6,4,5,4,5,3,5,5,3,4,3,3,5,5,5,3,17,1,2,1,2,0,6,5,5,4,4,5,5,4,3,4,4,3,4,1,5,4,3,4,4,3,3,4,3,4,4,4,5,4,3,4,4,5,3,4,3,2,2,2,2,2,2,2,2,2,1,3,1,1,3,2,8,1,1,9,1,9,1,9,8,1,52,4,2,5,1,45,0,0,7500,13401,산업보건지도자 산업위생관리사 보건의료관리사 의술 인간,의학
32102,4,5,3,4,4,5,2,4,3,4,4,4,4,3,3,4,4,5,4,4,4,4,2,4,3,5,3,3,3,4,4,3,3,4,4,4,2,4,2,4,4,5,3,4,3,5,3,4,2,3,3,5,4,4,2,4,4,4,4,4,2,3,3,4,4,6,3,5,2,4,4,4,2,5,4,5,4,3,3,4,2,5,4,4,2,4,4,4,3,4,3,4,3,4,3,4,2,3,2,3,4,10,1,1,2,2,0,1,4,3,3,3,4,3,4,3,3,4,3,4,3,2,3,3,4,3,2,3,3,2,3,4,3,3,3,4,3,3,3,3,4,3,2,2,2,2,2,2,2,2,2,1,2,2,2,2,1,5,6,5,6,5,6,5,6,6,1,35,4,1,1,1,40,3500,2200,0,29901,인쇄물 자체,사회학
32103,3,4,4,3,2,2,3,2,4,4,2,2,1,0,3,2,5,3,3,3,1,0,1,0,4,2,3,3,1,0,2,3,3,3,3,3,3,2,1,0,4,5,4,3,5,4,3,2,3,2,4,2,1,0,1,0,3,4,1,0,1,0,1,0,1,0,1,0,1,0,1,0,3,3,1,0,1,0,1,0,1,0,1,0,3,2,2,1,3,5,4,3,2,4,4,2,3,2,4,4,2,15,2,1,1,2,0,2,5,5,5,4,4,5,4,5,4,4,5,4,2,3,3,4,3,5,4,4,3,4,4,3,5,4,2,3,4,4,3,4,5,4,2,2,2,2,2,2,2,2,2,1,3,3,3,3,2,4,7,7,6,8,5,4,6,5,1,37,4,2,5,1,40,0,0,4500,221301,법무사 국민 법률 지식 상승 인터넷 유지됨,법학
32104,3,4,2,3,3,3,5,5,2,2,2,3,2,2,4,4,4,4,1,0,1,0,3,4,3,2,1,0,4,4,4,4,4,5,3,3,1,0,4,2,3,4,1,0,4,4,1,0,1,0,3,5,1,0,1,0,1,0,1,0,1,0,2,2,1,0,1,0,1,0,1,0,1,0,1,0,1,0,1,0,3,3,3,3,2,2,3,3,5,2,5,2,3,2,2,5,3,4,4,3,3,7,1,2,2,2,0,6,4,4,3,3,2,4,3,4,4,3,4,4,2,4,5,4,5,2,3,4,2,2,3,4,5,2,4,3,4,5,4,4,5,3,2,2,2,2,2,2,2,2,2,1,3,3,2,3,1,6,5,5,4,3,1,6,5,6,1,44,2,1,1,1,40,3600,2400,0,612401,영업 업무 사람 일이,전자
32105,2,2,2,2,1,0,2,2,2,2,2,2,1,0,3,3,2,2,2,2,1,0,2,2,3,3,2,3,3,4,3,3,1,0,1,0,2,2,4,5,2,2,2,2,3,4,4,5,3,4,2,3,2,2,1,0,2,2,1,0,2,2,1,0,1,0,3,4,2,2,3,3,1,0,2,2,2,2,2,2,3,3,2,2,3,3,2,2,1,4,1,2,2,3,1,3,3,2,2,1,3,18,1,1,2,2,0,7,2,2,1,1,4,2,2,3,9,9,3,3,4,1,1,4,3,3,4,2,3,4,3,4,3,2,2,3,4,4,4,2,3,3,2,2,2,2,2,2,2,2,2,1,3,2,2,2,2,8,8,3,5,8,3,8,3,6,1,42,4,2,5,1,60,0,0,7000,524001,운동 여가 사람,체육학
32106,4,5,4,5,4,5,4,5,4,5,4,5,4,5,4,5,4,6,2,2,3,3,4,6,4,5,4,6,4,5,4,5,4,5,4,5,4,5,4,5,4,5,4,6,4,5,2,2,2,3,2,3,2,3,2,2,1,0,1,0,3,4,2,3,2,3,2,2,2,2,1,0,3,3,2,2,2,2,2,3,2,3,2,2,4,5,4,4,4,4,4,3,4,4,4,4,4,3,4,4,3,17,1,2,1,2,0,7,5,4,4,3,4,4,4,4,4,3,3,3,3,3,3,3,4,4,3,3,3,3,3,2,3,4,4,3,3,4,3,3,3,3,2,2,2,2,2,2,2,2,2,2,2,2,2,2,2,3,2,3,3,3,3,3,4,3,2,34,4,1,1,1,40,3500,2800,0,306903,놀이치료상담사 자동화 시스템 자가 진단 발달,사회복지학
32107,3,2,4,3,2,2,2,3,2,3,3,2,1,0,4,2,3,3,5,3,4,4,2,3,3,3,4,3,1,0,2,2,4,2,1,0,4,2,1,0,3,3,2,3,4,2,3,3,1,0,4,2,5,4,4,4,3,3,5,5,2,2,2,2,1,0,4,3,4,3,3,3,3,2,3,1,4,2,2,1,2,3,2,2,2,2,3,2,4,3,5,4,4,2,4,2,4,3,4,5,4,4,1,3,1,2,0,3,4,4,5,5,4,5,5,3,3,4,5,3,4,3,2,2,4,5,3,3,4,3,5,3,4,5,4,4,3,5,4,2,4,4,2,2,2,2,2,2,2,2,2,2,4,3,3,3,2,7,4,5,3,4,5,3,8,9,1,35,4,1,1,1,40,3600,3100,0,158402,위험물기능사 산업기사 산업 안전 대한 관심,화학공학
32108,4,5,4,6,4,6,4,6,3,4,4,6,5,6,3,4,4,5,2,2,3,4,4,5,3,4,4,6,4,5,2,3,4,5,4,5,4,6,4,6,5,6,4,5,3,4,2,2,4,6,4,5,3,4,3,4,2,3,3,4,4,5,4,5,4,5,3,4,2,2,2,2,2,3,4,5,3,4,3,4,3,4,2,2,4,5,4,5,4,3,4,3,4,4,4,4,4,3,4,2,3,17,2,6,1,2,0,4,4,4,4,4,4,4,4,4,3,4,4,4,2,4,4,4,4,5,4,4,3,4,4,4,4,5,4,4,5,4,4,4,4,5,2,2,2,2,2,2,2,2,2,2,3,3,3,3,2,6,4,3,6,5,4,3,8,5,1,40,4,1,1,1,40,3500,2000,0,155501,산업위생관리기사,보건관리학
32109,2,3,2,4,2,3,3,5,1,0,3,5,1,0,4,4,3,4,1,0,2,4,3,5,5,5,2,3,3,5,1,0,2,3,3,4,3,4,1,0,2,3,1,0,2,3,1,0,3,4,2,3,1,0,1,0,1,0,1,0,3,3,1,0,1,0,1,0,1,0,1,0,2,4,1,0,1,0,1,0,1,0,1,0,3,4,1,0,3,5,1,4,5,4,3,1,5,3,4,5,3,17,3,2,1,2,0,6,7,5,5,5,5,4,5,5,4,3,4,4,1,5,3,3,3,3,3,2,4,5,3,5,5,5,5,5,4,5,4,3,5,4,2,2,2,2,2,2,2,2,2,2,2,2,2,2,1,6,7,4,3,2,3,7,6,5,1,35,3,1,1,1,45,7000,4500,0,301109,전문의 자격증 인구 감소,방사선
32110,2,2,3,4,1,0,3,4,1,0,1,0,1,0,1,0,3,3,1,0,1,0,2,2,3,4,1,0,4,4,4,4,4,5,1,0,3,4,4,5,4,4,3,3,2,3,1,0,1,0,1,0,1,0,1,0,1,0,1,0,1,0,1,0,1,0,1,0,1,0,1,0,1,0,1,0,1,0,3,3,3,4,4,5,4,4,3,4,3,3,2,3,3,1,2,2,1,1,3,4,3,19,4,2,2,2,0,1,1,3,3,3,3,2,2,3,9,9,9,3,4,2,3,2,3,4,3,3,4,4,3,5,2,3,3,4,4,5,2,2,4,4,2,2,2,2,2,2,2,2,2,1,2,3,1,3,2,7,6,5,4,6,7,7,5,5,2,56,2,1,4,2,36,1500,1100,0,550201,저출산 신생아 감소,상고
32111,3,5,3,5,2,4,4,5,3,5,3,3,2,2,2,2,4,5,2,3,3,5,2,2,3,4,4,4,5,5,5,4,4,6,4,6,4,4,4,6,4,5,4,5,4,6,2,2,2,3,3,4,2,3,1,0,2,2,1,0,2,3,1,0,2,3,1,0,2,3,3,4,1,0,1,0,2,2,1,0,1,0,1,0,2,3,2,2,4,4,5,3,3,3,2,4,3,4,3,4,4,7,1,2,2,2,0,1,5,3,2,1,2,3,2,2,3,3,3,3,4,2,3,4,3,3,4,3,4,2,4,5,3,3,3,4,4,5,4,3,5,4,2,2,2,2,2,2,2,2,2,2,3,3,2,2,1,9,8,3,2,2,3,7,4,5,1,42,4,1,1,1,40,4300,2800,0,612301,자동차 수요,회계학
32112,1,0,1,0,1,0,1,0,1,0,1,0,2,2,2,2,2,3,3,4,2,3,2,2,1,0,2,3,2,2,1,0,1,0,1,0,2,3,1,0,1,0,3,4,2,2,3,4,3,4,2,3,3,4,3,4,4,5,3,4,2,3,3,4,2,3,3,4,4,5,4,5,3,4,4,6,4,5,3,4,5,7,5,7,3,4,3,4,4,3,4,3,3,2,3,4,3,3,3,3,4,1,1,1,2,2,0,3,2,3,3,3,5,5,3,3,9,9,9,3,2,4,4,3,2,3,2,3,4,4,3,5,4,4,4,5,5,5,4,4,5,3,2,2,2,2,2,2,2,2,2,2,3,2,2,2,1,8,8,7,2,8,8,2,2,1,1,42,2,2,5,1,40,0,0,4500,902101,변동 직종,농업
32113,4,5,4,3,4,4,4,5,4,4,3,4,4,4,4,4,4,4,3,4,3,3,4,4,4,3,4,5,4,4,4,3,4,4,4,4,4,4,4,4,4,4,4,4,4,4,4,4,4,3,4,4,2,2,3,2,2,2,2,2,4,3,4,2,2,2,2,2,2,2,2,2,3,4,1,0,2,2,3,3,2,1,2,2,4,3,4,3,4,3,4,2,4,4,4,3,3,3,4,4,3,18,1,2,2,2,0,2,5,3,3,3,3,3,3,3,3,3,4,3,4,2,2,2,3,2,2,4,2,4,4,4,4,3,3,4,4,4,4,4,4,4,2,2,2,2,2,2,2,2,2,2,2,2,2,2,1,7,3,5,7,3,5,7,3,4,2,39,4,1,1,1,40,4200,2000,0,521101,인구 감소,국제관광
32114,4,6,4,6,4,6,4,5,4,6,4,6,4,6,4,6,4,6,4,5,4,5,4,6,4,5,4,6,4,6,4,5,4,6,4,6,4,5,4,6,5,6,4,6,4,5,4,6,4,6,5,6,4,4,3,5,4,5,4,5,4,5,3,4,3,3,3,4,3,3,3,3,2,3,3,3,3,3,3,4,3,3,3,4,3,3,3,3,3,4,5,5,4,4,4,3,4,4,3,4,4,11,4,1,1,1,5,2,5,4,3,3,4,3,3,4,4,5,4,4,4,2,2,4,3,3,3,3,3,3,4,4,3,4,4,3,3,3,3,4,4,3,2,2,2,2,2,2,2,2,2,2,2,2,2,2,1,8,7,6,7,7,8,8,7,7,1,41,4,2,6,1,40,0,0,8500,31501,손해사정사 보험계리사 보험중개사 금융감독원 실무수습 일자리 축소,금융보험
32115,4,6,4,6,4,6,4,6,4,6,5,6,4,6,4,6,4,6,4,6,4,6,4,6,4,6,4,6,4,6,4,6,4,6,4,6,4,5,4,6,4,6,4,6,4,6,4,6,4,6,4,6,4,6,4,6,4,6,4,6,4,6,4,6,4,6,4,6,4,6,4,6,4,6,4,6,4,6,4,6,4,6,4,6,4,6,4,6,4,4,5,4,4,4,4,4,5,4,4,4,4,15,2,2,1,2,0,5,5,4,3,4,4,4,3,4,5,5,4,3,4,3,3,3,4,2,3,3,4,3,4,4,3,4,3,3,2,3,4,3,3,3,2,2,2,2,2,2,2,2,2,1,4,3,3,3,2,5,7,6,6,5,7,7,6,7,2,35,4,1,1,1,40,3500,2900,0,231301,2급청소년지도사 청소년 시설 증가,사회복지
32116,2,2,1,0,1,0,1,0,2,2,1,0,1,0,1,0,1,0,3,4,3,4,3,4,3,4,3,4,3,4,4,5,3,4,3,4,4,4,4,5,4,5,3,4,3,4,3,4,3,3,1,0,3,4,3,4,2,3,3,4,3,3,3,3,2,3,3,4,3,3,3,4,3,4,3,4,3,4,3,4,3,4,3,4,1,0,1,0,4,4,4,4,4,3,4,3,3,3,3,3,3,18,1,4,2,1,5,5,4,4,4,4,4,4,4,3,4,3,3,3,2,4,4,3,4,3,3,4,3,4,4,3,3,3,3,3,3,3,3,3,3,4,2,2,2,2,2,2,2,2,2,3,3,3,3,3,2,4,7,6,6,6,5,3,7,6,1,28,3,1,3,2,45,2500,2000,0,136002,기계작동 훈련 계속 방송,전자과
32117,2,3,3,5,3,5,4,5,3,3,4,5,3,4,3,4,3,5,3,4,3,5,3,5,4,5,4,5,4,5,4,5,4,5,4,5,4,5,4,5,4,6,4,5,4,5,4,6,4,6,4,5,3,5,3,4,3,4,3,3,3,4,3,4,4,5,4,4,3,4,4,4,4,4,4,4,3,4,3,4,3,3,2,3,3,5,3,5,4,3,4,2,3,4,3,2,3,2,3,3,4,8,1,2,2,2,0,2,4,3,3,3,3,4,3,3,3,4,4,3,3,3,2,3,2,3,3,2,3,4,4,4,2,3,3,3,5,5,2,3,5,4,2,2,2,2,2,2,2,2,2,2,2,2,2,3,2,7,5,4,4,3,4,4,6,6,1,40,3,1,1,1,52,3900,1700,0,28201,침체,정보통신학
32118,4,4,5,4,3,4,4,4,2,3,4,4,4,4,4,5,4,5,2,3,2,2,3,4,2,2,3,3,2,3,3,3,2,2,1,0,4,4,5,4,4,4,4,4,4,3,3,3,5,5,5,6,5,5,5,5,5,5,5,5,4,5,5,5,4,5,5,6,5,6,5,6,5,6,4,5,4,4,4,5,2,2,2,2,4,4,4,5,3,4,3,3,3,4,3,4,3,4,4,4,3,10,1,2,1,2,0,6,4,4,3,3,4,4,3,3,4,3,4,4,4,3,3,3,4,3,2,4,4,3,3,4,3,4,3,4,4,4,5,4,4,3,2,2,2,2,2,2,2,2,2,1,4,3,3,3,1,8,9,1,2,1,8,1,2,8,1,42,3,1,1,1,42,3800,2300,0,131203,정보통신기사 통신망 갈수록 복잡,정보통신
32119,4,5,4,5,3,5,3,4,3,4,3,4,3,4,3,4,3,4,4,5,3,4,4,5,4,5,3,5,3,4,4,5,3,4,1,0,4,5,2,3,3,4,4,5,3,4,1,0,4,5,3,4,3,4,4,5,3,4,2,3,2,3,1,0,3,4,4,5,1,0,1,0,4,5,4,4,4,5,4,5,4,5,4,5,4,5,4,4,4,4,3,3,3,2,4,4,3,3,2,3,2,17,1,2,1,1,3,3,4,3,3,3,4,4,3,3,3,3,3,3,2,3,3,3,3,2,3,4,4,3,2,5,3,3,4,4,3,4,3,3,4,4,2,2,2,2,2,2,2,2,2,2,4,3,3,3,1,7,7,7,3,3,3,3,3,3,2,31,4,1,1,1,48,2800,2400,0,306502,작업치료사 작업치료 실무교육 인구 고령화,작업치료
32120,4,5,5,6,2,5,5,6,1,0,4,4,1,0,5,4,5,4,4,4,4,5,4,4,5,5,5,5,1,0,1,0,4,5,3,5,1,0,4,5,4,5,4,5,2,4,1,0,1,0,3,5,1,0,1,0,1,0,1,0,1,0,1,0,4,5,2,3,2,2,2,2,1,0,1,0,1,0,4,4,1,0,1,0,4,4,4,5,5,4,4,4,3,5,5,4,2,2,4,4,4,15,2,3,1,2,0,5,5,5,2,2,4,3,3,5,2,3,3,4,2,4,3,5,4,1,2,1,3,4,4,3,3,3,3,3,3,3,3,3,3,3,2,2,2,2,2,2,2,2,2,4,3,3,3,3,2,6,3,3,2,2,2,5,5,5,1,37,4,1,1,1,42,5500,4000,0,621402,5급 이상 항해사 면허 해양 안전 관심,항해학
32121,3,3,3,2,2,2,2,1,2,2,3,4,2,2,3,4,3,3,2,3,3,3,2,3,2,2,3,4,2,1,2,3,2,2,2,1,2,3,2,3,4,5,3,4,2,2,2,1,2,2,2,2,4,4,3,5,4,4,4,5,3,4,4,5,4,4,3,4,4,5,5,4,4,4,4,4,3,4,3,3,3,3,2,2,3,3,3,5,3,3,3,2,3,2,3,3,2,2,3,3,2,4,1,2,2,2,0,2,2,2,2,2,3,3,2,4,4,4,4,4,4,2,2,4,4,3,4,2,4,3,2,4,4,3,4,4,3,4,4,3,5,5,2,2,2,2,2,2,2,2,2,1,3,3,3,3,2,8,6,7,2,2,7,6,7,3,1,45,4,1,1,1,40,4200,2700,0,833001,에너지,전기
32122,2,3,4,4,2,2,2,2,3,3,2,2,1,0,4,4,4,4,2,3,3,3,2,3,3,4,2,3,2,3,2,3,1,0,1,0,3,3,2,3,2,3,3,3,3,3,1,0,1,0,2,2,1,0,1,0,3,3,1,0,1,0,2,2,2,3,4,4,3,4,3,4,1,0,3,4,4,4,3,3,4,4,3,4,3,4,3,4,4,3,1,3,3,2,3,2,3,2,3,3,3,3,1,5,2,2,0,3,2,3,3,3,3,3,3,3,2,4,4,3,3,2,3,3,3,2,2,4,3,4,4,5,4,3,4,3,5,4,4,4,4,3,2,2,2,2,2,2,2,2,2,2,2,3,3,3,2,7,9,7,8,6,3,8,3,2,1,50,2,1,1,1,40,5800,2500,0,851201,생산 설비 공정 자동화,공고
32123,2,3,3,3,3,4,2,4,3,4,4,5,3,4,4,5,3,4,3,5,3,5,3,5,4,5,4,5,4,5,3,4,2,3,2,3,2,2,5,6,4,5,3,4,1,0,1,0,1,0,1,0,4,5,4,6,4,5,4,5,3,4,5,6,4,5,4,6,4,4,3,5,3,5,4,5,4,5,3,4,2,3,2,3,2,3,2,2,4,5,3,3,5,2,4,4,3,3,4,4,4,17,1,3,1,2,0,1,4,4,3,3,5,4,4,3,3,2,4,4,3,4,4,4,4,3,4,2,3,3,3,4,4,3,4,4,3,4,3,4,4,3,2,2,2,2,2,2,2,2,2,2,4,3,3,3,2,4,4,3,5,5,5,4,3,5,1,38,4,1,1,1,40,3500,3000,0,306701,의지보조기기사 의료 기술 발달 수요 증가,의료공학
32124,4,6,4,5,4,5,4,5,4,5,4,5,4,5,4,5,4,5,4,5,4,5,3,3,4,5,4,6,4,5,4,5,5,5,4,5,4,5,4,5,5,6,4,5,4,5,4,5,2,2,3,3,2,3,3,4,4,5,3,3,4,5,4,5,3,4,3,4,3,4,3,3,3,4,4,5,3,3,4,5,2,3,1,0,4,5,5,6,5,4,4,4,4,2,3,4,3,4,4,4,3,3,1,2,2,2,0,6,4,4,4,3,3,4,3,4,3,4,4,4,4,3,3,4,3,4,4,4,3,4,4,5,4,4,3,4,4,4,5,3,5,3,2,2,2,2,2,2,2,2,2,1,3,2,2,2,2,2,2,2,9,1,2,1,2,9,1,41,4,1,1,1,52,4500,3000,0,612201,지금,무역학
32125,4,5,4,5,4,6,4,5,4,6,4,6,4,5,4,5,4,5,4,5,4,5,4,6,4,5,4,5,4,6,4,6,4,6,4,5,4,5,4,5,4,5,4,5,4,5,4,5,4,5,4,5,4,5,4,5,4,5,4,6,4,5,4,5,4,5,4,5,4,5,4,5,4,5,4,5,4,5,4,5,4,5,4,5,4,5,4,5,4,4,4,3,4,4,4,4,4,3,4,4,4,13,1,4,1,1,4,5,6,4,3,3,4,4,3,4,5,5,4,5,2,3,3,4,3,4,3,4,4,4,4,4,3,4,4,3,4,4,4,4,4,3,2,2,2,2,2,2,2,2,2,2,2,3,3,3,1,8,7,6,7,7,7,7,7,7,2,38,4,1,1,1,45,4800,4600,0,154105,화공기사 직무교육 기계 개발,화학
32126,3,3,3,4,2,3,3,3,3,3,2,2,2,2,2,2,4,3,2,2,1,0,2,2,2,2,2,2,3,2,3,2,3,3,3,2,2,2,3,2,2,2,3,3,2,2,2,2,2,2,3,3,2,2,2,2,3,3,4,4,1,0,2,2,3,3,3,3,4,4,4,4,2,3,4,3,3,3,2,2,4,4,2,2,4,2,3,3,3,4,4,4,4,2,4,2,3,2,4,4,3,19,1,1,2,2,0,3,2,4,2,2,4,3,2,4,3,4,4,4,2,4,4,2,3,3,3,4,2,3,4,4,3,3,4,3,2,3,4,3,3,5,2,2,2,2,2,2,2,2,2,1,3,2,2,2,2,3,2,5,3,6,5,7,4,6,1,62,1,1,3,2,45,4500,3700,0,703101,크게 차이,0
32127,3,4,3,4,3,4,3,4,3,4,4,5,3,4,4,5,4,5,3,4,3,4,4,5,4,5,4,5,4,5,4,5,4,5,4,6,4,5,4,5,4,5,4,5,4,5,2,3,3,4,4,5,4,5,4,5,3,4,3,4,3,4,4,5,4,5,4,5,4,5,4,5,3,4,3,4,3,4,3,4,3,4,3,4,3,4,3,4,3,4,3,4,3,2,3,3,3,3,4,3,3,6,1,2,1,2,0,7,5,4,4,4,4,4,2,4,4,5,5,4,2,3,3,4,4,4,5,2,3,2,4,4,4,4,3,3,4,4,4,4,4,4,2,2,2,2,2,2,2,2,2,2,3,3,3,3,2,8,2,7,2,2,7,2,8,8,1,48,4,1,1,1,40,6500,2400,0,140701,건설재료시험 인기 직종,토목공학
32128,4,5,4,4,4,5,4,5,4,5,4,5,4,5,4,4,4,4,4,5,4,5,3,5,4,5,4,5,4,5,4,5,3,5,3,4,4,4,4,4,4,4,4,5,4,5,3,5,4,5,4,4,3,4,4,5,4,5,3,4,4,5,4,4,3,4,4,5,4,5,4,4,4,5,3,5,4,4,4,5,4,5,3,4,4,5,3,5,5,4,4,3,4,4,4,3,4,4,3,4,4,10,1,4,1,2,0,7,4,3,4,3,4,4,3,4,3,4,4,4,4,3,4,4,3,4,4,4,3,3,3,3,4,4,4,3,3,4,4,3,3,4,2,2,2,2,2,2,2,2,2,1,2,2,2,2,2,5,6,6,5,6,6,7,6,7,1,33,4,1,1,1,40,3500,2600,0,134102,빅테이터분석기사 기술 개발,통계학
32129,3,5,4,4,2,4,3,4,3,4,4,5,3,3,3,3,3,3,3,4,4,4,3,3,3,3,3,3,4,5,4,5,4,5,4,5,2,4,3,4,3,3,4,5,4,4,4,4,2,3,2,3,2,3,3,4,4,4,3,3,3,4,3,3,3,3,4,5,3,4,3,4,3,3,3,3,3,3,3,3,3,5,2,3,2,2,2,2,4,5,3,3,4,3,4,3,2,2,4,4,2,15,2,6,2,2,0,2,2,4,4,4,4,3,3,2,2,3,3,3,3,4,3,5,3,1,3,2,3,3,3,4,3,3,3,3,3,3,3,2,2,3,2,2,2,2,2,2,2,2,2,2,2,1,2,2,2,5,4,4,5,5,5,6,6,5,1,41,3,1,1,1,57,5000,3000,0,25401,대체,전산
32130,2,2,2,2,1,0,1,0,2,2,1,0,1,0,1,0,2,2,5,6,1,0,1,0,3,4,1,0,1,0,1,0,1,0,1,0,1,0,5,6,1,0,1,0,3,3,2,2,1,0,1,0,1,0,1,0,1,0,1,0,1,0,1,0,1,0,1,0,1,0,1,0,1,0,1,0,1,0,3,3,3,4,3,3,2,2,2,2,2,3,2,3,3,3,3,2,3,2,3,3,2,9,1,1,1,2,0,7,2,4,2,2,4,3,2,4,9,4,4,4,3,2,2,4,5,4,4,3,4,4,2,5,4,4,5,4,4,4,4,5,4,4,2,2,2,2,2,2,2,2,2,1,4,1,1,1,2,4,5,4,6,5,5,3,4,4,1,45,2,1,3,2,55,3900,3000,0,532401,오토바이 배달 증가,건축
32131,5,7,5,7,5,7,4,6,5,7,4,5,4,6,4,6,4,5,4,5,4,5,4,5,3,5,3,5,3,5,3,5,3,4,3,4,3,5,4,5,3,5,2,2,1,0,1,0,1,0,1,0,1,0,2,2,2,3,2,3,1,0,1,0,1,0,1,0,1,0,1,0,3,4,1,0,1,0,1,0,1,0,1,0,1,0,1,0,4,4,4,3,4,4,4,4,4,5,4,4,4,13,2,5,2,2,0,6,7,4,4,4,5,4,4,4,4,4,4,4,2,2,4,4,3,3,3,2,2,3,4,3,4,4,3,3,2,3,3,3,3,4,2,2,2,2,2,2,2,2,2,2,3,3,3,3,1,4,4,3,3,4,4,3,3,4,2,31,5,1,1,1,50,4000,3000,0,121102,상태 유지,화학
32132,2,3,4,3,3,4,3,4,1,0,1,0,3,5,3,3,3,2,2,2,1,0,2,3,2,2,2,5,5,5,3,4,2,4,2,2,5,4,5,5,3,3,2,3,2,2,3,4,1,0,3,5,1,0,1,0,2,1,1,0,2,2,1,0,2,2,2,1,1,0,1,0,3,3,2,2,1,0,3,2,2,2,2,2,3,3,3,5,3,4,1,4,3,1,5,2,2,3,4,1,3,16,5,2,1,1,4,5,4,4,4,4,4,4,4,4,4,4,4,4,3,4,4,3,3,4,3,3,3,4,3,3,4,4,3,3,4,3,4,3,3,4,2,2,2,2,2,2,2,2,2,1,3,2,2,2,1,6,5,4,5,5,4,6,5,6,2,42,3,1,3,1,40,4000,3500,0,13201,유치원 정교사 자격증 교육 관련 훈련 필요 유치원 학생 감소 유치원 수가 변화,유아교육학
32133,3,1,2,2,2,2,2,3,2,2,1,0,1,0,2,3,2,2,3,3,3,2,1,0,2,2,1,0,2,2,3,2,3,2,2,2,3,2,2,2,2,2,2,2,4,3,1,0,2,2,1,0,2,2,2,2,5,5,5,5,2,2,5,4,5,5,5,5,5,5,5,6,1,0,4,4,5,4,4,4,4,5,5,4,2,2,3,3,4,4,2,2,3,1,4,3,2,3,3,4,2,3,1,5,2,2,0,3,2,2,2,2,3,3,2,2,1,2,3,2,4,3,3,4,3,3,2,5,5,5,2,4,2,3,2,3,3,4,3,2,4,4,2,2,2,2,2,2,2,2,2,2,2,3,3,3,2,8,7,9,3,2,5,2,3,6,1,38,3,1,1,1,40,3800,2500,0,852101,생산 설비 공장 전시 해외,기계공학
32134,2,4,3,5,2,3,3,4,3,4,2,3,3,3,3,4,4,5,3,4,3,5,3,4,3,5,2,4,3,4,3,4,3,4,4,5,3,5,3,5,3,5,3,4,3,5,3,4,3,4,3,5,3,5,2,4,3,4,3,4,2,4,3,4,3,5,3,5,3,4,3,4,4,4,3,4,3,4,3,4,3,5,3,5,4,5,4,5,4,3,3,4,3,3,3,4,3,4,3,3,1,3,1,3,2,1,6,5,3,4,4,4,4,4,4,3,3,3,4,4,2,3,3,4,3,3,3,4,3,3,4,4,3,4,4,3,3,4,4,3,4,3,2,2,2,2,2,2,2,2,2,2,2,2,2,2,2,6,6,5,6,5,5,6,5,5,1,33,2,1,1,1,45,2500,2100,0,862201,재단업 경기 불황,이과
32135,2,2,3,4,4,5,3,4,1,0,3,4,1,0,4,4,2,3,4,5,3,4,3,4,4,6,5,6,3,4,4,4,2,3,3,4,4,5,3,4,4,5,3,4,4,5,1,0,1,0,3,4,1,0,1,0,1,0,1,0,1,0,1,0,2,2,3,4,3,4,2,2,3,4,1,0,3,4,3,4,4,5,4,6,3,4,4,5,3,2,3,4,4,2,4,2,3,2,3,5,3,15,2,5,1,1,2,6,5,3,4,3,3,4,4,4,4,5,4,4,3,2,3,3,4,3,2,3,3,4,4,4,4,3,3,4,3,4,4,2,3,3,2,2,2,2,2,2,2,2,2,1,3,3,3,3,2,3,3,1,3,3,2,8,8,1,1,44,4,1,1,1,40,5200,2200,0,250201,응급구조사1급 의료기사 군인화 해군화 간부화 훈련 인력 유지,경제학
32136,2,2,3,3,3,3,3,3,2,2,3,3,3,3,3,3,4,4,3,3,2,2,3,3,3,3,2,2,3,4,3,3,3,3,2,2,2,2,3,3,3,3,2,2,3,3,3,3,3,3,2,2,3,3,2,2,3,3,2,2,2,2,3,3,3,3,2,2,3,3,3,4,2,2,4,4,3,3,2,2,3,3,3,3,2,2,3,3,3,2,3,3,4,3,4,3,4,3,3,4,4,3,1,6,2,2,0,3,3,4,3,3,4,4,4,3,4,4,4,4,2,3,3,3,4,3,3,3,3,3,4,4,3,4,4,4,3,3,4,4,4,4,2,2,2,2,2,2,2,2,2,1,2,3,3,3,2,3,4,6,5,4,5,2,6,5,1,29,4,1,1,1,40,3300,3000,0,817101,자동화,컴퓨터공학
32137,2,3,4,6,2,3,4,5,1,0,3,4,1,0,4,5,4,5,5,6,4,6,4,5,5,6,2,3,5,7,5,6,3,4,4,6,4,5,5,7,5,7,4,5,4,6,2,3,3,4,5,7,3,4,1,0,3,4,1,0,3,4,4,6,4,6,4,5,1,0,1,0,3,4,5,6,5,6,4,6,4,6,5,7,4,5,4,6,4,4,3,4,3,4,2,5,2,3,4,4,3,19,1,3,1,2,0,7,5,4,3,2,2,4,3,3,4,3,4,4,2,3,3,2,2,3,4,4,5,5,3,4,4,5,2,4,4,5,3,2,4,3,2,2,2,2,2,2,2,2,2,2,2,2,2,2,1,9,7,5,6,4,5,6,8,8,2,28,3,1,1,1,40,3200,2800,0,541101,경비지도사 응급처치 강사 운전면허 무인 경비 시스템 확대 일자리,미용학
32138,4,5,3,4,1,0,4,5,4,4,3,4,3,4,3,4,4,4,3,4,3,3,3,4,4,5,4,5,4,6,3,3,3,4,3,4,3,3,4,5,4,5,3,4,3,4,2,2,1,0,1,0,3,4,1,0,1,0,1,0,2,3,2,2,3,4,3,3,1,0,1,0,3,4,4,5,4,5,3,4,2,2,2,2,3,4,4,6,4,3,3,4,5,3,3,4,4,4,5,4,3,7,3,2,1,2,0,2,4,4,3,4,5,4,4,3,2,3,3,3,3,4,3,4,3,4,3,2,4,2,2,4,3,4,4,4,5,5,4,4,4,4,2,2,2,2,2,2,2,2,2,2,2,2,2,3,2,8,7,7,6,7,7,3,2,7,1,48,4,1,1,1,40,4500,2600,0,612501,경매사 인터넷 거래 증가 영향,무역학
32139,4,5,4,5,4,4,4,5,2,3,2,2,2,2,2,2,4,4,4,5,2,3,2,3,4,5,2,2,2,2,4,5,2,2,4,5,1,0,3,4,1,0,4,5,4,5,1,0,1,0,1,0,1,0,1,0,1,0,1,0,1,0,1,0,1,0,1,0,1,0,1,0,1,0,1,0,1,0,1,0,1,0,1,0,3,4,2,3,4,4,4,5,4,4,4,4,4,3,5,4,4,19,1,2,1,2,0,2,2,4,3,3,4,4,4,4,5,5,4,4,4,4,3,3,4,4,3,4,3,3,4,4,4,3,3,5,4,4,4,4,4,4,2,2,2,1,1,2,2,2,2,3,3,3,3,3,2,7,3,8,5,5,6,7,3,7,2,54,2,1,1,1,50,3500,2700,0,512301,장례지도사 상조 회사 증가 경쟁력 위해 서비스 강화 고객 유치 장례 문화 당분간 변화,인문계
32140,3,3,3,3,3,5,3,3,2,3,4,6,2,3,4,5,3,4,3,5,3,3,3,4,3,4,3,4,2,3,3,3,3,4,2,3,2,3,2,3,2,3,3,4,2,3,2,2,2,2,2,2,2,2,2,2,4,6,2,2,2,2,2,2,2,2,2,2,2,2,2,2,2,3,4,6,2,3,2,2,2,2,2,2,4,5,2,2,4,4,4,4,4,3,4,2,3,4,3,3,3,15,2,2,1,2,0,2,5,5,3,3,4,4,4,2,3,4,4,4,2,4,3,3,3,2,3,2,2,4,4,4,3,4,3,4,3,4,3,3,4,2,2,2,2,2,2,2,2,2,2,1,3,2,2,3,1,6,3,4,6,5,3,7,3,5,1,32,4,1,1,1,40,3300,2500,0,413102,문화재수리기능원 민속 박물관,문화재보존학
32141,4,5,1,0,2,3,1,0,4,5,3,3,1,0,2,4,1,0,3,4,3,4,1,0,1,0,1,0,1,0,1,0,1,0,1,0,2,3,1,0,4,6,1,0,2,2,1,0,1,0,1,0,1,0,1,0,1,0,1,0,4,5,1,0,2,3,1,0,1,0,1,0,1,0,2,3,3,3,1,0,1,0,1,0,4,5,1,0,3,2,2,3,4,3,3,3,3,4,3,4,3,13,2,4,1,2,0,7,6,4,3,3,3,3,3,3,3,3,3,3,2,4,4,3,3,3,2,3,4,3,4,4,3,3,3,4,3,4,3,3,3,4,2,2,2,2,2,2,2,2,2,1,3,3,3,3,1,4,7,3,7,4,2,4,3,4,1,47,6,1,1,1,40,4400,3500,0,121106,기상예보기술사 기상기사 현재 차이,천문학
32142,4,4,4,4,1,0,2,4,5,7,4,4,1,0,2,3,4,4,3,3,2,4,2,4,1,0,2,2,1,0,4,3,1,0,1,0,4,4,1,0,2,3,4,4,1,0,1,0,3,3,1,0,4,5,2,2,1,0,3,5,4,6,1,0,2,4,1,0,2,2,3,5,1,0,2,3,1,0,4,2,1,0,1,0,3,3,2,2,4,3,5,4,4,3,4,5,3,3,4,4,3,13,1,3,2,2,0,3,6,4,3,5,5,5,4,5,3,3,4,3,1,4,4,3,5,4,4,2,3,4,5,4,3,5,5,4,3,3,4,3,2,5,2,2,2,2,2,2,2,2,2,2,4,3,3,3,2,4,7,4,5,3,7,5,8,7,1,35,5,1,1,1,40,4200,3800,0,121103,산업 혁명 산업 발달 증가 예정,수학
32143,2,2,2,3,2,1,3,4,3,4,2,2,1,0,2,2,2,3,1,0,1,0,2,3,2,3,3,4,3,4,3,3,2,1,1,0,2,2,3,3,3,4,3,3,3,3,3,4,3,4,3,3,2,2,1,0,1,0,1,0,3,3,3,4,3,3,1,0,1,0,1,0,2,3,3,3,3,4,2,3,2,3,2,2,2,2,2,2,3,4,2,3,2,4,1,3,2,3,2,1,2,14,1,2,2,2,0,3,2,2,2,3,4,3,4,2,2,3,3,3,2,3,4,3,2,3,4,3,3,3,3,3,2,3,3,4,3,2,3,3,4,5,2,2,2,2,2,2,2,2,2,3,2,1,2,3,2,7,6,7,6,4,4,5,6,6,2,53,2,1,1,1,48,2300,2300,0,616101,바코드 기계 결합,이과
32144,1,0,1,0,1,0,3,4,1,0,1,0,3,4,1,0,3,4,1,0,1,0,1,0,1,0,1,0,1,0,3,4,1,0,1,0,1,0,3,4,1,0,3,4,3,4,3,4,1,0,1,0,1,0,1,0,1,0,1,0,3,4,3,4,1,0,1,0,1,0,1,0,1,0,1,0,3,4,3,4,3,4,3,4,4,6,4,5,4,4,3,3,3,3,4,3,3,3,3,4,3,19,4,1,1,2,0,1,2,4,3,3,4,4,3,3,9,9,3,3,2,3,3,4,3,3,2,1,4,3,5,4,3,3,3,4,4,5,4,3,3,3,2,2,2,2,2,2,2,2,2,1,3,3,3,3,2,2,3,2,7,8,8,8,2,7,2,56,2,2,6,1,40,0,0,4000,872201,한식조리사 반찬 가구 증가,인문고
32145,4,5,4,5,3,4,5,7,2,3,3,4,2,3,2,3,4,5,4,5,3,4,4,5,3,4,4,5,3,4,4,5,3,4,2,3,4,5,3,4,3,4,2,3,2,3,1,0,1,0,1,0,1,0,1,0,1,0,1,0,2,3,1,0,1,0,1,0,1,0,1,0,1,0,1,0,1,0,1,0,3,4,3,4,4,5,3,4,3,4,4,3,4,3,3,4,3,3,4,3,4,16,5,2,2,2,0,5,2,4,3,3,4,5,3,3,3,3,3,3,3,4,5,2,2,3,2,4,4,5,3,4,5,4,4,4,4,5,4,4,4,4,2,2,2,2,2,2,2,2,2,2,3,2,2,2,1,4,3,2,3,2,3,8,3,1,2,28,3,1,2,2,40,2500,1800,0,521303,안내 방송 활성화 해설 기계화 가능성,광고
32146,4,6,4,5,4,4,3,4,4,5,3,4,4,5,2,3,3,5,3,4,2,2,3,5,4,5,4,5,2,4,3,4,3,5,2,4,4,5,2,4,4,4,3,5,5,5,2,3,2,3,2,3,4,5,3,5,4,5,5,7,3,4,3,3,4,5,4,5,4,5,4,6,2,3,4,6,3,4,4,5,3,5,3,4,4,6,4,6,4,4,3,3,4,2,1,2,3,4,4,3,4,6,1,2,1,1,4,4,4,4,3,3,4,4,3,4,3,4,4,4,3,4,4,3,4,4,3,2,3,2,3,4,4,4,3,4,5,5,4,3,3,4,2,1,1,2,2,2,1,2,2,2,2,2,2,3,1,6,6,4,3,3,4,3,7,7,1,48,3,1,1,1,40,4500,3000,0,833001,건설기사 건축설비기사 건축구조기술사 건설기술인 직무 교육 시스템 도입 업무 프로세스 개선 로봇 인력 대체 일자리 감소,전기공학
32147,5,6,5,7,4,6,5,7,4,5,4,6,4,6,4,6,4,6,3,4,4,5,4,4,2,3,3,3,3,4,3,4,3,4,4,5,4,5,4,6,3,4,4,6,3,4,4,5,2,2,3,4,3,4,1,0,1,0,1,0,3,4,1,0,1,0,1,0,1,0,1,0,1,0,1,0,1,0,1,0,1,0,1,0,1,0,1,0,4,5,4,4,5,5,5,1,4,4,5,5,4,13,1,1,1,2,0,4,5,4,5,3,5,4,4,5,9,9,9,4,1,5,4,4,5,4,4,2,5,1,4,4,4,3,3,4,5,4,4,3,5,4,2,2,2,2,2,2,2,2,2,1,3,2,2,2,2,8,7,6,8,7,7,6,7,7,1,51,4,2,5,1,40,0,0,10000,23101,회계사 상황 유지,경영학
32148,2,3,2,3,2,2,1,0,1,0,3,4,1,0,3,3,2,4,1,0,3,3,3,3,1,0,4,3,3,2,1,0,3,4,1,0,1,0,3,4,4,5,3,3,4,3,1,0,4,4,1,0,3,3,4,4,4,5,4,5,1,0,1,0,4,5,3,4,4,4,4,5,1,0,3,3,1,0,1,0,1,0,1,0,2,3,1,0,4,3,3,3,4,4,3,3,4,4,4,3,4,13,1,4,1,2,0,4,4,3,2,2,4,4,4,3,4,3,3,3,2,3,3,2,3,3,3,4,3,4,2,4,3,3,3,3,3,5,3,3,5,5,1,1,1,2,2,2,2,2,2,1,2,3,3,3,2,8,8,7,5,4,5,5,5,5,1,35,3,1,1,1,45,3950,3200,0,158401,산업안전지도사 기계 장비 프로그램 기술 발달 이용 인공 지능 기계 발달,전기
32149,3,4,4,5,3,4,3,4,3,4,3,4,3,4,4,5,3,4,3,4,3,4,3,4,3,4,4,4,3,4,3,4,3,5,3,4,3,4,3,4,3,4,3,4,3,4,3,4,3,4,3,4,4,4,3,4,3,4,3,4,3,4,3,4,3,4,3,4,3,4,4,5,4,5,4,5,3,4,3,4,3,4,3,4,3,4,4,5,3,3,3,3,3,3,3,4,3,4,3,3,3,3,1,2,2,2,0,5,5,3,3,2,3,3,3,3,3,4,4,3,3,3,3,3,3,4,3,3,5,4,4,4,4,3,3,3,4,4,3,3,4,4,1,1,1,2,2,2,1,1,2,1,3,2,2,2,1,6,6,6,5,5,5,6,6,6,1,40,3,1,3,1,52,4700,2000,0,823301,경기 침체 구조조정 지속,기계공학
32150,3,2,3,2,2,2,5,4,2,2,1,0,1,0,1,0,3,2,3,2,1,0,1,0,2,2,3,1,2,2,1,0,1,0,1,0,3,2,2,5,5,6,5,4,3,6,1,0,2,1,1,0,1,0,1,0,2,2,1,0,2,2,1,0,1,0,2,2,2,2,2,2,1,0,3,4,1,0,4,5,3,5,3,5,3,4,2,3,4,4,2,2,3,2,3,4,2,4,3,3,3,15,2,2,1,1,1,7,2,4,3,3,3,3,3,2,3,2,3,4,2,3,3,4,2,2,3,3,3,3,3,3,4,5,4,4,3,4,4,2,5,3,2,2,2,2,2,2,2,2,2,1,3,3,3,3,2,5,5,6,5,5,5,5,5,5,1,41,4,1,1,1,40,4200,3000,0,307101,응급구조사 보건교육 사회 전반 위험 대비,응급구조학
32151,3,3,3,4,2,1,3,4,2,2,1,0,2,2,3,4,2,2,1,0,2,1,3,3,3,3,4,5,3,4,4,5,3,3,2,2,3,4,4,5,3,4,3,3,2,2,3,4,3,4,3,4,4,5,3,4,2,3,3,4,1,0,2,3,3,4,3,4,3,3,3,4,2,2,2,3,3,4,1,0,2,3,3,4,3,4,2,2,4,4,2,3,4,3,4,4,3,4,4,2,3,18,1,4,2,2,0,2,2,3,4,3,4,4,2,3,2,9,3,3,3,2,3,4,3,2,3,2,3,4,5,4,2,3,3,3,3,4,3,2,3,4,2,2,2,2,2,2,2,2,2,1,3,1,2,3,2,4,3,4,5,4,6,4,4,6,1,50,2,2,5,1,48,0,0,4300,812902,증가,화학
32152,3,4,3,3,1,0,1,0,1,0,1,0,1,0,1,0,1,0,1,0,1,0,1,0,1,0,1,0,1,0,1,0,1,0,1,0,1,0,1,0,3,4,1,0,1,0,1,0,1,0,1,0,1,0,1,0,1,0,1,0,1,0,1,0,3,4,3,4,3,3,3,3,1,0,1,0,1,0,1,0,3,5,3,3,3,3,2,3,2,2,4,2,2,2,3,2,4,3,2,2,3,9,1,2,1,2,0,2,4,3,2,2,3,2,2,2,2,3,4,3,2,3,3,1,3,3,4,3,2,4,3,4,4,4,4,3,3,4,4,3,3,4,2,2,2,2,2,2,2,2,2,1,3,3,3,3,2,4,6,5,3,7,5,5,4,3,1,33,3,1,3,2,48,2600,2200,0,814001,전기기능사 보일러열관리자격증 팽창 사업,전기
32153,3,4,4,5,3,3,3,5,2,3,2,3,1,0,3,4,4,5,1,0,2,3,2,2,2,2,2,2,3,4,2,3,2,4,1,0,2,2,4,5,1,0,2,2,5,4,1,0,1,0,1,0,1,0,1,0,1,0,1,0,2,3,1,0,1,0,1,0,1,0,1,0,1,0,1,0,1,0,1,0,1,0,1,0,2,4,3,4,3,4,2,3,4,4,4,4,3,3,4,3,4,17,1,4,1,1,2,7,4,4,3,3,4,5,4,3,2,3,4,3,3,4,3,4,2,3,4,3,3,2,3,4,3,4,5,4,5,3,4,4,4,3,2,2,2,2,2,2,2,2,2,1,4,3,2,2,2,4,4,5,5,5,5,6,4,4,2,35,4,1,1,1,40,3000,2300,0,29202,의료코디네이터 의료 용어 실제 모의 훈련 고객 중심 병원 탈바꿈 인력 수요 증가 것임,영어영문학
32154,2,2,2,2,1,0,2,2,1,0,2,2,2,3,3,4,5,7,4,5,1,0,1,0,4,5,1,0,1,0,1,0,2,2,1,0,1,0,2,3,4,5,5,7,3,4,1,0,1,0,1,0,3,3,2,3,2,3,3,4,1,0,1,0,1,0,3,3,5,7,5,6,1,0,4,5,5,7,5,6,4,6,3,4,4,6,4,5,4,4,5,4,5,3,4,4,3,4,5,5,4,8,1,2,1,1,5,5,5,4,5,5,5,4,3,4,4,4,5,4,2,5,5,5,5,4,4,4,4,5,3,4,4,5,5,4,4,5,4,4,5,4,2,2,1,2,2,2,2,2,2,2,4,3,3,3,2,1,1,1,3,3,6,1,1,6,1,45,4,1,1,1,48,7400,3000,0,621102,계기비행 자격증 비행훈련 관제영어 훈련 헬기 증가 지자체 기관 헬기 소유 움직임,제어계측공학
32155,5,7,5,7,5,6,5,6,5,6,5,6,5,7,5,7,5,6,4,6,5,6,5,7,5,6,5,6,4,6,5,6,4,6,4,6,4,6,5,6,5,6,5,6,5,7,4,5,3,4,5,6,5,5,2,4,2,4,2,1,4,6,5,7,5,5,5,6,2,1,3,5,4,6,5,5,5,5,5,4,5,4,5,5,5,5,5,5,5,4,2,4,4,2,4,4,3,5,5,5,2,13,1,2,2,2,0,6,6,4,4,4,4,4,3,4,4,4,4,4,2,4,4,4,4,4,4,4,4,3,3,4,4,4,4,4,4,4,4,4,4,4,2,2,2,2,2,2,2,2,2,1,3,3,3,3,1,7,3,3,4,5,3,7,7,7,2,29,5,1,1,1,40,5000,5000,0,154105,일자리 한정,화학
32156,1,0,4,6,1,0,5,6,2,2,3,4,4,5,2,1,4,5,4,1,1,0,1,0,5,6,1,0,4,5,4,6,4,5,3,4,1,0,5,7,1,0,4,5,2,2,2,2,1,0,4,5,1,0,1,0,1,0,1,0,1,0,1,0,1,0,1,0,1,0,1,0,1,0,1,0,1,0,1,0,3,4,3,4,4,5,4,5,3,2,2,4,4,5,4,3,4,3,3,4,3,8,1,3,2,2,0,7,2,4,5,4,4,5,5,5,4,4,5,4,5,4,4,5,4,4,5,4,4,5,4,5,4,4,5,4,4,5,4,4,4,5,2,2,2,2,2,2,2,2,2,3,1,2,2,2,2,7,6,7,6,6,7,6,5,5,2,30,3,1,1,1,40,3000,2500,0,522201,자동화,교통대학교
32157,5,7,5,7,3,4,3,4,2,2,4,6,2,2,3,4,2,2,3,4,2,2,2,2,4,5,3,4,1,0,2,2,3,4,2,2,1,0,2,2,3,4,4,5,3,4,1,0,1,0,2,2,1,0,1,0,1,0,1,0,4,5,1,0,1,0,1,0,1,0,1,0,2,2,1,0,1,0,1,0,3,4,3,4,4,5,3,4,4,4,2,3,2,2,4,4,2,3,2,4,3,13,1,5,1,1,3,2,5,4,4,4,4,4,3,4,9,4,4,4,2,4,4,4,4,4,2,1,4,2,4,3,4,3,3,3,4,4,4,3,3,2,2,2,2,2,2,2,2,2,2,2,4,2,2,3,1,2,8,3,8,2,8,2,8,3,1,45,4,1,1,1,40,6500,4900,0,23401,감정평가사 다양한 보상과 평가를 익히기 위해 직업 특성 인력,부동산학
32158,3,5,4,4,4,5,3,3,4,5,4,4,1,0,4,4,3,5,1,0,4,4,3,3,1,0,5,6,4,4,3,4,3,4,3,5,2,3,1,0,5,5,3,3,5,4,1,0,1,0,2,5,1,0,1,0,1,0,1,0,4,5,1,0,1,0,1,0,1,0,1,0,1,0,1,0,1,0,1,0,1,0,1,0,2,3,2,2,3,2,2,3,3,4,4,3,3,3,3,3,4,8,2,5,2,2,0,3,5,4,3,3,4,4,4,3,3,3,4,3,2,4,3,4,3,4,4,3,4,4,3,4,3,4,4,3,4,4,3,4,4,4,2,2,2,2,2,2,2,2,2,2,3,3,3,3,1,6,6,4,3,4,2,4,5,6,1,42,4,1,1,1,40,5500,3200,0,28202,열차 소프트웨어 개발 인력 감소 일자리 변화,자동차학
32159,4,4,4,5,4,3,3,5,4,5,4,4,5,5,4,4,4,4,4,4,3,3,3,3,4,4,3,3,3,3,4,4,4,4,4,4,3,3,4,4,4,4,4,4,4,4,4,4,3,4,3,4,4,4,4,4,3,4,3,4,5,5,4,4,4,4,5,5,4,4,4,5,4,4,4,4,4,4,3,4,3,4,2,3,4,4,4,4,4,3,4,4,4,4,4,4,3,4,3,3,3,10,1,2,2,2,0,6,4,4,4,3,4,4,4,3,3,4,3,3,3,3,3,4,4,3,3,4,3,3,4,4,4,3,3,4,4,3,3,4,3,4,2,2,2,2,2,2,2,2,2,2,2,3,3,3,1,4,5,4,4,5,5,3,4,3,1,32,2,1,1,1,48,3300,2500,0,420202,컴퓨터,콘텐츠학
32160,3,4,2,3,2,2,2,3,2,3,2,2,2,3,3,3,2,2,1,0,2,2,2,3,2,3,1,0,2,2,2,3,1,0,2,3,3,3,3,3,2,3,2,2,1,0,1,0,1,0,2,2,3,4,2,2,2,2,2,2,1,0,3,3,2,3,2,3,2,3,2,2,2,2,3,4,2,3,3,4,4,6,3,3,3,3,3,4,3,3,2,3,3,2,4,2,3,4,4,3,3,3,1,3,2,2,0,2,2,4,3,3,4,4,4,4,4,4,4,4,2,3,3,4,4,3,4,3,3,2,3,4,4,5,4,4,4,4,5,3,4,4,2,2,2,2,2,2,2,2,2,2,2,3,3,3,2,6,5,6,5,6,6,4,4,5,1,49,4,1,1,1,40,4800,2400,0,28401,제조업 불황,금속공학
32161,2,2,3,3,3,3,3,3,3,4,3,4,1,0,2,3,3,3,1,0,2,2,2,4,3,3,1,0,2,2,3,3,1,0,1,0,1,0,3,3,2,2,1,0,3,3,1,0,1,0,1,0,1,0,1,0,3,4,4,4,1,0,1,0,4,4,3,3,5,4,3,4,1,0,4,4,4,3,4,4,3,4,3,3,4,3,2,4,3,2,3,3,3,2,4,2,4,2,2,4,2,3,1,2,1,1,3,3,2,3,3,3,3,3,2,3,3,2,4,3,2,4,3,4,5,4,5,2,3,3,2,4,5,4,4,4,5,4,4,5,4,4,2,2,2,2,2,2,2,2,2,1,4,2,2,3,2,6,4,6,5,5,6,6,4,5,1,38,4,1,1,1,46,3500,2500,0,822101,자동차차체수리기능사 자동차 차체 구조 실무 비량 증가,기계공학
32162,3,3,3,5,2,3,2,3,2,3,3,4,5,6,4,5,3,3,4,4,3,4,3,4,5,7,2,3,2,4,2,3,3,3,3,4,2,3,3,4,3,3,4,4,4,5,3,3,3,3,4,4,3,4,4,4,3,5,2,3,2,3,3,4,2,4,2,3,1,0,1,0,1,0,5,6,5,6,3,4,3,3,4,4,4,4,2,3,5,3,4,3,4,4,3,5,3,4,4,3,4,3,1,2,2,1,3,3,2,4,3,3,4,4,3,4,4,5,5,5,2,4,4,4,3,2,2,3,3,4,4,4,4,4,4,3,4,4,4,3,4,4,2,2,2,2,2,2,2,2,2,1,3,2,2,2,2,7,2,7,3,5,3,7,3,6,1,50,2,1,1,1,45,3600,1800,0,862101,패턴실 작업 기계 대체 불가,실업계
32163,3,3,4,4,3,3,3,3,2,2,2,2,3,3,2,2,3,3,3,3,3,3,4,5,3,3,3,3,2,2,1,0,1,0,1,0,4,4,1,0,3,3,1,0,1,0,3,3,2,2,2,3,1,0,3,3,1,0,1,0,3,3,1,0,2,2,3,3,4,5,1,0,2,2,3,3,3,3,2,2,1,0,2,2,3,3,3,3,3,2,3,3,4,4,4,4,3,4,4,3,2,13,1,4,1,2,0,3,5,5,4,4,5,4,4,3,3,3,3,3,2,3,3,3,2,2,2,1,3,4,5,5,3,4,3,2,2,4,1,2,4,3,2,1,2,2,2,2,2,2,2,2,4,2,2,2,1,8,7,6,3,4,4,2,2,5,1,28,4,1,1,1,40,2000,2000,0,134303,정보처리기사 정보처리 프로그램 설치 운용 자동화 전산 시스템 증가,전자공학
32164,3,4,3,4,4,4,4,4,3,3,3,3,3,4,3,3,3,3,3,4,3,3,3,4,4,4,4,4,4,4,3,3,4,4,4,4,4,4,3,4,4,4,3,4,3,4,3,4,2,3,4,4,2,3,1,0,2,2,1,0,3,3,1,0,3,3,2,3,2,3,2,4,2,3,4,3,3,2,4,4,4,4,4,3,4,4,4,4,4,4,2,3,4,1,2,4,2,3,4,4,4,16,5,2,1,1,1,6,2,4,3,2,3,3,4,3,2,3,3,3,3,3,3,4,4,3,2,2,4,4,4,4,4,4,4,3,4,4,4,3,3,4,2,1,2,2,2,2,1,1,1,1,2,1,1,3,1,4,4,4,4,3,3,2,2,2,2,55,2,1,2,1,20,2000,1000,0,232101,보육교사 전염병예방교육 코로나 상황 변화 걱정 두려움 아들 확진 염려 출산 저하,인문계
32165,3,3,3,3,3,4,1,0,1,0,3,3,1,0,3,3,3,3,1,0,1,0,1,0,2,3,2,2,1,0,1,0,1,0,1,0,1,0,1,0,1,0,2,3,2,3,1,0,1,0,1,0,1,0,1,0,3,5,3,3,5,6,1,0,1,0,1,0,1,0,1,0,1,0,1,0,1,0,1,0,1,0,1,0,1,0,1,0,3,3,4,3,3,4,4,2,3,2,3,2,3,17,1,2,1,2,0,6,4,3,4,3,4,4,4,3,4,4,4,4,2,4,3,4,3,3,4,3,2,4,3,5,4,4,4,5,4,5,3,3,4,4,2,1,2,2,2,2,2,2,2,4,1,3,3,3,2,7,7,7,4,4,4,4,4,4,2,34,3,1,1,1,40,4000,2400,0,307401,보건의료정보관리사 데이터베이스 프로그램 업데이트 전산 화로 대체 가능,의료정보학
32166,3,4,4,5,2,3,3,4,4,5,2,3,2,2,4,5,4,5,4,4,3,4,4,5,4,5,3,4,2,2,3,4,2,2,2,2,1,0,3,4,3,4,3,5,5,6,2,2,2,2,2,2,3,5,2,2,2,3,2,2,4,5,3,4,4,5,3,5,3,4,3,5,2,4,4,5,4,5,4,5,3,3,2,3,4,4,3,4,4,4,2,3,5,2,3,2,3,3,4,3,3,8,1,2,2,2,0,2,4,3,3,2,4,4,3,2,2,3,4,3,3,2,3,4,3,4,3,2,4,2,2,4,3,4,4,4,3,5,4,4,5,4,2,2,2,2,2,2,2,2,2,2,2,2,3,3,2,6,6,5,5,5,6,5,5,4,1,47,4,1,1,1,40,3400,2600,0,28201,코로나 영향,행정학
32167,4,5,3,4,2,2,5,4,2,3,3,5,3,5,2,2,4,6,1,0,2,2,3,4,3,2,2,3,4,4,2,3,5,5,4,5,4,3,5,5,3,3,2,3,4,3,2,3,1,0,1,0,3,3,1,0,1,0,1,0,2,3,2,2,1,0,1,0,1,0,1,0,2,3,1,0,2,2,2,3,1,0,1,0,1,0,1,0,4,3,4,3,4,4,2,4,3,3,4,3,3,3,1,2,2,2,0,3,4,3,2,3,4,4,3,3,3,4,5,4,3,3,2,3,3,2,3,2,3,3,3,4,5,4,4,4,3,4,4,3,4,3,2,2,2,2,2,2,2,2,2,2,2,2,2,2,1,3,7,7,3,4,3,6,4,7,1,32,3,1,1,1,40,3000,2800,0,612401,침체 코로나 영향,전자정보학
32168,4,5,5,6,4,6,3,5,3,5,4,6,3,5,4,5,3,5,4,5,3,5,4,6,4,6,4,5,3,5,4,6,3,5,3,5,4,5,2,3,5,6,5,6,3,5,4,6,5,6,4,5,5,5,5,6,5,6,4,5,4,5,4,5,4,6,5,6,4,6,4,6,5,6,2,4,3,4,3,5,3,5,3,5,4,6,2,5,4,5,4,4,4,3,3,4,3,4,4,4,3,4,2,5,1,2,0,5,4,4,3,3,3,3,3,4,4,4,4,4,4,3,3,4,3,3,3,1,3,4,4,4,2,2,2,2,3,4,4,3,5,4,2,2,2,2,2,2,1,2,2,2,3,2,2,2,1,6,5,6,5,4,5,6,5,6,1,40,4,1,1,1,46,5200,3700,0,16201,소방설비기사 인력 감축 공기업 흡수 인력 감축,화공
32169,3,5,3,4,3,4,4,5,3,4,4,5,4,5,3,5,3,4,4,5,3,4,3,4,3,5,3,4,3,4,3,4,4,5,3,4,4,5,3,5,3,4,4,5,3,4,3,4,4,5,3,5,3,4,4,5,3,4,3,4,4,5,3,5,4,4,3,4,4,5,3,4,4,4,3,5,3,4,3,4,3,4,3,4,4,4,4,4,3,4,4,4,3,3,3,4,4,3,3,3,3,10,1,2,2,2,0,1,4,3,3,3,4,3,3,4,3,3,4,4,3,3,3,4,4,3,4,3,4,3,3,4,3,3,4,4,4,3,3,4,4,3,2,2,2,2,2,2,2,2,2,2,2,2,2,2,1,5,6,6,5,6,6,5,6,5,2,30,4,1,1,1,48,2700,2000,0,133302,시스템 개발,컴퓨터학
32170,4,5,3,5,3,4,3,3,5,5,5,6,4,4,5,5,2,3,1,0,5,6,1,0,1,0,1,0,1,0,1,0,1,0,1,0,1,0,1,0,1,0,3,4,1,0,1,0,1,0,1,0,4,5,1,0,1,0,1,0,4,5,1,0,1,0,1,0,1,0,1,0,1,0,1,0,1,0,1,0,1,0,1,0,1,0,1,0,3,2,2,3,3,4,3,3,4,5,2,2,3,13,1,2,1,2,0,5,5,4,4,4,4,5,4,3,3,3,4,3,2,4,3,4,3,3,4,1,2,4,4,4,3,4,4,4,4,4,3,2,4,4,2,2,2,2,2,2,2,2,2,2,5,3,3,3,1,3,3,3,4,4,5,3,3,4,1,34,4,1,1,1,40,3200,3200,0,134102,SQLP 사용 점점,전산학
32171,4,6,4,5,4,5,4,6,4,5,4,4,2,2,3,4,3,4,2,4,2,3,2,3,4,6,4,5,4,5,4,5,4,5,3,4,2,3,4,6,4,5,4,6,4,5,3,4,3,4,3,4,2,3,3,3,2,4,3,4,2,2,2,3,3,4,3,4,3,5,3,4,4,4,4,5,4,5,4,5,4,5,4,5,3,4,3,4,2,2,2,2,2,2,3,2,2,2,2,2,2,17,1,3,1,2,0,7,5,3,3,3,3,3,2,3,2,3,3,3,2,3,3,3,3,4,4,4,4,4,4,4,4,3,4,4,4,4,4,4,4,4,2,2,2,2,2,2,2,2,2,2,2,2,2,2,2,4,6,6,3,3,3,3,5,3,1,29,4,1,1,1,40,2800,2500,0,306501,물리치료사자격증 물리치료 도구 개발,물리학
32172,2,2,3,4,3,4,3,4,2,3,3,3,3,3,3,3,3,4,2,3,3,3,2,3,3,4,2,2,2,3,2,2,2,3,3,3,3,3,2,2,2,3,3,3,3,3,3,3,2,2,2,2,3,4,1,0,4,5,3,3,2,3,2,3,3,3,3,3,2,2,3,4,3,3,3,3,2,3,3,3,2,2,2,2,4,5,3,4,4,3,2,3,3,3,3,3,3,3,3,2,4,18,1,3,1,2,0,6,5,3,3,3,3,4,3,3,3,4,4,3,3,2,2,3,4,3,4,3,2,3,3,4,4,3,3,3,3,4,3,4,3,3,2,1,1,2,2,2,2,2,2,3,4,3,3,3,2,6,6,6,4,4,4,4,4,4,1,43,4,1,1,1,40,4500,2800,0,416601,방송통신기능사 음향 장비 도입 영상 관련 콘텐츠 증가 일자리,방송영상
32173,5,7,5,6,5,6,4,6,4,6,4,5,4,5,3,4,3,4,4,5,4,5,3,5,4,5,4,4,3,4,3,5,2,3,2,3,3,3,3,4,2,5,2,3,2,3,2,4,3,3,2,3,2,3,1,0,1,0,1,0,2,3,2,3,2,2,1,0,1,0,1,0,2,3,1,0,1,0,1,0,1,0,1,0,3,3,3,3,4,4,4,4,3,4,4,4,4,4,4,3,4,15,2,5,2,2,0,6,6,4,4,4,4,4,4,4,4,4,4,4,1,4,4,4,3,4,3,3,5,4,4,4,3,4,4,3,4,2,2,2,4,4,2,2,2,2,2,2,2,2,2,2,2,3,3,3,1,3,2,2,2,3,3,3,2,2,1,59,6,1,1,1,45,6000,3000,0,110201,이유,정치학
32174,3,4,3,4,2,2,3,4,2,2,3,4,3,4,5,7,3,4,3,4,3,5,3,5,4,6,3,4,1,0,3,4,2,2,2,2,1,0,3,4,3,4,4,6,4,5,1,0,1,0,2,2,1,0,1,0,1,0,1,0,4,6,1,0,1,0,1,0,1,0,1,0,2,2,1,0,1,0,2,2,2,2,2,2,3,4,3,5,4,4,4,3,2,3,4,4,2,3,3,4,3,15,2,2,1,1,2,2,5,4,4,4,4,4,3,4,9,9,4,4,2,3,3,4,4,4,2,1,4,2,3,3,4,3,3,3,4,4,4,3,3,3,2,2,2,2,2,2,2,2,2,2,4,2,2,3,2,2,8,3,8,7,4,2,8,3,1,45,4,1,1,1,40,6000,4000,0,23401,감정평가사 실무경험 전문성 전망,회계학
32175,3,4,4,5,4,5,4,5,4,4,3,4,4,5,2,3,3,4,3,4,4,5,3,4,3,5,4,5,4,6,4,5,4,6,3,4,2,2,4,5,3,4,2,2,3,4,2,2,2,3,3,4,1,0,1,0,1,0,2,2,4,5,2,2,2,2,1,0,2,2,4,5,4,5,2,2,3,4,2,2,3,4,4,4,2,2,3,4,2,3,2,2,3,3,4,4,3,3,4,3,3,11,1,2,1,2,0,2,5,4,3,3,3,4,3,4,4,5,5,4,2,3,3,3,4,3,3,4,3,4,4,4,3,4,4,2,3,4,3,4,3,4,2,2,2,2,2,2,2,2,2,1,3,3,3,3,2,3,5,4,7,4,3,4,5,4,1,35,4,1,1,1,40,4700,3800,0,31302,보험계리사 CFP 맞춤 금융 상품 판매 위해 항상 개발,경영학
32176,5,6,5,6,5,7,5,6,5,6,5,6,4,5,4,6,4,6,4,5,5,6,5,7,4,6,4,6,5,7,5,7,5,6,5,7,5,6,5,6,4,6,4,6,4,6,4,6,4,5,4,6,4,6,4,6,5,6,5,6,4,6,4,6,5,7,4,6,5,6,5,6,4,6,4,6,5,6,4,6,4,6,5,6,4,5,4,6,3,3,3,3,4,3,3,3,3,3,4,3,3,15,2,5,2,2,0,5,6,3,3,3,4,4,4,3,3,4,4,3,3,3,3,3,3,2,3,2,3,3,4,3,3,3,2,3,3,4,3,3,4,5,2,2,2,2,2,2,2,2,2,2,3,3,3,3,2,2,3,4,5,5,5,2,3,5,2,37,5,1,1,1,50,4600,3000,0,155103,상태 유지,전기공학
32177,3,5,4,4,1,0,4,2,1,0,3,4,2,4,4,4,3,3,5,4,2,2,4,5,4,5,5,5,3,4,4,4,1,0,1,0,2,4,3,4,5,5,4,4,4,3,1,0,1,0,1,0,5,4,1,0,1,0,1,0,1,0,1,0,1,0,1,0,1,0,1,0,1,0,4,5,4,6,5,5,5,6,5,6,4,3,5,4,4,2,5,3,2,1,1,3,3,5,4,4,5,8,2,5,2,1,3,6,1,3,1,2,2,4,1,4,3,4,4,4,3,3,3,3,2,4,3,2,3,3,4,5,3,4,3,3,2,3,3,3,5,5,2,2,1,2,2,1,2,2,2,1,4,3,3,3,2,5,5,6,4,7,7,8,9,8,1,26,4,1,1,1,46,4800,3000,0,420201,스트렝스 훈련 근지구력 강화 훈련 코로나 자가진단 사람 외국 프로 입단 미래,체육학
32178,2,1,2,3,2,1,5,4,3,2,2,1,3,2,2,1,2,3,2,1,2,3,2,1,2,1,3,5,4,3,2,1,3,4,2,1,3,2,3,4,3,2,2,3,2,4,3,2,2,3,2,3,2,1,1,0,2,1,2,1,2,3,2,1,2,1,2,3,3,2,2,3,2,1,2,1,2,1,2,1,1,0,2,1,2,1,2,3,2,3,2,3,3,4,2,2,3,4,3,4,2,10,1,4,2,2,0,4,2,3,2,2,2,3,3,3,4,3,2,3,3,3,2,4,3,4,5,3,4,5,3,2,3,4,3,4,3,2,3,4,5,3,2,1,1,2,1,2,1,2,2,3,2,3,2,2,2,7,3,4,2,3,5,3,4,5,1,36,2,1,1,1,40,3800,2800,0,615203,인터넷 발달 매장 방문 핸드폰 구입 일자리 감소,기계
32179,4,4,4,4,2,2,3,3,3,4,3,3,3,4,4,5,3,5,4,4,2,2,4,4,4,5,3,4,1,0,3,3,2,2,2,2,2,4,3,4,4,4,4,5,2,3,1,0,3,4,2,3,4,5,3,5,3,4,4,4,3,4,4,5,3,5,3,4,2,2,2,3,3,5,3,5,4,5,3,3,2,2,2,2,3,4,3,3,4,5,4,4,5,3,4,4,4,4,5,4,4,3,1,2,1,2,0,3,4,3,2,3,3,4,4,4,3,4,5,4,2,4,3,4,3,3,4,2,3,4,2,4,4,3,4,4,5,5,3,3,4,2,2,2,2,2,2,2,2,2,2,2,4,2,2,3,2,7,6,5,4,6,5,4,5,4,1,41,4,1,1,1,40,4000,3300,0,152201,금속재료산업기사 기술 개발 증가,신소재공학
32180,1,0,3,4,1,0,3,3,1,0,1,0,1,0,1,0,3,4,1,0,1,0,1,0,1,0,1,0,2,2,2,2,1,0,1,0,1,0,1,0,1,0,1,0,2,2,1,0,1,0,1,0,1,0,1,0,1,0,1,0,1,0,1,0,1,0,1,0,1,0,1,0,1,0,1,0,1,0,1,0,1,0,1,0,2,3,3,3,3,2,3,1,2,4,1,1,2,1,1,1,2,18,1,2,2,1,3,4,2,4,4,5,4,3,4,3,3,3,5,3,2,4,4,2,3,3,3,2,3,5,4,4,3,4,3,3,3,3,3,4,5,4,2,2,2,2,2,2,2,2,2,1,3,2,2,2,2,7,6,8,4,8,5,6,6,7,2,24,2,1,2,2,10,1200,1000,0,416202,워킹 자세 변화,문과
32181,3,4,3,4,3,3,3,4,3,4,2,3,3,3,3,3,3,4,3,3,3,4,2,2,3,3,3,2,3,4,2,2,3,4,4,4,1,0,2,2,3,3,3,3,4,5,3,3,1,0,3,3,1,0,1,0,1,0,1,0,3,4,2,2,2,2,2,2,1,0,2,2,1,0,2,2,2,2,2,2,2,3,3,3,2,3,3,4,3,3,4,3,4,3,3,3,3,4,3,3,4,15,2,2,2,1,2,2,4,4,4,4,4,4,3,3,3,4,4,4,3,4,4,3,4,4,3,3,3,4,4,5,3,4,4,4,5,4,4,3,4,4,2,1,2,2,2,2,2,2,2,4,2,2,2,3,1,5,6,5,6,6,5,7,6,5,1,43,4,1,1,1,40,3700,2900,0,25201,정보보안 일반보안의 전문성 교육 전산 추세 증가 시스템 자동화 시스템 자동화,법학
32182,2,3,3,3,2,3,2,2,2,3,3,5,4,4,3,4,2,3,3,4,2,3,2,4,2,2,3,3,3,3,2,3,2,4,3,5,2,3,3,3,3,4,2,3,2,3,2,3,3,4,2,3,2,3,2,3,3,3,3,4,2,3,3,3,2,3,2,2,2,2,2,2,3,4,2,3,3,4,2,3,5,6,3,5,2,3,2,1,3,3,2,3,3,1,3,4,2,3,3,3,2,1,1,2,1,2,0,4,4,3,3,3,4,4,3,3,3,4,4,3,2,4,4,3,3,2,3,3,3,3,3,4,3,4,3,3,4,4,3,3,4,4,2,2,2,2,2,2,2,2,2,2,4,3,3,3,2,5,5,4,4,4,4,6,4,3,1,33,4,1,1,1,40,3800,2800,0,901501,산림기능사 가구 증가,조경학
32183,3,2,4,3,2,3,3,4,1,0,1,0,1,0,3,4,3,3,3,4,1,0,1,0,1,0,3,3,4,3,2,2,2,1,1,0,1,0,2,1,1,0,1,0,2,2,1,0,1,0,1,0,1,0,1,0,1,0,1,0,1,0,1,0,1,0,1,0,2,2,1,0,1,0,1,0,1,0,1,0,2,1,2,2,3,3,2,2,1,4,3,2,2,3,1,1,1,1,1,2,2,14,1,2,2,2,0,7,1,2,1,1,1,1,1,2,1,3,4,2,5,1,2,3,3,2,1,2,4,5,4,4,1,1,2,4,5,5,3,3,5,4,2,2,2,2,2,2,2,2,2,2,3,3,3,3,2,5,5,5,8,7,8,5,5,5,1,68,2,1,3,2,40,1900,1800,0,542001,안전 대한 사람,인문계졸업
32184,3,3,4,3,3,3,4,3,1,0,1,0,2,4,2,2,3,3,1,0,3,4,4,4,4,4,4,3,3,5,4,4,3,4,1,0,4,3,2,3,3,3,2,3,2,2,1,0,1,0,1,0,1,0,1,0,1,0,1,0,2,2,1,0,1,0,1,0,1,0,1,0,1,0,1,0,1,0,1,0,1,0,1,0,2,3,2,2,4,4,1,3,4,2,3,2,2,4,4,2,2,16,5,2,2,2,0,2,5,3,4,4,4,4,4,4,9,9,9,4,3,4,3,3,4,4,3,4,3,4,4,4,4,3,4,4,5,4,4,4,4,3,2,2,2,2,2,2,2,2,2,2,2,2,2,2,2,3,3,4,5,5,5,7,7,3,2,45,4,1,2,2,45,5500,2400,0,214102,번역 인공 지능 어플 기술 발달 언어 사용 사람,영어교육학
32185,3,3,3,3,2,3,3,3,4,4,4,4,3,4,4,5,3,4,3,4,3,4,3,4,3,4,4,4,4,4,3,4,3,3,3,3,3,3,3,3,3,3,4,4,4,4,2,3,3,4,3,3,4,5,4,5,4,4,3,4,4,4,3,4,3,4,4,4,4,5,4,4,4,4,3,4,4,4,4,4,4,5,3,4,4,4,4,4,4,4,4,4,4,4,3,4,3,4,3,3,3,6,1,1,1,2,0,6,4,4,4,4,4,4,3,4,4,4,5,4,2,4,3,4,3,3,3,4,4,4,3,4,4,3,3,4,3,4,4,2,4,4,2,2,2,2,2,2,2,2,2,2,2,2,3,3,2,6,4,3,3,2,2,7,6,5,1,45,3,1,1,1,40,3500,2800,0,140204,토목기사 자동화 일자리 감소,건축설계
32186,2,2,3,4,4,4,4,4,4,4,2,3,5,5,3,2,4,4,4,4,5,5,5,5,4,3,5,5,5,5,2,2,3,3,3,2,5,5,5,5,5,2,5,4,4,4,4,3,4,4,4,3,4,3,5,2,5,3,4,3,3,2,3,4,4,2,3,2,1,0,1,0,3,2,1,0,4,4,2,2,4,4,4,3,4,3,1,0,4,4,2,2,4,1,1,4,1,2,2,3,4,6,1,2,1,1,1,6,2,4,3,3,4,4,3,3,3,4,4,4,2,4,3,3,4,3,3,2,4,3,4,4,4,4,5,4,4,5,4,3,4,4,2,2,2,2,2,2,2,2,2,1,3,2,2,2,2,6,7,4,5,6,5,4,5,6,1,29,4,1,1,1,40,3500,2500,0,901501,조경기사 직무교육 사람,조경학
32187,3,4,2,3,2,4,3,4,2,4,2,4,3,5,3,4,1,0,2,4,3,5,3,4,2,4,2,3,1,0,2,3,2,4,2,4,2,4,4,3,2,3,2,4,2,4,1,0,1,0,2,4,2,4,1,0,2,4,2,4,2,4,2,4,2,4,2,4,1,0,2,4,1,0,2,4,2,3,1,0,3,4,3,4,2,4,2,5,3,3,2,3,3,4,2,4,3,3,3,2,3,3,1,3,2,2,0,3,4,3,3,3,3,3,3,3,3,3,4,3,2,3,4,4,2,2,2,4,4,4,3,5,2,3,3,3,5,5,3,3,5,3,2,2,2,2,2,2,2,2,2,2,3,3,3,3,2,5,5,6,4,4,5,6,5,4,1,34,4,1,1,1,40,3600,2600,0,28302,물류 대한 기업 투자가 것이므,유통경영학
32188,4,6,4,6,4,6,3,5,4,6,4,6,4,5,4,5,4,5,4,5,3,4,3,5,3,5,3,5,3,4,3,5,3,4,3,3,4,5,3,5,4,6,2,2,2,2,2,2,2,3,2,3,3,5,3,5,2,4,2,2,2,2,1,0,2,3,2,2,1,0,1,0,1,0,1,0,1,0,1,0,1,0,1,0,1,0,1,0,4,4,4,4,3,4,4,4,4,4,4,4,4,15,2,2,2,2,0,6,7,4,4,3,4,5,3,4,4,4,4,4,2,4,4,4,4,3,4,2,4,3,4,4,4,3,4,3,3,4,4,2,3,4,2,2,2,2,2,2,2,2,2,1,3,3,3,3,1,4,2,3,1,2,1,8,5,2,1,60,6,1,1,1,50,6500,3500,0,121101,상태 유지,물리학
32189,2,2,2,4,2,2,3,4,1,0,1,0,1,0,2,3,2,4,1,0,1,0,1,0,2,4,3,5,1,0,2,2,3,4,2,4,2,4,3,5,2,3,2,4,2,4,2,4,4,5,3,5,3,5,4,5,5,6,3,4,1,0,2,3,3,5,3,4,2,6,4,4,2,2,4,5,5,5,3,3,5,5,3,3,3,3,2,4,2,1,5,4,3,1,4,2,2,1,1,1,4,7,4,1,1,2,0,3,2,2,3,2,5,4,4,4,2,3,4,4,2,3,4,4,3,5,2,3,2,4,4,4,4,5,3,4,3,2,3,3,4,2,2,2,2,2,2,2,2,2,2,1,2,2,2,3,2,7,6,5,3,4,3,7,5,2,1,53,2,2,6,1,50,0,0,3600,872101,식육처리기능사 포장 선호,인문고
32190,3,2,2,2,1,0,1,0,2,2,1,0,1,0,2,3,3,3,2,3,1,0,1,0,1,0,1,0,1,0,2,2,1,0,2,2,1,0,1,0,3,3,1,0,2,3,3,3,3,3,1,0,1,0,1,0,2,2,1,0,2,2,2,1,1,0,1,0,1,0,1,0,1,0,1,0,4,5,4,4,2,3,3,3,3,3,3,4,3,2,5,3,2,3,4,3,2,2,1,1,4,8,4,1,1,1,2,2,2,2,3,2,3,4,3,4,9,3,3,4,3,4,3,3,3,3,2,4,3,5,3,4,2,1,3,2,2,4,3,2,4,3,2,2,2,2,2,2,2,2,2,2,3,3,3,3,2,7,9,8,7,6,4,4,6,8,1,31,2,2,6,1,45,0,0,3300,622304,운전면허1종 보통 대형 화물 특수차 운전원 업계 상황 지금,경영학
32191,4,6,4,5,4,5,3,3,3,3,4,4,4,4,4,4,4,5,3,3,4,5,4,4,4,5,4,5,3,3,4,4,4,5,4,3,2,3,3,3,4,5,3,3,2,2,2,2,3,3,2,2,3,3,4,5,4,5,4,5,2,2,4,5,4,5,4,5,4,5,4,4,4,5,4,5,4,4,2,2,3,4,2,2,4,4,4,5,4,3,4,4,4,2,4,4,3,4,4,4,4,6,1,5,1,1,4,6,5,5,4,4,4,4,3,4,4,4,4,4,2,4,4,4,3,3,3,4,4,2,3,3,3,4,3,4,4,4,4,2,5,4,2,2,2,2,2,2,2,2,2,1,3,3,3,3,2,8,8,7,2,2,2,2,2,8,1,49,4,1,1,1,50,4600,3400,0,140305,건설안전산업기사 건축시공 설계 안전관리 변화,토목
32192,4,5,4,6,4,4,2,2,3,3,2,3,3,3,2,2,2,3,2,2,3,3,3,4,3,3,3,4,3,5,1,0,1,0,2,3,4,5,2,1,3,3,2,1,2,2,3,4,3,3,3,3,3,2,4,5,4,4,3,4,4,5,4,5,3,4,4,5,3,4,3,3,4,5,2,3,2,3,2,3,3,4,3,3,4,4,2,3,3,3,4,2,4,4,3,4,3,4,4,3,2,13,1,2,2,2,0,4,5,4,3,3,4,4,3,1,3,3,4,3,3,4,3,4,2,2,2,1,2,3,4,4,3,4,4,4,4,4,2,3,4,2,2,2,1,2,2,2,2,2,2,2,2,2,2,3,1,8,7,7,4,4,5,5,5,5,1,39,4,1,1,1,40,3400,2200,0,415503,영상편집 기기 도입 수요 인력 초과 상태,시각디자인
32193,2,2,2,2,1,0,2,2,1,0,2,3,1,0,5,3,4,3,4,4,2,3,3,3,1,0,1,0,1,0,2,3,3,2,1,0,1,0,4,4,3,4,3,3,3,3,1,0,2,2,1,0,2,2,1,0,4,4,3,4,1,0,1,0,3,3,3,3,1,0,1,0,1,0,1,0,1,0,1,0,3,4,4,4,4,3,3,3,4,4,4,4,3,2,2,4,2,4,3,3,4,9,1,2,2,2,0,1,2,4,3,4,4,4,3,4,5,3,4,4,4,3,4,3,4,4,4,3,4,3,4,3,4,4,4,3,4,4,4,3,3,3,2,2,2,2,2,2,2,2,2,2,2,3,3,3,2,4,3,6,5,5,5,4,3,6,2,62,2,1,1,1,40,2300,1800,0,561101,청소 자동화 시스템,문과
32194,2,3,2,3,2,3,2,2,5,6,5,6,5,6,4,6,4,6,4,4,3,5,2,3,4,6,4,5,5,6,5,6,4,5,2,3,1,0,2,2,4,5,4,5,3,4,3,4,4,5,3,5,4,7,5,6,5,6,5,7,5,6,4,5,5,6,5,6,2,2,3,6,3,4,3,6,4,6,3,5,1,0,3,3,4,4,4,6,4,4,2,4,4,2,5,4,2,5,5,4,2,13,1,2,1,1,2,2,5,3,4,4,4,5,3,4,3,5,4,4,2,4,3,4,3,5,4,4,3,4,4,5,3,4,3,2,3,5,4,4,5,3,2,2,2,2,2,2,2,2,2,2,3,2,2,2,1,5,4,7,3,5,4,4,7,6,1,36,4,1,1,1,40,3500,2800,0,140701,건설재료시험기능사 안전 실무교육 안전 인식 검사 시행 것이므,건축공학
32195,2,2,2,2,2,2,1,0,1,0,2,2,2,2,1,0,3,3,3,5,1,0,1,0,3,4,1,0,1,0,1,0,1,0,1,0,1,0,2,2,4,3,1,0,2,2,1,0,1,0,1,0,1,0,2,2,2,2,4,4,1,0,1,0,2,1,4,4,5,5,4,5,1,0,4,3,3,4,1,0,1,0,1,0,3,3,1,0,2,3,4,2,2,2,4,3,3,3,2,3,3,14,1,2,1,1,1,1,2,3,3,2,4,4,4,2,4,4,4,4,2,4,4,4,3,2,2,2,4,3,4,4,3,3,3,3,2,4,3,2,4,2,2,2,1,2,2,2,2,2,2,1,4,3,3,3,2,6,8,7,7,6,3,3,2,4,1,62,4,1,1,1,40,3000,2000,0,153106,전기기사 전기안전기사 신기술 관련 교육 기존 장비 장비 도입 이전 안전 수요 증가,전기공학
32196,4,5,3,4,4,4,3,4,1,0,4,4,1,0,3,3,2,3,2,3,2,4,1,0,2,3,1,0,2,5,3,4,3,3,1,0,1,0,4,5,3,3,3,3,1,0,2,3,2,4,1,0,1,0,1,0,2,3,1,0,4,3,4,4,3,3,3,3,2,2,2,2,1,0,1,0,1,0,1,0,2,2,1,0,2,3,3,2,3,3,4,5,3,4,4,3,3,4,5,3,4,17,1,1,1,2,0,6,5,4,5,4,4,3,4,3,9,9,9,4,4,4,4,4,4,5,4,4,4,3,4,3,4,4,4,3,3,4,4,4,3,3,2,2,2,2,2,2,2,2,2,2,4,3,3,3,2,5,4,5,4,5,6,6,5,4,1,36,4,2,5,1,55,0,0,7200,303001,약사면허 약물 대한 급여 확대 수요 증가,약학
32197,5,7,5,7,5,7,4,6,4,6,4,5,4,5,4,5,4,4,4,5,4,5,4,5,4,5,3,3,2,2,2,3,4,6,4,6,4,5,4,5,3,4,2,2,2,1,2,1,2,2,2,1,2,2,1,0,1,0,1,0,3,3,2,1,1,0,1,0,1,0,1,0,2,3,1,0,1,0,2,3,2,3,2,3,3,3,3,3,5,4,4,5,5,4,4,4,4,4,4,4,4,15,2,4,2,1,3,3,5,4,4,4,5,5,4,5,5,4,4,4,3,4,4,4,4,5,4,2,4,4,4,4,4,4,5,4,4,4,4,4,4,3,2,2,2,2,2,2,2,2,2,2,3,3,3,3,1,4,3,2,3,2,1,4,5,4,2,30,4,1,1,1,55,6800,6800,0,221102,사법연수원 인원 수가 유지 국가 관리,법학
32198,2,3,4,6,3,3,3,4,1,0,3,4,1,0,2,2,2,2,1,0,1,0,2,3,4,4,2,3,4,4,1,0,1,0,1,0,2,3,4,4,3,4,3,3,2,3,4,4,3,4,2,3,1,0,1,0,2,3,1,0,4,5,1,0,1,0,1,0,1,0,1,0,1,0,4,5,1,0,1,0,1,0,1,0,4,6,4,6,3,5,2,5,3,4,4,4,4,4,3,4,5,17,1,1,1,2,0,2,5,4,4,4,4,4,5,3,9,9,4,3,2,4,4,4,4,4,3,2,4,5,4,4,4,3,4,4,3,3,4,4,5,4,2,2,2,2,2,2,2,2,2,1,2,2,2,2,2,4,6,5,5,6,5,5,4,6,1,56,4,2,5,1,50,0,0,10000,301201,의사면허 의사 과잉 배출,의학
32199,4,6,3,5,4,6,3,4,1,0,3,5,3,4,2,3,3,4,3,3,1,0,3,4,2,3,3,4,2,3,2,3,2,3,2,3,3,4,2,3,2,3,2,3,3,3,2,3,2,3,2,3,2,2,2,3,2,3,1,0,2,3,1,0,2,2,1,0,1,0,1,0,2,2,2,2,1,0,1,0,1,0,1,0,3,4,2,3,4,4,3,4,4,3,4,2,3,3,4,3,3,3,1,5,1,2,0,1,5,4,5,4,4,4,3,4,5,4,4,4,2,3,3,4,3,4,3,4,3,3,3,4,5,4,4,3,4,4,3,4,4,3,2,2,2,2,2,2,2,2,2,2,2,3,2,3,1,6,4,4,5,4,5,7,5,4,1,31,4,1,1,1,45,2600,2100,0,411301,워드프로세서 컨텐츠 활성화,국어국문학
32200,3,5,3,4,3,5,3,4,4,4,3,4,3,4,4,4,3,3,3,3,3,3,3,4,3,4,4,4,3,5,3,4,3,5,3,4,3,4,4,4,3,3,3,4,3,5,3,3,3,4,4,5,3,4,3,5,3,4,3,5,3,4,4,4,3,5,3,4,4,4,3,4,3,4,3,5,3,4,3,4,4,4,3,4,3,4,3,5,4,4,3,3,4,4,4,3,3,3,4,3,3,17,1,2,2,2,0,2,4,4,3,3,4,4,5,3,3,3,4,4,3,4,4,3,3,3,3,4,4,3,3,3,3,4,3,4,4,4,3,3,5,4,1,1,2,1,1,2,1,1,1,1,3,2,2,3,1,5,6,6,5,6,6,5,6,5,1,48,4,1,3,1,48,7500,2200,0,13401,시스템 도입 인구 고령화 수요 변화,통계학
32201,2,1,2,3,2,1,2,3,2,1,2,1,1,0,2,1,2,3,2,1,2,3,2,3,3,2,3,2,2,3,2,1,3,2,2,3,3,2,3,2,3,2,2,1,2,3,2,1,2,2,3,2,2,1,2,4,2,3,2,1,2,3,2,1,2,3,2,1,2,3,2,1,2,1,2,3,2,3,2,1,2,1,2,3,2,3,2,1,2,4,3,2,3,4,3,3,2,3,4,3,2,3,1,2,2,2,0,3,2,4,3,2,3,4,4,3,3,4,5,4,3,2,2,4,3,4,3,2,3,4,3,4,3,2,3,2,3,4,5,4,3,3,2,1,2,1,1,2,2,1,2,2,2,3,3,3,2,4,6,5,3,4,5,7,4,3,1,30,3,1,3,2,40,2100,1800,0,863401,기술 변화 기계 대신 인력,컴퓨터공학
32202,3,4,3,5,3,5,2,3,2,2,2,2,1,0,2,2,2,3,2,2,3,3,3,4,2,2,2,2,2,2,2,2,3,3,3,4,2,4,1,0,2,2,2,2,2,2,1,0,2,2,2,2,2,2,1,0,1,0,1,0,4,5,2,3,1,0,1,0,1,0,1,0,4,5,3,4,2,3,1,0,1,0,2,2,3,3,2,4,3,4,2,3,3,4,3,3,3,5,3,4,3,8,2,5,2,2,0,2,5,4,3,3,4,3,2,3,3,2,3,3,3,3,3,3,3,3,3,2,4,2,2,4,4,4,3,2,3,5,2,3,4,5,2,2,2,2,2,2,2,2,2,2,3,3,3,3,2,7,6,5,5,3,4,3,4,2,1,37,4,1,1,1,40,4000,3000,0,28202,대중교통 수요 변화,행정학
32203,2,3,2,4,1,0,2,3,2,3,2,3,2,4,4,5,4,5,3,4,2,3,2,3,4,5,2,3,2,3,2,3,2,3,2,4,2,3,2,3,3,4,2,2,3,3,2,3,3,3,2,4,4,5,4,5,5,6,3,4,2,3,2,3,3,4,4,5,4,6,5,5,2,3,4,5,4,4,4,5,5,5,3,3,3,4,2,3,3,4,4,4,3,1,2,3,2,4,3,2,3,3,1,6,1,2,0,2,4,3,2,1,2,4,2,4,3,3,5,4,3,2,2,3,2,5,4,4,3,4,5,2,3,4,3,4,2,5,4,4,4,3,2,2,2,2,2,2,2,2,2,1,3,2,2,2,2,7,3,3,2,3,3,6,3,3,1,30,2,1,1,1,40,3600,3360,0,811201,승강기기능사 건물 쇼핑몰 수요,공고
32204,3,4,3,4,3,4,3,3,3,3,3,3,3,3,2,2,3,2,3,4,3,4,3,4,3,3,3,3,3,3,3,3,3,3,3,3,3,3,3,2,3,3,3,3,3,3,4,4,3,4,3,3,2,3,3,3,4,4,2,3,1,0,3,3,2,2,3,3,5,7,3,6,3,3,3,3,2,3,3,3,3,3,3,3,3,2,3,2,3,2,3,2,3,3,2,3,3,2,3,2,3,19,1,2,1,2,0,2,2,2,3,2,4,4,3,3,9,9,9,3,2,4,3,3,2,3,2,3,4,4,3,4,3,3,3,2,3,4,3,3,4,4,2,2,2,2,2,2,2,2,2,2,2,3,3,3,2,7,6,5,3,3,4,7,4,5,1,59,2,2,5,1,60,0,0,5000,811901,농기계정비기능사 농업인 감소,기계
32205,3,4,5,5,2,4,5,3,4,4,1,0,3,4,2,3,2,4,1,0,1,0,1,0,1,0,3,3,4,4,4,4,3,4,1,0,1,0,5,5,4,4,2,3,3,3,4,5,3,3,2,5,1,0,1,0,1,0,1,0,3,3,1,0,1,0,1,0,1,0,1,0,1,0,1,0,2,4,1,0,2,2,1,0,1,0,1,0,3,4,2,4,3,2,4,4,3,3,3,4,4,19,3,2,1,1,1,7,4,5,4,3,5,5,4,4,4,4,4,4,1,5,4,4,4,4,4,2,4,2,4,4,4,5,3,3,5,4,4,3,3,3,2,1,1,1,1,1,2,2,2,1,4,1,1,3,2,7,8,7,6,6,4,3,7,8,1,38,4,1,1,1,40,4500,2500,0,231501,사회복지사 사례 관리 언택트 화상 업무 사람 상대 직업,사회복지
32206,2,1,3,3,1,0,3,4,1,0,1,0,4,5,2,1,2,1,1,0,1,0,3,4,2,2,3,4,2,3,3,4,2,2,2,2,3,4,4,5,2,2,3,4,3,3,2,1,3,3,2,1,3,4,1,0,3,4,1,0,1,0,2,2,1,0,3,4,1,0,1,0,1,0,5,6,3,3,2,1,3,2,2,1,4,5,3,3,3,3,5,3,2,4,3,4,4,3,3,2,3,19,1,2,1,2,0,7,4,1,2,3,4,4,3,3,9,9,4,3,1,3,3,3,3,2,3,1,4,4,5,3,4,3,2,2,3,4,2,3,4,2,2,2,2,2,2,2,2,2,2,1,4,2,2,2,2,7,6,7,4,6,6,5,5,5,2,43,3,1,1,1,42,3200,1800,0,511401,미용국가자격증 전문가 메이크업 서비스 보편화 메이크업 아티스트 일자리 증가,미용학
32207,2,2,3,3,1,0,3,4,2,2,1,0,1,0,3,3,3,3,3,3,1,0,2,2,2,3,2,3,2,3,2,3,1,0,2,2,2,3,4,5,2,3,2,3,1,0,1,0,1,0,1,0,2,3,2,2,1,0,1,0,2,3,2,2,2,3,1,0,2,2,2,2,2,3,2,3,2,2,2,3,2,2,2,2,2,2,2,2,3,4,3,4,4,4,3,4,4,4,3,3,2,8,1,4,2,2,0,2,2,3,2,3,4,4,3,2,3,3,4,3,3,2,3,3,3,2,3,3,3,2,2,3,2,2,3,3,4,3,2,2,2,2,2,2,2,2,2,2,2,2,2,3,1,2,2,3,2,6,5,4,5,4,4,5,6,4,2,44,2,1,1,1,40,3000,1700,0,562401,인터넷 기술 보편화 태그 시스템 이용 영향,인문계
32208,1,0,1,0,1,0,1,0,1,0,1,0,1,0,1,0,1,0,1,0,1,0,1,0,4,5,3,4,1,0,1,0,1,0,1,0,1,0,3,4,1,0,1,0,1,0,1,0,1,0,1,0,1,0,1,0,3,4,1,0,1,0,1,0,1,0,4,5,4,4,4,4,1,0,3,4,4,4,3,4,4,5,4,4,3,4,1,0,3,3,4,2,3,3,3,2,2,3,4,3,3,14,1,2,2,2,0,3,1,3,2,3,3,2,3,2,2,3,3,3,4,2,2,3,2,1,3,4,2,4,3,4,2,3,2,3,3,2,3,2,3,3,2,2,2,2,2,2,2,2,2,1,3,2,2,3,2,7,4,7,5,7,9,8,5,7,1,27,3,1,1,1,40,2000,1800,0,901501,상황 유지,조경
32209,2,3,3,4,3,4,3,4,2,2,3,4,1,0,2,3,3,4,1,0,1,0,2,4,2,2,3,3,3,5,2,2,3,4,2,3,3,4,4,6,4,5,2,4,2,3,2,4,2,3,3,4,1,0,1,0,1,0,1,0,3,4,2,2,3,4,1,0,1,0,1,0,4,4,2,3,3,3,1,0,2,3,2,3,3,4,2,3,4,4,2,3,3,4,4,4,3,2,4,3,4,9,1,4,1,2,0,6,5,3,4,4,4,4,4,4,4,4,4,4,2,4,3,4,3,2,4,1,4,2,4,4,2,2,2,1,3,5,2,1,4,4,2,2,2,2,2,2,2,2,2,1,4,3,2,2,2,3,4,6,3,4,2,6,3,4,1,52,4,1,1,1,40,7000,5000,0,14103,호텔관리사 호텔 활성화,경영학
32210,3,4,4,5,2,2,1,0,3,4,2,3,2,3,2,3,2,3,3,4,2,3,2,3,3,4,3,4,2,2,3,4,2,3,2,2,2,3,3,4,3,4,3,4,3,4,2,2,3,4,2,3,3,4,3,4,3,4,3,4,2,3,3,4,3,4,3,4,4,6,4,6,2,3,4,5,3,4,3,4,3,4,3,4,3,4,3,4,2,3,3,3,3,2,3,4,3,3,3,3,3,14,1,2,1,2,0,3,3,3,3,3,2,3,2,3,3,4,4,4,3,3,3,4,4,4,4,2,3,4,4,4,4,4,3,3,4,4,3,4,4,4,2,2,2,2,2,2,2,2,2,1,3,2,2,2,2,8,7,7,3,3,5,8,7,5,1,31,2,1,1,1,40,3000,2600,0,811201,승강기기능자격증 고층 건물 증가 수리 수요 증가,이과
32211,2,2,3,3,1,0,2,2,1,0,1,0,1,0,3,3,3,3,2,3,2,3,2,2,3,2,1,0,1,0,2,3,2,3,2,3,2,4,2,2,3,2,1,0,4,4,1,0,2,2,1,0,1,0,2,2,3,4,2,2,1,0,2,4,2,3,2,3,3,2,3,2,1,0,4,4,5,5,3,3,5,6,4,4,2,3,3,2,4,3,4,3,2,1,4,2,3,2,2,2,2,20,4,1,2,2,0,2,2,4,3,3,4,3,3,3,1,3,4,3,3,3,2,3,2,2,3,2,3,4,3,4,3,4,2,2,4,4,3,3,4,4,2,2,2,2,2,2,2,2,2,3,2,3,3,3,2,5,6,9,6,7,9,5,4,4,2,30,2,2,7,2,50,0,0,3500,901301,사람,인문계
32212,3,5,3,5,3,5,3,4,2,3,3,5,2,4,2,4,2,3,2,5,3,5,4,5,3,5,3,5,4,5,4,6,4,5,4,5,2,5,4,5,5,5,5,5,4,4,5,5,4,4,1,0,4,5,4,5,3,5,2,4,5,6,3,4,2,4,2,4,4,4,2,4,3,4,1,0,1,0,1,0,1,0,2,2,4,4,2,2,4,2,1,3,3,4,3,4,2,4,3,2,4,3,1,2,2,1,2,6,6,3,3,3,3,4,2,3,3,4,3,3,2,4,4,5,2,2,1,3,3,2,3,5,2,3,2,3,2,4,1,1,4,3,2,1,2,1,1,1,2,1,1,2,2,1,1,3,1,6,6,5,6,4,3,4,3,6,1,36,5,1,1,1,40,4800,2800,0,153204,조명시뮬레이션 심화교육 신규 업무 무량 증가 소프트웨어 사용 빅데이터 예측 자동화 인력 감소 예상,전자공학
32213,4,6,4,6,3,5,3,4,2,5,4,6,4,5,4,5,5,5,4,5,2,4,4,6,5,6,4,5,4,5,4,5,4,5,4,4,4,5,4,5,4,5,4,6,4,6,2,3,3,4,3,4,3,4,3,5,3,5,2,3,2,3,2,3,4,5,4,5,3,3,4,5,3,4,5,6,5,6,5,5,4,5,3,4,4,5,3,4,4,4,3,4,4,2,4,4,3,4,4,4,4,17,5,5,1,2,0,6,5,4,4,4,4,4,4,4,4,4,4,4,2,4,4,3,3,2,3,4,4,4,2,4,4,4,4,4,4,4,3,3,4,4,2,2,2,2,2,2,2,2,2,2,4,3,3,3,2,8,6,8,2,2,7,2,4,2,1,31,4,1,1,1,60,7600,4800,0,301103,의사 국시 외모 대한 관심 증가,의예
32214,4,5,4,5,4,5,4,5,4,6,5,6,3,5,4,6,5,5,2,6,5,6,3,6,4,5,4,5,4,6,4,6,3,6,4,7,3,5,4,6,4,5,4,6,3,4,3,5,4,5,4,6,4,5,3,5,3,5,3,5,3,5,3,5,4,6,4,5,4,5,4,5,3,4,3,5,3,5,4,5,4,5,4,5,3,5,3,5,4,4,4,4,3,4,4,4,4,4,3,4,4,15,2,2,1,2,0,7,5,4,4,4,4,3,3,4,3,3,4,4,3,3,3,2,2,2,2,2,2,4,3,3,3,3,3,3,4,4,3,3,4,4,2,2,2,2,2,2,2,2,2,1,2,3,3,3,2,5,7,5,3,5,8,5,5,5,1,50,4,1,1,1,40,7000,3000,0,903101,임업기사 외국인 노동자 대체,산림자원학
32215,2,2,2,2,2,1,2,2,2,2,1,0,2,2,2,2,2,2,2,2,2,2,2,2,3,3,2,2,2,2,2,2,2,2,2,2,2,2,2,2,2,2,2,3,2,2,2,2,2,2,2,2,2,2,2,2,2,3,2,2,2,2,2,2,2,2,3,4,3,3,4,5,2,2,2,3,2,3,2,2,4,6,2,2,2,2,2,2,4,4,4,3,3,2,3,2,2,3,3,3,3,2,2,4,2,1,2,1,2,3,3,3,3,3,3,3,4,3,3,3,3,3,3,4,4,4,4,3,2,4,4,4,4,3,3,3,3,4,4,3,4,4,2,2,2,2,2,2,2,2,2,2,2,2,2,2,2,6,5,4,6,5,5,5,6,4,1,47,2,1,1,1,45,4800,2000,0,705101,작업공구 안전장비 사용법 석탄 소비,공업고등학교
32216,2,2,3,3,2,2,2,3,3,2,2,1,3,3,3,2,4,3,2,2,4,3,2,3,2,1,3,3,2,1,5,3,2,2,2,1,1,0,1,0,3,3,4,2,3,3,4,2,2,3,5,3,4,3,4,3,3,4,5,4,2,2,4,3,3,3,2,4,4,3,5,3,3,1,3,3,3,2,3,3,2,4,2,2,2,2,3,2,3,2,1,4,3,3,4,3,2,4,4,3,2,13,1,2,1,2,0,2,4,4,2,3,4,3,4,4,4,3,5,4,3,2,4,4,4,2,3,2,4,5,5,4,3,3,5,4,4,2,3,3,5,4,2,2,2,2,2,2,2,2,2,2,4,3,3,3,1,7,4,4,3,4,5,3,7,7,1,50,4,1,1,1,45,5200,5000,0,705901,화약류관리기사 산업 발달 건물 개발 수요 증가,화학
32217,4,6,4,4,3,5,5,6,2,2,2,3,1,0,3,4,2,3,1,0,2,3,3,5,3,3,1,0,5,5,3,3,4,5,3,3,1,0,3,4,1,0,4,4,4,4,1,0,1,0,1,0,1,0,1,0,1,0,1,0,3,2,1,0,1,0,1,0,1,0,1,0,1,0,1,0,1,0,1,0,1,0,1,0,3,4,3,4,3,4,3,3,4,3,3,4,3,3,2,3,3,17,1,2,1,2,0,1,3,3,2,2,3,3,4,3,3,4,4,4,3,2,3,3,3,2,3,4,3,3,3,4,3,4,3,3,4,3,3,4,4,4,2,2,2,2,2,2,2,2,2,2,4,3,2,2,2,8,5,7,3,7,5,4,4,6,2,23,3,1,1,1,48,2280,2000,0,29202,의료코디네이트 자격증 병원 경쟁 고객 대한 서비스 강화 차원,미용학
32218,5,6,5,6,4,5,4,5,5,6,5,5,4,5,5,6,4,5,5,6,4,6,5,6,4,5,4,5,4,5,5,6,4,5,4,5,4,5,4,5,4,5,5,6,5,5,4,5,5,5,5,5,5,6,5,6,5,6,5,6,4,5,4,6,5,6,5,6,5,6,4,6,4,6,5,6,5,4,5,6,4,5,4,5,5,5,5,5,4,4,4,3,4,4,4,3,4,4,4,4,3,3,1,5,1,2,0,1,5,4,3,3,4,3,3,3,4,4,3,4,4,4,4,3,4,3,4,3,4,4,4,4,3,4,3,4,3,4,4,4,4,4,2,2,2,2,2,2,2,2,2,1,3,3,3,3,1,7,3,5,6,4,6,8,4,6,1,38,4,1,1,1,40,4200,2400,0,151102,기계건설기계 컴퓨터응용가공기사 정밀산업측정기사 변화,기계공학
32219,5,5,4,5,4,5,3,4,3,4,3,5,2,4,4,6,3,4,3,5,3,4,3,4,4,3,3,5,3,4,3,4,4,5,4,4,3,4,4,5,3,4,4,5,3,4,3,3,4,3,3,5,4,4,3,5,4,5,4,5,4,4,3,4,4,3,2,3,4,5,4,4,4,5,4,4,4,4,4,5,3,5,3,5,5,4,4,4,4,4,3,5,4,3,3,2,3,4,4,3,4,11,1,2,1,1,2,5,5,4,2,2,2,4,4,5,3,3,4,4,4,3,2,2,5,3,4,2,4,5,3,4,3,3,2,2,3,4,3,3,4,3,2,2,2,1,1,2,1,2,2,3,1,2,2,3,1,7,7,6,7,6,7,8,7,7,2,46,2,1,1,1,40,9000,4000,0,32401,보험판매 자격증 펀드판매 자격증 파생상품판매 자격증 혁신기업 교육훈련 ojt 과정 직무교육 지점 통합 폐쇄 전산 비대 업무 증가,상고
32220,4,3,3,4,2,3,3,4,2,3,3,3,1,0,1,0,3,2,1,0,3,3,4,3,4,3,4,3,4,3,1,0,4,4,5,4,4,4,5,5,3,4,1,0,3,3,3,4,3,4,2,2,1,0,1,0,2,3,1,0,3,3,1,0,1,0,1,0,2,3,2,2,1,0,2,2,1,0,3,2,1,0,1,0,3,5,3,4,3,4,5,3,2,4,3,4,3,2,4,3,3,17,1,1,1,1,1,2,4,3,2,2,3,4,5,2,3,4,3,3,2,3,3,2,3,2,2,2,4,5,3,4,2,3,3,3,3,2,2,4,4,4,2,2,2,2,2,2,2,2,2,3,3,2,2,2,1,7,7,6,3,3,4,7,8,7,2,28,3,1,1,1,45,3000,2200,0,29202,병원코디네이터 지속적인 의학지식 교육 디네 병원 사람 감정 업무 이기 때문 변화,치위생
32221,3,4,4,6,3,4,3,5,3,4,3,5,3,5,3,4,2,4,4,5,3,5,3,5,3,5,3,5,3,5,3,5,3,5,2,4,3,5,3,4,2,4,3,5,3,5,2,3,3,4,2,4,4,5,2,4,3,5,3,5,2,3,1,0,3,4,3,5,3,5,3,5,1,0,4,5,3,5,3,4,2,4,2,4,3,4,2,3,4,3,4,3,4,2,3,3,2,3,4,4,3,6,1,5,1,2,0,6,5,3,4,3,4,4,2,3,4,3,2,3,3,4,3,4,3,4,2,4,3,4,3,4,3,3,4,4,2,4,2,3,4,3,2,1,2,2,1,2,2,2,2,2,2,2,2,2,1,6,5,6,5,4,5,6,5,4,1,46,4,1,1,1,40,4000,3000,0,140501,토목기사 기술 도입 조직 인공 지능 발달,토목공학
32222,5,6,5,6,2,3,3,4,1,0,3,6,5,6,4,6,5,6,3,5,4,5,5,6,5,6,5,6,3,5,5,6,3,6,3,5,5,6,4,6,5,6,4,6,5,7,2,3,1,0,1,0,5,6,1,0,1,0,1,0,1,0,1,0,1,0,3,4,3,4,1,0,1,0,3,4,3,4,3,4,3,4,3,4,3,4,5,6,4,3,4,3,3,3,4,3,3,3,3,3,4,18,4,1,2,2,0,4,6,4,3,3,4,3,4,3,9,9,9,3,2,4,4,3,4,4,4,3,4,4,3,4,4,3,3,4,4,4,4,3,4,3,2,2,2,2,2,2,2,2,2,1,2,2,2,2,2,8,6,3,5,3,4,7,6,3,2,33,5,1,4,2,30,2500,1200,0,414503,경제 소득 감소 수요 부족,기악
32223,3,4,3,4,3,5,2,3,3,5,3,4,2,3,4,5,3,4,4,4,3,5,3,5,4,4,2,3,2,4,3,4,2,4,2,3,4,5,2,2,3,4,3,4,3,5,2,2,3,5,2,4,4,6,3,5,5,6,4,4,3,4,4,4,5,5,5,6,5,4,5,6,3,5,3,3,4,5,2,4,3,5,5,6,5,6,2,4,4,3,4,3,4,3,4,3,3,4,4,4,4,1,1,4,1,2,0,4,4,4,3,3,4,3,4,3,4,3,4,3,3,2,3,4,3,2,2,1,2,4,4,4,2,3,2,2,3,4,2,2,4,4,2,2,1,2,2,2,2,2,2,2,2,3,3,3,2,4,3,7,5,7,8,2,3,6,1,39,4,1,1,1,40,3800,2800,0,158501,초음파 비파괴검사 기능사 품질 기계 도입 조선업 불황 경영 악화 구조조정 예상,방사선학
32224,4,4,3,3,3,4,4,4,3,4,2,2,2,2,2,3,3,3,5,4,1,0,2,3,3,4,1,0,2,3,2,2,1,0,1,0,2,3,4,6,4,5,3,4,2,2,1,0,2,2,1,0,1,0,1,0,1,0,1,0,2,3,2,3,2,2,2,3,1,0,1,0,1,0,1,0,2,3,3,4,3,4,4,4,3,4,2,4,3,4,3,3,2,2,3,4,3,2,3,2,3,8,1,2,1,1,2,3,4,2,2,2,2,2,2,3,3,3,3,3,4,2,2,4,3,4,2,4,2,4,2,4,3,4,3,3,4,3,5,3,5,4,2,2,2,2,2,2,2,2,2,2,2,2,2,2,1,8,7,9,5,9,9,6,7,6,2,30,4,1,3,2,42,2400,2300,0,522201,일본어 자격증 선박안전교육 일본 관광 여행,일본어학
32225,3,3,2,3,2,3,2,3,2,3,2,4,2,3,2,3,2,3,3,5,3,5,3,5,3,4,3,5,3,3,2,3,2,2,2,2,2,3,2,3,2,3,3,3,2,4,3,4,3,4,2,4,3,5,4,5,4,5,5,6,4,5,4,5,3,5,4,5,4,4,3,5,2,3,3,3,2,3,2,3,2,2,2,3,3,4,3,4,3,3,3,2,2,2,2,3,3,2,2,2,2,19,4,1,1,2,0,2,2,3,4,3,3,4,4,4,9,9,9,4,4,4,3,3,4,3,3,3,4,4,3,2,2,2,3,2,2,3,2,2,3,3,2,2,2,2,2,2,2,2,2,1,2,2,2,2,2,5,4,4,4,7,7,6,5,5,1,42,4,2,6,1,50,0,0,3600,812901,자동차정비기능사 오토바이 선호,기계공학
32226,3,5,3,5,2,3,2,4,3,5,2,4,1,0,2,2,3,3,2,3,2,3,3,4,2,3,4,4,2,3,2,3,2,3,2,3,3,4,2,3,4,5,3,4,2,3,1,0,2,3,3,4,4,4,3,4,3,3,2,3,3,3,4,5,2,3,2,2,2,3,3,4,3,4,1,0,1,0,1,0,1,0,1,0,4,4,3,4,3,4,3,3,3,3,5,2,3,3,2,3,4,13,2,6,1,1,2,7,5,3,3,3,4,4,3,3,3,3,4,4,2,5,4,4,4,3,3,4,4,3,2,5,3,2,2,3,3,5,3,4,5,5,2,1,2,2,2,1,2,2,2,2,4,2,2,3,1,5,5,6,4,6,4,3,5,6,1,46,5,1,1,1,42,6000,3000,0,151301,인종 검사원 자격 KS Code 이사장 취임 시도 사업 진행 효과 검증 안전 보건 관련 관심 증가 일자리 증가,안전공학
32227,2,2,2,2,2,2,3,3,2,1,4,4,2,2,3,3,3,2,3,4,3,2,2,2,3,4,3,4,3,4,4,5,2,2,3,4,3,3,3,3,4,5,3,3,3,4,2,3,3,3,4,5,3,4,3,5,4,3,2,2,3,4,3,5,3,4,3,4,3,5,4,5,5,4,3,4,3,5,4,5,3,5,3,3,3,4,3,5,3,2,2,3,3,2,3,4,2,2,4,4,3,6,1,4,2,2,0,6,2,4,4,3,4,3,3,4,4,5,4,4,2,4,4,2,4,4,4,3,4,4,3,4,4,3,3,4,2,3,4,4,4,4,2,2,2,2,2,2,2,2,2,1,3,3,3,3,2,8,4,7,2,3,4,7,5,6,1,37,4,1,1,1,40,4700,3500,0,16101,현장 관리자 역할,토목공학
32228,2,1,2,2,2,2,3,3,2,2,2,1,3,3,3,3,3,3,4,4,1,0,2,2,3,3,2,3,5,3,5,4,1,0,1,0,1,0,5,5,2,2,2,2,3,3,3,3,5,4,1,0,4,3,1,0,5,5,3,3,1,0,1,0,4,3,3,3,2,2,2,2,1,0,4,2,3,3,3,3,3,4,2,2,5,3,2,1,4,3,5,4,4,1,5,3,4,2,5,2,5,18,4,1,1,1,4,4,5,4,3,4,4,4,4,3,9,9,9,4,3,4,4,2,3,4,4,3,4,3,3,4,4,5,4,4,4,4,4,3,4,3,2,2,2,2,2,2,2,2,2,1,2,2,2,2,2,7,5,5,3,3,5,7,6,4,1,31,4,2,6,1,32,0,0,2800,414201,사진기능사 기초직무교육 사진 작가 사람,사진영상예술학
32229,5,6,5,7,3,5,5,5,1,0,4,6,1,0,4,3,3,2,1,0,5,5,1,0,4,6,5,5,4,4,1,0,2,4,1,0,2,4,4,3,5,4,3,5,3,4,4,3,4,2,3,3,1,0,1,0,2,3,1,0,4,5,1,0,1,0,1,0,1,0,1,0,2,3,4,4,2,3,1,0,1,0,3,5,4,6,4,6,4,5,4,2,5,4,4,1,3,4,3,3,3,17,1,1,1,2,0,6,5,4,4,4,4,4,4,3,9,9,3,3,1,4,4,5,4,4,4,1,4,4,2,4,3,4,4,4,4,5,4,3,5,4,2,2,2,2,2,2,2,2,2,1,2,2,2,2,2,4,5,6,5,5,4,8,4,1,1,49,4,2,5,1,44,0,0,8000,301201,의사면허 인구 감소 의사 매출,의학
32230,3,3,3,3,2,2,2,3,4,6,4,5,2,3,3,4,3,5,3,4,2,3,4,5,3,4,4,4,4,4,3,3,2,2,2,2,4,5,3,4,3,4,4,4,4,5,3,3,3,4,4,4,3,3,3,4,4,5,4,5,4,5,4,5,4,4,4,4,4,4,4,5,4,5,3,4,3,4,3,3,3,4,2,3,3,4,3,4,4,3,3,4,3,2,3,2,3,3,4,4,4,4,2,4,1,2,0,4,3,4,4,4,4,4,4,4,4,4,4,4,2,4,4,4,3,3,3,4,4,4,2,4,4,4,4,4,4,4,3,3,4,4,2,2,2,2,2,2,2,2,2,2,3,3,3,3,2,7,7,6,5,4,4,5,4,4,1,44,4,1,1,1,45,5200,4000,0,833001,전자산업기사 전자기사 원자력기사 발전 장치 자동화 설비 첨단 화로 고용 크게 증가 예상,전기
32231,4,5,5,5,3,4,3,4,3,4,4,5,2,3,3,4,3,4,4,5,2,4,3,4,3,5,2,3,3,4,2,4,2,3,3,4,3,5,3,5,5,5,3,4,4,4,2,4,4,4,3,4,3,4,4,5,2,4,2,3,5,6,3,5,4,4,2,4,3,3,2,3,2,3,2,4,3,4,3,3,2,4,2,3,3,4,3,4,3,3,4,4,3,4,4,3,4,4,4,3,3,11,1,4,2,2,0,2,5,5,4,4,5,4,4,4,4,4,5,4,1,4,3,5,2,3,4,3,4,3,4,4,4,3,3,3,3,4,4,3,3,4,2,2,2,2,2,2,2,2,2,1,2,3,2,3,1,8,7,5,4,4,5,3,5,5,1,43,4,1,1,1,40,4200,3100,0,26103,업무 주행 과도 스트레스 일자리 감소,경영학
32232,3,4,2,3,2,3,2,3,1,0,1,0,1,0,2,3,3,4,1,0,1,0,1,0,1,0,1,0,2,3,1,0,1,0,2,3,2,3,1,0,1,0,1,0,3,4,1,0,1,0,3,4,1,0,1,0,1,0,1,0,3,4,1,0,1,0,1,0,1,0,1,0,1,0,1,0,1,0,1,0,1,0,1,0,1,0,1,0,3,3,3,4,4,4,4,3,3,3,4,3,4,16,5,2,2,2,0,7,4,3,2,2,4,3,3,4,3,3,4,3,3,3,3,4,3,2,3,3,3,4,4,3,3,4,4,3,3,3,4,3,3,3,2,2,2,2,2,2,2,2,2,1,3,2,2,3,1,3,4,5,6,4,5,6,4,6,1,47,4,1,1,1,40,4421,3510,0,26201,기업 활동 인사 노무 사무,행정학
32233,5,6,3,7,4,5,4,6,4,4,2,2,1,0,2,2,4,2,1,0,2,3,3,3,1,0,3,2,2,3,4,5,5,6,3,4,3,3,5,6,4,5,2,2,5,3,3,4,1,0,1,0,1,0,1,0,1,0,1,0,4,5,1,0,1,0,1,0,1,0,1,0,1,0,1,0,1,0,1,0,2,3,2,3,3,4,2,4,4,3,5,3,3,4,3,3,3,3,2,2,5,11,1,3,1,2,0,3,2,3,2,2,4,3,3,3,3,3,4,3,4,3,2,4,4,3,2,2,3,5,4,4,3,2,2,2,3,4,4,3,4,4,2,2,2,2,2,2,2,2,2,2,2,2,2,2,1,7,6,5,5,4,4,5,6,5,2,51,2,1,3,2,40,4600,2500,0,33202,보험설계사자격증 변액보험판매관리사 보험 상품 판매,상고
32234,4,5,4,5,4,5,4,5,3,4,4,5,1,0,3,4,4,4,3,4,3,4,4,4,3,4,4,4,3,4,4,5,3,4,3,4,3,5,4,5,4,5,3,4,4,4,1,0,1,0,2,2,3,4,1,0,3,4,3,4,3,4,2,3,4,4,4,5,5,5,5,6,1,0,5,5,4,5,3,4,3,4,3,4,3,4,3,4,4,4,4,4,4,3,4,4,4,4,4,5,4,3,1,6,1,1,6,6,2,4,3,4,4,4,4,4,4,3,3,4,3,4,4,4,4,4,4,4,4,3,2,5,4,4,5,4,4,5,4,4,4,4,1,1,1,2,1,1,2,1,1,3,4,2,2,2,2,8,8,7,8,7,7,7,8,8,1,55,2,1,1,1,50,8500,2500,0,815001,전기용접 판금 PLC제어 전기기술 공압제어 유압제어 로보트 OP 용접장치 기타등등 신형 장비 설치 기술 습득 그로 그램 업그레이드 대응 인공 지능 기술 적용 장비 유지관리 업무 증가 때문,공고
32235,2,2,2,2,1,0,3,4,3,4,1,0,1,0,4,3,3,5,1,0,1,0,1,0,3,4,1,0,4,3,3,3,1,0,1,0,1,0,3,4,2,3,1,0,2,3,1,0,1,0,1,0,1,0,1,0,3,4,1,0,1,0,1,0,2,3,3,4,3,4,3,4,1,0,5,4,4,3,4,4,3,4,4,4,3,4,3,4,2,3,2,2,1,1,1,1,3,2,2,3,3,7,4,1,2,2,0,7,1,2,2,2,3,1,3,3,1,3,3,3,3,3,3,4,3,2,5,1,4,2,4,4,2,1,1,1,2,4,3,1,4,4,2,2,2,2,2,2,2,2,2,1,2,3,2,3,2,7,7,6,5,7,6,7,6,5,1,43,2,1,4,1,48,2500,1900,0,615701,셀프 주유소 갈수록 추세,인문계
32236,3,5,3,4,2,4,3,5,1,0,2,5,3,4,2,4,2,4,2,4,2,4,4,5,4,5,3,5,3,5,3,5,2,4,2,5,5,6,4,5,2,4,2,5,4,6,3,6,2,4,3,5,1,0,1,0,1,0,1,0,2,4,1,0,2,5,1,0,1,0,2,5,1,0,1,0,2,5,5,5,2,6,2,4,2,5,4,6,3,5,2,3,5,5,4,2,3,1,5,3,5,16,5,2,2,2,0,4,4,4,4,3,4,3,4,3,9,4,4,3,3,2,4,4,3,2,1,1,1,3,5,5,4,5,2,5,5,5,4,4,5,5,2,2,1,1,1,2,2,2,2,2,2,2,2,2,1,5,4,8,3,8,8,7,7,3,1,35,4,1,1,1,46,3700,2300,0,214401,시스템 장비 노후 사임 온라인 방송 무료 강습,실용음악
32237,4,4,3,3,4,4,4,4,4,5,4,5,4,5,4,4,4,4,4,4,4,5,4,5,2,1,3,3,4,4,4,4,4,4,4,4,4,4,3,3,4,4,4,4,3,3,4,4,4,4,3,3,4,4,4,5,4,4,4,4,3,3,4,4,4,4,3,3,3,3,2,2,2,2,1,0,1,0,1,0,1,0,1,0,2,2,4,5,4,4,3,3,4,4,3,4,2,3,3,3,4,18,1,3,2,2,0,1,5,3,3,3,3,4,4,3,3,3,3,3,3,3,2,4,2,3,3,4,3,4,4,3,2,2,3,3,2,3,2,2,3,4,2,2,2,2,2,2,2,1,1,2,2,2,2,2,1,7,7,6,4,3,5,4,6,7,2,36,4,1,3,2,52,3800,3000,0,24402,최신 시스템 도입 자동화 시스템,영상
32238,5,6,4,6,4,6,5,6,2,3,4,6,3,5,4,5,4,6,3,4,4,6,4,5,4,5,4,5,5,6,4,5,4,5,4,5,3,5,5,5,4,5,4,5,4,5,2,3,2,3,4,5,2,4,1,0,1,0,1,0,4,5,1,0,2,3,1,0,1,0,1,0,1,0,1,0,1,0,2,3,2,2,3,3,3,3,4,5,4,4,3,2,4,3,4,3,4,4,3,3,4,13,1,1,1,2,0,5,5,3,3,3,3,4,3,3,3,4,4,3,3,4,3,2,3,2,3,4,2,3,2,4,3,2,3,2,3,4,3,2,5,4,2,2,2,2,2,2,2,2,2,1,3,2,2,2,2,5,4,5,6,7,5,6,6,8,2,35,4,1,1,1,40,2500,2000,0,231201,전문상담교사 2급 로봇 대체 기술,유아교육학
32239,3,4,4,4,3,4,4,5,3,4,3,5,4,4,4,5,4,5,4,4,3,4,3,4,4,4,4,4,4,5,4,5,4,5,4,5,4,5,4,6,5,6,4,5,4,5,4,5,4,5,5,5,1,0,1,0,1,0,1,0,3,4,4,5,1,0,1,0,1,0,1,0,4,5,1,0,1,0,1,0,1,0,3,3,5,5,4,3,4,4,3,4,4,4,3,5,4,3,5,3,5,16,5,6,2,2,0,6,5,4,4,4,5,4,4,4,4,9,4,4,2,4,4,4,4,3,2,4,4,5,2,5,3,4,4,3,2,5,3,2,4,4,2,2,2,2,2,2,2,2,2,1,2,3,3,3,2,5,4,6,7,6,6,3,6,8,1,61,6,1,1,1,40,9500,7000,0,13204,갈수록 학생 구조조정,정치학
32240,3,4,4,4,2,2,2,3,4,5,4,5,2,4,4,5,4,5,3,5,2,3,2,3,3,4,3,4,3,4,3,4,2,3,3,3,3,4,3,4,4,4,3,4,3,4,2,4,4,5,4,5,4,5,4,4,3,5,4,5,4,5,4,5,3,4,3,5,4,5,3,5,3,5,3,3,3,4,3,4,3,3,3,3,4,5,3,4,4,3,4,3,4,3,4,3,3,3,2,4,4,10,1,3,1,1,3,3,4,3,3,2,4,4,3,3,4,4,4,4,3,3,4,4,5,4,4,3,3,4,3,4,3,4,3,4,3,4,4,4,4,3,2,2,2,2,2,2,2,2,2,2,2,3,1,3,2,5,6,4,3,3,4,5,6,6,1,41,4,1,1,1,44,5400,2800,0,131101,컴퓨터하드웨어기술자 통신 네트워크 기술 수원 사업 환경 변화 산업 트렌드 변화,정보통신공학
32241,3,4,3,5,2,2,4,7,4,6,4,7,1,0,4,4,4,5,2,6,3,6,2,7,5,7,3,6,5,5,1,0,4,6,4,6,3,6,4,3,5,6,3,7,3,4,2,3,4,6,3,3,2,4,2,4,3,5,2,3,2,2,3,3,1,0,3,2,2,2,1,0,1,0,5,7,4,6,2,4,1,0,1,0,5,6,5,5,4,4,4,5,5,4,3,3,4,4,5,5,4,17,1,1,1,1,3,6,7,5,5,5,4,5,5,5,9,9,3,4,1,4,3,2,3,3,3,5,5,5,2,4,4,4,5,5,3,5,4,1,5,4,2,2,2,2,2,2,2,2,2,1,3,2,2,2,1,8,7,6,4,3,2,2,8,7,1,44,6,2,5,1,48,0,0,25000,301103,성형외과전문의 병원내 내방고객에 대한 교육 기계 대체 불가,의예
32242,4,3,4,4,3,3,3,4,2,3,3,3,5,5,3,3,5,5,2,2,1,0,1,0,3,4,1,0,4,4,3,3,3,3,2,2,3,3,4,4,3,3,4,3,4,4,3,4,1,0,1,0,1,0,1,0,3,3,1,0,1,0,1,0,3,3,3,3,3,3,3,3,1,0,5,5,3,3,2,2,3,3,2,2,5,3,2,2,3,5,4,2,3,3,2,5,2,3,3,3,4,19,4,1,1,1,3,6,1,3,2,2,3,3,2,3,9,9,3,3,3,3,4,2,3,2,3,2,2,3,4,3,3,5,5,4,3,4,3,5,5,5,2,2,1,2,2,1,2,2,2,1,3,1,2,2,2,2,2,5,4,8,8,6,5,5,1,38,3,2,6,1,45,0,0,3200,511101,이용사 남성커트 클리퍼 자가진단 고객 발열 체크 미용실 증가 변화,멀티미디어
32243,5,5,3,4,3,5,4,5,4,4,4,5,1,0,4,5,3,5,4,4,4,5,3,4,4,4,4,5,4,5,4,5,4,5,4,5,4,5,4,5,4,4,4,5,5,4,4,4,4,4,4,4,4,4,1,0,3,4,4,4,4,5,5,5,3,4,4,4,4,4,4,4,4,5,2,2,5,5,3,4,1,0,3,4,5,5,3,3,4,4,2,4,4,3,4,4,3,4,4,4,4,13,2,4,1,2,0,4,4,4,4,4,5,5,4,4,4,4,4,4,1,4,5,4,3,2,3,4,3,5,3,4,4,5,4,4,3,4,3,2,5,5,2,2,2,2,2,2,2,2,2,2,3,3,3,3,2,8,5,1,3,1,1,1,1,5,1,35,4,1,1,1,42,3800,3000,0,152201,금속재료산업기사 신소재 개발,신소재공학
32244,3,4,5,6,2,3,3,4,4,4,2,3,3,4,3,4,3,3,3,3,4,4,4,4,4,4,4,4,4,5,4,5,3,4,4,5,3,4,5,5,4,6,4,5,3,3,2,2,2,3,1,0,4,5,3,3,4,5,3,4,2,3,4,6,4,5,4,4,4,5,3,4,3,5,4,5,4,5,4,5,3,4,2,3,3,5,3,3,4,5,3,3,5,1,4,4,3,3,4,3,4,3,1,2,1,2,0,2,2,2,3,3,4,5,4,2,3,2,3,4,4,3,2,3,3,4,3,2,2,3,2,4,3,3,2,2,3,3,4,3,4,2,2,2,2,2,2,2,2,2,2,2,2,3,3,3,2,7,6,6,4,4,4,6,4,4,1,31,2,1,1,1,40,2500,2500,0,832201,전자산업기사 기술 발전 고장률 감소,공고
32245,3,4,4,5,2,3,4,5,2,2,2,3,1,0,2,2,4,6,4,5,2,2,2,2,3,3,4,4,3,4,2,2,1,0,2,2,3,4,3,4,3,3,1,0,4,5,1,0,1,0,3,4,1,0,1,0,2,2,1,0,2,3,2,2,1,0,1,0,2,2,1,0,1,0,1,0,5,5,5,6,4,5,4,6,3,3,2,3,4,2,4,2,2,1,4,2,2,3,2,2,2,15,2,3,1,2,0,3,2,4,3,4,4,3,3,3,2,2,3,3,3,3,3,3,4,3,3,4,3,3,4,3,2,4,4,3,4,3,2,3,4,4,2,2,2,2,2,2,2,2,2,1,2,1,3,3,2,5,6,7,4,5,4,5,6,6,1,50,2,1,1,1,40,3900,2100,0,624201,운전면허증 온라인 이용 증가,인문계
32246,4,4,4,4,4,4,4,4,3,3,4,4,4,4,3,3,4,3,4,4,4,4,4,4,4,4,3,4,4,4,3,5,3,5,4,4,4,4,3,4,5,5,3,3,3,3,4,4,4,4,4,4,4,4,4,4,4,4,4,4,4,4,4,4,4,3,4,4,4,3,4,4,4,5,4,5,4,4,4,4,4,4,4,4,4,4,4,4,4,3,4,3,4,3,4,4,3,4,4,3,4,3,1,3,1,2,0,3,2,4,5,4,4,5,4,4,3,4,4,4,3,5,4,3,4,3,4,3,4,3,4,4,3,4,4,3,4,4,3,4,4,3,2,2,2,2,2,2,2,2,2,3,2,2,2,2,2,6,7,8,5,6,7,7,8,7,1,44,2,1,1,1,50,3200,2000,0,873101,식육가공 기능사 없다 기반 자율 작업 로봇 사람 분량 수행,이과
32247,3,4,3,5,1,0,3,4,4,5,4,5,1,0,2,3,4,5,4,5,1,0,3,4,2,3,3,4,2,2,1,0,2,4,3,4,5,5,5,3,4,5,2,3,3,4,1,0,1,0,1,0,1,0,1,0,4,5,1,0,1,0,3,3,3,4,3,4,4,5,4,5,2,3,3,3,4,4,3,4,3,4,3,4,4,5,3,4,4,2,3,4,3,2,3,3,3,2,4,5,4,3,1,2,2,2,0,6,2,3,3,2,3,4,3,4,4,4,4,4,2,3,3,4,4,2,2,1,4,4,4,4,3,4,3,3,3,5,3,3,5,4,2,2,2,2,2,2,2,2,2,2,2,3,3,3,2,5,5,6,4,4,3,6,4,4,1,49,2,1,1,1,40,5000,2600,0,852401,정의 자동화,전기
32248,4,5,3,3,4,5,2,3,2,2,2,3,4,5,3,4,4,4,1,0,2,3,2,3,2,2,3,4,3,4,4,5,3,4,2,2,2,2,3,4,3,3,3,4,2,3,2,2,2,2,3,4,3,3,4,5,4,5,3,3,5,5,3,3,3,4,3,4,2,2,2,3,3,4,3,3,2,3,3,4,3,4,1,0,4,5,2,2,4,4,3,4,4,3,3,3,3,4,4,3,4,13,1,1,2,2,0,6,5,3,2,3,3,2,3,2,3,3,3,3,4,3,3,2,3,3,4,2,3,2,5,3,2,4,3,4,3,2,4,3,3,2,1,2,2,2,1,1,2,1,1,3,3,2,2,3,1,6,6,6,5,4,3,3,3,3,2,41,4,1,1,1,40,3000,2000,0,415501,업무 강동 업무 환경 변화 대체 창의력 사람,산업디자인
32249,5,6,4,5,4,6,4,5,3,4,4,6,3,4,3,4,3,5,4,5,4,5,4,6,4,5,4,4,4,5,4,5,4,5,4,5,4,5,4,5,4,5,4,5,4,6,4,5,4,5,4,6,4,5,4,5,4,5,4,6,4,5,4,6,4,6,4,5,4,5,4,5,4,5,4,5,4,5,4,5,4,5,4,5,4,6,5,5,4,4,5,4,3,4,4,4,4,5,4,4,4,17,1,2,1,2,0,6,6,4,5,4,5,4,4,4,3,4,4,4,2,5,4,4,4,4,5,4,4,4,4,4,5,4,4,5,4,4,5,4,4,4,2,2,2,2,2,2,2,2,2,1,3,3,3,3,2,8,3,2,2,4,4,8,5,6,2,38,5,1,1,1,48,12000,7000,0,301108,의사면허증 의료 수가,의학
32250,5,6,5,5,4,5,5,6,4,5,3,4,2,3,3,3,3,4,3,4,2,4,4,6,3,5,3,4,3,5,4,6,4,5,4,5,3,5,4,5,3,5,4,6,5,7,5,6,3,4,4,6,2,3,2,3,1,0,1,0,2,3,1,0,1,0,1,0,1,0,1,0,2,3,1,0,1,0,1,0,2,3,2,3,3,4,3,4,5,4,4,4,4,4,4,4,4,4,4,4,4,11,1,4,1,2,0,3,2,4,3,3,4,4,5,4,4,3,4,4,3,3,3,4,3,3,2,1,2,4,4,5,3,4,3,2,3,3,3,3,5,4,2,2,2,2,2,2,2,2,2,2,2,2,2,2,1,5,6,5,4,5,4,6,5,6,2,40,3,1,1,1,50,4000,2000,0,33202,보험설계사 비대 증가 국가 지원이 예상,사학
32251,4,6,5,6,5,6,4,6,4,5,4,5,1,0,4,6,4,5,2,3,3,3,3,3,4,5,3,4,3,3,3,5,1,0,1,0,2,3,3,3,3,4,2,2,4,5,3,5,2,3,3,4,1,0,1,0,2,2,3,3,4,4,3,5,4,4,2,4,2,3,4,5,2,4,3,3,3,3,4,5,1,0,4,5,4,4,3,4,4,3,4,5,4,3,4,2,3,4,3,2,2,8,1,6,2,2,0,3,5,3,4,4,5,4,4,5,3,4,5,4,2,4,4,4,5,2,3,3,2,4,4,4,3,4,2,5,3,3,4,3,5,4,2,2,2,2,2,2,2,2,2,1,3,3,2,3,2,6,4,2,3,5,5,4,3,5,1,46,4,1,1,1,45,5100,3400,0,28203,물류 거래 택배 증가,항공학
32252,3,5,4,5,3,4,4,5,3,4,4,4,4,5,3,4,4,4,4,5,4,5,4,6,4,6,4,6,4,6,5,6,4,5,4,5,4,6,5,6,4,6,5,6,5,6,3,4,3,4,4,5,4,6,4,5,3,5,3,4,3,4,4,5,3,4,3,4,4,5,3,4,3,4,4,6,5,6,5,6,4,6,5,6,4,6,4,5,4,5,4,2,4,2,2,4,3,4,4,2,4,15,2,2,1,2,0,5,4,4,2,2,2,3,2,2,2,2,3,2,4,2,2,4,3,4,4,3,4,3,2,4,4,5,4,4,5,5,4,4,4,4,2,1,2,2,1,1,2,2,2,1,4,2,2,2,1,8,7,2,2,3,2,2,2,3,1,35,4,1,1,1,45,3200,2000,0,420402,생활스포츠지도사 재활트레이너 재활 관련 컴퓨터 프로그램 활용 기계 모든 대신 분야 이기 때문,체육학
32253,3,5,4,5,3,4,3,4,4,5,4,5,3,4,4,5,3,4,4,5,3,4,4,5,4,5,2,3,2,3,3,4,2,3,2,3,4,5,2,3,3,4,4,5,3,4,3,4,2,3,3,4,3,4,3,4,3,5,2,3,3,4,2,3,3,4,3,4,2,3,2,3,3,4,4,5,3,4,3,4,3,5,2,4,3,4,3,4,4,3,3,3,4,4,4,4,4,4,4,3,4,6,1,2,1,1,5,5,5,4,4,4,4,4,4,3,4,4,4,4,2,4,3,3,4,2,3,4,4,4,3,4,4,4,3,3,4,4,3,2,4,3,2,2,2,2,2,2,2,2,2,2,4,3,2,2,1,7,7,7,3,3,7,7,3,3,1,44,4,1,1,1,48,5300,2500,0,140101,건축사 건축사 설계 실무 교육 아파트 형태 주거 주택 대한 관심 증가,건축학
32254,1,0,1,0,1,0,1,0,2,2,2,2,1,0,1,0,1,0,2,2,2,3,2,3,1,0,2,2,1,0,1,0,1,0,1,0,1,0,1,0,3,4,1,0,1,0,1,0,3,4,1,0,5,5,4,5,4,5,4,5,4,5,4,6,5,5,4,5,3,4,4,5,3,4,4,5,3,4,1,0,2,2,1,0,3,4,3,4,3,4,3,3,4,3,3,3,4,3,4,3,3,13,1,2,2,2,0,7,5,3,4,3,4,4,4,4,3,4,3,4,3,4,3,3,4,3,4,3,3,3,4,3,4,4,4,4,4,4,4,4,4,4,2,2,2,2,2,2,2,2,2,2,3,3,3,3,2,6,7,7,8,8,8,5,6,5,1,31,4,1,1,1,40,3200,2400,0,136001,통신망 발달,정보통신
32255,2,3,2,3,2,2,2,2,2,3,2,2,1,0,2,3,2,3,2,3,2,3,2,2,3,3,1,0,1,0,1,0,1,0,1,0,2,3,1,0,2,3,1,0,2,2,1,0,1,0,1,0,1,0,2,2,1,0,3,4,1,0,1,0,2,2,2,2,2,2,2,2,1,0,3,2,2,2,2,2,3,3,2,3,3,3,2,2,2,2,3,2,2,2,2,2,3,2,1,2,1,19,1,2,1,2,0,3,1,3,2,2,2,2,2,2,2,2,3,2,4,2,1,5,3,3,4,2,3,3,3,5,1,2,3,4,3,5,3,3,4,4,2,2,2,2,2,2,2,2,2,4,1,3,3,3,2,7,5,5,4,4,5,7,7,5,1,28,3,1,1,1,40,3000,3000,0,817101,자동차검사기능사 설비 자동화,자동차학
32256,2,3,2,4,1,0,2,4,3,3,2,4,1,0,2,3,2,2,2,2,1,0,2,3,3,4,1,0,2,3,2,3,1,0,1,0,2,3,3,4,2,3,1,0,2,2,1,0,1,0,1,0,1,0,1,0,2,3,2,2,1,0,1,0,3,3,2,3,2,3,2,3,1,0,4,4,3,4,3,4,4,6,3,5,2,2,2,3,2,3,2,3,3,1,2,3,1,4,2,3,2,6,4,1,2,2,0,3,1,3,2,2,3,3,1,3,3,4,4,4,3,2,3,4,4,3,3,1,3,3,3,4,3,3,2,2,3,4,3,2,4,4,2,1,1,2,2,2,1,2,2,2,1,3,2,2,2,7,5,7,4,6,5,4,6,6,1,40,4,1,4,2,40,3600,2400,0,701301,고용 직업 강도 취업 감소 직업 강도 안전 사고 위험 신규 진입,경영학
32257,4,4,4,4,3,5,3,5,4,5,3,5,3,5,3,4,3,4,4,4,4,4,4,5,3,4,4,4,3,5,3,4,4,5,3,5,3,5,3,4,3,4,3,4,3,4,3,5,3,3,4,4,4,4,3,5,3,5,4,5,3,5,3,4,3,4,3,5,3,5,3,5,3,5,4,4,3,5,3,4,4,5,4,5,3,4,3,5,4,3,5,4,4,4,4,4,3,4,4,4,4,8,1,2,1,2,0,4,3,4,4,3,4,3,4,3,3,4,3,4,3,4,4,3,3,4,3,3,4,3,3,4,3,3,4,3,3,4,4,3,3,3,2,2,2,2,2,2,2,2,2,1,4,2,1,2,2,4,7,6,6,8,7,6,5,7,1,38,2,1,1,1,40,2500,1600,0,623002,지게차면허 물류 창고업,인문
32258,2,3,2,2,2,2,2,2,2,2,1,0,1,0,2,3,2,4,1,0,2,3,2,3,2,4,2,2,3,4,2,4,2,4,1,0,1,0,3,3,2,3,2,4,2,2,3,4,3,4,1,0,2,3,1,0,2,3,2,3,1,0,1,0,2,3,2,2,2,2,2,2,1,0,2,2,2,2,2,2,3,3,2,3,2,2,2,2,4,4,3,3,3,1,3,4,3,3,2,2,5,19,4,1,2,2,0,7,1,2,2,2,4,3,3,3,9,9,9,2,4,2,2,2,3,4,2,2,4,4,3,4,4,3,4,3,3,5,3,3,4,4,2,2,2,2,2,2,2,2,2,3,2,2,2,2,2,8,7,7,8,6,6,6,7,7,1,65,1,2,6,1,50,0,0,3000,561501,대규모 세탁공,0
32259,5,6,5,6,5,6,4,6,5,6,5,6,4,6,4,6,5,6,4,6,4,6,5,6,4,6,4,6,4,6,4,6,4,6,4,5,4,6,4,5,4,6,4,6,4,6,4,6,4,6,4,6,4,6,4,6,4,6,4,6,4,6,4,5,4,6,4,6,4,6,4,6,4,6,4,6,4,6,4,5,4,5,4,5,4,5,3,5,3,3,3,3,4,3,3,3,3,3,3,3,3,15,2,5,2,2,0,5,6,3,3,3,4,4,4,3,3,3,3,3,3,3,3,3,3,3,2,2,3,3,4,3,3,3,3,2,3,2,4,3,3,4,2,2,2,2,2,2,2,2,2,2,3,3,3,3,2,2,3,4,5,5,5,3,5,5,1,38,5,1,1,1,48,4800,3000,0,155103,상태 유지,전기공학
32260,5,6,4,5,1,0,3,3,4,3,3,3,3,3,2,3,5,7,3,3,3,4,2,2,3,6,1,0,1,0,1,0,1,0,1,0,3,3,3,3,3,4,1,0,1,0,1,0,3,3,3,4,3,4,2,2,3,3,5,7,3,3,3,3,3,6,3,4,5,7,5,7,1,0,4,6,4,6,4,6,3,5,4,5,5,6,4,5,4,4,3,4,3,3,4,4,3,4,4,4,3,15,2,5,1,1,4,3,2,4,3,3,1,3,2,3,3,4,4,3,2,3,3,3,4,5,4,3,4,4,3,4,4,2,3,3,4,5,5,2,3,2,2,2,2,2,2,1,2,2,2,1,3,3,3,3,2,3,2,4,2,3,4,1,5,7,1,30,3,1,1,1,30,3000,2200,0,812102,항공정비사 정비개론 외국어 교육 영어 장비 도입 정비 교육 변화,항공정비
32261,2,2,3,4,2,2,4,4,1,0,2,4,4,3,2,2,3,3,3,3,3,2,2,2,3,2,3,3,4,3,4,3,3,3,3,3,3,2,4,4,4,3,3,3,4,3,2,2,2,2,2,2,3,3,2,1,3,2,2,1,1,0,2,1,3,2,3,2,3,2,3,2,2,1,2,4,2,2,3,3,3,2,2,2,3,4,2,2,4,4,4,2,3,2,2,2,2,3,3,3,2,19,1,1,1,1,6,6,2,3,2,3,4,4,3,3,3,4,4,3,3,3,3,3,3,2,2,3,3,3,3,4,3,4,4,3,4,4,4,4,4,3,2,2,2,2,2,2,2,2,2,1,4,3,2,3,2,5,6,6,5,4,4,5,4,4,2,34,2,1,1,1,52,2450,2000,0,511201,미용사 미용 실무교육 헤어 미용 소비자 관심 증가,미용학
32262,4,6,4,5,5,6,4,5,4,5,4,5,3,4,4,4,5,6,4,5,4,5,4,5,5,5,4,5,4,5,4,5,4,6,4,5,5,6,4,5,4,4,4,5,4,4,4,6,4,5,4,5,4,4,1,0,2,3,2,3,5,6,1,0,3,3,2,2,4,5,3,3,2,2,1,0,2,3,2,3,1,0,2,3,4,5,3,3,4,3,3,4,4,3,4,3,3,4,4,3,3,19,1,2,1,2,0,7,4,4,5,4,4,4,3,4,9,9,9,4,4,5,4,4,4,4,4,4,5,4,4,4,3,4,4,4,4,4,4,3,4,4,2,2,2,2,2,2,2,2,2,1,3,3,3,3,1,9,2,2,5,5,5,8,8,2,2,52,4,1,1,1,40,3900,2400,0,306903,놀이치료사자격증 사람 직접 일이,대학교 놀이치료학
32263,2,2,2,3,3,3,2,2,1,0,1,0,1,0,2,1,1,0,1,0,1,0,1,0,3,3,1,0,3,3,2,3,2,2,1,0,1,0,1,0,2,2,2,3,2,2,2,3,2,2,2,2,2,2,1,0,2,3,1,0,1,0,1,0,2,3,3,4,3,3,3,4,2,2,4,3,2,1,1,0,2,2,2,3,3,3,2,2,3,2,3,3,2,4,3,3,2,3,3,2,3,3,1,2,1,1,2,2,2,3,4,3,3,4,4,4,3,4,4,4,3,3,2,3,1,1,2,4,3,5,2,4,4,3,3,2,4,4,3,2,3,4,2,2,2,2,2,2,2,2,2,2,2,3,3,2,2,8,6,5,2,3,4,6,5,4,1,45,2,1,1,1,40,3600,2600,0,881201,사진기능사 사진제어판기능사 사진인화 현상기 조작원 훈련 휴대폰 발전 직접,문과
32264,4,4,4,4,3,4,3,3,3,4,2,3,1,0,1,0,3,3,3,3,2,4,3,3,2,3,3,3,3,3,3,3,3,4,3,4,3,3,3,5,3,3,3,3,3,3,4,4,3,3,3,3,3,3,1,0,1,0,3,3,4,4,3,4,3,4,3,3,3,3,3,3,3,3,3,3,3,3,3,3,3,3,3,3,3,3,2,2,3,2,3,4,3,3,2,3,2,3,4,3,3,11,1,2,2,2,0,1,5,3,4,3,3,4,3,3,3,4,4,4,4,3,3,4,3,4,3,4,3,3,4,3,2,3,3,4,4,3,4,4,3,4,2,2,2,2,2,2,2,2,2,1,3,3,3,3,2,5,6,5,6,6,5,6,4,5,2,39,4,1,3,1,52,4000,3000,0,32302,공란,회계학
32265,3,4,3,4,2,2,2,3,2,2,2,2,2,2,2,3,2,2,3,4,2,2,2,3,2,2,3,4,2,3,2,3,2,2,2,2,2,2,2,3,2,3,2,2,2,3,2,2,2,2,2,2,2,2,2,2,4,6,2,2,2,2,2,2,2,2,2,2,2,2,2,2,2,2,4,6,2,3,2,2,2,3,2,2,3,3,3,3,4,4,4,3,4,3,3,3,3,4,3,4,3,15,2,2,1,2,0,1,5,4,3,3,4,3,3,2,4,3,3,4,3,3,3,3,3,4,4,4,3,4,4,4,4,4,4,3,3,4,3,4,4,3,2,2,2,2,2,2,2,2,2,2,4,2,2,3,1,3,3,6,6,3,4,7,6,6,2,33,4,1,1,1,40,4000,2500,0,413102,문화재 수리기능사 보존 문화재,회화
32266,3,6,3,5,3,5,3,5,4,6,4,6,4,6,4,6,4,5,4,6,4,6,4,6,4,6,1,0,3,5,4,5,1,0,1,0,3,5,3,5,3,5,3,5,3,5,1,0,1,0,1,0,4,5,4,5,4,5,4,5,3,5,3,5,3,5,4,5,4,6,4,5,4,5,4,6,3,5,4,5,4,4,4,5,5,6,3,5,4,3,4,3,4,3,4,4,4,3,4,4,4,3,1,3,1,2,0,3,5,4,4,5,4,5,4,4,4,4,4,4,2,5,4,4,4,3,4,3,4,4,4,4,3,5,4,4,3,5,4,3,4,2,2,2,2,2,2,2,2,2,2,1,4,3,3,3,2,7,5,7,6,5,8,4,8,5,1,29,4,1,1,1,40,3200,2900,0,131101,정보통신기사 컴퓨터그래픽운용기능사 산업 활성화 관심,컴퓨터공학
32267,3,5,3,5,1,0,3,3,1,0,2,4,1,0,2,3,2,3,2,3,2,2,2,3,3,3,3,3,3,3,2,2,1,0,1,0,4,5,4,4,2,3,2,2,4,6,1,0,3,4,4,5,4,4,2,2,4,4,1,0,1,0,1,0,3,3,2,3,2,3,3,3,2,2,2,2,1,0,2,2,1,0,1,0,3,3,3,3,3,3,2,3,3,2,3,2,2,3,3,3,3,17,1,3,1,2,0,4,5,5,5,4,5,4,4,3,3,2,3,3,4,2,2,4,3,3,2,4,2,4,2,4,2,3,3,3,2,4,3,2,4,4,2,2,2,2,2,1,2,1,2,1,3,3,2,3,2,5,6,4,5,6,5,8,8,7,1,37,4,1,1,1,40,10000,8000,0,301110,의사 최신영 촬영기 도입 수술,의대
32268,2,3,3,3,2,2,3,3,2,2,2,3,2,2,2,2,2,2,3,4,2,2,2,2,3,4,2,2,2,2,2,2,2,2,2,2,2,2,2,2,2,2,2,2,2,2,2,2,2,2,2,3,3,4,3,4,3,4,2,2,2,2,2,3,2,3,3,4,3,4,3,4,3,4,2,3,2,3,2,3,2,3,2,3,2,3,2,3,2,3,3,3,3,2,3,2,2,3,3,3,3,6,1,2,2,2,0,3,2,3,3,3,2,3,2,3,9,4,4,4,3,3,3,3,4,4,4,2,3,2,4,4,4,3,3,3,4,4,3,4,4,3,2,2,2,2,2,2,2,2,2,1,3,2,2,2,2,8,7,7,3,3,5,2,7,7,1,46,2,1,1,1,40,3000,2000,0,701701,사람 직접 일이,토목
32269,5,4,4,5,3,5,5,5,4,5,4,4,3,4,3,5,4,4,3,3,3,4,4,4,4,4,4,4,3,4,5,5,3,4,5,5,2,4,2,3,4,5,4,5,3,4,3,4,3,4,4,4,4,5,4,4,4,4,3,4,3,5,3,4,3,4,5,5,4,4,4,4,4,5,4,4,4,4,4,4,3,5,2,3,5,4,3,3,3,3,3,4,4,3,4,3,3,5,4,4,5,8,1,6,2,2,0,5,5,4,4,3,4,4,3,4,4,3,4,4,4,3,4,4,3,3,3,4,2,3,4,4,4,4,4,3,4,5,4,4,3,4,2,2,2,2,2,2,2,2,2,2,2,3,3,3,2,8,7,5,3,3,4,5,3,7,1,38,4,1,1,1,40,3400,2400,0,26201,침체,경영학
32270,2,2,2,2,1,0,1,0,1,0,2,2,1,0,3,3,1,0,3,3,1,0,1,0,1,0,1,0,3,3,2,2,2,2,1,0,1,0,3,3,3,3,2,2,2,2,2,2,1,0,2,2,2,2,3,3,2,2,1,0,1,0,2,2,3,3,2,2,4,5,5,6,2,2,2,3,2,2,2,2,1,0,2,2,3,3,2,2,4,4,4,3,3,4,4,3,3,2,2,3,3,8,1,2,2,1,1,3,2,4,4,4,4,3,3,3,3,4,4,4,3,3,3,4,4,4,3,4,4,4,4,3,3,4,4,3,2,3,3,3,3,3,2,2,2,2,2,2,2,2,2,3,2,2,2,2,2,7,7,7,6,5,5,5,5,5,1,29,2,1,1,1,40,3100,3000,0,624301,기초안전교육 인구 감소 해상 이용 고객 감소,기계
32271,4,6,4,6,5,6,4,6,4,6,5,7,4,5,4,6,4,6,4,6,4,5,4,6,4,6,4,5,4,5,4,6,4,6,4,6,4,6,4,6,4,6,4,6,4,5,4,6,4,6,4,5,4,6,3,4,3,4,3,4,3,4,3,4,3,4,3,4,2,3,2,3,3,4,3,4,3,4,3,4,4,4,3,4,3,4,3,3,3,3,3,3,3,3,4,3,3,3,3,3,4,15,2,4,2,2,0,2,7,3,3,3,4,5,5,3,3,3,3,4,3,3,3,3,3,3,3,3,3,3,4,3,3,3,2,3,3,4,3,3,3,5,2,2,2,2,2,2,2,2,2,2,3,3,3,3,2,2,3,8,8,5,5,5,5,5,1,40,6,1,1,1,52,6000,5000,0,110202,상태 유지,경제학
32272,3,3,3,4,1,0,3,3,1,0,2,3,1,0,3,3,3,4,1,0,2,3,3,3,4,4,1,0,1,0,1,0,1,0,1,0,3,4,1,0,2,3,3,4,2,3,1,0,2,3,1,0,3,3,2,3,4,4,3,3,1,0,4,4,3,3,3,4,4,4,3,4,1,0,3,4,3,4,2,3,3,4,2,4,3,4,2,4,1,2,1,2,2,1,1,1,2,1,2,4,1,3,1,2,2,2,0,3,2,2,1,1,2,1,2,2,3,3,4,3,4,2,1,4,4,4,5,4,2,2,2,4,4,4,5,4,4,5,4,4,5,4,2,2,2,2,2,2,2,2,2,2,2,3,2,2,2,8,7,6,4,3,4,6,4,5,1,38,2,1,1,1,50,2800,2300,0,861101,미래 발전 가능성 별로,화공
32273,2,3,3,4,1,0,3,5,2,2,3,4,2,2,3,5,3,4,2,4,2,2,3,4,5,7,2,3,3,4,3,5,4,6,3,5,2,3,4,6,3,4,3,5,2,3,4,6,4,5,3,4,2,2,3,4,2,3,1,0,2,2,3,5,2,4,4,5,3,4,2,3,2,2,3,3,3,5,2,2,4,6,3,4,3,5,2,3,3,4,2,2,3,2,3,2,3,3,4,4,3,7,1,2,2,1,2,2,2,3,2,2,3,3,2,3,3,4,4,4,2,3,2,3,2,2,3,4,3,4,4,5,3,3,2,3,3,5,3,4,5,5,2,2,2,2,2,2,2,2,2,2,2,3,3,3,2,6,4,7,5,3,6,4,3,6,1,30,2,1,1,1,40,2800,2600,0,872101,직무에 따른 안전교육 자동화 시스템 도입,기계
32274,3,4,3,4,4,5,3,4,3,4,3,4,4,4,4,4,3,4,4,5,4,5,4,5,4,5,4,5,4,5,4,5,4,5,4,5,4,5,4,5,4,5,4,5,4,5,4,5,4,5,4,5,4,5,4,5,4,5,4,5,4,5,4,5,4,5,4,5,4,5,4,5,4,5,4,5,4,5,4,5,3,4,1,0,1,0,1,0,4,3,4,4,4,4,4,3,4,3,4,4,4,6,1,2,1,1,3,5,5,4,5,5,4,4,4,4,3,4,4,4,2,4,4,3,4,4,4,4,4,4,4,2,4,4,3,4,4,3,4,4,4,4,2,2,2,2,2,2,2,2,2,3,4,3,3,3,2,4,7,7,4,7,7,5,7,7,1,31,4,1,1,1,45,4500,4000,0,151101,건축기사 건축산업기사 안전관리 건설 설계 시스템 때문,기계공학
32275,3,4,2,3,2,2,3,4,1,0,1,0,3,3,3,4,3,4,3,4,2,3,2,4,3,4,3,3,3,4,3,4,2,2,2,2,3,4,3,5,3,5,4,5,4,5,3,3,2,2,1,0,4,5,4,5,4,5,1,0,1,0,3,4,4,5,3,4,4,6,4,6,4,5,3,4,3,5,4,5,4,6,4,3,4,5,4,3,3,3,4,4,3,2,3,3,3,3,2,2,3,6,1,1,1,2,0,5,4,3,4,4,5,5,3,4,4,3,4,4,3,3,3,4,3,3,3,4,3,4,3,3,4,3,3,4,4,4,3,2,4,4,2,2,2,2,2,2,2,2,2,1,2,2,2,3,2,6,5,5,4,4,5,5,6,6,1,42,3,1,1,1,32,3300,2700,0,702401,타일기능사 업계 어려움,경영학
32276,2,2,3,3,2,3,1,0,2,3,2,2,2,2,2,4,2,2,2,2,2,2,1,0,3,3,1,0,1,0,2,3,2,2,1,0,2,3,2,3,3,3,1,0,3,4,1,0,2,3,1,0,1,0,1,0,4,6,5,5,1,0,5,5,4,5,5,4,4,4,4,3,2,2,5,4,5,5,5,5,4,5,4,5,3,3,2,2,3,2,1,3,3,2,3,2,3,3,2,3,2,3,1,5,2,2,0,2,3,3,2,2,2,2,2,3,2,3,3,3,4,3,2,3,4,3,4,5,4,2,4,4,3,3,2,3,3,4,4,1,5,5,2,2,2,2,2,2,2,2,2,2,3,3,3,3,2,9,8,6,7,3,4,6,3,4,1,37,2,1,1,1,40,3000,2400,0,852101,자동차 산업,기계
32277,4,5,3,4,3,4,3,4,4,4,3,4,3,4,4,5,4,6,4,4,4,4,4,5,5,6,3,4,2,3,4,4,1,0,3,4,3,4,3,4,4,4,4,4,4,5,2,3,2,3,3,4,4,5,3,4,3,4,2,3,3,3,3,4,4,5,5,7,5,7,5,7,3,4,5,6,5,7,3,4,4,5,5,6,5,6,5,6,3,3,1,4,3,2,4,4,3,4,3,4,3,15,2,5,1,2,0,5,4,4,3,3,4,4,4,4,3,3,4,4,2,4,5,4,4,4,4,3,4,3,4,4,4,3,4,3,3,3,2,2,3,4,2,2,2,2,2,2,2,2,2,2,4,1,1,3,2,7,6,5,4,3,5,7,5,1,1,33,4,1,1,1,40,5000,4500,0,812102,항공정비사 헬리콥터 이용 계속 증가 정비 인력,항공정비학
32278,3,3,3,4,2,2,2,2,3,3,2,2,4,6,2,3,3,4,3,5,3,4,2,2,5,5,4,4,4,5,2,3,2,2,2,3,2,2,3,3,2,2,3,3,3,3,2,2,1,0,1,0,2,2,3,3,4,5,4,4,3,5,4,5,3,4,4,5,4,4,4,5,4,5,4,5,4,5,3,3,3,3,2,2,4,5,2,2,5,5,4,3,5,2,4,4,4,4,4,3,4,18,1,1,1,2,0,2,2,4,4,3,3,4,4,2,3,3,4,3,2,3,3,4,3,4,3,2,3,2,2,5,4,4,3,3,4,5,4,3,4,2,2,2,2,2,2,2,2,2,2,2,2,2,2,2,1,6,5,4,3,4,4,6,4,5,1,39,3,1,3,2,40,3200,2900,0,881201,사진기능사 사진제판기능사 디지털카메라 스마트폰 발달 감소 추세,사진학
32279,4,5,4,5,2,3,5,5,3,5,3,5,3,5,3,4,3,3,4,5,3,5,3,4,4,5,3,5,5,5,3,5,5,6,3,4,3,5,5,5,3,4,4,4,2,5,2,2,3,3,3,3,3,4,3,4,2,3,2,3,2,4,3,4,3,4,3,3,3,3,3,3,3,3,3,4,3,5,3,4,2,2,2,2,3,3,2,4,4,5,3,3,4,2,4,4,3,4,5,3,4,17,3,1,1,2,0,3,4,4,3,4,4,5,4,4,3,3,4,4,3,4,4,4,3,2,3,2,3,4,2,4,2,3,3,4,3,4,4,4,3,3,2,2,2,2,2,2,2,2,2,1,3,1,1,3,1,4,4,5,5,4,5,5,4,5,1,40,4,1,1,1,40,3700,2500,0,512301,장례지도사 인원 포화상태,장례지도학
32280,3,5,3,5,3,5,4,6,2,3,3,4,2,4,2,4,4,4,2,5,3,4,2,3,3,3,3,4,4,4,3,5,4,5,2,3,1,0,4,6,3,4,3,3,4,4,4,4,3,3,3,4,3,3,1,0,1,0,2,2,2,2,2,2,2,3,2,2,3,3,2,3,3,3,2,3,3,4,2,2,3,3,2,2,3,5,4,5,3,4,3,1,4,2,2,2,3,2,2,2,3,9,1,2,2,2,0,5,3,3,2,2,3,2,3,3,3,4,4,4,4,2,2,4,5,3,4,2,4,2,3,4,3,3,3,2,3,4,4,3,2,3,2,2,2,2,2,2,2,2,2,3,2,3,3,3,2,8,6,7,6,8,8,3,3,6,1,37,3,1,1,1,40,3800,3200,0,29101,경기 침체,방송학
32281,3,3,2,2,3,4,3,3,3,3,4,4,3,4,4,4,3,4,3,4,3,3,2,3,4,4,3,4,4,2,3,3,3,3,2,2,3,3,3,2,3,3,4,2,3,3,3,3,3,2,1,0,3,4,3,3,3,4,3,3,3,4,3,4,2,5,3,3,3,4,3,4,4,3,3,3,3,4,3,5,3,3,2,3,3,4,2,2,3,2,2,4,3,1,3,3,2,3,3,2,2,3,1,3,2,1,1,2,2,2,3,3,4,4,3,4,3,3,4,4,3,2,4,4,2,3,3,4,3,2,4,2,3,3,4,3,3,2,2,4,4,4,2,2,2,2,2,2,2,2,2,2,2,2,2,2,1,3,3,4,5,6,6,5,7,6,1,35,2,1,1,1,40,3800,3200,0,826301,직무 교육 자동화 대형화 증가 인력 수요 감소,문과
32282,2,2,2,2,1,0,2,2,4,5,4,6,2,3,2,2,3,4,3,5,3,4,3,4,5,5,4,6,3,4,3,3,3,4,3,4,3,3,3,5,4,5,4,5,1,0,1,0,1,0,1,0,4,5,2,2,3,4,2,2,2,3,5,5,4,5,4,5,4,5,3,4,2,3,4,5,4,5,2,2,2,2,1,0,2,2,1,0,4,5,3,3,5,3,4,2,3,3,4,3,4,17,1,2,1,2,0,3,4,4,3,4,4,5,4,3,3,2,4,4,3,4,3,3,3,2,3,2,3,4,1,5,4,4,3,4,4,4,3,3,3,2,2,2,2,2,2,2,2,2,2,2,5,3,3,3,2,4,4,5,4,4,4,4,6,5,1,30,4,1,1,1,40,2800,2800,0,306301,기공사 고령화,치기공학
32283,3,4,3,4,1,0,3,4,2,2,2,3,1,0,4,5,3,4,2,2,1,0,4,6,5,6,2,3,5,6,5,7,4,5,4,6,3,4,4,6,5,6,4,5,3,4,2,2,4,5,2,3,4,5,3,4,4,6,1,0,1,0,2,3,4,5,4,6,1,0,1,0,2,3,5,7,5,7,4,6,5,6,4,5,3,4,2,3,3,4,3,4,4,2,4,4,2,4,4,2,4,17,1,2,1,2,0,7,5,3,3,2,4,3,2,3,2,3,4,3,2,4,3,2,4,3,4,4,2,5,4,4,5,4,2,2,4,3,2,2,5,5,2,2,2,2,2,2,2,2,2,2,5,3,3,3,2,6,8,7,3,3,6,5,7,6,1,29,3,1,1,1,48,2800,2000,0,306502,작업치료사 요양 병원 재활 병원 증가 수요,물리치료학
32284,2,2,2,3,1,0,2,3,2,3,4,6,1,0,3,4,3,3,3,3,1,0,3,3,4,5,2,3,2,3,3,4,2,2,2,2,1,0,1,0,3,4,3,4,2,2,2,2,3,4,2,2,3,4,2,3,2,2,1,0,2,3,1,0,1,0,1,0,1,0,1,0,4,5,3,4,3,4,2,3,3,4,3,3,4,4,4,4,4,4,4,5,4,3,4,3,4,4,3,3,4,6,1,2,2,2,0,7,5,4,4,3,4,4,5,3,3,3,4,4,2,4,4,4,3,3,4,3,4,5,4,5,4,5,4,5,4,5,3,3,5,4,2,2,2,2,2,2,2,2,2,1,4,3,3,3,2,4,2,4,2,2,2,6,9,9,1,47,5,1,1,1,40,5200,2800,0,155306,세계 환경 의식 급성 환경 대한 관심사,환경공학
32285,2,3,3,4,1,0,2,3,1,0,3,5,1,0,3,3,2,5,2,5,1,0,2,4,2,5,1,0,2,5,3,3,4,4,2,5,2,3,1,0,3,4,2,5,2,3,3,3,2,5,2,5,1,0,2,4,4,5,2,4,2,5,2,4,1,0,3,3,2,5,2,5,2,5,2,4,1,0,3,3,1,0,2,4,1,0,1,0,2,4,3,4,4,3,4,3,4,3,3,4,4,6,1,3,1,2,0,3,5,4,4,3,4,5,4,4,5,4,5,5,4,5,4,4,4,5,4,3,2,4,4,4,3,4,3,3,4,5,4,4,4,4,2,2,1,2,1,2,2,2,2,2,3,2,2,2,1,6,5,5,7,6,6,6,5,7,1,45,4,1,1,1,50,4400,2800,0,140306,건축시공기술사 회사 장비 도입 인원 감축 건설업 경기 감소,토목
32286,4,4,4,4,5,5,3,4,3,4,5,5,1,0,5,4,5,5,3,5,4,6,5,5,3,4,4,5,4,5,4,5,4,4,3,4,4,5,4,4,4,5,5,4,4,4,2,3,1,0,3,4,5,4,1,0,5,5,4,5,5,6,5,5,4,5,4,5,3,4,3,4,4,4,3,4,4,4,3,4,2,3,3,4,5,5,3,3,4,4,3,3,4,4,3,3,4,4,4,5,4,13,3,2,2,2,0,3,5,4,3,3,3,4,3,4,4,3,4,4,1,4,5,3,3,3,3,4,3,5,2,4,5,4,5,5,4,4,5,4,4,5,2,2,1,2,2,2,2,2,2,2,3,3,3,3,2,6,4,3,1,3,4,3,1,5,2,32,4,1,1,1,42,3800,2800,0,156201,장비 도입 섬유 고급 화가 관련 시험 연구,섬유공학
32287,3,5,3,6,4,6,3,4,4,5,3,4,2,4,2,4,3,5,3,5,2,5,3,5,2,4,3,3,2,5,3,5,4,5,3,4,4,5,2,4,3,4,4,5,3,5,3,4,2,4,2,4,3,5,3,5,4,6,4,6,3,4,2,4,4,6,3,5,3,3,3,5,4,5,2,4,4,4,3,5,4,4,3,3,4,4,2,4,4,3,2,4,3,4,3,2,3,3,4,4,3,10,3,3,1,2,0,4,5,3,2,4,4,4,3,3,3,4,4,3,2,3,4,4,3,3,2,2,3,4,4,2,3,3,3,4,4,3,3,2,3,4,2,2,2,1,2,1,1,2,2,3,4,3,2,2,2,3,2,7,3,2,8,2,7,8,1,30,3,1,1,1,45,4200,3700,0,136002,방송통신기능사 필요 업무 재교육 시청률 변화,방송통신
32288,5,7,5,6,5,6,5,6,4,5,4,6,5,7,5,6,5,6,4,6,4,6,5,5,5,6,5,7,5,5,4,6,5,7,5,5,5,5,5,6,5,6,5,6,4,6,5,5,5,7,4,7,5,6,4,5,4,5,3,4,2,2,3,5,1,0,3,3,4,4,1,0,1,0,1,0,1,0,3,3,1,0,1,0,1,0,1,0,3,3,3,4,3,3,3,2,3,3,4,3,3,15,2,5,2,2,0,2,5,3,3,3,5,4,4,3,3,3,3,4,3,2,3,3,3,3,3,3,3,3,4,3,3,3,3,2,4,4,4,2,3,4,2,2,2,2,2,1,2,2,2,2,3,3,3,3,2,3,4,5,5,3,5,2,3,2,1,53,4,1,1,1,40,5200,3800,0,122105,첨단 생명공학 기술 개발 근무 한정,산림자원
32289,2,2,3,3,1,0,3,5,3,3,1,0,1,0,3,4,2,2,2,2,1,0,2,2,2,3,3,4,2,3,3,4,2,2,1,0,2,2,4,5,2,3,2,3,2,3,1,0,1,0,2,3,1,0,1,0,1,0,1,0,2,2,1,0,1,0,1,0,1,0,1,0,2,3,2,3,3,4,3,4,2,2,2,2,2,2,2,2,2,4,4,3,3,2,3,3,3,2,2,2,2,18,1,2,2,2,0,1,1,3,3,2,4,2,3,3,3,3,4,3,2,3,2,5,4,4,4,2,3,3,3,5,4,3,3,4,4,4,4,3,5,3,2,2,2,2,2,2,1,2,2,2,2,2,2,2,1,7,8,7,6,5,3,3,4,6,2,35,3,1,1,1,48,3000,2000,0,562401,코로나 업무 감소 자동 검표 대부분,비서학
32290,2,2,3,3,2,2,3,3,1,0,3,4,1,0,2,3,3,4,4,4,1,0,1,0,4,3,1,0,4,3,3,3,2,3,2,3,1,0,5,5,4,3,2,3,4,4,1,0,2,4,2,2,3,4,1,0,3,3,1,0,1,0,1,0,2,3,1,0,4,4,4,4,2,3,3,3,3,4,4,4,3,4,4,3,3,3,3,4,3,5,1,2,4,1,4,4,3,3,4,4,4,15,2,3,1,1,2,2,5,5,4,4,4,4,2,3,3,4,5,4,2,4,4,4,4,4,5,3,4,4,5,4,5,4,4,3,4,4,4,3,4,2,2,2,2,2,2,2,2,2,2,2,4,3,3,3,2,8,8,8,4,3,3,6,7,6,1,56,4,1,1,1,52,5000,2000,0,240201,응급구조사1급 자동차운전면허 제1종 보통 화약류 관리기사 안전교육 소방관 업무 범위,행정
32291,2,3,3,4,1,0,2,3,1,0,1,0,5,6,3,3,3,3,1,0,1,0,2,2,3,4,4,5,3,3,3,3,2,2,3,4,2,1,3,4,3,3,3,3,3,4,2,1,2,2,1,0,3,3,3,3,3,4,1,0,1,0,2,3,3,4,2,3,3,4,2,1,1,0,3,4,2,3,1,0,1,0,2,2,3,3,1,0,4,2,3,3,5,5,2,5,2,4,3,2,5,3,1,3,1,2,0,7,4,3,4,4,4,5,1,3,2,4,3,3,3,4,4,4,3,3,2,4,3,5,2,5,3,4,4,3,3,5,3,4,5,2,2,2,2,2,2,2,2,2,2,2,4,3,3,3,1,6,8,5,4,3,4,7,5,4,2,31,4,1,1,1,60,3800,2200,0,415101,주얼리코디네이터자격증 일러스트자격증 포토샵자격증 브랜드 시대,시각디자인
32292,2,4,3,4,2,3,2,3,3,4,2,4,2,4,2,3,2,2,4,4,3,3,2,4,2,3,3,3,2,4,2,4,2,3,3,3,4,4,3,5,3,4,4,4,2,4,4,5,4,4,4,5,3,4,4,4,4,5,4,4,4,4,4,5,3,5,4,4,4,2,4,5,4,5,3,5,4,5,5,4,2,4,3,3,3,3,4,5,4,3,4,3,3,4,4,4,3,4,3,3,3,15,2,3,1,2,0,2,4,4,3,3,3,4,4,4,5,5,5,5,4,4,4,3,4,4,5,4,4,4,4,4,4,3,3,4,5,4,4,4,3,3,2,2,2,2,2,2,2,2,2,2,4,3,3,3,2,3,7,6,3,4,4,7,4,5,1,39,5,1,1,1,40,4500,3000,0,25201,관세사 수출입 업무 추세,행정학
32293,2,3,2,2,1,0,1,0,2,2,2,2,1,0,2,2,2,2,1,0,1,0,2,2,2,2,2,2,2,2,2,2,1,0,2,2,2,2,1,0,2,3,2,2,2,2,1,0,2,3,2,3,3,4,3,3,3,3,3,3,2,3,2,2,2,2,2,2,2,2,2,2,2,2,3,4,3,3,2,2,2,2,1,0,3,4,2,3,2,3,3,2,2,2,2,3,2,2,3,2,2,4,1,2,2,1,4,4,2,4,4,3,3,2,3,3,2,2,3,3,4,2,3,4,5,4,4,4,4,4,2,4,3,3,4,4,3,4,3,4,4,4,2,2,2,2,2,2,2,2,2,2,2,2,2,2,2,6,7,6,5,4,4,7,6,4,1,42,2,1,1,1,50,4000,2500,0,831301,배전설비 시동 기계로 처리,기계
32294,3,3,3,4,3,2,2,2,1,0,1,0,1,0,4,4,2,2,2,1,1,0,1,0,2,3,4,4,4,4,4,4,3,5,1,0,4,4,4,5,4,4,3,4,3,4,1,0,1,0,2,3,1,0,1,0,3,4,1,0,3,2,1,0,1,0,1,0,1,0,1,0,3,3,1,0,1,0,1,0,3,4,5,5,3,4,3,4,2,4,5,3,3,3,2,3,4,2,1,3,1,9,1,2,2,2,0,2,1,2,2,2,2,1,2,2,3,2,3,3,3,2,2,4,4,3,3,4,3,3,2,2,4,2,2,3,3,3,2,2,4,4,2,2,2,2,2,2,2,2,2,1,3,2,2,2,2,6,7,7,8,5,3,4,3,3,1,53,3,1,1,1,42,3400,2200,0,523001,인텔 증가 변화,컴퓨터학
32295,3,3,3,3,2,3,2,2,3,4,4,5,1,0,3,4,3,4,3,4,2,1,2,1,3,4,2,2,2,2,2,2,2,2,2,2,3,4,3,3,3,4,3,3,3,4,3,3,2,2,2,2,3,4,4,5,4,5,4,5,3,3,3,4,4,5,4,5,4,5,4,5,3,4,3,3,3,4,2,3,3,3,2,2,3,4,3,4,3,3,2,3,2,2,4,2,3,4,3,4,4,3,1,2,1,2,0,5,5,4,3,3,4,4,4,4,4,4,4,4,2,4,4,2,4,3,4,4,4,4,3,4,3,4,4,5,4,4,3,4,5,4,1,1,1,1,1,1,2,2,2,1,2,3,3,3,1,7,7,6,6,4,4,7,4,4,1,39,3,1,1,1,44,4300,3400,0,811601,건설기계정비사 건설중기정비 자격증 기계 도입 업무 수행 건설 경기 불황,동력기계
32296,3,3,4,5,3,3,4,5,2,3,3,4,2,3,3,3,4,4,2,3,3,3,3,4,2,3,2,2,3,3,1,0,3,3,2,2,4,5,4,5,2,3,2,3,3,3,2,3,2,2,2,2,3,3,2,3,2,3,3,4,2,3,2,3,4,5,3,3,3,3,3,4,1,0,2,2,1,0,1,0,2,2,1,0,2,3,2,2,4,3,2,3,3,3,3,4,3,4,3,3,4,3,1,4,2,2,0,5,3,3,3,2,3,4,3,3,3,4,4,3,3,3,2,4,3,3,3,4,3,3,2,5,3,3,3,3,4,4,3,3,3,4,1,1,1,1,2,1,2,2,2,3,2,2,2,3,1,2,2,2,3,3,4,4,5,5,1,36,4,1,1,1,40,4600,3500,0,612101,장비 도입 업무 일정 부분 자동화 가능,기계공학
32297,3,3,3,3,2,2,2,2,3,3,3,3,3,3,3,3,2,2,3,3,3,3,3,3,3,3,3,3,1,0,2,2,2,2,3,3,2,2,3,3,3,3,3,3,3,3,3,3,3,3,2,2,4,5,4,4,3,4,3,4,3,3,3,3,3,3,3,4,3,4,3,3,3,3,3,4,3,3,3,4,2,2,2,2,3,3,1,0,4,3,3,4,4,3,3,3,3,4,3,4,3,13,1,2,1,1,3,4,5,4,4,3,4,4,3,4,3,3,4,3,3,4,4,2,3,4,4,2,3,3,3,3,4,4,4,4,3,3,4,3,3,4,1,1,1,1,1,2,2,2,2,3,4,1,2,2,1,5,6,5,5,6,3,6,5,5,1,42,4,1,1,1,45,5000,3000,0,155203,전기 전자기사 자격증 기계 사용 효율 시스템 변화 에너지 대한 관심,에너지공학
32298,2,2,2,3,2,3,4,5,2,3,4,5,4,5,2,2,1,0,4,5,1,0,2,3,3,4,3,4,3,4,4,6,4,5,4,6,4,5,2,3,1,0,5,6,4,5,3,4,3,4,3,4,3,4,4,5,1,0,1,0,4,5,4,5,4,5,4,5,4,5,4,5,4,4,3,4,1,0,1,0,1,0,1,0,2,2,3,3,3,4,3,3,4,4,2,4,3,3,4,4,3,13,1,2,1,2,0,7,5,4,3,3,3,3,3,3,3,3,3,3,4,2,2,3,1,2,2,1,3,3,4,4,2,2,2,2,2,3,2,2,3,2,2,2,2,2,2,2,2,2,2,1,3,2,2,3,2,6,6,6,5,5,5,4,5,6,1,30,4,1,1,1,50,3600,3500,0,155305,소음진동기사 소음 대한 관심 향상,토목공학
32299,2,2,2,3,2,3,2,3,2,3,2,3,2,3,3,5,3,5,4,4,1,0,2,3,3,4,2,3,2,3,3,4,2,3,2,3,3,4,2,3,2,3,2,3,4,5,2,3,2,3,3,5,3,4,3,4,4,4,2,4,2,3,2,2,2,3,4,5,3,4,2,4,3,3,4,5,4,5,4,5,5,5,3,5,4,5,3,3,2,3,1,3,2,1,2,4,2,2,1,2,1,6,3,2,1,2,0,3,2,3,3,2,2,3,2,4,3,4,5,4,2,3,2,3,3,2,4,2,4,5,4,2,4,2,3,2,3,5,4,3,5,5,2,2,2,2,2,2,2,2,2,1,2,2,2,3,2,6,7,7,4,3,3,7,5,2,1,54,2,1,1,1,50,4920,2760,0,701701,축도기능사 조적기능사 건축 시장 위축,공고
32300,5,5,5,5,5,5,5,5,4,5,3,5,4,4,3,4,4,4,4,5,3,4,4,5,4,5,4,4,4,4,4,5,5,5,5,5,4,4,4,4,4,4,5,5,4,5,5,5,4,5,4,5,4,4,4,4,4,4,5,5,3,5,3,5,4,5,4,5,4,4,4,5,4,5,3,4,4,5,4,4,4,4,4,4,5,5,5,5,5,4,4,3,4,3,4,4,3,4,4,4,3,10,1,3,2,2,0,3,5,4,4,4,4,3,4,3,4,4,4,4,2,4,4,4,3,4,3,3,4,3,4,4,3,4,3,4,5,4,4,3,4,4,2,2,2,2,2,2,2,2,2,3,3,2,2,2,2,7,4,7,3,7,6,6,5,7,1,49,4,1,1,1,46,6000,4100,0,13701,지금 차이,전자공학
32301,3,4,4,5,2,3,4,4,3,4,4,5,3,4,3,3,2,3,2,2,3,3,2,3,3,4,4,5,3,4,3,3,3,4,4,4,2,3,3,5,3,4,3,4,4,5,3,4,3,4,4,5,2,3,3,4,2,3,2,2,4,5,3,4,2,3,3,4,4,4,2,2,3,3,2,3,1,0,2,2,1,0,2,2,2,3,2,3,3,3,2,3,4,3,3,4,3,4,4,4,2,10,1,2,1,1,2,3,5,4,4,3,3,4,2,4,3,3,4,4,2,3,3,3,4,4,3,3,3,4,3,4,3,3,4,4,5,4,3,3,4,5,2,2,2,1,2,2,2,2,2,1,3,1,1,3,1,7,4,4,5,4,3,7,5,6,1,55,4,1,1,1,40,4600,2400,0,134201,정보처리기사 프로그래밍언어 CS 장비의전자신호 경쟁 업체 상품 출시 위해 방법 생각 추진 코로나 사람 외식 집안 쇼핑 생활 때문 사용 환경,컴퓨터공학
32302,2,3,2,3,2,3,2,3,2,2,2,2,2,2,2,3,2,3,3,3,2,3,2,3,3,4,2,3,3,4,3,3,2,3,2,3,2,2,2,3,3,4,3,4,2,2,2,3,4,5,2,3,2,3,2,2,1,0,2,2,1,0,2,3,2,3,2,3,2,3,3,4,1,0,2,3,3,4,2,2,3,4,4,5,4,5,4,6,5,3,4,2,3,4,4,4,2,2,3,3,4,1,4,1,2,2,0,7,2,2,2,2,4,2,2,2,9,9,9,2,2,4,4,4,4,3,4,3,4,3,3,4,4,5,4,3,4,4,4,3,4,4,2,2,2,2,2,2,2,2,2,1,1,3,3,3,2,8,7,6,3,3,2,6,4,3,1,34,2,2,6,1,40,0,0,2500,902201,육체노동 신세대,인문계
32303,3,2,2,2,2,3,2,3,2,2,2,3,2,3,2,2,3,3,2,2,2,3,2,2,2,2,1,0,2,2,2,4,2,2,1,0,1,0,2,2,3,3,3,2,2,3,1,0,1,0,1,0,3,4,1,0,2,2,2,2,1,0,1,0,2,2,2,2,3,3,3,3,1,0,3,3,2,2,2,3,3,4,2,3,3,4,2,2,3,3,1,3,2,3,3,2,3,2,2,3,3,6,1,1,2,2,0,3,1,3,2,2,4,3,2,3,1,2,2,3,3,3,3,4,4,2,2,2,5,4,2,5,4,4,5,5,4,5,4,4,3,3,2,2,2,2,2,2,2,2,2,1,3,2,2,2,2,7,6,8,7,7,7,8,7,7,1,52,2,1,3,2,47,3000,2400,0,702301,신규 건설 건물,기계
32304,5,4,4,4,2,2,4,4,3,5,4,4,4,3,4,4,4,4,3,3,2,2,3,3,4,3,3,3,4,3,4,4,3,3,2,3,1,0,3,3,4,4,4,4,2,3,1,0,2,3,3,3,3,2,4,3,3,3,4,4,4,5,3,3,2,4,4,4,2,3,4,5,1,0,3,3,4,4,2,3,2,2,1,0,3,5,2,2,4,4,4,3,3,4,4,4,2,4,3,3,3,10,1,4,1,2,0,5,5,4,3,3,5,4,4,4,3,3,2,3,4,3,3,4,2,3,4,3,2,3,3,4,3,3,2,1,3,2,3,4,4,3,2,2,2,2,2,1,2,2,2,1,3,1,1,3,1,2,7,5,3,7,5,7,5,5,1,37,4,1,1,1,40,3200,3000,0,134401,정보처리기능사 워드프로세서1급 구조 조정 기계 대체 불가,정보미디어학
32305,5,5,5,6,3,3,4,5,3,3,4,4,3,3,2,2,4,4,2,2,3,3,4,5,4,5,3,3,5,5,2,2,2,3,3,3,2,2,5,6,4,5,4,4,4,5,1,0,4,5,1,0,4,4,1,0,4,4,5,3,3,4,5,6,3,3,5,5,5,7,5,6,3,3,5,6,4,5,2,2,1,0,3,3,5,6,5,5,4,3,4,3,4,3,2,3,3,4,4,4,3,19,1,2,2,2,0,3,3,3,2,2,4,4,3,3,3,4,3,3,4,2,2,4,4,2,5,3,4,3,3,5,3,3,4,3,4,5,5,2,5,4,2,2,2,2,2,2,2,2,2,1,4,3,3,3,2,7,6,7,5,3,4,6,4,2,1,44,3,1,1,1,40,3800,2400,0,841201,갈수록 핸드폰 사용 연령 대가 사용자,전자공학
32306,4,5,3,4,3,4,3,3,3,3,4,5,1,0,1,0,1,0,1,0,3,4,4,6,1,0,3,4,3,4,3,5,1,0,1,0,1,0,1,0,2,3,4,4,2,2,3,4,1,0,3,4,1,0,1,0,1,0,1,0,2,3,1,0,1,0,1,0,1,0,1,0,3,4,1,0,1,0,1,0,1,0,1,0,1,0,1,0,3,3,4,4,4,4,5,3,4,3,4,4,4,16,5,3,1,1,1,6,5,4,4,4,5,5,5,5,5,5,5,5,2,4,4,4,3,4,3,2,3,3,4,4,3,5,3,3,5,5,3,4,4,3,2,1,1,1,2,1,2,2,2,1,2,2,2,3,1,4,6,5,7,4,4,4,6,7,1,56,5,1,1,1,40,7000,6000,0,13203,교감 자격증 교감 업무 연수 코로나 비대 수업 도입 학교 수가 예정,국어교육
32307,3,3,3,4,2,2,2,2,1,0,3,3,1,0,4,5,3,4,3,4,3,3,3,4,3,3,2,2,4,5,3,4,2,2,1,0,3,3,3,4,4,5,3,4,2,2,1,0,1,0,3,3,3,4,1,0,1,0,1,0,1,0,2,2,3,4,1,0,1,0,1,0,2,3,4,5,3,4,3,4,4,5,4,5,3,4,2,1,4,4,4,3,4,2,4,4,3,4,4,2,3,15,2,2,2,2,0,6,4,4,4,3,4,4,3,2,3,4,4,4,3,4,4,2,2,3,4,3,2,4,4,4,3,4,2,4,2,3,2,4,3,4,2,2,2,2,2,2,2,2,2,1,3,2,2,3,2,6,7,6,5,6,4,4,4,5,1,38,4,1,1,1,48,2700,2400,0,541201,기계 대체 업무 존재,산업디자인
32308,3,3,4,4,2,2,2,2,4,5,4,5,2,2,5,4,2,2,2,2,2,2,2,2,2,2,5,6,4,3,2,2,3,3,3,3,4,4,3,3,5,6,4,4,2,2,3,3,2,2,5,6,1,0,1,0,1,0,1,0,2,2,1,0,2,2,1,0,1,0,1,0,1,0,1,0,1,0,1,0,3,3,2,3,2,2,2,2,4,4,3,3,4,4,4,3,4,4,4,3,4,17,3,2,1,2,0,6,5,4,4,4,4,4,3,3,3,4,4,4,3,3,4,4,3,4,2,3,4,4,3,3,4,4,3,4,4,3,4,4,3,3,2,2,2,2,2,2,2,2,2,1,4,3,3,3,2,8,8,7,3,3,7,6,4,6,2,55,4,1,1,1,40,4500,3500,0,13501,사회복지사 회복 서비스,사회복지학
32309,2,3,3,2,1,0,1,0,1,0,1,0,1,0,4,5,3,3,3,4,1,0,1,0,3,3,1,0,1,0,1,0,1,0,1,0,1,0,1,0,1,0,1,0,3,3,1,0,1,0,1,0,1,0,1,0,1,0,1,0,1,0,1,0,1,0,1,0,2,2,1,0,1,0,1,0,2,2,1,0,3,5,3,5,2,3,2,1,4,4,3,1,2,2,1,2,3,2,1,2,2,7,1,2,2,2,0,7,1,2,1,1,4,1,2,3,2,3,4,4,2,4,2,4,5,3,5,5,5,4,3,5,2,3,3,4,3,4,3,3,4,3,2,2,2,2,2,2,2,2,2,3,3,3,3,3,2,9,9,6,8,9,7,3,4,6,2,58,2,1,1,1,40,1800,1800,0,561101,누군가 업무,상고
32310,5,6,5,6,5,5,5,5,5,6,5,6,2,6,5,5,5,5,5,5,4,5,5,6,4,5,5,5,2,2,5,6,1,0,1,0,1,0,5,6,4,5,5,6,4,5,4,5,2,2,1,0,2,2,1,0,4,6,4,5,5,5,4,5,4,5,2,2,4,5,4,5,4,5,4,5,4,5,2,2,3,5,2,2,4,5,4,5,4,4,4,5,5,4,4,4,4,4,4,4,4,4,1,2,1,1,4,4,4,5,4,4,4,4,4,5,4,4,5,4,4,4,3,3,3,4,3,3,3,3,4,4,4,5,4,3,3,4,4,4,3,3,2,2,2,2,1,1,2,1,2,2,3,3,3,3,2,8,8,8,7,7,7,8,8,7,1,33,3,1,1,1,45,4000,2500,0,16201,전기기사 전기산업기사 전기시설관리 기술 변화 지금,전자
32311,4,4,4,5,3,3,5,5,5,6,5,6,3,4,4,5,3,5,2,2,4,6,3,5,4,5,4,5,4,6,2,4,4,5,4,4,2,5,3,5,4,5,5,5,4,4,5,5,1,0,4,4,1,0,1,0,1,0,1,0,4,4,1,0,1,0,1,0,1,0,1,0,2,2,1,0,1,0,1,0,1,0,1,0,1,0,1,0,4,2,3,4,5,2,1,2,2,3,4,2,2,11,1,2,1,1,3,5,5,4,4,4,5,4,2,4,3,2,4,3,4,3,3,4,3,2,2,3,4,3,2,4,2,3,4,4,4,3,2,3,4,4,2,1,2,2,1,1,2,1,1,2,3,3,3,3,2,8,3,7,2,4,3,3,7,7,2,52,4,1,1,1,40,9800,3800,0,31201,자산관리사 투자자산운영사 경제동향 글로벌 투자 영어 투자 업무 투자 상품 관심 사람 시스템 화가 일자리 크게 변동,무역학
32312,4,4,4,5,2,3,2,3,3,3,3,3,1,0,3,2,4,3,2,2,3,3,2,2,4,4,4,3,4,4,3,3,2,2,2,2,1,0,4,4,4,4,4,3,5,5,1,0,3,4,2,2,4,5,3,3,4,4,4,4,2,2,3,2,4,3,5,5,5,7,5,5,4,4,4,4,2,2,4,2,3,3,3,4,4,2,3,2,1,2,4,3,3,2,3,2,2,3,2,3,1,15,2,3,1,2,0,3,4,3,2,2,3,2,2,3,3,3,4,3,4,2,2,3,3,3,2,3,2,5,2,4,3,3,2,4,4,4,4,3,4,5,2,2,1,2,2,2,2,2,2,1,3,3,3,3,2,3,3,3,2,2,3,3,3,7,1,32,4,1,1,1,40,3100,2800,0,842201,통신선로 자격증 장비 도입 숙련 기술,전자공학
32313,4,4,4,3,4,3,4,4,2,2,4,5,3,5,3,3,4,3,1,0,4,5,3,5,3,4,4,5,4,3,3,3,4,5,4,3,3,4,4,5,2,2,4,3,2,3,3,2,3,2,2,2,4,4,3,3,3,3,4,4,4,3,2,1,2,3,1,0,1,0,3,3,2,2,2,2,2,2,1,0,2,1,2,3,4,4,3,3,3,2,3,2,2,3,2,4,2,4,3,2,2,3,1,2,2,2,0,7,4,3,2,2,3,3,3,2,3,3,4,3,3,3,3,3,4,2,2,4,4,5,3,4,3,3,4,5,5,5,3,2,4,4,2,2,2,2,2,2,2,2,2,3,4,3,3,3,2,8,7,5,5,4,4,5,6,6,1,33,3,1,1,1,40,3800,2400,0,26102,인터넷 홍보 발전 지식 기술 인력,정보통신학
32314,4,5,3,4,4,5,2,5,3,4,2,3,4,3,4,3,3,5,3,4,2,4,2,3,3,2,3,5,4,3,4,3,2,3,4,5,2,3,2,3,3,4,3,6,3,4,2,3,2,3,3,5,3,4,5,6,2,3,4,6,3,6,2,4,4,3,3,5,4,6,4,5,3,4,3,2,3,4,2,1,1,0,2,1,3,5,2,3,2,3,2,3,4,5,4,3,2,4,3,4,2,10,1,2,1,2,0,4,4,4,3,3,4,4,2,4,3,3,4,5,2,3,4,4,3,2,3,2,3,4,4,4,3,4,5,4,3,4,5,3,4,4,2,1,2,2,1,1,2,1,2,2,3,3,2,3,2,3,4,6,5,4,5,3,5,4,2,28,4,1,3,2,40,3100,3000,0,133301,정보처리 기능사 소규모 사업자 사이트 기존 보완 수정 위해 일자리,교육학
32315,4,4,3,2,3,2,4,3,2,3,2,2,2,3,3,2,4,3,3,2,2,2,3,4,4,3,2,3,2,3,2,3,2,2,4,3,2,3,4,3,2,3,2,3,4,3,3,2,2,2,3,2,3,4,4,3,3,4,2,3,2,3,4,3,2,3,3,3,4,3,4,3,3,4,4,3,3,2,4,3,2,1,2,2,4,4,3,2,4,2,3,3,5,4,2,4,2,3,4,5,2,10,1,4,1,2,0,2,4,5,3,4,2,4,3,3,4,4,3,3,3,2,2,3,4,2,3,2,3,4,4,5,2,3,3,4,3,4,4,5,4,2,2,1,1,2,1,2,1,2,2,3,2,1,1,3,2,3,4,5,6,5,4,7,6,4,1,29,3,1,1,1,40,2600,2100,0,841101,PC정비사 전염병 매물 감소 구조조정 진행 인공 지능 컴퓨터 발달 고장 스스로 때문,전산
32316,5,5,5,6,4,6,4,5,1,0,3,4,1,0,2,4,3,3,3,5,4,5,3,4,3,3,3,3,3,5,4,5,2,2,1,0,2,3,3,4,4,4,2,4,2,3,1,0,1,0,3,3,2,3,1,0,3,4,1,0,3,4,1,0,3,3,1,0,2,5,3,4,1,0,3,4,1,0,3,2,1,0,2,1,3,3,2,3,3,3,2,4,4,3,4,2,4,4,4,5,4,17,3,6,1,1,6,6,5,4,4,4,3,4,4,5,4,5,4,4,4,4,4,4,3,3,4,4,3,3,3,4,3,4,4,4,3,4,4,4,3,2,2,2,2,2,2,2,2,2,2,2,4,3,3,3,2,2,6,5,5,4,5,6,3,6,1,35,4,1,1,1,40,9800,8000,0,301111,의사면허 비뇨기과전문의 레지던트 인턴과정 의료 기술 발달,의학
32317,4,5,3,4,3,4,3,4,3,5,4,5,3,4,4,6,3,5,3,4,3,5,3,5,3,4,3,5,3,4,3,4,3,4,3,5,3,4,3,4,3,6,3,4,3,3,3,4,3,4,3,4,4,5,4,5,4,5,4,5,3,4,3,4,3,4,4,5,4,5,4,5,4,5,4,5,4,4,3,4,3,5,3,5,2,3,2,4,4,3,4,4,3,2,3,3,3,4,3,3,4,3,1,5,2,2,0,2,6,4,4,4,4,4,4,4,3,4,3,3,3,4,3,3,4,3,4,3,4,4,4,4,3,4,3,4,5,4,5,4,4,4,2,2,2,2,2,2,2,2,2,2,2,2,2,2,2,7,3,6,3,3,6,6,4,7,1,29,2,1,1,1,45,2600,2200,0,151301,인공 지능 로봇 기술 대체,기계
32318,4,6,4,5,4,5,3,4,4,6,4,6,4,6,4,6,4,5,2,3,3,4,3,4,4,6,4,6,4,5,3,4,3,4,4,6,2,3,3,5,4,5,3,5,3,4,2,4,2,3,3,5,4,6,5,3,4,5,4,6,5,7,2,2,4,6,4,5,4,5,4,6,3,4,2,3,2,2,2,2,1,0,1,0,2,2,1,0,3,2,3,3,4,4,2,3,2,5,3,2,2,13,1,4,2,2,0,4,4,4,4,3,3,4,3,2,2,3,3,3,2,3,3,4,3,3,4,3,2,4,3,5,3,4,3,4,5,3,2,2,4,4,2,1,1,1,2,2,2,1,1,2,3,1,1,1,1,6,6,3,4,4,6,7,5,4,2,30,4,1,1,1,40,2900,2700,0,133901,업무 세분 화로 업무 난이도 급증 일자리 지원 자도,컴퓨터시스템공학
32319,1,0,4,2,1,0,4,4,1,0,4,4,1,0,1,0,2,2,1,0,1,0,1,0,3,4,1,0,2,3,4,6,4,5,1,0,1,0,4,4,5,7,4,5,1,0,1,0,1,0,1,0,1,0,5,6,4,5,1,0,1,0,1,0,3,3,2,3,5,7,4,5,1,0,5,5,5,3,1,0,2,2,1,0,5,7,2,3,2,3,4,3,4,4,4,4,2,2,3,2,4,13,1,2,1,2,0,3,2,4,2,1,3,3,1,3,9,9,9,3,2,3,3,4,4,5,4,4,3,3,2,4,3,4,4,4,3,3,4,3,3,4,2,2,2,2,2,2,2,2,2,1,3,3,3,3,2,3,3,4,5,4,5,4,5,6,1,40,2,1,1,1,40,2900,2300,0,832101,전기산업기사 사람,전기
32320,4,5,3,4,3,3,3,4,3,4,3,3,3,4,3,4,3,3,3,4,3,4,3,4,3,3,3,4,3,4,3,4,3,4,3,4,3,4,4,5,3,4,3,4,3,4,3,4,4,5,3,4,3,4,3,4,3,4,3,4,1,0,1,0,1,0,1,0,1,0,1,0,1,0,1,0,1,0,1,0,1,0,1,0,1,0,1,0,3,3,3,4,3,3,3,3,3,3,3,3,3,10,1,5,2,1,3,5,3,4,4,4,4,4,4,3,4,3,4,4,3,4,4,3,4,3,3,4,3,3,4,3,3,3,4,4,4,4,4,2,3,4,2,2,2,2,2,2,2,2,2,2,3,3,3,3,2,5,7,7,4,5,6,4,7,7,1,43,4,1,1,1,45,5500,3000,0,133202,AR 교육훈련 변화,기계공학
32321,2,3,3,4,1,0,3,4,3,4,3,4,3,4,3,4,3,4,3,4,3,4,4,5,4,5,4,5,3,4,4,5,4,5,4,5,4,3,4,5,4,5,4,5,4,5,4,5,4,5,1,0,4,5,4,5,4,5,4,5,1,0,4,5,4,5,4,5,3,4,3,4,4,5,1,0,1,0,3,4,1,0,1,0,1,0,1,0,4,3,3,4,3,3,3,3,4,3,4,3,3,15,2,5,1,1,3,5,4,2,3,3,5,4,4,3,3,3,3,3,1,4,4,3,4,4,3,3,4,3,4,2,3,4,4,3,4,4,3,2,3,4,2,2,2,2,2,2,2,2,2,3,3,3,3,3,2,8,4,4,6,7,7,3,6,8,1,44,4,1,1,1,45,6000,2000,0,140305,환경기능사 통계분석전문가 환경영향평가 통계분석자료검토 건물 건축 토목 중요성 매우,건축학
32322,4,5,4,6,4,5,5,5,4,5,4,6,4,5,3,4,4,5,4,5,3,5,4,6,4,5,4,6,4,6,4,5,4,4,3,5,4,5,4,5,3,5,4,5,3,4,3,4,4,4,3,4,2,3,3,4,4,6,2,4,3,4,2,3,3,4,4,5,4,5,4,5,3,4,2,4,2,3,3,5,3,4,2,3,3,4,3,4,4,3,3,4,3,4,4,3,4,4,3,4,4,15,2,5,2,2,0,7,5,4,4,4,4,4,4,5,4,3,3,4,2,4,3,4,3,3,2,2,3,3,4,4,3,3,4,4,3,3,4,3,4,4,2,2,2,2,2,2,2,2,2,1,3,3,3,3,2,6,5,5,4,6,6,3,5,5,1,37,4,1,1,1,48,5000,3000,0,122201,상태 유지,생명과학
32323,4,5,5,6,1,0,4,5,3,4,4,5,4,6,5,6,4,6,4,5,2,3,3,4,5,6,4,5,4,5,4,5,5,6,4,5,4,5,3,5,4,5,4,5,5,6,4,6,4,5,4,5,4,5,2,2,2,3,4,5,4,4,2,3,4,5,4,5,5,6,4,5,3,4,3,4,4,5,4,5,5,6,4,5,4,6,4,5,4,3,4,4,4,4,5,4,4,5,5,3,4,17,1,1,1,1,4,4,2,4,3,4,4,4,5,5,4,4,4,5,4,4,3,4,5,4,3,4,4,4,4,4,5,4,5,5,4,4,4,4,5,4,2,2,2,2,2,2,2,2,2,2,3,2,2,2,1,5,4,6,6,4,5,3,5,4,1,49,4,2,5,1,45,0,0,2900,705902,스킨스쿠버 잠수기능사 잠수안전교육 변동,스포츠학
32324,3,3,3,3,3,3,2,4,2,4,3,3,2,3,3,3,2,3,2,4,2,4,2,3,3,3,3,3,3,4,4,4,4,4,2,4,3,5,3,4,4,4,4,4,4,4,3,4,4,4,1,0,1,0,1,0,4,4,4,5,1,0,3,4,4,5,4,5,3,5,4,5,4,4,2,3,3,4,4,4,4,4,3,3,4,4,4,4,4,3,3,4,4,3,3,4,3,4,4,3,3,14,1,2,2,2,0,3,2,3,4,3,2,3,3,4,4,5,4,4,3,4,3,4,3,4,4,5,4,4,3,4,3,3,4,5,4,4,3,3,3,4,2,2,2,2,2,2,2,2,2,2,3,3,2,2,1,7,6,6,7,6,6,7,8,7,1,45,2,1,1,1,42,3800,2500,0,541301,보안 중요성 증가 일자리 안정,상고
32325,2,2,3,6,1,0,2,3,3,4,3,4,3,3,1,0,3,4,4,1,2,1,3,4,3,3,1,0,2,2,1,0,1,0,2,4,3,3,2,3,3,3,3,3,3,5,1,0,3,5,2,3,4,5,4,5,3,4,4,6,4,4,4,5,4,4,4,4,1,0,1,0,1,0,1,0,1,0,1,0,1,0,1,0,3,5,1,0,5,2,4,4,5,4,4,5,4,4,5,4,4,10,1,5,1,1,4,5,5,4,4,4,4,4,4,3,4,3,4,4,2,4,4,3,3,3,3,3,3,3,4,2,4,3,4,3,4,3,4,3,4,4,2,2,2,2,2,2,2,2,2,3,3,3,3,3,1,8,8,7,7,4,4,5,7,6,1,45,3,1,1,1,45,8500,3000,0,131202,정보통신기사 CDMA 기술개발 상황 유지,통신학
32326,4,4,4,4,4,5,4,5,4,5,4,5,2,2,5,2,4,4,4,4,4,5,3,4,4,4,4,5,4,5,4,5,4,2,2,2,2,2,3,4,5,6,4,4,3,3,2,2,2,2,1,0,1,0,1,0,1,0,1,0,5,6,2,2,1,0,1,0,1,0,1,0,4,4,1,0,1,0,1,0,2,3,2,2,4,4,3,3,4,5,3,2,5,3,3,3,3,4,5,4,4,17,3,2,1,2,0,3,4,4,3,3,4,4,3,2,2,3,3,3,1,3,5,4,4,4,2,3,5,4,3,5,4,5,4,4,4,5,4,4,4,5,2,2,2,2,2,2,2,2,2,1,4,3,2,3,1,4,7,6,8,8,5,3,2,3,2,30,3,1,1,1,40,2100,2000,0,231101,사회복지사2급 사회 수요,사회복지학
32327,4,6,4,5,5,5,4,6,4,6,4,6,4,6,4,6,4,6,4,5,4,5,4,6,4,6,4,6,4,5,4,6,4,6,4,6,4,5,4,5,4,5,4,6,4,5,4,5,4,5,4,5,4,5,4,6,4,6,4,6,4,5,4,5,4,5,4,5,4,6,4,6,4,6,4,6,4,5,4,6,4,6,4,6,4,6,4,5,4,4,5,4,4,4,4,4,4,5,4,4,4,10,1,2,1,2,0,5,7,4,5,5,4,5,4,5,4,5,5,4,4,5,4,4,4,5,4,4,5,4,4,4,5,4,4,4,5,4,4,5,4,5,2,2,2,2,2,2,2,2,2,1,3,3,3,3,2,8,8,9,9,8,8,9,8,8,1,32,4,1,1,1,40,3000,2600,0,134302,네트워크관리사2급 시스템 오류 파악 업무 경험 필요 사람,컴퓨터공학
32328,3,3,3,3,2,2,2,2,2,2,2,2,2,2,3,5,3,4,3,4,3,5,3,4,2,2,3,3,2,2,3,3,2,2,3,2,3,5,2,2,4,5,3,4,3,3,3,4,3,3,2,3,3,5,4,5,4,5,3,5,3,2,3,4,3,3,4,5,5,7,3,5,4,4,4,4,3,4,3,3,4,6,3,3,3,3,3,5,2,3,2,3,3,2,3,4,3,3,3,3,3,19,1,2,2,2,0,2,2,3,2,2,3,2,3,4,4,4,5,4,2,4,3,4,2,3,4,4,4,3,2,4,3,2,3,3,2,3,3,3,4,4,2,2,2,2,2,2,2,2,2,1,3,3,3,3,2,8,7,5,2,3,3,7,4,6,1,36,2,1,1,1,40,3500,2000,0,812201,여객선 이용 사람 정기 정비,인문계
32329,4,4,2,2,1,0,5,7,1,0,4,6,5,7,4,5,3,3,4,5,5,6,3,5,5,7,2,3,2,2,1,0,2,2,1,0,4,6,1,0,3,4,2,3,2,3,2,2,1,0,1,0,1,0,1,0,2,2,1,0,4,6,1,0,2,1,2,1,1,0,1,0,1,0,4,5,3,4,3,4,1,0,1,0,4,5,5,7,2,2,4,3,4,4,4,4,3,3,4,4,4,18,4,1,2,2,0,6,4,4,3,1,4,4,3,3,9,9,9,3,3,4,4,4,4,3,4,4,4,4,1,4,4,4,4,5,5,4,4,4,4,5,1,1,1,2,2,2,2,2,2,1,4,3,3,3,2,2,3,4,3,2,3,3,2,1,1,43,4,2,6,1,30,0,0,4000,414502,소프트웨어 개발 정형 프로그램 활성화 대중 음악 대한 관심,실용음악
32330,1,0,2,2,2,3,2,2,1,0,2,1,2,2,1,0,1,0,1,0,1,0,2,3,2,2,1,0,1,0,3,3,1,0,1,0,3,6,1,0,4,6,3,3,2,2,1,0,1,0,1,0,3,5,4,5,5,6,3,6,1,0,4,5,4,6,4,5,5,7,5,5,5,6,4,5,4,4,3,3,3,3,3,4,2,3,2,2,3,5,5,2,3,1,2,3,3,2,3,3,1,4,2,4,1,1,3,3,2,4,3,3,4,4,3,4,3,4,4,4,2,3,3,4,3,2,2,2,4,4,4,4,3,5,4,4,4,4,4,3,4,5,2,2,2,2,2,2,2,2,2,1,3,3,3,3,2,7,2,8,2,8,8,7,2,8,1,38,2,1,1,1,45,3200,2000,0,812301,전기철도 객화차정비 정비 인공 지능 대체 일자리,전기
32331,1,0,1,0,1,0,1,0,1,0,1,0,1,0,1,0,1,0,1,0,1,0,1,0,2,3,2,2,1,0,1,0,1,0,1,0,1,0,1,0,1,0,2,2,1,0,1,0,2,2,1,0,4,5,1,0,3,4,3,4,4,5,5,6,4,5,2,3,1,0,2,2,4,5,4,5,4,5,1,0,3,4,1,0,3,4,1,0,4,4,4,4,3,4,4,3,3,4,3,3,3,6,1,3,1,2,0,7,5,3,4,3,4,3,3,4,3,4,4,3,3,4,3,3,3,4,3,3,3,2,3,3,4,3,2,3,3,4,3,3,3,3,2,2,2,2,2,2,2,2,2,2,2,3,3,3,2,3,4,3,4,3,3,7,6,7,1,36,4,1,1,1,40,4000,3200,0,140701,콘크리트기사 건설재료기사 기술 개발,토목
32332,5,7,5,7,5,7,1,0,1,0,5,7,5,7,5,7,5,7,1,0,5,7,1,0,5,6,4,5,2,2,1,0,5,6,1,0,1,0,1,0,5,6,4,5,4,5,1,0,1,0,1,0,1,0,1,0,1,0,1,0,5,6,1,0,1,0,1,0,1,0,1,0,1,0,1,0,1,0,1,0,1,0,1,0,4,5,1,0,5,2,4,1,4,4,4,5,4,2,4,5,5,18,4,1,2,2,0,5,1,5,5,5,4,4,5,1,9,9,9,2,5,2,3,3,4,3,2,2,3,5,3,4,3,4,3,4,5,5,5,3,5,3,2,2,2,2,2,2,2,2,2,1,2,3,3,3,2,3,3,7,7,1,3,1,2,2,1,63,4,1,4,2,30,1200,700,0,411102,인구 감소 독서 인구 감소,문예창작
32333,4,4,4,4,4,4,5,6,4,4,4,4,4,4,3,4,4,4,4,4,4,4,4,4,4,4,4,4,4,5,4,5,5,6,5,5,4,5,4,4,4,4,5,5,5,5,4,4,4,4,4,4,4,4,4,5,5,5,4,4,4,4,4,4,4,4,4,4,4,4,4,4,4,4,3,3,4,4,4,4,4,5,4,4,5,5,4,3,5,4,4,3,4,4,4,4,3,4,3,4,4,17,1,1,1,2,0,2,5,4,4,4,4,3,4,3,2,3,3,3,2,4,4,4,5,4,4,3,4,3,4,4,5,4,4,4,4,5,4,4,4,4,2,2,2,2,2,2,2,2,2,1,4,2,2,2,2,3,6,3,6,7,6,3,6,4,2,32,3,1,1,1,48,3000,2250,0,306401,치과위생사 없다 고령화 사회 치아 중용 더욱 강조,치위생학
32334,2,4,2,3,2,2,3,4,3,3,2,3,4,5,2,3,3,4,3,4,3,3,2,4,4,4,2,2,3,4,4,4,3,3,2,3,3,3,3,3,3,4,3,3,4,3,2,2,2,4,2,3,4,5,2,3,4,5,3,3,2,2,3,3,3,3,4,5,4,2,4,3,2,3,4,2,4,4,4,3,4,6,4,4,4,4,3,3,4,4,2,4,5,1,4,4,3,3,4,4,4,6,1,2,2,1,3,3,3,2,2,1,4,3,4,5,4,3,4,3,2,4,4,1,4,3,1,1,5,3,4,1,4,2,2,4,4,4,4,2,5,2,2,2,2,2,2,2,2,2,2,2,4,2,2,2,1,6,6,6,8,8,8,9,9,9,1,64,2,1,3,2,40,5500,2800,0,701601,안전교육과 직업교육 작업 요구 일이,토목
32335,3,4,4,6,3,4,5,6,4,6,4,5,4,5,3,4,4,5,4,5,3,4,3,4,3,4,3,4,4,5,4,5,4,5,3,4,1,0,3,4,4,5,3,4,1,0,1,0,1,0,1,0,4,5,5,6,4,6,4,5,5,5,2,2,3,4,3,3,1,0,1,0,3,4,1,0,1,0,1,0,1,0,1,0,4,5,1,0,5,4,4,4,5,4,4,2,2,5,4,3,3,13,1,2,2,2,0,7,5,5,5,4,4,4,3,3,3,3,4,4,2,4,4,4,2,2,3,4,4,5,4,4,5,4,5,4,4,5,4,3,4,3,2,2,2,2,2,2,2,2,2,1,3,2,3,2,2,3,2,1,2,8,8,9,7,2,2,29,4,1,1,1,40,3400,3000,0,415504,변화,시각디자인
32336,4,6,4,5,5,6,5,6,2,3,4,6,4,5,4,5,4,6,1,0,2,2,4,5,4,6,4,5,4,5,3,4,4,5,4,5,4,5,4,5,4,5,4,5,4,5,3,3,2,3,3,3,1,0,1,0,1,0,2,3,2,2,2,2,2,3,1,0,1,0,2,2,2,2,2,2,2,2,1,0,1,0,1,0,2,2,4,4,4,5,2,4,4,4,4,4,2,5,5,5,5,10,1,3,2,1,2,7,5,4,4,4,4,5,3,3,4,4,4,3,4,3,3,2,3,4,4,3,4,2,4,2,4,4,5,4,4,4,4,5,2,3,2,2,2,2,2,2,2,2,2,2,2,2,2,2,1,2,3,2,3,3,2,2,8,7,1,47,5,1,1,1,45,6700,3600,0,412001,기사작성기술법 검색 기사 단순화 댓글 금지 참여 클릭 수의 감소,신문방송
32337,2,3,3,3,2,2,1,0,1,0,2,2,4,4,1,0,3,3,1,0,1,0,1,0,3,3,4,5,2,2,1,0,1,0,1,0,1,0,2,2,2,3,3,4,2,3,3,4,4,4,1,0,1,0,1,0,1,0,1,0,2,2,4,5,1,0,1,0,1,0,1,0,1,0,2,2,1,0,1,0,1,0,3,3,2,2,1,0,3,4,4,3,3,4,3,4,3,3,4,4,3,17,1,2,1,2,0,3,5,3,2,3,3,3,2,2,3,3,4,4,4,2,2,4,3,1,4,2,3,4,5,4,2,3,3,4,3,4,3,3,4,3,2,2,2,2,2,2,2,2,2,1,2,2,2,3,2,9,9,5,3,5,7,9,3,6,2,31,4,1,1,1,40,2700,2300,0,305001,영양사자격증 기계 대체 학생,식품영양학
32338,4,4,4,6,4,5,5,6,4,4,4,6,4,5,4,5,4,4,4,5,3,5,4,6,4,5,3,5,4,5,4,5,3,5,4,4,4,6,4,5,3,5,4,5,3,4,3,3,2,3,2,3,3,3,1,0,1,0,1,0,3,3,2,3,2,3,1,0,1,0,1,0,3,4,2,3,2,2,3,3,2,3,2,3,4,5,3,4,4,3,4,4,3,3,5,4,4,5,4,4,4,15,2,5,2,2,0,4,6,3,4,4,5,4,4,5,3,3,4,4,2,4,3,4,3,3,2,1,4,3,4,4,3,3,4,3,2,5,4,3,4,4,2,2,2,2,2,2,2,2,2,1,3,3,3,3,2,6,5,5,6,4,4,4,5,5,1,35,4,1,1,1,50,4500,2800,0,122201,상태 유지,화학공학
32339,4,4,5,4,1,0,5,4,2,4,3,4,1,0,3,4,5,4,3,4,1,0,1,0,5,4,4,4,5,4,5,4,5,4,5,4,2,4,5,4,5,4,3,4,5,4,1,0,1,0,1,0,2,4,1,0,2,4,2,4,1,0,5,4,4,4,4,4,3,4,4,4,2,4,4,4,4,4,4,4,5,4,5,4,3,4,5,4,3,4,2,3,4,2,4,2,3,2,4,3,3,8,2,3,2,2,0,1,4,4,3,3,4,3,3,2,2,3,4,3,3,4,3,4,4,2,3,2,4,2,2,4,3,4,4,4,4,5,4,3,4,4,2,2,2,2,2,2,2,2,2,2,2,2,2,3,2,6,5,5,5,4,4,4,5,4,2,44,4,1,1,1,40,3900,3000,0,522202,자동화 시스템 감소,경영학
32340,4,4,4,5,4,5,4,4,4,5,3,5,4,4,3,4,3,3,3,4,3,3,2,4,3,4,4,4,3,4,3,4,3,3,3,4,4,4,3,4,4,4,3,4,4,5,4,4,4,5,3,4,3,4,4,5,3,4,3,4,3,4,4,5,4,5,4,5,3,4,3,4,4,5,3,4,3,4,3,4,3,4,3,4,4,4,3,4,4,4,3,3,4,3,3,3,4,4,3,3,3,15,2,6,1,1,1,7,4,3,2,3,4,3,3,3,4,5,5,5,1,5,4,4,5,5,4,4,4,4,4,4,4,5,4,5,5,4,4,4,4,4,2,2,2,2,2,2,2,2,2,1,2,2,2,2,1,2,3,4,6,5,5,4,5,4,1,28,4,1,1,1,40,2100,2000,0,23301,관세사자격증 법규 공부 시스템 개발,법학
32341,3,4,4,5,4,5,4,6,3,4,4,5,4,6,4,5,4,5,3,4,4,5,4,5,4,5,4,6,2,3,3,4,2,3,1,0,2,3,4,5,3,4,3,4,2,3,2,3,1,0,4,5,3,4,3,4,2,2,2,2,3,4,4,5,4,5,2,3,2,3,2,2,4,5,4,5,4,5,4,5,4,5,4,5,4,5,4,5,4,3,4,4,4,4,4,4,4,3,4,4,4,17,1,2,1,1,3,2,5,4,4,4,5,4,4,4,3,4,4,4,2,3,4,4,5,4,4,4,3,4,4,4,4,5,4,4,4,4,5,4,4,4,2,2,2,2,2,2,2,2,2,2,3,3,3,3,2,4,7,6,4,4,4,7,3,5,2,40,4,1,1,1,45,3600,2400,0,29202,국제의료관광코디네이터자격증 국제의료서비스 관련 직무 의학용어 의료통역기초,보건행정학
32342,4,5,3,5,3,4,5,6,3,3,4,5,3,4,4,5,3,4,1,0,3,4,4,5,3,4,3,5,2,3,3,4,1,0,1,0,5,6,4,5,4,5,4,4,4,4,1,0,3,4,1,0,3,4,3,4,4,5,3,4,3,4,4,5,3,4,4,5,3,4,4,4,1,0,3,4,4,4,2,3,1,0,2,3,3,4,3,3,2,4,2,3,4,3,2,4,4,4,4,3,4,16,5,2,1,2,0,3,4,4,4,4,4,4,3,3,3,4,4,4,2,4,3,4,4,4,5,3,2,2,3,5,4,4,5,4,4,4,4,4,5,4,2,2,2,2,2,2,2,2,2,1,3,3,2,2,2,5,5,4,5,4,3,6,3,4,2,43,4,1,1,1,40,3300,2200,0,214301,한식조리기능사자격증 사람,조리학
32343,5,5,5,5,5,4,5,5,5,5,5,4,5,3,5,3,5,4,5,5,5,5,5,4,5,4,5,5,5,5,5,4,5,4,5,5,5,3,5,3,5,4,5,5,5,3,5,4,5,3,5,3,5,4,5,7,5,6,5,4,5,4,5,6,5,4,5,5,5,3,5,3,5,4,5,4,5,2,5,4,5,5,5,5,5,5,5,4,5,3,4,3,4,2,4,4,3,4,3,4,3,13,1,2,1,2,0,3,5,4,3,3,4,4,3,3,3,4,3,3,2,4,3,5,5,4,4,3,4,3,2,5,3,5,4,5,5,5,5,4,5,4,2,1,2,2,2,2,1,1,1,2,2,2,2,2,1,9,1,5,3,3,5,1,9,7,1,51,4,1,1,1,50,7500,2500,0,140206,환경기사 프로그램 도입 인적 구조 조정 개발 일자리 축소,건축
32344,4,5,5,7,5,7,5,6,4,6,4,6,4,6,4,6,4,6,3,5,3,5,4,5,4,5,3,4,4,6,2,3,3,5,3,5,4,6,4,6,4,6,3,5,3,4,2,3,1,0,2,4,2,2,2,2,1,0,1,0,1,0,1,0,1,0,1,0,1,0,1,0,3,3,1,0,1,0,1,0,1,0,1,0,2,3,2,3,4,4,4,4,4,5,4,4,4,4,4,3,4,16,5,5,2,2,0,6,7,4,4,4,4,4,4,4,4,3,4,4,3,4,4,4,4,4,3,2,4,3,4,4,4,3,4,4,4,3,3,3,3,5,2,2,2,2,2,2,2,2,2,2,2,3,3,3,1,4,3,4,3,4,4,6,4,3,2,50,5,1,1,1,45,4000,3000,0,110105,정신 보건 관련 기관 중요성 인식,심리학
32345,5,6,5,6,5,6,5,5,3,5,3,5,3,6,4,4,3,4,3,4,3,4,5,7,3,4,4,5,5,5,5,6,5,5,5,5,5,5,4,7,4,5,5,4,4,4,3,2,3,4,5,5,3,2,1,0,1,0,1,0,1,0,1,0,3,2,1,0,2,1,1,0,3,2,1,0,1,0,1,0,1,0,1,0,3,3,2,3,5,5,3,3,4,2,5,2,2,3,4,5,4,16,5,3,1,1,1,6,6,5,4,2,4,4,3,4,4,4,4,4,2,4,4,5,5,4,4,1,3,2,5,3,4,4,4,4,4,4,4,4,4,5,2,1,2,2,1,1,2,1,1,1,2,1,1,3,1,8,8,3,8,3,3,1,9,8,2,55,5,1,1,1,40,9000,9000,0,13203,중교등정교사 교감자격증 리더십캠프 수업 저출산 학생 감소,Educational Leadership and Managememt
32346,4,5,5,6,4,5,3,4,3,4,4,5,4,6,3,4,4,6,3,5,4,6,4,5,4,6,5,4,3,4,4,5,4,6,3,5,5,7,5,3,3,4,4,4,2,3,3,5,3,4,2,3,2,3,1,0,4,6,1,0,3,4,1,0,1,0,4,4,4,4,5,6,1,0,3,4,4,4,3,4,2,3,4,4,4,4,5,7,5,4,2,3,5,4,3,3,3,4,4,4,5,16,5,1,2,2,0,3,5,3,3,3,4,4,3,3,9,9,9,3,2,3,3,3,4,2,2,3,2,5,4,2,3,3,4,3,4,3,3,1,4,5,2,2,2,2,2,2,2,2,2,2,2,2,2,2,1,3,3,4,5,3,4,4,5,6,2,34,4,2,6,1,40,0,0,3600,214401,디지털 음악 대중화,음악학
32347,3,4,4,6,4,6,3,4,3,4,4,6,1,0,4,5,4,5,1,0,1,0,4,5,3,4,3,4,4,5,4,5,2,3,2,3,4,5,2,3,3,5,4,6,2,3,3,4,2,3,3,5,4,5,4,5,2,3,1,0,3,4,1,0,1,0,1,0,1,0,1,0,3,4,3,4,1,0,1,0,1,0,1,0,2,2,2,2,4,2,2,3,4,4,3,3,2,3,3,2,2,15,2,4,2,2,0,7,5,3,4,4,4,4,3,3,4,3,4,3,1,4,4,4,2,3,4,3,4,5,4,4,4,3,3,4,5,5,4,4,4,5,2,2,2,1,1,1,2,2,2,2,2,3,3,3,1,7,7,2,3,3,3,7,3,3,1,46,4,1,1,1,40,5800,2700,0,26101,발달 변화 전공 크게 영향 취업 더욱,전기
32348,4,5,3,5,4,4,3,5,4,5,3,4,4,4,4,5,4,4,4,5,3,5,4,5,4,5,3,4,4,5,4,5,3,5,4,5,4,5,3,4,4,5,4,5,5,6,4,5,4,5,3,4,4,5,4,5,5,6,5,5,4,5,4,4,4,5,4,5,4,5,5,5,4,4,3,5,4,4,4,5,4,4,4,5,3,5,3,4,4,4,4,3,3,4,4,4,4,3,3,3,4,6,1,2,1,2,0,3,4,4,4,4,4,4,4,4,3,3,4,4,4,3,3,4,3,3,4,4,3,3,3,4,4,3,3,3,4,4,4,3,3,3,2,2,2,2,2,2,2,2,2,2,3,3,3,3,2,6,6,5,5,6,6,6,6,5,1,39,4,1,1,1,40,4800,3000,0,134201,컴퓨터프로그래밍 정보관리기술사 정보처리기능사 대체 불가,전자공학
32349,4,5,4,5,2,2,3,4,3,3,4,5,1,0,3,4,2,2,2,2,1,0,3,4,3,4,2,3,2,2,3,4,2,2,3,3,2,2,3,3,4,5,4,5,3,4,3,3,3,3,2,2,4,5,4,5,4,5,3,4,2,2,3,4,4,5,4,5,3,4,4,5,3,3,3,4,4,5,3,3,4,5,3,4,2,2,2,3,4,2,2,4,3,2,3,4,3,3,4,2,3,4,1,3,1,2,0,3,2,4,4,4,5,5,4,3,9,4,4,4,2,4,5,4,4,4,4,3,4,2,4,4,3,4,5,3,4,5,4,3,5,5,2,2,2,2,2,2,2,2,2,3,2,3,3,3,1,4,6,5,4,4,5,4,3,7,1,42,2,2,5,1,50,0,0,3800,811501,보일러 시공기능사 보일러 산업기사 중앙 제어 시스템,전기
32350,3,4,3,4,3,4,3,4,3,4,3,4,3,4,3,4,3,4,3,4,3,4,3,4,4,4,4,5,4,5,3,4,3,4,3,4,3,4,3,4,3,4,3,4,3,4,3,4,3,4,3,4,2,3,2,3,2,3,2,3,2,3,1,0,3,4,3,4,2,3,2,3,2,3,2,3,2,3,2,3,2,3,2,3,4,4,3,4,4,4,4,4,4,4,4,4,3,4,4,4,4,18,1,5,2,2,0,3,5,3,4,4,4,3,4,4,5,4,4,5,3,3,4,4,4,3,4,5,4,4,4,3,4,4,3,3,4,5,4,4,4,4,2,2,2,2,2,2,2,2,2,2,2,2,3,2,1,5,4,7,6,5,7,6,8,7,1,47,4,1,1,1,48,4300,2200,0,416105,첨단 기술 발달 회사 인원 감축,미디어영상학
32351,4,5,4,5,3,4,3,2,2,2,2,2,2,2,2,2,2,2,1,0,1,0,2,2,2,2,2,2,2,2,2,2,1,0,1,0,2,2,2,2,2,2,2,2,2,2,1,0,2,3,3,3,1,0,1,0,1,0,1,0,3,3,1,0,1,0,1,0,1,0,1,0,2,2,1,0,2,2,1,0,1,0,1,0,2,2,2,2,4,3,4,3,3,4,3,3,4,4,4,3,4,15,2,2,1,2,0,2,5,4,4,4,4,4,4,4,4,3,4,4,2,4,4,3,4,4,3,3,4,4,4,4,4,5,3,4,4,4,5,4,4,5,1,1,2,1,2,2,2,2,2,2,3,2,2,3,1,6,5,4,5,5,6,6,5,5,2,36,4,1,1,1,40,3400,2600,0,413201,전자출판기능사 도서 열람 디지털화 변화,국어국문학
32352,3,6,3,5,3,4,2,3,3,4,3,5,2,3,4,5,3,4,4,5,3,5,3,5,4,4,2,3,2,4,3,5,2,3,3,4,4,5,2,3,2,4,3,5,3,4,2,3,3,4,3,4,4,5,3,5,5,5,4,6,3,4,4,5,5,4,5,5,5,6,5,4,3,4,2,4,4,5,2,4,3,4,5,4,5,5,2,4,4,4,4,3,4,3,4,3,4,4,4,4,4,13,1,3,1,2,0,4,5,4,4,4,4,4,4,3,4,4,4,4,4,3,3,4,2,3,2,1,3,4,4,4,3,3,2,3,3,4,3,3,4,4,2,2,2,2,2,2,1,2,2,2,2,2,2,2,1,4,4,7,4,7,8,3,2,6,1,38,4,1,1,1,40,3700,2500,0,158501,방사선비파괴검사기능사 불황 구조조정 악화 구조조정,광학
32353,4,5,5,7,5,6,4,5,4,5,4,5,3,4,4,5,3,5,3,4,3,4,3,4,3,4,3,4,2,2,2,2,2,2,2,3,3,4,2,4,3,5,2,3,2,2,2,2,2,2,2,2,3,4,3,4,2,3,2,3,2,3,2,2,2,2,2,2,2,2,2,2,3,5,2,2,2,2,1,0,1,0,1,0,2,3,2,3,4,4,3,3,3,5,4,4,4,4,3,4,4,13,2,4,2,2,0,5,6,3,3,3,3,3,3,4,3,4,4,4,3,4,4,3,4,4,2,3,3,3,3,4,4,4,3,4,4,4,3,4,4,4,2,2,2,2,2,2,2,2,2,2,3,3,3,3,1,4,5,5,6,4,6,4,7,6,2,37,5,1,1,1,50,4500,3200,0,121102,지금 동일,화학
32354,1,0,2,2,2,2,2,2,1,0,2,4,2,2,1,0,2,2,1,0,1,0,1,0,2,3,1,0,2,3,1,0,1,0,1,0,1,0,2,3,2,3,2,3,3,2,2,3,2,2,1,0,1,0,1,0,3,3,1,0,1,0,1,0,2,2,2,2,1,0,1,0,1,0,3,3,1,0,1,0,2,2,1,0,2,2,1,0,4,3,4,3,3,3,3,3,4,3,4,3,3,17,1,1,1,2,0,4,5,3,4,3,3,4,3,3,4,3,4,4,3,4,4,3,4,3,3,4,3,5,4,4,2,3,4,3,2,4,4,3,2,4,2,2,2,2,2,2,2,2,2,1,3,3,3,3,2,9,8,6,4,3,5,7,4,3,2,31,2,1,1,1,40,2500,1800,0,511501,애견미용 자격증 대체 기술 변화 요인,이과
32355,1,0,3,4,1,0,1,0,1,0,1,0,5,7,1,0,4,5,1,0,1,0,1,0,5,7,1,0,5,6,5,1,3,4,1,0,1,0,5,7,1,0,4,5,4,5,1,0,1,0,1,0,1,0,1,0,5,6,1,0,1,0,1,0,1,0,4,5,1,0,1,0,1,0,5,7,1,0,1,0,4,5,4,5,5,6,4,5,4,2,4,4,4,4,4,1,3,4,4,2,3,18,1,2,1,2,0,3,4,4,2,3,4,5,5,3,3,2,3,3,4,4,4,5,4,4,4,5,4,4,5,5,4,4,4,5,4,4,4,4,4,4,2,2,2,2,2,2,2,2,2,1,3,2,2,2,2,3,4,6,7,4,5,4,5,3,2,39,4,1,1,1,40,3800,2800,0,511402,메이크업 분장가 공연예술분장사1급 일반 분장 특수분장 직접 라서,미용
32356,3,5,4,5,4,5,4,6,4,5,4,5,4,6,4,5,4,5,4,5,4,5,4,5,4,6,4,5,1,0,1,0,1,0,1,0,3,5,1,0,4,5,4,5,1,0,4,5,4,5,4,5,4,5,5,6,4,5,4,5,4,6,4,6,5,5,4,5,4,6,4,5,4,6,4,6,4,5,4,5,1,0,1,0,3,4,3,4,4,4,4,3,3,4,4,4,4,4,3,4,4,13,1,2,1,1,3,5,5,4,4,4,4,5,4,4,3,3,4,4,3,4,4,3,3,2,2,4,3,4,4,5,4,4,4,5,5,5,4,3,5,4,2,2,2,2,2,2,2,2,2,2,3,2,2,3,1,3,3,3,5,5,5,7,6,3,1,39,5,1,1,1,40,6000,2500,0,151107,운전면허 차량기술자 수습 자동차 연구 익히기 상황 유지,자동차공학
32357,2,2,2,2,2,1,2,2,2,3,2,2,2,2,2,3,2,2,2,2,2,2,2,3,2,2,2,2,2,2,2,2,2,2,2,2,2,3,2,2,2,3,2,2,2,2,2,1,2,2,2,2,2,3,2,2,3,4,3,4,2,2,3,4,3,4,3,2,3,2,3,3,2,2,3,5,3,4,3,4,4,5,3,4,3,3,2,2,2,3,3,2,2,1,2,2,2,2,2,3,2,7,1,1,2,2,0,2,2,3,2,2,3,2,2,2,9,9,4,3,4,1,1,3,3,4,2,4,2,4,2,5,2,3,3,2,3,5,2,3,4,3,2,2,2,2,2,2,2,2,2,2,2,3,3,3,2,6,6,6,4,4,5,5,4,4,1,33,3,1,1,1,40,3500,2500,0,872101,기계 자동화 육류 소비 감소,축산
32358,2,2,4,5,2,2,4,5,2,3,4,5,5,6,4,5,5,6,5,6,5,6,2,3,4,6,5,6,4,5,4,6,4,5,3,4,4,5,4,5,4,5,5,6,4,5,4,6,5,6,4,6,3,4,1,0,5,7,4,5,1,0,2,2,3,4,5,6,4,5,5,6,4,5,3,4,3,4,5,6,5,6,5,6,5,6,5,6,5,4,4,5,4,4,4,4,4,4,5,4,4,17,1,1,1,1,3,4,5,4,4,3,4,5,4,4,3,4,5,4,4,3,4,3,4,4,4,3,4,4,4,4,4,3,5,4,4,4,5,4,4,3,2,1,1,2,2,1,1,1,1,2,4,3,1,1,1,9,8,8,8,5,6,9,8,8,1,35,4,1,1,1,40,3200,2500,0,705902,스킨스쿠버 잠수기능사 잠수 안전교육 전산 발달 데이터 분석 스포츠 레져 인구,전기전자학
32359,5,7,5,7,5,7,5,7,5,7,4,6,4,7,5,6,3,5,3,4,3,4,4,6,4,6,4,4,4,6,4,6,5,5,5,5,5,7,5,6,5,5,4,6,5,6,4,5,3,5,5,6,5,6,5,6,1,0,1,0,1,0,3,4,1,0,1,0,2,3,2,2,1,0,1,0,1,0,1,0,1,0,1,0,4,5,4,6,3,4,3,3,4,3,4,3,3,4,3,4,4,15,2,5,1,2,0,5,7,3,2,3,4,4,4,3,3,3,3,3,3,3,3,4,3,3,3,4,4,4,4,3,3,4,3,3,3,3,3,3,3,3,2,2,2,2,2,2,2,2,2,2,3,3,3,3,2,2,3,3,2,3,2,3,3,3,2,43,6,1,1,1,40,6000,3200,0,122102,박사학위 상태 유지,의예
32360,4,6,3,4,2,3,2,3,3,5,4,5,4,5,3,5,4,6,2,3,2,3,2,3,4,6,4,6,3,5,2,2,2,3,2,4,3,5,4,6,4,6,3,4,3,4,3,4,2,2,2,3,4,6,2,2,2,2,4,5,4,5,2,2,4,5,2,2,1,0,3,4,3,4,1,0,1,0,1,0,1,0,1,0,1,0,1,0,4,3,2,3,4,3,2,3,2,3,3,3,3,13,1,3,2,2,0,3,4,4,3,3,5,4,3,3,2,2,3,3,2,3,3,3,2,2,3,3,2,4,3,4,3,4,4,3,4,4,3,3,4,4,2,1,1,2,2,2,2,1,1,3,4,1,2,2,1,4,5,6,4,4,5,7,5,4,1,40,4,1,1,1,40,5000,2900,0,134102,사내 인프라 구축 개선 업무 효율 시장 확대,수학
32361,2,2,1,0,1,0,1,0,4,5,1,0,1,0,3,4,2,2,1,0,1,0,3,4,4,5,2,3,3,3,2,3,1,0,1,0,3,4,3,4,2,2,3,4,3,4,3,4,3,4,2,3,3,4,3,4,4,5,3,4,2,3,3,5,4,5,4,5,4,5,4,5,3,4,4,5,4,4,4,5,2,3,2,3,4,5,2,3,1,3,4,2,3,2,3,1,2,2,2,1,3,4,2,4,1,1,1,3,5,2,3,4,2,2,3,4,2,3,4,3,4,2,3,5,3,4,4,2,4,3,3,4,3,3,3,3,4,4,4,2,4,4,2,2,2,2,2,2,2,2,2,1,3,3,3,3,2,9,9,6,8,7,6,7,2,8,1,39,4,1,1,1,40,4800,4500,0,16201,전기공사기가 자격증 안전을 위하여 어차피 사람 직업,전기공학
32362,2,3,4,4,1,0,3,3,3,5,3,3,2,3,3,5,3,3,4,4,2,2,2,3,4,5,3,4,2,3,3,3,2,3,2,2,3,5,3,3,3,4,2,3,1,0,1,0,1,0,1,0,3,3,3,5,4,4,4,5,2,3,3,3,4,5,4,4,4,5,3,5,4,4,4,5,4,5,3,3,3,3,2,3,3,5,3,3,4,4,3,4,4,2,4,3,3,3,4,4,3,8,2,2,1,2,0,2,4,3,2,3,3,4,4,4,3,3,4,4,3,2,3,3,3,3,4,2,3,3,2,4,3,3,4,4,4,5,3,3,4,3,2,2,2,2,2,2,2,2,2,2,2,3,3,3,2,6,5,6,4,4,4,6,5,4,1,37,4,1,1,1,40,4000,4000,0,705201,철도차량 산업기사 장비 기술 자동화 대형화 영향,토목공학
32363,4,5,3,4,2,2,2,2,3,3,3,3,2,3,3,3,3,3,2,2,2,3,2,2,4,5,3,3,2,3,2,2,2,3,2,3,3,4,2,3,4,4,4,4,2,4,2,3,2,2,2,3,3,3,4,5,2,3,4,4,4,4,3,3,3,3,4,4,4,5,3,4,2,2,2,2,2,2,4,4,1,0,1,0,3,3,3,2,4,3,3,4,4,4,4,4,3,3,3,4,3,10,1,4,1,2,0,5,5,4,4,4,4,4,4,5,4,4,4,4,4,3,3,3,3,2,4,2,3,4,5,4,4,3,3,4,4,3,3,3,4,3,2,1,2,2,2,2,2,2,2,2,2,3,3,3,2,6,3,3,6,7,5,7,7,5,1,47,4,1,1,1,40,4300,3500,0,133301,정보처리기사 장비 도입 시스템 개발,정보미디어
32364,5,5,5,5,4,4,5,6,5,6,5,5,4,6,4,5,4,4,5,6,4,5,4,4,4,5,4,5,4,5,4,5,5,6,5,5,4,5,5,5,5,5,5,6,5,6,5,5,5,6,5,6,5,5,5,6,5,6,5,5,5,6,4,5,4,4,5,6,4,5,4,5,5,5,3,4,2,3,4,4,3,3,3,3,4,5,4,5,4,4,2,2,3,2,4,4,2,4,4,4,3,6,1,5,1,2,0,7,5,4,3,3,4,4,2,2,3,4,4,3,3,3,3,4,2,3,4,2,3,3,3,3,4,3,4,3,3,4,4,4,4,3,2,2,2,2,2,2,2,2,2,2,2,2,2,3,1,5,6,4,5,6,5,6,5,5,1,40,4,1,1,1,40,4200,3200,0,140501,도시계획기사 도시계획기술사 민간 건축 시장 위축,도시지역학
32365,4,5,3,4,5,7,3,4,2,2,2,3,5,7,3,4,4,6,3,4,5,7,3,4,3,4,3,3,3,3,2,3,2,3,2,4,1,0,2,3,3,3,3,3,1,0,2,2,2,2,1,0,1,0,1,0,1,0,1,0,3,4,2,2,1,0,2,2,1,0,1,0,1,0,4,5,4,3,3,4,3,5,3,4,5,5,1,0,5,3,4,4,3,2,4,4,1,3,3,3,4,18,4,1,2,1,3,7,2,3,3,3,3,4,1,4,9,9,9,4,2,4,4,4,5,5,4,4,4,4,2,4,5,3,3,2,4,4,4,3,4,3,2,1,1,2,2,2,2,1,1,1,3,3,3,3,2,7,4,6,3,4,7,2,3,7,1,50,4,1,4,2,65,5700,2500,0,414301,그래픽 교육 컴퓨터 기능 확대 클라우드 기능 작업 효율 증대 변화 상황 유지 예상,만화예술학
32366,4,4,4,4,3,4,3,4,4,4,4,4,5,5,4,4,4,4,3,4,3,4,4,4,4,3,3,3,3,3,2,3,2,3,2,4,3,3,3,3,3,3,3,3,2,3,4,4,3,3,2,2,4,4,3,3,3,3,3,3,3,4,3,3,3,4,2,3,3,4,4,4,4,5,3,4,3,3,3,3,4,5,4,4,5,5,4,4,4,3,3,4,4,3,4,4,3,3,4,4,3,6,1,2,1,2,0,6,5,4,3,3,4,4,4,4,4,4,4,4,2,4,4,3,4,3,4,4,4,4,4,5,3,3,3,4,4,4,4,4,4,4,2,1,1,1,2,2,2,2,2,2,2,3,3,3,2,7,5,6,4,5,6,7,4,5,1,43,4,1,1,1,40,2200,1800,0,140205,건축산업기사 장비 도입 기계화 분석 가능 건축 경기 감소,건축
32367,2,3,2,3,2,3,2,3,1,0,2,3,1,0,2,3,2,3,2,3,1,0,2,3,2,3,1,0,2,3,1,0,2,3,2,3,1,0,2,3,1,0,2,3,1,0,1,0,1,0,1,0,2,3,1,0,1,0,1,0,2,3,1,0,2,3,2,3,2,3,2,3,1,0,2,3,1,0,1,0,2,3,2,3,1,0,1,0,2,3,2,3,2,2,3,2,3,3,2,3,3,13,1,4,2,2,0,2,3,3,2,3,3,3,3,3,2,3,3,3,4,2,2,4,4,3,3,2,3,3,3,4,3,2,2,3,2,4,3,3,4,4,2,2,2,2,2,2,2,2,2,1,3,3,3,3,2,5,8,5,5,5,5,5,5,5,1,31,4,1,1,1,40,2800,2400,0,811101,기계 대체 용량 생산량 그대로,신문방송학
32368,2,4,3,5,1,0,1,0,1,0,3,5,1,0,3,5,1,0,1,0,1,0,1,0,4,6,1,0,1,0,3,5,1,0,1,0,1,0,1,0,2,4,1,0,1,0,1,0,1,0,1,0,3,4,3,4,3,4,3,4,3,4,3,4,3,4,3,5,3,5,4,5,1,0,4,5,3,5,3,4,2,4,1,0,3,5,2,4,4,4,4,3,4,2,4,2,3,4,4,3,4,3,1,2,2,2,0,4,2,3,2,1,4,4,3,2,3,3,4,3,2,4,4,4,3,4,3,4,4,3,4,5,4,4,3,4,5,4,4,4,5,4,2,2,2,2,2,2,2,2,2,3,2,2,2,3,2,4,7,4,6,5,4,3,7,5,1,49,2,1,1,1,40,3200,1920,0,864201,점차 자동화 비율,기계
32369,4,5,4,5,4,5,3,4,3,5,4,5,4,5,3,5,4,4,4,5,4,5,3,4,3,5,3,4,3,4,3,4,4,5,3,4,4,5,4,4,3,4,3,4,3,5,3,4,3,4,3,5,3,4,3,4,4,5,3,4,4,4,3,5,4,4,3,5,3,4,3,4,3,4,3,5,4,4,3,4,4,5,4,4,3,4,3,4,4,4,4,3,4,4,3,4,3,4,4,3,3,4,2,4,1,2,0,3,2,2,3,3,4,4,4,4,4,3,3,3,3,3,3,4,4,3,3,3,3,3,4,3,4,4,3,3,4,4,4,3,3,4,2,2,2,2,2,2,2,2,2,1,3,2,2,2,1,7,6,6,7,6,6,6,5,5,1,33,4,1,1,1,40,4000,2200,0,153103,발전설비기술 일자리 한정,기계
32370,2,3,2,3,2,2,3,3,3,3,2,2,1,0,2,3,2,3,3,3,2,2,3,4,2,3,1,0,1,0,2,3,1,0,2,2,3,3,2,3,1,0,2,2,2,3,1,0,1,0,1,0,1,0,1,0,4,4,1,0,1,0,1,0,2,3,1,0,5,5,4,5,1,0,4,4,5,5,3,4,3,4,3,4,3,4,3,3,3,3,1,2,2,2,3,3,3,3,3,4,3,3,1,4,2,2,0,4,3,3,3,3,2,2,2,2,1,3,3,2,3,3,3,3,3,4,3,3,2,3,3,4,4,5,4,3,4,4,3,2,4,3,2,2,2,2,2,2,2,2,2,2,3,3,3,3,2,8,7,4,5,6,4,6,4,4,1,55,2,1,1,1,40,4600,3000,0,851101,수출 갈수록,공고
32371,3,5,4,5,3,4,3,4,1,0,2,3,1,0,3,4,4,5,1,0,1,0,4,4,3,4,3,4,4,5,4,4,1,0,1,0,5,4,3,4,1,0,2,3,3,4,1,0,2,3,1,0,1,0,1,0,1,0,1,0,3,4,1,0,1,0,1,0,1,0,1,0,1,0,1,0,1,0,1,0,1,0,3,3,3,3,3,4,2,4,4,2,4,4,1,2,3,2,4,5,4,16,5,3,2,2,0,2,5,3,3,3,2,4,4,2,2,3,3,2,3,3,3,4,4,4,4,3,2,3,3,4,4,4,5,4,4,3,4,3,4,4,2,2,2,2,2,2,2,2,2,1,2,3,2,2,2,6,5,3,4,3,2,3,6,8,2,37,4,1,2,2,30,2200,1800,0,212901,학생 수가 감소,영어영문학
32372,2,3,2,2,2,2,2,5,2,3,1,0,1,0,1,0,2,2,2,3,1,0,1,0,1,0,1,0,2,3,4,5,3,3,2,3,1,0,4,5,2,2,1,0,2,3,2,2,1,0,1,0,1,0,1,0,1,0,1,0,2,3,1,0,1,0,1,0,1,0,1,0,1,0,1,0,1,0,1,0,2,2,1,0,2,2,1,0,3,4,2,3,3,2,3,4,3,3,2,2,3,19,1,1,1,2,0,5,3,3,3,2,4,3,3,3,9,9,9,3,4,3,2,4,3,4,4,1,3,3,3,5,3,3,3,4,4,4,4,3,4,4,2,2,2,2,2,2,2,2,2,1,3,3,3,3,1,8,8,6,3,3,5,3,3,4,1,32,3,1,3,2,40,2400,2400,0,512301,장례지도사 장례식 절차 항상,장례지도사학
32373,3,4,5,6,4,5,3,4,2,3,3,4,2,3,2,3,4,5,3,4,3,4,4,5,2,3,4,5,3,4,3,4,2,3,2,3,2,3,4,6,3,4,4,5,1,0,1,0,1,0,1,0,1,0,1,0,1,0,1,0,3,4,1,0,1,0,1,0,1,0,1,0,1,0,1,0,1,0,1,0,1,0,1,0,3,4,4,5,4,3,3,3,4,4,3,4,3,4,3,3,3,17,1,4,2,2,0,3,2,3,4,4,3,4,3,3,4,4,4,4,3,4,4,2,3,3,3,4,4,5,3,5,3,4,4,4,3,5,4,4,4,4,2,2,2,2,2,2,2,2,2,2,3,1,1,1,1,5,3,8,3,8,8,1,2,4,2,41,4,1,1,1,40,2900,2000,0,29101,선호 일자리,국어국문
32374,5,7,4,6,3,5,3,4,2,4,4,6,5,7,4,6,5,6,4,5,5,6,4,6,5,7,1,0,1,0,1,0,1,0,1,0,1,0,1,0,2,2,3,4,2,3,2,2,2,2,1,0,1,0,1,0,1,0,1,0,5,6,1,0,1,0,2,3,1,0,1,0,1,0,5,6,1,0,1,0,1,0,1,0,5,6,2,2,4,3,3,3,3,3,3,3,3,3,3,3,3,18,4,1,2,2,0,7,2,4,4,4,4,3,3,4,9,9,4,4,1,3,4,2,4,5,3,3,4,3,2,4,4,3,3,3,4,4,3,3,4,3,2,2,2,2,2,2,2,2,2,1,3,1,1,1,2,9,8,7,4,3,2,7,7,1,2,28,4,1,4,2,60,5000,2000,0,414301,현재 상황 변화 예측,영상학
32375,5,6,5,7,5,7,4,6,2,1,3,4,5,7,4,5,5,6,4,6,5,6,3,4,5,6,5,6,5,6,3,4,5,6,4,5,3,3,4,5,4,5,4,4,3,4,2,2,1,0,3,4,1,0,1,0,1,0,1,0,3,2,1,0,1,0,1,0,1,0,1,0,1,0,1,0,1,0,3,4,3,3,2,2,2,3,2,2,4,3,4,2,3,2,3,4,4,4,4,3,4,18,4,1,2,1,4,7,1,3,3,3,3,4,4,2,9,9,9,2,2,4,4,3,4,5,4,4,4,4,2,4,5,4,3,3,4,4,4,3,4,3,2,2,2,2,2,2,2,2,2,4,2,2,2,2,2,3,4,7,2,4,8,7,9,3,2,46,4,1,4,2,20,1100,800,0,411103,시나리오 작법 개론 교육 대체 가능 일자리 감소,무역학
32376,3,3,3,2,2,1,2,1,2,2,2,2,2,3,3,5,3,4,3,4,3,3,3,4,2,2,3,3,2,3,2,2,2,1,2,2,3,5,2,2,3,3,3,4,3,3,3,3,2,2,2,3,3,5,4,5,4,4,4,4,2,2,3,3,3,3,4,5,5,7,3,4,1,0,3,4,3,4,3,4,4,5,3,3,3,5,3,4,3,3,2,3,2,1,2,4,2,2,3,3,3,19,1,2,2,2,0,2,2,3,2,2,3,2,3,4,3,4,4,4,2,4,3,4,3,4,4,4,4,3,2,4,3,3,4,4,3,3,4,2,3,4,2,2,2,2,2,2,2,2,2,2,2,3,3,3,2,8,7,5,2,2,2,8,6,7,1,29,2,1,1,1,40,2400,2000,0,812201,발전,정밀기계
32377,3,2,2,3,2,2,3,3,2,1,3,3,3,1,3,4,3,3,4,3,2,2,1,0,4,3,2,3,2,2,3,2,1,0,1,0,3,3,2,2,3,3,2,2,3,3,1,0,1,0,1,0,2,2,1,0,1,0,1,0,2,2,1,0,2,3,3,2,2,1,2,1,1,0,3,3,3,3,2,2,2,3,3,1,3,3,3,3,3,4,2,1,3,3,4,3,3,2,3,3,4,8,2,4,1,1,1,2,5,2,3,3,4,3,3,3,4,5,5,4,2,3,2,2,2,2,3,2,3,3,3,2,2,3,3,3,4,3,2,4,4,4,2,2,2,2,2,2,2,2,2,1,3,2,2,2,1,7,8,6,6,4,3,7,8,7,1,35,4,1,1,1,52,4600,3600,0,621301,철도차량운전면허 직무교육 철도 이용 현상 유지,철도차량시스템학
32378,4,5,3,5,4,5,4,4,3,3,3,5,4,5,3,5,4,4,3,4,4,4,1,0,3,4,1,0,4,4,4,4,4,5,1,0,3,4,4,4,4,4,5,5,4,4,1,0,3,4,1,0,4,4,1,0,4,4,2,3,4,4,1,0,3,3,3,4,2,3,3,2,1,0,3,4,4,4,1,0,1,0,3,4,4,4,2,3,5,5,4,5,5,3,5,4,3,4,5,3,4,17,1,2,1,2,0,6,4,4,5,4,4,3,4,4,5,4,4,4,4,4,3,3,4,4,3,4,3,4,4,4,3,4,5,4,4,3,4,4,4,2,2,2,2,2,2,2,2,2,2,2,3,3,3,3,2,5,3,7,4,7,8,6,4,3,2,40,3,1,1,1,40,3100,2600,0,306401,치과위생사 평균수명 연장 생활수준 향상,치위생
32379,3,3,3,4,3,4,3,5,3,3,3,4,3,4,3,4,3,4,2,2,2,3,2,2,3,4,2,2,3,3,2,3,2,3,3,3,3,2,2,3,2,3,3,2,2,2,1,0,1,0,2,2,2,1,1,0,2,3,1,0,2,2,1,0,5,6,1,0,1,0,1,0,2,2,2,3,2,2,3,4,3,3,2,3,3,4,3,3,3,4,4,3,3,3,4,4,3,4,4,3,3,17,2,2,1,1,1,4,4,3,4,4,4,4,3,4,3,4,4,4,4,3,4,4,3,4,4,2,3,2,3,4,3,4,4,3,4,5,3,4,5,4,2,2,2,2,2,2,2,2,2,2,2,3,3,3,2,6,5,5,5,6,5,7,5,4,2,40,4,1,1,1,40,4000,2500,0,306101,임상병리사 환자대하는 교육 임상병리 절차 교육 전문 사실 이용 검사 기기 발달 인력 감소 것이므,임상병리학
32380,1,0,1,0,1,0,3,4,1,0,1,0,4,5,3,5,4,4,2,3,1,0,2,4,5,5,3,5,4,4,3,3,4,5,4,4,1,0,5,5,3,4,4,5,4,4,4,5,4,4,4,3,3,4,1,0,1,0,1,0,2,2,1,0,1,0,1,0,1,0,1,0,1,0,4,5,4,5,3,3,4,5,4,4,3,4,2,2,4,3,2,4,4,3,4,4,3,4,4,4,5,9,1,2,1,1,5,6,2,3,4,4,4,3,2,5,9,9,9,5,2,4,5,4,5,3,5,3,5,2,4,4,5,5,5,5,4,5,4,4,5,4,1,2,1,2,2,2,2,2,2,1,3,2,2,2,1,9,9,9,1,1,7,8,2,7,1,52,2,2,5,1,48,0,0,5000,871101,제과제빵사 제빵 시장 개발 현재 상황 유지,조리
32381,3,2,4,3,3,2,4,1,2,2,2,2,1,0,4,2,3,3,5,5,3,2,1,0,2,3,3,1,1,0,5,3,2,1,1,0,2,2,4,2,5,2,4,3,2,1,1,0,4,3,5,2,2,3,3,2,4,2,2,1,1,0,3,2,3,2,4,2,5,2,3,2,2,1,4,3,3,2,4,4,5,5,3,3,5,3,3,2,5,4,5,3,4,2,3,5,2,3,4,3,4,13,2,2,1,2,0,2,4,4,4,3,2,4,4,4,3,3,2,4,3,5,4,4,2,3,2,2,5,4,4,4,3,5,4,4,3,2,4,5,4,4,2,2,2,2,2,2,2,2,2,2,2,3,2,2,2,7,8,9,6,9,7,7,4,4,1,45,4,1,1,1,40,6600,4200,0,705902,점수기능사 스킨스쿠버 물류 산업 침체 해양 산업 부진 수요 감소,기술공학
32382,3,5,4,4,3,3,5,6,1,0,2,3,1,0,1,0,4,4,1,0,1,0,1,0,4,5,3,4,5,6,1,0,4,4,1,0,1,0,4,4,2,2,1,0,1,0,1,0,1,0,1,0,1,0,1,0,1,0,1,0,2,3,1,0,1,0,1,0,1,0,1,0,1,0,1,0,1,0,1,0,1,0,1,0,5,6,5,6,4,3,3,2,3,4,4,3,4,3,4,3,4,17,1,1,1,2,0,3,4,3,2,1,3,3,4,2,3,3,4,3,2,4,2,2,3,1,2,1,2,4,4,4,2,3,2,3,2,4,3,2,4,3,2,2,2,2,2,2,2,2,2,1,3,2,2,3,2,8,5,7,5,4,6,7,5,4,2,36,4,1,1,1,40,2700,2000,0,306901,언어치료사 자격증 지금,언어치료학
32383,1,0,3,3,1,0,3,4,1,0,1,0,1,0,1,0,3,4,1,0,1,0,1,0,4,5,4,4,4,4,1,0,1,0,1,0,1,0,4,5,1,0,1,0,1,0,1,0,1,0,1,0,3,4,1,0,4,5,4,5,1,0,1,0,4,4,4,5,4,5,5,5,1,0,3,4,3,3,1,0,3,4,2,3,4,5,5,5,3,3,4,2,3,2,2,2,3,3,3,4,3,19,1,1,1,1,4,4,3,3,2,2,3,4,2,2,2,3,9,3,2,2,2,4,3,2,3,4,2,3,4,3,4,3,4,3,4,4,3,3,4,4,2,2,2,2,2,2,2,2,2,2,2,3,3,3,2,3,5,6,4,7,6,8,4,6,1,28,3,1,1,1,48,2500,2500,0,812901,오토바이 정비 자격증 오토바이 정비 실무 교육 로봇,자동차학
32384,2,2,3,3,2,2,3,3,2,2,2,2,1,0,2,4,3,3,3,3,2,2,2,3,3,3,2,2,3,3,3,4,4,5,3,3,3,3,3,4,3,3,2,2,3,3,1,0,3,3,2,2,2,3,3,5,4,4,4,4,4,6,3,4,3,5,4,5,3,3,4,4,3,3,3,4,4,4,2,2,3,3,3,4,4,4,4,5,4,3,3,4,4,3,4,3,3,4,3,2,3,15,2,6,1,2,0,7,2,3,4,4,4,3,3,3,4,4,4,4,3,4,3,4,4,3,4,4,4,3,3,3,4,4,4,3,4,5,4,4,5,3,2,2,2,2,2,2,2,2,2,1,4,2,2,2,1,8,7,7,5,5,5,2,3,7,1,58,2,1,1,1,52,4800,2200,0,621901,대형면허증 일자리 증가,일반고등학교 인문계(문과)
32385,3,4,3,4,3,4,3,4,4,5,3,4,3,4,3,4,3,4,3,4,3,4,3,4,4,4,3,4,4,4,3,4,3,4,3,4,3,3,3,4,3,5,3,4,3,4,3,4,3,4,4,5,3,4,3,5,3,5,3,3,3,4,4,4,4,5,3,5,4,5,4,5,3,3,3,3,3,5,3,4,3,4,3,3,3,3,3,4,4,3,3,4,3,4,3,2,3,3,3,3,3,4,1,3,1,2,0,4,5,4,3,3,3,4,3,4,3,3,3,3,3,3,4,3,3,3,3,2,3,3,2,4,3,3,2,4,4,4,3,4,4,4,2,2,2,2,2,2,2,2,2,1,2,3,3,3,2,8,6,5,5,5,5,6,6,4,1,35,4,1,1,1,40,7500,4000,0,153105,전기안전기술사 기술 개발,전기전자공학
32386,3,3,4,5,1,0,3,3,2,3,3,3,2,2,3,2,3,4,3,3,2,2,2,2,3,3,1,0,1,0,3,3,2,2,2,3,2,2,3,2,3,5,3,3,4,5,1,0,2,2,1,0,1,0,1,0,4,5,3,3,1,0,4,5,4,5,4,5,4,5,4,5,2,2,3,3,3,3,3,4,3,4,4,5,3,3,3,3,2,2,1,3,2,2,3,2,2,2,2,2,2,3,1,6,2,2,0,3,2,3,2,2,3,3,2,3,2,3,4,3,3,3,2,3,4,3,4,3,3,2,3,4,3,4,4,3,3,4,4,4,3,3,2,2,2,2,2,2,2,2,2,3,2,3,3,3,2,6,5,6,5,5,5,5,5,4,1,31,2,1,1,1,40,2800,2600,0,882201,산업 인쇄 용지,금속기공
32387,2,2,2,3,2,3,2,3,1,0,2,3,1,0,1,0,2,2,2,2,1,0,1,0,2,2,1,0,1,0,2,2,1,0,1,0,2,2,1,0,1,0,2,2,1,0,1,0,2,2,2,2,1,0,1,0,2,2,1,0,1,0,2,2,1,0,1,0,1,0,1,0,1,0,1,0,2,2,2,2,2,2,2,2,2,2,1,0,2,2,2,2,2,2,2,2,2,2,3,2,3,6,1,2,2,2,0,5,3,2,1,1,3,3,2,3,3,3,3,3,4,2,2,4,4,4,3,2,3,3,3,4,2,2,2,2,3,2,2,2,3,4,2,2,2,2,2,2,2,2,2,1,2,3,3,3,2,5,5,5,6,7,5,5,5,5,1,60,2,1,3,2,52,3000,2200,0,701701,인건비 중국 베트남 인력,이과
32388,4,3,3,2,3,4,1,0,4,3,3,4,3,3,2,2,2,3,3,2,1,0,2,3,3,3,2,3,1,0,1,0,1,0,1,0,2,5,1,0,4,4,3,2,3,3,2,1,2,1,1,0,2,3,4,4,3,5,2,3,4,3,4,3,2,3,2,3,4,5,3,4,1,0,3,2,4,2,1,0,1,0,1,0,4,4,3,3,4,3,5,4,4,2,4,3,2,4,4,5,4,3,1,3,1,2,0,3,4,5,4,5,5,5,5,3,4,4,5,4,2,5,4,3,4,5,5,3,4,5,4,4,5,5,3,3,5,4,4,5,2,4,2,2,2,2,2,2,2,2,2,2,4,3,3,3,2,6,4,8,3,6,8,7,6,4,1,30,4,1,1,1,40,3500,3200,0,154201,화공기사 화학분석기능사 화학 산업 산업 융합 수요 증가,화학공학
32389,5,7,5,7,4,6,3,4,4,6,4,6,4,5,5,7,5,6,4,6,5,6,5,7,4,5,5,6,2,4,5,6,3,5,5,4,5,6,3,3,5,6,4,6,4,6,5,7,4,5,1,0,3,4,4,6,4,6,4,6,4,6,5,6,4,4,3,4,4,5,5,6,5,7,2,3,3,4,1,0,1,0,1,0,2,4,2,3,4,3,4,4,5,3,4,2,3,5,4,4,4,6,1,2,1,2,0,5,5,4,3,3,3,4,4,3,3,3,3,3,2,4,4,4,4,3,4,4,3,3,2,4,2,3,3,4,4,4,5,3,4,4,2,2,2,2,2,2,2,2,2,1,3,2,2,2,2,9,7,8,8,8,6,8,3,1,1,38,4,1,1,1,40,4500,3000,0,140206,건축기사 자격증 산업기사 자격증 기능사 자격증 건설 경기 침체 일자리 변화 크게,건축공학
32390,4,6,4,5,2,3,4,5,2,2,2,3,1,0,1,0,3,4,2,2,1,0,2,2,3,4,2,3,3,4,1,0,1,0,4,5,3,5,3,4,4,5,4,5,2,2,1,0,1,0,1,0,1,0,1,0,1,0,1,0,3,4,1,0,1,0,1,0,2,2,1,0,1,0,2,3,1,0,1,0,1,0,1,0,2,3,1,0,4,4,2,3,4,3,3,3,3,3,4,3,2,16,5,2,1,2,0,2,4,4,3,4,4,5,4,2,3,3,4,3,3,2,3,3,3,2,4,3,3,4,3,4,4,4,3,4,4,4,4,3,3,3,2,2,2,2,2,2,2,2,2,2,4,2,2,3,1,3,6,6,3,4,4,4,7,6,2,41,4,1,1,1,40,2900,2300,0,231401,직업상담사 직업 채용 방법 다변 화로 상담 수요 증가,사회복지학
32391,4,5,3,4,4,6,3,4,3,4,4,5,1,0,3,3,2,3,2,3,2,3,4,6,4,5,2,3,4,5,3,4,2,3,2,4,3,4,2,2,4,5,4,5,2,3,4,6,2,2,3,5,4,6,1,0,1,0,1,0,3,4,1,0,1,0,1,0,1,0,1,0,4,5,1,0,1,0,1,0,1,0,1,0,2,3,2,3,5,4,4,4,4,5,3,4,3,5,4,3,4,15,2,4,2,2,0,7,5,3,4,4,3,4,4,4,4,4,4,4,2,3,4,4,3,4,5,4,4,5,4,3,4,3,2,3,4,4,4,4,5,5,2,2,2,2,2,1,1,1,2,2,2,3,2,2,1,4,3,2,4,5,5,6,4,4,1,50,4,1,1,1,40,5500,3000,0,26101,불황 인력 구조조정 개편 고용 악화 일자리,전자
32392,3,4,2,2,2,4,3,3,3,4,2,3,3,4,3,3,2,4,3,4,2,4,3,3,3,4,2,3,3,3,3,5,4,5,3,4,4,5,3,5,4,4,4,5,4,5,4,5,4,4,4,5,3,3,3,4,3,4,3,5,3,4,2,3,3,3,3,4,3,4,3,3,3,4,3,3,3,4,3,4,3,3,3,3,3,4,3,3,3,3,3,3,4,3,2,4,3,3,4,3,4,19,4,1,2,2,0,3,4,3,3,3,4,3,3,3,9,9,9,3,2,3,3,3,2,3,3,2,3,3,3,3,4,4,3,3,4,3,3,3,4,3,2,2,2,2,2,2,2,2,2,2,2,3,3,3,2,6,5,6,6,5,6,5,6,5,1,34,3,2,6,1,50,0,0,4000,812901,상용 오토바이 수요,조경
32393,1,0,1,0,1,0,1,0,1,0,1,0,1,0,1,0,2,3,3,5,1,0,2,3,2,3,3,4,2,3,3,4,1,0,1,0,1,0,1,0,1,0,1,0,2,3,1,0,1,0,1,0,1,0,1,0,1,0,1,0,1,0,1,0,3,4,1,0,1,0,1,0,1,0,1,0,3,4,3,4,3,4,3,4,3,4,2,3,3,4,2,3,3,2,3,3,4,3,3,2,3,8,2,4,2,2,0,7,2,4,3,3,3,3,3,3,3,4,4,4,3,3,3,4,3,3,4,3,3,3,3,4,3,4,3,4,3,4,4,3,3,4,2,2,2,2,2,2,2,2,2,2,2,2,2,3,1,4,6,5,4,4,3,4,7,4,1,34,4,1,1,1,42,4395,4001,0,28202,침체 시스템 자동화,행정학
32394,4,5,4,5,2,3,4,5,1,0,4,5,1,0,3,4,3,4,1,0,3,4,3,4,3,4,3,4,4,5,4,5,4,5,3,4,3,4,3,4,4,5,3,4,4,5,3,4,1,0,1,0,1,0,1,0,1,0,1,0,2,3,1,0,1,0,1,0,1,0,1,0,2,2,1,0,2,2,1,0,1,0,1,0,3,4,3,4,4,5,4,4,5,2,4,2,2,3,2,2,2,19,1,2,1,1,3,2,5,3,3,2,4,3,3,3,2,3,3,3,2,3,3,3,4,3,3,4,4,3,4,3,3,4,4,3,3,4,3,4,3,4,2,2,2,2,2,2,2,2,2,1,3,2,2,2,2,4,4,4,3,3,4,3,3,2,1,28,4,1,1,1,40,2500,2300,0,29904,직업상담사 자원봉사활동 구인,사회복지학
32395,1,0,2,3,2,2,2,2,1,0,1,0,1,0,1,0,1,0,1,0,1,0,1,0,2,2,1,0,3,3,2,2,2,3,2,2,2,2,4,5,1,0,2,2,3,4,1,0,1,0,1,0,1,0,1,0,3,4,2,2,1,0,1,0,1,0,2,2,1,0,1,0,1,0,3,4,1,0,1,0,1,0,1,0,1,0,1,0,3,4,3,2,3,3,2,2,4,3,2,3,3,18,1,2,1,2,0,7,4,3,4,3,4,4,4,4,3,4,3,4,4,3,3,4,3,4,3,3,4,2,3,3,2,2,3,3,3,4,3,2,2,3,2,2,2,2,2,2,2,2,2,2,3,3,2,2,2,3,4,3,2,3,4,5,4,5,2,27,3,1,1,1,40,2200,1800,0,511401,미용사 피부 변동,미용학
32396,5,6,4,5,5,6,5,5,5,3,5,5,5,5,5,2,5,5,5,6,5,6,5,6,5,2,5,4,5,6,5,3,5,3,5,3,5,3,5,5,5,3,5,3,5,3,5,3,4,2,5,3,5,3,4,2,5,2,5,2,5,3,5,2,5,2,5,2,5,2,5,2,5,3,5,2,5,2,5,3,5,2,5,4,5,4,4,2,5,4,5,3,4,4,5,5,4,5,3,5,5,16,5,2,2,2,0,6,5,5,4,4,5,5,4,3,3,3,4,3,1,5,5,5,5,4,4,1,5,5,4,5,4,5,4,5,4,5,5,4,5,3,2,2,2,2,2,2,2,2,2,4,1,3,3,3,2,1,1,1,5,5,5,9,1,5,1,61,4,2,5,1,60,0,0,7000,411301,기술 장비 도입 인력 감소,경영학
32397,3,4,3,4,3,3,2,3,1,0,5,7,5,6,3,4,2,3,2,3,1,0,2,3,5,7,2,3,2,3,3,4,2,3,3,5,2,3,3,4,5,7,3,4,2,3,1,0,1,0,2,2,3,4,3,4,2,2,1,0,4,6,1,0,2,3,1,0,1,0,1,0,2,3,1,0,1,0,2,3,2,2,1,0,3,4,2,3,4,3,4,2,2,2,2,4,3,3,4,3,2,10,1,2,2,1,4,7,5,2,3,3,2,3,3,2,3,3,3,3,2,2,3,3,2,3,3,4,4,3,4,5,4,4,3,4,4,5,4,3,4,4,2,2,2,2,2,2,2,2,2,2,4,3,3,3,1,7,2,2,3,4,7,3,3,5,1,44,4,1,1,1,48,8500,3200,0,133204,게임그래픽디자인 웹프로듀서 게임 시장 활성화 수요,수학
32398,5,6,5,5,5,5,5,5,5,5,5,6,5,7,5,5,5,5,4,5,5,6,5,5,5,4,4,4,5,5,5,5,5,6,5,6,5,4,5,5,5,4,5,5,5,4,5,3,5,3,5,4,5,6,5,5,5,6,3,3,5,4,5,4,5,4,5,2,5,2,5,3,5,3,5,2,5,2,5,3,5,4,5,4,5,4,5,4,4,3,5,3,3,4,5,2,3,4,3,4,5,3,1,5,2,2,0,5,4,5,4,4,5,5,3,4,3,5,5,4,1,5,5,5,5,4,4,2,5,4,3,5,3,5,4,4,5,5,4,4,5,5,1,1,1,1,2,1,2,2,2,2,2,1,1,2,2,3,3,2,4,7,5,3,2,5,2,41,3,1,1,1,50,6000,2200,0,156201,혁신 상품 서비스 개발 컴퓨터 프로그램 장비 도입 매우 여건 작업 자동화 인력 감소,섬유학
32399,4,4,4,4,3,3,3,4,3,3,2,2,4,4,3,3,3,3,4,4,1,0,3,3,1,0,3,3,3,3,2,3,1,0,1,0,4,5,2,2,1,0,1,0,1,0,4,4,3,3,4,5,4,5,4,4,1,0,4,4,3,3,1,0,3,3,2,3,4,4,2,2,1,0,3,3,4,5,1,0,1,0,1,0,5,6,1,0,5,4,5,4,4,3,4,4,3,5,3,3,3,13,1,2,2,2,0,7,6,4,4,5,4,4,3,4,4,5,5,4,4,3,3,4,4,3,5,4,3,3,4,4,4,5,5,5,4,5,4,3,5,4,2,2,2,2,2,2,2,2,2,2,2,3,3,3,2,2,2,1,1,2,1,9,8,9,2,35,5,1,1,1,40,3700,3000,0,24203,경제 경기 흐름 영향,경제학
32400,5,7,5,5,5,6,5,5,5,6,4,6,1,0,4,5,5,5,4,5,1,0,5,6,5,6,5,4,4,5,4,6,4,6,1,0,5,5,4,6,4,5,5,6,5,6,5,6,1,0,2,2,1,0,1,0,1,0,1,0,5,5,1,0,3,3,1,0,1,0,1,0,1,0,1,0,1,0,1,0,2,3,2,3,4,5,3,4,3,4,2,2,3,4,4,2,4,2,4,5,4,15,2,2,2,2,0,3,4,4,4,4,4,4,3,3,3,3,3,3,2,4,5,4,3,3,3,5,4,4,3,4,5,4,4,4,5,4,4,3,4,4,2,2,2,2,2,2,2,2,2,1,3,3,3,3,2,8,8,4,7,4,1,5,5,8,2,27,4,1,1,1,40,2900,2300,0,25402,공무원 정해준 기준 일자리 때문,경영학
32401,3,4,2,3,4,4,3,4,3,4,3,4,2,3,4,4,3,3,2,3,3,4,4,4,2,3,2,3,3,3,4,4,3,4,4,3,3,3,4,4,3,3,3,3,2,3,2,3,2,2,4,5,2,3,2,2,2,3,1,0,4,6,1,0,4,6,2,2,2,2,2,2,4,4,2,2,1,0,1,0,1,0,1,0,2,2,2,2,3,4,4,3,2,4,4,4,3,4,4,4,3,15,2,4,2,1,2,3,2,4,3,3,4,4,3,3,2,3,4,3,4,3,3,4,4,2,3,3,4,4,3,4,3,4,4,4,3,4,3,3,4,3,2,2,2,2,2,2,2,2,2,2,3,2,3,2,1,8,8,8,2,2,8,5,5,5,1,30,4,1,1,1,40,3000,2400,0,25201,워드 엑셀 교육 보고서 작성요령 비용 구조 관세 행정 특성 정도 인력 유지 효율 유지,행정학
32402,4,5,3,4,2,2,4,6,4,5,3,5,4,5,2,3,3,3,1,0,3,5,3,4,3,4,3,5,3,4,5,6,5,6,5,6,5,5,4,5,5,6,5,6,5,6,5,6,5,6,3,4,5,6,5,6,5,6,1,0,5,6,4,5,2,2,3,4,2,2,2,2,4,5,5,6,3,4,3,3,3,3,2,3,3,3,2,2,5,5,5,5,5,2,5,5,4,5,5,2,5,18,1,2,1,1,1,6,4,4,3,3,4,3,3,3,3,4,4,4,3,5,4,4,3,4,5,4,3,4,4,4,5,5,4,4,5,5,4,4,4,4,2,2,2,2,2,2,2,2,2,1,4,2,2,2,1,6,5,7,6,5,6,6,5,6,2,37,3,1,1,1,40,4300,2400,0,511401,미용사 미용관련 직무교육 개성 전문가 메이크업 일반인,뷰티아트
32403,2,3,2,3,2,3,2,3,3,3,2,3,1,0,4,3,3,4,3,4,2,3,2,3,3,3,2,3,2,5,3,4,1,0,1,0,3,3,5,5,4,4,3,4,3,3,3,4,2,3,3,4,1,0,1,0,1,0,1,0,1,0,2,3,2,3,3,3,1,0,2,3,1,0,2,3,5,4,3,5,5,5,2,3,3,4,3,3,3,4,3,2,2,2,2,3,3,2,2,4,3,14,1,2,2,2,0,7,1,2,2,2,3,2,1,2,1,1,3,3,4,3,2,4,2,3,2,4,3,4,4,4,4,2,2,3,2,5,3,4,5,3,2,2,2,2,2,2,2,2,2,1,3,3,3,3,2,7,7,6,7,8,7,7,8,9,1,56,2,1,1,1,40,3900,2500,0,561201,노년 일자리 로서 변화 직종,상고
32404,3,5,4,6,2,3,3,5,3,5,3,3,3,5,3,4,4,6,2,3,1,0,2,3,3,3,2,3,3,4,2,3,2,3,3,3,3,5,4,6,4,5,4,6,4,6,4,5,3,5,3,4,5,7,4,6,4,5,3,4,2,3,4,5,2,2,3,4,3,4,2,2,2,2,5,7,2,2,1,0,3,4,2,3,4,5,2,2,5,5,5,3,4,1,5,3,2,3,3,2,2,7,1,1,2,2,0,5,1,4,3,3,3,3,3,4,3,3,4,3,2,3,4,4,4,4,3,4,4,4,3,4,3,4,3,4,5,4,3,4,4,4,2,2,2,2,2,2,2,2,2,2,2,2,2,2,2,7,6,7,6,7,5,6,5,7,1,47,2,2,5,1,48,0,0,3800,863201,양복 수요 감소,인문계
32405,4,6,5,6,5,6,5,6,4,5,4,6,4,6,4,5,4,5,3,5,4,5,3,4,5,5,4,5,3,4,3,5,5,3,4,5,4,5,2,4,4,5,4,5,4,5,3,5,3,5,4,5,4,5,4,5,5,5,4,6,4,5,4,5,4,5,5,6,4,5,4,5,3,4,3,4,4,5,3,5,4,6,4,5,3,4,3,4,5,5,3,3,5,3,2,3,3,4,5,5,5,3,1,5,2,2,0,6,4,5,4,4,4,4,4,3,2,3,4,4,2,5,4,2,3,2,2,3,5,5,4,4,3,4,3,3,3,5,4,3,5,3,1,1,1,1,2,1,1,1,2,2,5,2,2,2,2,8,8,8,8,8,8,8,7,7,1,46,5,1,1,1,52,6500,3000,0,151301,전산 자동화 프로그램 업그레이드 장비 교체 업그레이드 전산 자동화 가속 일부 최적화 과정 해당 엔지니어 인력 사람 일이,자동차공학
32406,3,4,4,4,2,4,3,4,3,4,3,3,3,3,5,5,3,4,3,3,2,3,3,5,3,5,4,4,3,4,3,3,3,4,3,3,3,4,3,4,5,4,4,4,3,4,3,4,3,3,3,4,4,4,3,4,3,3,2,2,4,4,3,5,5,4,2,3,2,4,2,3,3,4,1,0,3,4,2,4,2,5,2,2,2,2,2,4,4,3,2,3,4,3,4,3,3,3,4,3,3,8,1,2,2,2,0,2,2,4,3,3,4,4,4,4,4,2,4,4,3,4,3,2,3,2,3,2,2,4,2,4,5,4,3,3,3,4,2,3,4,2,2,2,2,2,2,2,2,2,2,2,2,2,2,3,1,7,7,6,4,3,4,7,7,6,1,41,4,1,1,1,40,5000,4000,0,15201,발달 일반 운송 규모 줄어듬,경영학
32407,3,4,3,3,3,3,3,3,2,2,3,3,3,4,3,4,3,3,3,3,3,3,2,3,4,4,4,4,4,5,4,4,3,4,3,4,4,5,3,5,3,4,4,4,3,5,3,4,4,4,4,4,3,3,4,4,3,3,2,3,1,0,3,4,4,4,3,3,2,3,3,4,3,3,2,4,4,5,3,3,3,3,1,0,1,0,1,0,4,3,3,4,4,4,3,3,3,4,3,4,3,18,1,3,1,1,4,5,4,4,4,4,4,4,4,3,3,3,3,3,2,4,4,3,4,3,3,4,4,4,4,2,3,4,4,4,4,4,3,2,3,4,2,2,2,1,1,2,2,2,2,2,3,2,2,3,1,7,8,7,7,6,6,7,6,6,1,35,4,1,1,1,45,4800,3200,0,420301,대한축구협회 3급지도자 감독교육 심판교육 기술 규칙 위반 작업 조직 성함 상황 유지,체육
32408,2,3,2,3,3,4,2,3,2,3,2,3,1,0,3,4,2,3,1,0,1,0,1,0,1,0,5,4,3,4,1,0,4,5,4,6,1,0,1,0,4,4,2,3,2,3,5,7,1,0,4,6,1,0,1,0,1,0,1,0,2,3,1,0,1,0,1,0,1,0,1,0,5,6,1,0,1,0,1,0,1,0,1,0,2,3,2,3,4,3,3,4,4,3,3,3,3,3,3,3,4,6,1,5,2,2,0,7,5,4,3,3,4,3,3,4,4,3,3,3,2,3,4,4,3,3,3,4,3,3,3,3,3,4,3,4,3,4,3,3,3,4,2,2,2,2,2,2,2,2,2,1,3,2,3,3,1,4,3,4,4,5,6,4,3,5,1,56,5,1,1,1,42,15190,11000,0,11201,현재 중시 회사 고용 유지,경영학
32409,2,2,2,2,2,2,2,2,4,5,2,2,2,2,2,2,3,3,2,2,1,0,1,0,2,2,2,2,3,4,3,3,2,2,2,2,1,0,2,2,3,3,3,4,3,4,4,5,4,5,2,2,2,2,2,2,2,2,1,0,4,4,3,2,2,2,2,2,1,0,1,0,2,2,1,0,1,0,1,0,3,3,2,2,2,2,2,2,4,4,3,4,4,3,4,3,4,3,3,4,3,3,1,2,2,2,0,3,5,3,4,4,4,4,4,4,3,3,4,4,2,3,4,3,4,4,4,5,4,4,4,4,4,4,5,4,4,5,4,4,5,4,2,2,2,2,2,2,1,1,2,2,3,2,2,2,1,6,5,4,5,6,5,5,6,5,1,40,4,1,1,1,40,3700,3000,0,28301,코로나 인원 구조 조정 그로 업무 스트레스 변화,산업공학
32410,3,2,4,2,1,0,2,2,4,3,3,3,3,1,2,3,5,4,4,1,1,0,3,4,4,2,4,2,2,1,4,3,4,2,2,1,2,4,1,0,4,2,5,3,4,1,2,2,2,3,3,1,5,2,4,2,3,4,4,1,3,1,4,3,4,2,4,2,5,2,4,3,4,2,4,1,5,2,4,1,2,1,3,2,1,0,2,1,3,2,3,1,2,3,4,1,2,1,1,2,3,3,1,2,2,2,0,2,3,2,1,1,2,3,4,2,2,3,4,3,4,2,2,4,3,5,4,2,3,4,4,4,5,3,2,3,2,4,4,5,4,4,2,2,2,2,2,2,2,2,2,1,2,3,2,2,2,7,8,6,4,6,5,4,5,4,1,38,3,1,1,1,40,2800,2600,0,873501,기호식품 호도,화학공학
32411,3,4,3,4,4,4,4,5,3,4,3,4,3,4,4,4,3,4,1,0,3,4,3,3,3,4,4,5,3,3,5,6,2,3,2,3,2,2,4,5,3,3,5,5,4,4,4,4,3,3,3,3,3,3,1,0,1,0,1,0,3,3,3,4,1,0,1,0,1,0,1,0,3,3,1,0,1,0,1,0,1,0,1,0,3,4,2,3,4,3,3,3,4,4,4,3,3,3,4,3,5,13,1,2,1,2,0,6,5,5,4,4,4,5,3,3,3,3,4,3,3,3,4,4,3,4,2,3,5,4,4,3,4,4,3,3,4,4,3,4,4,4,2,2,2,2,2,2,2,2,2,2,2,3,2,2,2,5,5,3,5,2,2,7,6,6,1,52,4,1,1,1,40,7000,4500,0,23301,관세사 통관 전산 시스템 도입 간소화 인력,경영학
32412,3,4,2,3,3,3,2,3,1,0,2,2,2,3,1,0,2,2,1,0,1,0,1,0,2,3,2,2,2,2,2,2,2,2,2,2,1,0,1,0,1,0,1,0,2,2,1,0,1,0,1,0,1,0,1,0,1,0,1,0,2,2,1,0,1,0,1,0,1,0,1,0,1,0,1,0,1,0,2,2,1,0,1,0,2,2,2,2,4,3,4,3,3,4,3,4,3,2,3,3,3,18,1,2,2,2,0,3,2,3,3,3,3,3,3,4,4,4,4,4,3,3,3,3,2,2,2,2,3,3,4,4,3,3,3,4,3,3,3,3,4,4,2,2,2,2,2,2,2,2,2,1,3,3,3,3,1,6,6,6,4,5,4,5,4,5,1,38,4,1,1,1,52,4500,3200,0,411104,드라마 존재,사회학
32413,4,4,4,4,3,3,4,4,4,4,5,5,3,3,4,4,3,3,2,2,2,2,4,4,4,4,1,0,4,4,3,3,4,4,3,3,3,3,4,4,4,2,2,2,4,4,2,2,3,3,3,3,2,2,1,0,5,5,3,5,3,3,2,2,2,2,1,0,1,0,1,0,2,2,5,3,4,5,5,6,4,4,4,4,5,5,4,4,3,4,3,3,4,1,3,5,3,4,4,3,4,17,1,2,1,2,0,3,4,4,4,4,2,4,4,3,1,2,3,3,2,5,4,3,4,3,3,3,2,5,2,5,3,3,4,4,5,5,5,4,5,4,2,2,2,2,2,2,2,2,2,1,4,3,2,3,2,5,5,9,5,9,7,7,4,3,2,36,4,1,1,1,40,3800,2500,0,306401,치과위생사 건강 관리 위해 스케일링 자주 예방 차원 고객 수가,치위생학
32414,3,6,4,5,4,6,4,6,4,5,4,6,4,6,4,5,5,6,3,5,4,5,4,5,5,6,4,6,5,5,4,4,4,5,4,5,4,5,3,4,5,6,4,5,4,5,4,5,4,4,3,5,5,6,5,6,5,6,5,5,4,6,5,6,5,5,4,5,4,5,4,5,4,5,5,6,5,6,4,5,3,6,5,5,4,4,2,5,4,4,3,3,5,2,3,4,2,4,4,4,5,3,1,4,1,1,1,4,5,4,2,1,4,4,3,3,3,3,3,3,2,4,3,4,4,4,4,2,3,5,3,5,3,3,4,4,4,5,4,4,5,2,2,2,1,2,1,1,1,1,1,1,3,1,1,3,2,3,3,7,2,7,7,2,7,3,1,31,3,1,1,1,40,4300,2800,0,154103,위험물기사 안전교육 인원 감축 과도 무량 경제성장률 변화,생명화공
32415,4,5,4,5,1,0,3,4,2,3,3,3,2,1,3,3,5,6,3,2,3,3,3,3,5,7,1,0,1,0,1,0,1,0,1,0,3,5,3,3,5,6,1,0,1,0,1,0,2,2,3,3,3,3,2,3,3,3,5,6,3,4,2,2,4,6,4,5,4,6,5,7,4,5,5,6,3,4,3,5,4,5,3,5,5,7,4,6,3,4,3,3,4,2,3,5,2,3,4,4,3,8,1,3,1,1,3,7,4,3,3,3,2,3,2,3,3,3,4,3,3,4,3,4,5,5,4,3,4,4,3,4,4,3,3,3,4,5,4,3,4,4,2,2,2,2,2,2,2,2,2,1,4,2,2,2,2,7,4,4,2,1,4,3,1,4,1,33,3,1,1,1,40,2900,2200,0,812102,항공정비사 정비훈련 교육개론 헬기 수요 증가,항공학
32416,4,6,4,5,3,5,4,4,3,4,3,5,2,2,3,4,3,4,2,3,2,3,3,4,3,4,3,5,4,5,2,2,4,5,2,3,2,2,3,5,3,4,4,5,2,2,1,0,1,0,4,5,2,3,3,3,3,4,3,4,4,5,3,4,3,3,3,4,2,3,2,2,4,5,4,4,4,5,2,2,2,3,2,3,2,3,2,2,3,4,4,4,3,4,3,3,4,4,4,3,4,3,1,3,2,2,0,3,4,3,4,4,4,4,4,3,3,2,4,3,3,3,3,4,3,2,4,1,3,2,2,5,4,4,4,4,4,4,5,3,4,4,2,2,2,2,2,2,2,2,2,2,2,2,2,3,1,4,3,5,4,3,3,6,4,5,1,38,4,1,1,1,40,3900,3300,0,26201,경기 둔화,경영학
32417,1,0,1,0,1,0,1,0,1,0,4,5,5,7,5,7,5,7,5,6,4,5,1,0,5,6,3,4,1,0,1,0,1,0,1,0,1,0,1,0,3,4,3,4,3,4,1,0,1,0,1,0,1,0,1,0,1,0,1,0,1,0,1,0,1,0,1,0,1,0,1,0,1,0,5,6,1,0,1,0,4,5,2,3,5,7,1,0,5,3,4,3,4,2,5,4,3,4,4,4,4,18,4,1,2,2,0,7,5,4,3,3,4,4,4,3,3,4,4,4,4,2,3,4,4,4,2,2,4,3,2,4,4,5,5,4,5,5,4,4,5,5,2,2,2,2,2,2,2,2,2,1,3,2,2,2,2,7,6,8,2,1,9,9,9,1,1,30,4,1,4,2,30,4000,1500,0,414101,미술 재능 그냥 공부,컴퓨터
32418,1,0,4,5,1,0,3,4,1,0,1,0,3,3,4,5,3,5,4,4,1,0,1,0,4,3,4,5,4,4,4,5,4,5,4,4,3,5,5,5,1,0,2,3,3,4,1,0,2,3,1,0,3,4,3,4,3,3,3,3,2,2,1,0,2,3,3,4,4,3,4,4,1,0,4,3,3,3,3,3,2,3,2,3,4,4,4,3,4,4,4,4,4,3,4,3,3,3,4,3,4,13,1,1,1,1,2,2,2,3,2,3,4,4,3,3,3,3,3,3,3,3,3,3,3,3,2,3,2,3,3,4,4,4,4,4,4,4,4,3,4,3,2,2,2,2,2,2,2,2,2,2,2,2,2,2,2,7,7,6,4,4,3,7,6,3,2,32,3,1,3,2,30,2950,2100,0,414201,사진기능사 사진촬영 전문교육 성능 스마트폰 카메라 발전 전문 사진관 이용 감소,사진학
32419,1,0,3,4,1,0,3,4,1,0,1,0,1,0,1,0,3,4,1,0,1,0,3,4,3,4,4,5,3,3,3,4,1,0,1,0,4,5,3,4,3,3,3,3,3,4,1,0,3,4,1,0,1,0,1,0,1,0,1,0,1,0,3,4,3,3,1,0,1,0,3,4,3,3,4,5,3,4,3,3,3,4,2,3,3,4,3,3,5,2,3,3,2,4,1,5,2,3,4,1,5,9,1,2,1,2,0,6,2,4,2,3,5,4,1,2,4,3,4,3,2,4,4,5,3,4,2,3,4,4,4,5,2,3,4,2,4,3,3,2,5,5,2,2,2,2,2,2,2,2,2,1,2,2,2,3,1,6,7,6,5,4,4,3,3,4,1,32,2,1,1,1,48,2650,2390,0,531101,조리기능사증 바램,기계
32420,2,3,2,3,2,2,3,4,3,4,3,4,2,3,2,4,3,3,3,4,3,4,2,3,3,4,3,4,3,4,3,4,2,3,2,3,2,3,3,4,3,3,3,4,3,4,3,4,3,3,2,3,3,5,3,4,2,4,4,6,2,3,2,4,3,4,4,5,4,5,4,5,3,4,2,3,3,4,3,4,4,5,2,4,3,4,3,4,3,3,4,3,2,2,3,4,3,2,3,2,3,6,1,2,1,2,0,3,4,4,3,3,3,3,3,4,3,3,4,4,3,4,4,4,4,3,3,2,3,3,4,3,3,4,4,3,4,3,4,3,4,4,2,2,2,2,2,2,2,2,2,1,3,3,3,3,1,5,5,4,5,4,4,5,6,6,1,39,2,1,1,1,30,3400,3200,0,702301,온수온돌기능사 지금 변화,문과
32421,2,2,2,2,1,0,3,4,1,0,1,0,1,0,1,0,2,2,1,0,1,0,1,0,3,4,1,0,3,3,2,2,2,2,2,2,1,0,3,4,3,3,2,3,2,3,2,3,2,3,3,4,4,5,1,0,3,4,3,4,1,0,1,0,1,0,4,5,4,5,4,5,1,0,4,5,1,0,1,0,3,4,2,3,3,3,2,2,3,3,2,2,3,2,2,3,4,3,2,3,3,19,1,1,2,2,0,2,2,3,2,3,3,2,3,4,3,3,3,3,2,3,2,2,3,3,2,3,2,2,3,2,3,3,3,4,3,3,2,3,3,3,2,2,2,2,2,2,2,2,2,2,3,3,3,3,2,5,6,7,3,4,4,7,6,6,1,34,2,1,1,1,54,2600,2000,0,812901,작업 일부분 기계 장비 대체,금형
32422,4,5,3,4,3,5,3,4,4,6,3,3,2,2,4,5,3,4,2,3,1,0,2,3,3,4,3,4,2,3,2,3,2,3,2,3,3,4,2,3,2,3,2,3,2,3,1,0,2,2,1,0,1,0,1,0,1,0,1,0,3,4,1,0,1,0,1,0,1,0,1,0,1,0,1,0,1,0,1,0,1,0,1,0,1,0,1,0,4,4,4,3,3,4,4,2,3,3,3,3,3,11,1,6,2,2,0,7,3,3,4,3,4,4,4,4,5,5,4,4,3,4,4,3,3,4,4,4,3,4,3,3,3,4,4,4,3,3,4,4,3,3,2,2,2,2,2,2,2,2,2,2,2,3,3,3,1,6,5,3,6,5,4,5,3,6,2,53,4,1,1,1,42,4992,3120,0,32302,사람,행정학
32423,4,4,5,5,3,5,3,5,5,5,5,5,1,0,4,4,4,4,2,3,4,3,4,4,3,4,5,6,3,5,3,5,4,4,3,5,5,5,5,6,4,5,4,5,3,4,4,5,1,0,5,4,1,0,1,0,1,0,1,0,5,6,1,0,1,0,1,0,1,0,1,0,4,5,1,0,1,0,1,0,1,0,1,0,3,3,4,4,4,3,3,4,5,4,4,5,4,4,5,5,4,11,1,2,2,2,0,7,5,4,4,4,4,4,3,4,5,4,4,4,1,4,3,3,4,3,4,4,4,3,3,4,3,4,3,4,5,5,5,4,5,3,2,2,2,2,2,2,2,2,2,2,3,2,2,3,2,5,5,7,5,6,6,7,3,6,1,54,4,1,1,1,45,9000,7000,0,12401,전문 자산 운영 인력 계속,경제학
32424,4,4,4,4,4,4,4,4,4,4,4,4,4,4,4,4,4,4,4,4,4,4,4,4,4,4,4,4,4,4,4,4,4,4,4,4,4,4,4,4,4,4,4,4,4,4,4,4,4,4,4,4,4,4,4,4,4,4,4,4,4,4,4,4,4,4,4,4,3,3,4,4,4,4,4,4,4,4,4,4,4,4,4,4,4,4,4,4,4,4,4,3,4,3,3,4,3,4,4,4,4,7,1,1,2,1,3,4,1,4,3,2,4,4,3,3,3,4,4,4,3,2,4,4,5,4,4,5,4,3,3,4,5,4,5,3,4,5,4,2,4,5,2,2,2,2,2,2,2,2,2,2,3,3,2,3,2,5,3,6,3,5,3,5,4,4,2,43,2,2,7,2,60,0,0,7300,901401,종자 채취교육 사람,인문계
32425,2,2,2,3,1,0,2,1,2,3,2,1,1,0,2,2,3,2,2,2,1,0,2,3,3,3,1,0,1,0,1,0,1,0,1,0,2,2,2,1,1,0,1,0,1,0,1,0,1,0,1,0,1,0,1,0,2,2,1,0,1,0,2,2,1,0,2,3,3,3,4,4,1,0,3,4,3,4,3,3,3,4,2,2,3,3,2,2,3,2,2,3,1,1,2,2,1,1,2,3,1,3,1,2,2,2,0,7,1,3,2,1,3,1,2,3,2,3,4,3,4,2,3,5,3,4,4,3,3,4,3,3,3,4,4,5,4,3,3,3,4,3,2,2,2,2,2,2,2,2,2,2,2,3,3,3,2,7,6,6,6,6,3,7,5,4,2,48,2,1,1,1,40,2000,2000,0,864201,시설 점차 자동화 변화므,인문계
32426,2,2,2,2,1,0,1,0,1,0,1,0,1,0,2,3,2,4,1,0,1,0,1,0,2,3,1,0,2,3,1,0,1,0,2,3,2,3,1,0,2,3,1,0,3,4,1,0,1,0,4,5,2,3,1,0,2,3,1,0,1,0,2,3,2,3,1,0,1,0,2,3,3,3,1,0,2,3,2,3,2,3,1,0,2,3,2,3,3,3,2,3,3,2,3,3,2,3,3,2,3,6,1,4,2,2,0,7,2,3,3,3,3,3,3,3,3,4,4,4,2,3,4,3,4,3,3,3,3,4,3,3,3,4,4,4,3,3,4,4,3,3,2,2,2,2,2,2,2,2,2,2,3,2,3,3,1,3,6,6,5,6,7,4,5,3,1,29,4,1,1,1,40,3707,3650,0,140207,지속,건축학
32427,2,5,3,3,1,0,4,6,2,4,2,5,1,0,4,4,4,4,2,4,3,5,1,0,3,3,3,5,4,5,4,5,4,6,3,4,2,4,4,4,2,4,3,5,4,4,1,0,2,4,1,0,1,0,1,0,1,0,1,0,1,0,2,2,2,4,1,0,2,3,1,0,1,0,2,3,2,4,3,3,2,5,3,4,2,4,2,3,3,2,4,3,2,4,3,3,2,2,3,2,2,8,1,2,2,2,0,2,2,2,2,2,4,3,3,2,3,3,4,3,4,2,2,3,4,3,5,4,4,4,3,3,2,4,3,4,5,4,3,4,4,5,2,2,2,2,2,2,2,2,2,2,2,2,2,3,1,6,7,4,5,3,4,3,4,3,2,38,2,1,1,1,48,3600,2300,0,612401,경제 성장,기계
32428,3,4,2,2,2,2,1,0,1,0,3,4,5,7,5,7,5,7,4,5,4,5,1,0,4,5,4,4,1,0,1,0,1,0,1,0,1,0,1,0,3,4,3,4,3,4,1,0,1,0,1,0,1,0,1,0,1,0,1,0,1,0,1,0,1,0,1,0,1,0,1,0,1,0,5,6,1,0,1,0,5,6,2,2,5,7,1,0,4,4,4,3,3,3,4,3,4,3,4,3,4,18,4,1,2,1,6,6,1,4,4,4,4,4,4,3,9,9,9,3,2,4,4,4,4,4,4,2,3,2,2,5,5,5,4,4,5,5,5,4,5,4,2,2,2,2,2,2,2,2,2,2,2,2,2,2,2,8,4,8,2,2,8,8,8,2,2,32,5,1,4,2,40,2400,1200,0,414101,작품활동을 꾸준히 해야한다 평가받을 있다 소득 안정,회화
32429,4,5,4,5,4,5,4,5,4,5,4,5,4,5,4,5,4,4,4,4,4,5,4,5,4,4,4,5,4,4,4,5,4,4,4,4,4,5,4,5,4,5,4,4,4,4,4,5,4,5,4,4,4,4,4,5,4,4,4,5,4,5,4,5,4,5,4,4,4,5,4,5,4,5,4,5,4,5,4,5,4,5,4,5,4,5,4,4,4,4,4,4,3,4,4,4,3,4,4,3,4,11,1,2,1,2,0,4,5,4,4,4,4,4,4,4,4,4,4,4,2,4,4,4,3,3,4,2,4,4,4,4,4,4,3,4,4,4,3,3,4,5,2,2,2,2,2,2,2,2,2,5,3,2,2,3,2,7,7,7,7,7,7,7,7,7,1,48,4,1,1,1,40,7900,3500,0,33201,보험중개사 시스템 발달,경영학
32430,1,0,4,5,2,2,3,4,3,3,1,0,1,0,2,2,2,3,1,0,1,0,2,2,3,4,2,1,3,3,3,4,2,2,1,0,2,2,4,5,3,4,4,5,3,3,1,0,2,2,1,0,1,0,1,0,1,0,1,0,2,2,3,4,1,0,1,0,1,0,1,0,2,2,1,0,3,4,3,4,3,4,2,3,2,2,2,1,2,3,2,2,2,2,3,4,2,2,3,2,3,9,1,2,2,2,0,2,2,2,2,2,3,4,2,3,2,3,3,3,3,3,2,3,2,3,4,3,2,2,3,4,3,4,3,2,3,4,2,3,4,4,2,2,2,2,2,2,2,2,2,3,2,2,2,3,1,6,6,7,4,5,4,3,4,5,2,47,2,2,5,1,45,0,0,2400,532201,기계화 가속,문과
32431,5,7,5,6,5,6,5,6,5,6,5,7,4,5,3,5,5,6,4,6,4,6,5,7,5,6,4,6,5,6,4,5,4,6,3,5,4,6,4,5,5,6,4,5,4,4,3,5,4,5,3,5,3,4,2,3,2,2,2,3,3,4,3,4,2,3,1,0,1,0,1,0,4,6,3,4,3,4,2,3,2,3,1,0,3,4,2,2,4,3,5,4,4,4,5,4,3,4,3,4,4,15,2,5,2,2,0,6,5,4,3,3,5,4,4,4,4,3,4,4,1,3,3,3,2,2,3,2,4,3,4,4,3,4,4,3,2,5,2,2,4,3,2,2,2,2,2,2,2,2,2,1,3,3,3,3,2,4,5,4,5,5,6,6,6,5,1,61,4,1,1,1,45,8000,4500,0,12101,향후 변동,행정학
32432,4,6,4,7,4,5,5,5,3,6,5,5,5,6,3,6,4,7,4,7,3,5,3,5,5,5,5,5,3,7,5,6,3,4,5,6,5,6,5,4,4,5,4,6,5,5,4,6,5,6,3,7,3,6,4,4,4,7,3,6,5,6,3,6,5,5,4,7,4,5,5,4,5,6,3,4,4,4,5,4,4,4,5,4,4,7,3,3,3,4,4,4,3,5,4,4,3,5,3,4,5,10,1,5,2,2,0,2,5,4,5,5,4,3,4,5,5,4,5,4,3,3,3,4,4,4,5,3,4,4,3,4,4,4,3,4,5,3,3,4,4,3,2,2,2,2,2,2,2,2,2,2,4,2,3,3,1,7,7,8,8,8,9,8,7,9,2,39,3,1,3,1,52,4800,2800,0,132004,기술 발달,컴퓨터공학
32433,3,5,4,4,1,0,4,4,4,5,1,0,4,4,4,5,4,4,5,5,3,5,4,4,4,5,3,5,4,4,5,4,3,5,4,5,1,0,3,5,3,4,4,5,3,6,4,5,4,4,4,5,3,5,4,6,4,5,3,5,4,5,3,6,4,5,4,4,4,6,4,5,4,4,4,5,3,5,4,5,5,5,3,5,4,4,4,5,4,3,4,5,4,3,3,4,3,4,4,4,4,19,1,2,2,2,0,3,2,4,3,3,3,2,3,4,4,3,4,5,4,4,3,4,5,4,4,3,3,4,3,3,4,4,3,3,4,5,4,4,4,3,2,2,2,2,2,2,2,2,2,2,3,3,3,3,2,7,3,3,2,7,6,7,6,6,1,45,2,1,1,1,43,4300,3000,0,825101,수요 일자리 변화,기계
32434,3,4,3,3,3,3,3,3,3,3,3,3,3,3,3,3,3,3,3,3,3,3,2,3,2,3,1,0,3,3,3,3,1,0,1,0,2,3,2,3,2,3,2,3,2,2,3,3,3,3,2,2,3,3,3,4,4,3,2,3,1,0,3,3,2,3,3,3,2,3,3,3,2,1,2,3,3,4,2,3,3,3,2,3,2,3,2,3,3,3,4,3,3,2,3,4,3,2,3,2,4,19,1,2,2,2,0,1,1,3,2,1,4,3,3,3,3,3,4,3,4,3,3,3,3,4,2,2,5,3,3,4,2,3,2,2,3,5,3,2,4,4,2,2,1,2,2,2,2,2,2,2,2,1,1,3,2,7,7,6,4,4,4,4,4,4,1,41,2,1,1,1,60,2500,2200,0,864301,세탁기 자동화 도입 자동화 시스템 증가 일자리 감소,문과
32435,1,0,1,0,1,0,1,0,1,0,1,0,3,4,1,0,1,0,1,0,1,0,1,0,3,4,1,0,1,0,1,0,1,0,1,0,1,0,1,0,3,4,1,0,1,0,1,0,1,0,1,0,1,0,2,3,2,3,1,0,1,0,1,0,3,5,2,3,1,0,1,0,1,0,1,0,1,0,1,0,4,5,1,0,1,0,1,0,4,3,3,3,3,2,3,3,3,2,2,2,3,3,1,2,1,1,1,7,2,3,3,3,4,3,3,4,4,4,4,4,2,4,3,4,2,4,4,3,4,4,3,4,3,3,3,4,3,4,2,2,4,4,2,2,1,2,2,2,2,2,2,2,3,3,3,3,1,6,7,7,6,6,5,5,4,4,1,49,2,1,1,1,40,4000,2800,0,823101,금속재료산업기사 안전 교육 금속 성형 교육 단조 장비 업그레이드 현재 비슷,기계
32436,1,0,3,1,1,0,2,1,1,0,1,0,1,0,2,1,3,3,1,0,1,0,3,2,3,4,3,3,2,2,3,2,1,0,1,0,3,2,3,3,1,0,2,2,3,1,3,2,3,2,1,0,1,0,1,0,3,1,1,0,1,0,3,1,2,1,3,1,2,1,3,1,1,0,3,1,2,1,3,1,3,5,3,3,3,1,3,1,2,4,3,1,2,1,2,2,1,2,3,2,2,9,1,2,1,2,0,6,4,2,1,1,3,2,1,2,2,3,3,3,3,2,1,2,2,4,4,4,1,5,2,5,2,3,3,3,3,4,3,3,5,4,2,2,2,2,2,2,2,2,2,3,2,3,2,2,2,7,7,7,5,5,5,5,3,3,2,31,3,1,1,1,48,2800,2200,0,531201,한식조리사 자격증 기계화 인간 설자리,행정학
32437,3,4,4,4,1,0,2,2,3,4,2,3,1,0,4,5,3,3,2,3,1,0,1,0,4,5,4,5,1,0,2,2,1,0,1,0,1,0,1,0,4,5,3,4,1,0,1,0,1,0,1,0,3,4,3,3,3,4,4,5,3,4,3,4,3,3,3,3,3,4,2,2,3,3,2,3,2,3,3,3,2,2,1,0,3,4,1,0,3,2,3,3,3,3,4,2,3,3,4,3,3,3,1,1,1,2,0,2,2,4,4,3,4,3,4,4,3,4,5,4,2,4,4,4,5,4,3,2,4,4,2,4,4,4,3,4,3,4,4,4,4,5,2,2,2,2,2,2,2,2,2,2,2,2,2,3,1,6,6,5,4,3,4,5,4,4,1,57,2,2,5,1,40,0,0,3000,882201,펄프제지 기능사 인터넷 발달 수요 감축,문과
32438,3,3,3,4,3,5,2,2,3,5,2,2,2,2,2,3,3,4,3,3,2,1,2,1,2,3,3,3,3,3,2,2,2,3,2,2,1,0,2,2,3,4,3,3,1,0,3,3,2,3,2,2,2,1,2,1,1,0,1,0,2,1,1,0,2,1,2,1,4,5,2,2,2,2,1,0,2,3,1,0,1,0,2,2,2,2,2,2,3,3,4,3,3,4,2,2,2,2,3,3,3,13,1,3,1,2,0,5,3,3,3,4,3,3,2,3,3,3,4,4,3,3,3,4,2,2,2,2,2,4,5,5,3,3,3,3,3,3,3,2,4,3,2,2,2,2,2,2,2,2,2,2,3,3,3,3,2,6,6,6,5,5,5,5,5,5,1,50,3,1,1,1,40,4900,2900,0,158201,소방공학기술사 방인 근무 환경,기계학
32439,3,3,4,5,3,3,4,5,1,0,1,0,1,0,1,0,3,3,3,3,2,3,2,3,2,3,2,3,2,3,3,4,3,4,2,3,2,2,5,5,2,3,1,0,5,3,1,0,2,2,1,0,1,0,1,0,1,0,1,0,2,3,1,0,1,0,1,0,1,0,1,0,2,3,1,0,1,0,1,0,1,0,1,0,2,2,2,2,2,4,2,3,3,4,3,4,3,2,2,2,2,16,5,2,1,2,0,5,4,2,2,2,2,2,3,3,2,3,3,3,4,2,1,4,3,2,4,3,1,3,2,5,3,3,4,4,4,3,3,3,4,4,2,2,2,2,2,2,2,2,2,2,3,3,3,3,2,8,8,8,3,3,4,3,3,4,2,32,3,1,1,1,40,3600,2400,0,29401,컴퓨터활용능력1급 업무 특성 자동화 기계화,비서학
32440,3,6,3,6,3,5,2,4,3,5,3,4,3,4,2,4,3,5,3,5,3,4,3,5,3,5,3,5,3,6,2,4,3,4,3,5,3,5,3,5,2,4,3,5,2,4,2,4,2,4,3,4,3,5,3,5,3,5,3,4,3,3,2,3,3,5,3,4,3,5,2,4,3,4,2,4,3,5,2,3,3,4,2,4,2,3,3,5,4,4,4,3,4,2,3,3,3,4,4,4,3,2,1,2,1,1,5,6,4,4,3,3,4,3,2,4,3,3,2,3,2,4,4,4,4,4,3,3,4,2,2,3,4,4,4,3,4,4,4,2,4,4,2,2,2,2,2,2,2,2,2,2,2,2,2,3,1,7,5,4,5,6,5,4,5,5,1,54,4,1,1,1,40,5000,3500,0,705901,화약취급기능사 화약 취급 관리 출산율 증가,화학
32441,2,2,3,4,2,3,3,4,1,0,3,4,4,6,2,2,3,4,2,2,3,4,4,5,1,0,2,2,2,2,3,4,2,2,2,2,2,2,1,0,3,4,2,2,2,2,1,0,2,2,3,4,2,3,2,2,2,2,1,0,1,0,2,2,1,0,2,2,2,2,2,2,2,2,1,0,2,2,2,2,3,4,1,0,3,4,4,5,4,3,3,4,3,3,4,3,4,2,3,2,2,3,1,2,2,2,0,1,2,4,4,4,4,4,4,4,4,4,4,4,2,4,4,4,5,4,3,2,4,4,4,4,3,3,3,2,4,4,4,3,4,5,2,2,2,2,2,2,2,2,2,2,3,2,2,2,2,7,4,4,6,7,4,4,7,4,1,56,2,1,1,1,40,4500,2000,0,701401,건설 경기 악화,공업고등학교
32442,5,5,4,4,2,3,3,3,2,3,3,2,1,0,4,3,4,4,1,0,2,3,4,4,5,2,3,2,1,0,2,2,4,3,2,1,1,0,1,0,2,2,2,1,3,5,3,3,1,0,1,0,1,0,1,0,1,0,1,0,1,0,1,0,1,0,1,0,1,0,1,0,2,2,1,0,1,0,1,0,1,0,1,0,2,2,2,1,3,4,3,5,4,3,4,4,4,5,3,4,4,15,1,1,1,2,0,2,5,2,4,3,4,5,3,3,4,4,3,5,4,3,5,4,3,5,5,4,4,3,4,2,4,5,3,3,5,4,2,1,3,5,2,2,2,2,2,2,2,2,2,1,3,3,3,3,2,7,6,5,3,2,3,4,8,7,1,46,4,2,5,1,40,0,0,8500,221301,법무사 민원 행정 소송 증가 당분간 유지됨,법학
32443,1,0,2,2,1,0,2,2,1,0,3,4,2,3,2,2,1,0,3,5,3,3,1,0,2,2,3,3,1,0,1,0,1,0,1,0,1,0,3,3,4,4,2,3,1,0,2,2,4,5,2,3,3,4,1,0,4,5,3,4,1,0,3,4,4,4,4,6,4,6,2,3,1,0,1,0,2,2,2,2,2,3,2,2,2,3,2,2,2,2,4,2,2,2,2,4,2,2,2,2,2,17,2,3,2,2,0,1,2,2,2,2,2,2,2,2,2,3,3,2,4,2,2,2,4,2,2,3,2,4,4,4,2,2,2,2,3,4,4,3,4,4,2,2,2,2,2,2,2,2,2,2,3,3,3,3,2,7,7,8,8,8,2,7,3,3,1,29,2,1,1,1,40,3600,2900,0,561301,바이러스 해충 때문 직업 역시 변화 생각,이과
32444,4,6,3,5,3,5,3,5,5,6,3,5,2,3,3,6,3,5,2,3,3,5,2,4,2,2,2,4,2,2,2,3,2,2,2,2,2,3,2,1,2,5,2,4,2,3,2,1,2,2,2,2,3,4,1,0,1,0,1,0,3,5,2,1,2,1,1,0,1,0,1,0,2,2,2,1,2,1,2,1,2,2,2,1,2,2,2,1,4,3,4,4,3,4,4,3,3,4,3,3,4,11,1,6,1,2,0,5,5,3,4,3,4,4,3,3,4,3,4,4,2,4,4,3,3,2,3,3,3,3,3,4,3,4,2,2,3,3,3,3,4,3,2,2,2,2,2,2,2,2,2,1,4,3,3,3,2,3,4,3,5,4,5,6,3,4,2,39,5,1,1,1,40,6500,5500,0,31301,보험계리사 보험 상품 개발자 유화 차별 상품 개발 보험사,회계학
32445,4,5,3,4,3,4,2,2,3,4,4,5,4,5,4,5,4,5,3,4,2,2,3,4,3,4,2,2,2,4,3,4,3,4,3,4,4,5,3,4,4,5,3,4,4,5,1,0,3,4,3,4,4,5,4,5,4,5,4,5,3,4,3,4,3,4,3,5,3,5,3,4,4,5,3,4,4,5,1,0,1,0,1,0,3,4,1,0,4,4,2,4,4,4,4,4,2,4,4,4,2,13,1,4,1,1,5,5,5,4,4,4,4,4,2,3,3,3,3,3,3,3,3,3,3,4,3,3,4,3,3,3,2,3,3,4,3,3,2,3,3,4,2,1,2,2,1,1,2,2,1,2,3,3,3,3,2,4,3,4,3,4,3,6,7,6,1,29,3,1,1,1,40,3200,3000,0,159104,기계설계 2D 3D cad 버전 업그레이드 업무,메카트로닉스
32446,4,4,5,5,3,3,2,4,3,3,4,4,1,0,3,4,3,4,3,4,2,4,4,4,4,5,4,5,2,3,2,3,1,0,1,0,4,6,4,5,3,4,4,4,4,5,1,0,3,3,4,4,3,3,1,0,3,3,2,3,3,4,1,0,5,5,4,6,3,5,3,4,4,4,1,0,4,4,4,5,1,0,2,3,4,6,3,4,4,5,4,4,3,4,4,4,3,4,5,4,5,8,1,4,1,1,1,6,3,4,4,3,3,4,1,3,2,3,4,3,3,3,3,4,3,2,3,3,2,5,2,5,4,4,2,3,4,4,3,1,5,4,2,2,2,2,2,2,2,2,2,1,4,3,3,3,2,6,5,4,6,7,7,8,3,3,1,37,2,1,1,1,44,4300,3600,0,621201,항해사 해기사 안전교육 선박 산업 세계 화로 전반 선박 물량 갈수록 것이므,항해
32447,3,3,4,4,3,5,2,2,3,3,3,3,2,3,2,2,3,4,3,3,2,3,2,3,3,4,4,4,2,2,3,3,1,0,1,0,2,3,1,0,1,0,3,3,2,2,4,4,2,1,2,3,3,3,2,3,2,2,3,4,4,5,3,3,3,3,3,3,4,6,4,5,4,6,3,3,4,6,2,3,2,2,2,2,3,3,2,2,4,3,3,3,4,3,3,4,3,3,3,3,3,13,1,4,1,2,0,5,5,4,3,3,4,3,3,4,4,3,3,4,3,2,3,4,2,2,2,2,2,3,4,4,3,2,2,2,2,3,2,2,4,3,2,2,1,2,2,2,2,2,2,3,1,3,3,3,2,7,7,7,5,5,5,5,5,5,1,39,4,1,1,1,40,4100,2500,0,134303,정보처리기사 솔루션 작업 프로그램 적용 자동 프로세스 통한 시스템 운용 관리 예상,전자공학
32448,4,5,4,4,3,5,3,3,3,4,4,5,4,5,3,4,3,3,3,4,4,5,3,5,4,5,3,5,3,5,3,3,3,4,3,3,3,4,4,5,3,4,4,5,4,6,3,4,3,4,2,3,1,0,1,0,4,4,1,0,2,3,1,0,2,3,3,4,3,5,4,4,1,0,5,5,4,5,4,5,4,4,4,3,4,3,3,5,4,3,1,4,4,3,4,2,4,4,4,3,4,17,1,1,1,2,0,4,5,4,4,4,5,4,2,4,9,9,3,4,2,4,4,2,3,4,2,4,3,5,3,2,4,3,4,4,3,3,4,2,3,3,2,2,2,2,2,2,2,2,2,1,4,3,3,3,2,7,8,7,7,4,5,8,4,6,1,46,4,2,5,1,40,0,0,6500,302001,수의사 면허증 가구 증가 반려동물 인구,수의학
32449,2,2,3,3,1,0,1,0,2,2,1,0,1,0,1,0,3,4,1,0,2,3,3,3,3,3,2,2,2,3,1,0,2,2,3,2,2,3,2,2,3,5,2,2,3,3,2,2,2,2,2,2,3,4,2,3,4,5,4,5,1,0,2,2,5,3,3,6,3,5,3,5,2,2,3,3,2,3,1,0,4,4,4,4,3,4,3,3,3,3,4,2,3,2,2,4,2,2,2,3,4,19,1,2,1,2,0,5,5,3,3,2,3,2,2,3,3,3,4,3,3,3,2,4,4,3,2,3,4,4,2,5,3,2,3,4,3,4,3,2,5,5,2,2,2,2,2,2,2,2,2,2,3,3,3,3,2,7,7,6,7,8,7,7,5,2,1,48,3,1,1,1,50,3800,2600,0,811401,공조냉동기계기능사 기계 산업 계쏙 일자리,공고졸업
32450,2,4,4,3,1,0,2,3,1,0,2,3,1,0,3,4,3,5,1,0,1,0,2,3,4,4,2,3,1,0,3,3,1,0,2,3,1,0,2,4,2,2,2,3,4,4,3,3,3,3,1,0,1,0,1,0,3,3,1,0,1,0,1,0,4,4,3,4,3,4,4,4,1,0,3,4,4,4,3,4,2,3,3,4,2,4,2,2,2,3,3,2,2,1,1,3,2,3,2,3,1,9,1,1,1,2,0,6,1,2,1,1,2,2,2,2,1,3,3,3,4,2,1,4,3,2,3,3,2,4,2,4,2,2,2,2,3,4,2,2,4,4,2,2,2,2,2,2,2,2,2,1,2,3,2,2,2,7,8,8,7,8,4,7,6,4,2,57,1,1,1,1,30,2500,2200,0,531201,조리사 자격증 침체 업주 폐업 근무시간 단축 일자리 줄어듬,0
32451,3,3,2,2,2,2,2,2,2,2,2,2,1,0,2,3,3,3,3,3,1,0,1,0,2,3,3,4,2,1,2,3,1,0,1,0,1,0,1,0,2,3,3,4,2,3,1,0,1,0,1,0,2,1,2,4,3,4,2,4,1,0,2,4,2,4,2,4,3,4,3,3,3,3,2,3,3,4,2,3,2,2,2,2,3,3,3,3,4,3,2,3,3,2,3,2,2,2,3,2,3,3,1,3,1,1,2,2,2,3,3,2,4,4,2,3,3,3,4,3,2,4,4,3,3,1,2,4,3,5,3,3,1,1,3,3,4,4,4,1,4,4,2,2,2,2,2,2,2,2,2,2,2,3,3,3,1,7,8,8,8,8,5,5,6,7,1,24,2,1,1,1,40,2800,2400,0,835201,산업기사 전자산업기사 전기기능사 전기부품 생산기계 조작훈련 로봇 자동화 증가 일자리 감소,문과
32452,5,7,5,6,5,6,5,6,5,7,5,6,4,6,5,7,5,6,5,6,5,6,5,7,5,6,5,6,5,5,5,7,4,7,4,6,5,6,5,6,5,7,4,6,5,7,4,6,5,7,4,6,5,7,5,7,5,6,5,7,5,6,5,7,5,5,5,6,5,5,5,5,5,6,5,5,5,7,5,6,5,2,4,3,5,3,5,5,5,5,5,5,5,4,5,3,3,3,4,3,4,16,5,6,1,2,0,6,7,3,3,3,5,4,5,3,3,3,4,3,3,3,3,3,3,3,3,4,3,3,4,3,4,3,4,3,3,4,3,4,3,4,2,2,2,2,2,2,2,2,2,2,3,3,3,3,1,2,3,3,4,3,2,3,3,4,1,57,6,1,1,1,40,8000,4100,0,211101,박사학위 상태 유지,수학
32453,3,5,3,5,4,4,2,3,3,4,4,4,4,3,4,4,4,4,4,4,3,4,2,3,3,5,2,3,4,5,2,3,2,2,2,3,2,2,2,3,2,4,2,3,1,0,3,4,4,4,2,3,3,3,2,3,1,0,1,0,3,5,1,0,3,3,4,5,4,5,3,4,2,4,1,0,2,3,1,0,1,0,2,2,2,2,2,2,2,3,4,3,3,4,2,2,2,3,3,3,2,13,1,2,1,2,0,5,3,3,3,3,3,3,3,4,3,3,4,3,3,3,3,4,2,2,3,1,3,4,4,4,2,3,3,3,3,4,3,3,3,3,2,2,2,2,2,2,2,2,2,2,2,2,2,2,2,6,6,6,5,5,5,5,5,5,1,35,4,1,1,1,48,2900,1800,0,158201,소방설비기사 디지털화 필요 인력,기계
32454,4,4,4,5,3,4,4,5,3,5,3,4,3,3,3,4,4,5,3,3,3,3,3,4,3,3,5,5,4,5,3,3,4,3,4,3,4,4,4,4,4,4,5,5,4,4,4,4,3,4,5,4,3,3,1,0,3,4,1,0,3,4,3,3,3,4,1,0,1,0,1,0,4,4,1,0,1,0,1,0,4,5,2,2,3,3,3,3,4,4,2,4,5,3,4,4,3,4,4,4,3,6,1,3,2,2,0,6,5,4,4,4,4,5,3,4,9,9,4,4,2,5,4,4,3,5,5,3,5,1,4,3,4,4,2,5,3,4,3,2,4,3,2,1,2,2,2,2,2,2,2,1,2,2,2,2,1,5,7,5,3,5,4,2,4,7,2,58,4,2,5,1,42,0,0,8000,16101,빅데이터 프로그램 도입 업무 증가 건설 경기 갈수록 회복 기미 안보,건축공학
32455,4,5,3,3,3,4,2,2,1,0,2,3,3,4,4,4,3,3,4,3,2,3,1,0,3,3,2,2,1,0,2,2,2,2,1,0,2,2,1,0,2,2,3,2,2,3,1,0,2,2,1,0,2,2,1,0,2,2,2,2,1,0,2,2,1,0,2,2,2,2,3,2,1,0,3,3,1,0,1,0,2,2,2,2,4,4,1,0,4,4,3,3,4,4,4,2,3,4,4,4,3,19,2,1,1,2,0,6,5,5,5,4,4,5,4,3,3,3,3,3,3,3,4,3,2,2,3,3,4,4,4,3,4,4,3,3,4,4,3,3,3,3,2,2,2,2,2,2,1,1,1,2,4,3,3,3,2,6,4,4,3,4,6,7,7,7,2,36,4,1,1,1,40,2900,2600,0,413102,문화재수리기술사 인원 감축 업무 문화재 보호 대한 인식,역사학
32456,5,5,5,5,5,4,4,5,4,4,4,4,5,6,4,4,5,5,2,2,3,3,3,3,4,4,4,4,5,5,4,5,5,6,4,4,5,6,4,4,5,6,4,4,4,4,3,3,4,4,4,4,5,5,5,5,4,5,3,3,5,6,4,4,4,4,4,5,3,3,4,5,5,5,3,3,4,4,2,2,2,2,1,0,4,4,4,4,5,4,5,4,4,3,4,4,4,3,3,2,3,3,1,3,1,1,4,5,5,4,3,4,4,3,4,3,4,3,4,3,3,4,3,4,3,3,4,3,4,3,4,3,2,3,4,3,3,4,3,2,2,4,1,1,2,1,2,1,1,2,2,4,2,3,2,2,1,6,7,6,8,7,8,8,7,7,1,42,4,1,1,1,40,3600,2000,0,134302,네트워크관리사 최신장비 교육 훈련 업그레이드 프로그램 도입 사람 일자리 대체,컴퓨터공학
32457,3,5,4,6,3,5,3,6,3,5,3,5,2,5,3,3,3,4,1,0,3,5,3,5,4,6,3,6,2,3,3,4,4,6,3,5,2,5,3,6,3,6,3,6,3,5,3,6,2,2,2,5,2,4,1,0,3,5,1,0,3,5,1,0,1,0,1,0,1,0,1,0,2,3,1,0,1,0,1,0,1,0,1,0,2,4,1,0,4,4,4,3,4,4,3,4,3,4,3,4,4,13,1,4,1,1,4,7,5,3,3,3,3,4,4,3,9,3,3,3,3,4,3,3,3,3,4,3,4,4,3,3,3,3,3,3,3,3,4,3,4,4,2,2,2,2,2,2,2,2,2,3,1,3,3,2,1,7,6,5,6,5,5,3,5,5,1,56,4,1,1,1,52,8000,4000,0,23101,공인회계사 사업의 분석력이 요구된다 컴퓨터 대신,경영학
32458,2,3,3,4,4,4,2,4,4,5,4,3,1,0,4,5,3,5,3,5,3,5,3,4,4,6,3,4,1,0,2,3,1,0,3,5,3,5,3,5,3,3,3,4,4,5,3,5,4,6,2,3,3,5,3,5,3,5,3,2,4,6,3,6,3,3,2,4,3,4,3,3,3,6,3,3,3,4,3,6,3,3,3,3,4,6,3,4,1,2,3,2,3,2,2,4,2,3,2,2,4,13,2,5,2,2,0,3,6,4,4,5,5,5,4,5,5,4,5,4,1,5,4,4,3,3,5,4,3,4,4,4,4,5,3,4,3,4,5,5,4,5,2,2,2,2,2,2,2,2,2,2,3,3,3,3,2,8,5,6,4,4,7,5,9,7,1,38,6,1,1,1,40,5500,5500,0,121101,기초과학 분야 유지됨,물리
32459,1,0,1,0,1,0,1,0,1,0,1,0,1,0,1,0,1,0,1,0,1,0,1,0,2,3,2,3,2,2,1,0,1,0,1,0,1,0,1,0,1,0,1,0,4,5,2,2,2,3,4,5,4,5,3,4,4,5,4,5,4,5,5,3,5,4,3,4,3,4,4,4,4,6,5,6,4,5,3,4,1,0,1,0,5,5,1,0,3,4,3,3,3,4,3,3,4,3,2,3,3,13,1,2,2,2,0,7,2,3,4,3,4,3,3,4,3,4,4,3,3,4,3,3,4,3,4,3,3,3,3,3,3,2,3,3,4,3,4,3,3,4,2,2,2,2,2,2,2,2,2,2,2,3,3,3,2,6,7,6,7,6,6,8,7,7,1,34,3,1,1,1,40,2700,2200,0,881201,시스템 개발,영상학
32460,1,0,3,3,2,3,3,3,1,0,1,0,3,2,3,2,3,3,2,3,1,0,1,0,4,3,2,2,3,2,2,3,2,2,1,0,1,0,2,3,2,2,2,2,4,2,1,0,1,0,1,0,4,3,1,0,3,3,1,0,1,0,1,0,1,0,2,2,2,1,2,2,1,0,3,3,3,3,3,3,2,2,2,3,3,3,2,3,5,4,4,4,3,3,4,4,2,2,3,1,3,17,1,2,1,2,0,3,4,2,3,3,5,4,3,4,9,9,9,4,2,4,4,3,2,2,2,3,3,5,3,3,3,2,3,3,4,3,2,1,4,4,2,2,2,2,2,2,2,2,2,1,4,3,3,3,2,8,9,7,8,4,2,8,4,5,2,40,2,1,1,1,40,3000,1800,0,511501,애견미용 자격증 사람 반려동물 관심 추세 예전 동물 가족 생각 마음 병원 반려동물 공간 서비스 수요,문과
32461,1,0,1,0,1,0,1,0,1,0,1,0,1,0,1,0,1,0,2,2,1,0,1,0,3,3,1,0,1,0,1,0,1,0,1,0,3,2,1,0,1,0,1,0,1,0,1,0,1,0,1,0,1,0,1,0,3,3,1,0,1,0,1,0,3,2,2,2,2,2,2,2,1,0,3,6,3,5,1,0,3,3,3,3,4,6,1,0,5,5,5,5,5,5,5,3,3,4,3,3,4,7,1,2,2,2,0,7,2,3,4,3,3,4,3,4,4,4,4,4,3,3,3,3,3,4,3,3,3,4,3,3,4,3,4,3,4,3,3,4,3,3,2,2,2,2,2,2,2,2,2,1,2,2,3,3,2,5,6,5,5,6,5,5,6,5,1,46,3,1,1,1,48,4100,2500,0,414102,경제 대가 사람,전자공학
32462,4,4,4,4,4,4,4,4,4,4,4,4,4,4,4,4,4,4,4,4,4,4,4,4,4,4,4,4,4,4,4,4,4,4,4,4,4,4,4,4,4,4,4,4,4,4,4,4,4,4,4,4,4,4,4,4,4,4,4,4,4,4,4,4,4,4,4,4,5,5,4,4,4,4,4,4,4,4,4,4,4,4,4,4,3,3,4,4,3,3,4,3,2,3,3,3,2,4,3,3,4,3,1,2,1,1,3,7,5,5,4,5,5,4,4,3,3,4,4,4,2,4,3,4,4,5,4,3,4,4,3,5,4,4,3,4,3,4,5,4,5,5,2,2,2,2,2,2,2,2,2,2,2,3,3,3,2,7,4,4,4,5,4,7,7,4,1,50,4,1,1,1,40,4300,2800,0,158402,위험물기능사 직무교육 위험 관리 자동화,기계공학
32463,3,4,3,5,3,3,2,4,3,5,3,5,2,4,3,5,2,3,2,4,3,5,4,6,4,6,4,6,1,0,3,5,2,3,1,0,3,5,2,3,4,5,3,4,4,5,2,4,5,6,1,0,4,6,5,6,4,6,5,6,2,3,5,6,4,5,4,5,5,7,5,6,1,0,4,5,4,6,3,4,2,3,2,4,3,4,2,4,3,2,2,2,3,2,2,2,3,3,2,3,2,3,1,6,2,2,0,3,2,3,2,2,3,4,2,4,3,4,4,4,2,4,3,4,3,2,3,3,4,3,4,4,3,4,2,2,3,4,3,2,4,4,2,2,1,2,2,2,1,2,2,1,3,3,2,3,2,8,7,7,4,4,3,4,4,3,1,35,3,1,1,1,48,4000,2600,0,812201,구조조정 노후 선박 증가 인력,기계공학
32464,1,0,1,0,1,0,1,0,1,0,1,0,1,0,1,0,2,3,2,3,1,0,1,0,1,0,1,0,1,0,1,0,1,0,1,0,1,0,1,0,1,0,1,0,1,0,1,0,1,0,1,0,1,0,1,0,2,3,1,0,1,0,1,0,3,4,3,4,3,4,3,5,1,0,3,4,2,3,2,3,3,4,2,3,2,3,2,2,3,2,3,3,4,2,3,3,3,2,2,2,3,3,1,2,2,2,0,7,2,3,2,2,4,3,2,3,3,3,4,3,2,3,3,4,3,3,4,3,3,3,4,3,3,2,3,4,3,3,3,3,3,3,2,2,2,2,2,2,2,2,2,2,2,2,2,3,1,6,7,7,4,6,6,6,4,6,1,46,2,1,1,1,42,3228,2911,0,825201,기술 대체 중이,전기
32465,3,4,3,4,2,3,4,6,2,3,4,5,4,5,4,5,3,4,3,4,4,5,4,6,4,6,4,6,4,5,4,6,3,4,3,4,4,5,4,6,4,5,3,4,3,4,3,4,3,4,5,6,2,3,1,0,1,0,1,0,2,3,3,4,1,0,2,2,2,2,1,0,4,5,2,2,3,4,4,6,4,6,4,6,4,5,4,5,3,3,3,4,5,2,2,3,2,3,3,3,2,8,3,6,2,2,0,4,4,3,4,3,2,3,4,4,4,3,4,4,2,4,4,4,2,3,2,2,3,3,4,3,4,3,2,3,4,3,3,2,3,3,2,2,2,2,2,2,2,2,2,1,3,2,2,2,1,5,6,6,6,6,5,5,4,3,2,38,4,1,1,1,42,8200,4200,0,522101,승무원 직종,항공운항과
32466,3,4,3,4,3,3,4,5,1,0,2,2,2,2,2,2,2,7,2,2,1,0,2,2,5,6,2,3,2,2,2,3,1,0,2,3,2,2,2,2,2,2,2,3,5,3,2,3,1,0,1,0,1,0,2,2,1,0,1,0,1,0,1,0,1,0,1,0,1,0,1,0,1,0,1,0,1,0,3,4,1,0,1,0,2,2,2,2,3,3,2,3,2,3,3,4,2,3,2,3,2,10,3,4,2,2,0,3,2,4,2,2,3,3,3,4,3,3,3,3,2,3,3,3,2,2,2,3,2,3,3,4,3,3,3,4,3,3,3,4,3,4,2,2,2,2,2,2,2,2,2,1,4,3,3,3,2,7,7,7,4,4,5,5,6,5,2,38,4,1,1,1,52,3500,2800,0,416301,매체 증가,영어영문
32467,2,4,4,5,3,4,4,4,2,3,3,5,3,3,4,5,5,4,3,4,4,5,3,4,4,4,3,4,4,4,4,5,4,4,4,4,4,4,5,5,5,4,4,4,4,4,3,4,3,4,4,4,3,3,3,3,4,4,2,3,2,2,2,3,2,2,3,3,2,2,2,3,2,3,2,2,3,3,4,4,2,4,2,3,4,4,4,3,4,4,3,3,4,2,4,2,3,4,4,5,4,15,2,6,2,1,1,2,5,4,4,3,4,4,2,3,4,5,5,4,3,3,3,4,3,3,4,1,3,3,4,4,4,4,4,3,4,4,4,3,4,4,2,2,2,2,2,2,2,2,2,2,2,1,1,3,1,5,6,8,3,5,6,4,3,5,1,36,4,1,1,1,55,3800,3200,0,240101,지역 경찰 업무 관련 규범 숙지 무기 활용 능력 총기 운전 신체운동 민원서비스 민원 처리 자동화 기계화 필요 인력 감소,홍보
32468,5,5,4,4,2,3,2,3,3,3,3,3,4,5,4,4,3,3,2,2,2,2,3,3,3,3,4,4,2,3,3,3,2,2,2,3,3,3,4,4,4,5,4,5,2,3,3,3,4,4,4,4,4,5,2,3,3,3,4,4,5,6,4,5,3,5,3,4,4,4,4,4,3,3,4,4,3,3,4,4,1,0,1,0,3,3,3,2,4,4,3,4,4,3,4,4,3,2,4,4,3,10,1,4,1,2,0,5,4,4,5,5,4,3,4,3,3,4,5,4,3,4,4,3,3,2,3,3,3,2,4,3,4,5,4,4,3,3,4,4,4,4,2,2,2,2,2,2,1,2,2,3,1,3,3,3,1,7,8,5,3,4,5,3,4,5,1,32,4,1,1,1,40,3400,3300,0,133302,정보처리기능사 구조 조정 시스템 개발,정보미디어
32469,4,6,4,5,4,6,4,6,4,6,4,6,4,6,4,6,3,5,4,5,3,5,4,6,4,5,4,5,4,6,4,5,4,5,4,6,4,5,4,5,4,6,4,5,5,5,4,6,4,5,4,6,4,6,3,5,4,6,4,6,4,5,4,6,4,6,4,5,3,5,4,4,4,5,4,5,4,5,4,5,4,5,3,5,4,5,3,5,4,4,3,4,3,4,4,3,4,3,4,4,3,16,5,3,1,2,0,2,5,4,3,4,4,3,4,4,3,4,4,4,4,3,4,3,4,4,3,4,4,3,3,4,4,5,4,4,3,4,4,3,4,4,2,2,2,2,2,2,2,2,2,2,2,2,2,3,1,7,3,7,4,7,4,7,3,7,2,26,4,1,1,1,40,2200,2000,0,212201,정교사 인구 감소,국어교육
32470,3,3,3,4,3,3,3,3,3,3,3,3,4,4,3,4,3,3,4,4,4,4,4,4,3,4,4,4,4,4,3,3,3,3,3,3,3,3,3,3,3,3,3,3,3,4,4,5,2,2,2,3,5,6,4,5,4,6,4,4,3,3,5,7,3,3,3,3,3,3,3,3,3,3,2,3,2,3,2,3,2,3,2,2,3,3,3,5,4,4,2,3,3,3,3,3,2,2,4,4,3,3,1,4,1,1,2,3,4,4,4,4,3,4,4,3,3,4,5,4,3,4,3,2,3,3,4,4,4,3,4,4,4,5,4,4,4,5,4,4,4,5,2,2,2,2,2,2,2,2,2,2,2,3,3,3,2,5,5,5,5,5,5,5,5,5,2,37,4,1,1,1,40,4200,2600,0,28402,컴활1급 엑셀OA 직무교육 전산 화가 업그레이드 포터 대체,경영학
32471,2,2,2,3,2,2,1,0,2,2,1,0,2,3,3,4,3,5,3,4,1,0,2,3,5,7,3,4,1,0,2,2,1,0,1,0,2,3,1,0,2,3,3,4,3,4,2,3,2,3,1,0,1,0,2,3,4,5,4,5,1,0,4,5,5,7,5,6,4,5,4,5,3,4,4,5,4,5,4,5,5,7,4,5,4,5,4,5,3,2,3,3,3,2,3,4,3,4,4,3,3,3,1,2,1,2,0,6,2,3,3,3,4,4,3,3,3,3,4,3,3,4,4,2,3,2,3,5,4,5,2,5,4,5,4,4,4,5,4,4,5,4,2,2,2,2,2,2,2,2,2,2,3,2,2,2,2,9,8,7,3,3,6,8,2,1,1,56,2,1,1,1,40,3300,2100,0,705101,광산보안기능사 화약류관리산업기사 기사 화약취급기능사 지원 사람,기계
32472,3,4,2,3,1,0,3,4,2,3,2,3,3,4,2,3,3,4,2,3,2,2,2,2,3,3,1,0,4,5,4,4,4,4,3,3,3,3,2,3,3,3,2,2,2,3,2,2,2,2,2,2,2,2,3,3,2,2,1,0,1,0,1,0,1,0,1,0,2,2,2,2,2,2,4,2,3,3,3,4,2,3,3,4,2,3,2,3,2,3,2,2,2,2,1,2,2,3,2,1,2,9,1,1,1,2,0,5,3,4,3,2,1,2,2,2,9,4,4,4,4,2,2,3,3,4,2,4,2,4,2,4,5,4,5,3,3,3,4,2,3,5,2,2,2,2,2,2,2,2,2,1,3,2,2,2,2,5,6,4,5,5,5,7,6,5,1,28,2,1,2,2,50,2000,1800,0,531601,조주기능사 일자리 기피,인문계
32473,3,4,3,4,2,2,3,4,2,2,3,5,4,5,3,4,3,4,5,7,3,4,3,4,4,6,2,2,1,0,3,4,2,2,2,2,1,0,2,2,3,4,4,6,3,4,1,0,1,0,2,2,3,4,1,0,1,0,1,0,3,4,1,0,1,0,1,0,1,0,1,0,2,2,1,0,2,2,1,0,2,2,2,2,3,4,3,5,4,4,3,2,2,3,4,4,2,3,2,4,3,15,2,2,1,1,2,2,5,4,4,4,4,4,3,4,9,9,4,4,2,4,4,4,4,4,2,1,4,2,4,3,4,3,3,3,4,4,4,3,4,3,2,2,2,2,2,2,2,2,2,2,1,2,2,2,2,3,8,2,8,3,8,2,8,2,1,42,4,2,5,1,40,0,0,8500,23401,감정평가사 실무쌓기 시대 흐름,경영학
32474,4,4,4,4,3,4,3,4,2,2,3,4,3,4,4,4,3,4,3,4,3,4,2,3,3,4,2,2,3,4,3,4,2,4,3,4,3,4,3,3,4,4,3,4,4,5,3,4,4,4,4,4,2,2,2,2,2,2,1,0,2,2,3,3,2,2,2,2,2,3,2,3,2,3,3,4,4,4,3,4,4,4,3,4,3,4,4,4,4,4,4,3,4,4,3,4,4,3,3,3,4,13,1,2,1,1,3,4,5,4,3,3,4,4,4,4,3,4,3,4,4,4,3,4,3,3,4,4,4,4,4,4,3,3,4,4,4,4,4,3,4,4,2,2,2,2,2,2,2,2,2,3,3,1,2,2,1,7,3,4,5,6,5,6,4,5,2,30,4,1,1,1,40,3000,2000,0,415404,시각디자인운용기사 디자인 편집 광고디자인 이론 실습 교육 연봉,광고디자인
32475,3,4,4,3,1,0,3,4,4,5,4,4,1,0,1,0,3,4,3,3,4,5,4,5,2,3,3,2,2,3,3,2,3,3,3,3,2,4,4,4,2,4,3,4,2,3,4,4,3,3,4,4,4,4,2,2,2,2,2,2,3,3,3,3,2,2,2,3,2,2,2,3,2,2,3,4,1,0,1,0,1,0,1,0,3,3,3,3,3,3,4,4,3,4,3,3,3,4,3,4,3,6,1,2,1,2,0,7,4,4,3,4,4,4,4,4,3,3,4,4,4,3,3,4,4,3,4,3,4,4,4,4,4,3,4,4,3,4,4,4,4,4,2,2,2,2,2,2,2,2,2,1,2,1,2,3,2,5,4,5,6,5,5,5,4,5,2,31,4,1,3,1,52,2500,1600,0,29501,전산세무회계 경제 자동화 시스템 일자리 감소,경영학
32476,2,3,2,2,3,4,3,5,3,4,2,3,4,5,3,5,3,3,1,0,3,4,3,4,4,5,2,2,2,3,2,2,2,3,3,4,3,4,3,4,3,4,4,5,3,4,3,4,3,4,3,5,3,3,2,3,2,3,2,2,4,5,2,2,2,3,2,2,2,3,2,2,3,4,2,3,1,0,1,0,1,0,2,2,3,3,2,2,3,2,2,3,2,5,3,3,3,4,3,2,3,7,3,5,2,2,0,4,4,2,3,2,4,4,3,3,3,3,4,3,2,4,4,4,4,3,5,4,4,5,2,3,4,4,3,4,4,5,4,3,4,5,2,2,2,2,2,2,2,2,2,2,3,3,3,3,2,6,6,4,3,4,4,3,3,5,1,51,4,1,2,1,40,5000,2650,0,133301,코로나 인터넷 업무 사업,컴퓨터공학
32477,3,4,2,4,2,2,2,2,2,2,3,2,1,0,2,2,3,2,3,5,2,2,3,3,4,4,1,0,3,3,3,3,2,3,2,3,2,2,2,2,4,5,4,4,2,3,3,4,2,3,4,5,5,6,4,5,5,5,5,4,1,0,4,4,4,4,5,4,4,4,4,3,3,2,5,3,4,4,4,2,3,3,2,1,2,3,2,2,4,3,2,4,1,2,3,1,2,3,2,2,3,18,1,2,2,2,0,1,2,2,2,1,4,3,4,2,3,2,2,3,4,2,3,2,3,4,4,3,4,5,5,4,5,3,4,4,3,5,5,4,4,4,2,2,2,2,2,2,2,2,2,3,2,2,2,2,2,7,4,5,4,4,6,4,5,4,1,40,4,1,1,1,48,3200,3000,0,882101,수입 공예품 증가 가격 경쟁 일자리 감소,도예
32478,4,5,3,4,3,4,3,3,1,0,2,4,4,5,2,2,3,4,3,4,3,3,2,2,2,3,3,3,1,0,1,0,2,3,1,0,1,0,1,0,1,0,3,3,1,0,1,0,1,0,1,0,1,0,1,0,1,0,1,0,1,0,1,0,1,0,1,0,1,0,1,0,1,0,1,0,1,0,1,0,1,0,2,3,3,3,2,3,4,4,4,3,3,4,4,3,2,3,3,2,3,13,4,1,2,1,3,4,5,5,4,5,4,4,3,3,4,3,3,3,3,3,3,4,3,4,4,3,3,5,3,5,5,5,4,5,4,5,4,4,5,4,2,1,2,2,2,2,2,2,2,3,1,3,3,3,2,3,2,3,2,2,2,8,8,3,2,29,4,2,6,1,40,0,0,3200,411201,MS OFFICE 운용능력 자동화 번역 프로그램 대중화 번역 자동화 시스템 대중화,일어일문학
32479,1,0,1,0,1,0,1,0,1,0,1,0,1,0,1,0,3,3,1,0,1,0,1,0,3,3,3,4,1,0,2,2,1,0,1,0,1,0,3,3,3,3,4,4,1,0,1,0,2,3,1,0,1,0,2,3,2,3,2,2,3,4,3,4,3,4,3,4,3,4,3,4,4,5,3,4,3,4,3,4,3,4,3,4,3,3,2,3,4,4,3,3,4,3,3,3,2,3,2,3,4,8,1,3,1,2,0,7,4,3,4,3,4,3,3,4,3,4,3,3,2,3,2,3,4,3,2,3,3,3,3,2,2,2,2,2,3,3,2,3,3,4,2,2,2,2,2,2,2,2,2,2,3,3,3,3,2,6,4,4,4,5,4,7,5,5,1,33,4,1,1,1,40,3450,3000,0,621901,철도동력차전기정비기능사 철도전기신호기능사 철도 용량 예상,철도전기
32480,3,4,4,5,3,5,4,5,4,5,4,5,1,0,4,5,4,5,4,6,4,5,4,6,4,6,4,5,4,5,3,4,1,0,1,0,3,4,2,4,3,4,3,4,4,4,1,0,1,0,2,3,3,4,3,4,3,3,2,4,3,4,4,4,2,3,3,4,1,0,1,0,1,0,2,3,3,4,3,4,2,3,3,4,4,4,2,3,4,4,2,2,3,3,4,3,4,4,4,4,5,3,1,3,2,1,1,5,2,4,4,3,3,4,3,3,2,3,4,3,2,4,5,4,3,3,3,4,3,2,4,4,3,3,3,4,3,3,2,3,4,4,2,2,2,2,2,2,2,2,2,2,3,2,2,2,2,8,7,8,9,7,7,9,5,1,1,47,2,1,1,1,40,3500,2500,0,872301,현장 훈련 식품 소비 변화 일자리 변화 것이므,인문계
32481,4,4,3,3,2,2,3,3,2,2,2,2,1,0,4,5,4,5,2,2,2,2,2,2,4,4,2,2,2,2,3,3,1,0,1,0,2,2,2,2,4,5,3,3,3,4,3,3,2,2,1,0,2,2,1,0,5,6,3,3,1,0,4,5,3,3,4,5,1,0,1,0,4,5,4,5,4,5,3,3,3,4,4,5,4,5,4,4,3,2,1,2,2,1,3,2,2,2,3,2,1,6,1,3,2,2,0,3,3,2,1,1,2,2,1,2,2,3,4,3,2,4,3,3,4,4,4,4,4,2,2,2,1,1,2,1,4,5,5,2,4,4,2,2,2,2,2,2,2,2,2,2,2,3,3,3,2,8,7,6,5,7,7,3,3,5,1,50,2,1,3,2,40,3600,2600,0,702601,신규 건축물 건축 경기 침체 위축,기계
32482,4,5,5,5,3,3,3,4,2,2,1,0,2,3,2,2,4,5,2,2,3,5,3,4,4,5,2,2,5,6,3,4,2,2,2,2,2,4,3,4,3,5,4,5,5,5,2,2,2,3,2,2,2,3,1,0,1,0,1,0,4,6,2,2,2,2,2,3,2,2,2,2,2,2,3,3,3,4,4,6,2,2,2,2,3,4,3,5,3,4,3,3,4,3,3,3,4,3,4,3,3,3,1,4,1,2,0,1,4,3,2,2,2,4,4,4,3,4,3,4,3,3,2,4,4,2,4,2,3,2,2,4,3,4,4,3,4,5,4,3,4,3,2,2,2,2,2,2,2,2,2,2,4,1,1,3,2,6,6,7,3,3,4,5,4,4,2,45,3,1,1,1,40,4200,2500,0,29401,비서2급 디지털 기술 발달,비서학
32483,3,3,3,3,2,1,3,3,3,3,3,3,4,4,3,4,4,3,4,4,3,4,3,3,4,4,4,4,4,4,4,5,4,4,4,5,4,4,4,4,4,5,4,5,4,5,4,5,4,5,4,4,4,4,4,5,4,5,4,5,3,3,3,4,3,3,3,4,4,5,4,5,4,4,3,4,4,4,3,4,3,4,1,0,1,0,1,0,4,3,4,4,4,4,4,4,3,3,4,3,3,6,1,2,1,1,3,4,4,4,3,3,4,4,4,3,3,3,3,3,1,3,4,2,3,3,2,3,2,4,4,3,3,3,3,3,3,3,3,2,2,3,2,2,2,2,2,2,2,2,2,3,3,3,3,3,2,6,6,7,6,4,5,4,6,5,1,28,3,1,1,1,45,3800,3000,0,704001,건설기계 정비 기능사 정비교육 사회 때문,건축학
32484,4,5,4,5,4,5,2,4,4,5,5,5,4,4,5,5,3,4,5,4,4,4,4,6,3,5,3,6,2,3,3,6,3,5,3,4,3,4,2,2,4,4,4,4,2,2,3,4,2,4,2,4,3,5,4,5,3,4,2,4,3,4,2,3,2,4,2,3,2,4,2,5,3,5,2,4,2,5,2,3,2,4,2,5,2,3,2,3,4,3,3,4,3,3,3,3,4,4,4,3,4,6,1,4,1,2,0,4,5,4,3,3,4,4,3,3,3,4,3,4,3,3,2,4,3,2,2,1,2,4,4,4,3,2,3,2,3,4,3,2,4,4,2,2,2,2,2,2,2,2,2,2,4,1,1,1,1,7,7,7,3,3,4,3,6,7,1,44,4,1,1,1,40,4400,3100,0,140501,도시계획기사 토지 주택 도로 교통 미래 도시 건설 일자리 증가 예상,토목공학
32485,3,4,3,5,3,4,4,5,3,4,4,5,4,5,4,5,4,5,4,5,4,5,4,5,3,5,4,4,3,4,4,6,4,5,3,4,4,5,4,5,4,4,4,5,4,5,4,4,4,5,4,5,4,5,4,5,4,6,4,5,4,5,4,5,4,6,3,5,4,5,4,5,4,5,4,4,4,4,3,4,4,5,4,5,4,4,3,4,4,3,3,4,4,3,3,4,3,2,3,3,3,7,1,4,2,2,0,7,5,4,3,2,4,4,4,4,3,3,3,2,4,3,3,4,3,2,3,3,3,3,3,3,2,3,4,4,2,3,3,4,3,3,2,2,2,2,2,2,2,2,2,2,3,3,3,3,1,7,6,4,3,5,4,7,6,4,1,34,4,1,1,1,42,5300,4000,0,132002,시스템 설계 수요 증가,시스템공학
32486,5,5,5,5,4,4,4,4,4,4,4,4,3,5,3,2,3,2,4,4,3,4,4,6,3,3,3,3,3,4,4,4,3,4,3,3,4,3,4,4,3,4,5,3,4,3,4,3,3,3,3,5,3,3,1,0,1,0,1,0,2,3,4,3,3,2,4,2,2,1,2,1,4,3,3,2,3,3,3,3,3,2,3,2,3,3,3,3,3,3,2,3,2,4,4,3,4,4,2,3,4,16,5,2,1,1,3,6,5,4,3,2,5,4,3,4,3,4,4,4,2,5,3,3,2,4,3,2,5,2,4,4,4,3,3,4,4,3,2,2,4,4,2,2,2,2,2,2,2,2,2,1,2,3,3,3,2,6,7,7,6,6,5,4,6,5,2,48,3,1,1,1,60,4200,3000,0,13201,유치원 정교사1 2급 원감 연수 취원률 감소,유아교육
32487,4,5,4,5,2,3,2,3,3,3,3,4,2,3,3,4,3,4,4,5,2,3,5,5,5,5,3,4,3,4,4,4,2,3,1,0,5,5,3,4,4,5,5,5,3,4,1,0,3,4,3,4,3,4,2,3,2,3,2,3,2,3,1,0,2,3,2,3,1,0,1,0,2,3,3,3,5,5,5,5,4,5,3,5,4,4,4,4,4,4,4,2,3,2,3,4,3,3,3,3,2,17,3,4,1,1,3,3,4,3,3,3,4,4,3,2,4,4,4,4,3,4,3,4,3,2,3,4,4,3,2,5,4,4,4,4,4,4,3,3,4,4,2,2,2,2,2,2,2,2,2,2,4,3,3,3,1,7,7,8,3,3,6,4,4,5,1,35,4,1,1,1,47,3000,2300,0,306502,작업치료사 작업치료 실무 교육 회복 서비스 질적 양적 증가,물리치료학
32488,4,6,3,4,1,0,3,4,4,5,5,6,4,5,5,7,4,5,5,6,4,6,2,3,5,7,4,6,5,6,5,6,4,3,1,0,2,2,1,0,4,5,3,3,4,6,3,3,2,3,3,4,5,7,4,5,4,4,1,0,3,3,3,4,4,6,4,5,3,3,5,7,5,6,5,6,4,6,4,5,3,3,2,5,5,6,3,5,1,5,4,2,4,1,4,4,2,4,5,5,2,19,1,2,1,1,1,4,4,4,3,3,3,4,4,4,3,5,4,4,2,4,3,3,2,3,5,4,3,5,4,5,4,3,3,4,5,4,4,3,5,4,2,2,2,2,2,2,2,2,2,2,2,3,3,3,2,3,5,7,4,5,6,4,5,7,1,42,4,1,1,1,40,4100,2800,0,541301,태권도 직무교육 발달 로봇 경호원 등장,체육학
32489,5,5,4,6,4,5,5,5,5,5,5,6,4,5,4,5,5,5,4,5,4,5,5,4,5,6,4,4,5,5,4,5,4,4,4,4,5,5,5,5,4,5,1,0,3,4,5,5,4,5,5,5,4,4,5,5,4,4,4,4,5,6,4,3,4,4,4,5,5,5,4,4,4,4,4,5,4,5,4,5,2,3,1,0,5,6,4,5,4,4,3,4,4,4,4,4,3,4,4,4,3,10,1,2,1,2,0,6,4,4,3,3,4,4,3,4,4,4,5,4,4,4,4,2,4,3,3,4,5,4,3,3,4,4,4,3,4,4,4,3,3,4,2,2,2,2,2,2,2,2,2,1,4,3,3,3,1,1,2,1,2,2,2,1,9,9,1,57,4,2,5,1,40,0,0,9000,132004,정보관리기술사증 컨설턴트 계속,정보통신
32490,3,4,3,4,3,4,3,4,3,4,3,4,3,4,3,4,3,4,3,4,3,4,3,5,3,5,3,4,3,4,3,5,3,4,3,5,3,5,3,5,3,4,3,5,3,4,3,5,3,5,3,4,3,5,3,5,3,4,3,4,3,4,3,5,3,4,3,5,3,5,3,4,3,4,3,4,3,4,3,4,3,5,3,5,3,5,3,4,4,4,4,4,4,2,4,2,4,4,4,4,4,6,1,2,2,2,0,6,5,4,4,4,4,4,4,5,4,4,4,4,3,2,4,4,4,4,4,4,2,4,1,4,4,4,4,4,4,4,4,4,4,3,2,2,2,2,2,2,2,2,2,1,2,3,3,3,2,8,5,5,5,5,5,5,5,5,1,53,2,1,1,1,48,4800,2400,0,701501,인건비 나라 대체,건축
32491,4,6,4,6,4,6,4,6,4,6,4,6,4,6,4,6,4,6,4,4,5,6,4,5,4,6,4,6,4,5,4,6,4,6,4,6,4,5,4,6,4,5,4,5,4,5,3,4,4,3,4,6,4,6,1,0,1,0,1,0,1,0,1,0,1,0,1,0,1,0,1,0,1,0,1,0,1,0,1,0,1,0,1,0,4,4,4,4,4,5,4,4,4,5,4,4,5,4,4,5,4,11,1,2,1,2,0,3,5,4,5,4,4,5,4,4,5,5,4,4,4,4,3,4,5,4,4,5,4,4,4,4,4,5,4,5,4,4,5,4,4,4,2,2,2,2,2,2,2,2,2,3,4,3,3,2,1,8,2,7,3,7,3,7,3,8,1,58,4,1,1,1,42,4300,3800,0,33201,보험중개사 고령 계약 지정 대리인 제도 확대 예상,금융경제
32492,2,3,3,5,2,3,2,4,1,0,1,0,3,4,4,4,2,4,4,5,3,3,1,0,4,4,2,3,3,3,1,0,1,0,1,0,2,4,1,0,1,0,1,0,4,4,1,0,1,0,2,4,4,5,3,3,4,5,3,4,4,4,2,3,4,5,4,4,3,3,5,5,3,3,4,5,4,6,4,4,5,5,5,5,4,4,4,4,2,2,3,3,2,1,3,4,2,2,3,2,4,10,1,4,1,1,2,2,4,2,3,3,3,4,4,4,3,4,5,4,2,3,3,4,4,5,3,2,4,4,3,2,4,3,5,4,4,5,4,3,3,5,2,2,2,2,2,2,2,2,2,1,4,3,3,3,2,7,7,6,3,3,2,7,5,3,1,37,3,1,2,2,48,3200,2400,0,416501,방송통신기능사 갑작스러운 상황변화 콘텐츠 수요,음향
32493,1,0,1,0,1,0,1,0,1,0,1,0,5,7,3,4,3,4,3,5,1,0,1,0,1,0,1,0,1,0,1,0,1,0,1,0,1,0,1,0,1,0,1,0,1,0,1,0,1,0,1,0,1,0,1,0,1,0,1,0,1,0,1,0,1,0,1,0,1,0,1,0,1,0,1,0,1,0,1,0,1,0,1,0,1,0,1,0,5,3,5,1,4,1,1,5,2,5,4,3,5,19,3,2,2,2,0,7,5,3,2,2,5,4,4,4,9,9,9,3,2,3,3,4,3,3,4,3,4,3,3,4,3,4,4,3,5,5,4,3,4,3,2,2,2,2,2,2,2,2,2,1,1,2,2,2,1,6,7,6,4,4,4,4,4,7,1,55,5,2,5,1,45,0,0,3500,414102,자체 일자리 감소,조각
32494,3,4,3,4,3,4,1,0,1,0,3,4,2,3,4,6,4,6,3,4,3,4,3,4,2,3,2,3,3,5,2,3,1,0,1,0,4,5,1,0,1,0,1,0,1,0,5,7,4,6,3,4,1,0,3,4,2,2,2,2,3,4,3,4,1,0,2,3,1,0,2,3,1,0,2,2,5,7,1,0,5,7,2,2,4,4,2,3,2,3,4,3,4,2,4,3,3,4,4,4,2,15,2,4,2,1,3,3,2,4,4,4,3,4,3,3,3,3,3,3,2,4,3,3,2,3,2,1,3,3,4,4,2,3,2,2,2,4,2,2,4,3,2,2,2,2,2,2,2,2,2,2,4,3,3,3,1,3,3,3,5,5,5,2,4,6,2,35,4,1,1,1,40,3700,2500,0,413202,직무관련 한국사개론 업무 중요도 단계,문헌정보
32495,4,5,4,6,2,3,3,4,5,5,5,6,2,3,3,4,4,6,5,6,3,4,4,5,2,2,3,3,4,5,4,5,1,0,1,0,1,0,3,4,4,5,3,4,1,0,1,0,1,0,1,0,4,6,4,6,4,5,1,0,5,6,3,4,5,6,3,4,1,0,1,0,4,6,1,0,1,0,1,0,1,0,1,0,3,4,1,0,4,5,3,4,5,3,4,3,4,3,5,4,4,6,1,2,1,2,0,2,4,4,5,4,4,5,4,4,3,4,5,4,2,4,4,4,4,3,4,2,4,2,2,4,5,4,4,4,4,5,4,3,4,2,2,2,2,2,2,2,2,2,2,2,2,2,2,3,1,5,4,5,4,4,4,6,4,5,1,32,4,1,1,1,40,2600,2500,0,140602,측량 지형정보기술사 경기 침체,지리학
32496,5,6,5,6,4,5,5,6,4,5,4,5,4,5,4,5,5,5,5,6,4,5,3,4,4,5,4,6,4,5,4,5,4,5,4,5,4,5,3,4,4,4,4,5,4,5,4,5,2,2,3,3,2,2,3,4,4,4,3,3,4,5,4,5,3,4,3,4,4,4,3,3,3,4,4,5,3,3,4,5,2,3,1,0,4,5,5,5,4,4,4,4,4,3,4,4,3,4,4,4,3,3,1,2,2,1,2,6,5,4,3,3,4,4,3,4,4,4,4,4,3,4,4,4,3,4,3,4,2,3,3,4,3,4,2,4,4,4,4,2,4,4,2,2,2,2,2,2,2,2,2,1,3,2,2,2,2,9,9,1,1,1,1,1,1,9,1,55,4,1,1,1,52,3700,2600,0,612201,해외영업 코로나 영향 일자리 감소,도시공학
32497,2,1,2,3,2,2,2,1,4,3,3,2,1,0,3,2,2,1,2,1,3,4,2,2,4,2,2,1,2,2,3,2,1,0,1,0,3,3,3,2,3,1,4,2,3,2,3,2,3,2,3,3,3,3,2,1,4,3,4,4,1,0,3,4,3,3,4,1,3,1,3,1,2,1,4,4,4,3,2,1,4,5,4,4,2,1,2,1,3,2,2,2,2,1,3,3,2,3,2,3,2,1,4,2,2,2,0,4,2,2,2,2,4,3,2,3,3,3,3,3,3,3,2,2,2,3,2,4,3,5,2,4,2,3,3,3,4,4,4,2,4,4,2,2,2,2,2,2,2,2,2,2,1,3,2,2,2,5,6,7,6,7,6,5,7,5,1,60,2,2,6,1,60,0,0,2800,901201,기계 심기 때문 파종 가능 사람,이과
32498,2,4,3,4,1,0,5,5,1,0,1,0,3,4,3,4,3,3,2,3,1,0,4,5,4,4,3,5,4,5,4,5,5,6,5,5,2,3,5,5,3,4,3,5,3,5,2,3,2,3,2,4,2,3,1,0,2,3,1,0,1,0,2,3,2,3,1,0,1,0,1,0,3,4,2,4,2,3,3,5,3,3,2,4,2,3,3,4,3,4,3,3,3,4,2,4,2,2,3,2,4,7,4,1,2,2,0,1,4,4,4,4,4,4,4,4,9,9,9,4,2,5,5,4,5,4,5,4,5,3,4,5,4,5,4,4,5,5,4,3,4,2,2,2,2,2,2,2,2,2,2,2,2,3,3,3,2,9,9,8,2,2,2,2,1,2,2,36,4,2,6,1,40,0,0,5000,615301,온라인 판매 사람 진출 경쟁,경영학
32499,5,6,4,5,4,5,4,4,2,3,5,6,3,4,5,6,4,5,4,5,3,4,5,7,4,4,5,6,5,6,5,6,4,5,3,4,5,7,5,6,4,5,4,5,5,7,1,0,2,3,3,4,2,3,1,0,2,3,1,0,5,6,1,0,2,2,2,3,1,0,1,0,3,4,1,0,1,0,1,0,1,0,3,4,5,5,4,3,4,4,4,3,4,4,3,4,3,4,4,4,4,16,5,6,1,2,0,6,7,4,4,4,5,4,4,3,4,4,4,4,1,4,4,4,4,3,2,4,3,4,4,4,4,5,4,3,4,4,3,3,4,4,2,2,2,2,2,2,2,2,2,1,2,2,2,2,1,6,4,3,4,5,5,3,4,6,2,48,6,1,1,1,34,6500,6000,0,211101,박사학위 학생 수의 감소,정치학
32500,1,0,4,5,1,0,3,4,2,2,1,0,4,5,3,4,2,3,2,1,1,0,3,4,3,4,3,4,3,4,3,4,3,3,2,2,3,4,4,5,3,4,3,4,2,3,3,3,3,4,3,4,3,3,2,3,3,4,1,0,2,2,3,4,3,3,3,3,2,2,2,1,3,4,4,5,1,0,3,3,1,0,2,2,3,3,2,1,4,2,3,3,2,4,2,5,4,3,4,2,4,13,1,1,1,1,3,4,3,2,3,3,4,4,2,3,4,4,4,4,2,4,4,3,4,4,2,3,4,4,3,4,4,3,3,2,3,4,4,3,3,2,2,2,2,2,2,2,2,2,2,1,2,2,2,3,2,8,7,8,3,3,4,3,3,8,1,43,3,1,1,1,55,2600,1600,0,511101,미용사면허 그립이나 기본적인 것들 배워야 한다 친구 끈기,패션디자인
32501,3,4,4,6,2,2,2,2,2,2,4,6,4,6,3,4,1,0,3,4,2,2,2,2,4,6,1,0,2,2,3,4,2,2,3,4,2,2,2,2,3,4,1,0,3,4,2,2,1,0,1,0,4,6,4,6,4,6,4,6,3,4,1,0,4,6,4,6,4,6,3,4,1,0,4,6,4,6,4,6,3,4,4,6,4,6,3,4,4,4,2,3,4,2,4,4,4,4,2,4,3,3,1,3,1,1,1,7,3,4,3,2,4,4,3,4,4,4,4,4,2,4,4,4,4,4,2,1,4,2,4,4,4,1,1,1,4,5,4,3,4,4,2,2,1,2,2,2,2,2,2,1,4,2,3,3,2,2,7,3,8,3,7,3,7,4,1,39,2,1,1,1,40,3600,2600,0,136001,전기산업기사 통신기기기능사 전기산업기사 정규적으로 통신기기 안정성을 위해 교육받는다 기기 첨단 시스템 정보 통신업 사회 구조 때문,상고
32502,2,2,3,4,2,2,3,4,2,2,2,2,1,0,3,4,2,3,2,2,1,0,2,3,3,4,3,3,4,5,3,3,1,0,1,0,3,4,4,5,2,3,3,4,4,5,1,0,2,2,1,0,3,3,1,0,1,0,1,0,2,2,3,3,3,4,1,0,1,0,1,0,2,2,1,0,2,2,2,2,2,2,2,2,2,3,2,1,3,4,2,4,4,3,3,4,2,3,3,3,2,18,1,6,2,2,0,5,2,4,4,4,4,4,3,4,3,4,4,4,2,4,4,3,2,4,3,2,4,3,4,4,3,3,4,3,3,4,4,4,4,4,2,2,2,2,2,2,2,2,2,1,4,1,1,3,2,5,6,6,6,6,6,2,2,8,2,28,4,1,1,1,52,2500,2500,0,616201,생각,통계학
32503,3,3,3,3,3,3,4,4,4,4,4,5,2,2,2,2,4,4,4,4,4,5,5,5,3,3,3,3,4,5,4,5,4,5,4,5,3,3,5,5,4,5,4,4,4,5,4,4,4,4,3,4,1,0,1,0,4,4,3,3,4,4,1,0,2,2,1,0,1,0,1,0,3,3,1,0,3,3,2,2,3,3,4,5,3,3,3,3,2,4,2,2,2,2,2,4,3,2,2,3,4,14,1,3,2,2,0,7,1,3,2,2,3,2,3,2,1,3,3,3,3,2,2,3,3,3,3,4,2,3,3,3,3,3,4,3,4,5,4,3,4,4,2,2,2,2,2,2,2,2,2,1,2,2,2,2,2,5,5,6,6,7,7,5,4,5,2,41,3,1,3,2,30,2100,1800,0,512201,결혼식장 이외 추세,사회복지학
32504,3,5,4,5,2,3,4,4,4,5,4,5,4,5,3,4,4,5,4,4,3,4,3,4,4,4,2,4,3,5,4,5,4,4,3,4,4,5,3,4,4,5,4,4,4,5,3,5,4,4,4,5,4,5,4,5,4,6,4,5,3,3,3,4,4,5,4,5,4,5,4,5,4,5,4,5,4,6,4,6,4,6,4,4,4,5,4,6,4,4,4,4,4,2,4,2,3,3,3,2,3,3,1,2,1,2,0,4,2,4,2,2,4,4,2,2,3,3,4,3,3,3,3,4,4,4,4,4,4,3,3,4,3,3,3,3,4,4,3,3,4,4,2,2,2,2,2,2,2,2,2,2,2,3,3,3,2,4,4,7,7,7,7,5,5,5,1,46,2,1,2,2,56,4500,2000,0,871201,제조 기능사 입맛 서구화 매출 감소,"일반고(인문계,문과)"
32505,4,4,4,4,5,5,1,0,2,3,2,2,5,4,2,3,3,4,5,4,3,4,2,3,3,4,3,3,2,3,2,2,2,2,2,2,1,0,2,3,3,3,4,4,3,3,1,0,1,0,1,0,4,4,3,3,4,4,2,3,5,5,3,4,2,3,4,4,3,3,3,3,3,3,5,4,4,4,2,2,2,5,2,3,3,4,1,0,4,5,4,2,5,3,2,4,3,4,5,3,3,18,1,2,2,2,0,2,4,4,2,2,2,4,3,3,4,5,5,4,2,4,3,3,2,3,2,2,2,3,2,4,5,4,3,2,3,3,2,3,3,4,2,2,2,2,2,2,2,2,2,1,5,3,1,3,1,8,8,7,3,2,3,8,2,3,1,38,3,1,1,1,40,3200,2300,0,414303,유튜브 온라인 플랫폼 산업 활성화 영향,애니메이션학
32506,3,5,4,5,3,4,3,5,4,5,4,5,1,0,1,0,1,0,1,0,3,5,1,0,1,0,1,0,1,0,1,0,1,0,4,5,1,0,1,0,4,5,4,5,1,0,1,0,1,0,1,0,1,0,1,0,1,0,1,0,1,0,1,0,1,0,1,0,1,0,1,0,2,4,1,0,1,0,1,0,1,0,1,0,1,0,1,0,4,3,3,3,2,2,3,3,3,2,4,2,3,11,1,2,1,2,0,7,5,3,2,2,4,4,4,4,4,4,4,4,2,4,4,5,3,4,4,3,3,4,3,5,2,3,3,3,3,4,3,3,5,4,2,2,2,2,2,2,2,2,2,1,1,3,3,3,2,7,7,6,3,4,5,7,8,8,1,55,4,1,1,1,40,4000,3000,0,32501,신용정보관리사 제도 점차 인력 감소 것임,경영학
32507,2,4,4,5,2,2,2,5,3,5,3,5,3,4,3,4,3,5,3,4,3,4,3,4,4,3,3,3,3,4,3,5,4,4,3,4,3,3,3,4,4,4,3,3,3,4,4,4,3,4,4,4,4,4,3,5,3,5,4,4,4,4,3,5,3,5,3,5,3,5,3,4,3,3,3,3,3,4,4,4,4,4,4,4,3,5,3,4,4,3,4,3,4,4,3,2,3,3,2,4,3,7,4,1,2,2,0,1,1,4,3,2,4,3,2,3,3,3,4,3,2,4,3,4,4,3,4,3,3,4,4,4,3,4,3,3,3,4,3,4,4,3,2,2,2,2,2,2,2,2,2,2,1,3,3,3,2,6,7,6,7,3,7,7,5,6,1,58,2,2,6,1,40,0,0,3500,615501,대화 시설 점포 형성,인문계
32508,2,2,3,4,1,0,1,0,2,2,3,4,3,4,2,2,4,6,2,4,3,4,1,0,3,4,3,4,1,0,2,2,1,0,1,0,1,0,3,4,3,4,4,5,3,4,1,0,1,0,2,2,3,4,1,0,3,4,3,4,3,4,3,4,3,4,3,4,3,4,4,6,1,0,3,4,2,2,3,4,3,4,3,4,4,4,5,7,4,4,3,3,2,3,4,3,2,3,2,3,3,19,1,2,1,1,3,2,2,4,3,2,4,4,4,4,9,9,4,4,2,3,3,4,4,4,2,1,3,3,4,4,3,3,3,3,4,5,4,4,3,4,2,2,2,2,2,2,2,2,2,2,3,2,2,2,2,2,5,8,2,8,3,2,8,3,1,58,2,2,5,1,50,0,0,5000,885101,악기조율사 악기수리시 안전교육 상황,인문고 이
32509,5,6,5,6,4,6,5,7,4,5,3,4,5,5,3,3,4,7,4,4,4,4,4,5,5,5,5,5,5,6,3,6,4,4,4,5,4,4,5,5,3,3,4,4,5,6,2,2,4,4,3,3,3,3,1,0,2,1,2,2,2,2,4,4,1,0,4,4,1,0,2,1,3,2,3,3,4,3,4,4,4,4,2,2,5,6,4,5,5,3,4,4,4,5,3,4,3,4,3,3,3,10,1,2,1,1,2,2,5,5,4,4,3,5,4,3,3,4,4,4,2,4,4,3,4,4,3,3,5,4,4,4,4,3,4,5,4,4,4,5,5,4,2,2,2,2,2,2,2,2,2,1,3,3,3,3,2,4,3,3,7,5,5,4,5,6,1,34,4,1,1,1,40,3800,3200,0,416301,한국사 업무에 필요한 직무교육 지역 방송 방송 채널,국어국문학
32510,4,5,4,5,4,5,4,5,4,6,4,6,4,5,4,6,4,6,4,6,5,5,4,6,4,5,4,5,3,5,4,5,4,5,4,5,4,5,4,5,4,5,4,5,5,5,4,6,4,5,4,5,4,6,4,5,4,6,4,6,4,6,4,6,4,5,4,6,4,6,4,6,4,6,4,5,5,6,3,4,4,5,4,5,3,5,3,4,3,3,4,3,3,2,3,4,4,3,4,4,4,18,4,2,2,2,0,7,2,4,3,3,4,4,3,4,9,4,4,4,2,4,4,4,3,3,4,4,4,3,4,4,3,3,3,4,4,4,3,3,3,3,2,2,2,2,2,2,2,2,2,1,3,2,2,2,1,8,7,7,7,7,7,8,7,7,1,31,2,2,6,1,40,0,0,5400,416201,기계 대체 불가,방송연예
32511,2,3,2,4,2,2,3,3,3,3,2,3,3,4,3,3,4,3,4,5,4,4,4,4,3,4,4,3,4,4,3,4,3,4,3,4,4,5,4,3,3,3,2,3,3,3,4,3,2,2,2,2,3,3,1,0,2,2,2,2,1,0,1,0,1,0,1,0,1,0,1,0,2,2,4,5,4,5,3,4,4,5,4,5,2,2,2,2,3,3,3,2,3,2,2,3,4,4,4,3,4,18,1,1,1,2,0,3,4,3,2,3,2,4,4,2,2,3,3,2,3,2,2,3,4,4,3,4,4,2,3,3,3,3,2,2,3,3,2,3,2,4,2,2,2,2,2,2,2,2,2,1,4,2,2,2,1,6,6,7,7,7,6,5,6,5,1,31,3,1,1,1,48,3200,1800,0,420401,생활체육지도자2급 갈수록 건강 관심 가짐,레저스포츠학
32512,2,4,4,6,3,4,4,5,1,0,1,0,3,4,3,3,3,2,3,4,4,5,4,5,3,4,4,5,5,6,4,5,3,5,3,4,4,5,2,3,4,5,1,0,3,3,1,0,1,0,2,1,1,0,2,3,2,3,2,3,1,0,1,0,3,4,1,0,1,0,1,0,4,5,3,4,3,4,3,3,3,2,3,3,3,3,2,4,4,5,3,2,3,2,3,4,2,3,3,2,3,17,1,3,1,2,0,4,5,4,4,3,4,3,3,4,4,3,5,4,4,3,3,4,4,3,3,4,4,3,4,4,4,5,4,3,4,4,3,3,3,4,2,2,2,2,2,2,2,2,2,1,4,3,3,3,2,6,5,6,3,3,5,6,5,5,2,52,4,1,1,1,38,2740,2150,0,231101,사회복지사 심리 회복 시설 이용 증가,심리학
32513,5,5,3,4,3,5,4,4,5,5,4,5,2,2,4,5,4,5,3,4,4,4,4,5,5,5,4,5,5,5,3,4,3,4,3,3,2,2,3,4,4,4,4,5,1,0,1,0,1,0,1,0,3,3,3,3,1,0,2,2,3,4,2,3,3,4,3,5,3,3,3,3,3,3,3,3,3,3,2,2,1,0,1,0,4,4,1,0,4,4,2,4,5,4,4,3,4,3,5,4,4,3,1,4,2,2,0,1,5,4,4,3,3,4,4,3,3,3,4,3,3,3,4,4,3,3,4,2,4,3,1,4,4,3,4,4,4,4,3,4,3,4,2,2,2,2,2,2,2,2,2,2,2,3,3,3,1,6,5,4,5,4,4,4,3,4,1,44,4,1,1,1,40,4600,3400,0,26401,경기 침체 영향,법학
32514,3,3,3,3,2,2,3,3,3,3,3,4,2,2,3,3,2,2,1,0,2,2,2,2,3,3,3,3,3,3,2,2,3,3,3,4,2,2,3,3,3,3,3,3,3,4,2,2,1,0,1,0,1,0,1,0,1,0,1,0,2,2,2,2,2,2,1,0,1,0,1,0,3,2,2,2,1,0,2,2,2,2,2,2,2,2,2,2,4,4,3,4,4,2,3,3,2,3,3,3,3,11,1,6,1,2,0,3,5,3,3,4,4,4,4,4,3,3,4,4,3,3,4,3,3,4,3,3,3,3,3,3,3,3,4,4,4,4,4,3,3,3,2,2,2,2,2,2,2,2,2,2,4,2,2,2,1,6,6,5,5,6,6,6,5,5,1,43,4,1,1,1,50,4800,3000,0,31501,손해사정사 보험 가입자 증가,금융보험학
32515,3,3,3,4,3,4,4,5,1,0,3,4,3,3,2,3,3,4,1,0,2,3,2,3,2,3,2,3,2,3,2,3,2,3,2,3,2,3,2,3,2,3,1,0,2,3,1,0,1,0,2,3,1,0,1,0,1,0,1,0,1,0,1,0,1,0,1,0,1,0,1,0,1,0,1,0,1,0,3,4,1,0,1,0,2,2,2,2,4,2,3,3,3,3,3,4,2,3,3,2,3,13,1,3,2,2,0,4,2,4,3,3,4,3,3,4,3,3,3,3,3,2,3,2,3,2,3,3,4,4,3,4,3,4,3,3,3,3,3,4,3,3,2,2,2,2,2,2,2,2,2,1,4,3,3,3,2,7,7,6,4,3,4,6,4,7,2,42,4,1,1,1,50,4800,3000,0,416301,매체 증가,연극영화
32516,2,2,4,5,2,2,4,4,4,4,4,5,5,5,4,4,5,5,5,5,4,5,4,4,5,5,4,5,4,4,4,5,4,5,5,5,4,5,4,5,5,5,5,5,4,4,4,4,5,5,5,5,4,5,4,5,5,5,4,5,5,6,4,4,3,4,4,4,5,4,4,4,4,4,4,4,4,4,3,4,4,4,2,3,3,3,4,4,5,4,4,3,5,3,3,3,3,4,5,3,4,10,1,4,1,1,3,3,4,4,3,4,4,4,4,3,4,3,4,4,3,4,3,4,3,3,4,2,3,4,4,4,3,4,5,4,3,4,3,4,4,4,2,2,2,2,2,2,2,2,2,2,2,3,1,3,2,8,8,8,7,8,8,7,8,8,1,51,4,1,1,1,45,7000,3500,0,134302,전산관리회계자격증 새로운 시스템 개발로 인한 적응 지금 자동차 기술 발전,전자공학
32517,3,2,4,3,1,0,2,1,3,2,3,2,1,0,4,2,4,2,4,4,2,2,4,4,5,5,4,3,2,2,4,4,1,0,1,0,3,6,1,0,2,2,5,6,2,2,1,0,4,5,1,0,2,2,1,0,1,0,1,0,1,0,1,0,1,0,2,2,1,0,1,0,4,4,4,5,2,2,4,3,3,5,1,0,5,6,3,5,2,2,3,3,4,3,4,2,3,2,2,2,1,3,1,4,2,2,0,5,2,4,2,2,2,3,2,3,4,4,4,4,4,2,1,2,2,2,2,1,1,5,3,4,3,3,3,3,3,4,3,2,3,3,2,2,2,2,2,2,2,2,2,1,3,3,3,3,2,7,7,8,3,8,8,8,2,5,1,37,4,1,1,1,48,3700,3000,0,872301,흡연 인구,식품영양학
32518,1,0,3,4,1,0,2,2,1,0,1,0,2,2,2,3,2,3,1,0,1,0,1,0,3,4,4,5,1,0,3,3,1,0,1,0,2,2,3,4,3,4,3,4,3,4,1,0,2,2,2,2,1,0,1,0,1,0,1,0,1,0,1,0,1,0,1,0,1,0,1,0,1,0,2,2,2,3,3,3,3,3,3,4,2,2,2,1,3,2,3,2,2,3,2,3,2,2,3,2,3,9,1,1,1,2,0,3,2,3,4,3,4,3,2,3,9,4,4,4,2,3,3,3,4,4,3,2,3,2,5,3,3,3,3,3,3,4,4,4,3,4,2,2,2,2,2,2,2,2,2,2,2,2,2,3,1,7,8,6,4,4,5,3,2,5,2,29,3,1,1,1,56,2600,2200,0,531101,조리기능사 침체 직종,식품조리
32519,3,3,3,3,2,3,3,3,2,1,3,4,1,0,2,1,2,1,2,3,3,1,3,4,3,4,2,1,3,2,2,1,1,0,1,0,3,3,3,2,3,2,1,0,3,2,2,2,2,1,2,1,3,1,1,0,4,5,5,5,1,0,5,4,5,4,5,5,5,4,5,4,2,1,5,4,4,4,2,1,4,5,4,4,4,4,4,5,2,4,3,3,4,1,3,4,2,4,3,4,2,19,4,1,1,1,1,6,4,2,2,2,4,4,1,3,9,9,9,4,2,4,3,2,4,4,4,4,4,4,2,4,2,4,4,4,4,4,4,3,4,4,2,2,2,2,2,2,2,2,2,2,2,3,3,3,2,8,8,8,5,5,5,5,5,5,1,57,2,2,6,1,40,0,0,3500,811901,농기계정비사 신제품 출시시 필요 농업 시장 축소 때문,문과
32520,4,6,3,5,4,5,1,0,1,0,3,4,4,5,4,6,4,6,3,4,1,0,3,4,4,6,4,6,3,5,3,4,2,2,1,0,4,5,1,0,1,0,1,0,1,0,5,7,3,4,3,4,2,2,3,4,1,0,1,0,3,4,1,0,1,0,1,0,1,0,1,0,1,0,3,4,4,6,1,0,4,6,3,3,4,5,3,3,4,3,3,3,4,3,4,3,2,4,4,4,3,15,2,6,1,1,3,6,6,3,3,3,4,4,3,3,3,3,3,3,2,4,4,3,2,2,2,1,4,4,5,4,4,4,4,4,3,3,2,2,4,4,2,1,2,2,2,2,2,2,2,1,3,3,3,3,1,5,4,3,4,3,4,7,5,3,2,41,6,1,1,1,40,4000,3000,0,413202,기술자자격증 직무교육 기록물 보관 편집 프로그램 도입 기계 분야 기계화 우려,문헌정보
32521,2,3,3,4,2,3,3,4,3,4,4,5,3,4,4,5,4,5,3,4,4,5,3,4,3,4,4,6,4,6,3,4,4,6,4,6,4,5,3,5,4,5,4,5,3,4,3,4,3,4,4,5,1,0,1,0,1,0,1,0,3,5,1,0,1,0,1,0,1,0,1,0,3,4,1,0,1,0,1,0,1,0,1,0,2,3,2,2,3,3,3,4,4,4,4,3,3,4,4,3,3,8,1,4,1,1,5,6,5,3,4,4,4,4,4,4,4,4,4,4,2,4,4,3,3,3,3,4,4,4,4,4,4,4,5,4,4,5,4,4,5,4,2,2,2,2,2,2,2,2,2,2,3,2,2,2,1,3,3,3,4,4,3,3,3,4,1,47,4,1,1,1,40,5500,2000,0,15201,운전면허 업무파락 실습 수요,경영학
32522,4,6,3,5,3,5,3,5,2,3,4,6,1,0,3,4,2,4,1,0,4,4,2,3,3,3,4,4,1,0,1,0,1,0,1,0,3,2,2,3,2,3,3,5,3,3,3,4,1,0,1,0,1,0,1,0,1,0,1,0,3,4,1,0,1,0,1,0,1,0,1,0,1,0,1,0,1,0,2,1,3,3,2,1,3,5,3,3,1,2,2,3,3,2,5,2,2,4,4,4,2,15,2,4,1,1,1,7,2,4,3,3,4,4,2,2,3,2,3,3,2,4,2,1,2,2,3,3,4,5,2,4,2,3,4,4,4,4,4,3,4,4,2,2,2,2,2,2,2,2,2,1,3,1,1,1,2,3,4,4,6,6,5,5,3,3,2,30,4,1,1,1,43,2900,2100,0,25201,관세사 자격증 개정되는 습득 관세 행정 업무 사람,행정학
32523,4,6,4,6,2,2,4,5,4,6,4,4,4,5,4,4,4,4,3,4,4,5,4,5,4,5,4,5,4,5,4,5,4,6,4,5,4,6,4,5,4,5,4,5,4,6,4,5,3,5,3,5,4,5,4,6,4,4,3,4,3,4,4,5,3,4,3,4,3,4,3,5,4,5,4,5,3,4,4,5,3,3,3,4,4,6,4,6,4,4,3,3,4,3,3,4,3,4,3,3,3,6,1,2,1,2,0,6,5,3,3,2,4,4,2,4,5,4,5,4,3,4,4,4,4,4,3,4,4,4,4,4,4,4,3,4,4,5,4,3,4,3,1,1,1,1,1,1,1,1,1,2,3,2,2,2,1,7,7,8,7,6,7,4,3,4,1,52,4,1,1,1,40,4000,3000,0,140304,토목구조기술사 안전관리선임대장 기술 도입 재교육 상황 유지,토목공학
32524,4,6,3,5,5,7,3,5,1,0,5,6,1,0,3,5,2,4,1,0,2,4,3,5,5,5,2,4,1,0,2,4,3,5,3,5,4,5,4,5,3,4,2,3,2,3,2,4,2,4,3,4,1,0,1,0,1,0,1,0,2,4,1,0,3,5,2,3,1,0,1,0,2,4,1,0,1,0,1,0,1,0,1,0,2,4,1,0,5,4,3,3,5,4,5,1,4,3,5,4,5,15,2,1,1,2,0,6,5,5,3,3,5,4,4,3,9,9,4,4,2,5,4,3,4,2,3,3,5,5,3,4,3,3,3,3,3,5,4,2,5,3,2,2,2,2,2,2,2,2,2,2,2,3,3,3,2,7,6,5,3,2,3,5,7,6,2,30,4,1,1,1,45,3000,2200,0,29903,행정사 자격증 자동화 일자리 감소,국문
32525,2,3,2,4,1,0,3,5,1,0,2,4,2,3,4,4,3,3,4,4,1,0,2,4,4,3,3,4,1,0,2,3,2,3,1,0,2,4,1,0,2,4,2,2,4,4,1,0,1,0,3,4,2,4,1,0,3,5,3,4,2,4,2,4,3,5,4,5,3,3,3,4,2,3,4,5,4,4,3,5,4,4,4,6,3,4,4,5,2,3,2,4,3,2,3,4,2,2,4,2,4,10,1,4,1,2,0,2,5,2,4,4,3,4,4,5,3,4,4,4,2,4,3,4,5,4,3,3,4,4,3,4,4,5,3,2,4,3,4,4,4,4,2,1,1,2,2,2,2,2,2,1,2,3,3,3,2,6,7,5,3,3,4,4,7,4,1,49,4,1,2,2,47,5300,2300,0,416601,방송통신기능사 시스템 개발 채용 인원 한정,정보미디어학
32526,3,4,3,5,2,4,2,4,2,4,2,3,2,4,3,5,2,4,3,4,2,4,2,4,3,4,2,4,3,4,3,4,2,3,2,3,2,3,3,4,3,5,2,4,3,4,2,3,2,4,2,4,3,5,2,3,3,4,4,5,2,4,3,5,4,5,3,4,2,4,2,4,2,3,3,4,3,5,3,4,2,4,2,4,2,4,2,4,3,4,2,3,3,2,3,3,2,3,3,4,3,4,1,5,1,2,0,4,4,4,3,3,3,4,2,3,3,4,4,3,3,4,3,4,3,2,4,3,3,4,3,4,3,4,3,4,2,3,3,4,4,3,2,2,1,2,2,2,2,2,2,1,3,3,3,3,1,4,5,5,6,6,6,5,6,5,1,32,4,1,1,1,40,4000,3500,0,833001,전기산업기사 자동화 시설 도입 상황 유지,전기공학
32527,4,5,3,4,2,4,4,4,1,0,2,3,4,4,2,2,3,4,1,0,2,2,2,3,3,4,3,5,4,3,3,5,4,4,4,4,3,3,2,1,3,3,4,4,4,3,3,4,1,0,3,2,1,0,1,0,2,2,1,0,2,2,1,0,2,2,1,0,1,0,2,2,3,3,3,2,1,0,2,1,1,0,1,0,3,2,3,1,4,3,2,3,4,3,2,4,4,3,4,3,3,18,1,2,2,1,1,1,5,4,3,3,3,4,3,3,3,4,5,4,3,2,3,3,3,2,4,3,2,3,3,3,4,3,3,4,3,4,3,4,3,4,2,2,2,2,2,2,2,2,2,1,2,3,3,3,2,7,6,7,6,5,6,6,7,6,1,50,4,1,1,1,40,6800,3000,0,13601,직무교육 신문사 정이,신문방송학
32528,4,5,4,5,3,4,4,5,4,6,4,6,3,4,4,5,4,5,3,4,3,4,4,5,4,5,4,5,3,4,3,4,3,4,3,4,3,4,3,4,4,6,3,4,3,4,3,4,3,4,3,4,4,6,4,5,4,6,4,6,4,6,4,5,3,4,4,6,4,6,4,5,4,6,4,5,3,4,4,5,3,4,3,4,4,5,3,4,4,4,3,4,4,3,4,3,4,4,4,3,3,13,1,2,1,1,2,2,5,4,4,4,4,5,4,5,5,4,5,5,2,4,4,4,4,5,4,4,4,4,3,4,4,5,5,4,3,4,4,3,4,4,2,2,2,2,2,2,2,2,2,3,4,1,1,3,1,8,8,6,6,3,4,7,8,6,1,39,4,1,1,1,40,4800,4000,0,131202,전자응용기술사 정보통신산업기사 통신시스템 파악 정보통 기술 발달 소비자 요구 때문,전기공학
32529,3,4,2,4,5,5,4,5,2,3,2,3,5,6,4,5,5,6,2,3,3,4,4,5,3,4,4,5,4,4,3,4,3,5,4,5,4,4,3,3,3,4,3,4,3,5,4,3,3,3,2,3,1,0,1,0,1,0,1,0,4,5,1,0,1,0,1,0,1,0,1,0,1,0,5,4,1,0,2,3,2,4,3,4,2,2,2,3,4,3,5,2,3,1,4,4,2,3,3,3,4,18,4,1,2,1,4,7,1,4,3,3,4,4,1,2,9,9,4,3,2,3,3,2,4,4,4,3,4,3,2,4,3,4,3,4,4,4,4,3,4,4,2,1,2,2,2,2,2,2,2,3,2,2,2,2,2,1,3,3,4,3,6,3,1,4,2,39,4,1,4,1,70,2300,2000,0,414301,표준 계약서 작성 세법 노동법 스토리텔링 교육 만화 제작 기획 컴퓨터 소프트웨어 기술 발전 내용 이미지 효과 작업 질적 측면 향상 쇠퇴,미술학
32530,2,1,2,2,2,2,3,5,3,3,2,4,2,3,3,4,2,4,3,5,2,4,3,5,4,5,3,3,4,4,4,5,1,0,1,0,2,4,2,5,3,5,2,4,3,5,2,4,3,5,2,4,3,5,2,4,3,5,3,2,1,0,2,5,3,5,3,4,4,6,3,5,2,3,2,1,3,5,4,6,3,4,2,4,3,5,2,5,3,3,4,2,4,4,3,2,3,3,2,2,3,9,1,2,2,2,0,1,1,2,3,4,3,2,3,3,2,3,2,3,3,4,3,2,3,4,2,3,2,4,2,4,3,2,2,3,2,4,4,3,3,2,2,2,2,2,1,2,1,1,2,3,2,2,2,2,1,3,4,7,2,2,6,3,6,2,2,46,2,1,1,1,40,2500,2200,0,532201,작업 환경 구성 변화 업무 경제 어려움 일자리 감소,문과
32531,4,3,3,4,2,3,4,5,2,3,2,2,2,2,2,3,2,3,1,0,2,3,3,5,3,3,3,3,2,3,3,4,3,5,4,5,3,5,3,5,4,4,3,5,3,4,2,3,3,4,4,5,2,3,1,0,2,3,1,0,3,4,2,3,1,0,3,4,1,0,1,0,3,3,2,3,2,2,1,0,2,3,2,2,3,4,2,3,5,4,2,3,4,2,2,5,4,3,4,3,3,19,3,2,2,2,0,6,5,5,5,4,5,5,4,2,2,3,4,3,1,5,5,1,1,2,2,2,4,5,2,4,3,2,2,2,2,4,4,3,4,5,2,2,2,2,2,2,2,2,2,1,4,3,2,3,2,4,5,4,5,4,5,8,2,3,1,42,4,1,1,1,40,4000,2600,0,231501,이분 전문가 필요,사회복지학
32532,3,5,4,4,1,0,4,4,1,0,3,4,4,4,3,6,3,4,4,4,4,5,3,5,4,4,2,5,4,5,4,4,1,0,3,3,4,4,4,5,3,5,4,4,4,5,3,5,4,7,3,3,3,4,4,4,4,4,3,4,4,4,3,3,4,5,4,4,4,4,4,4,4,5,3,5,4,4,4,4,4,3,3,4,4,4,4,2,4,3,3,2,4,3,3,3,4,3,4,5,3,14,1,2,1,2,0,3,2,4,3,3,3,4,3,4,3,4,4,4,3,4,4,3,4,4,3,4,5,4,4,4,4,3,3,2,3,4,4,3,4,4,2,2,2,2,2,2,2,2,2,2,3,2,1,2,1,7,3,4,7,6,7,7,3,5,1,49,2,1,1,1,40,3800,2800,0,811401,공조기운전원 수요 일자리 변동 예상,기계
32533,5,5,5,5,5,5,5,6,5,5,5,7,5,7,5,4,5,4,5,5,5,7,5,3,5,7,5,7,5,3,5,4,5,7,5,5,5,5,5,3,5,4,5,5,5,5,5,5,5,5,5,4,5,6,5,7,5,3,5,4,5,4,5,7,5,5,4,4,5,5,5,4,5,5,5,5,5,5,5,2,5,3,5,3,5,3,5,5,5,4,4,3,4,3,4,3,3,4,4,5,4,11,1,2,1,1,4,3,6,4,5,4,5,5,4,4,4,5,5,4,1,5,5,5,5,4,4,4,5,2,2,5,4,5,3,4,5,5,5,4,5,4,2,2,2,1,2,2,1,1,1,2,1,3,1,2,1,7,5,5,4,3,5,7,8,5,2,51,5,1,1,1,45,12000,3000,0,31102,회계사 금융 연수 회계 업무 실행 규정 로봇 자동화 대체 가능 인력 감축,회계학
32534,1,0,2,1,1,0,1,0,1,0,1,0,1,0,3,3,2,2,4,5,1,0,1,0,2,2,1,0,1,0,4,3,1,0,1,0,1,0,4,3,1,0,2,2,4,3,1,0,4,2,1,0,1,0,1,0,4,4,1,0,1,0,3,2,2,2,4,3,3,3,2,2,1,0,3,2,3,2,4,3,3,5,3,4,3,3,1,0,4,2,3,2,3,1,2,5,5,5,5,5,5,1,4,1,1,2,0,2,2,4,3,5,5,4,4,2,9,9,9,4,2,3,2,4,3,3,5,2,4,4,4,3,3,5,4,4,3,5,4,3,3,5,2,2,2,2,2,2,2,2,2,2,3,3,3,3,2,7,4,5,6,6,3,5,3,7,1,43,2,2,6,1,40,0,0,2500,904201,소형선박조종면허 수산업 어려움 현재 유지됨,문과
32535,5,6,4,6,4,5,4,6,2,2,2,3,2,2,3,4,3,5,4,5,4,5,3,3,4,4,3,4,4,6,3,3,4,4,3,3,2,2,3,4,3,3,4,5,4,5,1,0,1,0,1,0,1,0,1,0,1,0,2,3,3,3,2,2,2,4,2,2,2,3,1,0,1,0,2,2,2,3,3,5,2,2,2,2,3,3,2,2,4,4,3,4,4,2,3,4,3,4,4,3,4,13,3,3,2,2,0,2,5,4,3,4,5,4,4,2,3,3,4,3,2,4,3,2,2,3,3,1,3,4,1,5,4,4,4,5,4,5,4,3,4,2,2,2,2,2,2,2,2,2,2,2,2,1,1,3,1,4,6,6,5,4,4,4,5,4,2,29,4,1,3,2,40,3200,3000,0,412001,인터넷 발달 영향,신문방송
32536,2,2,2,2,1,0,1,0,1,0,1,0,1,0,1,0,5,6,4,6,1,0,1,0,4,5,5,7,1,0,4,5,1,0,1,0,1,0,4,4,4,5,4,5,4,5,5,7,5,6,1,0,3,3,1,0,5,6,4,5,5,6,5,7,4,6,5,6,5,7,5,7,1,0,2,2,4,5,3,4,5,6,1,0,3,3,4,5,4,4,3,3,3,1,5,3,2,3,4,3,4,1,1,2,1,1,1,7,2,4,5,4,5,4,3,4,4,4,4,4,3,4,5,4,4,5,2,3,4,4,3,4,4,4,4,3,5,5,5,4,4,4,2,2,2,2,2,2,2,2,2,1,3,3,3,3,2,3,5,5,7,5,3,5,5,5,1,40,2,1,1,1,48,3000,2500,0,902101,축산기사 현장 적응을 위해서 필요하다 젖소 사육 낙농 생산 인간 기계 로봇 대신,이과
32537,2,4,3,4,2,4,3,4,2,4,2,4,1,0,2,4,4,5,2,3,1,0,4,5,4,6,2,3,4,5,2,3,3,4,3,4,1,0,2,3,2,4,2,3,4,5,1,0,1,0,1,0,2,3,1,0,2,3,1,0,2,4,1,0,2,4,1,0,1,0,1,0,1,0,4,6,3,5,1,0,1,0,1,0,4,5,2,3,4,3,3,4,3,3,3,3,4,3,3,3,3,17,1,2,1,2,0,7,5,5,3,3,4,4,4,4,3,3,4,3,2,3,4,4,3,3,4,3,3,4,3,3,3,4,5,5,4,3,3,3,3,3,2,2,2,2,2,2,2,2,2,1,4,2,2,3,2,6,5,7,3,5,6,4,5,6,1,40,5,2,5,1,42,0,0,8345,301111,의사 요구,의학
32538,5,6,4,6,2,3,5,7,5,7,3,4,5,7,5,7,5,7,4,6,4,5,2,3,5,6,4,6,3,4,4,6,3,4,3,4,3,4,2,2,3,4,4,5,3,4,1,0,1,0,1,0,1,0,1,0,1,0,1,0,1,0,1,0,1,0,1,0,1,0,1,0,1,0,5,6,3,4,4,5,5,6,5,6,5,6,4,5,4,3,3,2,3,1,4,4,3,3,3,3,4,18,4,1,1,2,0,7,1,3,3,3,4,4,3,2,9,9,9,2,2,4,4,3,4,4,5,3,5,4,3,4,4,3,3,2,4,4,5,3,4,2,1,1,1,2,2,2,2,2,2,2,4,2,2,2,1,7,6,4,4,1,3,8,7,1,1,35,4,1,4,2,20,1000,500,0,416203,필라테스자격증 기계 장비 기능 확장 탄력 운영 컴퓨터 기능 확장 무대 장치 실감 생동감 공연 전체 분위기 관중 배우 몰입 분위기 창조 대중문화 욕구 계속 증가 연극 수요 증가,신문방송학
32539,2,2,3,5,1,0,3,4,1,0,1,0,1,0,4,4,3,4,3,3,3,4,5,4,3,4,2,3,1,0,2,3,2,3,1,0,2,3,2,3,2,3,5,5,4,4,4,5,4,5,3,4,3,4,1,0,5,5,4,4,1,0,4,4,4,4,3,4,4,5,4,5,2,3,4,4,5,5,4,5,5,6,4,4,5,5,2,3,4,2,3,3,2,2,2,5,2,3,2,3,4,1,1,1,2,2,0,3,1,3,2,2,3,2,2,3,1,3,3,3,2,4,3,3,3,4,3,4,4,4,3,5,3,3,4,4,5,5,4,2,4,4,2,2,2,2,2,2,2,2,2,2,2,3,3,3,2,5,6,5,6,7,6,6,4,4,1,26,2,1,3,2,48,2500,2000,0,904101,수입품 가격 경쟁력,인문계
32540,1,0,2,3,1,0,1,0,1,0,1,0,1,0,1,0,1,0,1,0,1,0,1,0,2,1,1,0,1,0,1,0,1,0,1,0,1,0,3,4,1,0,1,0,1,0,1,0,1,0,1,0,2,1,3,3,4,5,4,5,3,3,2,3,3,3,4,4,4,5,3,3,1,0,4,5,3,3,2,2,3,3,2,3,2,2,1,0,2,2,4,3,2,4,3,2,2,3,2,2,4,19,1,2,2,2,0,7,5,2,2,2,3,2,2,2,9,9,9,2,2,4,3,4,4,4,4,2,4,4,4,3,3,2,1,1,3,3,2,2,5,3,2,2,2,2,2,2,2,2,2,2,2,2,2,2,1,6,6,6,5,3,4,5,5,5,1,43,4,1,1,1,40,3500,2400,0,842301,간편,전자공학
32541,3,3,3,3,3,3,4,4,5,5,4,4,4,5,3,4,4,5,3,4,4,4,2,3,2,3,3,5,3,4,4,4,2,4,3,3,4,5,4,4,4,4,3,4,3,3,3,4,2,4,4,4,4,4,4,5,3,3,3,4,4,4,4,4,3,4,3,4,4,5,4,5,3,4,4,4,2,3,2,3,1,0,3,4,3,3,2,3,4,4,4,4,4,5,4,4,4,5,4,4,3,13,1,4,2,1,3,3,4,3,3,3,4,4,4,4,4,4,4,4,1,4,4,5,5,4,4,5,4,4,4,4,4,4,4,5,5,5,4,5,5,5,2,2,2,2,1,2,2,2,2,2,3,3,3,2,1,1,2,2,5,3,4,4,3,4,1,43,4,1,1,1,50,4500,2800,0,133201,새로운 기술도입의 교육 기술 도입 조직개편 사람,컴퓨터공학
32542,3,4,4,5,3,4,4,5,2,3,3,4,1,0,3,4,2,3,3,4,3,4,4,4,3,4,3,4,2,4,3,4,1,0,1,0,2,3,1,0,4,4,3,4,3,3,1,0,3,3,1,0,2,3,3,4,4,5,4,5,1,0,1,0,4,4,4,5,4,5,4,5,1,0,3,4,3,4,3,4,4,6,4,5,3,3,3,3,1,2,2,2,2,1,1,2,2,3,2,3,2,3,1,2,1,2,0,3,2,2,2,2,3,2,2,2,3,3,4,3,4,2,2,3,3,4,3,4,3,4,2,5,3,4,4,5,4,4,3,3,4,4,2,2,2,2,2,2,2,2,2,1,3,3,2,2,2,6,7,6,7,5,4,6,4,5,1,51,3,1,1,1,54,3700,2600,0,703201,산업기사 산업 현장 일자리,기계설비학
32543,3,3,3,3,2,2,2,2,1,0,2,2,3,3,3,3,2,2,3,4,2,2,3,5,3,3,2,3,2,3,3,3,1,0,1,0,3,3,2,1,3,3,3,3,2,3,2,2,2,2,2,2,3,2,3,5,4,4,3,3,1,0,3,3,3,4,4,5,3,2,3,3,2,3,4,4,4,2,4,4,4,4,4,4,3,4,2,3,3,2,2,2,2,1,2,3,3,2,3,3,3,3,1,1,2,2,0,7,1,4,3,3,4,3,3,2,3,2,3,3,2,3,3,4,3,1,2,2,4,4,3,3,2,3,3,3,4,4,3,3,4,4,2,2,2,2,2,2,2,2,2,2,2,2,2,3,2,6,4,6,5,6,5,8,6,3,1,31,2,1,1,1,40,3600,2300,0,826201,건설 경기 갈수록 불황,인문계졸업
32544,4,5,4,5,4,5,4,5,3,5,3,5,3,4,3,5,3,5,3,5,3,5,3,5,3,5,3,5,4,5,4,5,2,4,2,4,3,4,3,5,4,5,3,5,4,6,3,5,2,2,2,1,3,2,1,0,1,0,1,0,4,5,2,4,3,4,1,0,1,0,1,0,3,5,2,4,2,4,4,5,3,4,2,3,4,4,3,3,4,3,2,3,3,3,4,4,3,3,3,4,3,15,2,5,2,2,0,3,5,3,4,4,3,3,4,3,3,2,4,4,3,3,3,4,3,3,2,3,4,4,3,4,3,4,4,3,3,4,3,3,4,4,2,2,2,2,2,2,2,2,2,2,2,2,3,3,2,5,5,6,5,6,6,5,6,6,1,41,4,1,1,1,30,6200,5500,0,21001,전산 화로 일자리 감소,행정
32545,4,4,5,6,2,2,4,4,4,5,3,3,2,2,5,7,5,7,5,6,5,6,5,5,5,6,5,6,5,6,5,6,2,2,2,2,5,6,5,7,5,6,5,6,5,7,2,2,5,6,5,6,5,6,5,6,5,6,5,6,4,4,5,6,5,5,5,6,5,6,5,6,5,5,5,6,5,6,5,7,5,6,4,5,5,7,5,6,4,4,5,4,4,2,4,2,3,3,4,3,3,8,1,2,1,1,1,5,2,4,3,3,4,3,3,3,2,3,4,3,3,4,4,3,4,4,4,3,4,4,4,4,4,5,4,5,4,5,4,5,5,5,2,2,2,2,2,2,2,2,2,2,2,3,3,3,2,7,6,6,3,3,4,6,5,4,1,59,2,1,1,1,40,4800,3000,0,622201,대형자동차 운종면허 1종 안전운행교육 자율 행차 인공 지능 로봇 도입,실업계고등학교(전산)
32546,4,4,4,5,4,6,4,6,1,0,5,5,1,0,4,4,3,5,1,0,1,0,4,6,4,4,5,5,5,4,3,3,3,5,1,0,5,5,1,0,4,4,1,0,3,5,1,0,1,0,1,0,1,0,1,0,1,0,1,0,1,0,1,0,1,0,1,0,1,0,1,0,1,0,1,0,1,0,1,0,3,5,3,3,2,4,2,4,4,4,2,2,3,3,2,3,3,3,4,4,5,16,5,2,1,2,0,7,5,3,3,3,3,3,2,3,2,2,3,3,4,3,3,4,2,3,2,1,2,4,4,5,3,3,4,2,3,5,2,3,5,4,2,2,2,2,2,2,2,2,2,3,2,2,2,2,1,5,5,3,4,3,4,7,5,5,1,31,4,1,1,1,40,2800,2400,0,214102,토익 인터넷 강의,영어영문학
32547,4,5,4,5,3,3,3,3,4,5,4,5,5,7,5,6,4,5,4,5,4,5,3,4,4,5,4,5,3,3,4,5,4,5,4,5,2,2,4,5,4,5,4,5,3,4,2,2,2,2,4,5,5,6,5,6,4,5,4,5,4,5,4,5,4,5,4,5,5,6,4,5,3,3,5,6,2,2,4,5,2,2,2,2,5,6,3,4,4,3,3,2,4,5,2,5,2,5,4,3,3,10,1,6,2,2,0,6,2,4,3,3,4,4,3,2,2,3,4,3,2,4,4,5,4,3,3,2,5,5,4,4,4,4,3,4,4,5,4,3,5,5,1,1,1,1,1,1,1,1,1,1,4,2,2,3,1,2,3,8,7,1,2,1,3,2,1,32,4,1,3,2,40,3500,2400,0,415503,기술 발달 현대인 취향 저격 가능,컴퓨터그래픽
32548,3,5,3,4,1,0,3,4,2,3,2,3,1,0,2,3,3,4,2,3,2,2,2,2,3,3,1,0,4,4,3,3,4,4,3,3,2,3,3,4,3,4,3,4,3,4,4,4,3,3,3,3,3,3,3,3,3,3,3,4,3,5,1,0,2,2,1,0,1,0,1,0,1,0,2,1,2,2,3,4,1,0,1,0,2,3,3,3,3,3,4,3,3,4,3,3,2,3,2,2,4,11,1,5,1,2,0,7,5,3,2,2,3,3,2,4,4,3,3,3,2,4,3,4,3,2,2,3,3,5,1,4,2,2,1,2,3,4,2,1,4,3,2,2,2,2,2,2,2,2,2,1,2,3,3,3,2,3,3,5,4,5,4,4,4,5,1,41,4,1,1,1,40,9000,4000,0,32201,증권투자상담사 전문거래상담사 FP 일반운용전문인력 인력 구조조정,경제학
32549,2,3,3,4,2,2,2,2,3,3,2,2,1,0,4,4,3,3,2,2,2,3,3,3,3,3,2,3,1,0,2,3,2,2,1,0,1,0,1,0,4,5,3,3,2,3,1,0,1,0,1,0,4,5,1,0,3,5,3,3,2,3,4,5,3,5,4,4,4,5,3,4,3,4,5,5,4,4,3,4,3,3,2,4,3,3,2,3,4,4,2,3,4,3,3,4,3,4,4,3,3,3,1,3,1,2,0,1,2,4,3,3,3,4,3,3,2,4,4,4,4,3,3,3,3,2,3,2,3,3,2,5,4,3,3,4,3,4,4,3,3,2,2,2,2,2,2,2,2,2,2,3,2,2,2,2,1,4,5,5,6,4,5,6,4,5,1,30,3,1,1,1,40,2800,2500,0,817201,기계조립 산업기사 경기 침체,기계공학
32550,3,5,3,5,3,5,3,5,3,5,3,4,3,4,3,5,3,5,3,5,3,5,3,5,3,5,3,5,3,5,3,5,3,5,3,5,3,5,3,5,3,5,3,5,3,4,3,5,3,5,3,5,3,5,3,5,3,5,3,5,3,5,3,5,3,5,3,5,3,5,3,5,3,5,3,5,3,5,3,5,3,5,3,5,3,5,3,5,3,3,3,3,3,2,3,4,3,3,4,3,3,15,2,4,2,1,2,7,5,4,4,4,4,4,4,3,3,3,3,3,3,3,3,3,3,3,3,3,3,3,3,3,3,3,3,3,3,3,3,3,3,3,2,2,2,2,2,2,2,2,2,3,3,3,3,3,2,3,3,3,3,3,3,3,3,3,1,40,4,1,1,1,50,5000,3000,0,240201,전바적인 안전교육 화재 구조 구급 현장 부족 인력 현장 수요 증가,경영
32551,4,5,3,5,3,4,4,5,4,5,3,4,3,4,3,4,2,3,1,0,1,0,3,4,3,4,4,5,2,3,3,4,3,4,4,5,4,5,3,4,3,4,2,3,3,4,3,4,3,5,4,6,3,5,2,3,3,4,4,5,3,4,3,4,4,5,4,5,4,6,4,5,3,4,2,3,3,4,3,4,2,3,2,3,3,4,2,3,4,4,1,3,4,3,4,3,4,3,4,4,3,3,1,2,2,2,0,3,2,4,3,4,4,4,4,4,4,3,4,4,2,4,4,3,4,3,4,4,5,4,4,4,5,4,3,5,5,5,4,3,5,4,2,2,2,2,2,2,2,2,2,2,3,2,2,3,2,8,6,5,2,2,3,8,5,3,1,54,3,1,1,1,40,4700,2400,0,861201,변동 직종,기계공학
32552,2,3,4,4,2,5,2,3,1,0,3,5,2,4,1,0,2,5,4,4,1,0,1,0,2,4,1,0,2,4,2,4,1,0,1,0,2,5,2,4,1,0,2,4,1,0,3,6,1,0,2,5,1,0,2,4,2,5,4,4,1,0,2,5,1,0,2,4,1,0,1,0,2,4,2,5,1,0,2,4,1,0,2,5,1,0,1,0,2,3,4,3,4,4,3,4,4,3,4,5,4,6,1,3,1,2,0,3,4,4,3,3,3,3,4,4,5,4,5,5,4,5,4,3,4,5,4,4,3,4,4,3,4,5,4,3,3,4,4,4,3,4,2,2,2,2,2,2,2,2,2,3,2,2,2,2,1,5,7,7,6,8,7,6,5,8,1,43,4,1,1,1,48,4800,3000,0,140306,건축시공기술사 자동화 시스템 발달,건축
32553,2,3,2,3,1,0,3,4,1,0,1,0,1,0,4,5,2,3,3,4,1,0,3,4,4,5,2,3,4,5,3,4,2,2,2,3,3,4,5,7,3,3,4,5,2,3,1,0,4,5,4,5,2,2,1,0,3,4,1,0,1,0,2,3,2,3,3,5,2,3,2,3,3,4,2,3,3,5,4,5,4,5,3,4,2,3,2,3,2,4,1,1,1,1,1,4,1,1,2,2,2,14,1,5,1,2,0,7,2,3,1,1,4,2,2,2,3,3,4,3,3,2,2,2,2,4,4,3,4,3,4,4,3,5,5,4,5,5,3,3,3,5,2,2,2,2,2,2,2,2,2,2,2,3,3,3,2,4,6,6,3,3,2,6,4,3,1,29,2,1,1,1,48,3800,2000,0,14301,경비지도사 무인 시스템 인건비 절감 일자리,인문계
32554,3,5,4,5,3,5,3,5,3,5,5,6,3,5,4,5,4,5,3,5,4,5,3,4,4,5,4,6,4,6,4,6,4,6,4,6,4,6,4,5,5,6,5,7,4,6,5,6,4,6,4,6,3,4,3,5,1,0,1,0,2,3,1,0,1,0,1,0,1,0,1,0,5,7,1,0,1,0,1,0,2,3,2,3,3,5,2,4,4,3,3,4,4,3,5,2,3,3,5,5,3,13,1,4,1,1,6,6,5,5,4,4,5,5,4,5,9,9,9,4,1,5,4,4,4,3,4,2,4,3,3,5,5,3,4,4,4,5,5,4,4,4,2,1,2,2,2,2,2,2,2,1,4,3,3,3,2,6,7,5,4,3,5,3,6,6,1,68,5,2,5,1,40,0,0,18000,11201,전기철도신호기술사 전기기사 전기설계 철도 신호 시스템 변화 시스템 개발 시스템 변화 인력 증가,전기
32555,4,6,4,7,3,4,3,4,1,0,4,5,3,4,4,4,3,3,3,3,4,5,4,5,1,0,5,6,4,6,5,6,4,6,5,5,4,5,4,5,4,5,4,4,3,4,1,0,1,0,5,5,1,0,1,0,1,0,1,0,3,4,1,0,1,0,1,0,1,0,1,0,4,6,1,0,1,0,1,0,1,0,3,4,3,3,3,3,5,4,2,5,5,3,4,3,3,4,5,4,5,17,3,5,2,2,0,6,5,4,4,4,4,4,4,4,9,9,9,4,4,4,3,4,4,5,4,4,3,4,4,4,5,4,4,3,4,5,4,3,4,2,2,2,2,2,2,2,2,2,2,2,4,3,2,2,2,7,3,4,2,4,5,5,4,6,1,57,6,2,5,1,50,0,0,9500,13401,노인 인구 증가,의학
32556,2,3,2,3,1,0,4,5,1,0,1,0,3,4,1,0,1,0,1,0,1,0,1,0,1,0,3,4,1,0,2,2,2,3,2,3,2,3,3,3,3,3,3,4,4,4,1,0,3,4,2,3,3,3,1,0,1,0,1,0,1,0,1,0,1,0,2,2,1,0,1,0,1,0,1,0,1,0,3,3,1,0,1,0,3,4,1,0,3,3,4,3,2,3,3,3,2,3,3,3,3,18,1,2,2,2,0,7,2,2,3,3,2,3,3,4,3,3,3,3,3,2,4,3,4,3,3,4,3,3,3,2,3,3,4,3,2,3,3,3,3,3,2,2,2,2,2,2,2,2,2,4,1,2,2,2,1,8,7,6,3,4,5,7,3,3,2,25,3,1,3,2,20,1700,1000,0,617101,판촉 행사 필요성 감소,모델학
32557,5,6,5,6,4,6,4,6,4,5,5,6,4,5,3,5,4,6,4,6,5,7,5,6,5,6,5,7,4,6,5,7,5,7,5,7,4,5,3,5,5,7,4,5,4,4,1,0,1,0,5,7,1,0,1,0,1,0,1,0,2,3,1,0,1,0,1,0,1,0,1,0,1,0,1,0,1,0,1,0,1,0,1,0,1,0,1,0,4,4,2,3,4,2,3,5,3,4,5,5,3,15,2,6,2,2,0,7,6,4,4,5,4,4,3,4,4,4,4,4,1,4,4,3,4,5,4,3,4,4,3,5,5,5,3,5,5,5,4,2,4,3,2,2,2,2,2,2,2,2,2,1,3,1,1,1,1,1,3,3,2,3,2,9,5,2,1,52,6,1,1,1,40,8400,8000,0,11102,고급 행정 업무 수요 지속,경제학
32558,5,6,5,6,4,5,3,5,4,6,4,6,4,6,3,5,4,6,3,5,4,6,3,5,3,5,3,3,3,3,3,3,3,5,3,3,3,4,3,5,4,5,3,5,3,5,2,2,3,3,3,2,4,6,3,5,3,5,3,5,3,4,5,5,4,5,3,3,1,0,2,3,1,0,4,5,3,4,3,4,2,3,2,2,4,4,4,4,4,4,3,4,5,3,4,3,2,4,4,4,3,13,2,5,2,2,0,2,6,5,4,4,5,4,4,4,3,3,5,4,1,4,4,3,4,3,5,4,4,4,4,4,3,4,5,3,4,3,5,4,3,3,2,2,2,2,2,2,2,2,2,2,4,3,3,3,2,7,4,5,7,5,7,4,7,6,1,37,6,1,1,1,40,4300,3800,0,121102,화학 분야 개척 화학 융합 분야 활성화 고용 증가,화학공학
32559,2,2,2,2,2,2,2,2,2,2,2,2,2,1,2,2,3,2,2,2,2,2,1,0,2,2,3,4,3,3,2,2,2,2,2,2,2,2,2,2,3,2,3,3,2,2,2,2,2,2,2,3,2,2,2,2,2,2,2,2,2,2,3,2,2,2,3,3,3,3,2,2,2,2,2,2,2,2,2,2,2,4,3,2,2,2,2,2,4,3,3,2,4,3,4,2,1,3,2,2,2,1,1,2,2,2,0,7,2,2,2,2,4,3,2,2,9,9,2,2,2,2,2,4,5,4,5,4,3,4,3,5,4,4,4,4,5,4,4,3,4,3,2,2,2,2,2,2,2,2,2,2,2,2,2,2,2,7,5,6,4,5,6,5,6,5,1,65,2,2,5,1,45,0,0,6000,904101,업무 육체,상고
32560,4,6,4,7,4,4,3,4,1,0,3,4,3,4,4,6,3,3,3,3,4,4,3,5,1,0,3,5,3,5,5,5,3,5,3,5,3,5,3,4,4,4,3,5,3,3,1,0,1,0,3,5,1,0,1,0,1,0,1,0,3,4,1,0,1,0,1,0,1,0,1,0,5,5,1,0,1,0,1,0,1,0,2,2,3,3,2,3,4,5,3,5,4,3,4,3,4,4,4,5,4,17,3,5,2,2,0,6,5,4,4,4,4,3,4,5,4,5,4,5,4,4,4,4,4,3,4,4,3,4,4,4,4,3,4,4,5,4,4,4,5,3,2,2,2,2,2,2,2,2,2,1,4,3,3,3,2,3,4,6,6,6,7,3,5,6,1,53,6,1,1,1,40,8500,7000,0,13401,노인 인구 증가,의학
32561,4,5,4,5,3,4,4,5,4,5,4,5,4,6,3,4,4,5,4,5,4,5,4,5,3,4,4,6,4,5,4,5,4,5,3,4,3,4,4,4,3,4,4,5,4,5,3,3,3,3,4,4,4,5,3,4,3,4,3,4,3,4,3,3,3,3,3,4,2,2,2,2,2,2,4,5,3,4,4,5,4,5,3,4,4,5,4,4,3,4,2,2,3,2,3,4,3,3,3,3,3,16,5,2,1,1,3,7,4,3,3,3,4,4,3,3,3,3,2,3,3,3,3,3,4,3,2,3,3,3,3,3,4,3,2,3,4,4,3,3,3,3,2,2,2,2,2,2,2,2,2,1,2,2,2,2,1,8,7,8,4,3,2,8,3,2,2,25,3,1,1,1,50,2700,2400,0,213001,유지원2급정교사 유치원 유아 교육 훈련 유아 인구 감소,유아교육
32562,3,4,3,4,2,2,3,4,2,2,3,3,2,1,2,2,2,2,2,1,2,1,2,3,3,3,2,2,3,4,3,4,3,4,3,4,3,3,3,4,3,4,3,4,3,4,3,4,3,4,3,4,2,3,3,3,3,4,3,4,2,1,2,3,3,4,3,4,3,4,3,3,2,2,3,4,3,3,2,2,3,4,3,3,2,2,2,1,3,3,2,3,3,2,2,3,2,2,3,2,2,13,1,1,2,2,0,4,2,3,3,2,3,3,3,3,3,3,3,3,2,3,3,3,2,3,4,3,4,2,4,3,2,3,3,3,3,3,2,3,3,3,2,2,2,2,2,2,2,2,2,2,2,3,3,3,1,6,6,6,5,5,4,5,5,4,2,35,4,1,1,1,50,3400,2800,0,702501,공란,실내디자인
32563,2,4,2,3,2,3,4,5,3,5,3,5,3,4,3,5,3,4,2,3,2,3,3,5,3,4,2,3,2,3,3,4,3,5,3,5,2,3,3,3,3,5,3,4,4,6,3,4,3,3,3,4,4,5,4,5,3,4,4,5,3,4,3,5,3,5,4,5,4,6,4,6,2,3,4,5,4,5,3,4,3,3,3,4,4,5,3,5,2,3,2,3,2,4,3,2,4,3,2,3,3,13,1,2,1,2,0,3,4,3,3,2,3,3,4,3,3,4,4,4,4,3,3,4,3,3,4,2,3,4,3,4,3,3,4,4,5,4,3,4,4,4,2,2,2,2,2,2,1,1,1,3,2,1,1,3,1,7,6,4,5,6,5,3,5,6,1,32,4,1,1,1,40,3600,2800,0,153106,전기기사 전기산업기사 올해 산업 전망 코로나 인력 감소 전력 설비 자동화 인력 감소,전기정보공학
32564,3,4,4,5,3,3,2,3,3,4,1,0,4,5,3,4,4,4,4,5,4,4,3,4,4,5,4,6,1,0,3,3,3,4,3,5,1,0,2,4,4,4,4,4,2,3,1,0,1,0,1,0,4,5,2,2,3,4,4,4,4,5,4,4,5,5,4,5,4,4,3,3,3,3,3,5,3,3,2,3,2,2,2,2,4,5,3,4,5,4,3,3,4,3,3,5,4,4,5,4,4,18,1,4,1,2,0,1,4,4,4,3,2,4,4,4,3,4,5,5,2,4,4,3,3,2,3,2,2,3,1,4,4,5,4,4,3,4,3,4,4,3,2,2,2,2,2,2,2,2,2,1,4,1,1,3,1,6,5,4,3,4,3,7,4,4,1,41,4,1,3,2,40,3000,2500,0,416601,방송통신산업기사 컨텐츠 다양 방송 사업 영역 확장 영향,연출학
32565,4,4,4,4,4,5,3,5,4,5,4,4,2,3,4,4,3,3,4,4,3,5,3,5,3,3,3,4,4,4,4,4,4,4,3,5,3,3,3,5,4,4,5,5,4,5,3,4,3,4,3,4,4,4,3,4,4,4,3,4,4,5,3,4,3,4,3,4,3,4,3,3,3,4,3,4,2,3,2,3,3,4,2,4,2,3,3,3,4,3,4,4,4,3,4,3,3,3,4,3,3,11,1,2,1,1,2,6,5,4,3,3,3,5,4,4,3,3,4,4,4,4,3,4,4,3,3,3,3,4,5,3,3,3,4,3,3,5,4,4,4,3,2,2,2,2,2,2,2,2,2,1,4,3,2,3,2,9,8,8,3,2,4,6,5,5,1,35,3,1,1,1,46,3700,3000,0,420402,스포츠 지도자 없다 개인기량에 따른 운동량 진단 식이요법 관리 부상 방지 재활 스포츠 트레이너 역활 강조,사회체육
32566,4,5,5,5,4,5,4,5,5,5,4,5,3,4,3,4,4,4,4,5,3,5,4,5,3,5,4,5,4,5,3,4,4,5,3,5,4,5,5,5,4,6,4,5,4,5,4,5,4,5,5,6,3,5,1,0,1,0,2,2,2,3,4,5,4,4,2,3,1,0,3,4,5,5,3,4,3,4,5,5,3,4,2,2,2,4,3,3,4,4,3,2,2,4,4,2,3,3,4,4,3,13,1,3,2,2,0,7,2,3,2,2,4,4,4,4,3,4,4,4,2,4,4,4,4,4,4,2,4,4,4,4,4,3,4,3,3,3,3,4,4,4,2,2,2,2,2,2,2,2,2,3,1,3,2,2,1,8,8,7,3,3,4,3,4,4,2,49,3,1,3,2,60,5000,2000,0,29303,대체,치기공학
32567,5,6,5,7,5,7,5,7,5,6,5,7,4,6,5,7,5,7,2,2,4,4,5,7,5,2,3,4,2,2,3,4,2,3,2,3,5,7,5,6,5,6,2,3,3,4,2,2,2,2,1,0,3,5,1,0,1,0,1,0,2,3,1,0,2,2,1,0,1,0,1,0,1,0,2,2,2,2,2,2,2,2,1,0,3,4,2,2,5,4,5,5,5,4,5,5,5,5,4,4,4,16,5,2,2,2,0,5,5,4,4,4,4,3,3,2,9,9,9,3,2,4,4,3,4,5,4,4,3,4,4,5,4,5,4,5,5,5,4,5,5,4,2,2,2,2,2,2,2,2,2,3,2,2,2,2,1,6,5,5,4,4,4,5,3,3,2,40,4,2,5,1,40,0,0,4000,214101,학원 경쟁,수학
32568,2,2,2,3,1,0,2,2,2,3,1,0,1,0,2,2,3,4,1,0,1,0,2,2,3,4,1,0,2,2,2,2,1,0,1,0,2,2,3,2,2,2,2,2,1,0,1,0,1,0,1,0,2,2,2,2,3,4,4,3,1,0,3,3,3,4,2,3,1,0,3,4,2,2,2,3,3,4,3,4,4,5,3,4,4,5,2,3,4,3,2,3,3,2,3,3,4,4,3,3,3,3,1,2,2,2,0,2,2,3,4,4,4,4,3,4,3,3,3,3,3,4,4,3,3,4,3,2,3,3,2,4,4,4,5,5,4,4,5,3,4,4,2,2,2,2,2,2,2,2,2,2,2,3,3,3,2,6,5,6,4,4,5,4,3,5,1,49,2,1,1,1,40,3700,2400,0,821201,부분 기계화 진행,기계
32569,4,4,4,5,3,4,3,5,3,4,4,5,1,0,5,5,4,4,4,4,3,4,4,4,5,6,4,4,2,3,3,3,1,0,1,0,3,3,3,4,3,4,3,4,5,6,3,4,3,4,4,4,5,5,5,5,4,5,4,4,4,6,4,4,3,4,2,3,1,0,3,4,4,4,1,0,3,4,1,0,1,0,3,4,4,4,3,4,3,2,2,3,3,2,3,3,3,4,3,4,4,13,1,2,1,2,0,5,4,4,3,3,4,5,3,3,4,3,4,4,2,4,3,4,3,4,4,4,2,2,3,5,3,4,4,4,3,3,5,4,5,5,2,2,2,2,2,2,2,2,2,2,3,2,2,2,1,8,6,7,5,5,3,8,5,4,1,35,4,1,1,1,40,3200,3000,0,140305,토목기사 건설 경기 침체,토목공학
32570,3,3,3,4,1,0,2,3,3,3,2,3,1,0,3,5,3,3,3,4,2,2,3,4,4,5,3,3,1,0,1,0,2,2,1,0,1,0,3,4,3,3,2,2,2,2,1,0,1,0,1,0,3,4,4,4,4,4,4,5,1,0,3,5,3,3,4,4,4,6,4,5,3,4,3,5,3,3,3,3,4,4,4,4,3,3,2,1,3,4,3,2,4,2,4,3,2,3,3,2,2,10,1,2,1,2,0,2,4,4,3,3,4,4,3,2,3,2,4,4,2,3,3,3,3,2,4,2,4,2,2,5,4,4,3,3,4,5,4,3,4,3,2,2,2,2,2,2,2,2,2,2,3,2,2,3,1,4,4,4,6,5,6,4,3,4,1,46,3,1,1,1,40,3700,3000,0,842301,정보통신산업기사 통신기기기능사 인터넷 관련 사업 활성화 시대 포화상태,정보통신학
32571,2,2,2,3,1,0,2,2,1,0,2,2,1,0,4,5,3,3,1,0,1,0,1,0,4,5,3,3,1,0,2,2,1,0,1,0,3,4,2,2,4,4,1,0,1,0,2,2,3,4,2,2,3,4,3,3,3,3,3,4,4,5,3,3,3,4,3,4,4,5,3,3,1,0,2,2,1,0,1,0,1,0,1,0,4,4,1,0,3,2,2,3,2,4,4,3,2,2,2,3,2,13,1,3,2,2,0,1,5,2,2,2,3,4,3,3,3,3,3,3,3,4,4,4,4,3,3,2,4,3,4,2,3,3,3,2,2,3,2,2,3,4,2,2,2,2,2,2,2,2,2,2,3,3,3,3,2,3,4,5,3,5,5,3,4,6,1,53,3,1,1,1,40,4223,2463,0,154201,변화,화학
32572,4,4,3,4,2,2,2,2,3,4,4,5,3,4,2,2,2,3,2,2,3,4,2,3,3,4,3,4,1,0,1,0,2,2,2,3,2,2,3,4,3,3,3,3,3,4,2,2,3,4,3,3,3,4,3,4,3,4,3,4,3,3,3,4,4,4,2,2,2,2,3,4,3,4,2,2,1,0,4,4,1,0,1,0,2,2,1,0,4,3,4,4,4,3,4,4,3,4,4,3,3,10,1,2,1,1,3,3,6,3,3,3,4,4,3,4,3,3,4,3,3,3,4,3,4,3,4,4,3,3,3,3,4,4,3,3,4,4,3,3,3,3,1,2,1,2,2,2,2,2,2,2,4,1,2,2,1,5,6,6,5,4,5,4,5,5,1,41,4,1,1,1,48,6500,4000,0,134102,빅데이터 자격증 실무 업무 기술 개발 다양 산업혁명 중요,정보통신학
32573,3,5,3,5,3,5,4,5,2,3,4,5,2,4,2,3,4,5,2,4,3,4,2,3,4,5,4,4,4,4,3,5,4,5,2,3,1,0,4,5,3,4,3,3,4,4,1,0,3,3,3,4,3,4,1,0,1,0,1,0,2,3,1,0,1,0,1,0,3,3,2,3,3,3,2,3,1,0,2,2,1,0,2,3,3,5,1,0,3,4,3,1,4,2,3,2,3,2,2,2,4,3,1,4,2,2,0,5,3,3,2,1,3,2,4,3,3,4,4,4,2,2,2,4,4,3,2,1,4,2,3,4,3,3,3,2,3,4,4,3,3,3,2,2,2,2,2,2,2,2,2,3,2,3,3,3,2,9,8,9,7,9,9,3,3,7,2,32,2,1,1,1,40,3400,2800,0,29101,경기 침체,이과
32574,2,2,3,3,1,0,3,3,1,0,1,0,1,0,2,2,3,3,3,3,1,0,1,0,3,4,1,0,1,0,3,3,1,0,1,0,2,2,1,0,2,3,2,2,3,3,1,0,2,2,2,2,1,0,1,0,3,3,2,2,1,0,1,0,4,4,3,3,4,4,4,4,2,3,3,3,3,3,3,3,3,4,3,3,3,4,3,4,2,2,2,2,3,2,2,2,2,2,3,3,2,3,1,5,2,2,0,7,2,2,1,1,3,2,1,3,3,4,4,4,2,2,2,3,4,3,3,4,3,3,2,4,3,4,3,4,4,3,4,4,3,4,2,2,2,2,2,2,2,2,2,1,3,2,2,2,1,7,7,8,6,3,5,4,6,4,1,57,2,1,1,1,48,3600,3000,0,882301,변화,이과
32575,2,1,2,3,1,0,2,3,1,0,1,0,1,0,1,0,2,2,1,0,1,0,2,3,2,3,2,1,2,2,2,3,1,0,1,0,4,5,2,2,2,3,2,3,2,3,1,0,2,2,1,0,2,2,1,0,1,0,1,0,1,0,2,2,1,0,1,0,1,0,4,5,1,0,2,3,2,3,2,2,2,3,2,3,2,2,2,1,2,2,3,2,2,3,3,3,3,2,3,2,3,9,1,1,1,2,0,2,2,3,3,3,3,4,3,3,3,4,3,3,3,2,4,2,3,3,4,3,2,4,4,3,2,3,2,3,3,3,3,3,3,2,2,2,2,2,2,2,2,2,2,2,3,2,2,3,1,7,6,6,6,5,5,4,2,3,1,36,2,1,1,1,48,2570,2400,0,531101,조리기능증 변동 직종,이과
32576,4,4,4,4,2,2,3,3,3,3,2,2,2,2,4,4,4,4,4,4,3,3,3,4,4,4,1,0,2,2,2,2,1,0,1,0,2,2,2,2,4,4,3,3,3,3,2,2,2,2,1,0,2,2,2,2,4,4,3,3,2,2,4,5,4,4,3,4,4,4,3,3,5,4,5,6,3,3,4,5,4,5,3,3,5,6,4,5,4,3,3,2,3,1,2,2,3,2,2,3,3,3,1,2,2,2,0,1,2,3,2,2,2,2,2,2,1,3,3,3,3,3,3,4,4,4,4,2,3,2,2,5,2,2,2,2,3,5,5,2,4,5,2,2,2,2,2,2,2,2,2,3,1,2,2,2,2,7,7,7,5,3,3,7,5,4,1,33,2,1,1,1,40,2500,2300,0,881101,디지털 기기 확대 인쇄공 정이,인문계
32577,4,5,3,5,2,3,4,4,2,3,2,3,1,0,2,2,2,3,1,0,1,0,2,3,1,0,2,2,3,3,4,4,4,5,2,3,1,0,4,4,4,3,2,3,4,3,1,0,1,0,2,1,1,0,1,0,1,0,1,0,1,0,1,0,1,0,1,0,1,0,1,0,1,0,1,0,1,0,1,0,1,0,1,0,2,2,2,2,4,4,4,5,3,3,3,2,2,3,4,2,3,11,1,2,2,1,2,2,2,4,3,3,5,5,4,4,3,4,4,4,2,4,4,5,4,2,3,2,4,2,4,5,3,3,4,4,4,4,4,3,4,4,2,2,2,2,2,2,2,2,2,2,2,3,2,2,2,8,8,7,4,4,4,3,7,7,2,56,2,1,2,2,40,6000,3800,0,33202,보험상품에 대한 이해 판매 처가 생기,문과
32578,2,2,2,3,1,0,1,0,1,0,2,2,1,0,2,3,1,0,1,0,2,5,2,3,2,3,3,5,1,0,1,0,1,0,2,1,2,3,1,0,3,3,3,4,3,4,1,0,4,5,3,5,4,6,4,6,4,6,3,5,2,2,3,5,3,5,3,4,3,5,4,5,2,3,3,3,2,1,1,0,2,1,1,0,2,2,2,2,3,2,3,3,3,2,3,4,3,2,2,4,3,4,1,6,1,2,0,3,5,4,4,3,4,4,3,4,4,2,3,4,2,4,4,4,3,2,2,3,4,4,3,4,3,4,3,3,4,4,3,3,4,4,2,2,1,2,2,1,2,2,2,1,3,3,3,3,1,8,7,6,7,7,7,7,6,6,1,42,4,1,1,1,40,6500,3800,0,154101,화학분석기능사 화공기사 화공안전기술사 정제 기술 장비 도입 기계 대체 불가,화학공학
32579,2,2,3,4,2,1,3,4,3,3,2,2,2,1,2,2,3,3,2,2,2,1,3,3,3,4,2,3,3,4,3,4,3,3,2,2,3,3,4,5,3,4,3,4,2,3,2,2,2,3,3,4,3,4,2,2,3,3,2,1,2,1,2,2,3,4,3,4,2,2,3,3,2,2,4,5,3,4,2,3,3,4,3,4,2,2,2,1,4,3,3,2,3,2,3,4,3,3,4,2,3,19,1,1,2,2,0,3,2,2,3,1,4,5,3,2,9,4,3,3,3,4,3,3,2,3,4,3,2,3,4,4,2,3,4,2,3,4,2,3,4,4,2,2,2,2,2,2,2,2,2,3,2,2,2,3,2,6,7,5,6,4,4,5,3,4,1,49,2,1,1,1,55,2700,2200,0,561101,셀프 사람 비중,화학
32580,4,5,3,4,4,5,3,4,1,0,1,0,1,0,2,2,4,5,3,4,3,4,2,3,2,3,1,0,1,0,1,0,1,0,1,0,1,0,1,0,2,2,3,4,2,3,1,0,1,0,1,0,1,0,1,0,1,0,1,0,1,0,1,0,1,0,1,0,1,0,1,0,1,0,1,0,1,0,2,2,2,2,2,3,3,4,2,2,4,4,4,3,3,3,3,4,3,4,3,4,3,13,4,1,2,2,0,6,5,4,4,3,5,4,4,4,3,3,4,3,3,3,4,4,3,3,4,3,3,5,4,5,5,4,5,5,4,5,4,4,5,4,2,1,2,2,2,2,2,2,2,2,1,3,3,3,2,3,2,3,2,3,2,8,9,8,2,32,4,2,6,1,40,0,0,2900,411201,번역 프로그램 등장 사람 대신 프로그램 대신,영어영문
32581,3,4,2,3,1,0,2,3,1,0,1,0,1,0,1,0,2,2,1,0,1,0,1,0,4,6,3,5,3,5,1,0,2,3,3,4,1,0,4,6,2,3,3,4,3,4,2,2,3,4,3,4,1,0,1,0,1,0,1,0,2,2,1,0,1,0,1,0,1,0,1,0,1,0,1,0,1,0,2,2,2,3,1,0,4,5,3,4,2,3,3,2,4,3,3,3,4,3,3,3,4,18,1,3,2,2,0,7,4,3,4,3,4,4,4,5,4,4,3,3,2,3,3,3,4,4,4,4,3,3,4,2,3,3,3,3,4,4,3,2,2,4,2,2,2,2,2,2,2,2,2,2,3,3,3,3,2,9,7,4,5,4,4,8,9,8,1,38,3,1,1,1,48,5000,1800,0,417201,연예인 사람,연극영화
32582,4,5,3,4,3,5,3,4,2,3,3,4,1,0,2,3,4,4,1,0,4,5,4,4,4,3,1,0,2,4,4,5,5,6,4,4,3,4,3,4,5,4,4,4,3,5,2,4,1,0,1,0,1,0,1,0,1,0,1,0,3,3,1,0,1,0,1,0,1,0,1,0,2,3,1,0,1,0,1,0,1,0,1,0,3,3,2,3,3,2,2,3,3,3,3,4,3,4,3,3,3,7,1,2,1,1,3,3,4,3,3,3,4,3,3,3,3,2,3,3,2,3,4,4,5,2,2,3,3,4,2,4,4,4,5,4,3,3,4,2,5,4,2,2,2,2,2,2,2,2,2,2,3,3,2,2,1,4,5,3,3,2,2,4,3,4,1,32,4,1,1,1,40,3100,2800,0,28101,무역영어 워드프로세스 인터넷활용능력 통관서류 작성훈련 계속 침체 업체 수가 수출,회계학
32583,3,4,3,4,3,4,3,4,3,4,3,4,3,4,3,4,3,4,3,4,3,4,3,4,3,4,3,4,3,4,3,4,3,4,3,4,3,4,3,4,3,4,3,4,3,4,3,4,3,4,3,4,3,4,3,4,3,4,3,4,3,4,3,4,3,4,3,4,3,4,3,4,3,4,3,4,3,4,3,4,3,4,3,4,3,4,3,4,4,4,2,3,4,2,5,4,4,3,4,3,4,18,4,1,2,2,0,7,6,4,3,3,5,4,4,3,9,9,9,3,1,5,5,3,4,4,5,3,5,4,3,4,5,3,3,3,4,4,4,3,4,3,2,2,2,2,2,2,2,2,2,1,3,2,2,2,1,7,3,4,1,3,6,3,8,9,1,54,5,1,4,2,20,5000,2000,0,414501,상황 지속 유지,작곡가
32584,1,0,3,4,1,0,1,0,1,0,1,0,5,5,1,0,1,0,1,0,1,0,5,4,3,4,3,4,1,0,2,3,1,0,1,0,4,4,1,0,1,0,1,0,1,0,1,0,1,0,1,0,3,4,1,0,1,0,1,0,1,0,1,0,1,0,1,0,1,0,1,0,1,0,5,7,1,0,1,0,3,4,5,7,2,2,1,0,4,4,2,3,4,1,3,4,4,4,4,4,4,18,1,3,2,1,6,6,5,4,4,4,4,4,2,3,3,4,3,3,2,4,4,3,4,3,3,4,3,3,4,4,4,5,5,5,5,5,4,4,4,4,2,2,2,2,2,2,2,2,2,1,3,2,2,2,1,8,9,8,9,8,8,7,6,7,2,34,4,1,1,1,40,4500,3000,0,414702,실습 기계 대체 불가,무용학
32585,5,6,3,4,4,4,3,5,5,5,4,4,3,4,2,4,4,5,3,4,2,4,2,4,4,4,3,4,2,4,3,4,2,4,2,4,4,5,4,4,4,5,4,5,3,4,5,5,3,4,3,4,2,4,2,5,2,4,1,0,5,6,2,5,4,5,3,5,2,5,2,4,4,5,1,0,2,4,2,4,1,0,3,5,3,5,2,4,4,4,2,4,4,4,4,4,2,4,4,4,4,3,1,4,1,2,0,2,2,4,4,4,4,4,4,4,4,5,5,4,1,4,4,4,3,3,4,4,3,4,4,4,4,3,3,4,4,5,4,4,5,5,2,2,2,2,2,2,2,2,2,2,2,3,3,2,1,2,2,5,3,2,4,4,2,7,1,37,4,1,1,1,40,3800,2600,0,27101,회계관리 시스템 전산 때문,세무회계
32586,4,5,3,4,2,3,2,3,3,5,2,3,3,4,3,3,3,3,1,0,2,2,2,3,3,4,1,0,2,2,2,3,2,3,3,4,1,0,2,3,2,2,1,0,1,0,2,2,1,0,1,0,2,2,2,2,2,3,2,3,3,4,2,2,4,5,2,2,2,3,2,2,1,0,3,3,3,3,2,3,2,2,2,2,3,4,2,3,3,4,2,3,3,3,2,3,2,3,2,3,2,3,1,3,1,2,0,3,4,3,4,3,3,4,3,3,3,4,3,3,2,4,4,2,3,3,3,2,3,4,3,4,3,3,3,4,4,3,2,3,4,3,1,2,2,2,2,2,2,2,2,1,3,3,1,3,2,6,7,5,4,4,5,6,4,5,1,33,3,1,1,1,43,3800,3000,0,131201,산업기사 인공 지능 접목 기술 발전 도모 개발 분야 진출 기대,전기공학
32587,3,3,3,2,2,5,2,3,4,5,3,5,1,0,3,4,3,5,3,5,4,4,4,5,4,5,4,4,3,4,2,2,2,2,2,2,4,5,3,4,3,4,3,5,4,5,3,3,3,3,4,5,3,3,2,3,4,4,4,4,3,4,4,4,3,4,4,4,4,5,4,5,3,5,3,4,4,4,3,4,3,3,3,3,3,5,3,5,3,3,4,3,2,2,3,2,3,3,3,4,4,17,1,3,1,2,0,4,4,2,2,2,4,4,3,3,3,3,3,3,3,4,4,3,3,3,3,3,2,4,2,4,2,3,2,3,3,4,4,4,4,5,2,2,2,2,2,2,2,2,2,1,3,3,3,3,2,7,7,7,5,5,5,5,4,4,1,48,3,1,1,1,48,4800,2900,0,814001,에너지관리사 노후 산업 난방 기기 설비 관련 교체 대한 수요 전망 변화 생각,IT공학
32588,2,3,3,4,2,3,2,3,3,4,3,4,4,5,3,4,3,3,2,2,3,4,2,3,2,3,2,2,3,3,2,2,2,3,2,2,1,0,3,3,2,2,1,0,1,0,2,1,2,2,1,0,1,0,2,2,1,0,1,0,4,5,2,2,2,2,2,2,3,4,2,2,2,2,3,3,2,2,1,0,1,0,1,0,2,3,2,2,4,3,2,3,3,4,3,4,3,3,3,4,3,13,3,2,2,1,2,4,5,3,4,3,3,3,2,3,3,4,3,3,2,3,3,4,3,2,3,3,2,3,3,4,2,4,3,3,4,3,3,4,4,4,2,2,2,2,2,2,2,2,2,1,3,3,3,3,2,4,3,4,5,4,5,4,5,5,1,31,4,1,2,1,40,3000,2800,0,133205,형상관리툴 Reactive 프로그래밍 수요 일자리 변화,컴퓨터공학
32589,2,3,2,3,3,4,3,5,5,6,4,5,3,4,4,4,4,6,3,5,3,4,3,5,4,5,3,5,3,4,3,4,4,5,4,5,2,3,3,5,5,6,4,5,4,5,3,4,3,4,3,4,3,5,3,5,4,5,4,5,3,4,4,5,3,5,3,4,3,4,2,3,3,5,3,4,3,5,3,4,2,3,2,3,3,4,3,3,4,5,2,4,5,3,4,2,4,3,4,4,4,6,1,3,1,2,0,2,5,4,4,3,5,4,4,4,4,2,5,4,2,4,4,4,4,3,4,2,4,2,2,4,4,5,4,4,3,4,4,4,4,5,2,2,2,2,2,2,2,2,2,2,2,2,2,3,1,4,4,6,5,4,5,6,5,6,1,48,5,1,1,1,40,4400,3700,0,140101,농어업토목기술사 도로및공항기술사 산림토목기술사 투자 위축,토목학
32590,5,6,5,5,3,4,4,5,4,4,4,4,4,4,4,5,5,5,3,4,3,4,4,6,4,5,4,6,4,5,4,4,5,5,5,5,4,5,5,5,5,5,5,5,4,5,4,5,3,4,5,6,5,5,5,6,4,4,4,4,4,5,5,6,4,4,2,3,2,2,3,4,5,5,4,5,4,4,2,2,3,3,2,3,2,3,2,2,4,4,4,3,4,5,4,3,2,5,5,3,4,13,1,2,2,1,4,3,6,4,4,3,4,3,2,3,5,4,4,4,3,3,3,4,3,2,3,3,3,2,4,3,2,4,3,4,4,3,4,4,3,3,2,1,2,1,2,2,2,1,1,2,4,2,2,2,1,7,3,6,4,6,6,3,6,6,1,54,5,1,1,1,40,9500,3500,0,22103,재무 회계 인사 ISO등등 빅데이터 관리 시스템 관리 도입 의뢰 수가,경영학
32591,1,0,1,0,1,0,1,0,1,0,1,0,1,0,1,0,1,0,2,3,1,0,1,0,2,3,1,0,1,0,1,0,1,0,1,0,1,0,1,0,1,0,1,0,1,0,1,0,1,0,1,0,1,0,1,0,1,0,1,0,1,0,1,0,3,4,2,3,3,4,2,3,1,0,3,4,2,3,3,4,3,5,3,4,2,3,1,0,3,2,3,3,3,2,3,3,3,2,3,2,3,3,1,2,1,2,0,7,2,3,3,2,4,4,3,3,3,3,3,3,3,3,3,3,2,3,3,4,3,3,3,2,3,3,4,3,3,4,3,3,3,3,2,2,2,2,2,2,2,2,2,3,2,2,3,2,1,5,5,6,6,5,6,5,6,4,1,40,4,1,1,1,44,3900,2705,0,823101,압연기능사 해외 인력 투입 증가,통신
32592,4,5,4,5,4,5,3,4,3,5,3,5,3,5,3,5,3,4,4,5,3,5,4,5,3,5,4,5,3,5,4,5,3,4,3,5,3,5,4,5,4,5,3,4,4,4,4,5,4,5,4,5,4,5,3,5,4,5,4,5,4,5,4,5,4,5,4,4,4,5,4,5,3,5,3,4,4,5,2,4,2,5,2,4,3,4,2,4,4,3,4,2,4,3,3,4,2,4,4,4,4,13,3,4,2,1,2,6,5,4,4,4,4,4,3,2,3,4,4,4,2,3,3,4,4,3,4,2,4,2,4,4,2,2,2,2,3,3,3,3,3,4,1,1,1,2,2,1,2,1,2,1,3,3,2,3,2,5,5,5,3,5,3,7,3,3,1,37,4,1,1,1,52,4000,3300,0,151301,장비교육 스캐너 장비 도입 기준 레이저 스캐너 사용 신규 장비 도입 장비 교육 훈련 기술 지원 기계 관련 산업 때문,기계공학
32593,2,2,3,3,1,0,3,3,1,0,4,5,5,6,2,3,3,3,1,0,4,4,5,6,5,6,4,4,3,4,5,5,4,3,4,4,3,5,3,4,4,4,3,4,2,2,3,3,2,4,2,2,3,5,2,3,3,5,3,3,2,4,3,5,2,3,2,3,3,3,3,4,3,4,5,5,4,5,4,5,3,3,4,5,4,4,4,4,5,5,3,3,5,2,3,5,4,3,5,4,4,18,1,2,2,2,0,2,5,4,4,3,4,4,3,2,3,3,4,3,2,4,3,4,3,3,4,2,3,3,2,4,5,5,4,4,3,4,3,2,3,4,2,2,2,2,2,2,2,2,2,1,2,2,2,2,1,6,5,5,4,5,4,5,6,4,2,43,4,1,1,1,40,3300,2500,0,414702,코로나 여파 문화 예술 분야 투자 축소 분위기,무용학
32594,3,3,3,3,2,3,2,3,4,5,4,4,2,3,3,3,3,4,3,4,3,4,3,3,2,3,2,2,2,3,2,2,2,3,2,3,3,4,3,4,3,4,2,3,3,4,2,3,3,3,2,2,2,2,3,3,3,4,3,4,3,4,3,4,4,4,3,4,3,4,3,4,3,4,3,4,3,4,3,3,2,3,2,2,3,4,3,4,3,3,2,3,3,2,3,2,3,4,4,4,3,4,2,4,1,2,0,3,4,4,4,4,4,4,4,3,3,4,4,4,2,4,4,4,4,3,3,4,3,4,3,4,2,3,3,3,3,4,4,4,4,4,2,2,2,2,2,2,2,2,2,2,3,3,3,3,2,7,7,6,5,4,4,5,4,4,1,30,4,1,1,1,45,4100,4000,0,833001,전자산업기사 전자기사 원자력기사 기계화 전산 화로 지금 채용,전기
32595,5,6,5,6,4,5,5,7,4,5,4,5,5,7,5,6,4,5,4,6,4,5,5,6,5,6,5,7,5,7,5,6,5,6,5,6,5,7,4,6,4,5,4,6,4,6,2,2,5,5,5,6,4,5,1,0,3,4,4,6,5,6,4,5,4,5,1,0,4,5,4,5,4,6,1,0,1,0,2,2,1,0,1,0,5,6,4,5,4,4,3,3,4,4,3,3,3,4,5,4,4,18,1,2,2,2,0,5,5,4,3,3,4,5,3,3,3,4,4,4,2,3,3,2,4,3,3,4,3,3,4,3,4,5,4,3,4,4,5,4,4,4,2,2,2,2,2,2,2,2,2,1,3,3,3,2,1,1,9,1,8,1,2,9,1,7,1,42,4,1,1,1,45,4800,2300,0,24402,예술 활동,국문학
32596,2,4,2,3,2,1,1,0,1,0,1,0,2,2,2,3,2,2,1,0,1,0,2,2,2,3,2,3,1,0,2,3,1,0,1,0,1,0,2,1,2,3,2,3,2,4,2,2,2,3,2,1,2,4,1,0,1,0,1,0,1,0,2,3,2,4,1,0,2,2,2,2,2,3,2,4,2,4,1,0,1,0,1,0,2,2,1,0,3,2,2,3,2,2,3,3,2,3,2,2,3,3,1,3,2,2,0,7,2,2,2,3,3,3,2,3,3,4,4,4,2,3,5,4,3,2,3,3,2,4,4,2,2,4,3,4,2,3,3,2,4,3,2,2,2,2,2,2,2,2,2,1,3,2,2,3,2,7,8,6,5,4,5,5,5,4,1,44,2,1,1,1,52,3100,2400,0,862201,작업,화학
32597,5,5,4,6,3,5,3,5,3,5,3,5,3,4,3,6,3,5,3,5,4,6,4,5,3,5,3,4,3,5,4,6,4,6,4,5,4,5,4,5,4,5,4,5,4,6,4,5,4,5,4,5,4,5,4,6,4,6,4,5,3,4,3,4,3,4,4,5,3,5,3,4,3,4,3,4,3,4,3,4,3,4,3,4,3,4,3,4,4,4,3,3,3,3,3,3,3,3,3,3,3,13,2,6,2,1,3,2,4,3,3,3,3,3,3,3,3,4,4,4,3,3,3,4,4,3,4,3,3,3,3,3,3,4,3,3,4,3,3,3,3,3,2,1,1,1,1,1,1,1,1,2,2,1,1,1,1,7,7,7,7,7,7,7,7,7,2,33,4,1,1,1,40,3800,2800,0,155401,실험 기초 소양교육 KOLAS 교육과정 신규 장비 도입 분석 분야 항목 추가 신규 기술 개발 기계화 대체 업무,생물학
32598,4,6,4,6,4,6,4,6,4,6,4,6,4,6,4,5,4,6,4,6,4,6,4,6,4,6,4,6,5,6,4,6,4,5,4,6,4,6,4,6,5,6,4,6,4,6,4,6,4,6,4,6,4,6,4,6,4,6,4,6,4,6,4,6,4,6,4,6,4,6,4,6,4,6,4,6,4,5,4,5,4,6,4,6,2,2,2,2,5,4,4,4,4,4,5,4,4,4,3,4,4,18,1,4,2,2,0,4,5,4,4,4,4,4,4,5,4,5,4,5,4,4,4,4,3,3,4,4,4,4,4,4,4,3,3,4,4,4,3,3,4,3,2,2,2,2,2,2,2,2,2,3,3,3,3,3,1,7,7,7,8,8,8,8,8,7,1,45,4,1,1,1,48,8000,3200,0,416101,현재 상황,신문방송학
32599,2,4,3,5,2,4,3,5,3,5,4,6,4,6,2,4,3,5,3,6,4,6,3,3,3,6,4,5,3,3,2,4,2,5,3,5,4,5,3,5,2,4,4,6,2,4,3,5,2,4,3,5,4,5,4,6,3,5,2,4,3,3,3,5,4,6,4,5,3,5,4,6,4,6,3,6,4,5,2,4,2,4,3,3,4,5,2,4,4,3,2,3,3,2,3,2,3,3,4,3,4,6,1,2,1,2,0,4,5,3,2,3,3,3,4,4,3,2,3,4,2,3,4,4,3,4,2,3,4,3,4,3,2,3,3,4,3,4,3,4,2,3,1,1,2,2,1,2,1,2,2,4,1,2,3,2,2,3,8,8,4,7,7,2,7,4,1,50,4,1,1,1,40,3800,3200,0,140401,조경기술사 인적 구조 조정 환경 변화,조경학
32600,5,6,5,6,4,5,5,4,5,5,5,5,4,4,4,4,5,6,2,5,4,4,4,5,4,4,4,4,4,5,4,5,4,5,4,4,4,4,4,5,4,4,4,5,4,4,3,4,3,4,3,5,3,4,3,4,3,4,3,2,3,5,3,4,3,4,3,2,3,3,3,3,2,3,4,4,4,4,3,3,4,5,3,3,3,4,3,5,4,4,4,2,4,1,5,4,2,5,5,5,5,17,3,6,1,1,1,7,5,5,3,3,4,5,2,1,4,4,5,4,4,3,3,4,3,4,4,2,3,2,4,5,2,4,4,4,4,4,4,4,5,2,2,2,2,2,2,2,2,2,2,1,3,2,2,3,1,5,5,5,5,5,5,5,5,5,2,31,4,1,1,1,40,4000,4000,0,301004,간호사자격증 새로 갱신되는 의료 간호지식 간호사 대체 기술 변화 요인 생각,간호학
32601,2,5,4,4,1,0,3,4,1,0,3,4,1,0,2,6,2,4,1,0,2,5,3,4,3,4,3,4,4,4,3,4,2,4,2,3,1,0,4,5,3,4,3,4,2,3,3,4,1,0,1,0,3,4,2,3,1,0,1,0,2,5,2,5,2,4,2,4,1,0,1,0,1,0,4,4,1,0,1,0,1,0,1,0,3,4,3,3,3,4,3,3,4,4,4,1,4,2,2,4,2,17,1,1,2,2,0,2,2,3,3,3,4,1,4,3,3,4,4,4,4,2,2,3,4,2,2,1,2,4,4,4,2,3,3,3,2,4,4,2,4,2,2,2,2,2,2,2,2,2,2,4,2,3,3,3,2,5,5,5,5,5,5,7,7,5,2,24,4,1,1,1,41,2200,2200,0,301004,산업혁명,간호학
32602,3,3,4,5,3,3,3,3,1,0,1,0,1,0,3,3,3,4,1,0,1,0,3,4,3,4,3,3,4,5,3,4,3,3,3,4,4,5,4,5,4,5,3,4,3,3,1,0,1,0,1,0,1,0,1,0,1,0,1,0,1,0,1,0,1,0,1,0,1,0,1,0,1,0,1,0,3,3,3,3,3,3,3,4,3,3,3,4,3,4,4,2,4,4,3,4,4,2,3,2,4,19,1,3,2,2,0,3,4,3,2,2,5,4,2,2,9,9,9,2,3,2,2,3,2,4,3,4,2,5,3,5,3,4,3,2,2,5,2,3,4,4,2,2,2,2,2,2,2,2,2,1,3,2,2,3,1,4,6,5,4,5,5,2,2,6,2,48,2,1,1,1,40,2000,1800,0,550201,문제,이공계
32603,3,4,3,4,3,4,3,4,2,4,3,4,1,0,1,0,3,3,1,0,3,4,3,3,3,5,3,5,3,4,3,6,3,6,3,5,3,4,3,2,3,4,3,3,3,4,3,5,3,4,3,5,3,5,1,0,3,4,3,5,3,4,1,0,1,0,3,1,3,1,2,1,3,5,2,1,1,0,3,2,3,1,3,1,3,3,3,2,2,3,2,3,3,2,2,2,2,4,4,3,2,7,1,3,2,1,1,6,5,3,2,2,4,4,2,3,3,3,3,3,2,4,3,2,2,2,3,3,2,4,3,4,3,3,4,4,4,4,3,3,4,4,2,2,2,2,2,2,2,2,2,1,3,1,1,2,1,5,5,4,5,5,5,3,3,5,1,40,4,1,1,1,42,4000,4000,0,12201,개정에 따른 훈련 변화,경영
32604,3,5,3,5,3,5,4,6,3,5,4,6,2,3,2,3,3,5,3,5,3,5,3,5,3,5,2,4,3,5,3,5,3,5,3,5,2,4,3,5,3,5,3,5,3,5,3,5,2,4,2,4,3,5,3,5,3,5,2,4,3,5,3,5,3,5,2,4,2,4,3,5,3,5,3,5,3,5,3,5,3,5,3,5,2,4,3,5,4,4,4,4,3,4,3,3,4,4,4,4,4,17,1,2,1,1,2,6,6,4,3,4,4,4,4,5,9,9,5,5,2,4,4,4,4,2,3,4,4,4,3,4,3,4,4,4,4,4,3,4,4,3,2,2,2,2,2,2,2,2,2,2,2,3,3,3,2,8,7,8,7,8,8,8,7,8,1,42,5,2,5,1,45,0,0,25000,301105,의사 면허증 전문의 자격증 기본진료 산업 발달,의학
32605,2,2,3,4,1,0,3,4,3,4,3,4,2,2,3,4,1,0,3,4,2,2,2,2,4,6,2,3,2,2,2,2,2,2,3,4,1,0,3,4,3,4,4,6,3,4,3,4,3,4,2,2,3,4,3,4,3,4,2,2,3,4,3,4,1,0,3,4,3,4,3,4,4,5,4,5,2,2,3,4,3,4,4,6,3,4,4,6,5,4,4,3,2,3,4,2,3,3,2,4,3,3,1,1,2,2,0,1,2,3,4,4,4,4,3,3,4,4,4,4,2,4,4,4,5,4,2,1,4,2,4,4,4,3,3,3,4,5,4,3,4,3,1,1,1,2,2,2,1,2,2,2,1,2,2,3,2,3,7,4,7,3,8,3,6,3,1,57,2,1,1,1,48,4000,2800,0,864201,기술 개발 제조 기술 발달 일자리,기계공고
32606,4,4,2,3,2,1,2,2,3,3,1,0,1,0,2,3,2,4,2,3,1,0,2,4,2,2,1,0,2,2,2,2,1,0,1,0,1,0,1,0,2,1,1,0,2,2,1,0,2,1,1,0,3,2,3,2,5,4,4,5,1,0,2,1,4,3,5,5,4,5,5,5,1,0,4,3,4,4,4,4,5,6,4,5,3,3,2,2,2,1,2,2,2,1,2,2,1,2,2,2,1,3,1,4,1,2,0,7,3,3,3,2,3,2,2,2,3,2,3,3,4,3,2,4,3,2,2,3,2,4,3,4,2,4,3,3,4,5,4,3,4,4,2,2,2,2,2,2,2,2,2,2,2,3,3,3,2,5,4,7,4,8,7,5,3,2,1,31,3,1,1,1,40,3100,2600,0,822301,제관기능사 제관 정의 자동화,산업금속
32607,4,5,4,5,4,5,4,6,2,5,2,5,3,5,4,4,4,3,3,4,3,3,4,5,4,6,3,4,4,4,5,6,4,5,3,5,4,5,4,4,3,6,4,4,4,3,1,0,1,0,4,6,2,5,2,4,1,0,1,0,4,4,1,0,1,0,1,0,1,0,1,0,3,4,1,0,4,5,2,5,1,0,1,0,4,4,4,4,3,4,2,4,4,5,3,3,4,3,4,4,5,18,1,2,1,2,0,6,4,4,4,3,4,3,4,2,3,4,4,3,4,2,3,4,3,4,5,2,4,3,3,4,3,4,5,3,2,4,3,4,3,2,2,1,1,2,2,1,2,2,2,1,4,2,2,2,1,7,3,6,5,2,5,2,4,3,2,38,4,1,2,2,40,3800,2400,0,521303,관광통역안내사 국내여행안내사 프로그램 도입 객체 대상 때문,지리학
32608,3,3,4,4,3,4,3,3,2,3,2,3,2,3,3,2,3,3,3,3,2,2,2,2,3,3,1,0,2,3,2,3,2,3,1,0,3,2,1,0,2,3,2,2,3,4,2,2,2,2,2,2,1,0,1,0,2,2,1,0,3,4,3,3,1,0,2,2,2,2,1,0,2,2,2,3,2,2,3,3,2,3,2,4,3,3,3,3,3,4,2,2,3,4,4,3,2,3,2,4,2,3,1,2,2,2,0,2,2,3,3,3,4,3,2,2,2,3,3,3,4,2,1,4,5,4,3,5,4,1,2,4,3,3,2,3,3,5,3,3,4,4,2,2,2,2,2,2,2,2,2,2,3,3,3,3,2,6,3,5,2,7,4,2,5,7,2,31,4,1,1,1,40,2700,2200,0,28401,제조업 부서 변화 유지,무역학
32609,2,2,3,4,2,1,3,3,2,2,1,0,2,1,2,2,3,3,1,0,1,0,3,4,4,5,2,2,3,3,3,4,2,2,1,0,3,4,3,4,4,5,4,5,3,4,1,0,2,2,2,1,1,0,1,0,1,0,1,0,1,0,3,3,2,2,2,2,1,0,2,1,2,2,4,5,3,4,3,3,3,4,4,5,2,3,2,1,3,2,2,2,3,4,1,4,2,3,2,1,3,9,1,2,1,2,0,2,4,4,3,2,3,4,2,3,3,2,4,3,2,3,3,3,2,2,3,2,3,3,3,3,2,4,4,2,3,4,2,3,4,4,2,2,2,2,2,2,2,2,2,4,2,2,2,3,2,7,6,5,4,4,6,3,3,4,1,34,4,1,1,1,48,2700,2300,0,531101,조리기능사 자격증 인스턴트,식품영양
32610,2,4,2,3,2,3,2,4,3,5,3,5,2,4,2,4,2,4,1,0,1,0,1,0,3,5,2,4,2,4,2,4,2,4,2,4,2,3,2,4,2,4,2,4,2,4,2,4,3,5,3,5,2,3,1,0,4,5,4,5,1,0,3,4,3,3,2,4,2,4,2,4,1,0,2,3,4,5,2,3,4,5,5,5,2,3,2,3,3,3,3,3,3,1,4,1,3,1,3,3,4,19,4,1,1,2,0,7,1,3,2,2,4,3,2,3,9,9,9,3,4,3,2,3,3,2,1,3,3,4,4,5,2,2,2,2,3,5,3,3,5,3,2,2,2,2,2,2,2,2,2,1,3,3,2,2,2,6,6,9,6,7,9,3,1,4,2,51,2,2,6,1,48,0,0,3600,702501,도배기능사 건축 모델링 항상 수요 때문,인문계
32611,4,5,4,4,4,5,4,4,3,5,4,5,3,4,3,5,3,4,3,3,4,4,4,5,3,4,3,4,2,4,4,5,3,4,4,5,3,5,3,4,3,4,3,4,4,5,3,5,3,4,3,3,3,4,4,4,3,4,3,5,4,4,3,4,3,4,3,4,3,5,3,4,3,4,4,5,3,5,3,4,3,4,4,4,3,4,3,4,3,4,4,3,4,4,4,3,3,4,4,4,4,6,1,5,1,2,0,4,5,4,4,3,4,3,4,4,4,5,4,4,3,4,4,4,4,3,4,4,4,3,4,4,4,3,4,5,4,4,4,3,4,3,2,2,2,2,2,2,2,2,2,1,4,1,1,1,1,6,8,7,7,3,4,7,6,7,1,36,4,1,1,1,42,3500,2300,0,158401,산업안전기사 산업 안전 강화,기계공학
32612,2,2,2,2,2,2,3,4,1,0,3,3,2,4,3,4,3,5,3,4,4,4,3,5,3,4,3,4,3,4,3,3,3,4,3,5,4,5,3,4,3,4,2,4,3,3,4,5,3,4,3,4,2,3,2,4,3,4,3,3,3,4,2,3,2,3,2,3,2,3,2,3,2,3,1,0,1,0,2,3,3,4,4,5,1,0,2,3,4,4,3,3,4,1,2,4,4,4,4,3,4,18,1,1,1,2,0,4,4,3,2,2,2,3,4,3,2,3,3,3,3,4,3,4,4,4,4,4,3,2,2,4,3,3,3,3,4,3,4,3,2,4,2,2,2,2,2,2,2,2,2,1,4,2,2,2,1,6,6,6,6,7,7,6,6,7,1,34,3,1,1,1,48,4000,2400,0,420401,생활체육지도자2급 건강 중요성 강조,체육학
32613,2,3,2,3,2,2,2,3,4,6,3,3,1,0,3,5,3,5,3,4,3,4,4,5,3,4,3,4,2,3,3,4,3,3,2,2,4,5,3,4,4,4,3,4,3,4,3,3,3,3,4,5,4,5,2,2,4,5,4,5,3,4,3,4,2,3,4,5,3,4,4,4,4,4,3,3,3,3,3,3,3,4,2,3,3,3,3,4,3,2,2,3,3,2,4,2,3,3,4,4,4,4,2,4,1,2,0,4,4,4,4,4,4,4,4,4,4,4,4,4,2,4,4,2,3,3,4,4,4,4,3,4,3,3,3,3,4,4,3,3,4,4,1,1,1,1,1,1,2,2,2,2,4,3,3,3,2,7,7,7,5,5,5,5,4,4,1,41,4,1,1,1,48,5000,4000,0,833001,전자기사 전자산업기사 기계 장비 도입 미래 유망 직종,기계공학
32614,5,6,5,7,4,6,4,6,5,7,5,7,5,6,5,7,4,6,5,7,5,6,5,7,4,6,5,5,4,6,5,6,5,6,5,6,4,5,3,4,4,5,3,4,4,5,4,6,3,4,4,6,3,5,5,7,3,5,4,6,3,4,3,4,3,5,5,7,4,6,5,6,5,7,4,6,5,5,1,0,1,0,1,0,5,5,1,0,4,5,4,3,4,3,3,3,3,3,4,3,3,15,2,5,1,2,0,5,7,3,3,3,4,4,5,3,3,3,3,3,3,4,4,3,3,3,3,3,3,3,5,3,3,3,3,3,4,3,3,4,4,4,2,2,2,2,2,2,2,2,2,2,3,3,3,3,2,4,5,5,5,5,5,4,7,5,1,53,6,1,1,1,40,6000,3000,0,122104,박사학위 상태 유지,수산학
32615,4,5,4,6,4,5,4,4,5,5,4,5,2,3,5,6,5,4,2,2,3,3,3,3,2,2,1,0,3,3,3,5,4,5,4,4,3,5,3,4,4,5,5,6,2,3,5,5,1,0,1,0,1,0,1,0,1,0,1,0,5,5,1,0,1,0,1,0,1,0,1,0,3,3,1,0,1,0,1,0,1,0,1,0,2,3,2,2,5,3,5,3,5,3,5,4,3,4,3,3,5,13,1,2,1,2,0,6,5,4,4,4,4,5,3,3,3,3,4,3,2,4,3,4,4,3,3,4,3,4,2,5,3,4,5,3,4,5,5,4,5,4,2,2,2,2,2,2,2,2,2,1,3,3,3,3,2,5,4,4,4,4,5,5,4,5,1,48,4,1,1,1,40,7000,5400,0,23101,공인회계사 산업 분야 업무 이기 때문 변화,경영학
32616,5,6,4,6,4,5,4,5,4,6,2,4,4,5,5,5,4,5,5,6,4,6,4,5,4,6,3,3,2,3,3,3,2,3,2,2,4,3,2,3,4,4,2,2,1,0,3,3,4,5,4,4,3,4,2,4,2,2,1,0,2,3,3,3,2,2,2,2,1,0,3,3,1,0,1,0,3,3,1,0,3,3,2,3,3,4,2,3,2,2,3,4,4,3,4,3,3,4,4,3,3,15,2,6,1,1,1,3,5,5,4,3,4,5,4,4,4,5,5,4,2,4,3,4,3,3,3,2,4,3,5,4,3,3,4,4,3,4,2,3,4,4,2,2,1,2,2,2,2,2,2,2,4,2,2,3,1,7,3,5,1,3,6,3,3,5,2,25,4,1,1,1,40,3600,3300,0,155302,수질환경기술사 실험분석기기 숙련 교육 환경분석장비 파악 환경 측정 분석 분석 기기 도입 환경문제 심각 환경 대한 관심 증가 산업 폐수처리 심각 대두,환경공학
32617,3,4,3,5,1,0,1,0,3,4,3,4,1,0,3,4,3,4,3,5,4,5,1,0,1,0,1,0,1,0,1,0,1,0,1,0,1,0,1,0,3,3,3,4,3,4,1,0,1,0,1,0,4,5,3,4,3,5,3,5,1,0,4,5,4,5,2,4,1,0,3,5,1,0,3,4,1,0,1,0,1,0,1,0,1,0,1,0,4,3,3,3,3,3,3,3,3,3,3,2,2,13,1,3,1,2,0,7,5,2,2,2,3,4,3,3,3,3,3,3,2,2,2,3,3,3,3,3,3,5,3,4,3,3,3,3,3,4,3,3,3,4,2,2,2,2,2,2,2,2,2,1,4,3,3,3,2,6,7,6,4,4,4,6,3,4,1,40,4,1,1,1,40,3700,2900,0,140701,건설재료시험기사자격증 신생 업체 증가,경영학
32618,3,4,4,5,1,0,4,5,4,5,3,4,1,0,4,5,4,5,3,4,3,3,2,3,2,3,2,2,4,5,2,3,2,3,2,3,2,2,2,2,2,2,2,2,2,2,2,2,2,3,2,3,2,3,2,3,2,3,4,5,3,4,2,3,3,4,4,5,3,4,4,5,4,5,4,5,4,5,4,5,3,4,3,4,3,4,4,4,4,4,3,3,4,4,4,3,2,2,3,3,2,6,1,3,1,1,3,2,3,4,3,4,3,3,3,4,4,4,3,4,4,4,3,4,4,3,3,4,3,3,3,4,3,4,4,4,3,4,3,4,4,4,2,2,2,2,2,2,2,2,2,2,4,3,3,3,2,7,6,6,5,6,6,7,6,7,1,31,2,1,1,1,46,3300,2800,0,623001,타워크레인 운전기능사 타워크레인 조정법 노후 주택 정비 방출 재개발,이과
32619,5,6,4,7,2,4,2,3,3,6,2,5,1,0,2,4,4,4,2,4,3,5,2,5,4,2,3,2,2,3,4,4,1,0,1,0,2,5,1,0,2,6,3,4,2,4,2,3,2,4,2,4,3,4,1,0,2,1,2,3,3,4,2,4,2,3,2,1,2,1,2,2,2,1,1,0,2,1,1,0,1,0,1,0,2,2,2,2,4,5,3,4,3,4,4,2,4,5,4,4,2,13,1,2,1,2,0,3,5,4,5,5,4,4,5,4,5,4,5,5,3,4,4,3,4,3,5,4,4,5,4,2,4,3,4,5,4,4,3,2,3,4,2,2,2,2,2,2,2,2,2,2,4,3,3,3,2,7,4,7,3,5,6,4,7,7,1,47,5,1,1,1,40,5600,5300,0,155306,토양환경기사 드론 자율 주행 차량 기술 발전 공간 정보,환경공학
32620,4,5,3,5,2,3,5,7,1,0,1,0,2,2,3,4,4,5,1,0,1,0,4,6,3,5,2,3,5,7,4,5,4,6,3,4,4,5,5,7,4,6,4,5,4,6,1,0,1,0,2,2,1,0,1,0,1,0,1,0,2,3,1,0,1,0,1,0,1,0,1,0,1,0,1,0,1,0,3,4,1,0,1,0,2,2,2,2,4,5,2,2,4,3,2,4,3,4,5,2,3,18,1,1,1,2,0,7,5,3,2,2,4,4,2,2,3,3,3,3,2,3,3,3,2,3,4,3,3,4,4,4,4,4,5,5,5,5,3,4,4,4,2,2,2,2,2,2,2,2,2,2,1,2,2,2,1,7,6,7,7,4,5,6,5,7,1,45,4,2,5,1,8,0,0,5500,521304,국내여행안내원 코로나 관광업 축소,관광학
32621,2,3,2,3,1,0,2,3,2,3,2,2,1,0,3,3,3,4,2,4,1,0,2,4,3,2,1,0,2,3,3,4,1,0,1,0,1,0,1,0,2,3,2,2,3,4,4,5,4,5,1,0,2,3,1,0,3,5,3,5,1,0,3,3,3,4,5,5,4,5,4,5,1,0,4,4,4,5,4,4,5,6,4,5,3,3,3,4,5,4,5,3,3,1,5,1,2,2,2,3,5,1,4,1,2,2,0,7,1,3,2,1,5,3,3,3,9,9,9,3,4,4,1,4,3,4,2,4,3,5,2,4,3,3,4,5,3,5,3,4,5,3,2,2,2,2,2,2,2,2,2,2,2,3,3,3,2,9,7,9,7,8,8,7,4,4,1,59,2,2,6,1,48,0,0,2600,901101,농사 기계 사람,인문계
32622,4,4,4,4,5,5,4,4,2,4,4,4,5,7,4,4,4,4,4,4,4,4,4,4,4,4,4,4,4,4,4,4,4,4,4,4,4,4,4,4,4,4,4,4,4,4,2,3,4,4,4,4,4,4,4,4,4,4,4,4,4,4,4,4,4,4,4,4,5,5,4,4,4,4,4,4,4,4,4,4,4,4,4,4,3,3,4,4,3,3,4,1,2,3,3,3,2,4,3,3,4,18,1,2,2,1,5,6,5,5,4,4,5,4,4,2,2,3,4,4,3,2,3,5,4,3,4,4,4,3,4,4,5,5,4,3,5,5,4,3,3,5,2,2,2,2,2,2,2,2,2,1,4,2,2,2,2,7,8,7,4,5,4,8,3,5,2,37,4,1,1,1,48,2600,1800,0,416103,리더쉽 교육 예술 관심 증대,국문학
32623,4,5,3,5,4,5,4,6,4,5,3,5,2,4,3,5,4,4,3,5,4,5,3,5,4,5,3,5,4,5,4,6,3,4,4,5,4,5,3,4,4,5,4,6,4,4,4,5,2,3,3,4,4,4,4,5,2,4,4,5,4,5,2,3,3,5,4,4,4,5,3,5,2,4,4,4,4,3,2,4,4,5,3,5,2,4,4,5,3,3,4,3,4,3,4,4,3,4,3,4,3,10,1,2,2,2,0,2,5,3,3,3,4,4,4,4,4,4,4,4,3,3,4,3,4,3,3,4,3,3,4,4,4,4,3,3,3,3,3,3,3,4,2,2,2,2,2,2,2,2,2,1,3,2,2,3,1,5,6,5,5,5,6,4,5,6,1,32,4,1,1,1,40,3000,2000,0,29901,필요성,영문학
32624,2,2,2,2,2,2,4,5,2,2,2,3,5,6,2,2,2,2,1,0,3,3,1,0,2,2,1,0,3,3,3,3,4,4,3,3,4,5,3,3,2,2,3,4,3,3,3,3,3,4,2,3,2,2,1,0,3,3,3,3,3,4,1,0,2,3,2,3,2,2,2,3,1,0,2,2,2,2,3,3,1,0,1,0,2,2,2,2,5,3,4,3,4,2,3,4,3,2,4,2,5,18,1,2,2,2,0,5,2,3,3,2,4,4,4,4,3,3,4,4,2,3,3,4,3,2,3,3,2,4,3,4,4,3,4,4,3,4,3,5,4,4,2,2,2,2,2,2,2,2,2,2,5,1,1,1,1,8,8,8,3,4,4,8,2,2,1,30,3,1,1,1,40,3400,2800,0,417102,콘텐츠 개발 요구 시대,정보미디어학
32625,2,2,3,2,2,2,2,3,2,2,1,0,2,2,3,4,3,3,2,2,2,3,3,4,4,4,1,0,1,0,1,0,1,0,1,0,1,0,3,3,3,3,3,4,3,3,1,0,1,0,1,0,1,0,1,0,2,3,2,3,1,0,1,0,2,2,2,3,2,2,2,2,1,0,2,2,2,2,3,3,3,4,3,3,2,4,2,2,2,4,2,3,4,1,3,3,3,3,3,3,4,6,1,2,2,2,0,5,1,3,2,1,3,2,2,3,1,2,3,3,2,4,3,3,4,4,3,4,3,3,3,2,2,3,3,2,2,4,4,3,2,4,2,2,2,2,2,2,2,2,2,2,2,2,1,2,2,7,6,3,2,7,7,8,3,4,1,55,2,1,1,1,40,4300,2400,0,702301,건설 경기 침체,공고
32626,2,3,3,4,3,2,3,4,3,4,3,4,3,3,3,2,3,4,3,5,2,2,3,4,3,2,2,5,3,3,2,3,2,5,3,5,2,3,2,2,2,3,2,3,2,3,2,3,2,2,2,5,2,4,2,5,3,2,3,3,2,3,3,2,2,2,3,3,3,2,3,3,2,3,3,3,3,2,3,3,2,3,3,3,3,2,2,2,4,3,4,3,3,4,4,2,3,3,3,3,4,7,4,1,1,1,4,4,2,3,3,3,4,4,3,3,3,3,3,3,2,3,3,1,4,4,5,1,5,3,3,4,4,4,4,4,4,4,4,4,4,5,2,2,2,2,2,2,2,2,2,1,2,2,2,2,2,7,3,7,3,7,3,7,3,7,1,45,2,2,6,1,66,0,0,3000,307301,안경사 안경테에 렌즈 맞추기 훈련 컴퓨터 대신 일이,문과
32627,2,3,3,4,1,0,2,3,1,0,1,0,1,0,2,3,2,3,1,0,1,0,1,0,4,5,4,5,4,5,1,0,2,3,2,3,3,4,4,5,4,5,3,4,2,3,1,0,1,0,1,0,1,0,1,0,1,0,1,0,1,0,1,0,1,0,1,0,1,0,1,0,1,0,4,5,1,0,1,0,1,0,1,0,4,4,1,0,4,4,2,5,4,4,4,3,4,3,4,3,4,17,4,2,1,2,0,7,5,4,5,4,4,3,4,4,3,4,4,3,3,4,3,4,3,4,4,4,5,4,4,3,4,4,5,4,5,4,4,4,4,5,2,2,2,2,2,2,2,2,2,2,3,2,3,3,2,8,8,7,8,6,5,7,8,5,1,38,5,2,6,1,50,0,0,7500,301401,치과의사 업무 일부분 인공 지능 대체,치의학
32628,4,5,3,5,4,4,5,5,2,3,4,4,3,4,3,4,3,4,4,5,3,5,4,4,3,4,5,5,5,6,3,5,3,5,4,4,3,5,3,5,4,5,3,4,5,5,3,5,3,4,4,5,1,0,1,0,1,0,1,0,4,4,3,4,1,0,1,0,1,0,1,0,5,5,1,0,1,0,1,0,1,0,1,0,4,5,5,4,5,4,2,3,5,4,3,4,3,4,4,4,4,16,5,6,2,2,0,6,5,5,5,4,4,4,4,3,4,9,5,4,3,3,3,3,4,3,2,3,4,3,4,4,4,5,4,3,4,4,3,3,3,3,2,2,2,2,2,2,2,2,2,1,3,3,3,3,2,6,4,5,7,6,4,4,4,6,1,54,6,1,1,1,40,10000,7500,0,13204,제한 직업 변화 현재 수준 유지,기계공학
32629,2,2,2,3,2,2,1,0,2,3,1,0,1,0,1,0,2,3,1,0,1,0,1,0,3,3,2,3,2,2,2,2,1,0,1,0,2,2,2,3,1,0,1,0,1,0,1,0,1,0,1,0,2,3,1,0,2,2,1,0,1,0,1,0,2,2,2,2,2,2,2,2,2,2,3,4,2,5,2,3,2,3,1,0,3,4,2,2,3,3,2,3,3,2,2,4,3,3,2,2,3,3,1,1,2,1,4,4,1,2,2,1,4,4,2,3,3,4,4,3,2,4,3,3,3,2,4,3,3,4,3,4,3,3,3,3,2,4,3,3,4,3,2,2,2,2,2,2,2,2,2,2,2,2,2,2,2,7,6,6,3,4,5,6,4,4,2,45,2,1,2,1,40,2160,1900,0,862301,기본적인 미싱 다루는 방법 대규모 자동화 기계,상고
32630,2,3,3,5,3,5,3,4,2,4,3,5,2,4,3,5,3,5,2,5,4,5,4,6,2,4,3,5,2,4,3,6,3,5,2,5,3,5,2,4,4,5,3,5,4,6,3,5,2,4,3,4,2,4,3,5,2,4,3,5,4,6,3,5,2,4,3,5,4,5,2,4,3,5,4,5,3,4,2,4,4,6,3,5,2,4,3,5,2,3,4,3,2,2,4,4,3,2,3,4,3,3,1,2,1,2,0,4,3,4,3,4,4,3,3,4,3,4,4,2,2,3,4,4,3,4,3,2,3,4,4,4,3,3,2,3,4,3,2,3,4,3,2,1,2,2,1,2,1,2,2,2,1,3,2,3,2,2,3,7,6,8,8,4,3,4,1,34,2,1,1,1,50,3000,2800,0,873101,식품가공기능사 작업 환경 구성 업계 회사 어려움,문과
32631,5,6,4,6,5,6,5,6,4,4,4,6,4,5,4,5,4,6,4,5,4,6,4,6,4,6,4,5,4,5,4,6,4,5,4,6,4,6,4,4,3,5,4,5,4,5,3,4,4,5,4,4,4,4,3,3,3,3,3,4,3,4,2,2,2,3,1,0,1,0,1,0,4,5,3,5,3,5,4,4,3,4,2,4,4,5,4,5,4,4,3,4,4,4,5,3,4,4,4,4,3,16,5,3,1,2,0,6,6,4,3,3,4,4,4,4,3,4,4,4,2,3,3,4,3,3,3,3,4,4,4,4,3,4,4,5,4,5,4,3,5,4,2,2,2,2,2,2,2,2,2,1,3,3,3,3,2,5,5,5,6,5,4,5,5,5,2,40,6,1,1,1,52,4000,3000,0,110105,심리학 석사학위 변화,심리학
32632,2,2,2,2,2,2,2,2,2,2,2,2,3,3,2,4,2,2,2,2,2,2,3,3,2,3,2,2,2,2,2,3,2,2,2,2,2,3,2,1,3,3,2,1,2,2,2,1,2,2,2,2,3,3,3,5,3,5,3,4,2,1,3,4,2,3,3,2,3,3,3,3,1,0,4,5,3,5,3,4,3,4,3,4,2,4,2,2,3,3,3,2,3,3,3,3,3,2,2,3,3,3,1,2,2,2,0,2,2,3,2,1,3,3,2,2,9,9,4,3,3,3,3,4,3,4,4,4,4,3,2,5,3,3,3,2,3,5,3,3,5,4,2,2,2,2,2,2,2,2,2,2,1,2,2,2,2,8,7,6,4,4,4,6,4,4,1,58,2,1,1,1,52,4200,2400,0,862301,사업 해외 이전 기계 설비 자동화,이과
32633,4,6,4,6,4,6,4,6,4,6,4,6,4,6,4,6,5,6,4,6,4,5,4,6,4,6,4,6,4,5,4,6,4,6,4,6,4,6,4,6,4,6,4,6,4,6,4,6,4,5,5,5,5,6,4,5,4,6,4,6,4,5,4,6,4,5,4,5,4,6,4,6,4,6,4,6,4,5,4,6,4,6,4,6,4,6,4,5,4,4,5,4,4,4,4,4,3,5,4,4,4,15,2,5,1,2,0,3,5,4,4,4,4,5,4,4,4,5,5,4,4,3,4,4,4,4,5,4,4,4,4,4,4,3,5,4,4,4,5,5,4,4,2,2,2,2,2,2,2,2,2,1,4,2,2,2,1,6,8,7,4,5,5,6,5,4,2,41,4,1,1,1,40,2200,1700,0,521303,국내여행안내선 숲해설가 공립 자연휴양림 수목원 증가,역사학
32634,4,5,5,7,2,2,4,5,1,0,4,5,5,7,4,5,5,7,3,3,3,3,5,6,5,7,4,6,4,5,4,5,4,5,3,4,5,7,4,5,5,7,5,7,4,5,1,0,1,0,4,5,3,4,1,0,4,5,2,2,1,0,1,0,1,0,1,0,1,0,1,0,4,5,5,6,4,5,4,5,4,5,3,4,5,7,5,7,5,5,3,3,5,3,2,3,4,4,4,3,4,18,4,1,2,2,0,6,5,4,3,3,4,4,3,3,9,9,9,3,2,4,4,2,3,3,3,4,4,5,3,4,4,5,3,4,4,4,4,4,4,5,2,2,2,2,2,2,2,2,2,1,2,2,2,2,2,1,8,2,8,9,3,9,2,2,1,49,5,1,4,2,30,4000,2000,0,414501,통해 지휘자 음악 감상 수가,지휘학
32635,3,3,2,2,2,2,2,3,3,3,2,2,4,4,3,3,4,4,4,4,2,2,3,3,4,4,2,2,3,3,3,3,3,3,2,2,2,2,3,4,2,2,4,4,3,3,3,3,3,3,4,4,3,3,2,2,3,3,4,4,3,3,3,4,4,5,2,2,3,4,4,4,4,4,4,5,4,4,3,3,2,2,4,4,4,5,2,2,4,3,4,4,3,4,4,3,4,4,3,4,4,18,4,1,2,2,0,2,5,3,3,4,4,4,4,3,9,9,9,3,4,3,4,3,4,4,4,3,4,3,4,4,3,4,4,4,3,3,4,3,3,4,2,2,2,2,2,2,2,2,2,1,3,3,3,3,2,4,7,4,3,6,5,4,8,7,2,49,4,2,6,1,40,0,0,4700,414101,예술 관심,회화
32636,4,4,5,3,1,0,1,0,3,2,2,2,1,0,3,2,2,3,4,3,2,1,3,4,4,2,2,1,2,2,4,2,1,0,1,0,5,2,3,2,3,5,4,3,2,2,1,0,2,4,1,0,4,2,5,3,3,3,2,2,1,0,2,4,2,1,5,2,2,4,4,5,2,2,3,2,5,3,2,4,1,0,1,0,3,2,1,0,2,4,5,5,4,5,4,2,2,5,4,4,5,6,1,2,1,2,0,3,5,2,3,4,4,5,4,2,3,4,3,4,4,3,4,2,4,4,3,3,2,3,3,4,3,3,2,3,4,5,5,4,4,4,2,2,2,2,2,2,2,2,2,1,3,2,3,3,2,4,7,6,5,5,8,7,5,6,1,40,4,1,1,1,40,4500,4000,0,158201,소방설비기사 소방공학기술사 정부 안전 진단 대한 강화 변동,소방방재학
32637,1,0,4,5,1,0,4,5,1,0,1,0,1,0,1,0,1,0,1,0,1,0,1,0,2,3,2,3,3,4,1,0,2,3,3,4,1,0,4,5,1,0,1,0,3,4,1,0,1,0,2,4,1,0,1,0,1,0,1,0,2,3,1,0,1,0,1,0,1,0,1,0,1,0,1,0,2,3,1,0,2,3,1,0,2,3,2,3,3,3,2,3,4,3,3,3,4,3,3,2,3,9,1,2,2,2,0,7,2,4,3,3,4,3,3,3,3,3,4,4,3,2,3,3,3,4,3,3,3,4,3,2,3,3,4,3,3,3,3,3,3,4,2,2,2,2,2,2,2,2,2,2,3,2,2,3,1,6,5,4,5,4,5,5,4,6,2,36,4,1,1,1,42,3309,2100,0,512102,컨설팅 웨딩 직업 유지,유아교육
32638,4,5,4,5,4,5,4,6,4,6,4,6,2,3,3,4,3,4,4,5,3,4,3,5,4,5,4,5,4,5,3,4,4,5,4,6,2,3,4,6,4,5,4,6,4,5,4,6,3,4,3,4,2,3,2,1,1,0,1,0,4,3,4,4,3,2,1,0,3,5,1,0,3,4,3,3,2,3,3,4,3,4,4,4,3,4,3,4,4,3,4,3,3,2,3,3,3,3,3,2,3,12,1,1,1,2,0,5,4,4,3,3,4,4,3,3,4,4,3,4,3,3,3,4,4,4,3,4,3,4,3,4,4,4,3,4,4,4,2,2,3,4,2,2,2,2,2,2,2,2,2,1,4,1,1,1,1,5,6,5,6,5,4,4,5,6,2,39,4,1,1,1,35,3200,3000,0,611001,공인중개사 사람 집세 월세 전세 이사 산다,경영학
32639,2,2,3,3,1,0,2,2,1,0,1,0,1,0,1,0,2,3,1,0,1,0,2,3,2,3,3,4,3,3,2,2,3,4,1,0,2,2,3,4,3,3,2,3,2,2,1,0,2,1,1,0,2,4,1,0,1,0,1,0,1,0,3,4,2,2,1,0,1,0,1,0,1,0,3,4,1,0,1,0,2,2,2,3,2,3,1,0,3,2,3,2,3,1,2,3,2,3,2,1,2,19,1,1,1,2,0,7,2,3,4,3,4,4,2,3,2,3,4,3,3,4,5,4,3,2,2,3,4,3,4,4,3,2,3,3,2,4,3,2,4,5,2,2,2,2,2,2,2,2,2,1,3,2,2,3,2,7,8,6,4,3,5,5,4,5,2,28,3,1,1,1,50,2600,2350,0,511301,피부미용사자격증 개인 피부관리 인구 증가,피부미용
32640,2,2,2,3,2,1,2,2,2,1,2,1,4,5,2,2,2,3,2,1,2,2,2,4,2,5,2,4,2,2,2,3,2,2,2,3,2,2,2,5,2,4,2,4,2,3,2,4,2,3,2,1,2,4,2,4,3,3,2,1,2,1,2,4,2,4,2,3,2,1,2,2,2,4,2,5,2,3,1,0,1,0,2,2,2,2,2,1,4,3,4,3,3,3,3,3,4,4,3,3,4,3,4,1,1,2,0,7,4,2,3,3,3,2,3,4,9,9,9,4,4,3,3,4,3,2,3,4,3,2,4,2,3,3,2,3,3,2,2,3,3,4,2,2,2,2,2,2,2,2,2,2,3,2,2,3,2,6,6,7,4,3,3,5,4,5,2,41,3,2,6,1,60,0,0,4400,415101,일러스트 CAD 변화,금속쥬얼리
32641,2,3,3,4,2,4,3,5,1,0,2,4,2,3,3,5,2,4,3,5,3,4,4,5,2,4,3,4,2,3,4,5,3,5,4,5,2,4,2,3,3,5,4,6,3,6,3,4,3,5,2,4,4,5,1,0,4,6,1,0,1,0,4,5,2,4,3,5,2,4,4,5,2,3,4,4,4,6,3,5,4,6,3,5,3,6,3,4,3,2,3,4,4,3,4,3,3,4,3,2,3,15,2,2,2,2,0,2,2,2,3,3,4,3,3,4,3,2,2,3,4,4,2,2,3,4,3,4,2,3,4,3,3,4,3,3,2,2,3,4,3,4,2,2,2,2,2,2,2,2,2,2,4,3,3,3,2,3,2,3,4,5,6,2,7,3,1,29,2,1,1,1,40,3800,3000,0,561201,환경오염,문과
32642,5,5,5,5,3,5,5,5,2,5,4,5,5,5,3,4,4,4,3,4,4,5,3,4,4,4,2,4,4,3,5,4,5,5,4,4,2,4,3,4,4,3,3,3,3,3,3,4,2,3,3,4,3,3,3,4,2,4,1,0,3,3,2,3,1,0,1,0,2,4,2,3,3,3,1,0,2,3,2,3,1,0,2,4,3,3,3,3,3,4,3,2,3,4,3,4,3,3,3,3,4,11,1,2,2,2,0,7,2,2,1,1,4,4,4,3,2,3,4,3,3,3,3,4,4,4,4,3,4,4,3,4,5,4,4,5,4,4,5,4,4,4,2,2,2,2,2,2,2,2,2,3,1,3,3,2,2,8,4,7,6,3,7,2,7,6,2,32,2,1,2,2,40,2000,1800,0,613001,전산 일이,인문
32643,2,2,2,2,2,2,2,2,2,3,2,3,2,2,2,2,2,3,5,6,2,3,1,0,1,0,3,4,2,3,2,3,1,0,1,0,1,0,2,3,1,0,2,3,2,2,2,2,1,0,1,0,1,0,1,0,2,3,1,0,1,0,2,3,2,2,2,3,2,2,1,0,2,3,1,0,3,4,1,0,2,2,2,2,2,2,2,2,4,4,5,4,3,4,4,2,3,2,3,4,5,8,1,2,1,2,0,1,1,4,4,3,4,3,3,4,9,9,4,4,2,5,5,3,3,4,3,4,5,4,4,5,5,3,3,4,4,3,3,4,4,3,2,2,2,2,2,2,2,2,2,1,3,3,3,3,2,9,9,9,2,2,3,8,8,5,1,53,2,1,1,1,48,3500,2700,0,622304,대형운전면허 운송 관련 일거리 계속 유지,화공
32644,5,7,5,7,5,6,4,6,1,0,4,6,5,6,4,4,4,5,1,0,5,6,4,6,4,5,2,4,4,5,4,5,4,5,4,6,4,4,4,5,4,5,4,5,4,6,4,5,4,5,4,6,4,5,4,5,4,5,1,0,1,0,4,5,1,0,1,0,1,0,1,0,4,6,1,0,1,0,1,0,1,0,1,0,4,5,4,5,5,4,5,4,4,4,3,4,3,4,4,4,4,3,1,6,2,2,0,3,5,4,5,4,4,4,4,5,4,5,4,4,4,5,4,4,5,4,4,5,4,4,2,4,5,4,5,5,5,5,4,5,5,2,2,2,2,2,2,2,2,2,2,1,2,3,2,2,1,5,7,4,3,3,5,7,4,6,2,46,4,1,1,1,40,5000,2800,0,215105,공란,경제
32645,4,5,3,4,2,1,3,4,1,0,1,0,2,1,1,0,3,3,2,1,1,0,2,3,3,4,2,3,4,5,4,5,3,4,1,0,3,3,3,4,4,5,4,5,3,4,2,3,3,3,1,0,3,4,1,0,1,0,1,0,1,0,3,4,1,0,1,0,1,0,1,0,2,2,3,4,3,3,1,0,1,0,2,2,2,1,2,1,4,2,3,3,4,2,3,4,3,4,3,2,2,3,1,2,1,2,0,7,2,3,3,3,3,4,3,3,4,3,4,4,2,4,4,4,3,4,3,2,3,3,3,3,2,3,3,4,2,3,3,2,4,4,2,2,2,2,2,2,2,2,2,1,4,2,2,2,2,6,7,3,4,3,5,3,3,5,1,39,3,1,1,1,60,3600,3000,0,862201,양장사 맞춤 선호,치기공
32646,1,0,1,0,1,0,1,0,1,0,1,0,1,0,1,0,1,0,1,0,1,0,1,0,4,4,1,0,1,0,1,0,1,0,1,0,1,0,1,0,1,0,3,3,2,3,1,0,1,0,1,0,1,0,3,4,4,5,3,5,1,0,3,4,3,4,4,5,4,4,4,5,1,0,4,4,4,4,3,3,1,0,3,4,3,3,1,0,4,3,4,3,4,3,4,3,3,4,3,4,5,3,1,3,2,2,0,7,2,3,3,2,4,3,4,3,4,4,5,4,3,4,4,4,5,4,4,4,5,4,5,4,3,4,4,3,3,4,3,3,4,4,2,2,2,2,2,2,1,2,2,2,2,2,2,3,2,9,5,7,3,7,4,7,3,7,1,42,3,1,1,1,40,4200,2500,0,882201,침체 구조조정 자동화,교육학
32647,2,2,3,4,2,2,3,4,2,2,3,4,3,4,2,2,2,2,2,2,3,4,1,0,3,4,2,2,3,4,2,2,3,4,3,4,2,2,2,2,4,6,4,6,4,6,3,4,3,4,2,2,3,4,3,4,3,4,3,4,3,4,3,4,2,2,2,2,2,2,2,2,3,4,4,6,3,4,3,4,3,4,3,4,3,5,4,6,5,4,4,3,1,1,4,3,3,3,2,3,3,3,1,1,2,2,0,2,2,4,3,2,4,4,3,4,9,9,4,4,2,3,3,4,5,4,2,1,4,2,4,4,4,3,2,2,4,5,4,3,3,3,2,1,2,2,2,1,1,2,2,2,2,2,2,2,1,3,7,3,7,4,7,3,7,4,1,60,2,2,5,1,48,0,0,5000,826101,체계 라인 구성 위해 자동화 설비 도입 때문,실업고
32648,5,7,5,6,5,6,4,6,5,6,5,6,4,6,5,7,5,6,4,5,4,5,4,6,4,6,4,6,5,7,3,4,4,5,5,7,5,7,5,6,5,7,5,7,4,5,3,4,3,4,3,4,2,2,3,4,1,0,1,0,1,0,1,0,1,0,1,0,1,0,1,0,1,0,1,0,1,0,1,0,1,0,1,0,3,3,1,0,3,3,3,3,3,4,3,3,3,3,3,3,3,15,2,4,2,2,0,5,6,3,3,3,4,5,4,3,4,4,4,4,3,3,3,3,3,3,2,2,3,3,4,3,3,3,3,3,3,3,3,3,3,4,2,2,2,2,2,2,2,2,2,2,3,3,3,3,2,2,3,5,5,5,5,5,5,5,1,55,6,1,1,1,48,7000,4000,0,110103,상태 유지,국어국문학
32649,5,6,4,5,4,6,3,5,3,4,4,5,4,5,3,4,3,4,3,5,3,5,3,5,4,4,4,5,3,3,2,3,4,5,3,4,3,5,4,4,4,5,4,5,4,5,2,3,3,3,3,4,3,5,4,4,4,5,2,4,3,4,4,4,3,4,3,4,2,3,2,3,2,3,2,2,2,2,2,3,1,0,1,0,2,3,2,3,4,4,5,4,5,4,4,2,4,3,4,3,5,3,1,2,2,2,0,4,4,4,3,3,3,3,4,3,4,3,3,3,2,3,3,4,3,2,3,2,3,3,4,4,3,4,4,4,3,4,2,3,4,3,1,1,1,1,2,2,2,1,1,2,3,3,2,3,2,2,3,6,6,4,5,5,5,6,1,45,4,1,1,1,40,6900,3000,0,153201,기존 제품 성능 향상 과제 대한 업무 과중 사람 업체,산업공학
32650,4,5,4,5,3,4,4,5,4,5,4,6,3,4,2,3,3,3,2,2,3,3,3,5,4,5,5,6,5,5,4,4,3,4,3,5,4,4,5,6,4,4,4,5,4,5,4,5,1,0,4,5,1,0,1,0,1,0,1,0,5,6,1,0,1,0,1,0,1,0,1,0,3,5,1,0,1,0,1,0,1,0,1,0,3,3,3,4,4,5,4,4,4,5,4,4,5,4,4,4,4,11,1,2,2,2,0,7,5,4,3,4,4,4,3,3,4,4,4,4,1,4,4,3,4,4,3,4,3,4,4,3,3,4,4,4,4,5,4,3,4,3,2,2,2,2,2,2,2,2,2,2,3,2,2,2,2,7,6,8,7,8,2,3,4,5,1,53,4,1,1,1,44,8500,7500,0,12401,전문 자산 운영 인력 계속,회계학
32651,4,5,4,5,4,3,4,5,2,3,5,5,1,0,5,7,2,2,1,0,2,3,4,3,1,0,5,7,4,5,3,3,3,4,3,4,3,4,4,5,4,5,5,4,2,3,4,5,1,0,2,3,1,0,1,0,1,0,1,0,3,3,1,0,3,3,1,0,1,0,1,0,2,3,1,0,1,0,1,0,1,0,1,0,3,4,3,4,3,4,2,4,3,4,4,3,4,4,3,4,3,15,2,4,2,2,0,7,5,4,3,4,4,4,3,4,3,4,5,5,2,5,4,4,3,4,2,4,3,3,3,5,5,5,4,4,4,5,4,3,4,5,2,2,2,2,2,2,2,2,2,2,3,3,3,3,1,7,8,5,6,4,3,4,7,5,1,36,3,1,1,1,40,4000,2600,0,25101,공무원 특성 일자리 변화 크게,행정학
32652,3,2,2,3,3,2,3,3,2,1,1,0,1,0,3,4,2,2,3,5,1,0,1,0,2,3,3,4,2,2,1,0,1,0,1,0,1,0,2,2,2,1,3,2,2,2,1,0,2,1,1,0,1,0,1,0,2,2,1,0,1,0,1,0,2,3,1,0,1,0,1,0,1,0,3,3,4,5,4,4,4,5,3,4,3,3,3,4,4,4,3,3,2,1,2,3,2,2,3,1,3,15,2,2,1,1,1,2,2,3,2,3,3,3,4,4,3,4,4,4,3,3,3,2,1,1,2,3,3,4,4,3,3,2,2,4,3,3,2,2,3,3,2,2,2,2,2,2,2,2,2,2,2,2,1,2,1,6,6,5,5,4,4,5,4,4,1,32,2,1,1,1,52,3100,2400,0,624201,자동차운전면허1 2종 보통 직무교육 종이 우편물 감소,문과
32653,3,4,2,2,2,1,3,3,4,5,3,3,4,5,3,3,3,4,2,5,2,2,3,4,3,4,2,2,3,3,3,4,2,2,3,4,4,5,3,3,4,5,4,5,3,4,3,4,2,2,3,3,4,5,3,4,2,2,2,2,2,1,3,4,4,5,3,3,2,2,3,3,3,4,4,5,4,5,2,2,4,5,3,4,2,2,2,2,3,2,2,4,3,2,3,4,2,3,4,2,3,6,1,2,1,2,0,5,5,3,4,5,5,3,4,4,4,4,3,4,2,5,4,3,2,4,3,2,4,3,4,2,2,4,4,4,4,3,2,3,4,3,2,2,2,2,2,2,2,2,2,2,2,3,3,3,1,4,4,6,5,3,5,5,3,4,1,53,4,1,1,1,48,5600,3700,0,140101,건축구조기술사 건축시공 건축기사 건축 시장 건망 어두움,건축설비학
32654,4,5,3,4,4,4,4,4,4,5,4,4,4,4,4,5,3,5,3,3,4,4,3,4,1,0,2,3,3,3,4,4,4,4,3,4,4,4,4,4,4,4,3,5,4,4,3,5,2,2,3,3,1,0,3,3,1,0,1,0,3,4,1,0,1,0,1,0,1,0,1,0,1,0,1,0,1,0,1,0,1,0,1,0,3,3,2,3,4,3,3,4,3,4,4,4,3,3,4,4,4,11,1,5,2,2,0,5,5,3,2,2,3,3,4,3,3,3,4,3,3,2,3,4,3,2,3,2,4,4,4,3,4,4,3,4,4,3,3,4,4,4,2,2,2,2,2,2,2,2,2,1,3,3,3,3,2,6,5,6,7,6,5,3,4,5,1,39,4,1,3,1,52,3300,3000,0,31102,변동,전산
32655,5,6,5,6,4,7,4,6,3,3,4,6,5,6,5,6,4,5,3,5,4,6,4,6,4,5,5,3,5,6,5,6,5,6,5,6,4,5,3,6,5,6,5,6,4,6,5,3,5,4,5,4,4,6,4,6,5,7,3,5,4,5,5,6,5,6,4,6,3,4,4,5,5,6,4,5,4,6,4,6,2,3,3,4,4,4,2,3,5,3,5,3,4,4,4,4,3,3,3,3,4,13,1,2,2,2,0,4,5,3,4,3,3,4,4,3,3,3,3,4,3,3,3,4,3,3,3,4,4,5,4,3,3,4,3,3,4,3,3,3,5,3,1,1,1,1,2,1,1,2,2,2,2,2,3,3,2,8,4,4,2,2,4,5,7,8,1,44,4,1,1,1,40,5000,1700,0,29901,장비 도입 경기 침체,교양인문학
32656,3,4,3,4,3,4,4,6,3,4,3,4,4,5,3,4,3,4,3,4,3,4,3,4,3,4,4,6,4,5,3,4,4,6,4,6,3,4,3,4,3,4,4,6,4,5,3,4,3,4,3,4,3,4,2,3,2,3,2,3,3,4,3,4,3,4,2,3,2,3,2,3,3,4,2,3,2,3,2,3,2,3,2,3,2,3,3,4,3,4,3,3,4,3,3,3,3,3,3,3,3,3,1,2,2,2,0,7,5,3,3,3,3,3,3,3,3,4,4,4,2,3,3,4,4,4,4,2,3,2,4,4,4,4,3,3,4,4,4,4,4,3,2,2,2,2,2,2,2,2,2,1,3,2,2,2,2,8,2,2,3,7,3,3,5,7,1,32,4,1,1,1,40,3500,2200,0,612101,기계 대체 불가,전기공학
32657,4,4,3,4,4,5,4,4,4,4,4,5,5,5,3,3,4,4,5,5,4,4,3,3,4,4,3,4,3,6,4,4,4,4,3,5,4,4,3,4,5,5,4,4,4,4,4,6,3,5,3,5,4,4,3,5,3,5,3,5,3,5,3,4,4,4,3,5,5,5,4,4,3,4,4,4,4,4,4,4,3,4,4,4,4,3,4,4,4,3,3,4,3,4,3,3,4,3,4,3,4,3,1,3,1,2,0,3,2,4,5,4,4,3,4,3,4,5,4,5,2,3,3,4,3,4,3,4,4,3,4,4,3,4,3,4,4,4,3,4,4,4,2,2,2,2,2,2,2,2,2,2,3,2,2,2,2,7,4,7,7,3,3,6,7,4,1,40,2,1,1,1,40,3400,2000,0,873101,식육가공 기사 없다 육류 소비 남녀 노소 대중성 때문 유지,원예
32658,3,5,3,4,3,4,2,3,2,3,2,2,2,1,3,5,2,3,2,3,2,2,2,2,2,2,2,3,2,3,2,2,2,2,2,2,2,2,2,3,2,2,2,3,2,2,2,2,2,2,2,2,2,2,2,3,4,6,2,2,2,2,2,2,2,2,2,3,2,3,2,2,2,3,4,6,3,4,2,3,2,2,2,2,3,4,3,3,4,4,3,3,3,3,3,2,2,3,3,3,3,15,2,2,1,2,0,4,5,4,3,3,4,4,4,2,4,5,4,4,1,4,3,4,4,3,3,4,4,4,4,4,4,3,3,4,4,4,4,3,4,3,2,2,2,2,2,2,2,2,2,2,4,2,2,3,1,6,3,4,5,5,4,7,5,5,2,37,4,1,1,1,40,4300,2000,0,413102,문화재 수리기능사 문화재 보존 인식,동양화
32659,4,7,4,4,4,6,3,6,4,6,3,6,4,5,4,4,5,5,4,5,3,5,4,5,4,4,4,5,5,5,4,6,4,6,4,7,4,4,4,4,4,4,4,5,4,6,5,6,4,5,3,4,4,6,3,5,4,4,4,6,4,5,4,4,4,5,4,5,5,6,5,6,4,6,4,5,4,5,4,4,4,6,4,6,4,6,3,5,4,4,5,4,3,4,3,4,4,5,4,3,4,17,1,1,2,2,0,5,4,4,4,4,4,4,4,5,3,4,3,5,4,3,3,4,3,3,4,4,4,3,3,4,5,3,3,4,3,5,4,4,4,3,2,2,2,2,2,2,2,2,2,2,4,3,3,3,2,8,8,3,3,5,6,8,3,5,1,38,4,1,1,1,42,3400,2700,0,612401,고령화 건강 관심,경영학
32660,3,4,1,0,3,4,3,4,1,0,1,0,1,0,2,3,2,3,1,0,1,0,1,0,3,4,1,0,1,0,1,0,1,0,1,0,3,3,1,0,2,3,1,0,1,0,1,0,1,0,1,0,2,3,1,0,2,3,2,2,1,0,1,0,2,2,2,3,2,2,3,5,2,3,3,5,3,5,3,4,3,4,3,3,3,4,2,3,2,2,3,3,4,3,4,3,3,3,4,3,3,3,1,5,2,2,0,1,2,3,2,2,3,2,2,4,3,3,4,4,2,4,4,3,4,4,4,3,4,3,3,4,4,4,4,4,5,5,4,3,4,4,2,2,2,2,2,2,2,2,2,1,4,3,3,3,2,6,5,4,6,5,2,4,5,5,1,54,2,1,1,1,40,4000,2000,0,816103,자동차 산업 발달,기계
32661,2,3,2,4,3,4,3,4,3,4,3,6,3,5,4,5,3,4,3,4,4,5,3,4,3,4,3,3,4,6,3,5,2,4,3,3,3,4,4,6,4,5,4,5,3,5,3,4,3,4,3,3,4,5,4,5,4,5,4,5,3,5,4,5,4,6,4,5,4,5,4,5,4,5,4,5,3,6,3,5,4,5,3,4,3,4,3,4,3,4,3,3,3,2,2,3,2,3,3,2,3,13,1,2,1,2,0,5,5,3,4,3,5,5,4,3,4,4,4,3,4,3,3,3,4,3,3,3,3,4,4,3,3,4,3,3,2,3,4,4,3,4,2,2,2,2,2,2,2,2,2,1,2,3,3,2,1,5,6,6,7,6,5,6,5,3,1,39,4,1,1,1,30,3700,2800,0,834001,산업기사 경제 침체 일자리 부족,전기학
32662,4,5,3,4,3,5,3,4,4,6,4,6,4,5,4,5,4,5,3,4,4,5,4,5,2,3,4,5,3,3,4,5,4,6,4,6,4,6,4,6,4,5,4,6,4,6,4,4,4,6,4,6,4,5,5,7,5,7,5,7,3,4,4,6,3,4,2,3,2,2,2,2,2,3,3,4,2,3,3,4,3,4,3,4,3,4,2,2,5,4,2,4,5,2,5,2,4,3,4,4,5,6,1,2,1,1,3,4,5,5,5,5,5,5,4,5,4,4,4,4,2,5,5,3,5,4,5,4,5,3,3,5,4,5,4,5,4,5,4,4,4,5,2,2,2,2,2,2,2,2,2,2,3,2,2,2,2,6,4,6,4,5,5,6,4,5,1,40,5,1,1,1,40,5300,3600,0,140401,조경기사 토목산업기사 조경산업기사 조경 건설 작업 관리 감독 교육 전원주택 추세,도시조경학
32663,2,2,4,3,1,0,3,3,3,3,1,0,1,0,3,4,3,3,1,0,1,0,1,0,5,3,1,0,2,3,2,3,1,0,1,0,1,0,3,3,2,2,3,4,2,2,1,0,1,0,1,0,1,0,1,0,4,4,3,4,1,0,1,0,4,3,5,4,4,5,5,3,1,0,4,4,4,4,4,4,4,4,5,4,3,4,2,4,2,3,3,1,2,2,2,5,4,3,4,3,4,3,1,2,2,2,0,2,2,3,3,3,3,3,2,3,2,3,3,3,4,2,3,5,4,3,2,3,3,3,2,5,3,5,5,3,3,5,4,3,5,4,2,2,2,2,2,2,2,2,2,2,1,3,3,3,2,4,6,5,6,5,5,5,4,5,1,38,3,1,1,1,40,2900,2500,0,861201,섬유 업계 불황,건축
32664,4,5,3,2,1,0,4,5,1,0,3,3,3,3,3,3,2,3,1,0,1,0,3,2,1,0,1,0,3,2,2,1,3,4,1,0,2,1,3,4,2,3,2,2,3,3,2,2,1,0,1,0,2,1,1,0,1,0,1,0,1,0,1,0,2,2,1,0,1,0,1,0,1,0,1,0,2,1,3,3,1,0,1,0,4,3,2,2,4,4,2,4,3,3,4,3,4,3,3,4,4,16,5,2,1,2,0,4,2,3,4,4,4,4,3,4,5,4,4,3,4,3,4,4,3,3,4,3,4,3,2,4,3,3,4,4,3,4,4,4,3,4,2,2,2,2,2,2,2,2,2,3,3,3,2,3,1,7,6,7,6,6,7,8,7,7,2,44,4,1,1,1,40,2900,2200,0,231401,직업상담사 일자리 사람 현상 유지,경영학
32665,4,5,3,5,3,5,3,4,3,4,3,4,2,3,2,3,3,3,2,2,2,2,2,3,3,4,2,2,3,5,2,2,2,3,2,3,4,6,3,3,2,3,3,6,3,7,3,6,3,5,4,7,2,2,2,2,2,2,2,2,2,2,2,2,2,2,2,2,2,2,2,2,3,6,2,2,2,2,2,2,2,2,2,2,2,2,2,2,5,4,4,4,4,3,3,2,3,4,4,4,4,16,5,4,2,2,0,5,6,5,5,5,5,5,4,4,9,9,4,4,1,5,4,3,3,3,4,3,4,4,4,4,5,4,4,4,5,4,4,4,5,3,2,2,2,2,2,2,2,2,2,2,2,3,3,3,1,5,6,4,4,6,5,5,6,4,1,62,6,1,1,1,35,10000,6500,0,13204,학생 수가,경제학
32666,3,3,3,3,3,4,3,4,3,4,3,4,3,3,3,3,3,3,3,3,3,3,3,4,3,3,3,3,3,3,3,3,3,3,3,3,3,3,3,3,3,3,3,3,3,3,3,3,3,3,3,3,3,3,3,3,3,3,3,3,3,3,3,3,3,3,3,3,3,3,3,3,2,3,3,3,3,3,3,3,3,3,3,3,3,3,3,3,3,3,3,3,3,2,3,3,4,3,3,3,3,11,1,4,1,2,0,7,5,3,3,3,3,3,3,3,3,3,3,3,3,3,3,3,4,3,3,3,3,4,3,3,3,4,3,4,3,4,3,4,4,3,2,2,2,2,2,2,2,2,2,1,3,3,3,3,2,6,6,5,6,6,5,5,5,5,2,50,3,1,1,1,56,4000,2000,0,31401,CFA 기계 장비 대체 불가,경영학
32667,2,3,2,3,2,1,4,5,1,0,3,4,2,1,2,1,3,5,4,5,1,0,4,5,4,5,4,5,4,5,4,6,2,1,3,4,4,5,4,5,4,5,4,5,4,5,2,1,1,0,1,0,1,0,1,0,2,3,3,3,2,1,1,0,3,4,3,4,2,3,1,0,3,4,4,5,2,1,4,5,5,6,4,5,4,5,4,5,4,4,3,3,4,2,2,4,2,3,3,3,4,18,2,3,2,2,0,5,4,4,3,4,4,2,4,2,2,2,3,3,3,3,3,3,3,4,3,3,3,3,4,4,4,3,4,4,3,4,3,3,3,3,2,2,2,2,2,2,2,2,2,1,4,3,3,3,2,6,3,4,5,5,6,5,4,3,1,36,4,1,1,1,25,2500,2300,0,420401,스포츠 사람 증가,체육학
32668,5,5,4,6,3,5,3,3,2,4,4,5,2,2,2,4,3,3,2,3,4,3,1,0,1,0,1,0,3,5,3,3,3,2,1,0,3,4,3,3,4,4,2,4,1,0,3,4,2,3,2,3,4,4,3,3,2,2,1,0,3,3,3,4,2,3,2,3,3,4,1,0,1,0,3,3,3,3,1,0,3,4,2,3,3,3,3,4,5,5,3,3,4,2,3,3,2,3,4,4,5,17,1,1,1,1,6,6,5,4,3,4,4,4,4,4,9,9,9,4,4,4,4,5,4,4,4,4,4,4,3,3,4,4,3,4,4,3,4,4,4,3,2,2,2,2,2,2,2,2,2,2,4,3,2,2,2,5,4,5,4,5,6,5,6,6,1,42,4,2,5,1,40,0,0,8800,301301,한의사 면허 인턴 레지던트 한약재 대한 관심 증가,한의학
32669,4,6,3,5,3,5,3,4,3,5,3,3,3,3,3,5,3,5,3,5,3,5,2,3,3,4,4,5,4,4,3,5,4,4,2,3,3,4,3,4,4,4,3,3,2,3,2,2,3,4,4,6,2,2,2,2,4,5,4,6,3,5,3,4,4,5,3,5,3,5,3,4,3,5,4,5,4,5,4,6,4,5,4,5,4,4,3,4,3,4,4,3,5,1,5,3,3,4,4,5,5,15,2,2,1,1,1,2,2,3,4,3,4,4,4,3,3,3,4,3,2,4,4,4,5,4,5,3,3,2,4,4,5,4,3,4,4,4,3,4,4,3,1,1,1,2,2,1,1,1,1,1,3,1,1,3,2,7,7,7,4,5,4,3,3,3,1,48,2,1,1,1,48,6800,2800,0,307101,응급구조사 현장실습교육 장비 도입 분야 부분 변화,상고
32670,5,7,5,7,4,5,5,6,3,4,4,5,2,3,4,5,4,5,4,5,4,5,4,5,5,7,5,6,4,5,3,4,3,4,2,3,4,5,2,3,3,4,5,7,4,5,2,3,2,3,3,4,3,4,3,4,4,5,2,3,2,3,2,3,1,0,1,0,1,0,1,0,2,3,2,3,2,3,2,3,3,4,3,4,5,6,4,5,3,5,4,4,4,4,4,3,3,4,4,4,4,17,3,2,1,1,6,6,7,5,5,5,5,4,3,4,4,4,4,4,2,4,4,3,2,3,2,5,4,5,2,5,5,4,4,5,5,5,4,4,5,4,2,2,2,2,2,2,2,2,2,2,3,1,1,1,1,2,2,2,6,3,2,9,2,1,1,35,6,1,1,1,40,7500,6000,0,301113,의사면허 전문의면허 레지던트 과정 수련 건강 중요시 의사,의학
32671,3,4,4,5,4,5,4,5,3,4,4,5,1,0,1,0,3,4,2,3,1,0,1,0,2,3,3,5,4,6,2,3,1,0,3,4,2,2,4,5,2,3,2,3,4,6,1,0,1,0,1,0,1,0,1,0,1,0,1,0,2,2,1,0,1,0,1,0,1,0,1,0,1,0,1,0,1,0,1,0,1,0,1,0,2,2,2,2,3,4,4,2,2,5,3,2,4,2,4,4,4,17,1,1,2,2,0,1,2,2,2,1,2,2,4,2,1,4,4,3,4,2,1,3,3,3,2,2,3,5,4,4,3,3,4,3,4,3,3,3,3,4,2,2,2,2,2,2,2,2,2,1,3,2,2,3,2,8,9,7,2,2,3,8,5,3,2,25,3,1,1,1,40,2000,1700,0,29101,대체 요인,원무행정
32672,3,5,3,4,2,3,2,3,4,5,3,4,2,3,3,4,3,5,4,5,3,5,3,5,3,4,3,3,3,5,3,4,3,3,2,3,2,3,3,4,3,3,2,3,3,4,2,4,3,4,2,4,3,5,3,4,2,3,2,3,2,3,2,3,3,3,3,4,2,3,3,5,1,0,2,2,2,3,3,4,3,5,2,3,3,5,2,4,3,3,4,4,3,2,3,3,2,3,4,3,3,2,1,2,1,1,3,4,5,4,3,2,2,3,2,4,3,2,2,3,4,2,2,4,3,2,3,3,2,4,3,4,3,2,3,4,2,4,3,2,4,2,2,2,2,2,2,2,2,2,2,1,2,2,2,2,1,4,5,6,6,5,4,4,5,6,1,28,4,1,1,1,40,4000,3500,0,705901,화약류관리기능사 화약 관리 출산율,화학
32673,4,4,5,6,4,4,4,4,4,4,4,4,4,4,3,3,4,4,4,4,4,4,4,6,4,4,4,4,4,4,4,4,4,4,4,4,4,6,4,4,4,4,4,4,4,4,3,3,4,4,4,4,5,6,4,4,4,4,4,4,4,4,4,4,5,5,5,6,5,6,4,4,4,4,5,6,4,4,4,4,4,4,4,4,4,4,4,4,4,4,4,3,4,2,3,4,3,4,4,4,4,16,5,2,1,2,0,4,2,4,3,3,5,5,3,3,2,4,3,3,3,2,3,4,5,3,4,3,4,3,3,4,3,4,5,4,4,5,4,3,4,5,2,2,2,2,2,2,2,2,2,2,2,3,3,3,2,5,4,4,6,5,4,5,4,5,2,28,3,1,1,1,40,2800,2400,0,214301,미용자격증 인구 감소,미용
32674,5,6,5,6,5,6,4,5,5,5,5,6,4,5,4,6,4,6,5,6,4,5,3,5,3,5,3,5,3,4,4,5,3,4,4,5,2,4,3,6,5,6,5,7,4,5,4,5,2,3,4,5,4,5,1,0,1,0,1,0,2,4,3,4,1,0,1,0,1,0,1,0,2,3,1,0,1,0,1,0,1,0,1,0,1,0,1,0,4,3,4,4,4,4,3,3,3,3,4,4,4,12,1,5,1,2,0,5,5,4,3,3,4,4,3,4,3,4,4,4,3,3,4,4,4,4,4,3,4,1,4,4,4,4,4,3,4,4,4,3,3,2,1,1,1,1,1,2,2,2,2,2,2,2,2,2,2,5,5,1,7,1,1,1,1,5,1,39,4,1,2,1,50,10000,5000,0,23401,감정평가사 데이터 열람 활용 절차 더욱 추세 시장 수요 감소,도시공학
32675,3,4,4,5,1,0,3,4,1,0,1,0,1,0,1,0,1,0,1,0,1,0,1,0,1,0,1,0,4,5,1,0,5,6,5,6,1,0,2,2,2,2,1,0,1,0,1,0,1,0,1,0,4,5,1,0,1,0,1,0,2,2,1,0,1,0,1,0,1,0,1,0,1,0,1,0,1,0,1,0,1,0,1,0,1,0,1,0,4,3,2,3,4,4,4,3,4,3,4,4,4,13,1,2,2,2,0,7,5,3,3,4,4,3,3,4,3,4,3,4,2,3,4,3,4,3,3,4,3,3,4,3,4,3,2,4,3,4,3,4,4,4,2,2,2,2,2,2,2,2,2,2,3,3,3,3,2,7,8,7,8,7,6,6,7,6,1,29,4,1,1,1,40,2200,2000,0,612401,영업직 인원 한정,건축학
32676,5,6,4,6,5,6,5,6,3,4,5,6,4,5,3,4,4,5,3,4,4,5,5,6,4,5,5,6,4,5,3,4,3,4,2,4,4,6,4,6,5,6,4,5,4,4,3,4,3,3,2,3,2,3,1,0,1,0,1,0,3,4,3,3,2,3,1,0,1,0,1,0,4,5,2,3,2,3,3,4,2,4,2,3,4,4,3,4,4,3,4,4,3,4,5,4,3,4,4,4,3,16,5,5,2,2,0,7,7,4,3,3,5,4,4,5,3,3,4,4,1,3,3,4,3,2,2,1,4,3,3,4,3,3,4,2,4,5,3,3,5,4,2,2,2,2,2,2,2,2,2,1,3,3,3,3,2,6,5,5,6,4,4,4,5,5,1,60,6,1,1,1,40,10000,4500,0,110103,상태 유지,국어국문학
32677,4,6,4,6,2,2,4,6,4,6,4,6,4,6,4,6,4,5,4,5,4,5,4,6,4,6,2,2,4,6,4,6,4,6,4,6,4,6,4,6,4,6,4,6,4,6,4,5,3,4,4,6,4,6,4,6,4,6,4,6,3,4,4,6,4,6,4,6,4,6,4,6,4,6,4,6,4,6,4,6,4,6,4,6,4,6,4,6,4,4,3,4,4,4,4,4,2,3,4,4,4,19,1,2,1,1,1,6,2,3,3,2,4,4,3,4,3,4,4,4,4,3,3,4,4,4,4,3,3,4,4,4,4,5,4,4,4,5,4,4,5,3,1,1,1,1,1,1,1,2,2,1,3,2,2,2,1,8,8,9,8,8,8,2,3,6,1,45,4,1,3,1,48,4400,2600,0,140204,기사 건설안전산업기사 새로운 기술장비 재교육 기술 장비 재교육 상황 유질,건축설비공학
32678,3,3,3,4,2,2,3,3,2,2,2,2,2,2,2,3,4,6,2,2,2,2,2,2,2,2,3,4,5,7,2,2,2,4,2,3,3,4,2,4,3,4,2,4,2,3,2,2,2,2,2,2,2,2,2,3,3,3,2,2,2,3,2,2,3,3,2,2,2,2,2,2,2,2,2,3,2,3,2,3,2,3,2,2,3,4,2,3,4,4,3,3,3,2,2,3,3,3,4,4,4,17,2,3,1,1,2,1,5,4,3,4,4,4,4,4,4,3,3,4,2,3,4,4,4,3,4,3,3,4,4,4,4,3,3,3,4,4,3,4,4,3,2,2,2,2,2,2,2,2,2,2,4,2,2,3,2,7,3,3,4,5,6,7,5,6,2,39,4,1,1,1,40,2900,2500,0,306601,임상심리사 직무교육 상황 필요 사람,심리학
32679,2,4,3,5,2,3,3,4,4,5,3,5,1,0,2,3,3,5,1,0,2,3,2,4,2,3,2,4,2,4,3,5,2,4,1,0,3,5,3,5,3,5,3,4,3,4,1,0,1,0,1,0,2,4,1,0,2,4,2,3,3,5,1,0,2,2,2,4,2,3,2,4,1,0,1,0,1,0,1,0,1,0,1,0,2,4,1,0,3,3,4,2,3,5,3,2,3,3,3,4,2,13,1,2,1,1,1,6,2,3,2,2,3,3,2,2,3,3,3,3,3,3,2,4,3,2,3,3,3,4,3,4,3,3,4,4,3,4,3,3,4,4,2,2,2,2,2,2,2,2,2,2,2,3,2,2,2,3,3,3,4,4,4,5,5,5,2,46,4,1,1,1,40,4780,3000,0,27101,전산회계자격증 개벙세법 교육 기술 발전,회계학
32680,3,5,3,5,2,3,3,5,2,3,3,5,3,5,3,5,3,5,2,3,2,3,2,3,3,5,3,5,3,5,3,4,2,3,2,3,3,5,3,5,2,3,3,5,2,3,3,5,3,5,2,3,3,5,2,3,3,5,2,3,2,3,3,5,3,5,3,5,3,5,2,3,2,3,2,5,3,5,2,3,3,5,2,3,3,5,2,3,4,4,4,4,4,4,4,4,3,4,4,3,4,9,1,2,1,2,0,6,4,4,3,4,3,3,3,4,3,4,4,5,4,3,4,4,3,2,4,3,3,4,3,4,3,4,4,4,3,4,4,4,4,3,2,2,2,2,2,2,2,2,2,1,3,3,2,3,1,8,7,7,6,7,7,7,6,7,2,32,3,1,1,1,50,5400,2400,0,531401,한식요리사 양식요리사 현재 생활 유지,ㅇ리본어
32681,3,3,2,2,2,2,3,4,2,3,1,0,1,0,2,4,4,3,3,4,1,0,1,0,1,0,2,3,2,3,2,2,5,5,2,4,1,0,4,5,3,3,2,2,4,3,1,0,3,3,1,0,1,0,1,0,1,0,1,0,1,0,1,0,1,0,1,0,2,1,1,0,1,0,1,0,1,0,1,0,1,0,1,0,3,4,3,4,1,1,2,2,1,4,1,1,4,2,2,2,5,7,1,1,2,2,0,7,2,3,3,3,3,2,3,2,9,9,3,3,3,3,2,3,3,2,2,2,4,4,2,5,2,2,4,4,4,5,4,2,4,3,2,2,2,2,2,2,2,2,2,1,2,2,2,2,2,7,6,7,4,4,5,4,6,4,2,58,2,2,5,1,40,0,0,3500,615401,온라인 이용 계속 것이므,상고
32682,4,3,3,4,3,4,4,4,4,4,2,4,1,0,3,4,3,4,3,3,3,4,3,4,1,0,1,0,4,5,4,4,5,5,3,5,4,4,5,5,2,4,3,4,3,5,1,0,1,0,1,0,1,0,1,0,1,0,1,0,4,4,1,0,1,0,1,0,1,0,1,0,1,0,1,0,1,0,1,0,1,0,1,0,4,4,4,3,4,5,3,3,3,4,2,5,3,2,3,4,4,7,4,2,2,2,0,2,2,2,1,1,4,3,1,3,3,3,3,3,4,3,3,5,4,3,4,1,5,3,3,3,3,4,3,4,3,3,2,2,3,5,2,2,2,2,2,2,2,2,2,1,1,2,2,3,2,6,8,8,6,8,8,5,5,4,1,30,2,1,4,1,60,3300,2200,0,615203,온라인 유통 발달,인문계
32683,4,5,4,4,4,5,3,5,5,6,4,5,4,5,3,5,5,5,4,6,4,6,4,6,4,5,3,5,4,6,3,5,4,6,4,6,4,5,3,5,3,6,4,5,3,6,4,6,4,5,4,4,4,5,4,5,4,5,3,6,4,5,3,5,4,5,4,5,3,6,5,5,4,5,3,4,4,6,4,5,4,5,5,5,4,5,4,4,4,5,4,4,5,4,4,4,4,5,4,5,4,5,1,2,2,2,0,5,1,4,3,4,3,4,4,4,4,4,5,5,4,3,4,4,3,3,3,4,3,4,3,4,5,3,3,4,5,3,4,4,4,3,2,2,2,2,2,2,2,2,2,3,3,3,3,3,2,8,8,3,2,4,5,7,3,4,1,43,2,1,1,1,40,3400,2600,0,703201,부분 한정,기계
32684,5,6,4,6,4,5,4,5,3,3,3,3,2,3,3,3,3,3,2,3,2,3,3,4,2,3,2,3,3,3,2,3,2,3,3,4,2,3,3,4,2,3,2,2,4,5,2,3,3,4,2,4,3,4,1,0,2,3,2,2,2,4,1,0,2,2,2,3,2,2,2,3,3,4,3,3,3,3,2,3,3,3,2,3,2,3,3,4,2,4,3,2,2,4,3,3,3,2,2,3,3,18,1,2,2,2,0,7,2,3,3,3,3,4,3,2,3,4,4,3,3,3,3,2,3,3,2,4,3,3,2,3,2,3,4,3,3,2,3,3,3,3,2,2,2,2,2,2,2,2,2,3,1,2,2,3,1,6,6,4,3,4,2,4,3,4,2,22,3,1,1,1,43,2600,2450,0,562401,모바일 티켓 사용,국문
32685,2,2,2,2,1,0,2,2,2,2,1,0,1,0,1,0,3,4,1,0,1,0,2,2,1,0,3,3,2,2,3,4,1,0,1,0,2,2,2,3,2,2,1,0,1,0,1,0,1,0,1,0,1,0,1,0,1,0,1,0,1,0,1,0,1,0,1,0,1,0,1,0,1,0,1,0,1,0,1,0,1,0,1,0,1,0,1,0,3,4,3,3,3,3,3,3,3,3,3,3,3,17,1,3,1,1,5,5,3,3,4,4,4,4,4,3,3,3,3,3,2,4,4,3,4,3,3,4,4,3,3,2,3,4,3,3,3,3,3,3,3,3,2,2,2,2,2,2,2,2,2,3,3,2,2,2,1,2,3,7,6,5,6,5,7,6,2,48,3,1,1,1,45,2900,1800,0,232901,복지사 자격증 재활연습 노인 증가,복지학과
32686,3,2,3,2,1,0,3,3,3,4,2,4,1,0,1,0,1,0,1,0,1,0,1,0,2,2,1,0,2,3,3,3,2,2,3,4,1,0,3,4,1,0,1,0,1,0,2,3,3,3,2,2,1,0,1,0,1,0,1,0,1,0,2,3,2,2,1,0,1,0,1,0,1,0,1,0,1,0,1,0,3,3,2,1,3,3,3,2,4,3,4,3,3,2,4,3,3,3,2,3,2,7,1,2,2,2,0,3,2,2,3,2,4,4,3,3,9,9,9,3,3,3,2,4,4,3,4,3,4,3,4,3,3,3,4,3,3,4,3,1,5,4,2,2,2,2,2,2,2,2,2,4,1,3,3,3,1,7,8,9,4,6,7,5,4,5,2,24,2,1,1,1,45,2400,1800,0,615101,불황,이과
32687,4,5,5,5,4,5,4,5,3,3,4,6,3,5,4,5,4,6,4,5,3,5,4,6,4,5,3,5,4,6,4,5,3,4,3,4,4,4,3,5,4,6,3,5,4,5,3,4,3,4,3,3,3,3,3,3,2,3,2,3,2,4,3,3,2,3,1,0,1,0,1,0,3,4,3,3,2,4,2,3,3,4,2,3,3,5,3,4,3,4,4,4,5,4,5,4,4,5,4,4,4,15,2,5,2,2,0,7,5,3,3,3,4,5,4,4,3,4,4,5,1,4,3,4,3,3,3,2,3,2,4,5,4,4,3,4,4,5,4,4,5,4,2,2,2,2,2,2,2,2,2,1,4,3,3,3,2,5,5,5,4,4,5,4,4,5,1,38,4,1,1,1,52,6000,3800,0,157101,외식산업 발전 식품 관심,식품가공학
32688,3,3,3,3,3,3,4,3,2,4,3,3,3,3,2,2,3,3,2,2,2,2,3,3,3,2,3,3,3,3,2,2,2,2,2,2,2,3,5,4,2,2,2,2,3,3,1,0,2,2,1,0,1,0,1,0,1,0,1,0,2,2,1,0,1,0,1,0,1,0,1,0,1,0,3,3,3,3,4,4,4,4,3,2,4,3,3,3,4,3,2,2,3,2,1,5,2,3,2,4,3,7,1,2,2,2,0,2,2,2,1,1,3,2,2,2,1,2,3,2,4,2,3,3,4,2,4,2,2,3,4,5,3,3,2,3,4,5,4,2,5,5,2,2,2,2,2,2,2,2,2,1,3,3,3,3,2,8,7,6,2,4,5,5,3,5,2,44,2,1,1,1,40,2000,1800,0,617101,기업 매출 연결 변화,상고
32689,3,3,2,4,2,3,4,4,2,3,4,5,4,4,3,4,2,4,3,4,2,3,4,4,3,4,2,3,4,4,4,4,2,3,2,4,3,4,2,4,4,4,4,5,3,4,4,5,3,3,3,3,2,3,4,4,2,4,2,3,2,3,3,4,2,3,4,4,3,4,2,5,2,4,2,3,3,4,2,3,3,3,2,5,2,4,3,3,3,4,3,4,4,4,3,4,3,3,4,5,4,6,1,3,1,2,0,5,5,4,4,3,4,5,5,4,3,4,5,5,3,4,4,3,3,4,4,4,3,4,4,4,3,3,4,5,4,4,5,5,4,4,2,2,2,2,2,2,2,2,2,2,2,2,2,2,1,5,4,7,6,7,6,4,5,6,1,45,4,1,1,1,49,4300,3300,0,140205,건축구조기술사 첨단 기술 발달 인원 감소,건축실내디자인
32690,4,6,4,6,4,5,4,5,4,6,4,6,4,5,3,4,4,4,4,4,4,4,4,4,4,5,3,6,4,5,4,5,3,5,4,5,4,5,5,5,5,5,4,6,5,5,4,5,4,5,5,6,4,4,4,4,4,4,4,4,3,4,5,5,4,4,4,5,3,4,3,4,4,5,4,5,5,5,4,5,4,4,4,4,3,4,4,4,4,4,3,4,5,4,4,4,5,5,4,4,4,13,1,1,1,2,0,2,5,4,3,4,4,3,4,3,9,3,3,3,2,5,4,4,5,4,5,4,4,5,4,4,3,4,3,4,4,3,4,3,4,4,2,2,2,2,2,2,2,2,2,2,2,2,2,2,2,7,6,7,5,3,7,5,6,7,1,36,4,1,1,1,48,5000,4200,0,221301,법무사 자격증 일반인 직접 소송 홀로 소송 확대 법무사 직업 매력 감소 원인 생각,법학
32691,4,5,4,6,2,2,4,5,4,6,4,5,4,5,4,6,4,6,4,6,4,6,3,4,4,5,3,4,4,5,4,5,4,5,4,5,4,5,4,5,4,5,4,5,4,5,3,4,3,4,4,5,3,4,3,3,3,3,3,3,3,3,3,4,3,4,3,3,3,4,3,4,3,5,4,5,4,5,4,5,4,4,4,5,4,5,4,6,4,4,3,3,3,4,3,4,4,3,3,3,3,18,1,1,2,2,0,6,4,2,3,2,3,3,3,4,4,4,3,4,2,4,4,4,4,3,3,4,4,4,4,4,4,4,3,3,4,3,3,4,4,4,1,1,1,1,1,1,1,1,1,2,4,2,2,2,1,4,7,7,6,5,6,3,4,2,1,33,2,1,1,1,48,2500,2100,0,562401,코로나 근로자 구조조정 여가 생활 사람,인문계
32692,2,3,3,3,3,3,3,4,2,3,2,3,2,3,2,3,2,3,3,4,3,4,2,3,2,3,2,3,2,3,3,3,2,3,2,3,3,4,2,3,2,3,2,3,2,3,3,3,3,4,3,3,2,3,3,4,3,3,3,4,3,4,3,5,3,4,4,4,3,4,3,4,4,4,3,4,3,4,4,5,3,4,3,4,3,4,3,3,3,4,4,3,3,3,3,4,3,4,3,4,4,9,1,1,1,1,4,7,2,3,3,3,4,4,3,3,4,4,4,4,2,4,4,4,3,3,4,3,3,3,3,3,4,3,2,3,4,3,3,3,3,3,2,2,2,2,2,2,2,2,2,2,4,2,3,3,1,7,6,7,4,3,3,7,3,2,1,30,4,1,1,1,45,3200,2800,0,531401,양식조리기능사 조리법 외식 증가,식품조리학
32693,5,6,5,6,3,3,5,6,4,5,5,6,3,3,4,5,5,6,1,0,5,6,4,5,5,6,4,5,1,0,1,0,5,6,5,3,3,6,5,6,4,5,5,6,4,5,5,6,5,6,5,6,4,5,4,5,5,6,4,5,5,6,4,5,5,4,4,5,5,6,5,6,3,5,5,7,2,6,4,5,2,3,5,4,5,5,3,4,4,4,3,2,4,2,4,4,4,5,4,3,4,13,1,2,1,2,0,7,4,3,3,3,5,4,3,4,9,9,3,4,1,4,5,4,4,5,4,3,5,2,4,3,4,4,4,5,5,5,5,4,5,4,2,2,2,2,2,2,2,2,2,2,4,2,2,2,2,5,5,4,5,3,3,7,5,2,1,58,4,2,5,1,50,0,0,5000,306301,치과기공사자격증 외모 관심 치아 교정 수요,치기공학
32694,2,2,3,3,1,0,2,3,1,0,2,2,2,2,1,0,2,2,1,0,1,0,2,2,4,6,3,4,1,0,1,0,1,0,1,0,1,0,1,0,2,2,3,3,4,4,1,0,2,2,2,2,2,4,1,0,1,0,1,0,3,4,1,0,1,0,1,0,1,0,1,0,1,0,1,0,2,1,3,3,1,0,2,3,4,5,3,3,4,2,5,4,4,3,2,3,2,3,3,4,4,10,1,4,2,2,0,4,4,4,3,3,4,4,4,4,9,9,4,4,2,4,4,3,2,2,2,3,4,4,4,4,3,4,4,3,4,3,3,3,4,4,2,1,1,1,2,2,2,2,2,1,3,2,1,1,1,8,8,6,2,2,7,8,2,2,1,41,4,1,1,1,48,5000,2500,0,420202,컴퓨터 프로그램 도입 게임 인구 증가 예상,컴퓨터공학
32695,1,0,2,2,1,0,1,0,1,0,2,2,1,0,2,2,2,2,2,2,2,2,1,0,4,5,1,0,4,5,2,2,2,2,1,0,1,0,3,3,4,5,3,3,2,2,1,0,3,3,1,0,4,5,4,5,2,2,4,4,2,2,1,0,5,6,3,6,5,7,4,6,4,5,4,5,4,5,4,5,3,3,4,5,2,2,3,3,3,3,3,2,2,2,3,4,3,3,4,4,3,8,1,2,1,1,1,5,2,3,3,3,4,4,4,4,3,4,4,4,2,4,4,3,4,4,4,3,4,4,3,3,3,2,3,4,4,4,4,4,3,3,2,2,2,2,2,2,2,2,2,5,2,2,2,2,2,4,5,6,6,6,5,4,5,5,1,55,2,1,1,1,40,6000,4500,0,621203,해기사 안전교육 직무교육 요즘 저하,기관
32696,3,4,3,4,3,4,2,2,3,3,2,3,3,4,3,4,3,4,1,0,3,3,3,4,3,4,3,4,3,5,1,0,1,0,1,0,1,0,1,0,1,0,1,0,1,0,1,0,1,0,1,0,1,0,1,0,1,0,1,0,1,0,1,0,1,0,1,0,1,0,1,0,1,0,1,0,1,0,1,0,1,0,1,0,1,0,1,0,5,4,3,3,4,3,3,3,3,3,3,3,3,18,1,4,2,1,5,4,3,3,4,4,4,4,4,3,3,3,3,3,1,4,4,3,3,4,4,3,3,3,3,2,3,3,3,3,3,2,3,4,2,4,2,2,2,2,2,2,2,2,2,3,3,2,2,2,1,4,7,6,5,8,7,3,6,6,2,24,3,1,3,2,45,2000,1000,0,414303,애니메이션 제작훈련 애니메이션 역활 다양성 요구,애니메이션
32697,3,3,2,4,2,4,3,4,4,4,2,3,1,0,3,4,4,4,1,0,5,5,3,3,2,3,3,4,1,0,2,3,1,0,1,0,3,4,1,0,2,5,4,4,5,5,1,0,2,4,4,4,2,3,3,2,1,0,1,0,3,3,4,4,4,6,4,5,5,5,3,4,3,4,3,4,2,3,1,0,1,0,1,0,3,2,1,0,3,4,4,3,5,3,3,4,3,4,5,5,3,3,1,2,1,2,0,2,5,4,3,3,5,5,3,4,3,5,5,4,3,5,4,3,4,4,4,5,3,3,5,4,3,5,5,2,3,4,3,3,5,5,2,2,2,2,2,2,2,2,2,2,4,3,3,3,2,3,4,3,8,5,4,4,8,7,1,49,5,2,5,1,40,0,0,6000,157101,식품산업기사 수산제조산업기사 생활 수준 관심,식품영양
32698,4,6,3,5,3,4,4,5,3,4,4,6,4,6,4,5,4,6,4,6,4,5,3,4,4,6,4,6,4,5,3,4,4,5,3,5,3,4,4,5,4,5,3,4,3,4,1,0,1,0,2,3,1,0,1,0,1,0,1,0,2,3,1,0,1,0,1,0,3,3,2,3,3,4,2,3,3,4,4,6,4,6,3,5,3,4,3,4,4,4,3,3,3,4,4,3,3,3,4,4,4,15,2,4,2,1,2,2,4,4,3,2,4,3,2,3,3,4,4,4,2,4,4,4,4,3,4,2,4,4,4,4,4,3,4,3,4,3,3,3,4,4,2,2,2,2,2,2,2,2,2,1,3,3,3,3,2,7,7,7,5,5,5,5,4,3,1,52,2,1,1,1,40,3500,1900,0,240301,사격훈련 자동화 대체,문과
32699,4,4,4,4,3,5,1,0,3,5,4,5,4,5,4,5,3,5,3,4,3,5,4,5,3,5,4,5,2,5,3,5,3,6,2,5,3,5,3,6,4,5,4,5,3,4,2,5,2,5,2,5,4,5,4,5,4,5,3,5,5,5,4,4,4,5,4,5,4,5,3,5,4,5,2,5,2,5,2,5,3,5,1,0,2,4,1,0,4,4,3,3,4,4,3,3,3,3,3,3,3,13,1,3,2,2,0,4,5,3,3,3,3,3,3,4,4,4,4,4,3,3,3,5,4,3,3,2,3,3,4,5,2,3,3,3,3,4,2,3,5,5,2,2,2,2,2,2,2,2,2,2,3,3,3,3,2,3,3,3,8,5,5,3,3,8,2,30,4,1,1,1,48,3200,2500,0,133201,산업 증가 발전,정보통신공학
32700,3,5,4,5,3,5,3,5,2,3,3,5,2,4,3,4,3,5,2,3,3,4,2,4,3,3,2,4,4,5,4,5,3,4,3,4,2,3,3,3,4,3,2,3,4,5,2,2,2,2,2,1,2,2,1,0,1,0,1,0,2,4,1,0,1,0,1,0,1,0,1,0,1,0,1,0,1,0,2,3,2,2,2,2,2,2,2,3,2,3,4,2,3,4,2,4,3,3,3,3,2,3,1,5,1,2,0,2,4,3,2,2,3,3,4,3,3,4,4,3,2,3,3,3,4,2,3,2,2,3,3,4,3,4,2,3,3,4,3,4,4,4,2,2,2,2,2,2,2,2,2,1,3,3,3,3,2,7,4,4,4,4,5,5,4,4,2,28,4,1,1,1,40,3400,2800,0,29401,비서자격증 산업 고도화 전문화 전문성 비서 수요,비서학
32701,2,2,2,2,1,0,2,2,2,2,2,3,1,0,3,4,2,2,3,2,1,0,2,3,2,2,1,0,2,2,1,0,1,0,1,0,1,0,3,3,4,4,2,2,2,2,1,0,1,0,1,0,2,3,3,4,2,3,1,0,1,0,1,0,2,3,2,2,3,4,2,2,1,0,3,3,2,2,2,2,3,4,1,0,2,2,1,0,4,3,3,3,3,2,3,2,2,1,2,1,3,19,4,1,1,2,0,3,2,3,2,2,4,4,2,4,9,9,9,3,3,3,2,3,2,2,4,4,3,5,2,3,2,1,2,2,3,4,3,3,3,4,2,2,2,2,2,2,2,2,2,3,3,2,2,2,2,9,9,9,1,1,2,5,5,5,1,36,2,2,6,1,45,0,0,3600,702201,방수기능사 부동산 침체 건설업 여파 건설업 침체 부가 산업 여파,문과
32702,4,5,4,5,3,4,3,4,4,6,4,5,2,3,5,7,4,5,4,5,4,5,3,4,3,4,4,5,4,5,3,4,4,5,4,5,3,4,3,5,4,5,4,5,4,5,4,5,3,4,3,5,4,5,4,5,4,5,4,5,4,6,4,5,3,4,4,5,4,5,4,5,4,5,3,4,3,4,4,5,3,4,3,4,3,4,3,4,4,4,3,4,4,3,3,3,3,3,4,3,4,6,1,4,1,1,3,3,6,4,4,5,3,4,4,4,4,5,5,5,4,4,4,4,4,3,4,2,3,3,3,4,5,5,4,4,4,5,4,2,4,4,2,2,2,2,2,2,2,2,2,2,2,3,3,3,2,6,7,6,5,6,5,6,6,6,1,46,4,1,1,1,45,5300,3000,0,140304,토목기술사 감리방법 경기 침체,토목공학
32703,5,6,5,6,4,5,5,7,4,5,4,5,5,6,4,4,5,6,4,5,3,4,4,4,5,6,4,5,5,5,4,5,5,5,4,4,4,4,4,5,5,6,4,4,4,4,4,5,4,4,4,4,4,5,4,4,4,4,4,4,5,6,3,3,3,4,2,2,3,3,1,0,4,4,2,2,3,3,3,3,3,3,3,3,4,4,4,5,5,4,4,3,5,4,4,4,3,3,4,5,4,13,1,2,1,1,2,2,5,4,5,4,5,5,4,4,9,9,4,4,2,4,5,3,4,3,2,3,5,4,4,4,4,5,4,3,4,5,3,4,5,4,2,2,2,2,2,2,2,2,2,2,2,2,2,2,2,4,7,3,4,5,4,3,5,6,1,45,4,2,5,1,45,0,0,4300,23101,회계사 회계업무 인공 지능 등장 세무 회계 업무,경영학
32704,4,5,4,5,3,3,3,5,4,5,4,5,4,6,3,4,4,5,4,5,4,5,3,5,4,5,4,6,4,5,4,6,3,5,3,5,4,5,3,3,3,3,4,5,4,6,4,5,3,4,4,4,3,4,3,4,3,5,1,0,3,5,1,0,1,0,1,0,1,0,1,0,1,0,1,0,1,0,3,4,1,0,5,5,3,4,1,0,4,3,3,3,4,3,3,3,3,4,4,3,3,18,1,2,2,2,0,4,4,4,4,4,3,4,4,4,4,4,5,4,3,3,3,4,4,3,3,4,3,4,3,4,3,4,4,4,3,4,3,3,4,4,2,2,2,2,2,2,2,2,2,1,3,2,2,2,2,5,5,6,3,3,7,3,7,5,1,36,4,1,1,1,40,3500,3000,0,416101,대체 요인,신문방송학
32705,4,5,3,4,2,3,3,4,4,5,4,5,3,4,3,5,3,4,2,4,4,6,4,6,4,4,4,6,4,4,2,4,3,5,3,4,3,5,4,4,4,6,3,5,3,5,4,5,3,5,4,5,4,5,3,4,2,3,2,3,4,5,2,3,3,3,3,4,3,4,3,3,3,4,2,2,1,0,3,4,1,0,1,0,1,0,1,0,3,2,2,3,3,2,4,4,2,3,3,2,3,13,1,4,2,2,0,5,4,4,2,2,4,3,2,3,3,4,3,3,3,2,3,3,2,2,3,3,2,3,4,5,4,3,3,3,4,5,3,3,4,4,2,1,1,1,1,1,1,1,1,2,4,3,3,3,1,7,4,4,3,5,5,4,5,6,2,35,4,1,1,1,40,4000,2600,0,133901,업체 요청 소프트웨어 개발 완료 테스 소프트웨어 개발 기간,멀티미디어공학
32706,5,6,5,6,4,5,5,6,4,5,4,5,3,3,4,5,5,6,4,5,3,4,5,6,5,5,4,4,5,6,5,6,5,6,4,5,3,4,5,6,5,6,4,6,5,6,4,5,3,3,4,5,5,6,2,2,3,4,2,2,4,5,2,2,3,3,4,5,3,4,4,5,3,3,5,5,4,5,4,4,3,3,4,4,5,6,5,6,5,4,4,5,4,4,5,2,4,4,5,4,5,17,1,2,1,2,0,6,5,5,5,5,5,5,4,5,9,9,5,5,1,5,5,3,2,4,3,3,4,4,4,5,4,3,3,4,4,5,4,3,5,3,2,2,2,2,2,2,2,2,2,2,2,2,2,2,2,3,4,6,5,5,6,4,6,5,1,38,4,2,5,1,46,0,0,11000,301110,의사면허 인구 감소,의학
32707,4,5,4,5,3,4,3,3,5,6,4,5,2,2,2,3,3,4,2,2,3,4,1,0,2,2,2,2,2,2,1,0,1,0,1,0,1,0,2,2,3,3,4,5,3,4,4,5,1,0,3,4,1,0,1,0,1,0,1,0,4,4,1,0,3,3,1,0,1,0,1,0,1,0,1,0,1,0,1,0,1,0,1,0,3,3,2,2,4,3,4,4,4,4,4,4,3,2,4,4,4,11,1,3,1,2,0,7,5,4,4,4,4,4,4,4,4,4,4,4,1,4,3,1,3,4,3,3,4,3,3,3,4,3,5,3,4,4,4,3,4,4,2,2,2,2,2,2,2,2,2,1,3,3,3,3,2,8,4,3,2,3,4,2,3,4,1,42,4,1,1,1,40,6000,3000,0,31301,보험계리사 기계 대체 불가,수학
32708,2,1,1,0,1,0,1,0,2,2,2,2,2,2,3,4,2,3,4,5,3,4,3,3,4,5,3,3,4,6,2,2,1,0,1,0,1,0,1,0,1,0,2,2,1,0,1,0,1,0,2,2,1,0,1,0,1,0,1,0,1,0,1,0,1,0,1,0,1,0,2,2,1,0,2,2,2,2,5,6,4,6,4,5,3,5,3,5,4,3,3,2,4,2,3,3,3,3,4,3,2,19,1,3,1,2,0,1,4,3,4,3,4,3,4,2,3,3,4,4,2,3,3,3,2,2,4,2,3,2,2,4,4,5,4,4,3,5,4,3,4,3,2,2,2,2,2,2,2,2,2,1,4,3,3,3,2,7,8,6,6,4,4,3,4,4,1,31,3,1,3,2,40,2900,2800,0,541101,일반경비지도사 자동차운전면허 개인 생명 자산 보호 움직임,경호학
32709,3,4,4,4,3,4,3,3,3,5,2,3,2,3,3,4,2,3,2,3,2,3,3,4,4,3,3,4,2,3,3,4,1,0,1,0,3,4,4,4,4,4,3,4,3,3,4,3,3,3,3,3,4,4,3,3,3,4,4,4,3,4,3,3,3,4,5,5,4,6,4,6,3,3,4,6,4,6,3,3,4,5,3,5,3,3,3,4,3,4,2,4,3,3,4,4,2,4,2,3,2,4,1,4,2,2,0,2,5,4,3,3,4,4,4,4,4,3,4,4,1,5,4,3,2,4,3,2,5,3,4,4,4,3,4,4,3,4,2,2,5,5,2,2,2,2,2,2,2,2,2,1,3,3,3,3,2,4,4,5,5,4,6,5,5,6,1,35,4,1,1,1,40,4000,3000,0,851101,기업 워낙 취업 자리,화학공학
32710,3,4,4,5,2,2,3,4,2,2,1,0,1,0,2,2,2,2,1,0,1,0,3,3,3,4,2,3,4,5,3,3,3,4,4,5,2,2,3,4,4,5,4,5,3,4,3,3,2,3,3,4,4,5,1,0,1,0,1,0,1,0,2,2,3,4,2,2,3,3,3,3,2,3,4,5,3,3,4,5,3,3,2,2,2,2,2,1,4,2,2,3,5,5,4,5,2,4,5,2,3,3,1,2,1,2,0,7,2,3,3,2,5,5,2,3,9,9,4,4,1,4,4,4,5,5,3,4,5,3,2,4,2,3,2,3,4,3,2,3,4,4,2,2,2,2,2,2,2,2,2,2,3,2,2,2,2,8,7,6,3,3,5,4,3,5,1,48,3,2,5,1,40,0,0,5500,862201,양장기능사 양복기능사 변화,패션디자인
32711,4,4,3,4,4,5,3,4,3,4,3,3,3,3,3,3,3,4,1,0,1,0,1,0,3,4,1,0,3,4,2,3,4,5,4,5,3,3,4,5,4,5,3,4,1,0,1,0,1,0,1,0,1,0,1,0,1,0,1,0,3,6,2,3,1,0,1,0,1,0,1,0,1,0,1,0,1,0,1,0,1,0,1,0,3,4,4,5,3,2,3,4,4,3,4,4,3,4,4,2,4,7,1,2,2,2,0,2,2,4,4,4,4,4,4,4,3,4,4,4,3,3,3,3,3,4,4,3,3,3,3,5,4,4,5,5,5,4,4,4,4,4,2,2,2,2,2,2,2,2,2,1,4,1,1,1,2,7,8,7,7,6,4,4,4,5,2,47,3,1,1,1,48,4600,2400,0,615301,온라인 산업 발달,의류
32712,4,6,4,5,4,5,3,5,4,5,4,5,4,5,4,5,4,5,4,5,4,5,4,5,4,5,4,5,4,5,3,5,4,5,4,5,4,5,4,5,4,5,4,5,4,5,4,5,3,5,4,5,4,5,4,5,4,5,4,5,3,5,4,5,4,5,4,5,4,5,4,5,4,5,4,5,4,5,3,5,3,4,4,5,3,4,3,4,4,5,4,4,3,4,4,4,4,3,4,4,3,16,5,3,2,2,0,3,5,4,3,4,4,4,4,4,4,3,4,4,2,4,3,4,4,4,3,3,4,3,3,3,4,3,4,4,5,4,4,4,4,4,2,2,2,2,2,2,2,2,2,2,3,3,3,3,2,6,6,5,6,6,6,6,6,6,2,46,4,1,3,2,43,4500,2500,0,215105,변화,교육학
32713,3,4,3,4,2,2,3,4,3,4,4,6,4,6,3,4,4,6,4,6,4,6,2,2,3,4,3,4,4,6,5,7,3,4,3,4,1,0,3,4,3,4,4,6,4,6,1,0,1,0,3,4,4,6,4,5,4,6,3,4,4,6,1,0,3,4,3,4,3,4,4,6,3,4,4,5,3,4,4,6,3,4,3,4,4,6,3,4,4,4,2,3,3,2,4,2,2,3,2,4,4,15,2,2,1,2,0,7,5,4,3,3,4,4,4,4,4,4,4,4,2,4,4,4,4,3,3,1,4,2,4,3,4,3,3,3,4,5,4,3,3,3,2,2,2,2,2,2,2,2,2,2,3,3,3,3,2,2,8,2,7,2,8,2,8,2,1,39,4,1,1,1,48,4300,3800,0,13305,소방시설관리사 소방설비기사 소방안전관리자2급 방인,소방학
32714,3,2,4,3,3,2,4,2,3,4,2,4,4,3,2,1,3,2,4,3,3,2,1,0,5,3,4,3,2,3,3,4,3,2,3,3,4,2,4,3,5,4,4,3,3,4,3,4,3,2,5,4,4,5,4,5,3,2,3,4,3,4,2,4,2,3,4,3,4,5,3,4,3,2,2,1,2,1,3,2,2,3,1,0,2,1,2,1,2,3,5,4,3,4,3,2,4,4,5,4,3,3,1,2,1,1,4,5,5,4,5,3,5,4,4,3,4,4,5,4,2,4,3,4,3,2,4,2,3,4,2,2,3,4,3,2,4,5,4,3,5,3,2,2,2,2,2,2,2,2,2,1,4,2,3,3,2,8,3,6,5,7,4,8,4,6,2,32,4,1,1,1,40,3100,2800,0,415501,컴퓨터그래픽스운용기능사 웹디자인기능사 소프트웨어 교육 창의력 요하 직업 대체 불가 때문,시각디자인
32715,2,2,3,4,1,0,3,4,2,2,3,4,2,2,3,4,1,0,4,6,3,4,3,4,4,6,2,2,2,2,2,2,2,2,3,4,2,2,2,2,3,4,4,6,4,5,3,4,2,2,2,2,3,4,2,2,3,4,3,4,3,4,3,4,3,4,3,4,3,4,3,4,3,4,4,6,3,4,3,4,3,4,4,6,4,6,3,5,4,4,3,3,2,2,4,3,2,3,2,3,3,3,1,1,2,2,0,2,1,4,2,2,4,4,3,4,9,9,4,4,2,4,4,4,4,4,2,1,5,2,3,4,4,3,3,2,4,5,4,3,4,3,2,1,2,1,2,2,2,2,2,2,1,2,2,2,2,2,8,4,7,3,7,4,7,4,1,62,1,1,3,2,48,3200,2500,0,864201,상품 서비스 개발 변화 성화 양산 일거리 감소,0
32716,4,6,5,5,4,4,4,5,5,6,5,5,4,6,3,5,4,5,4,3,3,4,4,6,3,3,4,5,4,5,4,6,3,4,4,5,4,5,5,6,4,4,4,6,4,6,3,3,5,6,4,4,4,5,2,2,1,0,1,0,3,4,4,4,3,4,2,3,1,0,2,1,4,5,4,4,4,4,5,5,4,4,2,4,3,2,3,3,4,3,2,4,4,3,4,3,4,3,3,2,4,13,1,3,2,2,0,7,2,3,1,1,4,4,3,4,4,4,4,4,3,4,3,3,2,3,2,3,4,4,4,4,2,3,3,4,4,4,3,4,5,5,2,2,2,2,2,2,2,2,2,2,1,2,2,2,1,7,7,6,4,3,4,4,5,4,2,51,4,1,3,2,55,3500,2000,0,29303,컴퓨터 대체,국문
32717,4,5,3,4,3,4,2,3,4,5,4,5,2,3,3,4,3,4,2,3,1,0,1,0,3,4,2,3,1,0,1,0,3,4,1,0,1,0,1,0,5,5,3,4,4,4,2,3,3,3,2,3,4,5,2,3,1,0,1,0,2,4,3,4,3,4,1,0,1,0,1,0,1,0,1,0,1,0,1,0,1,0,1,0,3,3,2,2,5,3,3,4,4,4,4,3,3,3,3,2,3,3,1,3,1,2,0,1,5,4,3,4,4,4,4,4,3,4,3,4,3,4,4,4,3,3,4,3,3,3,3,4,3,4,3,3,4,3,3,3,3,3,2,2,2,2,2,2,2,2,2,1,3,3,3,3,2,2,7,3,3,2,3,2,5,8,1,37,4,1,1,1,40,6500,4000,0,154105,화공기사 변화,화학공학
32718,2,2,3,3,2,2,3,3,2,1,3,3,1,0,3,3,2,3,3,4,2,2,2,2,3,4,1,0,2,1,3,4,2,1,3,3,3,3,3,3,2,3,3,4,4,4,2,3,3,4,1,0,4,3,3,3,2,4,2,1,2,3,3,2,2,3,3,3,2,3,4,3,1,0,3,3,2,3,3,4,3,3,3,4,4,3,3,2,3,2,2,3,2,1,3,3,3,3,2,3,3,8,1,2,2,2,0,3,2,3,3,3,3,4,4,3,4,4,3,4,3,3,3,2,2,2,3,4,3,4,4,2,4,4,3,3,4,3,4,2,4,4,2,2,2,2,2,2,2,2,2,1,2,2,2,2,1,7,8,6,7,4,3,5,5,5,1,39,2,1,3,2,40,3200,2500,0,624401,경기 불황 감소,문과
32719,3,3,2,2,3,3,3,3,3,3,2,3,3,3,3,4,2,2,3,3,3,3,2,2,3,3,2,2,4,5,4,4,3,3,3,3,4,4,3,3,3,3,3,3,2,2,3,4,3,4,4,4,3,3,3,3,2,2,3,4,3,3,4,5,3,4,3,3,3,3,2,2,4,5,3,3,2,2,3,3,3,3,2,2,3,3,2,2,3,2,3,2,2,2,3,2,2,3,2,3,3,6,1,2,1,2,0,2,2,3,3,4,3,4,4,4,5,4,4,4,2,4,3,3,4,4,3,3,4,3,4,3,4,4,3,4,4,3,3,4,4,4,2,2,2,2,2,2,2,2,2,2,3,3,3,3,2,6,5,6,7,7,6,4,5,6,1,39,4,1,1,1,40,4100,3500,0,831201,전기공사산업기사 전기 항상 위험 요소 전문 업체 통해 공사 진행,전기공학
32720,5,7,5,7,5,7,5,7,3,4,5,6,4,5,4,5,4,5,3,4,5,7,4,6,5,6,1,0,5,7,5,7,4,5,3,4,5,6,5,7,5,7,2,3,3,4,1,0,1,0,1,0,4,6,1,0,1,0,1,0,4,6,1,0,2,3,1,0,1,0,1,0,1,0,1,0,2,2,1,0,3,1,3,1,3,4,4,4,3,5,4,3,5,5,4,2,5,5,4,4,4,17,3,4,1,1,6,6,6,5,5,3,5,5,4,3,4,4,4,4,2,4,4,3,2,2,3,3,1,3,3,4,4,5,4,4,5,4,4,4,4,2,2,2,2,2,2,2,2,2,2,2,5,3,3,2,2,3,5,2,5,2,2,5,3,3,2,33,5,1,1,1,40,3700,3000,0,306601,정신건강 임상심리사 학술회의 세미나 정신건강 중용 강조 때문,심리학
32721,2,6,3,4,3,4,1,0,4,4,4,5,4,4,3,5,3,3,2,2,3,5,3,4,3,4,3,4,1,0,2,3,1,0,1,0,2,2,1,0,4,4,3,3,1,0,2,2,3,2,1,0,4,5,5,5,2,3,3,4,3,3,3,4,3,5,4,4,2,3,3,4,3,4,3,4,2,3,1,0,1,0,1,0,2,3,1,0,4,3,4,5,4,2,3,4,3,5,4,3,4,13,2,4,2,2,0,2,6,3,4,5,5,4,4,5,3,4,5,4,3,2,4,5,3,4,4,3,5,5,5,3,4,3,5,4,4,3,5,4,3,5,2,2,2,2,2,2,2,2,2,2,4,3,3,3,2,3,7,6,7,8,4,8,5,3,1,30,5,1,1,1,40,4000,4000,0,155103,에너지 대한 연구,에너지공학
32722,4,4,2,4,3,3,4,4,3,3,2,3,2,4,2,3,3,3,4,4,2,4,2,3,2,4,2,5,3,5,4,5,3,4,2,5,4,5,3,5,3,3,4,4,2,4,2,4,2,4,2,4,2,3,4,3,4,4,3,4,4,4,4,5,3,4,4,4,4,4,4,4,4,4,4,5,3,4,3,5,3,5,3,4,3,5,3,4,3,4,3,4,5,3,3,3,4,3,4,3,3,14,1,1,1,2,0,3,2,4,3,3,3,4,4,4,9,9,9,4,4,4,5,3,4,3,4,3,4,4,3,4,3,4,5,4,3,3,3,4,4,3,2,2,2,2,2,2,2,2,2,1,3,2,2,2,1,7,6,3,6,7,6,7,5,7,1,45,2,1,3,2,30,3800,2900,0,811201,승강기기능자격증 일이 기계 대체 불가,기계
32723,2,3,2,3,2,3,2,3,2,3,3,4,3,4,3,4,3,4,3,3,1,0,3,3,3,4,2,3,3,5,3,4,3,3,2,3,2,3,3,4,3,4,3,4,3,4,2,1,1,0,3,4,1,0,2,1,3,5,1,0,1,0,1,0,4,4,4,5,2,1,4,5,3,5,2,3,3,4,3,4,4,5,3,4,4,5,4,5,3,3,3,2,2,2,2,3,3,3,3,2,3,18,2,4,2,2,0,3,4,3,3,4,2,2,3,3,3,4,3,3,3,3,3,3,3,4,3,2,3,3,4,4,3,3,3,3,4,3,3,2,3,2,2,2,2,2,2,2,2,2,2,1,4,2,2,3,2,6,4,4,4,4,5,4,5,5,1,50,3,1,1,1,30,3450,2100,0,524001,오락 시설 방문 증가,사회학
32724,5,7,5,7,3,4,5,7,1,0,4,5,5,7,5,7,5,7,5,6,4,5,1,0,4,5,1,0,1,0,4,5,4,5,2,3,1,0,1,0,3,4,4,5,4,4,1,0,1,0,1,0,1,0,1,0,1,0,1,0,1,0,1,0,1,0,1,0,1,0,1,0,1,0,1,0,1,0,1,0,4,5,4,5,5,6,5,6,4,3,3,2,3,2,4,3,3,3,3,3,4,18,4,2,2,1,4,7,1,3,1,1,5,4,3,1,9,9,4,3,2,4,4,3,4,4,5,4,4,4,2,4,5,3,4,3,4,4,4,3,4,4,2,2,2,2,2,2,2,2,2,1,2,2,2,2,2,9,8,6,4,3,4,7,8,6,2,38,4,1,4,2,60,1300,800,0,416203,스피치 훈련 동작 훈련 연극 하자 소득 매우,음악
32725,4,6,4,5,3,4,2,3,3,4,4,5,2,4,4,5,5,6,3,4,2,4,3,5,4,6,4,5,3,4,3,4,2,2,2,3,4,5,4,6,2,4,3,4,2,4,2,2,4,5,3,5,4,6,3,4,4,5,3,3,4,5,3,4,4,5,3,4,2,4,3,4,4,5,2,3,3,4,2,3,3,3,2,3,3,4,2,3,4,4,3,3,4,3,4,2,3,4,4,4,4,13,2,3,2,1,2,2,5,4,4,5,5,5,3,4,4,4,5,4,2,4,4,3,4,3,2,3,4,5,4,5,4,4,4,3,4,5,4,4,5,3,2,2,2,2,2,2,2,2,2,2,2,3,3,3,2,3,4,5,6,6,5,7,5,4,1,30,4,1,1,1,40,2800,2700,0,121201,직무교육 첨단 기술 등장 인력 감소,물리학
32726,2,1,3,2,1,0,3,4,1,0,1,0,4,4,3,4,3,4,3,1,3,2,2,3,3,5,3,3,1,0,3,5,3,4,4,5,4,4,3,4,3,3,4,3,4,4,4,4,4,3,4,5,4,2,1,0,4,2,1,0,2,1,4,3,4,3,4,2,4,1,4,3,2,3,4,5,4,3,4,2,4,5,4,4,2,2,4,1,4,5,3,3,4,2,2,3,2,4,5,4,1,9,1,1,1,2,0,6,4,4,1,1,4,4,2,3,9,9,2,3,2,4,3,1,1,4,4,4,3,4,2,5,3,4,4,4,4,4,3,3,5,5,2,2,2,2,2,2,2,2,2,1,4,3,2,2,2,7,8,9,7,9,9,5,5,5,1,42,3,2,5,1,48,0,0,5000,531201,한식조리 기능사 개인 가게,실용음악학
32727,5,5,5,5,3,5,5,5,4,4,4,5,3,4,4,5,4,5,4,5,4,5,4,5,5,6,5,6,4,5,4,6,3,5,3,5,3,5,4,6,5,6,5,6,4,6,1,0,2,3,4,5,5,6,2,3,5,6,2,2,3,3,2,2,5,6,1,0,4,5,5,6,2,3,1,0,4,6,5,6,1,0,1,0,5,5,5,5,4,4,2,4,4,5,5,4,2,3,4,5,3,15,2,4,1,1,5,7,5,4,2,2,2,3,4,2,2,3,3,3,4,3,4,4,3,2,4,4,2,4,3,4,4,4,4,4,4,4,2,4,4,4,2,2,2,2,2,2,2,2,2,3,2,2,3,3,2,8,8,8,2,4,4,2,2,2,2,25,4,1,1,1,55,5000,3500,0,621401,항공교통관제사 EPTA 항공신체검사 공무원 교육 관제권 교육 포화상태,항공교통
32728,2,2,3,1,2,2,4,2,4,1,3,3,2,1,4,2,3,1,1,0,3,3,4,4,4,3,4,3,2,2,4,2,3,1,3,1,2,3,4,1,4,1,4,4,5,3,4,2,3,4,2,2,4,2,4,3,5,4,4,1,2,2,4,3,5,3,4,3,5,1,5,2,4,3,4,4,4,2,4,3,5,2,1,0,2,2,3,1,4,2,3,2,3,1,2,4,3,2,3,4,2,3,1,2,2,2,0,2,2,3,3,2,4,3,5,2,3,4,4,3,3,4,4,2,5,4,3,4,4,5,4,4,3,5,4,4,3,4,2,4,4,4,2,2,2,2,2,2,2,2,2,1,2,3,2,2,2,6,7,5,7,3,4,6,7,4,1,57,2,1,1,1,45,2700,2700,0,873201,식생활 개선 감소,기계
32729,3,4,2,2,1,0,4,5,1,0,3,4,1,0,3,4,2,2,1,0,3,4,1,0,3,4,1,0,2,2,4,5,3,4,2,3,2,2,4,5,3,4,2,2,3,4,2,3,1,0,1,0,2,2,2,2,3,4,1,0,1,0,2,2,1,0,1,0,1,0,2,2,1,0,3,4,2,2,2,2,1,0,2,2,4,5,3,4,4,3,3,4,4,4,4,3,3,4,2,3,3,17,1,2,1,2,0,2,5,3,3,4,4,3,4,4,3,4,4,4,4,4,3,3,4,3,3,3,4,3,3,3,3,3,4,3,3,4,3,4,4,4,2,2,2,2,2,2,2,2,2,1,3,3,3,3,2,3,3,2,2,3,2,3,3,2,1,36,3,1,1,1,40,3500,2200,0,307301,안경사 자격증 안경 인구,안경광학
32730,4,6,5,7,4,5,2,3,4,6,4,6,4,6,4,6,4,5,2,3,3,4,2,3,4,6,4,5,3,4,2,3,3,4,2,3,2,3,2,3,2,3,2,3,2,3,2,3,2,3,2,3,3,4,2,3,2,3,2,3,4,5,3,2,2,2,2,3,2,2,2,2,3,4,1,0,1,0,1,0,1,0,1,0,1,0,1,0,4,3,2,3,4,3,3,4,3,4,3,2,3,13,1,2,2,2,0,3,5,3,4,3,4,4,3,3,2,2,3,3,3,3,3,4,3,3,4,3,3,3,3,4,3,4,3,3,4,4,3,4,4,4,2,2,1,1,1,1,1,1,1,2,4,3,3,3,2,7,6,5,6,4,4,3,5,6,1,42,4,1,1,1,40,4800,3300,0,134102,빅데이터 분석 의뢰 증가 업무 스트레스 분야 빅데이터 활용 일자리,기계공학
32731,5,6,5,5,5,6,4,5,4,5,1,0,3,4,4,5,4,5,4,6,4,5,5,6,4,5,2,3,4,5,1,0,1,0,1,0,5,6,2,2,4,5,2,2,3,4,4,5,5,5,3,3,3,4,4,4,2,2,2,2,2,2,1,0,3,4,4,4,3,4,3,3,3,4,3,3,2,2,2,2,1,0,1,0,2,3,2,2,2,2,3,2,4,4,3,3,3,4,4,3,3,10,1,3,1,1,3,5,4,4,3,3,4,4,4,2,2,3,3,2,2,2,3,4,2,3,3,1,2,3,4,4,2,3,3,3,3,4,2,3,4,3,2,1,2,2,2,2,2,2,2,2,4,2,2,2,2,7,7,7,5,5,5,2,2,5,1,36,4,1,1,1,48,3700,2800,0,135001,정보처리기사 프로그래밍 Java 기술훈련 문제 탐색 보안 프로그램 도입 정부 정책 관련 정책,응용소프트웨어공학
32732,4,4,3,3,5,6,3,3,4,5,5,7,3,4,4,5,3,4,4,4,2,2,2,2,3,3,5,6,2,2,4,5,1,0,1,0,1,0,1,0,5,6,4,4,5,6,1,0,4,5,3,3,4,5,2,2,5,6,5,6,5,6,4,4,4,5,4,5,5,6,5,6,4,4,3,4,4,4,4,4,2,2,1,0,3,2,3,3,3,2,3,3,4,2,4,4,2,3,3,4,3,3,1,5,1,2,0,7,5,4,3,4,4,4,3,3,4,4,5,4,4,4,4,4,3,3,2,4,3,3,2,4,3,3,4,3,4,5,4,3,5,3,2,2,1,2,2,1,2,2,2,1,3,3,3,3,2,2,2,5,3,3,5,5,5,7,1,35,4,1,1,1,50,3000,2200,0,154201,화학분석기사자격증 장비 도입 교육 훈련 화학 용품 수요,화학
32733,5,4,5,5,5,4,5,3,5,5,5,3,5,4,5,4,5,5,5,5,5,4,5,4,5,4,5,5,5,4,5,4,5,4,5,5,5,5,5,2,5,3,5,4,5,3,5,4,5,4,5,3,5,3,5,5,5,2,5,4,5,4,5,5,5,4,5,3,5,5,5,4,5,4,5,3,5,4,5,4,5,5,5,6,5,6,5,6,5,3,4,4,4,2,5,5,2,5,3,4,4,3,1,5,2,2,0,3,5,4,3,3,3,4,2,4,3,4,4,4,1,4,4,5,5,3,4,3,5,3,2,5,3,5,4,4,5,5,5,3,5,3,1,1,1,1,1,1,2,2,2,3,4,3,2,2,1,3,3,3,5,5,5,5,7,7,1,58,5,2,5,1,50,0,0,9900,151101,기계 장비 도입 사용 제조 기술 기술 변화 신규 인력 증대,기계공학
32734,1,0,1,0,1,0,1,0,3,4,1,0,1,0,1,0,1,0,1,0,1,0,2,3,1,0,3,3,1,0,1,0,1,0,1,0,1,0,2,5,4,5,1,0,1,0,2,1,1,0,2,3,4,4,4,5,1,0,1,0,2,3,2,5,1,0,1,0,1,0,2,3,1,0,1,0,2,1,1,0,1,0,1,0,2,1,1,0,4,3,4,4,4,5,4,4,5,4,3,4,4,10,1,4,1,2,0,5,5,4,4,3,5,4,4,5,5,4,5,4,4,3,3,3,4,5,5,3,4,4,5,4,4,4,5,4,3,4,3,4,4,4,2,2,2,2,2,2,2,2,2,2,3,1,1,1,1,9,3,2,3,2,3,8,3,2,2,34,4,1,1,1,40,4000,3800,0,132002,정보처리기사 전자계산기조직응용 변화,전자공학
32735,2,5,2,2,3,3,3,3,4,4,3,3,4,4,3,3,4,4,3,3,4,4,2,5,4,3,2,5,3,5,4,3,4,5,3,5,3,3,4,4,4,4,3,3,3,2,4,4,4,3,4,5,3,5,4,5,3,5,5,5,4,4,4,4,4,4,4,6,4,4,4,4,4,5,4,5,3,5,4,4,4,5,3,5,3,4,2,2,4,4,5,4,4,3,4,4,3,4,4,3,4,13,2,2,2,2,0,7,5,4,3,3,3,3,2,4,3,3,4,4,4,3,3,4,3,4,5,4,3,4,4,4,4,4,3,4,5,5,4,4,4,3,2,2,2,2,2,2,2,2,2,1,3,3,3,3,2,2,3,5,2,1,7,6,3,4,1,40,4,1,1,1,58,4300,2100,0,416701,공란,전기공학
32736,4,5,5,5,4,5,3,4,5,6,4,5,1,0,4,5,3,5,1,0,2,3,3,5,3,5,4,5,3,5,2,4,1,0,3,4,4,5,4,5,3,3,4,5,3,4,5,6,3,3,1,0,2,4,1,0,1,0,1,0,4,5,2,3,3,3,2,3,1,0,1,0,1,0,1,0,2,4,3,4,1,0,1,0,4,4,2,3,4,3,4,4,5,4,5,2,4,3,4,4,4,11,1,2,2,2,0,3,5,4,4,5,4,5,4,4,5,4,4,4,2,4,3,3,2,4,5,4,3,4,3,4,3,3,2,4,5,3,4,4,4,4,2,2,2,2,2,2,2,2,2,2,3,3,3,3,2,3,4,2,8,5,3,4,3,6,1,35,4,1,1,1,45,3800,2900,0,25101,세금 대한 민원 증가,세무학
32737,4,4,4,5,3,5,4,4,4,5,3,5,4,4,3,5,3,5,4,4,4,4,3,5,4,4,4,5,3,5,3,5,3,5,3,5,4,5,3,5,3,5,3,5,3,5,3,5,4,5,3,5,4,4,4,4,4,5,3,5,4,5,3,5,3,6,3,5,4,5,3,5,4,5,4,4,4,5,3,5,3,5,3,5,4,4,4,5,4,3,4,4,4,4,3,3,3,4,3,4,3,17,1,2,1,1,6,6,6,4,4,4,4,4,4,4,9,4,5,5,3,4,3,4,3,3,3,2,3,3,3,4,3,4,3,4,4,3,4,3,4,3,2,2,2,2,2,2,2,2,2,2,2,1,1,3,1,7,8,7,8,7,8,8,7,8,2,52,5,2,5,1,42,0,0,8000,13501,보육시설장 직무연수 출산 저조,유아교육
32738,4,4,4,4,4,5,3,3,3,4,5,7,1,0,3,4,4,4,2,4,1,0,3,4,2,3,3,2,4,4,1,0,1,0,1,0,3,4,2,2,3,3,3,3,4,4,1,0,1,0,1,0,1,0,1,0,1,0,1,0,4,4,3,3,1,0,1,0,1,0,1,0,1,0,1,0,2,2,1,0,2,3,2,3,5,5,4,4,4,4,4,3,3,4,4,1,3,4,3,2,4,16,5,3,1,2,0,3,5,3,3,3,4,2,3,3,9,9,4,4,3,2,2,2,2,3,3,3,4,5,3,3,3,3,3,2,3,5,3,2,5,3,2,2,2,2,2,2,2,2,2,1,3,2,2,2,1,3,3,7,5,5,5,7,3,5,1,31,4,1,1,1,50,2600,2100,0,413201,정사서1 2급,문헌정보학
32739,1,0,3,4,2,1,2,3,2,1,2,2,2,2,3,4,2,2,2,2,1,0,3,3,2,3,3,4,2,2,3,3,1,0,1,0,2,3,3,4,2,3,3,3,3,3,2,2,2,2,1,0,3,4,2,2,2,2,1,0,1,0,2,2,2,3,2,3,1,0,1,0,2,2,3,3,1,0,2,3,2,2,3,3,2,2,2,2,4,3,4,2,4,2,3,4,3,3,2,2,4,18,1,1,2,2,0,7,2,4,4,4,4,3,1,3,9,9,9,3,2,4,3,3,2,3,4,3,2,3,4,3,3,2,3,3,2,2,2,3,3,2,2,2,2,2,2,2,2,2,2,2,3,2,2,3,2,6,7,5,6,4,5,2,3,5,1,38,2,1,1,1,56,2600,2300,0,524001,매니아 존재,기계
32740,5,5,5,5,5,5,4,6,5,6,5,7,5,6,5,6,5,6,5,6,4,3,5,5,4,5,5,5,4,5,5,6,5,5,4,5,4,5,5,6,4,5,5,6,5,6,5,7,5,6,5,6,5,6,5,6,5,5,4,5,5,5,4,5,3,3,4,5,4,4,4,4,5,4,2,3,3,4,4,4,4,4,4,4,4,4,4,4,4,4,2,3,4,2,4,4,3,3,4,4,3,6,1,4,1,2,0,7,5,4,3,3,4,4,3,3,3,3,3,3,3,4,3,4,3,2,3,3,4,4,3,4,4,3,4,4,3,4,3,4,4,4,2,2,2,2,2,2,2,2,2,2,2,2,2,3,1,6,3,4,6,5,5,5,4,6,2,33,4,1,1,1,40,3800,3400,0,140501,도시계획기사 신규 건축 수요 감소,조경학
32741,4,3,3,5,2,2,3,5,2,3,3,5,1,0,3,4,4,6,3,4,3,4,4,4,4,6,4,4,3,5,2,3,2,3,3,3,3,5,4,6,2,4,3,4,4,5,3,5,5,4,5,5,4,4,1,0,4,4,1,0,1,0,3,4,3,4,3,4,3,4,4,4,3,4,4,4,3,5,3,3,4,6,3,5,2,4,3,3,3,4,1,2,3,2,2,3,2,3,4,3,3,9,1,2,1,2,0,6,2,3,3,3,3,3,3,3,2,3,4,3,2,3,4,4,3,2,4,2,3,2,4,4,3,4,4,3,3,5,4,2,5,5,2,2,2,2,2,2,2,2,2,1,4,3,2,3,2,6,7,8,5,6,4,7,5,4,1,47,3,1,1,1,50,4800,3600,0,531101,중식요리사자격증 가구 맞벌이 가구 증가 외식 시장 급성 배달 업체 전문화 배달 일자리 증가,호텔조리학
32742,3,3,3,5,4,5,3,3,2,2,3,4,3,4,3,3,3,3,3,3,2,1,4,5,3,3,3,3,2,3,4,5,1,0,1,0,4,6,1,0,1,0,3,3,3,3,3,3,3,3,2,3,3,4,3,3,2,3,3,5,3,3,2,2,3,3,2,2,4,6,3,3,2,3,2,2,3,3,2,2,2,2,1,0,2,2,2,2,3,3,4,4,3,4,3,4,3,4,4,3,3,13,1,4,2,1,4,5,5,4,3,3,3,4,3,3,3,4,5,4,4,3,3,3,2,3,2,2,2,3,4,4,2,3,4,4,3,4,2,2,3,3,2,1,2,2,2,2,2,2,2,1,3,2,3,3,1,7,7,7,5,5,5,5,5,5,1,33,4,1,1,1,40,3100,2500,0,134303,직무훈련 자가진단 프로그램 도입 상황 유지,제어공학
32743,2,2,4,5,2,2,3,4,2,2,2,2,1,0,1,0,3,3,3,3,3,4,2,2,3,4,2,2,2,2,3,4,2,2,2,3,1,0,3,4,2,3,3,4,4,5,3,4,1,0,1,0,1,0,1,0,1,0,1,0,1,0,1,0,1,0,2,4,3,4,3,4,1,0,4,5,3,4,3,4,1,0,1,0,3,4,2,2,3,3,5,2,2,3,3,3,2,2,3,2,4,8,1,1,1,1,6,6,2,2,2,2,4,2,4,3,9,9,4,4,2,3,3,3,4,3,2,3,4,3,3,3,4,3,3,2,2,4,3,2,4,2,2,2,2,1,2,2,2,2,2,2,2,3,3,3,2,6,6,6,5,5,5,3,4,5,1,50,3,1,1,1,58,3100,2000,0,622101,운전면허증 택시운전자격증 운전경력 택시 이용 수단 증가 업자 불신,기계
32744,3,5,4,5,3,5,2,3,3,4,4,4,3,4,4,5,4,4,2,3,3,4,5,4,5,5,4,4,4,4,3,4,3,4,3,4,3,5,4,5,4,5,4,5,4,4,4,4,4,5,3,4,4,6,3,4,5,6,4,5,2,3,4,4,5,6,5,7,5,6,5,7,4,4,3,4,4,6,4,6,5,6,5,6,5,7,5,6,4,3,1,3,3,2,5,5,4,4,4,4,4,15,2,5,1,2,0,6,3,4,4,3,5,4,3,3,4,3,4,4,1,5,4,2,3,2,3,2,3,3,2,5,3,4,4,4,3,5,3,4,5,5,2,2,2,2,2,2,2,2,2,2,3,1,1,3,2,8,8,8,5,3,3,7,4,5,1,43,4,1,1,1,40,7300,2500,0,812102,항공정비사 헬리콥터 이용 정비사,기계공학
32745,4,5,3,4,4,4,4,4,4,5,3,5,4,4,4,6,4,4,4,5,5,5,4,5,4,5,3,5,4,4,4,5,5,5,3,6,4,4,4,5,3,5,4,4,4,4,4,5,3,5,3,5,4,4,4,4,4,6,4,5,4,4,4,4,4,5,4,4,4,4,4,5,4,5,3,5,3,5,4,5,3,4,4,4,4,5,3,5,5,5,4,3,3,4,4,4,3,3,4,4,3,1,1,1,1,2,0,5,2,4,4,4,3,4,4,5,5,4,4,5,3,4,4,4,3,4,4,3,3,4,3,4,3,4,3,3,3,4,4,4,3,3,2,2,2,2,2,2,2,2,2,1,4,3,3,3,2,7,8,3,3,4,5,7,3,4,1,43,3,1,1,1,40,3700,2600,0,901501,서양조경사 재개발 생활환경 개선 대한 투자 확대 사람 수준 향상,조경학
32746,3,3,3,3,3,3,3,3,3,3,3,3,5,6,3,3,3,3,3,2,3,3,3,4,3,3,4,4,4,4,3,4,3,4,3,4,3,3,3,3,3,4,3,3,2,3,2,2,2,2,2,3,3,3,3,3,3,3,2,2,2,2,3,3,2,3,3,3,3,3,3,4,3,3,4,6,4,5,3,3,3,3,3,4,3,5,3,3,4,2,3,4,3,2,4,2,3,4,3,2,4,3,1,1,2,2,0,3,2,3,3,2,5,5,3,4,9,9,4,4,1,5,4,3,2,4,4,3,5,3,3,4,4,4,4,3,4,4,3,4,4,5,2,2,2,2,2,2,2,2,2,1,4,3,3,3,2,7,7,6,4,5,4,7,6,3,2,35,4,2,5,1,50,0,0,5000,864101,개성 신발 사람,패션디자인
32747,5,7,5,7,5,7,5,7,3,5,5,7,4,5,4,5,4,6,4,5,4,5,4,5,4,5,3,3,3,4,3,4,3,5,4,6,3,3,4,5,3,5,3,4,3,3,3,4,3,3,3,5,2,1,1,0,1,0,1,0,1,0,1,0,1,0,1,0,1,0,1,0,3,4,2,2,1,0,1,0,1,0,1,0,3,3,3,3,5,5,4,4,4,4,4,4,4,4,4,4,4,15,2,4,2,1,3,3,5,4,4,4,4,4,3,3,3,4,4,3,2,3,3,5,5,5,4,4,4,4,4,5,4,4,4,3,3,4,3,4,4,2,2,2,2,2,2,2,2,2,2,2,3,3,3,3,1,5,2,2,3,3,2,3,2,2,1,37,4,1,1,1,55,7000,7000,0,221102,사법연수원 상태 유지,법학
32748,2,3,4,5,3,4,3,4,3,4,2,3,2,2,3,4,3,4,4,5,3,4,2,3,4,5,2,3,3,4,4,5,2,3,2,3,1,0,3,4,3,4,1,0,1,0,1,0,1,0,1,0,1,0,1,0,1,0,1,0,3,4,1,0,1,0,1,0,1,0,1,0,1,0,1,0,1,0,1,0,1,0,2,3,4,5,3,4,2,3,4,2,4,3,3,3,3,3,4,3,3,14,1,4,2,2,0,3,2,3,3,3,3,3,3,3,3,3,4,3,3,3,3,2,2,3,3,4,4,4,2,5,3,4,5,4,4,5,5,5,5,5,2,2,2,2,2,2,2,2,2,4,1,2,2,2,1,6,5,9,3,8,9,3,3,2,2,40,3,1,2,2,40,2400,2000,0,562401,자동 터그 방식,멀티미디어
32749,5,5,4,5,4,5,4,4,3,4,4,5,3,3,4,5,4,4,5,5,3,4,4,5,4,4,4,4,4,4,4,5,4,5,4,5,4,4,4,4,4,4,4,5,4,4,3,4,3,4,4,5,3,4,3,4,3,4,3,4,4,4,4,4,3,3,3,4,4,2,4,3,3,3,2,2,3,2,2,3,3,3,4,4,3,4,3,5,3,3,3,3,3,3,5,3,3,3,3,3,3,13,2,2,1,1,1,5,4,3,4,4,5,4,3,3,3,3,3,3,2,5,3,5,4,3,2,3,3,4,3,4,3,2,3,2,2,3,2,4,4,4,1,1,1,2,1,1,2,2,1,2,3,3,2,3,1,6,6,6,6,4,4,4,3,3,2,47,3,1,1,1,40,7000,2500,0,157201,식품기사 기술교육 사용 기계 최신 자동화 식품 안점 국민 건강 관계 때문,식품영향학
32750,1,0,1,0,1,0,1,0,1,0,1,0,1,0,2,2,1,0,1,0,1,0,1,0,2,1,1,0,1,0,1,0,1,0,1,0,2,1,1,0,1,0,1,0,1,0,1,0,3,4,1,0,1,0,2,4,2,2,3,3,1,0,1,0,1,0,2,1,1,0,1,0,2,4,4,4,3,3,1,0,4,5,3,4,2,2,1,0,3,2,2,3,2,2,3,2,2,2,1,2,2,14,1,2,1,2,0,1,2,2,2,2,3,2,2,4,9,9,9,4,2,4,4,4,4,3,3,2,3,3,4,3,3,2,2,2,2,3,2,2,4,3,2,2,2,2,2,2,2,2,2,1,2,2,2,2,2,6,6,6,5,7,7,4,4,5,1,47,2,1,1,1,42,3520,2500,0,702701,일반판금기능사 기계화,문과
32751,3,4,3,3,2,3,2,2,3,4,3,5,3,2,3,4,2,2,2,2,2,2,2,2,2,2,2,2,2,2,2,2,2,2,2,2,2,2,2,2,2,2,3,3,2,2,2,2,2,2,2,2,2,3,2,2,2,2,2,2,3,5,3,3,3,3,2,3,3,3,3,5,2,2,2,2,3,5,2,2,2,2,2,2,2,2,2,2,4,4,3,3,3,3,3,2,3,3,4,4,3,15,2,3,2,2,0,7,5,4,4,3,4,4,4,3,4,4,4,4,2,4,3,4,4,3,4,4,4,4,4,4,4,4,4,4,4,5,4,4,4,2,2,2,2,2,2,2,2,2,2,2,4,3,3,3,2,6,6,5,4,4,4,6,5,5,1,34,4,1,1,1,40,5500,3000,0,155103,친환경 에너지 생산,환경공학
32752,2,2,3,3,1,0,2,2,3,4,1,0,3,4,3,3,3,4,4,4,3,3,3,4,3,5,3,3,1,0,3,4,1,0,1,0,1,0,3,3,3,4,2,2,1,0,1,0,1,0,1,0,2,4,4,4,4,5,3,4,2,2,3,3,5,6,3,5,4,5,5,6,3,3,4,5,4,5,3,3,2,2,3,3,2,2,2,2,4,4,3,3,4,2,3,3,4,3,4,3,3,2,1,5,1,2,0,2,2,3,2,3,3,4,3,3,3,2,4,3,3,3,4,4,4,2,4,2,3,3,2,4,5,4,3,4,4,5,4,4,4,3,2,2,2,2,2,2,2,2,2,2,2,2,2,2,2,4,3,4,5,5,4,5,4,4,1,42,3,1,1,1,40,4000,2800,0,705101,광산보안산업기사 화약류관리산업기 산업 에너지 변화 영향,건설학
32753,4,5,4,5,3,4,4,5,4,5,4,5,4,5,3,4,4,5,4,5,4,5,4,5,4,5,4,4,3,4,4,5,4,5,4,5,5,5,4,5,4,5,4,5,4,5,4,5,4,5,4,5,4,5,4,6,4,6,4,5,3,4,4,5,4,5,4,5,4,5,4,5,4,5,3,5,4,5,4,5,4,5,1,0,1,0,1,0,5,3,4,4,5,4,4,4,4,4,3,3,3,6,1,1,1,2,0,5,5,4,4,4,4,4,4,4,4,3,4,4,1,4,4,4,3,4,4,4,4,4,4,2,4,5,4,4,5,4,4,4,4,4,2,2,1,2,2,2,2,2,2,2,3,3,3,3,2,6,6,4,6,6,6,3,6,6,1,50,4,1,1,1,45,6500,3500,0,140206,건축환경기사 기술 장비 도입 건축 품질 변화 현재 상황 유지,건축학
32754,4,4,4,4,1,0,4,4,3,3,3,3,3,3,3,3,2,2,3,4,2,2,3,3,4,4,3,4,4,4,3,3,2,2,3,3,1,0,2,2,2,2,2,2,4,4,3,3,1,0,2,2,3,3,1,0,1,0,1,0,1,0,1,0,1,0,1,0,1,0,1,0,2,2,3,3,1,0,3,3,3,3,3,2,3,3,2,2,4,3,2,4,4,2,4,4,2,4,4,3,3,18,1,2,2,2,0,4,5,3,3,4,4,4,3,3,3,4,4,4,3,3,4,3,3,4,4,3,3,3,3,3,3,3,4,4,4,3,3,3,4,3,2,2,2,2,2,2,2,2,2,1,3,2,2,2,1,5,5,4,4,5,5,5,5,4,2,29,4,1,3,2,50,3500,3000,0,416201,지금 비슷,연극영화학
32755,3,4,3,4,4,5,4,5,2,3,3,4,1,0,5,5,3,4,3,3,2,3,5,4,2,3,4,4,4,4,4,4,4,4,1,0,3,4,4,4,4,5,4,6,3,5,4,5,3,4,3,4,1,0,1,0,1,0,1,0,3,3,3,4,1,0,1,0,1,0,1,0,3,4,1,0,1,0,1,0,2,2,2,3,3,4,3,4,3,4,5,3,4,3,4,4,4,3,5,4,5,16,5,3,1,2,0,2,5,5,5,5,5,4,5,3,3,4,4,4,1,5,5,4,5,4,4,4,3,2,2,4,4,4,5,5,4,5,4,4,5,4,2,2,2,2,2,2,2,2,2,1,2,3,3,3,2,6,7,4,5,3,4,4,6,4,2,56,4,1,1,1,40,7600,6000,0,13202,정교사자격증 교감자격증 학교 수가 점점,교육학
32756,3,4,4,5,2,2,3,4,3,3,3,4,2,2,3,3,2,2,2,2,2,1,3,4,4,5,3,3,3,4,3,4,2,3,2,3,3,4,4,5,4,5,3,3,3,4,3,4,3,4,3,3,2,2,3,3,3,4,3,3,2,2,3,4,4,5,3,3,3,4,3,4,3,4,4,5,3,4,2,2,4,5,3,4,3,4,2,2,5,3,4,4,3,2,3,5,2,3,4,2,4,13,1,1,2,2,0,3,2,3,3,3,4,4,3,4,4,3,4,4,2,3,5,2,3,4,3,2,3,4,4,4,3,4,2,2,3,4,3,2,4,4,2,2,2,2,2,2,2,2,2,1,2,3,3,3,2,8,6,7,7,6,4,3,4,3,1,48,3,1,1,1,48,3900,3000,0,702501,직업 연령,응급구조
32757,3,4,4,4,3,4,3,4,4,4,3,4,3,4,3,4,4,3,4,4,4,4,3,3,5,5,4,4,5,4,4,4,4,4,4,4,3,3,4,3,5,5,4,3,3,3,3,4,3,4,2,4,3,4,3,3,3,4,4,4,4,4,2,4,3,4,3,3,3,4,3,3,3,4,3,3,3,3,5,4,3,5,3,3,3,5,2,5,5,5,2,3,5,2,4,4,3,4,4,4,4,15,2,3,1,2,0,3,4,4,4,4,5,4,4,4,3,4,4,4,2,4,4,4,4,2,4,2,3,2,2,4,5,4,3,4,4,3,4,3,3,3,2,2,2,2,2,2,2,2,2,1,4,1,1,3,1,6,7,6,3,3,4,5,3,6,1,38,4,1,1,1,40,4800,3000,0,240102,응급구조사 1급 화약류관리기사 해양 경찰관 인원 증가 추세,경찰행정학
32758,2,3,2,2,2,2,2,2,2,3,3,4,2,2,2,3,2,2,5,6,2,2,1,0,1,0,2,3,3,3,2,3,1,0,1,0,1,0,2,2,1,0,2,3,2,2,2,2,1,0,1,0,1,0,1,0,2,3,1,0,1,0,2,2,2,2,2,3,2,2,1,0,3,3,1,0,3,4,1,0,2,2,2,2,2,2,2,2,4,4,5,3,4,3,4,3,2,2,4,4,5,8,1,2,1,2,0,1,1,4,4,4,4,2,3,5,9,9,5,5,1,4,4,3,3,4,2,3,4,3,4,4,3,4,3,3,5,5,4,3,5,4,2,2,2,2,2,2,2,2,2,1,3,3,3,3,2,9,9,9,2,3,4,7,8,4,1,58,1,1,1,1,45,3500,2500,0,622304,대형운전면허 변동 직종,0
32759,3,4,3,3,2,2,4,4,3,4,3,4,3,3,4,4,3,3,4,4,3,4,3,4,3,4,2,3,3,3,3,4,3,4,3,5,3,5,3,4,3,3,3,4,3,5,3,4,3,3,2,3,2,2,3,3,3,3,2,3,3,4,2,3,3,2,3,3,4,5,2,3,3,3,2,4,2,2,3,4,2,3,3,3,2,3,2,3,3,3,2,3,2,2,3,3,2,3,2,3,3,14,1,1,1,2,0,2,2,4,3,3,4,3,3,4,9,9,4,4,2,4,4,3,3,3,3,4,3,3,4,4,3,3,3,2,4,4,2,4,4,4,2,2,2,2,2,2,2,2,2,2,2,2,2,2,2,6,7,6,4,4,3,5,4,4,1,47,4,2,5,1,50,0,0,5800,832101,전자산업기사 수리,전기공학
32760,3,4,3,5,3,3,3,4,2,2,3,4,5,5,3,3,3,4,4,6,4,5,5,5,4,6,3,4,5,5,2,2,3,3,3,4,1,0,2,2,3,4,3,3,1,0,1,0,3,3,1,0,4,5,1,0,3,4,2,2,5,5,2,2,2,2,4,5,3,3,3,4,3,3,3,4,5,5,2,2,1,0,1,0,3,3,2,2,4,5,3,3,4,4,4,5,4,4,5,4,4,18,1,6,2,2,0,2,4,4,4,3,4,4,3,3,3,2,3,3,2,4,4,4,4,2,3,2,3,2,2,4,3,4,4,3,4,5,4,3,4,4,2,2,2,2,2,2,2,2,2,3,3,1,1,3,1,4,3,4,4,4,5,4,4,4,1,46,4,1,1,1,40,4800,3000,0,416105,업체 간의 경쟁 과열 모바일 기기 발달,방송학
32761,4,4,4,4,1,0,4,4,3,3,3,3,3,3,3,3,2,2,3,3,2,2,3,3,4,4,3,4,4,4,3,3,2,2,3,3,1,0,2,2,2,2,2,2,4,4,3,3,1,0,2,2,3,4,1,0,1,0,1,0,1,0,1,0,1,0,1,0,1,0,1,0,2,2,3,3,1,0,3,3,3,3,3,3,3,3,3,4,4,3,3,4,4,2,4,4,2,4,4,3,4,18,1,3,2,1,4,4,5,3,3,4,4,4,4,3,3,3,4,3,3,3,4,3,4,4,3,3,3,3,3,3,3,4,4,4,4,3,3,3,4,3,2,2,2,2,2,2,2,2,2,1,3,2,2,2,1,5,5,6,6,5,5,6,6,5,2,37,4,1,3,2,50,4200,3000,0,416201,실무경험 지금 비슷,연극영화학
32762,4,5,5,5,4,4,4,4,3,5,4,5,1,0,3,4,3,5,3,5,4,5,4,5,3,4,3,5,4,5,4,4,4,5,4,5,3,4,4,5,4,5,4,5,2,3,4,5,4,5,4,4,4,4,1,0,3,5,4,4,1,0,3,4,3,4,4,5,5,6,4,5,3,4,3,3,3,4,3,4,3,4,3,5,3,5,3,3,4,3,3,3,4,3,5,4,3,4,4,5,3,8,2,6,1,2,0,2,2,5,4,4,5,5,3,4,3,3,3,3,3,4,3,5,5,2,3,1,5,3,5,4,3,3,3,3,3,5,4,4,5,4,2,2,2,2,2,2,2,2,2,3,2,3,3,2,1,3,2,4,3,3,3,3,2,2,1,42,3,1,1,1,40,5000,3000,0,831101,전기기사 철도안전관리자 자동화 설비 증가 것이므,전기
32763,5,6,4,5,4,5,3,4,4,5,4,4,1,0,4,4,4,5,1,0,4,4,3,4,4,4,4,4,1,0,3,4,4,4,3,4,3,5,3,3,3,4,3,5,3,5,3,4,3,4,4,5,3,4,4,4,4,5,1,0,3,5,3,5,3,5,3,5,3,5,3,5,3,5,3,5,3,4,3,5,3,5,3,4,3,5,2,2,5,4,4,4,3,4,3,2,3,4,3,4,4,3,1,4,1,2,0,2,5,4,3,4,4,4,4,4,4,3,5,4,2,4,4,3,4,5,4,3,3,4,4,4,3,4,5,4,3,4,3,5,4,4,2,2,2,2,2,2,2,2,2,2,2,3,3,3,2,7,4,6,3,8,6,4,8,6,1,30,4,1,1,1,40,4700,4400,0,152101,산업기사 기초 산업 외국 이전 감소,신소재공학
32764,2,3,2,2,2,3,2,2,3,4,3,4,1,0,2,3,3,4,2,2,2,2,3,4,3,3,2,2,2,2,1,0,1,0,1,0,3,3,3,4,3,4,2,2,2,3,2,2,2,3,2,3,2,3,4,5,4,5,4,5,3,4,4,5,4,5,4,5,4,5,4,5,3,4,3,3,3,4,3,4,3,4,2,2,3,4,3,4,3,3,3,3,3,2,3,2,3,4,3,4,4,13,1,4,1,2,0,5,4,3,3,2,4,4,3,3,3,2,3,3,2,4,3,3,3,3,3,4,3,4,2,4,3,3,3,3,3,4,3,4,5,5,2,2,2,2,2,2,2,2,2,1,2,3,3,3,2,8,8,7,5,4,4,5,4,4,1,38,3,1,1,1,44,4500,4000,0,158401,산업안전지도사 기계 발전 인간 영역 담당,전기기계
32765,3,3,3,3,2,3,4,4,3,3,3,4,3,3,3,3,2,3,3,4,3,2,2,4,2,2,3,3,3,3,4,5,3,5,4,4,2,2,3,3,3,4,3,4,4,4,2,2,3,3,3,3,1,0,1,0,3,5,3,4,2,2,2,2,2,2,3,4,2,4,3,3,2,3,2,3,2,2,3,3,2,3,2,2,4,4,3,3,4,3,3,3,4,4,3,3,3,4,4,3,4,3,1,3,2,2,0,6,5,4,4,4,4,5,4,3,3,3,3,3,1,5,4,5,4,3,3,4,2,1,2,4,3,4,4,5,4,4,5,4,5,5,2,2,2,2,2,2,2,2,2,2,1,2,2,2,2,7,6,5,8,7,3,1,4,4,1,41,4,1,1,1,45,4600,3600,0,16301,불황 관리자 구조조정,기계공학
32766,2,3,2,3,2,2,3,4,3,4,3,4,3,4,3,4,3,4,4,6,4,5,4,5,3,4,4,6,3,4,4,5,3,4,4,5,3,4,4,5,4,5,4,5,4,5,2,3,4,6,4,5,4,5,4,5,5,6,4,4,3,4,3,4,4,5,4,6,4,6,4,5,4,5,4,5,4,5,4,5,4,5,4,5,4,5,3,4,3,4,3,3,3,3,4,4,3,4,3,3,3,3,1,2,2,1,1,7,3,3,3,3,4,4,3,3,3,4,4,4,4,3,3,3,4,4,3,3,4,3,3,3,3,4,3,2,3,3,4,3,3,3,2,2,2,2,2,2,2,2,2,2,2,3,3,3,1,7,7,5,3,4,4,6,4,4,1,26,3,1,1,1,45,3750,3000,0,835201,기계작동법 기계 작동 컴퓨터 대체,기계학
32767,3,1,4,2,2,1,4,2,5,3,4,1,4,4,2,1,5,2,3,3,1,0,2,3,4,1,5,1,2,3,2,2,3,1,3,1,1,0,4,2,4,2,4,3,4,2,2,1,2,3,1,0,2,1,3,2,2,3,2,1,2,1,3,2,2,2,2,3,5,2,3,1,4,1,5,2,3,1,2,1,2,1,2,3,3,1,2,1,2,3,5,4,3,2,4,4,3,2,3,4,5,3,1,2,1,2,0,2,4,4,4,3,4,5,4,4,9,9,9,3,2,4,4,5,4,4,5,4,3,5,5,4,4,5,4,5,5,4,3,1,4,4,2,1,2,2,2,2,2,2,2,2,1,3,2,2,2,7,6,4,4,6,5,6,4,3,2,33,4,1,1,1,40,3900,3100,0,862101,패션디자인산업기사 양복기능사 패턴 제도 컴퓨터 통해 작업 최근 패턴 발전 감소 예정 보임,의류
32768,5,5,5,5,4,5,4,5,5,5,5,5,4,5,5,4,5,4,4,5,3,4,5,5,5,6,4,5,5,5,4,5,4,4,3,5,5,5,5,5,5,5,4,4,5,4,3,3,4,3,5,5,4,4,3,5,4,5,5,5,3,4,4,5,5,4,3,4,3,3,4,4,3,5,3,4,3,4,4,4,3,5,3,5,4,3,3,3,4,4,4,2,4,2,4,3,3,4,4,4,4,17,1,4,1,1,1,6,5,4,4,4,4,4,2,2,3,3,3,3,3,3,3,5,4,3,4,1,3,2,3,4,4,4,4,4,4,4,4,3,5,4,1,1,1,1,1,1,1,2,2,1,3,3,2,2,2,7,7,7,5,3,3,3,7,7,2,51,3,1,1,1,40,3300,2600,0,301004,간호사 면허증 서비스교육 전산 의무 기록 종이 전산 업무 조등,간호학
32769,2,1,2,2,1,0,3,4,1,0,1,0,1,0,1,0,3,3,1,0,1,0,1,0,4,5,3,4,3,4,2,1,2,1,2,2,1,0,3,4,2,3,3,5,5,6,2,1,1,0,1,0,1,0,1,0,1,0,1,0,1,0,1,0,1,0,1,0,1,0,1,0,1,0,1,0,1,0,2,2,4,4,1,0,3,4,2,4,3,4,2,2,3,1,2,3,3,2,2,2,2,18,1,2,2,2,0,2,4,4,2,2,2,3,3,2,9,3,9,2,2,4,4,4,5,4,5,4,5,3,4,5,4,5,5,5,4,5,5,4,4,4,2,2,2,2,2,2,2,2,2,1,4,2,2,2,1,9,8,8,2,2,1,2,2,1,1,30,4,1,1,1,50,2400,1800,0,417201,연예인 활동 지원 직업 일자리 증가,영어영문학
32770,3,4,3,5,3,4,3,5,4,5,3,5,2,3,4,4,3,5,4,5,3,5,3,5,4,5,3,4,4,5,4,5,4,5,4,5,2,3,4,4,4,4,4,5,4,4,4,6,4,6,4,4,4,4,3,4,3,4,2,2,4,5,2,2,2,2,2,2,2,2,2,2,3,4,2,2,3,3,3,3,2,3,3,4,3,4,3,4,4,4,3,3,4,3,4,3,3,3,4,3,4,13,1,1,1,2,0,5,5,3,3,3,3,3,3,3,3,3,3,3,2,2,2,3,3,2,2,2,2,2,4,4,4,4,3,3,3,3,3,3,3,4,2,2,2,2,2,2,2,2,2,4,3,3,3,3,2,4,4,4,5,5,5,5,4,5,1,47,4,2,5,1,50,0,0,5000,221401,변리사 업봉 경쟁,경영
32771,4,5,4,5,3,4,3,5,3,3,3,5,4,6,2,3,5,6,2,3,3,4,3,5,3,4,2,3,5,4,3,5,2,3,3,4,3,4,5,6,4,5,2,2,3,5,2,3,2,2,1,0,2,2,1,0,2,3,2,2,3,3,1,0,2,2,2,1,2,3,2,2,2,3,2,2,2,1,3,3,3,4,1,0,2,2,2,1,3,4,4,3,3,4,2,5,3,4,3,3,2,13,1,6,2,2,0,2,3,3,2,2,2,4,3,2,2,4,4,3,3,3,3,4,3,2,3,1,3,3,4,4,3,4,4,4,4,4,4,3,5,4,2,1,1,2,1,1,2,2,1,3,1,3,3,3,1,7,5,5,4,3,4,4,5,6,2,27,3,1,1,1,40,3500,3040,0,29401,도입 통한 파일 공유 캘린더 통한 일정 관리 회의 초대장 작성 통한 화상회의 업무 처리 방법 작업 환경 변화 비서 업무 일부인 예약 업무 경우 가지 시리 인공 지능 업무 대체,비서
32772,3,2,4,3,1,0,3,2,3,2,3,4,1,0,2,2,2,3,5,6,2,2,1,0,4,2,3,3,1,0,4,2,1,0,1,0,1,0,3,3,4,3,5,2,3,3,1,0,4,2,1,0,3,4,3,2,4,3,5,3,3,2,1,0,5,6,5,6,5,5,5,6,3,4,4,3,4,6,5,4,2,2,1,0,4,3,2,3,3,2,3,5,5,2,3,5,2,3,4,3,1,15,2,3,1,1,3,3,5,3,5,4,4,5,5,5,4,4,3,4,1,5,4,3,4,4,5,4,3,4,4,2,4,4,3,5,4,4,3,4,4,4,2,2,2,2,2,2,2,2,2,2,3,3,2,2,2,7,9,7,7,5,4,7,7,5,1,45,4,1,1,1,40,7800,6600,0,621102,자가용조종사 항공산업기사 항공무선통신사 업무비행훈련 산불 방지 병원 필요 처가 제한 적임,항공학
32773,4,5,4,6,4,4,5,6,4,6,4,5,5,7,4,5,4,5,5,7,4,5,4,6,4,6,4,5,4,6,4,5,5,7,4,5,4,6,4,6,4,5,4,6,4,6,4,5,4,5,4,6,4,6,4,6,4,5,4,6,4,6,4,6,4,5,1,0,1,0,1,0,4,6,4,6,4,5,3,5,3,5,4,4,5,6,3,4,4,4,2,4,4,2,3,3,3,4,4,3,4,6,1,2,1,1,5,7,4,4,4,4,4,4,4,4,3,4,4,4,3,3,3,3,2,2,2,4,3,4,5,4,3,4,3,4,4,4,3,3,4,4,2,2,2,2,2,2,2,2,2,1,3,1,1,1,1,7,5,6,4,7,7,6,3,3,2,38,4,1,1,1,40,4000,2200,0,415301,실내디자인기능사 실내건축산업기사 시공 현장에서 현장 실습 실내 공간 예술 중요시 가구 수요 재택근무 인테리어,실내디자인
32774,5,6,5,6,5,5,4,6,5,6,5,6,1,0,4,6,5,6,1,0,1,0,5,7,5,6,5,7,5,7,5,6,3,4,1,0,5,7,5,6,5,7,5,7,5,4,5,4,4,5,3,5,4,6,5,6,3,3,2,3,3,5,2,5,4,5,4,4,3,4,3,3,4,4,5,4,4,6,4,5,3,5,3,5,5,6,4,5,5,5,2,4,3,3,5,3,3,3,4,3,5,17,4,1,1,1,6,6,5,4,4,3,4,4,4,4,9,9,3,4,3,5,4,5,4,3,3,3,5,3,1,5,5,4,5,5,4,5,5,3,5,3,2,2,2,2,2,2,2,2,2,1,4,3,3,3,2,9,2,6,7,4,6,8,9,2,1,42,6,2,6,1,40,0,0,10000,301401,치과의사 면허 인턴 노령 구가 증가 증가,치의학
32775,3,2,3,3,2,3,3,3,2,2,1,0,2,2,2,2,3,2,3,3,1,0,2,2,3,3,1,0,3,4,2,3,2,2,1,0,1,0,3,4,2,1,2,2,1,0,1,0,1,0,1,0,3,4,2,2,2,1,1,0,2,3,3,3,2,2,1,0,1,0,2,2,1,0,3,2,3,3,1,0,2,2,2,1,3,3,2,2,3,2,3,2,1,3,3,2,3,3,2,1,3,7,1,1,2,2,0,2,3,2,3,1,3,4,4,3,2,3,3,3,2,2,2,2,4,4,3,5,2,4,1,5,1,2,2,3,3,4,2,2,4,5,2,2,2,2,2,2,2,2,2,3,1,2,2,3,1,7,4,3,1,1,4,3,5,5,2,23,2,1,3,2,40,2600,2000,0,615203,온라인 시장 발전,문과
32776,4,4,4,4,3,3,4,4,4,4,3,3,4,5,3,3,4,4,4,4,4,4,4,4,4,4,4,4,3,3,4,4,4,4,4,5,4,4,4,4,4,4,4,4,4,4,4,4,4,5,4,4,4,4,4,5,4,4,4,4,3,3,4,4,4,4,4,5,4,5,4,4,4,5,4,4,4,4,3,3,3,3,3,3,4,4,3,3,3,4,2,3,4,3,4,4,3,4,2,4,2,17,1,1,1,1,4,5,2,4,3,3,4,4,3,4,9,4,5,5,2,4,4,5,4,3,4,3,2,4,2,5,3,4,4,4,5,4,4,3,4,5,2,2,2,2,2,2,2,2,2,2,3,2,2,3,2,7,5,4,5,4,5,6,7,5,2,31,4,1,1,1,50,3600,2800,0,511502,동물간호복지사 동물 진료 검사하는 교육 반려견 선호 사람 때문,애완동물학
32777,1,0,3,4,1,0,4,5,1,0,1,0,3,5,1,0,3,5,1,0,1,0,1,0,3,4,1,0,3,4,2,3,3,4,2,3,2,3,4,5,4,5,2,3,3,4,1,0,1,0,1,0,1,0,1,0,2,3,2,2,1,0,1,0,1,0,1,0,1,0,1,0,1,0,1,0,1,0,3,4,2,2,3,4,2,2,5,6,3,4,3,4,3,3,3,3,4,3,4,3,4,18,4,3,2,2,0,7,2,3,4,3,4,3,4,4,3,4,3,4,3,4,3,3,4,3,4,3,3,2,4,3,3,4,3,3,2,3,3,4,3,4,2,2,2,2,2,2,2,2,2,2,3,3,3,3,2,7,4,5,6,5,7,7,6,7,1,28,3,2,6,1,40,0,0,2500,414601,문화 예술 산업 발달,실용음악
32778,3,4,3,4,2,2,2,2,5,6,4,5,5,7,5,6,4,5,4,5,4,5,2,3,3,4,1,0,1,0,1,0,1,0,1,0,3,4,1,0,3,4,2,2,1,0,1,0,1,0,1,0,5,7,5,7,4,5,4,5,5,7,2,2,2,2,1,0,1,0,1,0,1,0,3,5,1,0,3,4,1,0,1,0,4,5,1,0,5,4,3,4,5,4,4,4,2,5,3,3,4,13,1,2,2,2,0,7,5,4,4,3,4,4,5,4,5,5,4,4,4,4,3,4,3,4,4,3,4,3,4,4,3,4,4,4,4,4,4,3,5,3,2,2,2,2,2,2,2,2,2,1,3,3,3,3,2,3,2,1,2,7,7,8,8,3,1,32,4,1,1,1,45,3800,3100,0,415504,변화,컴퓨터공학
32779,3,4,4,5,2,4,4,5,4,5,2,4,2,2,2,2,3,4,1,0,1,0,2,2,3,3,3,4,4,4,2,2,4,5,2,3,2,3,3,4,3,3,2,2,2,2,4,5,1,0,1,0,1,0,1,0,1,0,1,0,2,4,1,0,2,2,1,0,2,2,2,2,1,0,1,0,1,0,1,0,1,0,1,0,3,3,1,0,4,3,4,2,3,4,4,1,1,4,3,2,3,11,1,6,1,1,1,7,4,2,2,2,4,3,3,2,1,3,4,2,4,2,1,5,3,1,4,2,3,4,1,4,3,3,2,2,4,3,2,2,3,3,2,1,1,1,1,2,2,2,2,3,2,3,3,3,2,7,7,8,2,5,5,3,5,5,2,33,4,1,1,1,40,5000,5000,0,32401,파생상품투자 권유자문인력 업무연수 종이 자서 사용 비대 서비스 활성화 대면 접촉 대면 업무 증량되어 현재 종사 사람,"경영학,회계학"
32780,3,4,3,4,3,3,3,4,4,4,2,3,1,0,3,3,2,4,2,3,3,2,2,3,1,0,2,2,3,3,2,3,1,0,2,2,2,3,3,4,2,2,2,2,2,2,1,0,1,0,1,0,1,0,1,0,1,0,1,0,4,5,1,0,1,0,1,0,1,0,1,0,1,0,1,0,1,0,1,0,1,0,1,0,3,3,3,3,3,2,2,3,2,2,4,3,2,3,2,4,2,8,1,2,2,1,2,7,4,4,3,3,4,4,4,3,4,4,5,4,2,3,3,4,5,3,2,3,4,5,2,4,4,3,3,3,4,2,3,2,4,3,2,2,2,2,2,2,2,2,2,2,2,3,3,3,2,6,6,4,6,4,6,4,4,6,2,35,3,1,1,1,40,3100,2400,0,28204,인터넷활용능력 전산 화가 점점,경영학
32781,3,3,3,5,2,4,1,0,1,0,2,3,1,0,1,0,3,4,2,3,1,0,2,2,3,5,3,3,2,3,3,5,1,0,2,3,3,5,1,0,4,6,3,5,3,3,1,0,1,0,1,0,5,7,4,6,5,7,4,7,3,5,5,7,3,7,4,6,5,7,4,5,2,2,4,5,3,5,4,5,3,4,2,2,3,4,2,2,3,2,4,3,4,1,4,2,3,4,4,4,2,4,2,4,1,2,0,2,2,4,2,2,4,4,3,4,3,5,5,4,4,3,3,4,3,2,2,3,4,4,5,4,3,3,4,4,4,4,4,3,4,4,2,2,2,2,2,2,2,2,2,1,3,3,3,3,2,9,2,9,1,9,1,7,2,7,1,36,3,1,1,1,45,3000,2000,0,812301,객화차정비 전기철도 철도 이용 승객 유지,전기
32782,4,6,3,4,3,4,3,5,4,6,4,5,3,4,4,6,4,5,2,3,3,4,3,5,2,3,3,4,3,4,2,3,3,4,3,5,2,3,3,5,4,5,4,6,4,6,4,6,1,0,2,3,1,0,1,0,1,0,1,0,2,3,1,0,1,0,1,0,1,0,1,0,1,0,1,0,1,0,1,0,1,0,1,0,1,0,1,0,2,2,2,3,4,2,4,3,3,4,3,3,3,11,1,2,2,2,0,4,4,4,3,3,4,4,3,2,3,2,3,3,3,3,2,4,3,2,4,3,3,2,2,5,3,4,5,4,5,4,4,4,4,5,2,1,2,2,2,1,1,1,1,2,4,3,2,3,2,6,6,6,4,3,4,7,5,5,2,29,4,1,1,1,40,4000,3400,0,32301,컴퓨터 프로그램 도입 실무 응용 교육 보험 상품 수요,수학
32783,4,5,4,5,4,5,4,5,4,5,4,5,3,4,3,4,4,4,4,5,4,4,3,4,4,5,3,4,3,4,4,4,4,5,4,4,3,3,5,5,4,4,4,5,3,4,5,4,4,4,3,3,3,3,3,3,3,3,3,3,5,5,2,3,2,3,2,3,2,2,3,3,3,3,2,2,2,2,2,3,2,3,3,3,2,4,2,3,3,3,4,3,3,3,4,3,3,3,4,3,4,11,1,3,2,1,2,2,4,3,2,3,4,3,3,3,3,4,4,3,4,2,3,4,4,5,4,4,3,3,4,4,3,3,2,3,4,4,3,4,4,4,1,1,1,2,2,2,1,1,1,2,1,2,2,3,1,2,3,3,2,2,2,2,2,2,2,32,4,1,1,1,40,3000,2000,0,26301,보험관련업무 보험 회사 상품 변화 전산,국문
32784,5,6,4,4,4,4,4,4,4,4,4,4,4,4,3,3,4,5,4,4,4,4,4,4,4,4,4,4,4,4,4,5,5,6,4,4,4,5,5,5,4,4,4,4,4,4,4,4,4,4,4,5,3,5,4,5,4,4,4,4,4,5,5,5,5,5,4,4,4,5,5,6,4,4,5,5,4,4,4,4,4,5,4,5,4,6,4,4,4,4,3,4,4,3,4,3,3,4,3,4,4,17,1,2,1,1,4,6,5,4,4,3,4,4,4,4,9,9,4,4,2,4,4,4,3,4,4,2,4,4,2,4,3,5,4,2,4,4,3,2,4,3,2,2,2,2,2,2,2,2,2,2,4,2,2,3,2,2,3,3,5,7,5,6,5,5,1,44,4,1,1,1,46,8200,4100,0,301109,의사 자격증 기능적 이상 진단 교육 인구 고령화 건강 중요시 생각,의학
32785,3,4,2,3,1,0,1,0,2,2,1,0,1,0,2,2,1,0,1,0,1,0,3,3,4,4,3,4,1,0,1,0,1,0,1,0,1,0,1,0,3,4,2,2,1,0,1,0,1,0,1,0,3,5,3,4,3,3,2,2,1,0,3,4,3,3,3,3,3,4,3,3,2,3,3,3,2,3,3,4,2,2,3,3,2,1,1,0,3,4,3,3,4,2,4,2,3,3,4,4,3,5,1,2,1,2,0,2,4,4,3,4,5,4,4,2,3,3,4,3,2,3,4,4,4,3,4,2,4,3,2,4,4,4,5,4,4,5,4,4,4,4,2,2,2,2,2,2,2,2,2,2,4,3,3,3,2,4,5,4,4,4,5,4,5,4,1,38,4,1,1,1,40,3600,3000,0,853201,폐기물처리산업기사 대기환경산업기사 폐기물 재활용 강화,환경보건학
32786,3,4,3,4,4,5,4,5,3,4,4,5,3,4,3,4,4,5,4,5,4,5,4,6,4,5,4,5,4,5,4,5,3,4,4,5,4,5,4,5,4,5,4,4,4,5,4,5,4,4,4,5,3,4,3,4,2,3,4,5,4,5,3,4,4,5,3,4,4,5,4,4,4,4,4,5,3,4,3,4,4,4,4,5,4,4,4,5,4,3,4,4,4,3,3,4,3,3,4,3,3,17,1,3,1,2,0,3,5,4,3,4,4,3,4,4,4,4,4,4,4,3,4,4,3,3,4,4,3,4,4,4,3,4,4,3,3,4,4,4,4,4,2,2,2,2,2,2,2,2,2,2,3,2,2,3,2,6,7,5,6,5,5,4,6,7,1,42,5,1,1,1,40,3800,2500,0,306903,놀이치료자격증 핵가족 심화 때문 의사소통 장애 증가,심리학
32787,2,3,3,3,3,3,3,2,4,2,3,2,5,4,3,3,4,3,3,4,3,3,2,3,4,3,3,3,4,2,4,5,3,4,3,2,3,4,3,4,4,5,3,3,4,4,3,4,4,2,3,4,4,4,4,2,4,4,4,5,2,2,4,5,3,3,4,3,3,3,3,3,3,2,3,2,3,1,3,2,2,3,3,4,4,3,2,3,4,3,3,4,3,3,3,4,3,3,4,3,4,6,1,2,2,2,0,3,2,4,4,4,4,3,3,4,4,4,3,3,3,4,4,4,4,3,3,3,4,3,3,4,4,4,4,5,4,4,4,2,4,4,2,2,2,2,2,2,2,2,2,1,3,2,2,2,2,6,6,5,6,5,6,6,6,5,1,36,2,1,1,1,42,3800,2000,0,701201,변화,건축
32788,3,3,2,2,2,2,3,4,3,2,3,3,1,0,3,4,3,4,1,0,3,3,2,4,4,4,3,3,1,0,3,4,1,0,1,0,3,3,3,3,4,4,2,3,2,2,1,0,3,4,2,3,3,3,3,3,4,5,4,4,1,0,4,4,3,4,4,4,4,4,3,4,2,3,4,4,4,4,3,3,3,2,2,3,3,2,3,3,2,2,2,2,2,1,2,2,1,1,2,3,2,3,1,2,2,2,0,3,2,2,2,2,3,2,2,2,3,3,4,3,3,3,2,4,4,5,5,4,4,2,4,5,4,5,5,5,4,5,4,2,5,5,2,2,2,2,2,2,2,2,2,2,2,3,2,2,2,5,6,4,5,4,4,5,4,2,1,57,2,1,1,1,60,3300,2600,0,813101,선호 일자리,공고
32789,2,3,3,3,2,2,4,4,2,2,2,2,1,0,2,2,2,3,1,0,1,0,2,2,3,3,2,2,3,3,3,3,3,4,2,3,2,3,3,5,3,3,2,2,2,2,1,0,1,0,1,0,1,0,1,0,1,0,1,0,2,3,1,0,2,2,1,0,1,0,1,0,2,2,1,0,1,0,2,2,1,0,1,0,1,0,2,3,4,2,4,2,1,4,2,2,2,2,2,2,2,11,1,2,2,1,1,3,2,2,1,1,2,3,3,2,3,3,4,3,4,2,2,2,3,3,2,3,3,4,2,4,2,2,2,2,3,4,3,3,4,5,2,2,2,2,2,2,2,2,2,1,3,3,1,3,2,6,6,7,7,7,7,5,5,5,2,33,4,1,1,1,40,3600,2400,0,613001,서비스 교육 고객응대법 기술 변화 요인 대체,사회복지학
32790,2,2,3,3,2,2,3,4,1,0,2,2,4,3,2,2,3,2,2,2,1,0,2,2,3,3,4,4,2,2,3,2,2,2,1,0,2,2,3,3,2,3,2,2,3,2,2,3,4,3,2,1,2,3,3,3,3,2,1,0,1,0,3,3,1,0,2,3,1,0,3,2,1,0,4,3,3,2,3,3,3,4,2,3,3,3,2,2,4,4,2,3,4,1,3,3,4,4,2,1,3,19,1,2,1,1,1,2,2,2,3,3,4,4,4,3,4,4,3,4,4,4,4,3,2,2,4,1,3,4,3,2,3,2,1,1,1,2,2,3,4,3,2,2,2,2,2,2,2,2,2,1,3,2,2,2,1,9,8,8,4,4,5,8,7,4,2,26,4,1,3,2,48,2400,2200,0,511401,미용사 일반 미용사 피부 직무훈련 불경기 일반인 메이크업 사람,뷰티학
32791,2,3,2,3,3,4,4,5,1,0,2,2,1,0,1,0,1,0,1,0,1,0,2,2,2,3,3,4,5,6,4,5,5,6,4,5,3,4,4,6,5,6,1,0,1,0,1,0,1,0,1,0,1,0,1,0,1,0,1,0,2,2,1,0,1,0,1,0,1,0,1,0,1,0,1,0,1,0,1,0,1,0,1,0,1,0,1,0,3,4,3,4,3,3,3,3,3,2,3,2,3,19,3,3,1,2,0,7,4,3,2,2,2,2,2,3,2,3,3,4,3,2,3,3,4,3,3,2,3,2,3,4,4,3,4,4,3,4,3,4,3,4,2,2,2,2,2,2,2,2,2,2,3,3,3,3,2,4,4,3,4,3,3,4,3,4,2,33,4,1,1,1,40,3000,2400,0,231501,사회복지사 봉사 업무,경영학
32792,2,2,2,2,2,2,2,2,2,2,2,2,2,2,2,2,2,2,2,2,2,2,2,2,2,2,2,2,2,2,3,3,2,2,2,2,2,2,2,2,2,2,2,2,2,2,2,2,2,2,2,2,2,2,2,2,2,2,2,2,2,2,2,2,2,2,2,2,2,2,2,3,2,2,2,2,2,3,2,2,3,5,2,2,2,3,2,3,4,4,4,3,4,2,3,2,2,2,3,3,3,1,1,2,2,2,0,1,2,2,3,3,4,3,4,4,9,9,4,4,3,3,2,4,4,3,4,3,4,4,4,4,4,4,4,3,3,4,3,3,4,2,2,2,2,2,2,2,2,2,2,2,2,2,2,2,2,4,3,6,6,4,5,5,4,6,1,50,2,2,5,1,50,0,0,6000,904101,수산물 비량,상고
32793,3,3,3,4,2,2,2,2,2,3,2,1,2,1,2,2,3,4,3,4,2,2,3,4,3,4,2,2,3,3,3,4,2,2,3,4,2,4,2,2,3,4,3,3,3,4,3,4,3,4,2,5,3,3,2,2,3,4,2,1,2,2,3,3,3,4,3,3,3,4,2,2,2,2,2,2,3,4,2,1,3,4,3,4,2,2,2,2,3,3,4,3,2,2,3,4,2,2,3,2,4,8,1,2,1,2,0,5,2,2,3,3,4,3,3,3,2,3,4,3,2,3,4,4,3,2,2,3,2,4,4,3,2,3,2,3,3,3,2,2,3,4,2,2,2,2,2,2,2,2,2,1,2,2,2,3,1,6,7,5,4,4,3,3,4,3,1,57,2,1,1,1,53,3000,2000,0,622304,1종운전면허 화물운송 자격증 정부 개입 화물차 수급 조절,기계
32794,4,5,4,5,4,5,4,5,4,5,4,5,4,6,4,5,4,5,4,5,4,5,4,6,3,4,4,5,1,0,1,0,1,0,1,0,4,5,1,0,3,4,4,5,1,0,4,5,4,5,3,4,4,5,5,6,4,6,4,6,4,6,4,5,5,6,4,5,4,5,4,5,4,6,4,5,4,5,3,4,1,0,1,0,3,4,3,4,4,3,3,4,4,4,4,3,3,4,4,4,4,13,1,3,1,1,3,5,5,4,4,4,4,5,4,3,3,3,4,3,3,4,4,3,3,3,3,5,3,4,4,5,4,5,5,5,5,5,4,3,4,4,2,2,2,2,2,2,2,2,2,1,3,1,2,2,1,2,2,2,5,5,5,8,5,2,1,45,5,1,1,1,40,5000,2500,0,151107,차량기술자 운전면허 자동차 부속 연구 익히기 변동 직종,자동차공학
32795,4,5,4,6,4,5,4,5,4,4,4,6,4,4,4,5,5,5,4,5,3,4,4,6,4,5,4,6,4,5,3,4,4,4,2,4,4,6,4,5,4,5,3,4,4,5,3,4,4,4,3,4,3,3,3,4,2,3,3,4,3,4,3,3,2,3,1,0,1,0,3,4,3,4,2,4,2,2,3,4,2,3,2,3,3,5,3,3,4,3,3,4,4,3,4,4,3,4,4,4,3,15,2,5,2,2,0,7,5,3,3,3,4,3,3,4,3,3,4,4,1,3,3,5,3,3,2,1,4,4,4,5,3,3,4,2,3,4,3,3,4,4,2,2,2,2,2,2,2,2,2,1,3,3,3,3,2,6,5,5,4,4,6,4,5,5,2,33,4,1,1,1,50,4200,2800,0,122201,상태 유지,생명과학
32796,4,5,4,4,2,3,5,5,3,4,3,4,4,5,1,0,1,0,1,0,4,4,2,3,1,0,4,5,3,3,4,5,5,4,4,4,1,0,1,0,3,3,3,3,4,4,1,0,1,0,1,0,1,0,1,0,1,0,1,0,2,3,1,0,1,0,1,0,1,0,1,0,3,4,1,0,1,0,1,0,1,0,1,0,1,0,1,0,4,2,2,3,4,4,4,3,4,3,4,3,3,3,1,5,2,2,0,6,5,4,3,3,4,4,4,4,4,4,4,4,2,4,4,4,2,3,2,3,3,4,3,4,3,4,3,4,3,5,2,2,4,4,2,2,2,2,2,2,2,2,2,1,3,2,2,2,1,6,6,4,5,3,3,6,4,3,1,53,4,1,1,1,40,5000,3500,0,12301,지금 크게 변동,경영학
32797,4,3,3,3,2,1,2,3,2,2,3,4,2,2,3,5,3,2,4,4,2,2,2,1,2,1,1,0,2,3,2,2,2,2,3,3,2,3,4,2,2,2,4,4,3,5,4,3,3,2,4,3,2,2,1,0,2,2,4,2,2,3,4,4,4,3,4,4,3,3,4,3,2,4,3,4,2,3,2,3,3,2,3,4,4,4,2,2,4,4,2,3,3,3,4,4,2,3,3,4,3,3,1,3,2,2,0,6,5,3,3,2,4,3,2,4,4,3,4,3,4,3,3,4,4,5,3,3,2,4,4,5,3,4,3,2,3,5,4,2,5,5,2,2,2,2,2,2,2,2,2,2,2,3,3,3,2,8,8,3,5,4,7,3,7,5,1,54,4,1,1,1,40,4000,3500,0,16301,제조업 불황,기계공학
32798,3,4,3,3,3,4,3,5,2,3,3,5,2,4,3,3,3,4,3,4,3,3,3,4,3,3,3,4,3,4,3,4,3,4,3,4,3,4,3,3,3,3,3,3,3,4,2,3,2,2,2,3,3,4,3,4,3,4,2,3,3,3,3,3,3,3,3,3,2,2,2,3,3,3,3,3,3,4,4,5,2,2,2,2,4,5,4,5,3,4,4,1,3,3,4,4,2,3,3,3,3,15,2,6,1,1,2,6,3,3,3,3,4,3,1,3,4,3,5,3,4,3,3,3,4,3,4,2,4,4,3,4,3,4,3,3,4,5,3,4,4,4,2,2,2,2,2,1,1,1,1,3,2,1,1,3,2,8,4,4,8,4,9,4,7,4,1,47,4,1,1,1,40,7000,5500,0,621403,관제사 열차통제요령 내부고객과 외부고객 응대요령 설치 감시 발달,기계공학
32799,5,5,5,5,4,4,5,5,4,4,5,5,5,7,5,5,5,5,5,5,5,6,5,5,5,5,4,3,5,4,5,3,5,3,5,4,5,4,5,4,5,4,4,3,5,3,3,3,5,3,5,4,5,5,5,5,5,4,5,4,4,3,5,4,5,3,5,5,5,5,5,4,5,4,5,4,5,4,5,4,5,6,5,5,5,6,5,5,5,4,4,4,4,2,4,1,3,4,2,5,4,3,1,2,2,2,0,3,5,5,4,4,4,4,3,4,3,4,4,4,1,5,5,5,5,4,5,3,5,4,3,5,3,5,4,4,5,5,5,4,5,4,2,2,2,2,2,2,2,2,2,3,1,3,3,3,2,3,1,2,5,3,5,9,9,9,1,41,4,1,1,1,50,6500,2700,0,852301,설비 자동화 도입,기계
32800,2,2,2,3,2,3,2,2,3,4,3,4,1,0,3,3,3,4,2,3,2,2,3,3,3,3,3,3,2,2,2,2,2,2,2,2,2,2,2,2,2,3,2,2,3,3,2,2,3,3,2,2,3,4,2,2,4,5,4,5,3,3,4,5,4,5,4,5,4,5,4,5,2,2,2,2,2,3,3,4,3,3,3,3,3,4,3,4,3,3,2,2,3,2,3,2,3,4,3,3,3,3,1,2,1,2,0,5,5,3,3,2,4,4,3,3,3,3,4,3,2,3,3,2,3,2,3,4,3,4,2,4,3,4,4,3,4,4,4,4,4,4,2,2,2,2,2,2,2,2,2,2,3,3,3,3,2,7,7,6,6,4,5,7,5,3,1,32,4,1,1,1,43,3400,3000,0,811601,건설기계정비 기능사 업계 상황 현재 수준,기계공학
32801,4,6,4,5,3,5,4,4,2,4,3,6,1,0,3,3,3,4,2,4,3,5,3,5,4,5,1,0,1,0,4,5,3,4,2,4,1,0,3,4,3,4,2,3,2,3,1,0,1,0,1,0,2,3,1,0,1,0,1,0,3,5,1,0,3,3,1,0,1,0,1,0,1,0,3,3,1,0,1,0,2,2,1,0,3,4,2,3,4,5,1,2,3,4,3,3,3,4,2,3,2,17,1,4,1,2,0,7,5,3,3,3,3,3,3,2,2,4,4,3,4,3,2,3,2,2,2,3,2,5,4,4,3,2,3,2,4,4,3,3,4,3,2,2,2,2,2,2,2,2,2,2,2,1,1,3,2,3,3,3,3,4,3,7,4,3,2,26,4,1,1,1,40,2400,2200,0,307401,보건의료정보관리사 면허 전산 시스템 널리 보급,보건행정학
32802,3,3,3,3,2,2,4,4,2,2,3,4,3,5,3,4,2,4,2,2,3,3,2,3,3,3,3,3,4,5,4,4,4,4,3,3,4,5,3,3,4,4,3,3,2,2,4,5,3,4,4,4,2,2,3,3,3,3,4,5,3,3,3,3,3,4,4,4,3,3,2,2,4,5,4,4,3,4,4,5,3,3,2,2,2,2,2,2,3,3,4,3,3,4,4,4,3,3,4,4,3,3,1,6,2,2,0,3,5,2,3,3,3,3,4,3,3,4,4,4,3,4,3,3,3,4,4,3,4,3,4,4,3,3,4,4,3,5,4,4,4,4,2,2,2,2,2,2,2,2,2,2,2,2,2,2,2,3,4,5,3,6,5,2,6,4,1,46,4,1,1,1,40,4000,2400,0,817101,수입 선호 고객 증가,기계공학
32803,5,7,5,7,5,7,4,6,3,4,3,4,4,5,3,5,4,5,3,3,3,3,2,4,4,5,4,5,4,5,3,4,3,4,3,4,4,6,4,5,4,6,2,2,2,2,2,2,2,2,2,3,2,3,1,0,1,0,1,0,1,0,1,0,1,0,1,0,1,0,1,0,3,3,1,0,1,0,1,0,1,0,1,0,3,4,3,4,4,4,4,4,4,4,4,3,3,4,4,3,4,16,5,5,1,2,0,6,7,4,4,4,4,5,3,3,3,4,4,4,2,3,3,4,3,4,3,2,3,3,4,4,4,3,3,4,4,4,4,4,4,4,2,2,2,2,2,2,2,2,2,2,2,3,3,3,1,5,6,5,4,5,5,4,5,4,2,59,6,1,1,1,50,6500,4000,0,110104,교육학 박사학위 출산 교육 대한 관심,교육학
32804,4,4,3,4,2,2,2,3,3,3,4,4,3,3,3,3,2,3,4,4,4,5,2,2,2,3,3,3,2,3,4,4,3,3,3,3,2,3,3,3,4,4,5,5,2,3,2,3,4,4,3,3,4,5,4,5,4,4,3,3,3,3,3,3,5,5,4,4,4,5,4,4,2,2,4,4,2,3,2,2,2,1,2,2,3,3,3,2,4,3,3,4,3,3,4,4,2,3,3,4,3,3,1,2,1,2,0,4,5,4,3,2,4,4,4,5,4,3,4,4,2,4,4,3,3,4,4,3,4,3,4,4,4,3,4,5,3,5,3,4,3,3,2,2,2,2,2,2,2,2,2,1,3,3,3,3,2,3,5,5,7,6,5,5,5,5,1,47,4,1,1,1,40,5700,4200,0,153103,산업계측제어 전기기능사 산업기사 기계 대체 불가,기계
32805,3,5,5,6,4,4,4,5,1,0,1,0,1,0,4,4,3,3,1,0,1,0,4,4,4,5,3,4,4,4,4,4,4,5,3,3,3,4,4,5,3,3,3,4,4,5,1,0,1,0,1,0,1,0,1,0,1,0,1,0,4,3,1,0,1,0,1,0,1,0,1,0,1,0,1,0,1,0,1,0,1,0,1,0,4,4,2,3,5,4,4,3,4,5,4,5,4,4,3,3,4,17,1,2,1,2,0,2,2,3,3,2,3,4,3,3,2,2,3,3,3,2,2,2,3,2,2,2,3,4,2,5,3,4,2,3,4,3,2,3,5,3,2,2,2,2,2,2,2,2,2,2,4,2,3,2,2,7,8,5,2,4,4,5,7,4,2,23,3,1,1,1,48,2280,2000,0,29202,의료코디네이트 자격증 고객 대한 서비스 발달,경영학
32806,4,6,4,5,1,0,4,6,1,0,4,6,1,0,4,6,5,6,4,6,4,6,4,6,5,6,1,0,4,6,4,6,4,6,1,0,4,6,4,5,4,6,4,6,4,5,4,5,1,0,4,5,1,0,1,0,1,0,1,0,4,6,1,0,1,0,1,0,1,0,1,0,1,0,4,6,4,5,4,6,4,6,4,6,4,6,4,6,4,4,5,4,4,4,4,4,4,5,4,4,4,17,1,1,1,1,6,6,5,4,4,5,5,4,4,5,9,9,4,5,1,4,4,4,4,3,4,4,4,3,3,3,4,4,3,4,4,4,4,3,4,3,2,2,2,2,2,2,2,2,2,2,4,2,2,2,1,8,7,7,4,3,3,6,4,3,1,42,4,2,5,1,48,0,0,15000,301105,이비인후과전문의 이비인후과 전문의 수련 과정 의료 대한 접근성 증가,의학
32807,4,6,4,6,3,5,2,3,2,3,3,4,3,3,4,4,4,4,2,4,1,0,2,2,3,3,1,0,1,0,2,3,1,0,1,0,4,4,1,0,1,0,2,2,2,3,3,5,1,0,3,2,3,3,3,3,1,0,1,0,1,0,1,0,2,3,2,2,1,0,1,0,1,0,1,0,2,2,1,0,1,0,1,0,3,3,2,2,3,3,3,4,4,4,4,3,3,3,4,4,3,14,1,3,1,2,0,7,5,5,4,4,4,3,4,4,4,3,4,4,3,4,4,4,2,3,3,2,4,3,4,4,3,3,3,3,3,4,2,3,4,4,2,2,2,2,2,2,2,2,2,2,3,3,3,3,2,7,6,6,4,4,5,3,4,6,1,39,4,1,1,1,48,4200,2800,0,155302,수질환경산업기사 항상 직업,환경공학
32808,5,6,5,6,5,6,5,6,4,6,5,6,5,5,4,7,4,6,5,6,4,6,5,6,4,5,4,5,5,5,5,6,4,5,5,5,4,6,5,6,4,6,4,5,4,5,4,5,3,4,4,6,3,6,4,6,4,5,4,5,4,5,3,5,3,4,2,5,3,4,4,5,4,5,3,4,4,2,3,4,4,5,4,4,3,5,4,4,4,4,3,4,3,4,4,4,3,3,5,5,4,17,1,1,1,1,6,6,7,4,4,4,4,5,4,3,3,4,4,4,4,4,4,3,4,4,3,3,3,4,3,4,3,4,5,5,4,3,3,3,4,3,2,2,2,2,2,2,2,2,2,3,3,3,3,1,2,4,5,7,7,5,6,5,6,6,2,35,6,2,5,1,40,0,0,15000,301112,피부과전문의 의사면허증 레지던트 피부 인기 직종,의학
32809,4,5,4,5,4,5,4,6,4,5,4,6,4,5,4,5,4,6,4,5,4,5,4,6,4,5,4,6,4,5,4,5,4,6,4,5,3,5,4,5,4,5,4,5,4,5,4,5,4,5,1,0,1,0,2,3,3,4,2,3,3,4,4,4,1,0,1,0,1,0,1,0,3,4,3,4,3,4,3,4,4,5,3,4,4,5,4,5,3,4,3,3,4,4,4,3,3,3,4,4,4,15,2,2,1,2,0,4,5,4,5,5,5,5,3,3,4,3,4,4,3,4,4,4,4,3,4,4,3,3,4,4,3,3,4,4,3,4,4,3,4,4,2,2,2,2,2,2,2,2,2,1,3,3,3,3,2,6,3,4,3,3,6,5,7,7,1,43,5,1,1,1,35,3900,3400,0,29903,행정사 변화,행정학
32810,2,3,3,5,3,2,4,5,4,5,4,4,3,4,2,4,3,2,3,5,3,5,3,3,3,5,3,4,2,3,4,4,2,3,2,3,2,4,2,4,3,2,4,5,3,3,3,3,2,3,3,3,3,3,3,4,3,5,3,5,2,3,2,2,2,3,3,5,3,3,3,4,2,4,3,3,3,3,4,5,4,5,4,5,4,3,2,4,2,2,2,2,3,3,2,2,2,2,3,2,2,6,1,3,1,2,0,6,4,4,4,4,4,3,3,2,2,3,3,3,2,4,4,3,3,2,3,4,3,3,3,4,4,4,3,3,4,3,4,4,3,3,1,1,1,2,1,2,2,1,1,4,3,1,1,2,2,6,7,7,7,6,7,7,6,4,1,62,3,2,5,1,52,0,0,4500,140304,토목감리기술사 기술 자동화 도입 기술 발달 변화,토목공학
32811,5,7,5,6,5,6,5,6,5,7,4,6,4,6,5,6,5,6,5,6,5,6,5,6,5,6,5,6,5,6,5,7,5,7,4,6,4,6,5,7,5,6,5,5,5,5,5,6,4,5,5,6,5,6,5,7,5,7,5,6,5,7,4,6,5,5,5,2,4,6,5,6,5,6,4,6,5,6,5,7,4,6,5,5,5,7,4,6,5,4,3,3,3,3,3,4,3,3,3,4,3,15,2,5,1,2,0,6,7,3,3,4,3,3,4,3,3,4,5,4,3,4,3,3,4,3,3,3,4,3,4,3,3,4,4,3,4,3,3,4,3,4,2,2,2,2,2,2,2,2,2,2,3,3,3,3,2,1,2,1,2,3,2,2,3,3,2,40,6,1,1,1,40,4000,3000,0,122102,박사학위 자영 직업 위상,제약학
32812,1,0,1,0,1,0,1,0,1,0,1,0,1,0,1,0,1,0,1,0,1,0,2,3,2,3,1,0,1,0,1,0,1,0,1,0,1,0,1,0,1,0,1,0,1,0,1,0,1,0,1,0,1,0,1,0,1,0,1,0,1,0,1,0,1,0,1,0,2,3,2,3,1,0,2,3,2,3,1,0,2,3,1,0,1,0,1,0,3,3,4,3,3,3,3,2,3,3,3,2,3,1,1,2,1,2,0,7,2,3,2,2,4,3,3,3,3,4,4,3,3,3,3,2,3,3,3,3,2,3,3,3,3,2,3,3,3,4,3,3,3,3,2,2,2,2,2,2,2,2,2,2,2,2,3,3,1,4,5,6,6,6,6,5,5,6,1,52,2,1,1,1,40,3000,2600,0,873101,식품가공 기능사 수입,기계
32813,1,0,3,4,1,0,1,0,1,0,1,0,3,4,1,0,1,0,1,0,1,0,1,0,3,4,1,0,3,4,1,0,1,0,1,0,1,0,4,5,3,4,1,0,1,0,2,3,2,3,2,3,2,3,1,0,2,2,1,0,1,0,1,0,1,0,1,0,1,0,1,0,1,0,1,0,1,0,2,2,2,2,2,3,1,0,1,0,4,4,2,3,4,2,4,4,4,4,4,4,4,19,1,2,1,1,4,4,3,3,3,3,3,4,4,3,3,3,3,3,2,3,3,3,4,3,3,3,3,3,3,3,4,3,4,3,3,4,3,3,3,3,2,2,2,2,2,2,2,2,2,1,3,3,3,3,2,4,5,3,5,7,6,7,8,4,2,32,3,1,1,1,48,3500,2500,0,511201,미용사 미용 지금,미용
32814,5,5,5,6,4,6,4,5,4,5,4,6,3,5,4,5,4,5,4,5,4,6,4,6,4,6,3,4,3,4,4,5,3,5,4,5,2,3,1,0,3,4,4,5,3,5,4,6,2,3,2,3,1,0,1,0,1,0,1,0,3,4,2,4,1,0,1,0,1,0,1,0,3,4,1,0,1,0,2,3,3,4,2,4,4,5,2,4,4,4,3,4,4,4,4,4,3,4,4,4,4,17,1,5,1,2,0,5,5,4,3,3,4,5,4,4,4,4,3,4,3,3,3,4,4,3,3,2,2,4,5,5,4,4,2,2,3,4,4,4,4,4,1,2,2,2,2,2,2,2,2,2,3,2,2,2,1,3,3,3,4,5,5,5,5,5,1,33,4,1,1,1,48,3800,3000,0,612201,비즈니스영어회화 효소 전환 기술 개발 수출 증가 바이오 소재 급부,무역학
32815,5,6,5,6,4,5,4,5,3,4,4,5,4,5,4,5,5,5,4,5,4,5,4,4,4,5,4,5,4,5,4,5,4,5,4,5,4,5,4,5,4,5,5,6,4,5,3,4,4,5,5,6,2,2,2,2,2,2,2,2,2,2,2,2,2,2,2,2,2,2,2,2,2,3,2,2,2,2,2,2,2,2,2,2,3,4,3,4,4,4,3,4,4,3,4,4,4,3,4,3,4,15,2,2,1,1,4,4,4,5,4,4,5,4,4,5,4,4,4,5,1,4,3,4,4,4,3,4,4,4,3,4,4,3,4,4,4,3,4,4,4,3,2,2,2,2,2,2,2,2,2,1,2,2,2,2,1,7,4,5,6,6,5,7,6,6,1,54,4,1,1,1,40,7000,3000,0,221401,변리사 현장연수교육 경기 침체,전자공학
32816,5,6,4,5,4,5,3,4,2,3,4,5,5,7,5,7,4,6,4,6,4,6,3,4,5,7,1,0,1,0,1,0,1,0,1,0,1,0,1,0,2,2,3,4,2,4,2,2,1,0,1,0,1,0,1,0,2,2,1,0,5,6,1,0,2,2,2,2,1,0,1,0,1,0,5,6,1,0,1,0,1,0,1,0,5,6,1,0,4,3,5,2,3,1,3,4,2,3,3,3,4,20,4,1,2,1,3,7,1,4,3,3,4,4,2,2,9,9,3,3,2,4,4,2,4,4,4,2,4,3,2,4,3,4,3,3,4,4,4,3,4,2,2,2,2,2,2,2,2,2,2,3,2,3,3,3,2,7,3,9,4,8,9,9,4,1,1,30,4,1,4,2,50,3500,1800,0,414301,스토리 구성교육 만화문법 교육 만화 출판 침체 장기,만화창작
32817,5,6,4,6,4,6,4,6,4,6,4,6,4,6,5,6,5,7,4,6,5,7,5,7,5,6,5,6,5,6,4,6,5,6,5,6,4,5,5,7,5,6,4,6,5,7,5,6,5,6,5,6,5,6,4,6,5,6,5,6,5,6,5,6,5,7,5,7,5,6,5,6,5,7,5,7,4,6,4,6,4,6,4,5,3,4,3,4,3,3,3,2,3,3,3,3,3,3,3,3,3,15,2,5,2,2,0,4,6,3,3,3,4,4,4,3,3,3,3,4,3,3,3,3,3,2,2,2,3,3,4,3,3,3,3,3,3,2,3,3,3,4,2,2,2,2,2,2,2,2,2,2,3,3,3,3,2,2,2,2,3,5,5,2,2,5,1,49,5,1,1,1,40,6500,3000,0,122103,결과 도출 기간,농학
32818,5,5,5,6,4,5,4,5,3,4,4,5,3,4,4,4,5,4,5,5,5,5,4,5,4,5,5,4,5,4,5,6,5,5,3,4,3,4,5,5,5,4,5,5,5,4,4,4,4,3,4,3,3,5,2,2,4,5,3,4,4,3,1,0,4,4,5,5,5,3,5,4,3,4,3,3,4,5,5,5,5,6,3,5,4,5,4,4,3,5,3,3,4,3,5,3,3,4,4,5,3,15,2,4,1,1,6,7,5,4,4,4,5,4,3,4,4,4,4,5,3,5,4,5,4,2,3,3,5,3,4,5,3,4,4,4,3,3,4,3,5,4,2,1,1,1,1,1,2,2,2,1,4,2,3,3,2,9,8,8,3,9,9,4,7,7,1,30,4,1,1,1,50,3000,2200,0,240102,해기사면허 운전면허 동력수상레저자격 인명구조자격 인명구조 응급처치 수사 과학 함저운용 각종법규 적용 사용 구명조끼 수상 레저 안전 관리 추후 드론 이용 드론 교육 요구 수상 레저 해안 바다 유락객 점점 안전 관리 요구,항해학부
32819,5,6,4,6,4,6,4,6,4,6,4,6,5,7,4,6,4,6,3,5,4,6,4,6,4,5,4,6,3,4,4,5,4,6,4,5,4,6,3,6,5,6,4,6,3,5,4,5,4,5,3,5,4,6,3,6,4,5,3,5,3,5,3,6,4,2,4,5,4,5,4,5,3,4,4,5,3,5,3,5,3,3,3,4,4,5,3,4,4,3,4,4,4,3,4,3,4,4,4,4,4,13,2,4,1,2,0,5,5,4,3,4,4,4,3,4,4,4,4,4,2,4,3,3,3,4,4,2,4,3,3,4,3,3,3,3,3,4,3,3,3,5,2,2,2,2,2,2,2,2,2,2,2,3,3,3,1,3,4,3,3,3,3,3,7,7,1,58,6,1,1,1,50,8000,6000,0,122301,식물보호 혼경관리 종자 변화,농학
32820,5,7,4,5,3,5,5,5,1,0,1,0,1,0,1,0,1,0,3,5,1,0,4,6,4,5,1,0,4,4,1,0,3,2,2,3,5,3,4,4,4,4,1,0,3,3,1,0,1,0,1,0,1,0,1,0,1,0,1,0,1,0,1,0,1,0,1,0,1,0,1,0,1,0,1,0,1,0,1,0,1,0,1,0,2,4,3,3,3,4,4,3,4,3,3,2,3,3,4,3,4,17,1,6,1,2,0,1,5,4,4,4,4,4,4,4,3,4,4,4,4,4,4,2,2,3,4,3,4,3,3,3,4,4,4,5,4,4,4,4,4,3,2,2,2,2,2,2,2,2,2,1,3,2,2,3,2,7,6,4,6,5,3,6,4,5,2,41,4,1,1,1,40,3600,2400,0,306901,사회복지사2급 현재 크게,언어치료학
32821,2,3,3,5,1,0,3,4,2,3,2,2,1,0,3,4,4,5,2,3,2,2,3,4,3,5,2,2,2,3,3,5,4,6,3,4,3,4,4,5,2,2,3,4,2,3,3,4,4,5,2,2,1,0,2,3,2,2,1,0,2,2,3,5,2,2,4,6,3,4,4,4,2,2,5,6,3,3,4,6,5,6,3,4,3,3,3,4,3,4,4,4,2,1,2,2,2,2,3,3,4,7,1,2,2,1,2,4,2,3,2,2,4,2,1,3,3,4,5,4,4,3,3,3,3,4,3,3,4,5,4,5,3,3,4,3,3,5,4,3,5,4,2,2,2,2,2,2,2,2,2,2,2,2,2,2,2,4,7,6,3,4,6,6,3,4,1,52,2,1,1,1,40,3300,2500,0,872101,업무에 필요한 직무교육 저출산 소비 감소,기계
32822,4,4,3,3,3,3,3,3,4,4,3,3,3,3,3,3,3,3,4,5,4,4,3,3,4,4,3,3,3,3,4,4,4,4,3,3,3,4,3,4,3,3,4,4,3,3,3,4,3,4,3,3,3,3,2,2,2,2,2,2,3,3,2,2,2,2,2,2,5,6,2,2,2,2,2,2,2,2,2,2,2,2,3,3,3,3,3,3,4,2,2,2,2,3,2,3,2,3,2,2,3,10,1,2,2,2,0,1,3,3,2,2,3,3,3,3,2,2,3,3,3,2,2,4,2,2,3,3,3,3,4,3,2,2,2,2,2,3,2,2,3,3,2,2,2,2,2,2,2,2,2,3,2,2,2,2,1,3,3,3,4,4,5,7,6,7,2,28,2,1,3,2,52,2000,1800,0,131203,공란,전자공학
32823,4,6,3,4,3,5,2,1,2,3,3,4,3,3,3,3,2,2,3,3,3,4,2,4,3,3,2,3,2,3,3,3,2,2,2,2,3,3,3,3,4,5,3,4,2,3,3,3,3,2,1,0,3,4,2,2,3,3,2,3,3,3,2,1,3,3,2,2,3,3,2,3,3,3,3,3,2,2,2,1,2,3,3,3,4,3,4,5,4,3,3,4,4,3,3,4,2,4,5,3,4,14,2,4,1,2,0,2,5,4,5,4,3,5,3,3,3,4,4,4,1,5,3,3,2,3,3,2,5,5,4,4,2,3,2,3,3,5,3,2,3,4,2,2,2,2,2,2,2,2,2,1,4,3,3,3,1,6,5,7,4,6,7,8,9,9,1,33,4,1,1,1,40,3800,3300,0,155305,소음진동산업기사 소음 대한 피해 증가 일자리 증가,환경공학
32824,3,4,3,5,3,3,4,5,1,0,3,4,1,0,2,4,4,6,3,4,2,3,2,2,3,4,3,4,4,4,3,5,4,6,2,2,4,4,4,6,4,5,3,3,4,4,1,0,1,0,3,4,1,0,1,0,2,2,1,0,3,4,1,0,3,3,2,2,1,0,1,0,3,4,1,0,3,4,3,4,4,5,3,5,4,5,2,4,5,4,3,2,1,2,2,4,3,1,2,2,2,9,1,4,2,2,0,1,1,3,3,2,3,2,3,3,3,4,4,3,2,4,4,4,4,3,4,4,4,3,2,5,3,2,2,2,3,4,2,2,5,4,2,2,2,2,2,2,2,2,2,1,3,3,3,3,2,8,6,4,3,2,2,7,4,3,1,40,3,1,1,1,40,3600,1800,0,542001,안전 서비스 갈수록 강조 변화,화학
32825,2,2,2,2,1,0,3,3,1,0,3,4,2,3,4,5,5,7,4,6,3,4,2,3,4,5,3,4,1,0,4,5,3,4,1,0,1,0,2,2,4,5,5,7,3,4,1,0,1,0,1,0,3,4,2,2,2,4,2,2,1,0,1,0,5,6,3,3,4,6,5,7,1,0,4,6,2,2,4,6,4,5,3,4,4,6,4,5,4,4,5,4,5,3,3,4,3,3,4,5,5,8,1,6,1,1,4,4,5,4,5,4,4,4,5,3,4,5,5,4,4,3,4,4,3,4,4,3,4,3,3,3,4,4,4,3,4,4,4,4,4,3,2,2,2,2,2,2,2,2,2,1,4,2,2,2,2,3,2,1,7,7,8,8,9,3,1,48,4,1,1,1,40,12000,8000,0,621101,비비행조종사 비행훈련 시스템 적용 훈련 여행 수요 증가,항공운항
32826,5,7,5,7,5,7,5,7,4,6,4,6,4,6,3,5,5,6,4,6,4,6,4,6,4,6,4,6,4,6,4,6,5,6,4,6,5,6,4,6,4,6,4,6,4,6,4,6,5,6,5,6,4,6,4,6,4,6,4,6,4,6,4,6,4,6,4,6,4,6,4,6,4,6,4,6,4,6,1,0,1,0,2,1,3,3,2,3,5,5,5,4,4,4,5,4,4,5,4,5,4,13,2,2,2,2,0,2,6,4,4,4,5,4,4,4,3,4,5,4,2,5,4,3,4,5,4,3,4,5,4,4,3,5,4,3,4,5,4,4,3,3,2,2,2,2,2,2,2,2,2,1,4,3,3,3,2,5,7,4,7,4,3,4,6,5,1,46,5,1,1,1,40,5800,5300,0,121106,미래 산업 기초 분야,천문학
32827,4,5,4,5,4,5,4,6,4,6,4,6,4,5,4,5,4,5,4,5,4,5,4,5,4,6,4,6,4,6,4,6,4,6,4,6,4,6,4,6,4,6,4,6,4,6,4,6,4,6,4,6,4,6,4,5,4,6,4,6,4,6,4,6,4,6,4,5,4,5,4,5,4,5,4,5,4,5,4,5,4,4,4,4,3,4,3,5,4,4,5,4,4,5,4,4,4,5,5,4,4,11,1,3,1,2,0,4,5,4,4,4,4,4,4,4,4,4,4,4,2,4,4,4,3,4,4,3,4,4,4,4,4,3,4,4,4,4,3,3,4,5,2,2,2,2,2,2,2,2,2,3,4,2,2,3,2,7,7,7,8,8,8,7,7,7,1,38,4,1,1,1,40,6000,3500,0,31201,CFA 자금 시장 변화 관심 증가,경영학
32828,3,4,4,5,3,3,4,4,4,5,3,3,3,5,3,3,3,5,3,5,3,3,3,5,3,5,3,4,2,4,4,5,3,4,4,5,2,5,4,4,3,5,3,5,3,5,4,4,2,4,4,5,3,5,4,5,3,3,3,5,4,5,3,3,3,5,4,4,3,5,2,4,3,5,2,4,4,4,4,4,2,4,4,4,3,5,4,4,3,4,3,4,4,4,4,4,3,4,3,4,3,19,4,1,1,2,0,2,2,3,4,4,4,4,4,3,9,9,9,3,3,2,4,2,3,4,3,4,3,4,3,3,4,3,4,3,3,2,3,3,3,4,2,2,2,2,2,2,2,2,2,2,2,2,2,2,2,4,5,6,7,7,6,6,6,5,1,32,4,2,6,1,44,0,0,4000,841101,pc정비사 2급 브랜드 센터,경제학
32829,2,2,2,3,2,2,2,3,2,2,1,0,1,0,2,3,2,3,1,0,1,0,2,2,2,3,2,3,2,3,2,3,2,2,2,2,2,3,2,3,2,3,2,3,2,3,2,3,2,3,2,1,2,2,1,0,2,3,2,3,1,0,2,3,1,0,2,2,2,3,2,2,2,3,2,2,2,3,2,2,2,3,2,3,2,2,2,2,5,4,3,4,3,4,4,5,3,3,4,3,5,18,4,1,2,2,0,7,2,2,3,3,5,4,3,3,9,9,9,3,2,3,4,4,3,2,2,3,3,3,4,5,3,4,3,4,5,4,3,3,5,2,2,2,2,2,2,2,2,2,2,2,3,3,2,2,2,4,4,6,5,4,5,4,3,5,1,54,2,2,6,1,40,0,0,3300,812902,브랜드 자전거 침체 대응 발전,전자
32830,3,2,2,2,2,2,2,3,1,0,2,2,2,2,2,1,3,3,3,4,2,2,2,2,2,3,2,2,2,2,2,2,1,0,1,0,2,2,2,3,1,0,2,2,2,3,1,0,1,0,1,0,1,0,1,0,1,0,1,0,1,0,2,2,1,0,2,2,2,2,2,2,1,0,4,4,2,2,2,2,2,2,3,3,2,2,2,2,3,3,2,3,3,3,4,3,2,3,2,3,3,3,1,6,2,2,0,6,2,3,3,3,4,4,2,3,2,2,3,3,4,3,3,4,4,3,3,3,4,3,4,3,3,3,3,3,4,3,3,3,3,3,2,2,2,2,2,2,2,2,2,3,3,3,3,3,2,6,5,5,5,5,5,5,5,5,1,55,2,1,1,1,52,4500,2400,0,817101,생산,공고
32831,3,5,3,4,1,0,1,0,2,2,3,4,1,0,4,4,2,3,3,5,4,3,2,3,4,2,3,3,1,0,5,4,1,0,1,0,2,2,3,3,5,4,4,4,4,4,2,1,3,1,2,1,4,2,4,1,3,3,4,3,2,2,4,2,3,2,5,3,5,3,3,4,2,1,2,1,3,2,4,2,2,2,2,1,3,2,2,1,3,5,4,4,3,3,5,3,4,4,2,3,2,3,1,2,2,2,0,2,2,4,3,4,4,4,5,4,3,3,5,4,2,3,3,4,3,3,2,5,4,4,4,4,3,3,2,1,3,3,4,4,5,4,2,2,2,2,2,2,2,2,2,2,3,3,3,3,1,5,4,5,5,5,4,6,5,5,1,45,2,1,1,1,48,3500,3000,0,851201,유가 하락 제품 경쟁력,기계
32832,3,2,3,3,2,3,2,3,1,0,3,4,1,0,2,3,3,3,3,4,2,3,3,3,3,3,3,3,2,3,2,4,2,3,1,0,1,0,3,2,3,4,2,3,3,3,1,0,3,2,2,2,1,0,1,0,1,0,1,0,1,0,1,0,1,0,1,0,1,0,1,0,1,0,1,0,1,0,1,0,1,0,1,0,3,4,3,2,4,4,4,2,3,4,1,2,4,4,2,4,3,13,1,2,2,2,0,4,2,1,1,1,2,1,3,3,3,3,4,4,3,2,1,2,2,2,2,2,2,4,3,4,1,1,1,1,1,1,1,1,4,3,1,1,2,2,2,2,2,2,2,1,3,3,3,3,2,5,4,6,4,5,6,5,5,5,2,35,4,1,1,1,40,2000,1800,0,222001,소송 업무 진행 구매 사용 변경 변동,법학
32833,3,4,4,5,3,4,2,3,1,0,4,4,1,0,2,3,3,3,1,0,2,1,2,3,4,5,3,4,2,2,2,2,1,0,1,0,1,0,1,0,1,0,2,2,3,3,1,0,1,0,2,1,2,3,1,0,1,0,1,0,2,2,1,0,1,0,1,0,1,0,1,0,1,0,1,0,1,0,3,2,1,0,1,0,3,4,2,2,3,2,2,4,3,5,5,1,1,3,2,4,1,15,2,4,2,2,0,7,5,4,4,3,4,3,2,4,3,3,4,4,1,4,3,3,3,1,3,1,5,3,4,4,2,3,1,1,5,5,3,3,5,4,2,2,2,2,2,2,2,2,2,1,3,3,3,3,2,4,5,4,3,2,6,5,5,5,2,41,4,1,1,1,45,3547,1971,0,25402,기계 대신 업무,법학
32834,3,5,3,3,3,4,3,4,3,5,2,2,1,0,4,4,3,4,2,4,2,4,3,5,2,3,2,3,3,4,2,4,2,4,1,0,2,4,2,4,2,4,2,3,2,3,2,4,2,2,1,0,1,0,1,0,1,0,1,0,3,4,1,0,2,2,1,0,2,2,2,2,1,0,1,0,1,0,1,0,1,0,1,0,3,4,3,2,2,2,3,3,2,4,3,2,3,3,2,2,3,3,1,2,2,2,0,7,2,3,2,1,3,2,3,3,3,4,4,3,4,2,2,4,3,2,1,3,4,5,3,4,2,3,3,3,4,5,4,4,5,4,2,2,2,2,2,2,2,2,2,2,3,3,3,3,2,7,7,6,5,3,4,6,4,5,2,35,2,1,1,1,45,2700,2000,0,27201,기업 업무,세무회계학
32835,3,4,3,4,3,4,3,4,3,4,4,5,3,4,4,5,2,2,1,0,1,0,1,0,3,4,4,6,4,5,1,0,1,0,1,0,1,0,1,0,1,0,1,0,1,0,1,0,2,3,1,0,1,0,1,0,1,0,1,0,4,5,1,0,1,0,1,0,1,0,1,0,1,0,1,0,1,0,1,0,1,0,1,0,3,4,1,0,4,3,4,3,4,3,4,3,4,3,4,3,3,14,1,2,2,2,0,7,4,3,4,3,4,4,4,4,3,4,4,3,3,4,3,3,3,4,3,4,3,3,4,3,3,4,3,3,3,4,4,4,3,3,2,2,2,2,2,2,2,2,2,2,3,3,3,3,2,4,5,4,5,6,6,8,7,7,2,28,3,1,1,1,40,3300,2800,0,26102,채용 인원 한정,산업디자인
32836,5,6,5,6,4,5,4,5,2,4,5,5,3,6,3,4,4,5,2,4,3,6,5,6,3,5,3,5,5,5,4,6,4,4,3,5,5,7,3,4,4,6,4,6,5,7,3,4,3,4,4,6,4,5,2,3,2,3,3,3,3,4,2,3,2,3,1,0,1,0,1,0,3,3,1,0,2,3,3,4,1,0,2,3,4,5,5,6,5,5,4,3,4,3,5,3,4,4,5,5,3,16,5,3,1,1,1,2,5,3,3,3,3,4,3,2,3,3,4,3,3,3,3,4,3,4,3,3,4,3,3,4,3,4,3,3,3,4,3,4,3,4,2,2,2,2,2,2,2,2,2,2,2,1,1,3,1,5,6,5,5,5,5,5,6,5,1,29,4,1,1,1,40,6000,2200,0,212101,교원자격증 1급정교사 연수 저출산 학생 감소,일본어교육
32837,2,2,2,2,1,0,3,4,1,0,2,3,4,5,4,5,4,5,4,6,4,5,3,4,3,4,4,5,4,4,3,4,2,3,2,3,1,0,4,5,3,4,2,3,3,4,3,4,4,4,2,3,2,3,2,3,4,5,3,4,1,0,2,3,2,3,2,3,3,4,3,3,3,4,4,6,3,4,4,5,3,4,3,4,5,6,3,4,4,3,2,3,3,3,3,2,3,4,3,2,2,18,1,2,2,2,0,7,4,2,2,2,2,4,4,2,4,4,3,3,2,3,3,3,3,3,2,3,4,3,3,2,3,4,3,3,4,3,2,3,3,3,2,2,2,2,2,2,2,2,2,2,3,2,2,2,1,7,7,7,3,3,4,7,3,2,2,35,3,1,1,1,40,3800,2200,0,511401,변화,메이크업
32838,2,3,2,2,2,2,3,4,1,0,2,3,2,3,2,3,2,2,4,5,2,2,1,0,2,3,4,6,4,5,3,4,3,4,2,2,2,3,4,4,2,3,3,4,4,6,1,0,3,3,3,4,3,3,2,3,3,4,3,4,3,4,3,3,3,4,3,4,3,3,2,3,3,3,2,2,3,3,4,5,3,4,3,4,4,5,4,5,2,3,4,4,3,3,3,3,3,4,3,3,3,15,2,5,2,2,0,7,3,4,3,3,4,4,4,2,3,4,3,3,4,3,3,2,3,4,3,3,3,3,3,2,3,4,4,3,3,3,4,3,3,3,2,2,2,2,2,2,2,2,2,2,3,2,2,2,1,8,7,7,3,3,3,3,4,5,2,34,4,1,1,1,43,3800,3200,0,522202,당분간 코로나 여행 감소 반대 국내 여행 증가 변화,행정
32839,2,2,3,4,2,4,2,3,3,4,3,5,4,5,4,5,3,4,3,5,3,4,3,4,3,4,3,4,3,4,3,4,2,3,2,2,2,3,3,4,3,5,3,5,3,5,4,5,3,3,1,0,3,4,4,5,4,6,3,4,1,0,4,5,4,5,4,6,4,6,2,2,4,3,3,4,3,3,3,4,5,6,3,4,3,4,3,3,4,3,3,2,2,2,3,3,3,2,3,2,3,6,1,1,1,2,0,5,2,4,4,4,5,5,5,4,4,3,4,5,3,3,3,4,4,3,3,3,4,3,4,3,3,3,3,3,2,4,3,2,4,4,2,2,1,1,2,2,2,2,2,1,3,2,2,2,1,5,5,5,5,5,5,5,6,6,1,43,2,1,1,1,30,3300,3000,0,702401,타일기능사 타일 디자인 발전 아이디어 증가 상품 증대 지금 수준,문과
32840,3,3,4,4,2,3,2,3,3,2,3,3,2,2,4,4,3,4,2,2,3,3,4,4,3,3,3,3,3,3,2,3,1,0,2,3,4,4,4,3,4,4,4,4,2,3,2,4,4,4,2,2,3,3,4,3,4,4,4,5,2,4,2,4,3,3,4,4,4,4,4,4,2,3,4,4,3,3,2,4,2,3,2,2,3,3,3,3,4,3,2,4,3,2,3,4,3,3,4,3,3,3,1,2,1,2,0,4,5,4,3,2,4,3,3,4,3,3,3,3,3,4,3,3,2,3,4,3,4,5,4,4,3,3,3,4,4,3,4,3,4,3,2,2,2,1,2,1,2,2,2,2,3,3,3,3,2,7,8,5,3,5,5,7,5,6,1,35,4,1,1,1,40,4400,4000,0,153103,전기기능사 산업기사 구조 조정 기술 인원 한정,기계
32841,4,5,4,6,4,5,3,4,1,0,2,3,1,0,4,5,3,4,1,0,1,0,1,0,4,5,1,0,1,0,2,2,1,0,1,0,2,2,2,2,1,0,1,0,1,0,1,0,1,0,1,0,1,0,1,0,2,2,1,0,4,5,1,0,2,2,2,2,1,0,1,0,1,0,1,0,1,0,2,2,1,0,1,0,4,5,4,5,4,4,4,4,3,4,4,4,3,4,2,3,3,15,2,5,1,2,0,2,3,3,3,3,4,3,3,2,2,3,3,3,3,3,2,3,3,4,3,3,4,3,3,4,4,3,3,4,4,3,3,3,4,3,2,2,2,2,2,2,2,1,2,1,3,3,3,3,1,3,3,3,1,2,2,2,2,1,1,30,4,1,1,1,40,3200,3200,0,29902,한글속기2급 협회시험2급 업무 지원,경영학
32842,4,6,4,5,4,6,3,5,5,4,4,6,3,5,4,4,4,5,3,4,4,5,4,4,4,5,3,4,2,4,4,3,4,5,4,4,2,2,2,2,3,4,5,6,3,4,5,4,2,3,1,0,3,3,1,0,2,2,2,3,5,6,1,0,3,4,3,3,3,3,2,2,2,2,1,0,2,2,1,0,1,0,2,2,3,3,3,3,3,3,4,2,3,3,2,2,3,3,3,3,4,3,1,2,2,1,1,7,2,3,3,3,3,3,3,2,3,3,3,3,4,3,3,3,3,2,4,5,4,3,2,4,2,2,2,3,2,5,2,3,5,3,2,2,2,2,2,2,2,2,2,3,1,3,3,2,1,7,7,7,8,7,7,6,7,8,2,32,4,1,1,1,40,3000,2300,0,27201,회계 프로그램 교육 경리 업무 전산,중어중문학
32843,3,3,4,5,2,2,3,3,3,4,2,2,2,2,3,3,3,4,2,2,2,1,3,3,3,4,4,5,2,3,3,3,2,2,3,4,3,4,3,3,4,5,4,5,3,4,2,2,3,4,2,2,4,5,4,5,3,4,4,5,2,1,3,4,3,3,4,5,4,5,4,5,3,4,2,2,3,4,2,3,3,4,2,2,2,2,3,4,5,4,2,5,4,2,1,4,2,3,4,1,3,4,1,2,1,2,0,5,4,4,5,4,5,4,3,4,3,3,4,3,1,5,5,4,5,5,5,2,5,2,5,5,4,4,3,4,3,5,5,3,4,2,2,2,1,2,2,2,2,2,2,3,2,1,3,3,1,4,5,7,5,3,6,3,2,5,1,58,2,2,5,1,52,0,0,4400,811501,보일러 산업기사 보일러 취급 기능사 기술 개발 주택 보급 포화,전기
32844,5,7,4,5,4,6,4,5,4,5,4,5,4,5,3,5,4,5,4,5,4,5,4,5,4,5,4,5,4,5,4,5,4,4,4,4,4,5,4,6,4,5,4,5,4,6,4,5,4,5,4,5,3,4,2,2,2,2,2,2,5,6,2,2,5,6,2,3,1,0,2,2,4,5,2,3,3,4,3,4,3,4,3,4,3,4,4,5,3,3,3,3,3,2,3,3,3,3,4,2,3,7,1,2,2,2,0,3,4,2,2,2,3,3,3,3,3,4,4,3,3,2,2,3,3,3,2,4,2,5,2,4,2,3,2,2,3,4,4,2,3,4,2,2,2,2,2,2,2,2,2,2,2,2,2,2,1,6,4,4,5,6,5,5,4,5,2,34,3,1,1,1,40,3000,2000,0,28101,경기 침체,경영
32845,2,2,4,3,2,1,3,3,1,0,1,0,1,0,3,2,2,1,3,2,1,0,2,2,3,2,4,4,3,2,2,2,3,2,1,0,3,2,4,3,2,3,3,3,2,1,1,0,1,0,1,0,1,0,1,0,1,0,1,0,1,0,1,0,1,0,1,0,1,0,1,0,1,0,4,3,3,2,3,1,2,4,3,3,2,2,2,2,3,5,2,3,4,2,3,3,2,2,3,3,2,17,3,2,2,1,1,2,2,4,3,3,2,2,3,2,2,3,9,3,3,2,3,4,4,2,2,4,3,4,2,3,4,4,2,2,3,3,2,3,3,4,2,2,2,2,2,2,2,2,2,3,1,2,2,2,1,7,7,6,5,4,4,3,6,7,2,52,2,1,3,2,50,1800,1400,0,550201,직무교육 출산율 감소,문과
32846,3,4,3,5,3,4,4,5,1,0,4,4,1,0,3,4,3,5,1,0,1,0,1,0,1,0,5,4,4,5,3,4,4,5,4,4,1,0,1,0,4,4,4,4,1,0,1,0,1,0,1,0,1,0,1,0,1,0,1,0,3,4,1,0,1,0,1,0,1,0,1,0,1,0,1,0,1,0,1,0,1,0,1,0,2,2,1,0,2,3,4,3,4,4,4,4,4,2,4,2,4,3,1,4,2,2,0,2,4,3,3,3,3,3,4,3,2,3,4,3,2,3,2,2,2,2,2,4,4,4,2,5,4,5,5,4,5,3,4,4,4,3,2,2,2,2,2,2,2,2,2,1,3,3,3,3,1,7,4,7,6,2,3,5,7,3,2,31,3,1,1,1,40,2600,2200,0,26401,감사 업무,경제학
32847,4,5,4,5,4,5,4,5,4,5,4,6,3,4,3,3,3,5,2,3,4,5,2,3,3,4,4,4,4,4,4,4,5,6,4,5,2,4,5,5,3,3,5,7,4,4,1,0,1,0,1,0,1,0,1,0,1,0,1,0,3,4,1,0,1,0,1,0,1,0,1,0,3,4,1,0,1,0,1,0,1,0,1,0,2,2,2,1,4,4,1,4,4,3,3,4,3,4,4,3,4,14,1,2,2,2,0,6,5,4,4,4,4,4,4,4,4,4,4,4,2,4,4,4,4,4,5,2,1,3,3,5,4,4,4,4,4,5,4,4,4,3,2,2,2,2,2,2,2,2,2,3,1,3,3,3,1,5,5,4,4,4,5,7,6,6,1,37,4,1,1,1,40,5000,2500,0,22103,도입 판단 결정 컴퓨터 신뢰,경영학
32848,3,3,3,4,1,0,1,0,2,3,2,2,5,7,4,5,3,4,1,0,1,0,3,3,3,3,1,0,1,0,1,0,1,0,1,0,3,3,1,0,1,0,1,0,1,0,2,2,2,2,1,0,1,0,1,0,1,0,1,0,2,2,1,0,1,0,1,0,1,0,1,0,3,3,1,0,1,0,1,0,1,0,1,0,2,2,1,0,4,2,4,2,2,4,3,4,3,4,3,3,3,13,1,2,1,2,0,2,5,3,3,3,3,3,3,3,3,3,3,3,2,4,3,4,4,3,3,2,3,3,4,2,4,4,3,3,4,4,4,3,4,3,2,2,2,2,2,2,2,2,2,1,3,2,2,2,1,7,6,6,5,4,5,9,7,2,2,41,4,1,1,1,40,3635,2000,0,415404,시각디자인산업기사 향후 변동 예상,시각디자인
32849,3,4,3,4,2,3,2,3,4,5,2,3,2,3,2,3,2,3,2,3,2,3,3,4,2,3,3,4,2,3,2,3,2,3,2,3,2,3,3,4,2,3,2,3,2,3,5,7,3,4,2,3,2,3,1,0,1,0,1,0,4,5,4,5,1,0,1,0,1,0,1,0,2,3,2,3,2,3,2,3,2,3,2,3,3,4,4,5,3,3,3,3,3,4,4,3,3,4,3,3,3,3,1,4,1,2,0,3,2,3,4,4,3,3,3,4,4,4,4,4,3,3,3,2,2,3,3,4,4,4,3,4,4,5,5,4,4,5,4,4,5,4,2,2,2,2,2,2,2,2,2,2,3,2,2,2,1,1,2,2,6,3,2,2,2,6,1,39,4,1,1,1,40,3500,2500,0,26301,전산회계운용사 변동 직종,세무회계학
32850,5,7,4,7,5,5,5,6,5,6,5,6,5,7,5,7,5,7,5,6,4,6,5,5,5,7,5,6,5,7,5,7,4,6,5,6,5,6,5,7,5,6,5,7,5,6,5,6,5,6,5,6,5,7,5,6,5,7,5,6,5,6,5,6,5,6,5,7,5,6,5,6,5,7,5,7,4,6,5,6,5,3,5,3,5,6,4,6,5,5,5,4,4,4,4,3,3,3,4,4,3,16,5,6,1,2,0,6,7,3,3,3,5,5,4,3,3,3,4,4,3,3,3,3,3,3,4,3,2,3,4,3,3,3,4,3,4,3,3,3,3,5,2,2,2,2,2,2,2,2,2,3,3,3,3,3,2,3,2,3,3,4,6,3,3,3,1,63,6,1,1,1,40,8000,4600,0,211101,박사학위 상태 유지,건축
32851,3,4,4,4,3,4,4,4,4,5,3,4,3,4,4,4,3,4,4,5,4,4,3,4,4,4,3,4,4,4,3,4,3,4,3,4,3,4,3,4,4,4,4,4,3,4,4,5,3,4,4,4,4,4,3,4,3,4,4,4,4,4,3,4,3,4,4,3,3,4,3,4,3,4,3,4,4,4,3,4,3,5,3,4,3,4,3,3,4,3,4,4,3,3,3,4,4,3,3,4,3,10,1,2,1,2,0,3,5,2,2,2,3,3,3,4,4,4,4,4,3,3,3,3,3,4,3,3,3,3,3,3,3,3,4,3,3,3,3,3,3,4,2,2,2,2,2,2,2,2,2,1,2,3,3,3,1,6,6,7,6,6,6,6,6,6,1,46,4,1,1,1,45,4000,3000,0,133901,IT테스터 기술 발달,전기공학
32852,5,6,5,7,4,6,5,6,5,5,5,6,4,6,5,7,4,6,5,6,5,6,4,6,4,6,5,7,5,5,5,6,5,7,4,6,4,6,5,5,4,6,5,7,4,6,5,7,4,6,4,4,4,6,5,7,4,6,4,5,3,5,3,5,5,7,5,7,5,7,5,7,5,7,5,6,5,6,5,6,4,6,4,5,4,6,3,4,4,4,4,4,4,4,5,5,4,5,4,4,4,17,2,5,2,2,0,5,5,3,3,3,4,4,4,4,4,4,4,4,4,2,2,3,3,3,3,4,2,3,5,4,4,4,4,4,4,4,4,4,4,4,2,2,2,2,2,2,2,2,2,2,3,1,1,1,1,1,3,3,5,7,5,3,5,4,2,43,4,1,1,1,40,4700,3000,0,122101,개원 선호 연구원 감소,공중보건학
32853,4,5,5,6,5,5,4,6,4,5,5,5,4,4,3,4,4,5,3,5,4,4,4,6,4,4,4,6,4,5,3,4,2,3,3,4,4,5,4,5,4,4,4,4,3,5,3,3,3,3,3,3,4,4,3,3,1,0,1,0,1,0,3,3,3,4,1,0,1,0,2,2,3,4,3,3,2,4,3,4,2,5,2,4,4,3,3,3,3,4,4,3,4,4,4,4,3,4,4,3,4,15,2,5,1,2,0,7,5,4,3,3,4,5,4,4,3,4,4,4,1,4,4,4,3,3,2,2,4,3,4,4,3,4,3,3,4,5,4,3,4,4,2,2,2,2,2,2,2,2,2,1,3,3,3,3,2,6,5,5,4,3,5,7,6,6,2,30,5,1,1,1,50,3600,2800,0,122106,축산산업기사 상태 유지,축산학
32854,2,4,3,5,2,5,2,4,4,6,3,5,2,4,3,5,4,6,3,4,2,4,4,6,2,4,3,5,2,4,2,4,3,4,2,5,2,4,3,5,4,6,2,5,4,5,2,5,3,5,2,4,1,0,1,0,1,0,1,0,3,5,2,1,1,0,1,0,1,0,1,0,3,3,2,4,3,5,4,5,2,4,3,5,3,5,2,4,3,3,4,4,3,2,3,3,4,3,2,2,3,9,1,2,1,2,0,2,5,2,3,2,4,2,3,4,3,4,5,4,3,4,2,2,3,4,3,4,3,4,4,3,2,3,4,3,4,3,2,4,4,3,2,2,2,2,2,2,2,2,2,3,2,2,2,3,2,2,8,7,6,7,4,2,3,7,1,52,4,1,1,1,40,3300,3000,0,27101,세무회계1급 외식 업계 어려움,경영학
32855,3,4,3,3,1,0,1,0,3,4,3,4,3,4,4,5,3,3,2,3,2,3,3,4,4,5,2,3,2,3,4,4,1,0,1,0,3,3,2,2,4,4,3,4,3,2,3,2,3,2,3,3,3,3,3,3,3,2,3,3,3,3,3,4,3,3,4,4,3,4,4,3,3,3,2,3,2,4,3,4,3,5,2,2,1,0,2,2,3,4,3,3,2,2,3,4,2,4,2,3,2,3,1,3,2,1,1,2,2,3,2,2,4,4,2,3,4,4,3,4,2,4,4,3,2,3,4,3,5,4,3,4,3,4,3,2,3,4,2,3,5,5,2,2,2,2,2,2,2,2,2,1,2,3,3,3,2,7,8,7,6,5,4,4,5,5,1,42,4,1,1,1,40,4500,2300,0,822301,기계조작 교육 폐업,기계공학
32856,1,0,1,0,1,0,1,0,1,0,1,0,1,0,1,0,1,0,2,2,1,0,1,0,1,0,1,0,1,0,3,4,1,0,1,0,1,0,1,0,1,0,1,0,1,0,1,0,1,0,1,0,1,0,1,0,2,2,3,4,1,0,1,0,1,0,4,5,4,5,4,5,1,0,1,0,4,5,3,4,3,4,3,4,4,3,1,0,4,3,4,3,3,2,2,2,2,3,2,2,4,6,1,2,1,2,0,5,3,2,2,2,3,2,2,3,9,9,3,3,2,3,3,4,3,4,4,4,3,4,3,5,4,4,4,2,4,5,3,3,4,5,2,2,2,2,2,2,2,2,2,1,3,3,2,2,2,8,7,7,5,5,5,9,5,1,1,37,3,1,1,1,50,4800,4200,0,704001,굴삭기운전자격증 건축 계속,영상
32857,5,5,4,5,4,4,4,6,4,4,4,4,4,4,3,4,4,4,4,5,5,6,4,5,4,4,3,5,3,4,4,5,4,5,3,5,4,5,4,5,5,5,5,6,5,5,4,4,4,5,5,5,4,4,4,4,4,5,4,5,4,4,4,4,4,5,4,6,4,5,4,4,4,4,4,5,5,5,4,4,4,4,4,4,4,4,4,4,4,3,4,3,4,4,4,4,3,4,3,4,3,13,2,2,2,2,0,2,5,4,4,4,4,4,4,3,2,3,3,3,2,4,4,4,5,4,4,5,4,4,4,4,4,3,4,4,5,5,4,5,4,4,2,2,2,2,2,2,2,2,2,2,2,2,2,2,2,7,4,7,5,7,3,6,4,7,1,32,6,1,1,1,45,2700,2500,0,122104,인공 지능 로봇 기술 활용 자동화 직무 대체 확률 생각,수산학
32858,2,1,2,2,1,0,2,1,2,3,1,0,1,0,1,0,1,0,1,0,1,0,1,0,2,2,2,2,1,0,1,0,1,0,1,0,1,0,3,2,1,0,1,0,2,2,1,0,1,0,1,0,1,0,1,0,1,0,1,0,3,1,1,0,1,0,1,0,1,0,1,0,1,0,1,0,1,0,1,0,1,0,1,0,2,2,1,0,3,3,3,3,3,3,3,3,3,3,3,3,3,18,4,1,2,2,0,7,1,3,3,3,3,3,3,3,9,9,9,3,3,3,3,2,2,2,4,3,5,3,3,4,2,3,2,5,3,4,3,3,3,3,2,2,2,2,2,2,2,2,2,3,3,3,2,2,2,5,7,5,2,7,5,7,4,3,2,55,1,2,6,1,50,0,0,3500,616201,행성 사람,0
32859,4,6,3,5,3,5,4,6,2,2,2,2,2,2,4,6,4,6,4,6,2,2,2,3,4,6,4,6,4,6,2,2,2,2,3,4,4,6,3,3,2,3,2,3,2,2,4,5,4,6,4,6,2,3,2,2,2,2,2,2,4,5,2,2,3,4,4,6,4,6,3,4,3,4,2,2,3,4,3,4,3,4,1,0,4,5,1,0,4,4,4,5,5,4,5,2,3,5,4,4,5,5,1,2,1,1,4,6,5,4,5,4,4,4,4,4,4,4,5,5,3,4,4,4,4,2,3,4,5,4,3,4,5,4,4,4,4,5,4,4,5,3,2,2,2,2,2,2,2,2,2,2,4,3,3,3,2,6,5,6,4,5,5,5,6,6,1,46,4,1,1,1,40,4700,2700,0,155303,폐기물처리기사 폐기물처리기술사 신규법규숙지 환경 규제 환경 오염 대한 심각,자원학
32860,5,6,5,6,4,6,4,5,5,6,4,5,4,6,4,5,4,4,4,5,3,5,4,5,4,5,3,4,4,5,4,5,4,4,4,5,4,6,4,5,4,4,4,5,3,5,4,5,3,4,4,5,2,2,2,2,2,2,2,3,3,4,4,5,4,4,3,4,2,2,2,4,3,5,1,0,1,0,3,5,3,3,2,4,4,5,1,0,4,4,3,3,4,4,4,4,4,3,3,4,4,11,3,2,1,2,0,2,5,4,3,4,4,3,3,4,3,3,4,4,4,4,3,3,4,4,3,3,4,3,3,4,4,3,3,3,4,4,3,4,4,2,2,2,2,2,2,2,2,2,2,4,3,3,3,3,2,7,6,5,6,7,7,5,6,7,1,48,4,1,1,1,40,6000,3800,0,31201,금융투자분석사 전문,경영
32861,3,5,3,5,3,5,3,5,3,5,3,5,3,5,3,4,3,4,3,5,3,5,3,4,3,4,3,4,3,5,3,5,3,4,3,4,3,4,3,6,3,5,3,4,3,3,3,3,3,3,3,3,3,3,3,2,3,2,3,3,3,2,3,4,3,2,3,4,3,3,3,1,3,4,3,3,3,3,3,4,3,5,3,4,3,4,3,4,4,4,3,3,3,3,4,2,4,3,3,3,4,3,1,4,2,2,0,5,5,3,3,3,4,3,3,3,3,3,4,4,2,4,4,4,4,3,4,2,3,3,4,4,3,4,3,3,4,4,4,3,4,3,2,2,2,2,2,2,2,2,2,2,3,3,3,3,2,7,7,7,7,7,7,7,7,7,1,35,3,1,1,1,40,2850,2700,0,12201,안정 일자리,경영학
32862,2,3,2,4,2,3,3,4,4,6,4,6,3,4,3,5,2,3,4,6,3,4,3,5,3,4,4,5,2,3,3,4,2,3,4,5,3,4,1,0,4,5,4,5,3,4,2,3,4,5,3,4,5,6,5,6,4,5,4,5,4,5,4,5,4,5,4,5,4,6,4,5,4,5,3,4,2,3,3,4,2,2,3,3,2,2,2,2,3,3,2,3,3,2,3,3,3,4,3,3,4,5,1,5,1,1,3,6,5,3,4,4,4,5,3,3,3,4,4,4,3,4,3,2,2,3,3,4,3,5,4,3,3,3,3,4,4,5,4,4,5,4,2,2,2,2,2,2,2,2,2,2,3,1,1,1,1,2,2,3,4,7,7,4,4,6,1,42,4,1,1,1,40,4600,2500,0,151102,기계설비기사 일반전기기사 환경기사 수습 변동 직종,기계공학
32863,4,5,4,5,4,5,1,0,1,0,1,0,1,0,2,3,3,4,3,4,4,5,4,5,3,4,1,0,3,4,1,0,1,0,1,0,3,4,1,0,1,0,1,0,1,0,3,4,3,4,3,4,3,4,3,4,1,0,3,4,3,4,1,0,2,2,3,4,1,0,3,4,1,0,1,0,4,5,1,0,1,0,2,2,3,3,2,2,3,2,2,3,4,3,3,4,2,3,3,3,3,10,1,2,1,1,4,6,4,4,3,2,2,4,2,2,2,5,4,3,4,2,2,2,2,2,2,2,3,4,4,5,2,3,2,2,2,4,2,2,4,3,2,2,2,2,2,2,2,2,2,3,4,3,3,3,2,7,7,7,5,5,5,5,5,5,1,29,3,1,1,1,48,2400,1800,0,415502,게임그래픽전문가 캐릭터 개발 포토 스마트폰 일상 화로 게임 계속,정보통신
32864,3,3,1,0,2,2,2,1,3,2,2,3,1,0,2,3,4,4,2,3,1,0,1,0,4,4,3,5,3,2,2,5,1,0,1,0,2,2,2,2,3,4,2,4,3,4,1,0,3,5,4,2,5,6,4,7,5,4,4,5,2,1,3,2,4,4,4,4,5,6,4,4,4,3,5,2,3,5,3,5,4,3,4,4,3,2,2,2,4,3,4,2,3,2,3,2,3,4,2,3,4,3,1,2,2,2,0,2,2,4,4,3,3,3,5,2,3,4,5,3,2,2,3,2,4,4,4,2,3,4,4,5,4,2,2,3,4,5,4,2,5,4,2,2,2,2,2,2,2,2,2,2,2,3,3,3,2,4,7,7,3,4,8,6,6,8,1,34,3,1,1,1,40,2900,2900,0,852301,해외진출 기업 일자리 감소,기계
32865,3,1,2,5,1,0,1,0,2,2,1,0,1,0,2,2,3,2,2,4,2,2,1,0,2,3,1,0,1,0,4,2,1,0,1,0,2,3,1,0,5,4,3,2,4,3,1,0,2,3,5,3,4,2,2,3,4,3,5,4,3,3,4,2,4,3,4,3,3,4,5,4,2,1,4,5,3,5,2,3,4,5,2,3,3,3,1,0,3,4,4,3,5,1,2,4,2,2,2,4,3,3,1,3,2,2,0,2,2,2,3,4,4,2,3,2,2,4,3,3,2,1,2,3,2,2,4,3,5,4,4,3,3,2,5,4,4,3,2,3,3,4,2,2,2,2,2,2,2,2,2,2,3,3,3,3,2,6,4,7,3,3,9,6,3,7,1,50,2,1,1,1,40,2700,2000,0,706001,건설 현장 감소 수요,인문
32866,3,3,4,5,4,2,4,4,2,2,4,2,3,3,4,5,4,5,4,5,3,3,3,3,4,4,4,5,4,5,4,5,4,4,3,3,4,4,4,4,4,4,4,4,4,3,3,2,2,2,4,5,2,2,2,2,2,2,3,2,4,5,3,3,2,2,2,2,2,2,2,2,3,3,2,2,3,3,4,5,3,4,3,4,3,4,4,5,4,4,4,3,4,2,3,4,2,3,4,3,4,17,1,2,1,1,3,6,3,4,4,4,3,4,2,3,3,4,4,4,3,4,4,3,4,4,4,3,3,3,4,5,3,5,2,3,5,4,4,2,4,4,2,2,2,2,2,2,2,2,2,1,4,1,3,3,2,9,8,9,8,9,2,2,3,8,2,42,3,1,1,1,40,2400,2000,0,232901,사회복지사 노인생활지도 복지서비스 노인 인구 증가,사회복지
32867,4,6,5,5,5,6,5,6,4,5,4,6,4,6,4,5,4,5,4,6,4,6,4,5,4,5,4,5,4,5,4,6,4,5,4,5,4,5,4,6,4,6,4,5,4,5,4,5,4,5,4,5,4,5,4,5,4,5,4,5,4,5,4,5,4,5,4,5,4,5,4,5,4,5,4,5,4,5,4,5,4,3,4,5,4,5,4,5,4,5,4,4,4,4,4,4,4,4,4,4,4,11,3,2,1,2,0,7,5,4,4,4,4,4,4,5,4,4,4,4,1,4,4,4,4,4,4,2,4,4,4,4,4,4,4,4,3,4,3,3,4,5,2,2,2,2,2,2,2,2,2,2,4,3,3,3,2,7,7,7,7,8,8,7,7,7,1,32,4,1,1,1,45,5300,4500,0,23401,감정평가사 자산 가치 대한 관심 증가,경영학
32868,1,0,3,4,1,0,3,5,1,0,1,0,1,0,2,4,2,3,1,0,1,0,2,4,4,5,1,0,2,3,2,4,2,3,2,2,1,0,3,4,2,4,3,5,5,5,3,3,2,3,2,4,2,5,2,3,4,6,4,5,3,3,2,4,4,5,4,4,4,4,4,5,1,0,5,5,5,5,4,4,3,4,3,5,4,4,2,3,3,4,4,3,2,2,2,4,3,2,3,2,4,18,4,1,2,2,0,3,2,4,2,2,4,4,4,4,9,9,9,4,2,4,4,4,3,2,2,3,4,4,4,4,3,4,4,4,4,4,4,3,4,4,1,1,1,1,2,2,2,2,2,2,2,2,2,2,2,7,3,8,3,7,2,7,3,7,1,48,3,2,6,1,40,0,0,2800,881201,시스템 개발 컴퓨터 프로그램 기술,영상예술학
32869,4,5,4,5,3,3,4,5,4,5,3,3,4,4,4,4,4,5,4,4,4,4,4,4,4,5,4,3,4,3,4,4,4,4,3,3,4,5,4,4,4,4,4,4,4,4,4,3,2,2,3,5,4,5,4,4,4,3,4,3,3,3,3,2,3,3,4,3,3,2,3,3,3,5,2,2,4,3,3,3,4,5,5,6,3,5,4,5,4,3,4,4,4,1,2,3,3,3,4,3,4,18,2,3,1,1,3,4,5,4,4,4,3,5,4,4,4,4,4,4,2,4,4,4,3,4,4,4,4,5,4,4,5,4,4,4,4,4,4,3,4,3,2,2,2,2,2,2,2,2,2,1,3,2,2,3,2,9,9,1,1,1,1,9,1,9,2,43,4,1,1,1,30,3300,2500,0,414701,무용지도자 무용을 창안 해석 변화,현대무용
32870,3,5,4,4,3,4,2,4,4,5,3,5,1,0,4,3,3,3,3,4,4,4,3,5,3,5,4,5,3,4,2,3,1,0,1,0,3,3,4,5,3,4,3,4,2,3,1,0,3,4,1,0,2,3,1,0,3,4,4,6,3,5,5,5,3,4,3,4,4,5,4,5,2,3,1,0,3,4,1,0,1,0,2,3,3,4,3,3,4,4,3,3,3,2,4,4,4,3,3,3,4,3,1,2,2,2,0,2,3,4,3,3,3,3,4,3,3,2,4,3,3,3,2,4,4,3,3,4,4,5,2,4,3,3,4,5,5,4,4,3,4,4,2,2,2,2,2,2,2,2,2,2,2,2,2,2,2,5,4,4,5,4,4,6,4,5,1,33,4,1,1,1,45,3800,2500,0,28402,업종 부진 감소 예상,기계
32871,2,4,3,4,4,4,4,5,3,5,4,5,3,4,3,4,3,4,3,5,4,5,3,4,3,4,3,4,3,4,3,4,3,5,3,4,3,4,3,4,3,4,3,4,3,4,3,4,3,4,3,4,3,4,3,4,3,4,3,4,3,4,3,4,3,4,3,4,3,4,3,4,3,4,3,4,3,4,3,4,3,4,3,4,3,4,3,4,3,3,3,3,3,3,3,3,3,3,3,3,3,3,1,4,1,2,0,7,5,3,3,3,4,4,4,4,4,4,4,4,2,3,2,3,3,3,3,3,3,3,3,3,3,4,3,3,3,3,3,3,3,3,2,2,2,2,2,2,2,2,2,2,2,2,2,2,2,6,5,5,5,5,5,5,5,5,2,45,4,1,2,2,40,3500,3000,0,153101,전기공사산업기사 장비 도입,전기공학
32872,3,3,3,3,2,2,2,2,2,2,2,3,2,3,3,4,3,3,3,4,3,4,3,4,4,4,3,4,3,4,4,5,3,4,4,5,3,4,4,5,4,5,4,5,4,5,1,0,4,6,4,5,4,5,5,6,4,6,4,6,2,2,3,4,3,4,3,4,4,6,5,6,2,2,3,3,3,3,4,5,4,5,4,5,3,4,3,4,2,4,4,3,2,2,3,3,3,2,3,2,4,7,1,2,2,1,2,7,3,2,3,3,3,3,3,3,3,3,3,3,3,2,3,3,3,3,3,3,3,3,3,3,2,3,3,3,3,2,3,4,3,3,2,2,1,2,2,2,2,2,2,2,4,2,2,2,1,6,6,7,4,4,3,4,5,3,1,33,3,1,1,1,40,3400,2600,0,832101,기계 수리 설치 방법 비용 추천 안내 교육 기계 판매 도입 기계 사용 증가 추세,기계학
32873,2,2,3,4,1,0,2,2,1,0,1,0,1,0,2,2,3,3,1,0,1,0,2,2,3,4,2,2,1,0,2,2,2,3,3,4,3,4,2,2,3,4,3,3,3,4,3,3,2,3,3,4,3,4,2,2,3,4,3,4,1,0,2,2,3,4,2,2,3,3,3,4,2,2,3,3,3,4,2,2,3,4,3,4,2,2,2,1,4,1,2,4,2,1,3,4,1,4,2,2,4,19,1,2,2,1,2,2,2,4,3,2,4,3,2,3,9,9,4,3,2,4,4,4,3,2,4,3,4,2,3,4,2,3,2,3,4,4,3,2,3,4,2,2,2,2,2,2,2,2,2,1,4,2,2,2,1,8,8,7,2,2,3,4,3,8,1,47,3,2,5,1,52,0,0,5900,702301,단열관련과정 발주 증가,전기
32874,1,0,5,6,1,0,4,4,1,0,1,0,4,4,4,4,4,4,4,4,4,4,2,2,4,4,1,0,4,4,4,4,4,4,4,4,4,4,4,4,4,4,4,4,4,4,4,4,4,5,4,4,4,4,4,4,4,4,4,4,4,5,4,4,4,4,4,4,4,4,4,4,4,5,5,6,4,4,4,4,4,4,4,4,1,0,4,4,4,4,5,4,5,4,4,3,4,3,4,4,4,19,1,2,1,1,2,3,1,4,2,2,4,5,4,2,9,9,4,4,4,2,2,4,4,4,4,2,3,4,3,5,2,4,4,3,4,5,4,2,4,5,2,2,2,2,2,2,2,2,2,2,4,2,2,2,2,5,4,6,5,4,5,6,3,4,1,62,1,2,5,1,36,0,0,3200,307601,안마사 위축된 근육을 풀어 주는 교육 혈액 순환 개선 사람,0
32875,5,6,5,6,5,6,5,6,4,5,5,6,5,6,5,7,4,5,4,5,4,5,4,5,4,5,3,3,5,6,4,5,5,7,5,6,3,4,3,4,4,4,5,7,5,6,4,4,4,5,5,6,2,2,2,2,1,0,2,2,1,0,2,2,2,2,2,2,2,2,2,2,2,2,3,2,2,2,3,3,3,4,2,2,4,5,4,5,4,4,3,4,3,4,4,4,4,4,4,3,4,15,2,2,1,1,3,4,5,4,4,4,4,4,4,4,5,4,5,4,2,4,4,4,3,4,4,3,4,4,2,4,3,4,4,4,3,4,4,3,4,3,2,2,2,2,2,2,2,2,2,1,4,3,3,3,2,7,5,5,4,6,6,7,6,5,1,58,4,1,1,1,40,5000,3000,0,221401,변리사 현장 연수 소득,경영
32876,4,6,5,6,3,5,4,5,2,5,5,6,2,3,3,4,3,4,3,5,3,5,4,6,5,6,2,3,4,5,4,5,3,4,2,3,4,6,2,3,5,6,3,4,4,5,1,0,1,0,3,4,2,3,2,3,2,3,2,3,2,3,2,3,2,3,2,3,2,3,2,3,3,4,3,4,2,3,2,3,3,4,2,3,3,4,3,4,4,4,4,4,4,4,4,3,4,4,4,3,4,17,5,5,1,1,6,6,5,4,4,4,4,4,4,4,4,4,4,4,2,4,4,3,3,2,4,4,3,3,2,4,4,4,3,3,4,4,4,3,4,4,2,2,2,2,2,2,2,2,2,1,4,3,2,3,2,3,3,3,3,3,7,3,3,7,1,34,4,1,1,1,60,7300,5500,0,301107,의사국시 전문의자격증 레지던트 정신 고통 증가 스트레스 증가,의예
32877,4,5,3,5,4,5,4,6,3,5,4,5,4,5,4,5,4,5,4,4,3,4,5,5,4,4,5,6,4,5,4,4,4,5,3,3,4,4,3,5,3,4,4,4,5,5,3,4,4,5,5,5,5,5,2,2,1,0,1,0,4,4,5,4,3,4,3,3,1,0,3,3,4,4,3,4,2,2,4,4,3,4,3,5,3,3,2,2,3,4,3,2,3,5,4,2,3,3,4,3,4,13,1,3,2,2,0,7,2,3,2,1,4,4,3,4,3,4,4,4,2,4,4,4,3,3,4,3,4,4,3,4,3,3,3,4,4,4,3,4,4,4,2,2,2,2,2,2,2,2,2,2,2,2,2,2,1,8,6,6,4,4,3,5,4,4,2,48,2,1,3,2,45,3000,2000,0,29303,컴퓨터 대체 가능,문과
32878,5,6,5,5,5,5,4,4,3,3,4,4,4,4,3,3,3,3,3,5,4,5,3,4,2,2,5,5,4,4,4,6,4,4,4,4,3,4,4,5,4,5,5,5,4,5,4,5,4,4,3,3,2,3,3,3,2,2,3,2,3,5,3,4,2,2,3,3,2,2,2,2,5,5,2,3,3,3,3,5,2,4,2,3,2,2,2,2,4,4,3,3,4,3,2,4,3,2,4,2,4,7,1,2,2,2,0,7,2,1,1,1,4,2,3,2,2,3,4,3,3,2,3,3,2,3,2,3,4,4,3,4,2,2,3,3,3,4,2,3,5,3,2,2,2,2,2,2,2,2,2,2,2,3,2,2,2,7,7,8,3,6,5,4,4,4,2,53,2,1,1,1,40,2200,1900,0,612401,이용 인구 감소,문과
32879,3,3,3,3,2,2,4,4,2,2,1,0,1,0,1,0,2,2,1,0,1,0,2,2,2,2,2,2,2,3,2,2,2,2,1,0,1,0,1,0,2,2,2,2,1,0,1,0,1,0,1,0,1,0,1,0,1,0,1,0,1,0,1,0,1,0,1,0,1,0,1,0,1,0,2,2,1,0,1,0,2,2,2,2,4,5,4,5,2,2,3,3,2,3,4,2,2,4,2,2,2,13,1,2,2,2,0,1,2,2,1,1,5,2,3,3,9,3,3,3,2,2,1,4,3,3,4,4,2,4,2,4,2,4,3,2,4,4,2,5,4,2,2,2,2,2,2,2,2,1,2,2,2,2,2,3,2,8,8,7,8,7,8,2,3,4,2,46,3,1,3,2,42,1300,700,0,29303,마감 날짜 자동화 기계 발달,의상
32880,4,5,4,5,3,4,3,4,3,4,3,5,3,4,3,4,3,4,3,5,3,4,3,4,3,4,3,4,3,4,3,4,3,4,3,4,3,4,3,4,3,4,3,4,3,4,3,4,3,4,1,0,3,4,3,4,3,4,3,4,3,4,3,4,3,4,3,4,3,4,3,4,3,4,1,0,4,5,1,0,1,0,3,4,3,4,3,4,4,4,4,3,4,4,4,4,2,3,4,4,4,13,2,4,1,2,0,6,5,3,3,3,4,4,3,2,1,4,4,3,4,4,4,2,3,3,2,1,4,5,3,4,3,3,3,4,3,4,4,3,4,4,2,2,2,2,2,2,2,2,2,1,3,3,3,3,1,7,5,5,7,5,5,7,5,3,1,36,4,1,1,1,40,4500,2500,0,151108,해기사 면허증 해양 과학 기술 국가 사업 발전,해양공학
32881,5,7,4,5,3,4,5,7,3,4,4,5,4,5,3,4,5,7,3,4,3,4,5,7,4,5,4,6,2,3,2,2,2,2,1,0,3,4,1,0,1,0,1,0,2,3,1,0,1,0,1,0,1,0,1,0,1,0,1,0,1,0,1,0,1,0,1,0,1,0,1,0,1,0,1,0,1,0,1,0,1,0,1,0,3,4,4,5,3,5,4,3,4,5,3,4,3,4,5,4,3,18,1,3,2,2,0,3,2,4,5,5,5,5,3,3,4,4,5,4,2,4,5,2,3,2,3,4,4,4,2,5,4,4,4,4,5,5,5,4,5,4,2,2,2,2,2,2,2,2,2,2,3,1,1,1,1,8,3,2,1,2,3,8,3,1,2,40,4,1,1,1,40,3600,2400,0,416205,기계로 대신 일이,신문방송학
32882,4,4,3,4,2,4,2,2,4,4,3,5,2,4,4,5,4,4,3,3,2,3,4,5,2,3,4,3,1,0,2,2,1,0,1,0,3,4,4,4,4,5,3,4,1,0,1,0,2,2,4,4,4,4,2,3,4,4,3,3,3,3,2,2,4,4,3,3,4,4,4,4,1,0,2,3,3,3,4,2,1,0,1,0,2,2,2,1,4,3,4,3,5,2,3,4,3,4,5,4,3,13,2,4,2,2,0,2,6,4,3,5,4,5,5,3,5,4,4,5,4,2,3,5,4,3,3,4,4,3,4,5,4,4,3,5,4,4,3,4,3,5,2,2,2,2,2,2,2,2,2,2,4,3,3,3,2,4,3,6,4,7,8,5,8,6,1,35,5,1,1,1,40,4900,4900,0,155103,대체 에너지 확보 수요 증가,물리
32883,2,2,2,2,1,0,1,0,3,3,1,0,1,0,3,3,3,3,4,5,3,4,3,3,4,5,2,3,1,0,2,2,1,0,1,0,2,2,3,3,3,3,3,3,2,2,1,0,1,0,1,0,3,3,1,0,3,4,3,3,1,0,2,2,4,5,4,5,3,4,4,5,3,4,3,4,4,5,3,3,2,2,1,0,4,5,2,2,4,3,3,3,4,3,3,4,4,3,3,3,2,2,1,5,1,2,0,2,2,3,3,4,4,4,3,3,3,3,3,3,3,4,3,3,3,3,4,2,4,3,2,4,4,5,4,4,3,4,3,3,4,4,2,2,2,2,2,2,2,2,2,2,2,2,2,2,2,4,4,3,4,5,5,6,5,6,1,45,2,1,1,1,40,4300,2700,0,705101,광산보안기능사 화약류관리기사 신업 에너지 변화,인문계
32884,1,0,2,3,1,0,2,2,1,0,2,3,1,0,3,4,4,3,2,2,1,0,2,2,3,4,1,0,1,0,3,3,1,0,1,0,1,0,2,2,4,3,4,4,5,3,4,2,4,4,1,0,2,3,1,0,4,3,3,4,1,0,1,0,5,3,4,4,4,3,3,3,1,0,3,2,4,4,3,4,2,2,3,3,3,3,3,3,1,1,5,2,1,3,3,1,2,1,1,3,4,8,4,1,1,2,0,7,1,2,2,2,5,4,3,2,9,9,9,3,2,4,3,4,4,4,4,2,3,3,2,4,4,4,3,3,4,5,4,3,5,4,2,2,2,2,2,2,2,2,2,2,3,2,2,2,2,8,8,8,3,2,2,2,4,5,1,61,2,2,6,1,40,0,0,5000,623002,건설기계면허증 지게차운전기능사 수출입 물동량 장비,상고
32885,2,3,4,4,2,3,1,0,1,0,1,0,2,4,1,0,2,3,3,3,2,3,2,4,2,4,1,0,2,4,3,3,2,5,2,4,4,5,2,3,3,4,4,5,2,3,4,5,1,0,1,0,2,4,2,4,1,0,1,0,1,0,2,4,2,3,2,4,2,3,1,0,3,5,2,3,2,3,4,4,2,2,3,4,1,0,1,0,4,4,3,3,4,4,3,4,4,3,3,4,4,13,1,3,1,2,0,2,5,3,4,3,4,3,4,3,4,5,4,4,4,3,4,4,3,4,3,3,3,4,4,3,4,4,3,3,4,4,4,3,3,4,2,2,2,2,2,1,2,2,2,2,3,2,2,3,1,7,7,6,5,6,7,6,5,5,1,49,4,1,1,1,50,4800,2500,0,151108,방사선비파괴검사 첨단 장비 도입 변화,사회학
32886,1,0,1,0,1,0,1,0,1,0,1,0,1,0,4,3,2,2,2,2,1,0,1,0,2,1,3,2,1,0,3,3,1,0,1,0,1,0,1,0,3,2,4,3,5,5,3,3,4,4,2,1,4,3,1,0,3,2,2,2,4,4,4,4,3,3,4,4,4,3,4,4,1,0,3,3,3,3,2,2,3,4,3,3,3,3,4,3,4,3,4,3,2,1,4,1,2,2,2,2,4,1,1,1,2,1,1,7,2,3,4,4,4,4,3,4,4,4,4,4,1,5,5,4,4,5,4,3,4,3,3,5,4,3,2,3,4,5,4,2,4,2,2,2,2,2,2,2,2,2,2,1,3,3,3,3,2,2,2,2,5,5,5,5,8,5,1,58,2,1,1,1,50,5000,3600,0,902101,질병관리 교육 사업 시작 사람,이과
32887,2,3,3,5,3,4,3,4,3,5,2,3,3,4,3,4,3,4,4,5,3,3,4,5,3,3,3,4,4,5,3,3,3,4,3,5,4,5,4,5,4,5,4,5,4,6,4,5,4,5,4,6,3,4,1,0,1,0,1,0,2,3,1,0,1,0,1,0,1,0,1,0,3,5,1,0,1,0,1,0,1,0,1,0,3,4,2,3,3,4,4,3,3,4,4,3,4,3,4,4,3,8,1,2,1,1,4,6,3,3,4,4,4,4,5,3,3,3,4,3,3,4,4,3,2,2,2,4,4,5,4,4,3,4,4,4,4,5,4,4,5,4,2,2,2,2,2,2,2,2,2,2,2,2,2,2,1,4,3,4,3,4,5,3,6,6,1,48,4,1,1,1,40,5500,2500,0,15201,운전면허 현장실습파악 업무실습파악 직종 지원,경영학
32888,1,0,2,2,3,4,3,5,1,0,3,4,1,0,2,4,2,3,3,4,1,0,3,4,3,3,4,4,2,2,4,4,1,0,1,0,1,0,3,4,2,4,4,4,2,3,1,0,4,4,2,4,2,3,1,0,3,4,1,0,3,3,2,4,1,0,3,4,1,0,1,0,2,2,3,3,2,4,1,0,3,4,2,2,3,4,2,3,4,4,3,3,2,2,3,2,2,2,4,3,3,19,1,2,2,2,0,3,2,4,3,3,2,4,3,4,4,3,4,4,4,3,3,4,4,4,5,4,4,4,4,4,3,4,3,4,4,5,4,4,4,4,2,2,2,2,2,2,2,2,2,2,4,1,1,3,2,7,6,6,4,4,5,5,5,5,1,48,2,2,5,1,40,0,0,4400,14301,환경오염 증가,문과
32889,4,6,4,6,4,6,4,5,5,6,4,6,4,5,4,6,4,6,4,5,4,5,4,6,4,6,4,6,4,6,4,5,5,6,5,6,4,5,4,5,4,6,4,5,4,6,5,2,1,0,5,6,1,0,1,0,1,0,1,0,1,0,1,0,1,0,1,0,1,0,1,0,1,0,1,0,1,0,4,5,1,0,4,5,4,6,4,5,4,4,5,4,4,4,4,4,4,5,4,4,4,11,1,1,1,2,0,3,5,4,4,5,4,3,4,5,4,4,5,5,4,5,4,4,4,5,4,4,5,4,4,4,4,4,4,3,5,4,4,3,4,3,2,2,2,2,2,2,2,2,2,4,2,3,2,2,1,8,3,6,2,8,3,8,3,7,1,40,4,1,1,1,45,3800,2900,0,33201,보험중개사 시스템 개발,금융학
32890,4,3,3,4,2,2,3,3,2,2,2,2,3,4,3,3,2,3,3,4,3,4,2,3,3,3,3,3,2,3,3,3,2,3,2,3,3,3,3,3,2,2,3,3,3,3,2,3,3,3,2,3,2,2,3,3,3,4,3,3,4,4,3,4,3,3,3,5,2,3,3,3,3,4,3,3,2,3,3,4,2,3,2,3,5,6,4,3,5,3,4,4,4,2,4,5,5,5,5,2,5,13,1,2,1,1,1,2,2,3,2,3,4,4,3,3,3,3,4,3,3,3,3,2,2,2,2,3,3,4,2,4,4,4,4,4,3,3,3,3,4,3,2,2,2,2,2,2,2,2,2,2,2,3,2,2,2,5,5,6,5,4,3,5,5,4,1,31,3,1,1,1,48,3120,2950,0,414201,사진기능사 사진 영상 촬영 실무 교육 셀프 촬영 렌탈 서비스 이용,사진영상학
32891,3,4,4,4,1,0,4,4,1,0,3,5,3,4,4,4,3,4,4,4,1,0,3,4,5,6,1,0,3,4,3,4,1,0,1,0,3,4,3,3,4,4,1,0,3,4,1,0,1,0,1,0,4,5,3,4,4,4,4,4,3,5,1,0,4,3,4,4,4,4,4,4,3,3,3,3,4,4,4,4,4,5,3,5,3,5,5,5,4,3,2,3,4,1,4,4,3,5,4,3,2,18,1,2,2,2,0,5,5,4,3,3,5,5,3,4,3,4,4,4,2,3,3,4,3,3,2,4,3,4,4,5,3,4,5,2,3,4,4,3,4,4,2,2,2,2,2,2,2,2,2,2,3,2,2,3,2,8,7,3,7,4,3,7,2,4,2,24,4,1,1,1,44,2700,2700,0,416501,채용 한정 변화,음향제작
32892,3,4,3,4,2,2,4,6,3,4,4,6,3,4,2,2,3,4,2,2,4,6,1,0,4,6,3,4,4,6,3,4,4,6,4,6,1,0,3,4,4,6,4,6,4,5,1,0,1,0,2,2,1,0,1,0,1,0,1,0,3,4,1,0,1,0,1,0,1,0,1,0,1,0,2,2,2,2,2,2,2,2,2,2,3,4,3,4,5,4,2,3,3,2,3,4,3,3,2,3,3,11,1,2,2,2,0,2,5,4,2,2,4,4,4,3,3,4,4,3,4,2,3,4,4,3,2,2,3,2,4,3,4,3,3,3,4,4,4,3,3,3,2,2,2,2,2,2,2,2,2,2,1,2,2,2,2,2,8,3,8,2,8,2,8,2,1,55,2,1,1,1,42,4000,3000,0,32501,신용 사회 가속,인문
32893,4,6,4,5,3,4,3,4,4,5,3,5,3,4,3,5,4,4,3,5,3,4,3,5,3,5,3,4,4,4,3,4,4,5,4,6,3,5,4,4,4,5,4,5,4,5,3,5,3,5,3,4,2,3,3,4,3,4,4,5,4,5,3,4,4,5,4,4,3,5,3,4,3,4,3,5,3,4,3,4,4,4,4,4,3,4,4,4,3,4,4,3,4,4,3,4,3,4,4,3,4,3,1,3,2,2,0,3,4,4,3,4,4,4,4,4,3,3,4,4,3,4,4,3,4,3,4,3,4,4,4,4,4,3,4,4,4,4,4,4,4,2,2,2,2,2,2,2,2,2,2,1,4,2,3,3,2,4,3,6,5,4,3,6,3,4,2,37,3,1,1,1,40,2600,1800,0,415202,패션 인테리어 디자인 확대 포괄 패션 진출,산업디자인
32894,3,5,3,4,2,1,2,2,2,2,3,4,3,3,3,5,3,4,2,3,3,3,3,4,2,2,3,4,2,2,2,2,3,2,2,2,3,4,2,2,3,5,4,3,3,3,2,1,2,1,2,2,3,4,3,4,3,5,3,4,3,3,4,5,4,4,4,5,4,4,4,5,3,4,3,3,2,3,3,3,2,2,3,3,3,4,2,3,3,3,2,2,3,3,3,2,3,2,3,3,3,3,1,5,2,2,0,2,2,3,2,2,3,3,2,4,3,4,4,4,3,2,2,4,3,2,3,3,3,2,2,4,3,3,4,3,3,3,4,3,4,4,2,2,2,2,2,2,2,2,2,1,3,3,3,3,2,8,7,9,3,3,8,6,5,6,1,30,2,1,1,1,40,3200,2700,0,851201,제조업 계속 유지,자동차학
32895,5,6,5,7,5,6,5,6,5,6,5,7,4,5,4,6,4,6,4,5,5,6,5,6,5,6,4,6,5,6,4,5,4,6,4,4,5,6,4,6,4,6,4,5,5,4,4,5,4,4,4,5,4,6,3,4,3,5,3,4,4,4,4,5,4,6,4,5,3,4,3,4,4,6,4,5,3,4,3,5,3,4,3,3,3,4,4,4,5,4,4,4,3,4,4,4,4,5,4,4,5,16,5,2,1,2,0,6,6,4,3,3,4,4,3,5,4,4,5,5,2,3,3,5,4,3,3,1,3,3,5,4,3,4,2,4,3,4,4,3,5,3,2,2,2,2,2,2,2,2,2,1,3,3,3,3,2,6,5,5,5,4,5,4,4,5,1,57,6,1,1,1,40,8000,4000,0,13101,박사학위 상태 유지,해양학
32896,2,4,3,4,2,4,3,4,1,0,3,3,1,0,3,3,3,3,3,4,4,4,4,4,3,3,3,3,3,3,4,4,3,3,4,4,3,3,4,3,3,3,3,3,4,4,4,5,4,4,2,4,2,3,4,5,4,5,4,4,1,0,1,0,3,3,4,4,4,4,4,4,4,4,3,5,3,4,4,5,3,5,4,4,3,3,3,3,4,3,4,3,4,2,4,3,3,4,4,3,4,4,1,2,1,2,0,7,2,3,4,4,4,4,4,3,4,4,4,4,4,3,4,4,4,3,4,4,4,4,4,4,5,4,4,4,5,4,5,4,4,4,2,2,2,2,2,2,2,2,2,1,3,3,3,3,2,6,7,6,7,6,5,4,5,4,1,53,2,1,3,1,52,4300,2500,0,842301,전기2급자격증 자동화 고장,전기기계
32897,4,4,3,3,2,2,4,4,2,2,2,2,2,2,3,3,2,2,2,2,2,2,2,2,2,2,2,3,1,0,3,4,3,4,3,3,3,4,2,3,3,3,2,3,2,2,2,2,1,0,3,3,1,0,1,0,1,0,1,0,1,0,1,0,1,0,1,0,1,0,1,0,1,0,1,0,1,0,1,0,1,0,1,0,4,5,4,5,3,2,3,4,3,3,2,3,4,4,3,3,4,18,3,3,1,2,0,5,5,4,3,4,4,3,4,4,3,3,4,4,3,3,3,4,3,4,3,3,4,3,4,4,4,3,3,3,4,4,3,3,3,3,2,2,2,2,2,2,2,2,2,1,3,2,2,2,1,5,4,4,5,4,5,5,6,5,1,33,3,1,1,1,40,3000,2800,0,420301,심판 자격 변화,체육학
32898,2,5,4,5,4,5,5,5,2,4,4,5,3,5,3,5,4,5,2,4,1,0,4,5,4,5,4,6,4,5,4,5,4,5,4,5,4,5,4,5,4,5,4,5,4,5,4,5,3,4,4,5,3,3,1,0,1,0,1,0,3,4,1,0,1,0,1,0,1,0,1,0,2,3,1,0,1,0,1,0,1,0,1,0,2,3,2,2,4,4,4,4,4,4,4,4,3,4,4,2,2,11,1,6,2,2,0,7,4,3,2,2,4,4,4,4,3,3,3,3,4,1,1,2,3,1,1,1,1,5,1,4,2,1,1,1,1,1,1,1,4,3,2,1,2,2,2,2,2,1,1,2,1,3,3,3,2,1,1,1,1,1,1,4,1,4,2,46,3,1,1,1,45,6500,2700,0,12402,산들 개발 로봇 컴퓨터 정도 생각,컴퓨터학
32899,4,5,3,3,3,3,4,5,3,5,3,5,1,0,4,3,4,3,3,3,2,3,3,4,3,4,1,0,4,5,4,5,3,4,2,4,2,3,4,6,3,5,1,0,1,0,1,0,4,3,1,0,1,0,1,0,1,0,1,0,1,0,1,0,1,0,1,0,1,0,1,0,1,0,2,3,4,4,4,4,4,4,4,6,4,4,3,5,1,3,1,2,2,2,2,3,3,2,2,1,3,8,2,4,2,2,0,7,2,3,2,2,2,2,3,2,2,3,3,3,3,3,3,3,4,2,2,2,2,4,4,5,3,4,5,4,4,3,2,2,4,3,2,2,2,2,2,2,2,2,2,1,2,3,3,3,2,5,6,7,6,7,7,6,6,4,2,27,4,1,1,1,40,2700,2400,0,522202,구조조정 열차 일자리,호텔학
32900,2,4,3,4,4,5,3,3,3,5,4,6,2,5,3,5,2,4,4,5,2,4,4,6,2,4,3,5,2,4,3,5,4,6,3,5,2,4,3,5,4,5,4,6,3,5,2,4,2,4,3,6,3,5,2,5,3,5,2,5,3,5,4,5,3,5,4,5,3,5,2,4,2,4,4,5,3,3,4,3,3,5,2,5,4,4,2,4,4,2,3,2,3,2,3,2,3,4,3,2,3,3,1,2,2,2,0,2,2,4,3,4,4,3,4,3,2,3,4,3,3,4,3,4,3,2,3,4,3,4,3,4,3,4,3,2,3,4,3,4,3,3,2,2,1,2,1,1,2,2,2,3,2,2,3,2,2,3,2,6,4,7,8,2,3,7,1,29,2,1,1,1,48,2800,2600,0,873101,장비 도입 자동화기,이과
32901,3,5,4,4,3,4,1,0,2,4,3,3,3,4,2,4,4,4,1,0,3,4,3,5,3,3,5,5,1,0,4,4,1,0,1,0,2,4,1,0,5,5,4,4,1,0,1,0,3,5,1,0,2,4,4,4,5,5,3,5,2,3,4,4,3,4,3,5,2,3,3,5,2,3,4,4,2,3,1,0,1,0,1,0,3,2,1,0,3,5,4,3,4,2,4,4,3,5,4,4,3,3,1,3,2,2,0,2,4,4,4,5,5,4,5,5,4,4,2,3,2,5,4,4,3,5,4,4,3,3,5,4,3,3,5,4,4,5,3,4,3,5,2,2,2,2,2,2,2,2,2,2,4,3,3,3,2,4,7,6,6,7,4,7,6,4,1,32,4,1,1,1,40,3500,3300,0,122201,질병 출현 증가,화학
32902,3,3,3,3,1,0,3,3,3,2,2,1,1,0,3,3,3,3,4,3,1,0,3,2,3,2,3,2,3,2,2,1,1,0,1,0,3,3,2,1,3,3,1,0,3,2,1,0,1,0,3,3,3,2,2,1,5,5,5,5,1,0,3,3,4,1,5,3,5,4,1,0,2,3,5,3,4,3,4,2,4,6,4,4,3,3,2,1,4,4,1,2,2,1,2,2,1,1,1,3,2,6,1,2,1,2,0,3,2,1,1,1,4,3,2,2,3,3,3,3,2,4,3,1,1,3,3,4,4,5,2,4,2,3,4,4,4,4,3,4,4,3,2,2,2,2,2,2,2,2,2,1,3,3,2,2,1,6,7,7,5,5,6,5,3,3,1,35,4,1,1,1,60,3400,3000,0,701201,산업기사 철근기능사 자동화 인공 지능 때문 상태 유지 생각,경영학
32903,3,4,4,4,3,4,2,3,2,3,4,4,3,4,4,4,4,4,4,4,3,4,2,4,4,5,3,4,3,5,4,5,4,4,3,4,4,4,5,5,4,6,3,5,5,6,3,5,3,5,4,4,4,5,3,4,4,5,4,4,2,4,3,5,3,5,4,5,5,4,5,4,3,4,3,4,3,5,2,2,3,3,4,3,5,5,4,5,4,3,3,4,4,3,4,3,3,3,4,4,3,18,2,4,2,2,0,5,3,3,3,2,3,3,2,4,4,3,4,4,3,3,3,4,3,3,2,2,4,5,3,5,3,3,4,4,2,5,4,2,4,4,2,2,2,2,2,2,2,2,2,3,4,3,2,2,2,7,5,7,4,4,3,9,5,1,1,43,2,1,1,1,44,5500,2500,0,416701,고화질 시대 조명 중요성 강조 것이므,전기
32904,2,2,2,3,2,2,2,2,2,3,2,4,3,3,2,4,2,3,2,3,2,3,2,4,3,4,2,2,2,3,2,3,2,3,2,3,2,3,2,3,2,3,2,2,2,2,2,1,2,3,2,1,3,3,3,3,3,4,3,3,2,1,3,3,3,3,3,3,3,3,2,2,2,2,4,4,4,5,4,5,3,4,3,4,3,3,2,2,3,3,3,3,3,2,3,3,3,3,2,3,3,3,1,2,1,2,0,3,3,3,2,2,4,4,3,3,9,3,3,3,3,3,3,3,4,2,3,3,2,4,3,4,3,3,3,3,4,4,3,4,5,4,2,2,2,2,2,2,2,2,2,2,2,3,3,3,2,8,8,6,4,4,4,6,4,3,2,38,2,1,3,2,40,2500,2200,0,862301,양장 기술사 생산 시설 자동화 해외 이전 감소 예상,문과
32905,3,5,3,5,4,4,3,3,4,4,3,3,3,4,2,3,3,4,3,3,2,3,3,3,3,3,4,4,3,4,3,3,3,3,4,4,3,3,4,5,3,3,2,4,2,4,3,3,3,3,3,4,2,4,2,4,2,4,3,2,3,4,2,3,3,3,3,3,2,4,2,3,3,3,3,3,3,3,1,0,1,0,1,0,3,3,2,2,4,3,2,3,3,4,3,3,2,3,4,3,2,11,1,2,2,2,0,1,5,4,3,4,4,3,4,3,4,4,4,3,3,4,4,2,3,4,3,4,3,3,4,4,4,3,4,3,4,4,4,4,3,4,2,2,2,2,2,2,2,2,2,1,3,3,3,3,2,4,3,4,5,6,6,6,5,5,2,37,4,1,3,1,52,4200,1800,0,32302,기계,경영학
32906,3,2,3,3,3,2,3,2,3,2,3,3,4,3,3,2,4,3,3,2,3,2,4,3,4,3,2,2,4,3,4,3,4,3,4,4,4,4,4,4,4,3,4,4,3,3,4,4,3,3,4,4,4,3,1,0,1,0,1,0,3,2,3,2,3,2,3,2,3,2,3,2,3,2,3,2,3,2,3,2,3,2,3,3,3,3,3,3,4,4,3,3,3,3,3,3,3,3,3,3,3,7,4,1,1,1,2,2,2,3,3,3,4,3,3,3,9,9,3,3,3,3,3,5,4,4,4,3,3,3,3,5,3,3,3,3,3,4,3,3,3,3,2,2,2,2,2,2,2,2,2,2,1,2,2,2,2,2,5,3,8,6,7,2,5,8,1,33,2,2,6,1,50,0,0,5000,871101,제빵사 재료의 혼합비율 대형 제빵사 제과 공장 탄생,문과
32907,2,3,3,3,2,2,3,3,3,3,2,3,2,3,2,3,3,3,2,3,2,3,2,4,2,2,3,4,4,3,4,4,2,2,2,2,2,3,5,4,2,2,3,3,3,4,2,3,2,3,2,3,1,0,1,0,1,0,1,0,2,3,1,0,1,0,1,0,1,0,1,0,2,3,1,0,1,0,1,0,2,2,2,2,2,2,2,2,3,4,1,3,4,2,3,5,5,5,5,5,5,9,1,4,2,2,0,6,4,3,4,4,4,4,4,4,4,4,4,4,2,2,2,4,4,4,4,1,3,4,3,5,4,4,4,4,5,4,3,3,3,4,2,2,2,2,2,2,2,2,2,1,3,2,2,2,1,7,7,7,3,3,4,8,3,3,1,43,4,1,1,1,40,8000,2800,0,14103,서비스 계속 유지,호텔경영학
32908,4,7,5,7,4,6,4,5,3,5,4,5,3,6,4,6,3,5,3,5,3,6,5,6,4,6,4,6,5,5,4,6,4,4,4,5,5,5,5,7,5,5,5,5,4,5,5,5,4,5,4,5,1,0,1,0,3,5,1,0,4,6,1,0,4,4,3,4,1,0,1,0,3,5,1,0,1,0,1,0,1,0,1,0,3,5,3,4,5,4,4,2,4,4,2,3,2,4,5,5,3,19,3,2,1,1,6,6,5,4,3,2,2,4,1,3,3,2,4,3,4,2,2,2,2,2,4,1,5,4,2,5,5,5,5,5,5,5,4,4,5,4,1,1,1,1,1,1,1,1,1,4,1,2,3,3,2,7,3,3,2,3,4,3,7,7,2,44,6,1,1,1,40,3400,2700,0,22202,직업상담사 전직지원전문가 변화고나리 NCS 업무 시스템 변경 희망 고용 안정 정보망 생애 경력 설계 프로그램 운영 도입 진행자 교육 이수 담당자 신규 채용 전직 스쿨 프로그램 운영 도입 진행자 교육 이수 온라인 교육 증가 취업 지원 서비스,경영학
32909,3,4,4,4,2,2,3,5,4,5,3,4,2,3,4,5,3,3,3,4,4,5,3,5,4,4,3,4,5,6,3,4,2,2,2,3,1,0,1,0,4,5,4,4,2,3,1,0,2,3,2,2,3,3,2,2,4,5,2,2,3,5,3,5,4,5,3,3,2,4,2,3,3,4,4,4,3,5,3,3,2,3,3,3,3,3,2,3,4,4,3,3,4,2,4,3,4,4,4,4,3,3,1,2,1,2,0,3,4,4,4,3,2,4,4,4,3,3,4,4,4,3,3,4,3,3,4,3,3,2,2,4,4,3,4,4,3,4,4,3,4,3,2,2,2,2,2,2,2,2,2,2,4,2,2,3,2,4,5,6,4,4,4,6,5,4,1,49,4,1,1,1,40,4800,3300,0,152201,금속재료산업기사 금속시험산업기사 금속 재료 산업 기술 확대,금속공학
32910,4,5,5,6,4,5,5,6,3,3,4,5,3,4,4,4,4,5,3,4,4,5,5,6,4,5,4,5,4,5,5,6,4,6,5,6,5,7,4,5,5,6,4,6,5,6,4,4,3,4,3,4,3,4,1,0,1,0,1,0,1,0,1,0,1,0,1,0,1,0,1,0,3,4,1,0,2,3,3,4,2,3,1,0,4,5,4,5,4,5,4,5,4,5,4,3,3,4,4,4,4,16,5,4,1,2,0,5,6,4,3,3,4,4,3,4,4,3,3,4,2,4,4,4,4,3,3,3,4,3,3,5,4,4,4,4,3,5,5,3,4,4,2,2,2,2,2,2,2,2,2,1,3,3,2,3,1,7,7,3,3,2,3,3,8,7,2,43,6,1,1,1,52,5500,4000,0,110105,심리학 석사학위 인공 지능 대체 불가,행정학
32911,1,0,1,0,2,4,2,3,1,0,1,0,1,0,4,4,3,4,2,4,1,0,1,0,3,3,2,4,1,0,1,0,1,0,1,0,1,0,1,0,1,0,1,0,3,3,1,0,1,0,2,2,1,0,1,0,2,4,1,0,1,0,1,0,1,0,2,2,1,0,3,3,2,2,3,4,4,4,4,4,5,6,4,4,3,5,2,3,3,2,3,2,2,1,2,2,2,1,2,1,2,8,1,3,2,1,2,2,2,2,1,1,2,2,2,2,3,2,3,2,4,2,1,3,2,4,3,5,4,4,4,4,3,4,4,3,4,5,4,3,4,3,2,2,2,2,2,2,2,2,2,1,1,2,2,2,2,6,7,7,4,2,3,7,5,2,1,27,2,1,2,2,48,2100,1900,0,624401,현장 경험 경기 불황,이과
32912,3,3,3,3,2,2,3,3,2,3,2,4,2,3,2,3,3,4,2,3,2,3,3,4,3,4,3,4,3,4,3,4,2,3,2,4,3,4,3,4,3,4,3,4,3,4,1,0,2,2,3,4,3,4,2,2,2,3,2,3,3,4,3,4,3,4,2,3,3,3,3,4,3,4,3,4,3,4,3,4,3,4,2,4,3,4,2,4,3,4,4,3,3,3,5,3,4,3,3,4,4,15,2,6,1,2,0,5,4,3,4,4,3,3,3,3,3,4,4,4,2,3,3,4,4,3,4,2,4,3,3,4,3,3,4,4,3,4,3,3,4,5,2,2,2,2,2,2,2,2,2,4,2,3,3,3,2,7,8,8,7,7,8,4,5,5,1,48,3,1,1,1,40,7000,3000,0,621301,철도운전면허 자동화 설비,전자계산기
32913,3,5,4,5,2,5,3,5,3,4,4,4,3,4,3,4,4,5,4,3,3,4,3,4,3,3,4,4,3,4,4,4,4,4,3,4,4,4,3,4,3,4,3,4,3,4,3,4,4,4,3,4,4,4,4,5,4,5,4,5,2,2,3,1,2,1,2,1,1,0,1,0,4,4,4,4,1,0,1,0,1,0,4,5,3,3,1,0,4,3,4,3,4,4,3,4,4,4,4,4,4,6,1,1,1,2,0,4,4,4,4,4,4,4,4,3,3,3,3,3,4,4,4,4,4,4,3,4,2,4,4,4,4,4,3,4,3,4,4,4,4,4,2,2,2,2,2,2,2,2,2,1,2,2,2,2,2,6,5,6,5,5,5,5,5,5,1,31,3,1,1,1,45,2100,1700,0,701602,건축기사 전통 가옥 선호,건축학
32914,2,2,3,3,3,3,2,2,1,0,3,3,4,4,4,6,4,5,3,3,4,4,2,2,3,5,4,5,4,5,4,4,3,3,1,0,1,0,4,3,4,4,4,4,1,0,1,0,4,4,4,3,4,5,4,5,4,6,4,5,4,5,3,3,5,6,4,5,4,4,5,6,4,5,4,5,4,4,3,3,3,3,3,4,3,4,4,5,3,3,4,4,4,3,4,3,3,4,4,2,3,3,1,2,2,2,0,7,2,4,4,4,4,3,3,3,9,4,4,4,2,3,3,4,4,3,4,3,4,4,4,4,2,4,3,4,4,5,4,3,5,3,2,2,2,2,2,2,2,2,2,2,2,2,3,3,2,9,8,9,5,5,5,5,5,2,1,51,2,1,1,1,52,4100,1850,0,882201,자동화 일자리,일반고 문
32915,3,4,3,3,3,4,4,3,2,3,3,4,3,3,2,2,3,3,3,4,1,0,1,0,3,3,2,2,3,4,4,4,4,5,3,3,2,3,4,5,3,3,3,3,2,2,3,3,3,3,3,4,1,0,1,0,1,0,1,0,3,3,1,0,1,0,1,0,1,0,3,4,2,2,2,3,2,3,1,0,2,2,3,3,2,2,3,3,5,4,3,2,3,3,2,4,3,3,3,2,5,7,1,2,2,1,3,6,2,2,2,2,3,3,2,1,3,3,4,3,3,3,2,2,3,2,1,2,2,5,3,4,4,2,2,2,5,5,1,3,3,4,2,2,1,2,2,1,2,2,2,1,3,1,2,2,2,7,4,3,7,8,9,8,7,5,1,49,3,1,1,1,40,3200,2800,0,614001,고객응대시 유의사항 코로나 자가진단 발열 체크 현재 상태 일자리 크게 변화,전기전자공
32916,4,2,5,2,1,0,2,3,2,2,1,0,1,0,1,0,5,4,4,4,3,4,2,4,4,5,3,4,4,4,4,4,1,0,1,0,1,0,5,5,4,4,3,4,5,4,1,0,1,0,1,0,1,0,1,0,1,0,1,0,1,0,1,0,1,0,1,0,1,0,1,0,1,0,1,0,1,0,4,4,4,4,4,4,5,5,2,4,3,2,3,4,4,5,4,3,2,2,4,2,4,9,1,2,2,2,0,3,1,4,2,2,2,3,3,4,3,4,5,4,2,3,4,5,4,4,5,4,4,4,2,4,4,3,2,2,3,4,3,2,3,5,2,2,2,2,2,2,2,2,2,1,5,1,1,1,1,8,8,9,7,6,4,4,5,5,1,31,3,1,2,2,50,2800,2300,0,532401,배달 주문,사회체육학
32917,2,3,3,3,3,4,3,3,4,4,3,2,5,4,2,3,4,3,3,4,3,3,2,3,4,4,3,3,4,2,4,5,4,4,3,2,3,4,3,4,4,5,3,4,3,4,3,4,3,1,3,4,4,4,2,2,4,4,4,5,2,2,3,5,4,3,4,3,3,3,3,3,3,2,3,2,3,1,3,2,2,4,3,4,3,3,2,3,3,3,3,3,4,3,3,4,3,3,3,4,3,6,1,2,2,2,0,3,2,4,4,4,4,3,2,4,3,3,3,3,2,4,4,3,4,4,3,3,4,3,2,4,4,3,4,3,4,4,3,3,4,4,2,2,2,2,2,2,2,2,2,1,3,2,2,2,2,6,6,5,6,5,6,6,6,5,1,30,2,1,1,1,42,3000,2300,0,701201,일이,인문
32918,1,0,2,1,1,0,1,0,1,0,1,0,1,0,2,2,2,2,1,0,1,0,1,0,2,2,1,0,1,0,1,0,1,0,1,0,2,1,1,0,2,2,1,0,1,0,1,0,1,0,1,0,1,0,2,2,3,3,4,5,1,0,1,0,1,0,3,4,4,5,4,4,2,2,2,4,3,3,1,0,2,2,2,2,2,2,1,0,3,2,2,3,2,2,3,2,3,2,2,2,2,14,1,2,1,2,0,1,2,3,2,2,4,3,3,3,9,9,9,3,2,4,4,4,4,3,3,2,3,3,4,3,4,3,3,2,3,4,3,3,4,3,2,2,2,2,2,2,2,2,2,1,2,3,3,3,2,8,7,7,7,3,3,3,4,5,1,43,3,1,3,2,48,3045,2700,0,811101,건설기계정비기능사자격증 자동화 기기,기계공학
32919,3,3,3,3,3,4,3,5,3,3,3,4,3,3,3,3,3,2,3,3,3,5,4,4,3,3,3,4,3,3,3,5,4,5,4,5,4,4,4,5,3,3,3,5,3,3,3,5,3,3,3,3,3,5,3,3,3,3,3,4,3,5,3,3,3,3,5,4,3,6,4,5,3,5,4,5,4,5,3,5,3,5,3,5,3,5,3,5,4,3,3,4,3,2,4,5,5,5,5,5,5,4,1,3,2,1,1,2,5,4,4,3,4,4,4,4,4,3,3,4,2,5,4,2,3,3,4,3,5,3,3,4,3,3,2,4,3,4,2,3,4,4,2,2,2,2,2,2,2,2,2,1,3,3,3,3,2,4,4,5,4,4,5,4,6,5,1,36,4,1,1,1,40,4200,3000,0,851101,현장 연수 실무교육 직업 포화상태,화학
32920,3,3,3,3,3,4,2,3,5,7,4,6,4,6,4,6,4,6,4,5,4,6,4,5,4,5,4,5,4,5,4,5,4,6,4,5,5,7,4,6,4,5,4,6,4,6,4,6,4,5,4,6,4,5,5,6,4,6,4,6,4,5,4,5,4,5,5,6,4,6,4,5,4,6,4,6,5,6,1,0,1,0,2,3,4,3,3,3,5,5,4,3,4,3,4,4,4,5,4,5,5,13,2,3,2,2,0,2,6,5,4,4,4,4,4,4,3,4,4,4,1,4,4,4,3,5,4,4,5,4,4,3,4,5,4,3,3,4,4,5,5,2,2,2,2,2,2,2,2,2,2,2,4,3,3,3,2,4,7,6,4,7,6,7,5,6,1,43,5,1,1,1,40,5800,5000,0,121106,여러가지 환경 응용 기상 대한 관심,기상학
32921,2,2,3,3,2,1,1,0,2,2,3,3,4,4,2,1,3,4,1,0,1,0,1,0,2,2,3,5,1,0,1,0,1,0,1,0,3,4,3,3,3,4,1,0,1,0,1,0,3,4,1,0,3,3,3,4,4,6,4,5,3,3,3,4,3,4,4,5,4,5,3,4,2,2,3,3,3,4,3,2,2,3,2,3,2,2,4,4,2,3,4,4,3,4,3,4,3,4,3,2,3,13,1,3,1,2,0,7,5,5,5,5,4,4,3,4,4,4,4,4,1,3,3,4,4,3,3,2,4,3,4,1,3,3,3,3,3,3,3,3,3,3,2,2,2,2,2,2,2,2,2,1,4,3,3,3,2,5,7,5,3,3,3,5,7,3,1,43,4,1,1,1,40,4000,2500,0,155305,소음진동기술사 공사 현장 증가 일자리 증가,건축공학
32922,4,3,4,4,3,3,2,2,1,0,2,1,4,4,2,2,2,1,1,0,1,0,2,2,2,2,2,3,2,3,2,2,2,2,1,0,3,3,1,0,1,0,2,4,2,1,1,0,2,1,1,0,1,0,1,0,2,1,1,0,3,3,1,0,1,0,1,0,1,0,1,0,2,2,1,0,1,0,1,0,1,0,1,0,1,0,1,0,4,3,4,4,4,3,4,4,4,3,3,4,4,18,1,2,2,2,0,4,5,4,2,2,4,4,3,4,3,4,3,4,3,4,3,4,4,3,4,3,4,3,4,4,4,5,4,4,5,4,4,4,4,4,2,2,2,2,2,2,2,1,1,1,4,3,3,3,1,8,2,2,6,3,6,7,2,3,1,33,4,1,1,1,48,3600,3000,0,24101,두뇌 싸움 시대,광고홍보학
32923,4,4,4,4,3,4,4,4,3,4,2,3,4,4,3,3,4,6,4,5,3,4,3,6,4,5,3,4,3,3,4,5,3,3,4,5,5,6,4,5,4,5,3,3,3,3,3,3,3,3,2,2,3,3,4,4,2,3,4,5,5,6,3,3,3,2,3,3,3,3,2,2,3,2,3,4,3,3,2,2,3,3,2,2,4,5,4,5,4,4,3,4,4,2,3,3,3,5,4,3,3,16,5,2,1,2,0,2,2,5,4,4,3,5,3,5,9,9,5,5,3,4,4,4,4,3,4,2,3,3,4,4,4,5,4,4,4,5,4,4,5,4,2,1,2,2,2,2,1,2,2,2,2,2,3,2,1,1,1,2,3,5,5,8,8,2,1,38,4,1,1,1,52,3800,2400,0,214201,워드1급자격증 정보처리기능사 컴퓨터 프로그램 도입 자동화 때문,대학교 경영학
32924,4,5,4,5,5,5,5,6,5,6,4,5,5,6,5,6,4,5,4,5,4,5,5,5,4,5,4,5,4,5,4,5,4,5,4,5,5,7,5,6,5,6,4,5,5,6,2,2,3,4,2,2,1,0,1,0,1,0,1,0,1,0,1,0,1,0,1,0,1,0,1,0,1,0,2,2,2,2,2,2,2,2,2,2,4,5,4,4,4,4,4,3,3,3,4,4,3,3,4,4,3,16,5,2,2,2,0,4,5,4,4,4,4,4,3,4,3,4,4,3,3,4,4,4,4,4,3,3,4,4,2,3,3,3,4,4,3,3,4,4,4,3,2,2,2,2,2,2,2,2,2,1,3,3,3,3,2,6,5,5,4,5,6,6,5,6,2,40,4,1,1,1,40,3000,2000,0,214501,공란,국어국문
32925,3,3,2,2,1,0,3,3,1,0,3,3,1,0,1,0,4,4,2,2,1,0,4,5,5,5,4,4,2,1,1,0,1,0,1,0,2,2,1,0,1,0,1,0,4,4,1,0,1,0,1,0,3,4,2,2,3,4,2,1,2,2,1,0,1,0,1,0,1,0,1,0,1,0,1,0,1,0,3,4,2,1,2,3,3,4,3,2,3,2,3,4,4,3,2,4,2,3,2,3,4,10,1,4,2,2,0,4,4,4,4,4,4,4,4,4,9,9,3,3,3,2,3,3,2,2,3,2,3,4,4,5,4,5,4,4,5,4,4,3,5,5,2,1,1,2,2,1,2,2,2,2,4,1,1,1,2,8,8,7,2,2,3,8,2,2,1,29,4,1,1,1,55,3200,2800,0,420202,지능 컴퓨터 도입 게임 인구,컴퓨터공학
32926,3,4,4,4,3,3,3,4,3,4,4,4,1,0,4,4,4,4,3,4,3,4,4,4,4,4,4,4,3,4,2,3,2,3,2,3,4,4,3,4,4,5,5,5,4,4,3,5,3,4,3,4,4,4,3,4,5,5,4,4,3,3,4,4,3,4,4,4,3,4,4,4,3,4,4,4,5,5,5,5,3,4,4,4,4,4,3,4,4,3,3,3,4,1,3,5,3,3,4,4,4,8,1,4,1,1,1,6,3,4,3,3,4,4,3,3,2,3,4,3,3,4,3,3,3,2,3,4,4,5,3,4,3,2,2,3,3,4,3,4,5,4,2,2,2,2,2,2,2,2,2,3,4,3,3,3,2,6,7,3,5,6,5,4,4,5,1,33,4,1,1,1,40,4500,3500,0,621203,해기사 안전교육 직무교육 선박 장비 기술 발달 인력 감소 예상,해양공학
32927,2,2,2,2,2,1,2,2,2,2,3,3,1,0,3,4,2,3,1,0,1,0,3,4,2,3,1,0,1,0,1,0,1,0,1,0,3,4,1,0,2,3,3,5,1,0,2,2,3,4,4,5,4,5,3,4,3,4,3,3,4,5,3,4,3,4,4,5,4,5,3,4,2,2,2,2,3,3,3,3,3,4,2,3,3,4,2,3,4,3,2,5,3,2,5,4,2,3,2,4,3,13,1,3,1,2,0,7,5,4,4,4,4,4,3,3,3,3,3,3,3,4,3,4,4,2,2,2,4,4,4,1,4,4,2,2,3,4,3,3,4,3,2,2,2,2,2,2,2,2,2,1,4,3,3,3,2,7,7,4,6,5,7,5,5,5,1,44,4,1,1,1,40,4792,2700,0,155302,수질환경기술사 폐수 증가 수질 오염 일자리 증가,환경공학
32928,2,2,2,2,1,0,1,0,1,0,2,2,1,0,1,0,2,2,2,3,2,2,1,0,1,0,1,0,1,0,1,0,1,0,1,0,1,0,2,2,3,3,1,0,2,3,1,0,1,0,1,0,2,3,1,0,2,2,4,4,1,0,1,0,3,3,3,3,4,4,4,4,1,0,3,3,2,2,1,0,2,2,2,2,2,2,2,2,2,3,4,3,3,2,3,4,3,3,2,2,3,14,1,6,1,2,0,3,3,3,3,2,4,3,3,3,3,3,4,3,3,2,1,4,4,3,4,3,2,3,3,5,3,3,4,4,4,5,3,3,5,5,2,2,2,2,2,2,2,2,2,1,3,3,3,3,2,5,5,4,4,4,4,4,4,5,1,28,3,1,1,1,40,2800,2800,0,842101,무선설비 기능사 무선설비 산업기사 기술 변황 영향,전기전자과
32929,1,0,1,0,1,0,1,0,1,0,3,4,1,0,3,3,1,0,1,0,1,0,1,0,3,3,1,0,2,2,3,3,2,2,4,5,1,0,2,2,4,5,4,5,3,4,1,0,1,0,1,0,3,3,3,3,4,5,3,3,1,0,1,0,5,5,2,2,4,3,2,2,3,3,1,0,2,2,2,2,1,0,1,0,3,3,2,2,2,3,3,4,4,3,2,3,3,2,4,4,4,8,1,2,2,1,1,3,2,4,4,4,4,4,3,5,5,4,4,5,3,3,3,4,4,3,5,4,3,3,4,3,3,2,4,4,3,3,4,4,4,3,2,2,2,2,2,2,2,2,2,3,3,2,2,2,2,6,7,6,4,4,4,5,5,5,1,55,2,1,1,1,40,4900,3200,0,624301,기초안전교육 어선 유지,기계
32930,3,4,3,3,3,4,3,3,3,4,2,3,2,2,2,3,2,3,2,2,2,2,3,5,3,5,2,2,2,3,2,2,2,3,2,3,3,4,2,3,3,4,2,3,2,3,2,2,1,0,1,0,1,0,1,0,1,0,1,0,1,0,1,0,1,0,1,0,1,0,1,0,1,0,1,0,1,0,1,0,2,2,1,0,2,3,2,2,3,3,2,2,2,2,3,2,2,2,3,2,2,16,5,3,2,2,0,2,5,4,3,4,4,4,4,4,9,4,4,4,4,3,3,3,4,3,3,4,3,3,3,2,3,4,3,3,2,3,4,3,3,3,2,2,2,2,2,2,2,2,2,3,2,2,2,2,2,3,4,5,4,3,4,3,4,3,1,47,4,1,2,2,16,2200,1800,0,212901,인구 감소 학생 감소,영문학
32931,3,2,3,4,3,1,3,3,3,4,3,2,3,1,3,2,3,3,3,4,3,2,3,3,3,3,3,4,3,2,3,3,3,2,3,1,3,4,3,2,3,5,3,4,3,3,3,2,3,3,3,3,3,3,3,1,3,2,3,1,3,1,3,4,3,3,3,1,3,4,3,5,3,3,3,1,3,2,3,1,3,1,3,1,3,2,3,1,3,2,4,2,3,4,3,3,2,2,2,2,2,14,1,2,2,2,0,7,2,2,2,3,4,3,2,3,3,2,3,3,3,2,2,3,3,4,2,4,3,4,2,3,2,4,3,2,2,4,3,3,4,4,2,2,2,2,2,2,2,2,2,4,2,3,3,3,2,7,6,5,4,4,5,5,4,5,2,48,2,1,1,1,45,2750,2100,0,562101,중앙 시스템 통제,이과
32932,4,6,4,6,3,4,4,6,2,2,5,7,2,3,5,7,2,3,2,2,2,2,2,3,2,3,2,3,2,3,2,3,2,3,2,2,2,3,2,3,3,5,4,6,3,6,2,2,2,2,2,3,2,2,2,2,2,2,2,2,2,2,2,2,2,2,2,2,2,2,2,2,2,2,2,2,2,3,2,2,2,2,2,2,2,3,2,2,4,4,3,3,4,4,3,2,3,4,4,4,3,15,2,4,2,2,0,4,6,4,4,4,5,4,4,5,4,4,5,5,1,5,4,4,4,2,4,3,2,4,4,5,4,4,4,4,5,5,4,4,5,3,2,2,2,2,2,2,2,2,2,2,4,3,3,3,2,7,7,4,5,6,5,3,8,7,1,39,6,1,1,1,40,7500,4000,0,221101,소송 수가,법학
32933,3,4,3,4,1,0,1,0,3,3,2,2,1,0,1,0,1,0,1,0,3,3,1,0,1,0,4,5,1,0,1,0,1,0,1,0,1,0,1,0,4,4,4,4,1,0,1,0,1,0,1,0,3,4,1,0,4,4,1,0,3,2,1,0,4,4,1,0,2,2,3,4,1,0,1,0,1,0,1,0,1,0,1,0,2,1,1,0,3,3,2,3,3,3,4,2,3,2,3,4,3,5,2,3,1,1,6,7,2,4,4,4,4,4,4,4,4,4,4,4,2,4,4,4,3,4,2,2,4,4,4,4,4,4,4,3,3,4,3,3,4,3,2,2,2,2,2,2,2,2,2,1,3,1,1,1,1,6,8,7,7,6,4,4,3,4,1,52,4,1,1,1,52,5000,3000,0,16201,상하수도기술사 상수도협회 법정교육 관리 사람 직접,토목공학
32934,5,6,4,5,4,5,4,5,3,4,4,5,4,5,3,4,4,5,4,5,3,4,4,5,4,6,4,5,4,5,4,6,5,6,4,6,3,4,3,4,3,5,4,6,4,5,4,5,2,2,2,3,1,0,1,0,1,0,1,0,4,6,1,0,2,3,1,0,1,0,1,0,1,0,1,0,1,0,1,0,2,2,2,3,4,5,4,5,5,4,4,4,4,3,4,4,3,4,4,4,4,13,2,2,2,2,0,7,4,5,4,4,3,4,3,5,4,4,4,4,2,4,4,4,4,5,4,3,4,4,4,4,4,3,3,4,4,5,5,4,5,3,2,2,2,2,2,2,2,2,2,1,4,2,2,3,1,8,9,2,5,5,5,5,8,2,1,50,4,1,1,1,52,6400,2800,0,412001,대체 사건 사고,경영학
32935,2,3,3,4,3,4,3,4,3,4,2,2,1,0,3,4,3,4,3,4,2,3,2,3,4,5,2,3,4,5,4,5,2,2,2,2,3,4,2,3,2,3,1,0,1,0,1,0,1,0,1,0,1,0,1,0,1,0,1,0,2,3,1,0,1,0,1,0,1,0,1,0,1,0,1,0,1,0,1,0,1,0,1,0,3,4,3,4,2,3,4,2,4,3,3,4,3,3,4,3,3,14,1,4,2,2,0,3,2,3,3,3,3,3,3,3,3,4,4,3,3,3,3,2,3,2,3,4,4,5,2,5,3,4,5,5,3,5,4,3,5,4,2,2,2,2,2,2,2,2,2,3,1,2,2,2,1,5,6,9,5,8,9,1,1,2,2,37,2,1,2,2,40,2800,2000,0,562401,자동 터그 방식,문과
32936,5,6,5,6,1,0,1,0,3,3,4,4,5,5,4,4,1,0,3,3,4,4,3,3,5,5,5,7,4,5,4,4,1,0,1,0,2,2,1,0,3,3,5,5,4,5,1,0,1,0,1,0,1,0,1,0,1,0,1,0,1,0,1,0,1,0,1,0,1,0,1,0,1,0,4,5,4,4,4,4,5,6,4,5,4,5,4,5,4,2,4,4,5,1,1,4,3,3,4,4,4,15,2,5,2,2,0,5,2,4,4,4,2,4,3,4,9,4,4,4,4,4,4,4,4,4,2,3,3,5,3,4,4,4,3,3,3,4,4,3,5,4,2,2,2,2,2,2,2,1,1,1,3,3,3,3,2,8,8,8,2,2,5,5,3,2,2,26,2,1,3,2,50,3100,2500,0,420201,성적 압박 인기 스포츠 희망 선수 계속,인문계
32937,3,3,3,5,2,2,3,3,1,0,2,2,3,3,2,2,3,6,2,2,2,1,3,6,3,3,4,5,3,2,3,2,2,2,3,2,3,3,3,5,2,2,2,1,3,2,1,0,2,1,2,1,2,2,1,0,1,0,2,1,2,2,2,1,2,1,2,1,2,2,2,1,2,2,1,0,2,1,3,4,3,4,1,0,3,4,4,6,4,3,4,3,4,4,2,4,3,3,3,4,4,18,2,2,2,1,6,6,6,4,3,3,4,4,3,4,3,4,4,4,2,3,3,3,2,2,3,4,3,4,2,3,4,4,3,4,4,3,2,4,3,4,2,2,2,2,2,2,2,2,2,1,3,3,3,3,2,8,5,7,3,2,2,8,7,5,1,33,5,1,3,2,40,3000,2700,0,414602,계속 연습해야 한다 예술 대체,음악학
32938,2,2,3,3,2,1,3,2,1,0,1,0,1,0,1,0,2,2,1,0,1,0,1,0,1,0,2,1,3,2,2,1,4,4,4,4,3,2,2,2,3,3,2,3,3,3,1,0,1,0,1,0,1,0,1,0,1,0,1,0,1,0,1,0,1,0,1,0,1,0,1,0,2,1,1,0,1,0,2,2,2,1,1,0,2,1,2,1,3,4,3,2,3,1,1,3,2,3,3,2,4,7,1,1,2,1,2,2,2,4,4,2,4,4,4,4,4,4,4,4,3,4,4,4,3,2,2,3,3,4,4,4,3,4,4,4,4,5,4,4,4,4,2,2,2,2,2,2,2,2,2,1,3,3,2,2,1,7,3,5,8,3,8,7,4,7,1,56,2,1,1,1,45,3600,2000,0,612401,직무교육 기계 대체 불가,기계공고
32939,4,6,4,5,2,3,3,4,3,4,2,2,3,4,3,4,3,5,2,2,2,2,2,2,2,3,2,3,3,5,2,2,2,3,2,2,3,5,2,4,2,2,3,6,3,6,3,5,2,4,4,7,2,2,2,2,2,2,2,2,2,3,2,2,2,2,2,2,2,2,2,2,3,5,2,2,2,2,2,2,2,2,2,2,2,2,2,3,4,4,3,3,4,3,2,2,3,4,4,4,4,16,5,4,2,2,0,5,6,5,2,3,5,3,3,5,9,9,4,5,1,5,4,3,3,2,4,3,4,4,4,4,5,4,4,4,5,4,4,4,5,2,2,2,2,2,2,2,2,2,2,2,2,3,3,3,2,6,4,3,4,5,6,7,5,5,1,68,4,1,1,1,40,9500,7800,0,13204,정부 대학 통패합 방안 대학 수가,법학
32940,3,4,2,3,2,3,3,3,3,3,2,2,2,3,3,6,2,3,3,4,2,4,4,6,4,5,3,4,2,3,1,0,3,4,5,4,5,4,1,0,4,4,3,3,2,6,3,3,3,4,3,6,2,2,1,0,2,2,1,0,2,2,1,0,2,2,2,2,1,0,1,0,2,2,1,0,1,0,4,4,4,3,3,3,3,3,3,3,4,3,2,4,4,4,4,4,4,4,4,2,4,16,5,3,1,1,2,6,5,4,4,4,2,4,3,4,3,4,4,4,2,4,4,4,4,4,4,3,3,3,4,4,4,4,4,4,4,4,4,3,4,3,2,2,2,2,2,2,2,2,2,1,1,3,3,3,1,5,5,6,4,4,4,5,6,6,2,58,4,1,1,1,40,7150,6850,0,13202,초등학교1 2급정교사 교직실무연수 폐교 증가 일자리 부족 현사 온라인 형태 수업 증가,윤리교육
32941,5,5,4,5,3,5,3,5,4,6,4,5,3,3,4,3,4,4,4,5,4,4,3,5,4,5,4,4,4,5,5,6,5,6,4,6,4,4,3,6,4,5,5,4,3,5,3,4,2,4,4,5,2,3,2,5,1,0,2,4,4,6,1,0,2,4,3,5,2,3,1,0,3,4,1,0,2,4,1,0,2,4,3,5,4,4,2,4,4,4,3,4,4,3,5,2,4,4,4,4,2,17,1,1,1,2,0,6,5,5,5,4,4,5,4,5,9,9,9,5,1,5,4,4,3,4,4,2,5,3,5,3,5,4,4,4,4,4,4,4,3,4,1,2,2,2,2,2,2,2,2,1,4,3,3,3,2,6,5,6,3,3,3,5,3,5,2,48,4,2,5,1,40,0,0,6000,303002,한약사자격증 자동 계량기 도입 연령 차별 고용 평등,한약학
32942,5,6,5,4,4,6,5,7,4,6,5,6,5,6,5,7,5,6,5,6,4,5,4,4,5,7,5,6,5,7,5,7,4,6,5,5,3,4,4,6,4,5,4,6,5,6,4,6,4,6,4,6,4,6,4,6,4,6,4,6,4,6,5,6,4,6,4,5,4,6,4,5,4,5,5,7,4,6,5,6,5,7,5,6,4,5,5,6,4,5,5,5,5,5,2,4,4,4,4,4,4,18,4,1,2,1,5,6,3,5,2,2,2,5,3,2,2,3,3,3,2,4,4,4,4,4,4,5,4,3,2,4,4,5,4,4,4,4,5,3,5,5,2,2,2,2,2,2,2,2,2,1,3,2,2,2,1,4,5,5,5,5,5,5,5,5,2,25,3,2,6,1,15,0,0,1500,416201,노래 연기 무용 기계 대체 불가,모델학
32943,5,7,4,7,3,4,3,3,4,4,4,5,3,3,2,4,3,3,2,3,3,4,1,0,1,0,1,0,1,0,4,5,3,4,1,0,1,0,2,3,3,5,4,6,3,3,1,0,1,0,1,0,5,6,5,6,4,6,4,6,4,6,5,5,4,5,1,0,1,0,1,0,1,0,3,4,1,0,1,0,2,2,2,1,2,3,2,2,4,2,2,4,4,2,3,3,3,5,4,5,5,3,1,5,2,2,0,6,6,4,5,4,4,4,4,4,5,5,4,4,4,4,4,4,5,4,4,3,4,4,4,4,5,4,4,4,5,4,5,4,5,3,2,2,2,2,2,2,2,2,2,2,4,3,3,3,2,7,5,4,3,4,4,5,7,7,1,43,5,1,1,1,40,5900,3800,0,122101,의료 기술 생명과학 분야 수요 증가,생명과학
32944,4,5,4,6,4,5,2,4,4,6,5,5,4,5,4,5,2,4,4,5,4,5,4,6,4,5,3,5,3,4,4,5,3,4,2,3,2,5,2,5,5,6,4,5,4,6,3,5,4,5,3,4,5,6,4,5,4,6,4,5,4,5,4,4,4,4,4,5,3,5,4,5,3,5,3,4,3,5,3,4,3,5,2,3,3,4,3,4,4,4,3,4,3,4,4,3,3,4,4,4,3,6,1,5,1,2,0,4,5,4,3,2,3,4,3,3,3,3,4,3,3,4,3,4,3,2,2,3,3,5,4,5,4,3,3,3,3,5,4,3,5,4,2,2,2,2,2,2,2,2,2,2,2,2,2,2,1,7,7,6,4,3,7,3,5,7,1,42,4,1,1,1,40,6500,3300,0,151102,생산자동화산업기사 생산 시설 자동화 전기차 자율 주행 차등 대체 교육인 감소,에너지공학
32945,3,3,2,3,3,4,4,5,1,0,1,0,1,0,1,0,1,0,1,0,1,0,4,4,1,0,1,0,3,2,2,1,1,0,1,0,2,2,1,0,1,0,1,0,1,0,1,0,1,0,1,0,1,0,2,2,1,0,1,0,1,0,1,0,1,0,1,0,1,0,1,0,1,0,1,0,2,2,1,0,1,0,2,3,3,4,2,4,2,2,3,2,2,3,4,3,2,2,3,2,2,16,5,2,1,1,3,5,4,3,4,5,5,3,4,4,3,4,4,3,2,2,4,4,3,2,4,3,4,2,2,4,4,4,4,4,4,5,4,4,4,4,2,2,2,2,2,2,2,2,2,2,2,3,2,2,2,7,7,4,3,3,4,6,4,3,2,36,4,1,3,2,37,1400,1200,0,212901,교원 자격증 컴퓨터 이론과 실기 파트타임 근무 인력,영어영문학
32946,3,3,2,3,2,2,3,3,1,0,3,3,1,0,4,4,4,4,3,3,3,4,1,0,3,3,4,4,1,0,1,0,1,0,1,0,2,2,4,4,3,4,3,4,2,2,1,0,2,2,3,3,3,3,1,0,3,4,3,3,3,4,1,0,3,4,2,3,1,0,1,0,1,0,1,0,1,0,3,4,1,0,1,0,3,3,2,2,4,4,5,3,4,3,5,4,3,4,3,4,5,13,1,2,2,2,0,7,5,4,4,4,4,5,4,3,4,4,4,3,3,4,3,3,4,3,4,3,3,3,3,4,5,4,4,4,5,5,4,4,5,4,2,2,2,2,2,2,2,2,2,1,4,2,2,2,2,3,2,3,2,3,2,8,7,7,1,27,4,1,1,1,40,2800,2600,0,155304,환경 단체 정부 기관,환경공학
32947,4,5,4,5,4,5,4,5,4,5,4,5,3,4,3,3,5,5,3,5,3,5,5,5,4,4,5,6,4,4,3,4,4,5,5,5,4,4,3,5,4,4,5,5,5,5,5,5,4,6,4,5,5,5,3,5,5,4,5,5,4,6,5,6,5,5,5,5,5,6,5,4,4,5,4,4,4,5,4,5,4,6,3,4,4,4,3,4,4,2,2,2,3,1,1,2,2,4,3,3,2,9,1,4,2,2,0,3,4,3,3,3,3,3,3,3,3,3,3,3,3,3,3,3,3,2,3,4,3,4,3,3,3,3,3,3,4,4,4,4,4,3,2,2,2,2,2,2,2,2,2,2,3,2,2,2,2,7,5,6,6,4,5,6,4,5,2,31,3,1,1,1,40,2950,2290,0,28301,재료 산업 성장 고용 유지,경영학
32948,4,4,4,5,4,4,4,4,3,4,4,4,1,0,3,3,4,4,3,4,3,4,3,5,4,5,3,3,5,5,3,5,4,4,2,4,2,4,3,5,3,4,2,3,2,3,1,0,2,3,1,0,3,3,1,0,3,4,1,0,3,4,1,0,3,4,3,4,2,3,2,3,1,0,4,5,4,4,1,0,1,0,3,4,4,4,3,3,4,4,2,3,4,2,4,3,3,4,5,4,3,17,1,3,1,1,2,2,4,4,4,4,4,4,3,4,2,3,4,3,3,4,4,3,3,2,3,2,4,4,2,4,3,3,4,4,4,4,3,3,4,3,2,2,2,2,2,2,2,1,1,2,3,1,2,3,2,6,5,5,4,4,5,4,4,6,2,59,4,1,1,1,40,4000,2800,0,301004,간호사자격증 환자들의 대응방법과 처치 코로나 소독 방역 대한 스트레스 환자 대응 대체 영역 수효 때문,간호학
32949,4,5,4,5,3,4,3,5,2,3,4,5,1,0,5,6,4,4,1,0,3,4,4,5,3,4,4,5,3,5,4,5,3,5,1,0,5,4,4,5,3,4,3,5,4,4,3,4,4,5,4,5,1,0,1,0,1,0,1,0,3,4,4,5,1,0,1,0,1,0,1,0,3,4,1,0,1,0,1,0,1,0,1,0,3,3,4,4,4,5,4,4,5,4,5,3,5,4,4,5,4,16,5,3,1,2,0,7,5,4,4,4,4,4,4,4,3,4,4,4,2,4,4,5,4,5,5,3,4,1,3,5,3,4,4,5,4,4,4,3,4,5,2,2,2,2,2,2,2,2,2,1,2,3,3,3,2,4,5,3,4,4,3,6,3,5,2,55,4,1,1,1,40,7500,6000,0,13202,정교사자격증 출산율 감소 학교,교육학
32950,3,4,4,5,4,5,2,3,4,5,4,5,4,5,4,5,3,4,1,0,1,0,2,2,3,4,3,4,4,5,3,4,5,7,5,7,5,7,5,7,5,7,4,6,4,6,1,0,1,0,1,0,1,0,1,0,1,0,1,0,1,0,1,0,1,0,1,0,1,0,1,0,1,0,1,0,1,0,2,2,1,0,1,0,3,4,3,4,4,3,4,3,4,3,3,3,4,3,4,3,3,17,1,3,1,2,0,7,5,3,4,3,4,4,3,4,4,5,4,4,4,3,3,4,3,4,4,5,4,4,4,3,3,3,4,4,4,4,3,5,4,4,2,2,2,2,2,2,2,2,2,1,2,2,2,2,1,7,6,7,7,8,6,7,6,6,2,38,5,1,1,1,40,3300,2200,0,306903,아동치료사 인구 감소 추세,사회복지학
32951,4,4,4,4,3,4,3,4,4,5,4,4,4,4,3,4,3,4,3,5,3,4,3,4,3,4,4,4,3,4,4,4,4,4,4,4,3,4,4,4,3,3,4,5,4,5,3,3,3,4,3,4,3,4,4,5,4,4,4,4,5,5,4,4,5,4,4,5,4,4,5,5,4,4,4,5,4,4,4,5,4,5,4,4,4,4,3,4,3,4,5,4,4,4,4,4,4,3,4,3,3,10,1,2,2,2,0,6,4,4,3,4,4,4,4,3,3,4,3,3,3,3,3,4,3,3,4,3,4,3,4,3,4,4,4,3,3,4,4,3,4,4,2,2,2,2,2,2,2,2,2,2,2,3,3,3,1,4,5,4,4,5,4,4,5,4,1,27,2,1,1,1,48,2900,2500,0,420202,컴퓨터,콘텐츠학
32952,4,5,3,5,4,5,4,5,3,4,4,5,4,5,3,4,3,4,3,4,4,5,3,4,4,5,3,4,4,5,4,5,4,5,4,4,4,5,4,5,3,3,4,5,4,5,4,4,4,4,4,5,2,3,2,2,2,2,2,2,2,3,3,3,4,4,2,2,2,2,2,2,2,2,4,4,3,4,3,4,4,4,3,4,3,4,3,3,4,4,3,3,4,4,3,4,4,3,4,4,4,19,1,1,2,2,0,3,5,4,4,3,4,4,4,5,5,4,3,3,4,3,4,2,3,4,3,4,3,4,4,3,4,4,3,4,4,3,3,4,4,4,2,2,2,2,2,2,2,2,2,2,3,3,3,3,2,3,5,7,6,5,5,6,5,6,2,34,3,1,1,1,40,4000,3000,0,222001,변화,요리학
32953,1,0,4,6,2,5,3,6,2,5,3,5,2,6,3,5,4,6,4,6,4,5,2,4,4,5,4,5,4,5,4,5,3,5,4,5,3,5,5,6,3,4,4,6,4,6,4,5,4,6,5,6,3,4,3,5,2,2,3,3,4,6,4,6,2,3,4,3,2,2,2,2,4,6,3,4,4,6,5,6,5,5,5,6,4,4,3,4,5,4,3,3,3,1,3,4,2,3,3,3,3,9,1,3,2,2,0,4,4,4,3,3,4,3,3,3,3,4,4,3,3,3,2,5,3,3,3,1,2,3,5,4,3,4,3,1,3,5,3,3,4,5,1,2,1,1,2,2,2,2,2,2,1,2,2,2,1,8,7,8,4,3,5,3,4,3,2,35,3,1,1,1,50,4200,2700,0,14201,상품 개발 대면 사회 변화,호텔경영학
32954,1,0,1,0,1,0,1,0,1,0,1,0,1,0,3,4,1,0,1,0,1,0,1,0,2,4,1,0,1,0,1,0,1,0,1,0,1,0,1,0,3,5,2,4,1,0,1,0,3,4,1,0,3,4,3,4,3,4,1,0,1,0,3,5,5,5,2,4,3,4,3,4,1,0,1,0,1,0,1,0,4,5,1,0,1,0,1,0,4,3,3,3,2,2,2,4,3,3,3,2,2,3,1,5,2,2,0,7,2,4,3,3,4,3,3,4,3,3,3,3,2,4,4,4,3,4,2,3,3,3,3,4,4,5,3,3,4,5,2,3,3,4,2,2,2,2,2,2,2,2,2,1,3,2,2,2,2,7,8,6,4,3,3,8,3,4,1,35,2,1,1,1,45,3500,2500,0,852101,기계 사람,기계
32955,2,1,1,0,1,0,1,0,2,1,2,2,2,1,3,5,3,5,1,0,3,5,4,3,3,3,3,5,1,0,2,2,1,0,1,0,3,4,1,0,3,4,3,5,3,5,1,0,3,5,2,2,3,5,4,4,5,6,4,5,3,2,3,5,4,3,3,4,2,3,2,3,2,3,4,3,3,3,2,2,1,0,1,0,4,6,3,1,4,2,3,5,4,4,4,3,4,4,3,4,4,3,1,2,1,2,0,3,5,4,4,3,4,4,3,5,3,4,4,4,2,4,4,3,2,2,3,2,4,3,4,4,3,4,3,3,4,4,3,3,4,4,2,2,2,2,2,2,2,2,2,1,3,3,3,3,1,3,2,3,4,5,4,4,5,4,1,44,4,1,1,1,40,4800,3200,0,153202,반도체기사 전자기사 기계 대체 불가,반도체공학
32956,3,5,3,4,1,0,1,0,5,5,4,4,5,6,4,6,3,5,2,4,3,5,3,4,4,5,3,6,1,0,4,6,1,0,1,0,2,5,1,0,5,5,3,6,3,5,3,5,5,5,4,5,4,7,4,6,5,6,2,4,2,4,5,6,3,4,4,5,3,4,4,5,1,0,3,4,2,4,1,0,1,0,1,0,3,5,1,0,3,3,2,5,4,4,3,2,4,4,4,3,3,3,1,3,1,2,0,2,4,5,4,4,5,4,4,3,4,5,4,4,2,4,4,3,4,4,5,3,4,4,4,3,4,4,4,4,4,5,4,5,4,4,2,2,2,2,2,2,2,2,2,2,2,3,3,3,2,3,6,6,6,8,7,4,5,5,1,34,4,1,1,1,40,4500,3300,0,154201,화학분석기능사 산업기사 화공기사 실험 장비 자동화 수요 감소,화학공학
32957,3,4,3,4,1,0,3,4,1,0,1,0,3,5,2,3,2,4,2,4,2,3,4,5,2,4,1,0,3,5,3,4,3,5,2,4,1,0,4,4,3,4,2,3,3,4,3,4,1,0,1,0,1,0,1,0,1,0,1,0,1,0,1,0,1,0,1,0,1,0,1,0,1,0,2,3,5,4,2,3,4,4,3,4,2,4,2,4,3,4,4,2,3,1,1,4,3,3,4,4,4,19,4,1,2,2,0,7,1,2,2,2,4,2,2,2,9,9,9,2,2,4,3,4,4,2,3,2,3,3,3,4,3,3,3,3,4,4,4,3,4,5,2,2,2,2,2,2,2,2,2,2,4,3,3,3,2,7,7,6,3,3,3,3,3,6,2,63,2,1,4,2,32,1500,1200,0,550201,맞벌이 부부 증가 계속 것이므,인문계
32958,3,5,3,4,3,4,3,5,3,4,2,5,3,4,1,0,3,5,3,5,4,5,3,5,3,5,3,4,3,4,3,5,3,5,3,5,3,5,3,5,3,4,3,4,3,5,3,5,3,5,3,3,2,4,3,4,3,4,3,5,3,4,3,4,3,4,3,5,3,5,3,5,2,4,3,5,3,5,2,4,3,4,3,3,4,4,2,2,3,3,4,3,3,3,2,4,3,3,3,2,3,13,1,1,2,2,0,7,4,4,3,3,4,4,4,3,3,4,4,3,3,2,2,3,3,2,3,2,2,3,5,4,2,3,3,3,2,4,2,3,4,3,2,1,2,2,2,2,2,2,2,3,2,2,2,2,2,9,7,8,3,4,4,3,3,5,2,26,3,1,1,1,40,2300,1800,0,415503,영상 편집 프로그램 도입 인공 지능 기술 발달 영상 작업 대체,미디어영상
32959,4,4,3,5,3,3,2,2,3,4,2,3,4,5,3,4,2,2,4,5,3,4,4,5,4,5,3,4,2,3,4,4,3,4,3,4,3,3,2,3,2,3,3,4,2,3,3,3,3,3,2,3,3,4,4,5,3,4,3,4,5,6,3,3,5,6,4,5,4,5,4,5,4,5,3,4,4,4,4,5,3,4,2,2,2,3,2,3,3,3,3,3,4,3,4,4,4,3,3,3,2,3,1,3,1,2,0,6,5,3,3,4,3,3,3,5,5,5,4,5,3,3,4,3,4,4,3,4,3,3,4,5,4,4,4,4,4,4,3,4,4,4,2,2,2,2,2,2,2,2,2,3,3,3,3,3,2,7,6,5,5,5,5,7,6,6,2,28,4,1,1,1,40,3500,3200,0,134301,컴퓨터활용능력2급 변화,컴퓨터공학
32960,2,2,2,2,2,2,2,2,2,2,1,0,1,0,4,4,3,4,3,4,1,0,3,4,4,5,2,3,1,0,3,4,1,0,1,0,2,2,3,4,3,3,4,5,4,5,1,0,3,4,1,0,3,3,2,2,2,2,2,2,1,0,3,4,2,2,3,4,3,3,3,3,3,3,3,4,3,4,3,4,3,4,3,3,3,4,3,3,2,2,3,3,3,3,3,2,2,2,2,1,3,3,1,2,2,2,0,5,2,2,2,1,4,3,2,3,2,3,3,3,4,3,2,4,3,4,3,2,3,4,2,4,3,4,3,3,4,4,3,2,4,3,2,2,2,2,2,2,2,2,2,1,3,3,3,3,2,3,4,6,3,6,5,8,4,5,1,40,4,1,1,1,50,3500,2900,0,872301,가공 식품 등장,미생물학
32961,1,0,1,0,1,0,1,0,1,0,1,0,1,0,4,4,3,4,3,4,1,0,1,0,3,4,4,6,1,0,1,0,1,0,1,0,2,2,1,0,3,3,2,3,3,3,1,0,3,4,1,0,2,3,3,4,5,6,3,4,1,0,3,3,3,3,3,3,3,4,3,3,3,5,3,3,3,4,3,3,3,5,3,4,3,3,3,4,4,3,4,4,4,4,3,4,3,4,4,3,4,1,1,2,2,1,1,1,2,4,3,2,4,3,4,3,4,4,3,3,3,3,4,3,3,4,3,4,4,3,3,4,3,3,4,3,3,4,3,4,4,3,2,2,2,2,2,2,2,2,2,1,2,2,2,3,2,4,5,3,7,4,5,5,5,5,1,58,2,1,1,1,48,5000,3500,0,624301,인사관리 생산 감소,인문계이과
32962,5,5,5,5,5,7,5,5,3,5,5,6,5,6,3,5,4,6,3,5,3,4,3,5,5,5,2,4,4,4,4,5,4,5,5,6,3,5,4,5,4,5,4,5,4,6,4,5,3,3,4,2,4,4,1,0,3,4,1,0,4,3,1,0,2,3,2,2,1,0,1,0,1,0,1,0,2,2,3,3,3,3,3,4,2,4,2,3,5,4,3,2,3,2,5,3,1,4,4,3,2,18,2,3,1,1,3,4,6,3,1,1,4,4,1,2,1,1,4,3,3,3,3,4,4,4,3,1,4,4,1,4,3,3,3,3,3,4,3,3,4,4,2,2,2,2,2,2,2,2,2,1,4,1,3,3,1,8,8,4,8,5,5,5,3,3,2,35,5,1,1,1,50,4800,3500,0,413101,정학예사자격증 유뮬관리 전시 작업 문화 산업 지속 발전 확대,사학
32963,3,4,4,4,2,3,3,4,1,0,1,0,3,4,1,0,3,4,1,0,1,0,5,7,3,4,3,4,3,5,1,0,1,0,1,0,4,2,1,0,2,4,1,0,1,0,1,0,1,0,1,0,1,0,1,0,1,0,1,0,1,0,1,0,1,0,1,0,1,0,1,0,1,0,1,0,1,0,1,0,1,0,1,0,1,0,3,3,4,4,4,3,3,3,2,4,3,3,3,2,3,16,5,3,1,1,1,7,5,4,4,4,4,4,4,4,4,4,4,4,2,4,4,4,3,4,3,3,3,3,4,4,3,5,3,4,5,4,4,3,4,2,2,1,1,2,2,2,2,2,2,1,3,1,1,3,1,5,6,4,6,4,3,4,5,6,2,37,4,1,1,1,40,3700,3000,0,212301,특수교사 자격증 응급처치 실무관련 교육 비대 회의 수업 도입 아동 감소 특수교육 중요성,특수교육
32964,1,0,1,0,1,0,1,0,1,0,1,0,1,0,1,0,1,0,1,0,1,0,1,0,4,5,4,5,5,5,1,0,1,0,1,0,1,0,4,4,4,4,4,4,1,0,1,0,1,0,1,0,1,0,1,0,1,0,1,0,1,0,1,0,1,0,1,0,1,0,1,0,1,0,1,0,1,0,4,5,4,6,4,5,4,4,4,5,4,3,4,3,4,2,4,2,3,3,4,4,3,14,1,2,2,2,0,2,2,3,3,4,4,3,4,3,3,4,4,3,3,4,4,3,4,2,3,2,4,3,4,5,4,4,3,3,4,5,3,3,4,4,2,2,2,2,2,2,1,2,2,2,1,3,3,3,2,9,4,8,3,6,5,5,6,4,1,39,2,1,1,1,40,3300,1800,0,541301,전산 화로 인원 감축 증가 전산 자동화,이과
32965,3,5,3,5,2,4,3,5,4,4,4,4,3,5,3,3,4,4,3,5,3,5,3,5,4,4,4,4,4,4,3,5,3,5,3,5,2,4,4,4,3,5,2,4,4,5,3,5,3,5,3,5,2,4,4,4,4,4,3,6,4,4,4,5,3,4,2,4,4,5,3,5,4,4,2,4,4,4,3,5,2,4,4,4,4,3,3,5,4,4,5,4,4,4,4,4,3,4,5,4,5,19,4,1,1,2,0,3,4,4,3,4,4,3,4,4,9,9,9,4,4,3,3,4,4,3,4,3,3,4,3,4,3,4,3,4,2,3,3,4,3,4,2,2,2,2,2,2,2,2,2,1,1,2,2,2,2,5,6,6,6,6,6,6,5,6,1,48,4,2,6,1,48,0,0,3500,841101,pc정비사 2급 스마트폰 이용,컴퓨터공학
32966,2,2,4,4,2,2,1,0,2,2,2,3,1,0,2,2,1,0,1,0,2,2,2,2,3,3,1,0,2,2,2,2,1,0,1,0,1,0,2,2,2,2,1,0,2,2,1,0,1,0,1,0,1,0,1,0,1,0,1,0,1,0,1,0,3,4,1,0,1,0,2,2,1,0,4,4,3,4,4,4,3,4,3,5,3,3,3,5,4,3,2,2,2,1,4,2,2,3,3,4,4,3,1,5,2,2,0,6,3,4,4,3,4,4,4,2,2,3,4,3,4,3,2,3,4,1,2,4,2,5,2,5,4,3,2,3,4,4,3,3,3,5,2,2,2,2,2,2,2,2,2,2,2,3,2,2,2,8,9,7,6,7,8,8,7,6,1,27,2,1,1,1,40,3400,2800,0,821101,수출 부진 철강 산업 침체,금속
32967,4,5,4,5,4,5,1,0,1,0,3,4,3,4,4,6,4,6,2,5,1,0,3,4,3,4,3,4,3,4,2,4,1,0,1,0,4,6,1,0,1,0,1,0,1,0,5,7,4,6,3,4,1,0,3,4,1,0,1,0,3,4,2,3,2,2,2,2,1,0,2,3,1,0,4,6,4,6,1,0,4,6,3,3,4,5,3,3,4,2,3,3,4,3,3,3,2,4,4,3,2,15,2,4,1,2,0,5,5,4,3,3,5,5,4,4,4,4,4,4,2,4,4,3,2,2,3,2,3,3,5,4,4,4,4,4,3,3,2,3,4,4,2,1,2,2,2,2,2,2,2,2,2,2,2,3,1,4,4,4,5,5,5,5,5,5,2,30,4,1,1,1,40,3300,2500,0,413202,기록물관리 전문요원 기록물 열람 프로그램 도입 빅데이터 자동화 프로그램 일부 예상,기록물관리학
32968,4,6,4,6,2,3,2,3,3,4,4,6,3,4,3,4,3,4,2,2,3,4,3,4,3,4,2,3,1,0,2,3,2,3,2,3,3,4,2,2,3,4,2,3,2,3,3,4,3,4,1,0,4,6,2,3,3,4,2,3,2,3,4,5,2,3,2,3,2,3,3,4,2,3,2,2,3,4,3,4,1,0,2,3,3,4,2,3,4,4,2,4,4,3,4,4,3,4,3,4,3,3,1,6,2,2,0,6,6,4,4,3,4,4,3,4,3,3,3,3,3,3,3,3,3,2,3,3,2,3,4,4,4,3,3,4,4,4,3,2,3,3,1,1,1,1,2,2,2,1,1,3,4,1,1,3,1,3,5,6,4,4,5,5,6,4,2,38,5,1,1,1,40,5000,3600,0,154105,연속 흐름 반응 제품 원료 대한 개발 과제 한국 개발 활성화,약학
32969,4,5,4,5,3,3,2,2,3,4,3,4,4,5,3,2,2,2,3,4,3,3,2,2,4,5,2,3,2,3,3,4,3,4,2,3,2,2,2,3,2,3,4,5,3,4,3,3,3,3,2,3,2,3,4,5,4,5,3,4,3,4,3,4,3,4,3,5,4,5,4,5,4,5,4,5,4,5,3,4,3,4,2,2,2,2,2,2,4,4,3,3,4,4,4,4,4,4,4,3,3,19,1,1,2,2,0,6,4,4,3,3,4,4,4,4,3,4,4,4,3,2,3,2,3,4,4,2,3,3,3,4,4,4,4,3,3,3,3,3,3,4,2,2,2,2,2,2,2,2,2,2,2,3,3,3,1,7,5,5,5,5,6,5,6,6,1,39,3,1,1,1,40,3000,2000,0,841101,자동화 기술 발달 수리 인원 감축 예정,메카트로닉스
32970,2,3,3,3,1,0,2,2,1,0,1,0,1,0,4,4,2,4,1,0,1,0,2,2,3,3,1,0,1,0,3,3,1,0,1,0,1,0,2,2,2,3,2,2,2,2,1,0,1,0,1,0,3,3,1,0,3,3,3,3,1,0,1,0,4,4,4,4,4,3,4,4,1,0,4,4,3,4,4,3,3,3,3,3,3,4,3,2,2,1,4,2,2,2,3,1,3,2,2,1,2,3,1,5,2,2,0,2,2,2,2,2,4,2,2,3,2,3,3,3,3,4,3,2,3,3,5,3,2,3,3,5,3,3,4,3,4,4,4,2,4,3,2,2,2,2,2,2,2,2,2,3,2,3,3,3,2,7,8,8,3,8,7,5,3,5,1,28,3,1,1,1,40,3000,2600,0,873301,공장 자동화,기계설계
32971,3,3,3,3,3,4,2,3,2,3,4,5,2,3,4,4,3,3,2,2,4,4,2,3,2,2,1,0,1,0,1,0,1,0,1,0,1,0,1,0,1,0,1,0,2,3,1,0,1,0,1,0,1,0,2,3,2,2,2,3,5,5,1,0,1,0,2,2,2,3,1,0,1,0,1,0,1,0,1,0,1,0,1,0,2,2,2,2,2,3,3,3,3,4,3,2,3,3,2,2,2,17,1,3,1,2,0,5,4,2,3,3,4,4,3,3,3,4,4,3,3,3,3,4,3,3,4,3,3,4,3,5,4,4,4,4,3,4,3,3,5,4,2,1,2,2,2,2,2,2,2,3,3,3,3,3,2,5,4,5,4,4,4,7,3,5,2,25,3,1,1,1,40,2800,2800,0,307401,보건의료정보관리사 프로그램 업데이트 전산 화로 업무 대체,보건관리학
32972,3,2,5,2,2,2,2,1,1,0,2,1,1,0,2,3,3,2,1,0,2,1,3,3,4,2,3,2,2,3,2,3,1,0,1,0,4,3,2,2,2,2,3,2,2,2,1,0,3,2,2,1,1,0,1,0,3,4,2,2,1,0,4,3,4,4,2,4,2,3,2,2,4,2,1,0,2,2,4,2,3,4,1,0,3,2,2,1,2,2,3,3,2,4,4,3,4,4,3,4,3,3,1,2,2,2,0,2,2,2,3,3,4,3,5,3,4,4,3,5,4,4,3,5,4,3,4,4,3,4,4,2,4,3,4,4,3,5,4,4,4,4,2,2,2,2,2,2,2,2,2,2,1,3,3,3,2,7,6,4,4,5,6,4,7,6,1,54,4,1,1,1,45,4500,4000,0,852101,업종 업무 기피,경영
32973,2,3,3,5,2,4,3,4,2,4,3,4,2,3,4,5,4,5,4,5,3,4,2,3,3,4,4,5,3,4,3,4,2,3,4,5,3,4,4,5,3,5,4,5,4,5,4,5,4,4,3,5,3,4,2,4,4,5,2,3,1,0,3,3,2,3,4,4,2,3,2,3,2,3,2,2,3,4,4,4,4,5,3,5,3,4,2,5,4,3,4,2,3,2,5,2,2,2,2,3,2,1,4,1,2,2,0,6,1,3,2,2,4,3,2,2,9,9,4,4,3,4,3,3,3,2,3,2,4,4,4,3,3,3,3,3,3,4,3,3,3,4,2,2,2,2,2,2,2,2,2,2,2,3,3,3,2,7,6,8,6,5,5,5,4,3,2,61,1,2,6,1,40,0,0,1300,901201,기계 이용 농업,0
32974,1,0,2,2,1,0,2,4,1,0,2,4,3,4,4,6,4,6,5,6,4,6,4,6,5,6,4,6,3,4,4,6,3,5,4,6,5,6,4,6,4,6,4,6,5,7,5,5,5,6,5,6,4,6,4,5,5,6,4,6,1,0,2,3,1,0,5,6,5,6,4,6,3,4,5,6,4,6,4,5,5,6,4,6,5,5,1,0,5,4,4,4,3,1,4,2,1,4,4,4,5,1,4,1,2,1,1,7,1,4,4,3,2,4,3,2,9,9,9,2,3,2,1,4,4,1,4,1,2,3,4,4,2,4,2,2,4,4,4,1,4,4,2,2,2,2,2,2,2,2,2,4,1,3,3,2,2,8,7,8,4,4,4,6,7,6,2,50,1,2,6,1,24,0,0,1400,904201,실습 수산 자원 고갈,0
32975,5,6,5,6,3,4,3,4,3,4,4,5,3,4,4,5,4,5,5,6,3,4,3,6,5,6,5,5,5,7,5,6,4,6,4,6,4,5,5,7,4,6,5,6,4,6,5,6,5,6,5,3,5,6,4,5,5,5,1,0,4,5,4,5,4,5,5,5,3,4,4,4,5,5,3,4,3,5,1,0,1,0,2,2,4,4,4,4,5,4,1,4,4,2,5,4,4,4,4,4,5,17,1,2,1,2,0,6,6,4,4,4,4,4,4,4,9,9,4,4,1,4,4,4,4,2,4,5,2,3,2,5,4,4,5,3,2,4,4,4,4,4,2,2,2,2,2,2,2,2,2,1,4,2,2,2,2,1,2,1,5,5,5,9,7,6,1,50,6,2,5,1,43,0,0,11000,301107,전문의자격증 사회 수록 정신 문제,의학
32976,4,5,4,5,5,6,3,4,5,7,5,7,4,5,3,4,3,4,5,7,4,5,4,6,4,5,3,4,2,2,3,4,3,4,3,4,4,5,2,3,4,5,5,6,4,5,3,4,2,3,4,5,4,5,3,4,4,5,4,5,4,5,4,5,4,5,4,5,4,5,4,5,4,5,3,4,3,4,2,3,3,4,3,4,3,4,2,3,4,4,3,3,4,3,4,5,3,5,4,4,4,10,1,2,1,2,0,5,5,4,4,4,5,5,4,3,3,3,4,3,2,4,4,3,2,3,2,5,4,5,2,4,5,5,4,5,4,5,4,4,5,4,2,2,2,2,2,2,2,2,2,2,3,3,3,3,2,1,2,2,3,2,4,5,4,5,1,40,4,1,1,1,40,3800,2700,0,140602,지리정보기술사 지도제작기능사 도화기능사 경기 침체,지리
32977,3,4,5,7,1,0,1,0,1,0,3,4,5,7,5,7,5,7,1,0,3,4,3,4,4,5,4,5,1,0,3,4,1,0,1,0,1,0,1,0,3,4,3,4,3,4,1,0,1,0,1,0,1,0,1,0,1,0,1,0,1,0,1,0,1,0,3,4,3,4,3,4,1,0,5,7,5,6,3,4,3,4,3,4,5,6,5,6,3,4,4,3,3,4,4,2,3,3,4,3,4,18,4,1,2,1,4,6,5,3,3,3,4,3,3,2,9,9,9,3,2,4,4,3,4,4,4,2,3,3,2,4,4,5,4,3,5,4,3,3,5,4,2,2,2,2,2,2,2,2,2,1,1,2,2,2,1,3,7,3,7,2,7,8,3,8,2,34,4,1,4,2,15,2000,900,0,414503,지도하기 위해 계속 훈련이 필요 미디어 코로나 온라인 수업 대체,실용음악
32978,2,2,3,3,2,2,3,4,2,2,1,0,1,0,2,2,3,3,2,2,1,0,3,4,3,4,2,2,3,4,3,4,2,2,1,0,3,4,3,4,2,3,3,4,3,4,3,3,2,2,3,4,1,0,3,4,2,3,1,0,1,0,1,0,1,0,1,0,1,0,1,0,2,2,3,4,3,4,3,4,2,3,2,2,2,2,2,2,4,3,2,4,4,2,3,3,4,4,4,2,4,18,5,1,1,2,0,3,4,4,5,4,5,5,3,4,9,9,3,4,1,5,5,4,4,5,3,4,3,2,3,4,3,5,5,4,5,5,3,4,3,3,2,2,2,2,2,2,2,2,2,1,3,3,3,3,1,6,7,6,4,3,5,4,7,8,1,48,4,2,5,1,40,0,0,4200,420401,태권도 생활체육증,체육
32979,2,3,2,2,1,0,3,4,5,5,3,5,1,0,2,3,2,2,1,0,2,2,2,2,3,4,2,3,3,5,2,3,2,2,2,2,2,1,4,5,4,4,3,4,4,4,2,2,1,0,2,2,1,0,1,0,1,0,1,0,2,2,2,2,3,3,1,0,1,0,1,0,2,3,3,4,4,5,4,4,3,4,3,4,3,4,3,4,2,3,3,3,3,2,3,3,3,3,2,3,3,7,3,2,2,2,0,1,1,3,3,3,4,3,3,3,2,3,4,3,4,3,3,3,3,3,3,3,4,3,3,5,3,2,3,3,4,4,4,4,5,5,2,2,2,2,2,2,2,2,2,2,3,3,2,2,2,6,7,5,6,5,5,6,6,4,2,45,2,1,1,1,42,2700,2100,0,616101,시설 증가 계산 인력 상태 유지 것이므,인문계
32980,1,0,1,0,1,0,3,4,3,4,1,0,1,0,1,0,3,3,1,0,1,0,1,0,4,4,1,0,4,5,1,0,1,0,1,0,1,0,4,5,1,0,4,5,2,3,3,4,4,5,1,0,1,0,4,5,3,4,3,4,2,3,3,4,1,0,3,4,4,4,1,0,1,0,4,4,1,0,1,0,1,0,1,0,5,4,1,0,5,5,4,3,4,4,5,3,4,4,4,3,4,7,1,1,1,2,0,3,4,4,4,3,5,4,4,3,9,9,9,3,2,4,4,3,3,2,4,3,4,3,3,4,4,3,3,4,4,5,3,3,4,3,2,2,2,2,2,2,2,2,2,1,3,2,2,2,2,2,5,4,3,8,7,3,7,5,1,32,3,2,5,1,45,0,0,4000,307301,안경사 면허 상황,안경광학
32981,3,4,3,4,5,6,3,4,2,3,2,3,3,4,1,0,4,5,3,4,3,4,1,0,4,5,4,5,3,4,3,4,3,4,3,4,3,4,4,5,3,4,3,4,3,4,1,0,1,0,1,0,1,0,1,0,1,0,1,0,1,0,1,0,1,0,1,0,1,0,1,0,1,0,1,0,1,0,1,0,1,0,1,0,1,0,1,0,4,3,3,3,3,3,4,3,3,3,3,3,3,18,1,2,2,1,4,4,4,4,3,4,4,4,4,3,3,3,3,3,2,4,4,3,4,3,3,4,3,3,3,3,4,3,4,4,4,3,3,3,3,3,2,2,2,2,2,2,2,2,2,4,3,2,2,2,1,3,7,6,5,6,7,4,6,6,2,30,3,1,1,1,45,2000,1000,0,414303,만화의 기본동작 훈련 업무 숙련 요하,애니메이션
32982,4,5,3,4,3,4,4,6,4,6,5,6,5,7,5,6,4,5,4,5,4,5,3,4,3,4,4,5,2,3,2,2,2,2,2,3,4,5,3,4,5,6,4,5,2,2,1,0,3,4,3,4,5,6,5,7,4,5,4,5,2,3,3,4,4,5,4,5,3,4,4,5,1,0,4,5,4,5,3,4,3,4,1,0,4,5,1,0,4,4,4,5,5,4,5,2,3,5,4,4,5,13,1,2,2,2,0,7,5,4,5,4,3,3,4,3,4,4,3,4,3,4,3,4,4,5,5,4,5,4,3,4,5,4,4,4,4,5,4,4,5,3,2,2,2,2,2,2,2,2,2,1,3,3,3,3,2,3,2,1,1,2,1,9,8,9,1,30,4,1,1,1,40,3500,3000,0,159103,변화,전자통신
32983,4,5,4,5,2,2,4,5,4,6,4,5,4,5,4,5,4,6,4,5,4,5,4,5,4,5,4,5,4,5,4,5,4,5,4,5,4,4,4,5,4,6,4,5,4,5,3,4,3,5,4,5,4,5,3,4,4,5,3,4,3,3,3,4,4,5,3,4,4,6,4,4,3,4,4,6,4,5,4,5,4,4,4,5,4,6,4,5,4,4,3,4,4,3,3,4,3,3,3,3,3,19,1,1,1,1,2,6,5,2,3,3,3,3,3,3,4,4,3,3,4,2,2,3,3,3,3,3,4,3,3,3,3,4,4,3,4,4,4,3,4,4,2,2,2,2,2,2,2,2,2,2,3,2,2,2,1,3,4,2,4,4,5,3,4,3,1,38,4,1,1,1,38,3100,2100,0,885101,기능사 자격증 조율수리 조정 변화 요인,피아노학
32984,3,3,3,4,2,2,2,2,3,4,4,4,2,2,2,2,2,2,1,0,1,0,1,0,3,3,3,3,1,0,1,0,1,0,2,2,2,2,3,3,2,2,3,3,3,3,2,2,2,2,2,2,3,3,3,3,3,4,3,3,2,2,3,3,2,2,2,2,3,3,2,2,3,3,2,2,2,2,3,3,1,0,2,2,2,2,1,0,4,3,2,3,4,3,3,3,2,2,3,3,3,13,1,2,1,1,3,3,5,3,3,3,4,3,3,4,3,3,3,3,3,3,3,3,3,4,4,3,3,3,3,3,3,4,4,4,3,3,4,3,3,4,1,1,2,2,2,2,2,2,2,3,3,2,2,2,1,6,6,6,5,5,5,7,6,5,1,34,4,1,1,1,45,4000,2500,0,154102,화공기사 산업기사 실무 교육 프로그램 지금 비슷,화학공학
32985,4,4,4,4,3,3,4,5,3,4,4,4,2,3,3,4,4,4,3,4,3,4,3,4,2,3,3,4,4,4,3,4,4,4,4,4,3,4,4,4,4,4,4,4,3,4,2,3,2,3,3,3,2,3,2,3,2,3,2,3,3,4,3,4,2,3,3,4,3,4,3,4,3,4,3,4,2,3,3,4,3,4,2,3,3,4,4,5,4,4,3,3,3,3,2,4,2,4,4,3,4,10,1,3,2,1,2,3,3,3,2,3,4,2,3,3,2,2,3,3,4,3,3,3,3,2,3,3,4,3,3,3,4,4,2,3,4,3,3,3,2,4,2,1,2,2,2,2,2,2,2,2,2,2,3,2,2,8,3,2,2,2,6,6,5,4,2,27,3,1,1,1,45,2800,2200,0,29201,사내메뉴얼에대한 교육 응대 시스템 로봇 응대 사람 굳이 인간 안해 상담 가능,식품영양학
32986,3,5,3,5,3,4,3,5,2,4,3,5,2,3,4,4,3,4,3,5,3,5,3,5,3,4,3,5,4,5,3,4,3,4,3,4,3,4,4,5,4,5,4,5,3,4,4,5,3,5,4,5,3,4,2,3,3,4,2,3,2,3,3,4,1,0,2,4,2,3,3,3,3,4,1,0,2,3,3,4,3,4,3,4,3,4,3,4,4,4,4,3,4,3,3,2,3,3,4,4,4,17,1,2,1,1,6,6,5,4,4,3,4,4,3,3,3,4,4,4,2,4,3,3,3,2,4,4,4,3,3,4,4,4,4,4,4,4,3,3,4,5,2,2,2,2,2,2,2,2,2,2,4,1,1,3,2,7,7,7,3,3,3,3,3,7,2,47,4,1,1,1,45,4500,3800,0,13501,사회복지사 사회복지 현장실습교육 노인 인구 증가 수요 증가,사회복지학과
32987,2,3,2,3,2,3,2,3,4,6,4,6,3,4,3,4,3,3,2,4,2,4,3,5,3,5,3,5,3,4,2,3,2,2,2,2,2,3,3,4,3,5,2,2,2,3,2,3,2,3,3,4,4,6,4,6,4,5,4,6,4,6,3,5,4,5,4,5,4,6,4,5,4,5,4,5,4,5,3,4,4,5,3,4,3,4,3,4,2,2,3,2,2,4,3,2,3,4,3,3,2,4,1,2,1,2,0,4,4,4,3,3,4,4,4,4,3,4,4,4,2,3,3,4,3,3,2,3,4,3,4,4,3,4,4,4,5,4,3,4,4,5,2,2,1,2,2,1,2,1,2,2,4,3,3,3,2,7,4,7,5,4,5,4,5,6,1,37,4,1,1,1,40,5400,3400,0,153103,전기 기능사 전력 시스템 효율 업무 과중 발전 설비 계속 증가,에너지공학
32988,4,6,4,6,4,6,4,6,4,6,4,5,4,6,4,6,4,6,2,2,4,6,4,6,4,6,4,6,4,6,4,6,4,6,4,6,4,6,4,6,4,6,4,6,4,6,3,4,3,4,3,4,3,3,4,5,4,5,1,0,4,5,1,0,1,0,1,0,1,0,1,0,4,6,4,6,4,5,4,6,4,5,2,2,4,6,2,3,4,5,5,5,5,3,5,3,5,5,5,2,4,17,1,1,1,2,0,6,5,5,4,5,5,4,4,5,9,9,4,5,4,4,4,4,3,2,3,4,5,4,4,4,3,4,5,4,4,5,4,4,4,4,2,2,2,2,2,2,2,2,2,2,4,2,2,2,1,2,3,2,4,3,7,2,3,4,1,43,4,2,5,1,40,0,0,25000,301106,안과의사전문의 안과 필요 인구 증가,의학
32989,4,6,4,5,4,5,3,5,2,5,4,6,4,5,3,5,3,5,1,0,4,6,4,6,4,6,4,6,2,2,3,3,3,5,3,5,4,5,3,5,3,5,4,5,2,2,1,0,4,5,4,6,1,0,1,0,1,0,1,0,4,4,4,4,4,4,1,0,1,0,1,0,4,3,1,0,1,0,1,0,2,1,1,0,4,3,1,0,4,4,3,3,4,4,3,3,4,3,3,3,4,13,2,3,2,2,0,3,5,4,5,5,5,4,3,4,3,3,4,4,1,4,4,4,3,4,5,3,4,3,3,4,3,4,3,5,4,3,4,5,3,2,2,2,2,2,2,2,2,2,2,2,3,3,3,3,2,7,4,6,4,8,3,7,4,6,1,34,5,1,1,1,40,3500,3000,0,110102,직업 제한 일자리,역사학
32990,2,3,2,5,3,3,2,3,2,3,3,4,3,3,4,6,2,3,4,6,2,3,2,3,4,6,1,0,2,2,5,6,4,6,4,6,1,0,2,2,4,5,4,6,2,2,1,0,1,0,1,0,4,6,3,5,4,5,4,6,4,6,4,6,4,6,4,5,4,6,4,6,4,6,4,6,5,6,3,3,2,2,3,3,3,5,3,3,5,4,2,4,4,3,5,4,5,4,4,4,3,13,2,3,2,2,0,3,6,5,4,4,5,4,4,4,3,3,4,4,1,4,4,4,3,5,4,3,4,4,4,3,4,4,5,5,4,3,4,4,4,3,2,2,2,2,2,2,2,2,2,2,4,3,3,3,2,8,6,4,3,4,6,4,7,6,1,32,5,1,1,1,40,4300,4000,0,121106,과학기술 초석 분야 연구,천문학
32991,2,3,4,5,1,0,3,4,3,3,3,4,3,4,4,5,4,5,3,3,4,5,2,3,3,4,2,3,2,3,3,4,3,4,4,5,3,4,4,5,4,5,4,5,3,5,4,5,4,5,3,5,4,5,4,4,4,5,4,4,2,2,3,4,3,4,5,5,5,5,3,3,1,0,3,4,4,5,3,4,5,6,4,5,3,4,2,2,5,3,2,3,2,1,3,3,1,4,2,2,2,6,1,2,2,2,0,5,2,3,4,3,4,4,4,4,2,4,4,4,4,4,4,3,4,3,4,4,4,4,2,4,5,4,4,4,5,4,4,5,4,4,2,2,2,2,2,2,2,2,2,1,3,3,2,2,2,7,8,9,8,6,7,7,8,7,1,39,2,1,1,1,48,3700,2300,0,702301,재건축,인문계
32992,2,3,3,4,2,3,2,3,3,4,4,5,4,5,4,5,5,7,4,5,3,4,3,4,4,5,4,5,2,3,5,6,2,3,3,4,3,4,2,3,2,3,3,4,3,4,1,0,1,0,1,0,1,0,1,0,1,0,1,0,3,4,1,0,1,0,1,0,1,0,1,0,1,0,1,0,1,0,5,7,1,0,5,7,3,4,3,4,4,4,3,3,4,2,3,5,3,4,5,3,4,18,2,4,2,2,0,5,2,4,4,4,4,5,3,3,3,4,4,4,3,4,4,2,2,3,2,5,4,5,2,5,5,5,5,4,4,5,4,4,5,5,2,2,2,2,2,2,2,2,2,2,3,2,2,2,1,9,5,5,1,1,5,9,5,1,2,30,3,1,1,1,40,2400,2000,0,414701,이슈 변동,실용무용
32993,3,3,3,3,2,3,3,3,2,3,2,2,1,0,4,5,3,4,3,3,4,4,3,5,3,3,2,4,3,3,3,3,2,1,2,3,3,3,2,1,4,4,3,3,2,2,1,0,1,0,2,3,2,2,1,0,5,5,4,4,2,2,2,2,5,5,4,4,5,2,5,4,2,3,4,4,4,5,4,4,4,6,3,5,3,3,3,3,3,2,2,3,3,2,3,3,3,2,3,3,4,3,1,2,1,2,0,4,3,4,3,3,3,3,1,3,3,4,4,3,2,3,2,4,4,4,3,4,2,5,3,4,2,3,3,2,4,4,3,4,5,3,2,2,2,2,2,2,2,2,2,2,3,3,1,3,2,6,6,6,4,5,5,6,5,5,1,42,3,1,1,1,45,4500,2600,0,853201,폐기물처리산업기사 환경 유지 재활용 시설,환경공학
32994,3,6,4,6,3,6,4,5,3,5,3,5,3,5,2,3,3,4,2,5,2,4,3,5,3,4,4,5,4,5,3,4,4,5,4,5,2,4,4,5,4,5,4,4,4,4,4,5,2,4,4,5,2,5,2,4,2,4,2,3,4,4,2,4,3,4,2,4,2,3,2,2,4,4,2,2,1,0,2,3,1,0,1,0,2,2,2,2,4,4,4,3,4,3,4,2,3,3,3,4,2,15,2,6,2,1,1,7,2,4,4,4,4,4,4,3,4,4,4,4,2,4,4,4,4,2,4,2,4,4,3,4,2,2,2,4,4,4,3,4,4,5,2,2,2,2,2,2,2,2,2,2,1,3,3,2,2,6,5,7,5,5,5,5,6,6,1,51,3,1,1,1,55,3600,1500,0,25401,전산교육 엑셀 pt 한글 대체,금형설계
32995,4,5,3,4,2,4,4,5,3,4,2,5,2,4,2,4,2,4,2,4,2,1,2,3,2,3,1,0,2,5,2,3,5,5,2,4,2,3,2,4,2,5,2,3,1,0,1,0,1,0,1,0,1,0,2,4,2,3,2,3,2,4,2,3,1,0,2,4,2,3,1,0,2,3,2,5,2,5,2,3,2,4,2,3,3,4,2,3,3,4,3,3,4,4,4,4,4,3,3,4,3,11,1,3,2,2,0,2,4,4,2,2,3,3,3,4,3,4,5,4,4,3,3,4,4,3,3,4,4,4,4,3,4,4,3,3,4,4,3,3,4,4,2,2,2,2,2,2,2,2,2,2,3,2,2,2,1,6,5,7,6,8,7,6,7,4,2,37,2,1,1,1,38,3300,2000,0,33202,모바일 가입 상품,문과
32996,3,4,4,5,3,4,3,4,3,5,3,5,4,6,4,5,4,5,2,3,3,5,3,4,3,4,2,3,3,5,3,4,4,5,3,4,3,4,4,4,2,3,3,4,2,3,2,3,2,2,2,2,3,4,3,5,2,3,2,2,3,5,2,3,2,3,2,2,2,3,2,3,2,3,3,4,2,3,2,3,2,2,2,3,3,4,3,3,3,2,3,2,3,4,2,4,3,3,3,4,3,10,3,2,2,2,0,3,5,3,4,4,3,3,2,2,3,4,3,3,2,3,3,2,1,2,4,3,2,3,3,4,3,3,4,4,3,3,2,3,4,4,2,2,2,2,2,2,2,2,2,1,4,3,3,3,2,7,3,4,6,4,5,3,6,4,1,33,4,1,1,1,40,4000,2400,0,133205,콘텐츠 시장 성장 가능성,응용소프트웨어
32997,5,5,4,5,4,5,4,4,4,5,3,5,4,5,4,5,4,5,4,5,3,5,4,5,4,5,3,5,4,4,4,5,4,5,3,5,4,5,4,5,4,5,4,5,4,5,4,5,4,6,4,5,4,5,4,5,4,6,4,5,4,5,4,5,4,5,4,5,4,5,4,5,4,5,4,5,4,5,4,5,4,6,4,5,4,5,4,5,4,5,4,4,4,3,3,4,4,3,3,3,3,17,1,2,1,1,2,6,5,4,3,3,3,3,3,4,5,5,4,4,3,3,3,4,4,3,3,3,3,3,4,3,3,3,3,4,4,4,3,3,3,4,2,2,2,2,2,2,2,2,2,1,2,2,2,2,1,6,6,5,5,5,5,7,6,6,1,37,4,1,1,1,40,6000,4000,0,301201,의사 자격증 인체 해부 인구 감소,가정의학
32998,3,4,3,3,2,3,2,3,2,3,2,2,2,2,2,3,2,2,2,3,2,3,3,4,3,4,2,3,2,3,2,3,2,3,2,3,2,3,2,3,2,3,2,3,2,3,2,3,3,4,3,4,3,4,3,4,3,4,3,4,2,3,4,5,4,5,3,4,3,4,3,4,2,2,3,4,3,4,2,3,3,4,3,4,2,3,2,3,2,3,3,3,3,2,3,3,3,3,3,3,2,3,1,3,2,2,0,3,3,3,3,3,3,3,3,3,3,4,4,4,3,3,3,3,4,4,4,2,3,2,4,4,4,4,3,3,4,4,3,4,4,3,2,2,2,2,2,2,2,2,2,1,3,2,2,2,2,8,7,7,3,3,5,8,7,5,1,32,2,1,1,1,40,3800,2000,0,852201,기계 일이 사람 필요,전자
32999,4,6,4,6,3,5,4,6,2,4,4,5,3,4,3,5,3,4,3,5,3,4,4,5,5,5,3,5,5,6,4,5,2,3,3,4,2,4,5,5,4,5,4,6,3,4,2,3,3,4,1,0,4,4,1,0,2,4,2,3,5,6,3,5,2,3,2,4,2,3,3,5,1,0,3,5,3,4,3,4,2,4,3,4,3,4,5,5,4,5,4,4,4,4,5,4,4,3,4,4,4,17,4,2,1,2,0,4,5,5,4,4,4,4,3,3,2,5,4,4,3,5,4,4,3,3,4,2,3,5,4,5,3,3,3,4,4,4,2,3,4,5,2,2,2,2,2,2,2,2,2,2,4,3,2,2,1,9,8,8,7,8,7,8,8,9,2,35,4,1,4,1,46,3200,2600,0,306902,청능사 이어폰 장기간 사용 청각 능력 상실 증가,언어치료청각학
33000,3,3,2,2,1,0,2,2,1,0,2,3,3,3,2,3,2,3,3,3,2,3,2,3,3,4,2,3,2,3,2,3,2,3,3,3,2,2,4,6,4,5,3,4,4,5,2,2,2,3,4,6,1,0,1,0,1,0,1,0,2,2,1,0,1,0,1,0,1,0,2,2,3,4,4,5,3,4,5,6,5,6,4,6,4,5,4,6,2,5,2,3,3,1,2,3,3,3,4,4,2,18,1,2,2,2,0,7,4,4,3,3,2,4,2,3,3,3,2,3,3,3,3,2,3,4,4,3,3,3,3,3,4,2,3,3,2,3,4,3,3,3,2,2,2,2,2,2,2,2,2,1,4,2,2,2,1,6,6,7,3,3,2,3,2,4,1,28,4,1,1,1,43,3300,3100,0,541101,경호 인력 필요 증가,체육학
33001,3,3,3,3,3,3,3,3,4,4,2,4,2,2,4,4,4,5,5,6,2,2,3,3,4,4,2,3,3,3,2,2,1,0,2,2,2,3,2,2,2,2,4,5,1,0,3,3,3,3,3,3,2,2,2,2,1,0,1,0,2,2,1,0,3,3,3,3,2,2,3,4,1,0,1,0,2,2,1,0,1,0,2,2,2,2,2,2,3,4,4,3,3,4,3,3,3,2,2,3,3,6,1,2,1,1,4,5,3,4,3,3,2,3,2,3,4,4,5,4,3,4,3,3,3,3,2,1,3,3,4,4,3,3,3,3,2,4,2,3,4,3,2,2,2,2,2,2,2,2,2,2,2,2,2,3,1,8,8,7,5,3,4,5,5,5,1,33,3,1,1,1,50,2800,1900,0,158201,소방공학기술사 실계도면 습득 자동화 전산,전기
33002,1,0,3,4,1,0,3,3,1,0,1,0,1,0,1,0,2,2,1,0,1,0,2,3,3,4,2,1,2,2,3,3,1,0,1,0,1,0,2,3,3,4,3,4,3,3,2,2,3,4,3,3,3,4,1,0,1,0,1,0,1,0,2,3,1,0,1,0,2,2,2,3,2,1,4,5,3,3,2,2,3,4,3,3,2,2,2,1,2,3,4,2,3,4,3,4,3,2,2,3,2,9,1,4,1,2,0,2,2,3,3,3,3,3,2,3,2,4,4,3,2,3,2,3,3,2,2,3,2,4,4,3,2,4,4,3,2,3,2,3,4,4,2,2,2,2,2,2,2,2,2,2,3,2,2,3,2,8,6,7,5,4,4,4,3,4,1,49,2,1,1,1,52,3100,1860,0,531201,한식조리사 자격증 생각 본적,전자
33003,1,0,2,3,1,0,2,3,1,0,1,0,2,3,1,0,2,3,1,0,1,0,2,3,2,3,1,0,1,0,2,3,1,0,1,0,1,0,2,3,1,0,1,0,3,4,1,0,1,0,2,3,1,0,1,0,2,3,1,0,1,0,1,0,2,3,1,0,1,0,1,0,1,0,4,5,3,4,2,3,2,3,3,4,3,4,2,3,3,4,4,3,3,4,3,4,3,4,3,2,3,18,1,4,1,2,0,7,2,4,3,3,4,3,3,3,3,4,3,3,2,4,4,3,3,4,3,3,3,4,3,3,3,4,3,4,3,4,3,3,4,4,2,2,2,2,2,2,2,2,2,1,3,2,2,3,1,6,5,6,4,5,4,6,7,3,1,30,4,1,3,2,38,2300,2000,0,511402,미용사 문화 예술 상업 발달,전기공학
33004,3,3,3,3,1,0,3,3,3,3,3,3,2,2,2,2,2,2,2,2,1,0,1,0,2,2,2,2,1,0,1,0,1,0,2,2,2,2,2,2,2,2,3,3,3,3,2,2,2,2,2,2,3,3,2,2,2,2,2,2,2,2,2,2,2,2,2,2,2,2,3,3,2,2,3,2,2,2,3,3,1,0,1,0,2,2,2,2,4,3,3,3,4,3,3,3,2,3,3,2,3,4,1,2,1,1,3,3,5,3,3,4,4,3,4,4,3,3,4,4,3,3,3,4,3,3,4,3,3,3,3,3,4,3,4,4,3,3,4,4,4,4,1,1,2,2,2,2,2,2,2,2,4,2,2,2,1,6,6,5,5,6,6,5,5,5,1,39,4,1,1,1,45,4000,3000,0,153106,전기기사 실무 경험 개발 산업혁명,전기공학
33005,4,4,4,4,1,0,2,4,2,4,2,2,2,3,2,3,3,4,5,5,3,4,3,3,3,3,3,4,3,3,3,4,3,4,4,5,2,4,3,4,3,4,3,5,4,5,2,3,4,4,4,4,3,3,4,5,3,5,4,4,4,5,4,5,3,4,4,4,4,5,5,4,3,4,4,5,3,4,3,3,4,6,3,3,3,4,3,3,3,2,3,3,3,2,2,5,3,3,3,3,2,19,1,2,1,2,0,2,3,2,3,3,3,3,2,3,3,4,4,3,3,3,2,4,3,2,3,4,3,4,4,4,2,3,3,3,4,4,2,3,4,4,2,2,2,2,2,2,2,2,2,2,2,2,2,2,1,7,6,5,5,6,4,6,5,5,1,37,4,1,1,1,45,4000,2000,0,832101,3D프린터산업기사 자동화 기계,전기
33006,4,5,4,5,3,2,5,5,3,4,5,5,1,0,5,4,5,5,4,5,3,3,2,4,4,5,5,5,5,5,4,5,3,4,3,3,4,5,4,5,3,4,3,4,4,6,3,3,3,3,3,4,4,5,3,5,3,4,3,3,4,5,3,4,3,4,3,4,2,2,3,3,3,3,2,2,2,3,4,4,3,3,3,3,3,3,4,5,4,4,3,3,4,4,3,4,3,5,4,4,2,17,2,4,2,1,3,3,2,4,4,3,5,4,3,3,3,3,5,4,2,5,5,5,4,4,5,2,5,3,5,5,5,5,4,4,5,5,5,4,5,3,2,2,2,2,2,2,2,2,2,2,2,1,1,3,2,8,8,8,8,8,8,8,9,9,2,41,3,1,1,1,45,2700,2700,0,29101,현장실무교육 경기 침체 장기 화로 일자리 감소,대학교 품질관리
33007,5,5,3,3,2,3,5,5,3,3,1,0,1,0,1,0,3,4,1,0,3,5,1,0,1,0,1,0,1,0,1,0,5,6,4,5,1,0,3,3,1,0,5,4,1,0,1,0,1,0,1,0,1,0,1,0,4,5,1,0,1,0,3,4,1,0,1,0,1,0,1,0,1,0,1,0,1,0,1,0,2,3,1,0,3,4,2,2,3,2,4,4,3,4,4,3,4,4,5,3,4,7,1,2,2,2,0,1,5,4,4,4,5,4,5,4,4,4,4,4,2,4,4,2,3,4,2,3,3,4,3,5,4,5,5,4,4,3,4,4,4,4,2,2,2,2,2,2,2,2,2,2,2,2,2,2,2,5,4,6,3,7,4,7,4,4,1,38,3,1,1,1,40,4600,2400,0,612101,산업화 둔화,경영학
33008,3,4,1,0,1,0,1,0,4,5,3,4,1,0,1,0,1,0,1,0,1,0,1,0,1,0,1,0,1,0,1,0,1,0,1,0,1,0,1,0,3,4,1,0,1,0,1,0,1,0,1,0,1,0,4,5,3,4,3,4,3,4,4,5,4,5,4,5,2,3,2,2,3,4,3,4,3,4,1,0,1,0,1,0,2,3,1,0,3,3,4,3,3,3,3,4,3,4,3,3,3,13,1,2,1,2,0,7,5,4,3,4,4,4,4,4,3,4,3,3,4,3,3,3,4,3,4,3,3,3,3,4,4,5,4,4,3,4,4,4,4,4,2,2,2,2,2,2,2,2,2,2,3,3,3,3,1,7,8,7,6,7,6,8,7,7,1,40,4,1,1,1,40,4500,2400,0,153301,전기산업기사 전기 분야 지속 발전,전기전자공학
33009,3,4,3,3,3,4,2,3,4,4,4,4,1,0,3,3,3,4,3,4,2,3,4,5,3,4,2,3,3,3,3,4,2,2,2,2,4,4,3,4,3,4,3,4,3,4,3,4,3,4,4,4,3,4,3,4,3,4,3,4,4,4,4,5,4,5,3,4,3,4,4,5,3,4,3,4,3,4,2,3,3,3,4,4,3,4,3,4,4,2,2,3,4,3,3,2,4,3,3,4,4,3,1,5,1,2,0,4,5,4,4,4,4,4,4,4,4,4,4,4,2,4,4,2,4,3,4,4,3,4,2,4,4,4,3,4,4,4,4,4,4,4,2,2,2,2,2,2,2,2,2,2,3,3,3,3,2,6,6,6,5,5,5,3,3,5,1,41,4,1,1,1,44,5800,4000,0,153202,반도체설계산업기사 지금 유지,전자공학
33010,4,5,4,4,4,5,4,6,4,6,4,5,4,5,4,5,4,6,4,5,5,4,4,5,4,5,4,5,4,5,4,4,4,4,3,4,4,4,3,4,3,4,4,5,4,4,3,4,3,4,4,4,3,4,2,2,2,2,2,2,1,0,1,0,1,0,2,3,1,0,1,0,1,0,4,5,1,0,1,0,1,0,1,0,4,4,4,4,4,3,4,3,3,3,3,4,3,4,3,2,4,18,4,2,2,2,0,3,5,4,4,4,4,4,4,4,3,3,4,4,2,3,3,4,4,4,4,3,4,3,3,4,4,4,4,4,3,3,4,3,4,4,2,2,2,2,2,2,2,2,2,2,3,3,3,3,2,6,6,5,4,5,5,5,3,3,2,55,4,2,6,1,45,0,0,3200,414102,변화,조소학
33011,2,3,4,5,1,0,2,3,3,4,4,5,5,7,4,6,2,2,4,5,3,4,5,6,5,6,3,4,2,3,3,4,3,3,3,4,4,5,1,0,4,5,4,6,4,6,4,6,2,2,2,3,4,5,3,4,2,3,2,2,3,3,2,2,3,4,2,2,2,2,2,3,2,2,3,4,2,2,1,0,1,0,1,0,1,0,1,0,4,4,4,4,5,4,5,4,4,5,4,5,4,3,1,2,2,2,0,6,5,4,4,5,4,5,5,4,4,4,5,4,2,4,4,3,2,2,2,4,3,5,4,4,4,5,5,5,4,5,4,4,5,4,2,2,2,2,2,2,2,2,2,2,3,1,1,1,1,1,1,1,2,2,5,7,6,5,1,38,6,1,1,1,40,6500,3000,0,151201,보편 직업 현재 것임,물리과학
33012,4,5,3,4,4,5,4,5,4,4,4,5,4,5,3,4,4,4,4,5,3,4,4,5,3,4,3,3,3,4,3,4,4,5,3,4,4,4,3,4,2,2,4,5,3,4,4,4,4,5,4,4,4,5,4,5,4,4,4,5,3,4,4,5,4,4,4,5,3,4,4,4,4,5,4,4,4,5,4,5,3,4,3,3,4,5,3,3,4,4,3,3,4,4,4,4,4,4,3,3,4,3,1,2,2,2,0,2,5,4,4,3,4,4,3,4,4,3,4,4,3,4,3,4,4,4,3,4,4,3,4,4,3,4,4,3,4,4,4,3,3,4,2,2,2,2,2,2,2,2,2,2,3,3,3,3,2,3,6,7,6,5,6,4,7,6,1,37,4,1,1,1,40,2900,2400,0,157201,영양 식물 연구,식품영양학
33013,2,2,3,4,2,2,3,3,3,3,1,0,1,0,4,3,1,0,1,0,1,0,3,4,2,3,1,0,2,3,2,2,1,0,1,0,1,0,2,3,2,2,1,0,3,3,1,0,1,0,1,0,1,0,1,0,3,3,2,3,2,3,1,0,3,4,2,3,2,3,4,6,1,0,1,0,4,3,2,3,2,3,3,3,4,3,2,2,2,3,5,2,1,2,1,3,1,1,1,2,2,4,1,2,2,2,0,7,1,3,2,2,3,1,2,3,2,3,4,3,4,1,1,3,2,3,4,3,2,2,4,4,2,3,2,2,3,4,2,2,3,2,2,2,2,2,2,2,2,2,2,4,2,3,3,3,2,7,7,8,3,8,8,7,3,7,2,53,2,1,1,1,40,2200,1500,0,562101,지침 방식 보편화,상고
33014,5,5,5,6,5,6,4,5,5,6,4,5,4,5,5,5,4,5,5,6,4,5,5,6,4,5,5,5,4,5,4,5,5,5,4,5,3,4,4,4,4,4,4,5,4,5,4,5,4,4,4,4,4,5,3,4,1,0,1,0,3,4,2,2,4,4,1,0,1,0,1,0,4,4,3,4,3,4,4,5,4,5,4,5,3,4,4,4,4,4,4,4,4,4,4,4,3,4,4,4,4,11,1,6,1,2,0,2,5,4,4,4,4,4,4,3,4,3,4,4,2,4,4,4,3,4,4,2,4,4,4,4,3,4,3,4,4,3,4,4,4,4,2,2,2,2,2,2,2,2,2,2,2,3,3,3,1,7,8,7,6,7,7,7,8,7,2,31,4,1,1,1,40,5200,4500,0,31301,계리사 기술 발달,통계
33015,2,3,3,3,3,5,4,6,4,5,4,6,4,6,3,5,5,6,3,5,4,6,3,5,4,6,3,5,4,6,4,6,3,5,3,5,3,5,2,3,3,4,4,6,4,6,3,5,4,6,3,4,4,5,4,6,3,5,3,5,3,5,4,5,3,4,3,5,3,4,2,4,3,4,3,5,3,5,1,0,3,5,3,5,3,3,2,3,4,3,4,4,3,3,4,4,3,4,3,4,4,6,1,2,1,2,0,2,5,4,4,3,5,4,3,4,3,4,5,4,2,4,5,3,4,5,3,4,3,4,4,4,3,5,4,3,4,3,5,4,4,3,2,2,2,2,2,2,2,2,2,2,2,3,3,3,2,4,7,6,6,6,3,6,5,4,1,47,4,1,1,1,40,5600,4700,0,140101,토목구조기술사 토목기사 농어업토목기술사 건설 경기 하락 당분간 예정,토목
33016,3,3,4,4,2,2,3,3,2,2,4,4,3,3,4,4,3,2,3,4,1,0,3,2,4,2,2,3,2,3,3,2,1,0,1,0,1,0,4,4,2,2,3,3,4,4,2,2,3,3,1,0,3,3,1,0,3,4,3,3,2,3,4,4,3,4,3,3,2,3,3,3,2,3,4,4,3,3,3,3,2,3,3,3,4,4,3,3,3,3,4,3,3,2,3,2,4,3,2,1,3,3,1,3,2,1,1,2,1,5,5,4,5,3,3,5,5,3,3,4,3,2,3,4,3,4,4,3,2,2,4,4,4,3,3,4,2,2,4,3,3,4,2,2,2,2,2,2,2,2,2,2,2,2,1,2,1,7,8,7,7,5,3,3,3,5,1,36,2,1,1,1,40,2800,2500,0,885902,직무 교육 기계 전산 자동화 사람 업무,문과
33017,4,6,4,6,3,5,3,5,3,5,3,5,3,5,3,4,2,4,3,5,3,5,3,5,3,5,4,6,4,5,3,4,4,5,4,6,3,5,3,5,3,5,4,6,3,5,3,4,3,4,4,5,2,4,2,4,2,3,3,4,2,3,3,3,3,3,1,0,1,0,1,0,3,4,1,0,1,0,1,0,1,0,1,0,3,3,3,3,4,3,2,4,4,3,4,3,3,4,4,4,3,6,1,5,2,2,0,6,6,4,4,3,3,3,4,4,4,3,2,3,2,4,4,4,4,4,4,3,4,2,2,4,4,4,4,4,3,4,3,3,4,4,2,2,2,2,2,2,2,2,2,1,2,2,2,3,1,4,5,6,5,6,7,5,6,5,1,59,5,1,1,1,40,9500,2500,0,140501,인공 지능 자동화,도시계획학
33018,5,6,4,6,5,6,5,6,4,5,5,5,4,5,5,6,4,5,4,5,3,4,3,4,4,5,4,6,4,6,4,5,4,5,3,4,5,6,4,6,5,5,4,5,3,4,4,5,4,4,4,5,5,5,3,4,2,2,2,2,3,4,4,4,3,4,2,1,2,2,2,2,2,2,1,0,2,2,3,4,2,3,2,3,3,4,2,3,3,4,4,4,3,3,4,3,3,3,4,4,4,3,1,3,1,2,0,2,5,4,4,3,4,4,4,4,4,3,4,4,4,4,3,3,3,4,4,4,3,3,2,4,4,4,3,4,4,3,3,4,4,2,2,2,2,2,2,2,2,2,2,2,3,3,3,3,2,7,4,4,5,6,5,7,6,7,2,45,4,1,1,1,40,5500,3000,0,413201,사서 변화,문헌정보학
33019,3,4,3,3,2,2,2,3,1,0,1,0,1,0,2,3,5,5,3,4,1,0,2,4,4,5,1,0,1,0,1,0,1,0,1,0,3,4,5,6,2,3,2,3,2,3,1,0,2,2,1,0,5,3,1,0,4,7,1,0,1,0,1,0,4,5,3,4,3,5,5,6,1,0,5,5,4,5,3,4,3,4,4,4,4,5,2,4,2,2,3,2,2,1,2,4,2,2,2,1,2,3,1,3,2,2,0,2,1,1,1,1,3,2,1,2,1,3,3,2,4,2,3,4,3,2,2,2,3,3,2,5,3,4,3,2,4,5,3,2,5,3,2,2,2,2,2,2,2,2,2,2,3,3,3,3,2,7,8,7,6,5,4,6,4,3,1,38,2,1,1,1,48,5600,2500,0,825101,업종 무조건 사람 일자리 변화,전기
33020,3,4,3,5,3,4,4,5,3,3,3,3,3,5,3,3,3,3,3,4,3,2,4,6,4,5,4,6,3,4,3,3,2,3,3,3,3,5,3,3,4,5,3,4,3,3,3,3,3,3,3,5,3,3,3,3,2,2,2,2,2,3,2,2,2,2,2,2,2,1,2,1,4,5,2,2,2,2,2,2,2,2,2,2,2,2,2,2,5,4,2,3,3,3,4,2,4,3,3,3,2,16,5,2,1,1,3,6,5,4,3,2,4,4,3,3,3,3,3,3,2,5,4,3,2,3,4,3,4,3,3,3,4,4,3,3,4,3,2,3,4,4,2,2,2,2,2,2,2,2,2,1,2,3,3,3,2,6,6,5,6,5,5,5,6,6,2,42,5,1,1,1,55,4000,3000,0,13201,유치원 정교사 2급 원감 연수 출산 감소,유아교육
33021,4,5,3,3,3,3,4,5,3,4,3,4,3,3,4,4,3,3,3,4,2,3,2,4,3,4,3,4,4,4,3,4,4,4,4,4,3,4,4,5,4,4,4,4,3,4,3,4,1,0,3,5,3,5,5,5,3,4,1,0,5,6,1,0,3,4,4,4,3,4,1,0,4,4,3,4,1,0,1,0,1,0,1,0,4,4,2,4,4,3,4,3,4,4,3,5,3,4,3,5,4,6,1,2,1,2,0,7,5,4,4,3,4,4,4,3,4,4,4,4,2,4,4,3,4,3,5,4,4,3,3,3,2,4,3,4,4,5,3,2,5,3,2,2,2,2,2,2,2,2,2,2,2,2,2,3,2,7,6,8,4,3,4,5,1,5,1,38,4,1,1,1,44,5000,3300,0,159104,오토캐드사 건설 경기 갈수록 일자리 감소,건축학
33022,4,5,5,5,4,4,4,4,4,4,4,4,4,4,4,4,4,4,4,4,4,4,4,4,4,4,4,4,4,4,4,5,5,6,5,6,5,5,4,4,5,5,5,5,4,5,5,5,4,5,4,4,4,4,4,4,4,4,4,4,4,4,4,4,4,4,4,4,3,3,4,4,4,4,3,4,4,4,4,5,4,4,4,4,4,4,4,4,4,4,4,3,4,3,4,4,3,4,3,4,3,15,2,4,2,2,0,2,4,4,4,4,4,4,4,3,4,4,4,4,2,4,4,4,4,5,5,4,5,4,4,4,3,4,5,5,4,5,4,5,5,3,2,2,2,2,2,2,2,2,2,2,3,3,3,3,2,6,7,5,3,2,6,6,7,6,1,37,4,1,1,1,40,2800,2000,0,250301,나라 군인 항상,무역학
33023,1,0,3,4,2,3,4,5,2,3,1,0,1,0,2,3,3,4,1,0,1,0,1,0,2,3,1,0,3,4,1,0,2,3,3,4,2,3,1,0,1,0,1,0,2,3,1,0,1,0,1,0,1,0,1,0,1,0,1,0,3,4,1,0,1,0,1,0,1,0,1,0,2,3,1,0,1,0,2,3,1,0,1,0,1,0,1,0,3,3,3,3,4,4,4,3,3,3,3,2,3,3,1,2,2,2,0,7,5,4,3,2,4,4,3,3,4,3,3,3,3,3,3,3,2,3,3,3,3,4,4,3,3,3,4,3,3,4,4,3,3,4,2,2,2,2,2,2,2,2,2,2,2,2,2,3,1,4,3,4,5,6,7,4,5,6,1,51,4,1,1,1,42,4224,3109,0,612401,중시 직업 인력,경영
33024,4,4,4,4,4,4,3,4,4,5,3,4,4,4,4,4,4,4,3,3,3,3,3,4,3,3,3,3,3,5,4,5,3,3,3,4,4,5,3,4,4,4,3,4,4,4,3,4,4,4,4,4,2,3,1,0,1,0,2,3,4,4,2,3,2,2,2,2,1,0,1,0,4,4,2,3,3,3,3,3,3,3,1,0,3,4,3,3,4,3,4,3,4,3,4,4,3,4,3,4,3,11,2,2,2,2,0,7,5,4,3,4,4,4,4,3,4,4,3,4,4,3,4,3,4,4,4,4,3,4,4,3,4,4,4,4,3,4,4,4,4,4,2,2,2,2,2,2,2,2,2,1,3,3,3,3,2,6,7,7,6,7,7,6,7,6,2,35,4,1,3,1,52,3300,2700,0,32101,은행 일자리,경제학
33025,4,4,4,5,3,4,3,5,4,5,3,5,1,0,3,4,4,5,3,5,3,5,3,5,4,5,3,5,4,5,3,4,4,4,4,4,4,4,4,5,4,4,2,4,3,3,3,4,4,5,4,4,4,4,3,5,3,3,1,0,3,3,4,4,4,4,4,4,4,5,3,5,4,5,3,5,4,4,3,5,2,2,3,3,3,4,4,4,4,4,3,4,3,4,3,4,3,4,3,4,4,6,1,2,1,1,2,2,5,4,3,4,4,3,4,5,4,4,5,4,4,4,4,3,4,4,3,4,4,4,4,4,4,5,4,4,5,5,4,4,4,4,2,2,2,2,2,2,2,2,2,1,3,3,3,3,2,7,6,7,8,8,7,6,5,6,1,29,4,1,3,1,60,2800,2550,0,140206,산업안전기사 환경기사 건설안전기사 교육 내용에 보완이 필요 자동화 크게 차이,건축
33026,2,3,3,4,1,0,3,4,1,0,2,3,3,4,3,4,4,5,3,4,4,5,4,5,3,4,4,5,4,6,4,6,3,4,4,6,4,3,5,6,4,6,4,5,4,5,3,4,3,5,4,5,3,4,2,3,4,5,3,4,3,4,3,4,4,4,3,4,3,5,3,4,4,6,2,2,4,5,3,4,4,5,1,0,4,4,3,4,3,5,2,3,3,2,3,3,2,3,3,3,2,14,1,5,2,2,0,3,4,4,3,4,5,4,3,3,4,4,2,4,2,4,4,5,4,3,2,3,4,3,4,4,3,4,3,4,3,2,3,3,3,4,2,2,2,2,2,2,2,2,2,2,1,2,2,2,1,8,4,7,4,5,5,7,4,5,1,47,4,1,1,1,45,6700,3000,0,14301,장비 발달 업체 등장,환경학
33027,3,4,3,3,2,2,5,6,3,3,2,2,1,0,3,4,2,2,1,0,3,5,2,3,4,4,2,2,2,3,5,5,5,7,3,2,2,2,4,4,2,3,2,2,4,3,4,3,1,0,1,0,1,0,1,0,1,0,1,0,3,4,1,0,1,0,1,0,1,0,1,0,1,0,1,0,1,0,1,0,2,1,3,3,2,4,3,2,3,3,4,3,3,3,3,2,3,3,3,3,3,11,1,2,1,2,0,7,4,3,3,3,4,4,3,3,3,3,3,3,3,3,3,4,3,3,3,2,4,3,3,4,3,2,3,2,4,3,3,2,4,4,2,2,2,2,2,2,2,2,2,2,2,3,3,3,2,8,7,2,3,3,4,3,5,8,1,46,4,1,3,1,40,4000,3600,0,33201,보험중개사자격증 채널 통한 보험 판매,행정학
33028,4,5,4,5,5,7,2,2,1,0,4,6,3,5,3,4,3,3,1,0,4,6,2,2,4,5,3,4,3,4,2,3,3,4,2,1,2,2,1,0,5,3,4,6,3,3,1,0,2,1,2,3,1,0,1,0,1,0,1,0,2,2,1,0,1,0,1,0,1,0,1,0,3,2,1,0,1,0,1,0,2,2,1,0,2,2,2,2,3,3,5,2,4,4,3,4,1,4,4,4,4,14,1,2,2,2,0,2,5,3,2,2,3,3,2,3,3,3,4,3,4,2,2,4,4,3,2,3,2,3,3,3,3,3,2,3,4,4,2,2,5,3,2,2,2,2,2,2,2,2,2,1,1,3,3,3,2,9,9,2,5,3,4,5,5,5,2,32,4,1,3,2,49,4191,2800,0,412001,장기 침체 경영 악화 광고 수입 감소 신문 잡지 구독 저하 신규 일자리,방송연예
33029,4,5,4,4,2,4,3,3,1,0,3,3,2,3,3,3,2,3,3,5,2,3,1,0,4,5,4,5,4,4,4,3,3,2,3,3,2,4,2,2,3,3,4,6,4,4,4,4,1,0,4,5,2,4,4,4,3,3,2,3,3,4,5,5,3,4,1,0,1,0,1,0,4,4,2,3,3,3,3,4,3,3,1,0,3,5,3,5,4,3,2,3,4,4,3,3,3,4,3,3,4,8,1,4,2,2,0,6,4,4,3,3,2,4,4,3,4,4,4,4,2,4,3,4,4,3,2,3,3,4,2,4,3,4,5,3,4,5,4,3,4,4,2,2,2,2,2,2,2,2,2,2,2,3,3,3,2,5,5,5,6,4,6,6,6,5,1,48,4,1,1,1,40,6500,4800,0,15201,물동량 감소 일감,경영학
33030,4,5,4,5,3,4,2,4,4,5,5,5,4,5,4,5,3,6,2,4,4,5,4,6,4,4,3,4,2,4,3,5,2,4,2,4,2,4,2,3,5,5,3,4,4,6,2,4,2,4,3,5,5,6,5,6,4,5,5,6,5,6,4,4,5,5,4,5,5,6,4,6,4,6,3,5,2,4,2,3,2,3,3,4,2,4,1,0,4,4,5,4,4,4,4,4,3,4,4,4,4,10,1,3,1,2,0,5,5,5,4,4,4,5,4,4,4,4,4,4,3,4,3,4,3,2,3,3,3,4,4,4,3,3,2,2,3,3,3,2,5,4,2,2,2,2,2,2,2,2,2,2,4,1,1,1,1,4,6,3,6,5,4,4,5,6,1,40,4,1,1,1,48,4200,3000,0,133101,컴퓨터시스템응용기술사 게임 개발 급증,전자공학
33031,2,3,3,4,1,0,2,3,3,3,4,6,2,2,3,4,3,4,3,4,3,4,2,2,2,2,2,2,2,2,2,2,2,2,2,2,2,3,1,0,3,4,3,4,3,3,2,3,2,3,3,3,4,4,2,3,1,0,1,0,3,3,1,0,1,0,2,2,1,0,1,0,4,5,3,4,3,3,3,3,3,4,3,3,4,5,3,5,4,3,4,4,4,3,4,3,4,4,4,3,4,6,1,2,1,2,0,7,5,4,4,5,4,5,5,4,3,4,4,4,2,4,4,3,4,4,3,4,3,5,3,5,4,4,5,5,4,4,4,3,5,4,2,2,2,2,2,2,2,2,2,1,4,3,3,3,2,3,2,3,1,2,3,6,9,9,1,28,4,1,1,1,45,3200,2900,0,155306,토양환경기사 토양환경기술사 환경 대한 규제 강화 토양 기술자,환경학
33032,4,6,4,5,5,7,3,4,1,0,3,3,5,7,3,3,4,5,2,2,5,7,3,4,4,4,2,3,2,2,1,0,2,2,1,0,1,0,1,0,2,2,1,0,2,2,1,0,1,0,1,0,1,0,1,0,1,0,1,0,3,5,1,0,1,0,1,0,1,0,1,0,1,0,1,0,1,0,1,0,3,5,2,2,1,0,1,0,4,3,4,2,4,2,5,4,3,3,4,3,4,18,4,1,1,1,3,7,1,4,3,3,5,4,3,2,9,9,9,3,2,4,4,3,4,4,3,4,3,3,3,4,5,3,2,3,4,4,5,4,4,4,2,2,2,2,2,2,2,2,2,1,2,2,2,2,2,9,4,7,3,4,6,7,3,2,1,52,4,1,4,2,30,1100,800,0,411103,교사 자격증 시나리오 기초 교육 코로나 영향 대면 문화 콘텐츠 시나리오 분야 수요 대폭 증가,영문학
33033,2,3,2,3,2,3,2,3,3,3,2,3,2,2,2,3,2,3,1,0,2,3,1,0,1,0,1,0,1,0,1,0,1,0,1,0,1,0,1,0,2,2,2,2,2,3,1,0,1,0,1,0,2,2,2,3,2,2,2,2,2,3,1,0,1,0,2,2,2,2,2,3,1,0,1,0,1,0,1,0,1,0,1,0,2,2,2,2,3,3,2,3,4,2,3,4,3,3,3,2,3,4,1,2,1,2,0,5,3,3,3,3,4,4,3,3,3,4,4,3,2,3,3,4,3,3,3,1,2,4,3,5,3,4,3,4,3,5,3,3,4,4,2,2,2,2,2,2,2,2,2,1,3,3,3,3,2,6,6,6,4,4,5,4,4,5,1,33,4,1,1,1,40,3800,3600,0,153106,전기안전기술사 변화,전기공학
33034,5,7,4,5,4,5,4,5,3,5,4,5,3,4,3,4,3,4,2,2,2,2,4,5,2,3,2,3,2,3,2,2,2,2,2,2,2,2,2,2,2,2,2,2,4,5,1,0,1,0,1,0,1,0,1,0,1,0,1,0,3,4,1,0,1,0,1,0,1,0,1,0,1,0,1,0,1,0,1,0,1,0,1,0,3,4,3,4,4,4,2,3,3,5,3,2,1,4,4,4,2,13,1,2,2,2,0,2,2,4,3,3,3,4,3,3,3,3,4,3,3,4,4,4,3,4,4,3,4,3,4,4,3,4,4,3,4,2,4,4,4,3,2,2,2,2,2,2,2,2,2,1,3,2,2,2,1,8,6,4,3,1,2,8,4,3,2,27,4,1,1,1,48,2400,2000,0,29303,지금 생각,통계학
33035,1,0,3,5,1,0,3,4,4,6,4,6,4,6,2,2,3,4,3,4,2,2,3,4,3,4,2,2,3,4,4,6,3,4,3,4,2,2,1,0,4,6,2,2,3,4,1,0,3,4,1,0,4,6,4,6,4,6,3,4,3,4,4,6,3,4,2,2,1,0,1,0,1,0,4,6,4,6,4,6,3,4,3,4,4,6,3,5,4,4,3,3,4,2,4,4,3,4,2,3,3,19,1,1,2,2,0,2,1,3,3,2,4,4,3,4,9,9,4,4,3,3,3,4,3,4,2,2,4,2,4,4,4,2,1,1,4,5,4,3,4,3,2,2,2,2,2,2,2,2,2,2,2,2,2,2,1,3,7,3,6,4,6,3,7,4,1,48,2,1,1,1,40,3500,2500,0,703101,현재 시공 자재 고급 고장률 때문,인문계
33036,3,4,4,4,4,4,4,5,2,1,2,2,3,5,4,4,4,5,3,5,2,3,3,4,4,4,4,4,4,4,4,5,4,4,3,4,3,4,4,4,4,4,4,3,4,5,2,4,3,4,4,3,3,4,3,4,4,5,3,4,4,4,4,5,4,4,4,4,3,3,4,4,3,4,3,4,3,4,3,4,3,5,3,4,2,4,4,4,4,4,3,3,4,3,3,4,3,4,4,4,4,18,1,1,2,2,0,3,5,4,4,4,3,3,3,3,3,4,4,4,3,3,2,4,4,3,4,2,3,4,3,4,3,4,4,4,4,3,4,2,4,4,2,2,2,2,2,2,2,2,2,2,2,2,3,3,2,8,7,4,5,4,3,3,6,7,1,59,4,2,5,1,52,0,0,7000,416102,자동화 일자리 감소,연극영화
33037,2,2,3,4,2,1,3,4,2,2,3,3,2,1,2,2,3,4,2,1,2,1,2,3,3,4,2,2,3,4,3,4,2,2,2,1,3,3,3,4,3,4,3,4,3,3,2,2,2,2,2,2,2,1,2,1,2,2,2,1,2,2,2,3,2,1,3,3,2,2,2,3,2,2,3,4,3,3,3,4,3,3,3,4,2,2,2,2,4,4,3,3,4,3,4,4,3,3,4,3,3,17,1,3,1,2,0,7,2,3,3,4,4,4,3,2,3,3,4,3,3,4,2,4,3,2,2,3,4,3,4,4,3,3,4,3,4,4,4,3,4,2,2,2,2,2,2,2,2,2,2,2,4,1,3,3,1,7,6,5,4,4,4,4,6,5,2,52,2,1,1,1,52,3300,2000,0,550101,요양보호사 자격증 입원 환자 비례,문과
33038,3,4,4,6,3,4,5,6,4,6,4,5,4,5,3,4,4,5,4,5,3,4,3,4,3,4,3,4,4,5,4,5,4,5,3,4,1,0,3,4,4,5,3,4,1,0,1,0,1,0,1,0,4,5,5,6,4,5,4,5,5,5,2,2,3,4,3,3,1,0,1,0,3,4,1,0,1,0,1,0,1,0,1,0,4,5,1,0,5,4,4,4,5,4,4,2,2,5,4,3,3,13,1,1,2,2,0,7,5,4,4,5,4,5,4,4,5,5,4,4,4,3,4,4,3,4,4,3,4,5,4,4,4,5,5,4,4,4,4,4,4,4,2,2,2,2,2,2,2,2,2,1,3,3,3,3,2,3,2,1,2,7,7,8,7,3,1,38,4,1,1,1,40,4100,3100,0,415504,변화,시각디자인
33039,2,3,3,4,2,2,1,0,2,3,2,3,4,5,2,3,3,4,3,4,2,3,3,4,3,4,1,0,2,3,3,4,2,3,2,3,1,0,2,3,2,3,1,0,3,4,1,0,3,4,1,0,2,3,2,3,2,3,1,0,1,0,1,0,4,5,1,0,1,0,2,3,2,3,2,3,2,3,4,5,2,3,4,5,4,5,2,3,3,3,4,3,4,3,3,3,3,3,4,3,3,18,1,2,1,1,1,7,5,3,3,3,4,4,3,3,3,4,4,3,2,3,4,3,4,3,3,4,3,3,3,4,4,3,3,4,3,3,4,4,4,4,2,2,2,2,2,2,2,2,2,2,3,2,2,3,1,5,4,7,5,6,7,5,4,6,2,30,4,1,3,2,44,3115,2800,0,416401,방송통신산업기사 실무위주의 기본 훈련 인원 한정,영상예술학
33040,1,0,3,4,2,3,2,3,3,4,2,3,1,0,2,4,2,3,3,4,2,3,1,0,2,3,2,4,2,3,2,3,2,3,2,4,3,4,3,4,3,4,3,5,3,4,1,0,2,3,2,3,3,4,1,0,2,3,2,3,1,0,2,4,1,0,2,3,2,3,2,3,1,0,4,5,4,5,3,4,5,6,4,6,3,4,2,4,4,5,4,4,3,1,3,2,2,3,3,4,4,6,4,1,2,2,0,4,1,4,3,3,4,4,3,3,9,9,3,3,3,4,3,5,5,4,4,2,3,3,3,4,4,2,2,3,4,4,4,3,4,2,2,2,2,2,2,2,2,2,2,1,2,2,2,3,2,9,9,9,3,3,5,8,8,8,1,60,2,1,4,2,40,4500,3000,0,701701,건설 불경기 무량 감소,공고(기계)
33041,3,4,4,5,2,3,4,6,2,3,2,2,2,3,2,3,5,6,3,4,3,2,5,7,4,5,3,4,5,6,4,5,4,3,2,3,2,2,3,4,3,3,2,3,4,4,2,2,3,4,2,2,2,2,3,4,3,4,1,0,1,0,1,0,3,2,2,2,3,2,2,2,5,4,2,2,2,2,3,2,3,4,3,4,4,3,2,2,4,4,5,3,4,1,4,2,3,4,3,3,4,18,5,1,1,2,0,4,4,4,4,4,4,4,4,3,9,9,4,4,2,4,4,5,4,4,4,3,4,2,3,5,4,4,3,5,5,4,4,4,5,5,2,2,2,2,2,2,2,2,2,1,2,2,2,2,2,6,5,6,5,5,5,5,4,4,1,33,3,2,6,1,40,0,0,3200,420401,사범자격증 심판자격증 생활체육지도자 저출산 이동 감소,태권도학
33042,2,1,4,2,2,1,4,1,2,1,3,2,2,1,4,4,4,1,4,2,1,0,2,2,4,2,4,3,1,0,2,3,1,0,1,0,4,2,2,1,3,5,4,2,5,1,4,1,2,3,2,2,5,3,4,3,5,1,4,3,2,2,4,3,3,1,4,2,5,4,4,3,2,2,4,3,4,2,2,3,4,1,5,2,3,2,2,2,2,4,3,4,2,3,2,2,4,4,2,2,3,3,1,2,2,2,0,1,4,3,2,2,4,3,5,3,4,3,4,3,5,1,2,2,4,3,2,2,4,3,4,3,5,4,4,3,4,5,4,3,4,5,2,2,2,2,2,2,2,2,2,2,3,3,3,3,2,7,6,7,4,5,5,3,6,6,1,60,2,2,5,1,40,0,0,2700,873201,식품 분야 사람 변화,인문
33043,3,4,2,3,4,3,1,0,2,4,2,3,1,0,3,3,4,3,4,2,3,3,4,4,4,2,2,2,1,0,4,2,1,0,1,0,2,5,1,0,3,4,3,3,2,2,1,0,3,2,1,0,5,4,4,2,2,4,4,4,3,3,2,3,4,2,2,2,4,2,2,2,4,1,1,0,2,3,3,4,4,1,1,0,4,4,1,0,3,1,4,4,5,4,3,4,3,5,4,4,4,13,1,2,1,2,0,2,5,3,5,4,4,5,4,3,5,4,4,5,4,3,5,3,4,2,3,4,4,3,5,3,4,3,5,4,4,3,5,4,5,4,2,2,2,2,2,2,2,2,2,2,3,3,2,2,2,4,3,6,4,7,3,7,5,4,1,35,4,1,1,1,40,3400,3200,0,155401,환경측정분석사 환경기능사 환경 업체 포화 상태,환경공학
33044,5,6,4,6,5,7,5,6,4,6,5,6,4,5,4,5,5,6,4,6,4,5,5,6,5,6,4,6,5,6,5,6,4,5,4,4,5,6,4,5,5,6,4,5,5,6,4,5,4,5,4,4,5,5,5,6,4,4,3,4,4,5,5,5,4,5,4,5,4,4,4,5,4,5,4,4,3,4,4,5,3,5,3,4,4,5,4,4,4,3,4,5,4,4,5,4,3,4,4,4,5,16,5,2,2,2,0,7,5,4,3,3,5,4,5,5,5,4,4,4,1,3,3,4,3,4,2,1,4,3,4,5,4,3,3,3,2,4,3,3,4,3,2,2,2,2,2,2,2,2,2,1,3,3,3,3,2,6,5,5,5,4,5,2,5,4,1,58,6,1,1,1,40,8500,3500,0,13101,상태 유지,행정학
33045,5,6,5,5,4,4,5,5,4,5,3,4,2,2,3,3,3,4,3,4,2,3,5,4,4,5,3,3,3,4,4,5,4,5,4,5,3,4,4,5,3,4,5,5,5,5,5,5,3,4,2,3,2,3,2,3,1,0,1,0,2,3,1,0,1,0,1,0,1,0,1,0,2,2,1,0,1,0,1,0,2,2,2,4,3,4,3,5,3,4,3,3,3,4,4,4,4,4,4,3,4,11,1,2,1,2,0,3,2,4,3,3,4,4,4,3,3,4,4,3,3,3,2,4,2,2,3,1,2,4,4,5,3,2,2,2,3,3,3,2,5,4,2,2,2,2,2,2,2,2,2,2,2,2,2,2,1,5,6,5,4,5,5,6,5,5,2,24,2,1,1,1,50,2200,1900,0,33202,보험설계사 포화 상태,상고
33046,4,4,3,5,2,5,3,3,2,5,4,6,2,4,3,5,2,5,3,5,1,0,4,5,2,5,3,5,2,4,3,5,2,4,4,6,3,5,2,3,3,5,4,6,3,5,2,4,3,5,2,4,3,5,3,5,4,6,3,5,2,2,3,5,4,5,3,5,4,6,5,6,4,6,3,5,3,4,4,6,2,4,2,4,3,5,2,5,3,4,2,3,4,3,4,2,3,2,4,3,4,10,1,3,1,2,0,2,3,4,3,3,3,4,3,4,3,4,4,3,2,3,3,4,3,3,2,3,4,3,3,4,3,4,3,3,2,2,3,4,4,3,2,2,2,1,1,2,1,2,1,2,3,2,3,3,2,3,2,8,2,8,3,6,8,4,1,42,3,1,1,1,40,3700,3100,0,136001,통신선로산업기사 업무 난이도 증가 지속 업무 때문 변화 생각,정보통신공학
33047,1,0,1,0,1,0,1,0,1,0,1,0,1,0,1,0,1,0,1,0,1,0,2,3,1,0,3,3,3,3,3,4,3,4,2,2,3,2,3,4,3,3,3,4,3,3,3,3,3,3,2,2,3,4,3,4,3,4,4,6,1,0,1,0,3,3,3,3,2,2,2,2,1,0,3,4,3,3,3,4,4,6,1,0,1,0,1,0,3,4,3,3,4,3,4,3,4,3,3,3,3,18,1,2,2,1,3,4,3,3,4,4,5,4,4,3,3,3,3,3,2,4,4,3,4,3,3,4,2,3,4,3,4,3,3,4,3,3,2,2,2,3,2,2,2,2,2,2,2,2,2,4,3,2,2,2,2,3,4,6,5,5,7,3,7,6,1,26,3,1,1,1,45,2800,2400,0,416701,무대설치 운영 상황 유지,영상제작
33048,5,5,4,5,4,6,4,5,4,5,4,6,2,4,3,4,4,4,3,5,5,5,4,6,4,5,4,5,4,5,5,6,5,5,4,5,4,3,3,5,4,5,5,5,4,6,3,4,2,4,4,6,2,4,2,4,2,4,1,0,5,6,1,0,2,4,3,5,2,3,1,0,4,5,2,4,1,0,2,4,1,0,3,5,3,4,3,4,4,4,3,5,4,4,4,3,4,3,4,4,3,18,1,2,2,2,0,4,2,3,4,4,3,4,4,4,9,4,5,4,2,4,4,4,3,5,3,4,3,2,3,5,4,3,4,4,3,3,4,3,3,3,2,2,2,2,2,2,2,2,2,1,4,3,2,2,2,7,7,5,3,2,3,4,4,4,2,33,2,1,3,2,35,5000,2000,0,414601,세계 한국 위상,인문계
33049,3,3,3,3,3,3,3,3,3,3,3,3,3,3,2,2,3,2,3,3,3,3,3,3,3,3,3,3,2,3,3,3,3,3,2,3,3,3,3,3,3,4,3,3,3,3,3,3,3,3,3,3,3,3,3,4,3,3,3,3,3,3,3,3,3,3,5,5,3,6,4,6,3,3,3,5,3,5,3,3,3,3,3,3,3,3,3,3,4,2,3,3,3,2,2,2,3,4,2,2,1,4,1,6,2,2,0,2,5,3,4,3,4,4,3,3,3,4,4,4,2,5,4,2,3,2,3,4,5,2,2,4,3,4,4,4,3,4,2,2,5,5,2,2,2,2,2,2,2,2,2,1,2,3,3,3,2,6,5,6,4,5,6,5,6,4,1,32,4,1,1,1,40,3300,3000,0,851101,경기 침체 예상,화학공학
33050,3,4,2,3,1,0,3,4,1,0,3,4,5,7,3,5,3,3,4,6,4,5,3,5,5,7,1,0,2,2,1,0,1,0,1,0,1,0,1,0,3,3,2,3,3,4,2,2,1,0,1,0,1,0,1,0,2,2,1,0,5,6,1,0,2,1,1,0,1,0,1,0,1,0,4,6,2,3,3,5,1,0,1,0,4,6,5,7,4,3,3,1,3,2,3,4,3,3,3,3,4,18,4,1,2,1,2,7,5,3,3,3,3,4,3,1,9,9,9,1,2,4,4,3,4,4,4,3,4,4,2,4,5,3,3,4,4,4,4,3,4,3,2,1,1,2,2,2,2,2,2,2,3,2,2,2,2,6,9,7,8,6,3,7,8,6,1,29,4,1,4,2,22,2000,1000,0,414502,세법 근로계약서 작성 컴퓨터 기능 소프트웨어 출현 작곡 진입 장벽 상황 유지,실용음악(베이스)
33051,5,6,5,6,5,6,5,6,3,5,5,6,4,4,4,5,3,4,2,2,3,4,4,4,4,4,4,4,5,5,3,3,4,4,4,5,4,5,4,5,4,5,4,5,4,5,4,6,4,5,4,4,4,5,3,3,2,3,3,3,3,3,2,3,2,2,2,2,2,2,2,2,4,6,2,2,1,0,3,4,2,2,2,2,4,5,3,3,4,3,4,3,3,4,2,5,2,4,4,3,4,13,1,5,1,1,6,7,5,3,3,3,4,4,2,3,3,3,3,3,3,2,2,4,3,3,3,2,2,4,3,3,3,3,3,3,4,3,3,3,3,4,2,1,2,2,2,2,2,1,1,2,2,3,3,3,1,3,3,3,2,3,3,4,4,4,1,42,5,1,1,1,40,8000,5000,0,221201,변호사 자격증 법률지식 교육 분쟁 복잡 해결 방법 어려움 증대 법률 판단,법학
33052,2,2,2,2,2,3,2,1,1,0,1,0,1,0,3,3,2,3,1,0,1,0,1,0,1,0,3,5,1,0,2,3,1,0,1,0,1,0,2,3,2,1,1,0,1,0,1,0,1,0,1,0,2,2,4,5,3,5,3,3,1,0,1,0,1,0,3,5,4,5,3,4,1,0,3,4,4,4,1,0,2,2,2,3,2,3,2,2,4,2,2,3,3,2,3,2,3,2,3,3,4,3,1,4,2,2,0,2,2,3,4,3,3,5,3,3,3,4,5,4,3,4,3,4,1,1,2,4,5,5,3,4,1,1,2,4,3,4,3,2,3,4,2,2,2,2,2,2,2,2,2,2,2,3,2,2,1,8,7,8,5,4,6,8,4,3,1,31,2,1,1,1,40,3300,2900,0,826101,대형화 인력 수요 감소,문과
33053,2,1,3,4,2,1,2,1,3,3,1,0,1,0,3,5,3,4,4,5,1,0,2,1,4,5,2,1,3,4,4,5,1,0,1,0,3,4,4,5,2,1,4,5,3,4,3,4,2,3,2,1,1,0,1,0,4,5,3,4,1,0,2,1,3,5,4,5,3,4,3,5,1,0,3,4,3,4,2,2,4,6,3,4,3,4,4,5,4,4,4,2,2,4,3,4,2,3,2,2,3,19,1,1,2,2,0,2,2,3,3,4,5,4,4,3,4,3,3,3,3,4,3,3,4,4,3,3,4,4,4,3,3,4,4,3,2,3,3,3,3,4,2,2,2,2,2,2,2,2,2,4,2,2,2,3,2,5,5,6,4,5,5,5,5,6,1,51,2,1,1,1,30,2700,2300,0,615701,셀프 주유소 증가 일자리 감소,이과
33054,3,5,3,4,3,5,2,2,2,2,2,3,3,4,3,4,3,3,4,4,3,4,3,5,4,4,4,5,3,4,4,4,4,4,2,3,2,3,3,3,4,5,4,5,4,4,2,2,4,5,4,5,4,5,4,5,4,5,4,5,1,0,4,5,4,5,3,5,3,5,4,5,3,4,3,4,4,4,4,5,4,5,4,5,3,4,3,4,4,4,2,3,4,2,3,3,4,3,2,3,3,7,1,6,2,2,0,7,5,4,3,3,4,3,3,3,3,3,4,4,3,2,3,2,3,3,4,3,3,3,3,4,3,3,4,3,2,4,3,2,4,4,2,2,2,2,2,2,2,2,2,1,3,2,2,3,1,6,6,5,6,3,4,7,3,4,2,37,5,1,1,1,43,4700,3000,0,873501,크게 변화,식품학
33055,4,4,2,3,3,4,2,3,4,4,2,2,1,0,4,2,3,4,2,2,3,3,4,4,3,2,4,2,2,1,1,0,1,0,1,0,2,5,1,0,3,3,3,3,4,2,1,0,2,2,1,0,5,4,2,5,4,3,3,2,3,3,2,1,3,2,3,2,2,2,4,4,2,4,2,2,3,3,1,0,2,1,1,0,2,2,1,0,4,3,5,3,3,4,4,2,3,5,4,4,2,15,2,3,1,2,0,3,5,3,3,4,4,3,5,3,5,5,4,4,4,5,3,4,2,3,3,4,2,3,4,4,3,5,4,4,3,5,4,4,5,4,2,2,2,2,2,2,2,2,2,2,4,3,3,3,2,4,3,6,4,8,8,3,6,7,1,49,5,1,1,1,40,5200,4700,0,155306,토양환경기사 환경 대한 관심 전문 지식,환경공학
33056,3,4,3,3,2,3,2,3,3,3,3,4,5,7,5,7,4,6,4,6,5,6,5,6,5,6,1,0,2,1,5,6,1,0,1,0,1,0,5,7,5,7,4,6,4,6,1,0,1,0,1,0,4,6,1,0,4,6,2,1,3,3,1,0,4,6,1,0,1,0,2,1,4,6,4,6,4,6,2,2,1,0,2,2,5,7,3,2,5,5,5,4,4,5,4,5,4,5,4,4,4,13,2,3,2,2,0,2,6,5,5,4,5,4,4,4,3,3,5,4,1,4,4,4,3,5,2,3,4,4,4,3,4,5,2,3,4,5,4,2,5,4,2,2,2,2,2,2,2,2,2,2,4,3,3,3,2,6,5,8,4,7,7,4,7,6,1,32,6,1,1,1,40,4700,4300,0,121106,과학기술 기초 분야 인력,기상학
33057,5,6,4,5,4,6,4,5,3,5,4,5,4,5,4,5,4,6,4,4,4,6,4,4,4,6,4,6,4,4,3,5,4,5,4,5,3,4,4,6,4,4,4,4,4,4,5,6,1,0,1,0,1,0,1,0,4,4,1,0,4,6,1,0,1,0,4,4,2,2,1,0,1,0,1,0,1,0,1,0,1,0,1,0,4,5,3,5,4,4,5,4,3,4,4,4,3,4,4,3,4,17,1,3,1,1,6,2,6,4,4,5,4,3,5,5,4,5,5,4,4,4,4,5,4,4,4,5,4,4,4,4,3,4,4,4,3,4,5,4,4,4,2,2,2,2,2,2,2,2,2,1,3,3,2,2,2,7,3,2,7,5,5,5,4,5,2,39,5,2,5,1,40,0,0,6800,301108,의사면허 전문의자격증 레지던트 출산율 저하,의학
33058,2,4,3,4,2,3,3,4,2,3,3,3,2,3,2,3,3,3,1,0,2,3,2,3,4,4,2,3,3,4,2,2,2,2,3,3,2,2,4,5,3,4,2,3,2,2,3,3,3,4,1,0,2,3,4,6,4,5,1,0,4,6,2,2,5,2,2,2,2,3,2,2,1,0,5,6,4,5,3,4,2,3,2,2,5,6,2,3,4,4,3,2,3,4,4,3,4,3,2,3,3,7,4,1,1,2,0,2,4,4,3,3,4,4,4,3,9,9,5,3,1,4,5,4,3,2,4,3,4,3,3,4,4,5,4,3,4,5,4,3,5,4,2,2,2,2,2,2,2,2,2,1,3,3,2,2,2,8,8,5,6,4,3,4,5,6,1,48,3,2,6,1,48,0,0,5000,307301,안경사 자격증 시력 관련 수요,안경광학
33059,3,5,3,3,1,0,3,4,3,4,1,0,1,0,1,0,3,4,1,0,1,0,3,4,3,4,3,4,1,0,1,0,1,0,1,0,3,4,3,4,3,4,3,4,1,0,3,4,1,0,1,0,3,4,1,0,3,4,3,4,1,0,3,4,1,0,3,4,3,4,2,4,1,0,3,4,3,3,3,4,4,4,3,4,3,4,4,5,4,3,3,1,3,3,3,3,3,3,2,4,3,3,4,1,1,2,0,2,3,3,2,2,4,4,3,3,9,9,3,3,2,4,4,4,4,3,4,2,4,2,2,3,3,3,3,4,5,5,4,3,3,3,1,2,2,1,2,2,2,2,1,1,2,2,2,2,1,7,7,6,7,7,7,6,7,6,2,37,3,2,6,1,40,0,0,3800,871101,제과기능사 개발 변화 경기 침체,식품영양학
33060,1,0,3,3,1,0,4,4,1,0,3,5,3,4,4,5,4,5,1,0,1,0,1,0,4,4,1,0,4,4,1,0,1,0,1,0,1,0,4,4,3,4,3,4,1,0,3,4,4,4,1,0,3,3,1,0,4,4,4,4,1,0,1,0,3,4,4,5,4,5,4,5,1,0,4,5,2,3,1,0,1,0,2,2,4,4,2,3,5,4,4,3,3,3,4,4,3,3,3,4,4,3,1,1,2,2,0,3,1,3,3,2,4,3,4,2,9,9,9,2,2,4,4,4,3,2,3,2,4,3,5,5,4,4,3,4,3,5,3,3,4,4,2,2,2,2,2,2,2,2,2,3,1,2,2,2,2,9,8,9,2,2,9,9,4,6,2,67,1,2,5,1,45,0,0,2000,863101,한복 성화,0
33061,5,5,5,5,5,6,5,6,4,3,5,6,4,5,4,5,4,4,5,5,5,6,4,6,5,5,4,5,4,5,5,6,4,5,4,5,5,6,4,5,4,5,5,7,5,7,4,5,4,5,5,7,4,5,4,5,5,6,4,5,4,5,4,5,3,4,3,4,3,4,3,4,4,5,4,5,4,5,4,5,4,5,4,5,4,5,4,5,4,5,2,3,4,1,1,5,2,4,5,5,2,15,2,6,2,1,2,4,5,4,2,2,1,4,1,4,2,4,4,3,4,3,2,4,5,1,2,1,3,5,3,5,3,4,4,4,3,4,4,3,5,5,2,2,2,2,2,2,2,2,2,2,2,1,1,2,2,5,5,5,5,5,5,1,5,1,1,33,4,1,1,1,60,5500,5000,0,250201,군사훈련 출산율 감소,군사학
33062,5,6,4,6,4,5,4,4,3,4,5,5,3,4,5,5,4,5,3,4,3,4,4,4,2,2,1,0,4,5,3,4,4,4,3,4,1,0,2,3,3,3,4,4,2,3,1,0,1,0,1,0,3,4,3,4,4,4,1,0,4,4,1,0,3,4,3,4,1,0,1,0,1,0,1,0,1,0,1,0,1,0,1,0,3,4,4,4,5,4,3,3,3,4,3,3,3,4,3,3,4,17,5,6,1,2,0,6,6,3,3,3,5,4,3,3,2,4,4,3,3,3,3,4,4,3,4,3,2,3,2,5,4,4,3,4,4,5,4,3,3,3,2,2,2,2,2,2,2,2,2,2,4,3,2,3,2,6,4,4,5,3,4,5,6,7,2,28,5,1,1,1,45,3100,3000,0,306601,임상심리사 스트레스 심리 문제 사람 증가,심리학
33063,2,3,4,6,1,0,3,4,4,6,4,5,1,0,4,6,2,3,1,0,1,0,3,4,4,5,4,5,1,0,1,0,3,4,4,6,3,4,4,6,4,5,5,6,4,5,4,5,1,0,1,0,4,6,1,0,1,0,1,0,4,5,1,0,1,0,1,0,1,0,1,0,2,3,1,0,1,0,3,4,1,0,1,0,2,3,2,3,4,2,4,4,5,5,4,5,4,4,4,3,3,11,1,2,1,2,0,7,5,4,3,3,4,3,4,4,2,3,4,3,2,4,4,2,2,3,4,4,4,5,4,4,4,5,4,4,5,5,3,3,4,4,2,2,2,2,2,2,2,2,2,2,4,3,1,1,2,7,6,3,4,3,7,3,2,6,1,34,4,1,1,1,48,6700,3300,0,32201,증권투자상담사 선물거래상담사 고객 상품 니즈 일자리,국어국문학
33064,4,5,3,4,3,4,4,5,3,4,3,4,4,5,4,5,3,4,3,4,2,2,3,4,3,4,4,4,4,4,4,5,3,4,3,4,3,4,4,5,3,4,3,4,4,5,2,2,3,4,3,4,2,2,2,1,1,0,2,2,2,2,3,4,3,3,2,2,3,4,3,4,3,4,4,5,3,4,3,4,4,5,3,4,3,4,2,2,3,3,3,4,4,4,3,4,3,3,4,4,3,14,1,2,2,2,0,3,2,4,3,3,4,4,3,4,3,3,4,4,3,3,4,3,2,3,4,3,2,3,3,3,2,3,4,3,2,3,3,4,3,2,2,2,2,2,2,2,2,2,2,2,3,3,3,3,2,3,7,5,3,4,7,7,4,5,2,28,2,1,1,1,40,2800,2500,0,617101,변화,상고
33065,4,5,4,5,4,5,4,5,4,5,4,5,4,5,4,5,4,5,4,6,4,6,4,6,4,5,4,5,5,5,4,5,4,5,4,5,4,5,3,5,3,4,4,5,4,5,4,5,4,5,4,4,4,5,4,5,4,5,3,3,4,4,3,4,3,3,3,4,3,4,4,5,3,4,1,0,1,0,3,4,3,4,1,0,1,0,1,0,4,3,3,4,3,3,3,3,3,4,3,3,3,13,1,5,2,1,6,6,5,4,4,4,4,4,4,4,5,9,4,5,1,4,4,4,3,4,4,4,4,4,4,2,5,4,4,5,4,4,5,4,4,4,1,2,1,2,1,2,2,2,2,1,3,2,2,3,1,6,6,4,5,5,5,7,5,5,1,52,4,1,1,1,45,9000,3500,0,11201,반도체 설계 MCU 설계 AP 개발 반도체 기획 장비 차량 반도체 기획 때문,기계공학
33066,4,6,4,6,3,5,3,6,3,4,4,4,4,5,4,5,3,4,3,4,4,6,5,6,4,5,3,5,4,4,4,6,4,6,5,6,4,5,5,5,4,5,4,5,5,6,4,6,4,6,5,6,4,6,4,6,5,5,5,5,4,6,5,5,3,4,3,5,4,4,3,5,4,5,4,4,4,6,4,4,4,5,4,6,4,5,4,4,4,3,4,4,3,4,4,4,4,5,3,4,4,1,1,2,2,2,0,7,2,3,3,3,3,3,4,4,4,3,3,4,4,3,4,4,3,4,3,3,4,3,3,4,3,3,4,3,3,3,4,3,3,3,2,2,2,2,2,2,2,2,2,2,3,3,3,3,2,7,8,4,3,3,5,7,5,4,1,45,2,1,1,1,45,3800,2700,0,903101,채용 인원 한정,기계
33067,3,2,3,3,2,2,4,4,2,2,3,1,2,2,2,2,3,1,2,3,1,0,2,2,3,1,2,2,4,3,3,3,2,1,2,2,3,1,4,3,2,1,2,2,3,1,2,2,4,3,2,1,2,2,1,0,2,2,1,0,3,2,1,0,2,2,3,1,1,0,1,0,1,0,3,2,2,2,2,3,2,2,2,1,3,3,2,3,3,3,3,2,2,2,2,3,3,2,3,1,4,7,1,2,2,2,0,2,2,2,1,1,4,4,4,2,3,3,3,3,4,3,4,4,4,2,2,3,2,5,2,4,3,3,5,4,3,3,2,4,3,4,2,2,2,2,2,2,2,2,2,1,2,3,2,2,1,7,6,3,4,1,4,2,5,5,1,30,2,1,2,2,40,2900,2000,0,615203,온라인 판매 증가,인문계
33068,5,7,4,7,4,6,4,6,4,6,4,6,4,5,4,6,4,5,4,5,5,6,4,5,4,6,4,6,4,5,4,6,5,6,4,6,4,5,4,5,4,5,4,5,4,4,4,5,4,4,4,5,5,7,5,7,5,7,5,7,4,4,4,6,4,6,5,6,4,6,4,5,4,6,4,6,4,4,4,6,4,3,4,4,4,5,4,5,4,3,4,4,4,3,4,4,4,4,3,4,3,10,1,3,1,1,2,5,4,5,5,5,4,4,3,4,4,4,5,5,2,4,4,2,4,4,3,4,4,4,3,4,3,4,5,5,5,5,4,4,4,3,2,2,2,2,2,2,2,2,2,1,4,3,3,3,2,9,9,1,1,1,9,9,1,9,1,42,4,1,1,1,40,3800,3600,0,133202,벙보처리기사 게임소프트웨어 개발 산업 발전,전산학
33069,4,5,5,5,5,5,5,5,5,5,5,5,5,5,4,4,5,5,5,5,5,5,5,5,5,5,4,4,4,4,4,4,4,4,4,4,4,4,4,4,5,5,4,5,5,4,4,5,4,5,5,5,5,5,5,5,5,5,5,5,4,4,4,4,5,5,5,5,5,5,4,4,4,4,5,3,3,5,4,4,5,5,5,5,4,4,4,4,4,5,3,4,3,4,4,4,3,4,3,4,3,13,1,1,1,2,0,3,5,5,4,5,4,4,4,2,9,9,3,3,2,5,4,4,4,3,4,4,4,4,4,4,3,4,5,4,5,5,4,3,4,4,2,2,2,2,2,2,2,2,2,2,2,2,2,2,2,6,7,6,3,4,7,7,4,6,1,53,4,2,5,1,40,0,0,7000,221301,법무사 온라인 수수료 절감 대행 업무,행정학
33070,2,1,2,1,2,2,4,5,1,0,1,0,1,0,1,0,4,5,3,5,1,0,4,5,3,4,3,4,4,5,4,6,3,4,3,4,4,5,4,4,3,4,4,5,4,5,3,4,3,4,2,1,1,0,4,5,2,3,2,3,3,3,1,0,3,4,3,4,2,3,2,3,3,4,1,0,4,5,4,5,4,6,4,5,4,5,3,4,2,4,4,3,3,2,3,4,3,3,4,1,4,18,2,2,1,2,0,4,5,4,3,3,5,5,5,3,3,2,3,4,3,3,3,4,3,3,4,4,3,4,3,4,3,3,4,3,3,3,3,3,3,3,2,2,2,2,2,2,2,2,2,1,2,2,1,2,1,7,3,5,4,5,6,7,6,3,2,37,4,1,1,1,20,2800,2500,0,420401,생활체육지도자 2급 사람 관심,체육학
33071,4,5,4,4,4,4,4,4,4,4,4,4,4,4,3,4,4,4,4,4,3,4,4,4,4,4,3,3,4,4,4,5,4,4,4,4,4,4,4,4,4,3,4,4,4,4,4,4,4,4,4,3,4,4,4,5,4,4,4,4,3,3,4,4,4,4,4,5,4,5,4,4,4,4,4,4,4,4,4,5,3,4,4,4,5,5,5,5,4,3,4,4,4,3,4,4,3,4,4,3,4,17,1,2,1,2,0,2,5,4,4,4,4,4,4,3,2,3,3,3,2,4,4,4,4,3,3,3,3,2,4,5,4,4,4,4,5,5,4,3,4,4,2,2,2,2,2,2,2,2,2,2,2,2,2,2,2,7,6,4,3,3,4,7,3,6,2,38,3,1,1,1,44,3200,2400,0,306401,치위생사 없다 자동화 시스템 직무 대체 확률,치위생학
33072,4,6,4,6,4,5,1,0,1,0,3,4,4,6,3,4,5,7,4,6,1,0,4,6,4,5,5,7,4,6,1,0,1,0,1,0,5,7,1,0,1,0,1,0,4,6,4,6,4,6,3,4,3,4,3,4,2,3,1,0,4,6,2,2,3,4,3,3,2,3,2,2,1,0,5,7,4,6,1,0,1,0,1,0,5,6,1,0,5,4,5,4,4,3,4,4,3,5,3,3,3,15,3,6,1,1,5,5,5,4,5,5,3,4,3,5,5,4,4,5,3,4,3,5,3,3,4,4,3,5,4,4,4,5,5,4,5,4,4,2,4,3,2,2,2,2,2,2,2,2,2,2,2,3,3,3,2,5,4,4,4,4,5,3,3,5,1,33,4,1,1,1,40,4500,3000,0,621401,항공관제사 직무관련 인공 지능 화가 활성화,항공학
33073,4,5,3,5,3,4,3,5,3,3,3,4,2,4,3,3,3,4,2,4,3,4,3,4,3,4,3,4,3,4,3,3,3,4,3,4,3,4,3,4,3,4,3,4,3,4,3,4,3,2,3,3,4,5,4,5,4,5,4,5,3,5,3,5,4,5,3,5,4,5,4,4,3,4,3,4,3,4,3,4,4,5,4,5,3,3,2,2,3,5,4,3,4,2,3,3,3,2,3,3,2,17,1,2,1,1,4,4,4,4,3,4,4,4,4,4,3,4,5,4,2,4,3,4,4,4,3,3,4,3,3,4,4,4,3,4,4,4,4,2,4,5,2,2,2,2,2,2,2,2,2,2,4,2,2,3,2,6,7,4,5,4,4,4,4,5,1,37,3,1,1,1,46,3200,2900,0,306501,물리치료사 면허 고객 환자 치료법 재활 병원 노인 문병원 수요 증가,물리치료학
33074,5,6,4,5,4,6,4,6,4,5,4,6,4,5,4,5,3,4,4,5,3,4,4,6,4,5,3,5,4,5,4,5,3,4,2,4,4,5,3,4,4,4,4,5,3,4,3,4,3,4,3,3,5,6,2,3,2,2,3,3,2,4,4,4,2,3,4,5,4,6,3,3,4,5,3,4,2,3,3,4,3,4,2,4,4,4,3,3,4,3,4,3,3,4,4,4,3,4,4,5,4,15,2,5,2,2,0,7,5,4,4,4,4,4,4,5,4,3,3,4,3,4,4,4,3,3,2,1,4,3,4,4,3,3,2,2,3,4,3,3,5,4,2,2,2,2,2,2,2,2,2,1,3,3,3,3,2,6,5,5,4,6,5,3,6,6,1,40,4,1,1,1,48,5400,3000,0,122201,상태 유지,생명과학
33075,5,7,5,7,4,6,4,5,4,6,4,6,4,6,4,5,4,6,4,5,4,7,4,6,4,5,4,5,4,6,4,5,4,5,4,5,4,4,4,5,3,5,4,5,4,5,4,5,4,6,4,6,3,6,5,7,4,7,4,7,4,6,4,6,4,6,5,7,5,7,5,7,5,6,4,7,3,4,4,7,4,4,3,4,4,6,4,5,4,4,3,4,4,3,4,4,3,4,3,4,5,14,1,5,1,1,4,2,5,5,4,4,4,4,4,4,4,3,3,4,4,4,4,3,4,4,3,3,4,4,3,4,3,3,4,4,4,4,3,3,4,3,2,2,1,2,2,2,2,2,2,1,3,3,3,3,2,9,9,1,1,1,1,9,8,8,1,56,4,1,1,1,52,4000,2800,0,136002,방송통신 기사 송출 장비 조작하고 프로그램 송출 자동 시스템 송출 자동 변화,방송학
33076,3,4,3,4,3,4,2,3,3,4,3,4,2,3,2,3,2,3,2,3,2,3,2,3,2,3,2,3,2,3,2,3,2,3,2,3,2,3,2,3,2,3,3,5,3,5,3,5,3,4,3,5,3,5,3,5,3,4,3,4,3,3,3,5,3,4,3,4,3,4,3,5,3,4,3,4,3,4,3,5,3,5,3,4,3,4,3,4,3,3,3,2,4,4,4,3,2,2,2,2,3,15,2,6,1,2,0,7,3,2,2,2,3,2,2,2,2,2,2,2,2,2,2,3,2,3,2,3,2,2,3,3,2,3,2,2,3,3,2,3,3,3,2,2,2,2,2,2,2,2,2,1,1,3,3,3,2,4,5,4,3,4,4,4,5,5,1,27,4,1,1,1,48,2900,2700,0,25401,컴퓨터활용능력 2급 인력 대체,행정학
33077,3,4,3,4,2,3,4,6,2,3,3,4,2,3,2,3,2,3,1,0,2,3,2,3,3,4,3,4,3,4,4,5,4,5,3,4,3,4,4,5,3,4,3,4,1,0,2,3,2,3,1,0,3,4,1,0,1,0,1,0,3,4,2,3,2,2,1,0,1,0,2,3,2,2,2,3,2,2,2,3,2,3,2,2,3,3,2,2,4,3,3,4,3,4,2,3,3,3,2,2,4,7,1,2,2,2,0,1,2,2,2,1,4,3,4,4,9,9,4,3,4,2,2,3,2,3,4,4,3,5,2,4,2,2,3,3,3,4,2,3,3,4,2,2,1,1,2,2,2,2,2,2,2,2,2,2,1,4,6,5,4,4,5,3,3,4,1,38,3,1,1,1,40,4000,1800,0,615203,기능 제품 부가 서비스 생기 이제 대면 온라인 수업,컴퓨터전자
33078,1,0,2,3,2,2,1,0,2,1,1,0,1,0,3,4,3,3,2,3,1,0,3,3,3,3,2,2,1,0,2,2,1,0,1,0,1,0,1,0,2,2,1,0,2,3,1,0,1,0,1,0,1,0,1,0,2,2,1,0,1,0,1,0,2,4,4,4,3,4,3,5,1,0,2,4,3,4,1,0,3,3,2,3,3,3,2,1,3,2,2,4,2,3,3,2,2,2,1,2,4,3,1,4,2,2,0,4,2,4,4,3,3,4,2,3,2,3,4,3,2,3,3,4,4,2,1,3,3,5,3,4,1,1,2,3,3,4,3,2,4,4,2,2,2,2,2,2,2,2,2,2,2,3,3,3,2,7,8,8,6,4,5,7,2,3,1,41,2,1,1,1,40,4000,3400,0,826101,자동화 대형화 인력 수요 감소,문과
33079,2,2,2,3,2,2,2,3,4,5,4,5,4,5,4,5,4,5,4,5,4,5,4,5,4,5,4,5,4,5,4,5,4,5,4,5,4,5,4,4,4,4,4,4,4,5,4,5,4,5,4,5,4,4,4,5,4,5,4,4,4,5,4,4,4,5,3,4,4,4,4,4,4,5,4,6,4,5,3,4,4,4,4,5,4,5,4,5,4,4,4,3,4,4,3,4,4,4,3,4,4,13,1,2,1,1,3,6,4,3,2,2,3,3,2,3,3,3,4,3,2,4,4,3,4,4,4,3,3,3,3,4,4,3,4,4,3,4,4,3,4,4,1,1,1,1,1,1,1,1,1,2,4,2,2,2,1,7,6,7,7,6,7,3,3,7,1,34,4,1,3,1,46,3500,2200,0,541101,신변보호사 경호심리학 기술 재교육 신변 보호 안전 중요시 때문,경호학
33080,1,0,1,0,2,1,3,3,1,0,3,4,1,0,4,4,4,4,2,3,1,0,2,3,3,4,1,0,3,3,3,3,2,2,1,0,3,2,2,2,2,2,2,3,2,2,2,2,3,2,3,2,1,0,1,0,4,4,1,0,1,0,1,0,2,3,3,4,3,3,4,4,3,3,3,5,3,5,3,4,3,3,3,4,3,4,2,2,3,4,3,3,2,2,3,2,3,1,3,1,3,9,1,1,1,2,0,6,1,2,1,1,4,3,2,2,9,9,3,3,2,4,3,4,4,5,2,4,5,5,2,4,2,4,2,2,1,5,4,2,4,5,2,2,2,2,2,2,2,2,2,1,3,3,2,2,2,6,5,5,4,6,6,7,4,6,2,62,2,2,5,1,55,0,0,3500,531201,조리사 자격증 외식,상고
33081,3,3,3,5,2,3,5,7,4,6,3,4,2,3,4,6,4,5,2,3,1,0,2,3,4,5,4,6,5,7,4,6,4,5,4,6,4,5,5,7,5,7,3,5,4,5,4,5,2,3,4,5,3,3,2,3,1,0,1,0,4,5,2,3,3,4,1,0,1,0,1,0,3,5,3,4,1,0,1,0,1,0,2,2,2,3,2,2,3,3,4,3,4,2,3,3,2,2,3,2,2,7,1,2,2,2,0,5,5,3,3,2,3,4,4,3,4,4,4,4,3,4,3,4,3,4,4,3,4,5,4,3,4,5,3,4,4,4,3,4,5,5,1,1,1,1,1,1,1,1,1,2,2,3,3,3,1,4,6,8,8,9,9,8,7,2,1,42,4,1,1,1,48,5800,3000,0,15101,경기 침체 매출 부족 인력 구조조정 인터넷 홈쇼핑 의존 일자리,경영학
33082,3,4,4,4,3,4,2,4,3,4,5,5,4,5,4,4,3,4,2,4,4,4,4,4,3,4,3,4,2,4,3,4,1,0,1,0,2,4,2,4,5,4,3,4,3,4,3,5,2,3,2,4,4,4,5,5,4,4,4,5,5,4,4,4,4,4,4,4,4,4,3,5,3,4,2,5,3,5,1,0,2,5,2,4,2,3,2,5,5,5,3,3,4,5,3,2,3,5,3,3,4,10,1,3,1,2,0,4,5,3,3,3,4,4,4,2,2,3,4,3,3,2,3,4,3,1,4,3,4,3,3,4,3,3,2,2,4,4,3,4,5,5,2,2,2,2,2,2,2,2,2,2,3,2,2,2,1,3,2,3,6,5,4,1,2,3,1,33,4,1,1,1,50,3500,2900,0,133101,전자계산조직응용기사 정보처리기능사 방송 통신 결합 시장 활성화,전자공학
33083,2,2,2,2,1,0,3,4,3,3,2,3,3,4,3,3,3,3,3,4,3,4,3,3,1,0,4,4,4,5,3,4,1,0,1,0,4,4,3,4,1,0,1,0,1,0,1,0,1,0,1,0,1,0,1,0,1,0,1,0,1,0,1,0,1,0,1,0,1,0,1,0,1,0,1,0,1,0,1,0,1,0,1,0,1,0,1,0,4,3,3,4,3,3,3,3,3,3,3,3,3,17,1,2,1,1,4,5,3,3,3,3,4,4,4,3,4,3,3,3,2,4,4,3,4,3,3,4,3,3,3,3,4,3,3,3,3,4,3,3,3,4,2,2,2,2,2,2,2,2,2,4,3,2,2,2,1,3,4,5,4,5,5,5,6,6,2,58,3,1,3,2,45,2000,1500,0,232901,복지사2급 교육훈련 변화,복지학과
33084,2,3,2,3,2,2,3,4,3,3,2,1,2,1,2,2,3,3,2,2,1,0,4,5,3,4,3,3,3,4,3,3,1,0,2,2,3,3,4,5,4,4,3,4,3,3,4,5,3,4,3,3,2,2,1,0,1,0,1,0,1,0,2,2,1,0,1,0,1,0,1,0,2,2,3,4,3,4,2,3,3,3,3,4,2,2,2,1,4,3,4,4,4,2,3,4,3,2,4,2,3,19,1,1,1,2,0,5,2,4,3,4,3,5,3,4,9,9,4,4,2,4,4,4,4,4,4,3,4,3,4,4,3,5,5,4,3,4,4,3,4,5,2,2,2,2,2,2,2,2,2,1,4,1,2,2,2,6,6,5,4,3,5,4,5,7,2,53,2,2,5,1,40,0,0,5000,511301,미용자격증 수요 증가,문과
33085,1,0,1,0,1,0,1,0,1,0,3,4,1,0,1,0,1,0,1,0,1,0,1,0,1,0,1,0,1,0,1,0,1,0,1,0,1,0,1,0,1,0,2,4,1,0,1,0,1,0,1,0,4,6,1,0,1,0,1,0,3,5,5,5,4,5,1,0,1,0,3,4,1,0,1,0,1,0,1,0,1,0,1,0,1,0,1,0,4,4,3,3,3,3,2,3,3,3,3,2,3,13,2,3,1,1,3,1,6,4,4,4,4,4,4,4,4,4,4,4,1,5,5,4,3,3,4,2,4,2,4,4,4,3,3,4,3,5,4,3,4,3,1,1,1,1,1,1,1,2,2,1,3,3,3,3,2,4,5,4,4,5,4,3,3,4,1,43,5,1,1,1,45,5500,4000,0,156201,섬유기술사 전공기술교육 파트 별로 연구 분야 지금 사람 계속,섬유공학
33086,2,2,2,2,1,0,2,2,2,1,1,0,1,0,1,0,2,2,1,0,1,0,1,0,2,3,1,0,2,2,2,2,1,0,1,0,1,0,2,3,2,2,2,3,2,2,1,0,2,2,1,0,2,2,1,0,1,0,1,0,1,0,2,3,1,0,1,0,1,0,1,0,2,2,2,3,2,3,2,3,2,2,2,3,2,2,2,2,3,3,2,2,3,3,2,3,3,2,2,2,2,7,1,6,2,2,0,7,2,2,2,3,4,3,4,3,9,3,4,3,4,2,2,4,3,4,3,3,3,4,3,3,4,4,3,3,4,3,3,4,3,3,2,2,2,2,2,2,2,2,2,2,3,3,2,3,2,6,7,7,4,3,3,4,4,2,2,32,4,1,1,1,42,1800,1600,0,532101,패스트푸드 증가,식품영양학
33087,2,4,4,5,2,3,3,5,3,5,4,5,3,4,3,5,3,5,5,3,3,5,3,5,4,5,3,5,4,5,4,6,3,6,2,4,3,5,4,6,4,6,4,6,4,6,3,5,4,6,3,5,3,5,3,6,3,5,3,6,3,5,4,6,4,5,3,5,2,4,2,5,4,5,2,4,3,5,5,6,4,5,5,6,4,6,4,6,4,5,3,3,4,3,4,4,3,4,4,5,4,9,1,5,1,2,0,4,5,4,3,3,4,4,3,3,4,4,3,4,4,3,3,4,4,3,2,1,3,4,4,4,3,4,3,3,4,3,3,3,4,4,2,2,2,2,2,2,2,2,2,2,2,2,2,2,1,8,7,6,3,3,5,2,2,4,1,41,4,1,1,1,50,4800,2500,0,14201,한식조리사 자동화 기계 도입 감소 예감,호텔조리학
33088,2,3,2,3,2,3,2,1,4,3,2,1,1,0,3,1,2,1,3,1,3,1,3,2,3,2,3,2,3,2,3,3,1,0,1,0,2,2,3,4,3,3,3,2,4,2,3,2,3,2,3,3,3,3,2,3,4,3,5,3,2,2,5,3,4,2,4,2,4,2,4,3,3,1,4,4,4,4,2,1,4,6,4,5,3,1,2,1,2,4,2,2,2,2,3,3,2,2,3,1,3,6,1,1,2,2,0,6,2,2,1,1,4,3,1,3,9,9,9,3,2,4,3,3,3,4,4,4,4,4,2,5,3,3,3,4,4,4,3,3,5,5,2,2,2,2,2,2,2,2,2,1,2,3,2,2,2,7,7,7,5,5,5,3,5,7,1,55,3,2,5,1,40,0,0,4000,702701,건설 경기 때문,토목학
33089,1,0,3,4,1,0,3,4,2,4,2,4,1,0,4,6,3,4,2,3,1,0,2,4,4,4,1,0,2,4,3,5,1,0,2,3,3,4,1,0,2,4,1,0,3,4,1,0,1,0,1,0,1,0,1,0,2,4,1,0,1,0,3,4,3,4,2,4,2,4,2,4,3,4,4,5,3,5,3,4,2,4,1,0,3,4,3,4,4,4,4,3,4,2,3,3,2,3,3,3,4,3,1,2,2,2,0,7,2,3,3,2,4,3,3,3,2,3,4,3,2,3,3,4,4,3,3,2,3,3,3,4,4,5,4,3,4,4,2,3,4,4,2,2,2,2,2,2,2,2,2,3,2,3,2,3,2,7,8,4,7,3,4,3,4,5,1,36,2,1,1,1,40,2520,1800,0,836001,자동화 발전,정보통신
33090,2,2,2,2,1,0,2,2,1,0,1,0,3,3,2,2,2,3,1,0,1,0,1,0,2,2,1,0,1,0,1,0,1,0,1,0,1,0,4,4,4,5,2,2,1,0,1,0,5,6,1,0,5,6,5,6,5,6,5,6,1,0,4,5,5,6,5,6,4,5,4,4,1,0,2,2,2,2,2,2,2,3,2,2,2,3,2,2,3,2,4,2,2,2,1,4,2,2,2,2,2,17,2,3,2,2,0,1,2,2,2,2,2,2,4,2,2,2,2,1,5,1,1,4,4,2,2,4,2,5,4,4,3,2,2,4,4,3,4,2,3,2,2,2,2,2,2,2,2,2,2,2,3,3,3,3,2,7,7,7,3,3,3,3,3,3,1,23,2,1,1,1,40,2800,2700,0,561301,수준 방역 미래 필요 생각,이과
33091,1,0,2,3,1,0,2,1,3,2,1,0,1,0,2,2,4,3,2,4,3,2,1,0,1,0,4,3,1,0,2,4,1,0,1,0,4,2,2,2,4,3,3,3,2,3,4,3,2,3,4,3,2,3,4,1,3,2,4,2,1,0,1,0,4,5,3,3,4,4,5,4,2,1,3,2,3,3,1,0,5,5,1,0,2,3,2,2,2,2,3,1,2,3,2,4,2,1,2,2,3,6,1,2,2,2,0,2,2,2,1,3,4,3,3,2,4,4,3,5,3,2,2,2,4,2,3,2,2,3,3,2,3,3,2,4,3,3,5,5,5,5,2,2,2,2,2,2,2,2,2,2,2,3,2,2,2,8,7,9,6,7,5,4,7,6,1,55,1,1,3,2,40,3000,3000,0,706001,건설업 부진 수요 감소,0
33092,3,4,2,4,4,4,4,3,3,3,3,4,1,0,3,4,2,3,3,3,2,3,3,4,2,3,1,0,2,3,4,3,3,4,1,0,1,0,2,2,2,3,3,3,2,3,1,0,2,3,1,0,1,0,1,0,1,0,1,0,3,3,1,0,2,3,2,3,2,2,2,4,1,0,3,4,1,0,1,0,1,0,1,0,3,4,2,4,4,5,3,4,4,4,4,3,4,4,5,4,4,17,1,2,1,2,0,6,4,4,5,4,4,4,4,4,4,5,4,4,4,3,4,4,4,4,3,4,3,4,4,4,5,4,3,4,4,4,4,3,4,3,2,2,2,2,2,2,2,2,2,2,4,3,3,3,2,6,4,3,3,3,4,6,3,3,2,25,3,1,1,1,40,2700,2600,0,306401,치과위생사 평균수명 연장,치위생
33093,2,3,3,3,2,2,4,4,3,3,2,2,2,2,3,3,2,2,3,3,4,4,3,4,3,3,4,4,3,3,3,3,1,0,3,4,4,4,4,4,3,3,3,3,2,2,1,0,2,3,2,2,4,5,4,4,3,4,3,4,3,3,3,4,4,5,3,3,3,4,4,5,3,4,3,3,3,5,3,4,3,3,3,4,4,5,3,4,4,3,4,4,4,3,4,4,4,3,4,3,4,15,2,6,2,2,0,7,1,3,4,3,4,3,3,4,4,4,4,4,3,4,4,4,3,4,4,3,4,3,4,4,3,4,4,3,4,4,3,4,5,3,2,2,2,2,2,2,2,2,2,1,3,2,3,3,1,9,8,8,5,5,5,8,5,2,1,51,3,1,1,1,52,4150,2400,0,621901,누가 대체,전문대 기계학
33094,4,4,5,5,3,4,4,4,4,4,4,4,4,4,3,4,3,3,4,4,2,4,3,4,4,5,3,4,3,4,4,4,3,4,4,4,4,4,3,5,3,4,4,4,3,5,4,4,3,3,4,5,4,5,4,4,4,5,3,5,4,4,3,3,5,5,5,5,5,4,5,4,4,4,3,4,4,5,4,4,3,4,3,4,3,4,3,4,3,4,4,3,3,2,4,3,3,3,4,3,4,8,1,3,1,1,1,5,3,4,4,4,4,4,2,4,4,3,4,4,1,5,4,4,3,3,4,3,4,3,3,5,4,4,3,4,2,5,4,4,5,4,2,2,2,2,2,2,2,2,2,2,4,3,3,3,2,3,4,2,6,6,3,6,5,6,1,40,4,1,1,1,40,6200,3600,0,621203,해기사 안전교육 경기 회복 물동량등 증가 예상,해양공학
33095,3,3,4,4,2,3,3,4,2,3,5,4,2,2,3,3,2,3,2,3,4,5,3,5,2,3,5,6,4,4,5,6,4,3,3,4,4,4,2,3,5,5,3,4,2,4,3,3,2,3,4,5,5,5,1,0,1,0,1,0,4,4,4,5,5,5,5,4,4,4,4,5,5,5,2,3,3,4,4,3,3,4,2,3,3,4,3,3,4,3,2,3,4,4,3,4,3,3,3,3,4,15,2,2,2,2,0,6,4,4,4,4,4,5,4,3,4,4,4,4,3,5,4,4,4,4,4,4,3,2,3,3,4,4,4,3,4,5,4,4,4,4,2,2,2,2,2,2,2,2,2,1,3,3,3,3,2,3,3,4,4,3,5,4,4,4,1,48,4,1,1,1,40,7500,5500,0,16201,기업 운영 직원 관리 인력,전기공학
33096,2,1,2,3,1,0,2,2,2,2,1,0,2,2,1,0,3,3,1,0,1,0,3,3,3,4,2,2,3,3,3,3,1,0,1,0,4,5,4,5,3,4,3,4,2,2,2,2,3,4,1,0,3,4,1,0,1,0,1,0,1,0,2,2,1,0,1,0,1,0,4,6,1,0,2,3,3,4,3,3,2,2,3,4,3,3,2,2,4,2,4,3,2,2,4,4,3,2,2,2,4,9,1,2,1,2,0,4,2,3,3,2,3,4,2,3,3,2,4,3,4,2,3,4,2,3,4,3,2,4,5,2,3,2,3,3,4,4,4,3,4,4,2,2,2,2,2,2,2,2,2,2,2,1,2,3,1,6,7,7,5,3,5,4,3,6,1,32,3,1,1,1,54,2750,2390,0,531101,조리기능사 자격 경제,외식조리
33097,3,5,4,4,3,5,2,3,3,3,2,4,3,4,4,5,4,6,3,3,2,2,3,3,4,4,3,4,3,5,2,2,2,3,2,3,2,3,2,3,2,3,2,4,2,3,3,4,3,4,2,3,2,2,2,4,2,2,1,0,3,4,2,3,3,4,3,4,4,4,3,3,2,3,1,0,2,4,1,0,1,0,1,0,1,0,1,0,4,3,4,3,3,5,2,2,2,3,3,3,3,13,1,3,1,2,0,5,3,3,3,3,2,3,2,3,3,3,5,4,3,3,3,2,2,2,2,2,3,4,4,4,3,3,3,3,3,4,3,3,3,3,2,2,2,2,2,2,2,2,2,2,1,3,3,3,2,7,7,7,5,5,5,5,5,5,1,45,3,1,1,1,48,4200,2000,0,158201,소방공학기술사 업체 관리,전기
33098,3,5,3,5,3,5,3,5,3,5,3,5,4,5,3,4,3,4,4,4,4,4,4,5,3,5,3,5,3,5,3,5,3,5,3,5,4,4,3,5,3,5,4,4,4,4,4,5,4,5,3,5,3,5,3,5,3,5,3,5,4,4,3,5,4,4,4,4,4,4,3,5,4,5,3,5,3,5,3,5,3,5,3,5,4,4,3,5,4,4,3,4,3,4,3,4,3,4,3,4,4,17,1,2,1,1,6,6,6,4,3,4,4,3,4,5,4,5,5,4,2,3,4,4,3,4,4,4,4,2,4,4,3,4,4,4,4,3,4,4,4,3,2,2,2,2,2,2,2,2,2,2,2,3,3,3,2,8,7,8,7,8,7,7,8,7,1,47,4,2,5,1,48,0,0,18000,301112,의사면허증 전문의자격증 인턴 레지던트 의료기기 발전 로봇수술 대체로,의예(피부)
33099,2,4,3,5,1,0,1,0,3,3,1,0,1,0,2,4,2,4,4,6,4,3,1,0,2,3,1,0,1,0,4,4,1,0,1,0,2,5,1,0,4,4,3,3,1,0,1,0,2,4,1,0,5,5,4,4,2,4,2,4,5,6,1,0,3,4,2,4,4,4,1,0,1,0,4,4,2,4,4,4,2,1,1,0,2,3,1,0,3,5,4,3,4,2,4,4,2,3,5,4,3,6,1,2,1,2,0,2,5,3,2,4,5,4,5,4,3,5,5,4,2,5,4,4,3,5,4,3,4,4,5,4,3,4,4,4,4,3,5,5,4,5,2,2,2,2,2,2,2,2,2,2,3,3,3,3,2,6,8,4,5,5,8,8,6,6,1,35,4,1,1,1,40,4000,3200,0,140305,산림토목기술사 사회 사업 완비 유지됨,토목공학
33100,3,4,3,3,3,3,3,3,2,2,2,2,5,7,3,4,4,4,4,5,3,3,3,3,3,4,2,2,3,3,3,3,3,3,3,3,3,3,3,3,3,4,3,4,3,4,2,3,3,3,3,3,3,3,3,4,2,3,2,2,2,3,4,5,2,2,2,2,3,4,4,5,2,2,2,2,2,2,2,2,2,2,2,2,4,4,4,3,4,3,4,4,3,3,3,3,4,4,3,3,3,9,1,1,1,2,0,3,2,4,5,4,4,4,4,5,9,9,4,4,2,5,4,4,5,4,4,5,4,4,4,4,4,5,4,4,5,5,4,4,4,4,2,2,2,2,2,2,2,2,2,1,4,2,2,2,2,8,7,8,2,2,7,7,6,6,1,39,2,2,5,1,48,0,0,5500,871101,제과제빵기능사 점점 습관 서구화,전기
33101,3,4,3,4,3,4,3,4,1,0,4,4,3,3,3,4,2,3,2,3,3,3,3,4,3,4,3,3,2,3,3,3,2,3,2,3,3,4,3,3,2,3,3,3,3,4,2,2,2,3,2,3,2,2,2,2,1,0,2,2,2,2,1,0,1,0,2,2,1,0,1,0,2,3,1,0,1,0,1,0,1,0,1,0,2,2,2,2,4,2,2,3,3,2,3,4,2,3,3,3,3,18,1,2,2,2,0,5,2,4,3,3,3,4,3,4,3,4,4,4,3,2,3,2,2,2,2,4,3,3,4,4,3,3,4,4,2,3,2,4,4,4,2,2,2,2,2,2,2,2,2,2,3,2,2,3,2,6,7,4,6,4,3,7,4,3,1,37,4,1,1,1,52,4800,3000,0,24402,공연,영화학
33102,2,3,2,3,2,2,2,3,2,2,2,3,2,3,4,5,3,4,3,4,3,4,4,5,4,5,4,5,2,3,3,4,2,2,2,2,2,3,3,4,4,5,2,3,4,5,1,0,3,4,1,0,3,4,1,0,1,0,1,0,2,3,4,5,4,5,3,4,5,6,5,6,1,0,4,5,4,5,5,4,3,4,4,4,3,4,2,4,3,3,2,3,2,2,3,2,2,3,2,3,3,3,1,2,2,1,3,2,3,2,2,2,3,2,2,2,1,2,3,2,3,2,2,3,3,2,3,3,1,4,3,4,3,4,3,3,4,4,4,3,5,3,2,2,2,2,2,2,2,2,2,2,2,2,2,2,2,6,7,8,6,7,4,4,8,7,1,50,2,1,1,1,40,2700,2400,0,861101,현장 작업 적응 업종 선호 직업,상고
33103,5,6,5,7,4,6,5,6,4,6,5,6,5,6,4,6,5,6,4,5,5,6,2,2,5,5,4,6,5,6,4,6,5,7,5,6,5,6,3,5,5,4,5,4,5,7,1,0,1,0,4,5,1,0,1,0,1,0,1,0,4,7,1,0,4,3,1,0,1,0,2,2,4,6,4,3,5,4,4,5,1,0,1,0,4,2,5,5,4,4,2,2,4,1,1,5,1,5,4,4,1,10,1,4,1,1,2,4,5,4,4,4,5,4,3,4,4,5,5,5,2,4,4,3,4,4,3,3,5,3,5,4,4,5,4,4,4,3,5,4,5,3,2,2,2,2,2,2,2,1,1,2,2,1,1,1,1,4,3,3,4,5,5,7,5,5,1,28,4,1,1,1,40,2800,2600,0,412001,속기사 글쓰기 취재요령 기사 스트레스 증가 첨단 기술 발전,신문방송학
33104,4,6,4,6,4,6,4,6,4,6,4,6,4,6,4,6,4,6,4,5,4,5,4,5,4,5,4,5,4,5,4,6,4,6,4,5,4,5,4,5,4,5,4,5,4,5,4,5,4,5,4,5,4,6,4,5,4,5,4,5,4,5,4,5,3,5,4,5,4,5,4,5,4,5,4,4,4,5,4,5,3,5,4,5,4,5,3,5,4,4,3,4,4,4,3,4,3,4,3,4,4,13,1,2,2,2,0,2,5,3,3,3,4,3,4,4,4,4,4,4,2,3,3,4,3,4,3,4,4,4,3,4,3,4,4,3,4,4,4,3,4,3,2,2,2,2,2,2,2,2,2,2,2,2,2,2,1,7,8,7,7,7,7,7,6,7,1,39,4,1,1,1,48,6500,3300,0,24101,인구 감소,광고홍보학
33105,2,2,3,4,2,2,2,2,2,3,2,1,2,2,3,3,3,4,3,4,2,2,2,3,3,4,2,2,2,3,3,4,2,2,2,1,2,3,4,5,3,4,4,5,3,4,2,2,2,2,2,3,3,4,2,2,3,3,3,4,2,1,2,2,3,4,3,3,3,4,4,5,2,2,4,5,3,4,4,5,2,2,3,4,3,4,3,3,4,2,4,3,3,4,2,4,3,2,3,1,4,8,1,2,1,2,0,4,2,3,4,3,4,5,2,4,3,3,3,3,3,2,4,4,2,4,3,2,3,4,4,3,4,3,2,3,4,3,2,3,4,3,2,2,2,2,2,2,2,2,2,1,3,1,1,3,1,6,7,6,6,4,5,4,4,5,1,52,2,1,1,1,56,3150,2000,0,622201,1종대형 버스운전기사증 종이 전기차,기계
33106,1,0,1,0,1,0,1,0,1,0,1,0,1,0,1,0,1,0,1,0,1,0,2,3,2,2,1,0,1,0,1,0,1,0,1,0,3,4,1,0,2,3,1,0,1,0,1,0,2,2,1,0,3,4,2,3,3,4,4,5,1,0,3,4,4,5,4,5,4,5,4,5,2,2,3,4,4,5,4,5,5,6,4,5,2,3,1,0,4,3,3,3,4,1,3,3,2,3,4,3,4,3,1,5,2,2,0,6,3,4,3,3,4,4,3,4,3,4,4,4,2,3,3,3,2,2,3,4,3,4,4,4,4,4,4,3,4,4,4,3,4,5,1,1,1,1,1,1,1,2,2,1,2,3,3,3,2,8,8,6,2,3,4,3,3,5,1,59,3,1,1,1,52,4700,2800,0,826201,자동화 시스템 장비 발달 인력 감축 소비 줄어듬,전자
33107,3,5,2,3,2,2,3,4,1,0,3,5,1,0,4,5,3,4,2,3,2,3,1,0,3,5,3,4,3,5,1,0,1,0,1,0,2,2,1,0,2,3,2,3,1,0,1,0,1,0,2,2,2,2,1,0,1,0,1,0,3,4,2,3,1,0,1,0,1,0,1,0,2,2,1,0,1,0,2,2,2,2,1,0,2,3,1,0,4,4,3,4,4,3,4,4,3,3,4,4,2,17,3,2,1,2,0,1,4,4,4,3,4,5,4,4,4,3,4,4,2,4,4,3,3,2,4,1,4,3,2,5,3,4,4,5,4,5,4,4,4,4,2,2,2,2,2,2,2,2,2,1,4,2,2,3,1,3,4,5,4,4,4,7,4,5,1,42,4,1,1,1,40,3900,3300,0,155501,산업위생관리산업기사 노령 인구 보건 위생 관심,보건관리학
33108,4,6,5,6,4,6,5,6,2,5,4,6,3,5,4,5,5,6,4,5,4,5,4,6,4,5,4,5,5,6,4,6,5,6,4,6,4,6,4,6,4,5,4,5,4,5,4,5,3,4,4,5,3,4,2,4,3,4,2,4,2,3,2,3,3,3,2,3,3,3,2,3,1,0,4,5,4,4,3,5,2,3,2,4,3,4,3,4,4,4,5,4,5,2,4,2,4,4,4,4,4,17,1,1,1,2,0,6,5,5,5,5,5,4,4,4,3,9,4,5,1,5,5,5,5,3,3,2,4,2,4,4,4,4,4,4,5,5,4,3,4,4,2,2,2,2,2,2,2,2,2,1,3,2,2,2,2,3,4,2,5,3,2,6,4,3,2,55,5,2,5,1,44,0,0,15000,301301,한의사 면허증 상태 유지,한의학
33109,2,3,3,4,2,2,3,3,2,2,1,0,2,1,2,3,3,4,1,0,1,0,2,3,3,4,3,3,4,5,3,3,1,0,2,3,1,0,3,4,4,5,3,4,2,3,1,0,2,2,1,0,3,4,1,0,1,0,1,0,1,0,1,0,1,0,1,0,1,0,1,0,2,2,3,4,3,3,2,2,1,0,3,4,2,3,2,1,3,3,4,3,2,2,2,4,2,3,4,2,3,19,1,1,2,2,0,3,2,3,3,3,3,4,3,3,4,4,4,4,3,4,3,4,3,3,4,3,3,4,4,3,2,3,4,3,2,3,2,3,4,3,2,2,2,2,2,2,2,2,2,1,3,1,2,3,2,6,6,5,4,4,5,5,5,7,2,30,3,1,1,1,52,2400,2400,0,511301,업계,피부미용
33110,3,4,4,6,2,3,4,5,3,4,5,7,4,5,4,5,4,5,4,5,4,5,4,6,3,4,3,4,3,4,3,4,4,4,3,4,3,4,4,4,3,4,3,4,3,5,3,5,2,3,3,4,3,4,3,4,3,4,3,4,2,3,3,4,3,4,1,0,1,0,1,0,5,6,2,2,4,5,2,3,3,5,4,5,4,5,4,5,4,3,4,3,3,3,3,3,3,3,4,3,3,18,1,3,1,2,0,2,5,4,3,3,3,4,3,4,4,3,4,4,2,4,4,4,4,4,4,3,4,5,4,4,3,4,3,4,4,3,4,4,4,4,2,2,2,2,2,2,2,2,2,2,4,3,3,3,2,5,6,4,5,5,5,6,6,5,1,46,4,1,2,2,43,4900,2900,0,420101,경기지도자 학교 체육부 신설,체육학
33111,4,3,4,5,4,4,4,3,4,3,3,4,3,3,3,3,4,4,3,4,3,5,3,4,3,3,3,4,3,3,3,3,3,4,3,4,3,2,3,4,3,4,3,3,3,3,3,3,1,0,1,0,1,0,1,0,1,0,1,0,1,0,1,0,1,0,1,0,1,0,1,0,1,0,1,0,1,0,1,0,3,4,3,4,3,4,3,4,3,3,2,3,3,2,4,2,3,3,3,4,3,17,3,3,1,2,0,7,2,4,3,2,4,3,3,3,9,3,3,3,3,2,3,4,2,2,2,2,3,4,3,4,3,3,2,2,2,3,2,3,4,2,2,2,2,2,2,2,2,2,2,5,4,3,3,3,2,7,7,5,6,6,6,4,5,5,2,65,2,1,3,1,40,2400,2400,0,550101,요양보호사 자격증 고령화 시대 가족,인문계 문
33112,3,3,4,4,1,0,2,3,3,4,3,3,1,0,4,5,3,4,2,3,3,4,3,4,3,4,1,0,1,0,1,0,1,0,1,0,2,3,2,3,3,4,3,4,2,3,1,0,3,4,1,0,3,4,2,3,4,5,3,4,1,0,3,4,4,4,3,4,3,4,3,3,1,0,3,4,4,5,3,4,5,6,4,4,3,4,2,3,1,3,2,3,1,2,1,3,2,2,1,4,3,3,1,2,2,2,0,4,2,2,2,2,4,3,2,1,2,2,3,2,4,2,2,4,4,4,4,3,2,2,2,5,3,3,4,4,4,5,4,4,5,4,2,2,2,2,2,2,2,2,2,1,3,3,2,2,2,6,7,5,6,3,4,7,4,6,1,53,2,1,1,1,50,3800,2400,0,703201,제조업 불황 시설 설비 투자가 당분간 이상태 유지,공고
33113,1,0,3,3,2,1,3,3,2,2,1,0,1,0,1,0,2,2,3,4,1,0,1,0,3,3,2,1,2,2,2,3,1,0,1,0,1,0,2,2,3,4,3,3,3,4,2,2,2,2,1,0,1,0,1,0,1,0,1,0,1,0,1,0,2,3,1,0,1,0,2,2,1,0,3,4,3,3,2,3,2,2,3,3,3,3,2,2,3,2,3,2,2,3,3,3,2,2,3,2,3,8,1,2,1,2,0,3,2,3,4,2,4,4,3,3,9,4,4,4,2,3,2,2,3,3,2,4,3,3,3,3,2,3,3,2,3,3,3,2,3,4,2,2,2,2,2,2,2,2,2,2,2,2,2,3,1,6,7,8,6,4,3,4,5,4,1,41,3,1,1,1,48,2590,2400,0,622201,1종대형 버스운전자격증서 유가 상승 인원 감축 예상,자동차
33114,2,3,2,4,2,4,3,5,3,5,3,5,2,4,3,4,3,5,3,5,3,5,3,5,3,5,3,5,3,5,3,4,3,5,2,4,2,4,3,5,3,5,2,4,3,5,3,4,2,3,3,5,3,5,2,4,3,5,3,5,2,4,2,4,4,5,3,5,3,5,3,5,3,5,3,4,3,5,4,5,3,4,3,5,3,5,2,4,4,3,3,4,3,2,3,3,2,3,3,4,3,13,1,5,1,2,0,6,4,3,3,2,3,4,3,4,3,3,4,3,3,3,4,4,3,4,3,3,4,4,3,4,4,3,2,3,4,4,3,3,4,4,2,2,1,1,1,2,2,2,2,2,2,2,2,3,1,7,6,5,5,4,4,4,5,6,1,55,3,1,1,1,40,5500,3500,0,833001,산업기사 인공 지능 발달 변화 인공 지능 발달 인원 감축,전기
33115,3,4,3,5,1,0,1,0,1,0,1,0,1,0,2,4,1,0,1,0,1,0,3,3,4,4,1,0,1,0,3,4,1,0,1,0,2,3,2,3,2,5,4,4,4,5,2,3,2,3,2,3,3,4,3,3,3,3,3,4,2,3,3,5,3,4,3,3,4,4,4,5,1,0,4,5,3,3,3,3,3,4,2,3,3,2,2,2,3,3,4,4,2,2,3,2,2,2,2,1,2,3,1,6,2,1,1,1,2,4,2,2,4,4,4,4,4,5,5,5,4,2,3,4,3,2,2,3,2,5,4,4,3,3,3,3,3,4,4,3,4,4,2,2,2,2,2,2,2,2,2,1,3,3,3,3,2,7,2,7,3,8,3,7,2,7,2,48,2,1,1,1,40,3200,2000,0,836001,실무교육 기술 발달 고급 일자리 변동,상고
33116,1,0,3,4,2,2,3,3,1,0,3,4,2,2,5,5,4,5,2,3,3,4,2,4,3,3,4,3,3,3,3,3,4,3,1,0,1,0,4,4,3,3,2,2,3,4,2,3,4,4,1,0,3,3,2,2,3,3,2,3,1,0,3,3,4,4,3,3,4,4,3,3,3,3,3,4,4,4,2,2,3,4,2,3,3,4,3,4,4,2,3,4,2,1,2,1,3,2,4,3,3,3,1,4,1,2,0,2,2,3,4,4,3,4,4,4,3,5,4,4,3,3,4,5,3,3,4,4,3,5,5,3,4,4,5,4,3,4,4,5,5,4,2,2,2,2,2,2,2,2,2,2,3,3,3,3,2,5,8,4,7,4,3,5,8,8,1,34,3,1,1,1,40,2800,2800,0,817201,금속재료시험기능사 기계조립기능사 로봇 산업 발전 현상 유지,기계
33117,2,3,3,4,2,2,3,4,3,3,2,2,1,0,3,3,2,2,2,3,1,0,3,3,3,3,1,0,1,0,1,0,1,0,1,0,1,0,3,4,3,3,1,0,1,0,1,0,1,0,1,0,2,4,2,2,5,5,5,5,3,5,4,5,5,4,4,4,4,5,5,5,1,0,4,5,4,4,2,3,4,4,4,4,4,4,3,4,3,1,4,2,1,2,3,2,2,1,2,2,1,10,1,2,2,2,0,2,2,4,3,3,3,4,3,2,3,3,3,3,2,4,4,4,4,4,4,3,3,2,3,4,3,4,4,4,5,5,4,3,4,4,2,2,2,2,2,2,2,2,2,2,3,3,3,3,2,8,6,9,5,8,3,7,4,2,1,46,2,1,1,1,40,4000,2400,0,136001,통신 산업 발달 변화,기계
33118,4,5,3,4,3,2,4,5,3,2,4,5,1,0,1,0,3,4,1,0,3,3,4,5,3,4,4,5,3,4,4,5,3,3,3,2,1,0,3,4,4,5,4,5,3,2,3,2,3,2,1,0,1,0,1,0,1,0,1,0,3,2,3,4,1,0,1,0,1,0,1,0,4,5,1,0,1,0,1,0,1,0,1,0,3,2,3,1,4,2,2,4,3,3,1,4,1,3,4,2,2,11,1,6,2,2,0,7,5,4,4,3,4,4,2,3,2,4,3,3,3,4,4,4,2,3,3,3,3,4,4,3,1,2,4,3,2,4,2,1,3,4,2,2,2,2,2,2,2,2,2,1,3,3,3,3,1,6,5,6,4,3,5,4,3,5,1,34,4,1,1,1,56,6100,4900,0,31401,기계 대체 불가,경제금융학
33119,4,7,3,5,3,3,5,5,4,4,4,6,2,1,4,3,4,4,1,0,5,3,4,3,2,3,3,3,3,2,4,2,4,4,5,5,2,4,4,3,5,6,4,4,3,3,1,0,2,1,3,2,1,0,1,0,1,0,1,0,3,3,1,0,1,0,1,0,1,0,1,0,3,4,1,0,1,0,3,2,2,2,1,0,4,3,2,2,4,5,4,5,5,4,4,4,3,4,5,5,3,15,2,5,2,2,0,3,6,4,3,5,4,5,4,5,4,4,3,4,2,3,4,3,4,4,2,3,4,3,5,2,4,3,3,4,5,5,4,3,4,4,2,2,2,2,2,2,2,2,2,2,3,3,3,3,2,3,6,5,7,6,4,3,7,7,1,38,5,1,1,1,40,6000,5900,0,221102,특정 공무원 제한 적임,법학
33120,4,5,3,5,1,0,4,5,1,0,2,4,1,0,1,0,3,4,3,3,2,3,1,0,4,6,4,5,4,5,4,4,3,4,4,5,4,3,3,4,4,5,4,4,4,5,5,5,4,5,4,4,4,5,1,0,1,0,1,0,4,5,1,0,1,0,1,0,1,0,1,0,1,0,1,0,1,0,1,0,1,0,1,0,1,0,1,0,5,4,4,4,5,2,4,4,3,4,4,3,4,11,1,4,1,2,0,4,5,4,4,4,4,4,3,3,3,3,3,3,3,3,3,4,3,3,5,4,4,3,4,5,5,4,5,4,4,5,5,5,5,4,2,1,2,1,1,2,1,1,1,3,1,2,2,2,1,8,8,2,3,3,4,3,8,8,2,28,4,1,1,1,45,3800,2500,0,31102,세무회계 전산회계 프로그램 도입 분석 시스템 도입 경제,회계학
33121,3,3,3,3,2,4,2,3,4,4,3,4,1,0,3,4,3,4,3,4,2,3,3,4,3,3,2,2,2,2,2,2,2,2,2,2,2,2,3,3,3,4,3,3,3,4,2,3,3,3,2,2,2,3,2,3,3,5,3,5,3,4,3,5,3,4,4,4,4,4,3,5,3,4,2,3,3,3,2,3,2,3,2,2,3,4,3,4,4,4,3,2,3,2,3,2,3,4,4,4,4,17,1,4,1,2,0,4,4,2,2,2,4,4,3,3,3,3,3,3,2,4,4,2,3,3,4,4,2,4,2,4,3,3,3,3,3,4,3,2,5,4,1,1,1,1,1,1,2,2,2,1,2,3,3,3,2,7,8,9,6,7,6,4,4,5,1,47,4,1,1,1,48,5300,3000,0,814001,에너지관리사 기술 장비 도입 훈련 필요성 기피 직업 일자리,토목공학
33122,4,6,4,6,4,6,5,7,3,4,4,6,4,4,4,5,5,7,4,6,4,6,4,6,4,6,4,6,4,6,4,6,4,6,5,6,4,6,5,6,4,5,4,6,5,6,2,3,2,2,4,6,1,0,1,0,1,0,1,0,1,0,1,0,2,3,1,0,1,0,1,0,3,3,2,2,2,2,2,3,3,3,2,3,3,4,4,5,4,4,4,5,4,4,4,4,4,4,5,4,4,19,1,2,2,2,0,7,6,4,4,4,4,4,5,4,4,5,4,4,4,4,4,2,3,4,2,4,3,3,4,2,4,3,4,5,4,4,4,4,4,2,2,2,2,2,2,2,2,2,2,2,2,2,2,2,1,2,3,2,3,3,2,2,3,2,2,52,6,1,1,1,30,4500,3000,0,411202,자동 번역 통역 시스템 생산,중어중문
33123,4,6,2,3,5,6,2,3,1,0,1,0,3,4,2,2,3,4,3,3,4,4,3,3,3,3,1,0,1,0,1,0,1,0,1,0,1,0,1,0,1,0,2,3,1,0,1,0,2,2,1,0,1,0,1,0,1,0,1,0,1,0,1,0,1,0,1,0,1,0,1,0,1,0,1,0,1,0,2,2,1,0,1,0,3,4,3,4,4,4,5,3,3,4,3,2,3,2,3,3,4,13,4,1,1,1,3,5,5,4,5,4,4,5,4,3,4,4,3,3,3,3,3,4,3,3,4,4,3,3,4,4,4,5,4,4,4,5,4,4,4,4,2,2,2,2,2,2,2,2,2,2,1,3,3,3,2,3,2,8,3,7,7,9,9,3,2,30,5,2,6,1,40,0,0,3500,411201,번역가 컴퓨터 활용능력 번역기 프로그램 등장,영어영문
33124,3,3,3,3,2,1,4,4,2,2,3,1,3,2,4,2,3,2,3,3,1,0,2,1,3,3,2,2,2,3,3,2,2,3,1,0,3,2,3,4,3,4,2,2,3,3,2,3,4,3,2,2,3,1,2,1,2,2,1,0,2,1,4,3,1,0,1,0,2,2,2,1,1,0,3,2,2,2,2,2,3,3,2,2,3,4,2,3,3,3,2,4,3,3,2,2,3,2,3,3,3,7,4,1,2,2,0,1,2,3,4,4,3,4,4,3,3,3,4,3,3,2,2,2,2,4,4,3,3,4,3,4,2,3,2,2,3,3,2,4,4,4,2,2,2,2,2,2,2,2,2,1,3,3,3,3,1,8,6,6,3,4,5,7,3,4,1,55,2,2,6,1,45,0,0,2100,615501,트럭 과일 단골 고객,문과
33125,5,6,4,5,5,6,4,5,4,4,2,3,1,0,4,5,3,4,4,5,1,0,3,3,4,5,5,6,4,5,3,4,4,5,3,4,3,4,5,6,3,4,4,5,3,4,2,2,1,0,1,0,1,0,1,0,2,3,1,0,5,6,1,0,1,0,1,0,1,0,1,0,1,0,1,0,1,0,1,0,1,0,4,5,3,3,3,3,4,3,4,3,4,3,4,2,4,4,2,3,2,11,1,2,2,2,0,7,5,4,4,4,5,4,4,3,3,3,4,3,2,4,4,4,4,4,2,5,5,4,4,3,3,4,4,3,4,5,5,3,5,4,2,2,2,2,2,2,2,2,2,2,4,3,3,3,2,6,5,5,3,6,5,3,6,5,2,27,4,1,1,1,40,3000,2800,0,32201,은행 금리 증권 주식시장 인재,경영학
33126,3,4,2,3,2,2,3,3,2,3,2,1,1,0,3,4,3,3,2,2,1,0,3,3,2,2,3,3,3,3,3,3,1,0,1,0,3,4,2,3,3,4,3,3,3,4,2,2,2,2,2,3,2,3,1,0,2,3,1,0,1,0,2,3,3,4,2,3,3,3,4,5,2,1,1,0,2,3,2,2,2,2,3,4,2,3,2,2,4,2,4,2,2,4,3,2,4,3,2,3,4,14,1,2,2,2,0,7,2,4,3,4,5,4,4,3,9,4,3,4,3,4,5,3,4,4,3,2,3,4,4,3,3,2,3,4,4,4,3,3,4,3,2,2,2,2,2,2,2,2,2,4,2,3,3,3,2,6,5,6,4,5,4,4,4,5,2,50,2,1,1,1,48,3000,2000,0,562101,기계로 대체 직종,이과
33127,1,0,4,4,1,0,4,5,3,2,1,0,1,0,1,0,2,1,1,0,2,2,3,2,3,4,1,0,3,2,4,3,2,3,2,2,1,0,4,5,3,4,4,4,4,3,5,6,3,4,1,0,1,0,1,0,3,4,1,0,1,0,1,0,1,0,2,3,2,2,1,0,1,0,2,3,1,0,1,0,2,3,2,3,2,3,3,3,4,3,2,2,2,1,3,2,4,3,3,4,5,7,4,1,2,2,0,7,1,3,1,2,2,1,3,2,9,9,9,3,1,4,3,3,2,3,4,3,4,4,2,5,4,4,3,4,4,4,4,3,4,4,2,2,2,2,2,2,2,2,2,1,3,2,2,2,2,6,8,7,3,3,6,2,4,4,2,72,1,2,6,1,58,0,0,2600,615501,업종 사람,0
33128,3,4,3,4,3,4,1,0,1,0,1,0,1,0,1,0,1,0,1,0,1,0,1,0,1,0,1,0,1,0,1,0,1,0,1,0,1,0,4,4,1,0,1,0,1,0,1,0,2,3,1,0,4,5,1,0,3,4,3,4,3,4,4,5,4,5,3,4,2,3,4,5,3,4,4,5,4,5,3,4,4,5,3,4,3,4,1,0,4,4,4,4,3,3,3,4,4,4,4,4,4,17,1,2,1,2,0,7,5,3,4,3,5,5,5,5,4,5,5,5,4,4,4,4,4,5,4,4,5,4,4,3,5,4,5,5,5,5,5,4,4,5,2,2,2,2,2,2,2,2,2,2,3,3,3,3,2,9,8,9,8,9,8,8,9,8,1,34,4,1,1,1,40,4000,3000,0,303002,한약사 기계 대신 일이,한약학
33129,3,5,5,7,3,4,5,5,3,4,4,5,3,4,3,5,3,3,2,3,3,4,4,6,3,4,3,5,3,5,3,4,4,5,4,5,3,3,2,3,3,4,3,4,3,3,3,4,2,4,1,0,2,3,1,0,2,4,2,3,4,4,2,2,1,0,1,0,1,0,1,0,2,3,1,0,1,0,2,3,1,0,1,0,2,3,2,3,4,3,2,3,3,4,3,4,1,3,2,1,3,3,1,4,2,2,0,6,5,1,1,1,2,1,1,1,1,2,5,2,5,1,3,1,3,1,3,2,1,5,5,5,2,2,2,2,2,4,3,3,3,1,2,2,2,2,2,2,2,2,2,1,3,3,3,3,2,4,7,6,3,3,6,2,2,2,1,27,4,1,1,1,45,2800,2800,0,12301,사람 이기,경영학
33130,3,4,3,5,3,5,3,4,3,4,3,5,3,5,3,4,3,4,3,5,3,4,3,5,3,5,3,4,3,5,3,4,3,5,3,5,3,4,3,5,3,5,3,4,3,5,3,4,3,5,3,5,3,4,3,4,3,5,3,5,2,3,3,4,3,5,3,5,3,5,3,4,3,5,3,4,3,5,3,5,3,4,3,4,3,5,3,5,4,4,4,3,3,3,4,4,3,4,4,4,4,3,1,2,2,2,0,6,4,3,3,3,4,4,3,4,3,3,4,4,2,4,3,4,4,3,2,2,4,3,3,4,2,3,3,3,2,4,3,3,4,4,2,2,2,2,2,2,2,2,2,1,3,3,3,3,2,5,5,5,6,5,5,5,5,5,1,51,3,1,1,1,48,4600,2300,0,816103,화재 필요 일자리 변화 인력 필요,기계
33131,3,3,2,3,3,3,2,3,2,3,1,0,1,0,1,0,2,3,1,0,1,0,1,0,1,0,1,0,1,0,1,0,1,0,1,0,1,0,1,0,1,0,1,0,3,4,1,0,1,0,1,0,1,0,1,0,1,0,1,0,3,4,1,0,2,3,1,0,1,0,1,0,1,0,1,0,2,3,1,0,2,3,1,0,3,4,2,3,3,3,3,3,4,3,3,2,3,3,3,2,3,17,1,5,1,2,0,7,4,4,3,3,4,3,3,3,3,3,3,3,2,3,4,3,3,4,3,3,3,3,3,3,3,4,4,4,3,4,3,3,3,4,2,2,2,2,2,2,2,2,2,1,4,2,2,3,1,4,6,5,6,4,5,5,5,6,1,51,4,1,1,1,42,3670,3100,0,307401,보건의료정보관리사 보건 관련 일자리,보건관리행정
33132,3,5,3,3,2,2,3,5,3,3,1,0,1,0,3,3,3,5,2,3,1,0,3,3,2,2,1,0,2,3,1,0,1,0,1,0,2,3,1,0,3,4,2,2,3,3,3,5,3,3,3,4,1,0,3,4,1,0,1,0,1,0,1,0,2,2,3,3,1,0,1,0,1,0,1,0,2,2,1,0,1,0,1,0,2,2,2,2,3,3,3,3,4,4,3,4,3,3,3,3,3,13,1,4,1,1,3,3,5,4,4,4,4,4,4,3,3,4,4,4,2,4,4,3,2,2,2,2,2,3,4,4,3,3,3,3,3,3,1,2,4,3,2,2,2,2,2,2,2,2,2,2,3,2,2,2,2,6,6,7,5,5,6,5,5,5,1,33,4,1,1,1,48,3200,2600,0,155301,대기환경산업기사 대기오염 상태 측정 훈련 환경 산업 시장 확대,환경공학
33133,4,5,4,6,4,5,4,4,4,5,4,5,4,5,4,4,4,5,4,4,3,5,3,4,4,5,4,6,4,5,4,5,4,5,3,5,4,5,3,4,2,4,4,4,4,5,4,5,3,4,3,5,3,5,3,5,3,4,3,5,4,5,4,4,4,5,4,5,3,4,3,5,4,4,4,5,3,5,4,5,3,4,3,5,4,4,4,5,4,4,3,4,4,4,4,4,3,4,4,4,3,17,1,2,1,2,0,4,3,4,4,3,4,4,4,4,3,5,4,4,3,4,4,4,4,3,4,4,5,4,4,4,4,3,5,5,4,4,4,4,4,4,2,2,2,2,2,2,2,2,2,1,4,2,2,2,1,6,4,6,6,8,7,8,6,6,2,45,2,1,1,1,40,2400,1800,0,307501,간호조무사 가구 독거 노인 가구 증가,인문계
33134,4,5,3,5,4,5,4,4,4,5,4,4,4,4,4,5,4,4,4,5,3,3,4,4,4,4,3,5,4,4,4,4,4,5,3,3,4,4,4,5,3,5,3,4,2,4,4,5,4,4,4,5,3,5,3,3,1,0,1,0,3,3,3,5,4,4,3,4,4,4,4,4,3,3,1,0,1,0,2,3,2,2,3,3,2,3,2,2,3,4,3,3,4,4,3,3,4,3,2,3,4,17,1,2,1,2,0,4,5,4,4,5,4,4,4,4,4,5,5,4,4,4,4,5,4,4,4,4,5,4,4,4,4,5,5,4,4,4,5,4,4,4,2,2,2,2,2,2,1,2,2,1,3,2,2,2,2,4,3,2,3,3,2,3,4,4,1,63,5,2,5,1,40,0,0,9000,13401,의사면허증 코로나 유급 휴가 일자리 감소,의학
33135,2,2,3,4,2,2,2,2,2,3,2,3,4,5,4,5,4,5,4,5,4,5,3,3,4,4,3,4,4,5,4,5,4,4,4,4,3,4,3,4,4,4,4,4,4,4,3,4,3,4,4,4,4,4,4,4,4,4,4,4,2,3,1,0,2,2,4,4,4,4,3,3,4,4,2,3,4,4,4,4,4,4,4,4,4,5,4,5,4,4,3,4,4,3,4,4,4,3,4,4,3,13,1,3,1,1,3,6,5,3,2,2,4,3,3,4,3,4,4,4,2,4,4,3,3,3,4,4,3,3,3,4,3,4,3,3,4,4,3,4,4,4,1,1,1,1,1,1,1,2,2,2,4,2,2,2,1,3,3,7,7,3,2,2,3,7,1,36,4,1,3,1,42,3400,2000,0,541101,신변보호사 경비지도사 경호 구급 응급처치 경호실무 기술 재교육 우리나라 기업 글로벌화 추세 유명인사 해외진출 증가 때문,경호학
33136,4,5,4,5,4,5,4,5,4,5,3,5,4,5,3,5,3,5,4,5,3,5,3,5,4,5,3,5,3,5,3,5,3,5,3,5,4,5,4,5,4,5,4,5,4,4,3,4,3,5,3,4,3,5,3,5,3,5,4,5,4,5,3,5,3,5,3,5,3,5,3,5,4,5,3,5,3,5,3,5,3,5,3,5,4,5,4,5,4,4,4,3,4,4,4,4,4,4,4,3,4,13,1,2,1,2,0,2,5,4,3,3,4,4,4,5,4,5,5,4,2,3,4,4,3,4,4,4,3,4,4,4,3,4,4,3,4,4,4,3,4,3,2,2,2,2,2,2,2,2,2,2,2,3,3,3,2,8,7,8,7,7,7,7,6,7,2,38,4,1,1,1,43,5400,5200,0,134101,OCP자격증 인구 감소,컴퓨터공학
33137,4,6,4,4,4,6,5,7,4,7,4,6,4,6,4,5,4,5,4,5,4,6,4,5,5,7,3,5,3,6,4,6,3,4,2,2,3,5,3,5,4,5,4,6,4,6,4,6,4,5,4,5,4,5,3,4,3,5,3,4,4,5,3,5,3,5,3,4,3,3,3,4,4,5,4,4,4,4,4,4,4,3,4,2,4,6,3,3,5,4,4,5,4,3,5,4,4,5,4,4,5,13,2,5,2,2,0,3,6,3,4,4,4,4,3,4,4,4,4,4,1,4,3,4,3,4,4,3,4,3,4,3,4,3,5,4,3,4,3,3,3,3,2,2,2,2,2,2,2,2,2,2,4,3,3,3,2,7,7,8,5,6,7,5,6,7,2,30,5,1,1,1,40,4000,3800,0,121104,생명 관련 분야,생명과학
33138,4,5,4,5,3,4,4,5,3,5,3,5,1,0,3,4,3,5,3,5,3,5,3,4,3,5,3,5,3,4,3,5,4,5,3,5,3,4,4,4,3,5,3,5,4,5,3,5,3,5,4,6,3,5,1,0,3,4,1,0,4,5,1,0,2,1,1,0,1,0,1,0,3,4,2,4,3,4,1,0,2,1,3,4,4,5,3,5,3,3,2,3,2,3,4,3,2,4,3,2,3,15,2,3,2,2,0,2,5,3,4,3,5,5,4,4,3,4,4,3,3,4,4,3,3,4,4,3,3,3,4,3,4,3,3,4,4,3,3,3,3,4,2,2,2,2,2,2,2,2,2,1,3,3,3,3,2,6,6,5,5,4,4,6,5,4,1,55,4,1,1,1,30,5100,3200,0,25402,업계 변화 생각,사회학
33139,5,5,5,3,5,5,5,5,5,5,5,5,5,5,5,5,5,5,4,5,5,6,5,4,5,3,5,4,5,5,5,5,5,4,5,5,5,5,5,6,5,3,5,3,5,3,5,4,5,2,5,5,5,6,5,6,5,3,5,4,5,3,5,6,5,4,5,5,5,6,5,4,5,5,5,4,5,5,5,5,5,6,5,3,5,6,5,5,4,3,5,3,4,2,5,4,3,5,4,5,5,13,1,2,2,2,0,3,4,5,2,2,5,5,2,3,3,4,5,3,1,4,4,5,5,4,4,2,4,4,2,5,4,5,5,5,5,5,3,3,5,5,1,2,1,1,2,1,2,1,1,2,2,3,3,3,2,9,4,1,1,1,4,1,9,5,1,43,3,1,1,1,50,7000,2800,0,151101,직업 상품 개발 스트레스 증가 기술 자동화 일자리 감소,기계공학
33140,4,5,3,5,3,5,3,5,4,4,4,5,4,4,4,4,4,5,3,4,4,4,4,4,4,4,4,4,4,4,4,4,4,5,3,5,4,5,3,5,3,5,3,4,4,4,4,4,4,4,4,4,3,5,4,4,4,4,4,4,4,4,4,4,4,4,3,4,4,4,4,4,4,4,3,4,3,4,3,4,3,5,3,4,4,4,4,4,4,4,3,4,4,3,4,3,4,3,4,3,4,17,1,2,1,1,6,6,6,4,3,4,4,4,4,4,5,4,5,4,2,4,4,4,3,4,3,4,3,4,4,4,3,4,4,4,3,4,4,4,4,3,2,2,2,2,2,2,2,2,2,2,4,3,2,3,2,8,7,8,7,8,7,8,7,8,1,41,4,2,5,1,48,0,0,16000,301112,의사면허증 전문의자격증 인턴 레지던트 환경 오염 피부 질환 증가,의예(피부)
33141,2,3,2,3,1,0,4,5,1,0,2,2,1,0,3,4,4,5,3,4,4,5,3,3,3,4,3,3,4,5,4,5,4,5,4,5,3,4,4,4,3,5,3,4,4,4,3,4,1,0,2,2,1,0,1,0,1,0,1,0,1,0,1,0,1,0,1,0,2,2,2,3,2,2,1,0,1,0,5,6,4,5,3,5,3,4,4,5,2,3,3,3,3,2,2,2,3,4,2,3,3,8,1,5,1,1,3,4,5,4,4,3,3,4,4,4,3,3,4,4,4,3,4,4,4,3,4,3,3,4,4,4,3,3,4,4,3,3,3,4,4,4,2,2,2,2,2,2,2,2,2,1,3,2,3,3,2,3,2,3,3,3,2,2,3,3,2,29,4,1,1,1,30,3800,3500,0,522101,토익 dcs crs 응급상황시 대피훈련 서비스 항공기,항공서비스학
33142,3,3,2,2,2,2,1,0,3,3,2,2,1,0,3,3,2,2,2,3,2,2,3,3,3,3,3,3,1,0,3,3,1,0,1,0,2,1,3,3,3,2,1,0,3,2,1,0,1,0,1,0,3,3,1,0,2,4,2,3,2,3,1,0,2,4,3,3,3,3,4,3,1,0,2,3,2,2,1,0,2,2,2,3,3,3,2,2,5,2,2,4,3,3,4,3,2,1,2,2,3,3,1,3,2,1,2,2,2,3,3,3,4,3,3,4,2,2,4,3,2,3,3,3,2,4,1,3,2,5,2,4,3,1,3,4,3,4,3,2,4,4,2,2,2,2,2,2,2,2,2,2,2,3,3,3,2,7,8,7,4,5,6,8,4,3,1,24,2,1,1,1,40,2400,1800,0,826201,점토제품기계 조작훈련 자동화 일자리 감소,문과
33143,1,0,3,5,2,1,3,5,3,3,2,1,1,0,3,5,3,5,3,5,1,0,4,5,3,5,3,5,3,5,3,5,2,3,3,4,3,5,4,6,4,5,4,5,4,5,2,4,2,4,3,5,3,3,2,3,5,5,4,5,1,0,4,5,3,5,3,4,4,6,4,5,1,0,4,5,3,5,4,5,4,6,3,4,3,4,3,4,3,4,4,2,2,3,2,3,2,2,2,2,3,19,1,1,2,2,0,2,2,3,4,3,5,5,5,3,3,3,4,3,3,3,3,4,4,4,4,3,4,3,3,3,4,4,4,3,3,2,3,2,2,4,2,2,2,2,2,2,2,2,2,4,2,2,2,2,2,5,5,4,5,5,5,5,6,6,1,49,2,1,1,1,30,2800,2100,0,615701,자동화 기계 증가,이과
33144,5,7,5,6,5,6,4,6,5,6,5,6,5,6,5,5,4,6,4,6,5,6,5,7,5,7,5,7,5,7,5,7,5,6,5,5,5,6,5,6,4,6,4,6,4,7,5,6,4,6,4,6,5,6,3,4,3,4,3,4,3,4,3,4,4,5,3,4,3,4,3,3,3,4,3,4,3,4,3,4,3,3,3,3,3,4,2,4,4,4,4,4,4,3,4,3,3,3,4,3,4,16,5,6,1,2,0,6,7,3,3,3,5,5,5,3,3,4,4,4,3,3,3,3,3,3,4,4,3,4,4,3,3,4,4,4,4,4,4,4,4,4,2,2,2,2,2,2,2,2,2,2,3,3,3,3,2,4,4,5,4,4,4,4,4,4,2,55,6,1,1,1,40,6700,3800,0,211101,박사학위 상태 유지,경영학
33145,2,4,3,5,1,0,4,5,1,0,3,5,2,3,2,2,2,3,3,5,2,3,2,3,2,3,3,4,3,4,3,4,3,4,1,0,2,3,4,6,3,5,3,4,3,3,1,0,1,0,2,2,1,0,1,0,1,0,1,0,1,0,1,0,1,0,1,0,1,0,2,2,3,4,3,4,4,5,4,5,2,2,2,3,4,4,3,5,2,5,4,3,3,2,3,5,5,5,5,5,5,11,1,2,2,2,0,1,2,2,2,2,4,2,3,3,2,3,3,3,3,2,2,3,4,2,3,4,3,3,3,5,3,4,3,4,4,5,4,4,5,2,2,2,2,2,2,2,2,2,2,2,3,3,3,3,2,8,9,6,5,3,5,6,4,3,1,48,3,1,1,1,40,4400,2300,0,541201,고객 안전 변화,전산
33146,3,4,3,4,2,3,3,4,3,4,2,3,2,2,4,4,3,3,2,4,3,4,3,4,3,3,3,3,2,3,3,3,4,4,3,4,3,5,3,4,4,4,2,4,3,3,3,3,1,0,3,4,2,2,2,3,2,3,1,0,4,4,1,0,2,2,2,2,2,1,1,0,3,3,1,0,1,0,2,3,1,0,1,0,3,3,3,3,4,3,4,3,4,3,4,4,3,4,4,3,4,10,2,2,2,2,0,7,5,3,4,3,3,4,4,4,3,4,5,4,4,3,4,3,4,4,4,3,4,4,3,4,4,3,4,4,4,3,4,4,4,4,2,2,2,2,2,2,1,2,2,1,3,2,2,2,1,4,3,4,5,5,4,5,5,5,2,40,4,1,3,1,52,3000,2400,0,27201,구조 조정 인원 변동 차이,세무회계학
33147,3,3,3,3,1,0,2,2,1,0,1,0,3,3,2,2,3,5,1,0,3,3,2,2,2,2,1,0,3,4,2,3,2,2,2,3,2,3,3,3,3,3,2,3,2,3,2,2,1,0,1,0,4,4,2,3,4,4,2,2,2,2,2,2,2,3,3,3,3,4,3,4,1,0,3,3,3,3,2,3,3,4,3,4,3,4,3,4,4,4,5,3,3,2,4,2,2,3,3,2,3,19,4,1,2,2,0,4,1,4,3,2,4,4,4,3,9,9,9,3,2,5,4,3,5,4,5,2,5,4,2,4,3,4,5,5,4,5,5,4,4,5,2,2,2,2,2,2,2,2,2,3,2,3,3,3,2,6,6,7,7,6,7,6,6,6,1,48,2,2,6,1,60,0,0,3000,561501,세탁 자동화 기술 발전,인문계
33148,4,6,3,5,2,5,3,5,2,4,3,5,2,3,2,3,4,5,1,0,2,3,4,6,3,4,2,4,4,6,2,4,3,4,3,5,4,5,3,5,3,4,3,4,2,3,2,4,3,5,1,0,2,4,2,3,3,4,1,0,3,5,2,3,3,4,2,3,3,3,2,4,2,3,2,3,2,2,2,3,1,0,1,0,2,4,2,3,4,5,4,3,3,5,5,3,2,3,4,4,4,16,5,3,1,1,3,4,5,3,2,2,3,2,2,3,2,3,3,3,4,2,3,4,3,3,3,2,2,4,3,4,3,3,3,3,4,3,2,4,3,4,2,2,2,2,2,1,2,1,2,2,3,1,1,3,1,6,5,3,4,2,4,5,7,6,2,35,4,1,1,1,45,4000,3000,0,304003,간호사 면허증 보건교사 자격증 소프트웨어 사용 공문서 작성 보는 보건실 운영에 관한 사항 감염병 사태 증가 무량 매우 증가 사람 대상 분석 대면 서비스 업종 전산 인공 지능 화가 대체,간호학
33149,5,5,5,5,4,6,5,7,3,5,5,7,2,3,2,3,4,5,2,4,2,3,3,4,3,4,4,5,3,4,3,5,3,5,4,6,3,5,4,6,3,5,4,5,4,6,4,6,2,2,3,4,2,3,1,0,1,0,1,0,3,4,1,0,2,2,2,2,2,2,1,0,3,4,1,0,1,0,1,0,2,2,2,2,3,4,3,4,4,4,4,2,4,3,2,3,3,5,3,3,3,13,3,2,2,1,2,7,2,3,3,3,3,4,4,3,3,3,3,3,3,2,2,4,3,2,3,3,3,4,4,4,3,3,2,2,2,3,3,2,3,3,1,1,2,2,1,1,1,2,2,1,3,2,2,2,1,5,3,3,3,3,3,3,5,7,1,33,3,1,1,1,40,2560,1600,0,222001,법률전문지식 시스템 변화 인력 수요 공급,지적부동산
33150,4,4,4,5,4,5,4,5,3,4,1,0,1,0,3,3,3,4,1,0,1,0,3,4,3,4,1,0,4,5,4,5,3,4,3,3,1,0,3,4,4,5,4,5,4,5,1,0,1,0,1,0,1,0,1,0,1,0,1,0,3,4,3,3,1,0,1,0,1,0,1,0,1,0,1,0,3,3,1,0,1,0,3,4,3,3,3,3,4,3,3,3,4,4,1,4,1,4,3,1,3,18,1,4,2,2,0,7,4,5,4,4,5,4,2,3,3,3,4,3,1,3,2,2,2,3,4,4,3,5,3,4,3,2,3,2,4,2,2,4,3,4,2,2,2,2,2,2,2,2,2,2,3,2,2,3,1,5,4,3,4,3,4,5,4,3,2,30,4,1,1,1,52,2600,2400,0,521201,이유,러시아
33151,5,6,4,5,4,6,5,5,5,6,4,5,4,5,4,5,5,5,4,5,4,5,5,6,4,5,4,6,4,5,3,5,4,5,3,4,5,6,4,5,4,6,4,5,4,4,3,4,4,4,3,4,3,4,1,0,1,0,2,3,2,4,2,3,2,3,1,0,1,0,1,0,3,5,2,3,2,2,1,0,2,4,2,3,3,3,3,5,4,3,4,5,4,3,4,4,3,4,4,5,4,16,5,5,2,2,0,7,7,4,4,3,5,4,4,4,4,4,3,4,1,4,4,5,4,3,3,1,4,3,4,5,4,4,3,3,4,5,3,2,4,4,2,2,2,2,2,2,2,2,2,1,3,3,3,3,2,6,4,4,5,5,6,3,5,4,1,56,6,1,1,1,45,8000,4000,0,121103,상태 유지,수학교육
33152,3,5,4,5,4,5,3,5,1,0,3,5,2,4,3,4,3,3,1,0,1,0,2,3,4,4,4,5,5,5,5,5,2,2,2,4,1,0,2,3,2,3,1,0,5,3,1,0,1,0,1,0,1,0,1,0,1,0,1,0,2,3,1,0,1,0,1,0,1,0,1,0,1,0,1,0,1,0,1,0,1,0,1,0,1,0,1,0,4,4,3,2,3,5,5,4,4,3,3,3,2,15,2,6,2,2,0,7,5,3,3,2,4,2,4,1,3,3,3,3,3,3,2,4,4,2,3,2,3,4,4,4,1,3,3,3,3,4,3,3,4,4,2,2,2,2,2,2,2,2,2,2,3,1,1,3,1,8,8,8,8,7,7,7,8,7,1,34,4,1,3,1,54,4500,1500,0,29401,변화,비서행정
33153,4,5,4,5,2,4,5,6,3,4,4,6,5,6,3,5,4,6,4,6,4,5,1,0,4,6,3,6,4,5,4,6,4,5,1,0,1,0,3,5,4,5,1,0,3,5,1,0,3,5,1,0,3,5,1,0,3,5,4,5,3,4,1,0,3,5,3,5,1,0,2,4,3,5,1,0,1,0,4,5,1,0,1,0,3,5,3,4,5,4,4,4,4,4,3,4,4,5,4,3,4,18,1,1,2,2,0,2,2,3,4,3,3,4,4,4,9,9,4,4,2,3,5,3,3,4,4,2,4,3,4,4,5,5,4,4,5,2,3,5,3,4,2,2,2,2,2,2,2,2,2,1,4,3,3,3,2,3,7,6,7,5,6,8,3,4,1,27,3,2,5,1,40,0,0,2500,417102,활동 영역,정보미디어학
33154,2,3,2,3,2,3,2,3,2,3,1,0,1,0,2,2,2,3,3,3,1,0,1,0,2,3,1,0,1,0,1,0,1,0,1,0,1,0,1,0,3,4,1,0,3,4,1,0,2,2,1,0,2,3,1,0,2,3,1,0,1,0,2,3,2,3,5,5,5,5,5,4,1,0,4,5,5,5,3,4,4,4,4,4,2,3,2,3,3,2,4,1,2,1,5,1,2,1,2,3,4,20,4,1,2,2,0,7,1,2,2,1,4,3,2,2,2,3,3,3,2,4,2,5,3,3,2,4,5,4,3,5,2,2,5,5,3,5,2,3,5,4,2,2,2,2,2,2,2,2,2,2,2,3,3,3,2,9,9,9,8,9,9,7,5,4,2,56,1,2,7,2,48,0,0,1500,901101,농사일 기계 인력,0
33155,2,4,3,5,3,4,3,5,3,4,3,4,4,5,3,4,4,4,4,4,4,5,3,4,3,5,3,4,3,3,4,4,4,4,4,4,4,5,4,5,4,4,4,5,4,5,4,5,4,5,3,4,4,4,4,5,4,4,4,5,4,4,3,4,4,3,3,5,3,4,3,4,4,4,3,3,3,3,3,4,3,3,4,3,4,4,4,4,4,4,4,4,4,5,5,4,5,4,4,4,4,3,1,2,2,2,0,2,2,3,4,3,4,3,4,3,4,3,4,4,3,4,3,3,3,4,4,3,4,3,3,3,4,4,3,3,3,4,4,3,3,4,2,2,2,2,2,2,2,2,2,2,2,2,2,2,2,5,4,6,6,6,6,5,6,5,1,24,2,1,1,1,40,3000,2000,0,882301,시스템 기계화,건축설비
33156,4,3,4,3,3,3,4,5,4,4,4,3,2,3,3,3,4,3,3,3,3,2,4,3,4,3,3,3,4,3,4,4,2,4,2,4,4,3,3,3,4,3,4,3,3,3,2,2,2,3,3,3,3,3,4,4,4,3,4,4,4,3,3,3,3,2,4,4,4,4,4,3,2,4,4,3,3,5,4,3,2,4,1,0,3,5,3,5,4,4,2,4,3,1,3,4,3,4,3,3,3,3,1,2,1,2,0,4,5,5,2,3,4,5,4,3,3,2,3,3,2,3,3,2,3,4,4,3,2,3,3,4,3,2,3,3,4,4,2,3,4,4,2,2,2,2,2,2,2,2,2,1,2,3,3,3,1,2,7,5,7,2,5,7,8,5,1,30,4,1,1,1,40,4200,3800,0,153103,전기기능사 산업기사 시스템 개발,기계
33157,4,4,5,4,4,6,4,4,4,6,4,5,4,6,4,5,5,6,4,5,3,4,5,7,4,5,4,5,5,7,4,6,4,5,4,5,5,4,4,6,5,6,4,6,4,5,3,4,4,3,4,5,4,5,2,2,2,2,2,2,3,4,2,2,2,2,2,2,2,2,2,2,2,3,2,2,2,2,2,2,2,3,2,2,4,5,4,6,4,4,5,3,4,4,3,2,3,2,3,2,3,16,5,2,1,1,1,7,4,4,5,4,3,3,4,4,3,4,4,4,4,3,3,5,5,4,5,4,5,4,4,5,5,4,4,4,5,5,4,4,5,4,2,2,2,2,2,2,2,2,2,1,1,2,2,3,2,9,6,7,2,3,3,8,9,6,2,29,3,1,1,1,40,3000,2300,0,232101,보육교사자격증 직무연수 어린이,유아교육학
33158,2,3,2,3,2,3,1,0,1,0,2,3,1,0,1,0,2,3,1,0,1,0,1,0,1,0,2,4,1,0,1,0,1,0,1,0,1,0,1,0,2,3,1,0,1,0,1,0,1,0,1,0,4,5,3,4,4,5,4,5,1,0,4,5,4,5,3,4,3,4,4,5,1,0,3,4,2,3,3,4,1,0,1,0,2,3,1,0,4,4,3,4,3,3,3,4,3,3,3,2,4,14,1,2,1,2,0,7,2,4,3,3,5,4,4,4,4,4,4,4,3,3,3,5,3,3,4,3,3,3,3,4,3,4,4,4,4,5,3,3,3,4,2,2,2,2,2,2,2,2,2,1,1,3,3,3,2,7,7,6,3,3,3,6,3,3,1,38,4,1,1,1,40,3700,2500,0,155303,폐기물처리기사자격증 인구 감소,환경공학
33159,4,4,3,4,2,4,3,3,2,2,2,2,2,3,2,3,3,3,3,4,2,3,2,3,2,2,3,3,3,4,4,4,3,4,3,3,3,4,4,4,3,5,5,4,3,4,3,2,3,3,2,3,1,0,2,2,2,2,2,2,2,2,3,3,3,3,3,3,2,3,2,3,3,3,2,2,3,3,3,3,2,3,2,2,3,3,2,3,5,4,1,4,3,4,4,5,4,4,5,4,4,3,1,3,2,2,0,6,5,4,3,3,3,4,3,3,4,5,4,4,2,4,4,3,3,2,4,2,3,2,4,4,4,4,5,5,4,4,4,5,5,4,2,2,2,2,2,2,2,2,2,2,1,2,2,2,2,5,5,5,4,6,8,9,7,8,2,44,4,1,1,1,45,4300,3400,0,16301,제조업 불황,산업공학
33160,2,3,5,6,2,4,4,5,1,0,3,5,1,0,2,3,4,4,2,3,3,4,3,4,2,3,1,0,2,3,1,0,4,4,2,3,1,0,4,4,4,4,5,5,3,4,1,0,2,2,4,5,5,6,5,6,3,4,3,3,2,3,3,3,3,3,4,5,5,6,5,4,1,0,5,5,2,3,2,3,3,4,1,0,3,5,2,3,4,3,4,2,5,4,2,3,3,4,3,3,4,19,1,2,1,1,3,2,4,4,4,4,4,4,5,5,3,4,4,4,2,4,3,4,3,4,3,3,4,4,4,4,3,4,4,4,4,4,3,3,4,3,2,2,2,2,2,2,2,2,2,2,2,2,2,3,1,7,7,6,7,7,7,6,7,7,1,45,3,1,1,1,45,4500,2500,0,841201,정보통신산업기사 고객서비스 기술 발전 수리 기능,전자통신
33161,2,2,2,2,3,4,3,3,2,3,3,4,3,3,2,2,2,2,2,2,2,3,2,3,2,2,2,3,2,2,2,2,3,3,2,3,2,3,2,4,2,2,2,3,2,2,3,4,3,4,2,2,2,2,2,2,3,3,2,2,2,2,2,2,2,2,3,4,3,3,3,4,3,4,2,2,2,2,2,2,2,3,2,2,2,2,2,2,2,2,3,2,2,2,4,3,3,2,3,3,3,6,1,2,2,2,0,1,2,4,4,3,4,4,4,4,9,4,5,4,3,3,2,3,3,4,4,3,3,3,2,2,3,3,3,2,2,3,3,2,3,3,2,2,2,2,2,2,2,2,2,2,2,3,3,3,2,4,7,8,5,6,5,3,5,6,1,46,2,1,2,2,40,2400,2000,0,706001,건설 사의 활동,인문계
33162,2,4,5,5,2,3,3,5,3,4,2,3,2,2,2,3,3,3,3,3,2,3,2,3,5,4,1,0,3,3,2,2,2,3,1,0,3,3,5,5,4,4,3,4,3,4,1,0,1,0,1,0,2,2,1,0,5,4,5,4,2,3,2,2,5,3,3,3,2,2,2,2,1,0,4,4,5,5,5,4,5,6,4,6,3,5,3,4,4,4,3,3,4,2,4,3,3,4,2,2,3,17,1,2,1,2,0,1,4,4,4,4,4,4,3,3,3,4,4,4,2,4,4,4,4,5,4,3,4,2,3,4,4,5,4,4,3,4,3,4,4,3,2,2,2,2,2,2,2,2,2,2,4,3,2,3,2,7,7,7,5,6,5,7,4,5,1,33,4,1,1,1,40,2900,2400,0,306501,물리치료사 노령 인구 증가 이용 증가 예상,물리치료학
33163,3,3,4,4,1,0,2,3,2,4,2,5,2,4,2,3,2,3,2,5,2,4,3,4,4,4,2,4,2,3,3,5,1,0,2,3,3,3,3,3,2,4,3,3,3,5,2,3,3,3,3,4,4,4,4,4,4,4,4,5,2,3,3,3,4,4,3,5,4,4,4,4,2,4,5,5,5,5,4,4,3,4,4,5,4,4,3,5,4,4,2,3,3,2,3,3,2,2,3,2,3,3,1,4,2,2,0,7,1,4,3,2,4,4,4,4,3,4,4,4,2,3,2,4,3,2,2,2,3,4,4,4,3,3,3,3,4,4,4,3,4,4,2,2,2,2,2,2,2,2,2,1,3,3,3,3,2,7,3,8,2,7,2,7,2,7,1,29,2,1,1,1,40,2600,2000,0,864201,고급 일자리 변동,공고
33164,4,4,3,4,3,5,4,4,3,4,4,5,4,4,3,3,3,3,3,4,3,4,3,5,3,4,3,4,3,4,4,4,4,4,3,4,3,5,4,4,3,4,4,4,3,4,4,4,3,4,3,4,3,5,3,4,4,4,3,4,4,4,4,4,3,3,4,4,3,3,3,3,3,4,4,3,3,3,3,4,3,4,3,3,3,3,3,4,4,3,3,3,3,3,4,4,4,4,3,3,3,11,1,4,2,2,0,7,5,3,2,3,4,3,3,3,3,3,3,3,3,3,3,4,3,3,3,3,3,3,3,3,3,3,4,3,4,4,3,3,3,3,2,2,2,2,2,2,2,2,2,1,2,2,2,3,2,5,5,5,6,5,6,6,7,7,1,48,4,1,1,1,52,5000,3000,0,32301,자동화 일자리 감소,경제학
33165,4,5,4,5,4,5,2,4,3,4,4,5,3,5,4,5,4,5,3,4,3,4,3,4,3,4,3,4,3,4,1,0,1,0,1,0,4,5,1,0,2,2,2,3,1,0,4,5,4,5,2,3,2,2,1,0,1,0,1,0,3,4,1,0,1,0,1,0,1,0,1,0,1,0,1,0,2,3,2,2,1,0,2,2,3,3,2,2,3,2,3,3,4,4,2,4,2,4,3,3,3,10,1,4,2,2,0,7,4,4,3,3,2,3,2,3,2,2,4,3,1,5,5,4,2,1,2,1,3,4,3,5,4,4,4,3,3,3,2,2,4,3,2,1,2,2,2,2,2,2,2,2,4,3,3,3,1,7,7,7,5,5,5,7,6,4,1,34,4,1,1,1,48,3000,2200,0,415502,시뮬레이터 도입 게임 산업 활성화 동반,컴퓨터그래픽
33166,2,4,4,5,2,2,3,3,2,2,3,5,4,4,3,3,2,3,2,2,3,4,4,6,4,5,2,2,3,3,2,2,3,3,2,3,3,5,3,4,1,0,2,2,2,2,1,0,3,5,1,0,2,2,1,0,3,3,2,3,3,4,1,0,1,0,3,3,4,4,2,2,1,0,1,0,3,3,3,4,2,2,3,4,4,4,4,5,4,4,3,4,4,3,2,4,3,3,4,3,4,19,1,1,2,2,0,7,1,3,3,3,4,3,3,4,9,9,4,4,2,4,4,4,4,3,4,3,4,4,4,3,4,4,3,4,3,4,4,4,4,3,2,2,2,2,2,2,2,2,2,2,2,2,2,2,1,8,9,5,2,2,5,5,5,5,1,38,3,2,5,1,40,0,0,3450,531701,자동화 기계로 일자리 감소,영문학
33167,3,3,3,3,2,3,2,4,2,4,2,4,4,4,3,3,3,4,4,4,2,4,2,4,4,4,3,3,3,4,4,4,2,5,3,4,4,4,4,4,3,5,4,4,3,3,3,4,3,3,4,4,4,4,3,5,2,4,4,4,4,4,4,5,3,5,4,5,3,5,4,4,4,4,4,5,3,4,4,4,4,5,3,5,4,4,4,5,4,3,4,4,3,4,4,4,4,3,3,4,4,19,1,2,2,2,0,1,4,4,3,3,3,2,3,4,5,5,5,4,3,3,4,4,4,4,3,4,5,4,4,4,5,4,4,3,3,4,4,4,4,3,2,2,2,2,2,2,2,2,2,3,3,3,2,2,2,3,7,7,6,5,6,7,3,4,1,49,3,1,1,1,42,4000,3000,0,825101,수요,기계
33168,4,6,5,7,5,6,4,6,5,6,4,6,4,5,4,6,4,6,4,6,5,6,5,6,4,5,4,6,4,6,4,6,4,6,5,6,4,6,4,5,4,5,4,6,4,5,4,6,4,6,4,5,4,5,4,6,4,5,4,6,4,6,4,6,5,6,4,6,5,7,4,5,4,5,4,6,4,5,4,5,4,5,3,4,3,4,3,4,3,3,3,2,4,3,3,3,3,4,4,2,3,15,2,4,2,2,0,5,6,3,3,3,4,4,4,3,3,3,3,3,3,3,3,3,3,3,3,3,3,4,5,2,2,2,3,3,4,3,3,2,4,5,2,2,2,2,2,2,2,2,2,2,3,3,3,3,2,2,2,4,5,5,7,2,2,5,2,47,5,1,1,1,40,5000,3500,0,122103,변화,농업학
33169,4,5,4,4,4,5,3,5,3,5,4,5,4,5,4,4,4,5,4,4,4,5,3,5,4,5,3,5,4,5,4,5,4,5,4,5,4,6,3,6,4,5,4,4,4,5,4,5,3,5,4,6,4,6,4,5,4,6,4,6,4,5,4,5,4,5,4,5,4,6,4,5,4,5,4,5,4,5,4,5,4,5,4,6,4,5,3,5,4,5,4,4,4,3,4,4,4,5,5,4,4,17,1,2,1,2,0,2,6,4,5,4,4,4,4,5,9,9,4,4,2,4,4,4,3,4,3,4,4,3,4,4,2,3,4,3,3,4,4,3,4,2,2,2,1,1,2,1,2,2,2,2,3,3,3,3,2,7,3,7,6,7,4,7,6,3,1,54,5,2,5,1,44,0,0,10000,301112,의사 레이저 장비 장비 도입 용법 숙지 피부 때문 관리 차원 변화,의학
33170,4,4,4,4,3,3,3,3,3,4,4,4,3,3,3,4,4,3,3,4,2,4,3,3,4,4,3,3,3,3,3,4,2,4,3,3,3,3,4,4,3,2,3,3,4,4,3,4,2,4,2,3,3,4,4,4,3,3,3,4,3,4,3,3,3,3,2,4,3,3,3,4,3,3,2,2,3,2,3,4,2,2,3,3,2,4,3,3,4,4,4,5,5,4,4,4,4,4,3,3,4,10,1,2,2,2,0,2,5,4,3,3,5,4,4,3,4,4,5,4,1,4,4,4,4,3,4,2,5,4,2,4,4,4,2,4,5,4,3,4,5,5,2,2,2,2,2,2,2,2,2,2,2,3,3,2,1,2,5,3,7,6,4,4,7,8,1,39,4,1,1,1,45,3400,2600,0,133101,모든 전산 이기,컴퓨터
33171,4,4,4,4,3,5,3,5,2,4,3,5,3,5,1,0,2,4,3,4,4,5,2,5,3,4,4,4,3,6,2,4,2,3,3,4,4,4,4,4,4,5,4,4,4,4,4,5,3,5,3,5,3,5,1,0,1,0,1,0,1,0,1,0,1,0,1,0,1,0,1,0,2,4,1,0,2,4,3,5,3,5,3,5,1,0,1,0,3,4,3,4,4,4,3,4,3,3,4,4,3,3,1,2,1,2,0,3,4,3,3,4,4,4,3,4,3,4,5,5,4,4,3,4,3,3,4,5,4,4,4,4,3,4,5,4,4,5,4,4,3,5,2,2,2,2,2,2,2,2,2,2,3,2,2,2,1,7,6,8,7,5,6,6,7,5,1,55,4,2,5,1,50,0,0,6000,701101,용접기능사 변화,지질학
33172,4,6,5,6,2,3,5,6,3,4,3,3,5,6,3,4,3,4,3,2,3,5,3,3,4,4,5,5,5,6,4,6,5,5,4,4,3,3,4,5,3,4,3,4,4,6,3,3,3,4,2,2,3,3,3,3,3,4,2,3,3,5,3,3,2,3,3,5,3,4,2,3,4,4,4,5,4,5,4,4,3,5,2,3,4,5,3,5,4,5,4,2,5,2,3,4,4,4,4,4,3,18,1,4,2,2,0,2,4,3,2,3,2,4,3,3,2,2,4,4,4,3,3,4,3,4,3,2,4,3,2,4,4,3,4,5,4,4,4,3,4,3,2,2,2,2,2,2,2,2,2,2,3,2,2,2,1,6,5,5,4,3,4,4,5,4,1,42,3,1,1,1,40,3000,2000,0,417201,방송 연애 사업 경기 침체 영향,방송학
33173,2,3,2,3,2,3,2,3,2,3,3,4,1,0,3,4,2,3,1,0,1,0,1,0,2,3,1,0,2,3,2,3,1,0,1,0,2,3,1,0,2,3,3,4,2,3,1,0,1,0,1,0,1,0,1,0,1,0,1,0,3,4,1,0,2,3,1,0,1,0,1,0,3,4,1,0,1,0,1,0,1,0,1,0,2,3,2,3,4,3,3,4,3,3,4,3,3,4,3,3,3,11,1,5,1,2,0,1,5,4,3,3,4,4,4,4,4,3,4,3,2,3,4,3,4,4,3,4,3,3,3,4,4,3,3,4,3,4,3,3,3,4,2,2,2,2,2,2,2,2,2,1,4,2,2,3,1,4,3,4,4,6,6,3,3,6,1,37,5,1,1,1,42,6989,5911,0,31102,CRA 증권 업계 현재 유지 중이 경제 흐름,회계학
33174,4,4,3,4,3,3,2,2,3,3,4,4,1,0,3,3,2,2,1,0,2,2,3,3,2,2,3,4,2,2,2,2,2,3,3,4,3,3,3,3,3,3,3,3,3,3,3,4,3,3,3,3,3,3,3,3,1,0,2,2,3,3,3,3,2,2,1,0,1,0,1,0,3,4,1,0,1,0,3,3,1,0,1,0,2,2,1,0,4,3,2,3,3,4,3,3,4,3,3,3,3,11,1,2,1,1,3,3,5,3,3,4,4,3,4,4,3,3,3,4,3,3,3,3,4,3,3,3,3,3,3,3,4,3,3,3,4,4,4,3,3,3,1,2,2,2,2,2,2,2,2,2,4,2,2,2,1,5,5,6,4,5,6,6,5,5,1,31,4,1,1,1,48,4000,3000,0,32301,보험계리사 보험 실무 업무 상품 다양 보험 가입자 증가,보험학
33175,3,3,3,4,2,2,3,3,2,2,2,3,1,0,2,2,2,3,1,0,1,0,2,3,3,4,3,4,2,3,3,3,2,2,1,0,2,2,3,4,3,4,3,3,2,1,1,0,2,2,2,3,3,4,1,0,1,0,1,0,1,0,3,3,3,4,3,3,3,4,4,5,2,3,1,0,1,0,1,0,3,4,2,2,2,2,2,1,2,3,2,3,3,3,3,4,2,4,1,1,2,17,3,6,1,2,0,7,4,3,4,5,4,5,3,3,2,4,4,3,4,3,3,3,2,3,3,3,3,3,3,4,3,2,2,3,4,4,2,2,3,3,2,2,2,2,2,2,2,2,2,1,3,3,2,3,2,6,7,4,3,4,5,5,5,6,1,49,3,1,1,1,50,5000,3000,0,306201,방사선사 발전 기술 타격,방사선
33176,3,4,3,5,2,3,4,5,3,5,3,5,3,5,2,4,4,5,2,3,2,4,4,5,3,4,2,3,4,5,3,4,3,5,3,5,4,6,3,4,4,4,3,5,3,5,2,3,3,5,4,5,2,3,1,0,2,3,1,0,3,3,2,3,1,0,2,3,2,3,2,3,2,3,2,3,2,3,3,4,2,4,2,4,2,3,3,4,4,4,2,3,4,4,2,4,3,3,2,2,4,16,5,1,2,2,0,1,4,4,4,4,4,4,4,3,9,9,3,3,2,4,4,4,4,3,3,2,4,4,2,4,3,4,4,4,4,5,4,3,4,5,2,2,2,2,2,2,2,2,2,2,2,2,2,2,2,4,4,3,3,3,5,5,6,5,2,47,5,2,5,1,42,0,0,3800,214101,인터넷 강의 증가 때문,수학학
33177,5,6,5,6,4,4,5,5,4,4,4,5,4,4,3,4,3,4,3,4,3,4,4,4,3,4,4,5,5,5,4,4,5,5,4,5,4,5,4,4,5,5,4,4,5,4,5,5,2,2,4,5,4,5,1,0,1,0,1,0,4,5,3,2,2,3,1,0,1,0,1,0,2,2,1,0,1,0,1,0,1,0,1,0,2,3,2,2,5,3,4,5,5,3,4,2,3,4,4,2,4,11,1,4,2,2,0,6,5,4,4,4,5,5,4,4,3,4,4,4,2,4,4,4,4,3,3,2,2,3,3,4,3,3,4,4,4,5,3,3,3,3,2,2,2,2,2,2,2,1,1,3,2,1,1,3,1,3,3,3,4,4,5,3,3,4,1,52,4,1,1,1,40,10000,3200,0,31201,시장 유동성 증가 분석 향후 추이 대한 분석 무량 난이도 상승 도입 판단 기계,회계학
33178,4,5,4,5,3,4,2,4,2,4,4,6,2,3,3,4,2,4,3,5,4,5,4,6,4,5,3,5,1,0,2,3,2,3,2,4,4,5,2,3,4,5,4,5,3,4,1,0,3,5,3,5,4,6,4,5,4,5,4,6,3,4,3,5,5,5,5,6,3,5,4,6,3,5,3,5,4,6,1,0,3,5,2,4,3,5,2,3,3,3,3,2,3,5,4,2,3,4,3,3,4,3,1,2,1,1,4,4,5,4,3,3,4,4,4,2,2,3,3,2,4,3,3,3,2,1,1,1,2,4,4,5,3,3,2,2,4,3,3,3,4,4,2,1,1,1,1,2,2,1,1,2,3,3,3,3,1,4,3,1,3,2,3,7,5,3,1,32,4,1,1,1,46,3500,2700,0,131101,정보통신기사 관련 용어들 학습 컴퓨터 주변기기 액세서리 하드웨어 제품 설계 전체 시스템 노후 화로 교체 휴대 기기 선호 증가 수요 감소,컴퓨터공학
33179,4,6,5,6,4,5,4,6,4,5,3,4,2,6,3,4,4,5,3,5,4,5,4,6,3,4,1,0,3,3,4,6,1,0,1,0,3,4,3,5,4,6,4,6,2,3,1,0,2,4,1,0,4,6,1,0,4,5,2,2,3,4,4,5,4,6,4,6,5,6,4,5,1,0,4,6,4,5,3,4,4,6,4,5,4,6,3,5,2,3,2,3,2,2,3,4,3,2,2,3,3,3,1,2,2,2,0,7,2,3,2,2,3,3,3,2,1,2,3,2,3,2,2,4,4,2,3,4,2,2,3,4,3,4,5,4,4,5,4,3,4,3,2,2,2,2,2,2,2,2,2,3,1,3,3,3,2,6,5,8,9,7,5,6,5,5,1,35,2,1,1,1,40,2600,2300,0,861301,기계화 진행,기계
33180,3,4,4,6,3,4,4,6,1,0,2,3,3,4,2,2,3,4,2,2,2,2,4,6,4,6,5,6,4,6,2,2,3,4,2,3,3,4,2,3,2,3,2,2,2,2,1,0,3,4,4,5,2,3,2,2,2,2,2,3,5,6,3,4,2,2,2,2,2,2,1,0,2,3,1,0,1,0,2,2,2,2,1,0,2,2,2,3,4,3,4,2,3,2,3,3,4,4,3,3,2,15,2,2,1,2,0,1,2,4,4,4,4,4,4,2,3,4,4,4,3,3,3,3,4,3,2,2,3,4,4,4,4,5,3,4,4,4,4,3,4,4,2,2,2,2,2,2,2,2,2,2,3,3,3,3,2,5,3,3,7,5,3,5,3,6,2,32,4,1,1,1,40,2500,1800,0,413201,사서자격증 상태 유지,문헌정보학
33181,2,2,3,3,2,3,2,2,3,4,2,2,2,2,2,2,3,3,2,2,1,0,1,0,2,2,2,2,3,4,3,3,2,2,2,2,1,0,2,2,3,3,3,4,3,4,4,5,4,5,2,2,2,2,2,2,2,2,1,0,4,4,4,2,2,3,2,2,1,0,1,0,2,2,1,0,1,0,1,0,3,4,2,2,2,2,2,2,3,4,3,3,4,3,4,3,3,4,3,4,3,3,1,3,2,2,0,2,5,4,4,3,4,4,4,4,3,3,4,4,2,4,4,4,5,4,4,3,4,4,4,4,4,5,3,4,5,4,4,4,5,3,2,2,2,2,2,2,2,2,2,2,3,2,2,2,1,6,5,4,5,6,5,5,4,5,2,38,4,1,1,1,40,3500,3000,0,28301,변화,경영학
33182,5,6,4,5,5,7,4,5,3,4,5,7,1,0,5,7,4,5,3,4,2,2,4,5,5,7,4,5,3,4,4,5,3,4,2,2,4,5,2,2,5,7,5,7,3,4,2,2,2,2,3,4,5,7,3,4,1,0,1,0,1,0,1,0,3,4,2,3,1,0,1,0,2,2,5,6,1,0,4,6,3,4,1,0,4,6,2,2,5,5,3,5,4,4,4,4,4,5,5,4,4,17,1,4,1,2,0,7,7,4,5,4,4,4,3,4,4,4,4,4,1,4,5,1,2,2,4,3,4,5,5,4,4,4,3,3,5,5,2,2,5,5,2,2,2,2,2,2,2,2,2,2,4,3,3,3,2,7,2,2,7,6,4,3,3,5,1,45,5,1,1,1,40,9500,5000,0,301102,외과 전문의 건강 보험 발전 의료 보장,외
33183,1,0,1,0,1,0,1,0,1,0,1,0,1,0,1,0,3,4,3,5,1,0,3,4,4,5,3,4,1,0,4,5,1,0,1,0,1,0,3,4,3,3,4,5,3,4,1,0,1,0,1,0,4,5,4,5,4,5,4,5,1,0,4,4,2,2,4,4,4,5,4,5,4,5,1,0,3,4,1,0,4,4,1,0,1,0,1,0,4,3,3,4,4,3,4,3,3,3,3,3,3,6,1,2,1,1,3,5,3,3,4,4,3,4,4,3,3,3,3,3,2,4,4,4,3,4,3,3,4,4,4,3,4,3,4,3,4,4,4,2,3,4,2,2,2,2,2,2,2,2,2,3,3,3,3,3,2,7,3,7,7,4,5,3,8,7,1,35,3,1,1,1,45,3000,2200,0,704001,중장비 운전기능사 장비조작 정비관리 상황,전기
33184,2,2,2,1,1,0,1,0,1,0,1,0,1,0,1,0,2,3,1,0,1,0,1,0,1,0,3,3,2,3,1,0,1,0,1,0,1,0,2,2,2,3,2,3,2,3,1,0,1,0,1,0,1,0,1,0,1,0,1,0,2,3,1,0,1,0,1,0,2,3,3,3,1,0,1,0,1,0,1,0,2,4,1,0,3,3,2,3,3,2,4,3,2,2,4,2,3,2,3,3,2,4,2,2,2,2,0,1,2,3,3,3,4,2,3,3,3,3,3,3,4,2,3,4,4,3,3,4,2,3,2,3,2,3,2,2,2,4,3,2,4,4,2,2,2,2,2,2,2,2,2,2,2,3,3,3,2,6,5,4,5,5,5,5,6,6,1,47,2,1,1,1,48,3000,2800,0,562101,전산 기술 개발 사람,농업
33185,2,2,3,4,2,1,2,2,2,1,2,1,2,1,2,2,3,3,3,4,2,1,2,3,3,3,3,4,2,2,2,3,2,1,2,2,2,3,2,2,3,4,3,4,3,3,2,2,2,2,2,3,2,1,2,1,2,3,2,2,1,0,1,0,2,2,2,2,2,1,2,3,1,0,2,1,2,1,3,4,3,3,3,4,2,2,2,3,3,2,4,3,4,2,4,4,2,3,2,4,2,17,2,3,2,2,0,7,4,4,3,4,4,3,4,3,4,4,4,4,4,4,4,4,3,2,3,4,3,4,3,4,2,3,4,4,2,3,1,1,4,4,2,2,2,2,2,2,2,2,2,1,3,1,3,3,1,8,8,6,2,3,4,3,2,8,1,38,4,1,1,1,45,2850,2500,0,561201,기피 사회 현상 때문,경제학
33186,4,5,4,6,4,6,4,6,3,5,4,6,3,6,4,6,4,5,4,6,4,6,4,7,3,5,3,5,3,5,2,3,3,4,3,3,4,5,2,3,4,4,3,5,3,5,4,6,3,4,4,6,3,5,3,5,3,4,3,4,3,3,1,0,2,3,3,4,3,4,3,5,3,4,3,4,3,4,1,0,3,5,1,0,3,3,4,3,3,4,2,4,3,4,4,2,2,3,3,5,3,15,2,5,1,1,3,5,5,5,2,4,5,4,3,3,4,4,3,3,2,4,4,3,3,4,3,3,3,3,3,3,3,3,3,3,3,3,4,2,4,4,2,2,2,2,2,2,2,2,2,2,4,3,3,3,2,5,3,3,3,3,3,5,5,5,2,28,4,1,1,1,40,3500,3000,0,621402,항해사 통신사 비상 대응 훈련 관제 운용 프로그램 개발 도입 관제 무량 증대,해양경찰학
33187,3,4,4,6,4,5,2,4,2,3,2,3,1,0,2,3,2,4,2,4,3,4,3,4,3,5,2,4,2,3,3,4,1,0,2,3,2,3,3,4,2,3,2,3,2,4,2,4,2,3,2,3,1,0,1,0,1,0,1,0,3,4,1,0,1,0,1,0,1,0,1,0,2,3,1,0,1,0,1,0,1,0,1,0,3,5,2,5,4,5,4,3,4,4,4,4,4,4,4,4,4,8,1,2,1,2,0,5,5,4,3,3,3,4,4,3,4,4,4,4,4,3,3,4,3,2,3,2,3,4,4,4,3,3,2,2,2,3,3,3,4,4,2,2,2,2,2,2,2,2,2,2,4,2,2,2,1,3,5,5,6,6,5,4,4,4,1,31,4,1,1,1,46,3000,2700,0,28204,물류관리사 해만 교통 수요 증가,행정학
33188,2,3,3,4,3,4,3,4,2,4,3,4,3,4,3,4,3,4,1,0,3,4,2,3,3,4,2,3,3,3,2,3,3,4,3,4,2,3,4,5,3,3,3,4,3,4,2,3,3,4,3,4,3,3,1,0,2,2,2,2,3,4,1,0,2,2,2,3,1,0,2,2,2,2,1,0,1,0,2,3,1,0,1,0,2,2,3,3,2,4,2,3,3,4,2,3,4,2,2,2,3,18,1,2,2,2,0,7,2,3,2,2,3,2,4,3,2,4,3,3,2,2,3,3,4,3,2,3,3,2,3,4,3,2,4,3,4,4,3,2,3,3,2,2,2,2,2,2,2,2,2,3,1,2,2,3,1,7,6,7,3,4,4,3,2,5,2,25,2,1,3,2,35,2900,2400,0,562401,인터넷 예매 모바일 티켓 활성화,문과
33189,2,2,2,2,1,0,2,3,1,0,3,4,2,3,3,4,5,7,4,5,2,2,1,0,4,6,1,0,1,0,3,3,1,0,1,0,1,0,2,2,4,5,5,7,3,4,1,0,1,0,1,0,1,0,2,2,2,3,2,3,1,0,1,0,1,0,2,3,5,6,5,7,1,0,5,7,4,5,4,5,3,4,4,5,4,5,4,5,4,4,5,4,5,2,3,5,4,4,5,5,5,15,2,4,1,1,5,5,5,3,4,4,4,4,3,4,3,3,4,3,3,4,4,4,3,4,4,4,3,3,3,5,4,5,4,4,5,4,4,4,5,4,2,2,2,2,2,2,2,2,2,2,4,3,3,3,2,2,1,2,1,2,7,2,1,7,1,38,4,1,1,1,40,4000,3000,0,621102,계기비행 자격증 관제영어 훈련 비행훈련 임금 사람,항공운항
33190,1,0,3,3,2,2,2,3,3,3,1,0,1,0,1,0,2,3,1,0,2,2,1,0,2,1,1,0,2,3,3,3,2,3,3,3,1,0,4,4,1,0,2,1,1,0,3,3,2,2,1,0,1,0,1,0,2,2,1,0,1,0,4,3,2,2,1,0,1,0,1,0,1,0,1,0,1,0,1,0,3,2,2,2,3,2,2,2,3,4,3,3,2,3,4,3,3,2,2,3,3,7,1,1,2,2,0,2,5,2,3,3,5,4,2,4,9,9,9,4,3,3,3,3,4,4,4,3,3,4,3,3,3,2,1,2,3,3,4,3,4,4,2,2,2,2,2,2,2,2,2,3,2,3,3,3,1,9,9,9,5,7,6,7,3,4,2,62,2,1,1,1,50,2500,1800,0,615101,경기 불황,문과
33191,5,7,4,6,5,6,5,7,5,6,5,7,1,0,5,6,5,6,4,6,4,5,4,6,5,6,4,6,4,5,4,4,1,0,1,0,5,6,5,6,5,6,4,6,3,5,1,0,1,0,1,0,1,0,1,0,1,0,1,0,5,6,4,6,3,5,1,0,1,0,1,0,1,0,1,0,2,4,1,0,1,0,1,0,3,3,3,4,3,4,3,2,4,4,4,3,3,3,2,5,3,15,2,2,2,2,0,4,2,5,4,3,4,3,3,3,3,3,4,3,1,5,5,4,3,4,4,2,4,3,4,4,4,3,4,4,5,4,5,3,4,4,2,2,2,2,2,2,2,2,2,1,3,3,3,3,2,7,4,3,4,3,5,3,8,8,1,33,4,1,1,1,40,3500,2300,0,25402,직업 특성 일자리 변화 직업,행정학
33192,2,4,2,3,1,0,3,3,4,5,3,3,2,3,4,3,2,3,4,4,2,2,4,5,3,4,3,4,1,0,2,4,1,0,1,0,1,0,1,0,4,4,3,3,2,3,1,0,1,0,1,0,5,5,4,4,5,4,5,4,1,0,5,3,4,3,4,4,4,4,4,4,2,3,3,4,5,5,5,4,4,4,3,3,2,3,2,5,3,3,2,2,4,1,3,4,3,3,4,3,3,6,1,2,1,2,0,1,2,3,2,3,2,3,3,3,2,2,3,3,4,2,1,2,3,2,4,2,2,4,2,5,2,2,3,2,3,4,4,2,4,2,2,2,2,2,2,2,2,2,2,2,2,2,2,2,2,7,7,6,3,3,3,5,7,6,1,34,2,1,1,1,40,3200,3000,0,701101,철근산업기사 비계기능사 세계 침체 영향,이과
33193,2,3,2,1,2,1,3,2,2,1,2,3,3,5,3,4,4,3,2,1,2,3,3,4,3,2,2,3,2,1,2,2,3,4,4,3,3,2,3,4,2,4,5,4,3,4,4,3,3,2,3,2,3,4,3,3,2,1,3,4,4,4,3,4,2,4,2,1,2,3,2,4,3,2,2,1,1,0,2,3,1,0,1,0,3,3,1,0,2,4,3,4,3,5,4,2,3,4,4,3,2,10,1,6,1,1,4,3,4,4,3,2,3,4,2,4,3,4,5,4,4,3,2,5,4,4,3,2,3,4,2,4,3,4,5,4,5,4,3,4,5,5,2,1,2,2,1,1,2,1,2,2,4,2,2,2,1,6,3,5,4,7,6,7,5,3,1,54,3,1,1,1,40,4800,3600,0,131201,전자응용기술사 정보통신산업기사 통신공학 교육 기술 개발 무량 변화 인재 발굴 경력 기술자 감소,전기공학
33194,2,2,2,2,2,2,2,2,2,3,2,2,2,3,4,5,2,3,3,4,2,2,3,6,3,4,2,3,2,3,1,0,1,0,1,0,2,3,1,0,2,3,1,0,2,3,1,0,1,0,1,0,2,3,2,3,2,4,2,3,1,0,1,0,3,3,3,4,2,3,3,3,1,0,3,3,2,3,2,3,3,3,3,3,4,4,2,2,2,2,3,3,3,2,2,2,3,2,2,2,2,3,1,2,2,2,0,6,3,3,3,3,3,4,2,3,2,3,4,3,3,4,3,4,3,2,4,3,2,3,3,5,3,3,4,4,4,5,3,3,4,4,2,2,2,2,2,2,2,2,2,5,1,3,3,3,2,8,8,6,3,3,6,3,3,4,1,40,2,1,1,1,40,4000,2400,0,825201,자동화 업무 자동화,공고
33195,3,3,2,3,3,3,3,3,1,0,3,4,1,0,3,3,3,5,1,0,3,4,1,0,1,0,1,0,5,3,4,4,1,0,1,0,2,4,4,4,5,4,1,0,4,3,1,0,1,0,1,0,1,0,1,0,5,4,4,5,1,0,2,3,4,3,5,5,4,4,4,5,1,0,3,3,3,5,1,0,2,4,3,5,3,3,3,3,2,2,1,2,2,1,2,4,3,2,2,3,1,10,1,2,1,2,0,7,3,2,1,1,2,2,1,2,1,2,3,2,2,3,3,3,4,2,3,4,3,5,2,5,4,3,5,3,4,5,2,3,4,4,2,2,2,2,2,2,2,2,2,2,4,3,3,3,2,7,6,8,6,7,5,6,5,4,1,38,3,1,1,1,40,3000,2300,0,842201,무선설비기사 고속 인터넷 확산 설치 수가,전기
33196,4,4,4,5,1,0,5,5,1,0,1,0,5,5,3,5,4,4,4,5,4,4,4,5,3,4,4,5,2,4,4,5,4,4,1,0,4,4,4,5,2,3,4,4,4,5,3,5,2,3,4,4,4,4,4,4,4,4,4,5,4,4,4,4,4,5,3,5,3,4,4,5,4,4,4,2,3,5,4,3,2,2,4,3,4,4,1,0,4,3,4,4,3,3,2,4,4,5,3,2,2,18,1,5,1,2,0,3,5,3,4,4,4,3,3,5,4,3,4,4,4,5,4,3,4,4,3,3,4,5,4,3,4,3,4,4,4,3,3,4,4,5,2,2,2,2,2,2,2,2,2,3,2,2,2,2,1,7,5,6,7,8,6,5,6,4,1,51,4,2,5,1,46,0,0,5800,24301,여행기획상품자격증 출산 저조,설계
33197,3,4,4,5,1,0,3,5,1,0,1,0,3,3,3,4,2,3,2,3,2,3,2,3,3,4,3,3,4,5,4,4,4,5,3,4,2,3,4,5,3,3,3,3,3,3,2,3,3,4,2,3,1,0,1,0,1,0,1,0,3,5,3,3,2,3,1,0,1,0,1,0,2,3,2,3,2,3,3,3,2,2,2,3,2,4,4,5,3,1,4,2,2,4,3,2,1,2,2,1,2,7,1,2,2,2,0,2,2,2,2,1,4,3,2,3,2,2,4,3,3,2,2,4,2,3,4,5,5,4,4,4,2,3,2,4,3,5,3,4,4,4,2,2,2,2,2,2,2,2,2,1,4,3,3,3,2,8,3,4,3,3,5,5,3,5,2,29,2,1,1,1,40,3120,2520,0,615301,모바일 발전,이과
33198,3,3,3,4,3,4,3,4,3,4,3,3,4,4,3,3,4,5,3,4,3,4,3,4,4,5,4,5,4,5,4,5,4,5,3,4,4,5,4,5,4,5,4,5,4,5,4,5,4,4,3,4,4,5,5,6,4,5,4,5,3,4,4,5,4,5,4,5,4,5,4,5,4,5,4,5,4,5,4,5,4,5,1,0,1,0,1,0,4,4,4,4,4,4,4,4,4,4,4,3,3,6,1,5,1,1,3,5,4,4,4,4,4,4,4,3,3,3,3,3,1,4,4,3,4,4,4,4,4,4,4,2,4,4,4,4,4,4,3,3,4,3,2,2,1,2,2,2,2,2,2,2,3,3,3,3,2,8,5,7,8,3,3,8,4,8,1,35,4,1,1,1,45,5500,3000,0,151101,건축기사 건축산업기사 안전관리 기계 도입 경제 상황 변동,기계공학
33199,3,4,4,5,3,5,4,5,3,4,3,3,2,2,2,3,3,3,2,3,2,3,4,4,3,3,2,3,2,3,2,3,4,5,3,3,3,3,3,3,2,3,2,3,2,3,2,3,2,2,2,2,5,6,4,6,4,5,4,4,2,3,3,3,5,5,4,4,4,5,4,5,2,3,2,2,2,2,1,0,2,2,1,0,2,2,2,2,3,3,2,3,3,4,3,4,3,4,3,3,2,6,1,3,2,2,0,5,3,4,3,3,4,4,3,3,3,3,4,3,3,2,2,3,3,2,3,3,2,3,3,5,3,3,3,2,3,4,3,2,3,4,1,1,1,1,2,1,2,2,2,3,3,2,2,2,1,3,3,3,4,4,4,5,4,4,1,32,4,1,1,1,40,3200,3200,0,612101,장비 장비 연동 프로그램 도입 재교육 훈련 자동화 업무 대체 장비 통한 영업 대체 불가,기계공학
33200,4,4,3,5,3,4,3,4,4,4,4,6,3,5,3,5,4,4,3,5,3,5,2,5,3,5,3,5,4,5,4,5,4,4,3,6,3,6,3,4,4,5,4,5,3,5,4,5,3,5,4,5,3,5,3,5,4,5,4,5,3,5,4,4,4,5,4,4,4,4,4,5,3,5,3,5,4,5,4,5,3,5,3,4,3,5,3,4,3,4,4,3,4,4,3,4,3,4,4,4,4,18,1,2,1,1,1,3,4,4,4,3,4,4,4,4,3,5,4,4,3,4,3,4,4,4,3,2,3,3,3,4,4,3,4,4,3,4,4,3,3,4,2,2,2,2,2,2,2,2,2,1,4,2,2,2,2,6,7,5,6,8,8,7,5,7,2,37,3,1,1,1,40,3000,2200,0,521304,국내여행안내사 관광통역안내사 여행안내 직무교육 여행 숫자,관광학
33201,3,3,3,3,3,4,3,5,3,5,3,6,3,3,3,5,3,4,4,5,3,5,3,5,4,4,4,4,4,4,3,5,3,5,3,5,3,3,4,4,3,3,3,4,2,5,3,4,3,4,2,5,3,4,4,4,4,4,4,5,3,5,3,4,4,4,3,5,3,5,3,5,3,3,3,4,3,4,3,3,3,5,3,4,3,4,4,4,4,4,5,4,4,4,4,4,5,4,4,5,4,18,1,5,2,2,0,3,5,4,4,3,4,4,4,3,4,3,4,4,3,4,4,3,4,4,3,4,4,4,4,4,3,4,4,4,3,4,4,4,4,3,2,2,2,2,2,2,2,2,2,1,4,2,2,2,1,6,3,4,6,5,5,5,3,6,2,31,4,1,1,1,45,3500,2500,0,411104,예능 드라마 해외 수출 시장 확대,문예창작
33202,4,5,5,5,4,4,4,5,2,3,4,5,1,0,4,5,4,4,3,4,3,4,3,4,3,4,3,4,5,5,5,6,5,5,3,3,1,0,3,4,4,4,3,4,5,5,1,0,1,0,1,0,1,0,1,0,4,4,1,0,4,4,1,0,2,3,3,3,1,0,1,0,1,0,1,0,1,0,1,0,3,3,3,4,4,4,3,3,3,5,2,3,3,2,4,4,2,2,2,3,3,15,2,4,2,2,0,3,4,4,3,2,4,3,2,3,2,3,3,3,2,4,4,2,3,3,3,4,3,3,3,4,3,3,2,3,3,3,3,2,3,4,2,2,2,2,2,2,2,2,2,2,4,3,3,3,2,7,7,9,5,9,9,7,5,5,1,29,4,1,1,1,40,3300,2800,0,240301,사회 범죄 발생 증가,경영학
33203,4,4,4,4,4,4,4,5,3,5,4,5,4,4,4,5,4,4,4,5,4,4,3,4,4,5,4,4,4,4,4,5,3,5,3,4,4,5,4,4,3,4,4,5,4,5,3,4,4,5,3,4,4,4,4,5,3,4,3,4,4,4,4,4,4,4,4,5,3,4,3,4,4,5,3,4,3,4,4,5,3,4,3,4,4,4,3,4,4,4,3,3,4,3,3,4,4,3,3,3,3,11,1,5,1,1,1,1,4,3,4,3,4,4,4,4,4,4,4,4,2,4,3,4,3,4,3,4,3,4,3,3,2,4,3,4,2,3,4,3,3,3,2,2,2,2,2,2,2,2,2,1,3,2,2,2,2,5,6,5,4,5,5,6,5,6,1,47,4,1,1,1,40,6800,2400,0,32301,보험계리사 업무종류 관심,수학
33204,3,5,3,4,3,4,3,5,3,5,5,6,3,4,4,4,3,3,3,5,3,4,4,5,3,4,4,5,5,4,4,4,4,5,4,5,4,5,4,6,4,5,5,5,4,6,3,5,4,6,4,5,2,3,2,2,1,0,1,0,3,5,5,3,3,4,1,0,1,0,1,0,4,3,2,5,2,4,4,5,2,5,4,5,2,5,3,4,3,3,2,3,3,4,3,3,3,4,5,3,5,8,1,4,2,2,0,5,5,4,3,3,3,3,3,3,4,3,3,3,3,4,4,4,3,3,4,2,1,3,3,4,3,3,4,4,3,4,3,3,5,4,2,2,2,2,2,2,2,2,2,2,2,2,2,2,2,6,7,7,5,4,5,6,7,5,1,59,4,1,1,1,40,7000,5000,0,15201,대중교통 용의 편리 택시 수요 감소 버스 지하철,철학
33205,4,5,4,5,2,3,5,6,1,0,3,4,1,0,1,0,4,5,1,0,1,0,1,0,4,5,1,0,4,5,4,5,1,0,1,0,1,0,3,3,1,0,1,0,1,0,1,0,1,0,1,0,1,0,1,0,1,0,1,0,1,0,1,0,1,0,1,0,1,0,1,0,1,0,1,0,1,0,1,0,1,0,1,0,1,0,5,6,4,4,4,3,4,4,3,3,3,4,4,3,4,19,3,2,1,2,0,7,2,4,4,4,4,4,4,4,4,4,4,4,2,2,2,4,3,3,3,3,3,5,3,4,4,4,4,4,4,5,3,2,4,3,2,2,2,2,2,2,2,2,2,1,3,2,2,2,2,6,7,3,4,4,4,7,3,3,2,41,4,1,3,1,40,3000,2000,0,411202,통역사 자격증 언어 자격증 사람 언어 전달 때문,일본어학
33206,2,2,2,2,2,2,2,2,2,2,2,2,2,2,2,2,2,2,2,2,2,2,2,2,2,2,3,3,3,3,3,3,2,2,2,2,2,2,2,2,2,3,2,3,3,3,1,0,2,2,1,0,2,2,1,0,2,2,1,0,1,0,1,0,2,2,3,3,3,3,3,3,1,0,2,2,3,3,3,3,3,3,3,3,3,3,3,3,3,3,3,2,3,2,2,2,2,2,2,3,2,14,1,5,2,2,0,7,1,2,1,1,4,2,1,2,3,3,4,3,2,2,2,3,4,3,4,3,4,3,4,4,2,3,3,2,4,4,4,3,4,4,2,2,2,2,2,2,2,2,2,2,2,3,3,3,2,6,6,6,6,5,4,5,5,5,1,67,2,1,2,2,40,2028,2028,0,562301,자동화,문과
33207,2,3,3,4,1,0,2,1,1,0,1,0,1,0,1,0,2,2,1,0,1,0,2,3,3,3,2,2,3,4,3,3,3,4,2,2,3,3,3,4,3,5,3,3,3,4,2,2,3,3,3,4,2,2,2,2,2,3,3,4,1,0,2,2,2,3,2,2,2,3,3,4,1,0,2,3,3,4,3,3,3,5,3,4,2,2,2,1,2,2,2,3,3,2,3,3,2,2,2,2,2,6,1,2,2,2,0,7,2,3,2,3,3,3,2,3,2,4,4,3,1,3,4,4,3,4,4,2,3,3,4,3,2,4,4,3,2,4,2,3,4,5,2,2,2,2,2,2,2,2,2,2,4,2,2,3,2,8,8,6,3,3,5,5,6,7,1,46,3,1,1,1,55,3700,3000,0,702301,시장 수요,금형설계
33208,4,5,4,5,4,5,5,6,2,3,3,4,1,0,1,0,2,4,3,4,1,0,3,4,1,0,1,0,4,5,1,0,4,5,4,5,1,0,3,4,3,4,3,4,2,3,1,0,1,0,1,0,1,0,1,0,1,0,1,0,4,5,1,0,1,0,1,0,1,0,1,0,1,0,1,0,1,0,1,0,1,0,1,0,3,4,3,5,4,4,2,4,2,4,3,1,4,4,4,4,4,12,1,1,1,2,0,7,2,4,4,4,4,4,4,3,1,2,3,3,2,4,3,4,3,3,4,2,3,4,4,5,4,4,3,2,2,5,2,2,5,3,2,2,2,2,2,2,2,2,2,1,2,2,2,2,1,4,4,3,4,4,3,3,4,5,2,30,4,1,1,1,40,3000,2500,0,611001,공인중개사 부동산 침체,부동산 금융자산 경영학
33209,3,4,3,4,3,3,3,4,3,4,3,5,3,4,3,5,3,4,3,4,3,4,3,4,3,5,3,4,3,4,3,6,3,5,3,3,3,5,3,4,3,4,3,4,3,4,1,0,1,0,3,5,3,5,1,0,4,6,4,6,1,0,3,4,4,4,4,5,4,4,4,6,1,0,4,5,4,4,4,3,4,2,4,2,4,2,4,5,3,4,3,4,3,3,4,3,3,3,3,3,4,3,1,6,2,2,0,1,2,4,4,4,4,4,3,4,2,2,3,3,2,4,4,5,4,4,4,3,4,3,3,4,3,3,3,4,4,4,4,3,4,3,1,2,1,1,2,1,2,2,2,2,2,3,3,3,2,8,8,8,8,8,8,7,7,7,1,53,2,1,1,1,52,8000,2500,0,817101,디지탈 변화 모색 편이 기계화 인원 감소 요인,공고
33210,2,2,3,4,2,1,2,2,2,2,2,2,2,1,2,2,2,3,2,1,2,1,3,3,2,2,3,3,3,4,3,4,2,2,2,1,3,3,3,4,3,3,3,3,3,4,3,4,3,4,3,4,2,1,1,0,3,4,1,0,2,1,2,3,1,0,1,0,2,1,2,2,1,0,2,3,2,3,3,4,3,4,3,3,2,2,2,1,5,3,2,3,4,2,3,5,3,2,4,2,3,9,1,1,1,2,0,5,2,2,3,4,3,4,2,4,9,9,4,4,1,5,5,4,5,3,4,3,4,2,4,4,3,4,5,3,4,3,5,3,4,5,2,2,2,2,2,2,2,2,2,2,3,2,2,2,2,7,6,7,3,4,5,4,5,3,1,54,2,2,5,1,40,0,0,3700,531501,일식조리기능사 기계,기계
33211,2,3,2,3,2,2,2,1,2,2,2,2,2,3,2,3,2,2,2,1,2,1,2,4,2,3,2,1,2,2,2,2,2,1,2,2,2,3,2,2,2,3,2,1,2,1,2,1,2,1,2,2,3,4,3,3,2,2,2,1,2,1,3,2,4,4,3,2,2,2,2,2,2,1,3,5,3,3,3,3,3,3,2,3,2,4,2,1,3,3,2,2,3,2,3,4,3,3,3,3,3,3,3,3,2,2,0,3,3,3,2,1,4,3,2,2,9,3,4,3,2,3,3,3,4,2,3,3,3,2,3,4,3,2,2,2,3,5,3,3,5,3,2,2,2,2,2,2,2,2,2,3,1,3,2,3,2,8,6,6,4,3,4,6,4,4,2,32,2,1,3,2,40,2200,2000,0,862301,생산 시설 자동화 공장 해외 이전,인문계
33212,3,4,4,5,4,5,5,6,4,5,4,5,4,5,4,5,4,5,4,5,4,5,4,4,5,5,5,5,4,4,4,5,5,5,4,5,3,3,2,2,4,5,4,5,4,5,4,4,2,3,2,3,2,2,2,2,2,2,1,0,4,4,2,2,2,2,3,4,2,2,2,2,2,2,2,2,2,2,4,5,2,2,2,2,5,6,5,5,4,4,4,3,4,2,4,4,3,4,4,5,4,3,1,2,2,2,0,6,5,4,4,4,3,4,3,4,4,4,4,4,3,4,4,4,3,4,3,4,4,2,4,5,3,4,3,4,4,4,5,2,4,4,2,2,2,2,2,2,2,2,2,1,2,2,2,2,2,1,1,2,1,1,1,2,2,8,1,44,4,1,1,1,52,4500,3000,0,612201,세계 경제,경영학
33213,3,5,4,5,1,0,2,4,2,4,3,5,1,0,4,6,3,4,3,4,2,4,3,5,4,5,1,0,2,4,3,5,1,0,1,0,3,5,2,3,4,5,1,0,2,3,1,0,2,3,1,0,3,5,2,4,3,5,3,5,1,0,3,4,4,5,4,6,4,5,3,5,3,4,4,5,4,5,3,5,2,4,2,4,3,5,3,5,4,4,3,4,5,2,4,3,3,2,3,4,4,3,1,2,1,2,0,4,2,4,3,3,4,4,4,4,4,3,4,4,2,3,3,4,3,2,4,3,3,3,4,5,4,5,4,4,5,4,4,3,5,4,2,2,2,2,2,2,2,2,2,3,2,2,2,3,2,3,7,6,4,2,5,8,3,3,1,37,4,1,1,1,40,3840,3000,0,817101,기계조립기능사 자동 조립 로봇 발달,자동차
33214,2,3,1,0,1,0,1,0,1,0,1,0,2,2,2,3,1,0,1,0,1,0,2,2,1,0,2,3,1,0,2,2,1,0,1,0,2,3,1,0,1,0,1,0,2,3,1,0,1,0,1,0,1,0,2,3,2,3,4,5,1,0,1,0,1,0,3,4,2,2,2,3,2,3,2,3,1,0,1,0,2,3,2,3,2,3,2,3,3,3,1,2,3,2,3,4,4,3,4,4,2,6,1,2,2,2,0,1,2,3,4,3,4,4,4,3,9,3,4,4,3,3,3,3,4,3,4,3,3,4,3,3,4,4,3,3,4,4,5,4,5,4,2,2,2,2,2,2,2,2,2,1,3,2,2,2,2,8,8,6,2,4,5,8,6,4,1,60,2,1,3,2,30,3000,2200,0,702301,경기 침체,이과
33215,4,4,3,4,3,4,4,4,3,4,3,4,2,1,4,4,3,3,2,2,2,2,3,5,2,2,4,5,3,4,2,4,4,3,2,2,4,4,2,6,3,3,4,4,4,4,2,4,2,3,3,4,2,1,1,0,1,0,1,0,3,3,1,0,1,0,1,0,1,0,1,0,4,4,1,0,1,0,1,0,1,0,1,0,3,4,3,3,4,3,3,2,3,4,3,3,4,3,3,3,3,3,1,2,2,2,0,6,3,4,3,3,3,3,4,3,3,3,3,3,2,3,3,5,3,2,2,3,3,4,3,4,2,3,3,4,5,3,3,2,4,3,2,2,2,2,2,2,2,2,2,1,3,3,3,3,2,7,5,5,3,3,5,4,6,6,2,43,3,1,1,1,40,4500,3000,0,26201,회사 운영 인력,컴퓨터정보학
33216,2,2,4,3,2,2,3,3,2,2,3,3,1,0,3,3,4,2,5,4,3,3,3,3,3,3,3,4,3,3,3,3,2,2,2,2,1,0,5,4,2,2,3,3,3,3,2,2,2,2,1,0,2,2,3,3,2,2,2,2,1,0,2,2,2,2,2,2,3,2,4,3,1,0,1,0,4,4,5,5,2,2,2,2,4,3,5,5,3,3,4,1,3,2,2,3,1,3,1,3,3,8,1,4,1,2,0,5,1,2,2,2,3,3,1,2,1,3,3,3,4,3,2,3,3,2,3,4,5,3,3,5,3,2,2,2,3,5,3,2,5,4,2,2,2,2,2,2,2,2,2,1,2,2,2,2,2,7,7,8,3,5,8,4,6,7,1,50,2,1,3,1,60,2150,2100,0,622101,운전면허1종 택시운전자격증 현재 택시 포화상태,공고
33217,3,4,4,5,2,3,4,5,2,2,2,3,1,0,1,0,4,5,1,0,1,0,1,0,3,4,1,0,3,4,1,0,2,3,1,0,3,3,1,0,1,0,1,0,3,4,2,3,2,2,2,1,3,5,3,4,4,5,1,0,1,0,2,2,2,2,2,2,1,0,1,0,1,0,1,0,1,0,1,0,5,6,2,3,5,5,5,4,4,3,4,3,4,1,4,3,2,2,2,2,3,3,1,1,2,2,0,3,2,3,3,3,4,4,2,3,3,3,3,3,3,4,2,4,4,4,3,4,3,3,4,5,5,5,5,4,4,5,4,4,4,3,2,2,2,2,2,2,2,2,2,2,2,3,3,3,2,7,7,8,4,5,4,3,4,5,1,55,2,1,1,1,48,4200,2300,0,705101,기술 기계로 일자리 감소,이과
33218,3,5,2,4,2,4,3,5,2,4,2,4,1,0,3,4,4,6,1,0,1,0,4,5,4,5,1,0,3,5,2,4,3,5,3,4,3,4,2,3,2,3,1,0,4,6,1,0,1,0,1,0,1,0,1,0,1,0,1,0,3,4,1,0,1,0,1,0,1,0,1,0,1,0,4,6,3,4,3,4,2,4,1,0,4,5,2,5,3,3,4,3,4,4,3,3,3,4,4,4,4,17,1,2,1,2,0,7,5,4,3,3,5,4,4,4,3,3,3,3,2,3,3,3,4,3,3,3,3,3,3,3,3,4,4,4,3,4,3,3,3,3,2,2,2,2,2,2,2,2,2,1,3,2,3,3,2,3,4,6,5,6,6,3,4,6,2,38,4,2,5,1,40,0,0,8100,301111,의사면허 크게 변화,의학
33219,4,5,4,5,1,0,4,5,3,3,4,5,3,3,3,3,5,6,3,4,3,4,3,4,4,6,1,0,1,0,1,0,1,0,1,0,3,4,2,1,3,5,1,0,1,0,1,0,3,3,1,0,3,5,2,3,3,5,5,6,2,1,1,0,3,4,4,5,5,7,5,7,3,4,4,6,3,5,3,5,4,6,4,6,5,6,4,6,4,3,4,3,4,2,4,5,2,3,4,4,3,8,1,4,1,1,4,7,4,3,4,3,3,2,3,3,3,4,4,3,4,3,3,3,3,3,3,3,2,3,3,5,4,4,3,3,4,4,4,3,4,3,2,2,2,2,2,2,2,2,2,1,3,2,2,2,2,7,3,5,2,3,7,7,5,2,1,44,4,1,1,1,44,4700,2000,0,812101,항공정비사 정비시스템 이해 문서 정비 처리 향후 변동,기계공학
33220,4,6,3,4,3,4,1,0,1,0,3,4,3,4,5,7,5,7,2,5,2,2,2,2,3,4,3,4,3,4,2,2,2,2,1,0,4,6,1,0,1,0,1,0,1,0,5,7,4,6,3,4,2,2,3,4,1,0,2,2,3,4,2,2,2,2,2,2,2,2,2,3,2,3,2,2,4,6,1,0,4,6,2,3,4,5,3,3,3,3,4,3,4,3,3,3,3,3,3,4,3,19,3,4,2,1,3,3,5,5,4,3,2,3,3,3,3,3,3,3,3,3,3,4,2,3,2,1,2,3,4,4,2,3,3,3,3,3,2,2,3,3,2,2,2,2,2,2,2,2,2,2,4,3,3,3,2,6,6,6,5,5,5,5,5,5,2,35,4,1,1,1,40,3500,2500,0,413202,기록물관리법 기록물 관리 대한 중요성 증가,고고학
33221,3,4,4,4,3,4,4,5,1,0,3,3,3,5,1,0,3,4,1,0,4,6,4,4,5,6,1,0,4,5,1,0,4,5,1,0,1,0,4,4,3,4,4,5,4,4,1,0,1,0,1,0,1,0,1,0,1,0,1,0,3,4,1,0,1,0,1,0,1,0,1,0,1,0,5,6,4,4,3,4,1,0,3,4,4,5,4,6,4,4,3,4,4,4,5,4,4,4,5,5,5,17,1,2,1,2,0,6,5,4,5,5,5,4,4,4,4,4,3,4,2,4,4,4,4,1,3,4,3,2,4,4,3,4,4,4,3,4,4,3,4,2,2,2,2,2,2,2,2,2,2,1,3,1,1,3,1,8,4,6,4,6,7,8,4,7,1,34,4,1,1,1,40,8000,7500,0,301107,의사면허 정신 문제 때문,의대 정신
33222,4,5,3,4,3,4,4,5,4,6,4,5,2,2,2,3,4,5,2,3,1,0,1,0,2,3,1,0,2,3,2,2,3,4,2,3,1,0,3,4,4,5,2,3,3,4,1,0,1,0,2,3,3,3,1,0,1,0,1,0,1,0,1,0,1,0,1,0,1,0,1,0,1,0,2,4,4,4,2,3,1,0,1,0,3,3,1,0,4,3,3,4,3,3,3,3,3,2,3,2,3,17,1,2,1,2,0,6,5,4,4,4,4,4,4,4,4,4,5,4,1,5,4,1,4,3,4,4,3,4,4,4,3,4,3,4,4,4,4,4,4,2,2,2,2,2,2,2,2,2,2,1,3,2,2,2,2,2,3,2,3,4,3,3,2,6,1,47,4,1,1,1,40,12000,4000,0,301201,의사 변화,의
33223,2,2,2,2,2,2,2,3,2,3,2,3,1,0,4,5,3,4,4,5,3,3,2,2,3,4,4,3,4,3,4,3,1,0,1,0,1,0,4,3,3,3,4,4,2,2,3,4,4,4,1,0,1,0,1,0,4,4,1,0,2,3,1,0,3,5,2,2,2,2,2,2,1,0,4,4,4,5,4,5,4,6,3,5,3,4,3,4,4,3,5,3,3,1,3,3,1,2,2,3,5,8,4,1,1,2,0,1,1,3,1,1,2,2,1,3,9,9,4,4,3,4,3,4,3,4,3,2,3,3,3,4,2,1,2,1,2,4,3,2,4,4,2,2,2,2,2,2,2,2,2,1,4,3,1,1,1,7,6,5,3,3,4,4,6,5,1,34,2,2,6,1,68,0,0,3600,624101,화물운송자격증 1종운전면허 인터넷 쇼핑몰 이용자 증가,전기
33224,3,3,3,4,2,3,3,3,3,3,3,3,3,4,3,3,3,3,2,3,2,2,3,4,3,3,3,4,2,3,2,2,2,2,1,0,2,3,1,0,2,4,3,4,1,0,3,3,3,3,2,2,3,3,3,4,3,3,3,3,3,3,2,2,3,3,2,3,2,2,3,3,2,3,2,2,3,4,2,4,2,2,1,0,4,5,1,0,5,4,4,3,3,3,4,3,3,5,4,3,4,6,1,2,1,1,3,4,5,4,5,5,5,4,4,3,4,4,3,4,3,4,3,4,4,5,5,4,3,5,4,4,4,5,5,4,5,4,4,2,4,3,2,2,2,2,2,2,2,2,2,2,4,3,3,3,2,6,6,7,6,6,6,6,6,6,1,33,4,1,1,1,40,3700,2500,0,140301,토목건축기사 토목건축기사 전기 보수 교육 내진 설계 중요성 전문성 인력 수요 증가,토목공학
33225,3,4,3,4,1,0,3,4,4,4,4,4,5,5,3,5,4,3,5,5,3,4,2,3,5,4,3,4,4,4,3,4,2,3,2,3,2,3,3,3,3,4,5,5,3,4,3,3,3,3,1,0,5,4,2,3,5,4,3,4,2,4,3,4,3,3,3,4,4,4,5,5,3,3,5,5,4,4,3,4,3,4,3,4,3,4,3,4,4,5,3,3,5,2,3,4,3,3,5,3,5,18,4,1,1,2,0,2,3,4,4,3,4,4,3,3,9,9,9,4,3,4,3,4,3,2,3,2,2,4,2,4,3,4,4,3,4,4,3,4,3,2,2,2,2,2,2,2,2,2,2,3,2,2,2,2,1,4,4,6,5,4,2,6,4,2,1,36,3,2,6,1,40,0,0,4000,414201,사진기능사 스마트 기기 보급 필요성,사진학
33226,5,6,5,7,5,7,5,6,5,7,5,6,4,6,4,7,4,5,5,7,5,6,4,6,3,5,4,6,5,7,5,6,5,7,5,7,5,6,4,6,5,5,5,6,5,7,5,7,5,6,5,5,4,6,5,7,4,7,5,7,5,7,4,6,5,7,5,6,5,6,5,6,5,6,5,7,4,6,5,6,5,7,4,5,5,7,5,7,3,3,3,3,4,3,3,3,4,3,4,3,3,17,2,5,2,2,0,5,5,3,3,3,5,4,4,3,3,3,3,3,3,4,3,3,3,3,3,3,3,3,4,3,3,3,3,3,3,4,4,2,5,4,2,2,2,2,2,2,2,2,2,2,4,3,3,3,2,4,5,3,7,5,8,4,5,8,1,58,4,1,1,1,40,6000,3000,0,122101,부가가치 산업,공중보건학
33227,4,2,4,4,4,6,3,4,2,3,2,5,5,5,4,5,4,4,3,4,2,4,3,4,4,4,2,3,3,3,2,2,2,2,2,2,2,3,2,3,3,3,2,3,2,3,2,3,2,3,2,2,3,5,4,4,2,2,2,3,4,4,1,0,2,3,3,4,1,0,1,0,2,2,4,5,2,2,1,0,2,3,1,0,4,5,2,2,4,3,3,4,4,3,3,4,3,4,4,3,4,13,1,1,2,2,0,5,5,3,2,3,2,3,3,4,4,3,4,4,3,3,4,4,4,3,3,3,3,2,5,4,3,3,2,3,2,3,3,2,3,2,2,2,2,2,2,2,2,2,2,2,3,3,3,2,1,2,3,3,4,6,3,6,6,7,2,32,4,1,1,1,40,2200,2000,0,415501,일자리 변동 유지,광고홍보학
33228,4,4,4,5,4,5,4,5,4,6,4,5,4,5,5,5,4,5,4,5,4,6,4,6,4,5,4,5,4,6,4,5,4,6,4,5,4,4,4,6,4,5,4,6,4,6,4,6,4,6,4,6,4,5,4,5,4,6,4,6,4,5,4,6,4,5,4,6,4,6,4,5,4,5,4,5,4,4,4,5,4,5,3,5,4,5,4,5,5,5,4,4,5,5,4,4,4,4,3,5,4,13,1,2,1,2,0,3,5,4,4,4,4,5,4,4,3,4,5,5,3,4,4,3,4,4,3,4,4,3,4,4,4,3,3,5,4,3,3,4,4,4,2,2,2,2,2,2,2,2,2,1,4,2,3,3,2,7,3,3,4,4,3,5,6,7,2,37,4,1,1,1,43,7000,5000,0,221201,변호사 분쟁 사전 예방,법학
33229,2,4,2,5,1,0,2,5,3,5,2,5,2,5,2,5,2,4,3,5,3,5,3,5,3,5,3,5,1,0,2,4,1,0,1,0,2,6,3,5,4,5,3,5,3,5,2,5,3,5,1,0,4,5,4,5,4,5,5,5,3,5,3,5,3,5,5,5,4,5,4,6,2,5,4,4,5,5,2,5,4,5,4,4,3,4,2,4,4,4,4,3,3,2,3,4,3,4,3,4,4,14,1,2,1,2,0,3,2,4,3,3,4,4,3,3,3,3,4,3,3,3,3,4,3,2,3,2,4,3,4,4,2,3,2,3,4,5,3,3,3,4,2,1,1,2,2,2,2,2,2,2,3,2,2,2,1,8,6,6,5,3,3,6,4,4,1,30,2,1,1,1,45,3000,2400,0,832101,전자산업기사 복합기 디지털화 프로그램 장비 설치 습득 제품 고품 질화로 수리 시기,문과
33230,2,1,4,5,2,2,4,5,1,0,1,0,1,0,3,4,4,5,4,5,1,0,4,5,4,5,4,5,4,5,4,6,3,4,3,4,3,6,4,5,3,4,3,5,4,5,1,0,3,4,4,6,4,5,1,0,2,3,2,3,2,1,1,0,2,3,3,4,2,3,2,3,3,4,4,5,4,5,3,4,4,5,4,5,3,4,3,4,5,4,3,3,3,1,2,4,2,3,3,3,4,18,2,3,2,2,0,3,4,3,4,4,3,4,4,4,3,3,3,3,3,4,3,4,3,3,3,4,4,3,3,3,4,3,3,3,4,4,3,3,4,4,2,2,2,2,2,2,2,2,2,1,4,2,2,3,1,6,8,7,5,5,6,7,7,6,1,41,4,1,1,1,20,2500,2250,0,420401,스포츠 사람 증가,생활체육학
33231,2,2,3,3,1,0,2,2,2,2,2,2,2,3,1,0,2,3,2,1,2,1,3,4,2,1,3,4,4,3,2,2,2,2,2,3,2,2,4,5,3,4,3,3,3,2,3,4,3,4,2,1,3,5,3,3,4,4,4,5,3,4,2,3,3,3,4,5,4,5,4,4,2,2,3,5,3,3,3,5,2,2,3,2,4,6,3,3,2,4,3,3,2,4,3,2,4,3,2,3,4,13,1,1,2,1,2,6,2,3,2,2,4,3,3,4,9,9,4,4,3,3,3,4,3,4,4,2,4,3,3,4,3,3,4,4,4,4,3,4,4,4,2,2,2,2,2,2,2,2,2,1,1,3,3,3,2,8,4,7,6,3,4,4,5,6,1,60,2,2,5,1,60,0,0,6000,881201,학원수강후 동종업계에서 훈련습득함 휴대폰 카메라 기능 계속 발전,인문계
33232,3,5,1,0,2,4,1,0,1,0,3,4,1,0,3,5,1,0,3,5,3,4,2,4,4,4,3,4,1,0,1,0,1,0,1,0,1,0,1,0,4,4,1,0,2,3,1,0,1,0,1,0,1,0,4,5,4,4,4,4,2,3,4,4,3,3,1,0,3,4,4,4,1,0,2,4,2,3,1,0,1,0,1,0,1,0,1,0,2,2,2,3,3,2,4,2,3,3,3,3,4,13,1,2,1,1,3,7,2,3,3,2,4,4,3,3,3,3,3,3,3,4,4,4,3,3,3,3,4,3,4,5,3,3,3,4,3,5,3,3,5,3,2,2,1,1,1,1,1,2,2,1,3,3,3,3,2,3,8,8,8,8,5,5,3,3,1,30,4,1,1,1,40,3300,3000,0,155301,환경분석사 대기분석 교육 분석 장비 도입 개편 분석 업무 판단 사람 직접,환경공학
33233,1,0,2,2,1,0,3,3,2,1,3,3,2,2,3,2,2,3,4,4,2,3,3,4,4,5,4,3,3,4,4,4,2,3,3,4,3,2,5,6,5,5,4,4,3,3,1,0,3,3,2,3,3,4,1,0,3,3,1,0,1,0,1,0,3,4,3,3,3,4,4,4,1,0,4,4,4,4,4,4,5,6,4,4,3,4,3,4,4,5,1,2,5,1,4,1,1,2,4,5,2,15,2,3,1,1,2,1,5,5,4,4,4,4,4,4,4,4,5,4,2,4,4,4,4,4,5,3,4,4,4,4,4,4,4,3,4,4,5,4,4,3,2,2,2,2,2,2,2,2,2,1,4,3,3,3,2,8,8,8,3,3,3,6,7,6,1,50,4,1,1,1,52,4300,2400,0,240201,응급구조사 1급 자동차운전면허 1종 보통 화약류관리기사 직무교육 현재 인력 매우 부족,소방관리학
33234,4,5,4,4,2,4,2,3,2,3,3,5,3,5,1,0,2,3,1,0,3,4,4,6,2,3,4,5,3,4,3,5,1,0,1,0,3,4,3,3,3,3,2,3,4,4,4,6,1,0,3,5,1,0,1,0,1,0,1,0,3,4,1,0,1,0,1,0,1,0,1,0,4,4,1,0,1,0,1,0,1,0,1,0,1,0,2,2,4,4,2,4,4,3,4,3,4,3,4,4,4,16,5,3,1,1,1,6,6,4,4,3,5,5,4,5,5,5,5,5,1,4,4,4,4,3,3,2,4,3,4,4,3,4,4,4,3,5,3,2,3,3,2,2,2,2,2,2,2,2,2,1,1,2,2,3,1,5,7,8,7,8,6,4,5,6,2,52,5,1,1,1,40,7000,7000,0,13201,원감 자격증 원감 업무 실무교육 수가,유아교육
33235,1,0,1,0,1,0,1,0,1,0,1,0,1,0,1,0,3,3,1,0,1,0,1,0,4,4,1,0,1,0,1,0,1,0,1,0,1,0,1,0,1,0,1,0,3,4,1,0,1,0,1,0,1,0,1,0,3,4,3,3,1,0,1,0,1,0,4,5,4,4,4,4,1,0,1,0,4,4,4,5,4,4,4,4,3,4,3,3,4,3,5,3,4,2,2,2,2,3,3,3,4,1,1,1,2,2,0,2,1,2,1,1,3,2,2,2,9,4,9,4,3,2,2,4,3,2,3,4,3,4,3,4,2,3,2,3,2,5,3,2,4,3,2,2,2,2,2,2,2,2,2,1,3,3,3,3,2,9,9,9,2,3,8,9,8,3,1,47,2,1,1,1,60,3000,2400,0,902201,변동,기계
33236,1,0,1,0,2,2,2,3,3,3,1,0,1,0,2,3,3,5,4,5,1,0,3,5,2,4,3,5,2,3,3,5,1,0,1,0,3,4,2,3,3,3,3,4,3,5,1,0,3,3,3,3,1,0,3,4,3,4,2,2,3,3,5,5,2,3,3,3,2,4,2,3,2,3,2,3,2,3,3,3,2,3,1,0,3,5,2,4,5,4,2,4,3,2,4,3,3,4,4,2,3,6,1,2,1,2,0,3,5,3,5,4,4,3,5,3,5,4,4,3,2,4,4,4,3,5,4,3,2,3,4,4,3,3,5,4,5,3,3,4,4,5,2,2,2,2,2,2,2,2,2,2,3,3,3,3,2,7,5,4,4,7,8,5,8,7,1,32,4,1,1,1,40,3700,3500,0,140701,토목기사 건설재료시험기능사 사회 기반시설 완화 유지,건축공학
33237,1,0,3,2,2,1,3,2,2,1,2,2,1,0,2,1,3,2,2,1,1,0,2,1,2,1,3,2,2,3,3,2,1,0,2,1,2,1,3,2,3,2,2,1,2,3,2,2,2,3,2,3,2,1,2,1,2,2,1,0,1,0,2,1,2,1,2,1,3,2,2,2,1,0,2,3,2,3,2,1,1,0,2,1,3,2,1,0,3,4,3,2,3,4,3,3,2,3,4,3,2,3,4,1,2,2,0,5,2,4,2,3,3,4,2,3,9,9,9,4,3,4,2,3,4,2,4,3,4,5,3,4,3,2,2,3,5,4,3,4,5,4,1,2,1,1,2,1,1,2,2,2,2,3,2,2,1,7,7,6,3,4,5,6,4,3,2,58,2,2,6,1,40,0,0,2800,863401,미니 재봉틀 보급 업무 소형 자동 미싱 기계 구비 수선,문과
33238,3,3,3,3,2,4,3,5,1,0,3,4,2,2,4,4,4,4,3,4,3,5,4,4,4,4,4,5,1,0,2,3,2,3,1,0,3,4,4,4,3,3,4,4,5,5,4,4,4,4,3,5,4,4,3,4,4,4,5,4,2,3,3,4,4,4,5,4,4,4,4,4,4,4,1,0,4,5,4,4,2,3,4,4,4,4,3,3,4,3,2,4,4,3,3,4,3,3,4,4,5,8,1,3,1,1,1,6,4,4,3,3,3,4,2,4,4,4,4,4,2,4,4,4,4,2,3,4,3,4,2,3,4,3,4,4,4,3,5,4,5,3,2,2,2,2,2,2,2,2,2,3,2,3,3,3,2,7,7,9,6,8,8,9,5,2,1,48,4,1,1,1,43,8500,4000,0,621201,해기사 항해사 안전교육 자동 운항 선박 등장 예상 인력 감소,항해학
33239,2,2,2,2,2,2,3,3,2,2,2,3,3,3,2,2,2,2,2,2,3,4,3,3,2,2,2,2,3,3,3,3,3,3,3,3,4,5,3,3,2,2,2,2,2,2,2,2,3,3,4,4,3,4,2,2,3,3,3,3,2,2,3,3,3,3,3,3,2,2,3,3,3,4,2,2,3,3,2,2,3,4,2,2,3,4,2,2,4,3,3,4,4,3,3,2,2,3,3,2,3,6,1,1,1,2,0,1,2,3,3,4,3,3,2,3,9,4,4,3,3,3,4,3,4,4,3,3,3,3,3,4,3,4,4,4,3,3,4,4,4,3,2,2,2,2,2,2,2,2,2,2,2,2,2,2,2,3,4,5,6,5,5,4,7,6,1,36,2,1,1,1,40,2800,2700,0,702201,방수기능사 침체 도심 움직임 때문,인문계
33240,4,6,3,6,3,4,4,4,2,3,3,3,1,0,4,3,3,4,2,3,2,5,4,4,5,4,2,3,3,2,2,3,1,0,1,0,4,5,1,0,3,3,4,4,2,4,1,0,2,2,1,0,4,4,4,6,3,4,2,4,3,3,5,4,3,3,4,3,3,3,4,5,2,4,4,1,3,3,4,2,1,0,1,0,2,1,1,0,3,4,5,4,3,4,5,4,4,5,3,4,4,13,1,2,1,2,0,2,5,5,4,4,4,4,4,4,4,3,5,5,1,3,4,3,5,4,5,3,4,4,5,4,3,5,4,3,4,4,5,4,5,4,2,2,2,2,2,2,2,2,2,2,3,2,2,2,2,3,4,4,7,7,5,7,4,3,1,44,4,1,1,1,40,5000,4500,0,155401,환경기능사 환경측정분석사 환경 업체 포화 상태,생물학
33241,5,6,4,4,3,3,4,4,4,4,4,4,4,4,4,4,4,4,3,3,4,4,4,4,4,4,4,4,4,4,4,4,4,4,4,4,4,4,4,4,4,4,4,4,4,4,4,4,4,4,4,4,3,3,4,4,4,4,4,4,4,4,4,4,4,4,4,4,4,4,4,4,4,4,4,4,4,4,4,4,4,4,4,4,4,4,4,4,4,4,4,3,4,2,3,3,2,4,3,4,2,17,1,3,1,1,2,6,5,4,4,3,5,4,3,3,3,4,4,3,3,3,3,4,3,4,4,2,4,3,3,3,2,4,3,4,4,3,4,2,4,5,2,2,2,2,2,2,2,2,2,3,4,3,3,3,2,5,4,6,5,7,4,5,7,3,2,33,4,1,1,1,40,3000,2500,0,305001,영양사 직무교육 식생활 개선 정부 정책 지속,식품영양학
33242,3,5,3,5,3,4,2,2,2,3,1,0,3,4,3,4,3,3,4,4,3,4,3,3,4,4,3,5,1,0,3,3,1,0,1,0,1,0,4,5,4,5,3,4,2,2,1,0,1,0,1,0,4,4,2,3,3,3,3,3,2,4,3,3,3,4,4,5,4,4,3,4,3,3,3,3,2,3,3,4,3,3,3,3,3,4,2,3,3,4,3,3,4,2,4,2,3,4,4,3,3,3,1,2,1,2,0,1,2,3,2,2,2,3,3,3,3,2,4,4,3,3,2,3,3,2,3,2,2,3,2,5,4,3,3,4,4,5,4,3,4,2,2,2,2,2,2,2,2,2,2,1,2,2,2,3,1,5,4,5,4,3,4,6,4,5,1,35,3,1,1,1,40,3500,3000,0,842101,방송통신산업기사 인터넷 관련 서비스 증가 영향,정보통신학
33243,2,3,2,3,1,0,2,2,2,2,2,2,1,0,2,3,3,4,2,2,1,0,1,0,4,4,1,0,2,2,1,0,1,0,2,2,3,3,2,2,3,4,2,3,2,2,2,2,2,2,3,3,2,3,1,0,2,3,4,5,1,0,1,0,4,4,3,5,3,4,3,4,1,0,3,4,3,4,2,2,3,3,3,4,3,4,2,3,5,4,2,3,3,2,4,4,2,1,4,4,5,6,4,2,1,2,0,7,1,4,3,3,3,4,2,3,9,9,9,3,2,3,3,3,4,3,3,4,2,3,4,5,2,1,1,2,3,5,2,2,4,4,2,2,2,2,2,2,2,2,2,1,2,3,3,3,2,9,7,9,8,7,9,6,4,2,1,57,2,2,6,1,40,0,0,4000,623001,타워크레인운전기능사 건설 경기 침체,공고
33244,3,4,4,5,2,2,4,5,3,3,2,2,3,3,2,2,3,4,2,2,2,1,3,3,3,4,4,5,3,4,4,5,3,4,3,4,2,1,4,5,3,4,3,4,4,5,3,4,3,4,2,1,2,2,2,2,3,4,2,3,2,2,3,4,4,5,2,1,3,3,3,4,3,3,4,5,3,4,2,3,2,3,3,4,3,3,2,2,4,2,4,3,3,1,3,4,3,4,4,1,3,19,4,1,1,2,0,3,2,3,4,5,5,4,3,4,9,9,3,4,2,5,5,2,3,4,2,4,3,5,3,4,3,2,3,4,3,2,3,4,3,3,2,2,2,2,2,2,2,2,2,2,2,2,2,2,1,6,7,5,6,4,3,6,5,3,2,36,2,2,6,1,40,0,0,2800,511302,네일아트 자격증 셀프 증가,뷰티
33245,4,5,4,5,4,5,4,5,3,5,4,5,4,5,4,4,4,5,4,5,4,5,4,5,4,5,3,5,4,5,4,5,4,5,4,5,4,5,4,4,4,5,4,5,4,5,4,5,4,5,4,5,3,4,4,5,4,5,4,5,4,5,4,4,4,5,4,5,4,6,4,5,4,5,4,4,4,5,4,5,4,4,4,5,4,5,3,4,4,4,4,3,4,4,3,4,4,3,3,4,3,4,1,2,1,2,0,3,5,4,4,3,4,4,4,5,5,4,4,5,3,4,4,4,4,3,3,3,4,4,3,4,4,4,3,3,4,4,4,4,4,3,2,2,2,2,2,2,2,2,2,2,3,3,3,3,2,6,5,5,6,6,5,5,6,5,1,33,4,1,1,1,40,3500,3000,0,153101,전기회로설계기술,전자공학
33246,5,7,5,7,5,7,5,7,4,6,5,7,4,5,4,6,4,5,4,6,4,5,4,5,4,5,4,5,4,5,4,5,5,6,5,5,5,7,5,6,5,5,4,5,3,5,4,5,3,4,3,4,1,0,1,0,1,0,1,0,1,0,1,0,1,0,1,0,1,0,1,0,2,4,1,0,1,0,1,0,1,0,1,0,2,2,2,2,4,4,3,4,4,4,4,5,4,4,4,5,5,16,5,4,1,2,0,6,7,5,5,5,5,5,5,5,5,3,3,3,2,4,4,3,4,4,4,4,3,4,3,4,4,3,4,4,4,3,4,3,4,3,2,2,2,2,2,2,2,2,2,1,3,3,3,3,1,3,2,2,3,2,3,4,2,3,1,60,6,1,1,1,52,7000,4000,0,110202,박사학위 현재,경제학
33247,5,6,5,6,5,5,5,5,5,5,4,4,5,5,4,4,5,5,4,5,4,4,4,4,4,4,4,4,4,4,4,4,4,4,4,4,3,5,4,4,4,4,5,5,4,4,5,5,4,4,5,5,4,4,3,5,5,5,4,4,4,5,3,3,4,4,4,4,3,3,4,4,4,4,4,4,4,4,4,4,5,5,4,5,4,4,4,4,4,3,4,3,4,4,3,4,4,3,4,3,4,13,1,1,1,2,0,2,5,5,4,5,4,4,4,3,9,9,3,3,4,5,4,4,5,3,4,3,4,3,4,4,5,4,4,4,3,4,4,4,4,4,2,2,2,2,2,2,2,2,2,2,2,2,2,2,2,6,7,5,6,7,8,6,7,8,1,48,4,2,5,1,46,0,0,9000,221301,법무사 인구 감소 영향 감소,법학
33248,2,2,2,3,1,0,4,5,1,0,4,5,1,0,3,4,2,2,3,4,4,5,3,4,4,5,3,4,3,4,4,5,3,4,3,4,4,5,3,4,4,5,4,5,3,4,1,0,1,0,1,0,1,0,1,0,2,2,3,4,1,0,1,0,4,5,2,3,4,5,2,2,1,0,1,0,4,5,4,5,3,4,4,5,4,5,3,4,2,4,2,4,4,2,4,3,2,4,2,4,4,17,2,2,1,1,2,2,5,3,4,4,4,4,2,4,3,4,4,4,2,3,3,4,3,3,2,3,3,3,4,3,3,4,3,4,4,4,2,3,3,3,2,2,2,2,2,2,2,2,2,1,3,3,3,3,2,3,3,3,2,2,2,3,3,2,2,26,4,1,1,1,40,2200,1900,0,307101,응급구조사1급 응급처치 교육 안정 일자리,응급구조학
33249,3,5,3,5,3,4,3,5,3,5,4,6,2,3,2,3,2,5,3,5,3,5,4,6,4,5,3,5,2,5,1,0,1,0,2,4,2,4,1,0,2,4,3,5,4,6,1,0,2,5,1,0,3,5,3,5,4,6,4,5,5,6,3,5,3,5,2,5,4,6,2,5,4,6,1,0,1,0,1,0,1,0,1,0,3,4,2,4,4,5,4,4,4,4,4,4,4,5,4,4,4,10,1,3,1,2,0,5,4,4,4,4,4,4,4,4,4,4,4,4,4,3,3,4,4,3,3,2,2,3,4,4,4,3,3,2,2,3,3,3,4,4,2,2,1,2,2,1,2,2,2,2,4,3,3,3,1,3,3,3,4,5,5,5,6,6,1,35,5,1,1,1,48,4600,4500,0,13701,정보통신기사 인터폰 도입 기술 발달 클라우드 시스템 증가,정보.통신공학
33250,2,4,2,4,2,4,2,4,1,0,1,0,1,0,2,4,3,4,1,0,1,0,1,0,4,5,3,4,2,2,2,3,1,0,1,0,1,0,2,2,2,4,1,0,2,2,1,0,1,0,1,0,1,0,1,0,1,0,1,0,2,4,1,0,2,2,1,0,1,0,1,0,2,2,1,0,1,0,1,0,1,0,1,0,1,0,1,0,2,4,5,2,2,5,3,1,4,3,1,1,1,13,1,2,1,2,0,4,5,2,2,2,3,3,4,3,3,3,3,3,3,2,2,3,3,2,2,3,3,3,3,4,2,3,2,4,2,4,3,2,3,3,2,1,2,2,2,2,2,2,2,3,1,3,3,2,2,5,5,5,5,5,5,7,5,5,2,24,4,1,2,1,40,2500,2400,0,29401,컴퓨터활용능력 시스템 도입 법원 방문 처리 시스템 도입 더욱 증가,비서학
33251,2,2,3,2,2,3,4,4,4,3,2,3,1,0,2,2,3,2,2,2,2,2,1,0,3,2,1,0,2,2,3,4,1,0,1,0,1,0,3,3,2,2,3,3,2,4,1,0,1,0,1,0,1,0,1,0,1,0,1,0,3,4,1,0,3,3,3,3,2,2,2,2,1,0,2,2,2,2,1,0,1,0,3,4,4,4,4,5,2,4,3,2,1,2,1,4,3,3,2,3,2,18,4,2,2,2,0,7,2,3,3,1,2,2,4,2,3,4,4,3,4,2,3,4,4,2,3,2,2,4,2,4,3,3,3,2,4,3,4,4,3,3,2,2,2,2,2,2,2,2,2,2,1,2,2,2,2,6,6,4,5,6,4,7,5,5,2,27,3,1,4,1,44,2000,1800,0,524001,자동화 기계화 도입 고용,미용학
33252,3,3,3,4,2,2,2,2,3,3,1,0,2,3,3,4,3,3,3,4,3,3,2,3,3,5,2,3,1,0,3,3,2,3,1,0,2,3,4,5,4,5,3,3,2,2,1,0,3,3,2,3,4,4,3,4,4,5,4,4,2,5,4,5,3,3,4,5,4,6,4,5,4,5,4,6,4,5,3,3,3,4,3,3,3,4,3,4,3,4,2,4,4,4,3,4,3,4,3,4,4,13,1,2,1,2,0,3,2,4,3,3,2,4,3,4,3,4,4,4,3,2,3,4,3,2,3,2,3,3,2,5,4,3,4,4,4,3,4,4,4,4,2,2,2,2,2,2,2,2,2,1,3,3,2,3,1,6,4,5,3,4,4,6,5,6,1,35,3,1,1,1,40,3500,3100,0,842201,정보통신산업기사 통신기기 기능사 변화,정보통신학
33253,3,2,3,3,1,0,1,0,2,2,3,3,1,0,3,3,2,2,1,0,1,0,1,0,1,0,1,0,3,3,4,4,3,3,2,2,1,0,3,2,5,6,5,6,3,2,2,2,3,3,2,2,4,5,4,4,2,2,2,2,1,0,1,0,3,3,3,3,4,4,4,5,2,2,1,0,1,0,2,2,2,2,1,0,3,3,2,2,4,4,3,3,4,4,4,3,3,3,2,2,2,8,1,2,2,1,1,3,2,4,4,4,4,4,4,3,3,3,3,3,4,4,4,3,3,4,4,3,3,3,4,3,3,3,4,4,3,3,2,2,2,3,2,2,2,2,2,2,2,2,2,3,2,2,2,2,2,4,4,4,5,5,5,6,5,6,1,38,2,1,1,1,40,3600,3200,0,624301,기초안전교육 해상 여행객 운송 감소,기계
33254,3,3,2,3,3,2,2,3,1,0,1,0,1,0,3,2,2,2,4,5,1,0,1,0,2,2,3,2,1,0,2,3,1,0,1,0,1,0,2,3,2,1,2,2,1,0,1,0,1,0,1,0,1,0,1,0,1,0,1,0,1,0,1,0,1,0,1,0,1,0,1,0,1,0,2,3,4,5,3,3,3,5,3,3,2,3,3,4,3,3,2,2,2,1,2,3,3,4,4,3,3,15,2,2,1,1,1,2,2,2,3,3,4,3,4,3,4,4,4,4,3,2,3,3,4,3,2,3,3,2,3,4,3,3,2,2,4,3,3,3,3,3,2,2,2,2,2,2,2,2,2,1,3,1,1,1,1,6,7,6,6,5,4,5,6,6,1,42,2,1,1,1,52,3900,2400,0,624201,자동차운전면허1 2종 보통 직무교육 우편물 감소 집배원 수가 현재 고용 유지됨,문과
33255,2,4,2,4,2,2,3,3,3,4,2,5,3,3,1,0,3,4,3,5,3,4,2,4,2,3,1,0,2,4,4,4,2,5,2,5,2,2,2,3,1,0,3,3,2,4,2,4,2,2,2,5,2,3,2,4,2,3,3,3,2,4,1,0,4,4,1,0,1,0,1,0,1,0,2,5,2,5,3,4,2,5,3,4,4,4,4,5,3,4,4,3,4,3,4,4,3,4,3,3,4,11,1,3,1,2,0,2,5,3,4,3,3,3,4,3,4,4,5,5,3,3,4,4,5,4,4,5,4,4,4,4,3,3,4,5,4,4,3,4,4,4,2,2,2,2,2,2,2,2,2,2,2,2,2,2,1,7,5,3,5,6,5,5,6,6,2,53,4,2,5,1,40,0,0,5000,24203,사회조사분석사 기계화 발달,영문학
33256,3,3,4,4,2,2,4,4,2,2,3,3,3,3,3,3,3,4,3,3,2,2,3,3,3,4,3,3,4,4,4,4,3,3,2,3,2,2,3,3,3,3,3,2,3,3,2,2,3,3,3,3,2,2,2,2,1,0,2,2,2,2,2,2,3,2,1,0,1,0,1,0,2,2,2,2,2,2,3,3,2,3,2,2,2,2,3,3,4,3,2,3,3,2,2,4,2,3,4,3,2,18,1,2,2,1,5,7,5,3,4,4,3,3,4,3,3,3,4,3,3,4,4,3,4,4,3,3,4,3,3,3,3,4,4,4,3,3,3,3,4,3,2,2,2,2,2,2,2,2,2,1,3,2,2,2,1,5,4,7,6,5,5,5,5,6,1,37,4,1,3,2,50,3000,1900,0,416204,실무 경험 현재 비슷,방송학
33257,5,7,5,7,4,6,5,7,4,6,3,5,3,4,3,4,3,4,3,4,2,3,2,4,4,5,3,4,3,4,2,3,2,2,1,0,5,6,3,4,4,5,3,4,2,4,2,3,2,2,3,4,3,5,3,4,2,3,2,2,1,0,1,0,1,0,1,0,1,0,1,0,4,5,1,0,1,0,1,0,1,0,1,0,1,0,1,0,4,4,4,4,3,3,4,4,4,3,3,4,4,16,5,5,2,2,0,6,7,4,4,4,4,4,4,4,4,4,4,4,3,4,4,4,3,4,4,3,3,3,4,4,3,4,3,4,3,2,2,3,3,4,2,2,2,2,2,2,2,2,2,2,4,3,3,3,1,4,4,3,4,3,3,4,3,3,1,41,6,1,1,1,50,4500,3200,0,121102,물질 성분 특성 상호작용 연구 물질 발견,화학
33258,3,3,2,2,1,0,3,4,2,2,1,0,1,0,2,1,2,3,1,0,2,2,2,2,3,3,3,4,2,2,3,3,2,2,3,4,3,3,3,4,3,3,2,2,3,3,3,3,2,2,2,2,1,0,1,0,1,0,1,0,2,2,3,3,1,0,1,0,1,0,2,2,2,2,3,4,3,3,2,2,3,3,3,4,2,2,2,1,4,4,3,3,3,4,3,4,2,3,4,2,4,9,1,6,2,2,0,7,2,3,3,3,4,4,3,3,3,9,4,3,2,3,2,4,4,3,3,3,4,3,4,3,4,4,3,3,4,3,3,4,3,4,2,2,2,1,1,2,2,2,2,2,3,2,2,3,2,7,6,7,5,4,5,6,6,6,2,47,3,1,1,1,54,2400,1900,0,532101,담당 직원 필요,호텔조리학
33259,5,5,5,5,5,7,5,6,3,5,5,6,3,6,3,5,5,6,4,5,4,5,5,7,5,6,5,6,5,6,5,7,5,6,4,5,4,5,4,5,4,5,4,5,5,5,2,4,2,3,4,6,2,3,2,2,2,3,2,2,3,5,1,0,2,4,1,0,2,3,2,3,4,5,2,3,2,2,2,4,4,5,2,4,2,4,4,4,5,4,3,4,5,3,5,4,3,5,5,5,5,10,1,4,2,1,4,4,5,5,4,4,5,5,3,4,4,4,4,4,2,4,4,5,5,3,5,3,3,3,4,3,4,5,4,4,4,3,5,5,5,1,2,2,2,2,2,2,2,2,2,3,2,1,1,1,1,2,2,4,3,3,3,3,3,4,2,35,4,1,1,1,45,3500,2500,0,412001,기사작성 취재요령 뉴미디어 활용 자료분석 고도화 발달 기사 쓰기 가능 도성 인간성 관련 취재 보도 부문 기술 대체 전문 기자 향상 전망,신문방송학
33260,3,4,4,4,2,2,3,4,2,3,3,4,1,0,3,3,3,4,3,4,2,2,3,4,3,4,3,4,4,5,4,5,3,4,2,2,4,5,2,2,3,4,4,4,3,3,2,2,2,2,2,2,1,0,1,0,1,0,1,0,2,3,1,0,1,0,1,0,1,0,1,0,1,0,1,0,3,4,2,3,3,4,3,4,4,5,4,5,5,5,4,4,4,2,4,3,3,4,3,2,4,17,1,2,1,2,0,4,4,4,4,4,4,4,3,4,3,3,4,3,3,4,3,2,4,3,4,2,4,3,4,4,4,3,4,3,4,3,4,3,4,2,2,2,2,2,2,2,2,2,2,3,3,3,3,3,2,8,8,5,8,2,2,2,5,5,1,46,3,1,1,1,40,2800,1800,0,306903,놀이치료전문가 온라인 게임 중독 현상,아동학
33261,5,6,4,6,4,5,4,6,4,4,4,6,4,5,4,5,4,5,3,4,4,5,4,5,4,5,4,6,4,5,4,5,4,5,4,5,4,5,4,5,4,6,4,5,4,6,4,5,4,4,3,4,4,6,2,3,2,3,2,3,3,4,3,4,3,4,2,3,2,3,2,3,4,5,4,5,3,4,3,5,2,4,2,3,3,5,3,5,3,3,3,4,4,4,4,3,4,4,3,4,3,15,2,4,2,2,0,6,5,4,4,4,4,4,4,4,3,4,4,5,3,3,3,4,3,3,3,2,4,4,3,4,3,4,4,4,3,5,4,3,5,4,2,2,2,2,2,2,2,2,2,1,3,3,3,3,2,5,5,5,6,4,5,6,7,7,1,43,5,1,1,1,50,5200,3000,0,122301,기계화 대체 업종,농업학
33262,3,4,3,3,3,2,2,2,3,4,2,2,1,0,3,4,3,3,1,0,1,0,2,3,3,4,1,0,2,2,2,2,2,2,1,0,1,0,2,2,1,0,1,0,2,2,1,0,1,0,1,0,1,0,1,0,1,0,1,0,2,3,1,0,1,0,1,0,1,0,1,0,1,0,3,5,2,3,3,3,3,4,3,3,4,3,2,3,3,4,2,3,3,2,2,4,2,3,2,2,2,17,1,1,1,2,0,6,2,2,2,2,3,3,2,3,3,3,3,3,4,2,2,3,3,3,2,2,3,4,2,4,2,2,2,2,3,4,3,3,4,4,2,2,2,2,2,2,2,2,2,1,4,2,2,2,2,8,3,1,3,6,6,2,5,2,2,28,2,1,1,1,45,2400,2000,0,511502,동물간호복지사자격증 핵가족 가구 증가 가족 애완동물 증가 예상,인문계
33263,2,1,1,0,1,0,3,1,2,2,3,2,1,0,3,1,4,2,4,2,2,2,2,2,5,2,4,2,4,1,4,2,1,0,2,1,3,3,1,0,5,3,4,3,4,2,3,3,5,2,4,2,3,2,4,2,3,2,4,1,2,2,5,3,4,4,4,2,4,2,5,1,5,2,4,3,3,2,5,1,3,2,2,1,1,0,2,1,2,2,1,3,2,4,3,2,4,3,2,1,1,3,1,2,2,2,0,2,2,2,1,2,3,4,4,2,3,5,4,4,2,3,1,3,2,4,3,4,4,3,4,4,5,4,4,3,5,4,4,5,4,4,2,2,2,2,2,2,2,2,2,2,3,3,2,2,2,7,6,7,4,5,6,3,5,6,1,45,4,1,1,1,40,3900,3700,0,873501,후각 작업,식품영양
33264,2,2,1,0,3,3,2,1,3,3,1,0,2,2,4,4,3,3,5,6,2,2,2,2,4,2,1,0,2,3,2,4,1,0,1,0,3,3,2,2,2,1,1,0,2,2,2,2,3,3,1,0,2,2,1,0,4,5,5,3,1,0,1,0,5,4,5,5,4,5,4,4,2,2,3,4,5,4,4,3,4,4,3,5,3,3,2,3,2,2,2,4,3,1,2,4,2,2,2,2,2,19,1,2,2,2,0,3,2,2,1,1,2,3,2,4,3,4,4,4,1,4,4,3,4,2,3,2,3,4,4,3,4,4,3,3,4,3,2,3,4,4,2,2,2,2,2,2,2,2,2,3,2,3,3,3,2,6,7,8,7,6,9,7,4,3,1,39,3,1,1,1,50,3800,2500,0,811301,업종 사람 사람,전기학
33265,4,4,3,5,3,5,2,3,3,4,4,5,4,5,4,4,4,5,4,5,4,5,4,5,4,4,3,5,3,4,4,4,2,3,3,4,4,5,5,6,5,6,4,5,5,6,3,4,3,4,5,5,4,5,5,6,4,5,5,5,5,6,3,4,3,4,3,3,1,0,1,0,4,4,1,0,1,0,1,0,1,0,1,0,5,6,3,4,4,4,3,4,3,3,4,5,4,4,4,4,4,13,2,4,2,2,0,3,4,4,4,4,4,5,4,4,4,3,4,4,1,5,4,4,4,5,3,3,4,4,4,5,4,3,4,4,4,5,4,3,5,4,2,2,2,2,2,2,2,2,2,2,4,3,3,3,2,4,4,1,6,1,1,2,5,7,1,42,4,1,1,1,40,7000,3000,0,140602,지리 공간 정보 전문가 영역 일자리 계속,항공지리정보학
33266,4,5,4,5,2,2,4,4,4,4,4,4,4,5,4,5,4,5,4,4,4,6,4,5,4,4,4,4,4,6,4,5,4,5,4,4,4,4,4,4,4,5,4,5,4,5,4,4,4,4,4,4,4,5,4,4,4,4,4,5,3,4,4,5,4,5,3,4,4,5,3,4,4,4,4,5,4,4,4,4,3,4,4,4,4,6,4,6,4,3,4,4,4,3,3,4,4,4,4,4,3,6,1,2,1,2,0,6,5,3,2,3,4,4,3,4,5,4,5,4,2,4,4,4,4,3,4,4,3,4,4,4,4,4,3,4,5,4,4,3,4,4,1,1,1,1,1,1,1,1,1,2,2,2,2,2,1,6,6,7,5,4,7,4,6,7,1,58,4,1,1,1,40,5100,3000,0,140304,토목구조기술사 토질기초기술사 근로자 구조 조정 경기,토목공학
33267,2,4,2,4,3,5,3,5,3,6,3,5,2,4,1,0,1,0,3,4,2,5,3,5,2,4,1,0,2,4,3,4,1,0,1,0,1,0,2,4,1,0,2,4,1,0,4,5,2,3,4,4,2,4,2,3,4,4,2,5,1,0,2,4,1,0,1,0,2,4,1,0,2,3,3,4,2,5,2,3,1,0,1,0,2,5,1,0,4,3,3,4,4,3,4,4,3,4,4,2,3,6,1,2,1,2,0,3,5,4,4,3,4,4,4,4,5,4,4,5,4,5,4,4,3,3,4,4,3,3,3,3,4,3,3,4,4,5,5,4,4,4,2,2,2,2,2,2,2,2,2,3,3,2,2,2,1,6,4,5,8,7,7,6,5,6,1,55,4,2,5,1,45,0,0,7200,140306,건축시공기술사 변화,건축
33268,4,4,3,4,4,4,4,4,4,5,4,5,1,0,3,4,4,4,3,4,3,4,4,4,1,0,2,4,5,5,2,3,4,4,2,4,2,3,2,2,3,3,4,5,3,4,4,5,1,0,1,0,1,0,1,0,1,0,1,0,3,5,1,0,1,0,1,0,1,0,1,0,1,0,1,0,1,0,1,0,1,0,1,0,3,4,3,3,4,5,2,3,4,5,5,4,3,5,4,4,4,11,1,2,2,2,0,3,2,4,3,3,3,4,3,3,2,3,3,3,2,4,4,4,5,3,4,2,2,3,3,3,4,4,3,4,3,4,4,3,4,4,2,2,2,2,2,2,2,2,2,3,1,3,3,3,2,4,5,6,8,6,6,8,5,6,2,50,2,1,1,1,40,5000,3200,0,32101,갈수록 사람 기계화 생각,상고
33269,2,4,2,4,2,2,5,6,2,3,3,4,1,0,2,4,4,5,1,0,2,3,3,4,3,3,3,5,3,3,2,4,5,5,4,5,4,5,5,6,5,6,2,3,3,4,1,0,2,3,2,3,1,0,1,0,1,0,1,0,3,4,1,0,1,0,1,0,1,0,1,0,1,0,1,0,1,0,1,0,1,0,1,0,1,0,5,6,5,4,3,2,2,4,5,1,3,4,3,2,3,11,1,5,2,2,0,7,4,3,1,1,5,5,5,2,2,2,3,3,2,4,3,3,3,3,3,4,5,5,3,4,3,3,4,4,3,4,3,2,5,3,2,2,2,2,2,2,2,2,2,1,3,1,1,1,1,5,6,4,7,2,2,5,6,7,2,42,2,1,1,1,46,3500,1800,0,29201,기계화 한정,문과
33270,4,6,4,7,3,4,3,5,4,6,3,4,3,4,4,6,3,5,4,6,2,3,3,4,4,5,4,5,1,0,1,0,2,3,2,3,3,5,2,3,4,5,2,3,3,5,4,5,4,6,2,3,4,6,3,5,3,5,3,3,5,6,3,5,3,4,3,4,3,4,3,4,3,4,2,3,2,3,3,5,2,3,1,0,3,4,3,4,3,4,4,3,4,3,4,3,4,5,4,3,4,13,2,5,2,2,0,2,6,3,4,4,5,5,4,4,4,5,3,4,1,5,4,3,5,4,4,3,3,4,5,4,3,5,4,4,4,3,3,5,4,4,2,2,2,2,2,2,2,2,2,2,4,3,3,3,2,3,2,4,4,6,6,8,6,3,1,32,6,1,1,1,40,4300,4300,0,121101,기초과학 분야 연구 필수,물리
33271,4,6,4,6,2,2,4,6,4,6,4,6,4,6,4,5,4,5,4,5,4,5,4,5,4,5,2,2,4,5,4,5,4,6,4,6,4,6,4,5,4,6,4,5,4,6,4,6,4,5,4,6,4,6,4,5,4,6,4,6,2,2,4,6,4,5,4,6,4,6,4,6,4,6,5,6,4,5,4,5,4,6,4,5,4,6,4,5,4,4,4,3,3,4,4,4,2,3,4,4,3,6,1,1,1,1,2,6,2,2,2,2,3,4,2,4,4,4,4,4,3,4,4,4,4,4,4,3,3,3,4,4,4,5,4,4,4,5,4,4,5,4,1,1,1,1,1,1,1,1,1,1,1,2,2,2,1,7,7,8,7,8,8,4,3,6,1,47,4,1,3,1,45,4800,3000,0,140204,건설안전산업기사 건설기계산업기사 기술장비도입으로 기술이 바뀌어 새로운 재교육 기술 작업 환경 저출산 고령화 신규 택시 위축,건축학
33272,3,4,4,4,1,0,4,5,3,4,4,4,4,5,3,4,4,5,3,4,4,5,4,4,4,4,3,4,4,5,4,5,1,0,1,0,1,0,4,5,3,4,4,4,3,3,1,0,3,3,3,3,2,2,1,0,3,4,1,0,4,5,3,4,3,3,3,4,2,3,2,2,2,3,3,4,3,3,3,4,3,4,3,3,4,4,3,4,3,3,3,2,3,3,2,3,2,2,3,3,2,14,1,2,2,2,0,2,2,4,3,4,4,4,4,5,4,4,5,5,4,4,3,4,3,4,4,3,3,4,2,4,4,3,3,4,4,3,4,4,4,3,2,2,2,2,2,2,2,2,2,2,3,3,3,3,2,6,4,4,5,5,4,7,5,4,1,58,2,1,3,2,40,2700,2000,0,624101,변화,공고
33273,5,5,4,6,4,4,3,6,4,5,4,5,3,3,4,5,4,5,3,3,4,5,2,2,5,6,3,4,3,3,4,5,4,5,3,3,3,3,3,3,4,4,2,3,2,3,1,0,3,3,1,0,1,0,2,2,1,0,2,4,5,6,1,0,1,0,1,0,1,0,1,0,1,0,1,0,1,0,3,4,3,2,1,0,2,3,3,3,4,4,4,4,4,4,4,4,4,3,3,3,4,8,1,2,2,2,0,7,5,4,4,4,5,4,4,3,4,4,4,4,1,4,4,4,4,2,2,4,3,4,2,4,5,3,4,4,5,4,5,4,5,3,2,2,2,2,2,2,2,2,2,2,4,2,2,2,1,5,8,7,4,6,6,1,3,5,2,31,4,1,1,1,40,3000,2400,0,28203,항공 이용 승객 증가 예상,경영학
33274,5,5,4,5,5,5,4,5,3,4,5,6,2,1,4,6,2,3,4,5,2,1,3,4,4,6,3,3,4,5,2,2,2,1,2,1,3,5,4,5,4,5,5,6,4,6,5,6,4,6,5,6,5,6,4,5,5,6,4,4,5,6,2,1,2,2,2,2,1,0,1,0,2,2,1,0,1,0,3,4,2,1,2,1,3,5,4,5,4,2,1,5,4,4,4,2,3,5,5,4,4,3,1,4,2,2,0,3,5,4,5,4,5,5,3,5,5,9,4,4,1,4,4,5,4,4,4,5,4,5,4,5,5,4,4,5,4,5,5,2,3,5,2,2,2,2,2,2,2,2,2,2,2,3,2,2,1,3,6,4,3,3,6,3,3,5,1,58,5,2,5,1,40,0,0,18000,11201,기업 글로벌화 합병 예정,전자공학
33275,3,5,4,4,4,4,4,5,3,5,4,5,5,6,3,5,3,6,4,5,3,4,3,5,4,5,4,5,4,6,3,5,3,5,3,5,4,5,4,4,4,5,3,6,3,5,3,5,4,6,3,4,3,5,3,5,3,5,3,5,3,4,3,5,2,4,2,3,2,3,2,3,3,5,2,3,3,5,2,4,3,5,2,5,3,4,2,4,4,4,3,4,4,4,4,4,3,5,4,5,4,18,1,3,2,2,0,4,5,4,3,3,4,5,4,3,4,3,4,4,3,3,3,4,3,3,2,2,3,4,4,5,4,1,1,3,4,3,3,3,4,4,2,2,2,2,2,2,2,2,2,2,3,2,2,2,1,7,6,7,2,3,4,6,5,6,2,34,4,1,1,1,50,4000,2700,0,24404,프리랜서 활동 전망,경영학
33276,5,7,5,7,5,7,4,5,3,4,5,7,4,5,5,6,5,6,4,5,5,7,4,5,4,6,4,6,4,6,4,5,4,5,2,3,3,4,2,3,3,4,4,5,4,5,2,3,2,3,3,4,2,3,2,3,2,2,1,0,4,5,2,3,1,0,1,0,1,0,1,0,3,4,2,2,2,2,2,3,3,4,2,3,3,4,3,4,5,4,4,3,4,3,3,5,3,4,5,4,4,10,1,2,2,2,0,6,5,4,4,5,4,5,4,3,3,3,4,3,2,4,4,2,2,3,2,5,4,5,2,5,4,5,5,4,4,5,4,4,5,4,2,2,2,2,2,2,2,2,2,2,3,2,2,2,1,8,9,2,5,2,1,5,1,1,2,26,4,1,1,1,40,2600,2400,0,412003,언론사 때문,사회교육학
33277,3,4,4,5,4,5,4,6,3,4,4,5,4,5,3,4,4,5,3,4,4,6,4,5,4,5,4,6,4,5,4,5,3,4,3,4,4,3,4,6,4,5,4,5,4,5,2,3,3,4,3,4,4,6,4,3,4,5,4,5,4,5,4,6,3,4,2,3,2,3,4,5,4,5,4,5,4,5,3,4,3,3,3,3,3,4,3,4,4,3,4,4,3,4,4,4,4,3,4,4,3,8,1,1,2,2,0,7,3,4,5,4,4,4,4,3,9,4,4,4,2,4,4,3,4,3,4,2,3,4,5,4,4,5,5,4,4,4,4,4,4,4,2,2,2,2,2,2,2,2,2,2,3,3,3,3,2,5,3,5,4,3,3,3,6,5,1,25,2,1,1,1,40,2000,1700,0,28201,변화,행정학
33278,5,7,5,7,5,6,4,6,4,4,4,5,3,4,4,5,3,5,4,5,3,4,3,4,4,5,2,3,5,7,3,4,2,2,3,4,5,7,4,6,4,5,3,4,3,4,2,3,2,1,3,4,1,0,1,0,1,0,1,0,1,0,1,0,1,0,1,0,1,0,1,0,2,3,1,0,1,0,1,0,1,0,1,0,2,2,2,2,4,4,4,4,4,4,4,4,4,4,4,4,4,16,5,5,2,2,0,6,7,5,5,5,5,5,4,3,3,3,3,3,2,4,4,3,3,4,3,2,4,3,4,4,4,3,4,3,3,4,4,2,3,4,2,2,2,2,2,2,2,2,2,2,2,3,3,3,1,3,4,4,3,4,4,6,5,5,1,59,6,1,1,1,50,7800,4000,0,110101,상태 유지,철학
33279,3,4,3,4,2,3,3,4,1,0,1,0,1,0,1,0,3,4,2,3,2,3,1,0,2,3,2,3,3,4,2,3,3,4,4,5,2,3,3,4,3,4,3,4,4,5,4,5,3,4,2,3,1,0,1,0,1,0,1,0,2,3,1,0,1,0,1,0,1,0,1,0,1,0,1,0,1,0,1,0,2,2,2,2,4,5,4,5,4,4,2,3,3,3,3,4,3,4,3,3,3,18,1,3,2,2,0,7,2,3,3,3,4,4,4,4,3,4,4,3,3,4,3,3,4,3,3,2,3,3,4,3,4,3,3,4,3,3,3,3,3,4,2,2,2,2,2,2,2,2,2,2,3,3,3,3,2,7,8,7,7,8,7,7,6,7,2,31,3,1,1,1,42,3500,2000,0,417201,연예인 계속 필요,연극영화
33280,4,5,4,6,4,5,4,5,4,4,4,4,5,6,4,5,4,5,4,5,3,4,4,5,4,5,3,4,4,4,4,5,3,5,4,4,4,5,3,4,4,4,4,5,3,4,4,5,4,4,3,5,4,4,4,5,4,4,3,5,3,4,4,4,3,4,4,4,3,5,4,5,4,5,4,4,4,5,4,4,3,4,4,5,3,4,4,4,4,3,3,3,4,4,3,3,3,4,4,3,3,3,1,4,1,1,2,2,4,4,3,3,4,4,3,4,3,3,4,4,3,3,4,4,3,3,3,4,4,3,2,4,3,3,3,4,4,4,3,3,4,2,2,2,2,2,2,2,2,2,2,3,2,3,3,3,2,7,6,5,6,7,4,6,5,6,1,47,3,1,1,1,40,4000,3000,0,873501,식품가공기능사 기계조작 서서 근무,기계공학
33281,3,4,4,4,3,4,3,3,3,3,3,4,3,4,3,4,3,3,3,5,4,4,4,4,3,5,3,4,3,3,3,3,3,3,3,4,2,4,3,4,4,4,3,3,3,3,3,3,4,4,3,3,3,4,3,4,4,3,3,3,3,3,3,3,3,3,3,3,3,3,3,3,4,4,3,5,3,5,3,4,4,4,3,3,3,5,3,4,4,3,4,3,4,3,3,3,3,4,3,4,3,7,4,1,2,2,0,1,1,3,4,3,4,4,4,3,2,3,3,3,4,4,4,2,4,3,4,3,4,3,3,3,4,3,4,3,4,3,3,4,4,4,2,2,2,2,2,2,2,2,2,2,1,2,2,2,1,7,6,8,2,8,7,7,3,7,2,68,1,2,6,1,40,0,0,2400,615501,대형 마트 자리,0
33282,3,5,3,4,4,5,4,5,3,5,3,4,2,3,4,4,3,4,5,5,3,4,3,5,4,5,3,4,3,4,3,4,3,4,4,5,3,3,3,3,3,4,3,4,3,5,4,5,2,4,3,4,3,4,3,4,3,4,3,4,4,5,3,4,3,4,3,4,3,5,3,4,3,4,3,3,3,3,2,4,2,3,3,3,2,3,2,3,4,3,4,3,4,3,3,3,4,3,4,3,3,20,1,1,2,2,0,4,4,4,4,3,5,5,4,3,3,4,4,4,3,4,3,4,3,3,4,3,3,4,5,4,3,3,4,4,3,5,4,3,4,3,2,2,2,2,2,2,2,2,2,1,4,2,2,2,1,5,5,4,3,3,3,6,5,5,2,37,3,2,5,1,40,0,0,3300,521304,관광 산업 활성화 일자리 증가,관광학
33283,2,3,1,0,1,0,1,0,1,0,2,3,1,0,1,0,1,0,1,0,1,0,1,0,4,4,2,3,4,4,3,3,2,3,3,2,2,2,2,3,2,3,2,2,2,3,4,5,2,3,2,2,2,3,2,2,3,3,4,3,4,3,2,4,2,3,3,4,2,3,4,5,2,3,5,5,2,3,2,3,3,4,2,3,4,5,2,4,4,3,3,4,3,4,3,4,4,3,3,3,4,8,1,2,2,2,0,2,4,3,4,4,3,4,4,4,3,4,4,4,3,4,4,4,3,4,5,5,4,4,3,4,5,4,3,3,4,4,5,4,4,4,1,1,1,1,1,2,2,2,2,4,2,2,2,2,1,4,5,4,6,6,6,6,7,5,1,48,3,1,1,1,54,3500,2600,0,885902,자동화 시스템 자동 시스템 기능 개발 인력 감소,기계
33284,4,4,4,4,4,4,4,4,4,4,3,5,3,5,4,4,4,5,4,5,3,4,4,5,3,5,3,4,4,4,3,5,4,5,3,5,3,5,3,6,3,5,4,4,4,5,3,5,3,5,3,5,3,5,3,5,4,5,3,4,3,5,3,4,3,5,3,5,4,4,4,4,4,5,3,4,4,5,3,4,4,5,4,5,3,4,4,5,4,3,4,3,4,3,3,4,4,3,4,3,4,15,2,4,2,2,0,6,5,3,3,4,4,3,3,4,4,4,5,5,3,4,4,3,4,3,4,3,4,4,4,4,4,3,4,3,4,3,4,2,2,3,2,2,2,2,2,2,2,2,2,1,3,3,3,3,2,4,5,6,5,6,6,5,6,6,1,33,4,1,1,1,40,2800,2000,0,250201,미래 보장,기계공학
33285,3,5,3,5,2,4,2,4,4,4,4,5,2,4,3,4,3,4,2,4,2,4,2,4,4,4,3,4,3,4,3,5,3,4,3,4,2,4,3,4,4,4,4,4,3,4,3,4,4,4,3,5,4,5,4,5,4,4,4,5,3,4,3,5,4,5,4,5,4,5,4,5,4,4,4,4,4,5,4,5,3,4,3,4,2,3,2,4,4,3,3,4,4,2,3,3,3,4,3,3,3,3,1,5,2,2,0,2,7,4,4,4,4,4,4,4,3,4,4,4,2,4,4,4,5,4,5,4,5,4,4,4,3,4,5,4,5,4,4,5,4,3,2,2,2,2,2,2,2,2,2,2,2,2,2,2,2,7,3,7,3,3,6,3,7,6,1,40,2,1,1,1,45,3600,2200,0,151301,자동화 시스템 더욱 간소화 업무,기계
33286,1,0,1,0,1,0,1,0,2,3,2,3,1,0,2,3,2,2,2,3,1,0,2,2,2,4,1,0,2,3,2,3,2,3,2,3,1,0,1,0,3,4,3,4,3,4,2,3,3,4,2,2,3,4,2,2,3,4,2,3,1,0,1,0,4,5,3,4,2,4,3,4,1,0,2,3,2,3,3,4,3,4,3,4,3,3,3,3,3,3,4,4,3,4,3,3,4,4,4,3,4,14,1,2,1,2,0,2,4,2,2,2,3,4,2,3,2,3,3,3,3,4,3,3,4,3,3,1,3,4,1,3,3,2,3,3,4,4,4,3,3,3,2,2,2,2,2,2,2,2,2,1,4,3,3,3,2,7,8,7,2,2,2,4,5,5,1,38,3,1,1,1,42,4000,2800,0,155303,폐기물처리기사 환경 보존 대한 관심 증가,화학공학
33287,3,4,2,4,1,0,1,0,4,6,4,6,4,6,5,6,3,4,3,4,2,5,2,4,3,4,5,6,1,0,4,4,1,0,2,4,3,5,1,0,5,5,2,4,3,4,3,4,4,5,1,0,5,6,4,4,5,6,4,5,3,3,4,6,5,5,4,5,5,5,5,5,2,4,4,5,3,4,1,0,1,0,1,0,3,4,1,0,4,2,3,4,3,3,3,3,4,4,4,3,3,3,1,3,1,2,0,3,4,3,5,5,5,5,4,4,5,4,4,4,2,5,4,5,4,4,3,5,5,4,4,4,3,5,5,4,3,5,4,4,3,5,2,2,2,2,2,2,2,2,2,2,4,3,3,3,2,7,4,5,3,7,6,6,7,4,1,30,4,1,1,1,40,3000,3000,0,154201,화학분석기능사 산업기사 화공기사 바이오 신소재 개발 수요 증가,화학
33288,1,0,2,1,1,0,2,1,1,0,2,1,1,0,2,1,2,1,3,4,1,0,2,1,3,4,1,0,1,0,1,0,1,0,1,0,2,1,1,0,2,2,2,2,2,1,1,0,1,0,1,0,3,4,1,0,3,5,2,3,1,0,1,0,4,6,4,4,4,4,5,5,2,1,4,5,3,4,2,3,3,3,2,2,4,3,2,2,4,3,3,3,3,2,3,2,3,2,2,3,3,7,1,2,1,2,0,5,2,3,3,3,4,3,3,4,4,4,4,4,3,3,3,3,3,3,3,2,3,4,3,4,3,4,3,3,3,3,4,3,3,4,2,2,2,2,2,2,2,2,2,1,3,3,3,3,2,7,7,7,7,7,3,5,5,5,1,41,2,1,1,1,44,3500,2500,0,623002,지게차운전기능사 변화,인문계
33289,4,4,4,4,4,4,4,4,4,4,4,4,4,4,4,4,4,4,4,4,4,4,4,6,4,4,4,4,4,4,4,4,4,4,4,4,4,7,4,4,4,4,4,4,4,4,4,4,4,4,4,4,4,4,4,4,4,4,4,4,4,4,4,4,4,4,4,4,4,4,4,4,4,4,4,4,4,4,4,4,4,4,4,4,4,4,4,4,4,4,3,4,4,3,4,3,4,3,4,4,4,16,5,2,1,2,0,4,4,4,3,2,4,4,3,3,3,4,4,4,4,3,3,4,5,4,4,4,3,4,3,4,5,5,4,3,4,4,3,4,3,5,2,2,2,2,2,2,2,2,2,2,2,2,2,3,2,6,4,6,5,3,5,6,3,4,2,28,4,1,1,1,40,2800,2400,0,214301,네일아트자격증 온라인 교육 확대,뷰티아트
33290,5,5,3,4,3,4,4,5,3,4,3,5,2,5,3,5,4,4,2,3,3,3,2,4,3,4,3,4,3,4,3,5,3,5,4,5,3,5,4,5,4,5,3,5,3,4,2,3,2,2,3,5,3,4,2,2,2,3,2,2,4,3,2,2,2,2,2,2,2,2,2,3,2,3,1,0,2,2,2,3,2,2,2,2,2,2,2,2,4,4,2,4,4,3,5,3,4,4,4,4,4,15,2,4,1,2,0,7,2,4,4,4,4,4,5,4,4,4,4,4,2,4,4,4,4,2,3,4,4,5,4,4,3,3,3,3,3,4,4,3,4,4,2,2,2,2,2,2,2,2,2,2,2,2,2,2,1,5,5,6,5,4,5,5,6,6,1,36,4,1,1,1,35,4000,3000,0,25201,무역영어 관세사 기술 개발 인력 감축 예상,경영학
33291,5,6,4,5,4,5,5,6,1,0,4,6,3,3,1,0,3,4,3,4,1,0,1,0,3,3,2,4,4,4,3,3,4,5,4,5,3,4,4,4,3,4,3,4,2,3,4,4,3,4,3,4,1,0,1,0,1,0,1,0,4,5,1,0,1,0,1,0,1,0,1,0,3,3,1,0,1,0,1,0,1,0,3,3,2,3,2,3,3,2,2,3,3,2,4,2,4,3,4,3,3,12,1,1,1,2,0,7,5,3,4,4,3,4,4,4,9,9,4,4,3,4,4,4,3,2,2,1,5,4,4,4,2,3,2,2,3,4,2,2,4,4,2,2,2,2,2,2,2,2,2,1,3,3,2,2,1,4,4,4,3,2,4,2,2,6,2,65,3,2,5,1,42,0,0,5500,611001,공인중개사 현재 로서 과잉 상태,부동산학
33292,3,4,3,3,2,2,4,4,4,4,3,2,2,1,2,2,4,4,4,5,2,2,4,4,4,3,3,3,4,3,4,3,3,3,3,3,4,4,3,4,4,3,3,3,4,4,1,0,1,0,1,0,1,0,1,0,2,1,1,0,1,0,1,0,1,0,1,0,1,0,1,0,2,1,1,0,1,0,3,4,1,0,2,2,4,3,3,4,2,2,4,3,2,3,3,2,3,3,4,1,4,16,5,2,2,1,3,4,5,4,5,4,4,4,5,4,9,9,4,4,2,4,4,2,3,2,3,4,4,4,3,4,4,3,4,4,5,4,4,3,4,4,2,2,2,2,2,2,2,2,2,2,2,2,2,2,2,7,8,7,8,5,3,6,7,6,2,42,4,1,3,2,40,3000,2500,0,214501,학습지 내용 관련 훈련 저출산 학생 감소 일자리 감소,교육학
33293,3,4,2,3,1,0,2,2,1,0,1,0,1,0,2,3,2,3,4,5,1,0,3,4,4,6,2,3,3,5,4,6,2,2,2,3,3,5,5,7,3,4,2,3,4,5,1,0,3,4,4,5,2,3,1,0,2,3,1,0,1,0,2,3,2,3,4,5,3,5,3,4,4,5,2,3,3,4,3,4,2,3,2,3,2,3,2,3,3,4,3,2,3,1,2,2,3,2,2,2,2,14,1,3,1,2,0,7,4,2,3,2,3,2,2,2,3,3,3,3,3,2,2,3,2,3,4,4,3,5,4,4,4,4,2,4,3,4,4,2,3,4,2,2,2,2,2,2,2,2,2,1,3,3,3,3,2,8,8,7,2,7,7,2,3,3,1,42,2,1,1,1,48,3500,2000,0,14301,경비지도사 지속 수요 변화,인문계
33294,4,5,3,5,3,5,3,4,3,4,3,5,3,5,3,4,3,4,2,4,2,4,3,4,3,4,3,5,3,5,3,6,3,5,3,5,4,5,3,5,3,5,4,5,4,6,3,4,2,4,4,6,2,3,1,0,1,0,1,0,2,4,1,0,2,3,1,0,1,0,1,0,1,0,1,0,1,0,2,3,2,3,1,0,2,3,2,3,4,4,3,3,3,4,4,4,2,4,4,3,4,13,1,2,2,1,2,1,5,3,3,3,4,3,3,4,4,4,4,4,3,3,3,2,2,2,3,3,3,4,4,4,3,3,3,3,3,3,3,3,3,3,2,2,2,2,2,2,2,2,2,1,2,3,3,3,2,6,6,6,6,6,6,6,5,6,2,24,4,1,1,1,50,2700,2400,0,29303,엑셀교육 기술 요인 대체,통계학
33295,1,0,3,2,1,0,2,1,1,0,1,0,1,0,1,0,1,0,1,0,2,1,1,0,3,2,2,1,4,3,4,1,3,1,1,0,2,1,5,2,3,1,1,0,1,0,1,0,1,0,1,0,1,0,1,0,1,0,1,0,1,0,1,0,1,0,1,0,1,0,1,0,1,0,2,1,2,1,1,0,3,2,3,2,2,1,3,1,4,5,5,2,3,1,1,1,3,1,2,2,4,9,1,2,2,2,0,7,1,1,1,1,1,1,4,3,3,3,3,3,4,1,3,3,3,4,3,3,2,2,4,4,4,4,3,4,4,4,2,2,2,3,2,2,2,2,2,2,2,2,2,2,2,3,3,3,2,8,8,7,6,7,4,5,4,5,2,25,3,1,2,2,15,600,600,0,532101,로봇 자동화 설비,물리치료
33296,3,3,2,3,2,1,1,0,1,0,1,0,1,0,3,3,3,3,4,4,1,0,1,0,3,3,2,1,1,0,3,3,1,0,1,0,1,0,2,3,3,3,3,3,1,0,1,0,1,0,1,0,3,2,1,0,4,4,3,3,1,0,1,0,2,3,3,3,4,4,3,4,1,0,2,3,2,2,1,0,3,3,2,2,3,3,3,3,3,3,3,2,3,2,4,2,3,2,3,2,3,3,1,3,1,1,2,2,2,3,3,3,5,4,3,3,2,3,3,3,1,3,3,2,2,3,4,3,4,4,4,4,2,1,2,4,3,4,4,2,4,4,2,2,2,2,2,2,2,2,2,2,2,2,2,2,1,7,8,5,6,4,3,6,3,2,1,39,3,1,1,1,40,3800,3200,0,835201,산업기사 전자산업기사 전기기능사 전기부품 기계조작 훈련 로봇 자동화 대형화 일자리 감소,전기
33297,4,5,4,5,3,4,2,3,4,5,3,4,2,3,3,4,3,4,5,6,3,4,3,4,3,4,2,3,2,3,2,3,2,3,2,3,3,4,2,2,3,4,4,6,2,3,3,4,4,5,3,4,4,5,4,5,5,7,4,5,3,4,4,5,3,4,4,5,3,4,3,4,4,5,3,5,4,5,4,5,4,5,4,5,4,5,3,4,4,4,4,3,4,4,4,4,3,5,4,4,4,6,1,5,1,2,0,3,5,4,4,5,4,4,3,3,4,4,4,4,2,4,4,2,3,2,3,5,4,5,2,4,4,4,5,5,4,5,4,4,5,3,2,2,2,2,2,2,2,2,2,2,3,3,3,3,1,1,1,1,2,2,3,1,1,1,1,38,4,1,1,1,40,4500,3300,0,140205,건설기계산업기사 기술사 건설안전산업기사 기술사 건설재료시험기능사 산업기사 기사 첨단 산업 분야,건축공학
33298,1,0,3,4,1,0,1,0,2,2,1,0,1,0,4,5,2,2,2,2,1,0,3,4,3,4,2,2,1,0,1,0,1,0,1,0,2,2,1,0,2,2,1,0,1,0,1,0,1,0,1,0,3,4,3,4,4,4,4,5,3,4,4,4,4,4,4,4,3,4,3,3,3,3,2,3,3,4,1,0,2,3,2,2,4,5,2,2,2,1,2,3,2,4,3,3,2,3,2,4,1,13,1,3,1,2,0,7,5,4,3,2,4,3,3,4,4,4,4,4,3,3,2,3,4,2,3,2,5,4,4,3,2,3,2,3,4,4,3,4,4,4,2,2,2,2,2,2,2,2,2,3,3,3,3,3,2,3,5,3,5,4,5,5,3,5,1,37,4,1,1,1,40,3175,2904,0,154201,화학분석기능사 화공안전기술사 변화,화학과
33299,2,5,5,7,1,0,5,5,2,4,4,6,1,0,4,6,4,5,4,5,3,4,4,6,5,7,5,6,5,5,4,5,3,3,4,5,3,6,4,5,4,5,5,5,4,5,2,2,2,2,4,6,4,6,3,5,4,5,2,3,2,3,4,5,4,7,3,4,4,3,5,6,4,6,3,4,4,5,5,5,3,4,1,0,4,5,4,5,4,5,3,2,4,3,4,4,2,4,4,4,4,15,2,4,1,1,5,4,5,5,4,3,3,4,2,3,3,4,4,3,3,3,3,4,4,2,4,3,3,4,3,3,4,4,3,3,4,4,4,4,4,4,1,1,1,1,2,1,1,1,1,3,3,3,2,3,2,2,2,3,3,3,2,2,1,3,2,35,4,1,3,1,50,4500,3500,0,621401,항공교통관제사 항공영어 구술능력 외국어 해외신기술 관제 능력보수 교육 교통량 폭발 증가 업무 강도 장비 기술 발달 산업 감시자 생각,항공교통
33300,2,4,2,5,1,0,1,0,1,0,1,0,2,4,2,4,1,0,2,4,2,4,3,5,4,5,2,4,1,0,2,4,1,0,1,0,3,5,1,0,2,5,2,5,3,5,1,0,2,5,1,0,3,5,3,5,4,5,2,4,1,0,2,4,2,4,3,5,3,5,3,4,1,0,5,4,4,4,4,4,2,5,2,4,5,4,1,0,3,4,3,3,4,4,3,2,3,3,4,3,3,17,1,2,1,2,0,5,4,4,4,3,4,4,3,3,9,3,4,3,2,4,3,4,2,3,2,1,5,3,5,5,3,4,1,2,5,4,3,3,4,4,2,2,2,2,2,2,2,2,2,1,3,2,2,2,1,4,2,3,4,5,6,5,4,6,1,32,4,1,1,1,45,3500,2800,0,306301,치과기공사 구강 관리 증가 치과 보철물,치기공학
33301,2,3,3,4,2,3,4,2,3,2,2,2,2,3,2,3,2,3,3,4,2,1,3,4,3,4,1,0,3,3,3,5,1,0,1,0,3,3,4,3,2,3,3,4,3,4,1,0,3,5,4,5,2,3,1,0,2,3,1,0,3,4,2,2,2,3,2,3,2,3,3,4,2,2,3,4,2,3,2,3,3,4,2,3,3,4,3,4,3,3,4,2,3,3,2,3,3,2,3,3,4,7,4,1,2,2,0,1,2,3,2,2,4,2,2,3,9,9,3,3,4,2,2,4,4,3,4,2,3,2,2,4,3,3,4,4,4,5,4,3,4,4,2,2,2,2,2,2,2,2,2,2,2,2,2,2,2,5,6,6,4,5,4,4,3,5,2,53,4,2,6,1,60,0,0,4000,614001,인터넷 쇼핑 증가 매점 감소,유아교육학
33302,3,5,4,6,5,7,2,3,1,0,3,4,2,3,3,4,3,4,2,3,4,5,3,4,2,4,2,4,3,4,1,0,2,3,1,0,3,4,2,3,2,3,3,4,1,0,1,0,1,0,1,0,1,0,1,0,1,0,1,0,1,0,1,0,1,0,1,0,1,0,1,0,1,0,1,0,1,0,3,5,2,3,1,0,4,6,5,6,4,3,5,2,5,4,5,2,2,4,3,2,4,18,4,1,2,2,0,1,1,4,4,2,5,4,4,3,4,4,4,4,3,3,3,3,4,5,5,4,4,5,4,5,5,4,4,4,5,5,5,4,5,5,1,1,2,2,2,2,2,2,2,1,5,3,3,3,2,8,7,2,3,3,8,7,8,3,2,38,5,1,4,1,40,3600,1550,0,411102,인공 지능 소설 대상 사회 일본 사람 여유,문예창작학
33303,2,3,2,3,2,2,2,3,1,0,2,1,1,0,1,0,2,2,1,0,1,0,2,2,2,3,2,2,2,3,2,2,1,0,1,0,1,0,2,3,2,3,2,3,2,2,1,0,2,3,1,0,1,0,1,0,1,0,1,0,1,0,2,3,2,2,1,0,1,0,1,0,1,0,2,2,2,3,2,2,2,3,2,3,2,2,2,1,3,3,3,3,3,3,3,3,3,2,3,2,2,14,1,2,2,2,0,7,2,3,3,3,3,3,3,3,9,3,3,3,2,3,3,3,3,3,3,2,3,3,4,3,3,3,3,3,3,4,3,3,3,3,2,2,2,2,2,2,2,2,2,1,3,3,3,3,2,6,6,5,4,4,5,5,5,5,1,58,2,1,1,1,52,2500,2500,0,561101,기계 대신 한계,전기
33304,2,2,4,5,2,2,3,3,2,2,2,2,3,4,2,2,3,4,2,2,2,2,3,4,2,3,2,3,3,3,3,3,3,3,3,3,3,4,4,5,3,4,3,3,3,3,3,3,3,2,3,5,3,3,2,3,3,4,2,2,3,3,3,4,3,3,3,2,4,3,4,3,3,2,3,6,3,5,3,5,3,5,3,3,4,5,3,4,4,4,2,4,3,2,3,4,3,4,3,3,3,13,1,1,1,1,1,3,2,3,4,3,3,4,3,4,9,4,4,4,2,4,4,3,3,3,4,2,3,4,2,4,4,3,3,2,4,3,2,3,4,4,2,2,2,2,2,2,2,2,2,1,4,3,3,3,2,8,6,7,3,3,6,6,3,3,2,37,2,1,3,2,48,3600,2200,0,511501,애견미용사 손님 응대 안내하는 훈련 반려견 가구,정보
33305,3,4,4,5,3,4,3,5,4,5,4,5,4,6,4,5,4,5,4,5,4,6,4,6,5,6,5,6,3,4,4,5,3,4,3,4,4,5,4,5,5,6,5,6,4,5,4,5,5,6,3,4,4,5,4,6,4,6,4,5,3,5,4,5,4,5,5,6,5,6,5,6,4,5,4,5,4,5,4,5,4,5,4,5,4,5,4,5,4,4,2,3,4,2,3,4,3,3,4,4,4,19,1,2,1,1,5,5,3,4,2,2,4,3,2,2,2,2,2,2,4,2,2,4,5,4,5,2,4,2,3,4,4,5,4,4,4,5,4,4,5,4,2,2,2,2,2,2,2,2,2,2,2,3,3,3,2,8,2,2,2,3,3,2,2,2,1,40,2,1,1,1,45,3500,2000,0,811901,농기계정비기능사 자동차정비 자격증 전기기사 자격증 기계장치 제어 장비 작동 유지 보수 경쟁 업체 증가,전기
33306,2,3,2,3,1,0,3,4,3,4,2,4,1,0,3,4,3,4,3,5,1,0,2,4,3,4,3,4,1,0,3,4,2,3,2,3,1,0,3,4,3,4,3,4,3,5,1,0,3,4,3,4,4,5,4,5,4,6,4,6,2,3,3,4,3,5,4,5,3,5,4,6,2,4,2,3,3,4,4,5,4,5,2,3,4,5,4,6,4,3,5,4,3,2,2,4,3,3,3,2,3,6,1,1,1,2,0,6,3,4,3,3,5,4,3,3,3,3,3,4,3,3,3,3,3,3,4,3,3,4,3,3,4,3,3,3,4,4,3,2,3,4,2,2,2,2,2,2,2,2,2,1,3,3,3,3,2,4,5,6,3,3,7,8,5,3,1,43,4,1,1,1,54,4400,3600,0,704001,로더운전기능사 굴착기운전기능사,토목학
33307,2,2,3,4,1,0,4,5,3,4,2,2,3,4,2,2,1,0,2,2,3,4,2,2,4,6,2,2,2,2,2,2,2,2,3,4,2,2,2,2,3,4,4,6,3,4,3,4,3,4,2,2,3,4,3,4,1,0,1,0,3,4,3,4,2,2,3,4,3,4,3,4,3,4,4,5,4,6,3,4,3,4,3,4,3,4,3,4,4,4,2,3,2,2,4,3,3,3,2,4,3,3,1,1,2,2,0,7,2,3,2,1,4,4,3,4,9,9,4,4,2,3,3,4,4,4,2,1,4,2,4,4,4,3,3,2,4,4,4,3,4,3,2,2,1,1,1,2,2,2,2,2,1,2,2,3,2,3,6,3,7,4,6,3,7,3,1,45,1,1,1,1,48,3000,2000,0,864201,상품 서비스 개발 변화 기성 화가 시장 잠식,0
33308,4,5,4,6,4,5,5,6,3,4,4,5,2,3,1,0,3,3,3,5,4,5,3,4,4,5,4,6,5,5,5,6,5,6,5,6,2,4,5,6,5,5,3,3,4,3,3,4,2,2,1,0,1,0,1,0,1,0,1,0,3,6,2,2,1,0,1,0,2,3,2,3,1,0,1,0,1,0,1,0,3,5,1,0,2,3,2,3,2,3,4,2,3,3,1,5,1,3,3,1,2,3,1,4,1,2,0,7,4,3,2,2,2,2,1,2,3,4,4,2,3,2,2,4,3,3,4,4,3,4,4,4,2,2,4,4,3,4,2,2,4,2,1,1,1,1,2,2,2,1,1,4,1,3,3,3,2,8,8,8,3,5,5,2,3,7,1,34,4,1,1,1,50,2600,2500,0,24101,1종보통운전면허 프린터 도입 소매 제품 개발 수익 신제품 개발 도입 농업 중심 사회 산업 중심 사회 산업 심회 정보화 사회 산업혁명 일어나고 산업 중심 변화 가운데 비대 자동화 시스템 전환 현재 형태 일자리 현저 감소 생각 형태 지금 직종 생로 수도 예상,중국통상학
33309,2,2,2,3,1,0,2,3,2,2,1,0,1,0,1,0,2,3,1,0,1,0,2,2,2,3,2,2,2,3,2,3,1,0,1,0,1,0,2,3,2,3,2,3,2,2,1,0,2,3,1,0,1,0,1,0,1,0,1,0,2,1,1,0,1,0,1,0,1,0,1,0,2,2,2,2,2,3,2,1,2,3,4,5,2,2,2,1,3,2,3,2,3,2,3,3,2,2,2,2,3,9,1,3,1,2,0,2,2,3,3,2,3,3,2,3,2,3,3,3,2,3,3,3,2,3,3,2,3,3,3,3,2,3,3,2,3,3,2,3,3,4,2,2,2,2,2,2,2,2,2,1,4,3,3,3,1,7,6,8,4,3,5,4,3,5,1,31,3,1,1,1,54,2400,2400,0,531201,한식조리자격 요식업 죽지 사업,식품조리
33310,1,0,1,0,1,0,1,0,1,0,1,0,1,0,1,0,2,3,2,3,1,0,1,0,1,0,1,0,1,0,1,0,1,0,1,0,1,0,1,0,2,3,1,0,1,0,1,0,1,0,1,0,1,0,1,0,1,0,1,0,1,0,1,0,1,0,4,5,3,4,3,4,1,0,2,3,3,4,1,0,2,3,3,4,3,4,2,3,3,2,3,3,3,3,3,3,3,2,3,2,3,8,1,2,1,2,0,7,4,3,3,2,4,4,3,3,3,3,4,3,3,3,3,3,3,2,3,3,3,4,3,3,3,2,3,3,4,3,3,3,3,3,2,2,2,2,2,2,2,2,2,2,3,3,3,3,1,5,5,6,5,5,6,5,4,5,1,34,3,1,1,1,40,6478,3600,0,705201,철도차량산업기사 열차 선로 증석 인원,기계공학
33311,4,5,3,2,2,1,4,3,4,6,4,4,4,3,4,3,2,3,3,2,3,5,3,4,4,3,5,6,3,3,3,2,3,4,3,5,2,3,4,3,4,6,3,4,2,3,3,4,2,3,4,5,4,6,5,6,3,2,2,4,5,4,3,4,5,4,2,1,3,4,2,4,3,2,2,1,1,0,3,4,1,0,2,1,2,4,2,1,3,4,2,3,4,5,4,3,4,4,5,5,4,10,1,6,1,2,0,4,5,4,5,3,4,3,4,4,4,5,5,4,3,4,3,3,4,3,5,3,4,5,3,2,3,4,4,3,4,5,5,3,4,4,2,2,2,2,2,2,2,2,2,3,3,3,2,2,1,7,3,6,3,4,5,3,5,4,1,52,5,1,1,1,40,4500,3800,0,133301,정보처리기능사 산업기사 기술 발달 만큼 기술 수정 보완 사람,공학교육학
33312,3,3,3,5,2,2,2,3,1,0,1,0,5,5,2,3,4,5,4,6,2,2,3,3,4,6,4,4,3,4,4,5,2,2,2,2,1,0,3,3,3,5,4,5,3,4,1,0,1,0,1,0,3,3,1,0,1,0,1,0,1,0,1,0,2,3,1,0,2,2,2,3,2,3,4,5,3,3,3,4,4,4,5,6,3,4,2,3,4,5,2,2,4,4,4,5,4,4,5,4,4,18,1,2,2,2,0,1,5,4,4,3,5,4,4,2,4,4,5,4,2,3,3,4,3,4,3,2,3,4,2,4,5,4,3,4,4,3,4,4,4,3,2,2,2,2,2,2,2,2,2,1,2,2,2,2,1,4,4,4,5,4,4,4,5,4,2,41,4,1,1,1,40,3500,2500,0,414701,경기 둔화,무용학
33313,3,3,2,2,1,0,2,2,2,3,5,5,4,4,2,2,3,4,2,2,3,3,2,2,2,2,2,2,1,0,2,2,2,2,1,0,1,0,2,2,1,0,2,2,1,0,1,0,1,0,1,0,1,0,1,0,1,0,1,0,2,2,1,0,1,0,2,2,1,0,1,0,1,0,4,5,2,2,2,2,1,0,2,2,2,2,2,2,2,3,2,2,2,3,2,2,3,2,2,2,2,18,1,2,1,2,0,7,2,3,2,3,2,3,2,3,9,9,4,3,2,3,2,3,3,2,3,3,2,3,3,3,2,3,2,3,2,2,3,2,3,3,2,2,2,2,2,2,2,2,2,1,3,3,3,3,2,7,6,5,6,7,6,4,6,5,1,23,3,1,3,2,50,3500,2000,0,420202,프로게이머 기계 대체 불가,컴퓨터게임학
33314,4,5,4,4,3,3,4,5,3,4,3,4,2,2,3,4,3,5,2,2,3,5,2,3,2,2,3,3,3,3,2,2,4,5,4,5,2,2,4,5,3,5,3,3,3,3,2,2,2,1,2,1,2,2,3,3,2,1,2,2,3,5,3,5,2,2,2,2,2,1,3,4,2,2,2,2,2,3,2,2,2,1,2,1,3,4,3,3,4,3,2,4,4,3,3,4,3,3,3,2,3,7,1,2,1,1,2,4,2,4,3,3,4,4,3,4,3,4,4,4,2,4,4,4,3,4,4,4,3,3,2,4,4,3,3,3,4,3,3,4,5,5,2,2,2,2,2,2,2,2,2,1,3,3,3,3,2,8,8,6,2,2,2,6,3,6,1,46,2,1,1,1,40,4000,2500,0,612501,경매사 자격증 경매 연습이 필요 농산물 계속 생산 판매,이과
33315,3,5,3,5,2,4,2,5,3,3,3,5,2,3,2,4,2,3,3,4,3,3,2,4,3,3,2,4,3,6,4,6,2,2,3,4,2,4,2,3,3,5,2,5,3,6,4,6,3,6,2,2,3,6,3,6,4,5,4,6,2,4,4,4,4,4,4,6,4,7,4,7,4,6,5,6,3,5,4,6,3,4,3,5,3,3,3,5,3,2,4,2,2,2,2,2,2,2,2,2,2,15,2,6,1,2,0,5,4,2,2,3,4,2,2,3,3,3,3,3,4,2,2,3,3,3,3,4,3,3,2,2,2,2,2,2,3,3,2,3,3,5,2,2,2,2,2,2,1,1,1,2,2,2,2,2,1,7,7,5,5,6,7,4,4,4,1,42,2,1,1,1,52,4320,2800,0,812301,철도차량정비기능사 코로나 일자리 상태 유지,철도고등학교
33316,3,3,3,3,2,3,2,2,1,0,1,0,3,3,2,2,2,3,3,3,2,2,3,2,3,3,1,0,2,2,2,2,1,0,1,0,1,0,1,0,2,3,2,3,2,3,1,0,1,0,1,0,1,0,1,0,2,3,2,3,1,0,1,0,3,3,2,3,2,3,3,4,1,0,3,3,3,4,3,3,3,4,3,3,3,3,3,2,4,2,4,2,2,2,3,3,3,3,3,3,2,3,1,2,2,2,0,2,1,4,3,3,3,2,3,2,2,2,3,3,4,4,3,3,4,3,2,3,4,3,4,3,4,4,3,2,4,4,3,4,3,3,2,2,2,2,2,2,2,2,2,2,4,2,2,2,2,8,7,6,8,7,7,7,6,6,1,43,2,1,1,1,40,3800,2500,0,825101,가구 증가,공고
33317,3,3,2,4,4,7,2,4,1,0,3,5,2,3,2,2,3,4,1,0,2,4,3,4,2,3,4,5,3,3,2,3,3,5,2,3,3,4,2,4,4,4,4,3,2,2,2,2,1,0,2,2,1,0,1,0,2,2,1,0,3,4,1,0,2,2,1,0,1,0,1,0,3,4,2,2,1,0,1,0,1,0,1,0,3,3,3,2,5,2,3,4,4,4,3,3,4,4,2,2,2,18,1,2,2,1,1,1,5,4,4,4,4,4,3,3,3,3,4,3,2,3,4,4,4,2,4,4,2,3,4,4,3,4,3,4,4,4,3,4,4,3,2,2,2,2,2,2,2,2,2,1,2,3,3,3,2,8,3,6,3,3,4,6,5,6,2,28,4,1,1,1,40,2800,2400,0,412003,직무교육 출판 업계 정체,광고.홍보학
33318,3,5,5,5,3,5,5,5,3,4,4,5,3,5,3,5,4,5,3,4,3,4,4,5,5,6,5,7,4,5,4,5,4,5,4,6,4,5,5,6,5,6,5,7,3,4,2,2,1,0,3,4,4,5,2,3,3,4,2,3,4,5,3,5,4,5,3,4,4,6,4,6,3,5,4,5,3,5,4,5,4,5,4,5,5,7,3,5,4,3,3,3,4,3,4,2,3,3,3,5,4,13,2,2,1,1,6,2,5,4,4,4,4,4,3,3,3,3,3,3,3,4,3,3,3,2,3,2,2,4,3,4,3,3,3,3,4,5,3,3,3,5,2,1,1,1,1,1,1,1,1,4,1,3,3,3,1,7,7,7,7,7,7,8,7,7,1,35,4,1,1,1,57,6000,3500,0,621402,항해사3급 전파전자기능사 관제사 기술교육 선박시뮬레이션 교육 상황발생처리 교육 SVOKP 교육 관제 장비 최신 소프트웨어 개발 대체 생각,해양생산관리학
33319,5,7,4,6,5,7,4,6,2,3,4,5,5,7,5,7,3,4,5,7,4,5,4,5,4,6,5,7,5,6,5,6,5,7,3,4,4,6,2,3,4,5,5,7,3,4,3,4,3,4,4,5,2,3,2,3,3,4,2,3,2,3,2,3,2,3,2,3,2,2,2,2,3,4,2,3,2,3,2,3,2,3,2,3,4,6,4,6,4,4,3,3,5,4,3,5,3,5,5,5,3,18,1,2,2,1,6,6,4,4,5,5,4,5,4,3,3,4,4,4,2,4,4,2,3,2,3,5,4,5,2,4,5,5,4,5,4,5,4,4,5,4,2,2,2,2,2,2,2,2,2,2,3,2,2,2,1,1,5,3,7,3,3,9,4,1,2,32,5,1,1,1,40,2800,2400,0,416102,현장실습 변화,연극영화학
33320,4,5,4,4,3,4,4,5,3,4,4,5,3,5,3,4,3,4,4,5,3,5,3,5,4,5,3,6,4,5,4,5,4,5,3,5,3,4,4,5,4,5,3,4,4,4,3,5,2,3,1,0,1,0,1,0,1,0,1,0,2,3,1,0,1,0,1,0,1,0,1,0,3,4,1,0,1,0,4,5,2,4,1,0,3,5,3,5,4,4,2,3,4,1,3,4,2,3,4,3,2,18,1,2,2,2,0,5,2,4,4,3,3,4,3,3,3,2,3,3,3,3,3,3,3,2,4,5,3,4,4,4,4,5,4,4,5,4,4,3,5,4,2,2,2,2,2,2,2,2,2,1,4,2,2,3,2,6,7,6,7,4,4,3,7,5,2,43,3,1,1,1,50,2700,1800,0,417201,매니저 역할,사회체육
33321,4,5,5,5,3,3,4,4,2,3,4,5,3,4,5,6,3,4,3,3,3,3,4,4,4,5,5,5,4,4,3,3,3,3,3,3,4,4,2,2,4,5,4,4,4,5,1,0,1,0,1,0,2,2,1,0,1,0,1,0,1,0,1,0,1,0,2,2,1,0,1,0,2,2,2,2,2,2,4,5,4,5,3,4,5,5,3,4,3,3,2,3,4,1,4,2,2,4,4,4,2,18,4,1,1,2,0,6,2,4,4,3,4,3,4,4,9,9,9,4,4,4,4,4,4,3,4,5,5,4,3,4,4,5,5,5,4,4,4,4,4,4,2,2,2,2,2,2,2,2,2,2,4,3,2,2,2,8,7,7,8,8,7,7,6,5,1,49,4,2,6,1,15,0,0,2800,420301,야구심판 고용 현장 변동,체육학
33322,2,3,2,4,2,2,3,4,1,0,2,1,1,0,3,4,3,4,3,4,1,0,3,4,3,5,4,5,3,5,4,5,2,3,2,3,4,5,3,4,3,3,3,5,4,5,4,5,3,4,3,4,2,1,2,1,4,6,2,3,1,0,3,4,4,5,4,5,2,1,4,5,4,5,1,0,3,5,4,5,3,4,2,4,4,5,4,5,4,3,2,3,3,2,3,3,2,3,4,3,4,19,5,2,1,2,0,3,5,3,2,2,4,4,3,4,3,4,4,4,3,3,3,4,3,3,3,3,4,3,3,3,3,3,4,3,3,3,3,2,4,4,2,2,2,2,2,2,2,2,2,1,4,3,3,3,2,5,4,4,5,5,7,4,4,7,1,35,4,1,1,1,30,3800,3100,0,420402,물리치료 트레이너 부족,체육교육학
33323,4,4,4,5,1,0,3,4,3,3,3,4,3,3,4,5,5,6,3,4,4,5,2,3,3,6,1,0,1,0,1,0,1,0,1,0,3,3,3,3,4,5,1,0,1,0,1,0,2,2,1,0,2,2,2,3,3,4,5,6,2,1,1,0,3,5,4,6,4,6,5,7,1,0,4,6,4,6,4,6,4,5,3,5,4,5,4,6,4,3,3,3,4,2,3,5,2,3,4,4,3,15,2,6,1,1,4,3,4,4,4,4,3,4,3,3,3,3,3,3,3,4,4,3,4,4,4,3,5,5,3,4,4,3,3,3,4,3,4,3,4,4,2,2,2,2,2,1,2,2,2,4,2,2,2,2,1,9,3,4,1,2,7,7,3,1,1,42,4,1,1,1,48,3800,2400,0,812102,항공정비사 정비 훈련 첨단 기능 탑재 헬리콥터 도입 교육 훈련 첨단 기능 성능 운송 출현,기계공학
33324,3,5,3,5,2,3,2,3,3,5,3,4,1,0,2,3,3,5,3,4,2,3,2,4,3,4,2,4,2,3,2,4,2,3,3,4,2,4,2,3,3,4,2,3,3,4,2,3,3,4,2,4,2,3,1,0,2,3,3,4,2,3,1,0,2,3,3,4,2,4,3,4,1,0,3,4,3,5,3,5,3,5,3,4,3,5,2,4,4,3,2,4,4,2,2,3,2,3,4,4,3,2,1,3,1,2,0,6,4,4,2,2,3,4,2,4,3,2,3,3,3,4,3,4,3,3,4,4,3,4,2,4,3,4,4,4,2,4,3,3,4,3,2,2,2,2,2,2,2,2,2,3,2,2,2,2,2,4,6,5,6,4,5,6,5,5,1,39,4,1,1,1,40,4000,3500,0,705901,화약취급 기능사 업무 자동화 구축 인원 감축,화학
33325,4,6,3,5,4,6,4,5,3,5,4,5,4,6,4,6,4,6,4,6,5,6,5,6,4,4,4,6,3,4,4,5,3,4,3,3,3,3,4,5,5,7,4,5,4,6,5,6,5,7,4,7,4,6,5,7,4,7,4,7,3,3,5,7,5,7,5,7,5,7,5,7,5,6,4,5,3,5,3,5,3,4,4,5,3,4,2,3,3,2,2,4,3,3,3,4,3,4,4,5,2,3,1,3,1,1,5,6,5,3,3,3,3,4,2,5,4,4,5,5,2,4,4,4,5,5,5,5,4,5,3,4,5,4,5,5,5,5,5,4,5,5,2,1,1,2,1,2,2,2,2,3,3,3,3,3,2,7,7,7,7,8,7,7,8,7,1,34,4,1,1,1,45,3500,3200,0,835101,전기산업기사 전기기능사 실현장 투입에서의 대응 방안 직업 의식 대한 변화 자동화 섬세 검토 응대 대해 전문가 때문,기계
33326,3,4,4,5,2,3,3,5,2,3,4,5,1,0,4,5,3,4,3,4,3,4,4,4,3,3,4,5,4,5,3,4,1,0,3,4,4,5,4,6,4,6,4,5,4,5,4,5,3,4,3,3,4,5,1,0,3,4,5,6,4,5,4,5,4,5,3,4,5,5,5,5,2,3,4,5,4,5,2,3,3,4,3,4,3,4,3,4,3,3,4,3,2,2,3,3,2,4,2,4,4,19,4,1,2,2,0,3,3,4,3,3,4,4,2,3,3,5,4,3,3,4,3,4,2,4,3,4,4,4,2,4,4,4,3,3,4,4,3,3,4,4,2,2,2,2,2,2,2,2,2,2,3,3,2,2,2,6,7,6,7,6,7,7,6,7,1,40,3,1,4,1,48,3500,2800,0,841101,수리 설치 기술 수요 계속 것이므,전산학
33327,2,5,3,6,1,0,3,6,2,5,2,5,2,6,3,5,2,4,3,5,2,5,3,5,3,4,3,5,2,5,2,6,2,5,2,5,2,5,4,6,3,5,3,6,3,5,2,5,4,6,1,0,4,5,4,5,4,6,5,6,2,5,3,5,3,5,4,6,5,6,5,6,2,5,4,5,5,6,2,4,4,6,4,4,4,4,3,5,5,4,4,3,4,2,3,5,3,3,4,3,5,7,1,2,1,2,0,3,4,4,3,3,3,3,3,2,3,3,4,3,3,3,3,3,3,2,3,2,3,3,4,4,3,4,1,3,5,5,1,3,5,4,1,2,2,1,2,2,2,2,2,2,3,2,2,2,1,8,6,6,4,4,3,6,5,2,1,33,2,1,1,1,48,3400,2600,0,832101,전자산업기사 제품 디지털화 컴퓨터 프로그래밍 습득 제품 품질 고장 수리 감소,기계
33328,2,2,4,5,2,1,2,2,2,1,1,0,1,0,2,1,2,3,1,0,2,1,2,2,3,3,1,0,2,2,2,3,1,0,1,0,3,4,3,4,4,5,3,3,3,4,2,2,3,4,3,3,1,0,1,0,1,0,1,0,1,0,2,3,2,2,1,0,1,0,1,0,2,3,3,4,4,5,2,2,4,5,3,3,2,2,2,1,2,4,3,2,1,3,3,3,2,3,2,1,1,9,1,1,2,2,0,7,2,3,3,2,4,4,2,3,3,2,4,3,3,2,4,3,2,4,3,2,3,3,4,3,4,4,2,2,3,4,2,3,4,2,2,2,2,2,2,2,2,2,2,5,2,2,3,3,1,6,7,8,6,3,5,4,4,8,1,52,2,1,1,1,54,3100,2000,0,532301,대체,전기
33329,3,6,5,6,4,5,4,5,3,3,3,5,3,4,4,5,3,3,3,3,3,4,4,5,2,2,1,0,1,0,3,4,4,5,1,0,1,0,3,4,3,4,3,4,3,3,1,0,1,0,1,0,4,5,4,5,3,5,3,5,3,5,3,5,4,5,1,0,1,0,1,0,1,0,1,0,1,0,1,0,1,0,1,0,3,3,3,3,4,4,3,4,3,2,3,3,4,4,3,4,4,3,1,5,2,2,0,6,6,4,5,4,4,5,4,4,4,4,4,4,4,3,4,3,4,4,4,3,4,4,4,4,4,5,4,3,4,5,4,4,4,2,2,2,2,2,2,2,2,2,2,2,4,3,3,3,2,5,4,6,3,6,6,4,5,5,1,33,5,1,1,1,40,4900,3800,0,122102,제약 관련 제품 수요 증가,약학
33330,4,4,3,4,3,4,3,4,3,4,2,4,4,4,3,4,3,4,3,3,2,2,4,4,2,2,4,4,4,4,4,5,4,5,3,4,4,4,4,4,3,4,4,4,3,4,3,3,4,4,3,4,3,3,3,3,3,4,2,3,3,4,2,2,2,3,4,5,4,4,4,4,3,4,4,5,3,4,2,3,4,5,4,4,3,4,3,3,4,4,3,3,4,3,4,4,3,4,4,3,4,19,1,1,1,1,2,3,2,4,3,3,4,4,2,4,9,9,4,4,1,5,4,4,4,3,3,3,3,4,4,4,5,5,3,4,3,3,4,3,4,4,2,2,2,2,2,2,2,2,2,2,4,3,2,2,2,4,4,6,8,6,4,7,5,4,2,35,3,2,5,1,48,0,0,3800,511501,애견미용사 미용기법에 대한 기본지식과 훈련 핵가족 가구 증가 사람과 반려동물 증가 때문,유아교육
33331,2,2,2,3,2,3,3,4,2,2,4,5,4,6,2,2,3,4,2,2,2,3,4,6,3,4,4,6,3,5,2,2,2,3,3,4,3,4,4,5,4,6,3,4,3,4,1,0,2,3,3,4,4,5,4,5,3,4,2,2,4,6,4,5,3,4,2,2,2,2,2,3,2,2,2,2,2,3,2,2,4,5,2,3,2,3,3,4,4,3,4,2,3,3,3,3,3,4,3,2,3,6,1,1,1,2,0,1,3,4,4,4,4,4,4,3,3,3,3,3,3,3,2,4,3,3,2,3,3,4,4,4,3,4,3,3,4,4,4,3,4,5,2,2,2,2,2,2,2,2,2,2,3,2,2,2,1,5,4,7,3,3,5,4,7,5,2,29,4,1,1,1,40,2800,1800,0,140401,조경기술사 상태 유지,조경학
33332,3,4,4,3,4,3,4,4,3,4,4,4,4,5,4,4,4,4,4,3,3,4,4,5,4,4,3,3,3,3,3,4,4,3,3,4,3,4,4,3,4,3,2,2,2,3,2,3,3,3,3,2,3,2,3,2,3,4,3,3,3,4,4,3,3,3,4,4,3,4,4,4,3,4,4,5,3,4,3,4,4,6,4,4,3,4,3,5,4,4,2,4,3,2,4,4,1,4,3,4,1,3,1,2,2,2,0,7,1,2,1,1,3,3,3,4,4,4,4,4,2,3,3,3,3,4,4,1,5,4,1,4,3,4,4,2,3,5,4,4,4,5,2,2,2,2,2,2,2,2,2,2,2,2,2,2,1,3,7,6,1,7,4,7,7,3,1,46,2,1,1,1,45,3000,2800,0,16301,라서,기계
33333,2,2,2,2,2,3,2,3,2,3,3,2,2,3,3,3,3,3,2,3,1,0,2,2,2,2,1,0,1,0,2,3,2,2,1,0,2,2,2,2,2,2,3,2,2,3,1,0,1,0,1,0,2,3,1,0,3,3,3,3,1,0,1,0,3,3,2,2,2,3,3,4,1,0,4,4,3,3,2,3,4,4,3,3,3,4,2,2,3,3,1,3,3,2,2,4,3,2,3,4,3,6,1,1,2,2,0,3,1,2,2,2,2,2,1,3,1,2,3,2,2,4,3,3,3,4,3,2,3,5,4,4,3,3,4,4,3,5,4,3,3,4,2,2,2,2,2,2,2,2,2,2,3,2,2,2,2,8,7,7,7,6,7,7,6,7,1,47,2,1,3,2,46,4200,2500,0,702301,신규 재건축 건설 산업 계속,기계
33334,3,4,2,3,2,2,3,4,4,5,4,5,4,5,4,5,3,4,4,5,4,5,4,5,4,5,3,4,3,4,3,4,2,3,2,3,3,4,1,0,1,0,4,5,4,5,4,6,4,5,4,5,4,5,4,5,4,5,4,5,4,6,3,4,4,5,4,5,4,6,3,4,3,4,4,6,4,5,4,5,4,5,4,5,3,4,2,3,3,3,3,4,4,4,4,3,3,4,4,3,4,13,1,5,1,1,3,5,5,4,5,5,4,4,3,3,4,3,4,4,2,4,4,2,2,3,3,4,4,4,4,5,4,5,5,4,4,4,4,4,5,4,2,2,2,2,2,2,2,2,2,2,3,1,1,1,1,3,3,3,5,5,5,6,7,4,1,35,4,1,1,1,40,4000,2500,0,151102,CAT1급자격증 운전면허증 항공정비사 현장조사 관계법령등 파악 향후 변동,기계공학
33335,2,3,2,2,2,3,3,3,2,2,1,0,2,3,2,2,3,3,2,2,2,3,2,2,2,2,3,2,4,3,3,3,2,3,2,2,4,2,2,2,2,2,3,3,3,2,2,2,2,1,1,0,2,2,1,0,1,0,1,0,1,0,1,0,1,0,2,1,1,0,2,2,1,0,2,2,2,2,2,1,2,2,2,2,2,2,2,2,4,4,2,2,2,3,2,2,2,3,3,2,2,19,1,1,2,2,0,7,2,2,2,2,4,2,4,2,9,9,9,2,4,2,2,4,3,4,4,2,1,4,3,4,4,5,3,4,5,4,4,4,4,4,2,2,2,2,2,2,2,2,2,2,2,3,3,3,2,4,5,6,5,6,5,6,5,6,2,46,2,1,2,2,35,1200,700,0,550201,인구 감소,상고
33336,4,5,4,5,3,4,4,6,3,4,4,5,4,5,3,4,3,4,3,4,3,4,3,4,3,4,4,6,4,6,4,6,4,6,3,4,4,6,4,6,4,6,4,6,4,6,3,4,2,3,3,4,3,4,3,4,2,3,2,3,4,5,4,5,4,5,2,3,2,3,2,3,3,4,3,4,3,4,3,4,3,4,3,4,3,4,3,4,3,4,3,3,4,3,3,3,3,3,4,3,3,3,1,2,2,2,0,7,5,3,3,3,3,4,3,3,3,4,4,4,2,3,3,4,4,4,4,2,3,4,4,4,4,4,3,3,4,4,4,3,4,3,2,2,2,2,2,2,2,2,2,1,3,2,2,2,2,8,2,7,3,3,7,2,8,8,1,46,4,1,1,1,40,5200,2200,0,612101,기계 대체 불가,기계공학
33337,3,3,4,4,2,2,4,5,4,4,3,4,2,3,2,3,3,5,3,3,3,4,2,2,4,4,3,4,4,5,4,4,4,4,3,4,2,3,4,5,4,5,4,5,4,4,2,3,3,3,2,3,3,4,3,4,3,4,2,3,2,2,3,4,3,3,4,5,4,6,4,6,4,5,4,4,4,6,3,4,4,5,4,6,4,5,4,5,3,2,4,4,3,2,3,3,2,2,2,2,3,8,4,2,1,2,0,1,1,3,1,2,3,2,2,4,9,9,9,4,3,3,2,4,4,4,4,2,3,3,4,3,4,4,3,4,4,5,4,4,5,4,2,2,2,2,2,2,1,2,2,1,2,2,2,2,1,8,9,8,5,5,5,5,5,5,1,56,2,2,6,1,40,0,0,3600,622201,1종 보통 코로나 때문,공고
33338,3,4,3,4,3,4,2,3,2,5,2,4,1,0,1,0,3,4,1,0,1,0,1,0,1,0,1,0,1,0,1,0,1,0,1,0,1,0,1,0,1,0,1,0,1,0,1,0,1,0,1,0,1,0,1,0,1,0,1,0,4,5,1,0,1,0,1,0,1,0,1,0,1,0,1,0,1,0,1,0,1,0,1,0,1,0,1,0,4,3,3,3,3,3,3,3,3,4,4,4,3,15,2,4,2,1,1,7,5,4,4,4,5,5,5,3,3,3,3,3,3,3,3,5,3,4,4,4,4,4,3,4,3,3,3,4,3,4,3,3,4,4,2,2,2,2,2,2,2,2,2,1,3,3,3,3,1,4,4,4,4,4,6,4,6,6,2,45,4,1,1,1,45,4500,2000,0,25201,통관 업무 전문 관련 교육 사람 일이,무역
33339,1,0,1,0,1,0,1,0,1,0,1,0,1,0,1,0,1,0,1,0,1,0,1,0,3,4,1,0,1,0,1,0,1,0,1,0,1,0,1,0,1,0,1,0,3,4,1,0,1,0,1,0,1,0,1,0,2,4,2,3,1,0,4,5,4,5,4,5,4,4,3,3,4,5,5,6,4,5,3,4,3,4,3,4,1,0,1,0,4,4,3,4,3,2,3,3,4,3,4,3,4,3,1,2,2,2,0,7,2,3,4,3,4,4,5,4,3,4,3,2,2,3,2,3,2,4,3,5,4,3,4,2,3,3,5,4,4,4,3,4,3,3,2,2,2,2,2,2,2,2,2,2,3,2,2,2,1,6,3,4,2,6,7,7,6,7,1,36,3,1,1,1,40,2800,2400,0,873301,식품 수요,기계
33340,1,0,2,2,1,0,3,3,3,2,3,3,3,3,2,3,4,3,3,3,2,2,1,0,4,4,4,3,2,2,3,3,3,4,3,3,3,3,3,3,3,4,3,3,3,4,3,4,4,4,4,4,4,4,4,3,4,3,5,3,5,4,5,3,4,3,4,4,4,4,4,4,2,2,4,5,4,4,4,3,4,3,4,3,4,3,3,3,4,3,4,4,3,3,2,3,3,3,4,3,3,6,1,2,2,1,4,3,1,3,2,3,3,4,2,3,3,3,3,3,3,3,3,3,4,4,3,4,3,3,3,4,3,3,4,4,3,4,3,3,4,3,2,2,2,2,2,2,2,2,2,1,3,3,3,3,2,7,7,6,4,4,4,5,4,4,1,43,2,1,3,2,54,3650,3150,0,701101,철골구조 설치 작업 교육 철골 조립 업무 기계화 고용 안정,인문계
33341,4,7,4,6,3,4,3,3,4,5,4,4,3,3,4,5,4,4,2,2,3,4,3,5,4,5,2,3,1,0,2,2,3,5,2,2,1,0,1,0,4,4,2,2,3,5,2,4,3,3,1,0,2,3,1,0,2,3,2,3,4,5,2,3,3,4,3,4,3,4,3,4,1,0,3,2,2,2,4,4,1,0,1,0,4,6,2,4,4,3,4,3,4,4,3,2,4,4,3,4,4,13,2,3,2,2,0,3,6,4,4,4,4,4,4,3,3,3,5,3,2,4,3,3,4,2,1,4,3,5,3,4,4,4,4,3,4,4,4,4,4,4,2,2,1,2,2,1,2,2,2,2,2,3,3,3,2,4,3,3,7,7,4,7,3,3,2,27,5,1,3,1,40,3300,3000,0,122101,기술 현미경 사용 안전 관련 교육 과거 교육 향상 사람 기술 기계 생명공학 관련 실험 결과,생명과학
33342,3,3,2,2,2,2,2,2,1,0,3,4,5,6,3,5,2,3,1,0,1,0,1,0,2,2,2,1,3,3,2,3,2,2,2,1,3,3,1,0,1,0,1,0,1,0,2,1,2,1,3,4,3,2,3,3,2,2,2,4,1,0,1,0,2,2,3,3,1,0,1,0,2,2,2,3,2,2,1,0,1,0,1,0,4,5,2,3,4,2,3,2,3,4,2,4,3,4,4,3,2,10,1,2,2,1,4,4,2,3,4,4,3,4,4,2,3,3,3,3,3,5,3,3,2,2,2,1,2,3,4,4,4,4,3,3,4,4,2,3,4,3,2,1,2,2,2,2,2,2,2,3,2,3,3,3,2,9,7,6,3,2,4,5,5,5,1,37,3,1,1,1,48,4000,2000,0,415502,웹디자인 그래픽 프로그램 최신 배출 인력 증가,디자인
33343,2,2,4,4,2,2,3,3,1,0,1,0,3,2,2,3,3,2,3,3,2,1,3,3,3,3,4,4,3,4,4,4,3,3,2,1,3,4,4,4,2,2,3,2,3,3,2,2,2,1,2,1,3,2,1,0,1,0,1,0,1,0,1,0,1,0,1,0,1,0,1,0,3,2,3,2,4,2,2,3,3,2,2,3,3,3,3,2,2,3,2,1,4,1,4,3,2,3,3,1,1,17,3,2,2,1,1,2,2,3,4,3,2,4,2,2,2,3,4,3,3,4,4,2,3,4,2,4,4,2,2,2,2,3,2,2,1,4,2,4,5,5,2,2,2,2,2,2,2,2,2,1,3,2,3,3,1,7,9,8,7,6,4,2,7,7,2,58,2,1,3,2,45,1600,1300,0,550201,직무교육 저출산 시대 여성 사회 진출 증가 추세,문과
33344,5,5,5,5,5,5,4,4,4,5,5,5,4,5,3,4,4,5,3,4,3,4,4,6,4,5,4,5,3,4,4,5,4,5,4,5,3,4,3,5,3,4,4,4,4,5,4,4,3,4,3,4,3,5,2,4,2,3,2,4,5,6,4,5,3,4,2,4,2,3,2,3,3,4,3,4,2,3,2,5,2,4,2,3,4,5,3,4,4,3,4,4,4,4,4,2,4,4,4,4,3,13,1,2,1,1,3,6,5,4,3,3,5,5,2,3,3,4,4,4,3,4,4,4,4,4,4,2,4,4,4,4,3,3,3,3,3,4,4,3,4,5,2,2,2,2,2,2,1,2,2,3,2,3,3,3,2,7,5,5,5,5,5,7,8,8,1,48,4,1,1,1,40,3600,2800,0,29901,전자출판 자격증 출판기획 편집에 관한 교육 경기 악화 인원 감축 인쇄 매체 디지털 매체 변화,정보미디어학
33345,3,3,3,3,2,1,1,0,2,2,1,0,1,0,2,1,1,0,2,2,1,0,3,5,2,2,2,1,3,3,1,0,1,0,1,0,3,3,1,0,1,0,1,0,1,0,3,3,3,3,4,4,2,2,2,2,1,0,1,0,1,0,1,0,3,3,3,3,1,0,1,0,1,0,2,1,1,0,1,0,1,0,1,0,3,4,2,4,4,3,3,3,4,4,3,4,2,4,3,3,2,13,1,2,1,1,1,7,5,3,3,3,5,4,4,3,3,3,3,3,2,3,4,4,2,3,3,1,3,3,4,4,2,3,3,3,2,4,1,2,4,3,2,2,2,2,2,2,2,2,2,3,4,2,2,2,2,7,6,6,4,4,5,5,5,5,2,28,4,1,1,1,48,2200,2200,0,415503,그래픽기술자격증 영상편집 소프트웨어 훈련 미디어 산업 갈수록 때문,영상디자인
33346,1,0,2,2,1,0,2,1,2,1,1,0,4,4,2,3,1,0,3,4,3,4,2,2,3,4,1,0,1,0,1,0,1,0,1,0,2,3,1,0,1,0,2,2,3,3,3,3,3,4,1,0,3,4,4,5,3,4,2,1,1,0,3,4,2,1,3,3,2,1,1,0,2,1,4,5,4,5,3,3,3,4,3,4,4,5,2,2,3,2,5,3,2,5,3,3,2,3,2,2,3,7,1,1,2,2,0,7,2,2,2,2,2,2,2,2,9,9,9,2,3,3,3,3,3,3,3,3,3,3,3,2,3,2,2,2,2,3,2,2,3,3,2,2,2,2,2,2,2,2,2,2,3,2,2,2,2,6,7,7,5,3,5,4,3,4,1,47,2,1,1,1,44,2750,2000,0,884201,시스템 유지,문과
33347,2,2,2,3,1,0,1,0,2,3,2,3,1,0,1,0,1,0,2,2,2,2,3,3,2,3,3,4,3,4,3,4,3,4,3,4,3,3,3,4,3,4,3,4,3,4,3,4,3,3,2,3,3,4,4,5,4,5,4,5,1,0,3,4,3,4,4,5,4,5,3,4,4,5,4,5,4,5,3,4,3,4,3,4,1,0,1,0,4,4,3,3,4,3,3,3,3,4,3,3,3,18,1,5,2,1,4,4,3,4,4,4,4,4,4,3,3,3,3,3,2,4,4,3,4,3,3,4,3,3,4,3,4,3,3,4,3,3,3,3,3,3,2,2,2,2,2,2,2,2,2,2,3,2,2,2,1,4,7,6,5,7,7,4,7,6,1,28,4,1,1,1,45,3000,2000,0,136002,마스터스위처조작훈련 작업 직업,기술통신학
33348,4,5,4,6,4,6,4,5,4,5,4,5,4,5,4,5,5,6,4,5,4,5,4,5,4,5,4,5,4,5,4,5,4,5,4,5,4,5,4,5,3,4,4,5,4,5,4,5,4,5,3,4,3,4,2,3,2,2,2,3,4,4,2,3,2,2,1,0,1,0,1,0,3,4,3,2,1,0,3,3,2,2,1,0,1,0,1,0,3,4,4,3,4,3,4,4,4,4,4,4,4,18,1,3,1,1,3,5,5,4,4,4,3,4,4,3,3,4,4,4,3,4,4,4,4,4,5,4,4,4,3,3,4,5,4,5,4,5,4,2,4,4,2,2,2,2,2,2,2,2,2,2,3,2,2,3,1,3,5,4,5,6,6,6,5,7,1,35,4,1,1,1,45,4000,3000,0,411301,포토샵 일러스트 편집디자인 변화,문학
33349,5,6,5,6,5,7,2,3,1,0,2,2,1,0,2,3,2,4,1,0,2,3,1,0,2,3,1,0,2,2,1,0,2,3,2,2,1,0,1,0,2,3,1,0,2,3,1,0,1,0,1,0,1,0,1,0,1,0,1,0,3,4,1,0,1,0,1,0,1,0,1,0,1,0,1,0,1,0,3,3,1,0,1,0,2,3,2,3,4,3,4,4,4,4,4,2,4,4,4,4,4,10,1,2,2,2,0,1,5,4,4,4,4,4,4,4,4,4,4,4,2,4,4,2,4,4,2,3,2,4,3,4,4,4,4,4,3,4,4,4,4,5,2,2,2,2,2,2,2,2,2,1,3,3,3,3,2,6,6,4,5,4,4,3,3,5,1,34,4,1,1,1,48,4900,3400,0,412001,지금,국어국문학
33350,4,5,4,5,2,2,4,4,2,2,4,5,3,3,3,4,3,4,3,3,2,2,4,4,4,4,1,0,2,3,2,2,3,3,4,5,2,2,4,5,4,5,3,4,4,5,2,2,2,2,1,0,2,2,5,5,4,4,2,2,1,0,4,5,4,5,3,5,4,5,3,5,1,0,3,5,4,5,4,5,4,5,4,5,5,5,3,4,4,4,4,1,4,2,4,3,2,4,4,2,4,3,4,1,2,2,0,6,1,3,2,2,4,3,2,1,9,9,9,2,3,3,3,3,3,1,1,3,4,5,3,4,2,3,5,4,5,4,5,2,5,3,2,2,2,2,2,2,2,2,2,2,1,2,2,2,2,5,5,7,3,4,6,3,2,5,1,58,2,2,6,1,48,0,0,3800,864101,업종 사람 돈벌이,공고
33351,2,3,3,4,2,2,2,4,3,4,2,3,3,4,3,5,4,5,2,4,3,4,2,4,5,6,3,4,2,2,3,3,2,3,2,3,4,5,3,4,2,3,3,5,3,4,3,4,4,5,2,4,3,4,3,5,4,5,4,6,2,2,4,4,3,5,4,4,4,4,2,3,2,3,3,5,3,4,3,5,2,3,3,4,4,5,2,3,3,4,2,3,3,2,2,2,3,3,4,2,4,3,1,4,1,1,2,2,1,3,2,3,3,3,2,3,3,4,4,4,3,3,3,2,3,4,3,3,4,4,4,5,3,4,4,3,3,5,3,4,5,4,2,2,2,2,2,2,2,2,2,2,2,2,2,2,2,4,5,8,6,4,5,4,5,7,1,37,2,1,1,1,40,3800,2100,0,882201,펌프제지기능사 안전교육 직무교육 자동화 시스템,전기
33352,5,7,5,7,3,3,5,7,1,0,4,5,5,7,5,7,5,7,5,7,5,7,1,0,4,6,4,6,1,0,3,4,3,4,1,0,1,0,1,0,3,4,4,5,3,4,1,0,1,0,1,0,1,0,1,0,1,0,1,0,1,0,1,0,1,0,1,0,1,0,1,0,1,0,4,5,3,4,3,4,4,6,4,6,5,6,4,5,4,3,3,2,4,2,3,4,3,3,3,3,4,18,4,1,2,1,4,7,1,3,4,4,2,3,3,2,9,9,9,2,4,2,2,3,4,4,4,3,4,4,3,4,4,3,3,2,4,4,4,3,4,2,2,2,2,2,2,2,2,2,2,1,2,2,2,2,1,9,6,8,3,4,7,7,3,2,2,43,5,1,4,2,20,1200,500,0,416203,연기기초실무교육 배우 일자리 한정 코로나 장기 예상 온라인 비대 공연 비중 점차 예상,대중미술뮤지컬
33353,4,5,4,6,4,4,4,4,4,4,4,5,3,4,4,5,3,3,3,3,2,4,1,0,3,3,1,0,1,0,2,2,3,4,1,0,1,0,3,3,5,4,4,4,3,4,1,0,1,0,1,0,3,5,3,6,4,5,3,4,3,5,4,5,1,0,1,0,1,0,1,0,1,0,1,0,1,0,1,0,3,3,1,0,2,3,3,3,3,4,3,3,3,3,4,3,2,3,4,4,5,3,1,5,2,2,0,6,6,4,5,4,4,4,4,4,5,4,5,4,4,4,4,4,5,4,4,4,3,4,4,4,5,4,3,4,4,4,5,3,4,3,2,2,2,2,2,2,2,2,2,2,4,3,3,3,2,5,4,3,3,4,3,3,4,5,2,31,5,1,1,1,40,4600,4000,0,122102,시장 성장,약학
33354,2,2,2,2,1,0,1,0,4,6,4,6,1,0,3,3,3,3,2,5,1,0,2,2,1,0,3,5,1,0,1,0,2,2,1,0,1,0,1,0,3,3,1,0,1,0,3,4,2,3,2,2,3,3,3,5,3,4,2,3,2,2,2,2,2,2,3,3,2,3,2,3,2,3,1,0,1,0,1,0,1,0,1,0,1,0,1,0,4,4,3,3,4,3,4,4,3,4,4,3,3,6,1,2,1,2,0,2,5,4,4,3,5,4,4,4,4,3,4,4,2,3,3,4,3,4,4,2,4,2,2,5,4,4,3,3,4,4,4,3,4,4,2,2,2,2,2,2,2,2,2,2,2,2,2,3,1,6,4,4,4,6,6,7,4,5,1,44,4,1,1,1,40,4200,3600,0,140305,산림토목기술자 건설기계기술사 경기 둔화,토목학
33355,4,5,4,5,3,4,4,5,3,4,3,5,2,3,4,4,4,6,1,0,3,4,4,6,4,5,4,5,5,5,4,5,4,5,3,4,3,6,4,5,4,5,4,5,5,6,2,3,2,3,2,3,2,2,2,2,1,0,1,0,2,3,1,0,3,3,1,0,1,0,1,0,1,0,1,0,2,2,3,3,1,0,2,2,3,4,4,4,3,4,4,3,3,4,2,2,4,2,4,4,3,16,5,2,2,1,1,1,5,3,2,2,3,2,2,3,2,3,3,3,4,2,2,2,3,4,4,3,3,3,4,4,2,3,4,4,3,4,4,4,3,3,2,2,2,2,2,2,2,2,2,2,3,2,2,2,1,7,4,3,3,3,3,2,2,2,2,28,4,1,1,1,40,3000,2400,0,214501,학습진로 계획 학습대상자 교육법 크게 변화 요소,수학교육
33356,4,4,4,4,4,4,3,4,2,3,3,4,2,2,3,3,4,4,2,2,3,3,3,4,4,4,4,5,3,4,2,4,4,3,4,3,3,4,2,4,4,4,4,3,3,4,1,0,2,2,3,5,2,2,1,0,1,0,1,0,3,4,1,0,2,2,1,0,1,0,1,0,1,0,1,0,1,0,1,0,1,0,1,0,1,0,1,0,3,2,2,2,3,4,2,4,2,3,3,3,3,19,1,1,2,2,0,7,2,2,2,2,3,3,2,3,3,4,4,3,4,2,2,4,3,3,4,2,3,3,3,4,2,3,3,3,3,4,3,3,4,4,2,2,2,2,2,2,2,1,1,2,2,3,3,3,2,7,5,6,4,4,5,4,4,5,2,32,4,1,1,1,45,2800,2200,0,29303,승진 업무 다양 화로 업무 증가 전산 화로 인력 대체 부분,화학공학
33357,5,6,4,6,3,3,3,4,3,4,3,4,4,5,4,5,4,5,4,5,4,5,4,4,4,5,3,3,2,2,3,3,3,3,3,3,3,3,3,3,3,3,3,4,3,4,3,4,3,3,3,3,3,5,4,5,3,4,3,3,3,4,3,3,3,3,3,3,3,4,3,5,3,4,3,3,2,3,3,3,3,3,2,2,4,5,4,5,4,4,4,4,5,4,4,4,4,4,4,5,4,15,2,2,1,1,3,3,5,5,5,5,4,4,4,4,5,5,4,4,2,4,4,3,4,4,3,3,4,4,4,4,4,4,3,4,4,4,3,4,4,4,2,1,2,2,2,2,2,2,2,1,3,3,3,3,2,9,9,1,1,1,1,1,9,9,1,48,4,1,1,1,40,3800,3000,0,140503,정보관리기술사 교통시스템 연구 검토 분석 자동화 장비 시스템 분석 빅데이터 분석 기계 대체,경제학
33358,2,3,2,2,1,0,4,5,4,5,4,4,4,5,3,4,4,5,4,5,4,5,3,4,4,5,2,2,4,5,4,5,4,6,4,5,2,2,4,5,4,5,4,6,4,5,4,6,4,5,4,6,4,6,4,5,4,6,4,6,2,2,4,6,3,4,4,6,4,6,4,6,4,6,4,6,4,6,4,6,4,6,4,5,4,6,4,5,4,4,4,4,4,4,3,3,2,3,4,4,4,6,1,5,1,1,1,6,2,4,2,3,4,4,2,3,3,3,4,3,4,4,4,4,4,5,4,4,5,4,4,4,3,4,4,4,4,5,4,3,4,2,1,2,1,1,1,1,2,2,1,1,3,2,2,2,1,8,8,8,9,8,8,2,2,5,1,58,4,1,3,1,48,6700,3000,0,140204,건설기계산업기사 건설재료시험기능사 건설안전산업기사 새로운 기계 장비 부품 교육 기계 장비 사용 변동,건축설비공학
33359,3,4,3,4,2,3,1,0,1,0,3,4,3,4,1,0,3,4,3,4,3,4,1,0,1,0,3,5,1,0,1,0,1,0,1,0,1,0,1,0,1,0,3,4,3,4,1,0,2,2,2,3,3,5,1,0,3,5,3,4,1,0,1,0,4,5,4,5,3,4,3,4,1,0,3,5,1,0,1,0,3,4,1,0,3,5,2,4,4,4,4,4,4,2,3,3,3,4,3,2,3,14,1,3,2,2,0,7,5,4,4,4,4,5,3,5,5,5,5,5,1,1,1,4,4,3,3,3,4,5,3,4,4,4,3,3,3,4,3,3,3,4,1,1,1,1,1,1,2,2,1,2,2,2,2,2,1,6,6,4,3,3,3,6,4,4,1,52,4,1,1,1,48,7000,2800,0,416601,방식 종류 변화 기계 발달 인력 대체,사진영상학
33360,4,4,4,5,4,5,4,5,3,5,4,5,4,4,4,5,4,5,4,4,4,5,3,5,4,4,3,4,4,5,4,4,4,5,4,5,4,4,3,5,4,5,4,4,4,5,4,5,4,4,3,5,3,5,4,5,3,5,4,5,4,5,3,4,4,5,4,4,3,3,4,5,4,4,3,3,4,5,3,4,4,4,3,5,3,4,2,5,4,4,3,3,4,4,4,3,4,4,3,4,4,3,1,3,2,2,0,5,5,4,4,3,4,4,3,4,5,5,3,4,4,4,4,3,3,4,5,5,5,5,4,4,4,3,3,4,4,3,2,3,3,4,2,2,2,2,2,2,2,2,2,1,4,1,1,1,1,6,5,7,7,6,6,7,6,7,1,34,4,1,1,1,40,3500,2800,0,153203,인터넷 보급 확대 자율 관리 차원,전자공학
33361,3,5,3,4,3,4,4,5,4,5,5,6,3,4,3,5,3,4,4,5,4,5,3,4,3,4,3,4,3,4,2,3,4,5,3,5,4,5,2,3,4,5,4,5,4,5,2,3,1,0,5,7,1,0,1,0,3,4,1,0,3,3,2,3,3,4,2,3,2,3,2,3,3,4,4,5,3,4,3,4,4,5,3,4,3,4,3,4,3,3,3,3,3,2,3,3,3,3,3,4,3,15,2,4,2,1,3,3,4,4,3,2,3,3,3,3,2,2,3,3,4,2,2,3,4,2,3,4,2,4,2,2,2,3,3,4,3,4,2,2,3,3,2,2,2,2,2,2,2,2,2,1,3,3,1,3,2,6,7,7,5,7,6,6,4,5,1,32,4,1,1,1,40,3000,2000,0,250201,기초군사훈련 군복무 기간 단축 병력 감축,수학
33362,3,4,3,4,3,4,4,5,4,4,4,5,4,4,3,4,3,4,3,5,4,5,3,5,4,5,3,4,4,5,3,4,4,5,3,5,4,6,4,5,4,5,3,5,4,5,3,5,4,5,4,4,4,5,1,0,1,0,2,2,2,2,3,3,2,2,2,2,1,0,1,0,4,6,4,2,4,5,2,3,4,4,4,4,4,4,4,5,4,4,4,3,3,4,3,4,4,4,3,4,4,13,1,2,1,1,2,2,4,4,4,4,5,4,5,4,5,3,3,4,3,4,3,3,3,4,4,3,3,4,2,3,4,4,4,3,3,4,4,3,4,3,2,2,2,2,2,2,2,2,2,2,4,3,3,3,2,4,5,6,6,5,5,6,5,6,1,33,4,1,1,1,40,4000,3000,0,134102,데이터분석전문가 업무기술 서비스 효율 위해 직원,경영학
33363,4,5,4,4,3,4,3,4,4,5,4,5,2,4,2,2,3,4,2,3,2,3,2,3,2,3,1,0,3,3,3,6,4,4,3,4,2,3,3,4,3,4,3,3,3,3,2,3,2,2,2,3,2,3,1,0,1,0,1,0,3,1,1,0,1,0,2,2,1,0,1,0,1,0,1,0,1,0,2,3,3,3,2,2,3,3,3,2,3,3,3,3,3,2,2,3,3,3,2,2,2,7,1,5,2,1,1,3,2,2,1,1,3,2,3,3,1,3,3,2,4,2,1,5,3,4,3,1,2,5,3,4,2,3,3,4,3,3,2,1,5,4,2,1,1,2,1,1,1,1,1,3,1,3,2,3,2,4,4,5,5,5,4,6,6,5,2,50,4,1,1,1,48,2500,2200,0,616101,고객응대 메뉴얼이 변경되었을때 무인계산대 도입 작동요령 자동 계산 도입 의자 코드 삼성 페이 카카오 페이 결제 방식 자동 계산 대가 도입 구조조정 인원 감축 과거 강산 현재 미래 갈수록 사회 변화 속도 기술 발달 자동화 인공 지능 대체,산업디자인
33364,4,5,4,5,3,3,4,5,1,0,1,0,1,0,2,3,3,3,3,4,1,0,2,3,1,0,1,0,4,4,3,3,4,4,2,3,1,0,3,4,3,3,2,4,4,4,1,0,1,0,1,0,1,0,1,0,1,0,1,0,2,2,1,0,1,0,1,0,1,0,1,0,1,0,1,0,1,0,1,0,1,0,1,0,3,4,4,4,4,3,4,3,4,4,4,4,4,3,4,4,4,17,1,2,1,2,0,1,2,3,3,3,2,3,3,3,3,3,4,3,2,3,3,3,2,3,4,3,3,3,3,3,2,3,4,3,4,3,4,4,4,3,2,2,2,2,2,2,2,2,2,2,4,3,2,2,2,3,7,8,3,6,6,3,3,4,2,24,3,1,1,1,48,2000,2000,0,29202,의료코디네이트 고객 서비스 발전 의료 디네 병원,경영학
33365,5,4,5,4,5,4,5,5,5,5,5,4,5,4,5,5,5,5,5,5,5,6,5,5,5,4,5,5,5,6,5,4,5,4,5,5,4,4,5,5,5,4,5,4,5,4,5,4,5,5,5,6,5,4,5,6,5,6,5,6,5,5,5,5,5,6,4,6,5,6,5,5,5,5,5,6,5,6,5,5,5,5,5,4,5,5,5,6,5,4,5,3,4,3,5,3,4,5,4,5,5,19,1,5,2,2,0,4,5,4,4,4,5,5,4,4,3,5,4,4,1,5,5,5,4,4,4,1,5,4,2,5,4,5,4,5,4,5,4,4,5,4,1,1,2,1,1,2,1,2,1,1,3,3,2,2,2,9,1,1,1,5,5,9,1,1,2,44,4,1,1,1,60,8500,2500,0,415301,업무 시장 항상 변화 변화 생존 기법 기존 생산 업종 변화 일자리,디자인
33366,4,6,4,6,4,6,4,5,4,5,4,5,4,5,4,4,4,4,4,5,4,5,4,5,4,4,4,5,4,4,4,5,4,5,4,4,4,5,4,5,4,5,4,4,4,4,4,5,4,5,4,4,4,5,4,5,4,4,4,5,4,5,4,5,4,3,4,4,4,3,4,4,4,5,4,5,4,5,4,5,4,5,4,5,4,5,4,5,4,4,3,4,4,4,3,3,3,4,4,4,3,17,1,1,1,1,6,6,5,4,4,4,4,4,4,4,4,4,4,4,2,4,4,4,3,4,4,3,4,4,4,4,4,4,4,4,4,4,4,3,4,5,2,2,2,2,2,2,2,2,2,1,4,2,2,3,2,5,5,4,4,5,5,6,5,5,1,34,4,1,1,1,40,6300,4500,0,301201,전문의자격증 실무교육 건강 대한 관심 증가,가정의학
33367,3,4,4,5,2,2,4,5,4,6,4,6,4,5,4,5,4,4,4,5,4,5,4,6,4,6,4,5,4,5,4,5,4,5,4,6,4,5,3,4,4,5,4,5,4,5,3,4,3,4,3,4,4,5,3,4,3,3,3,3,3,3,3,3,3,4,2,2,3,2,2,2,2,2,4,5,4,5,4,5,4,5,4,5,4,5,4,5,4,3,4,3,4,2,3,4,2,3,3,4,3,18,1,3,1,2,0,6,5,3,4,3,4,4,3,3,4,4,3,3,3,4,4,3,4,4,4,3,4,3,4,3,3,4,4,3,3,4,3,3,4,4,2,2,2,2,2,2,2,1,1,2,3,2,2,2,1,3,3,4,5,4,5,3,3,6,1,53,4,1,1,1,40,3800,3000,0,420101,생활스포츠지도사2급 인력 감소 업무 지속,체육학
33368,2,3,3,4,1,0,1,0,2,4,2,4,2,3,2,3,3,4,2,3,1,0,2,3,4,5,2,3,1,0,2,3,1,0,1,0,2,3,3,4,4,5,3,4,2,4,1,0,2,3,2,4,3,4,3,4,4,5,5,6,2,3,2,3,5,6,5,6,5,6,5,6,4,6,4,6,4,5,3,5,4,5,2,3,4,5,4,5,2,2,4,4,2,2,3,4,3,3,3,4,3,15,2,3,1,1,1,1,4,4,4,3,4,4,3,3,3,3,3,3,2,3,4,4,4,3,3,4,4,4,3,4,3,4,4,4,4,5,3,3,4,5,2,2,2,2,2,2,2,2,2,1,3,3,3,3,2,6,6,7,7,8,7,6,6,7,1,46,4,1,1,1,50,4000,2000,0,812301,철도차량기술사 정비훈련 변화,기계공학
33369,4,6,5,7,4,5,4,6,4,5,4,6,5,5,4,5,4,6,4,5,4,5,4,5,5,6,4,6,5,5,4,6,5,6,5,6,4,5,3,5,4,5,5,6,5,6,5,6,4,5,5,6,3,5,4,5,4,5,3,5,4,4,3,4,3,4,2,3,2,3,3,4,4,5,2,2,2,2,1,0,1,0,2,2,3,4,2,2,5,5,4,4,4,4,5,5,4,4,5,4,5,16,5,3,1,1,3,3,5,5,5,3,4,4,3,5,5,9,5,5,1,1,1,5,5,5,4,3,5,4,5,4,4,5,4,4,5,4,4,4,5,5,1,1,1,1,1,1,2,2,2,2,3,1,1,3,1,2,2,2,2,1,3,2,8,8,2,59,5,1,1,1,40,9000,7000,0,13202,교사자격증 교장자격증 원격수업 쌍방향 수업 아동학대 예방 감염병 수업 방향 수업 진행 비대 수업 증가,교육학
33370,4,4,4,5,3,6,4,5,4,5,3,5,4,5,3,5,3,5,4,5,4,5,4,5,4,5,3,5,3,5,4,5,4,5,4,5,4,4,4,4,4,4,4,5,3,5,4,5,4,4,4,5,3,5,4,5,4,5,4,5,4,5,4,5,4,5,4,5,3,5,4,5,4,5,3,5,3,5,4,5,4,5,4,5,4,5,3,5,4,4,3,4,3,4,3,4,3,4,4,4,3,17,1,1,1,1,6,6,5,3,3,3,4,4,3,4,4,5,4,4,2,3,3,4,4,3,3,4,3,3,4,4,3,4,4,3,3,4,4,2,3,3,2,2,2,2,2,2,2,2,2,1,3,3,3,3,2,3,3,3,3,4,4,3,3,6,2,42,5,1,1,1,45,18000,11000,0,301107,의사 면허증 전공의 자격증 레지던트 대체,정신건강의학
33371,2,3,4,3,2,3,2,3,1,0,2,3,3,2,2,1,3,4,2,1,2,1,2,3,2,1,2,3,2,3,3,2,3,4,4,5,2,3,4,3,3,4,2,1,3,4,2,1,2,3,4,3,2,3,2,1,1,0,2,1,4,3,2,3,2,1,2,1,2,1,2,3,2,3,2,1,2,3,3,4,1,0,2,1,2,3,3,2,4,3,2,3,3,4,3,3,4,3,2,3,4,11,1,3,2,2,0,2,4,4,3,2,4,3,4,4,3,4,5,4,3,4,3,4,5,4,3,2,3,4,4,3,4,3,2,3,4,5,4,3,5,2,2,1,2,1,1,2,1,2,2,3,2,3,2,3,2,3,6,5,7,6,4,6,4,7,1,36,4,1,1,1,40,2800,2300,0,613001,바운드 형태 아웃소싱 형태 분류 업무 난이도 실적 일자리 감소,회계
33372,4,6,4,5,4,5,4,6,2,4,3,4,4,5,3,4,4,5,4,5,4,4,4,4,4,6,4,6,4,5,4,5,4,4,4,5,2,4,4,5,4,5,4,5,3,6,2,4,3,4,4,6,4,5,4,5,4,5,3,5,2,3,3,5,4,5,4,6,4,5,3,4,4,5,4,5,4,5,4,6,5,6,4,5,3,4,3,4,3,4,4,2,3,2,3,4,4,4,3,2,3,17,1,2,1,2,0,7,5,4,4,4,4,3,3,4,3,3,4,4,4,4,4,4,3,3,4,4,4,4,4,5,4,4,4,5,3,3,4,4,4,3,2,2,2,2,2,2,2,2,2,2,3,3,3,3,2,8,7,7,7,3,3,8,4,4,1,30,4,1,1,1,48,3006,2700,0,306501,물리치료사 기존 수요,물리치료학
33373,2,3,2,3,2,3,4,5,2,3,3,4,3,4,2,3,2,3,2,3,2,3,3,3,2,3,4,4,3,3,3,3,3,4,2,3,2,3,4,5,3,3,2,2,3,3,3,5,1,0,1,0,1,0,1,0,1,0,1,0,2,3,1,0,1,0,1,0,1,0,1,0,2,2,1,0,1,0,2,2,1,0,1,0,2,3,2,2,4,3,4,3,3,3,2,2,3,3,4,3,4,19,1,2,2,2,0,1,4,2,2,2,2,3,3,3,3,2,3,3,4,2,2,2,4,2,3,3,2,4,2,4,2,4,2,2,4,4,4,4,4,5,2,2,2,2,2,2,2,2,2,2,2,3,3,3,2,7,7,7,5,5,5,3,3,5,2,28,3,1,1,1,45,2800,2700,0,512102,인터넷 정보 공유 확산,웨딩플래너학
33374,1,0,2,3,2,2,3,4,2,3,1,0,1,0,2,3,3,4,1,0,1,0,2,3,2,3,1,0,3,4,3,4,2,3,3,4,1,0,3,4,2,3,3,4,2,3,1,0,1,0,1,0,1,0,1,0,1,0,1,0,2,3,2,3,1,0,1,0,1,0,1,0,2,3,1,0,2,3,2,3,2,3,1,0,2,3,2,3,3,3,4,3,3,3,2,3,3,3,3,3,3,7,1,2,2,2,0,7,2,4,3,3,4,3,4,4,3,4,4,4,3,3,3,3,4,3,3,3,3,3,3,3,3,4,4,3,2,3,3,3,2,4,2,2,2,2,2,2,2,2,2,1,3,2,2,3,1,4,4,5,4,6,5,5,4,6,2,28,4,1,1,1,44,3800,3500,0,612301,자동차 판매 고용 유지,경영학
33375,5,5,4,5,4,5,4,5,4,5,4,5,3,4,3,5,3,3,2,4,4,5,4,4,4,5,4,4,3,4,4,5,3,3,3,3,3,3,4,5,4,5,5,6,4,3,4,5,4,4,4,4,3,4,1,0,3,4,3,3,5,4,1,0,2,2,1,0,1,0,2,2,3,4,1,0,1,0,2,2,4,4,2,2,4,4,3,3,3,3,3,3,3,4,5,3,3,3,3,4,3,15,2,6,2,1,1,3,2,3,4,3,5,4,3,3,3,3,3,3,3,3,3,5,4,2,2,2,3,4,3,4,2,3,3,3,3,4,3,3,4,5,2,2,2,2,1,2,2,2,2,2,3,1,1,3,2,8,8,8,7,7,7,7,7,7,1,47,4,1,1,1,50,5000,2000,0,25401,전산교육 한글 파워포인트 엑셀 문서 시스템 시스템 조직 구조 변화 조직 변화 생각,행정학
33376,4,5,4,4,5,4,4,4,4,3,5,4,4,4,4,4,5,4,4,3,3,4,4,4,4,4,4,3,5,4,5,4,5,4,4,4,4,4,5,5,5,5,4,4,5,4,4,4,4,3,4,4,4,3,4,4,4,3,3,3,4,3,3,3,4,3,3,2,3,2,3,2,3,2,3,2,3,2,3,2,2,2,2,2,3,2,3,2,4,4,4,3,4,4,4,3,3,4,3,3,3,13,1,2,2,2,0,3,2,4,2,1,4,3,3,3,4,4,4,4,3,3,3,4,4,2,3,3,3,4,4,4,3,3,3,3,4,4,3,4,4,4,1,1,2,1,1,2,2,2,1,1,3,3,3,3,2,7,6,6,4,5,5,5,5,5,2,38,2,1,1,1,40,3200,2500,0,29303,방법 다양 전산 시스템 업그레이드 기존 방법 업무 대체 부분,문과
33377,3,5,4,5,2,4,4,5,2,4,5,6,4,5,4,6,4,5,5,5,5,6,3,5,5,7,4,5,5,5,4,6,4,5,5,6,4,5,5,6,5,5,4,5,5,6,1,0,2,3,1,0,2,4,1,0,1,0,1,0,3,4,1,0,5,7,3,4,2,3,5,5,1,0,1,0,1,0,5,4,1,0,1,0,3,4,2,4,3,4,2,2,4,5,5,3,1,3,5,5,2,15,2,6,1,2,0,6,5,4,3,3,3,3,1,2,2,3,4,2,5,3,2,4,3,3,4,3,4,4,3,4,3,3,3,3,3,4,3,3,3,5,2,1,1,2,2,1,2,1,1,3,2,1,3,3,2,7,7,5,6,6,5,2,8,2,1,52,4,1,1,1,40,8000,4600,0,621403,철도교통관제사 무량 감소 자동화,기계공학
33378,5,6,5,6,4,4,3,3,3,5,3,4,2,2,5,5,4,5,3,4,3,3,3,4,4,5,3,3,4,5,3,3,3,4,3,3,2,2,4,4,4,5,4,4,3,4,3,3,2,3,3,3,3,4,2,2,3,4,2,3,3,5,3,4,2,2,3,4,2,3,2,3,3,5,3,4,2,2,3,4,3,3,2,2,3,3,2,4,4,4,4,4,4,5,5,2,3,3,4,4,2,15,2,4,2,2,0,2,5,4,4,3,4,5,4,4,3,4,5,4,3,4,4,4,4,3,4,2,3,4,4,4,3,3,3,4,3,4,4,4,4,4,2,2,2,2,2,2,2,2,1,3,2,1,1,3,1,6,7,5,2,3,4,7,6,5,2,45,5,1,1,1,40,4500,2800,0,25301,코로나 관련 무량 증가 인구 감소 병원 자원 관리 대상자 적기 때문,행정학
33379,4,5,4,5,4,4,4,5,4,5,4,5,3,3,4,5,4,4,3,3,3,4,4,4,4,3,3,3,3,2,4,4,3,4,4,5,2,2,3,3,4,5,3,3,4,4,2,2,2,2,2,2,4,4,4,5,4,4,2,2,3,4,5,5,4,5,5,4,4,5,5,5,3,3,4,5,5,5,4,5,4,5,4,5,4,5,4,5,3,2,2,3,4,1,3,3,3,3,4,3,4,3,1,3,2,2,0,7,5,2,2,2,4,3,2,3,4,3,4,4,2,4,5,4,4,4,2,2,2,4,4,5,2,3,4,3,4,4,5,2,4,3,2,2,2,2,2,2,2,2,2,2,1,3,3,3,2,8,8,9,5,9,9,5,5,6,1,47,2,1,1,1,40,4500,2400,0,816103,업종 사람 갈수록,금속가공
33380,4,4,4,5,3,4,3,4,1,0,3,5,1,0,4,4,4,4,4,4,3,4,3,4,4,4,4,4,3,4,3,4,4,4,4,4,3,4,4,5,4,4,4,4,4,4,3,4,3,4,4,5,4,4,4,4,4,4,4,4,3,4,3,4,4,4,3,4,4,3,4,4,2,4,2,3,4,5,4,5,4,4,3,4,4,4,3,4,4,3,4,3,4,3,3,2,2,2,4,4,3,15,2,6,1,1,2,4,3,4,4,4,5,4,4,4,3,4,3,5,2,5,4,5,5,3,2,1,4,2,4,3,2,4,4,4,4,4,4,3,4,5,2,2,2,2,2,2,2,2,2,2,2,2,2,3,2,7,7,7,3,3,5,2,2,7,1,48,2,1,3,1,50,7500,3500,0,621301,전기동차 면허 전기동차 신기종의 도입에 따른 주기적 교육 기술 발달 자동화 인력 구조 변화 가능성,기계공학
33381,2,3,3,3,2,2,2,2,3,3,2,3,1,0,3,4,2,2,1,0,2,2,1,0,3,4,1,0,1,0,2,3,2,2,1,0,1,0,2,2,3,3,3,3,2,3,1,0,1,0,1,0,1,0,1,0,4,5,4,5,1,0,1,0,3,3,3,4,4,5,4,5,1,0,3,4,4,5,3,4,4,5,4,5,3,3,2,3,2,1,3,2,2,1,4,2,2,2,3,2,2,4,1,2,2,2,0,2,2,3,2,2,4,2,2,3,3,3,4,3,3,2,3,4,4,5,3,4,4,4,4,3,4,3,2,2,3,4,4,4,4,3,2,2,2,2,2,2,2,2,2,2,3,3,3,3,2,6,6,7,4,5,5,6,5,5,1,40,2,1,1,1,48,4900,2600,0,703101,도시가스 선택,공고 기계
33382,3,4,3,4,2,4,3,3,2,2,3,3,1,0,1,0,2,2,1,0,1,0,2,2,1,0,1,0,3,2,2,1,1,0,2,1,2,1,2,5,2,2,2,3,2,2,1,0,1,0,1,0,2,2,1,0,1,0,1,0,1,0,2,2,2,1,2,2,3,4,3,2,1,0,1,0,1,0,2,1,2,2,1,0,2,1,2,1,3,3,2,3,3,2,3,3,3,4,3,2,2,17,1,1,1,1,4,4,5,5,5,5,4,5,4,5,9,4,5,5,1,5,5,5,4,5,5,4,5,2,4,4,4,5,4,5,5,5,5,3,4,4,2,2,2,2,2,2,2,2,2,1,4,3,3,3,1,2,2,1,2,2,2,2,1,2,2,40,4,1,1,1,40,3800,2400,0,303002,한약사 한약 조제 과정에 익숙하기 위해 6개월이상 교육 필요 한약 조제 과정 컴퓨터 도움 대체 일자리 계속 증가,간호학
33383,2,3,2,3,2,4,2,2,3,4,2,4,2,3,3,4,3,4,2,3,2,3,3,3,2,3,2,3,2,3,2,3,2,4,2,4,2,2,2,3,2,4,2,3,2,4,1,0,2,3,2,3,2,3,2,3,1,0,1,0,2,3,3,4,2,3,3,4,1,0,2,3,2,3,1,0,2,3,2,2,2,3,2,3,3,4,3,3,3,3,4,3,3,3,3,3,3,4,2,3,2,17,1,5,1,1,1,7,4,3,3,2,4,3,4,3,3,4,4,4,2,3,3,4,4,3,4,2,3,3,3,4,3,3,4,4,3,4,3,3,3,3,2,2,2,2,2,2,2,1,2,1,4,1,1,3,2,8,6,4,5,4,7,6,7,4,2,27,4,1,1,1,43,3300,2800,0,307401,의무기록사 의무기록 정리 관리 업무 환자 증가 무량 건강 관리 관심 노령화 시대 환자 증가,보건행정학
33384,2,3,2,3,2,3,3,4,3,4,3,4,4,4,3,4,2,3,4,5,4,5,3,4,3,4,3,4,3,4,4,5,3,3,2,2,2,3,4,5,3,5,4,5,4,5,3,5,2,1,3,4,4,5,4,5,4,6,4,5,2,3,4,5,4,5,4,6,4,5,4,5,4,5,3,4,3,5,3,4,4,6,4,5,4,5,4,5,3,3,2,3,2,3,3,4,3,2,3,2,2,4,1,1,1,2,0,3,4,3,4,4,4,5,4,3,3,4,3,3,3,4,3,4,3,3,3,3,4,3,3,3,4,3,3,3,3,3,3,4,4,4,2,2,2,2,2,2,2,2,2,1,3,3,3,3,2,5,6,6,6,7,7,5,6,7,1,44,2,1,1,1,30,4200,3200,0,811501,보일러시공기능사 업종 변화 생각,문과
33385,4,5,4,4,4,5,4,5,4,4,4,6,4,4,4,5,4,5,2,5,4,5,4,5,3,4,3,5,4,4,4,5,4,5,4,5,3,5,4,6,4,5,4,5,4,5,4,5,3,4,3,5,3,4,3,3,3,4,3,3,3,4,3,4,3,2,3,2,3,3,2,3,2,3,2,3,2,3,3,3,2,3,2,4,4,4,3,4,4,4,4,4,4,4,3,3,4,4,4,3,3,13,3,2,2,1,2,7,5,3,3,3,3,3,3,3,3,3,3,3,3,3,3,4,3,3,3,3,3,3,4,4,3,4,3,3,3,3,3,3,4,4,2,2,2,2,2,2,2,2,2,3,2,3,3,3,2,3,4,3,4,4,4,4,4,4,2,31,4,1,1,1,45,2400,2100,0,222001,법률 관련 사무재직자 연수 교육 경기 악화,법학
33386,5,5,5,6,5,4,5,5,3,5,4,5,2,5,3,4,3,4,3,5,3,4,3,4,4,5,3,5,4,4,4,5,4,4,4,4,4,5,5,5,4,5,1,0,3,3,3,4,1,0,3,4,1,0,2,4,3,4,1,0,4,4,1,0,2,3,2,4,1,0,1,0,3,4,3,4,2,4,4,4,1,0,3,5,3,4,3,3,4,5,1,4,4,3,5,4,3,3,4,5,4,15,2,2,2,1,2,7,2,4,4,4,4,4,4,4,4,5,5,5,1,5,5,5,5,4,5,1,5,3,2,4,5,4,4,5,5,5,5,4,5,4,2,2,2,2,2,2,2,2,2,1,4,3,3,3,2,8,7,8,3,6,4,6,2,6,1,44,4,1,1,1,40,3800,2300,0,25201,정성 성실 직업 특성 모든 국민 선호 직업,행정학
33387,4,5,5,5,2,4,3,3,4,5,2,4,1,0,2,2,1,0,1,0,1,0,1,0,1,0,2,3,2,3,3,4,3,4,1,0,1,0,5,6,4,4,2,3,3,3,4,4,3,3,3,4,1,0,1,0,1,0,1,0,2,3,1,0,1,0,1,0,1,0,1,0,1,0,1,0,1,0,1,0,1,0,1,0,1,0,1,0,2,4,2,2,3,2,3,4,3,3,3,4,3,19,3,2,1,2,0,7,5,4,3,2,4,4,4,4,4,4,4,4,4,2,2,4,3,3,2,3,3,3,3,4,4,4,2,3,4,4,4,4,3,2,2,2,2,2,2,2,2,2,2,1,1,2,2,2,1,7,7,5,5,3,3,6,6,6,1,30,4,1,2,2,40,2000,2000,0,231501,청소년 지도사 단체 수가,청소년학
33388,3,4,4,4,2,4,3,4,3,3,4,4,2,3,3,5,4,4,3,4,4,4,3,4,4,4,4,4,3,4,2,3,3,3,1,0,4,4,4,4,3,4,4,4,4,4,4,4,3,4,4,4,3,4,2,3,4,4,3,4,3,3,1,0,5,6,4,4,3,4,4,4,4,4,3,4,4,6,4,4,2,3,3,4,5,4,3,3,4,3,2,3,4,3,4,4,3,3,4,4,5,8,1,4,1,1,3,6,3,4,3,3,4,4,4,4,4,3,4,4,2,5,4,4,4,3,4,4,3,2,3,4,3,4,4,5,3,4,2,1,4,4,2,2,2,2,2,2,2,2,2,1,4,3,3,3,2,8,7,9,7,8,8,7,5,4,1,45,4,1,1,1,44,5000,4000,0,621201,해기사 항해사 안전교육 선박 수의 증가,항해학
33389,2,3,2,4,2,4,3,4,1,0,4,6,1,0,4,5,2,3,1,0,3,5,3,3,4,4,1,0,2,4,1,0,2,3,2,4,2,3,1,0,2,4,1,0,2,3,1,0,3,4,2,3,1,0,1,0,1,0,1,0,2,4,1,0,1,0,2,3,1,0,1,0,2,3,1,0,1,0,1,0,1,0,1,0,3,4,1,0,4,5,2,3,4,4,3,3,5,4,5,5,3,17,3,5,1,2,0,6,5,4,4,4,4,5,5,5,5,5,5,5,1,4,4,4,3,2,1,2,3,4,4,4,3,3,4,4,3,5,4,3,5,4,2,2,2,2,2,2,2,2,2,2,2,2,2,2,2,3,2,1,3,4,4,7,5,2,1,48,6,1,1,1,45,8000,3600,0,301109,전문의 자격증 발달,방사선
33390,1,0,1,0,1,0,1,0,4,5,2,2,1,0,1,0,2,2,1,0,1,0,1,0,1,0,1,0,1,0,1,0,1,0,1,0,1,0,1,0,3,4,1,0,2,2,1,0,2,2,1,0,2,2,2,2,2,2,1,0,2,2,2,2,2,2,1,0,1,0,1,0,2,2,1,0,1,0,1,0,1,0,1,0,2,2,2,2,4,3,3,2,2,3,3,2,2,2,1,2,3,13,1,2,1,2,0,7,4,3,3,3,4,3,3,3,4,4,4,4,3,3,3,2,3,4,3,3,4,3,3,2,3,2,4,2,3,3,3,3,2,2,2,2,2,2,2,2,2,2,2,1,3,3,3,3,1,2,3,3,2,3,3,2,8,7,1,35,4,1,1,1,40,3900,3200,0,153203,산업계측제어기술사 기계 대체 불가,제어계측공학
33391,2,2,3,4,2,2,2,2,2,2,1,0,2,1,3,3,3,4,2,2,1,0,2,3,2,3,3,4,2,3,2,3,1,0,2,1,1,0,3,4,3,3,3,4,3,3,1,0,2,3,1,0,1,0,1,0,1,0,1,0,2,2,2,2,2,2,1,0,2,2,2,2,1,0,2,2,2,2,2,2,2,3,2,1,2,1,2,1,3,2,3,2,3,2,3,3,3,3,3,2,3,18,1,1,2,2,0,7,2,4,3,3,4,3,3,3,9,4,9,4,3,4,3,2,3,4,3,2,4,3,5,3,4,3,3,4,3,4,3,3,4,3,2,2,2,2,2,2,2,2,2,2,4,2,2,3,2,6,6,5,4,5,5,5,6,6,2,34,2,1,1,1,48,2400,2400,0,524001,무인 시스템 가동,이과
33392,3,4,3,5,3,4,2,4,3,4,3,3,3,4,4,4,4,5,5,4,3,3,2,3,2,3,2,3,2,3,3,4,3,3,3,3,3,3,4,5,5,7,3,4,3,3,1,0,2,4,1,0,4,6,4,6,5,6,5,6,1,0,5,6,4,5,4,5,4,5,4,5,2,1,4,4,5,6,3,4,4,6,4,5,3,4,3,5,4,3,2,3,2,1,3,3,3,3,3,4,3,3,1,3,2,1,1,5,3,3,3,3,3,3,3,3,3,2,4,3,3,3,2,4,4,5,2,4,3,5,4,4,4,3,3,4,4,4,3,4,5,3,2,2,2,2,2,2,2,2,2,2,2,2,2,2,2,7,7,8,7,4,9,6,7,7,1,33,3,1,1,1,40,3200,2500,0,812201,안전교육 정비 임금 증가 분산,기계
33393,3,4,3,4,1,0,4,4,2,3,3,2,3,4,3,3,3,3,3,3,3,3,3,4,2,4,1,0,4,5,4,4,4,4,3,4,1,0,3,4,3,3,1,0,3,3,1,0,1,0,1,0,2,2,1,0,4,4,1,0,1,0,1,0,1,0,3,3,1,0,1,0,1,0,5,5,3,3,1,0,1,0,3,4,5,5,3,3,3,4,4,2,3,3,2,3,3,2,3,3,4,19,1,1,1,1,3,2,2,4,3,3,3,5,3,2,3,4,4,3,3,3,3,4,4,3,3,1,3,5,3,5,3,3,4,3,4,5,4,4,5,3,2,2,2,2,2,2,2,2,2,1,4,2,2,2,2,7,6,5,3,4,5,7,6,5,2,24,3,1,1,1,55,1300,1200,0,511302,네일관리사 자격증 고객응대 서비스 훈련 네일 대중화 점점 것이므,미용예술
33394,3,3,2,2,1,0,2,3,2,2,4,6,1,0,4,5,5,7,4,5,2,3,3,4,4,5,3,4,1,0,4,5,2,2,2,3,1,0,3,4,4,5,5,7,4,5,1,0,1,0,1,0,1,0,2,3,4,5,5,6,1,0,2,2,5,7,3,3,5,6,5,7,1,0,5,7,4,5,5,6,3,4,3,4,4,5,4,5,5,5,4,4,5,3,4,5,3,3,4,5,5,8,1,6,1,1,4,5,5,5,4,5,5,5,4,3,4,5,4,4,2,3,4,4,3,2,4,3,3,4,3,4,4,5,4,4,4,5,4,4,5,4,2,2,2,2,2,2,2,2,2,1,4,2,2,2,2,3,1,3,1,3,2,8,8,9,1,33,4,1,1,1,40,9800,6800,0,621101,항공기조종사자격증 비행 훈련 생활수준 향상 해외 이동 인구 증가,항공운항
33395,4,5,4,6,3,4,3,4,4,5,4,5,4,5,3,4,3,5,2,3,3,4,3,3,3,4,4,5,3,5,3,4,4,5,3,4,3,4,4,5,3,4,3,4,3,4,2,2,3,5,3,4,2,3,2,5,2,3,2,5,3,4,3,5,3,4,3,4,2,3,2,3,2,2,3,4,2,3,2,3,3,4,2,3,3,4,3,4,4,4,3,3,4,3,3,3,3,4,3,3,3,3,1,2,1,1,2,3,4,3,4,4,4,3,3,3,3,4,4,4,3,4,4,2,3,2,4,3,3,5,3,3,4,4,3,3,4,3,4,4,5,5,2,2,2,2,2,2,2,2,2,2,4,3,3,3,1,6,6,4,3,4,3,4,6,5,1,43,4,1,1,1,40,4700,2600,0,131201,정보기기운영기능사 통신망 관련 기술 교육 유선 무선 전환 인력 대체,산업공학
33396,2,2,2,2,1,0,2,2,3,3,3,3,2,2,2,2,3,2,3,3,2,2,1,0,2,2,3,3,2,2,1,0,1,0,2,2,2,2,3,3,2,2,3,3,2,2,2,2,2,2,2,2,3,3,3,3,3,4,3,3,3,3,3,3,3,3,3,3,2,2,3,3,2,2,3,3,1,0,3,3,2,2,2,2,2,2,1,0,4,4,3,3,4,3,3,4,3,3,4,3,3,6,1,2,1,1,3,3,5,3,3,4,4,4,4,4,3,3,3,3,3,4,3,3,4,3,4,4,3,3,3,3,4,4,3,3,3,4,4,3,3,3,1,1,1,2,2,2,2,2,2,2,4,2,2,2,1,6,6,5,5,6,6,5,5,6,1,42,4,1,1,1,48,4800,3000,0,153106,전기기사 실무 경험 기술 개발 산업,전기공학
33397,3,5,3,4,1,0,1,0,1,0,1,0,3,4,1,0,3,4,1,0,3,4,1,0,1,0,1,0,1,0,3,4,1,0,1,0,3,4,3,4,1,0,1,0,3,4,1,0,3,4,3,4,3,4,1,0,3,4,1,0,1,0,3,4,1,0,3,4,4,5,3,5,1,0,3,4,3,4,3,4,3,4,3,4,3,4,3,4,4,4,3,2,3,3,3,1,2,3,2,4,3,3,1,1,1,2,0,2,2,4,2,2,4,4,3,3,3,3,4,4,2,3,3,4,3,4,2,2,4,2,2,3,4,3,3,3,4,5,4,3,3,3,2,2,2,1,1,2,2,1,2,1,2,2,2,2,2,8,7,8,7,7,8,3,8,4,2,39,4,1,2,2,40,4000,2300,0,871101,제빵기능사 개발 경기 하락,식품가공
33398,2,2,3,4,2,2,3,4,2,2,3,4,2,2,3,4,2,2,2,2,3,4,2,2,4,6,2,2,3,4,2,2,2,2,3,4,2,2,2,2,3,4,4,6,3,4,3,4,2,2,2,2,3,4,3,4,2,2,1,0,3,4,3,4,3,4,3,4,3,4,2,2,4,6,4,6,3,4,2,2,3,4,4,6,4,6,3,4,5,4,4,3,2,2,4,3,2,3,2,4,3,3,1,2,2,2,0,7,1,3,1,1,3,3,2,4,9,9,4,4,2,3,3,4,4,4,2,1,4,2,3,3,4,2,2,2,4,5,4,3,4,3,2,2,2,1,2,1,2,1,2,2,1,2,2,2,2,3,7,4,7,4,7,4,7,4,1,40,2,1,1,1,48,3800,2300,0,864101,시스템 도입 변화 시스템 도입 생산 공이,공고
33399,2,3,2,3,1,0,3,4,4,5,3,3,1,0,3,3,2,3,2,3,2,3,3,3,3,3,2,2,3,4,2,3,4,5,2,2,3,3,2,3,2,2,2,4,4,4,2,2,2,3,2,3,1,0,1,0,2,3,1,0,2,3,1,0,1,0,2,2,2,2,2,2,2,2,1,0,2,2,2,2,4,6,2,3,4,4,3,3,4,2,4,5,4,3,4,3,4,3,4,4,4,8,1,2,2,2,0,3,4,3,3,3,3,3,3,4,3,3,4,3,4,3,5,4,5,4,3,4,3,2,4,4,4,3,5,4,4,4,4,3,3,3,2,2,2,2,2,2,2,2,2,2,3,3,2,3,2,6,7,6,5,6,4,6,7,5,1,57,3,1,1,1,40,5000,2500,0,28302,배송 대한 업무 절차 때문,기계공학
33400,4,4,4,4,2,4,3,2,2,3,3,4,1,0,2,4,2,4,1,0,2,4,3,3,3,5,2,4,2,4,3,5,2,4,4,4,1,0,4,4,3,3,4,4,2,5,2,4,4,4,3,3,3,3,4,4,3,5,2,4,3,5,3,4,4,4,4,6,4,6,4,5,4,4,4,5,1,0,2,4,1,0,2,4,4,4,4,4,5,5,4,5,5,3,4,3,3,4,3,4,4,10,1,4,1,2,0,5,5,5,4,4,5,4,4,5,4,4,5,4,1,4,3,4,3,4,2,2,4,5,5,4,3,5,5,5,4,3,3,3,4,3,2,2,2,1,2,1,2,2,2,3,2,2,2,3,1,8,7,6,5,7,5,7,8,7,1,46,4,1,1,1,40,4500,3300,0,134401,정보처리기능사 구조 조정 시스템 발달,컴퓨터학
33401,4,5,3,4,4,5,2,3,3,4,4,5,3,4,4,5,3,4,4,5,3,4,4,5,3,4,3,4,2,2,2,3,3,4,3,4,4,5,1,0,4,5,5,7,3,4,3,4,5,6,3,4,5,7,5,7,5,6,2,3,2,3,5,7,3,4,3,4,3,4,3,4,4,5,2,3,2,3,2,3,4,5,3,4,4,6,3,4,3,3,4,3,4,4,3,4,3,3,3,3,4,6,1,3,1,1,3,6,5,2,4,4,4,4,3,3,3,3,3,3,2,4,4,2,3,2,3,5,4,5,2,5,4,4,4,4,4,5,4,4,5,4,2,2,2,2,2,2,2,2,2,2,3,2,2,2,1,8,9,7,8,2,2,8,2,1,1,30,4,1,1,1,40,3900,3600,0,140205,건설기계산업기사 기술사 건설안전산업기사 기술사 건설재료시험기능사 산업기사 현장 실습 미래 지향 일자리,건축학
33402,4,4,4,4,4,4,4,4,4,4,4,4,4,4,3,3,4,4,4,4,4,4,4,4,4,4,4,4,4,4,4,4,4,4,4,4,4,4,4,4,4,4,4,4,4,4,4,4,3,3,4,4,4,4,4,4,4,4,4,4,4,4,4,4,4,4,4,4,4,4,4,4,4,4,4,4,4,4,4,4,4,4,4,4,4,4,4,4,3,4,3,4,4,4,4,4,3,4,3,4,3,11,1,2,2,2,0,6,5,4,4,4,4,4,4,4,3,4,4,4,2,4,4,4,3,4,3,4,4,3,4,4,3,4,5,4,3,4,3,4,4,5,2,2,2,2,2,2,2,2,2,2,3,3,3,3,2,7,3,5,3,5,4,6,3,7,1,58,2,1,1,1,40,10000,7800,0,12401,투자 국민,상고
33403,2,2,2,2,2,2,1,0,2,3,2,2,2,2,2,2,1,0,1,0,1,0,2,3,1,0,2,2,2,3,4,5,1,0,1,0,1,0,2,2,1,0,2,3,2,3,1,0,2,2,1,0,2,2,1,0,1,0,1,0,1,0,2,2,1,0,2,2,2,2,2,2,2,3,2,2,2,2,2,2,3,4,2,3,2,2,2,2,2,4,3,4,2,2,3,4,4,2,3,4,3,19,1,2,2,2,0,2,1,3,3,2,4,4,3,4,1,4,5,4,2,4,3,3,4,4,3,5,5,4,4,4,3,4,3,3,4,5,4,3,5,4,2,2,2,2,2,2,2,2,2,1,3,2,2,2,2,9,8,8,2,1,2,8,7,4,2,40,2,1,3,1,30,3500,2700,0,702501,수요 공급,이과
33404,2,2,3,4,3,4,3,4,5,6,5,6,4,5,4,5,4,5,4,6,4,5,3,5,4,5,3,5,1,0,2,2,2,2,3,3,1,0,2,2,4,5,3,4,1,0,1,0,1,0,1,0,4,6,4,6,4,5,5,6,4,5,4,5,5,6,3,5,4,5,4,4,3,4,4,5,5,5,1,0,1,0,1,0,2,2,2,2,4,4,3,4,4,3,4,4,3,4,4,4,4,3,1,4,1,2,0,1,5,4,3,4,4,5,4,3,2,3,4,3,4,3,4,3,4,3,4,2,4,3,2,4,3,4,3,4,4,3,4,4,4,2,2,2,2,2,2,2,2,2,2,2,5,1,1,3,1,6,5,4,5,4,4,6,4,4,1,39,4,1,1,1,40,5000,4000,0,151201,항공정비사 대면 강조 더욱,전자공학
33405,4,4,4,4,2,4,3,4,1,0,2,5,3,3,1,0,2,3,1,0,2,3,1,0,1,0,4,5,4,3,4,5,3,4,4,4,2,1,3,4,3,3,2,3,3,4,2,4,3,3,4,5,1,0,1,0,1,0,1,0,2,2,1,0,2,2,1,0,1,0,1,0,3,4,1,0,2,3,2,3,2,2,2,2,3,3,2,3,4,2,2,3,4,4,3,5,3,3,4,3,2,3,1,5,1,1,2,2,5,4,4,3,3,5,4,4,4,3,3,4,2,3,3,3,2,3,2,3,3,5,3,4,3,3,4,4,3,4,4,3,3,4,2,2,2,2,2,2,2,2,2,2,4,2,2,2,1,6,7,5,6,4,4,9,5,4,1,53,4,1,1,1,40,8200,5000,0,12301,기술지도사 경영지원관리 훈련 광고 영역 계속 증가 때문,정보미디어
33406,2,4,3,2,1,0,1,0,2,3,3,3,1,0,2,2,2,3,2,3,1,0,2,3,3,2,3,3,2,1,1,0,2,1,1,0,1,0,3,2,4,3,2,2,3,2,4,2,4,2,1,0,3,2,4,2,3,2,3,2,1,0,3,2,2,2,4,3,2,2,4,4,2,2,1,0,5,4,2,3,1,0,2,1,3,2,3,4,2,4,3,2,2,4,3,3,2,2,2,1,3,4,1,4,1,2,0,3,4,3,5,4,2,4,3,3,4,4,5,3,4,2,3,4,3,5,4,4,3,3,4,4,5,3,4,4,5,3,4,4,3,5,2,2,2,2,2,2,2,2,2,1,4,3,3,3,2,7,8,5,6,7,7,4,3,7,1,33,4,1,1,1,40,4800,4800,0,851101,산업기사 산업 발달 석유화학 분야 진출 다양,화학공학
33407,4,5,3,4,3,3,3,4,3,5,3,4,3,4,4,5,3,4,1,0,2,3,2,3,3,4,1,0,2,3,3,4,2,3,2,3,3,4,4,5,3,4,2,3,2,3,2,3,3,4,2,3,2,2,2,2,2,3,2,3,3,4,2,3,2,2,3,3,3,4,2,3,2,3,3,4,3,3,3,3,2,3,2,2,3,4,2,3,4,3,4,4,3,4,3,3,3,3,4,4,3,3,3,3,2,2,0,3,2,4,3,3,4,4,3,4,4,4,3,4,3,4,4,4,3,3,4,3,4,3,3,3,3,4,4,3,3,4,4,3,4,4,1,2,2,2,1,2,2,2,2,1,4,1,1,1,1,4,6,4,3,4,4,5,4,4,1,34,4,1,1,1,40,4600,3000,0,131201,시청 방향성 확대 실시간 의사소통 셋톱박스 하이브리드 셋톱박스 기술 확대 업무 방송 확대 수요 증가 성장 가능성,전산공학
33408,2,2,2,2,1,0,2,3,3,4,3,4,1,0,3,3,3,3,1,0,2,3,1,0,1,0,1,0,1,0,1,0,1,0,1,0,1,0,1,0,2,2,1,0,2,3,1,0,1,0,1,0,3,2,2,3,2,3,3,3,1,0,1,0,2,2,1,0,3,3,3,4,1,0,1,0,1,0,1,0,1,0,1,0,2,2,1,0,4,3,2,3,4,2,3,4,3,3,4,3,4,4,2,2,1,2,0,6,3,3,3,3,4,4,3,3,3,3,4,3,2,4,3,4,4,3,4,1,2,3,3,5,4,4,4,4,3,4,3,3,5,4,2,2,2,2,2,2,2,2,2,1,3,3,3,3,2,7,7,7,4,4,5,5,4,4,1,45,4,1,1,1,40,5000,3800,0,153105,산업기사 자격증 변화,전기공학
33409,3,4,3,3,2,3,3,3,3,3,3,4,2,3,4,4,3,4,3,4,4,3,4,4,4,5,4,4,4,4,3,4,3,4,3,4,4,4,4,4,4,5,3,3,3,3,2,3,2,2,3,3,4,4,3,4,4,4,3,4,1,0,4,4,4,3,3,3,4,4,4,4,3,3,3,3,3,3,3,4,4,4,3,4,3,4,3,3,5,5,1,2,4,2,3,2,4,5,4,4,3,3,1,2,2,2,0,3,2,3,4,3,3,4,4,2,3,3,3,3,4,2,2,5,3,1,3,5,2,4,4,4,2,3,3,4,4,4,4,2,3,3,2,2,2,2,2,2,2,2,2,2,4,2,2,3,2,4,7,7,5,7,6,7,8,5,1,31,2,1,1,1,44,2760,2200,0,817201,자동화 사람 계속 증가,기계
33410,2,2,4,3,2,2,2,2,2,2,4,5,2,2,3,2,4,4,4,4,2,2,4,4,2,2,1,0,4,4,5,4,1,0,1,0,3,2,5,6,4,5,4,4,3,4,3,3,4,5,2,2,1,0,1,0,1,0,1,0,1,0,1,0,1,0,1,0,1,0,1,0,1,0,1,0,2,2,1,0,3,3,4,5,2,2,3,3,3,4,1,3,3,1,2,2,3,3,2,2,4,14,1,3,2,2,0,2,1,3,3,3,2,2,2,3,1,1,2,2,4,1,2,5,4,3,1,4,3,5,2,4,4,3,4,2,2,4,4,2,4,3,2,2,2,2,2,2,2,2,2,1,1,2,2,2,2,5,6,7,8,8,8,6,3,6,2,45,3,1,3,2,30,2400,1700,0,512201,스몰 식이 유행,유아교육과
33411,5,6,5,7,5,6,5,7,5,6,5,7,4,5,4,6,5,7,4,5,4,5,4,6,4,5,4,4,5,6,5,6,4,6,4,6,4,5,3,5,4,6,5,7,4,5,3,4,3,4,4,6,3,4,2,2,1,0,1,0,2,2,2,2,2,3,1,0,1,0,1,0,4,6,1,0,1,0,1,0,1,0,1,0,3,3,3,3,4,4,3,3,4,4,4,4,4,4,4,4,4,15,2,4,2,2,0,6,5,4,4,4,4,4,2,4,4,4,4,4,2,4,4,4,4,4,4,2,3,3,4,4,4,4,4,4,4,4,4,2,3,4,2,2,2,2,2,2,2,2,2,1,4,1,1,3,2,7,7,3,3,3,4,7,7,7,1,63,5,1,3,1,52,9000,8500,0,11102,공작 기능 직업,경제학
33412,2,3,3,3,1,0,2,3,3,3,1,0,2,2,3,4,2,2,3,3,2,3,3,3,3,4,3,3,2,2,3,3,3,3,1,0,3,4,2,3,3,3,2,3,3,3,2,3,2,2,2,3,3,3,2,3,3,4,3,3,4,4,3,3,3,4,3,5,4,5,4,6,3,4,3,4,3,4,3,3,3,3,2,3,3,4,2,3,4,3,4,3,4,2,4,3,4,3,4,4,4,3,1,2,1,1,1,2,2,4,3,3,3,4,3,3,2,3,4,3,3,2,3,3,3,4,4,2,3,3,2,4,2,3,4,4,4,4,3,3,4,4,2,2,2,2,2,2,2,2,2,3,2,3,3,3,2,6,5,5,4,5,4,6,4,5,1,42,3,1,1,1,40,3000,2400,0,836001,전기산업기사 전자산업기사 사내 조직도 주제표 내용 파악 수요 증가 자동화 기술 시스템 감소,전기학
33413,2,2,4,4,2,2,3,4,3,3,3,4,1,0,3,4,4,3,3,4,2,3,3,3,3,3,2,2,2,3,1,0,1,0,1,0,2,3,1,0,3,3,2,3,1,0,1,0,3,3,2,3,3,4,3,4,4,5,3,4,1,0,3,4,3,4,4,5,3,4,1,0,1,0,5,5,4,5,3,4,3,4,4,5,3,3,2,3,1,2,2,1,1,2,2,3,1,2,1,2,4,6,4,1,2,2,0,3,3,3,2,1,4,2,1,2,3,3,4,3,4,2,2,4,4,5,4,5,2,2,2,5,3,4,4,5,4,5,4,3,5,4,2,2,2,2,2,2,2,2,2,1,2,3,2,2,2,6,8,7,8,7,3,7,8,3,1,60,2,1,4,2,45,3800,2800,0,701701,선호 직업,공고
33414,4,4,3,3,3,3,3,3,2,3,4,3,3,4,4,4,4,4,4,4,3,3,4,3,4,3,3,4,2,3,4,4,3,4,3,3,3,4,4,4,3,3,3,4,3,3,2,4,3,4,4,3,3,3,4,2,3,3,2,3,4,2,2,3,2,3,3,3,3,4,3,3,2,3,3,3,3,3,5,5,4,6,3,3,3,4,3,4,3,4,3,2,2,1,3,4,1,3,2,3,3,3,1,3,2,1,1,1,1,2,1,1,3,3,3,3,3,3,4,4,1,4,4,5,5,5,4,1,4,4,1,4,4,4,4,4,5,5,4,4,4,5,2,2,2,2,2,2,2,2,2,1,3,2,2,2,1,7,2,5,5,6,3,2,9,4,1,58,2,1,1,1,45,2800,2200,0,16301,안전교육 노동부 기계 대체 불가,기계
33415,1,0,1,0,1,0,1,0,3,5,3,5,1,0,1,0,1,0,1,0,1,0,1,0,1,0,1,0,1,0,1,0,1,0,1,0,1,0,1,0,4,4,1,0,1,0,1,0,1,0,1,0,3,5,3,5,3,5,3,5,1,0,4,5,3,5,3,5,3,5,3,4,1,0,1,0,1,0,1,0,1,0,1,0,1,0,1,0,3,4,4,3,4,2,4,4,3,4,3,2,3,4,2,4,1,2,0,7,5,3,4,3,4,4,4,4,4,4,4,4,2,4,4,4,3,3,3,4,3,4,3,4,3,3,3,4,4,4,3,3,5,3,2,2,2,2,2,2,2,2,2,2,3,3,3,3,1,6,4,4,3,3,4,7,3,4,1,29,4,1,1,1,52,3800,3000,0,153103,열관리기사 전기기사 기계 자동화 부분 때문,전기공학
33416,1,0,1,0,1,0,1,0,1,0,1,0,1,0,1,0,1,0,1,0,1,0,1,0,2,3,2,3,1,0,1,0,1,0,1,0,1,0,1,0,1,0,2,3,1,0,1,0,1,0,1,0,2,3,2,3,3,4,2,3,1,0,1,0,3,5,2,3,2,3,2,3,1,0,1,0,1,0,1,0,4,5,1,0,1,0,1,0,4,3,3,3,3,3,3,3,2,2,3,2,3,3,1,2,2,2,0,7,2,2,3,3,3,3,3,4,3,3,3,4,3,4,4,4,3,2,4,3,4,3,3,4,3,3,4,4,3,5,3,2,3,4,2,2,2,2,2,2,2,2,2,1,2,2,2,2,1,7,8,7,3,4,4,7,3,4,2,53,2,1,1,1,45,3500,2000,0,861301,경기 악화 문제,이과
33417,1,0,3,4,1,0,3,4,1,0,1,0,1,0,1,0,3,4,1,0,1,0,1,0,1,0,1,0,2,3,2,3,1,0,2,2,1,0,3,4,1,0,2,2,1,0,1,0,1,0,1,0,1,0,1,0,1,0,1,0,1,0,1,0,1,0,1,0,1,0,1,0,1,0,1,0,1,0,1,0,1,0,1,0,3,4,3,3,4,3,3,2,2,4,1,1,2,1,1,1,2,18,1,2,2,1,3,4,2,4,3,4,4,3,3,3,2,3,4,3,2,4,4,4,3,3,3,4,3,5,2,5,5,4,5,3,3,3,3,4,5,4,2,2,2,2,2,2,2,2,2,1,4,2,2,2,2,8,6,9,4,9,9,5,6,6,2,22,3,1,1,1,25,2000,1200,0,416202,런웨이교육 자세교정 연기훈련 마케팅 활용 모델 이용도,모델학
33418,5,6,5,6,4,5,4,5,4,6,4,5,3,5,4,5,4,5,4,5,4,6,4,6,4,6,3,4,3,4,4,5,3,5,4,6,2,3,1,0,3,4,4,5,3,5,4,5,2,3,2,4,1,0,1,0,1,0,1,0,3,5,2,4,1,0,1,0,1,0,1,0,3,5,1,0,1,0,2,3,3,4,2,3,4,5,2,4,4,5,4,4,4,4,4,5,4,4,4,5,4,17,1,5,1,2,0,5,4,4,4,4,4,5,4,4,4,4,4,4,4,4,4,4,4,3,3,2,3,4,5,5,4,3,3,3,4,4,4,3,4,4,1,2,2,2,2,2,2,2,2,2,3,2,2,2,1,3,3,3,5,5,5,6,5,6,1,40,4,1,1,1,48,4600,3000,0,612201,비즈니스영어회화 효소 이용 대체 기술 개발 미국 수출 증가 유럽 식품 소재 수출 증대,경제학
33419,2,2,4,4,2,2,3,3,1,0,1,0,3,3,1,0,2,2,1,0,1,0,1,0,3,3,2,2,4,3,2,3,1,0,1,0,1,0,4,4,1,0,1,0,3,4,1,0,1,0,1,0,2,3,1,0,2,2,1,0,1,0,1,0,1,0,1,0,1,0,1,0,1,0,4,3,1,0,1,0,1,0,1,0,2,2,1,0,3,3,4,2,3,2,3,2,3,3,3,2,2,19,1,2,1,1,4,2,2,3,3,2,4,4,4,3,3,3,3,3,3,3,2,4,2,4,2,3,2,4,3,3,3,2,2,3,2,4,2,3,4,4,2,2,2,2,2,2,2,2,2,1,3,3,2,3,2,7,8,8,6,6,5,4,4,4,2,45,2,1,1,1,50,3500,2500,0,511402,메이크업 실무 교육 지금,이과
33420,2,2,4,4,2,2,4,5,2,2,3,2,3,2,2,2,3,4,3,4,3,4,4,6,4,5,3,3,4,4,3,4,3,3,2,2,4,5,4,6,3,4,2,2,3,4,1,0,1,0,1,0,4,4,1,0,2,2,1,0,1,0,1,0,1,0,2,2,1,0,1,0,1,0,1,0,5,5,1,0,4,4,4,5,3,4,3,4,4,5,3,2,3,2,2,2,3,4,4,3,3,18,1,2,1,1,1,7,2,3,3,3,3,5,3,2,3,4,4,3,2,4,5,5,4,4,5,3,3,3,2,4,3,4,4,4,5,3,4,4,5,4,2,2,2,2,2,2,2,2,2,1,3,3,2,2,2,5,6,6,5,6,3,6,4,4,1,32,4,1,1,1,48,2900,2400,0,420401,생활스포츠 지도사 2급 라이프가드 자격증 지구력과 무한체력훈련 현장실습 건강 여가 대한 관심 증가,체육학
33421,1,0,1,0,1,0,1,0,1,0,1,0,1,0,2,3,2,3,1,0,1,0,1,0,2,3,1,0,1,0,1,0,1,0,1,0,1,0,1,0,1,0,1,0,1,0,1,0,1,0,1,0,1,0,1,0,1,0,2,3,1,0,1,0,4,5,3,4,2,3,2,3,1,0,3,4,3,4,1,0,3,4,2,3,3,4,2,3,3,2,3,3,3,2,3,3,3,2,2,2,3,3,1,2,1,2,0,7,2,3,2,2,4,4,3,3,3,4,4,4,2,3,3,4,3,3,3,3,3,3,3,4,2,3,3,3,3,4,3,3,3,4,2,2,2,2,2,2,2,2,2,2,2,2,2,3,1,6,6,7,3,6,6,7,6,3,2,32,4,1,1,1,40,2715,2500,0,861201,염색기능사 생산 시설 자동화,미디어학
33422,4,4,4,5,5,5,5,5,4,4,5,5,5,5,4,4,4,4,5,4,1,0,3,4,3,4,3,4,4,4,4,5,4,5,5,5,3,4,4,4,2,2,4,5,3,4,3,3,3,4,3,4,3,4,3,4,4,4,1,0,2,4,3,4,2,3,2,3,1,0,1,0,1,0,3,4,3,4,1,0,4,5,1,0,4,5,1,0,5,4,4,4,5,3,4,4,3,5,4,3,4,5,1,2,1,1,1,5,5,4,3,3,4,4,3,4,4,4,5,4,3,4,3,4,4,4,4,4,3,5,4,4,4,5,5,4,5,4,4,2,4,3,2,2,2,2,2,2,2,2,2,2,4,3,2,3,2,6,6,6,7,6,6,6,6,7,1,32,3,1,1,1,40,2400,2400,0,155303,폐기물처리기사 대기환경기사 품질관리교육 물질순환교육 환경 보존 대한 관심 증가,환경공학
33423,3,4,4,5,4,5,3,4,1,0,3,4,2,2,3,4,3,4,4,5,3,4,4,5,3,4,4,5,3,4,4,5,3,4,3,4,4,5,3,4,4,5,4,5,3,4,4,5,3,4,3,4,4,5,3,4,4,5,3,4,1,0,3,4,4,5,4,5,4,6,4,5,3,4,1,0,4,5,3,4,2,2,2,2,3,4,3,4,4,2,2,4,4,2,4,3,4,4,3,3,4,3,1,6,1,1,1,2,5,4,3,3,4,4,3,4,4,3,4,4,2,3,3,4,4,3,3,4,3,4,4,4,4,3,4,3,3,4,3,3,4,2,2,2,2,2,2,2,2,1,2,2,3,3,3,3,2,4,4,4,3,3,2,3,3,4,1,46,4,1,1,1,40,8000,4300,0,11201,일반기계기사 자격증 기계 교육 훈련 업무 스트레스 기업체 업무,기계공학
33424,2,4,2,4,1,0,3,4,1,0,2,5,2,3,3,2,2,2,3,5,2,3,1,0,5,6,4,4,5,6,5,6,4,5,4,3,4,4,3,4,5,7,4,4,4,5,2,4,4,4,5,6,4,3,1,0,3,2,2,3,2,3,1,0,3,2,3,2,3,4,3,3,2,3,2,3,4,5,5,4,5,6,5,5,4,3,4,5,5,5,2,2,4,1,4,3,2,2,4,5,2,15,2,6,2,1,2,7,2,5,3,3,4,3,2,4,2,3,4,4,4,2,3,3,4,2,3,2,3,4,4,4,4,4,3,4,4,4,4,3,4,4,2,2,2,2,2,2,2,2,2,2,2,2,2,3,1,8,8,8,5,5,5,2,8,9,1,29,4,1,3,1,50,3400,2400,0,250201,기초군사훈련 인공 지능 로봇 대체 수도,행정학
33425,3,4,4,6,3,4,5,6,4,6,4,5,4,5,3,4,4,5,4,5,3,4,3,4,3,4,3,4,4,5,4,5,4,5,3,4,1,0,3,4,4,5,3,4,1,0,1,0,1,0,1,0,4,5,5,6,4,6,4,5,5,5,2,2,3,4,3,4,1,0,1,0,3,4,1,0,1,0,1,0,1,0,1,0,4,5,1,0,5,4,4,4,5,4,4,2,2,5,4,3,3,13,1,2,2,2,0,7,5,5,5,4,4,4,3,3,3,3,4,4,2,4,4,4,2,2,3,4,4,5,4,4,5,4,5,4,4,5,4,3,4,4,2,2,2,2,2,2,2,2,2,1,3,2,3,2,2,3,2,1,2,8,8,9,7,2,1,30,4,1,1,1,40,3300,3100,0,415504,변화,산업디자인
33426,4,5,4,5,3,5,4,5,3,5,4,5,1,0,4,5,4,5,4,5,3,5,4,5,4,5,4,5,4,5,4,5,3,5,4,5,4,5,4,5,4,5,4,5,4,5,1,0,1,0,4,5,4,5,1,0,4,5,4,5,3,4,4,5,4,4,4,5,5,5,5,5,1,0,4,5,4,4,4,4,3,4,3,4,5,4,5,5,4,3,3,4,4,3,4,3,4,4,4,4,4,8,2,4,1,1,2,2,3,4,4,4,4,4,4,4,3,4,4,4,2,4,4,4,3,3,3,2,4,3,4,4,4,4,3,3,4,4,4,4,4,4,2,2,2,2,2,2,2,2,2,2,3,3,3,3,2,7,7,8,8,8,8,6,6,6,1,40,4,1,1,1,40,7200,3500,0,621301,산업안전기사 철도교통안전관리자 철도차량운전면허 전기기사 안전교육 철도 이용 것이므,전기
33427,5,5,5,5,4,5,5,5,3,4,4,4,3,4,3,4,3,3,4,5,3,4,3,4,5,5,4,4,3,4,3,4,3,4,3,4,3,3,2,3,3,4,4,4,3,4,4,5,4,4,3,4,3,4,3,4,3,3,3,5,4,5,4,5,3,4,3,4,4,5,3,4,5,5,3,4,2,3,3,3,3,3,2,3,2,3,3,4,4,3,4,3,4,4,4,3,3,3,4,4,3,11,1,2,1,1,2,6,5,4,4,3,4,3,4,4,3,3,4,4,4,3,3,3,4,4,4,3,3,4,5,3,3,3,4,4,3,4,3,3,4,4,2,2,2,2,2,2,2,2,2,1,4,3,2,3,2,8,8,8,3,2,3,5,4,5,1,45,4,1,1,1,46,3900,3000,0,420402,스포츠 지도자 근육단련위한 규칙적인 운동 부상예방을 위한 안전교육 일반인 재활 병원 수요,체육교육
33428,3,2,3,3,3,3,4,4,3,3,3,2,4,4,3,4,3,3,3,3,2,3,2,3,3,3,2,2,3,2,4,3,3,2,3,2,4,3,4,3,3,2,3,2,2,2,2,2,3,2,4,2,3,2,4,4,2,3,2,3,2,2,4,3,3,2,3,4,3,3,3,2,3,3,3,2,3,3,3,4,3,4,4,5,3,3,4,3,4,3,4,4,3,4,4,4,3,4,3,4,4,6,1,2,2,2,0,3,2,4,4,3,4,3,3,4,4,5,4,4,4,3,4,2,3,4,3,4,3,4,4,4,4,4,4,4,4,4,4,3,4,3,2,2,2,2,2,2,2,2,2,1,3,2,2,2,2,6,5,5,5,5,5,6,6,5,1,34,2,1,1,1,45,3600,2000,0,701201,대체,전기
33429,2,3,3,3,2,3,3,3,1,0,1,0,1,0,3,3,3,3,2,2,1,0,2,3,3,4,1,0,2,3,3,3,1,0,2,2,2,2,3,3,2,2,3,4,3,3,1,0,1,0,1,0,1,0,1,0,3,4,1,0,1,0,1,0,3,3,3,4,4,4,4,5,1,0,4,4,4,5,4,5,2,3,3,3,5,4,3,3,3,3,1,2,3,2,3,3,3,2,2,4,3,3,1,6,1,2,0,5,2,3,3,2,3,3,2,2,2,3,2,2,3,3,3,4,4,3,2,4,2,5,3,4,4,3,4,3,3,4,4,2,3,4,2,2,2,2,2,2,2,2,2,2,2,3,3,3,2,6,6,9,5,9,9,9,2,4,1,31,3,1,1,1,42,4000,3000,0,851101,화공기사 시설 정의 자동화,화공
33430,2,2,2,2,2,1,2,2,1,0,1,0,1,0,2,3,3,2,2,2,1,0,1,0,2,2,1,0,2,1,2,2,2,2,2,2,1,0,2,2,2,1,2,2,3,2,3,3,2,3,3,2,2,2,1,0,2,2,2,2,1,0,2,2,2,1,2,1,3,2,3,2,1,0,4,5,5,5,2,2,4,5,4,6,3,2,2,2,3,4,3,3,3,1,3,2,2,2,2,2,3,20,4,1,2,2,0,1,1,3,2,2,4,3,2,3,3,4,4,3,3,2,3,3,4,3,3,2,5,5,3,4,3,3,3,3,4,4,3,4,5,4,2,2,2,2,2,2,2,2,2,2,2,3,3,3,2,6,5,8,5,8,9,7,4,3,2,66,1,2,7,2,50,0,0,2500,901301,농사 사람 갈수록,0
33431,3,5,5,5,3,4,5,6,1,0,3,4,3,5,2,4,4,5,3,4,2,4,4,4,5,6,2,4,4,5,4,4,1,0,1,0,4,4,3,4,3,4,1,0,5,6,1,0,4,6,5,4,1,0,1,0,5,5,1,0,1,0,1,0,1,0,1,0,1,0,1,0,1,0,1,0,1,0,1,0,1,0,1,0,1,0,5,5,4,4,4,3,4,4,3,3,4,3,4,4,3,13,1,2,2,1,3,7,4,4,5,4,2,4,3,4,9,9,4,4,2,4,4,4,3,4,4,3,4,4,4,3,4,4,4,4,5,4,4,3,5,3,2,2,2,2,2,2,2,2,2,1,3,2,2,3,1,2,1,5,2,2,5,8,2,2,2,40,4,1,1,1,48,5800,2600,0,411202,현장감각 터득 통역 기기 어플,영문학
33432,3,4,4,4,3,4,3,4,3,4,4,4,4,4,4,4,4,4,4,5,4,5,3,4,4,4,4,4,4,4,4,5,4,4,4,4,4,4,3,4,4,4,4,4,4,5,4,4,4,4,4,5,4,5,4,5,5,5,5,5,4,5,4,5,5,5,5,5,5,5,5,5,4,5,3,4,4,4,4,4,5,5,4,4,4,5,4,4,4,3,3,2,2,2,4,3,3,2,2,2,3,3,1,2,2,2,0,3,2,3,2,2,4,4,2,3,3,3,4,3,3,4,3,3,4,4,3,4,3,3,4,4,2,2,3,3,3,4,3,3,4,4,2,2,2,2,2,2,2,2,2,2,3,3,3,3,2,7,4,6,5,6,5,7,5,5,1,46,2,1,1,1,40,4200,2400,0,826301,수요 공급 감소,이과
33433,4,5,4,5,2,2,4,5,3,4,3,3,5,6,3,4,2,3,4,5,4,4,3,4,4,5,3,4,4,5,3,4,3,5,4,5,2,3,3,3,4,5,4,4,3,4,2,2,2,3,3,3,3,3,3,3,3,4,3,3,2,4,3,3,3,3,3,4,2,2,2,2,4,5,3,4,4,4,3,4,2,2,2,2,3,4,2,2,4,4,5,4,4,5,4,4,4,5,4,4,3,18,1,5,2,2,0,2,4,4,3,4,2,4,3,4,4,3,3,4,4,3,4,3,3,2,3,3,2,3,3,4,5,5,4,3,4,4,3,3,3,2,2,2,2,2,2,2,2,2,2,1,2,1,2,2,1,7,4,4,5,5,4,6,4,5,1,39,4,1,3,2,40,4600,3000,0,416104,경기 직종 코로나 영향,영화미디어학
33434,5,7,4,6,3,5,5,6,4,6,4,5,3,4,4,6,4,5,4,5,4,5,4,5,4,5,4,5,5,6,4,6,4,6,2,4,4,6,4,6,2,4,4,4,4,5,4,5,4,5,1,0,1,0,1,0,3,4,1,0,3,4,1,0,1,0,2,2,1,0,1,0,1,0,1,0,1,0,1,0,1,0,2,2,4,4,4,3,5,3,4,3,3,3,2,4,3,5,3,2,5,11,4,3,1,1,2,4,2,3,3,3,3,3,3,3,2,4,5,3,4,2,2,4,4,4,3,3,4,5,2,4,3,3,4,4,3,5,2,4,5,4,2,2,2,2,2,2,2,2,2,2,2,2,2,2,1,8,7,7,8,8,9,9,8,7,2,41,4,2,6,1,40,0,0,4000,33201,보험중개원 보험상품 교육 온라인 비대 상품 가입 증가,가정학
33435,4,4,4,3,2,2,4,5,4,5,4,5,4,4,4,5,4,5,4,4,4,5,4,5,4,4,4,5,4,4,4,5,4,4,4,4,4,4,4,4,4,4,4,4,4,4,4,4,4,5,4,5,4,5,4,5,4,6,4,6,4,5,4,5,4,5,4,5,4,6,4,5,4,5,4,4,4,4,4,5,4,5,4,5,4,4,4,5,4,3,3,4,4,2,3,4,2,4,4,3,3,6,1,5,1,2,0,6,4,2,2,1,3,4,4,3,3,3,4,3,3,4,4,3,3,4,4,4,3,3,4,4,4,4,4,5,4,4,4,4,5,3,1,1,1,1,1,1,1,1,1,2,3,2,2,2,1,7,7,8,7,8,7,4,3,5,1,46,4,1,3,1,40,3700,2300,0,140306,토목산업기사 기술 변동,토목공학
33436,3,4,3,3,2,2,3,3,4,5,2,3,3,3,4,4,4,5,2,2,2,2,2,3,3,4,2,1,2,3,3,3,2,3,3,4,2,3,4,5,3,4,4,4,4,5,3,3,2,2,3,2,3,3,4,5,3,4,3,3,1,0,3,3,2,2,2,3,2,2,2,2,1,0,4,5,1,0,2,2,3,4,3,3,5,5,3,3,5,4,4,3,3,2,3,3,2,3,4,2,2,7,1,1,2,2,0,5,1,3,4,3,3,3,3,3,3,4,3,4,2,4,4,3,3,4,4,3,3,3,3,4,5,5,4,4,4,5,4,3,4,4,2,2,2,2,2,2,2,2,2,2,2,2,2,3,2,7,7,8,5,5,5,8,6,3,1,30,2,1,1,1,48,2300,2200,0,863201,맞춤 양장 양복 수요,인문계
33437,2,3,1,0,1,0,1,0,4,5,2,3,3,3,4,5,3,5,1,0,2,2,1,0,4,4,2,3,1,0,1,0,1,0,1,0,2,3,1,0,3,3,1,0,2,2,1,0,2,2,2,3,1,0,3,5,4,4,4,3,1,0,3,4,3,4,3,5,4,4,3,3,1,0,5,4,3,3,2,2,3,6,1,0,3,3,1,0,4,4,3,3,4,2,3,3,3,3,3,4,3,3,1,2,2,2,0,2,2,3,4,3,4,3,4,3,3,2,4,3,3,2,3,3,3,2,3,2,3,3,2,4,3,3,4,3,3,4,4,3,3,3,2,2,2,2,2,2,2,2,2,2,2,2,2,3,2,7,7,3,4,3,4,6,3,4,1,34,2,1,3,2,40,3000,2600,0,883201,국내 인건비 부담 감소,기계
33438,3,4,2,3,2,2,3,4,2,2,3,4,2,3,2,2,3,3,4,5,3,4,2,3,2,3,2,2,3,4,2,2,3,4,2,3,3,4,2,2,3,3,3,4,2,2,3,3,2,3,4,4,3,3,3,4,2,3,2,3,3,4,2,2,2,3,2,3,2,2,3,4,3,3,3,5,2,2,2,3,3,4,2,3,2,4,2,2,3,3,4,3,3,2,3,3,3,2,2,3,2,3,1,2,1,1,1,1,4,4,4,3,4,4,3,3,9,4,4,3,3,4,3,3,3,4,4,3,5,3,4,4,4,3,4,4,3,3,4,3,4,3,2,2,2,2,2,2,2,2,2,2,2,2,2,2,2,7,3,4,5,4,8,6,6,4,1,30,2,1,1,1,40,2900,2800,0,884201,귀금속가공기능사 귀금속 보석가공 실무 교육 임금 청년 일자리 기피,인문계
33439,4,5,4,5,3,5,2,3,4,4,4,5,1,0,4,4,3,4,2,2,3,4,2,3,3,3,1,0,2,3,3,4,2,3,3,3,1,0,3,3,4,4,2,3,3,3,3,3,3,3,1,0,2,4,1,0,4,4,2,3,4,5,1,0,3,4,3,4,3,3,3,4,1,0,1,0,3,4,1,0,1,0,2,3,4,4,3,3,4,3,2,4,4,2,3,4,3,4,2,3,2,13,2,3,1,2,0,7,5,4,3,3,4,4,4,4,3,4,4,4,1,4,5,4,5,3,4,3,2,3,3,4,4,3,4,4,2,5,4,3,5,4,2,2,2,2,2,2,2,2,2,2,3,3,3,3,2,6,5,3,1,3,4,4,2,4,2,28,5,1,1,1,40,2800,2600,0,155306,토양환경기사 환경 문제 관리 대상,화학공학
33440,4,5,4,5,4,4,4,5,1,0,3,5,1,0,3,4,2,3,1,0,2,3,3,3,1,0,3,4,3,3,3,3,2,2,1,0,1,0,3,3,2,4,4,4,2,3,3,3,3,4,4,4,1,0,1,0,3,4,1,0,2,3,1,0,1,0,3,4,3,3,2,4,1,0,3,5,1,0,3,3,2,4,3,2,4,3,2,4,4,3,4,4,5,3,5,3,3,4,5,5,4,17,1,1,1,1,6,6,6,4,4,4,4,3,3,4,9,9,9,4,4,4,4,4,4,3,4,4,3,4,4,4,4,5,4,4,4,4,4,5,4,2,2,2,2,2,2,2,2,2,2,2,4,3,3,3,2,3,6,5,7,7,4,3,4,6,1,66,4,2,5,1,40,0,0,8500,301106,의사 면허 안과 인턴 레지던트 과정 건강 대한 의식 수준 향상,의학
33441,4,6,4,6,3,3,4,5,3,4,3,4,2,2,3,5,3,5,2,3,2,3,4,4,4,6,4,6,5,6,3,4,4,6,3,4,3,5,3,4,3,5,1,0,2,3,2,3,2,3,3,4,1,0,1,0,1,0,1,0,4,5,2,3,2,2,1,0,2,2,1,0,1,0,2,2,2,2,2,2,2,2,2,2,3,4,2,3,5,4,3,4,4,3,4,3,4,4,5,4,4,16,5,3,1,2,0,1,5,5,4,4,5,4,5,5,4,3,4,4,2,5,4,4,4,3,4,2,3,2,1,5,4,4,5,4,4,5,5,4,4,4,2,2,2,2,2,2,2,1,1,3,2,1,1,3,1,6,6,4,3,2,3,7,6,6,2,46,4,1,1,1,40,5000,3600,0,212201,초등학교 2급 정교사 코로나 업무 추가 비상 상황 대한 메뉴얼 숙지 적용 학생 감소 온라인 교육 컨텐츠 발달,교육
33442,4,4,4,5,3,5,4,6,4,5,5,5,3,5,4,4,4,6,2,4,3,5,4,4,3,5,4,5,4,5,4,4,4,6,4,6,3,5,4,6,4,6,4,4,4,5,4,5,2,4,3,4,2,2,1,0,1,0,1,0,3,3,1,0,1,0,1,0,1,0,1,0,1,0,1,0,1,0,1,0,1,0,1,0,1,0,1,0,4,2,3,4,3,4,3,3,1,3,4,2,3,11,1,3,1,2,0,5,5,4,4,3,4,4,2,3,4,2,3,3,2,3,2,4,4,3,2,3,4,4,2,4,3,5,4,5,4,3,4,3,4,4,1,1,1,2,1,1,1,1,2,2,4,1,2,2,1,3,3,3,5,6,4,3,6,4,1,43,4,1,1,1,40,8900,3000,0,31201,자산관리사 투자자산운용사 분석 기법 다양 전산 화로 체계 투자 관리 업무 효율 운용 난이도 투자자 일자리,통계학
33443,5,7,5,6,5,6,4,5,3,4,3,5,4,5,3,4,3,4,3,4,2,5,4,6,4,4,4,5,4,4,4,5,3,5,4,4,3,5,4,6,4,5,4,4,4,5,4,5,3,4,4,5,4,5,2,2,3,5,2,3,3,5,4,3,3,3,3,2,3,2,3,4,3,4,5,5,2,2,2,2,3,4,2,2,4,6,2,4,4,4,4,3,3,2,5,4,1,4,3,4,3,15,2,5,1,1,5,4,5,4,4,4,4,4,3,3,3,3,3,3,3,3,3,5,4,3,3,3,3,3,4,4,4,4,4,4,4,4,4,4,4,5,2,2,2,2,2,2,2,2,2,1,3,3,3,3,2,3,7,5,3,9,3,3,4,2,2,31,5,1,1,1,40,4000,4000,0,122301,종자기사 식물보호기사 종묘분류 관리 교육 실습 변화,종묘학
33444,5,7,5,7,4,6,4,5,5,7,5,6,5,7,5,6,5,6,4,6,5,7,5,7,5,6,5,5,5,6,5,6,5,6,5,6,5,6,4,6,5,5,5,6,4,6,4,5,4,6,4,6,4,5,4,6,4,6,4,6,4,7,4,6,4,5,4,4,4,6,4,6,4,6,5,5,5,5,5,5,4,4,4,5,4,6,5,5,5,4,2,4,4,3,4,4,3,4,5,5,5,3,1,6,1,2,0,6,6,4,4,4,4,4,3,4,4,4,4,4,1,4,4,3,4,4,4,4,4,3,4,4,4,4,5,5,4,5,4,4,4,4,2,2,2,2,2,2,2,2,2,1,3,3,3,3,1,7,3,3,4,6,5,7,7,7,1,45,5,1,1,1,40,7500,5000,0,153204,오토캐드 코로나 성장 감소 현상,광학공학
33445,4,6,4,6,4,7,5,6,2,4,3,5,4,5,2,4,4,4,1,0,2,3,3,4,4,4,4,5,3,5,4,5,3,4,2,3,3,4,3,4,3,5,3,3,3,4,1,0,1,0,1,0,1,0,1,0,1,0,1,0,1,0,1,0,1,0,1,0,1,0,1,0,1,0,1,0,1,0,1,0,1,0,1,0,1,0,4,5,4,3,3,3,3,4,4,3,3,3,3,3,3,15,2,4,2,2,0,5,5,3,2,2,3,2,3,2,2,4,4,3,4,2,2,5,4,3,3,4,2,3,2,3,3,2,2,3,2,3,3,2,3,4,2,2,2,2,2,2,2,2,2,1,1,3,3,3,1,4,5,5,5,5,5,3,4,5,2,40,6,1,1,1,40,4500,3300,0,110104,출산율 감소,교육학
33446,5,7,5,7,4,5,5,6,4,6,5,7,4,5,4,6,5,7,5,6,5,7,5,6,4,6,4,7,4,7,5,7,4,6,4,5,4,5,4,6,5,7,5,7,4,7,5,6,4,5,4,6,1,0,1,0,1,0,1,0,3,4,4,6,1,0,1,0,1,0,1,0,1,0,5,2,1,0,1,0,1,0,1,0,3,4,2,3,3,3,3,3,4,3,4,3,3,3,3,3,3,16,5,5,1,2,0,5,7,3,3,4,4,5,4,3,3,4,3,4,3,3,3,3,3,3,4,3,2,3,5,3,3,3,3,5,5,5,4,2,5,5,2,2,2,2,2,2,2,2,2,2,3,2,3,3,2,7,5,4,7,5,2,4,5,5,1,55,6,1,1,1,52,9000,4000,0,110202,박사학위 상태 유지,경제학
33447,3,5,3,5,2,4,2,4,4,6,3,5,3,4,4,5,3,5,3,5,3,5,4,6,4,6,4,6,1,0,2,3,2,3,1,0,3,5,1,0,5,6,3,5,4,5,4,6,3,5,3,5,5,6,3,5,4,6,3,5,5,6,4,6,3,5,4,6,3,5,4,6,3,5,3,4,3,5,3,5,2,3,1,0,4,6,3,5,4,2,4,5,5,3,4,5,4,5,5,4,4,16,5,2,2,2,0,2,6,4,2,4,5,4,3,5,3,3,4,4,3,5,4,5,4,4,5,3,3,4,5,5,3,3,5,4,4,4,3,5,4,5,2,2,2,2,2,2,2,2,2,2,3,3,3,3,2,3,4,8,6,7,6,8,5,3,1,32,6,1,1,1,40,3500,3500,0,121101,기초과학 분야 변동,물리학
33448,4,5,4,5,4,5,3,5,4,6,4,6,4,6,4,5,4,5,4,5,4,6,4,6,4,5,4,6,4,6,3,5,4,5,4,4,4,6,3,4,4,5,4,5,3,5,4,5,4,5,4,5,4,5,4,6,4,6,4,6,4,6,4,6,4,5,4,5,4,5,4,6,1,0,4,5,4,5,3,5,1,0,1,0,3,4,3,5,4,4,4,4,5,4,4,4,4,4,5,5,4,4,3,3,1,1,5,5,5,5,4,5,4,5,4,4,4,3,4,4,2,4,4,3,3,3,4,4,4,4,4,4,5,5,4,5,5,5,4,4,5,4,2,2,2,2,2,2,2,2,2,2,3,1,1,1,1,2,1,2,5,5,5,7,7,3,1,40,5,1,1,1,40,6000,3300,0,152101,전기기능사 기계조립기능사 공학 지식과 이론 습득 현장 실습 변동,신소재공학
33449,3,4,3,3,1,0,5,6,2,3,2,2,1,0,3,5,4,4,3,3,2,3,3,5,3,5,4,6,5,6,2,2,2,3,3,3,1,0,5,5,4,5,3,3,2,3,1,0,1,0,1,0,1,0,1,0,1,0,1,0,2,4,1,0,2,3,1,0,2,2,2,2,3,3,2,3,3,5,4,5,3,4,4,4,4,4,2,4,3,3,2,3,4,2,2,2,3,2,4,2,2,8,1,3,2,2,0,2,4,3,2,2,3,3,3,2,2,4,5,4,4,2,3,3,3,2,3,3,3,4,3,4,3,4,5,4,4,4,3,3,4,3,2,2,2,2,2,2,2,2,2,2,1,2,2,2,1,6,7,6,5,4,4,6,6,5,2,36,3,1,1,1,40,3000,2600,0,522201,경제 침체 영향,관광학
33450,3,4,5,7,2,2,5,7,3,4,4,5,2,2,4,5,2,2,2,2,5,7,3,4,5,7,3,4,4,5,2,2,4,5,2,2,2,2,5,7,4,5,5,7,3,4,1,0,1,0,2,2,1,0,1,0,1,0,1,0,2,2,1,0,1,0,1,0,1,0,1,0,5,7,1,0,1,0,1,0,2,2,3,4,5,7,3,4,5,4,4,3,3,2,4,2,3,2,2,5,4,11,1,2,1,2,0,7,5,5,4,4,4,4,3,4,4,4,3,3,2,4,4,4,4,4,1,1,4,2,3,3,4,3,2,2,5,5,4,3,4,4,2,2,2,2,2,2,2,2,2,3,2,3,3,3,2,3,4,7,3,8,3,3,7,4,1,47,4,1,1,1,40,7800,5000,0,12401,금융투자분석사 신용분석사 지점 비대 업무 지점,경제학
33451,4,7,4,6,3,4,5,5,3,4,4,5,2,2,4,5,4,5,2,2,2,2,3,4,4,5,2,2,5,5,2,3,4,5,3,4,3,3,2,3,4,5,2,3,2,3,2,3,3,4,4,5,2,3,2,3,2,3,2,2,2,2,4,5,2,3,2,2,2,3,3,4,2,3,2,2,2,2,2,3,2,3,2,2,2,3,2,3,4,4,5,4,4,4,4,4,4,3,4,4,3,17,1,2,1,2,0,7,5,5,4,4,4,5,4,4,4,4,3,4,1,5,4,4,3,4,3,4,3,4,4,3,4,3,4,4,3,4,5,4,4,2,2,2,2,2,2,2,2,2,2,2,2,2,2,2,2,5,4,6,4,5,4,6,5,4,2,43,4,1,1,1,40,9000,6000,0,301113,의사 면허증 출생률 감소,의학
33452,2,3,2,2,3,3,1,0,1,0,1,0,1,0,3,4,4,5,2,3,1,0,1,0,3,3,2,3,2,3,2,2,1,0,1,0,1,0,4,3,2,3,2,2,1,0,1,0,1,0,1,0,1,0,1,0,3,3,2,3,2,3,1,0,2,2,1,0,3,2,3,2,1,0,1,0,1,0,3,5,3,3,3,4,4,5,4,5,3,4,2,2,3,2,4,3,3,2,4,3,4,15,2,4,1,1,2,2,2,2,3,3,4,3,3,3,3,3,4,3,2,2,3,3,2,3,2,4,3,5,4,3,2,1,3,4,5,4,3,2,5,4,2,2,2,2,2,2,2,2,2,2,4,3,2,2,1,9,8,7,2,3,4,5,6,4,1,36,3,1,1,1,40,3500,2000,0,541201,일반경비지도사 청원경찰훈련 사회 불안 요소 점점 증가 때문,경호학
33453,4,4,4,4,4,3,3,4,3,3,4,3,4,5,4,4,4,4,3,3,4,4,4,5,4,5,4,5,2,3,4,5,4,5,4,4,2,3,3,3,4,4,4,4,2,2,2,2,3,3,2,2,4,5,4,5,4,5,4,5,2,2,4,4,4,5,4,5,4,5,4,6,4,6,4,5,4,5,3,4,3,4,2,3,4,6,4,5,4,3,4,4,3,2,3,3,2,3,3,3,4,6,1,3,1,1,4,6,5,5,5,5,4,4,2,4,3,3,4,4,2,4,4,4,3,4,3,3,4,3,4,4,3,4,3,4,4,4,4,2,4,4,2,2,2,2,2,2,2,2,2,1,3,3,3,3,2,9,9,2,2,2,2,3,8,8,1,55,4,1,1,1,40,7000,3500,0,140305,토목기사자격증 토목 지질 공사 변화,토목
33454,5,6,4,5,4,5,5,7,4,5,4,5,3,3,4,5,5,6,3,5,4,5,4,5,5,6,4,5,1,0,3,3,4,5,3,3,3,3,4,5,5,6,4,3,4,5,1,0,2,3,1,0,4,6,4,5,4,5,1,0,4,5,5,6,3,3,2,3,1,0,1,0,1,0,3,3,2,5,3,4,2,4,4,5,3,4,3,5,4,4,3,3,3,3,3,5,3,4,4,3,2,6,1,2,1,2,0,5,5,4,3,3,5,4,3,3,4,3,4,4,2,3,4,3,4,4,5,4,5,3,4,3,4,5,4,4,4,5,5,4,5,3,2,2,2,2,2,2,2,2,2,2,3,2,2,3,2,7,7,6,3,4,4,3,4,4,1,32,4,1,1,1,40,4000,3500,0,140301,건축기사 신규 건설 계속,건축학
33455,3,3,3,4,4,4,4,4,3,4,3,4,3,4,3,5,4,4,5,4,3,4,4,4,3,4,4,4,4,4,5,5,4,4,4,4,2,4,3,5,4,4,5,5,4,5,4,4,4,4,4,4,3,4,5,6,4,5,4,5,4,5,4,5,4,5,3,4,5,5,4,4,4,4,4,4,3,4,2,4,3,4,4,4,2,3,3,4,5,4,3,4,3,4,3,2,3,4,3,3,4,17,1,4,1,2,0,5,5,3,4,4,3,4,4,5,4,3,4,4,3,3,3,4,3,3,4,2,2,3,4,3,4,4,3,4,4,5,4,4,4,3,2,2,2,2,2,2,2,2,2,1,5,3,3,3,2,8,4,4,2,3,4,5,5,6,2,36,4,1,1,1,40,4000,2600,0,29202,치위생사 고령화 시대,치위생
33456,3,4,4,4,3,3,4,3,3,3,3,4,1,0,3,4,3,3,3,3,3,3,2,3,4,4,1,0,3,3,4,4,3,4,4,4,3,3,4,4,3,4,1,0,4,4,1,0,1,0,3,5,1,0,1,0,1,0,1,0,2,3,1,0,2,3,1,0,1,0,1,0,1,0,1,0,1,0,3,3,1,0,1,0,1,0,3,3,3,4,1,3,4,4,3,2,3,3,4,3,2,8,1,2,2,2,0,7,2,3,2,2,4,3,2,2,3,4,4,3,4,2,1,4,2,1,2,4,1,5,4,5,3,4,4,2,4,3,3,4,5,3,2,2,2,2,2,2,2,2,2,1,2,2,2,3,2,8,8,7,6,5,4,3,4,4,1,31,3,1,1,1,44,2300,1800,0,28201,코로나,소프트웨어
33457,5,7,5,7,5,7,3,4,1,0,2,3,4,5,2,3,4,5,2,2,2,3,2,3,5,7,3,4,2,3,4,5,2,3,2,3,4,5,1,0,1,0,2,3,5,7,2,3,1,0,2,3,1,0,1,0,1,0,1,0,2,3,2,3,2,3,1,0,1,0,1,0,4,5,1,0,1,0,1,0,1,0,1,0,5,7,5,6,4,4,3,3,4,4,3,4,3,3,4,4,3,14,1,4,2,2,0,6,4,4,4,4,4,4,4,3,3,3,3,3,2,4,4,2,3,2,3,5,4,5,2,5,4,4,5,4,4,5,4,4,5,4,2,2,2,2,2,2,2,2,2,3,3,3,3,3,2,2,2,3,3,3,5,8,4,2,2,46,3,1,1,1,40,5500,2800,0,416205,채용 인원 감소,방송연예
33458,1,0,1,0,1,0,3,3,2,2,2,2,4,5,2,3,3,3,2,2,1,0,2,2,3,3,1,0,3,3,2,2,2,2,3,3,3,4,3,4,1,0,3,3,2,3,2,3,3,3,2,2,3,4,3,3,2,2,2,2,1,0,2,2,2,2,2,2,2,2,2,3,3,3,4,5,3,3,1,0,3,3,3,4,4,5,1,0,4,4,2,3,2,4,4,3,3,3,3,2,3,13,4,1,1,2,0,5,4,3,4,4,4,4,4,4,9,9,4,4,2,4,4,4,4,4,4,3,4,4,3,2,5,3,4,3,5,5,3,5,5,3,2,2,2,2,2,2,2,2,2,1,3,2,2,2,2,7,6,7,5,7,7,7,5,3,2,46,2,2,6,1,40,0,0,4080,511201,미용사 인공 지능 기계 대신 업무,헤어(미용)
33459,4,7,3,4,3,5,3,5,3,5,3,5,3,5,3,5,3,5,3,5,3,5,3,6,3,5,3,5,3,5,3,5,3,5,3,4,3,5,3,5,3,5,3,5,3,5,3,5,3,4,3,5,3,5,3,5,3,4,3,4,3,5,3,4,3,4,3,5,3,3,3,4,2,4,1,0,1,0,1,0,1,0,1,0,3,5,3,5,4,4,2,3,4,3,2,3,3,4,4,4,4,3,1,6,1,1,3,3,6,3,3,3,3,4,3,3,3,3,4,3,3,3,3,4,4,4,4,2,3,2,4,4,3,4,4,4,4,4,3,3,4,4,1,1,2,1,2,2,1,2,2,1,2,3,3,3,2,5,6,3,3,3,3,7,7,5,1,42,5,1,1,1,50,8000,3500,0,154102,화공기사 위험물산업기사 유해화학물질 취급자교육 조직 단위 변화 위주 조직 인적 구조 업무 효율 시너지 효과 위해 업무 위주 조직 단위 구성 환경보호 위해 국내 세계 플라스틱 사용 규제 심화 플라스틱 관련 업종 점점,화학공학
33460,3,3,3,2,2,2,1,0,2,2,2,1,1,0,2,2,3,3,2,2,2,2,2,3,2,2,2,3,3,3,2,3,2,1,2,3,3,3,2,2,3,3,3,3,3,3,2,3,3,3,3,3,4,4,3,5,4,5,3,3,2,3,3,3,3,3,4,4,4,4,5,4,4,4,3,3,3,4,3,3,4,4,3,3,4,6,3,3,3,2,2,3,2,1,2,2,1,2,2,3,2,3,4,1,2,2,0,6,1,3,2,2,3,3,1,3,9,9,9,3,4,3,2,4,4,3,4,3,2,3,2,4,3,2,2,2,2,3,3,2,4,4,2,2,2,2,2,2,2,2,2,3,1,2,2,2,2,8,8,7,3,2,3,7,5,7,1,61,1,2,6,1,48,0,0,3500,823101,기계화,0
33461,1,0,1,0,1,0,1,0,1,0,1,0,1,0,1,0,1,0,1,0,1,0,1,0,1,0,1,0,1,0,1,0,1,0,1,0,1,0,1,0,1,0,1,0,1,0,1,0,1,0,1,0,1,0,1,0,3,4,3,4,3,4,5,5,4,5,2,2,3,4,3,4,3,4,3,4,3,4,1,0,3,4,1,0,1,0,1,0,4,4,2,3,3,2,3,3,4,3,4,3,4,13,1,3,2,2,0,7,2,3,4,3,4,3,3,4,3,4,3,2,2,3,3,3,4,3,2,3,2,2,3,2,3,3,4,3,2,3,3,3,3,4,2,2,2,2,2,2,2,2,2,1,3,3,3,3,2,5,6,7,4,5,5,4,5,4,1,40,2,1,1,1,40,3300,2400,0,817101,기계 대체 불가,실업계
33462,2,3,2,2,2,3,3,3,3,4,3,4,3,3,4,5,2,3,3,3,2,2,2,3,4,3,2,2,2,2,3,3,1,0,1,0,3,3,3,3,3,4,3,3,3,3,3,4,3,4,3,5,3,3,3,4,2,3,2,3,2,1,2,2,3,4,2,3,4,4,4,4,2,3,3,3,4,5,3,3,2,4,2,2,4,3,3,4,4,2,2,3,2,2,3,4,2,2,3,2,4,3,1,2,1,1,3,3,3,4,3,3,4,4,3,3,3,3,4,3,3,3,2,2,2,3,4,3,2,5,3,4,2,1,3,3,4,5,4,2,5,4,2,2,2,2,2,2,2,2,2,2,2,3,2,3,2,8,7,8,4,5,6,5,7,7,1,38,4,1,1,1,40,3200,2900,0,813101,금형기술사 금형원 훈련 자동화 시스템 증가 인력 수요 감소,재료금속공학
33463,5,7,5,7,5,7,4,6,4,6,5,7,4,5,5,7,4,5,4,6,5,7,5,7,4,5,5,7,4,5,4,5,4,5,3,4,5,7,2,3,5,7,5,7,5,7,4,5,3,4,3,4,3,5,2,2,2,3,2,3,5,7,5,6,2,2,1,0,1,0,1,0,3,4,1,0,1,0,1,0,1,0,1,0,2,2,2,2,4,4,4,4,5,4,4,5,3,5,4,4,4,14,1,4,1,2,0,3,5,5,5,5,5,5,3,3,4,3,4,4,2,4,4,2,2,3,3,4,4,4,2,4,4,4,4,4,4,5,4,4,5,4,2,2,2,2,2,2,2,2,2,3,3,2,2,2,1,9,8,5,1,2,3,5,2,2,1,34,5,1,1,1,40,4300,3000,0,24203,사회조사분석사1급 조사분석사2급 상황,영어영문학
33464,3,4,3,5,3,3,2,2,3,5,3,5,2,5,3,5,2,4,2,3,2,4,2,3,2,3,2,4,2,2,2,3,2,5,2,3,2,3,2,3,3,4,3,4,2,3,2,1,2,1,2,2,4,5,4,6,3,3,3,6,3,5,3,5,3,3,2,1,2,1,2,1,2,2,2,1,2,2,2,2,2,2,2,2,2,1,2,1,4,3,3,3,3,3,3,3,3,4,3,4,3,3,1,2,1,2,0,5,5,4,3,3,4,4,3,3,4,4,4,4,2,4,4,3,3,2,4,2,4,3,3,4,4,4,2,2,4,4,3,3,4,4,2,2,2,2,2,2,2,2,2,2,4,3,3,3,2,4,4,4,5,4,4,6,4,4,1,37,4,1,1,1,40,4000,3600,0,153101,전자응용기술사 전기 제품 수요 증가,전기공학
33465,2,1,3,4,2,2,4,3,3,2,2,1,4,4,2,1,2,3,2,2,1,0,2,3,3,2,3,4,4,3,2,2,2,1,1,0,2,2,3,4,2,2,2,1,3,3,2,2,4,2,2,1,3,3,2,2,1,0,1,0,1,0,3,2,1,0,3,2,2,2,2,1,1,0,3,5,3,2,2,2,3,1,2,2,3,3,1,0,2,3,2,2,3,1,4,3,2,3,4,2,2,19,4,1,1,1,1,1,2,3,4,4,4,4,4,4,3,9,9,4,3,4,3,2,3,4,2,2,3,3,2,3,2,4,4,3,3,2,4,4,3,3,2,2,2,2,2,2,2,2,2,1,3,2,2,3,2,9,8,7,3,4,4,2,7,6,2,42,4,2,6,1,60,0,0,4000,511201,미용사 직무훈련 미용 대한 관심 증가 전반 경기 불황,뷰티미용학
33466,5,6,5,7,5,7,4,6,5,6,4,6,4,5,3,5,4,5,2,3,2,3,2,4,2,3,2,2,2,3,2,3,1,0,1,0,3,5,2,3,2,3,2,2,2,2,2,2,2,1,2,1,2,6,2,2,2,2,2,2,1,0,1,0,1,0,2,2,1,0,1,0,4,5,2,2,1,0,1,0,1,0,1,0,2,3,2,3,4,4,4,3,3,4,4,4,4,4,4,4,3,13,2,5,2,2,0,6,7,4,4,4,4,4,4,4,4,4,4,4,2,3,4,3,3,2,4,4,3,3,3,3,2,3,3,3,3,4,3,2,3,4,2,2,2,2,2,2,2,2,2,2,4,3,3,3,1,4,4,6,5,4,4,4,4,4,1,32,5,1,1,1,50,4000,3000,0,121102,국가 지원 확대 전망,화학
33467,4,5,5,6,5,4,4,5,3,5,4,6,3,6,3,4,3,4,3,5,3,5,4,6,3,4,4,6,4,6,4,6,3,4,4,5,3,5,3,5,4,5,4,5,3,3,3,5,3,2,4,5,4,4,2,3,3,4,3,4,3,4,3,4,3,3,3,4,4,4,3,4,3,4,3,4,2,2,4,4,4,4,3,4,4,4,4,5,4,4,4,3,3,2,4,4,2,4,4,4,4,15,2,6,1,2,0,5,5,3,3,2,2,4,2,3,3,4,4,4,4,2,2,2,2,2,2,3,3,2,3,3,3,3,3,3,3,3,3,2,3,4,1,1,1,1,1,1,1,2,2,3,2,2,2,3,2,7,7,6,7,7,7,6,7,7,2,30,4,1,1,1,40,4000,3000,0,240101,경찰 공무원 컴퓨터 프로그램 재교육 자동화 기술 도입,행정학
33468,3,4,3,5,3,4,3,5,2,3,3,4,2,4,3,4,2,5,2,3,2,4,3,5,3,4,2,3,3,4,4,5,3,5,3,4,3,5,4,5,3,4,4,3,2,3,2,3,2,4,3,4,1,0,1,0,1,0,1,0,3,4,1,0,2,2,1,0,1,0,1,0,3,4,2,2,1,0,3,3,3,3,2,3,2,3,2,3,4,5,1,2,5,3,4,4,3,4,4,4,4,17,3,2,2,2,0,4,4,4,4,4,4,4,3,2,2,3,3,3,2,4,3,4,4,3,4,2,4,2,3,4,3,4,4,4,5,4,5,4,4,4,2,2,2,2,2,2,2,2,2,1,4,2,3,3,2,3,3,6,2,3,4,4,4,3,2,51,5,1,1,1,40,3500,2200,0,231501,사회 복지 범위 예상,사회학
33469,5,6,5,6,5,6,5,6,4,5,5,6,4,5,5,6,4,5,3,4,5,6,4,5,4,5,1,0,4,4,4,4,1,0,3,3,4,4,4,5,5,5,2,3,5,6,1,0,1,0,1,0,1,0,1,0,2,2,1,0,5,7,1,0,1,0,1,0,1,0,1,0,1,0,2,2,2,3,1,0,1,0,3,5,3,3,2,3,4,5,4,3,4,4,5,4,4,3,2,4,2,8,1,2,2,2,0,7,4,4,4,4,5,4,3,3,3,3,4,3,3,4,3,3,3,2,4,3,4,3,2,4,4,5,4,5,5,5,5,3,4,3,2,2,2,2,2,2,2,2,2,2,2,2,2,2,2,4,8,6,4,6,3,6,8,4,2,27,4,1,1,1,40,2600,2400,0,28203,사무 자동화 소프트웨어 개발 보급 인력 감소 예상,회계학
33470,3,4,4,5,3,4,4,5,4,5,3,5,3,4,4,5,4,5,4,5,3,5,3,5,3,5,4,5,4,5,4,5,4,4,3,4,4,6,3,5,4,5,4,5,4,6,5,6,5,5,4,6,4,5,4,6,4,6,4,6,4,5,5,6,5,6,5,6,5,6,5,6,4,6,5,6,4,6,5,6,4,6,5,6,4,6,4,6,5,4,2,4,5,2,4,2,3,2,5,3,4,3,1,2,1,1,5,5,3,4,2,2,4,3,3,3,4,3,4,4,2,4,4,4,4,4,4,2,4,2,2,4,4,5,4,4,5,5,4,4,5,4,2,2,2,2,2,2,2,2,2,2,2,1,1,1,1,9,8,8,2,2,2,2,2,2,1,45,2,1,1,1,50,4000,2000,0,882301,지게차운전기능사 기계장치 제어 장비 작동 자동화,인문계
33471,4,6,5,7,3,4,3,4,4,5,4,5,4,6,4,5,5,7,4,5,4,6,4,5,4,6,4,5,4,5,4,6,4,5,4,4,4,5,4,5,4,7,4,5,3,5,4,6,4,5,4,5,5,7,4,5,4,7,4,7,4,4,4,7,4,5,4,6,4,7,4,7,4,6,4,6,4,4,4,5,4,4,3,4,4,6,4,5,5,3,4,4,4,4,4,4,4,3,4,4,3,10,1,2,1,1,3,5,4,5,5,5,4,5,3,4,4,4,4,5,2,4,4,3,4,4,4,4,4,3,4,4,5,4,4,5,4,4,5,4,4,3,2,2,2,2,2,2,2,2,2,1,3,3,3,3,2,9,1,1,1,1,3,1,1,7,1,43,4,1,1,1,40,4500,3500,0,133202,정보통신산업기사 AR VR 콘텐츠 제작 개발 변화,전산학
33472,2,3,2,2,1,0,2,2,2,2,2,4,2,3,3,4,2,3,2,2,2,3,3,4,3,5,3,5,2,2,3,2,2,2,2,2,2,2,1,0,3,4,2,3,4,5,2,2,2,2,2,3,4,5,2,2,3,3,3,4,2,1,4,5,2,3,3,4,3,4,3,4,4,5,4,5,2,3,2,2,2,2,2,2,4,5,2,2,3,2,4,3,2,3,4,2,2,3,2,4,2,15,2,5,1,2,0,5,4,2,2,2,4,4,4,2,9,2,4,3,2,4,2,4,4,3,4,1,4,2,2,4,2,2,2,2,3,4,3,4,4,4,2,2,2,2,2,2,2,2,2,2,2,3,3,3,1,7,2,7,4,7,1,3,7,7,2,56,2,1,1,1,40,2400,2400,0,122301,종자기사 작물보호기사 농업 대한 정보,농업고
33473,5,7,4,5,5,7,1,0,1,0,3,5,3,3,4,5,3,5,1,0,3,4,4,5,1,0,1,0,1,0,1,0,1,0,1,0,1,0,1,0,2,2,4,4,2,2,1,0,1,0,1,0,1,0,1,0,1,0,1,0,2,3,1,0,1,0,1,0,1,0,1,0,1,0,1,0,1,0,1,0,1,0,1,0,3,4,1,0,4,2,4,4,4,4,5,2,3,4,2,3,4,18,2,2,1,2,0,7,6,3,4,4,4,4,4,4,4,4,4,4,1,5,5,3,3,4,2,3,4,4,3,4,4,4,2,3,4,4,2,3,3,3,2,2,1,2,2,2,2,2,2,1,3,3,3,3,1,4,4,2,4,3,3,6,4,3,2,49,5,1,1,1,40,6000,2800,0,413101,학예사3급 기술 컨텐츠 활용 교육 필요 업무 수요 변화,미학미술사
33474,3,5,3,4,2,2,4,5,3,4,3,3,2,2,3,3,4,5,4,4,3,4,2,3,4,5,4,4,5,5,4,4,3,4,3,4,3,3,4,5,3,3,4,5,3,5,3,3,3,3,3,2,2,2,2,2,4,6,3,3,2,2,3,3,3,3,4,5,4,5,5,6,4,5,4,5,4,5,3,3,4,5,4,5,4,5,3,6,3,3,4,4,3,3,2,4,3,2,3,2,4,8,4,2,1,2,0,7,1,3,2,2,2,3,3,5,9,9,9,5,3,3,3,4,3,4,4,3,3,3,4,4,4,4,3,3,4,5,4,3,5,3,2,2,2,2,2,2,1,2,2,1,4,2,2,2,1,8,9,8,2,2,6,5,5,5,1,54,2,2,6,1,40,0,0,6200,622201,1종 대형자격증 화물운송 자격증 경제 직업,공고
33475,2,2,5,3,2,3,3,3,1,0,1,0,4,4,1,0,3,3,1,0,1,0,3,3,4,3,3,4,3,2,2,1,2,2,1,0,1,0,1,0,1,0,2,2,2,1,2,2,2,1,1,0,3,2,1,0,2,3,3,3,1,0,1,0,2,2,1,0,1,0,1,0,1,0,2,2,2,1,2,2,2,1,2,2,2,3,3,4,4,3,3,2,3,2,2,4,4,2,3,2,3,18,4,1,2,2,0,2,2,3,3,2,2,3,3,3,9,9,3,3,4,2,3,2,3,3,2,5,2,5,2,3,4,4,3,3,3,3,2,2,2,3,2,2,2,2,2,2,2,2,2,3,3,3,3,3,1,6,5,5,4,4,5,6,4,5,2,24,4,2,6,1,40,0,0,1800,414601,예술 산업 관심 변화,무용
33476,4,5,4,5,5,7,4,6,3,5,4,5,5,6,4,4,4,5,3,5,4,5,3,4,3,4,4,5,4,5,4,5,4,5,4,5,2,4,4,5,4,5,4,5,4,5,4,5,3,4,3,4,3,4,3,4,4,5,3,4,3,4,3,4,3,4,3,5,4,5,4,5,3,4,3,5,3,4,4,5,4,5,3,4,4,5,4,5,4,3,3,3,4,3,3,4,4,4,3,3,4,18,1,2,2,2,0,2,5,4,3,3,3,3,3,4,4,3,4,4,3,3,4,3,3,4,3,3,3,4,3,3,3,3,4,4,3,3,3,4,4,3,2,2,2,2,2,2,2,2,2,2,3,3,3,3,2,7,6,6,5,5,5,6,6,5,1,39,4,1,2,2,43,3200,2800,0,416102,변화,연극영화
33477,4,4,3,3,2,3,4,4,3,3,4,5,4,4,4,5,3,6,4,4,4,5,3,6,4,4,4,4,4,5,4,4,4,5,3,6,4,4,4,4,4,4,4,4,4,5,5,5,4,4,4,5,4,6,4,4,5,5,3,6,4,5,3,5,4,4,4,4,4,6,4,4,4,4,4,6,4,4,4,4,4,4,4,5,3,5,2,5,4,3,3,4,3,2,3,4,3,3,4,3,3,3,1,2,2,2,0,3,2,4,3,3,3,3,4,4,5,4,4,3,4,3,4,4,4,3,3,4,4,4,3,4,4,3,3,5,4,3,3,4,4,4,2,2,2,2,2,2,2,2,2,2,3,3,3,3,2,7,5,4,7,6,6,7,5,4,1,45,2,1,1,1,40,3800,2500,0,851201,위험 물질 일이 사람 일이,상고
33478,3,3,2,3,1,0,1,0,3,4,2,2,3,3,2,3,3,4,1,0,3,4,3,4,3,4,3,4,4,5,1,0,1,0,1,0,4,5,4,5,3,3,4,5,3,4,3,4,4,5,1,0,1,0,1,0,1,0,1,0,1,0,1,0,1,0,1,0,1,0,1,0,1,0,1,0,1,0,1,0,3,4,4,6,1,0,1,0,4,3,4,4,3,3,3,3,3,3,3,3,3,18,1,1,2,1,3,5,3,2,4,4,4,3,4,3,3,3,3,3,2,4,4,3,4,3,3,4,3,3,4,3,4,3,3,4,3,3,4,3,4,4,2,2,2,2,2,2,2,2,2,4,3,2,2,2,1,2,5,6,4,8,7,4,8,6,2,30,3,1,3,2,40,1600,1100,0,414703,댄스연습 댄서 역활,현대무용
33479,2,2,4,6,4,5,4,5,2,2,4,4,1,0,3,4,4,5,1,0,1,0,4,5,5,7,1,0,4,5,2,2,3,4,3,4,1,0,4,5,3,4,2,2,3,4,3,4,4,5,3,4,3,4,3,4,2,2,3,4,1,0,1,0,1,0,1,0,1,0,1,0,1,0,5,7,1,0,1,0,1,0,3,4,3,4,2,3,4,5,5,5,5,5,5,3,4,4,4,3,4,13,4,2,1,2,0,7,6,5,5,5,5,5,4,5,9,9,5,5,1,5,5,5,5,4,4,4,4,4,2,2,4,4,4,4,4,4,3,4,4,2,2,2,2,2,2,2,2,2,2,1,3,2,2,2,2,3,3,4,6,3,3,3,5,5,1,47,5,2,6,1,40,0,0,6946,301301,한의사 자격증 치료 관심,한의학
33480,3,4,3,4,2,4,4,5,3,4,4,5,2,4,3,4,4,5,4,5,3,5,4,6,4,6,4,5,4,5,3,5,4,5,4,5,4,5,3,5,4,5,4,4,4,4,3,4,3,3,4,5,2,3,1,0,2,3,2,2,2,3,3,4,2,3,2,2,2,3,2,2,4,6,3,4,3,4,4,5,3,3,3,4,4,3,2,3,4,2,2,4,4,1,3,2,4,2,4,4,4,16,5,3,1,2,0,4,5,4,4,4,4,4,4,4,9,9,9,4,2,4,4,2,3,3,3,3,2,4,2,4,4,3,3,4,4,5,3,3,5,5,2,2,2,2,2,2,2,2,2,1,3,3,3,3,2,7,7,5,5,4,4,5,3,3,1,42,4,1,3,2,50,4300,4000,0,420101,전문스포츠 지도사 경기지도사 2급 야구 관심 사람 매니아 스포츠,체육학
33481,1,0,1,0,1,0,1,0,1,0,1,0,1,0,1,0,2,3,2,2,1,0,1,0,1,0,1,0,1,0,1,0,1,0,1,0,1,0,1,0,1,0,1,0,2,2,1,0,2,2,1,0,1,0,1,0,1,0,2,3,1,0,1,0,3,3,3,3,3,2,3,3,1,0,2,2,2,2,2,3,2,4,2,2,2,2,2,2,2,2,3,2,3,2,2,3,2,2,2,2,2,3,1,2,2,2,0,4,1,2,2,1,3,2,2,2,2,3,3,3,4,1,1,4,3,4,4,3,3,4,3,5,2,3,3,4,4,4,4,3,3,4,2,2,2,2,2,2,2,2,2,3,1,3,3,3,2,8,8,8,4,4,5,4,4,4,1,27,2,1,3,2,45,2200,2200,0,882301,기계화 자동화 도입,공고
33482,2,3,2,3,1,0,2,3,3,3,3,4,4,4,3,3,3,3,1,0,3,3,3,4,3,3,4,5,3,4,3,5,3,4,2,3,3,4,2,3,4,4,4,5,4,5,3,4,3,4,4,5,5,5,5,5,5,6,4,6,3,4,4,5,5,5,4,5,5,5,4,6,3,4,5,6,4,5,4,5,4,5,3,4,3,4,3,4,5,4,3,4,3,2,3,4,3,4,4,3,3,3,1,2,1,1,4,2,2,4,3,3,4,4,2,3,4,4,3,4,2,3,3,4,3,3,5,4,4,4,3,3,4,3,3,3,4,4,3,3,4,2,2,2,2,2,2,2,2,2,2,1,3,2,3,3,1,7,7,4,6,3,3,7,7,7,1,42,2,1,1,1,50,3000,2500,0,811101,금속도장기능사 금속재료시험기능사 고도의 집중과 안전을 중요시 하므로 변화,기계
33483,3,3,3,3,1,0,1,0,3,2,2,2,1,0,3,3,3,3,4,4,1,0,3,3,2,2,3,3,1,0,2,2,1,0,1,0,3,3,1,0,3,2,4,4,2,1,1,0,4,5,2,2,4,5,1,0,4,5,3,3,2,1,1,0,3,3,4,4,5,6,5,6,1,0,2,1,3,4,4,3,4,4,4,5,3,3,4,3,1,3,1,2,3,1,2,3,1,1,1,3,1,15,2,3,1,1,2,7,2,3,3,3,2,2,2,2,3,3,3,3,3,3,3,3,3,2,1,4,2,3,2,4,3,3,2,2,3,4,2,2,3,4,2,2,2,2,2,2,2,2,2,1,3,3,3,3,2,2,7,8,7,3,7,5,8,5,1,34,4,1,1,1,40,5000,4000,0,705201,철도토목기사 직무교육 항상 대기 선로 보수 사람,토목공학
33484,5,4,5,4,3,4,3,4,3,4,4,5,2,5,3,2,4,5,5,5,3,2,3,4,4,5,5,6,5,4,5,6,3,5,3,3,1,0,5,4,4,4,4,5,5,2,4,4,3,3,4,5,3,3,4,3,3,2,1,0,4,3,3,3,3,2,3,2,3,2,3,3,3,3,1,0,2,3,4,3,4,6,1,0,3,2,3,4,3,5,3,3,2,2,1,5,2,3,3,3,3,18,1,2,2,2,0,4,2,3,1,1,2,3,1,3,4,4,3,4,3,2,3,2,3,4,4,3,3,4,3,4,4,3,3,3,4,4,3,4,3,3,2,2,2,2,2,1,2,2,2,1,4,2,3,3,2,5,6,7,5,7,5,5,5,5,2,47,3,1,1,1,40,3300,2000,0,417201,방송국 다양 교육 필요 방송 산업 발달 영향,연예방송학
33485,4,6,4,6,5,6,4,5,5,7,5,7,5,6,4,6,5,6,5,6,5,6,4,6,4,6,5,6,4,4,4,6,4,6,4,5,4,5,4,5,4,5,4,6,5,6,5,6,4,6,5,6,3,4,4,6,5,5,4,5,4,5,4,4,4,4,3,5,4,5,3,4,3,5,2,3,2,3,2,2,3,4,3,4,4,6,3,4,3,3,3,2,4,3,5,3,3,4,4,3,3,15,2,4,2,2,0,4,6,3,3,3,5,5,5,3,3,4,4,4,3,3,3,3,3,3,3,2,3,4,4,3,3,3,3,4,3,3,3,2,4,5,2,2,2,2,2,2,2,2,2,2,3,3,3,3,2,8,7,7,5,3,5,2,2,5,2,35,6,1,1,1,50,8000,7000,0,110202,상태 유지,경제학
33486,3,5,4,4,4,4,5,6,2,3,4,4,3,3,4,5,4,5,4,4,3,5,5,5,3,4,5,5,4,5,4,4,4,5,3,5,4,5,3,4,3,4,4,4,5,7,3,4,3,4,1,0,2,3,1,0,2,3,1,0,5,5,1,0,2,3,1,0,1,0,1,0,1,0,1,0,1,0,1,0,1,0,2,2,4,5,4,4,4,4,4,2,4,3,3,4,2,3,3,3,4,16,5,6,2,2,0,6,6,4,3,3,4,5,3,3,2,3,3,3,2,5,4,3,3,2,2,3,4,4,3,5,4,4,3,4,5,4,4,4,5,4,2,2,2,2,2,2,2,2,2,1,2,3,2,2,1,4,1,3,4,3,3,7,3,6,1,36,6,1,3,2,20,1700,1500,0,211201,최저 생활 임금 체제 갈수록 강사 수가,행정학
33487,4,4,3,4,2,2,4,4,3,2,3,3,4,4,4,4,3,3,4,4,2,2,2,4,3,5,3,4,4,4,4,4,2,2,2,3,3,5,4,4,3,4,3,3,2,2,2,2,4,5,3,3,4,5,4,6,4,5,4,5,4,5,4,4,3,4,4,4,4,4,4,5,5,6,5,6,5,7,3,4,3,3,3,5,3,3,3,3,4,4,3,4,4,3,4,3,3,3,4,3,3,3,1,2,2,1,2,7,3,4,5,4,4,4,3,4,4,3,4,4,2,4,4,4,4,4,4,3,4,3,3,4,3,4,4,3,4,5,4,4,5,3,2,2,1,2,2,2,2,2,2,1,4,2,2,3,1,9,8,8,5,5,5,8,5,5,1,39,4,1,1,1,40,3940,2600,0,151301,수습기간이 필요 기계 기계 장비 성능 개선 발전 일자리 증가,기계학
33488,4,6,4,5,4,5,4,5,4,6,5,6,4,5,3,4,4,5,4,5,4,5,4,6,4,5,4,6,4,3,4,4,4,5,2,4,4,5,4,4,3,5,4,5,3,4,3,4,2,3,3,4,2,4,2,3,3,3,3,5,2,3,3,3,3,4,1,0,1,0,1,0,4,5,3,4,2,4,3,3,2,4,3,4,4,4,3,4,4,3,4,5,4,4,5,4,3,4,3,4,4,16,5,5,2,2,0,7,6,4,3,3,5,4,4,4,4,3,4,4,2,3,3,4,3,3,2,1,4,3,4,4,3,3,4,3,4,5,4,3,5,4,2,2,2,2,2,2,2,2,2,1,3,3,3,3,2,6,5,5,4,6,5,3,5,5,2,45,5,1,1,1,45,6500,4000,0,121103,통계 항상 존재 일자리 한정,수학교육
33489,2,2,2,2,2,2,3,5,1,0,3,4,1,0,1,0,1,0,1,0,3,4,3,4,1,0,3,4,1,0,1,0,1,0,1,0,3,4,1,0,4,5,3,4,1,0,1,0,3,4,3,4,3,4,1,0,3,4,2,3,1,0,3,4,3,4,4,5,4,5,4,5,1,0,1,0,1,0,1,0,3,4,3,4,3,4,3,4,3,3,2,3,4,3,4,3,4,4,4,3,4,3,1,6,1,2,0,2,5,4,4,4,4,4,4,4,4,5,5,4,2,4,4,2,3,4,3,2,3,3,3,4,5,4,4,3,4,5,4,5,4,4,2,2,2,2,2,2,2,2,2,1,3,2,2,3,2,5,4,6,5,5,4,5,4,6,1,34,4,1,1,1,48,4300,3300,0,158401,산업안전산업기사 산업안전지도사 안전 생각,기계공학
33490,4,5,5,4,2,2,5,4,4,4,3,3,3,3,3,3,5,4,3,3,3,4,2,3,5,5,4,4,5,4,3,3,5,5,4,4,1,0,4,4,4,4,5,4,4,5,3,3,4,4,3,4,3,3,3,4,3,3,3,3,3,6,3,3,2,3,3,4,4,4,3,5,3,4,2,3,2,3,3,4,3,3,3,3,3,3,1,0,4,3,3,3,4,2,3,5,3,4,5,4,4,10,1,2,2,2,0,2,4,3,4,3,4,4,4,4,4,3,5,4,3,3,2,4,3,3,3,2,3,3,2,5,3,3,2,3,3,4,4,3,4,3,2,2,2,2,2,2,2,2,2,2,2,2,2,3,1,8,6,4,4,3,6,8,5,6,1,38,4,1,1,1,40,3500,2700,0,612101,온라인 판매 서비스 증가 기술 영업 사원 역할,정보통신
33491,1,0,1,0,1,0,1,0,1,0,1,0,1,0,2,2,1,0,2,1,1,0,1,0,1,0,1,0,1,0,1,0,1,0,1,0,1,0,1,0,1,0,1,0,1,0,1,0,1,0,1,0,1,0,2,1,2,3,3,3,1,0,1,0,2,1,2,2,2,1,2,2,2,3,3,4,4,5,4,4,5,5,4,5,3,4,3,3,3,2,3,3,2,2,2,3,1,1,2,3,1,6,1,1,1,2,0,7,2,3,1,1,3,2,1,3,9,9,9,3,2,4,4,4,3,3,3,2,4,4,4,4,3,2,2,2,3,4,2,2,4,3,2,2,2,2,2,2,2,2,2,1,2,3,3,3,2,7,8,6,8,5,5,4,3,5,1,36,2,1,3,2,40,2800,2500,0,701301,철근기능사 건설 경기,문과
33492,4,5,4,5,5,5,4,5,3,4,4,5,4,4,4,5,3,4,4,5,4,4,4,5,4,5,3,4,4,5,4,5,4,5,3,4,3,4,4,5,3,4,4,5,4,5,3,4,4,5,3,4,2,2,3,4,4,5,3,2,2,2,2,2,2,2,1,0,1,0,1,0,1,0,2,2,1,0,2,2,2,3,2,2,2,3,2,2,3,3,2,2,3,3,2,3,3,3,4,4,3,19,1,1,1,2,0,2,5,4,3,4,4,4,4,4,3,3,4,4,4,3,3,3,3,4,4,4,3,3,3,3,3,3,4,4,4,3,3,3,3,3,2,2,2,2,2,2,2,2,2,3,3,3,3,3,2,3,4,3,6,5,6,3,4,5,1,45,4,1,1,1,40,6000,3800,0,221301,법무사,경영학
33493,5,6,4,5,3,4,4,6,3,3,2,4,3,3,2,3,3,4,4,4,4,4,2,3,4,5,3,3,2,3,3,4,2,4,2,4,2,3,4,4,4,3,2,3,3,3,2,3,2,3,2,3,4,3,1,0,3,4,3,4,2,4,3,4,3,3,3,4,4,4,4,3,3,4,4,3,3,3,5,4,4,5,2,4,4,4,2,4,5,3,4,2,3,2,5,2,2,3,3,4,5,3,1,2,1,2,0,6,2,4,4,4,5,4,4,4,2,4,4,4,3,5,4,2,3,4,3,2,5,2,4,5,4,3,3,2,3,4,4,4,3,3,2,2,2,2,2,2,2,2,2,2,2,3,3,3,2,7,6,6,4,4,4,5,5,5,1,37,2,1,1,1,48,2700,2500,0,883201,가구제작기능사 산업 개발 대규모 실업 사태 예상,건축
33494,5,6,5,6,3,5,4,5,3,5,4,4,2,3,4,5,2,4,4,5,3,4,5,6,5,6,3,4,2,3,3,4,2,4,2,4,5,6,4,5,4,5,3,4,4,5,2,3,2,3,2,3,3,4,3,4,3,4,2,3,3,4,2,3,3,4,3,4,2,3,2,4,3,4,5,6,5,6,1,0,2,2,2,2,4,5,3,4,4,4,3,4,4,2,4,4,3,4,4,3,4,17,1,2,1,1,6,6,5,5,5,5,4,4,3,4,4,4,4,4,2,4,4,4,4,2,3,4,4,3,2,4,4,3,4,4,3,4,3,3,4,4,2,2,2,2,2,2,2,2,2,2,4,3,3,3,2,8,3,7,3,3,7,3,3,7,2,36,4,1,1,1,48,11000,6500,0,301102,의사국시 외과 수술 실무 평균 수명 연장,의학
33495,3,5,3,4,4,4,3,5,3,5,3,5,3,5,3,4,3,5,3,5,3,5,3,4,3,5,3,4,4,5,3,5,3,4,4,4,3,5,3,4,4,4,3,4,4,4,3,5,3,4,4,4,4,4,3,5,3,4,4,4,3,5,3,5,3,4,3,5,3,4,4,4,3,5,3,4,4,4,3,4,4,4,3,4,3,5,3,4,3,4,3,3,4,3,3,3,3,4,3,4,3,10,1,2,2,2,0,2,5,3,3,4,3,4,3,3,4,3,4,4,3,4,3,3,4,3,3,4,3,3,3,3,3,4,3,3,4,3,3,4,4,3,2,2,2,2,2,2,2,2,2,1,3,2,2,2,1,5,6,5,5,6,5,5,6,5,1,42,4,1,3,1,49,5320,4700,0,132004,인공 지능 대체,컴퓨터정보통신
33496,4,4,2,3,3,5,2,3,4,5,3,5,4,4,4,5,3,5,3,5,3,5,3,5,4,4,3,4,3,5,3,5,3,5,3,5,2,3,2,3,4,5,4,4,4,4,4,5,4,4,2,3,2,3,3,3,3,4,4,5,4,4,2,2,4,5,4,4,4,4,4,5,2,2,3,5,3,5,3,5,3,5,3,5,4,4,2,2,3,4,4,3,4,4,3,4,4,3,4,4,4,13,1,2,1,1,5,5,5,3,2,2,3,4,4,3,4,4,4,4,2,3,4,4,4,3,3,2,3,4,4,4,4,4,3,3,3,3,4,4,3,4,2,2,2,2,2,2,2,2,2,1,4,3,2,2,1,2,2,2,3,3,3,7,3,3,2,27,4,1,1,1,48,3000,2600,0,133204,게임프로그래밍 정보처리기사 코딩 설계 계속 발전 직업 언택드 게임 증가 추세,컴퓨터공학
33497,3,3,4,4,1,0,1,0,1,0,2,1,3,4,1,0,1,0,1,0,1,0,2,1,3,2,1,0,1,0,2,1,1,0,1,0,1,0,1,0,2,1,2,1,2,1,1,0,1,0,1,0,2,3,2,1,2,1,1,0,1,0,2,1,2,1,2,1,2,1,2,2,1,0,3,6,2,1,2,2,2,2,1,0,3,3,1,0,3,3,4,3,3,1,3,3,2,3,3,2,4,3,1,2,2,1,3,3,2,4,2,2,5,4,3,4,4,5,5,5,2,4,4,4,3,2,2,3,4,4,4,4,2,3,4,4,4,4,3,3,4,4,2,2,2,2,2,2,2,2,2,2,3,3,3,3,2,6,2,8,3,7,2,7,2,7,1,35,2,1,1,1,45,3000,2000,0,862101,패턴작업 채용 인원 한정,공고
33498,2,4,2,4,2,4,2,4,1,0,1,0,1,0,3,3,2,4,2,4,2,4,2,4,4,4,2,4,3,5,2,4,2,4,2,4,2,4,3,5,3,5,3,5,3,4,5,4,4,5,1,0,4,5,2,3,4,5,4,5,1,0,3,4,4,5,4,5,5,6,5,6,2,3,5,5,4,5,3,5,5,6,3,5,3,4,3,5,3,3,3,2,3,1,2,2,2,3,2,3,5,19,4,1,1,2,0,7,3,3,3,3,4,3,1,2,9,9,9,3,3,3,3,4,3,2,3,2,2,5,3,5,3,3,3,4,3,4,3,3,4,4,2,2,2,2,2,2,2,2,2,1,2,3,2,2,2,7,8,5,6,4,4,7,4,4,1,54,2,2,6,1,48,0,0,3000,812901,이륜차 정비 자격증 오토바이 인구 수가,인문계
33499,4,5,4,5,2,3,4,5,3,4,4,5,1,0,3,3,3,3,3,5,3,3,2,3,3,4,4,4,3,4,3,4,4,5,1,0,3,3,4,4,4,4,4,5,3,3,4,5,4,4,3,3,1,0,1,0,1,0,1,0,3,3,1,0,1,0,1,0,1,0,1,0,3,4,1,0,1,0,1,0,1,0,1,0,3,4,3,4,3,5,3,4,4,4,4,3,4,3,4,4,5,17,3,2,1,2,0,2,5,4,4,5,5,4,4,4,9,9,4,4,1,5,4,5,4,4,5,2,2,1,4,5,4,5,4,5,4,4,4,3,4,4,2,2,2,2,2,2,2,2,2,1,4,3,2,3,2,6,5,3,4,3,4,4,6,5,2,57,4,1,1,1,45,4600,3700,0,13501,사회복지사1급 복지 대한 관심 점점,사회복지학
33500,2,3,3,3,1,0,3,3,3,4,1,0,1,0,3,4,3,3,3,4,1,0,3,4,4,4,2,3,3,3,3,4,3,4,3,3,3,2,3,4,4,4,3,3,2,2,3,3,2,4,2,3,3,3,3,3,4,4,3,5,2,3,2,3,3,3,2,3,4,4,3,4,1,0,3,4,4,5,4,4,4,6,4,4,3,4,2,3,4,4,3,3,3,3,3,4,3,4,3,4,4,19,4,1,2,2,0,3,2,3,3,3,4,4,2,3,3,4,5,4,2,4,4,5,5,4,4,2,5,5,2,4,4,4,2,1,5,4,4,5,4,5,2,2,2,2,2,2,2,2,2,1,3,2,2,2,1,8,7,7,3,5,5,3,7,6,1,52,2,1,4,2,45,2900,2000,0,702101,변화,금속
33501,3,4,4,6,3,4,5,6,4,6,4,5,4,5,3,4,4,5,4,5,3,4,3,4,3,4,3,4,4,5,4,5,4,5,3,4,1,0,3,4,4,5,3,4,1,0,1,0,1,0,1,0,4,5,5,6,4,6,4,5,5,5,2,2,3,4,3,4,1,0,1,0,3,4,1,0,1,0,1,0,1,0,1,0,4,5,1,0,5,4,4,4,5,4,4,2,2,5,4,3,3,13,1,2,2,2,0,7,5,4,3,3,5,5,3,3,3,3,4,3,2,4,4,4,4,3,3,4,4,5,2,5,5,5,5,5,4,5,3,3,5,4,2,2,2,2,2,2,2,2,2,1,3,3,3,3,2,5,5,5,5,7,7,9,9,2,2,39,4,1,1,1,45,4500,3100,0,415504,변화,시각디자인
33502,4,5,4,6,4,6,3,5,3,5,3,6,4,4,3,5,3,5,3,5,3,5,3,5,4,4,4,5,3,5,4,5,4,4,4,5,4,5,3,5,3,5,3,5,3,5,3,5,4,5,4,5,3,5,3,5,3,5,4,4,4,4,3,4,3,4,3,4,3,4,3,4,3,3,3,4,3,4,3,4,4,4,3,5,4,4,3,4,4,4,3,4,3,4,3,4,3,3,4,3,4,17,1,1,1,1,6,6,5,3,3,3,4,4,4,4,3,3,3,3,2,3,3,4,4,3,3,2,3,3,4,4,3,3,3,3,3,3,3,2,3,4,2,2,2,2,2,2,2,2,2,2,2,3,2,2,2,3,3,3,4,5,5,4,6,6,1,43,6,2,5,1,45,0,0,20000,301108,의사면허증 전문의자격증 레지던트 인공 지능 로봇 대체 시대 점유,의학
33503,4,5,3,5,2,2,3,4,2,2,2,3,1,0,5,6,3,4,2,3,1,0,1,0,2,2,4,5,2,3,2,2,2,2,2,2,2,2,2,3,2,4,1,0,2,3,2,3,2,3,2,3,3,5,3,4,3,5,3,3,3,4,2,3,2,3,3,4,3,5,3,5,3,3,2,2,2,2,2,2,2,2,2,2,2,3,1,0,4,4,3,3,4,2,4,2,3,3,4,3,3,14,1,2,1,2,0,1,4,3,3,3,5,4,4,3,3,4,4,3,3,3,3,4,3,2,4,2,3,4,1,4,4,5,5,4,3,4,4,4,4,4,2,2,2,2,2,2,2,2,2,1,4,1,1,1,2,7,4,6,5,4,4,7,3,6,1,39,4,1,1,1,40,3800,2800,0,158402,위험물산업기사 국민 소득 증가 안전 대한 관심 증가,산업공학
33504,4,5,3,4,2,3,3,4,4,5,3,4,4,5,4,5,3,4,2,2,3,4,2,3,2,3,2,3,3,4,2,2,3,4,2,3,3,4,3,5,3,4,2,3,2,2,2,3,2,3,2,2,3,4,2,2,2,3,2,2,4,5,2,2,2,2,2,3,2,3,2,2,2,3,3,4,2,2,1,0,1,0,1,0,2,3,2,2,3,2,2,3,3,4,3,4,3,3,2,2,2,7,3,5,2,2,0,4,5,3,4,3,3,3,2,2,3,4,4,4,2,3,3,3,2,4,3,3,4,5,3,4,3,2,2,3,3,4,2,1,3,4,2,2,2,1,2,2,2,2,2,2,2,1,3,3,2,4,6,5,6,5,5,6,4,4,1,41,4,1,2,1,40,4600,2700,0,133301,마케팅 홍보 수단 전산 구축 노력 개발 추진 현재 일자리 수요 증가,응용소프트웨어
33505,4,5,2,4,2,4,2,4,4,5,4,4,2,4,5,5,2,5,1,0,5,6,3,5,4,5,5,6,3,4,3,4,2,4,3,4,2,3,2,3,2,3,2,4,5,5,1,0,1,0,3,5,4,5,3,3,5,5,2,3,5,7,4,5,4,5,3,5,4,5,4,5,4,6,1,0,1,0,3,5,1,0,1,0,3,3,1,0,3,2,4,3,3,5,2,4,2,4,3,3,4,10,1,3,2,1,2,1,4,4,3,3,3,3,2,3,3,4,4,4,2,2,3,3,2,2,2,2,3,5,2,4,4,4,3,3,4,4,4,3,4,3,2,2,2,2,2,2,2,2,2,1,3,3,2,3,1,7,7,5,2,2,3,5,4,5,2,28,4,1,1,1,40,3400,3000,0,134301,프로그래밍 전용 코딩 상태 유지,컴퓨터공
33506,2,4,2,3,2,3,3,5,2,3,3,4,2,3,1,0,2,5,3,5,2,4,3,4,3,4,4,5,2,4,2,5,2,3,3,4,2,3,3,4,2,3,3,3,4,5,2,4,3,3,2,4,2,4,3,3,4,5,2,3,3,3,2,5,3,4,1,0,1,0,1,0,2,4,4,5,2,4,3,5,1,0,1,0,2,4,2,4,3,4,2,3,3,4,4,3,4,4,4,3,4,16,5,3,1,2,0,3,4,4,4,4,4,4,4,4,5,5,4,4,4,3,4,4,3,3,4,5,4,4,4,4,3,4,5,5,4,4,3,4,5,3,2,2,2,2,2,2,2,2,2,2,3,2,2,2,1,7,6,8,5,6,6,7,8,7,1,48,4,2,5,1,40,0,0,5300,215105,방과후지도사자격증 이러닝지도사2급 지금,교육학
33507,3,5,3,5,3,4,2,3,4,6,3,5,2,2,2,3,2,4,2,3,2,2,2,4,2,2,2,2,3,4,2,3,2,2,2,2,2,3,2,3,2,3,2,2,2,2,2,2,2,2,2,2,2,2,2,2,2,2,2,2,3,5,2,2,2,2,2,2,2,2,2,2,2,3,2,2,2,2,2,2,2,2,2,2,2,2,2,2,3,4,3,4,4,4,4,2,3,4,4,4,3,15,2,3,2,2,0,1,5,5,4,4,4,4,4,4,5,5,5,5,1,5,4,2,3,2,3,4,4,4,4,4,3,4,4,4,3,4,3,3,4,3,2,2,2,2,2,2,2,2,2,2,2,3,3,3,2,5,4,7,3,4,5,4,6,5,2,31,4,1,1,1,40,3500,2500,0,25101,인구 감소 세금 환수,회계
33508,2,3,2,3,2,3,2,2,2,4,2,4,2,3,3,3,2,2,2,3,2,3,2,4,2,2,2,3,2,3,2,2,2,2,2,5,2,3,2,2,2,4,3,4,3,3,2,3,3,3,2,1,2,2,3,3,3,4,2,3,2,2,4,4,2,2,3,2,3,2,2,3,2,3,2,2,3,4,3,3,5,5,3,3,2,2,2,2,4,3,2,3,3,1,4,3,3,3,3,4,4,1,4,1,2,2,0,3,2,3,3,2,4,3,3,2,9,9,9,3,3,3,3,3,3,2,3,3,3,3,2,4,3,3,2,3,3,4,3,2,4,3,2,2,2,2,2,2,2,2,2,2,2,3,3,2,2,8,7,6,5,4,4,6,4,4,1,58,4,2,6,1,50,0,0,3000,901301,시설 기계화 시설 자동화 수요 감소,경영학
33509,2,2,2,2,2,2,2,2,2,2,2,2,2,2,2,2,2,2,2,2,2,2,2,2,2,2,2,2,2,2,2,2,2,2,2,2,2,2,2,2,2,2,2,2,2,2,2,2,2,2,2,2,2,2,2,2,2,2,2,2,2,2,2,2,2,2,2,2,2,2,2,2,2,3,2,2,2,2,2,2,2,2,2,2,3,3,2,2,4,4,3,3,3,2,3,2,2,2,3,3,3,1,1,2,2,2,0,1,2,2,2,3,4,3,3,2,3,2,3,3,3,2,3,4,4,3,3,3,4,3,4,4,4,4,4,4,4,5,4,4,5,4,2,2,2,2,2,2,2,2,2,2,2,2,2,2,2,5,4,6,7,4,5,5,4,6,2,48,2,2,7,2,40,0,0,6000,904101,인구 감소 소비 감소,상고
33510,3,4,4,6,2,3,2,4,2,4,2,4,2,4,3,5,4,6,4,6,4,6,4,5,4,6,4,6,4,6,4,6,4,6,4,6,4,6,4,6,4,6,3,5,4,6,3,4,3,5,2,4,2,4,2,3,2,4,2,3,2,4,2,3,2,4,2,2,2,2,4,4,2,3,2,3,2,3,4,5,4,6,4,6,5,6,5,6,3,4,4,3,4,1,4,4,2,4,2,4,4,17,3,6,1,1,1,3,2,4,4,4,4,4,3,3,3,4,4,4,2,4,4,4,4,4,4,1,4,2,4,4,4,3,3,3,3,3,4,3,4,3,2,2,2,2,2,2,2,2,2,1,5,1,1,3,2,6,5,6,5,5,5,5,5,5,2,56,2,1,1,1,40,4000,2000,0,307501,간호조무사 간호지식 전산 사람 상대 이기 대체,이과
33511,1,0,1,0,1,0,1,0,1,0,1,0,3,3,1,0,1,0,2,2,1,0,1,0,4,4,3,4,1,0,1,0,1,0,1,0,1,0,3,3,1,0,1,0,1,0,1,0,1,0,1,0,1,0,1,0,3,3,3,4,1,0,1,0,4,6,3,4,3,4,4,4,1,0,5,5,1,0,1,0,4,4,3,3,5,5,1,0,3,3,4,2,3,4,3,2,3,3,3,4,4,17,1,2,1,2,0,4,4,3,2,2,4,4,3,3,3,3,4,3,2,3,3,3,4,2,3,4,3,3,4,4,3,4,3,4,3,4,3,2,4,4,2,2,2,2,2,2,2,2,2,2,2,2,2,2,2,8,4,7,5,7,5,7,5,6,1,35,4,1,1,1,40,3500,3000,0,306301,치과기공사 자격증 인구 감소,치기공
33512,3,5,3,3,2,1,4,4,1,0,3,3,5,6,1,0,2,3,1,0,2,1,4,4,3,3,3,5,4,4,4,4,4,4,2,2,4,4,1,0,1,0,3,3,2,1,1,0,1,0,1,0,1,0,1,0,1,0,1,0,3,5,1,0,1,0,1,0,1,0,1,0,1,0,1,0,1,0,1,0,1,0,1,0,3,3,2,1,4,2,2,4,4,4,4,4,3,4,4,3,4,18,1,4,2,2,0,3,5,4,4,3,4,4,3,4,4,3,4,4,2,4,3,4,4,3,4,2,4,3,4,4,4,4,5,4,4,3,4,4,5,4,2,2,2,2,2,2,2,2,2,1,4,3,3,3,2,8,3,4,7,6,4,7,3,4,2,38,4,1,1,1,45,3800,2800,0,24101,광고 효율 인정,광고홍보학
33513,4,4,3,4,3,4,4,4,3,4,3,3,4,4,3,4,3,3,5,5,3,4,4,4,3,3,3,5,3,5,3,5,4,4,4,4,5,5,4,4,4,4,4,4,3,5,4,4,3,5,3,5,4,4,4,4,5,6,5,5,4,5,3,6,4,4,4,4,5,7,5,6,4,4,4,4,4,5,3,5,3,5,4,5,3,5,3,4,4,3,4,3,4,3,4,4,3,4,3,4,3,3,1,1,1,2,0,2,5,4,3,4,3,4,3,4,3,3,4,4,4,3,3,4,4,4,5,4,5,4,4,4,3,4,3,4,3,4,4,4,4,4,2,2,2,2,2,2,2,2,2,2,2,2,2,2,2,6,7,6,4,4,7,3,7,7,1,36,4,1,1,1,50,3000,2400,0,883101,가구제작기능사 자격증 없다 기술 보편화,경영학
33514,2,3,2,3,2,2,4,5,1,0,2,3,1,0,2,2,1,0,1,0,1,0,1,0,2,3,2,2,2,3,3,4,2,3,1,0,2,3,2,2,2,2,2,3,3,3,1,0,1,0,1,0,1,0,1,0,1,0,1,0,1,0,1,0,1,0,1,0,1,0,1,0,1,0,1,0,1,0,3,4,1,0,1,0,2,3,2,3,3,2,3,3,2,3,3,4,3,3,2,3,2,13,1,3,2,2,0,3,2,3,2,3,3,3,3,4,3,4,4,3,3,3,3,2,3,2,2,3,2,2,4,4,4,4,2,3,2,2,3,2,3,3,2,2,2,2,2,2,2,2,2,1,4,3,3,3,1,6,6,6,4,4,5,5,4,6,2,36,4,1,1,1,52,4000,2800,0,416301,매체,신문방송
33515,4,6,1,0,1,0,1,0,1,0,1,0,1,0,1,0,3,4,1,0,4,5,1,0,5,6,1,0,1,0,1,0,1,0,1,0,1,0,1,0,4,5,4,5,1,0,1,0,1,0,1,0,1,0,1,0,1,0,1,0,1,0,3,4,1,0,1,0,1,0,1,0,1,0,5,5,1,0,1,0,2,3,1,0,3,5,1,0,5,5,5,3,4,3,3,3,3,5,3,4,4,18,2,3,1,1,2,2,5,3,3,3,4,4,4,2,3,4,4,4,3,3,3,4,3,2,2,3,4,3,4,4,3,3,3,4,4,4,2,3,4,4,1,1,1,2,1,1,1,2,1,1,3,3,3,3,1,5,6,6,6,6,5,5,4,4,2,38,5,1,1,1,40,2300,2000,0,413102,문화재수리기능사 재료학 교육 기계 장비 도입 인력 크게,회화문화재보존수복학
33516,1,0,1,0,1,0,1,0,1,0,1,0,4,5,1,0,2,2,1,0,1,0,1,0,4,4,1,0,1,0,1,0,1,0,1,0,1,0,1,0,2,3,3,4,4,3,4,3,3,3,1,0,1,0,1,0,1,0,1,0,1,0,1,0,4,3,4,3,3,3,3,3,1,0,4,4,3,2,3,3,3,4,3,3,3,3,2,2,4,4,4,3,2,2,3,2,2,2,1,3,4,3,1,1,2,2,0,2,1,3,2,1,3,2,2,3,9,9,9,3,2,3,3,4,5,3,4,2,3,2,5,4,4,3,4,3,4,5,4,3,4,1,2,2,2,2,2,2,2,2,2,1,3,2,2,2,2,9,8,8,2,2,8,8,2,3,1,62,2,2,5,1,50,0,0,4000,871201,현재 상황 유지,상고
33517,3,3,3,4,3,4,3,4,3,2,2,3,3,3,2,4,4,4,2,3,3,4,3,3,2,3,3,4,2,4,2,3,3,3,3,4,2,4,3,4,3,4,3,4,4,5,4,5,2,4,3,4,3,4,2,4,3,3,3,4,3,4,2,3,3,3,3,4,3,5,2,4,3,4,4,4,3,5,4,4,3,5,2,4,4,5,4,5,3,3,4,3,2,3,3,4,4,3,3,3,3,19,1,1,1,1,3,3,4,4,4,4,3,3,3,4,4,5,4,4,2,4,4,3,4,3,4,3,3,4,3,3,4,3,3,4,3,3,4,3,3,3,2,2,2,2,2,2,2,2,2,2,4,2,2,2,2,7,6,5,5,5,5,7,6,5,2,29,3,1,1,1,43,3100,2600,0,511501,반려동물미용사 가위로 털깎기 애견 구가,애완동물학
33518,5,7,5,6,5,6,4,6,4,5,4,6,3,4,3,5,3,5,5,7,5,7,5,6,5,7,4,6,5,7,5,7,4,7,4,6,3,5,4,6,4,6,1,0,1,0,1,0,1,0,1,0,1,0,1,0,1,0,1,0,1,0,3,4,1,0,1,0,1,0,1,0,1,0,1,0,2,2,1,0,1,0,1,0,2,2,1,0,3,3,3,3,4,3,4,3,2,4,3,3,3,13,5,3,2,2,0,5,6,3,3,3,4,4,4,3,3,4,4,4,3,3,3,2,2,3,2,2,3,3,4,3,2,2,3,2,3,3,4,2,3,5,2,2,2,2,2,2,2,2,2,2,3,3,3,3,2,3,2,3,5,5,7,3,5,5,1,35,5,1,1,1,48,3800,3200,0,110203,상태 유지,커뮤니케이션
33519,3,5,4,4,4,5,4,6,2,3,4,5,2,2,4,4,4,4,2,3,4,5,4,4,3,4,4,5,4,5,3,4,3,4,1,0,3,4,4,5,3,4,3,4,4,4,4,4,4,5,4,5,1,0,1,0,1,0,1,0,3,3,3,4,1,0,1,0,1,0,1,0,3,4,1,0,1,0,1,0,1,0,1,0,3,3,3,4,4,5,4,4,5,4,5,4,5,3,4,5,4,16,5,3,1,2,0,3,5,5,4,4,5,4,4,4,3,9,4,4,2,4,4,4,4,4,5,4,4,2,2,5,4,4,5,4,4,4,4,3,4,4,2,2,2,2,2,2,2,2,2,1,2,3,3,3,2,6,7,3,4,3,4,7,3,6,1,57,4,1,1,1,40,8000,6800,0,13202,정교사자격증 교감자격증 학생 수가 감소,교육학
33520,4,4,2,4,1,0,1,0,5,5,3,4,1,0,3,3,3,5,4,4,2,4,2,2,4,4,1,0,1,0,2,3,1,0,1,0,1,0,1,0,4,4,4,3,4,3,1,0,1,0,1,0,4,4,1,0,1,0,1,0,1,0,3,4,2,3,1,0,1,0,1,0,1,0,3,2,2,4,1,0,1,0,1,0,2,3,1,0,4,3,5,4,2,3,4,3,4,2,4,5,4,13,2,5,2,2,0,2,6,5,5,4,5,4,4,4,3,5,4,5,2,4,4,3,5,4,5,5,3,4,4,3,3,4,3,4,4,5,3,3,4,5,2,2,2,2,2,2,2,2,2,2,3,3,3,3,2,3,4,6,4,7,6,3,7,6,1,32,6,1,1,1,40,4200,4200,0,121103,기초과학 분야 유지됨,수학
33521,4,5,4,5,4,5,4,5,4,5,4,5,4,4,4,5,3,5,4,5,3,5,4,5,4,5,3,5,3,5,4,4,4,5,4,6,4,5,4,5,4,5,4,6,4,6,4,6,4,6,4,6,4,6,4,5,4,6,4,6,4,5,4,6,4,6,4,5,4,6,4,6,4,6,4,5,4,6,4,5,4,6,4,6,4,5,3,4,4,4,3,4,4,4,4,4,3,4,4,4,4,17,1,1,1,1,6,6,5,3,3,3,4,4,3,4,3,3,4,4,2,3,4,4,4,3,3,2,3,4,4,3,2,3,3,3,3,3,4,2,4,3,2,2,2,2,2,2,2,2,2,2,4,3,3,3,2,3,3,4,5,4,4,3,4,5,1,45,6,1,1,1,45,24000,10000,0,301108,의사면허증 전공의자격증 인턴 레지던트 거시경제 불활 사이코패스 증가 분노조절 장애자 증가,의예(소아)
33522,2,3,4,4,2,4,5,5,2,2,1,0,3,3,2,5,3,3,3,4,3,2,4,3,2,3,1,0,3,4,3,4,2,2,2,3,4,5,3,4,2,3,2,3,3,4,2,3,2,4,3,1,1,0,3,4,2,2,1,0,2,3,2,3,1,0,1,0,1,0,2,1,1,0,3,4,3,4,2,4,2,3,3,4,3,4,3,5,4,4,4,3,4,2,3,5,3,3,5,4,5,19,4,1,1,2,0,1,2,4,4,4,4,4,4,4,9,9,9,4,2,4,4,4,4,3,4,2,3,3,3,4,5,5,4,4,5,4,3,4,4,4,2,2,1,1,2,1,2,2,2,1,2,2,2,2,1,7,8,5,6,6,6,7,5,1,2,53,4,2,6,1,40,0,0,4200,420403,레크레이션 지도사 전통놀이 지도사 놀이기구 변화 적응 코로나 개인주의 확대 단체 모임,국문학
33523,3,3,3,3,2,2,2,2,3,4,2,3,3,3,2,2,3,4,4,4,4,4,3,3,3,3,2,4,3,4,4,5,3,5,4,4,4,4,3,5,4,3,3,5,4,4,3,4,3,3,3,4,2,3,3,5,3,5,3,4,4,4,4,4,3,4,3,5,3,4,5,5,3,4,3,3,3,5,3,4,4,4,4,5,3,3,3,4,4,3,5,4,3,5,4,2,4,4,3,3,4,15,2,3,1,2,0,7,5,4,4,3,5,4,3,3,4,3,4,4,2,5,4,3,3,3,4,2,4,3,2,4,3,4,2,3,4,4,3,2,5,4,2,2,2,2,2,2,2,2,2,1,4,3,3,3,2,6,5,4,3,3,3,5,5,6,1,44,4,1,1,1,40,4200,2800,0,140401,조경기술사 조경 관심,산림학
33524,2,3,2,3,2,2,1,0,1,0,2,2,3,3,2,3,1,0,2,3,2,2,3,4,3,4,2,3,1,0,2,2,1,0,1,0,3,4,1,0,3,4,2,3,1,0,1,0,3,4,1,0,4,5,4,5,4,5,4,5,1,0,3,4,3,4,4,5,3,4,4,5,3,4,5,7,4,6,5,6,5,7,5,7,4,5,2,2,3,3,4,3,3,2,2,4,3,3,3,3,2,3,1,1,2,2,0,5,2,3,3,3,3,3,3,3,3,3,4,3,3,3,3,2,3,2,3,4,4,5,2,5,5,4,4,4,4,5,4,4,5,4,2,2,2,2,2,2,2,2,2,2,3,2,2,2,1,4,5,8,5,8,7,8,2,1,1,29,3,1,1,1,40,2800,2400,0,826201,보편 제품,기계공
33525,4,4,2,4,2,3,3,3,4,4,2,5,3,5,3,4,4,4,3,5,3,3,4,4,4,5,2,4,3,4,3,5,3,3,2,4,3,3,2,4,2,3,3,3,2,4,4,4,4,4,3,3,3,4,3,5,3,5,4,4,4,4,3,3,3,4,4,4,4,6,4,4,4,4,3,5,4,4,4,3,3,4,2,4,4,4,4,5,2,4,4,3,3,4,4,4,3,3,4,4,4,18,1,2,1,2,0,2,2,3,3,4,3,4,4,5,9,9,9,4,4,3,3,5,4,4,3,4,4,4,3,4,3,4,5,4,3,3,4,3,3,3,2,2,2,2,2,2,2,2,2,1,3,2,2,2,2,7,3,3,6,6,7,6,4,7,2,45,2,1,3,2,30,2500,2000,0,420403,웃음치료사자격증 레크리에이션 진행 대신 때문,상고
33526,2,2,2,1,1,0,2,2,3,4,2,2,1,0,2,2,2,3,2,2,1,0,2,2,3,4,3,3,2,2,3,4,1,0,2,1,2,2,3,3,3,4,3,3,2,2,2,2,3,4,2,2,2,1,3,4,3,4,3,3,1,0,3,4,3,4,3,4,3,4,3,4,3,3,3,4,3,4,1,0,2,2,3,3,3,4,2,1,3,2,3,4,2,1,4,4,2,3,4,1,1,4,4,2,1,2,0,5,4,4,5,3,4,5,3,3,9,9,4,4,3,4,3,2,3,4,3,2,4,3,5,4,2,3,3,2,4,4,3,2,4,4,2,2,2,2,2,2,2,2,2,4,2,3,3,3,1,6,7,3,4,3,6,2,2,2,1,54,2,2,6,1,40,0,0,5000,811501,보일러 산업기사 보일러 취급 기능사 보일러 시공기능사 최신 건물 자동화 시스템,기계공학
33527,3,3,3,4,4,4,2,3,5,4,4,4,2,2,5,4,4,4,3,3,4,6,2,3,4,4,1,0,4,5,3,4,3,5,2,3,3,5,3,5,5,6,2,2,2,2,1,0,1,0,1,0,1,0,1,0,1,0,1,0,4,4,1,0,1,0,1,0,1,0,1,0,1,0,1,0,1,0,1,0,1,0,1,0,3,4,2,3,4,2,3,2,2,4,3,2,2,3,2,4,3,8,1,3,2,1,2,7,4,3,3,3,3,3,2,2,3,3,4,3,3,2,3,4,3,2,3,4,3,3,4,3,3,4,4,3,4,3,3,4,3,4,2,2,2,2,2,2,2,2,2,2,1,2,3,3,2,6,2,4,3,3,5,3,3,5,1,36,4,1,1,1,40,3600,2600,0,28204,전산 업무 교육 사무 업무 전산 화로 대체,경제학
33528,3,4,4,4,4,4,5,6,2,2,2,2,5,6,3,4,4,4,2,2,2,2,2,2,3,3,4,4,2,3,2,2,4,5,2,2,2,2,3,4,2,2,2,3,2,2,2,2,2,2,2,3,2,2,2,2,2,2,2,2,2,2,2,2,2,2,2,3,1,0,1,0,2,2,3,4,3,3,2,3,2,3,2,3,2,2,2,2,3,4,4,2,3,1,1,5,1,3,3,2,4,18,1,2,2,1,3,3,3,3,2,2,2,3,3,1,9,9,4,3,3,2,2,4,3,4,4,3,2,4,2,2,5,4,3,3,4,3,3,4,3,3,2,2,2,2,2,2,2,2,2,2,3,2,2,2,1,3,5,6,7,4,7,8,7,2,1,36,3,1,3,2,12,2500,1800,0,416204,발성 표정연기 방송 채널 프로그램 한정,연극영화
33529,2,4,3,4,2,4,2,3,3,3,3,5,3,3,3,3,4,3,3,4,4,3,3,4,3,4,3,5,3,5,3,4,3,4,3,4,3,4,3,4,3,4,4,4,3,4,3,4,3,1,3,4,4,5,3,4,3,5,3,4,3,3,3,3,4,5,4,4,4,6,4,6,4,5,4,5,4,3,3,3,4,4,3,3,3,3,4,4,3,2,3,3,3,4,3,4,2,3,3,3,3,3,1,6,2,1,1,1,2,4,4,4,3,4,3,4,3,4,4,4,3,3,3,3,4,3,4,4,3,4,4,4,4,4,4,4,4,4,4,3,4,4,2,2,2,2,2,2,2,2,2,3,4,2,2,2,2,6,6,5,6,5,5,7,6,5,1,36,2,1,1,1,40,3000,1800,0,815001,직무교육 자동화 시스템,전자
33530,4,6,5,5,5,5,4,6,4,6,4,6,4,6,4,6,4,6,4,6,4,7,4,6,4,6,4,6,4,6,4,6,4,6,4,6,4,5,5,5,4,6,4,6,4,6,4,6,4,6,4,6,4,6,4,3,4,6,4,6,4,6,5,6,4,6,4,5,5,6,4,6,4,6,4,3,4,6,4,6,4,6,4,6,4,5,5,5,4,4,5,5,5,4,4,4,5,5,4,5,5,3,1,4,1,2,0,2,5,4,4,5,4,4,4,4,4,3,5,4,4,4,4,5,4,4,5,4,4,4,4,4,4,5,4,4,3,5,4,4,4,4,2,2,2,2,2,2,2,2,2,1,4,3,3,3,1,4,3,5,3,3,6,3,2,3,2,38,4,1,1,1,40,3400,2500,0,305001,영양사 예방의학 대한 관심,식품영양학
33531,4,6,4,6,4,6,4,6,4,5,4,6,4,6,4,5,4,4,4,5,4,5,4,5,4,4,4,5,4,4,4,5,4,5,4,4,4,5,4,4,4,5,4,5,4,4,4,5,4,5,4,5,4,4,4,5,4,5,4,5,4,5,4,5,4,5,4,4,4,5,4,5,4,5,4,5,4,5,4,5,4,5,4,5,4,5,4,5,4,4,4,4,4,4,4,3,3,4,4,4,4,3,3,6,1,2,0,7,5,4,4,3,4,4,4,4,4,4,4,4,2,4,4,4,4,4,3,4,4,3,4,4,4,3,4,4,3,4,4,3,3,5,2,2,2,2,2,2,2,2,2,1,3,3,3,3,2,7,7,7,7,7,7,7,7,7,2,41,4,1,1,1,45,4200,3000,0,154104,화학류제조기사 전문직 기계 대체 불가,화학공학
33532,4,4,4,4,3,3,3,5,3,4,3,4,3,4,3,4,3,4,4,4,4,4,4,4,3,5,4,4,3,5,1,0,3,4,3,4,2,3,3,4,3,4,2,2,2,2,2,2,2,2,2,3,2,2,1,0,1,0,1,0,1,0,1,0,1,0,1,0,1,0,1,0,1,0,4,5,1,0,4,3,1,0,1,0,4,5,3,4,4,3,4,4,4,4,3,4,3,4,3,2,4,18,1,2,2,2,0,2,5,4,3,4,4,4,4,4,4,4,5,4,4,3,3,4,4,3,3,4,4,4,2,4,4,4,4,3,3,4,3,4,3,4,2,2,2,2,2,2,2,2,2,2,3,3,3,3,2,7,7,6,5,6,5,6,5,3,1,29,4,1,1,1,40,3000,2700,0,414303,변화,애니메이션영상학
33533,4,6,3,6,3,5,3,4,2,4,5,5,2,1,3,4,4,3,1,0,2,3,3,4,1,0,2,4,4,6,5,5,3,4,3,4,2,2,3,4,3,5,3,6,4,6,4,4,1,0,3,5,4,4,1,0,3,4,1,0,4,4,1,0,4,4,4,4,3,3,3,4,3,5,4,6,4,4,3,3,3,3,2,3,3,3,2,3,4,3,3,4,5,1,3,1,3,4,4,5,4,17,1,1,1,1,6,6,5,4,4,4,4,4,4,4,5,9,5,4,4,4,4,4,4,4,4,3,4,4,4,4,4,4,3,4,4,3,4,4,4,3,2,2,2,2,2,2,2,2,2,3,4,3,2,2,2,3,4,5,6,6,6,3,5,6,1,40,4,2,5,1,40,0,0,10500,301105,의사면허 이비인후과전문의 인성교육 건강 중시,의학
33534,2,3,2,1,2,3,4,5,4,5,3,5,4,5,4,4,3,3,4,4,4,5,3,5,3,4,2,2,3,3,4,4,2,3,2,2,3,4,1,0,1,0,2,3,2,2,3,4,3,4,2,4,3,3,1,0,1,0,1,0,2,2,2,1,2,3,3,4,3,3,1,0,2,3,2,3,3,2,2,4,2,4,3,3,2,3,3,3,3,4,3,2,3,3,4,3,3,2,2,3,3,19,1,2,2,2,0,1,4,4,4,4,4,3,4,4,4,2,2,2,4,4,3,3,4,2,3,2,2,2,3,3,2,4,3,3,2,3,4,3,2,3,2,2,2,1,1,2,1,1,2,1,1,3,3,2,2,6,5,6,5,4,5,5,4,6,1,45,3,2,5,1,40,0,0,4500,24203,시스템 개발 조사 방법 경기 침체,마케팅
33535,5,6,5,7,5,6,5,7,4,5,5,6,5,6,4,5,4,5,4,5,5,6,5,7,4,5,5,6,5,6,5,6,5,6,5,7,5,6,4,5,5,6,4,5,4,5,4,5,4,5,5,6,4,5,3,3,2,3,2,2,3,3,3,3,2,2,2,2,2,2,2,2,2,2,2,2,2,2,2,2,2,2,2,2,3,4,3,4,4,4,4,3,4,4,3,4,3,4,4,3,4,16,5,2,2,1,3,3,5,4,3,3,4,4,3,4,4,4,4,4,4,4,4,4,4,2,3,3,4,4,5,4,2,3,4,4,3,3,3,4,4,4,2,1,2,2,2,1,1,1,1,2,2,2,2,2,1,3,3,2,2,3,3,2,3,8,2,38,4,1,3,1,52,3200,1800,0,22202,상담교육 교육 프로그램 도입 인공 지능,교육심리
33536,4,5,5,7,4,5,3,4,3,4,3,4,3,4,4,5,5,6,3,4,4,5,4,5,4,5,4,5,3,4,3,4,3,4,2,3,3,4,3,4,3,4,4,5,3,4,4,5,4,5,3,4,3,4,1,0,1,0,1,0,4,6,2,3,2,3,1,0,1,0,1,0,3,4,1,0,1,0,1,0,1,0,2,3,3,4,4,5,3,3,3,3,4,4,3,4,3,4,4,3,3,11,1,5,2,2,0,3,4,3,4,4,3,4,3,4,4,4,4,4,2,4,4,3,2,3,3,5,4,5,2,4,4,4,4,3,3,5,4,4,5,4,2,2,2,2,2,2,2,2,2,2,3,2,2,2,1,2,5,1,5,3,4,2,4,2,1,35,4,1,1,1,40,3000,2500,0,26101,업무 지금,경영학
33537,3,5,3,3,2,3,5,4,3,4,2,4,2,4,4,4,4,3,5,5,4,4,4,4,5,5,4,3,2,4,3,4,2,3,3,3,1,0,3,3,5,4,3,3,2,3,2,3,1,0,1,0,3,3,3,3,3,4,2,2,1,0,3,5,3,4,3,5,2,3,2,4,3,5,2,3,2,4,3,5,2,3,3,5,4,4,3,2,4,5,2,2,5,3,2,3,3,3,5,3,4,18,3,2,1,2,0,1,4,3,2,2,4,4,3,3,9,9,9,3,3,4,3,3,2,3,2,2,4,3,2,4,3,4,3,2,3,4,3,2,4,4,2,2,2,2,2,2,2,2,2,1,2,2,2,2,1,2,2,2,4,3,4,8,3,4,1,45,4,1,3,2,40,3300,2500,0,420301,농구심판자격증 코로나 여파 경기 취소,체육학
33538,4,4,3,3,3,3,3,3,2,2,4,4,3,3,4,4,3,3,2,2,3,4,2,2,4,6,3,4,3,3,3,3,3,3,2,2,3,4,2,2,3,5,2,2,2,2,1,0,2,2,1,0,3,4,4,4,4,5,3,3,3,3,4,5,4,6,3,3,3,3,2,4,2,2,3,3,3,3,3,3,3,3,3,5,4,4,3,3,4,4,3,4,4,3,4,4,3,3,4,2,3,13,1,2,2,2,0,7,2,3,4,4,4,4,3,4,4,4,4,4,3,4,3,4,3,4,4,3,4,4,3,4,3,4,4,4,3,5,4,4,4,4,2,2,2,2,2,2,2,2,2,1,4,2,2,2,1,2,8,7,2,5,5,8,5,2,1,36,3,1,1,1,40,3900,2600,0,154201,기초과학 분야 필수 업무,화학
33539,5,6,4,6,3,3,4,6,3,5,4,6,4,6,5,6,4,6,3,4,4,5,4,6,5,6,4,6,1,0,2,3,1,0,3,4,2,2,4,5,4,6,1,0,4,5,1,0,1,0,1,0,1,0,1,0,1,0,2,2,3,4,3,3,2,2,1,0,3,3,3,3,1,0,2,1,1,0,1,0,1,0,1,0,4,5,3,3,4,3,3,3,4,3,3,4,3,4,3,4,3,13,3,3,2,2,0,7,4,3,3,3,3,4,3,3,3,4,4,3,3,3,3,4,3,4,5,4,4,4,2,5,4,4,5,3,5,4,5,2,4,4,2,2,2,2,2,2,2,2,2,1,3,3,3,3,2,8,7,4,2,3,2,9,6,2,2,32,4,1,1,1,40,3500,2900,0,155401,변화,화공
33540,3,3,3,3,3,3,3,3,3,4,3,3,4,5,3,3,3,3,3,3,3,3,3,3,4,5,4,5,4,5,3,3,3,3,4,5,4,5,3,3,3,3,4,5,4,5,4,5,4,5,4,5,4,5,4,5,4,5,4,5,3,3,4,5,4,5,4,4,4,4,4,5,4,5,4,5,4,4,4,4,4,5,4,5,4,5,3,3,4,3,2,3,3,3,3,3,3,3,2,3,4,6,1,3,1,1,3,3,4,4,3,3,4,3,3,4,4,4,4,4,4,3,3,4,3,3,3,4,3,3,4,4,3,4,3,3,4,3,2,2,3,3,1,1,1,1,1,1,1,1,1,2,2,2,2,2,1,6,5,5,3,2,4,5,3,4,1,40,3,1,3,2,52,4800,4000,0,16101,설비기사 설비기사시험 기계 시설 교체 자동화 인공 지능,산업안전
33541,2,2,2,2,3,3,3,3,3,3,4,4,4,4,4,4,3,3,3,3,3,3,3,3,3,3,3,3,3,3,3,3,3,2,3,3,3,3,4,4,4,4,3,3,3,3,1,0,1,0,1,0,4,4,4,5,4,4,4,5,3,3,3,4,4,5,4,5,4,6,5,6,4,4,3,3,4,5,3,4,3,3,4,4,4,4,4,4,4,4,2,4,4,3,4,3,2,3,3,2,3,3,1,2,2,2,0,7,3,4,3,3,3,4,3,4,9,4,4,4,3,3,3,4,4,3,5,4,3,4,4,4,3,4,3,4,4,5,4,4,5,4,2,2,2,2,2,2,2,2,2,1,3,3,3,3,2,7,8,9,5,5,5,5,5,5,1,34,2,1,1,1,40,3400,2200,0,882201,사람 일이,문과
33542,2,2,4,3,2,2,2,2,2,2,2,3,1,0,3,3,2,4,2,2,1,0,4,4,4,5,2,3,3,3,2,2,2,3,3,3,3,3,3,4,3,3,2,3,3,4,1,0,1,0,1,0,2,3,1,0,3,4,2,3,1,0,3,3,4,5,4,5,3,4,4,5,1,0,3,4,3,3,3,4,3,4,3,4,3,3,3,5,3,3,2,2,2,1,3,2,2,2,2,3,1,3,1,2,2,2,0,7,2,2,3,2,3,3,2,2,3,3,4,3,2,4,3,4,3,3,4,4,5,3,2,4,3,3,4,4,5,5,4,3,4,5,2,2,2,2,2,2,2,2,2,2,2,3,3,3,2,5,6,6,6,7,5,6,5,4,1,50,2,1,1,1,40,4000,2200,0,813201,기계 자동화 감소,기계
33543,4,5,4,5,4,5,5,6,4,5,4,5,3,3,3,4,4,5,4,4,3,4,4,5,3,3,2,2,3,4,4,5,3,4,3,3,3,3,3,5,3,4,3,3,3,4,3,3,1,0,2,2,1,0,1,0,2,3,3,4,4,6,1,0,2,2,1,0,1,0,1,0,1,0,1,0,2,2,2,2,1,0,3,4,4,5,4,4,4,3,2,4,4,4,4,3,3,4,4,3,2,11,1,2,2,1,2,7,3,4,3,4,2,4,4,4,4,4,4,4,3,4,3,4,4,3,4,4,4,3,3,4,4,3,4,4,5,4,4,3,5,3,2,2,2,2,2,2,2,2,2,3,1,3,2,3,1,8,2,2,2,5,5,5,8,5,2,43,4,1,1,1,40,3800,2400,0,32302,업무 교육 훈련이 필요 전산 화가,수학
33544,5,6,4,6,3,5,4,5,3,4,2,3,4,4,3,5,3,4,3,4,4,4,4,6,5,6,4,5,5,5,3,4,5,5,2,2,2,3,4,5,4,4,4,4,3,4,1,0,1,0,1,0,2,2,3,3,3,3,3,3,3,5,3,5,4,4,3,3,2,4,2,4,3,5,3,4,4,6,4,6,3,3,4,5,3,5,4,5,5,5,4,2,4,2,3,4,3,4,3,4,4,18,1,2,2,2,0,2,4,4,3,4,2,4,4,2,9,9,9,3,3,2,3,4,3,2,4,2,3,3,2,4,5,4,4,3,4,4,3,3,4,2,2,2,2,2,2,2,2,2,2,1,4,2,2,2,1,6,7,6,4,5,5,6,4,5,2,39,4,1,3,2,40,3000,2000,0,416302,대중 정보 관심 요구,신문방송학
33545,2,2,3,4,2,3,2,3,3,4,2,3,2,2,3,4,2,2,1,0,1,0,2,3,5,6,1,0,2,3,2,3,1,0,1,0,2,3,2,3,4,5,1,0,1,0,1,0,1,0,1,0,5,5,2,4,5,3,4,5,1,0,4,5,4,6,4,6,4,5,4,6,2,3,5,6,4,5,4,6,4,5,3,5,3,4,2,3,4,3,2,3,4,1,3,3,2,3,2,2,3,3,1,4,2,2,0,7,2,3,3,3,4,3,2,3,3,3,4,3,2,3,2,5,4,2,3,2,2,3,4,5,2,3,4,5,3,3,4,3,5,3,2,2,2,2,2,2,2,2,2,1,3,3,3,3,2,7,8,7,3,3,5,7,3,5,1,48,2,1,1,1,44,4000,2500,0,821201,철강 산업,공고
33546,3,4,4,4,3,4,3,4,3,4,3,4,3,4,3,4,3,4,3,4,3,4,3,4,3,4,3,4,3,4,3,4,3,4,3,4,3,4,3,4,3,4,3,4,3,4,3,4,3,4,3,4,3,4,3,4,3,4,3,4,3,4,3,4,3,4,3,4,3,4,3,4,3,4,3,4,3,4,3,4,3,4,3,4,3,4,3,4,3,4,3,3,3,3,3,3,3,3,3,3,3,13,1,4,1,2,0,7,4,3,3,3,4,3,3,3,3,3,3,4,3,3,3,3,3,3,3,3,3,3,4,4,4,4,4,3,4,4,4,4,3,3,2,2,2,2,2,2,2,2,2,2,3,2,2,2,2,7,6,6,6,6,6,5,6,5,1,45,4,1,1,1,40,4000,3000,0,153102,산업기사 전문가 증가,전기공학
33547,2,2,3,3,1,0,3,4,2,2,2,2,2,4,2,2,3,3,2,4,3,3,1,0,2,3,1,0,3,4,2,3,1,0,1,0,2,3,4,3,3,3,3,3,3,3,1,0,1,0,1,0,3,3,1,0,4,5,2,3,1,0,1,0,2,3,3,4,1,0,1,0,1,0,3,5,4,4,2,4,5,4,4,4,3,5,2,3,4,3,4,3,2,2,1,3,3,3,2,3,4,6,4,1,2,2,0,1,1,2,2,2,4,3,3,3,2,3,3,3,2,4,3,4,4,4,3,2,2,3,3,4,2,3,4,4,4,5,4,4,4,4,2,2,1,2,2,2,2,2,2,2,2,2,2,2,2,7,5,6,3,3,5,6,2,1,1,64,2,1,4,2,48,3000,2300,0,702401,공기 발달 장비 기계 용법 건설업 침체 불황 때문,인문계
33548,2,3,2,2,4,4,2,3,1,0,2,2,1,0,3,3,4,4,4,3,3,4,2,4,4,4,3,3,2,2,3,4,3,3,1,0,3,4,4,3,4,4,3,2,4,4,2,3,3,3,3,3,1,0,1,0,3,3,1,0,4,4,3,4,3,3,1,0,3,3,2,3,3,3,4,3,3,4,3,4,2,3,3,3,4,3,3,3,3,4,2,3,2,2,3,2,3,1,4,4,2,15,2,5,1,1,2,2,4,3,4,3,5,4,3,3,3,3,5,4,3,4,3,3,4,3,3,3,4,4,3,3,2,2,3,3,3,3,3,2,4,3,2,2,2,2,2,2,2,2,2,2,3,3,3,3,2,9,8,5,2,3,3,4,8,7,1,39,3,1,1,1,40,4200,3700,0,240301,응급구조 1급 법무사 워드프로세서 1급 교도관 훈련 범죄자 계속 생기 관리 교도관 역시 상황,경찰행정
33549,3,4,3,4,2,2,4,6,4,6,3,4,2,2,3,4,2,2,3,4,2,2,3,4,4,5,4,6,2,4,1,0,2,2,3,4,1,0,3,4,3,4,4,6,3,4,1,0,1,0,1,0,1,0,1,0,1,0,1,0,3,4,1,0,1,0,1,0,1,0,1,0,3,4,1,0,1,0,1,0,2,2,2,2,4,5,3,4,4,4,3,3,2,3,4,3,3,3,2,3,3,11,1,2,1,2,0,7,5,4,3,3,4,4,2,4,9,9,4,4,4,3,4,4,4,4,2,1,4,1,4,4,4,2,2,2,4,5,4,3,4,3,2,1,2,2,2,2,2,1,1,1,3,2,2,3,1,4,7,3,8,3,8,2,8,3,1,36,4,1,1,1,40,5500,4000,0,31101,투자자산운용사 자산설계운용사 시스템 업그레이드,경영학
33550,1,0,1,0,1,0,1,0,1,0,1,0,1,0,1,0,1,0,1,0,1,0,1,0,5,6,1,0,1,0,1,0,1,0,1,0,1,0,1,0,1,0,1,0,1,0,1,0,1,0,1,0,1,0,1,0,4,5,4,4,1,0,1,0,4,5,4,5,5,6,5,6,1,0,4,5,4,5,1,0,4,5,4,5,4,5,1,0,4,3,4,2,4,2,3,2,3,3,2,3,2,3,1,2,2,1,3,3,1,3,2,2,3,3,2,2,2,3,2,2,3,4,3,4,3,4,4,3,4,3,4,3,2,3,4,3,4,4,3,3,4,4,2,2,2,2,2,2,2,2,2,1,3,3,3,3,2,9,7,7,8,3,8,8,4,7,1,39,2,1,1,1,40,4000,3000,0,882101,가공기계 조작 상황 유지,기계
33551,3,4,3,4,2,3,3,4,2,3,2,3,1,0,3,3,2,3,2,3,2,3,2,3,2,3,3,3,3,3,3,5,2,2,2,3,3,4,3,3,4,4,3,3,3,3,1,0,3,4,2,3,2,4,3,4,4,5,4,5,1,0,1,0,4,4,5,4,5,4,4,4,1,0,5,4,5,4,4,4,5,4,4,3,3,4,3,3,3,4,3,3,4,2,4,4,4,3,3,4,4,3,1,3,2,2,0,7,2,3,3,3,4,4,3,2,3,4,3,3,3,2,2,5,3,4,3,3,4,4,3,4,4,3,3,4,3,5,4,3,5,4,2,2,2,2,2,2,2,2,2,4,2,2,2,2,2,8,8,7,9,8,7,8,7,9,1,45,2,1,1,1,40,4600,2600,0,873301,정의 기계 자동화,기계
33552,5,6,4,6,5,6,4,6,5,6,4,6,4,5,5,6,5,6,4,6,5,6,5,6,4,6,5,6,5,6,4,6,5,6,5,6,4,5,4,6,5,6,4,5,5,6,5,6,4,6,5,5,4,6,4,6,4,6,4,6,4,6,4,6,5,6,4,6,5,6,5,6,4,6,4,6,5,6,4,6,4,6,4,6,4,5,4,5,4,4,4,5,5,5,5,4,5,4,4,5,4,10,1,2,2,2,0,2,5,2,3,2,4,4,4,3,3,3,3,4,4,4,3,4,4,4,4,4,3,4,5,4,5,4,4,5,4,4,4,4,4,2,2,2,2,2,2,2,2,2,2,1,1,2,2,2,2,6,5,4,5,6,6,6,5,4,1,38,4,1,1,1,40,4300,2400,0,416302,개인 방송,사회학
33553,4,5,4,5,3,4,3,4,5,7,3,4,1,0,3,4,3,4,5,6,3,4,3,4,3,4,4,3,2,3,3,4,1,0,1,0,1,0,2,2,3,3,2,3,2,3,4,4,1,0,1,0,1,0,1,0,4,6,4,5,4,6,3,4,3,4,4,6,3,4,3,4,1,0,3,4,3,4,3,4,4,3,3,4,4,6,4,5,3,4,3,2,3,3,3,3,3,4,4,4,4,13,1,2,1,2,0,6,4,4,4,4,4,4,4,3,3,3,3,3,2,4,4,4,4,3,3,2,3,3,3,4,4,4,4,5,4,5,3,4,5,3,2,2,2,2,2,2,2,2,2,1,2,3,3,3,2,7,8,8,7,7,7,7,8,9,1,28,4,1,1,1,40,3300,3000,0,140304,산업기사 계속 토목 건설 경기 불황,건축설비공학
33554,3,3,3,3,3,3,3,3,3,3,4,3,1,0,3,2,1,0,3,4,1,0,3,3,2,2,1,0,1,0,3,2,1,0,1,0,3,2,2,2,3,3,3,3,3,4,2,2,3,3,2,2,2,2,3,3,3,3,1,0,3,3,3,3,3,3,3,3,3,4,3,3,3,3,3,3,1,0,3,2,3,3,3,3,3,3,3,3,4,3,3,5,3,3,3,3,3,3,3,4,4,13,2,3,2,1,1,7,5,4,4,4,4,4,4,4,9,4,4,4,2,4,4,3,3,4,3,3,4,3,3,4,2,2,4,4,4,4,3,3,5,3,1,2,1,2,1,2,2,2,2,1,4,3,3,3,2,3,3,4,4,3,5,3,3,6,1,36,5,1,1,1,40,3500,3100,0,155203,직무교육 환경 변화 증가 에너지 다양성 강조,기계공학
33555,3,4,4,4,4,5,4,4,2,4,4,4,2,4,2,3,3,4,3,5,3,5,3,5,3,4,3,4,3,4,3,3,2,3,2,2,2,4,2,4,3,4,3,4,2,3,2,2,3,3,2,3,3,4,2,2,2,2,3,3,3,4,1,0,2,2,3,3,4,3,2,4,2,2,2,3,4,5,3,4,3,4,2,4,3,3,2,3,3,3,3,4,3,2,2,3,3,4,4,3,2,17,3,5,1,1,6,6,6,4,4,4,4,4,4,4,4,5,4,4,4,4,4,4,4,4,3,4,4,4,4,4,4,3,4,4,3,4,4,4,3,3,2,2,2,2,2,2,2,2,2,3,4,3,3,3,2,4,5,6,6,7,6,3,6,7,1,36,5,1,1,1,40,11000,9300,0,301102,의사자격증 외과전문의 레지던트 인턴과정 노령 인구 증가,의학
33556,4,4,3,5,3,5,4,4,4,4,4,4,4,4,3,4,4,4,3,5,3,5,3,5,3,4,4,5,4,5,4,4,4,5,4,5,3,4,3,5,3,4,4,4,3,4,4,5,4,4,4,4,4,4,4,5,3,5,4,4,4,4,3,4,4,4,5,5,4,6,4,6,4,4,4,5,3,4,4,5,3,5,3,5,4,5,4,5,4,5,4,3,3,4,3,4,3,4,3,4,3,6,4,1,1,2,0,2,2,4,3,4,3,4,3,4,9,9,9,4,4,2,3,4,4,3,4,3,4,3,3,4,3,4,3,4,3,4,4,4,4,4,2,2,2,2,2,2,2,2,2,2,3,2,2,2,2,7,6,7,3,6,4,3,7,4,1,58,2,2,6,1,50,0,0,5000,704001,불도저운전기능사 굴삭기운전기능사 중장비 이용 사용 장비,전자
33557,2,3,4,4,1,0,4,4,2,3,2,4,2,3,2,4,3,3,1,0,1,0,2,4,4,5,2,3,3,4,4,4,1,0,1,0,3,4,2,5,4,4,3,3,4,4,2,3,3,3,2,3,3,4,2,5,4,5,4,4,2,4,4,4,5,5,4,5,4,4,5,5,2,4,4,4,5,5,3,3,3,5,3,4,3,5,3,3,3,4,4,3,2,2,3,2,2,3,3,2,4,3,1,2,1,2,0,2,2,4,4,3,4,4,4,4,4,5,5,5,2,4,4,4,4,3,2,3,3,4,4,4,5,3,4,4,5,4,3,3,4,4,2,2,2,2,2,2,2,2,2,1,3,3,3,3,2,7,3,5,7,3,7,7,2,6,1,56,2,1,1,1,48,4000,2000,0,873101,식품가공기능사 기계 대체 불가,기계
33558,3,4,5,6,2,3,5,6,2,3,3,5,1,0,3,4,4,5,1,0,1,0,3,5,2,4,4,4,3,4,3,3,4,6,4,6,3,5,5,5,4,5,2,3,1,0,1,0,1,0,2,3,1,0,1,0,1,0,1,0,3,5,1,0,1,0,1,0,1,0,1,0,1,0,1,0,1,0,1,0,1,0,1,0,1,0,5,6,5,5,2,2,3,4,4,1,3,4,2,3,4,11,1,5,2,1,6,7,4,4,4,4,5,5,5,3,3,4,4,4,2,4,4,3,4,4,4,4,5,5,3,4,4,4,4,4,4,5,4,2,5,4,2,2,2,2,2,2,2,2,2,1,3,1,1,1,1,7,8,5,3,2,2,5,7,7,2,47,4,1,1,1,47,3800,1500,0,29201,지속적인 CIS교육 경제 고도 성장 고객 요구 서비스,영문
33559,5,7,5,6,5,7,4,5,3,4,4,6,4,5,5,7,5,7,4,5,4,5,4,6,4,6,4,5,4,5,4,6,4,5,2,4,3,4,3,4,4,5,3,4,4,6,4,3,4,5,4,5,4,6,4,3,3,3,1,0,2,3,2,3,2,3,1,0,1,0,1,0,1,0,1,0,1,0,2,3,1,0,1,0,2,3,2,2,4,4,4,4,4,3,4,4,4,3,4,4,4,19,3,3,2,2,0,6,5,4,4,4,4,4,4,4,4,4,4,5,4,4,3,4,4,4,4,3,3,3,4,4,4,4,2,2,3,4,5,5,5,4,2,2,2,2,2,2,2,2,2,2,3,3,3,3,2,7,4,4,3,3,3,5,5,5,1,52,6,1,1,1,52,4000,2000,0,110102,상태 유지,역사학
33560,2,3,2,3,1,0,1,0,1,0,1,0,1,0,1,0,3,4,2,4,2,3,1,0,5,6,4,5,1,0,1,0,1,0,1,0,1,0,1,0,3,4,3,4,2,4,1,0,1,0,1,0,4,5,3,4,3,5,3,4,1,0,1,0,5,5,3,4,3,4,3,4,1,0,1,0,1,0,4,5,4,5,2,3,2,3,2,3,4,4,2,3,4,2,3,3,3,3,2,2,2,3,1,4,1,2,0,7,2,3,2,2,4,4,3,3,3,3,4,3,3,4,4,4,2,2,3,3,4,4,3,4,3,3,3,2,3,3,2,3,3,4,2,2,2,2,2,2,2,2,2,1,2,3,3,3,2,8,8,7,3,4,4,8,3,4,1,52,3,1,1,1,40,4500,2500,0,821101,주조기능사 주조산업기사 경기,기계
33561,1,0,1,0,1,0,1,0,4,5,4,5,1,0,1,0,1,0,1,0,1,0,1,0,3,4,1,0,1,0,1,0,1,0,1,0,1,0,1,0,3,4,1,0,1,0,1,0,1,0,1,0,1,0,3,4,3,5,2,2,3,4,5,5,4,5,3,4,2,2,3,4,4,5,4,5,3,4,2,3,2,3,2,3,3,4,1,0,4,4,2,3,3,3,3,3,3,4,3,3,3,13,1,2,1,2,0,7,5,3,4,4,4,4,4,4,4,4,4,4,3,4,3,3,4,3,3,4,3,3,4,4,4,4,5,4,4,4,4,4,4,4,2,2,2,2,2,2,2,2,2,2,3,3,3,3,2,7,8,7,8,7,8,7,8,7,1,36,4,1,1,1,40,4400,2400,0,153301,전기기사 전기 분야 발달,전기전자공학
33562,3,3,2,5,3,3,1,0,2,2,2,2,2,2,3,3,1,0,2,3,1,0,1,0,1,0,2,2,2,2,1,0,1,0,1,0,3,3,1,0,1,0,1,0,1,0,3,3,2,2,3,4,3,3,3,4,2,2,2,2,1,0,1,0,3,3,3,3,2,2,3,3,2,2,2,3,3,3,2,2,3,3,2,3,4,5,3,3,2,2,3,3,4,3,3,4,2,4,4,3,2,16,5,4,1,1,6,6,6,5,4,4,4,4,3,3,9,9,4,4,1,5,5,4,2,2,2,1,4,4,4,5,4,4,3,3,3,4,2,3,4,5,2,2,2,1,2,2,2,2,2,2,4,2,2,2,1,4,4,4,5,5,5,6,5,4,2,34,5,1,1,1,40,3500,2500,0,413101,학예사 소장품에 대한 정보 숙지 실습 포괄적 상식 교육 전시기획 능력 코로나 장기간 확진 비대 전시 상품 개발 박물관 미술관 관련 산업 발전,교육행정
33563,4,4,4,4,2,2,3,3,4,4,4,4,3,3,4,4,3,3,2,3,2,4,3,3,2,3,4,4,2,3,2,3,3,3,3,3,3,4,4,4,4,4,5,4,2,3,2,2,4,3,2,3,4,4,5,5,4,4,3,3,3,3,3,4,4,4,3,3,4,4,3,3,2,3,3,2,2,2,2,3,2,2,2,2,4,3,3,3,4,3,3,4,4,3,3,3,3,4,4,3,4,3,1,3,1,2,0,6,5,4,3,3,5,4,4,4,3,3,4,4,3,2,2,2,3,4,3,3,3,4,3,4,4,5,4,4,4,3,4,3,4,4,2,2,2,2,2,2,2,2,2,1,3,1,1,3,1,8,7,5,3,5,4,7,7,5,1,43,4,1,1,1,40,6000,5600,0,153202,반도체설계산업기사 전자산업기사 기계 대체 불가,정보미디어학
33564,3,3,4,5,2,2,2,3,1,0,4,5,2,1,1,0,3,3,3,3,4,5,3,4,2,3,1,0,4,4,4,4,3,3,3,3,2,1,2,3,4,5,3,3,2,2,1,0,2,2,3,3,1,0,1,0,1,0,1,0,1,0,1,0,1,0,1,0,1,0,1,0,1,0,1,0,1,0,3,4,3,3,4,5,2,2,2,1,3,4,2,3,4,2,4,4,3,2,4,4,2,15,2,5,1,1,4,4,5,4,5,5,4,5,2,3,1,2,4,3,4,4,3,3,2,4,3,3,4,2,3,3,2,4,5,5,3,5,2,4,3,3,2,2,2,2,2,2,2,2,2,2,3,1,3,3,2,7,8,7,4,4,5,5,4,4,1,53,4,1,1,1,52,4700,1900,0,240101,경찰 자격증 현장 체험 최소한 인력 필요,경찰학
33565,3,4,4,5,4,5,3,4,2,3,3,4,3,4,3,4,4,5,3,4,3,4,3,4,3,4,3,4,3,4,3,4,3,4,3,4,3,4,3,4,3,4,3,4,3,4,3,3,2,3,2,4,2,3,3,4,3,4,4,5,3,5,4,5,3,4,3,4,3,4,3,3,2,3,4,5,4,5,4,4,4,4,3,4,4,5,4,5,4,4,4,3,3,3,3,3,3,4,4,3,3,3,1,2,2,1,3,3,4,3,3,3,3,4,3,3,4,3,3,3,3,3,3,3,3,4,4,3,4,4,4,3,3,3,3,4,4,5,4,3,5,5,2,2,2,1,1,1,1,2,2,1,3,3,3,3,2,6,5,4,5,6,5,6,5,5,1,31,3,1,3,1,52,3000,2800,0,823301,주물품 만들기 실습 매출 부진 인력 구조조정 지속,전기
33566,5,6,3,4,4,6,3,4,3,4,4,6,5,6,4,6,5,6,4,5,4,6,3,5,5,7,1,0,2,2,1,0,1,0,1,0,1,0,1,0,2,2,3,4,3,4,2,3,1,0,1,0,1,0,1,0,2,1,1,0,4,6,1,0,2,1,2,1,2,1,1,0,1,0,5,7,1,0,1,0,1,0,1,0,5,6,1,0,4,3,5,2,3,1,4,4,3,3,3,3,4,18,4,1,2,2,0,7,2,4,3,3,4,4,3,2,9,9,4,3,2,4,4,3,4,5,4,1,4,3,2,4,4,3,3,3,4,4,3,2,4,3,2,2,2,2,2,2,2,2,2,3,3,3,3,3,2,9,6,7,4,4,5,1,6,4,1,38,4,1,4,2,80,1800,1000,0,414301,분야 확장 가능성 업종,시각디자인학
33567,2,2,3,2,2,2,3,3,2,3,4,4,3,3,2,3,2,3,1,0,2,2,4,5,1,0,1,0,3,3,3,4,2,3,2,3,4,5,3,4,4,5,3,4,4,5,3,4,2,3,1,0,3,4,3,4,3,5,3,4,1,0,4,5,3,5,2,2,2,2,2,3,1,0,3,4,4,6,4,5,4,5,4,6,5,6,2,3,3,4,5,4,4,3,4,2,4,4,4,2,4,19,1,1,1,2,0,3,1,3,3,3,4,3,4,3,9,4,4,4,2,4,4,4,3,4,4,1,4,3,2,5,4,4,4,3,4,5,3,4,4,4,2,2,2,2,2,2,2,2,2,2,2,2,2,2,2,7,7,5,3,3,4,5,5,4,2,34,2,1,1,1,40,1800,1560,0,863401,양장기능사 저가 의류 생산 입지,문과
33568,3,4,4,5,3,4,3,4,1,0,3,4,4,5,2,2,3,4,3,4,4,5,1,0,4,5,2,3,4,5,3,4,3,4,4,5,3,4,4,5,4,5,4,5,2,2,3,4,2,3,1,0,1,0,1,0,3,4,2,3,1,0,3,4,2,3,3,4,2,3,1,0,3,4,2,3,2,2,1,0,2,3,3,4,4,5,3,4,5,4,2,4,4,3,4,4,3,2,2,3,2,7,1,1,1,1,2,2,5,3,3,2,4,3,4,3,3,4,4,3,2,3,3,4,3,2,3,3,4,3,4,3,4,3,3,4,3,4,4,4,3,3,2,2,2,2,2,2,2,2,2,1,3,3,3,3,2,4,4,4,3,3,4,3,3,1,2,28,4,1,1,1,40,3500,3000,0,415301,실내디자인건축기사 인테리어 교육 인테리어 관심,디자인학
33569,2,4,2,4,2,3,2,3,3,3,2,4,3,3,2,3,3,3,4,4,3,3,4,4,4,3,3,5,3,4,4,3,3,3,4,4,3,5,3,6,2,4,4,4,2,4,4,4,4,4,4,4,3,5,2,5,3,5,3,4,4,4,4,4,3,3,3,3,4,4,3,6,4,4,4,5,3,5,4,4,2,4,2,4,4,4,4,4,4,3,4,4,3,4,4,3,4,4,5,3,4,3,1,2,2,2,0,3,4,4,4,3,3,4,3,5,4,4,4,4,4,3,3,4,4,3,3,4,4,4,4,4,4,3,4,5,4,3,4,3,4,3,2,2,2,2,2,2,2,2,2,2,3,3,3,3,2,7,3,5,7,3,7,7,3,6,1,39,4,1,1,1,40,3800,2800,0,28301,향후 일자리 유지 예상,컴퓨터학
33570,4,5,5,6,4,5,4,5,5,5,5,6,5,6,4,5,5,6,5,6,5,6,5,6,4,5,4,5,3,4,4,5,5,6,4,5,3,4,4,5,3,4,4,5,4,5,5,6,4,5,4,5,4,5,1,0,1,0,1,0,1,0,1,0,1,0,1,0,1,0,1,0,1,0,1,0,1,0,1,0,2,3,2,3,4,5,4,6,4,5,4,4,5,4,4,4,4,4,5,5,4,11,1,2,1,1,3,2,5,4,4,4,4,4,3,5,4,5,5,4,4,3,4,4,4,4,3,4,4,4,4,4,3,4,5,4,4,4,4,4,3,4,2,2,2,2,2,2,2,2,2,1,4,3,3,3,2,8,2,3,7,4,7,8,3,6,1,52,4,1,1,1,40,4000,3000,0,31501,손해사정사 재무분석사 지급해야할 보험금 산출교육 시대,금융경제학
33571,4,5,4,6,4,5,4,6,4,6,4,5,4,6,4,5,4,5,4,5,4,5,4,5,4,4,4,5,4,5,4,5,4,5,4,4,4,5,4,5,4,5,4,5,4,4,4,4,4,5,4,5,4,5,4,5,4,4,4,5,4,5,4,5,4,3,4,4,4,3,4,5,4,5,4,5,4,5,4,5,4,5,4,5,4,5,4,5,4,4,4,4,4,4,3,4,3,4,4,4,4,17,1,1,1,1,4,6,5,4,4,4,4,4,4,4,4,4,4,4,2,4,4,4,3,4,4,3,4,4,4,4,4,4,4,4,4,4,3,3,4,4,2,2,2,2,2,2,2,2,2,1,3,2,2,2,2,5,5,4,4,4,4,5,5,5,1,50,4,2,5,1,45,0,0,10000,301201,전문의자격증 전문실무교육 인구 감소 일자리 변동,가정의학
33572,4,4,3,5,4,4,4,5,4,5,3,4,5,5,3,4,3,5,3,5,5,5,4,5,3,4,4,5,4,5,3,4,2,4,3,3,3,3,3,3,3,3,4,4,3,4,3,3,2,3,3,3,3,3,4,4,2,4,3,4,3,3,3,4,2,3,3,3,3,3,3,3,2,4,2,3,3,4,3,4,3,4,3,4,3,4,4,4,4,3,4,3,4,3,2,4,3,3,4,3,4,13,1,3,1,1,3,5,4,4,3,4,3,4,4,4,3,4,4,4,3,4,4,4,3,4,4,3,4,4,4,4,4,3,4,4,3,4,4,4,4,3,2,2,2,2,2,2,2,2,2,3,4,3,3,3,2,7,7,3,4,5,3,6,4,6,1,44,4,1,1,1,40,4500,2700,0,842101,산업기사자격증 설치교육 안전교육 등장 방송 장비 설치 수리 대한 고용 증가,전기전자
33573,5,6,4,5,2,4,4,5,3,4,3,4,2,2,4,5,4,5,1,0,3,4,3,4,4,5,3,4,4,4,1,0,1,0,1,0,2,2,4,5,4,5,3,4,3,4,1,0,1,0,1,0,4,5,5,6,5,5,5,5,1,0,3,4,4,4,4,4,5,6,5,4,1,0,4,5,4,5,3,4,4,4,4,5,3,3,2,2,4,5,3,3,4,1,4,4,4,3,3,3,4,13,1,2,1,2,0,7,4,3,3,3,4,3,3,3,3,3,3,3,2,4,3,4,4,4,4,3,5,3,3,4,4,4,3,4,5,5,5,3,5,3,2,2,2,2,2,2,2,2,2,1,4,2,2,3,2,6,8,8,5,4,6,3,4,3,1,32,4,1,1,1,40,3500,2800,0,306701,보조기사 자격증 차량 사고 율도 갈수록 의지 보조 필요 사람 증가 것이므,재활학
33574,5,7,5,6,5,6,5,6,5,7,5,7,4,6,5,6,5,7,5,7,5,6,5,7,5,7,4,6,5,6,5,7,5,7,5,7,5,7,5,6,4,6,4,5,4,4,3,4,3,4,3,4,3,5,2,3,2,3,2,1,2,2,1,0,1,0,1,0,1,0,1,0,1,0,1,0,1,0,1,0,1,0,1,0,4,5,4,6,3,3,3,3,3,4,4,3,3,4,4,4,3,15,2,5,2,2,0,4,5,3,3,3,5,5,5,4,4,3,4,3,3,3,3,3,3,3,3,3,3,3,4,3,3,3,2,3,4,3,4,3,3,4,2,2,2,2,2,2,2,2,2,2,3,3,3,3,2,6,5,7,7,5,3,2,2,5,2,42,4,1,1,1,40,4900,3000,0,110203,상태 유지,경제학
33575,4,5,3,5,4,6,5,7,4,6,5,6,4,6,4,5,4,4,3,4,4,6,4,5,4,5,4,4,4,5,4,5,5,6,4,6,4,5,4,6,4,4,4,5,3,4,4,5,1,0,3,5,1,0,1,0,1,0,2,3,4,5,3,4,3,3,1,0,2,2,2,2,3,4,1,0,1,0,1,0,1,0,1,0,3,4,3,5,4,5,4,4,4,4,4,3,4,4,4,4,4,13,1,2,1,2,0,6,5,5,4,4,5,5,4,4,4,4,3,4,2,5,4,5,4,4,4,2,4,3,2,4,4,4,5,5,5,5,5,4,4,3,2,2,2,2,2,2,2,2,2,1,4,3,3,2,2,6,7,2,4,2,2,1,2,7,1,54,4,1,1,1,40,8400,6000,0,23101,공인회계사 회계사 배출 갈수록 증가,회계학
33576,2,2,3,4,2,1,3,4,3,3,2,2,2,2,2,1,3,3,2,2,2,1,3,3,4,5,3,3,4,5,4,5,3,4,4,5,2,2,4,5,3,4,3,4,2,2,4,5,3,3,1,0,2,2,2,2,2,3,3,4,1,0,3,3,2,2,2,2,1,0,2,2,3,3,3,4,4,5,2,2,3,4,3,3,3,3,2,2,3,2,3,2,2,2,2,3,2,2,2,1,3,7,4,1,2,2,0,7,2,2,2,2,3,2,2,2,9,9,9,2,4,4,2,3,4,4,3,2,3,2,4,3,3,5,4,3,5,5,3,4,5,4,2,2,2,2,2,2,2,2,2,1,2,2,2,2,1,7,6,7,6,5,6,4,5,4,1,58,2,2,6,1,50,0,0,2300,615501,추억 공유 세대,이과
33577,5,7,5,6,3,3,3,4,4,5,4,5,3,4,3,4,3,4,2,2,3,4,4,5,4,5,4,5,3,4,4,5,3,5,4,5,4,5,4,5,3,5,4,5,4,5,4,5,3,5,4,5,4,5,4,4,4,5,2,2,4,5,1,0,2,2,2,3,1,0,1,0,4,5,5,6,5,6,3,4,2,3,2,2,4,5,2,2,5,5,4,4,5,4,5,4,3,5,5,4,5,17,1,1,1,2,0,5,7,5,5,5,5,5,3,4,3,3,3,4,2,4,4,4,3,3,4,5,5,4,3,4,3,4,5,5,4,4,3,3,3,2,2,2,2,2,2,2,2,2,2,1,4,2,2,3,2,8,8,3,7,4,4,3,3,7,1,55,6,2,5,1,40,0,0,7000,301105,전문의자격증 의료 서비스 선진 화로 인력 증가,의예
33578,2,2,3,4,1,0,3,3,2,2,1,0,2,2,2,3,2,2,2,2,2,3,3,4,3,4,2,2,1,0,3,4,3,3,2,2,3,4,3,3,3,4,3,4,3,4,2,3,3,4,2,2,3,3,3,4,3,4,3,3,1,0,3,4,2,3,3,4,2,2,3,3,2,2,3,4,3,3,2,1,3,4,3,4,3,3,2,2,4,2,3,4,2,2,3,4,3,4,4,2,4,13,4,2,2,2,0,4,2,2,3,3,5,5,2,4,9,9,3,3,1,4,5,4,5,4,5,4,4,2,3,5,3,4,5,5,4,5,3,4,5,2,2,2,2,2,2,2,2,2,2,1,3,3,3,3,2,8,9,6,4,3,4,2,2,2,1,54,4,2,6,1,40,0,0,5800,702501,공란,시각디자인
33579,4,5,4,5,2,4,3,4,5,6,4,5,4,5,4,5,4,5,4,6,5,6,4,5,4,5,4,5,5,6,4,5,5,6,4,5,2,3,4,5,4,5,5,6,4,5,2,3,3,4,3,3,5,7,5,6,5,6,4,5,5,7,5,6,4,5,4,5,4,6,4,6,4,5,4,6,4,6,4,5,4,6,4,6,4,5,5,6,5,3,4,4,4,5,4,4,4,3,4,4,4,3,1,2,2,2,0,7,2,4,4,4,4,4,4,4,4,2,3,3,3,4,3,4,4,3,3,4,4,4,3,4,4,3,2,4,5,5,5,4,4,3,2,1,1,2,2,1,2,1,1,2,3,2,2,2,1,8,2,8,4,7,3,7,2,8,1,58,2,1,1,1,48,3800,2800,0,821201,컴퓨터 프로그램 컴퓨터,농고
33580,2,3,3,4,2,2,3,3,1,0,1,0,1,0,1,0,1,0,1,0,1,0,1,0,1,0,1,0,1,0,1,0,1,0,1,0,1,0,1,0,4,5,1,0,3,3,1,0,1,0,1,0,1,0,1,0,4,4,4,5,1,0,1,0,1,0,5,5,5,5,1,0,1,0,2,2,3,4,3,4,4,4,2,3,3,3,2,3,2,4,5,3,2,2,4,3,3,4,4,4,3,10,1,3,1,2,0,2,3,3,2,2,4,4,3,3,3,3,4,3,3,3,3,3,3,3,4,4,4,4,4,4,5,4,4,3,5,5,5,3,4,4,2,2,2,2,2,2,2,2,2,1,4,3,3,3,2,7,5,6,4,5,5,5,5,5,1,40,3,1,3,2,48,3500,2000,0,842101,방송통신기능사 통신 시장 변화,정보통신공학
33581,4,6,5,6,5,7,4,5,4,6,4,6,4,5,4,6,4,5,4,6,4,6,4,6,4,5,4,6,4,5,4,6,4,6,4,5,4,5,4,5,4,5,4,5,4,6,4,6,4,6,4,5,4,5,5,6,4,6,5,6,4,5,4,5,4,6,5,6,4,6,4,6,4,6,4,5,4,5,4,5,4,6,4,6,3,4,3,3,3,3,3,3,4,3,4,3,3,4,3,3,3,15,2,5,1,2,0,5,6,3,3,3,4,4,4,4,4,4,4,4,3,3,3,3,3,3,3,3,3,3,4,2,2,3,3,3,3,3,4,3,4,4,2,2,2,2,2,2,2,2,2,2,4,3,3,3,2,2,2,3,3,3,3,2,2,2,1,35,5,1,1,1,50,3600,2800,0,155102,전자공학 석사이상 대체에너지 개발 중요성,전자공학
33582,2,4,3,5,2,4,3,3,3,5,4,5,3,4,2,4,3,5,4,5,2,4,3,5,3,5,2,4,3,4,2,4,3,4,2,3,3,5,3,6,2,5,3,5,2,4,3,3,2,4,3,4,4,5,4,6,3,5,3,5,2,4,3,5,4,4,3,5,4,3,2,4,3,5,2,4,3,5,4,6,2,4,2,5,3,5,3,4,3,2,3,4,3,4,2,3,4,3,2,3,4,13,1,4,1,2,0,3,6,4,3,3,3,4,4,3,2,3,4,3,4,3,3,3,2,3,4,3,2,4,4,2,3,3,4,4,3,3,2,3,4,4,2,2,2,1,1,2,1,2,2,2,2,2,2,2,2,3,7,4,3,8,7,3,7,2,2,48,5,1,1,1,40,4200,3100,0,154104,화학분석기능사 인적 구조조정 자동화 시스템 증가,화학공학
33583,2,4,3,5,3,3,3,3,3,3,2,2,4,5,3,3,3,4,2,2,2,2,3,5,2,2,3,3,2,2,4,6,3,3,2,2,3,4,4,6,4,5,3,3,2,2,1,0,3,3,2,2,3,4,2,4,4,5,2,2,2,3,1,0,1,0,2,3,3,3,1,0,1,0,1,0,2,2,4,5,2,2,4,5,4,5,3,4,3,4,3,3,4,3,3,3,3,3,4,2,3,19,1,1,1,2,0,7,1,4,4,3,4,4,3,3,9,9,3,3,3,3,4,4,4,3,4,3,3,3,4,4,4,3,3,4,4,4,4,3,4,3,2,2,2,2,2,2,2,2,2,2,2,2,2,2,2,8,8,3,5,5,5,8,3,1,2,30,2,1,1,1,48,2950,2300,0,531701,바리스타 자격증 자동화 감소,일반고
33584,4,7,5,7,4,6,5,6,4,5,4,6,4,6,4,6,4,5,4,5,4,5,5,6,4,6,5,5,5,5,4,5,4,4,4,4,5,6,4,5,4,5,3,4,4,4,3,5,4,5,5,5,3,4,3,4,4,4,3,3,4,5,3,4,3,4,1,0,1,0,1,0,3,5,1,0,4,4,3,3,2,2,2,2,4,6,4,5,5,4,3,4,5,4,5,3,3,4,5,5,4,16,5,2,1,1,1,4,5,5,3,3,3,4,3,3,3,2,4,3,3,3,3,4,3,3,4,2,4,4,3,4,4,4,3,4,4,4,4,4,4,4,2,1,1,1,1,1,1,1,1,2,2,1,1,3,1,8,8,8,2,2,2,2,8,8,2,40,5,1,1,1,40,3720,2160,0,212201,정교사 1급 워드 다양한 연수 코로나 원격 수업 적용 활용 실시간 조례 수업 실시 기술 변화 변화 예상,교육학
33585,1,0,1,0,1,0,1,0,1,0,1,0,1,0,1,0,1,0,2,3,1,0,1,0,1,0,1,0,1,0,2,3,1,0,1,0,1,0,1,0,1,0,1,0,1,0,1,0,1,0,1,0,1,0,1,0,2,3,2,4,1,0,1,0,1,0,2,2,2,3,1,0,1,0,3,4,3,4,1,0,5,5,4,5,4,4,1,0,2,3,2,2,2,1,2,2,2,2,2,2,2,6,1,2,2,2,0,3,2,2,1,1,2,2,2,2,9,2,2,2,4,2,1,3,3,2,4,5,2,4,1,4,3,3,3,3,3,4,3,2,4,4,2,2,2,2,2,2,2,2,2,1,3,2,2,2,2,7,7,6,5,5,5,7,2,2,1,27,3,1,3,2,48,3200,3000,0,701301,직업 대체 차별,도예
33586,1,0,1,0,1,0,1,0,1,0,3,3,1,0,3,4,3,3,3,3,2,2,1,0,4,4,1,0,4,4,4,4,3,3,1,0,1,0,3,3,4,5,4,4,3,3,1,0,1,0,1,0,1,0,3,3,2,2,3,3,1,0,3,3,4,5,3,3,4,5,5,6,4,5,2,2,4,5,3,4,3,3,4,5,2,2,3,3,4,4,3,3,4,4,4,2,3,3,2,4,3,8,1,2,1,1,2,3,2,4,4,4,3,4,4,3,3,4,4,4,4,2,2,4,4,3,3,4,5,4,4,2,3,3,3,2,4,3,3,3,3,3,2,2,2,2,2,2,2,2,2,2,3,2,2,2,2,6,5,4,7,6,7,6,5,5,1,59,2,1,1,1,40,6500,4500,0,621203,해기사 안전교육 직무교육 여행 인구,농고
33587,3,4,3,3,2,2,3,4,1,0,3,3,1,0,2,3,2,2,3,2,1,0,1,0,1,0,1,0,4,3,2,4,4,3,1,0,1,0,2,3,4,4,2,4,2,3,1,0,3,4,1,0,1,0,1,0,3,3,1,0,3,3,1,0,1,0,1,0,1,0,1,0,1,0,3,2,3,2,1,0,2,3,2,4,3,4,3,3,3,4,3,3,4,2,4,3,4,3,3,5,4,17,1,2,1,2,0,3,2,4,3,3,3,3,4,4,3,4,4,4,4,3,4,4,4,3,4,4,3,3,3,4,4,5,4,4,4,4,5,4,4,3,2,2,2,2,2,2,2,2,2,2,2,3,3,3,2,6,4,5,3,4,6,4,5,6,1,52,2,1,1,1,40,3800,2300,0,512301,장례지도사 선호 직업,문과
33588,1,0,2,2,1,0,1,0,1,0,3,3,1,0,4,5,3,3,1,0,2,2,1,0,1,0,3,4,2,3,1,0,1,0,1,0,1,0,2,2,3,3,1,0,3,2,1,0,1,0,1,0,4,4,2,3,3,3,3,4,3,3,1,0,2,3,3,3,2,2,1,0,1,0,2,3,1,0,1,0,2,3,1,0,3,5,3,4,3,2,3,3,2,2,3,4,3,2,3,2,3,3,1,5,1,1,3,2,4,3,2,2,4,4,4,3,9,3,4,4,4,3,3,4,4,3,4,4,4,4,4,3,1,2,3,5,4,5,4,2,4,4,2,2,2,2,2,2,2,2,2,3,2,3,2,2,2,8,8,7,5,3,4,5,5,5,1,37,3,1,1,1,40,3600,3300,0,811101,건설기계차체정비기능사 공업기계설치 정비훈련 기술 기계 발전,기계
33589,4,4,4,5,2,3,2,3,3,4,3,4,3,4,3,3,3,4,3,3,3,3,3,3,4,4,2,2,2,2,2,2,2,2,2,2,2,2,1,0,1,0,1,0,1,0,1,0,1,0,2,2,4,5,3,3,2,2,1,0,1,0,1,0,1,0,2,2,2,2,2,2,2,2,2,3,3,3,2,2,2,2,2,2,4,5,4,4,4,3,4,3,3,3,3,4,3,3,4,3,3,3,1,3,1,2,0,5,5,4,3,3,4,3,3,4,4,3,3,4,4,3,4,4,4,4,3,4,3,3,4,3,3,3,3,4,3,3,3,4,4,4,2,2,2,2,2,2,2,2,2,2,3,3,3,3,2,7,7,7,6,6,6,7,3,4,1,40,4,1,1,1,40,3200,2800,0,133202,시각디자인산업기사 변화,컴퓨터시스템설계분석가
33590,2,2,2,2,2,2,3,4,2,2,2,3,2,3,2,2,3,4,3,3,2,2,3,4,3,3,2,2,3,4,2,2,3,4,2,3,2,2,4,5,3,4,3,3,4,5,2,2,2,2,2,2,3,4,4,4,4,5,3,4,2,2,3,4,2,2,3,4,2,2,3,4,3,4,4,4,3,4,3,3,3,4,2,3,3,4,2,2,3,3,2,2,3,2,3,3,2,2,3,3,2,6,1,1,1,2,0,1,2,2,3,4,5,4,4,3,9,3,4,3,3,3,4,3,4,4,3,3,2,3,3,3,4,3,3,4,4,3,4,2,3,3,2,2,2,2,2,2,2,2,2,2,3,3,3,3,2,6,7,4,5,5,4,4,7,6,1,51,2,1,1,1,40,3300,2700,0,702201,방수기능사 주택 건물 항상 보수 때문,인문계
33591,3,5,3,3,1,0,3,4,4,4,3,4,4,6,3,3,2,1,1,0,3,4,3,4,2,1,3,5,1,0,1,0,1,0,1,0,3,5,1,0,4,3,4,4,3,3,2,2,3,5,3,3,3,5,3,4,4,5,4,5,3,4,4,5,3,5,3,4,4,5,4,5,3,3,2,2,2,1,2,2,3,4,1,0,3,3,2,1,4,4,4,3,4,4,4,4,4,3,4,5,4,3,1,5,2,2,0,3,6,5,4,4,5,5,4,3,3,4,4,3,4,3,3,3,2,2,2,3,3,4,4,4,2,4,4,3,4,5,4,4,5,4,2,2,2,1,2,2,2,2,2,1,3,3,3,3,1,8,8,7,8,7,7,5,5,4,1,48,5,1,1,1,40,8000,3500,0,154105,항생 물질 화학 반응 데이타 분석 기계 대체 불가,화학공학
33592,4,5,4,4,2,2,3,5,3,5,3,5,1,0,2,1,2,3,3,4,2,1,2,3,3,4,4,4,4,5,4,4,2,2,2,2,2,3,3,4,3,4,3,5,2,1,1,0,2,1,2,3,2,3,1,0,2,4,2,2,3,5,2,1,3,4,3,4,2,2,2,2,2,1,1,0,3,4,3,5,4,5,3,4,4,5,4,5,2,4,1,4,5,4,4,3,2,4,2,4,2,15,2,5,2,1,4,5,5,4,5,4,2,4,4,4,4,4,5,4,2,4,4,4,2,4,5,3,4,4,4,4,4,4,4,5,3,4,5,3,4,3,2,2,2,2,2,2,2,2,2,1,4,1,1,1,2,7,4,5,3,4,7,5,5,5,1,35,4,1,1,1,40,3600,3000,0,25401,직무교육 공무원 선호 사람 증가,경제
33593,5,7,5,7,5,6,5,6,5,6,5,7,3,6,4,6,4,6,4,5,4,6,4,6,3,4,2,3,3,4,4,6,4,6,4,5,4,3,4,5,5,6,4,4,4,5,4,5,5,5,1,0,4,6,4,6,4,5,4,5,4,6,3,4,5,4,5,5,4,5,4,5,3,5,5,4,4,3,2,3,2,6,1,0,3,5,2,4,4,4,3,3,4,2,4,2,1,5,4,4,4,13,2,2,2,2,0,7,5,4,3,3,4,5,3,4,3,4,4,4,1,4,4,5,3,2,4,2,3,3,4,5,3,4,4,4,4,5,3,4,4,3,1,1,1,1,2,2,2,2,2,3,1,3,3,3,2,5,4,2,6,2,2,4,4,5,1,32,5,1,3,1,45,4600,3600,0,155106,프로그램 계측기 공구 자동화 활동 활용 국가 정책,기계공학
33594,3,5,3,5,2,3,3,4,4,5,2,2,3,4,3,5,4,5,2,3,2,3,2,3,3,4,2,2,3,4,3,4,2,2,2,2,3,4,3,5,3,3,3,4,3,5,4,5,2,2,2,2,4,4,4,6,3,4,3,3,1,0,3,3,1,0,3,3,2,2,1,0,1,0,5,6,3,3,1,0,4,6,3,4,4,5,3,3,5,4,4,3,4,2,3,3,2,3,3,2,3,7,1,1,2,2,0,4,2,3,3,2,4,3,3,3,3,3,3,3,2,4,4,4,4,4,3,4,4,3,3,4,3,4,3,4,3,4,4,4,4,5,2,2,2,2,2,2,2,2,2,2,2,2,2,3,2,7,7,6,7,7,7,6,6,7,1,47,2,1,1,1,48,2800,1800,0,863201,기성복 가격 재질 소재,인문계
33595,3,5,4,5,3,4,3,4,3,4,3,4,3,5,4,5,3,4,3,4,4,5,3,4,3,5,4,5,4,5,3,5,3,4,4,5,4,5,4,5,4,5,4,5,4,5,2,3,3,3,3,4,3,3,1,0,1,0,1,0,2,2,3,4,4,4,1,0,1,0,1,0,3,4,3,3,3,4,3,4,2,3,2,3,3,4,3,4,3,2,3,3,2,4,3,3,3,3,4,3,3,18,1,4,2,2,0,7,4,3,3,3,3,3,3,3,3,2,3,3,3,3,3,3,2,3,3,3,2,3,3,3,2,3,4,3,3,3,3,3,2,3,2,2,2,2,2,2,2,2,2,2,2,2,2,2,1,7,6,5,4,3,4,6,4,5,2,36,3,1,1,1,45,3200,3000,0,24203,인터넷 조사 시스템 조사 감소,국문
33596,2,3,3,2,2,2,3,3,3,4,3,3,1,0,2,2,3,2,4,5,1,0,1,0,3,3,1,0,1,0,1,0,1,0,2,2,1,0,3,3,1,0,3,3,2,3,3,3,2,2,1,0,1,0,1,0,4,5,1,0,1,0,1,0,4,5,3,4,4,5,4,4,1,0,3,4,3,4,3,3,4,4,3,3,5,5,3,4,4,3,5,2,3,1,3,4,3,1,1,3,4,8,4,1,1,2,0,7,1,3,2,1,4,2,1,3,9,9,9,3,2,3,3,4,3,1,2,3,3,4,3,4,3,2,2,2,3,4,3,3,4,5,2,2,2,2,2,2,2,2,2,1,2,2,2,2,2,6,6,5,6,4,5,4,5,5,1,60,1,2,6,1,44,0,0,3000,622304,1종대형먼허 물동량 감소 경비 증가 수입 감소,0
33597,4,4,4,4,2,4,3,3,2,2,3,3,2,2,4,3,3,3,2,2,2,1,4,4,3,3,2,5,3,2,3,4,2,2,2,3,3,3,2,2,2,2,3,3,2,1,2,4,2,2,4,5,1,0,1,0,1,0,1,0,3,2,1,0,2,1,1,0,1,0,1,0,1,0,1,0,1,0,1,0,1,0,1,0,3,2,2,2,3,2,3,3,2,4,3,2,3,3,3,3,3,3,1,2,2,2,0,7,2,2,3,3,3,3,3,2,3,3,4,3,3,2,3,4,3,1,2,3,3,5,3,4,2,3,3,3,4,5,3,2,4,4,2,2,2,2,2,2,2,2,2,2,3,3,3,3,2,7,7,5,3,5,4,5,6,6,1,34,4,1,1,1,40,3000,2400,0,26201,기업 인력 변화,행정학
33598,3,4,3,3,2,3,2,3,2,3,2,2,1,0,2,2,2,3,2,3,1,0,1,0,1,0,1,0,1,0,1,0,1,0,1,0,1,0,1,0,2,3,2,2,1,0,1,0,1,0,1,0,1,0,1,0,2,2,5,5,1,0,2,3,2,3,3,3,3,3,3,2,1,0,3,4,1,0,1,0,2,3,2,2,2,2,2,3,2,4,3,2,3,2,3,4,3,2,2,2,3,4,1,3,1,2,0,4,3,3,3,2,4,3,2,3,3,4,4,3,3,3,2,3,3,4,4,2,3,4,3,5,4,4,4,4,4,5,4,3,5,4,2,2,2,2,2,2,2,2,2,1,3,3,3,3,2,5,5,6,4,4,4,3,5,6,1,28,4,1,1,1,40,3000,3000,0,831301,전기공사기사1 2급 전기안전기사 업무 자체 계속 상황 진행 기술 변화 영향,전기공학
33599,4,6,5,7,5,7,5,7,1,0,3,4,3,3,4,4,3,4,1,0,4,5,4,5,4,6,4,6,4,5,3,4,4,5,4,5,1,0,2,3,1,0,2,2,4,4,1,0,1,0,1,0,1,0,1,0,1,0,1,0,2,3,1,0,1,0,1,0,1,0,1,0,1,0,1,0,1,0,2,2,2,2,1,0,3,4,4,5,4,4,3,4,4,4,3,3,3,4,3,3,3,10,1,4,2,2,0,7,5,4,4,4,4,4,4,4,3,4,4,4,4,3,4,5,4,4,4,3,4,3,4,3,3,4,4,4,5,5,5,3,2,4,2,2,2,2,2,2,2,2,2,2,3,3,3,3,2,7,8,4,5,6,3,7,6,7,2,34,4,1,1,1,40,3000,2300,0,412001,현장 보도 위해 말로,언론홍보학
33600,5,4,4,5,2,3,5,5,3,4,5,5,4,5,5,7,4,4,5,5,3,5,5,7,5,5,5,5,5,7,5,7,5,7,5,4,5,5,3,6,5,6,5,7,5,7,5,5,5,6,5,5,5,6,5,5,5,7,5,4,5,5,5,4,5,4,5,6,5,4,5,6,5,5,5,4,5,5,5,5,5,7,4,5,3,3,4,5,5,5,2,3,3,1,5,2,2,4,5,5,5,15,2,4,1,1,1,3,2,5,2,1,5,5,5,3,3,2,4,4,3,4,4,1,2,1,1,1,4,5,2,4,2,4,2,4,1,5,3,5,5,4,2,2,2,2,2,2,2,1,2,2,4,1,3,3,2,7,7,7,3,3,6,4,8,7,1,22,2,1,1,1,50,3000,2000,0,250301,전문기술자격증등이 필요하다 군사훈련 상사 공무원 안정,건축플랜트학
33601,4,6,5,6,4,6,4,5,5,7,5,6,4,5,4,6,5,6,5,6,5,6,5,7,4,6,5,6,5,6,4,6,4,5,4,5,4,5,4,6,4,6,3,4,3,3,3,4,3,4,3,3,3,3,2,3,2,1,2,2,2,3,2,3,3,3,1,0,1,0,1,0,1,0,1,0,1,0,1,0,1,0,1,0,4,5,2,3,3,3,3,3,3,4,4,2,3,4,4,3,4,15,2,4,2,2,0,4,5,3,3,3,4,5,5,3,4,3,3,4,3,3,3,3,3,3,3,2,3,3,4,3,3,3,3,3,3,3,4,3,5,4,2,2,2,2,2,2,2,2,2,2,3,3,3,3,2,2,3,5,5,7,5,5,5,5,1,35,4,1,1,1,40,3700,3000,0,110203,상태 유지,신문방송학
33602,4,6,4,5,3,4,4,6,5,6,5,7,5,6,4,5,4,6,4,5,4,5,4,5,4,5,4,6,4,5,4,5,4,6,5,6,2,3,2,3,5,7,5,6,4,6,4,6,4,6,4,5,2,3,2,2,2,2,1,0,2,2,2,2,1,0,2,2,2,2,2,2,2,2,2,2,2,2,2,2,2,2,2,2,2,2,2,2,5,5,4,4,5,4,4,4,4,3,3,3,3,11,1,2,1,1,3,3,5,4,5,4,4,4,4,4,5,4,4,4,3,4,4,4,3,4,3,3,3,3,4,4,5,4,3,4,4,4,3,3,3,3,2,2,2,2,2,2,2,2,2,4,2,2,2,2,1,2,7,2,3,2,3,3,7,5,1,52,4,1,1,1,40,8000,5500,0,12401,금융투자분석사 지점관리 교육 대면 온라인 거래 정착,경제학
33603,3,5,3,4,4,4,3,4,3,4,4,4,3,4,3,5,3,4,3,4,4,4,3,4,3,5,3,4,3,5,3,4,4,4,4,4,3,4,4,4,3,4,3,4,4,4,3,5,3,5,3,5,3,4,3,5,3,4,4,4,3,5,4,5,3,4,3,4,3,3,3,4,3,5,3,5,3,4,3,4,4,4,4,4,3,4,4,4,3,3,4,3,3,4,3,3,3,4,3,3,3,17,3,2,2,2,0,2,5,3,3,3,3,3,4,4,3,3,4,3,3,3,3,3,4,4,3,3,4,3,4,3,3,4,3,4,3,4,4,3,4,4,1,1,1,2,2,1,1,1,1,1,3,2,2,2,1,5,6,5,6,7,6,5,6,5,1,49,4,1,3,1,52,8000,6000,0,13401,시스템 자동화 도입 인구 고령화 수요,국어국문
33604,2,3,4,5,1,0,3,4,1,0,3,3,1,0,4,4,3,3,1,0,3,4,4,4,3,4,1,0,1,0,1,0,1,0,1,0,2,3,1,0,3,4,2,3,3,4,1,0,3,4,1,0,2,3,3,3,4,5,3,4,1,0,3,4,4,4,4,5,3,4,4,5,1,0,2,3,3,3,3,4,4,5,3,5,3,3,3,3,2,2,2,1,2,2,2,2,1,2,2,3,2,3,1,2,2,2,0,2,2,2,2,2,3,2,1,2,1,2,3,2,4,2,2,4,4,4,5,5,3,2,2,5,3,4,4,5,3,4,4,2,4,4,2,2,2,2,2,2,2,2,2,2,2,3,2,2,2,7,8,7,6,7,9,8,4,2,1,47,2,1,1,1,50,3800,2300,0,861101,사람 선호,인문계졸업
33605,5,6,5,7,5,5,5,6,4,5,4,6,5,7,5,6,5,6,3,5,3,5,4,6,5,6,5,6,4,5,4,6,5,7,4,6,5,7,5,6,5,6,5,7,4,7,4,6,3,5,5,6,5,5,3,4,3,4,3,4,4,4,3,4,3,4,2,3,2,2,3,4,3,4,3,3,3,5,1,0,1,0,1,0,1,0,1,0,3,3,3,3,4,3,3,2,3,3,2,3,3,15,2,5,2,2,0,2,5,3,3,3,4,4,4,3,3,3,3,4,3,2,3,3,3,3,3,3,3,3,4,3,3,3,3,4,4,4,3,2,3,4,2,2,2,2,2,2,2,2,2,1,3,3,3,3,2,2,3,3,3,4,3,2,2,2,1,55,4,1,1,1,40,5400,3800,0,122105,전문 일로 유지,산림자원
33606,4,4,3,3,3,3,3,3,3,3,3,3,4,4,3,3,4,4,4,4,3,3,4,4,4,4,3,3,4,4,3,3,4,4,4,4,3,3,3,3,3,3,4,4,3,3,3,3,4,4,3,3,3,3,4,4,4,4,4,4,4,4,4,4,5,6,4,4,5,6,4,4,4,4,4,4,4,4,4,4,4,4,4,4,4,4,3,3,3,4,4,2,4,4,3,2,4,4,4,3,4,7,1,1,1,1,3,3,2,3,2,3,4,4,3,3,9,3,3,3,3,4,2,4,4,4,3,2,4,4,3,4,5,4,4,4,4,5,2,3,4,3,2,2,2,2,2,2,2,2,2,2,3,3,3,3,2,8,5,3,3,5,3,5,6,4,1,33,2,1,1,1,60,3200,2800,0,702502,유리시공기능사 유리 시공 교육 모델링 증가 때문,기계
33607,3,4,3,4,2,2,3,4,2,2,3,4,3,4,3,4,2,2,2,2,3,4,2,2,4,6,3,4,3,4,2,2,3,4,3,4,2,2,3,4,3,4,4,6,3,4,3,4,3,4,2,2,3,4,2,2,2,2,3,4,3,4,3,4,2,2,3,4,3,4,3,4,2,2,3,4,4,6,3,4,3,4,3,4,3,4,3,4,4,4,3,2,3,3,4,4,3,3,2,3,3,19,1,2,2,2,0,2,2,4,3,2,4,4,3,3,9,9,3,3,2,3,3,4,4,4,2,1,4,2,4,3,4,2,2,2,4,5,4,3,4,3,2,2,2,1,2,1,2,2,1,2,1,2,2,2,2,2,7,3,7,4,6,3,7,4,1,46,2,1,1,1,48,3000,1900,0,882101,장비 도입 자동화 기계로 일이 점점,상고
33608,4,5,4,5,3,5,4,5,2,3,4,5,5,6,1,0,4,5,1,0,1,0,3,4,3,4,1,0,2,3,4,5,4,5,1,0,3,4,4,5,4,4,1,0,1,0,1,0,2,2,1,0,4,5,4,5,3,5,3,4,4,6,1,0,2,2,2,3,2,2,1,0,1,0,4,5,1,0,2,1,2,2,2,2,4,4,1,0,4,4,4,3,4,4,4,4,3,3,3,2,3,13,1,2,1,2,0,3,4,4,4,4,4,4,4,5,4,4,5,5,4,4,3,4,4,3,4,4,3,4,3,4,4,3,3,4,4,4,3,4,4,4,2,2,2,2,2,2,2,2,2,1,3,3,3,3,2,7,6,6,7,7,7,7,6,7,2,38,3,1,1,1,40,3000,2000,0,415501,웹디자인기능사 시각디자인산업기사 수요,시각디자인학
33609,2,2,4,5,2,2,3,4,1,0,1,0,3,4,2,3,1,0,1,0,1,0,3,3,1,0,1,0,3,3,1,0,1,0,1,0,1,0,2,3,2,3,2,2,1,0,3,3,2,2,1,0,1,0,4,5,3,4,1,0,1,0,1,0,1,0,1,0,3,4,1,0,1,0,4,5,1,0,1,0,1,0,2,2,1,0,1,0,3,4,5,3,4,3,5,4,3,2,4,4,4,19,1,1,2,2,0,6,2,3,4,2,4,3,3,3,9,9,9,3,2,3,3,4,4,3,3,1,4,4,5,3,4,4,3,4,4,5,4,3,4,5,2,2,2,2,2,2,2,2,2,1,3,2,2,2,2,8,7,5,3,2,3,7,7,5,1,42,3,2,5,1,45,0,0,4000,812902,경기 침체,기계공학
33610,4,5,2,3,3,3,2,3,2,3,3,3,2,3,3,4,3,4,2,3,2,2,3,4,2,2,2,2,4,5,2,2,1,0,2,2,1,0,2,3,2,2,1,0,2,2,1,0,1,0,1,0,1,0,1,0,1,0,1,0,2,3,1,0,1,0,1,0,1,0,1,0,2,3,1,0,1,0,1,0,1,0,1,0,3,3,2,3,3,4,2,3,3,5,3,1,2,4,4,4,2,16,5,2,1,2,0,3,4,3,3,3,2,4,4,2,3,4,4,3,3,3,3,3,2,3,3,3,4,3,4,4,4,4,3,3,5,3,4,3,2,3,2,2,2,2,2,2,2,2,2,1,3,2,2,3,2,6,7,3,2,2,3,6,7,4,2,34,3,1,1,1,40,2700,2000,0,232101,보육교사2급 복지 증진,유아교육학
33611,4,4,4,4,3,3,4,4,3,3,3,2,4,5,3,3,3,3,3,3,3,3,3,3,2,2,2,2,3,3,3,3,3,3,3,3,3,4,3,4,2,2,3,3,3,4,3,3,3,3,2,2,3,3,3,4,2,2,1,0,2,2,2,2,1,0,1,0,1,0,1,0,1,0,1,0,1,0,1,0,1,0,1,0,2,2,2,2,4,3,3,2,2,4,2,3,2,3,3,3,4,18,1,3,2,2,0,1,4,3,2,2,3,4,4,3,2,2,3,3,3,2,3,4,2,3,2,4,4,4,4,4,2,2,3,4,2,2,3,2,4,3,2,1,1,1,1,1,2,1,1,2,2,2,2,2,1,4,6,6,5,4,4,5,4,5,2,38,3,1,3,1,52,5000,2500,0,24402,장비 도입 산차 산업화 사업 최첨단 화로,예술
33612,2,3,3,4,1,0,2,3,3,4,2,2,1,0,3,4,2,3,2,3,2,3,3,4,3,4,4,5,1,0,3,3,1,0,1,0,2,2,2,2,4,5,3,4,4,5,1,0,1,0,1,0,2,2,1,0,3,3,3,4,1,0,2,2,4,5,4,5,4,5,5,6,1,0,4,5,4,5,3,4,4,5,3,4,3,3,4,5,2,2,3,3,2,1,3,2,2,2,2,2,3,3,1,2,2,2,0,1,1,2,2,2,4,2,3,3,3,2,3,3,3,2,2,3,3,3,4,3,2,2,3,4,3,4,3,3,4,5,4,3,5,3,2,2,2,2,2,2,2,2,2,2,2,3,3,3,2,7,8,8,6,6,6,4,6,7,1,49,3,1,1,1,40,2800,2400,0,873201,생산 시설 기계화 자동화,실용음악
33613,2,3,3,3,2,3,2,4,2,4,2,3,2,3,2,3,3,3,2,4,2,4,2,4,3,3,2,4,2,4,3,3,2,4,2,3,2,3,3,3,2,4,2,4,2,2,2,3,2,4,2,3,3,3,2,3,3,3,2,3,2,4,2,3,3,3,2,4,2,4,2,3,3,3,2,4,2,3,2,3,3,3,2,3,3,3,3,3,2,3,2,2,3,2,2,2,3,2,1,3,3,19,1,2,1,2,0,6,4,3,4,4,3,3,3,4,3,4,5,4,4,3,3,4,3,3,4,4,3,3,3,3,4,5,4,3,3,4,4,3,4,3,2,2,2,2,2,2,2,2,2,3,3,3,3,3,2,7,3,5,7,8,7,7,5,3,1,45,3,1,1,1,40,4500,3000,0,512301,장례지도사 장례 지도사 업무 기계 대신,경영학
33614,1,0,3,4,1,0,3,4,2,2,3,4,2,2,3,4,4,6,2,2,1,0,2,2,3,4,3,4,3,4,3,4,3,4,3,4,2,2,4,6,3,4,4,6,4,6,2,2,1,0,2,2,3,4,1,0,1,0,1,0,3,4,3,4,1,0,3,4,1,0,3,4,1,0,3,4,3,4,3,4,3,4,3,4,3,4,3,4,4,4,3,3,3,2,4,3,2,3,3,4,4,19,1,1,2,2,0,2,1,4,3,2,4,4,4,4,9,9,4,4,2,3,3,4,4,4,3,1,4,2,4,4,4,3,2,4,5,3,4,3,4,4,2,2,2,2,2,2,2,2,2,2,1,2,2,2,1,8,8,5,4,7,7,3,8,3,1,59,2,2,5,1,40,0,0,3500,864301,경기 하락,이과
33615,2,3,3,4,2,3,2,3,3,4,3,4,3,4,3,4,3,4,3,4,4,4,3,4,3,4,2,3,2,3,3,4,3,5,3,3,2,2,3,4,2,4,2,2,3,3,2,3,2,3,2,3,3,3,3,4,4,6,4,6,4,5,3,5,4,5,4,5,4,5,4,5,4,5,2,3,4,5,2,3,3,4,3,4,3,4,3,4,4,3,3,2,3,3,3,3,3,2,3,3,3,6,1,3,1,1,4,3,5,4,3,4,4,4,4,4,4,3,4,4,4,3,3,3,4,4,3,3,4,3,4,4,5,4,4,3,3,4,4,3,4,4,2,2,2,2,2,2,2,2,2,2,2,2,3,2,2,7,5,4,5,5,5,6,5,5,1,47,4,1,1,1,46,4900,3000,0,140204,산업기사 건설재료기능사 건축설계 불황,건축공학
33616,5,6,4,5,4,5,5,6,5,6,5,6,5,6,4,5,4,5,4,4,4,4,4,4,4,4,4,4,4,4,4,4,5,6,5,6,4,4,3,3,4,5,5,6,4,5,4,5,3,4,4,4,4,5,4,4,4,5,4,5,3,3,3,3,4,5,4,5,3,4,3,3,3,4,2,3,3,3,3,3,3,3,3,3,3,3,3,4,4,4,4,4,4,3,4,4,3,4,4,4,4,18,3,3,2,1,3,5,5,4,4,4,4,4,3,4,4,4,3,4,2,3,3,4,4,4,4,3,4,4,3,4,4,4,4,4,4,4,4,3,4,3,1,1,1,1,1,1,1,1,1,2,1,2,2,2,1,8,8,8,8,8,3,8,7,3,2,50,4,1,3,1,52,7000,4500,0,13601,방송 장비 방송 장비 도입 인공 지능,공학
33617,3,5,4,5,3,3,3,5,4,6,4,5,4,6,4,5,4,5,4,5,4,5,3,5,4,6,4,5,3,5,3,4,3,5,4,5,3,4,4,6,4,6,4,6,3,5,3,4,3,4,4,5,4,6,4,6,3,4,3,4,4,6,4,5,4,6,3,4,4,6,2,3,4,6,4,6,3,4,4,6,3,4,2,2,4,6,3,4,4,4,4,4,4,3,3,5,3,4,4,4,5,13,1,2,2,1,2,2,3,4,4,4,4,5,4,4,4,3,4,4,2,4,4,4,3,4,4,4,3,4,3,4,4,5,5,4,4,4,3,4,4,4,1,1,1,1,1,1,2,2,2,3,4,1,1,3,1,2,7,7,2,3,3,7,5,8,1,31,5,1,1,1,40,3800,3000,0,133202,업무파악 속도 발전 업무 특성 유행 아이템 속도 세계 시장 때문,컴퓨터공학
33618,5,6,5,6,5,7,4,6,5,6,5,7,5,6,4,5,4,6,5,6,5,6,5,7,4,5,4,5,4,6,5,6,5,7,5,6,5,6,5,7,5,7,3,5,4,6,4,5,5,6,4,6,5,5,4,6,4,6,4,6,5,6,4,6,5,7,5,7,5,6,5,7,5,6,5,7,5,6,5,6,5,6,4,6,4,6,5,6,3,3,3,3,4,3,4,3,3,3,2,2,3,15,2,5,2,2,0,5,6,3,3,3,5,5,5,3,3,3,3,3,3,3,3,3,3,3,3,3,3,3,4,2,3,2,3,3,3,4,3,3,4,4,2,2,2,2,2,2,2,2,2,2,3,3,3,3,2,2,3,5,5,4,5,2,2,4,1,37,5,1,1,1,48,4500,3000,0,155103,상태 유지,전기공학
33619,3,3,2,2,2,1,3,3,3,2,3,3,2,2,4,4,2,3,3,3,2,2,3,3,2,4,3,3,2,3,3,3,2,3,2,3,3,2,4,4,2,3,3,3,3,3,2,3,2,2,1,0,3,3,4,4,3,3,3,4,2,4,3,3,2,3,3,4,3,3,2,4,3,3,3,3,2,3,3,3,2,3,3,3,3,3,2,2,3,2,2,2,2,2,3,3,3,3,4,2,3,6,4,1,1,2,0,7,2,2,2,3,4,4,5,3,4,3,4,4,4,3,3,2,2,1,4,3,4,2,2,2,4,3,3,4,3,2,4,3,3,4,2,2,2,2,2,2,2,2,2,3,1,2,2,2,1,7,6,6,3,3,5,4,4,5,1,40,2,2,6,1,50,0,0,3800,701601,산업기사 실내건축기능사 일이 지원 사람,문과
33620,4,5,4,5,5,6,4,5,2,3,3,4,4,5,2,2,3,4,1,0,3,4,3,4,3,5,2,2,2,3,1,0,3,4,3,5,2,2,1,0,2,3,2,3,3,4,2,3,2,2,1,0,2,3,1,0,1,0,1,0,3,3,1,0,2,2,1,0,1,0,1,0,1,0,2,3,2,3,1,0,1,0,1,0,3,4,1,0,4,3,4,5,3,4,4,4,1,4,4,3,5,18,4,1,1,1,5,4,5,4,4,4,5,4,1,4,9,9,9,4,1,5,5,3,4,5,4,3,5,4,3,4,5,4,3,3,4,4,4,3,4,3,2,1,1,2,2,2,2,2,2,2,2,1,1,1,2,6,3,2,1,2,7,7,3,1,2,62,4,1,4,2,65,1000,800,0,411201,워드프로세스 한국어 교육 외국어 교육 개론 컴퓨터 기능 소프트웨어 다양성 번역 작업 능률 향상 문학 방면 이외 번역 분야 대체 가능,국어국문학
33621,4,6,4,6,3,4,2,4,4,6,3,5,4,5,2,3,2,3,2,3,3,4,3,4,4,6,3,4,2,3,2,3,2,3,2,3,3,5,3,3,4,5,3,4,2,3,3,3,3,4,2,3,4,6,4,5,3,4,3,3,4,5,2,2,2,4,3,4,3,5,3,4,3,5,3,4,3,3,3,3,3,3,2,2,3,4,3,3,3,2,3,2,3,2,3,2,2,4,3,3,2,3,1,2,1,2,0,2,4,4,4,3,3,4,3,3,2,3,3,3,2,3,2,3,2,2,3,4,3,3,4,3,3,4,3,3,4,4,3,3,4,5,1,2,2,2,2,2,1,1,1,1,3,1,1,3,1,6,5,4,5,6,4,5,4,4,1,43,4,1,1,1,40,4400,2800,0,153101,전자응용기술사 자사 사정 구조조정 시행 제품 개발 직업 종사 자도,전기공학
33622,4,4,4,5,3,5,3,5,3,5,3,5,3,5,3,4,3,4,3,5,2,4,3,4,3,5,3,5,4,4,3,4,3,4,3,4,3,4,4,5,4,5,4,4,3,5,4,5,4,5,4,5,3,3,1,0,2,4,1,0,3,4,1,0,3,2,1,0,1,0,1,0,2,2,1,0,1,0,1,0,2,2,1,0,3,4,3,4,4,5,3,3,4,3,3,4,3,4,4,4,4,19,2,2,1,1,6,5,5,4,3,3,4,4,4,3,3,5,3,3,3,3,3,3,4,4,4,2,3,3,4,4,3,3,3,3,3,3,3,4,4,3,2,2,2,2,2,2,2,2,2,2,2,2,2,3,2,3,3,3,3,3,3,3,3,3,2,35,4,1,1,1,40,3000,2600,0,22202,직업상담사 운전면허증 업무능력향상 교육 산업 시대 도래 인공 지능 로봇 등장,상담심리학
33623,3,4,3,4,2,4,3,4,2,6,3,5,3,4,3,3,4,4,4,5,4,3,3,4,3,4,3,5,3,5,3,5,3,5,3,4,3,4,3,5,4,4,3,4,3,4,3,4,3,4,3,4,3,5,3,5,3,5,4,4,2,4,3,4,3,4,4,4,4,6,4,3,4,5,4,5,3,2,4,2,4,1,3,1,3,1,4,4,3,2,3,3,3,4,3,3,3,3,3,3,4,3,1,3,2,1,1,1,3,4,4,4,4,4,3,3,3,3,4,3,2,4,3,2,3,4,3,3,4,4,4,4,4,4,5,4,4,5,4,4,4,4,2,2,2,2,2,2,2,2,2,3,2,3,3,3,2,5,6,6,7,4,4,4,4,4,1,36,2,1,1,1,42,2800,1850,0,815001,로봇 조작 교육 자동화 기능,이과
33624,5,5,4,5,3,4,4,5,4,5,5,5,1,0,5,6,4,5,3,4,4,5,4,5,3,4,4,5,5,5,2,3,4,4,2,3,5,5,5,6,4,5,5,6,5,6,4,5,4,5,5,5,5,6,4,5,4,6,4,5,4,4,3,4,4,5,1,0,1,0,2,3,5,6,4,7,5,5,3,4,2,3,4,4,5,6,3,3,4,4,2,4,4,3,4,4,4,5,4,4,5,17,1,2,1,2,0,6,6,4,5,4,4,4,4,5,9,9,4,4,1,4,4,4,4,3,4,4,4,2,3,3,4,5,4,4,4,5,3,2,5,5,2,2,2,2,2,2,2,2,2,2,4,3,3,2,2,6,7,4,2,4,3,9,4,2,1,52,5,2,5,1,48,0,0,13000,301102,의사면허증 의료 서비스 발달 건강 위해 병원 인구,의학
33625,4,4,3,3,3,3,3,3,5,4,5,6,3,3,4,5,2,3,2,3,3,3,4,4,2,3,5,6,3,4,3,3,4,3,4,3,3,3,3,3,4,5,5,5,2,2,4,4,3,4,4,4,1,0,1,0,1,0,1,0,3,3,1,0,1,0,1,0,1,0,1,0,4,3,1,0,1,0,1,0,2,4,3,3,2,2,2,2,4,5,2,3,4,3,3,3,3,3,4,4,5,17,3,2,1,2,0,3,5,4,4,3,4,4,4,3,9,9,4,4,2,5,4,4,4,3,5,2,4,2,4,4,3,4,5,3,4,5,3,4,5,4,2,2,2,2,2,2,2,2,2,1,4,1,3,3,2,8,2,7,8,6,6,7,3,7,1,55,4,2,5,1,40,0,0,5500,13501,사회복지사 국가 회복 서비스,사회복지학
33626,3,3,4,5,1,0,3,4,1,0,1,0,3,4,3,3,3,4,1,0,1,0,3,4,4,5,3,3,3,4,3,4,4,5,3,4,1,0,3,3,4,5,3,4,3,4,4,5,3,4,1,0,3,4,3,4,4,5,3,4,1,0,3,4,4,5,3,4,4,5,4,5,3,4,4,5,3,4,3,4,3,3,3,4,3,3,3,4,5,3,5,4,4,3,4,5,3,4,3,3,5,19,4,3,2,2,0,2,2,3,4,2,3,4,4,3,9,9,9,3,1,4,5,4,4,4,4,2,4,2,5,4,3,3,4,4,4,3,4,4,4,5,2,2,2,2,2,2,2,2,2,2,2,2,2,2,1,6,7,4,5,6,4,4,3,2,1,58,2,2,6,1,50,0,0,3500,812901,공란,기계
33627,5,5,4,5,5,7,4,5,2,2,3,3,3,3,2,2,4,6,2,3,3,4,3,4,4,3,4,4,3,4,4,4,3,4,3,3,2,3,1,0,2,2,2,3,3,2,1,0,1,0,1,0,1,0,1,0,1,0,1,0,3,3,1,0,2,2,1,0,1,0,1,0,2,2,1,0,1,0,1,0,1,0,1,0,4,4,3,2,3,2,3,4,4,3,4,3,2,5,4,3,3,19,1,2,2,1,3,2,5,4,3,3,4,4,3,4,3,3,4,3,2,4,4,4,4,2,4,3,3,3,2,4,4,4,5,5,3,4,3,3,5,5,2,2,2,2,2,2,2,2,2,1,3,1,1,3,2,7,7,6,5,4,4,4,3,4,1,29,4,1,1,1,40,3300,2500,0,412002,기자 언론전문가 훈련 사회 전반 사건 사고 현황 사람 관심,국어국문학
33628,5,6,4,6,4,6,5,6,5,6,5,7,4,6,5,6,5,6,5,6,5,7,4,5,4,6,5,6,5,7,5,5,4,5,5,7,4,6,5,6,4,4,3,4,3,4,4,5,3,5,3,5,3,5,3,3,3,3,3,3,2,3,1,0,1,0,1,0,1,0,1,0,1,0,1,0,1,0,1,0,1,0,1,0,1,0,1,0,3,3,3,3,3,4,4,3,3,3,3,3,3,15,2,4,2,2,0,4,6,3,3,3,4,4,5,3,3,3,4,4,3,3,3,3,3,3,3,3,3,4,4,3,3,3,3,3,3,3,3,3,4,4,2,2,2,2,2,2,2,2,2,2,3,3,3,3,2,8,7,7,5,5,5,3,4,5,1,48,6,1,1,1,48,4800,3500,0,110103,상태 유지,영문과
33629,4,5,5,6,3,4,5,6,3,3,3,5,3,4,3,4,4,5,3,5,3,5,3,4,3,4,4,4,3,5,3,4,3,6,5,6,4,5,4,5,4,5,4,5,4,5,2,3,3,4,3,5,3,4,2,3,3,3,2,3,3,4,3,4,3,3,2,4,3,4,2,3,3,4,3,5,4,5,3,4,4,5,3,4,4,5,5,6,4,4,4,3,3,3,2,4,2,3,3,2,4,10,1,4,2,1,2,4,5,3,4,4,3,4,3,3,3,4,4,3,3,4,3,3,3,3,2,4,3,4,2,3,4,3,3,4,2,3,3,3,3,3,2,2,2,2,2,2,2,2,2,2,2,1,1,2,2,5,4,8,3,7,6,7,5,3,2,36,4,1,1,1,42,2900,2400,0,29201,예절 교육 고객상담 전산교육 인공 지능 상담 보급,건축공학
33630,5,6,4,5,2,3,4,2,2,3,4,5,2,2,4,6,3,4,3,5,1,0,2,2,3,5,2,2,4,4,4,5,2,2,3,3,4,2,3,3,4,2,4,4,1,0,3,4,4,5,3,3,1,0,1,0,1,0,1,0,3,4,1,0,1,0,1,0,1,0,1,0,1,0,1,0,1,0,1,0,2,4,2,3,2,3,3,4,3,2,1,3,4,4,4,4,4,4,4,2,4,8,1,4,2,2,0,6,5,4,3,3,4,3,4,4,4,3,4,4,1,4,4,4,3,4,3,4,2,4,2,5,2,1,1,1,3,5,1,1,5,3,2,2,2,2,2,2,2,2,2,2,2,3,3,3,2,5,6,7,5,7,5,6,5,6,1,58,4,1,1,1,40,7500,5200,0,15201,택시 회사 자체 이용 저하 경영 어려움 구조조정,경영학
33631,2,3,2,3,2,2,2,1,2,2,2,2,2,3,2,3,2,3,2,3,2,2,2,4,2,2,2,2,2,2,2,2,2,1,2,1,2,4,2,2,3,3,2,2,2,2,1,0,1,0,1,0,2,3,2,3,2,1,2,2,1,0,3,3,3,5,2,2,2,1,2,2,1,0,4,4,4,5,3,4,3,4,3,3,3,3,2,2,2,3,2,2,2,1,2,3,2,2,2,3,2,3,3,3,2,2,0,4,3,2,1,1,3,3,2,2,9,3,4,2,4,2,2,4,3,3,3,2,2,3,2,4,3,2,2,2,2,5,3,3,5,4,2,2,2,2,2,2,1,1,2,2,1,3,2,2,2,8,6,6,4,3,4,5,4,4,2,49,2,1,3,2,40,2500,2000,0,862301,영업 인원 감축 업무 과중 생산 설비 자동화,인문계
33632,3,4,2,3,2,2,2,3,1,0,1,0,1,0,1,0,1,0,1,0,1,0,1,0,1,0,1,0,1,0,1,0,1,0,1,0,1,0,1,0,2,2,1,0,1,0,1,0,1,0,1,0,1,0,1,0,2,2,2,2,1,0,1,0,3,4,3,4,2,3,3,4,1,0,1,0,2,3,2,4,2,3,2,3,3,3,2,3,2,1,2,2,1,1,2,2,3,3,2,4,3,3,1,2,2,2,0,2,2,2,1,1,3,2,2,3,2,3,3,3,3,1,1,3,4,3,3,3,4,3,2,5,3,3,3,3,3,4,3,4,5,4,2,2,2,2,2,2,2,2,2,2,3,3,3,3,2,7,8,6,4,3,3,7,4,4,2,52,2,1,1,1,40,2300,2300,0,864301,세탁물 외부 추세 계속,인문계
33633,3,4,3,4,2,2,3,4,3,4,3,4,3,4,3,4,3,4,3,4,4,6,2,2,2,2,3,4,3,4,2,2,4,6,2,2,3,4,3,4,3,4,4,6,4,5,1,0,1,0,3,4,1,0,1,0,1,0,1,0,3,4,1,0,1,0,1,0,1,0,1,0,5,6,1,0,1,0,3,4,3,4,3,4,3,4,3,4,5,4,2,3,3,2,4,3,2,3,3,4,4,15,2,2,1,2,0,7,5,4,3,3,4,4,4,4,4,4,4,4,2,4,4,4,4,3,2,1,4,2,4,3,4,3,3,3,4,5,4,3,3,4,2,2,2,2,2,2,2,2,2,2,1,3,3,3,2,2,8,2,9,2,8,2,8,3,1,57,4,1,1,1,40,5500,4000,0,13305,소방기술사 1급 소방설비기능사 소방시설관리사 주택 방염 화재 요인,소방학
33634,2,3,3,4,2,2,3,4,1,0,3,4,1,0,4,4,3,3,1,0,3,4,4,5,3,3,1,0,2,2,1,0,1,0,1,0,1,0,5,4,4,5,3,4,3,3,1,0,3,3,1,0,3,3,1,0,3,3,5,5,2,4,4,4,3,4,4,5,4,5,5,4,1,0,5,4,3,3,1,0,3,4,3,5,4,5,3,4,2,3,5,1,2,2,1,2,1,2,2,4,4,19,1,2,2,2,0,3,4,2,2,2,1,2,2,2,3,3,4,3,3,3,2,4,5,4,5,4,2,2,2,4,4,5,5,4,4,4,4,3,4,4,2,2,2,2,2,2,2,2,2,1,3,3,2,2,2,3,5,4,3,2,4,5,3,4,1,45,3,1,1,1,50,3200,2300,0,832201,수요 공급 유지,전자정보학
33635,1,0,4,4,1,0,2,3,2,2,3,4,2,3,3,5,4,3,4,4,3,3,1,0,4,5,2,3,3,3,3,4,2,3,2,4,2,4,5,6,4,4,3,4,2,4,1,0,1,0,1,0,3,3,1,0,1,0,1,0,1,0,3,3,3,3,2,2,2,3,3,5,2,2,3,5,3,2,3,4,4,6,2,2,3,3,3,4,4,5,2,4,4,2,3,2,1,2,4,5,2,15,2,2,1,1,2,1,5,5,4,4,4,4,4,3,4,4,5,4,2,4,4,4,5,4,5,3,4,5,4,4,5,4,4,3,4,5,4,4,4,4,2,2,2,2,2,2,2,2,2,1,4,3,3,3,2,7,7,5,4,3,3,5,6,6,1,29,4,1,1,1,52,2400,2000,0,240201,응급구조사1 2급 자동차운전면허 제1종 화약류 관리기사 안전교육 소방관 인력 현저,소방방채학
33636,4,6,4,5,3,4,4,5,3,4,2,5,1,0,4,6,4,5,4,5,4,6,3,4,3,4,2,3,1,0,4,6,1,0,2,4,4,6,4,5,4,6,1,0,3,4,1,0,3,3,1,0,4,6,3,4,4,6,4,5,1,0,4,6,4,6,4,5,4,6,4,6,1,0,4,4,4,5,4,5,4,6,4,6,4,6,4,5,4,3,1,3,3,2,3,1,4,2,2,3,1,3,1,3,2,2,0,7,1,3,2,1,4,3,2,3,2,3,3,3,3,3,3,2,4,2,3,4,3,3,3,4,5,4,4,4,5,5,4,3,4,4,2,2,2,2,2,2,2,2,2,3,1,3,3,3,2,7,6,5,5,7,8,4,5,5,1,58,2,1,1,1,44,4200,2400,0,861301,기계 자동화 공장 해외 이전,공고
33637,3,3,4,4,2,2,3,3,4,4,3,3,3,3,3,3,4,4,2,2,3,3,2,2,4,4,3,3,2,2,2,2,3,3,2,2,2,2,2,2,2,2,3,3,3,3,3,4,3,3,2,2,3,3,4,5,4,5,3,3,1,0,3,4,4,4,3,3,4,4,3,3,2,2,4,5,3,4,3,4,4,5,4,4,4,5,4,5,4,4,4,4,4,4,4,3,2,2,3,2,2,6,1,2,1,1,2,6,4,4,3,3,4,4,2,4,3,3,4,4,3,3,3,4,3,4,4,3,3,4,3,4,3,4,3,2,4,4,3,2,4,4,2,2,2,2,2,2,2,2,2,1,3,3,3,3,2,9,9,2,2,2,1,2,2,9,1,55,4,1,1,1,50,3500,2200,0,701602,문화재수리기술사 한식 목공 수리 신축 한식 건축 개조 일이,건축학
33638,5,6,5,6,4,6,4,5,4,4,4,6,4,5,4,4,3,5,4,5,4,4,5,5,4,5,4,5,4,5,4,5,4,4,3,4,4,6,4,5,4,5,4,5,3,4,3,4,4,4,3,4,3,3,2,3,2,2,2,3,3,4,2,3,2,3,1,0,1,0,2,2,3,4,3,4,2,3,3,4,2,4,2,3,4,4,3,4,4,3,3,4,3,4,4,4,3,4,3,3,4,15,2,5,2,2,0,7,7,4,3,3,4,3,3,5,4,4,3,3,1,4,3,3,2,3,3,2,4,3,4,4,3,3,4,2,3,3,4,3,4,5,2,2,2,2,2,2,2,2,2,1,3,3,3,3,2,4,5,5,4,4,6,3,5,6,1,48,5,1,1,1,50,6500,3000,0,122201,상태 유지,생명과학
33639,1,0,5,6,1,0,4,4,4,4,4,4,4,4,3,3,4,4,4,4,4,4,4,4,4,4,4,4,4,4,4,4,4,4,4,4,4,4,4,4,4,4,4,4,4,4,4,4,4,4,4,4,4,4,4,4,4,4,4,4,4,4,4,4,4,4,4,4,4,4,4,4,4,4,5,6,5,6,4,4,5,6,4,4,1,0,4,4,4,4,5,3,4,2,4,4,2,4,3,4,4,19,1,1,1,1,3,5,1,4,2,2,4,4,4,2,9,9,4,4,4,3,2,5,4,4,4,3,4,4,2,4,3,4,4,3,4,5,4,2,4,5,2,2,2,2,2,2,2,2,2,1,4,3,3,3,2,7,3,5,3,5,6,5,6,4,1,61,1,2,5,1,40,0,0,3800,307601,안마사 신경을 진정 시키는 교육 휴식 취하 사람,0
33640,4,5,3,3,2,2,3,3,2,3,3,4,5,6,3,3,2,2,3,4,3,3,2,2,3,3,2,2,4,4,3,3,3,4,3,4,4,5,4,5,3,3,4,5,4,5,3,3,3,4,3,4,2,2,5,6,4,5,3,4,2,3,4,5,2,2,5,6,4,5,4,5,4,5,4,5,3,4,3,4,4,5,3,4,4,5,4,5,5,4,4,4,4,5,4,4,4,4,3,4,4,18,1,1,1,2,0,4,2,4,3,4,4,4,4,4,4,5,5,4,4,3,4,3,4,3,3,4,4,3,4,4,4,3,3,4,4,3,3,4,4,2,2,2,2,2,2,2,2,2,2,1,4,3,3,3,2,7,6,4,4,5,5,7,5,6,2,38,2,2,5,1,40,0,0,3000,511501,애견미용사 애견 구가,인문계
33641,4,3,3,3,3,4,4,4,3,3,3,4,3,3,3,3,3,3,3,3,2,3,3,4,3,4,3,4,3,4,3,4,3,3,2,3,3,3,3,4,3,3,3,3,3,3,3,3,3,3,3,3,4,4,3,4,3,4,3,4,3,4,3,3,3,4,3,4,3,5,4,4,3,4,3,3,3,3,2,4,3,4,2,2,3,4,2,3,4,2,4,2,3,3,2,3,2,3,4,3,2,13,1,3,1,1,1,6,5,3,2,2,3,3,3,2,3,3,3,3,4,3,3,4,2,2,2,1,3,4,4,4,2,2,2,2,2,4,1,2,4,2,2,2,1,2,2,2,2,2,2,2,3,3,3,3,2,5,5,5,5,5,5,1,1,5,1,39,4,1,1,1,48,4400,2500,0,155301,대기환경기사 기본업무 숙지 기초적 분석과정 숙지 측정 분석 기기 도입 개발 연구 분야,환경공학
33642,4,4,3,4,4,4,3,3,3,3,3,3,2,2,4,4,4,4,2,4,2,4,4,3,3,3,2,3,3,3,4,4,4,4,3,3,3,3,3,3,3,3,2,3,3,3,3,3,3,4,4,5,4,4,4,5,3,4,4,4,1,0,3,3,3,3,3,3,3,3,3,3,3,5,3,3,3,4,3,3,3,3,4,3,3,3,4,4,4,5,4,3,4,3,4,4,3,4,3,4,3,15,2,2,2,2,0,7,4,4,3,4,4,4,4,4,3,3,4,4,4,3,3,4,3,4,3,4,3,3,3,3,4,4,3,4,3,4,4,3,3,3,2,2,2,2,2,2,2,2,2,1,3,2,2,2,1,6,5,5,6,5,5,6,5,5,1,31,3,1,3,1,52,3200,1800,0,853101,기술 변화 크게,기계공학
33643,5,7,5,6,5,6,5,6,5,7,5,6,5,6,5,7,4,6,5,7,5,6,5,6,4,6,5,7,5,6,5,7,4,6,5,6,5,6,5,6,5,6,5,7,4,7,4,6,5,7,4,5,5,5,5,6,5,6,5,5,5,5,5,5,5,5,5,7,4,6,5,5,5,5,5,6,5,5,5,7,4,5,5,5,5,6,4,6,4,4,4,3,5,4,5,4,4,3,4,3,3,16,5,6,1,2,0,6,7,3,3,4,4,4,5,3,3,4,3,4,3,3,3,3,3,3,4,3,3,4,5,3,3,3,4,3,4,4,3,3,3,4,2,2,2,2,2,2,2,2,2,2,3,3,3,3,1,2,3,4,3,2,4,3,3,2,2,60,6,1,1,1,40,9500,4100,0,211101,박사학위 상태 유지,수학
33644,1,0,3,2,1,0,3,2,3,2,3,1,1,0,2,1,2,2,3,1,3,1,3,2,3,1,2,2,3,3,2,2,2,1,2,1,3,2,3,3,4,1,3,3,4,2,4,3,4,2,4,5,3,1,4,1,4,1,3,2,1,0,2,1,2,1,4,2,4,2,2,1,3,3,4,3,4,2,2,1,5,5,5,5,2,1,2,1,3,4,2,2,2,1,2,2,2,2,2,2,2,7,1,2,2,2,0,6,2,1,1,1,2,2,2,2,3,3,3,3,4,4,2,2,3,3,4,4,4,4,2,4,4,4,4,4,5,5,5,2,5,5,2,2,2,2,2,2,2,2,2,1,2,2,2,2,2,8,8,6,5,5,5,2,2,5,1,67,4,1,1,1,50,3000,2600,0,702501,건설 시장 불황,행정학
33645,4,4,3,4,3,5,3,4,4,5,3,4,3,4,3,5,3,4,2,3,4,4,3,4,3,4,4,5,4,5,3,4,3,4,4,4,3,5,3,2,3,4,2,3,3,4,2,3,3,3,3,4,3,3,3,4,3,3,3,3,3,3,1,0,3,4,3,4,3,4,3,4,3,5,2,2,2,2,3,4,2,2,2,2,2,3,2,3,3,3,4,4,3,4,3,4,3,3,3,3,2,13,2,4,2,1,5,1,6,3,1,1,3,2,3,4,3,4,4,3,3,3,1,3,2,2,2,2,2,3,4,4,4,4,4,4,4,4,3,3,4,2,2,2,1,2,2,2,2,2,2,2,1,2,2,2,1,4,4,6,5,6,6,3,3,5,1,29,5,1,1,1,45,3800,3800,0,156101,문헌리뷰 논문이나 연구를 읽고 이해하는 능력 섬유섬종관련 업무 물질 분석 실험 기기 도입 수요 섬유 관련 소비 하락,섬유공학
33646,3,6,4,6,2,4,2,4,5,6,4,6,2,5,4,6,3,5,4,6,4,6,2,4,3,5,3,6,1,0,2,3,2,3,2,3,1,0,1,0,3,6,3,5,3,5,2,3,2,5,3,4,4,7,5,7,5,7,5,6,4,6,4,7,4,5,4,6,5,7,5,7,5,7,4,5,3,5,4,6,4,5,1,0,2,4,2,5,4,3,3,3,4,3,4,4,3,4,3,3,3,3,1,3,1,2,0,7,6,5,4,4,4,4,4,4,4,3,4,5,2,4,4,5,4,4,5,5,5,5,5,4,5,5,4,4,5,5,5,5,5,3,2,2,2,2,2,2,2,2,2,1,3,3,3,3,1,3,3,2,2,2,2,7,3,3,1,36,6,1,1,1,50,5500,4500,0,151107,자동차공학자격증 변화,자동차공학
33647,4,5,5,5,4,5,4,5,4,6,4,6,4,6,4,6,4,5,4,6,4,6,4,6,4,5,5,6,4,5,4,6,4,7,4,6,4,5,5,5,4,5,4,6,4,6,4,6,4,6,4,6,4,5,4,5,4,6,4,6,4,6,4,6,4,6,4,5,4,6,4,6,4,5,4,6,4,5,4,6,4,6,4,6,4,6,4,6,4,4,5,4,4,4,4,4,3,4,4,5,4,18,2,2,1,2,0,3,2,4,4,4,4,4,4,5,4,4,5,4,4,4,3,4,4,3,4,5,4,4,4,4,4,5,4,3,4,4,4,5,4,4,2,2,2,2,2,2,2,2,2,1,4,2,2,2,1,8,4,6,6,7,4,8,5,6,2,50,2,1,1,1,40,2000,1800,0,521303,국내여행안내사 생태 관광 수요 증가,인문계
33648,2,3,2,2,1,0,1,0,4,5,4,5,3,5,4,5,2,4,2,4,2,4,3,4,2,4,5,6,2,4,2,4,2,3,2,3,3,4,2,4,3,4,4,5,4,6,2,4,2,3,3,4,4,5,3,5,3,5,3,5,4,6,4,5,4,5,4,5,4,5,4,5,5,6,4,5,2,2,4,4,2,3,1,0,3,4,1,0,4,3,5,4,3,5,2,4,2,4,4,4,3,10,1,3,2,2,0,2,4,4,3,3,4,4,3,5,3,3,3,4,2,3,3,3,2,2,2,2,4,5,3,4,3,4,4,4,2,4,3,4,4,3,1,1,1,1,2,2,2,2,2,4,1,3,3,3,2,7,7,7,3,3,3,3,2,4,2,32,4,1,1,1,50,4800,3600,0,134301,기술 프로그램 지속 변화 진화 발달 자동화 수순 진행,정보시스템
33649,2,2,2,2,1,0,1,0,2,2,1,0,1,0,3,3,2,2,3,3,1,0,3,4,3,4,2,2,1,0,3,4,1,0,1,0,2,2,3,3,3,3,3,4,4,5,1,0,3,3,2,2,3,3,1,0,2,2,2,2,1,0,3,3,2,2,3,3,1,0,2,2,2,3,2,2,2,4,3,4,2,4,3,4,3,4,3,4,2,2,3,3,2,2,3,2,2,2,1,3,2,3,1,2,2,2,0,5,2,2,2,2,3,2,2,2,3,3,3,3,4,3,2,4,3,3,4,2,3,3,3,4,2,3,3,4,4,4,4,2,4,3,2,2,2,2,2,2,2,2,2,1,3,3,3,3,2,2,8,5,3,8,5,6,3,7,1,52,2,1,1,1,50,5000,4100,0,872301,전통주 대한 관심 증대,실업계
33650,4,7,5,6,4,6,3,4,4,6,4,5,4,6,4,6,4,6,3,4,2,4,3,5,4,5,4,5,3,4,2,2,2,3,2,3,2,2,3,4,2,3,2,3,2,2,2,2,3,4,3,5,4,5,2,3,2,3,2,2,4,5,2,2,2,2,2,3,2,3,2,3,3,4,1,0,1,0,1,0,1,0,1,0,1,0,1,0,3,4,3,2,3,3,3,3,3,3,4,3,3,13,1,2,2,2,0,2,2,4,4,4,5,4,4,2,3,3,4,3,3,3,3,4,3,2,3,4,3,3,3,3,4,3,3,4,3,4,4,4,3,4,2,2,1,1,1,1,1,1,1,2,3,1,1,3,1,6,3,4,6,3,4,3,5,6,1,31,4,1,1,1,40,3900,3200,0,134102,담당 변경 업무 일자리 지원 사람 계속 증가,컴퓨터공학
33651,5,6,4,6,5,6,5,6,4,6,4,5,3,4,4,6,4,6,5,7,5,7,4,6,3,4,4,5,4,5,5,6,5,6,5,6,4,6,4,6,4,5,4,5,4,6,4,6,4,6,4,6,3,4,4,5,5,6,4,5,3,4,4,5,5,6,5,6,5,5,4,6,4,6,3,4,4,5,3,5,4,5,3,4,3,5,1,0,4,2,3,3,3,3,3,2,3,3,3,3,3,15,2,5,1,2,0,2,7,3,3,4,4,4,4,3,3,3,4,4,3,3,3,3,3,4,3,4,3,4,5,3,3,3,4,4,3,3,3,2,3,4,2,2,2,2,2,2,2,2,2,2,3,3,3,3,2,2,1,5,5,7,6,4,7,4,2,35,6,1,1,1,40,4300,3000,0,122104,박사학의 상태 유지,해양수산학
33652,3,4,3,4,3,5,3,3,4,5,2,3,1,0,2,4,3,4,2,4,2,3,3,4,2,3,2,3,2,3,2,4,2,3,2,3,3,5,2,3,2,3,2,3,2,3,3,4,2,3,2,2,1,0,1,0,1,0,1,0,3,5,1,0,1,0,1,0,2,3,3,3,1,0,1,0,1,0,1,0,2,2,1,0,3,3,2,3,3,3,2,2,3,4,3,2,4,4,2,3,4,7,1,2,1,2,0,2,2,3,2,2,4,3,3,3,2,3,4,3,3,3,3,5,3,3,4,1,3,2,5,5,4,3,4,4,5,4,3,4,5,3,2,2,2,2,2,2,2,2,2,2,3,3,3,3,2,9,8,3,4,5,5,8,3,3,2,46,2,1,1,1,45,3200,2100,0,27201,전산회계2급자격증 전산세무2급자격증 전산 시스템 발달 업무 간소화 일자리 변화,상고
33653,4,3,4,3,2,2,3,3,5,5,5,5,5,5,3,3,4,4,5,4,4,4,3,4,4,4,4,4,3,3,2,2,1,0,3,3,4,3,4,3,5,4,2,2,3,2,3,2,3,2,2,2,4,2,4,4,4,4,2,2,3,2,3,3,3,3,4,3,3,3,3,3,3,3,4,3,3,2,2,2,2,5,4,4,4,3,4,3,4,5,2,3,3,2,4,3,2,4,4,3,3,6,1,5,1,2,0,7,5,3,3,3,3,4,4,4,9,9,9,4,2,4,4,3,5,3,3,2,5,3,4,4,4,3,3,3,3,4,5,3,4,3,2,2,2,2,2,2,2,2,2,1,2,3,3,3,2,7,3,4,4,6,5,3,3,3,1,45,4,2,5,1,40,0,0,8000,140601,측량 지형정보기사 자동화 일자리 감소,토목공학
33654,1,0,1,0,1,0,1,0,1,0,1,0,1,0,5,5,1,0,1,0,1,0,1,0,5,5,1,0,1,0,1,0,1,0,1,0,1,0,1,0,1,0,1,0,1,0,1,0,1,0,1,0,1,0,1,0,3,3,3,3,1,0,1,0,1,0,4,5,4,5,4,5,1,0,3,4,4,5,4,5,4,4,4,4,4,5,1,0,5,4,4,2,4,1,3,2,2,2,3,3,4,3,1,3,2,2,0,7,2,2,2,1,2,2,2,3,3,3,4,3,4,2,2,3,4,2,4,5,2,3,3,4,2,2,3,4,3,5,4,3,4,3,2,2,2,2,1,1,1,2,2,2,2,2,2,3,2,9,8,4,7,4,7,9,6,4,1,48,2,1,1,1,40,4200,2400,0,861301,기술 장비 도입 작업 환경 자동화,기계
33655,2,2,2,2,2,2,2,2,2,2,2,2,2,2,2,3,2,2,2,2,2,2,2,2,2,2,2,2,2,2,2,2,2,2,2,2,2,2,2,2,2,2,2,2,2,2,2,2,2,2,2,2,2,2,2,2,2,3,2,2,2,2,2,2,2,2,3,4,3,5,4,5,2,2,2,3,3,4,2,2,4,5,2,3,2,3,2,2,4,4,3,3,3,1,2,3,2,3,3,4,4,8,1,2,1,2,0,1,2,4,3,3,4,3,3,4,3,3,4,4,2,4,3,4,4,3,4,3,3,4,4,4,4,3,3,3,4,4,3,3,4,2,2,2,2,2,2,2,2,2,2,2,2,2,2,2,2,4,4,5,6,6,5,5,7,6,1,38,3,1,1,1,45,3900,2500,0,705902,잠수기능사 경기 침체 관광객,기계공학
33656,2,3,3,4,2,3,2,3,3,4,2,3,4,5,3,4,2,3,1,0,3,4,2,3,3,4,1,0,2,3,2,3,2,2,1,0,2,2,2,3,3,3,2,2,1,0,2,2,1,0,1,0,2,3,1,0,2,2,1,0,4,5,1,0,2,2,2,3,3,3,2,3,2,3,3,4,2,2,2,2,2,2,1,0,2,3,2,3,4,3,4,3,3,3,2,3,2,4,2,3,3,10,3,2,2,1,3,5,5,4,3,3,3,4,3,3,3,4,3,3,2,4,3,3,4,3,4,4,3,5,2,4,3,3,3,2,3,4,3,2,3,3,2,2,2,2,2,2,2,2,2,2,2,3,3,3,1,3,4,5,4,5,4,4,5,5,1,32,4,1,1,1,40,3800,2900,0,133205,프로그래밍 기술 교육 인공 지능 대체 생각,소프트웨어공학
33657,2,2,2,2,2,4,4,6,2,2,2,2,2,3,2,2,2,2,3,4,3,4,3,4,1,0,2,2,2,2,1,0,1,0,1,0,5,7,1,0,1,0,1,0,1,0,2,2,1,0,3,4,3,4,4,5,2,2,1,0,3,4,1,0,4,5,4,6,4,5,4,6,3,3,3,4,3,4,2,2,2,2,2,2,3,3,3,3,4,3,4,3,4,4,3,4,3,4,4,3,3,10,1,4,2,1,2,5,5,4,2,2,4,4,4,3,4,3,4,3,2,3,3,3,3,3,3,2,3,3,4,4,3,3,3,3,3,3,3,3,4,4,2,1,2,2,2,2,2,2,2,2,4,3,3,3,1,7,7,7,5,5,5,3,3,5,1,34,4,1,1,1,48,3300,2600,0,135001,캠퓨터 해킹 보안 교육 문제 탐색 종합 솔루션 프로그램 도입 업계 지속 발전 가능성,정보통신
33658,3,4,3,3,1,0,4,4,1,0,1,0,4,5,1,0,4,5,2,2,1,0,2,2,4,4,3,3,3,3,3,3,2,2,1,0,3,4,1,0,1,0,1,0,3,2,1,0,1,0,1,0,1,0,1,0,1,0,1,0,1,0,1,0,1,0,1,0,1,0,1,0,1,0,1,0,1,0,3,3,2,1,2,3,2,2,2,2,3,3,2,4,4,2,1,5,2,3,3,2,3,18,1,2,2,2,0,5,2,3,4,3,3,4,4,4,9,9,3,4,2,3,4,4,3,2,3,4,3,4,2,4,4,3,4,3,4,3,2,4,4,3,2,2,2,2,2,2,2,2,2,1,3,3,3,3,1,8,9,8,2,2,3,8,7,7,1,42,3,1,3,2,45,2500,2000,0,416201,방송사,연극영화
33659,2,3,2,3,2,3,1,0,2,3,1,0,1,0,2,3,2,3,1,0,1,0,1,0,2,3,1,0,1,0,1,0,1,0,2,3,2,3,1,0,1,0,2,3,3,4,4,5,1,0,2,4,2,2,1,0,1,0,1,0,2,3,1,0,2,3,1,0,1,0,1,0,3,4,1,0,2,3,1,0,1,0,1,0,2,3,2,3,4,3,3,3,4,3,3,3,4,3,3,3,4,6,1,4,1,2,0,7,5,4,3,3,4,3,3,3,4,4,3,4,3,3,4,3,3,3,4,3,3,4,4,3,3,4,3,3,4,3,3,4,3,4,2,2,2,2,2,2,2,2,2,2,3,2,3,3,1,4,4,6,4,5,6,4,5,6,1,39,4,1,1,1,41,4999,3512,0,140207,건설기계 건설안전 국내 건설 경기 현재 유지 중인 상태,건축
33660,4,6,5,6,5,6,3,5,2,3,3,3,2,4,2,3,3,4,2,3,3,4,3,4,3,4,3,4,4,5,2,4,3,4,3,5,3,4,2,3,2,3,3,5,2,3,2,3,1,0,3,5,1,0,1,0,1,0,1,0,1,0,1,0,1,0,1,0,1,0,1,0,1,0,1,0,1,0,1,0,1,0,2,4,5,6,4,6,5,5,3,1,5,3,1,5,5,5,5,5,5,18,4,1,2,2,0,3,2,3,2,2,4,5,5,1,9,9,9,2,2,3,3,3,4,2,3,3,3,5,3,5,5,5,3,4,5,5,4,3,5,3,1,1,1,1,2,2,2,2,2,2,3,3,3,3,2,5,5,5,5,5,5,5,5,5,1,78,6,1,4,2,25,1000,500,0,411102,창작 프로세스 다양성 사업 방식 기술 방식 다양성 상태 유지,영문학
33661,5,7,4,5,4,5,3,4,4,5,5,7,1,0,4,6,5,7,3,4,2,3,5,7,4,6,2,2,3,4,3,4,4,5,3,4,2,2,3,4,4,5,4,5,3,4,2,2,3,3,3,4,4,5,4,5,3,4,1,0,3,4,2,2,2,2,3,4,4,5,3,4,4,6,2,2,4,5,4,5,3,4,2,2,2,3,2,3,4,4,3,4,4,2,4,5,2,5,5,5,2,17,1,2,1,2,0,5,5,4,5,5,4,5,4,4,4,9,4,4,1,4,4,4,4,4,5,5,3,5,4,4,3,5,2,4,4,4,3,2,5,4,2,2,2,2,2,2,2,2,2,3,4,2,2,2,2,7,8,3,4,7,6,3,7,6,1,39,5,1,1,1,40,10000,4800,0,301102,외과 전문의 질병 인구 비중 의료 서비스 사람,외
33662,5,3,5,4,4,4,5,4,3,3,5,5,5,7,5,5,4,4,5,4,5,6,5,6,5,5,5,3,4,3,5,5,4,3,4,3,4,3,5,2,5,4,4,3,5,3,4,3,5,2,4,4,5,6,5,6,5,6,5,5,3,3,5,4,4,4,5,5,5,6,5,6,4,3,5,5,5,5,5,3,5,3,5,4,5,6,5,5,5,4,5,3,4,2,5,2,3,5,4,5,5,3,1,4,2,2,0,2,4,4,3,3,5,4,3,4,3,4,4,4,1,5,5,5,5,4,5,1,4,4,2,5,4,5,4,5,5,5,5,4,5,5,2,2,2,2,2,2,2,2,2,3,1,3,3,3,2,9,1,1,9,9,1,9,1,9,2,55,2,1,1,1,40,6500,2700,0,826201,자동화 설비 도입,기계학
33663,4,3,2,3,4,4,4,3,2,4,3,2,3,6,3,6,3,3,2,3,4,5,3,4,2,2,4,6,4,5,4,3,2,3,4,3,2,3,4,5,3,5,5,4,3,5,3,5,2,1,4,5,3,5,4,3,2,1,2,1,3,5,3,5,3,5,4,2,4,6,3,4,2,3,2,3,1,0,2,3,1,0,2,1,3,2,1,0,3,4,3,4,5,4,3,2,3,4,3,4,3,10,1,4,1,2,0,5,4,4,3,4,4,5,2,4,3,4,5,4,3,4,2,3,4,2,3,3,4,5,3,5,4,5,4,3,2,4,5,3,4,2,2,2,2,2,2,2,2,2,2,1,4,1,1,3,1,3,6,5,7,4,6,7,6,5,1,38,4,1,1,1,46,3900,3100,0,133301,정보처리기능사 자격증 응용소프트웨어 자격증 웹사이트 이용 콘텐츠 필요 때문 증가,공학교육학
33664,3,3,4,5,2,3,3,5,2,4,3,3,3,5,2,4,3,5,4,6,3,5,2,5,3,6,2,4,3,4,2,4,2,5,2,5,3,5,2,3,3,6,3,6,3,5,2,5,4,6,3,5,3,4,4,6,3,5,4,6,2,4,2,4,3,4,4,5,2,4,2,4,3,4,2,5,3,4,4,6,2,4,3,5,3,6,3,5,4,3,3,2,3,2,3,2,3,4,3,2,2,19,1,2,1,2,0,2,5,3,2,3,4,5,4,4,3,3,4,4,2,3,4,3,3,2,3,4,3,2,3,3,3,4,4,3,3,2,3,4,3,3,2,2,2,1,1,2,1,2,2,3,2,3,3,3,2,3,4,7,3,8,7,3,6,2,2,29,4,1,1,1,40,3500,3200,0,140401,조경기술사 작업 조직 구성 자동화 시스템,조경학
33665,5,6,5,5,5,5,5,6,5,6,5,5,4,4,4,4,5,5,4,4,4,5,4,5,4,4,5,5,5,5,4,4,5,5,5,5,4,4,5,6,5,6,5,5,5,5,5,5,5,5,5,5,5,5,4,5,5,5,5,5,5,6,5,5,5,5,4,4,5,5,4,4,4,5,4,4,4,5,5,5,5,5,4,4,5,5,5,6,4,4,3,4,4,4,3,4,4,4,3,4,4,10,1,5,2,2,0,1,2,4,4,3,4,4,3,2,3,4,3,4,3,4,3,3,4,4,3,4,4,3,4,4,4,3,4,4,4,3,4,4,4,3,2,2,2,2,2,2,2,2,2,1,3,2,2,2,2,8,7,8,4,7,6,4,7,6,2,32,2,1,3,2,40,1800,1500,0,29201,변화,문과
33666,5,4,3,3,2,2,3,3,1,0,1,0,1,0,2,2,5,3,2,3,2,3,3,4,4,4,4,4,4,3,1,0,3,4,2,3,4,4,3,3,2,2,4,4,4,4,3,3,3,3,3,3,3,2,3,4,3,3,3,3,4,3,3,4,3,3,3,3,2,3,3,3,4,4,3,3,3,3,3,3,3,3,3,3,4,3,2,2,3,3,4,3,3,3,3,2,2,3,3,3,3,17,1,1,1,1,3,3,5,3,3,3,4,4,4,3,3,4,4,4,3,4,3,4,4,4,4,3,3,3,4,3,4,4,3,4,4,3,4,4,4,2,2,2,2,2,2,2,2,2,2,1,4,3,2,3,2,7,6,7,6,3,3,5,5,5,2,29,4,1,1,1,53,5890,5840,0,303001,약사 조제업무 건강 관심 증대 건강 관련 약품 사람,약학
33667,5,6,4,6,5,6,5,7,3,5,4,6,4,5,4,6,4,5,4,6,4,6,5,6,4,6,5,7,5,6,4,6,5,7,5,6,2,2,4,5,5,7,2,4,4,5,1,0,1,0,5,7,1,0,1,0,1,0,1,0,3,3,1,0,1,0,1,0,1,0,1,0,1,0,1,0,1,0,1,0,1,0,1,0,1,0,1,0,5,4,2,3,5,3,2,5,3,4,5,5,4,15,2,6,2,2,0,7,5,5,5,5,4,5,4,4,4,4,5,4,3,5,4,5,5,4,5,3,5,5,3,5,4,4,5,5,4,5,4,3,5,5,2,2,2,2,2,2,2,2,2,1,3,3,3,3,2,5,6,5,3,4,5,5,9,9,1,53,5,1,1,1,40,13500,8000,0,11102,항상 정해진 숫자 뽑기 때문 변화,행정학
33668,4,6,3,6,3,6,3,4,2,4,3,6,1,0,3,4,1,0,1,0,2,4,3,6,3,6,1,0,3,6,2,5,3,5,4,4,1,0,2,4,3,4,3,3,4,5,2,3,1,0,2,5,2,4,1,0,1,0,1,0,2,3,1,0,3,3,1,0,1,0,1,0,1,0,1,0,1,0,1,0,3,3,1,0,1,0,1,0,4,4,4,3,4,3,2,3,3,3,3,2,4,13,1,2,2,2,0,3,5,3,2,2,3,3,3,3,3,3,3,3,3,3,3,3,3,3,3,3,3,3,2,3,3,3,3,3,3,3,3,3,3,2,2,2,2,2,2,2,2,2,2,2,2,3,3,3,2,3,3,4,4,3,4,3,3,3,2,27,4,1,3,1,40,2400,1800,0,222001,프로그램 대체 가능,행정학
33669,3,4,3,5,1,0,4,6,5,7,3,4,2,3,4,6,5,6,4,6,3,4,4,5,4,6,4,6,1,0,3,5,1,0,1,0,2,4,1,0,4,6,3,5,4,6,1,0,4,6,3,5,4,6,4,6,5,7,4,6,3,5,3,4,3,5,4,6,4,6,4,6,3,5,2,3,3,4,3,5,3,5,2,3,5,7,2,3,5,2,3,4,4,1,4,4,4,4,4,3,3,6,1,4,1,2,0,2,5,3,5,4,4,4,3,4,4,3,5,4,2,4,4,3,4,5,5,3,4,2,5,4,3,3,5,4,4,4,3,4,3,5,2,2,2,2,2,2,2,2,2,2,3,3,3,3,2,8,7,6,4,3,5,5,8,7,1,37,4,1,1,1,40,4700,4500,0,140304,산림토목기술사 농어업토목기술사 기초 산업 완공 건설업,토목
33670,4,4,3,4,2,4,2,4,5,5,3,5,2,4,3,5,3,5,2,4,3,5,3,5,4,5,2,5,2,5,2,5,2,4,2,4,3,4,2,4,3,5,4,5,3,4,5,5,3,4,2,5,2,5,2,5,3,4,2,4,5,5,1,0,2,5,1,0,1,0,1,0,2,5,1,0,2,5,2,5,2,4,1,0,3,5,1,0,4,4,3,3,3,4,4,3,4,4,4,4,4,3,1,3,1,2,0,4,4,4,3,3,4,4,4,3,3,3,3,3,4,3,3,4,2,1,1,1,3,4,4,4,3,4,4,3,5,5,3,4,5,5,2,2,2,2,2,2,2,2,2,1,3,2,2,2,1,4,2,2,6,4,5,3,1,2,2,29,3,1,1,1,42,3000,2400,0,27101,전산회계운용사 세무 재무 회계 관련 점차 대체 불가,통계학
33671,2,5,4,5,5,5,4,5,1,0,5,6,1,0,3,5,1,0,1,0,4,3,4,6,3,5,5,3,5,7,5,6,5,7,5,6,4,5,5,7,5,5,1,0,1,0,2,4,2,3,1,0,1,0,1,0,1,0,1,0,5,5,1,0,1,0,1,0,1,0,1,0,3,4,1,0,1,0,1,0,1,0,1,0,1,0,1,0,4,5,3,1,2,2,4,5,2,2,5,4,3,17,2,3,1,1,2,3,5,4,2,1,4,5,3,2,2,2,3,3,3,4,3,2,2,2,3,1,3,5,2,5,2,2,2,3,3,4,4,2,5,4,2,2,2,2,2,2,2,1,2,2,2,2,2,3,2,7,4,8,1,2,3,1,9,8,1,35,4,1,3,1,40,3000,1900,0,231101,사회복지사2급 사회복지사1급 직업상담사2급 사례관리 실습 팀내 분배 문제 상사 스트레스 증가 정형 기계 상담 거나 클라이언트 상황 고려 프로그램 대처 방안 제시,사회복지학
33672,4,5,4,5,4,4,4,5,2,2,3,3,4,5,3,4,4,5,5,6,4,5,1,0,4,5,1,0,5,5,5,4,4,5,4,5,3,3,4,5,4,5,4,4,5,6,2,2,2,2,1,0,1,0,1,0,1,0,1,0,2,2,1,0,2,2,1,0,1,0,1,0,4,5,2,5,5,5,4,5,4,5,4,5,4,5,5,6,4,4,4,3,4,5,2,4,4,2,2,4,4,18,4,1,2,2,0,5,1,3,2,2,4,2,3,3,2,1,3,2,4,2,3,4,5,4,3,4,4,3,2,4,4,4,5,3,3,5,4,3,5,3,2,2,2,2,2,2,2,2,2,1,3,2,2,2,2,7,5,5,3,3,4,5,5,6,2,40,2,1,4,2,34,2200,1800,0,414601,대다수 무명 가수 수입 일자리 변화 크게,인문계
33673,1,0,1,0,1,0,1,0,1,0,1,0,1,0,1,0,1,0,1,0,1,0,1,0,4,5,3,4,1,0,1,0,1,0,1,0,1,0,1,0,1,0,1,0,1,0,1,0,1,0,1,0,1,0,1,0,3,4,3,4,1,0,1,0,4,5,4,4,3,4,4,5,1,0,1,0,4,5,3,4,4,4,3,4,4,4,3,4,3,3,4,3,4,2,4,2,3,3,4,3,4,3,1,3,2,2,0,2,1,2,2,3,3,3,3,3,3,4,5,3,3,4,3,3,3,2,3,2,3,3,4,4,3,3,4,3,4,4,2,2,4,4,2,2,2,2,2,2,2,2,2,1,3,2,2,3,2,9,8,9,3,4,8,5,6,4,1,28,2,1,1,1,40,2500,2000,0,821201,상황 유지,기계
33674,3,4,4,4,3,3,3,4,3,5,3,3,3,5,4,5,4,4,3,5,4,4,4,5,3,4,3,5,3,4,3,4,4,5,3,4,3,4,3,5,3,4,3,4,4,4,3,4,3,4,3,4,3,3,3,4,3,5,3,4,3,5,3,5,3,4,3,4,4,5,3,4,3,4,4,4,3,4,3,5,3,4,3,4,3,4,3,3,3,4,4,3,4,4,4,4,4,3,4,4,3,13,1,4,1,1,4,1,5,4,3,3,4,3,3,4,5,4,4,4,2,3,3,3,4,3,2,2,2,3,3,4,4,3,3,3,3,3,4,4,3,3,2,2,2,2,2,2,2,2,2,2,2,3,3,3,1,7,8,7,7,7,6,7,8,7,1,48,4,1,1,1,46,7200,3300,0,153201,전자계산기술사 전자응용기술사 실무교육 산업 기술 발달,전기전자공학
33675,2,3,2,3,2,2,2,3,3,4,3,4,3,4,2,3,2,3,3,4,2,3,3,4,3,4,2,3,3,4,2,3,2,3,2,3,3,4,2,3,3,4,3,5,3,5,3,4,3,4,4,5,4,5,2,3,3,4,3,4,2,3,4,6,3,4,3,4,3,4,3,4,3,5,3,4,2,2,3,4,2,3,3,4,2,3,2,3,4,3,2,4,4,4,3,4,3,4,5,4,4,3,1,3,1,2,0,2,5,4,3,4,4,3,4,5,4,4,5,5,2,4,4,4,3,4,4,4,3,3,2,4,3,3,4,4,4,3,3,4,4,3,2,2,2,2,2,2,2,2,2,2,2,3,2,3,2,8,4,5,4,5,6,7,4,5,2,39,4,1,1,1,40,3900,3000,0,852301,화학기사 기계화 진행,화학공학
33676,2,2,3,4,2,2,3,4,2,2,2,2,2,2,2,3,3,4,2,3,2,2,2,2,2,2,2,2,2,3,2,3,2,3,2,2,2,2,4,5,2,3,2,3,2,3,2,2,2,2,2,2,2,2,2,3,2,2,2,2,2,2,2,2,2,2,2,2,2,2,2,2,2,2,2,2,2,2,2,3,3,4,3,3,3,4,3,5,4,4,3,4,4,3,3,2,2,2,3,3,3,8,1,2,2,1,1,1,2,2,2,2,2,3,3,2,3,3,3,3,3,2,3,3,3,2,2,3,3,4,3,5,4,4,4,3,4,5,4,3,5,4,2,2,2,2,2,2,2,2,2,2,2,2,2,2,2,6,5,4,4,5,5,5,6,5,1,39,2,1,1,1,50,3000,2000,0,522201,직무 안전교육 관광 산업 축소 일자리,인문계
33677,4,6,5,7,5,7,4,6,4,6,4,6,4,6,4,5,4,5,4,5,4,6,4,6,4,5,4,6,4,5,4,5,4,6,4,5,4,6,4,5,4,5,4,6,4,6,3,3,3,3,3,3,3,3,3,3,1,0,1,0,3,3,2,2,2,2,1,0,1,0,1,0,2,3,1,0,1,0,1,0,1,0,1,0,2,2,2,2,4,4,4,3,3,4,4,4,4,4,3,4,4,15,2,5,2,2,0,5,6,4,4,4,4,3,3,4,4,4,5,4,1,3,3,4,4,4,4,2,4,3,4,3,4,4,3,3,3,4,2,2,2,3,2,2,2,2,2,2,2,2,2,2,2,3,3,3,1,3,3,2,6,5,5,7,2,2,1,45,6,1,1,1,45,4500,3500,0,110104,상태 유지,교육학
33678,4,4,3,4,4,6,5,6,1,0,3,4,1,0,5,5,4,5,3,4,4,5,5,5,2,4,5,6,4,5,3,4,3,4,2,3,5,5,4,4,4,5,3,4,5,6,2,3,2,2,1,0,4,4,1,0,1,0,1,0,5,5,1,0,1,0,1,0,1,0,1,0,1,0,1,0,1,0,1,0,1,0,4,4,3,4,4,4,4,4,2,3,3,4,1,4,2,4,3,4,3,16,5,5,2,2,0,6,6,4,3,3,3,4,2,2,2,3,3,3,3,3,4,3,3,4,4,4,4,3,3,4,5,4,4,3,4,4,4,3,5,4,2,2,2,2,2,2,2,2,2,1,2,3,3,2,1,3,4,4,5,3,1,6,4,5,1,44,6,1,3,2,35,3000,1400,0,211201,대학 강사 채용 인력 감소,회계학
33679,2,1,1,0,1,0,1,0,1,0,1,0,1,0,3,3,1,0,2,2,1,0,1,0,3,4,1,0,1,0,1,0,1,0,1,0,1,0,1,0,1,0,1,0,1,0,1,0,3,4,1,0,1,0,3,3,4,5,3,5,1,0,3,3,3,3,4,5,3,3,3,3,1,0,4,5,4,5,1,0,4,5,3,4,3,5,1,0,4,3,4,3,3,4,3,4,3,3,4,3,3,3,1,2,2,2,0,7,4,3,3,2,4,3,3,3,9,9,9,3,2,4,4,3,3,3,3,3,3,3,3,4,3,2,2,2,3,4,3,2,4,3,2,2,1,2,2,2,2,2,2,1,2,3,3,3,2,5,7,6,6,3,5,6,6,5,1,42,2,1,1,1,40,3086,2300,0,826401,최신 자동화 설비 기계 도입 기계 기계 대신,문과
33680,5,6,4,6,4,6,4,4,4,5,4,6,4,5,3,5,4,6,4,5,3,4,3,5,4,4,4,5,3,5,4,4,4,5,3,5,4,4,4,5,3,6,4,4,4,5,3,5,4,4,4,5,3,5,4,5,5,5,4,5,2,2,1,0,1,0,3,5,3,3,3,3,3,5,3,3,3,3,3,4,2,3,1,0,1,0,2,3,4,3,4,3,4,4,4,4,3,3,4,4,4,17,1,2,1,2,0,6,5,4,4,4,4,5,4,5,4,4,5,5,4,4,4,4,4,5,4,4,5,4,4,4,4,5,4,4,4,5,4,4,4,4,2,2,2,2,2,2,2,2,2,1,3,3,3,3,2,6,7,6,4,3,5,6,5,6,1,59,5,2,5,1,40,0,0,12000,13401,의사면허증 병원 수가,의학
33681,5,6,4,5,4,5,4,5,4,5,4,4,3,3,3,3,3,3,3,3,3,4,4,4,3,3,3,3,3,3,4,4,4,5,4,5,3,3,3,3,4,4,4,5,3,4,4,5,3,3,3,3,4,5,2,2,2,2,1,0,3,3,2,2,1,0,1,0,1,0,1,0,1,0,2,2,2,2,1,0,1,0,1,0,2,2,2,2,5,3,4,3,4,4,4,3,3,4,4,4,4,16,5,5,1,1,2,3,5,3,3,3,4,4,4,3,3,3,3,3,3,2,2,4,3,3,4,3,4,4,4,4,2,2,3,3,3,3,4,3,3,3,2,2,2,2,2,2,2,1,1,2,2,2,2,3,1,4,3,4,5,6,5,6,4,4,1,53,4,1,3,1,52,5200,5000,0,13203,교원 교육청직무교육 프로그램 도입 인공 지능 발달 인터넷 발달 재택수업,국어국문
33682,5,6,5,6,5,5,4,4,3,4,5,6,2,2,4,5,4,7,3,4,3,4,4,4,5,6,5,6,5,7,4,5,4,4,4,4,5,7,4,6,5,5,5,7,5,6,4,6,5,7,4,5,5,6,2,3,5,6,3,3,3,3,3,3,3,4,4,4,2,3,3,4,3,4,4,7,3,4,3,3,2,2,4,4,4,5,5,5,4,4,3,5,5,4,4,4,4,4,3,2,4,17,1,1,1,2,0,6,5,4,4,4,4,5,4,5,9,9,4,4,1,4,3,4,4,2,4,2,2,3,3,5,4,3,4,4,4,5,4,3,4,3,2,2,2,2,2,2,2,2,2,1,4,2,2,2,2,1,1,5,5,7,7,8,4,1,1,67,5,2,5,1,38,0,0,10000,301105,전문의 자격증 우리나라 의료 기술 계속 발전,의학
33683,3,3,3,3,2,3,3,2,3,2,2,2,2,1,2,2,3,1,2,1,1,0,2,2,1,0,2,1,2,2,2,2,2,3,3,3,2,2,2,3,3,3,3,2,3,3,2,2,2,2,3,2,1,0,1,0,2,3,1,0,1,0,1,0,2,2,3,2,4,2,1,0,1,0,2,1,2,2,3,2,4,2,2,2,3,2,3,2,4,3,4,3,4,1,4,2,3,3,3,5,4,1,4,1,2,2,0,4,1,3,2,2,5,3,2,4,9,9,9,4,1,5,4,3,4,4,4,2,4,4,4,4,4,3,3,3,4,4,4,2,5,5,2,2,2,2,2,2,2,2,2,1,3,3,3,3,2,3,4,5,4,6,4,6,4,3,2,78,1,2,6,1,45,0,0,2400,901101,기본,0
33684,4,6,4,6,2,4,3,5,2,4,4,5,2,3,2,4,3,4,2,4,2,3,3,5,3,5,3,4,1,0,1,0,1,0,1,0,3,5,3,4,2,4,1,0,3,5,1,0,1,0,1,0,1,0,1,0,1,0,1,0,3,4,1,0,2,3,2,3,1,0,1,0,1,0,2,4,2,2,2,3,2,4,2,3,4,5,2,4,3,2,3,4,4,5,4,2,3,4,3,3,4,17,3,6,1,2,0,2,4,3,4,4,5,4,4,4,3,4,4,4,2,5,4,4,3,2,2,2,4,4,3,3,2,2,3,4,3,4,3,4,5,4,2,2,2,2,2,2,2,2,2,1,4,3,3,3,2,5,4,5,7,3,2,5,3,5,2,37,3,1,1,1,40,4080,3480,0,307401,보건의료정보관리사 의료 기관 전문화,법원행정
33685,3,2,2,2,2,3,2,1,1,0,2,4,1,0,2,3,3,4,1,0,1,0,1,0,1,0,2,2,2,2,3,3,1,0,1,0,1,0,2,2,2,3,1,0,1,0,1,0,1,0,1,0,1,0,1,0,2,3,2,2,1,0,1,0,1,0,2,2,3,2,3,2,1,0,1,0,1,0,4,4,3,4,2,2,4,3,3,3,3,5,3,3,4,2,3,4,3,2,3,3,4,15,2,2,1,1,2,2,4,3,4,3,4,4,3,3,3,3,3,4,3,3,2,3,3,2,3,4,3,4,3,3,3,2,1,4,3,3,3,1,3,3,2,2,2,2,2,2,2,2,2,3,3,3,3,3,1,6,8,7,3,4,3,6,5,5,1,33,3,1,1,1,40,3600,2400,0,541201,일반경비지도사 청원경찰훈련 사회 불안 요소 때문 유지 생각,경호학
33686,3,3,4,4,2,2,4,6,2,3,2,3,1,0,3,3,2,3,3,4,2,2,2,3,2,3,4,5,4,6,3,4,4,5,3,4,4,5,4,5,3,4,3,4,3,3,3,5,4,5,4,6,2,3,2,3,4,5,3,4,2,3,2,3,1,0,1,0,1,0,1,0,4,5,1,0,1,0,2,2,1,0,1,0,3,4,1,0,4,3,2,3,4,4,4,2,4,4,4,3,4,14,3,4,2,2,0,6,5,4,4,4,4,4,4,4,4,3,4,4,2,4,4,4,4,4,4,2,4,2,2,4,3,4,4,4,4,4,5,4,4,4,2,2,2,2,2,2,2,2,2,1,4,3,3,3,2,6,5,5,5,5,5,6,6,5,2,50,4,1,1,1,40,5200,3400,0,14301,최소 비용 최대 효과 기업 형태,화학공학
33687,3,3,3,4,2,2,3,4,1,0,4,5,4,5,3,5,3,3,1,0,3,3,3,3,3,3,1,0,1,0,1,0,1,0,1,0,3,4,2,3,3,3,4,4,1,0,2,3,3,4,1,0,4,5,4,5,3,4,1,0,1,0,4,5,1,0,2,3,1,0,1,0,1,0,5,5,3,4,1,0,3,3,2,3,3,4,2,3,4,3,4,2,4,4,5,4,4,2,3,4,5,3,1,1,2,2,0,7,3,4,4,4,4,4,4,2,3,4,4,3,2,4,4,4,5,4,5,3,4,1,3,4,4,5,5,4,4,5,5,4,5,5,2,2,2,2,2,2,2,2,2,1,3,3,2,2,2,6,5,7,4,3,3,5,3,4,1,58,2,1,1,1,48,2800,1800,0,884101,지금 유지,공고
33688,5,6,5,7,3,5,4,6,2,3,3,4,3,4,4,5,5,7,3,4,2,2,5,4,4,5,5,4,2,3,4,6,4,5,3,4,5,6,3,5,3,4,3,3,2,3,4,5,4,5,3,4,3,4,1,0,5,6,2,4,2,2,1,0,1,0,3,4,5,3,3,5,2,2,4,6,3,4,4,6,3,2,3,5,4,6,5,6,4,3,4,2,4,2,3,3,3,4,4,3,4,16,5,1,2,2,0,6,5,4,4,3,5,4,4,2,9,9,9,2,3,3,2,2,3,4,3,4,3,4,5,4,4,3,3,3,2,2,3,2,3,3,2,2,2,2,2,2,2,2,2,1,2,2,2,2,1,8,8,1,2,2,4,8,3,5,2,45,4,2,6,1,40,0,0,3800,214401,예능 수강생 온라인 통해 취미,음악학
33689,2,2,2,2,1,0,1,0,1,0,1,0,1,0,1,0,1,0,3,3,1,0,1,0,3,4,4,4,1,0,3,3,1,0,1,0,1,0,1,0,3,3,2,2,2,2,1,0,1,0,1,0,1,0,1,0,1,0,1,0,4,4,1,0,2,2,4,5,4,5,4,5,1,0,1,0,2,2,2,2,1,0,4,4,3,3,2,2,1,1,2,2,2,1,2,2,2,2,2,2,1,5,1,3,1,2,0,1,3,2,1,2,3,2,1,2,3,3,3,3,5,2,2,4,3,2,1,4,2,3,2,4,2,3,2,3,3,5,2,1,3,3,2,2,2,2,2,2,2,2,2,1,3,3,3,3,2,6,6,6,5,5,6,2,5,5,1,42,2,1,1,1,48,4000,2100,0,853201,전기기사 자격증 수거 쓰레기 계속,인문계
33690,5,6,5,5,5,5,5,5,4,5,5,5,4,5,4,4,5,6,4,5,4,6,5,6,4,5,4,6,4,5,4,4,2,3,2,3,4,5,4,5,5,5,4,6,4,4,3,5,3,4,4,4,5,5,1,0,1,0,1,0,2,2,3,4,4,4,1,0,1,0,1,0,4,6,2,4,2,4,3,3,3,5,3,4,4,5,4,4,3,2,4,4,4,3,4,4,4,5,4,5,4,15,2,5,1,2,0,7,5,4,3,3,4,3,3,3,4,3,3,4,2,4,4,3,4,3,3,2,4,3,5,4,3,4,4,3,3,4,4,3,5,4,2,2,2,2,2,2,2,2,2,1,3,3,3,3,2,4,5,4,6,5,5,6,5,6,1,33,5,1,1,1,52,3800,2800,0,122106,축산기술사 상태 유지,축산학
33691,4,6,4,3,2,3,1,0,2,3,3,4,2,1,3,3,5,4,2,1,3,2,4,5,4,4,2,2,1,0,2,3,1,0,1,0,4,4,1,0,5,3,3,3,2,2,1,0,4,3,2,2,3,3,1,0,3,2,2,1,3,3,1,0,4,3,2,2,1,0,3,2,4,2,1,0,3,3,4,2,1,0,1,0,2,2,1,0,3,5,4,4,3,3,4,4,4,5,3,3,1,13,1,2,1,2,0,2,5,5,4,4,5,4,4,4,5,4,3,4,2,3,4,4,5,3,4,3,3,5,4,3,5,4,5,4,4,3,5,4,4,4,2,2,2,2,2,2,2,2,2,1,3,3,2,2,2,3,4,4,4,4,5,7,5,4,1,30,4,1,1,1,40,3200,2900,0,155401,환경측정분석사 환경기능사 환경 업체 포화상태,환경과학
33692,3,5,3,5,4,7,2,5,1,0,2,5,1,0,3,5,5,7,2,5,1,0,2,4,4,7,1,0,3,5,2,5,1,0,1,0,1,0,1,0,1,0,1,0,2,6,1,0,1,0,1,0,1,0,1,0,3,6,3,5,3,6,1,0,3,6,1,0,1,0,2,4,1,0,4,6,4,6,4,6,2,3,2,3,3,4,3,4,4,2,3,2,2,4,3,2,3,4,2,2,3,19,1,1,1,1,3,3,4,2,3,3,4,3,3,2,3,2,3,3,3,2,2,4,3,2,2,4,2,4,2,3,3,3,3,3,3,3,3,3,3,3,2,2,2,2,2,2,2,2,2,4,2,3,3,3,1,6,4,5,3,3,4,2,4,5,2,26,4,1,3,2,25,2500,2000,0,29902,속기사 타이핑 연습 음성 기능 발달,통계학
33693,4,6,4,6,5,6,4,6,4,6,5,6,3,5,4,5,4,5,4,5,3,5,2,4,3,5,4,5,4,5,4,5,4,6,4,6,4,5,4,6,4,6,3,5,3,5,2,4,4,6,3,5,2,4,2,4,2,4,1,0,2,5,3,5,2,4,3,4,3,4,2,3,4,6,3,4,2,4,4,5,2,4,3,5,3,5,3,5,5,4,4,3,4,2,3,4,3,4,4,4,4,10,1,2,2,1,1,3,5,4,3,3,4,3,4,3,3,4,4,4,2,3,3,4,5,4,4,3,3,4,3,4,4,3,3,3,4,4,3,3,4,3,2,1,2,2,2,2,2,2,2,1,3,3,3,3,2,4,6,6,5,4,5,7,7,5,1,47,5,1,1,1,44,5400,2700,0,412003,취재 방법 글쓰는 요령 프린터 도입 정보 전달 매체 필요,경영학
33694,3,4,3,5,1,0,2,2,1,0,3,3,1,0,3,4,3,3,1,0,2,4,2,4,4,4,1,0,2,3,2,4,1,0,1,0,3,3,2,4,3,4,2,4,3,3,1,0,1,0,1,0,3,3,1,0,3,3,3,4,1,0,1,0,2,3,3,4,3,4,4,6,1,0,4,5,4,4,3,4,4,5,4,6,3,4,3,5,2,4,3,2,2,2,4,2,3,3,3,4,3,3,1,4,2,2,0,3,2,3,3,3,3,3,2,3,3,3,3,3,4,3,3,5,4,3,3,4,3,4,3,4,5,2,3,5,4,4,4,3,5,5,2,2,2,2,2,2,2,2,2,3,1,3,3,3,2,7,8,8,7,8,8,7,4,2,1,40,2,1,1,1,40,3700,2800,0,817301,선박 물량 감소,자동차
33695,4,5,3,5,3,5,3,5,3,5,3,4,3,4,3,4,3,4,3,4,3,4,3,5,3,5,3,5,3,5,4,5,3,5,3,5,3,4,3,4,3,4,4,5,4,5,4,5,4,5,4,5,3,5,4,6,4,6,4,6,4,5,4,5,4,5,4,5,4,6,4,5,4,5,4,5,4,5,4,5,4,6,4,5,3,4,3,5,4,3,4,3,3,2,3,4,4,4,3,4,4,13,1,3,1,2,0,6,2,4,3,3,3,3,3,4,5,4,4,4,3,3,3,3,4,3,3,3,3,3,3,4,3,3,4,4,4,3,3,3,3,3,2,2,2,2,2,2,2,2,2,2,2,2,2,2,1,8,7,7,7,7,7,7,7,7,1,47,2,1,1,1,45,5700,3500,0,153105,전기산업기사 전기기사 기계 도입,기계
33696,3,4,4,5,4,5,3,4,3,4,4,4,4,5,3,4,4,4,3,4,2,2,3,4,3,4,3,4,4,4,3,4,3,5,3,4,3,5,4,4,3,5,3,4,3,5,4,4,4,5,4,6,4,5,3,4,3,5,3,4,4,5,3,4,3,4,3,4,3,4,2,4,3,4,4,5,3,4,3,4,4,5,3,4,3,4,3,4,4,4,3,3,4,4,3,3,4,3,3,4,3,8,1,2,2,2,0,2,4,3,3,2,3,3,4,4,4,3,3,4,3,3,2,3,3,4,4,3,3,4,3,4,4,3,3,4,4,4,3,3,4,3,2,2,2,2,2,2,2,2,2,2,2,3,3,3,2,7,6,7,6,7,7,6,5,6,2,34,3,1,1,1,40,2800,2000,0,28204,공란,세무학
33697,4,5,4,4,5,5,4,4,3,4,4,5,1,0,3,4,4,5,1,0,4,4,3,4,4,4,2,2,4,6,4,5,3,4,1,0,2,2,4,5,3,4,4,4,4,4,1,0,2,2,1,0,1,0,1,0,4,4,1,0,3,4,1,0,3,4,2,2,2,2,2,2,1,0,3,5,1,0,1,0,1,0,2,4,4,5,4,5,4,5,3,4,5,3,4,3,4,4,5,4,4,16,5,3,1,1,4,6,5,4,4,4,5,5,4,4,4,3,4,4,2,5,5,3,3,2,3,3,3,4,2,3,4,5,4,3,4,4,2,3,4,4,2,2,1,2,2,1,2,2,2,1,3,1,1,3,1,8,3,6,5,9,8,1,1,2,2,41,5,1,1,1,40,4900,2600,0,304003,보건교사 2급 자격 간호사 자격증 코로나19 위생수칙 코로나 발열 체크 마스크 착용 학교 보건 교사 기계 대신,간호학
33698,1,0,1,0,1,0,1,0,1,0,2,1,1,0,2,2,3,2,2,3,1,0,1,0,2,2,3,4,1,0,1,0,1,0,1,0,1,0,4,4,3,4,1,0,2,2,3,4,4,5,2,2,2,2,4,5,4,5,4,5,1,0,4,5,4,5,4,5,2,3,3,4,1,0,2,3,2,3,1,0,2,1,2,4,2,3,2,2,3,3,2,2,2,2,2,4,2,2,2,2,3,17,1,3,2,2,0,1,2,2,2,2,2,2,2,2,1,2,2,2,4,2,1,3,3,2,2,3,2,4,4,4,2,2,2,2,3,3,3,2,3,4,2,2,2,2,2,2,2,2,2,2,3,3,3,3,2,8,8,7,3,7,3,2,2,3,1,29,2,1,1,1,40,2500,2000,0,561301,바이러스 해충 때문 일자리 변화 생각,이과
33699,3,3,3,3,3,3,3,3,2,2,2,2,2,2,4,4,4,4,2,2,3,3,3,3,3,4,1,0,1,0,2,2,1,0,1,0,1,0,3,4,3,3,2,2,2,2,1,0,2,2,1,0,3,4,5,4,5,6,3,3,1,0,4,5,3,3,4,5,4,4,2,2,1,0,5,6,4,5,4,5,5,6,4,5,2,4,2,2,3,2,2,2,3,1,2,2,3,2,2,2,3,3,1,2,2,2,0,7,2,3,2,1,3,2,1,2,3,2,3,3,3,3,3,3,2,4,3,3,3,1,3,5,2,1,2,1,2,4,4,2,2,4,2,2,2,2,2,2,2,2,2,3,1,2,2,2,2,7,8,9,6,8,8,6,3,3,1,33,2,1,1,1,40,3000,2300,0,883201,외국 완제 경우,금속
33700,5,7,5,7,5,7,4,5,4,6,4,6,4,5,4,6,4,5,4,5,4,5,4,5,3,5,3,4,3,4,4,5,2,3,1,0,3,5,3,3,2,2,2,2,1,0,1,0,2,2,1,0,1,0,1,0,1,0,1,0,1,0,1,0,1,0,1,0,1,0,1,0,2,2,1,0,1,0,1,0,1,0,1,0,1,0,1,0,4,4,4,3,4,4,4,4,3,4,4,4,3,16,5,5,2,2,0,6,6,4,4,4,5,4,4,4,4,4,4,4,2,3,3,3,4,4,3,2,3,4,4,4,3,4,4,4,3,4,4,3,3,4,2,2,2,2,2,2,2,2,2,2,2,3,3,3,1,2,2,2,3,2,2,4,3,2,1,59,6,1,1,1,50,6500,3500,0,110201,취업 직업,정치학
33701,2,3,2,3,1,0,2,2,1,0,1,0,1,0,1,0,1,0,1,0,1,0,1,0,2,2,2,2,1,0,1,0,1,0,1,0,2,2,1,0,1,0,1,0,2,2,1,0,1,0,2,2,1,0,1,0,1,0,1,0,2,2,1,0,1,0,1,0,1,0,1,0,1,0,1,0,1,0,1,0,1,0,1,0,2,2,2,2,3,3,2,2,3,3,2,4,2,3,3,3,2,18,1,2,2,2,0,3,2,3,2,2,3,3,3,3,3,3,3,3,2,3,2,2,2,2,2,3,3,4,4,3,2,3,2,2,2,3,2,3,3,4,2,2,2,2,2,2,2,2,2,1,3,2,2,3,1,4,4,4,4,4,5,4,4,4,2,42,4,1,1,1,52,4400,2800,0,24402,공연,연극영화
33702,5,5,5,5,4,4,5,5,4,3,5,4,5,5,5,5,5,5,5,5,5,3,5,4,5,3,4,3,5,3,5,4,5,4,5,4,5,5,5,4,5,3,4,3,5,3,5,3,5,2,5,3,5,3,5,3,5,3,4,2,4,3,5,3,5,3,5,2,5,2,5,3,4,3,5,2,5,2,5,3,5,3,5,6,5,6,5,4,4,5,5,4,3,4,4,1,3,4,3,5,4,3,1,4,2,2,0,3,5,5,4,4,4,5,3,4,4,4,4,4,1,5,5,5,5,4,5,3,5,3,3,5,3,5,4,4,5,5,4,4,5,5,2,2,2,2,2,2,2,2,2,3,1,3,3,3,2,9,1,1,3,7,5,1,9,5,2,48,4,1,1,1,40,6500,2700,0,852301,자동화 설비 도입,화학
33703,1,0,1,0,1,0,1,0,1,0,1,0,1,0,1,0,2,3,2,3,1,0,1,0,2,3,1,0,1,0,1,0,1,0,1,0,1,0,1,0,1,0,1,0,1,0,1,0,1,0,1,0,1,0,1,0,1,0,1,0,1,0,1,0,4,5,3,4,2,3,2,3,1,0,2,3,2,3,1,0,3,4,1,0,2,3,1,0,3,2,3,3,4,2,3,3,2,3,2,2,3,3,1,2,2,2,0,7,2,3,2,2,3,3,3,3,3,3,4,3,3,2,2,3,4,3,3,3,3,4,3,4,3,3,4,3,3,4,3,3,3,3,2,2,2,2,2,2,2,2,2,2,2,2,2,3,1,4,6,7,4,5,7,5,5,6,2,46,2,1,3,2,47,3600,3300,0,826301,생산 시설 자동화,인문계
33704,3,4,3,3,4,3,3,4,3,3,4,3,3,4,4,5,3,2,3,4,4,3,4,4,4,4,3,3,3,3,4,4,3,4,4,3,3,3,4,3,3,4,3,4,3,3,4,3,3,2,4,3,3,2,2,3,2,3,4,5,3,4,4,3,2,3,4,4,3,4,3,2,2,3,2,3,3,4,2,3,3,4,3,3,2,2,2,3,4,3,4,3,4,4,4,4,3,4,4,4,3,10,1,2,2,2,0,2,5,4,4,4,5,5,3,4,3,5,5,4,2,5,4,5,4,5,4,2,4,4,2,5,4,4,4,3,4,4,4,4,4,4,2,2,2,2,2,2,2,2,2,2,2,3,3,2,1,2,2,8,5,7,2,2,4,3,1,31,4,1,1,1,45,3000,2900,0,133101,자동화 발달 때문,정보통신
33705,3,4,2,5,3,3,2,3,2,3,3,4,2,2,3,4,4,4,2,3,1,0,3,4,5,7,3,5,2,3,3,4,2,2,2,2,3,4,4,6,3,4,3,5,2,3,3,5,4,5,3,5,2,4,4,5,3,6,2,2,2,3,3,4,3,5,4,4,3,5,3,5,2,3,3,5,2,4,2,3,3,4,2,4,4,5,3,3,4,3,2,3,3,4,4,2,4,3,3,3,2,3,1,2,2,2,0,2,2,2,2,2,3,2,2,3,4,4,4,4,3,2,3,3,4,3,3,3,4,5,4,5,3,3,3,2,3,5,3,4,4,5,2,2,2,2,2,2,2,2,2,2,2,2,2,2,2,7,6,6,5,5,6,5,4,6,1,24,2,1,1,1,40,2600,2400,0,852201,생산 감소,기계
33706,4,5,5,7,4,6,2,3,3,4,4,5,3,4,5,7,2,3,5,7,3,4,3,4,3,4,2,3,2,3,2,3,2,2,2,3,2,3,1,0,4,6,4,5,2,3,3,4,1,0,1,0,3,4,3,4,3,5,2,3,3,4,3,4,2,3,1,0,1,0,1,0,2,3,1,0,1,0,1,0,1,0,1,0,1,0,1,0,4,4,3,3,4,4,4,4,3,3,4,4,4,15,2,3,1,2,0,6,5,4,4,4,4,5,5,3,3,4,4,4,2,4,4,3,2,2,2,4,4,5,4,4,4,5,5,5,4,5,4,4,5,4,2,2,2,2,2,2,2,2,2,2,3,3,3,3,2,1,2,1,2,2,7,7,2,3,1,37,4,1,1,1,40,4000,3000,0,140502,도시계획기사 기술사 사회,도시공학
33707,3,4,4,5,2,3,4,6,4,5,4,6,3,4,3,4,4,6,3,5,4,5,4,6,4,6,3,4,4,5,4,5,4,5,4,5,3,4,4,5,4,6,3,3,3,4,2,3,1,0,1,0,1,0,1,0,1,0,1,0,1,0,1,0,1,0,1,0,1,0,1,0,1,0,1,0,1,0,2,3,1,0,1,0,3,4,3,4,3,3,3,4,5,3,2,3,2,4,2,3,3,13,1,2,2,1,4,3,5,3,3,2,4,4,2,3,3,3,3,3,3,4,4,2,3,3,3,3,4,3,3,2,4,3,4,3,4,3,3,3,3,3,2,2,2,2,2,2,2,2,2,1,3,2,2,2,2,7,7,7,7,5,5,7,7,7,2,32,4,1,1,1,52,3200,2400,0,411202,분야별 전문용어 외국 유학 외국어 유창,영문학
33708,3,1,3,1,1,0,3,1,1,0,3,1,1,0,2,1,3,2,2,1,4,1,3,4,3,1,2,1,3,2,2,1,1,0,1,0,3,4,3,1,3,3,1,0,3,2,2,2,3,2,3,3,3,2,1,0,4,2,4,4,1,0,4,4,4,3,5,5,5,4,5,4,2,3,4,4,4,4,2,1,4,5,4,5,3,4,3,5,2,4,4,3,3,1,3,2,2,4,4,4,3,19,1,2,1,1,1,6,4,4,2,2,4,4,2,3,3,3,4,3,2,4,3,3,3,2,3,4,2,4,2,4,3,4,4,4,4,5,3,3,5,5,2,2,2,2,2,2,2,2,2,1,2,3,3,3,2,5,5,5,5,5,5,5,5,5,1,39,2,1,1,1,44,3300,2400,0,811901,농기계정비사 자동차정비기능사 기초직무교육 농업 대폭 감소,기계
33709,2,3,3,4,2,3,2,3,2,3,3,4,1,0,4,5,4,5,2,2,3,4,4,6,4,5,3,4,5,6,4,6,3,4,4,6,4,5,3,4,5,7,3,4,4,5,2,2,2,3,3,4,4,5,2,3,4,5,1,0,1,0,2,2,4,5,4,5,1,0,1,0,3,4,5,7,5,7,4,6,5,7,4,6,4,5,3,5,4,5,4,4,3,1,3,4,1,4,4,2,4,17,1,2,1,2,0,7,5,4,2,2,4,4,2,3,3,4,4,3,2,4,4,2,3,3,4,4,3,5,4,4,5,4,4,3,4,5,2,2,4,4,2,2,2,2,2,2,2,2,2,1,3,3,2,3,2,7,6,5,7,3,3,3,3,6,1,28,3,1,1,1,48,3800,2000,0,306502,작업치료사 취업 영역,물리치료학
33710,3,4,4,4,3,4,5,5,4,4,4,4,4,5,3,4,4,4,3,4,4,5,3,4,5,5,3,4,3,4,4,4,4,5,4,5,5,5,4,5,5,5,4,4,4,4,4,4,4,4,4,5,4,5,4,4,5,6,4,4,3,4,3,4,4,4,4,4,4,4,5,5,4,5,4,4,4,4,4,4,4,6,4,4,4,5,4,4,4,4,2,3,3,2,4,4,3,4,4,4,4,10,1,2,1,1,1,2,2,4,3,3,4,4,3,4,5,4,4,4,1,5,5,4,4,5,3,2,4,4,3,5,4,5,4,4,4,5,5,5,4,4,2,2,2,2,2,2,2,2,2,2,4,3,3,2,1,7,9,2,6,5,4,3,5,7,1,53,2,1,1,1,50,3900,2500,0,131201,전기기사 연구개발 통신 기기 발달,이과
33711,3,5,4,5,3,5,3,4,4,4,3,4,1,0,4,5,3,4,4,4,3,4,3,4,4,4,1,0,3,4,4,5,3,5,3,4,3,4,3,5,3,5,1,0,4,5,1,0,1,0,3,5,1,0,1,0,1,0,1,0,4,5,1,0,3,4,1,0,1,0,1,0,3,4,1,0,3,4,3,4,1,0,1,0,3,4,3,5,4,5,4,4,4,2,4,4,3,4,4,3,3,8,1,2,2,2,0,6,5,3,4,3,4,4,2,3,4,3,4,3,3,4,3,4,4,3,4,3,3,3,4,4,4,5,3,4,5,4,3,3,4,4,2,2,2,2,2,2,2,2,2,3,2,2,2,3,2,6,7,5,6,5,4,3,6,4,1,40,5,1,1,1,40,4100,3200,0,28203,사무 자동화 개발 감소,산업공학
33712,2,2,2,2,2,2,3,2,2,2,2,2,1,0,2,2,2,2,2,2,1,0,1,0,2,2,1,0,2,2,2,2,2,2,2,3,1,0,2,2,1,0,2,3,2,2,2,3,3,2,1,0,2,3,2,2,2,3,1,0,1,0,2,2,1,0,1,0,1,0,1,0,1,0,1,0,2,2,1,0,2,3,1,0,2,2,2,2,3,2,4,2,2,3,2,2,2,2,2,2,3,7,1,2,2,2,0,7,1,1,1,1,4,2,3,2,2,2,3,2,3,3,2,2,2,2,2,3,2,4,3,4,2,2,2,3,3,3,3,3,4,5,2,2,2,2,2,2,2,2,2,2,1,2,2,2,1,5,5,5,5,5,5,5,5,5,2,43,2,1,3,2,40,2800,2600,0,615601,인터넷 구매 증가,이과
33713,3,5,3,6,3,5,2,5,5,6,3,5,2,5,3,5,3,5,3,5,3,6,4,6,4,6,2,4,2,5,2,5,1,0,2,4,3,6,3,6,3,6,4,5,3,4,5,7,3,5,3,5,2,6,2,4,1,0,2,3,5,6,1,0,3,6,1,0,1,0,1,0,2,6,1,0,2,5,2,6,2,4,1,0,3,6,2,3,4,4,3,4,4,4,4,3,4,4,4,4,4,17,3,5,1,2,0,3,4,4,4,4,4,4,4,4,4,4,4,4,2,4,4,5,3,1,1,1,3,3,5,5,3,5,1,1,5,5,3,3,5,5,2,2,2,2,2,2,2,2,2,1,3,2,2,2,1,1,1,1,3,4,3,1,1,1,1,40,4,1,1,1,48,4100,3000,0,27101,전산회계운용사 기업 환경 급변 회계 업무 중요성 증가,경제학
33714,4,5,3,4,3,6,4,4,4,5,4,4,4,5,3,5,3,5,5,5,4,5,3,5,4,4,4,5,3,6,4,5,3,5,4,4,4,5,3,5,4,5,4,5,3,6,4,5,4,4,4,4,4,6,5,6,4,5,3,6,4,5,3,5,3,5,3,5,3,5,5,5,4,4,4,5,3,4,3,5,4,4,4,5,4,4,4,4,4,3,4,3,3,4,3,3,4,5,4,3,4,6,1,2,1,2,0,5,4,4,4,4,3,4,4,4,3,5,4,4,4,4,4,4,3,3,4,3,4,4,4,4,3,4,4,3,3,4,4,4,3,3,2,2,2,2,2,2,2,2,2,2,2,3,3,3,2,8,7,3,3,4,5,7,3,5,1,50,3,1,1,1,42,4500,2600,0,811601,건설기계설비기능사 건설기계정비 시스템 개발,기계설계
33715,2,2,2,2,1,0,1,0,1,0,1,0,1,0,1,0,1,0,1,0,1,0,3,4,1,0,3,3,2,3,3,4,3,4,1,0,3,3,3,4,3,3,1,0,3,4,1,0,1,0,1,0,1,0,1,0,1,0,1,0,1,0,1,0,1,0,1,0,1,0,1,0,1,0,1,0,1,0,1,0,4,5,4,5,1,0,1,0,3,3,3,3,3,3,3,3,4,3,3,3,3,18,1,2,1,1,3,5,2,3,3,3,4,4,4,3,4,3,3,3,2,4,4,3,4,3,3,4,3,3,4,3,4,3,3,4,3,3,3,3,3,3,2,2,2,2,2,2,2,2,2,3,3,2,2,2,1,6,5,6,7,6,5,6,6,4,1,30,3,1,3,2,40,2500,1000,0,414703,무용 발레 스포츠댄스 안무 기획 상황 유질,방송댄스학
33716,2,2,2,2,2,2,3,3,3,3,2,2,2,2,2,2,3,4,3,4,2,2,2,2,2,2,2,2,2,2,2,2,2,2,2,2,2,2,4,6,3,4,2,3,3,3,2,2,2,3,2,3,2,2,2,2,2,2,2,2,2,2,2,2,2,2,2,2,2,2,2,2,2,2,2,2,2,2,3,4,2,2,3,3,4,5,4,5,3,2,4,3,3,2,2,4,3,2,2,2,3,9,1,2,1,2,0,1,1,3,2,2,3,2,3,3,3,4,4,4,4,3,3,5,4,5,4,5,4,2,4,4,4,5,4,4,4,5,4,4,4,4,2,2,2,2,2,2,2,2,2,1,3,1,1,3,1,9,7,6,2,2,3,7,8,6,1,30,2,1,3,2,48,2700,1800,0,532401,오토바이 운전면허 기피 관계,인문계
33717,4,5,4,5,4,4,4,5,4,5,4,5,4,5,4,5,4,4,4,4,4,5,4,4,4,4,4,5,4,5,4,5,4,5,4,4,4,4,4,4,4,4,4,4,4,4,4,4,4,5,4,5,4,4,4,5,4,4,4,5,4,5,4,5,4,5,4,5,4,5,4,5,4,5,4,5,4,5,4,5,4,5,4,5,4,5,4,4,4,4,4,4,3,4,4,4,4,4,4,4,4,11,3,4,2,2,0,4,5,4,4,4,4,4,4,4,4,4,4,4,2,4,4,4,4,4,4,3,4,4,4,4,4,4,4,4,3,4,3,3,4,4,2,2,2,2,2,2,2,2,2,3,3,3,3,3,2,7,7,7,7,7,7,7,7,7,1,40,4,1,1,1,40,5100,3300,0,32301,시스템 발달,통계학
33718,4,4,3,4,2,3,3,4,2,4,4,4,2,4,4,4,4,4,3,4,4,5,3,4,4,5,4,4,4,4,5,5,4,5,3,5,3,4,4,5,4,4,2,4,4,4,2,4,3,4,2,4,3,4,3,4,3,4,2,4,2,4,4,5,3,4,3,4,2,4,4,4,4,5,3,4,4,4,3,4,3,6,3,3,4,5,4,3,4,3,4,3,4,2,4,4,2,3,4,4,3,15,2,3,2,2,0,2,2,4,4,4,5,5,4,4,3,4,4,4,1,4,4,4,4,4,5,2,4,4,2,4,4,4,4,4,4,5,5,4,5,5,2,2,2,2,2,2,2,2,2,2,4,3,3,3,2,8,2,6,8,2,4,6,7,4,1,40,4,1,1,1,45,3600,2400,0,25201,국가 대한 의무 책임감 때문,경영학
33719,3,4,2,2,1,0,1,0,4,5,2,3,1,0,1,0,4,4,2,3,4,5,1,0,3,4,1,0,1,0,1,0,1,0,1,0,1,0,1,0,3,4,4,4,3,4,4,5,4,4,1,0,1,0,1,0,1,0,1,0,4,4,1,0,1,0,1,0,1,0,1,0,1,0,1,0,1,0,1,0,1,0,1,0,3,3,1,0,4,3,4,2,3,4,4,4,3,3,4,3,3,3,1,2,2,2,0,4,4,4,3,2,3,4,3,2,2,3,4,3,2,2,3,4,4,2,4,5,3,4,3,4,4,3,4,3,4,5,3,4,3,4,2,2,2,2,2,2,2,2,2,1,1,2,2,3,2,9,2,3,6,4,7,9,7,4,2,35,3,1,1,1,40,3300,2000,0,27201,기계 대체,행정학
33720,2,3,2,2,2,3,1,0,2,3,3,4,2,2,3,4,2,2,1,0,2,2,2,2,3,4,2,2,2,2,2,2,2,2,1,0,1,0,1,0,2,2,1,0,2,3,1,0,1,0,1,0,1,0,1,0,1,0,1,0,1,0,3,4,2,2,2,3,3,4,2,2,1,0,1,0,2,2,1,0,3,4,2,2,2,2,2,2,3,3,3,3,2,2,4,2,3,2,3,4,4,7,1,2,2,2,0,1,2,4,3,3,4,3,4,3,4,4,4,4,4,3,4,4,3,4,3,4,3,4,3,4,4,3,3,4,3,4,4,3,4,4,2,2,2,2,2,2,2,2,2,3,2,2,2,3,2,8,8,7,2,3,3,8,7,4,1,28,4,1,1,1,40,2700,2500,0,885902,자동화 시스템 도입,교육학
33721,3,4,4,6,3,5,2,3,3,4,5,6,4,5,4,5,3,5,2,3,4,5,4,6,4,5,3,4,2,4,3,5,2,3,2,4,3,4,2,3,5,6,3,5,3,5,2,4,2,3,2,3,5,6,5,5,4,5,4,5,5,6,4,4,4,6,4,5,4,5,3,4,3,5,2,4,2,3,2,4,2,4,1,0,2,3,1,0,4,5,4,4,4,4,4,4,4,5,4,4,4,10,1,5,1,2,0,5,5,4,4,4,4,5,4,3,4,4,4,4,3,3,3,4,3,2,2,1,3,4,4,4,4,3,2,2,2,3,3,4,5,4,2,2,2,2,2,2,2,2,2,2,4,1,1,1,1,4,5,4,6,4,6,4,5,6,1,38,4,1,1,1,48,4000,2900,0,133101,정보처리산업기사 클라우드 컴퓨팅 스마트폰 증가,컴퓨터공학
33722,3,4,4,5,3,4,4,5,4,5,4,5,3,5,4,5,4,5,4,5,4,5,4,5,3,5,4,5,4,5,4,5,3,4,3,4,3,5,5,6,4,6,4,5,4,5,3,4,4,5,3,4,4,5,3,4,4,5,4,5,4,5,4,5,4,5,4,5,4,5,4,5,3,4,4,5,4,5,4,5,4,5,4,5,4,5,4,6,4,5,2,2,2,1,2,3,2,2,1,3,3,14,1,2,1,1,2,2,4,4,2,1,3,2,2,2,2,3,2,2,4,2,2,4,5,4,5,4,5,3,4,4,3,5,4,4,5,4,4,3,4,4,2,2,1,2,1,2,2,2,2,2,2,3,3,3,2,8,9,8,1,2,1,2,2,8,1,30,3,1,1,1,45,2800,2200,0,541301,경비지도사 시설 보안관리 예절 차량 주차 교육 필요 보안요원 대신 기계 장비 대체 주차 요원 대신 장비 자동 조절 인력 감소 지속,기계공학
33723,2,2,2,2,2,2,2,2,2,2,2,2,3,3,2,2,3,4,3,3,2,2,2,2,2,2,2,2,2,3,2,2,2,2,2,3,2,2,4,5,3,4,2,2,2,2,2,2,2,2,2,2,2,2,2,2,2,2,2,2,2,2,2,2,2,2,2,2,2,2,2,2,2,2,2,2,2,2,2,2,3,4,3,3,4,5,4,4,4,3,3,3,2,3,3,2,3,3,3,2,3,9,1,1,2,2,0,1,1,3,2,2,3,3,4,3,3,4,4,4,3,3,3,5,4,4,5,4,4,2,4,4,4,5,4,4,5,4,4,5,4,4,2,2,2,2,2,2,2,2,2,1,3,1,1,3,1,8,8,5,3,2,3,7,7,5,1,24,2,1,3,2,48,2400,1800,0,532401,배달 문화 증가,전기
33724,4,5,4,4,4,5,2,4,3,5,2,2,3,3,2,3,3,4,1,0,2,3,3,4,2,3,4,4,3,4,2,3,3,3,2,2,1,0,2,2,2,3,2,2,3,4,3,4,3,3,3,3,1,0,1,0,2,2,1,0,4,6,2,2,2,3,2,2,1,0,1,0,2,3,3,2,2,2,3,3,3,4,2,3,3,3,3,4,3,3,3,3,3,2,3,3,2,3,2,3,4,15,2,5,1,2,0,2,5,4,4,3,4,4,3,4,4,3,4,4,2,4,4,4,4,4,2,3,4,4,5,4,4,5,4,4,4,5,4,3,4,5,2,2,2,2,2,2,2,2,2,4,4,2,2,2,1,5,5,6,5,5,6,5,6,5,1,48,4,1,1,1,40,6200,3200,0,25201,전산회계 대외 무역 활성화 판단,무역학
33725,3,4,4,4,3,4,4,4,4,4,3,5,4,5,3,4,3,5,3,5,4,5,3,4,4,5,3,4,3,5,3,4,4,3,3,5,4,4,3,5,3,4,4,5,5,7,5,6,4,5,3,5,3,4,4,4,3,5,4,5,4,4,4,5,3,5,3,4,4,4,3,5,3,4,4,5,3,5,3,4,3,5,4,5,3,5,4,6,2,3,2,2,3,3,3,3,3,4,3,3,4,3,1,6,2,2,0,2,2,4,4,4,4,3,3,4,3,3,4,3,3,4,3,5,3,3,4,3,3,4,3,3,3,4,4,3,3,4,3,3,4,3,2,2,2,2,2,2,2,2,2,2,2,2,2,2,1,7,7,8,6,4,7,7,4,3,1,58,2,1,1,1,40,4000,2400,0,885902,경기 침체,이과
33726,2,3,3,4,1,0,2,3,1,0,2,2,3,3,3,3,3,3,2,3,1,0,2,2,3,3,2,2,1,0,1,0,1,0,1,0,1,0,1,0,1,0,2,2,2,3,1,0,2,2,2,2,3,3,3,4,3,3,2,3,1,0,2,3,4,6,3,4,4,4,4,4,1,0,4,4,3,4,3,3,5,5,4,4,3,3,2,2,3,2,2,3,1,1,4,2,1,2,2,1,2,3,1,5,2,1,2,3,2,4,3,3,4,3,3,4,3,4,4,4,2,4,3,4,3,4,3,4,3,3,3,4,3,4,5,4,3,4,4,4,4,3,2,2,2,2,2,2,2,2,2,1,2,3,3,3,2,7,7,6,6,7,4,6,7,6,1,50,2,1,1,1,40,4200,2800,0,821101,현장실습 국내 제품 경쟁력,인문계
33727,3,5,3,5,3,5,3,3,3,4,3,4,3,5,3,3,3,4,3,5,3,4,3,6,4,5,3,5,3,5,3,6,3,6,3,5,4,4,4,5,4,4,4,5,4,4,4,5,4,4,3,4,3,5,3,4,3,5,3,4,3,4,2,4,3,4,3,4,3,4,3,4,4,4,3,4,4,4,4,4,3,5,3,4,4,4,3,4,4,3,4,4,4,3,4,3,3,3,3,3,4,7,1,2,1,1,5,5,5,4,4,4,4,4,4,5,4,4,4,4,2,4,4,4,3,3,4,3,3,3,3,4,4,4,4,4,4,4,3,3,4,4,2,2,2,2,2,2,2,1,2,1,3,2,2,2,1,7,7,7,7,8,8,8,8,8,2,43,4,2,5,1,40,0,0,10000,862201,양복기능사 디자인에 주어진 업무가 많이 중요함 매출 저하 스트레스 기성복 요즘,디자인
33728,5,5,5,5,4,5,3,5,3,6,4,6,3,5,4,6,4,5,2,3,3,5,2,4,4,5,4,6,4,5,4,5,4,5,3,4,2,4,3,5,3,5,4,5,4,5,1,0,1,0,1,0,2,4,1,0,2,2,2,2,3,5,2,3,2,2,2,2,2,2,2,2,1,0,2,2,4,5,2,2,2,2,1,0,2,2,2,3,3,4,1,3,3,4,4,3,3,4,2,3,3,13,2,2,2,1,2,4,5,2,3,3,3,4,4,3,2,3,3,3,3,3,2,3,3,2,4,1,3,4,3,4,2,2,2,2,2,3,3,2,4,4,2,1,2,2,2,2,2,2,2,2,3,3,3,3,2,7,7,3,6,3,3,4,3,4,2,30,4,1,1,1,40,3700,3200,0,121201,재무 회계 사업관리 시스템 운영 구비 관리 프로그램 개설 자동화 업무 수행 때문 고객 응대 직원 응대,환경공학
33729,3,4,5,6,1,0,3,4,1,0,2,2,1,0,3,3,4,4,3,5,1,0,1,0,2,3,3,3,2,2,2,3,1,0,1,0,3,3,3,3,3,3,1,0,4,4,1,0,1,0,3,1,1,0,1,0,1,0,1,0,2,3,1,0,2,2,1,0,1,0,1,0,2,2,1,0,4,5,5,4,4,5,4,5,3,4,3,3,3,3,5,2,1,1,4,3,1,2,2,2,3,15,2,3,1,2,0,5,2,4,4,4,3,3,3,4,3,3,4,4,2,4,4,5,4,4,5,4,4,4,3,4,3,4,4,3,4,3,3,3,3,4,2,2,2,2,2,2,2,2,2,1,3,1,3,3,2,8,7,8,5,6,6,7,6,7,1,29,3,1,1,1,40,2700,2200,0,624201,운전면허증 고객 만족도 위해 당일 휴일 배송 실시 업무,경제학
33730,4,5,4,5,3,5,4,5,3,3,4,5,3,5,3,4,4,5,4,5,3,4,4,5,4,6,4,5,4,6,4,5,4,6,4,6,3,5,4,6,4,5,3,5,4,5,3,4,2,2,2,3,3,3,2,3,2,3,2,3,4,5,3,4,3,4,3,3,2,3,3,4,3,4,2,3,3,4,3,4,4,5,4,5,3,4,3,4,4,5,3,3,2,2,4,3,2,4,4,3,3,17,3,2,1,2,0,2,4,4,4,4,4,4,3,4,3,4,3,4,4,3,4,3,4,4,3,4,3,4,4,4,4,3,4,4,5,4,4,3,4,4,2,2,2,2,2,2,2,2,2,1,4,1,1,3,1,8,9,5,8,8,2,7,2,5,1,48,4,2,5,1,40,0,0,3700,13501,사회복지사2급 사회 복지 때문,사회복지학
33731,2,4,3,4,3,4,3,4,3,4,3,3,3,5,3,3,3,3,4,6,4,5,4,5,4,6,4,6,4,6,4,6,4,5,4,5,4,5,4,5,4,5,4,5,4,5,4,6,3,6,4,5,3,4,3,4,4,5,4,5,4,5,4,4,4,5,3,4,4,5,4,5,4,6,4,5,4,5,4,5,3,4,4,5,4,5,3,3,4,3,3,4,4,3,4,3,4,4,3,3,3,10,1,4,2,2,0,7,5,3,3,3,4,3,3,4,3,3,4,3,4,3,3,3,4,3,2,3,4,3,3,3,4,4,3,2,3,4,4,4,4,3,2,2,2,2,2,2,2,2,2,1,4,1,1,3,1,6,6,7,4,3,3,7,6,4,1,30,4,1,1,1,42,4300,3800,0,131203,인터넷 통신망 수요,정보통신학
33732,4,6,5,6,3,4,4,4,5,6,4,4,3,5,3,5,4,6,4,4,3,3,4,6,3,4,4,5,3,5,4,5,5,6,5,6,3,5,3,5,5,5,4,4,4,4,4,4,3,3,3,4,3,5,2,4,2,4,3,4,4,5,3,4,4,4,3,4,3,4,3,4,4,4,3,3,2,2,2,3,2,3,2,2,3,4,3,3,4,3,4,4,4,4,4,4,3,3,4,5,3,11,1,2,2,2,0,2,4,4,4,4,4,4,4,4,3,3,4,4,2,5,3,4,3,2,3,3,5,4,3,4,3,4,4,4,4,4,3,3,4,5,2,2,2,2,2,2,2,2,2,2,2,3,3,3,2,6,6,5,6,4,4,6,4,4,2,30,4,1,1,1,40,4500,3500,0,32501,인터넷 전산 업무 대체,경제학
33733,3,2,3,2,1,0,3,3,1,0,3,3,5,4,3,3,3,4,3,3,4,3,1,0,4,3,3,3,3,3,3,3,3,3,3,3,1,0,3,3,3,4,4,3,3,4,2,2,3,3,3,2,2,2,2,2,2,2,2,3,2,3,3,3,2,2,2,2,3,3,2,2,2,2,2,2,2,3,3,3,4,3,4,3,4,4,3,3,4,4,3,3,3,3,3,3,4,4,4,3,4,14,1,2,2,2,0,7,1,3,2,3,3,4,3,3,3,3,3,3,4,2,2,3,3,3,3,4,3,4,2,3,3,3,3,4,4,3,4,4,4,3,2,1,1,2,2,2,1,2,2,2,4,2,2,2,1,6,6,5,4,4,4,5,5,4,2,32,2,1,1,1,35,2450,1900,0,617101,주유 방법 기계 변화 홍보 마케팅 증가,인문계
33734,2,3,4,3,1,0,3,3,1,0,1,0,1,0,1,0,3,3,2,3,1,0,1,0,3,3,2,2,1,0,3,3,1,0,1,0,2,2,2,3,2,3,2,3,3,3,1,0,2,3,2,3,1,0,1,0,2,3,1,0,1,0,1,0,1,0,1,0,1,0,1,0,1,0,3,3,3,3,3,3,4,4,2,3,3,4,3,4,2,4,2,3,4,2,4,2,2,2,4,3,2,9,1,2,1,2,0,2,1,3,2,2,4,2,3,2,3,4,2,3,2,3,2,2,3,4,4,3,2,4,2,5,2,3,3,3,4,5,4,2,4,5,2,2,2,2,2,2,2,2,2,1,4,2,2,2,2,4,6,7,5,6,5,7,6,3,2,59,2,1,3,2,40,1600,1600,0,532301,한식조리사 외식 문화 발달,이과
33735,5,6,3,4,1,0,5,6,1,0,1,0,1,0,2,3,5,7,2,3,1,0,1,0,4,5,3,4,1,0,2,3,1,0,3,4,1,0,3,4,2,3,2,3,5,6,2,2,2,3,2,3,1,0,1,0,1,0,1,0,1,0,1,0,1,0,1,0,1,0,1,0,1,0,1,0,2,2,2,3,2,2,2,2,4,5,4,5,4,2,3,5,4,3,1,4,3,2,5,2,4,18,4,1,2,2,0,1,2,4,3,4,4,4,4,4,4,4,4,4,4,4,4,4,3,3,4,4,3,4,4,3,4,5,4,3,3,4,2,3,3,4,2,2,2,2,2,2,2,2,2,1,3,3,3,3,2,8,8,7,6,7,7,8,4,3,2,42,4,2,6,1,40,0,0,2000,416201,직업 특성 대체 불가,연극영화
33736,3,4,3,3,1,0,3,3,3,4,3,4,4,3,3,4,3,3,2,3,3,3,3,3,3,3,2,3,3,3,3,3,2,3,2,3,3,2,4,4,3,3,2,2,2,3,3,3,2,3,3,4,4,5,4,4,2,4,3,3,3,3,3,3,2,3,3,3,4,4,3,4,3,4,2,3,3,3,2,3,1,0,2,3,3,3,2,3,5,4,2,3,3,3,4,4,3,4,3,3,3,13,1,3,2,2,0,3,4,4,2,3,4,4,3,4,4,4,4,4,1,3,3,4,4,3,3,4,5,4,3,5,4,5,4,3,4,5,4,3,5,5,2,2,2,2,2,2,1,2,2,2,3,3,3,2,1,2,5,2,5,6,5,4,3,6,1,39,4,1,1,1,45,3600,2800,0,133201,코로나 인력 감축 컴퓨터 시스템 인력 때문,컴퓨터공학
33737,4,5,3,4,3,4,2,2,2,2,3,4,5,6,3,4,3,4,4,5,2,2,2,3,4,5,3,4,4,4,4,5,3,4,3,3,3,4,4,5,3,3,1,0,1,0,1,0,1,0,1,0,4,5,3,4,3,5,4,5,4,6,1,0,1,0,2,3,1,0,1,0,1,0,5,5,1,0,1,0,2,3,1,0,4,5,1,0,4,4,4,3,3,4,4,4,4,3,4,2,3,13,1,2,1,2,0,3,4,4,4,3,4,3,3,5,4,4,5,5,4,3,4,4,4,3,3,3,4,4,4,4,4,4,4,3,3,4,4,4,3,4,2,2,2,2,2,2,2,2,2,2,2,3,3,3,2,7,6,6,7,7,6,7,6,7,1,45,3,1,1,1,40,5000,3000,0,415501,시각디자이너 웹디자이너 경기 침체,컴퓨터학
33738,3,3,4,5,1,0,4,4,1,0,3,3,2,2,4,3,3,4,2,3,2,3,3,4,3,3,1,0,4,5,3,4,4,5,3,5,2,3,3,5,2,2,3,5,4,5,1,0,3,4,1,0,1,0,1,0,1,0,1,0,1,0,1,0,2,3,1,0,1,0,1,0,1,0,2,2,3,5,3,3,2,2,3,4,3,3,3,3,4,4,4,3,2,2,1,2,2,2,2,3,3,19,1,1,2,2,0,1,1,2,1,1,2,2,1,2,9,9,9,2,3,2,1,3,3,2,2,3,2,5,4,5,2,2,1,2,3,4,2,3,4,4,2,2,2,2,2,2,2,2,2,2,2,2,2,2,2,6,5,4,7,6,5,6,4,5,2,45,2,1,3,2,25,1600,1200,0,561601,로봇청소기 등장,인문계
33739,3,2,2,2,2,1,3,3,2,2,2,3,2,1,3,2,3,4,2,3,1,0,1,0,3,4,1,0,1,0,3,1,2,3,1,0,2,2,3,3,1,0,3,3,2,1,1,0,1,0,1,0,2,3,1,0,2,3,1,0,2,1,1,0,3,4,2,1,2,2,3,4,1,0,3,3,3,4,2,2,2,1,3,1,4,4,3,1,2,3,3,2,3,1,3,3,4,2,3,2,3,15,2,6,2,1,2,3,2,3,3,3,4,3,3,3,4,4,3,4,2,2,3,2,3,4,3,3,3,2,2,3,4,4,3,3,4,3,2,4,4,2,2,2,2,2,2,2,2,2,2,1,1,2,2,2,2,6,7,6,6,5,4,7,7,5,1,28,4,1,1,1,40,3800,2800,0,621901,직무 교육 점차 컴퓨터 감소,경영학
33740,2,3,3,3,2,3,4,5,2,1,3,3,2,1,3,2,3,1,3,1,2,1,1,0,2,2,1,0,3,3,3,4,4,4,2,1,1,0,4,3,2,1,2,2,3,1,1,0,3,3,1,0,3,4,1,0,2,1,1,0,2,1,3,2,1,0,2,1,1,0,2,1,1,0,2,2,2,1,2,1,3,2,3,1,3,3,3,1,4,2,3,3,1,2,2,3,2,3,2,2,3,7,1,1,2,2,0,3,2,2,2,1,2,3,3,4,3,3,4,3,4,2,3,2,2,3,2,4,3,5,1,4,3,2,2,3,1,4,2,3,4,4,2,2,2,2,2,2,2,2,2,2,2,2,2,2,1,6,5,5,4,4,5,3,2,4,1,45,4,1,2,2,45,3300,2500,0,615203,온라인 시장 증가,사회복지학
33741,3,2,3,4,2,1,4,3,2,3,2,1,1,0,2,3,4,3,1,0,2,1,2,3,3,2,3,4,2,1,3,2,3,4,3,2,2,1,2,3,2,3,3,4,2,3,2,1,2,1,2,3,2,1,2,1,2,3,1,0,1,0,2,1,2,1,3,2,3,2,1,0,3,2,1,0,2,1,3,2,2,1,2,3,2,3,4,3,4,3,2,3,2,5,4,3,2,3,2,3,2,11,1,6,2,2,0,2,2,3,3,2,3,4,2,2,3,4,5,4,3,2,3,2,3,4,5,2,4,3,4,4,3,2,3,3,4,4,3,2,5,3,2,1,1,2,1,1,2,1,2,2,2,3,2,2,2,4,6,5,3,4,6,5,4,6,1,39,3,1,1,1,40,3200,2000,0,613001,바운드 형태 아웃소싱 형태 분류 업무 난이도 임금 승률,기계공학
33742,2,3,3,3,3,4,3,3,4,6,2,2,5,5,5,6,4,3,1,0,3,6,5,4,5,6,3,2,4,4,3,4,2,2,3,6,5,6,4,7,3,5,4,5,5,6,3,5,4,4,1,0,2,2,1,0,1,0,2,1,1,0,1,0,3,3,5,6,4,4,4,5,2,4,3,3,2,3,1,0,1,0,1,0,2,3,3,4,3,3,4,3,4,4,4,3,2,4,3,3,2,13,1,2,1,1,4,4,7,3,3,3,4,3,2,4,3,2,3,4,3,3,3,4,2,3,3,1,3,4,3,4,3,4,3,4,2,4,1,2,3,3,2,2,2,2,2,2,2,2,2,4,4,2,2,3,2,7,7,7,5,5,5,2,2,5,1,36,6,1,1,1,45,4000,3000,0,155305,소음기술사 점검 장비 사용 사회 관심 분야,환경공학
33743,4,4,4,3,3,3,4,4,3,2,3,3,3,2,3,3,4,4,3,3,3,2,4,3,4,4,3,2,3,3,4,3,4,3,3,2,3,2,3,2,3,3,3,3,3,2,2,2,3,2,3,3,3,2,2,2,3,3,2,2,1,0,2,2,3,2,3,2,2,2,1,0,1,0,1,0,3,2,3,3,3,3,4,3,4,4,3,3,4,3,2,2,3,1,3,4,2,3,3,3,3,6,4,2,2,2,0,3,3,3,3,3,3,3,3,3,9,9,9,3,3,3,3,4,3,3,4,3,3,3,3,4,2,3,2,2,2,4,2,3,3,3,2,2,2,2,2,2,2,2,2,1,2,2,2,2,2,5,5,5,5,5,5,5,5,5,1,69,3,1,4,2,40,4000,2000,0,701601,목공 사람 하야 건설 경기 불안,건축
33744,2,2,2,2,2,1,1,0,2,2,2,1,2,2,3,4,3,3,3,4,2,2,3,4,2,3,2,3,2,2,2,2,2,2,2,1,3,4,2,2,3,3,3,3,3,4,2,1,2,2,3,3,3,5,4,5,4,5,4,4,2,2,4,5,4,4,4,5,4,5,3,5,4,4,5,5,4,5,4,4,5,5,3,3,3,5,3,3,2,3,2,2,3,1,3,2,1,2,3,2,2,3,1,3,2,2,0,2,1,3,3,2,3,3,1,3,3,4,4,4,3,4,3,2,2,2,3,4,3,4,2,4,3,3,4,4,4,2,3,4,4,4,2,2,2,2,2,2,2,2,2,1,2,3,3,3,2,8,7,6,2,3,3,7,6,5,1,28,2,1,1,1,40,2400,2000,0,823101,자동화 기기 증가,기계
33745,2,2,2,3,2,2,2,3,1,0,1,0,1,0,2,3,2,3,2,3,1,0,2,2,2,2,1,0,1,0,1,0,1,0,1,0,2,3,2,2,2,2,1,0,3,2,1,0,1,0,1,0,1,0,1,0,2,2,3,3,1,0,4,5,2,3,2,2,2,3,4,4,1,0,4,3,4,4,2,2,2,3,2,3,4,5,2,3,3,3,1,3,3,2,3,3,2,1,1,3,2,3,1,4,2,2,0,2,2,4,2,2,4,2,3,3,3,3,3,3,2,3,3,4,3,3,3,4,3,3,3,4,3,2,3,2,2,4,2,1,5,4,2,2,2,2,2,2,2,2,2,2,3,3,3,3,2,7,7,5,6,7,7,7,3,3,1,43,2,1,1,1,44,3900,2400,0,817201,전반 불황 인력 변화,공고
33746,5,6,5,7,5,5,5,5,1,0,3,5,1,0,2,3,2,3,4,5,4,5,1,0,1,0,1,0,2,3,5,5,3,4,1,0,2,4,4,5,4,5,5,6,4,4,4,4,2,4,3,4,1,0,1,0,3,4,1,0,2,5,1,0,3,5,1,0,2,3,3,3,3,5,4,6,1,0,1,0,1,0,4,4,4,5,4,5,5,4,4,4,5,4,4,3,4,4,5,5,4,17,1,1,1,1,6,6,5,4,3,4,4,3,3,3,9,9,5,4,3,4,4,3,3,4,3,4,3,4,4,3,4,3,4,3,3,3,3,3,3,3,2,2,2,2,2,2,2,2,2,2,3,3,2,2,2,3,4,5,4,5,6,3,4,6,1,57,4,2,5,1,50,0,0,9600,301104,의사면허 산부인과전문의 레지던트 인턴과정 출산 여성 감소 여성 환자 건강 관리 위주 운영,의학
33747,3,3,3,4,3,3,2,2,3,2,2,2,3,4,3,3,3,3,3,3,3,4,2,3,4,5,3,5,4,4,4,5,4,5,4,5,1,0,4,4,3,3,3,5,2,3,2,2,1,0,1,0,2,2,3,3,2,2,2,2,2,5,3,3,3,3,3,5,3,3,3,3,2,4,2,3,3,3,3,3,2,3,2,2,2,2,2,3,5,5,4,3,4,2,4,3,4,4,4,3,4,7,1,2,2,2,0,2,2,3,3,3,3,4,4,2,3,3,4,3,4,3,3,4,3,4,4,2,4,2,2,5,4,3,4,3,2,5,3,3,4,4,2,2,2,2,2,2,2,2,2,2,3,2,2,3,1,5,4,6,5,4,5,6,4,5,2,47,3,1,1,1,40,3400,2500,0,612401,수요 증가 인터넷 시장 확대 감소 예정,보건학
33748,2,2,1,0,1,0,1,0,1,0,1,0,1,0,1,0,1,0,2,2,1,0,1,0,1,0,1,0,1,0,1,0,1,0,1,0,1,0,1,0,1,0,1,0,1,0,1,0,1,0,1,0,1,0,1,0,2,2,2,3,1,0,1,0,3,4,3,3,3,3,3,4,1,0,1,0,2,2,2,3,2,3,2,2,2,2,2,2,3,2,3,3,3,3,3,3,3,2,2,2,3,3,1,2,2,2,0,5,3,3,3,2,3,3,3,3,3,4,4,3,4,3,2,4,3,3,3,2,4,3,3,4,3,3,3,4,4,4,3,3,5,4,2,2,2,2,2,2,2,2,2,3,2,3,3,3,2,7,7,7,4,4,5,5,4,4,1,35,2,1,3,2,45,3200,2200,0,882301,업무 자동화 기계화,공업고등학교
33749,4,6,4,6,3,5,3,5,3,5,3,5,4,6,4,5,4,5,3,3,2,3,4,6,4,6,1,0,3,4,4,5,2,1,2,1,3,5,4,4,4,5,3,5,3,5,4,5,1,0,1,0,4,5,4,5,4,6,4,5,3,5,3,5,3,5,4,5,4,6,4,5,3,5,4,5,3,5,3,5,3,5,3,5,5,6,4,5,5,4,4,3,4,3,3,4,4,3,4,3,4,3,1,3,1,2,0,3,5,5,4,4,4,4,4,4,3,4,4,4,1,4,4,4,3,4,3,3,5,4,3,3,4,3,3,5,4,3,4,3,4,2,2,2,2,2,2,2,2,2,2,2,4,3,3,3,2,8,4,5,2,3,6,5,8,6,1,37,4,1,1,1,40,3900,3300,0,131101,정보통신기사 정보통신산업기사 컴퓨터 관련 산업 산업 발달 일자리,컴퓨터과학
33750,4,5,4,5,4,5,4,5,3,4,4,5,4,5,4,4,4,5,4,5,4,5,4,5,4,5,4,5,4,5,4,6,5,6,5,5,4,5,5,6,5,5,5,5,4,5,4,5,4,4,4,5,4,5,3,4,4,5,3,4,4,4,3,4,5,5,5,5,5,5,5,6,5,5,4,4,4,5,4,5,4,5,4,5,5,5,5,5,4,4,3,3,4,4,5,4,4,4,4,5,5,13,2,2,1,1,5,5,5,5,4,4,3,4,4,3,3,4,5,5,4,4,4,4,4,4,4,1,3,3,5,4,4,4,4,4,5,4,5,4,5,4,2,2,2,2,2,2,2,2,2,3,2,1,2,3,1,8,9,9,9,9,9,9,9,9,1,59,5,1,1,1,40,8000,2500,0,621402,항해사 전파전자기사 직무교육 기술 발전 자동화 시스템 변화,항만물류학
33751,5,7,5,7,4,5,4,6,4,5,4,5,4,4,3,4,5,6,4,4,4,4,4,5,4,6,4,6,5,6,4,6,4,5,4,5,4,4,5,6,4,5,4,5,4,5,4,5,3,4,3,4,3,3,3,3,2,2,2,2,5,6,3,4,3,4,1,0,2,2,2,3,4,4,3,4,3,4,3,4,3,3,2,3,4,5,3,4,4,3,2,3,4,3,3,3,1,4,4,3,2,11,1,2,2,2,0,2,5,5,5,5,5,5,4,5,4,3,4,4,2,4,4,4,5,4,5,4,4,3,4,4,5,4,4,5,4,4,5,4,5,5,2,2,2,2,2,2,2,2,2,3,2,2,3,3,2,8,7,8,7,8,7,6,7,7,2,30,4,1,1,1,40,5200,4300,0,32101,온라인 상품 가입 텔레 마케팅 활성화,경영학
33752,1,0,2,3,1,0,1,0,1,0,1,0,1,0,1,0,1,0,1,0,1,0,1,0,3,4,3,3,2,3,2,2,3,4,1,0,3,4,4,5,2,2,3,4,2,2,2,2,1,0,1,0,1,0,1,0,3,4,1,0,1,0,1,0,1,0,1,0,1,0,1,0,1,0,4,5,1,0,2,2,2,3,2,2,3,4,1,0,4,4,1,2,4,4,5,3,3,4,3,3,4,18,1,2,1,1,4,4,3,3,3,3,4,4,4,3,3,2,3,4,3,2,3,2,3,4,2,3,2,2,2,4,4,3,3,4,3,4,4,4,4,4,2,2,2,2,2,2,2,2,2,1,3,3,3,3,2,6,4,5,3,4,3,5,4,4,2,26,3,1,1,1,40,2400,2000,0,511302,미용사 네일 네일아트 변화,뷰티
33753,5,5,3,3,2,2,1,0,3,4,3,4,1,0,2,1,2,1,2,1,1,0,2,2,3,4,3,5,2,2,3,3,1,0,1,0,2,2,2,1,3,3,2,2,3,5,3,4,1,0,1,0,2,2,1,0,1,0,1,0,4,4,2,2,2,2,1,0,1,0,1,0,2,2,1,0,1,0,2,2,1,0,1,0,3,3,3,3,4,2,4,3,3,4,3,2,3,4,3,2,3,6,1,2,1,2,0,2,2,4,4,4,3,4,4,4,3,4,4,4,3,3,3,4,4,4,4,4,4,5,4,4,4,4,4,4,5,4,3,4,4,4,2,2,2,2,2,2,2,2,2,2,2,3,3,3,2,7,7,5,5,3,3,5,5,5,2,33,4,1,1,1,40,2600,2000,0,29501,워드프로세스 기계 전산,경영학
33754,4,6,4,6,3,6,4,6,4,6,4,6,4,4,4,5,4,5,4,5,4,5,4,5,4,5,4,5,4,5,4,5,4,5,4,5,4,5,4,5,4,5,4,5,4,5,4,5,4,4,4,5,4,5,4,4,4,5,4,5,4,5,4,5,4,5,4,5,4,5,4,5,4,5,4,5,4,5,4,5,4,5,4,5,4,5,3,5,4,3,4,4,4,4,4,4,3,4,4,4,4,10,3,2,1,2,0,4,5,4,4,4,4,4,4,4,4,4,4,4,2,4,4,4,3,4,4,2,4,4,4,4,4,4,3,4,4,4,4,3,4,5,2,2,2,2,2,2,2,2,2,3,3,3,3,3,2,7,7,7,8,8,8,7,7,6,1,30,4,1,2,2,40,4200,3500,0,134102,산업기사 자격증 인구 감소 기술 발달 평준화,컴퓨터공학
33755,4,5,4,5,4,6,4,5,4,5,3,5,3,4,3,4,4,5,3,4,3,4,3,4,4,5,3,4,3,4,3,4,3,5,4,5,3,4,3,4,3,4,3,4,3,4,3,5,3,4,3,4,1,0,1,0,1,0,1,0,4,3,4,4,2,3,2,3,3,4,2,4,3,4,2,3,2,3,3,4,4,4,3,4,4,5,3,3,4,4,4,3,3,3,3,3,3,3,3,2,3,12,1,1,1,2,0,3,4,3,3,3,4,4,3,3,3,4,4,3,3,3,3,3,4,4,4,4,4,4,4,3,4,4,4,3,3,3,4,4,3,3,2,2,2,2,2,2,2,2,2,1,2,3,3,3,1,5,6,6,6,7,5,6,5,4,1,36,4,1,1,1,30,3050,2800,0,611001,공인중개사 방이 다방 고객 한결 직원 한결 추세,부동산재테크
33756,2,4,3,4,1,0,1,0,1,0,1,0,3,4,1,0,3,4,1,0,1,0,1,0,3,4,4,4,1,0,1,0,1,0,1,0,1,0,1,0,3,4,1,0,1,0,1,0,1,0,1,0,3,4,1,0,3,4,1,0,1,0,1,0,4,4,2,3,1,0,3,3,1,0,1,0,1,0,1,0,1,0,1,0,1,0,3,3,4,3,4,3,3,2,3,3,3,3,4,2,3,10,1,2,2,2,0,7,5,2,4,4,4,3,3,4,4,4,4,4,2,4,4,4,3,4,2,3,3,4,3,4,4,5,3,4,4,3,2,3,4,3,2,1,1,2,2,2,2,2,2,3,2,3,3,3,2,8,7,8,2,3,3,8,3,3,1,32,4,1,1,1,45,3500,3000,0,416501,기계 장비 발달 변화 기술 발달 일자리 감소,음향제작
33757,3,4,4,5,3,3,4,4,3,4,4,5,3,4,4,4,3,3,1,0,2,2,3,4,3,3,4,4,3,4,2,2,3,4,3,5,3,3,4,5,3,4,2,3,3,3,2,2,2,2,2,3,3,3,2,3,2,2,2,2,4,5,3,3,2,3,2,2,2,2,2,2,4,4,2,3,1,0,2,2,2,1,2,1,2,3,2,2,4,3,2,3,3,4,3,3,1,3,4,3,2,10,3,4,1,1,2,4,4,4,4,4,4,4,2,3,4,4,4,4,3,4,4,4,3,2,3,3,4,5,2,3,4,4,4,3,5,5,4,3,5,5,2,2,2,2,2,2,2,1,2,1,3,1,1,3,1,7,6,4,4,3,4,7,3,4,1,47,4,1,1,1,40,5900,2900,0,134201,정보처리기사 서버개발 환경개발 교육 점원 업무 보고 확인 체크 수정 업무 지금 분야 개발 시스템 때문,전자공학
33758,2,3,2,3,2,3,2,2,2,3,2,3,2,3,3,4,2,3,2,2,2,3,2,3,2,3,3,4,3,4,3,4,2,3,3,4,3,4,2,3,2,3,2,3,2,3,3,4,2,3,2,3,2,3,2,3,2,2,2,2,4,6,2,2,2,3,2,2,2,2,2,3,2,3,3,4,2,3,2,3,2,3,2,2,2,2,2,2,4,3,4,4,3,4,4,4,3,4,4,3,4,3,1,5,1,2,0,1,5,4,4,4,4,4,4,4,5,5,4,4,2,4,4,4,3,3,4,4,3,3,4,4,3,3,4,4,4,3,3,4,4,3,2,2,2,2,2,2,2,2,2,2,2,3,2,3,2,8,6,3,6,5,4,8,4,6,2,37,4,1,1,1,40,3700,2800,0,156201,화학산업기사 증가,섬유공학
33759,4,5,3,4,4,6,3,5,4,6,3,5,2,4,3,5,4,6,2,4,3,6,3,5,2,4,3,5,2,4,3,5,2,4,3,5,3,5,2,4,4,6,3,3,2,4,2,4,3,5,2,4,4,6,4,6,3,5,4,6,3,5,2,4,4,6,4,6,3,5,4,5,3,5,2,4,3,5,4,6,2,4,3,5,3,5,4,5,4,3,4,2,3,4,3,4,3,4,2,3,4,13,1,4,1,2,0,4,6,4,3,4,4,3,4,4,3,2,3,4,4,3,3,4,3,3,4,4,3,4,3,4,3,4,3,4,4,3,2,3,4,3,2,2,2,1,1,1,2,2,2,2,2,3,2,3,2,3,7,8,3,8,2,3,8,4,1,33,5,1,1,1,42,3600,3100,0,154104,화학분석기능사 상품 개발 업무 수행 재정난 감소 생각,화학공학
33760,4,4,5,6,5,6,3,3,3,4,4,4,5,6,5,6,5,6,4,4,3,3,4,4,5,6,3,3,3,3,5,6,3,4,3,3,5,6,4,4,4,4,5,6,4,4,5,6,3,3,3,3,3,3,4,4,3,3,3,3,3,3,3,3,3,3,5,3,4,4,3,3,4,4,3,3,3,3,2,2,2,2,2,2,4,6,3,4,2,3,4,3,4,3,3,4,3,4,4,4,3,19,3,4,1,1,3,3,5,4,3,3,4,3,4,3,4,4,4,4,3,4,4,3,3,3,3,2,3,3,4,4,4,4,4,4,4,4,1,3,4,3,2,2,2,2,2,2,2,2,2,3,3,2,2,2,2,3,3,3,5,5,5,1,1,5,2,29,4,1,1,1,45,3200,2800,0,413202,학예사 자료보존교육 역사 기록물,문헌정보학
33761,4,5,4,5,4,5,4,6,4,5,4,5,4,4,4,5,4,4,4,5,4,5,4,5,4,4,4,5,4,4,4,5,4,5,4,4,4,4,4,4,4,4,4,4,4,4,4,4,4,5,4,4,4,5,4,5,4,4,4,5,4,6,4,5,4,3,4,4,4,3,4,5,4,5,4,5,4,5,4,5,4,5,4,5,4,5,4,5,4,4,4,4,4,4,4,4,3,4,4,4,4,14,1,2,1,1,4,4,5,4,4,4,4,4,4,4,4,4,4,4,2,4,4,4,4,4,4,2,4,4,4,4,4,4,4,3,4,4,3,3,4,4,2,2,2,2,2,2,2,2,2,3,3,3,3,3,2,7,7,7,8,8,8,7,7,7,1,35,4,1,1,1,40,5100,3500,0,22103,경영지도사 실무교육 시스템 발달,국제무역
33762,4,5,5,6,4,5,4,5,4,5,4,5,4,5,4,5,4,5,4,5,3,4,4,5,4,5,4,4,4,5,4,5,3,4,3,5,4,5,4,6,4,5,4,5,4,4,3,5,2,3,4,4,2,3,3,2,2,1,2,1,2,1,2,1,2,1,1,0,1,0,1,0,1,0,3,4,3,3,3,4,4,5,3,4,3,3,2,2,4,3,3,4,4,3,4,4,3,3,3,4,3,9,1,2,1,2,0,2,4,4,4,4,4,4,4,4,3,3,4,4,2,4,4,3,3,4,4,3,4,3,3,4,3,3,3,4,4,3,3,4,4,3,2,2,2,2,2,2,2,2,2,3,4,3,3,3,2,7,6,5,6,7,6,6,5,6,1,45,4,1,1,1,40,5000,3500,0,14103,호텔관리사 전문직,호텔경영학
33763,3,2,4,2,2,1,3,4,3,4,1,0,1,0,3,5,3,2,5,5,1,0,1,0,3,4,1,0,1,0,1,0,1,0,2,3,1,0,4,4,2,3,4,4,3,3,4,3,3,3,1,0,1,0,1,0,4,5,1,0,1,0,1,0,4,4,4,5,4,4,4,5,1,0,3,3,3,5,3,2,4,5,2,2,4,6,3,5,5,2,5,2,2,2,4,3,2,2,2,3,4,8,4,1,1,2,0,7,3,2,2,1,4,4,2,2,9,9,9,2,3,4,4,3,3,2,4,3,2,2,2,4,4,3,2,5,4,5,3,2,5,4,2,2,2,2,2,2,2,2,2,1,2,2,2,2,2,7,9,8,5,8,8,4,4,2,1,59,1,2,6,1,44,0,0,3300,622304,1종대형먼허 감소 수입 줄어듬,0
33764,2,3,3,4,2,3,2,3,2,4,2,3,3,4,3,5,1,0,3,4,2,4,3,4,3,4,1,0,2,4,3,4,1,0,1,0,3,5,2,4,2,3,3,4,2,4,2,4,3,4,2,3,3,5,5,5,5,5,4,5,2,3,3,4,3,4,4,5,4,5,2,4,2,3,4,5,4,5,2,3,4,5,4,5,5,5,1,0,4,5,4,4,5,4,4,4,4,5,5,5,4,17,1,3,1,2,0,5,4,3,4,4,4,5,4,4,4,4,4,4,3,4,4,4,4,3,3,2,3,4,5,4,4,5,3,3,4,4,4,3,4,4,1,2,2,2,2,2,2,2,2,2,3,2,2,2,1,3,3,4,5,5,6,6,6,5,1,35,4,1,1,1,45,4100,3000,0,306701,의지보조기기사 바이오 조기 뇌파 이용 조기 개발 고령화 교통사고 산업 재해 장애 증가,의료공학
33765,3,4,4,4,3,3,3,4,2,2,2,2,1,0,2,2,3,3,3,3,1,0,1,0,1,0,3,3,5,6,3,3,3,3,3,3,3,3,5,6,4,5,4,4,4,5,3,3,2,2,4,4,1,0,1,0,1,0,1,0,1,0,1,0,1,0,1,0,1,0,1,0,1,0,1,0,1,0,1,0,1,0,1,0,3,4,3,3,4,5,2,3,4,5,3,2,4,3,3,3,2,19,1,2,1,2,0,7,4,4,4,4,4,3,4,4,4,4,4,4,2,2,3,2,4,3,4,4,4,4,4,4,4,4,3,4,4,4,4,4,4,4,2,2,2,2,2,2,2,2,2,1,3,2,2,2,2,8,7,8,3,3,4,3,7,5,1,41,4,1,1,1,40,4800,3000,0,14103,호텔관리사 기계 대체 불가,호텔경영
33766,4,4,3,3,4,5,2,4,5,5,5,5,5,5,4,4,1,0,3,5,4,4,4,5,3,3,2,4,1,0,2,3,1,0,2,4,4,5,1,0,5,5,3,5,3,4,2,4,2,4,2,3,4,4,5,5,4,3,4,3,4,3,2,4,3,3,3,4,3,3,3,3,2,3,3,4,2,4,1,0,2,5,1,0,2,4,1,0,4,4,3,4,4,3,4,3,3,4,3,5,4,13,1,2,2,1,5,4,5,4,4,4,5,4,3,4,4,4,4,4,2,3,3,4,3,3,3,2,3,3,4,5,3,3,2,2,3,5,3,3,4,5,2,1,1,2,1,1,2,2,2,2,3,3,3,3,1,8,3,2,3,1,4,7,6,2,1,34,4,1,1,1,48,4200,3400,0,151201,계속해서 지식을 습득해야 시스템 장비 점점 로봇 자동화 시스템,기계공학
33767,4,5,3,5,4,5,4,5,4,5,4,5,4,5,4,4,4,5,4,5,3,5,4,5,4,5,4,5,4,4,4,5,4,5,4,5,4,5,3,5,4,4,4,5,4,5,4,5,4,5,4,5,4,5,4,5,4,5,4,5,4,5,4,5,4,5,4,5,3,4,3,4,4,5,4,4,4,4,4,4,4,4,4,4,4,5,3,5,4,4,3,4,4,3,4,4,3,4,3,4,4,17,1,2,1,1,6,6,5,3,4,3,4,4,4,4,4,4,4,4,3,4,3,4,4,3,4,3,3,3,3,4,3,4,3,4,3,4,3,4,3,3,2,2,2,2,2,2,2,2,2,2,3,1,1,3,1,8,7,8,7,8,7,7,8,7,2,58,4,1,1,1,40,5800,3200,0,13501,사회복지사 직무 교육 상황 유지,경영
33768,3,5,4,5,2,5,2,2,2,3,3,4,2,3,3,6,3,5,1,0,1,0,3,4,3,4,1,0,1,0,4,4,1,0,1,0,1,0,1,0,3,4,3,4,1,0,1,0,1,0,1,0,1,0,1,0,3,4,2,2,3,5,2,3,4,4,2,2,1,0,3,3,1,0,4,5,2,3,3,3,1,0,1,0,2,3,2,4,2,2,2,3,3,3,4,2,4,4,3,3,3,13,2,4,2,1,2,7,5,4,4,3,5,4,3,3,3,4,4,4,1,4,3,3,3,3,2,3,4,4,3,4,3,4,3,4,2,3,2,2,4,3,2,2,2,2,2,2,2,2,2,2,3,3,3,3,2,5,6,6,6,6,5,6,4,3,1,31,4,1,1,1,40,3500,3000,0,121201,실무 교육 정도 기계로 대체 업무 분석 판단 사람 때문,화학
33769,4,5,4,5,3,4,3,4,3,4,3,4,4,5,4,5,3,4,3,4,3,4,3,5,4,5,4,5,4,5,3,4,4,5,4,5,4,5,4,5,4,4,3,4,3,4,3,5,4,5,3,4,4,6,4,5,4,5,4,6,3,4,4,5,4,5,4,5,3,4,4,5,4,5,1,0,4,5,4,5,4,5,1,0,1,0,1,0,3,3,4,3,4,3,3,3,4,3,3,3,4,3,1,2,1,1,4,5,5,4,4,4,4,4,4,4,4,4,4,4,3,4,4,3,2,3,4,3,3,3,4,2,3,4,3,3,4,4,2,2,3,4,2,2,2,2,2,2,2,2,2,3,3,3,3,3,2,4,6,5,8,4,3,3,7,7,1,42,4,1,1,1,45,6500,3000,0,151107,3D캐드 솔리드웍스 3D캐드 2D캐드 포토샵 변화 요인,자동차학
33770,5,7,5,7,3,5,4,6,5,6,5,6,3,4,5,7,5,7,3,3,2,3,5,7,4,6,4,6,4,6,4,6,4,6,5,7,2,7,1,0,5,7,5,7,3,5,4,6,4,6,1,0,3,3,1,0,1,0,1,0,4,6,1,0,2,3,2,1,2,2,2,2,1,0,1,0,4,6,2,2,2,4,3,5,3,4,3,4,3,4,1,4,4,2,3,2,3,3,4,4,2,6,1,2,1,2,0,6,4,4,4,3,4,5,4,4,4,4,4,4,2,5,5,3,3,1,2,4,1,4,2,5,4,4,4,5,5,5,4,3,5,5,2,2,2,2,2,2,2,2,2,1,3,3,3,3,2,9,2,2,2,2,3,8,4,2,1,40,4,1,1,1,40,4600,3200,0,140207,산업기사자격증 건축 시도 사업,건축공학
33771,2,3,2,2,2,2,4,4,2,3,1,0,1,0,1,0,1,0,1,0,1,0,1,0,2,3,4,5,4,5,3,4,3,4,3,3,3,4,2,2,2,2,1,0,1,0,1,0,1,0,4,5,1,0,1,0,1,0,1,0,3,4,1,0,1,0,1,0,1,0,1,0,4,5,1,0,1,0,1,0,1,0,1,0,2,2,1,0,3,3,1,4,4,3,3,3,4,3,3,3,3,14,1,2,2,2,0,7,4,4,3,3,4,3,3,3,3,4,3,3,3,2,3,3,3,2,3,3,2,3,3,4,5,4,3,4,3,2,3,3,2,3,2,2,2,2,2,2,2,2,2,2,2,3,3,3,2,5,4,5,6,6,6,5,4,4,1,35,4,1,1,1,40,3300,2700,0,26201,시스템 개발,경찰행정학
33772,1,0,2,2,1,0,2,2,1,0,1,0,1,0,1,0,2,2,1,0,1,0,1,0,1,0,1,0,1,0,2,2,1,0,1,0,1,0,2,2,1,0,1,0,1,0,1,0,1,0,1,0,1,0,1,0,1,0,1,0,1,0,1,0,1,0,1,0,1,0,1,0,1,0,1,0,1,0,1,0,1,0,1,0,2,2,2,2,3,3,4,2,2,4,1,1,1,1,2,2,2,18,4,1,2,1,3,3,3,4,4,3,3,4,3,2,2,2,4,3,2,4,4,4,3,3,3,4,2,5,2,4,4,5,5,5,4,4,3,4,5,3,2,2,2,2,2,2,2,2,2,1,4,2,2,2,2,9,9,9,1,1,9,8,8,8,1,24,3,1,4,2,9,1200,1000,0,416202,런웨이 훈련 무대,연극영화
33773,2,3,2,4,1,0,2,3,1,0,2,3,1,0,4,4,2,3,2,2,2,3,2,4,3,4,3,4,2,3,2,3,2,3,2,3,2,3,2,3,2,3,1,0,1,0,1,0,1,0,1,0,1,0,1,0,1,0,1,0,1,0,1,0,2,3,2,3,3,4,3,4,1,0,3,4,3,3,3,4,3,3,2,3,4,3,2,3,3,2,2,3,3,2,3,2,3,1,3,3,2,3,1,2,2,2,0,7,1,2,2,1,4,2,2,3,3,3,3,3,3,3,2,4,3,2,2,2,4,4,4,5,2,2,4,2,3,4,3,3,4,3,2,2,2,2,2,2,2,2,2,2,2,3,2,2,2,7,8,6,4,7,8,6,4,2,2,43,2,1,1,1,46,2600,2000,0,864201,신발 제조 공정 자동화,인문계졸업
33774,2,3,3,3,2,3,2,2,1,0,2,3,4,4,4,4,3,4,2,2,4,5,3,3,2,2,4,4,3,4,2,3,2,2,2,2,2,2,4,4,3,3,3,3,2,2,2,3,2,3,4,5,2,2,4,5,3,4,2,3,5,6,4,5,4,5,4,5,2,3,4,5,4,5,2,3,2,2,2,2,2,2,2,3,4,4,2,3,4,3,5,5,4,4,3,4,2,4,3,2,5,10,1,1,1,1,4,4,4,4,3,2,2,4,3,4,4,3,3,4,3,4,3,2,3,2,3,4,3,4,3,3,4,3,4,4,4,4,3,4,3,3,2,2,2,2,2,2,2,2,2,2,4,3,1,3,1,6,7,5,6,7,5,7,4,5,1,44,4,1,1,1,40,5200,2700,0,133302,정보처리기사 컴퓨터그래픽운용기능사 웹사이트구축 운영개발업무 비대 전자상거래 증가,컴퓨터공학
33775,2,2,2,1,1,0,1,0,3,2,2,2,1,0,1,0,4,4,2,3,2,2,4,4,3,3,2,4,1,0,1,0,2,2,1,0,4,2,3,1,2,5,2,2,2,3,3,4,3,2,2,1,4,4,5,5,4,6,4,4,1,0,3,4,5,5,5,6,3,5,4,4,2,3,5,4,4,5,5,5,3,3,4,5,3,3,2,3,2,3,3,2,1,2,3,4,3,1,1,3,2,3,1,2,2,2,0,2,2,2,2,1,3,2,4,4,3,2,4,3,2,3,3,3,3,2,2,4,3,4,5,5,2,2,2,3,2,4,4,1,5,4,2,2,2,2,2,2,2,2,2,3,2,3,2,2,2,7,9,8,3,4,5,6,7,7,1,35,2,1,1,1,48,3600,3400,0,852201,인건비 증가 중국 제품 일자리 감소,기계
33776,4,4,4,4,3,4,4,4,1,0,3,4,2,3,3,3,2,3,3,4,3,3,5,5,3,4,3,4,3,3,4,4,2,3,1,0,3,4,3,4,4,5,2,2,2,4,1,0,1,0,1,0,2,2,4,3,3,3,3,3,1,0,1,0,4,4,3,3,2,2,4,4,3,4,3,3,3,4,2,2,2,3,2,2,4,5,4,4,4,4,5,3,3,2,4,3,3,4,4,3,4,17,1,3,1,2,0,1,4,4,4,3,4,4,3,3,3,4,4,4,1,3,3,5,4,4,5,1,4,2,4,4,4,3,3,3,4,3,4,3,4,3,2,2,2,2,2,2,2,2,2,1,4,3,2,3,1,8,7,9,7,5,8,7,7,8,2,33,4,1,1,1,40,3300,2700,0,306502,작업치료사 사회 복지 제도 확대 장애 아동 사업 증가,작업치료학
33777,4,7,4,6,5,6,5,6,4,6,4,6,4,6,4,5,4,5,1,0,2,3,3,4,3,4,4,5,3,4,4,5,4,5,4,5,4,5,4,5,4,4,4,5,4,6,1,0,2,3,4,5,3,4,3,4,2,3,2,3,2,3,2,3,3,3,4,4,1,0,2,3,4,5,4,5,3,4,4,5,2,3,3,4,3,4,4,5,4,4,2,4,4,4,4,5,2,4,5,5,4,10,1,6,2,1,1,1,5,4,4,4,4,4,4,4,4,3,3,3,3,3,3,2,3,4,3,2,3,4,4,2,4,3,4,2,3,4,3,3,3,3,2,2,2,2,2,2,2,2,2,1,3,2,2,2,1,3,4,2,7,5,6,3,7,6,1,44,4,1,1,1,50,7500,4000,0,412002,원고작성법 변화 요소,신문방송
33778,3,3,3,3,3,2,3,3,3,2,2,2,1,0,2,2,2,1,1,0,1,0,3,5,1,0,3,3,3,5,3,4,2,1,2,1,4,4,3,4,1,0,1,0,3,3,2,1,1,0,1,0,1,0,1,0,1,0,1,0,3,3,1,0,1,0,1,0,1,0,1,0,1,0,1,0,1,0,1,0,2,1,2,1,2,1,2,1,4,3,4,4,3,3,4,4,4,3,3,3,4,19,3,3,1,2,0,7,5,4,4,3,4,3,4,3,4,4,3,4,3,3,4,2,3,2,3,4,3,4,3,3,3,4,3,3,4,3,3,2,3,3,2,2,2,2,2,2,2,2,2,3,2,2,2,3,2,5,4,5,4,5,6,5,4,4,2,45,4,1,1,1,40,3400,2400,0,231301,청소년지도사1급 청소년 감소,사회복지학
33779,4,4,4,4,3,4,3,4,2,4,3,4,3,4,3,4,3,3,4,4,3,4,4,5,4,4,3,4,3,4,3,4,3,5,3,4,4,4,3,4,3,3,3,3,3,4,1,0,1,0,1,0,1,0,1,0,1,0,1,0,2,3,1,0,1,0,2,3,2,2,2,3,3,4,2,3,3,3,3,4,3,4,3,4,3,4,3,4,4,4,3,3,2,3,3,4,2,3,4,3,4,16,5,2,1,1,5,4,5,2,2,2,1,3,1,2,3,1,3,2,4,2,2,3,3,4,3,3,4,2,2,3,4,2,3,3,4,4,3,4,3,3,2,2,2,2,2,2,2,2,2,1,3,1,1,2,1,5,6,4,6,7,8,5,3,2,2,26,4,1,1,1,40,2400,2200,0,213001,유치원정교사2급 보육교사자격증 아동심리 상담 보육 기관 맞벌이 부부 항상,유아교육
33780,3,6,5,6,5,6,4,6,4,4,4,5,4,4,5,4,3,4,4,4,3,4,4,6,4,4,4,5,4,4,4,4,4,5,3,3,3,5,4,4,4,4,4,4,4,4,3,4,3,4,4,4,4,4,4,4,2,3,1,0,4,4,4,5,3,4,3,4,3,4,4,4,4,4,1,0,1,0,1,0,1,0,1,0,1,0,1,0,4,4,4,4,4,4,4,3,3,4,4,4,4,13,2,5,2,1,6,6,7,4,4,4,4,4,3,4,4,4,4,4,4,4,4,4,4,4,4,4,4,4,4,4,4,4,4,4,4,4,4,4,4,5,2,2,2,2,2,2,2,2,2,1,3,3,3,3,2,8,8,7,8,8,8,8,8,8,1,55,6,1,3,1,40,5000,2000,0,121105,학위 기후변화 문제 지속 사회 문제 이기 때문,지질학
33781,2,2,2,3,1,0,2,2,1,0,1,0,1,0,1,0,2,2,3,3,1,0,2,2,3,4,3,3,2,1,3,3,1,0,1,0,2,2,2,1,3,3,3,3,2,2,1,0,2,2,1,0,1,0,1,0,1,0,1,0,1,0,1,0,1,0,1,0,1,0,1,0,1,0,1,0,3,3,2,2,3,4,3,3,2,2,2,1,5,3,2,1,3,4,2,5,2,1,3,4,2,14,1,2,2,2,0,7,2,2,2,2,3,4,2,3,9,1,3,3,5,3,2,3,2,3,4,5,2,4,2,3,2,4,4,3,4,4,2,2,3,4,2,2,2,2,2,2,2,2,2,3,2,2,2,3,1,6,8,7,4,3,4,4,4,5,2,47,2,1,1,1,52,2400,2400,0,561201,순직,화학
33782,3,3,3,3,2,3,2,3,2,2,1,0,1,0,2,3,2,3,2,3,1,0,2,4,3,3,3,3,2,2,2,2,2,3,2,1,3,3,2,2,4,4,1,0,1,0,1,0,1,0,2,3,2,2,1,0,5,5,5,3,1,0,3,3,4,5,5,5,5,4,4,5,3,4,4,4,4,4,4,4,4,5,4,4,3,4,2,3,2,1,3,3,2,2,3,2,3,1,3,4,3,3,1,3,2,2,0,1,2,2,1,1,3,2,3,3,3,3,3,3,2,4,4,3,4,3,5,3,3,3,3,3,3,2,3,3,3,4,4,3,5,3,2,2,2,2,2,2,2,2,2,2,2,3,3,3,2,7,7,8,6,9,8,8,5,1,1,45,2,1,1,1,48,3400,2500,0,817301,조선 경기,기계
33783,4,6,4,6,4,5,4,6,4,6,4,6,4,5,4,5,3,5,4,5,4,5,4,6,4,6,5,6,4,6,4,6,4,5,4,5,4,5,4,6,5,6,5,6,4,6,4,3,4,6,4,6,4,6,4,3,4,6,4,3,5,6,4,6,5,6,4,6,5,7,5,6,4,6,4,5,4,6,4,6,4,6,4,6,4,6,4,6,4,4,2,4,4,2,4,4,3,4,4,4,4,8,1,4,1,1,2,5,5,4,3,3,4,4,3,4,3,3,3,3,2,3,3,3,4,3,4,3,3,4,3,4,3,4,4,3,4,4,3,3,4,4,2,2,2,2,2,2,2,2,2,1,3,2,2,3,2,7,7,7,3,5,5,7,5,3,2,33,4,1,1,1,45,3600,2700,0,28203,물류관리사 국제 화물 운송 법규 변경사항,항공경영학
33784,3,4,3,4,2,2,3,4,4,5,3,4,2,3,2,4,3,4,2,3,4,5,3,4,2,3,3,4,2,3,2,3,2,3,3,4,4,5,3,4,2,3,2,3,3,4,3,4,4,5,2,2,1,0,2,2,3,4,1,0,3,4,2,2,2,2,2,2,1,0,1,0,2,2,1,0,1,0,2,2,2,3,2,2,2,2,2,2,2,3,2,3,2,3,2,2,2,3,2,2,2,6,1,2,2,2,0,2,5,2,3,3,2,2,3,3,4,3,4,3,3,2,3,3,4,3,4,4,3,3,4,4,3,4,3,2,3,4,4,3,3,3,2,2,2,2,2,2,2,2,2,1,3,3,3,3,2,4,6,7,5,6,6,3,7,7,1,36,4,1,1,1,40,3900,2300,0,26301,사무기기 발달,경제학
33785,3,4,2,2,2,4,2,4,3,4,3,3,2,3,2,2,2,2,2,2,2,2,2,3,3,2,1,0,2,3,3,3,3,3,3,4,1,0,5,5,4,4,5,5,3,4,3,4,3,3,3,3,3,4,2,2,2,2,3,3,3,5,3,4,3,5,2,2,2,3,2,2,3,3,3,4,2,2,2,2,3,3,2,2,2,2,1,0,4,3,2,4,4,2,4,4,4,4,4,3,4,13,1,2,2,2,0,2,4,4,3,3,4,5,4,3,2,4,4,4,3,3,2,4,3,3,4,4,3,3,3,4,5,4,3,4,3,4,5,3,4,4,2,2,2,2,2,2,2,2,2,2,3,2,2,3,1,8,6,3,3,4,4,2,3,7,1,41,4,1,1,1,40,3500,2500,0,26103,경기 침체 둔화,경영학
33786,4,4,3,4,3,4,4,4,1,0,3,4,3,4,3,3,4,5,1,0,3,3,3,4,4,4,3,3,4,4,3,5,4,4,3,4,1,0,4,5,3,3,3,4,2,3,1,0,1,0,1,0,1,0,1,0,1,0,1,0,3,4,1,0,1,0,1,0,1,0,1,0,1,0,1,0,1,0,1,0,1,0,1,0,2,2,1,0,4,4,3,3,4,3,4,3,4,3,4,3,4,17,1,2,1,2,0,2,5,3,4,3,4,4,3,4,3,3,4,4,2,4,4,4,3,1,3,2,3,4,4,3,2,4,3,4,3,4,3,2,4,4,2,2,2,2,2,2,2,2,2,1,5,2,2,3,2,7,4,7,5,7,5,6,4,5,2,29,4,1,1,1,40,4000,3000,0,306502,작업치료사자격증 정신 문제 사회 현상 때문,작업치료사
33787,4,4,3,5,3,4,4,6,2,3,2,3,2,3,2,3,3,4,3,4,2,3,4,5,3,5,4,5,3,4,3,4,4,5,4,4,4,5,4,4,4,4,3,4,2,3,2,3,2,2,3,4,2,3,1,0,1,0,1,0,2,3,1,0,1,0,1,0,1,0,1,0,2,2,1,0,1,0,2,3,2,2,2,2,2,3,4,5,4,5,2,2,3,4,2,4,3,2,4,2,3,17,1,2,1,1,6,6,5,4,3,3,2,2,2,2,2,3,3,2,4,2,2,4,5,4,4,2,4,2,4,4,3,4,4,4,5,5,4,4,4,5,2,2,1,1,2,1,2,2,2,2,1,2,2,2,1,8,7,5,3,3,3,8,8,8,1,35,4,1,1,1,45,3000,2000,0,306901,언어치료사 신경언어장애치료 언어발달장애치료 언어장애 발음 컴퓨터 파장 표시 치료 도움 치료 재활 봉사,국문학
33788,1,0,1,0,1,0,1,0,4,6,4,6,4,6,1,0,1,0,1,0,4,6,1,0,4,5,4,6,1,0,1,0,1,0,1,0,1,0,1,0,1,0,1,0,1,0,1,0,1,0,1,0,4,6,3,5,3,5,3,5,1,0,4,6,4,6,3,4,1,0,3,4,1,0,1,0,1,0,1,0,1,0,1,0,1,0,1,0,4,5,4,3,4,3,3,3,3,5,3,3,3,5,2,2,1,1,2,7,4,3,4,3,3,5,4,4,4,4,4,4,1,4,4,4,3,3,2,2,4,3,3,4,3,3,2,3,3,4,3,2,4,3,2,1,1,2,1,1,2,1,2,3,2,3,3,3,1,4,6,5,7,6,4,4,3,4,2,48,4,1,1,1,40,6000,2500,0,155302,수질산업기사 폐기물기사 실무 교육 자동화 변경 조직 구성 업무 프로세스 변경 전반 변화 자동화 무량 인력 업무,환경
33789,3,4,4,5,4,4,4,4,4,4,5,5,5,5,3,2,5,5,4,5,5,4,4,4,4,4,3,3,5,4,4,5,5,4,5,4,5,3,4,3,5,5,5,4,4,4,5,4,5,4,5,3,5,4,5,4,5,5,5,5,5,3,5,6,5,4,5,5,5,5,5,4,5,4,5,4,5,4,5,4,5,4,5,5,4,4,5,4,5,4,3,2,4,3,3,4,3,4,4,5,3,15,2,4,2,1,2,4,3,4,2,1,3,3,2,2,2,3,4,3,3,2,3,3,3,3,2,3,2,4,3,3,3,3,4,4,2,5,4,4,3,3,1,2,2,2,1,1,1,1,1,2,1,2,2,2,1,7,7,8,8,8,8,9,8,8,1,25,3,1,3,2,40,2000,2000,0,250301,컴퓨터 운전면허 시스템 전산 로봇 대체로 때문,자동차공학
33790,4,4,3,5,4,4,3,5,3,5,3,4,3,5,4,4,4,4,4,5,3,5,4,4,4,4,4,4,4,4,3,5,3,5,3,5,4,4,4,4,4,4,3,5,3,5,3,5,3,5,4,5,4,4,4,5,5,6,4,5,4,5,4,4,4,4,4,4,4,4,4,4,4,5,3,4,4,4,3,4,4,4,2,2,4,4,4,4,4,3,4,4,3,3,4,3,4,3,4,3,4,13,1,5,1,2,0,2,4,4,3,4,4,4,4,4,5,4,5,4,4,3,4,3,4,4,3,4,4,3,4,3,4,4,4,4,3,4,4,4,4,4,2,2,2,2,2,2,2,1,2,2,2,1,2,3,2,6,6,7,6,7,6,6,5,6,1,41,5,1,1,1,52,4800,2400,0,152101,금속공예기능사 코로나 업무 자동화 시스템 일자리,금속공학
33791,2,3,3,3,2,4,3,3,2,3,2,3,1,0,3,5,3,4,3,5,1,0,3,4,3,3,2,2,2,2,2,3,2,4,2,3,2,3,3,4,2,3,3,4,3,4,1,0,2,4,1,0,3,3,3,4,4,5,4,5,1,0,3,4,4,4,3,4,4,6,5,5,1,0,5,4,4,5,4,4,4,7,5,3,3,4,3,4,3,2,3,3,3,1,1,2,3,2,3,4,3,3,1,3,1,2,0,6,2,2,2,1,2,2,3,2,2,3,4,3,4,2,2,3,3,4,3,4,4,4,3,3,3,4,3,3,3,4,4,4,5,3,2,2,2,2,2,2,2,2,2,2,2,3,3,3,2,7,8,8,7,6,6,8,7,7,1,33,4,1,1,1,40,2800,2400,0,824101,용접기능사 기계 조선 자동차 산업 침체,금속공학
33792,3,3,3,3,1,0,1,0,2,2,2,3,2,2,2,1,3,4,3,4,2,2,2,3,2,1,2,3,2,2,3,4,2,2,2,2,3,4,2,1,3,5,3,4,3,4,2,2,2,1,3,4,4,5,4,5,4,5,4,4,2,1,3,4,3,4,4,5,4,5,3,3,4,4,4,4,4,4,4,5,4,7,3,3,3,5,3,5,2,2,2,4,3,2,3,2,2,2,2,3,2,6,1,2,2,1,2,2,2,4,3,2,2,3,2,4,5,4,4,4,3,4,3,4,4,3,4,2,2,2,2,4,2,3,4,3,4,4,3,3,5,5,2,2,2,2,2,2,2,2,2,1,3,3,3,3,2,8,8,7,7,3,4,5,7,7,1,55,2,1,1,1,40,4000,2500,0,701301,숙련공 보조 업무 건설 경기,이과
33793,2,3,3,3,2,3,2,3,2,3,2,2,2,3,2,3,2,2,2,2,2,3,2,2,2,3,2,2,2,2,2,3,2,2,2,3,3,3,2,3,2,3,2,3,2,3,2,3,2,3,2,3,2,2,2,3,2,2,2,2,1,0,2,2,3,3,2,3,2,2,3,3,2,3,1,0,3,3,2,3,2,3,2,3,2,2,2,2,3,3,2,2,3,2,4,2,3,2,3,2,3,1,1,1,2,2,0,7,2,2,2,2,4,3,2,3,2,3,3,3,3,2,2,3,4,4,3,4,3,4,3,4,4,2,3,4,5,5,4,4,4,2,2,2,2,2,2,2,2,2,2,2,2,2,2,2,2,6,7,7,4,5,6,4,4,7,1,43,2,1,2,2,50,2700,2000,0,904101,인구 감소,상고
33794,2,2,3,4,4,5,3,3,3,4,4,5,3,3,3,4,2,2,3,3,3,3,4,5,4,5,3,4,2,2,3,4,4,5,3,4,3,3,3,4,4,4,2,3,3,4,4,5,3,3,3,4,4,4,3,3,3,4,4,5,2,3,4,5,3,4,3,3,3,3,4,5,4,4,2,3,3,4,3,3,3,3,4,5,4,5,3,4,4,4,3,2,2,3,3,4,4,3,2,3,3,14,1,2,2,2,0,7,2,4,4,3,4,4,4,4,4,4,5,4,3,4,4,4,3,4,4,4,3,3,4,3,4,4,3,3,4,3,4,4,3,3,2,2,2,2,2,2,2,2,2,2,5,1,1,1,1,5,6,5,4,3,5,4,5,5,1,36,2,1,1,1,40,2700,1800,0,561301,코로나 질병 퇴치 자주 방열,정보처리
33795,5,7,5,7,4,6,2,3,3,4,4,6,4,6,5,6,4,5,5,6,4,5,4,6,5,7,4,6,4,6,3,4,3,4,3,4,3,4,2,3,4,6,5,6,3,4,3,4,2,3,2,3,4,6,4,5,2,3,3,4,3,4,2,3,2,3,2,3,2,3,2,2,3,4,2,3,2,3,1,0,2,3,2,2,2,3,2,3,4,4,3,4,4,4,3,3,3,4,4,4,4,6,1,4,1,2,0,6,5,4,4,5,4,5,4,4,4,4,5,4,3,4,5,3,2,3,2,5,4,5,3,4,4,5,4,5,5,5,4,4,5,4,2,2,2,2,2,2,2,2,2,2,3,2,2,3,1,1,1,1,2,2,5,8,2,2,1,43,4,1,1,1,40,4800,3000,0,140501,도시계획 기술사 도로 공항기술사 현재 상황 유지,도시공학
33796,4,5,4,5,4,5,3,5,2,2,4,5,3,4,4,6,4,5,3,4,3,4,3,5,4,5,4,6,4,5,3,4,4,5,4,5,2,2,2,2,4,6,3,5,3,4,3,4,3,4,3,4,2,2,2,2,2,2,2,2,3,4,1,0,2,2,1,0,1,0,1,0,4,6,2,2,2,2,2,2,2,2,2,2,2,2,2,2,4,4,3,3,3,3,3,2,3,3,2,3,4,17,3,2,1,2,0,7,5,3,2,1,5,3,3,3,3,4,4,4,2,5,4,3,2,3,3,3,4,3,3,4,3,4,3,2,4,4,3,2,4,4,2,2,2,2,2,2,2,2,2,1,4,3,3,3,2,5,6,4,5,3,4,6,7,6,2,52,4,1,1,1,40,3200,2200,0,231501,사회복지사 수명 연장 고령화 시대 도입,사회복지학
33797,2,3,2,2,2,3,3,5,5,5,5,5,3,4,3,5,3,5,3,3,3,4,3,4,4,5,4,5,2,3,2,3,3,3,3,5,2,2,3,3,5,5,4,5,3,4,3,4,3,4,2,3,4,6,4,5,4,5,4,5,3,4,3,5,3,4,3,5,3,4,2,3,3,5,3,4,3,5,2,3,2,2,2,4,3,4,2,4,4,5,2,4,5,3,4,4,4,3,5,4,4,6,1,5,1,2,0,1,5,4,3,4,4,4,4,4,3,3,5,4,2,4,3,4,4,4,4,2,4,2,2,5,4,4,4,4,5,5,3,4,4,5,2,2,2,2,2,2,2,2,2,2,2,2,2,3,1,6,7,7,4,4,4,7,6,6,1,51,4,1,1,1,40,5000,3500,0,140101,건설기계기술사 도로및공항기술사 경기 둔화,건설공학
33798,3,4,3,4,3,3,4,5,4,5,4,4,4,3,4,3,4,3,4,6,3,5,4,4,3,4,3,4,3,4,4,4,4,4,4,4,3,3,3,4,3,4,3,4,3,4,3,3,4,4,3,4,3,4,3,4,3,4,3,4,3,5,3,4,4,5,4,5,4,5,4,5,4,4,4,5,4,5,4,4,3,4,3,4,3,4,3,4,4,4,2,4,4,4,4,4,4,4,4,4,4,4,1,2,1,2,0,4,4,2,3,3,3,4,3,3,3,3,3,3,2,3,3,3,4,4,5,4,4,4,3,4,4,4,4,4,4,5,4,3,4,4,2,2,2,2,2,2,2,2,2,2,2,3,3,3,2,6,5,7,6,5,7,6,5,5,1,34,4,1,1,1,40,5000,3200,0,153101,산업계측제어기술사 기술 개발,전기공학
33799,3,3,3,4,3,4,2,3,2,3,2,3,2,3,3,4,3,5,3,5,3,5,3,5,2,3,3,5,3,5,3,5,3,5,2,3,2,3,3,5,3,5,2,4,2,4,2,4,3,5,2,4,3,5,3,5,3,5,3,5,3,5,3,5,3,5,3,5,2,4,3,5,3,5,3,5,3,5,3,5,3,4,3,5,3,5,3,5,3,3,3,3,3,4,4,3,3,3,3,3,4,3,1,2,1,2,0,6,3,4,3,3,4,3,4,4,5,4,5,5,2,3,3,4,3,3,3,3,4,3,3,4,3,4,4,3,4,4,4,3,4,3,2,2,2,2,2,2,2,2,2,2,2,3,3,3,2,8,7,8,7,8,8,7,8,7,1,45,3,1,1,1,40,6500,3300,0,861301,양복기능사 양장기능사 경기 악화,경영
33800,4,5,4,5,3,4,4,5,4,5,4,5,1,0,3,4,3,5,4,5,4,5,4,6,4,5,4,4,3,4,4,5,4,5,3,4,4,5,3,4,4,5,4,5,4,5,4,5,4,5,3,4,3,4,1,0,1,0,1,0,4,5,1,0,1,0,1,0,1,0,1,0,4,5,3,3,1,0,1,0,1,0,1,0,1,0,1,0,4,3,3,4,3,3,3,3,3,4,3,3,4,15,2,4,1,1,3,5,5,4,4,4,4,4,4,4,4,4,4,4,1,4,4,4,3,4,4,4,3,3,4,4,4,5,4,4,4,3,4,3,4,3,2,2,2,2,2,2,2,2,2,2,3,3,3,3,2,6,5,7,7,4,9,5,8,6,1,37,4,1,1,1,45,5000,4200,0,21001,컴퓨터활용 오피스 행정관리사무지침 상황,경영학
33801,4,7,4,6,3,4,2,3,3,5,3,5,3,4,4,5,3,5,3,5,3,5,4,6,4,6,4,5,1,0,2,3,1,0,3,3,4,5,3,4,3,4,3,5,4,5,4,6,4,6,3,5,3,5,4,5,4,5,3,5,3,5,3,5,4,6,3,5,4,5,4,5,3,6,4,3,3,4,3,5,3,5,2,3,4,6,2,3,5,4,4,5,5,3,5,4,4,5,5,4,4,13,2,5,2,2,0,2,6,3,4,4,5,5,4,4,5,5,3,4,3,4,4,5,4,3,4,4,3,4,4,5,3,3,4,5,5,3,3,4,4,5,2,2,2,2,2,2,2,2,2,2,3,3,3,3,2,3,4,3,7,5,4,7,5,3,1,39,6,1,1,1,40,7000,6800,0,121101,기초과학 분야 유지됨,물리
33802,3,5,3,4,3,4,3,5,3,4,4,5,2,5,2,4,2,4,2,3,3,4,3,4,2,2,2,4,4,5,2,3,4,5,3,5,2,3,2,3,2,4,3,5,2,4,2,1,2,1,3,5,2,1,2,2,1,0,1,0,3,4,1,0,1,0,1,0,1,0,1,0,2,4,2,1,2,1,2,1,2,2,2,1,2,2,2,1,4,4,4,3,4,4,3,3,3,3,3,3,4,13,1,2,1,2,0,5,5,4,4,3,4,4,4,4,3,3,4,4,2,4,4,3,4,2,4,4,4,3,4,4,4,4,3,3,4,4,4,4,4,3,2,2,2,2,2,2,2,2,2,1,4,3,3,3,2,4,4,3,4,3,5,6,4,3,1,41,5,1,1,1,40,5800,3800,0,22103,경영지도사 경제 환경 변화 급속 융합 산업 등장 변화 진단 필요,경영학
33803,3,4,3,5,3,4,3,4,1,0,1,0,2,3,2,3,3,4,1,0,2,2,3,4,3,4,4,5,4,5,2,2,2,3,1,0,1,0,3,4,3,4,1,0,1,0,1,0,1,0,1,0,1,0,1,0,1,0,1,0,4,4,1,0,1,0,1,0,1,0,1,0,2,2,4,5,1,0,1,0,1,0,1,0,4,5,1,0,4,4,2,4,4,5,4,4,3,4,4,3,4,17,1,5,1,2,0,7,5,4,5,5,5,5,2,5,4,5,4,4,3,4,4,4,4,5,4,4,5,4,4,3,4,5,5,5,5,4,4,4,4,5,2,2,2,2,2,2,2,2,2,2,3,3,3,3,2,5,5,5,6,5,5,7,6,6,2,37,5,1,1,1,40,7000,5000,0,301106,의사 디지털 미디어 발달 인구 관련 질병,의학
33804,3,3,2,4,4,6,2,4,1,0,3,4,2,4,2,2,3,4,3,3,2,2,1,0,3,3,3,4,2,3,3,3,4,4,3,4,2,4,1,0,2,3,2,3,2,2,1,0,1,0,1,0,1,0,1,0,3,2,1,0,2,3,1,0,1,0,1,0,1,0,1,0,2,2,1,0,1,0,3,2,1,0,2,1,2,3,2,2,4,4,4,3,3,2,3,4,3,5,4,2,3,18,1,2,2,1,1,2,5,4,4,3,4,4,3,3,3,4,4,3,2,3,3,4,4,3,4,4,3,2,4,3,3,4,3,3,4,3,3,4,4,3,2,2,2,2,2,2,2,2,2,1,1,3,3,3,2,7,4,5,7,6,5,6,6,5,1,40,4,1,1,1,40,3700,2700,0,412003,직무교육 출판 업계 정체,국어국문학
33805,3,3,2,2,2,2,2,2,1,0,1,0,1,0,2,2,2,2,4,5,1,0,3,4,3,3,1,0,2,2,2,2,1,0,1,0,2,4,1,0,2,4,1,0,3,3,1,0,1,0,1,0,1,0,1,0,4,4,5,4,1,0,1,0,4,5,5,4,5,4,5,3,1,0,2,2,5,4,5,4,3,5,3,4,4,3,2,2,1,3,3,2,1,2,1,4,2,1,1,2,2,19,1,2,2,2,0,3,2,3,2,1,2,2,2,3,3,2,2,3,2,2,4,3,4,4,5,4,4,3,3,3,4,4,3,3,4,4,2,3,5,3,2,2,2,2,2,2,2,2,2,2,2,3,2,2,2,6,7,7,6,6,7,4,4,2,1,45,2,1,1,1,60,4000,2400,0,811301,침체 건설 일자리 감소,상고
33806,3,3,4,5,2,2,4,5,3,4,2,3,2,1,3,3,2,3,2,2,3,4,3,3,3,3,2,2,4,5,3,4,2,3,2,1,3,3,4,5,3,4,3,4,2,2,3,3,3,3,3,4,2,2,3,3,3,4,2,2,3,4,2,2,3,3,3,3,2,2,3,4,2,3,2,2,2,3,2,2,2,1,2,2,3,3,2,2,3,4,4,2,3,4,1,4,3,2,3,1,3,18,1,3,2,2,0,7,2,2,2,3,4,3,4,2,3,4,4,4,3,4,3,4,3,4,3,3,3,3,3,3,2,4,3,2,4,4,3,2,3,4,2,2,2,2,2,2,2,2,2,3,2,2,2,3,2,6,6,5,5,5,4,4,7,6,2,46,2,1,1,1,50,2900,2500,0,616201,창구 소화,이과
33807,4,4,4,6,4,6,4,6,3,4,4,5,4,5,4,5,5,6,4,5,3,5,4,5,4,6,4,5,4,6,4,6,4,6,4,5,4,6,4,6,4,5,4,6,4,5,4,5,4,5,4,6,4,5,1,0,1,0,1,0,4,5,1,0,1,0,1,0,1,0,1,0,3,4,1,0,1,0,1,0,1,0,1,0,4,6,4,6,4,3,4,3,4,4,4,5,4,4,3,4,5,13,1,1,2,2,0,5,4,4,4,3,4,3,3,3,4,4,5,4,2,4,3,4,4,3,2,3,3,4,2,3,4,4,3,4,4,3,2,3,4,3,2,2,2,2,2,2,2,2,2,1,3,3,3,3,2,8,6,7,5,7,6,7,8,6,1,40,4,1,1,1,40,3700,2800,0,222001,사회 소송 분쟁 때문,행정학
33808,1,0,1,0,1,0,1,0,1,0,1,0,1,0,2,2,1,0,1,0,1,0,1,0,2,1,1,0,1,0,1,0,1,0,1,0,2,2,1,0,1,0,1,0,1,0,1,0,2,3,1,0,1,0,3,3,3,3,1,0,1,0,1,0,1,0,2,2,2,2,2,1,1,0,2,2,2,3,3,4,3,4,2,2,2,2,2,1,2,1,3,3,2,2,3,2,2,1,2,1,1,6,1,4,2,2,0,7,2,2,2,2,3,2,2,3,9,9,9,3,3,3,3,3,3,3,3,3,3,3,3,4,3,3,2,2,3,4,3,3,4,3,2,2,2,2,2,2,2,2,2,1,2,2,2,2,2,6,7,7,5,6,6,4,5,5,1,50,2,1,2,1,44,3264,2500,0,701301,건설 경기,공고(기계과)
33809,5,6,5,6,5,6,5,7,5,6,4,5,4,6,4,6,5,7,3,5,4,6,5,5,4,6,4,5,4,6,4,5,5,7,4,6,4,6,5,5,5,6,5,7,4,6,5,6,3,5,5,5,3,4,3,4,3,4,3,5,3,4,3,5,4,3,3,4,2,3,3,4,3,4,3,4,3,4,3,5,4,4,3,4,4,5,1,0,4,4,3,3,3,3,3,2,3,4,3,3,3,15,2,5,1,2,0,6,7,3,3,3,4,4,4,3,4,4,4,4,3,3,3,3,3,3,4,3,4,3,5,3,3,3,3,4,3,4,4,4,4,4,2,2,2,2,2,2,2,2,2,2,4,3,3,3,2,2,3,3,5,4,5,3,4,4,1,35,6,1,1,1,40,4600,3200,0,121106,박사학위 인력 수요 증가,기상학
33810,3,5,3,4,3,5,3,5,2,3,4,6,3,4,3,4,2,3,4,6,3,4,4,6,3,5,3,4,4,6,4,6,4,4,4,5,4,6,4,6,4,5,4,5,4,5,3,5,3,4,3,5,3,5,3,4,4,4,2,3,2,3,3,4,3,4,3,3,3,5,3,4,3,4,1,0,3,5,3,4,3,6,3,4,2,3,2,3,2,3,1,2,3,1,5,3,3,3,2,4,2,15,2,2,1,1,1,5,5,4,4,2,3,2,4,4,2,4,4,4,1,4,4,5,4,3,3,4,3,4,1,5,2,3,2,2,3,5,4,4,5,4,2,2,2,2,2,2,2,2,2,1,5,3,3,3,2,7,7,7,6,7,7,3,2,4,1,54,2,1,1,1,50,7000,3000,0,240102,수상레저기구조정 면허 인명구조 자격증 해기사 자격증 연안구조정 수상 오토바이 인명 구조 처치 요령 교대 근무 교대 교대 시행,인문계
33811,4,5,4,5,3,4,5,6,2,3,3,5,2,4,3,4,4,4,3,4,3,3,3,5,3,4,3,4,3,4,3,4,4,5,3,4,3,4,4,5,4,4,4,5,3,4,2,3,2,3,3,4,2,2,2,2,1,0,1,0,3,4,3,3,1,0,1,0,2,2,2,3,2,3,2,3,2,2,3,4,3,4,2,2,3,4,4,5,4,4,3,2,3,1,2,4,2,3,2,2,4,16,5,2,1,1,3,3,4,3,2,2,3,2,2,2,2,3,4,2,2,4,3,3,3,3,4,3,2,3,3,4,4,4,4,3,4,3,3,2,3,4,2,2,2,1,2,2,2,2,2,1,3,1,1,3,1,7,6,7,5,4,3,5,4,6,2,29,3,1,1,1,45,2900,2100,0,213001,보육교사 정교사 아이들 심리에 대해 전문가 교육 필요 로봇 수업 시작 로봇 소통 수업 일부 대체 로봇 보육,유아교육
33812,5,7,4,6,5,7,5,6,5,7,5,7,5,6,5,7,5,6,5,6,5,6,5,7,5,6,5,7,5,6,5,7,5,6,5,7,5,7,5,6,5,6,4,5,4,5,1,0,1,0,1,0,1,0,4,6,4,5,2,3,1,0,1,0,1,0,1,0,1,0,1,0,1,0,1,0,1,0,1,0,1,0,1,0,2,3,2,2,3,3,3,3,2,3,3,3,3,4,3,3,3,15,2,4,2,2,0,4,5,3,3,3,4,4,4,3,3,3,3,4,3,3,3,3,3,3,3,3,3,3,4,2,2,2,3,3,3,4,4,3,3,4,2,2,2,2,2,2,2,2,2,2,3,3,3,3,2,2,2,3,5,5,6,2,3,6,2,37,4,1,1,1,50,4300,3200,0,110203,상태 유지,경영학
33813,1,0,1,0,1,0,1,0,1,0,1,0,1,0,1,0,1,0,2,2,2,2,1,0,2,3,1,0,1,0,2,3,1,0,1,0,2,3,1,0,1,0,1,0,1,0,1,0,1,0,1,0,3,4,4,5,4,5,4,5,1,0,3,4,3,4,5,7,4,5,4,5,2,3,4,5,4,5,4,5,5,7,5,7,3,4,2,2,3,3,3,3,3,2,3,3,2,2,3,2,3,3,1,2,1,2,0,3,2,3,3,3,3,3,2,3,3,3,3,3,2,3,3,2,3,2,3,4,4,5,2,5,4,5,4,4,4,5,4,4,5,4,2,2,2,2,2,2,2,2,2,2,3,2,2,2,1,8,9,8,5,8,2,8,2,1,1,25,2,1,1,1,40,2800,2400,0,852301,화공기사 산업기사 업종,기계
33814,2,2,3,4,2,1,2,2,2,1,2,1,2,1,3,4,2,2,2,2,2,1,2,1,3,4,2,2,2,2,2,2,2,1,2,2,2,2,2,2,3,3,3,3,2,2,2,1,3,4,2,2,3,4,3,4,3,4,3,3,2,2,3,4,3,4,3,3,3,4,2,2,3,3,2,2,3,4,3,4,2,2,2,3,2,2,2,3,3,2,3,2,2,3,3,2,1,2,2,1,2,3,1,2,2,2,0,7,2,2,2,2,3,2,3,3,9,4,3,3,3,4,2,4,4,3,3,3,4,3,4,3,4,4,3,2,3,2,4,4,3,4,2,2,2,2,2,2,2,2,2,3,2,1,3,3,2,7,7,5,4,4,5,5,4,6,2,58,2,1,1,1,40,2600,1800,0,872201,기계 들것,이과
33815,5,6,5,6,2,4,5,6,3,4,5,6,3,4,2,3,5,4,5,6,4,6,2,5,5,7,5,4,3,5,5,7,3,5,5,6,3,5,2,3,5,6,5,6,4,4,1,0,1,0,5,5,4,4,2,5,1,0,1,0,2,4,3,4,5,6,1,0,1,0,2,3,3,4,1,0,1,0,5,5,1,0,1,0,5,5,5,4,1,4,1,1,5,4,3,5,1,2,3,5,2,15,2,2,1,1,3,7,5,5,2,1,1,2,1,1,1,4,3,2,3,3,3,3,5,4,4,1,3,3,4,3,5,4,3,4,4,3,4,2,2,5,2,1,1,2,2,1,2,1,1,2,4,3,1,3,2,8,7,4,1,1,4,2,2,7,1,30,4,1,1,1,55,4800,3200,0,621401,한국교통관제사 항공종사자 영어능력 항공교통관제 절차 항공기 운항 항공기상 항공영어 항공 교통 관제 데이터 시스템 변화 교육 훈련 항공 교통량 증가 드론 택시 초소 항공 교통 수단 등장 공역 관리 필요 증가,항공교통
33816,3,4,3,3,3,3,1,0,2,4,3,4,2,3,2,4,2,3,1,0,2,4,2,3,2,3,1,0,1,0,1,0,1,0,1,0,1,0,2,3,4,5,2,3,2,4,1,0,1,0,1,0,3,5,3,5,3,4,3,4,2,4,4,5,3,4,2,4,4,5,3,5,1,0,2,4,2,3,2,4,2,4,2,4,2,4,2,2,5,4,2,3,3,2,3,4,3,4,3,3,2,13,1,2,2,2,0,2,6,3,5,5,5,4,5,5,4,5,3,4,4,3,5,4,3,5,4,3,3,5,5,4,3,5,5,3,3,4,4,5,3,5,2,2,2,2,2,2,2,2,2,2,3,3,3,3,2,3,6,4,5,3,7,5,4,7,1,40,5,1,1,1,40,4800,4200,0,122105,자연 대한 관심,생물학
33817,5,7,5,7,5,7,5,7,4,6,4,6,4,6,4,6,4,6,4,6,4,6,4,5,4,6,4,6,4,5,4,6,4,6,4,6,3,5,3,5,4,6,4,6,4,6,2,2,2,1,2,1,1,0,1,0,1,0,1,0,2,2,1,0,2,2,1,0,1,0,1,0,2,2,1,0,1,0,1,0,1,0,1,0,2,3,2,3,5,5,4,4,5,4,4,4,4,3,4,4,3,15,2,4,2,1,3,3,5,5,5,5,5,5,4,4,4,3,4,4,1,4,4,3,3,4,4,4,3,4,4,4,4,3,4,3,4,4,3,3,4,2,2,2,2,2,2,2,2,2,2,2,3,3,3,3,1,2,2,3,2,3,3,3,2,3,1,44,4,1,1,1,50,6000,4500,0,221101,사법연수원 상태 유지,법학
33818,4,5,5,7,4,5,4,6,3,4,4,5,4,6,4,5,5,6,4,6,4,6,4,6,5,6,5,6,4,6,4,5,4,5,4,5,5,6,4,6,5,6,4,6,3,4,3,4,3,4,3,5,4,5,3,4,3,3,3,3,3,5,4,5,4,5,3,3,2,3,2,3,4,5,4,6,4,5,4,6,3,4,3,5,4,5,5,6,4,5,4,2,4,3,2,4,3,3,5,3,4,17,1,2,1,1,5,5,5,4,2,2,2,2,3,2,2,2,2,2,4,2,2,4,4,4,5,2,4,4,3,4,4,5,4,4,5,5,4,4,4,4,2,2,2,2,2,2,2,2,2,2,2,2,2,2,1,8,2,2,3,3,8,2,2,8,2,37,4,1,1,1,40,2800,1800,0,306901,언어치료사 언어재확현장실무 수요 공급,심리학
33819,2,2,3,4,2,2,3,3,2,2,2,2,2,2,2,2,2,2,1,0,2,2,2,2,2,2,2,2,2,3,3,3,3,3,3,3,2,3,5,6,4,5,3,4,4,4,2,2,2,3,3,3,2,2,2,2,1,0,1,0,3,3,1,0,2,2,2,2,2,2,2,2,2,2,1,0,2,2,2,2,2,3,1,0,2,2,2,2,3,3,3,4,4,4,3,3,3,4,4,2,3,18,1,3,2,2,0,4,3,3,3,4,3,3,4,4,4,5,5,5,3,3,4,4,4,3,3,4,4,3,3,4,4,3,3,4,4,4,3,3,4,3,2,2,2,2,2,2,2,2,2,3,2,3,3,3,2,6,6,4,5,5,6,4,5,5,2,48,4,2,5,1,40,0,0,13000,523001,경기 안정,호텔경영학
33820,1,0,2,3,2,2,4,5,2,2,2,2,4,6,4,6,4,5,1,0,3,4,2,3,4,5,1,0,3,4,3,3,3,3,2,3,2,3,4,5,3,4,1,0,2,3,2,3,4,6,1,0,5,5,4,5,3,4,1,0,1,0,1,0,4,4,4,4,1,0,1,0,1,0,5,5,4,5,4,5,3,4,2,2,4,5,1,0,4,4,5,5,4,4,4,4,2,3,4,2,3,13,1,2,1,1,2,2,2,4,3,4,4,4,4,4,5,4,5,5,3,4,3,3,3,4,4,3,4,3,3,3,3,4,4,4,4,3,3,4,4,2,2,2,2,2,2,2,2,2,2,2,4,3,3,3,2,7,3,3,5,5,6,6,5,6,2,36,2,1,1,1,40,3800,2700,0,511401,메이크업아티스트 손재능 대인관계 직업,상고
33821,4,5,3,5,4,5,2,4,4,4,3,4,3,4,4,6,2,2,2,3,5,6,4,6,4,5,5,7,5,6,2,4,4,5,1,0,3,5,1,0,4,5,1,0,1,0,5,6,4,5,4,4,5,6,5,7,2,2,5,3,4,5,4,5,3,4,3,5,2,2,4,5,2,2,3,4,5,6,2,1,3,3,3,4,4,5,3,3,2,3,3,3,4,2,3,4,3,4,4,3,2,15,2,4,1,1,3,5,5,4,3,2,4,4,3,3,3,3,3,3,2,2,2,4,2,3,3,2,2,3,4,5,4,4,4,4,4,4,2,3,4,3,2,1,2,2,2,2,2,2,2,2,4,2,2,2,2,3,3,3,5,5,5,5,5,5,2,29,5,1,1,1,40,3000,2300,0,413101,학예사 전시 운영 실무 전시 시뮬레이션 프로그램 도입 사람 문화 예술 대한 관심 증가,서양화
33822,4,5,4,5,3,4,3,4,2,4,4,6,2,3,4,5,3,4,3,5,2,3,4,6,5,5,1,0,2,3,4,5,1,0,1,0,5,6,1,0,4,5,4,5,4,5,1,0,2,3,2,3,4,5,3,4,4,5,2,3,3,4,2,3,4,5,3,4,3,4,3,4,3,4,3,4,4,5,4,5,3,4,3,4,4,5,3,4,4,4,4,4,4,4,4,2,3,4,4,3,4,17,1,2,1,1,6,2,5,4,4,4,4,4,4,4,4,4,4,4,2,4,3,3,2,2,2,4,4,4,3,4,3,4,4,4,4,4,3,3,4,4,2,2,2,2,2,2,2,2,2,2,4,3,2,3,2,7,7,7,3,3,3,3,3,3,2,36,4,1,1,1,48,9000,5000,0,301109,의사국시 방사선 치료방법 건강 중시 의식 증가,의학
33823,5,3,5,3,3,2,4,4,4,3,3,3,3,3,2,3,4,3,2,3,2,2,2,3,5,3,1,0,1,0,2,2,5,3,5,4,3,3,5,6,5,4,4,2,3,3,3,3,4,2,4,3,3,2,5,5,4,5,2,1,1,0,1,0,3,4,4,5,5,5,2,2,1,0,1,0,1,0,2,2,5,5,1,0,2,1,3,3,4,4,5,2,2,3,2,5,4,1,2,1,4,7,1,1,2,2,0,4,2,3,2,3,4,3,3,3,9,9,9,4,3,3,2,3,3,4,2,3,4,3,3,3,2,3,3,4,4,4,3,3,4,4,2,2,2,2,2,2,2,2,2,2,2,2,2,2,2,4,3,4,2,4,6,7,3,5,1,35,2,2,5,1,40,0,0,2800,812902,레저 인구 감소,인문계
33824,3,3,4,3,4,3,3,5,1,0,2,1,3,2,3,4,3,2,2,2,2,3,4,7,3,4,3,4,4,5,3,3,2,2,2,1,3,4,4,3,4,2,2,3,2,2,2,2,2,2,1,0,1,0,1,0,3,4,2,2,3,3,1,0,2,2,1,0,1,0,1,0,1,0,1,0,2,2,3,3,2,2,2,3,4,5,4,3,4,5,2,4,5,3,5,3,2,3,5,3,4,16,5,2,1,1,4,4,4,4,4,3,5,4,3,4,3,3,5,4,2,4,4,4,1,2,4,3,4,5,3,4,3,1,4,3,4,3,3,2,4,4,2,2,2,2,2,2,2,2,2,1,4,3,3,3,1,7,8,6,6,4,3,6,6,5,2,45,4,1,1,1,40,3400,2800,0,212301,특수학교1급 특수교육교사훈련 사회 약자 대한 인식 관심 증가,특수교육학
33825,4,6,5,6,3,5,4,5,3,5,4,6,5,6,4,5,4,6,4,5,5,6,4,6,4,6,4,6,3,5,4,6,4,6,4,5,4,5,3,5,4,5,4,5,3,4,2,3,2,2,1,0,5,5,3,5,4,6,3,4,4,5,1,0,4,5,4,6,4,6,5,6,2,3,3,4,4,5,2,3,3,4,2,2,2,3,2,2,4,4,5,4,4,4,5,3,4,4,5,2,4,16,5,2,1,1,2,4,5,5,3,3,4,4,3,2,3,4,4,4,3,4,4,3,4,4,4,3,4,3,3,5,4,5,4,5,5,4,4,5,5,4,2,2,2,2,2,2,2,2,2,1,2,2,2,2,1,5,4,6,5,4,6,6,5,6,1,37,4,1,1,1,40,3800,2600,0,214301,건축기사 굴삭기운전기능사 용접기사 기술 기능에 대한 직무교육 인공 지능 로봇 기술 적용 확산 때문,건축학
33826,4,5,5,5,4,5,4,6,4,5,4,6,4,5,3,4,4,5,3,4,4,5,4,6,4,5,3,4,4,5,4,5,3,4,3,3,4,4,4,5,3,5,4,5,3,5,3,4,4,4,3,3,3,4,2,3,2,2,3,3,3,4,2,3,2,4,1,0,1,0,1,0,3,5,3,4,2,3,2,3,3,4,2,4,3,4,2,3,4,3,4,5,4,3,4,4,3,3,4,4,4,15,2,5,2,2,0,7,5,4,3,3,4,4,3,5,4,3,3,4,2,3,4,4,3,2,2,1,4,3,4,4,3,3,4,4,3,5,4,4,5,4,2,2,2,2,2,2,2,2,2,1,3,3,3,3,2,6,5,5,6,4,4,4,5,5,2,31,5,1,1,1,48,4000,2600,0,122201,인력 포화상태,생명과학
33827,3,4,3,3,3,3,3,4,3,4,3,4,3,4,3,3,2,3,3,4,3,4,3,4,3,4,3,3,3,4,3,4,3,4,3,4,3,3,4,5,3,4,3,4,3,4,3,5,4,5,3,4,3,4,3,4,3,4,3,4,3,4,3,4,3,4,3,4,4,5,4,5,3,4,3,4,3,4,4,5,4,4,4,5,3,4,1,0,4,3,3,3,3,3,3,4,3,4,3,3,3,10,1,5,2,1,5,5,4,4,4,4,4,4,4,3,4,3,3,3,2,4,4,3,4,3,3,3,3,3,3,3,3,4,3,3,3,4,3,3,3,4,2,2,2,2,2,2,2,2,2,3,3,3,3,3,2,5,7,7,6,6,7,3,7,7,1,40,4,1,1,1,45,5500,3000,0,136002,중계차 기술 교육 당분간 변화,전자통신
33828,2,3,2,3,2,3,2,2,2,3,2,3,1,0,3,4,2,3,1,0,3,4,3,4,3,4,1,0,1,0,3,4,1,0,1,0,1,0,1,0,2,3,3,4,2,3,1,0,1,0,1,0,3,3,1,0,3,4,4,4,1,0,1,0,4,4,4,4,5,4,4,4,1,0,4,4,5,5,3,4,2,3,2,4,3,4,3,4,2,3,4,3,4,1,2,4,4,3,2,3,2,3,1,4,2,2,0,1,1,3,3,2,2,2,3,3,2,3,3,3,2,4,4,3,4,3,4,3,2,2,3,4,3,3,2,2,3,3,5,4,5,4,2,2,2,2,2,2,2,2,2,2,1,2,2,2,2,7,7,8,7,6,9,7,8,7,1,27,3,1,1,1,40,2700,2600,0,817301,선박 수주량 감소,조선기술
33829,4,6,4,6,4,6,4,6,3,4,3,4,4,6,4,5,5,6,4,5,4,5,4,6,4,5,3,5,4,6,4,5,4,6,4,5,4,6,4,6,4,6,4,6,4,6,3,4,3,3,3,4,3,2,2,2,2,2,2,2,3,4,3,3,2,2,2,2,2,2,2,2,2,2,2,2,2,2,2,2,2,2,2,2,4,5,4,5,4,4,5,4,4,4,3,4,3,3,4,4,3,16,5,2,1,1,1,7,4,4,4,5,2,3,4,3,2,3,4,3,2,3,4,4,5,4,5,4,5,4,4,5,4,5,4,4,5,4,5,4,4,4,2,2,2,2,2,2,2,2,2,1,2,2,2,3,2,9,7,6,3,2,4,8,6,6,2,28,3,1,1,1,40,3000,2200,0,232101,보육교사자격증 직무교육 인구 감소,유아교육학
33830,2,2,2,3,2,2,2,2,1,0,1,0,2,2,2,2,2,2,2,2,2,2,2,2,2,2,3,3,2,3,3,3,2,2,2,2,3,3,2,2,2,2,3,4,2,2,1,0,2,3,2,2,2,2,3,3,2,2,2,2,1,0,2,2,1,0,2,2,2,3,3,3,2,2,2,3,2,2,3,3,2,3,3,3,3,3,2,2,3,3,4,4,3,3,3,2,4,2,2,2,3,3,4,1,2,2,0,7,2,2,2,2,3,3,2,3,3,3,3,3,3,2,3,3,3,4,3,2,3,3,4,3,4,4,4,3,3,4,3,3,4,5,2,2,2,2,2,2,2,2,2,2,2,3,3,3,2,6,6,6,6,4,4,3,2,4,1,49,4,2,6,1,40,0,0,3000,864101,기술 발전 성화 때문 수제 사람,식품공학
33831,2,2,3,3,2,2,1,0,1,0,2,3,1,0,1,0,2,3,3,5,2,2,1,0,3,3,1,0,1,0,1,0,1,0,1,0,1,0,3,3,4,3,1,0,2,3,1,0,1,0,1,0,1,0,2,2,2,2,4,5,1,0,1,0,2,1,4,4,5,5,5,5,1,0,4,3,3,4,1,0,1,0,1,0,3,3,1,0,2,3,4,3,3,2,4,3,3,3,3,3,4,14,1,2,1,1,1,7,2,3,2,2,4,4,3,2,3,3,4,3,2,4,3,3,3,3,2,2,3,3,4,4,3,3,3,3,3,4,3,2,4,3,2,2,1,2,2,2,2,2,2,1,4,3,3,3,2,6,7,6,6,5,4,3,3,5,1,28,3,1,1,1,40,2800,2500,0,153106,전기기사 전기안전기사 안전교육 일부 장비 업그레이드 사람,전기
33832,5,6,5,6,5,6,4,5,3,4,4,5,5,6,2,3,4,5,4,6,2,3,4,5,4,5,4,6,4,6,4,5,4,6,4,5,3,4,3,5,4,4,3,5,3,4,2,3,2,3,4,5,1,0,1,0,1,0,1,0,2,4,1,0,1,0,1,0,1,0,1,0,1,0,2,4,3,4,3,4,4,5,3,4,4,6,4,5,3,3,5,2,3,4,2,5,4,3,3,3,5,18,4,1,2,2,0,3,2,3,2,2,4,3,3,3,9,9,9,3,3,4,4,3,4,3,5,3,4,4,4,4,5,5,4,4,5,5,5,3,4,5,2,2,2,2,2,2,2,2,2,3,3,3,3,3,2,3,2,7,8,3,3,9,3,8,1,55,4,1,4,2,40,1500,500,0,411102,독서 인구 감소,법학
33833,3,5,5,5,4,6,4,5,5,6,4,5,3,6,4,6,4,5,4,4,4,5,5,7,3,3,2,4,4,4,4,6,2,4,2,1,4,3,1,0,3,5,4,3,4,6,1,0,1,0,2,5,1,0,1,0,1,0,1,0,2,3,1,0,1,0,1,0,1,0,1,0,2,3,1,0,1,0,2,3,1,0,1,0,1,0,2,3,5,5,3,4,5,5,5,2,4,4,4,4,4,16,5,2,1,1,2,6,5,4,3,4,2,4,3,4,4,4,4,4,2,4,4,4,4,4,4,3,3,3,4,4,4,4,3,4,4,3,4,4,4,3,2,2,2,2,2,2,2,2,2,1,3,3,3,3,1,6,6,6,5,4,3,5,7,7,1,57,4,1,1,1,40,7180,6850,0,13202,초등학교1 2급 정교사 교직 실무 교육 폐교 학교 대비 신선 초등학교 증가 상태 유지,사회과교육
33834,4,5,3,4,3,3,4,4,4,5,3,3,3,3,2,3,4,4,3,4,4,4,4,4,4,4,4,3,3,3,3,4,3,5,3,4,3,3,3,3,3,2,3,4,4,4,4,3,3,5,4,4,4,3,3,4,3,5,3,4,3,5,3,3,3,3,3,4,3,3,3,3,3,3,3,3,3,3,3,4,2,4,2,4,3,3,2,4,3,4,4,3,3,4,4,3,3,3,4,3,3,7,1,1,1,2,0,2,4,4,3,3,4,4,3,4,9,9,4,4,2,4,4,4,4,3,3,4,4,3,2,4,4,4,4,3,4,4,4,3,4,4,1,2,1,2,2,1,2,2,2,1,3,2,2,2,2,6,6,7,3,3,3,4,4,4,1,54,4,2,5,1,60,0,0,5200,307301,안경사 시력 측정 기술 개발 교육 필요 소비 증가 고용 안정,안경광학
33835,5,6,5,5,4,6,4,6,4,5,5,6,5,6,5,6,5,6,1,0,3,4,2,3,4,5,2,3,4,5,4,5,5,5,5,6,4,5,4,6,4,5,5,6,5,6,3,5,5,5,4,5,5,5,5,6,5,6,3,5,1,0,2,3,4,5,3,4,1,0,1,0,3,4,5,6,4,5,5,5,5,5,2,3,5,6,2,2,5,3,4,4,5,2,5,5,4,5,5,2,5,18,1,2,1,1,3,5,4,4,5,4,4,4,4,3,3,4,4,4,4,5,4,4,3,4,4,4,4,4,3,5,5,4,5,4,5,5,5,4,4,5,2,2,2,2,2,2,2,2,2,2,2,2,2,2,2,5,6,7,6,5,6,6,5,5,2,26,3,1,1,1,40,2000,1700,0,511402,분장사 분장사 실무교육 코로나 문화 사업 축소,미용
33836,3,3,4,5,3,5,1,0,2,3,4,5,2,2,3,2,3,3,2,2,3,1,2,2,3,3,3,4,1,0,3,4,1,0,1,0,2,3,3,3,3,3,2,3,4,4,1,0,3,3,2,1,4,3,3,5,5,5,3,5,3,4,3,3,3,3,4,4,3,5,2,5,1,0,2,2,4,3,3,4,3,3,1,0,3,3,2,2,4,2,4,5,3,4,4,2,4,5,4,4,3,3,1,3,1,2,0,3,4,5,4,4,5,4,5,3,4,4,5,4,1,4,5,2,5,4,4,3,5,5,5,3,4,5,4,4,5,3,2,4,4,4,2,2,2,2,2,2,2,2,2,2,3,3,3,3,2,6,4,3,4,3,4,8,6,2,1,48,4,1,1,1,40,4200,4000,0,154201,화공기사 화학분석기사 화학 산업 발달 산업 융합 수요 유지,화학
33837,5,7,5,7,5,7,5,7,5,6,4,6,4,6,3,4,4,6,4,5,3,3,3,5,5,6,4,4,3,4,3,5,3,5,3,5,5,7,4,6,3,5,3,4,3,4,3,4,2,3,2,3,2,3,2,1,1,0,1,0,1,0,1,0,1,0,1,0,1,0,1,0,1,0,1,0,1,0,1,0,1,0,1,0,1,0,1,0,5,4,4,3,4,4,4,4,4,4,4,4,4,16,5,5,2,2,0,6,7,4,5,5,4,4,2,4,4,3,3,4,2,4,3,4,2,4,4,3,3,3,4,3,5,5,2,2,5,4,3,1,4,5,2,2,2,2,2,2,2,2,2,2,2,3,3,3,1,7,7,8,7,5,5,7,6,6,1,48,6,1,1,1,50,7000,4000,0,110101,철학 대한 관심 부족,서양철학
33838,5,5,4,5,5,5,5,5,5,5,5,5,5,7,5,4,5,5,4,5,5,5,5,5,5,5,5,7,5,3,5,5,5,7,5,5,5,5,5,3,5,5,5,7,5,4,5,5,5,5,5,4,5,6,5,7,5,5,5,5,5,4,5,7,5,4,5,3,5,3,5,4,5,5,5,5,5,4,5,4,5,4,5,4,5,5,5,5,5,5,3,4,4,3,4,3,3,4,3,5,4,11,1,2,2,1,4,4,5,4,4,5,4,5,4,4,4,4,5,4,1,5,5,5,5,4,5,3,5,2,2,5,4,5,4,4,5,5,5,4,5,3,2,1,2,1,1,1,1,2,1,2,2,3,3,3,1,5,5,5,5,3,3,6,7,5,2,52,4,1,1,1,45,9500,3000,0,31102,금융연수 회계 업무 재량 업무 책임감 스트레스 중압감 압박 컴퓨터 프로그램 도입 자동 업무 시스템 영양 인력 감소 불가피,경제
33839,2,4,2,4,3,3,2,4,2,4,3,3,4,4,4,4,3,3,3,3,4,4,2,3,4,4,3,3,3,5,3,3,3,5,3,3,3,5,3,3,2,4,3,4,4,4,2,4,3,3,4,4,4,4,3,3,4,4,2,4,1,0,3,4,2,2,3,3,3,3,3,3,4,4,2,4,2,4,3,3,3,5,3,3,4,4,2,3,3,4,3,4,3,4,3,4,3,4,3,4,3,13,1,5,1,2,0,2,5,4,3,4,4,4,4,4,5,4,4,4,4,3,4,3,4,4,3,3,4,3,4,4,5,4,4,5,4,4,4,4,4,4,2,2,2,2,2,2,1,2,2,1,2,2,2,2,2,6,7,7,6,7,6,6,7,6,1,28,4,1,1,1,52,3500,2400,0,152101,금속공예자격증 매출 부진 인력 구조조정 정도 일자리 감소,금속공예
33840,2,3,2,3,2,3,3,3,1,0,3,5,2,3,4,3,2,3,3,3,3,3,1,0,3,3,1,0,4,3,2,2,3,4,2,4,1,0,4,3,2,2,3,2,3,3,2,2,3,3,1,0,4,4,1,0,2,3,3,4,1,0,2,4,4,4,3,1,3,2,2,2,1,0,3,4,2,2,2,2,2,2,3,4,2,3,3,2,3,4,3,3,4,2,4,3,3,4,5,4,4,3,4,1,2,2,0,6,2,4,4,3,3,4,3,4,9,9,9,4,4,3,3,4,3,4,4,3,4,3,4,4,4,3,4,3,4,3,5,4,3,3,2,2,2,2,2,2,2,2,2,2,3,3,3,3,2,5,6,4,7,4,3,5,6,8,2,43,2,2,6,1,42,0,0,3000,871201,웰빙 제품 선호,문과
33841,2,2,2,3,1,0,1,0,1,0,1,0,1,0,1,0,3,4,2,3,1,0,3,5,3,4,3,4,3,4,3,4,3,4,3,3,3,3,3,4,3,3,1,0,3,4,1,0,1,0,1,0,1,0,1,0,1,0,1,0,1,0,1,0,1,0,1,0,1,0,1,0,1,0,4,5,1,0,1,0,1,0,4,6,1,0,1,0,4,4,4,3,3,3,3,4,4,4,4,4,4,18,1,4,1,1,3,5,2,3,4,4,4,4,4,3,3,3,3,3,1,4,4,3,4,3,3,4,3,3,4,3,4,3,4,4,4,4,4,2,3,4,2,2,2,2,2,2,2,2,2,3,3,2,2,2,1,4,4,7,7,6,4,3,7,7,2,25,2,1,3,2,40,1000,800,0,414703,스포츠댄스 발레 안무 공연기획 현재 상황 유지,무용
33842,1,0,1,0,1,0,1,0,1,0,1,0,1,0,1,0,1,0,3,4,1,0,1,0,2,3,2,3,1,0,1,0,1,0,1,0,1,0,2,3,4,5,2,3,3,4,3,4,1,0,1,0,1,0,3,4,4,5,4,5,3,4,4,5,4,5,3,4,4,5,4,5,4,6,4,5,4,5,3,4,4,5,3,4,2,3,1,0,3,4,3,4,3,3,3,3,4,3,3,4,3,13,1,3,1,2,0,7,4,3,4,3,4,4,4,4,3,4,4,4,3,4,3,3,4,3,4,3,3,3,4,3,4,4,3,4,4,5,4,4,4,4,2,2,2,2,2,2,2,2,2,2,3,3,3,3,2,6,7,6,7,5,8,6,7,6,1,32,3,1,1,1,40,3000,2400,0,811201,승강기기능사 고층 건물 증가,전기
33843,2,3,2,3,2,3,2,2,2,3,2,5,2,3,3,3,2,3,2,4,2,2,2,3,2,4,2,1,2,3,2,3,2,2,2,3,2,4,3,5,3,4,2,2,3,3,2,2,2,1,2,2,2,3,3,3,2,3,3,4,2,2,3,4,3,4,4,4,4,5,3,4,2,2,2,3,2,4,2,3,3,3,3,2,2,3,2,2,2,3,3,3,3,2,3,3,2,3,2,3,2,10,3,5,1,2,0,4,3,3,3,2,3,4,2,2,3,3,5,3,2,3,3,3,4,3,4,3,3,2,3,4,3,4,2,2,4,4,3,3,4,4,2,2,2,2,2,2,2,2,2,2,3,3,3,3,1,6,6,5,4,4,4,7,4,3,1,38,3,1,1,1,40,3400,3000,0,842201,방송통신 기능사 지상파 방송 채널 증가,전기공학
33844,4,6,5,6,2,3,3,5,4,4,4,5,2,3,3,5,3,4,4,5,4,5,4,4,4,5,5,6,4,5,2,2,4,4,4,4,1,0,2,3,5,5,3,4,3,3,1,0,1,0,1,0,4,4,3,4,4,4,4,5,3,6,4,4,4,5,3,4,2,3,4,5,3,4,2,2,3,4,3,4,2,2,1,0,3,4,2,3,4,5,4,4,5,3,4,4,4,4,5,4,4,6,1,2,1,2,0,1,5,4,3,4,4,4,4,4,3,2,5,4,2,4,3,4,3,3,4,2,4,3,2,4,4,3,4,4,4,5,4,4,4,4,2,2,2,2,2,2,2,2,2,2,3,2,2,3,1,6,5,7,8,7,8,7,4,4,1,33,4,1,1,1,40,4000,3900,0,140502,교통산업기사 교통 계획 정도 발달,도시공학
33845,4,5,3,4,3,3,4,5,3,3,3,3,3,4,3,3,3,4,3,4,3,3,3,4,4,5,3,4,4,5,4,5,3,4,4,5,3,3,4,5,4,5,4,5,3,4,4,5,3,4,3,3,3,3,2,2,2,2,2,2,3,4,2,3,1,0,1,0,1,0,1,0,2,2,1,0,1,0,1,0,1,0,1,0,2,2,2,2,4,3,3,3,4,4,3,4,4,4,3,3,3,18,4,1,2,2,0,5,5,3,3,4,3,4,3,3,9,9,4,3,3,4,4,3,3,4,3,4,3,4,3,4,3,3,3,4,4,3,3,3,4,3,2,2,2,2,2,2,2,2,2,2,3,2,2,2,1,5,4,6,6,4,5,4,3,4,1,49,4,2,6,1,40,0,0,3800,521201,호황 불황,프랑스어
33846,4,5,3,4,3,4,3,4,3,4,4,5,1,0,4,4,4,5,3,4,3,4,3,4,3,3,5,5,4,4,3,4,2,4,3,5,3,4,4,5,4,5,3,3,4,5,3,5,3,5,4,5,3,4,4,4,4,3,3,4,2,3,3,4,3,3,5,5,4,5,4,5,2,3,1,0,2,4,2,3,3,5,2,3,4,4,3,4,3,4,4,2,4,3,3,2,3,2,3,3,4,13,1,2,1,1,5,6,4,4,3,3,3,4,3,2,9,9,4,3,4,3,3,4,4,2,4,2,2,2,4,4,2,2,3,4,4,4,3,2,4,4,1,1,1,2,2,1,2,2,2,3,4,2,2,2,1,7,6,8,7,7,7,6,6,6,1,47,4,2,5,1,40,0,0,6500,158201,소방시설관리사 소방설비기사 소방설비산업기사 제도와 법규 변경에 따른 실무교육 소방 용품 사용 소화 약제 소방 설비 제도 법규 변화 건축물 증가 노후 건축물 대한 지속 소방시설 관리 일자리 증가,화학공학
33847,5,5,5,5,5,6,5,6,4,5,5,5,4,5,4,4,4,4,5,5,4,5,5,7,5,5,4,5,3,6,5,7,5,5,5,4,4,4,3,4,4,4,4,4,5,3,4,4,4,4,3,3,3,3,2,2,3,3,3,4,3,3,2,3,3,2,2,4,2,3,3,4,3,4,3,3,3,4,4,5,4,6,3,4,4,4,4,3,5,5,2,3,5,1,1,4,3,4,4,5,3,15,2,6,2,1,4,7,5,4,2,1,2,4,1,3,3,4,4,4,3,5,2,5,5,2,3,1,5,3,3,5,5,5,5,5,5,3,5,3,3,3,1,1,1,2,1,1,1,1,1,2,3,1,3,3,2,5,7,4,6,4,3,3,6,6,1,34,5,1,1,1,55,5000,4500,0,250201,군사훈련 경계 작전 감시 장비 위주 시스템 개발 적용 편제 조정 작전 계획 변화 지금 업계 상황,안보학
33848,1,0,2,3,1,0,3,4,2,2,1,0,1,0,1,0,2,2,1,0,1,0,3,4,3,4,3,3,2,2,3,4,1,0,1,0,1,0,3,3,2,3,3,4,3,3,1,0,2,3,1,0,3,4,1,0,1,0,1,0,1,0,2,2,1,0,1,0,1,0,1,0,2,3,4,5,3,3,3,4,2,2,3,4,2,2,2,3,4,2,2,3,4,2,2,3,4,4,2,2,3,9,1,1,1,1,3,6,2,2,3,4,4,5,3,3,2,4,4,4,1,3,4,3,2,4,3,2,3,4,4,4,3,3,2,3,4,3,2,3,4,5,2,2,2,2,2,2,2,2,2,1,3,2,2,3,2,7,6,6,4,3,4,5,5,6,1,28,2,1,1,1,49,2400,2100,0,531501,일식조리사 자격증 사용법 기본 교양 예측 요리 일자리,전기
33849,4,6,4,4,4,5,4,4,4,5,3,5,4,4,3,4,4,5,4,5,3,5,4,5,4,4,3,5,4,4,4,5,4,5,4,5,4,4,4,4,4,4,4,5,3,5,3,5,4,4,4,4,4,5,4,5,3,5,4,6,4,5,4,5,3,4,4,5,3,5,4,5,4,4,4,4,3,4,4,4,3,5,3,5,3,5,3,4,4,3,4,4,3,4,4,4,3,4,3,4,4,3,1,5,2,2,0,4,6,4,4,3,3,4,4,4,4,5,3,4,4,4,4,3,3,2,4,4,3,3,4,3,4,4,2,3,3,4,3,3,3,3,2,2,2,2,2,2,2,2,2,1,4,1,1,1,1,5,4,6,6,4,5,7,6,7,1,32,5,1,1,1,40,3300,2800,0,154105,의약품 관련 원료 개발 공정 개선 도입 신제품 개발 활발,화학공학
33850,3,4,2,3,2,2,2,4,4,6,4,6,3,5,4,5,3,4,2,2,2,3,2,3,3,4,4,5,4,5,2,3,2,3,2,2,2,2,2,3,2,3,2,3,2,3,3,4,2,2,2,2,4,2,2,3,3,3,3,3,4,6,2,3,4,5,3,5,2,2,2,3,2,3,1,0,1,0,1,0,1,0,1,0,3,5,1,0,2,3,4,3,3,4,3,3,2,4,3,3,2,13,1,4,2,2,0,4,4,3,2,3,3,3,2,3,4,4,3,3,2,3,3,4,3,3,4,3,2,3,3,5,4,5,3,4,5,4,4,3,4,5,2,2,1,1,2,1,1,2,1,2,4,3,3,3,2,7,7,3,4,6,6,3,5,7,1,36,4,1,1,1,40,4500,2800,0,134101,서버 장비 구축 산업 발전,응용소프트웨어공학
33851,2,3,2,3,1,0,2,3,1,0,1,0,1,0,2,2,2,3,2,3,1,0,2,4,3,4,2,3,2,3,2,3,2,3,1,0,2,3,2,3,2,3,2,3,2,3,2,3,2,3,2,4,3,4,1,0,2,4,2,4,2,3,2,3,2,3,3,4,4,5,3,5,1,0,2,3,2,3,2,3,2,3,2,3,3,4,2,3,4,5,4,4,4,4,4,4,5,4,4,4,4,7,1,2,2,2,0,7,1,1,2,1,2,3,2,1,2,2,3,2,4,2,1,4,5,5,4,4,5,4,2,4,4,5,5,4,4,4,4,5,4,4,2,2,2,2,2,2,2,2,2,2,2,3,3,3,2,7,7,3,2,2,3,7,5,4,1,67,2,1,3,2,50,2100,1600,0,562301,경기 일자리,실업
33852,1,0,1,0,1,0,2,3,1,0,1,0,1,0,1,0,2,2,5,7,1,0,1,0,1,0,1,0,1,0,1,0,1,0,1,0,1,0,4,5,1,0,1,0,4,5,3,4,1,0,1,0,1,0,1,0,1,0,1,0,1,0,1,0,1,0,1,0,1,0,1,0,1,0,3,4,1,0,4,5,3,4,2,2,3,4,3,4,2,2,4,3,3,3,3,3,2,2,2,2,2,9,1,1,1,2,0,7,2,3,2,2,3,2,3,3,9,9,9,3,3,2,2,4,4,5,4,4,5,4,2,4,4,4,3,3,4,3,3,4,3,3,2,2,2,2,2,2,2,2,2,1,4,3,3,3,2,8,7,6,6,5,5,5,4,4,1,29,2,1,3,2,55,3900,2800,0,532401,오토바이자격증 배달 증가,인문계
33853,5,6,4,4,4,4,5,6,4,4,5,5,5,5,3,4,4,4,4,5,4,4,4,4,4,4,4,4,4,4,4,5,3,4,4,5,4,4,4,4,5,5,4,5,5,5,4,5,4,4,4,4,4,4,4,4,4,4,5,4,4,5,3,6,4,4,4,4,4,4,4,4,4,4,4,4,4,3,4,4,4,4,4,4,5,5,5,5,4,4,5,4,4,4,4,5,4,5,5,4,5,13,2,3,2,2,0,2,6,5,4,4,4,5,4,4,4,4,4,4,2,4,4,4,4,4,4,3,5,4,4,4,5,4,5,4,4,5,4,3,4,4,2,2,2,2,2,2,2,2,2,2,3,2,2,2,2,3,4,3,2,4,4,3,6,3,1,35,6,1,1,1,40,3500,3000,0,122104,지금,해양공학
33854,3,4,3,4,1,0,2,2,3,5,3,5,3,3,4,4,4,4,4,4,3,5,4,4,3,3,3,3,3,3,3,4,2,5,3,3,3,3,4,4,3,5,3,3,4,4,4,5,4,4,4,5,4,4,3,3,1,0,1,0,3,5,1,0,1,0,3,3,2,3,1,0,1,0,2,3,2,2,1,0,2,3,2,3,3,3,3,3,4,3,3,4,3,3,4,3,4,4,3,4,3,7,1,2,1,2,0,7,4,4,4,3,3,4,4,3,4,3,4,4,4,3,4,4,3,4,4,4,5,4,4,3,4,4,4,4,5,4,4,5,4,4,2,2,2,2,2,2,2,2,2,2,2,3,3,3,2,4,5,6,7,6,6,4,4,5,2,43,4,1,3,1,52,3300,1500,0,29501,세무회계2급 자동화 시스템,회계학
33855,1,0,1,0,1,0,1,0,1,0,1,0,1,0,1,0,1,0,1,0,1,0,1,0,1,0,1,0,1,0,1,0,1,0,1,0,1,0,1,0,1,0,3,4,2,3,4,5,3,4,1,0,3,4,2,3,3,4,1,0,1,0,3,4,1,0,3,4,2,3,2,3,1,0,2,3,4,4,1,0,4,5,4,5,3,4,3,4,4,3,4,3,3,2,4,2,3,2,2,3,2,1,1,1,1,1,3,3,3,2,3,3,4,4,3,3,4,4,4,4,2,3,3,3,3,2,3,4,3,3,2,4,4,3,3,3,3,4,3,2,4,4,2,2,2,2,2,2,2,2,2,3,4,2,2,2,2,7,7,7,3,4,5,3,3,3,2,33,2,2,7,2,40,0,0,4000,901401,원예기능사 원예재배업 농촌 노인 인구 증가,상고
33856,5,5,5,5,2,2,3,3,3,3,4,4,2,2,4,4,3,3,4,4,2,2,4,4,2,2,4,4,2,2,4,3,3,3,3,3,4,4,2,2,2,2,3,3,4,3,1,0,3,3,1,0,4,4,4,4,3,3,2,2,3,3,4,3,4,4,4,4,3,2,4,2,2,2,4,3,3,2,4,4,2,1,2,2,4,4,4,4,4,4,3,3,4,3,4,3,3,4,4,4,4,15,2,3,2,2,0,6,6,4,4,4,4,4,3,3,3,3,3,3,2,4,4,2,3,2,2,2,1,5,2,3,3,3,3,3,3,4,4,3,4,4,1,2,2,1,1,2,2,1,1,1,4,3,3,3,2,7,7,7,3,3,3,8,8,8,2,32,4,1,1,1,50,3500,2000,0,122301,연구 기술 장비 갈수록 안전 먹거리 인력,농학과
33857,3,4,2,4,2,4,3,4,4,5,3,5,1,0,2,5,4,6,3,4,1,0,4,6,4,4,3,3,3,4,3,4,3,5,4,5,4,4,4,4,3,4,4,4,3,5,2,4,2,5,3,5,3,4,1,0,3,4,3,4,1,0,1,0,1,0,4,5,5,5,4,5,1,0,3,5,3,5,2,3,4,6,2,3,4,4,3,5,4,3,4,4,4,3,4,4,3,4,3,4,3,13,1,2,1,1,2,5,2,3,2,3,4,4,3,3,3,3,4,4,3,3,3,3,3,3,2,3,3,4,2,4,3,3,3,2,2,4,4,4,4,3,2,2,2,2,2,2,2,2,2,1,3,3,3,3,2,6,5,4,6,5,5,4,5,4,1,39,2,1,1,1,48,3470,3100,0,811501,보일러 시공기능사 보일러 수리 실무교육 신축 건물 증가 고용 안정,전기
33858,2,3,2,3,2,1,1,0,1,0,1,0,1,0,2,2,1,0,1,0,1,0,2,3,2,2,2,3,1,0,2,1,1,0,1,0,1,0,2,1,2,3,2,1,2,3,1,0,2,2,1,0,2,3,2,2,2,3,2,2,1,0,2,3,2,3,2,3,2,3,2,3,2,3,1,0,1,0,2,2,2,3,1,0,2,2,1,0,3,2,2,3,2,3,2,3,2,3,2,2,2,3,1,2,2,2,0,7,2,2,3,3,4,4,2,3,2,4,3,3,3,2,3,3,3,2,3,4,3,2,4,3,2,2,3,2,3,3,2,2,3,3,2,2,2,2,2,2,2,2,2,2,3,3,2,3,1,6,7,6,4,4,5,6,5,3,1,29,2,1,1,1,52,2300,2100,0,873301,주식 곡물 곡물 관련,전기
33859,4,5,4,5,2,4,5,6,2,4,2,4,2,3,2,4,3,3,3,4,2,3,3,4,3,3,3,3,3,4,3,3,4,4,3,4,3,3,3,4,2,3,3,4,3,4,4,4,3,3,3,4,3,3,2,3,3,3,3,3,2,3,2,3,2,2,2,2,2,2,2,2,2,2,2,2,2,2,3,3,3,4,2,3,3,3,2,2,4,4,3,3,3,4,3,4,3,3,4,3,3,11,1,2,1,1,1,3,2,4,3,2,4,3,3,3,3,3,4,3,3,3,3,4,3,4,4,4,4,4,4,3,3,4,4,4,4,4,3,4,4,4,2,2,2,2,2,2,2,1,2,3,1,2,2,2,1,4,4,4,5,5,5,5,5,5,2,52,2,1,1,1,40,2000,1500,0,33202,손해보험사 자격증 생명보험 자격증 손해보험 자격증 생명보험 자격증 마감 실적 압박 인터넷 이용,인문계
33860,3,2,3,2,3,1,2,3,3,2,2,1,3,4,2,1,3,2,2,1,3,2,2,3,3,2,3,2,3,2,2,3,2,3,4,2,3,3,2,1,2,3,4,3,3,2,2,1,2,3,3,2,2,3,2,3,2,3,2,3,4,5,3,1,2,1,3,2,3,4,4,3,3,2,3,2,2,1,2,1,2,1,1,0,2,1,1,0,4,3,4,3,3,4,3,4,3,4,5,4,4,10,1,2,1,1,3,4,4,4,4,3,4,3,2,3,4,3,5,4,3,2,3,3,4,3,4,2,3,4,4,2,3,2,3,4,3,2,3,4,5,3,1,2,1,1,2,1,2,1,2,2,3,3,2,3,2,7,4,6,7,5,6,7,6,5,2,34,4,1,1,1,40,3400,3200,0,133205,스마트앱 개발자 응용개발 교육 모바일 기기 증가 업무 기본 유틸리티 온라인 모든 콘텐츠 개발 크게 변화,응용소프트웨어
33861,3,4,3,4,3,3,3,4,4,5,3,4,3,4,4,4,3,4,3,4,4,5,3,4,2,3,3,4,4,5,3,4,4,5,4,5,3,3,3,4,3,4,3,4,3,3,5,6,4,5,3,4,4,4,1,0,2,2,1,0,4,6,1,0,2,2,1,0,1,0,1,0,1,0,1,0,1,0,1,0,2,2,1,0,3,4,1,0,4,4,3,4,4,3,4,3,3,4,4,2,3,7,1,2,1,2,0,2,4,3,3,3,3,4,3,3,3,3,4,3,4,2,3,2,3,3,4,4,3,4,4,4,4,4,4,3,4,4,3,4,4,4,2,2,2,2,2,2,2,2,2,2,3,3,3,3,2,5,8,7,7,5,5,6,7,5,2,28,3,1,1,1,40,2800,2300,0,28301,전산회계1급 전문 지식 요구 인력,경영학
33862,1,0,1,0,1,0,2,2,2,3,2,2,4,5,2,2,1,0,2,3,4,6,1,0,4,6,3,4,1,0,3,3,1,0,2,2,3,4,2,2,1,0,3,2,2,1,1,0,1,0,2,3,5,7,5,6,3,5,1,0,1,0,1,0,2,2,2,2,1,0,4,5,2,2,4,6,3,5,2,2,5,6,2,2,2,3,1,0,4,2,4,2,2,1,1,5,2,2,4,2,1,6,1,2,1,2,0,2,1,3,4,3,4,5,4,3,3,4,4,4,2,3,3,3,3,4,2,3,3,3,4,5,3,3,2,3,4,3,5,4,4,4,2,2,2,2,2,2,2,2,2,2,2,2,2,2,2,3,4,5,6,5,5,6,4,5,1,48,2,1,1,1,40,3300,2600,0,701501,석공기능사 건설 경기 위축,토목
33863,3,4,3,4,3,4,2,4,4,5,4,6,2,4,2,4,3,5,3,5,3,5,3,5,4,5,3,5,3,5,1,0,1,0,2,4,2,4,1,0,2,4,3,5,4,6,1,0,2,4,1,0,3,5,3,5,3,5,4,6,5,5,3,5,3,5,2,4,4,6,2,5,4,4,1,0,1,0,1,0,1,0,1,0,3,5,2,4,4,4,4,4,4,4,4,4,4,5,5,5,4,10,1,3,1,2,0,5,4,4,4,4,4,4,4,4,4,4,4,4,3,3,3,4,3,3,2,1,2,4,5,5,4,4,3,2,3,4,3,3,4,4,2,1,2,2,2,1,2,2,2,2,4,3,3,3,1,3,3,3,4,5,5,6,4,5,1,49,4,1,1,1,50,5500,3500,0,13701,정보통신산업기사 빅데이터 도입 혁명 정보 통신업 발달,정보통신공학
33864,3,4,4,3,4,4,4,4,1,0,4,5,1,0,1,0,3,4,1,0,3,3,3,4,2,3,4,4,4,4,4,4,4,4,3,4,1,0,4,3,5,5,3,4,1,0,1,0,1,0,1,0,1,0,1,0,1,0,1,0,1,0,1,0,1,0,1,0,1,0,1,0,1,0,1,0,1,0,1,0,1,0,1,0,1,0,1,0,3,4,3,3,4,4,3,4,4,5,5,5,4,17,3,3,2,2,0,1,4,4,3,3,4,3,4,3,3,3,4,3,3,4,3,2,2,2,3,4,4,4,2,4,4,5,4,3,5,4,4,4,4,5,2,2,2,2,2,2,2,2,2,1,3,2,2,3,2,6,5,5,4,5,5,5,6,4,2,35,4,1,1,1,40,2700,2400,0,231501,사회 문제 다양,사회교육학
33865,2,3,3,1,2,3,3,3,1,0,2,2,1,0,3,3,4,3,3,3,1,0,2,2,3,1,4,4,1,0,2,2,1,0,1,0,3,3,3,3,3,5,2,2,4,4,2,2,3,4,1,0,2,1,1,0,2,2,1,0,2,2,1,0,2,3,2,2,2,3,2,1,1,0,3,3,3,2,2,2,3,6,2,2,3,4,3,3,3,4,4,2,2,1,3,3,3,2,3,2,2,19,1,2,2,2,0,2,2,2,2,2,4,4,4,2,3,3,2,3,3,4,4,3,2,3,4,4,3,3,3,2,3,2,2,2,4,4,3,4,4,3,2,2,2,2,2,2,2,2,2,1,5,2,2,2,2,7,8,6,7,4,2,6,6,5,1,42,3,1,3,2,45,3800,2800,0,624101,온라인 시장 발전 택배 업무 증가,식품영양학
33866,3,4,3,4,1,0,4,5,1,0,2,2,1,0,3,4,4,5,3,4,4,5,1,0,3,5,3,4,4,5,4,5,4,5,4,6,3,4,4,5,4,5,3,4,4,5,4,5,1,0,2,2,1,0,1,0,1,0,1,0,1,0,1,0,1,0,1,0,2,2,2,2,2,2,1,0,1,0,4,5,3,4,3,4,4,5,4,5,3,4,3,3,3,2,3,2,3,4,3,2,2,8,1,6,1,1,3,3,5,3,4,3,3,4,4,4,3,3,4,4,2,2,3,4,4,3,3,4,3,3,4,4,3,4,3,3,3,2,3,4,3,2,2,2,2,2,2,2,2,2,2,1,3,3,3,3,2,2,2,2,1,1,1,2,2,3,1,27,4,1,1,1,30,3800,3500,0,522101,토익 JLPT WSET 국제선전환훈련,항공서비스학
33867,5,6,5,7,5,6,4,5,4,6,5,6,4,5,4,4,4,5,4,5,4,6,4,6,5,6,4,6,4,5,4,5,4,5,3,5,5,6,5,5,4,5,4,5,4,5,4,4,4,4,4,4,4,5,3,4,3,3,3,4,3,3,3,5,4,5,3,4,3,4,2,3,4,5,3,4,2,3,2,3,3,5,2,4,4,3,3,4,4,3,4,4,3,4,4,4,3,4,4,3,4,16,5,5,2,2,0,7,6,3,3,3,5,4,4,4,4,3,3,4,1,3,3,4,3,3,2,1,4,3,5,4,3,3,3,4,2,5,4,3,5,5,2,2,2,2,2,2,2,2,2,1,3,3,3,3,2,5,4,4,5,5,6,6,5,6,1,60,6,1,1,1,40,9000,4500,0,13101,상태 유지,사회학
33868,1,0,1,0,1,0,1,0,1,0,1,0,1,0,1,0,2,3,1,0,1,0,1,0,1,0,1,0,1,0,1,0,1,0,1,0,1,0,1,0,1,0,1,0,1,0,1,0,1,0,1,0,1,0,1,0,1,0,1,0,1,0,1,0,2,3,1,0,2,3,1,0,1,0,4,4,3,4,1,0,3,4,1,0,3,4,2,3,3,3,2,3,4,2,3,3,3,2,2,2,3,6,1,2,1,2,0,7,2,4,3,2,4,4,3,3,3,3,4,4,3,3,4,3,4,3,3,3,3,4,3,3,3,3,4,4,4,4,3,3,3,3,2,2,2,2,2,2,2,2,2,1,3,2,2,2,2,6,6,5,5,6,6,4,5,6,1,44,2,1,1,1,46,4002,3200,0,702601,건축도장기능사 고용 유지 수요 관련,문과
33869,3,4,2,3,1,0,2,3,2,3,1,0,1,0,2,2,2,3,3,4,3,4,3,5,3,6,4,6,4,6,4,5,4,6,4,6,4,5,4,6,4,6,4,5,4,6,4,6,4,5,4,5,3,5,4,6,4,6,4,5,4,6,4,6,4,6,4,5,4,6,4,5,4,6,4,6,4,6,4,6,4,6,4,5,4,5,4,5,4,5,5,4,4,4,4,4,4,5,4,4,4,3,1,2,2,1,5,6,2,4,2,2,3,2,2,4,4,5,4,4,4,2,2,3,4,3,4,4,3,4,4,4,5,4,4,5,4,4,4,3,4,4,2,1,1,2,2,2,2,2,2,1,3,3,3,3,2,6,4,3,7,7,4,5,4,6,1,37,3,1,1,1,50,2800,2400,0,873501,전기기술 기계 발달 성능 기계 제작 사람,기계학
33870,5,6,4,6,5,6,4,6,4,6,5,7,4,5,4,6,5,6,4,5,4,5,4,6,4,6,5,7,5,7,5,7,5,6,5,7,5,6,5,6,5,7,4,6,5,7,5,7,5,6,5,5,4,6,4,6,5,7,5,6,4,5,4,6,5,6,4,6,5,7,5,6,4,6,4,6,5,6,4,6,4,6,4,6,4,5,4,5,4,3,3,3,4,3,3,3,3,4,4,3,3,15,2,4,2,2,0,5,6,3,3,3,4,4,4,3,3,3,4,4,3,3,3,3,3,3,3,3,3,3,4,3,3,3,3,3,3,3,3,3,4,4,2,2,2,2,2,2,2,2,2,2,3,3,3,3,2,2,2,3,5,7,5,2,2,5,2,50,5,1,1,1,40,5500,3500,0,122103,상태 유지,농업학
33871,3,4,4,5,2,3,3,5,3,4,5,6,3,4,4,5,4,5,3,4,3,5,4,5,3,4,3,4,3,4,3,4,3,4,3,4,3,4,3,4,3,4,3,4,4,5,3,4,2,3,3,4,3,4,3,4,3,4,3,4,2,3,3,4,1,0,1,0,1,0,1,0,4,4,2,3,4,6,2,3,5,6,4,5,4,5,4,5,4,3,3,4,3,3,3,3,3,3,4,3,3,18,5,2,1,1,3,3,4,4,4,3,4,3,3,3,4,4,4,4,2,3,4,4,4,4,3,4,4,4,4,4,4,4,4,4,4,5,4,3,4,4,2,2,2,2,2,2,2,2,2,1,3,3,3,3,2,5,4,5,5,6,5,6,5,6,1,43,4,1,1,1,40,4500,2800,0,420101,경기지도자 훈련계획 학요 인재 육성 위해 운동 육성,체육학
33872,4,5,4,6,3,4,4,5,2,1,3,4,3,4,3,5,4,4,3,4,3,5,4,5,4,4,5,4,4,5,4,5,4,5,3,4,3,5,3,4,3,4,3,4,3,5,3,5,3,4,4,5,2,2,2,3,2,3,2,2,3,5,2,3,3,3,2,3,2,3,2,4,3,5,3,4,4,5,3,5,2,4,2,4,4,5,3,5,4,5,3,3,4,3,3,4,2,2,3,4,3,17,1,3,1,2,0,5,5,4,3,3,5,4,3,3,4,3,3,4,3,4,3,3,4,4,4,3,3,4,4,4,4,4,4,4,3,4,2,3,4,4,2,2,2,2,2,2,2,2,2,1,4,3,3,3,2,8,8,6,3,3,4,7,6,8,2,43,4,1,1,1,38,2700,2100,0,231101,사회복지사1 2급 노인 인구 급증 사회 환경 사회 복지사 필요,심리학
33873,4,6,5,5,3,5,5,5,4,5,4,5,3,5,5,5,3,4,4,4,3,6,3,5,3,5,5,5,4,5,3,4,3,5,4,6,5,5,3,5,5,5,4,6,3,5,4,6,4,5,4,5,4,4,2,3,4,5,1,0,3,4,1,0,1,0,1,0,1,0,1,0,3,5,1,0,1,0,1,0,1,0,1,0,1,0,2,5,5,3,2,3,4,3,5,3,3,4,4,3,4,3,1,3,2,2,0,6,5,4,3,2,3,4,4,3,4,4,4,4,4,3,3,4,2,1,2,4,4,5,3,5,3,4,5,4,5,5,3,2,5,3,2,2,2,2,2,2,2,2,2,2,2,3,3,3,2,7,6,6,5,4,5,5,6,4,2,52,4,1,1,1,40,8600,6000,0,12201,기업 구조조정 축소 예상,경영학
33874,2,4,2,4,2,4,2,4,1,0,1,0,2,4,2,3,3,3,1,0,1,0,1,0,4,3,2,3,3,4,2,2,2,3,2,3,1,0,2,4,5,3,3,4,3,4,3,4,3,4,1,0,5,4,2,3,5,5,4,4,1,0,3,3,5,4,4,4,5,5,4,4,1,0,3,4,4,5,2,3,4,5,4,5,2,4,2,4,3,3,3,2,2,1,3,1,2,2,2,3,4,20,4,1,2,2,0,7,3,3,3,3,3,3,2,2,2,3,3,3,4,3,2,3,3,2,2,3,3,5,2,5,2,2,3,2,2,5,3,3,5,4,2,2,2,2,2,2,2,2,2,1,3,3,2,2,2,6,5,6,4,6,6,4,4,5,2,55,2,2,7,2,36,0,0,3500,812901,오토바이 성능 고장 갈수록 때문,인문계
33875,4,6,4,6,4,6,4,5,3,5,4,5,4,5,3,5,4,5,4,4,4,4,4,5,4,5,3,5,3,5,3,5,3,5,3,5,3,5,3,5,3,5,4,4,3,5,3,5,4,4,4,4,4,5,4,4,3,5,3,4,4,5,3,4,3,4,4,5,3,5,3,4,4,5,3,4,3,4,3,5,3,5,3,5,4,4,3,4,4,3,4,4,4,3,4,4,3,4,4,4,4,11,3,2,1,2,0,4,5,4,4,4,4,4,4,4,4,4,4,4,2,4,4,4,3,4,4,2,4,4,4,4,3,4,4,3,4,4,3,4,4,4,2,2,2,2,2,2,2,2,2,3,4,3,3,3,2,7,7,7,8,8,8,7,7,7,1,34,4,1,1,1,40,5100,3500,0,31301,보험계리사 산업 기술 발달 인지도 상승,수학
33876,2,3,2,2,2,2,2,2,2,1,1,0,1,0,3,2,2,3,2,2,1,0,2,3,3,4,1,0,1,0,3,2,1,0,1,0,1,0,1,0,1,0,1,0,2,2,1,0,1,0,1,0,1,0,1,0,2,2,2,1,1,0,1,0,2,3,2,2,2,3,2,2,1,0,4,5,3,3,4,4,4,4,4,5,3,4,2,2,2,1,2,2,2,1,4,3,1,2,1,2,2,3,1,2,2,2,0,7,1,3,2,1,4,2,2,2,2,3,3,3,3,3,2,4,3,2,3,4,3,4,2,4,3,4,4,3,5,5,3,2,5,3,2,2,2,2,2,2,2,2,2,2,3,3,3,3,2,6,5,6,4,4,5,5,6,5,2,60,2,1,1,1,48,2200,1800,0,871201,생산 설비 자동화 일자리 변화 크게,상고
33877,4,5,4,4,2,3,3,3,2,3,2,3,4,4,3,4,4,4,3,3,3,3,3,3,3,3,3,3,2,3,3,3,3,3,3,3,4,4,3,4,4,4,3,4,3,4,2,2,3,4,4,4,4,4,4,4,4,4,3,4,4,4,3,4,3,4,4,4,4,4,3,4,3,3,4,5,3,4,3,4,4,4,3,3,3,5,4,5,4,3,1,4,4,1,4,3,3,3,5,4,4,6,1,2,1,1,6,6,4,5,3,3,5,5,4,4,4,4,4,4,2,3,3,2,4,3,3,4,3,4,3,4,3,4,4,3,4,3,4,3,4,4,1,1,1,1,1,1,1,2,2,1,4,3,3,3,2,5,5,4,6,5,4,5,4,6,1,52,4,1,1,1,52,6000,4000,0,701602,토목기사 전통가옥구조 조사 장비 기술 도입 전통 가옥 선호,친환경건축학
33878,3,4,4,6,3,5,5,6,1,0,4,6,5,6,3,4,4,5,3,4,4,6,4,6,3,4,5,6,4,5,4,5,3,4,4,5,4,6,4,5,5,6,4,6,4,5,3,4,3,4,3,4,4,6,4,6,4,5,4,5,4,5,4,5,4,5,4,5,4,5,4,5,4,5,4,6,4,5,4,5,4,5,4,5,4,5,4,6,5,4,4,3,4,4,4,4,4,3,4,4,3,18,1,1,1,2,0,2,4,4,4,4,5,4,4,4,4,4,4,4,2,4,4,4,5,4,5,3,4,5,5,4,5,5,4,3,4,4,4,3,4,4,2,2,2,2,2,2,2,2,2,2,3,2,2,2,1,6,4,7,6,4,4,5,3,5,2,32,4,1,3,2,40,5000,1000,0,414702,실용무용지도자 대체 전망,무용학
33879,5,5,4,5,2,3,4,4,3,4,2,2,2,2,2,2,3,3,3,5,1,0,2,3,3,5,2,3,5,3,3,4,4,5,3,4,1,0,4,4,2,1,3,4,3,3,2,3,1,0,2,1,1,0,1,0,2,2,1,0,3,4,1,0,2,2,1,0,1,0,1,0,1,0,1,0,1,0,3,3,1,0,2,1,5,4,4,4,5,4,4,2,2,2,2,2,1,3,4,1,4,11,4,2,1,1,3,4,2,4,2,2,4,3,3,4,9,4,4,3,3,4,3,3,4,3,3,4,3,3,2,4,4,3,4,4,4,4,3,3,4,4,2,2,2,2,2,1,2,1,1,2,2,2,2,2,1,7,5,4,6,3,5,6,4,7,2,55,2,2,6,1,40,0,0,4500,33201,보험중개사 투자 권유 교육 구조조정 무량 증가 온라인 보험 상품 신청 증가,인문계
33880,4,5,4,5,4,5,4,5,4,4,4,4,4,4,4,5,4,6,4,5,4,5,4,5,4,5,4,5,4,5,4,4,4,6,4,5,4,4,4,6,4,5,4,4,4,4,4,5,4,3,4,4,2,3,2,2,2,2,2,2,2,2,2,2,2,2,2,1,2,1,2,1,4,6,3,4,3,4,2,3,2,2,3,4,3,3,3,3,4,4,1,4,4,3,4,3,4,5,4,3,3,16,5,2,1,1,6,6,5,4,4,4,4,4,3,3,9,9,4,4,1,4,4,3,2,3,4,3,4,3,3,3,4,4,3,3,4,4,3,3,4,5,2,2,2,2,2,2,2,2,2,1,2,3,3,3,2,6,5,7,5,6,5,5,6,5,2,65,4,2,5,1,50,0,0,5500,13201,유치원 정교사 2급 원장 연수 출산 감소,유아교육
33881,2,4,2,2,2,1,2,4,2,4,1,0,2,4,2,4,2,4,1,0,1,0,2,4,2,4,1,0,2,4,3,4,2,4,2,4,2,4,2,4,3,4,2,2,3,4,1,0,4,5,1,0,3,4,3,4,4,5,4,3,2,4,4,5,3,4,5,4,5,5,4,5,1,0,4,5,5,4,2,4,4,5,4,5,2,2,2,3,4,3,3,2,3,1,2,2,3,2,2,2,2,1,4,1,2,2,0,7,1,3,2,2,3,3,2,3,2,3,3,3,4,2,3,3,3,2,3,3,3,5,3,4,3,3,4,3,3,4,3,3,5,4,2,2,2,2,2,2,2,2,2,2,3,3,3,2,2,8,8,9,4,8,8,2,2,3,2,60,3,2,7,2,48,0,0,2000,901401,사람 일이 사람 기피 일자리,사회복지학
33882,2,2,3,3,2,1,3,3,2,1,2,2,2,1,3,3,2,3,2,2,2,1,3,3,2,3,3,4,3,3,4,5,4,5,3,4,2,3,4,5,4,5,4,5,2,3,1,0,1,0,3,4,2,2,1,0,1,0,1,0,1,0,2,3,2,2,1,0,1,0,1,0,3,4,1,0,2,3,3,4,3,3,3,4,3,3,3,3,3,4,3,3,4,4,5,3,3,3,3,4,3,11,1,2,1,2,0,6,2,4,4,4,4,5,3,4,4,3,4,4,2,5,4,4,5,4,5,2,4,2,4,5,3,3,4,4,3,5,4,3,3,5,2,2,2,2,2,2,2,2,2,1,4,3,3,3,2,8,9,6,5,3,3,3,6,8,1,55,2,1,1,1,45,3000,1800,0,541201,경비지도사 보안 관심,전기
33883,2,3,1,0,2,3,2,3,1,0,1,0,1,0,2,3,2,3,2,3,1,0,2,3,1,0,2,3,1,0,1,0,2,3,1,0,2,3,1,0,2,3,2,3,1,0,1,0,1,0,1,0,2,3,1,0,2,3,2,3,1,0,1,0,2,3,2,3,1,0,2,3,1,0,1,0,2,3,1,0,2,3,2,3,2,3,1,0,2,2,3,3,2,2,3,3,2,3,2,2,2,3,1,2,2,2,0,1,3,2,2,2,3,3,2,3,2,2,2,2,4,2,2,4,4,2,2,2,3,3,3,4,1,1,3,2,3,4,3,2,4,3,2,2,2,2,2,2,2,2,2,1,3,3,3,3,2,5,5,6,5,5,5,5,5,5,1,28,3,1,1,1,48,3200,2700,0,813101,변화,기계
33884,5,6,5,6,5,6,5,6,4,5,4,5,3,4,3,4,4,4,4,5,3,4,3,4,3,4,3,4,5,6,4,5,5,6,5,6,3,3,3,4,4,5,5,6,4,5,2,2,3,4,3,5,2,2,2,2,2,2,2,2,3,3,2,2,2,2,1,0,2,2,2,2,3,4,2,2,2,2,3,4,2,2,2,2,3,4,3,4,4,4,3,4,5,4,4,4,3,5,4,4,4,15,2,2,1,1,4,4,5,3,4,4,4,4,4,4,5,5,4,4,2,4,4,3,4,4,3,4,4,4,3,3,4,4,3,4,4,3,4,4,4,3,2,2,2,2,2,2,2,2,2,1,4,3,3,3,2,3,6,5,6,4,4,7,5,4,2,36,4,1,1,1,40,4000,3000,0,221401,변리사 집합교육 연봉,경제학
33885,3,4,3,3,1,0,3,3,2,3,2,2,4,4,3,3,1,0,3,4,3,4,3,4,4,4,4,4,4,4,4,5,4,4,4,5,4,4,4,5,4,5,4,5,4,5,4,5,4,4,4,4,4,4,4,4,3,4,4,5,2,2,4,5,4,4,4,5,4,4,4,4,4,5,4,4,4,4,4,5,4,4,1,0,1,0,1,0,4,4,4,4,4,5,4,3,3,3,3,2,3,6,1,2,1,1,3,5,3,3,4,4,4,4,4,3,3,3,3,3,2,4,4,2,3,3,3,4,4,3,4,2,4,3,4,4,4,3,3,3,3,4,2,2,2,2,2,1,2,2,2,2,3,2,2,2,1,6,5,5,6,5,4,4,3,7,1,38,3,1,1,1,45,4000,3000,0,704001,건축기계설비산업기사 장비조작 기술 장비 도입 건설업 때문,건축
33886,3,4,3,3,2,4,3,4,2,3,3,4,2,2,2,3,2,2,3,3,2,2,2,2,2,2,3,3,3,3,2,3,2,2,2,2,3,3,2,2,2,2,2,2,2,2,3,3,2,2,2,1,3,4,3,4,3,4,2,2,3,3,1,0,4,4,2,2,3,3,3,3,1,0,2,2,2,1,2,2,2,2,2,3,3,3,3,4,5,3,3,4,3,3,3,4,3,4,4,2,3,14,2,4,1,1,2,2,5,4,4,3,3,4,3,3,4,3,4,4,2,4,4,3,4,3,4,4,3,3,4,3,2,4,3,2,3,2,3,1,3,4,2,2,2,2,2,2,2,2,2,2,4,3,3,3,1,6,5,6,3,5,6,5,4,5,1,51,4,1,1,1,40,4300,3300,0,155305,소음진동산업기사 소음진동기술 훈련 소음 증가,환경공학
33887,3,4,3,4,3,3,3,4,2,2,2,2,3,4,2,2,3,4,3,3,2,2,2,2,4,5,3,4,3,3,2,2,2,2,2,3,3,3,5,7,3,3,3,3,3,3,2,2,2,2,2,2,2,2,2,2,2,2,2,2,2,2,3,3,2,2,2,2,2,2,2,2,2,2,2,2,2,2,2,2,2,3,2,3,4,4,4,4,4,4,3,2,2,3,4,3,4,4,3,4,4,17,1,2,1,2,0,2,2,4,3,3,4,4,4,4,3,4,4,4,2,5,5,4,5,4,4,4,5,3,4,4,5,4,4,5,4,4,4,5,4,4,2,2,2,2,2,2,2,2,2,1,3,3,3,3,2,8,7,8,2,3,5,8,4,6,2,35,2,1,1,1,48,3000,2100,0,307501,간호조무사 자격증 환자 계속 유지,인문계
33888,4,5,4,5,4,5,4,5,4,5,4,5,3,4,4,4,4,5,4,5,4,5,4,4,4,4,4,4,4,5,4,5,4,5,4,5,4,5,4,4,4,4,4,5,4,5,4,4,4,4,4,4,4,5,4,4,3,3,2,3,4,5,3,3,3,3,3,3,2,2,2,3,2,3,2,2,2,2,3,3,2,2,2,2,2,2,2,3,4,3,3,3,4,3,3,3,3,4,4,3,4,10,1,3,1,1,3,3,5,4,3,3,4,3,4,4,3,3,3,3,3,3,3,4,3,3,4,2,3,3,4,4,3,2,2,3,3,4,3,2,3,4,2,1,2,1,1,2,2,1,1,2,2,2,2,2,1,6,5,6,6,4,5,6,5,7,1,53,4,1,3,1,52,7200,3200,0,22202,정보보안기사 업무파악 기계 도입 자동화,회계
33889,3,4,3,4,3,4,4,5,4,5,5,6,5,7,5,6,4,5,4,5,4,5,3,4,4,5,2,3,2,2,1,0,3,4,2,3,2,3,3,4,4,5,4,5,2,2,1,0,2,2,2,2,5,6,5,7,4,5,4,5,3,4,2,2,3,4,4,5,4,5,4,5,2,2,5,6,3,4,3,4,2,2,1,0,4,5,1,0,5,4,5,4,5,4,4,2,2,5,4,4,4,13,1,2,2,2,0,7,5,4,5,4,4,4,4,4,5,4,4,4,3,3,3,3,4,4,3,4,3,4,3,3,4,4,4,4,3,5,5,5,5,3,2,2,2,2,2,2,2,2,2,1,3,3,3,3,2,3,2,2,2,8,7,8,8,3,1,44,4,1,1,1,45,5800,3100,0,415504,변화,그래픽디자인
33890,3,4,3,4,4,5,1,0,3,6,1,0,3,4,3,4,3,4,4,5,2,2,3,4,3,3,3,5,4,6,1,0,1,0,1,0,3,4,1,0,1,0,1,0,1,0,3,5,4,5,3,4,4,5,3,4,2,2,3,5,4,5,4,5,2,2,2,2,2,2,1,0,2,2,3,3,3,4,1,0,1,0,1,0,4,5,1,0,5,4,4,3,3,3,4,3,3,5,4,3,4,15,1,2,1,1,4,7,5,5,5,4,5,5,3,5,5,4,4,5,3,4,3,5,3,3,4,4,3,5,4,4,4,5,5,4,5,4,4,2,4,3,2,2,2,2,2,2,2,2,2,2,4,3,3,3,2,7,6,5,5,6,6,7,6,6,1,43,4,1,1,1,40,5200,3000,0,621401,항공관제사 관제업무 물류 발전,항공서비스
33891,1,0,1,0,1,0,1,0,1,0,1,0,4,5,2,3,2,3,2,3,1,0,2,3,3,4,1,0,1,0,2,3,1,0,1,0,1,0,2,3,1,0,1,0,3,4,1,0,1,0,2,3,2,3,1,0,1,0,1,0,1,0,1,0,2,3,1,0,1,0,1,0,1,0,3,5,3,4,2,3,2,3,3,4,4,5,2,3,4,3,4,3,4,2,3,4,3,3,4,2,3,18,1,4,1,2,0,7,4,4,4,4,4,3,4,3,4,3,4,4,2,3,4,4,3,2,3,3,3,4,3,4,4,5,3,4,3,3,3,4,4,4,2,2,2,2,2,2,2,2,2,1,3,2,2,3,2,7,7,6,5,4,4,5,6,4,2,32,4,2,5,1,44,0,0,2999,511402,메이크업 매체 다양 화로 자리 지금 유지,패션예술
33892,2,2,4,6,2,2,4,7,3,4,3,3,3,3,3,5,4,5,3,5,2,3,2,3,1,0,4,5,5,6,4,5,3,4,2,2,1,0,4,6,3,3,3,3,3,3,2,3,1,0,1,0,1,0,1,0,1,0,1,0,1,0,1,0,1,0,1,0,1,0,1,0,1,0,2,3,1,0,3,3,3,3,1,0,3,3,1,0,2,3,3,2,4,2,2,4,3,4,4,3,2,18,1,3,2,2,0,1,2,3,4,3,5,4,4,3,2,3,3,3,4,3,3,3,3,2,4,1,3,4,2,5,3,4,4,3,4,4,3,3,4,3,2,2,2,2,2,2,2,2,2,2,4,2,2,2,2,7,6,6,4,5,4,4,3,3,2,39,3,1,3,2,30,2300,1700,0,617101,마케팅 홍보 중요성,일본어학
33893,4,5,3,4,3,3,3,4,3,4,2,4,1,0,4,4,4,4,3,5,3,4,2,4,2,3,1,0,2,2,3,4,1,0,1,0,2,3,2,3,4,3,2,3,3,4,1,0,2,4,1,0,4,6,2,1,4,6,4,6,3,4,4,5,5,6,5,6,5,7,4,5,1,0,5,6,4,5,3,4,4,5,4,5,3,4,3,5,3,3,4,3,2,1,4,3,4,4,3,4,2,3,1,5,1,1,1,6,4,3,2,2,3,4,4,2,2,2,5,3,2,3,3,4,3,3,2,3,4,5,4,4,3,3,3,3,4,4,5,4,3,4,2,2,2,2,2,2,2,2,2,2,2,2,2,2,1,7,8,7,7,7,7,6,7,9,1,33,3,1,1,1,40,3800,3000,0,812201,조선산업기사 안전교육 자동화 설비 도입 증가,조선해양
33894,5,5,4,5,4,5,4,5,4,5,4,6,1,0,4,4,4,5,3,5,4,5,4,6,4,5,4,6,4,5,3,5,3,5,3,5,2,2,3,4,4,5,4,5,3,4,5,6,3,5,4,5,3,3,1,0,1,0,2,3,3,4,1,0,2,3,1,0,1,0,1,0,3,3,1,0,1,0,3,3,1,0,1,0,1,0,1,0,4,4,3,3,4,5,4,2,4,3,4,4,4,3,1,2,2,2,0,4,4,4,4,4,4,4,4,3,4,4,4,4,2,4,4,5,3,3,4,4,4,3,3,5,4,4,4,2,3,4,3,2,4,4,2,2,2,2,2,2,2,2,2,2,3,3,3,3,2,6,4,5,7,4,3,6,4,3,1,56,4,1,1,1,40,3300,1500,0,26103,비슷 변화,회계학
33895,5,7,5,7,4,7,4,6,4,5,4,6,3,6,4,6,2,4,2,5,3,5,4,6,4,4,3,5,3,4,3,5,3,5,4,7,3,7,4,6,4,5,4,6,4,6,4,6,4,3,3,4,3,5,3,4,2,4,2,3,4,5,4,5,3,4,3,4,3,4,3,4,4,5,4,2,2,3,3,4,3,4,3,4,3,4,3,4,4,4,4,4,4,3,2,3,3,4,4,4,4,13,1,2,1,1,1,5,5,5,5,5,4,4,3,4,4,4,4,4,4,4,4,3,3,3,4,4,4,3,4,4,3,3,3,3,4,4,4,3,3,4,2,2,2,1,1,1,1,1,1,2,2,2,2,2,1,8,7,6,7,8,8,8,6,8,1,39,6,2,5,1,40,0,0,15000,23301,관세사 세법 행정법 통상 제품 검사 검사 시스템 도입 작업 검사 업무 업무 배치 인공 지능 발달,법학
33896,2,4,2,3,2,3,3,3,3,3,3,3,3,2,3,5,3,4,4,4,4,4,4,5,2,4,2,4,2,4,2,5,3,3,4,4,4,4,4,4,4,4,3,5,3,3,4,4,4,4,4,4,4,5,4,4,4,4,4,5,3,3,4,3,3,3,4,4,4,4,2,5,4,4,4,3,3,3,4,4,4,4,4,5,4,4,4,5,3,4,3,2,3,4,4,3,4,3,4,3,3,8,1,2,2,2,0,2,2,4,3,3,3,4,4,4,3,5,5,5,4,3,4,4,3,3,4,3,3,3,3,3,4,4,3,3,4,3,2,3,3,3,2,2,2,2,2,2,2,2,2,2,3,2,2,2,1,7,5,3,7,7,7,7,3,4,1,47,4,1,1,1,40,4300,3000,0,28204,선박 사업 현상 유지,운송학
33897,1,0,3,3,1,0,3,3,3,2,1,0,1,0,2,2,3,2,1,0,1,0,1,0,3,4,1,0,4,3,3,4,2,3,1,0,1,0,4,5,2,2,4,4,4,3,4,6,3,4,1,0,1,0,1,0,3,2,1,0,1,0,1,0,1,0,2,3,3,3,1,0,1,0,2,3,1,0,1,0,3,3,2,3,3,3,3,3,3,2,3,2,3,2,2,3,2,2,3,3,3,7,4,1,2,2,0,7,1,2,1,2,3,3,2,2,9,9,9,3,1,3,3,3,4,4,3,4,4,3,3,4,3,3,2,3,4,5,3,3,5,4,2,2,2,2,2,2,2,2,2,1,2,2,2,2,2,8,6,6,3,3,7,2,3,7,2,68,1,2,6,1,60,0,0,2000,615501,근무 환경 기피,0
33898,4,4,3,3,2,2,3,4,3,2,3,3,2,2,3,3,3,3,2,2,2,2,2,2,3,3,2,2,2,2,2,2,3,3,3,3,2,2,4,4,3,3,3,2,3,3,3,4,1,0,2,2,3,3,1,0,1,0,1,0,2,2,2,2,2,2,1,0,1,0,1,0,2,2,1,0,1,0,2,2,2,2,2,2,2,2,1,0,3,3,4,3,3,2,5,4,3,3,3,3,4,11,1,2,1,2,0,3,5,3,4,3,4,3,4,4,3,3,3,4,3,3,3,3,3,4,3,2,3,3,3,3,4,4,3,3,4,4,4,3,3,3,2,2,2,1,2,2,2,2,2,2,2,1,2,2,1,5,5,4,4,6,6,5,6,5,1,48,4,1,1,1,50,6000,2500,0,31301,보험계리사 상품 다양 종사 증가,경제학
33899,4,5,4,5,4,5,3,4,4,5,3,4,3,4,3,5,4,4,4,5,3,3,3,4,4,5,4,4,3,4,3,4,4,4,4,4,3,5,3,4,3,4,3,4,3,4,4,5,2,3,3,3,2,3,3,4,3,3,3,3,4,4,3,3,2,3,2,3,2,2,2,2,3,4,4,6,3,3,3,4,2,2,3,4,2,3,2,3,3,3,4,3,4,4,4,3,3,4,4,3,3,6,1,2,1,1,1,5,4,3,3,3,3,3,4,3,3,3,4,4,4,3,3,4,4,4,4,3,4,4,4,4,4,4,4,5,5,4,5,3,3,4,1,1,1,2,2,2,2,2,2,2,2,3,3,3,2,6,7,6,7,7,7,5,5,5,1,58,3,1,1,1,40,4000,1500,0,140207,건축기사 시공 자동화 시스템 관련 변화 자동화 시스템 도입 때문,건축
33900,3,5,4,4,4,5,3,3,4,5,4,5,1,0,5,6,4,5,3,3,3,3,4,5,4,5,4,6,2,3,2,2,1,0,3,3,3,5,2,2,4,5,1,0,4,6,2,3,1,0,2,2,3,4,4,4,3,5,1,0,1,0,4,5,2,4,1,0,1,0,2,4,3,4,4,5,4,6,4,5,2,4,4,5,4,6,3,4,4,3,5,4,4,3,4,4,3,4,5,5,3,17,3,2,1,2,0,2,4,3,2,4,5,5,4,4,5,3,4,4,2,4,3,3,2,5,4,3,3,4,5,4,5,3,2,4,3,3,4,2,4,3,2,2,2,2,2,2,2,2,2,1,3,3,1,3,2,6,4,3,7,5,4,3,4,3,2,33,4,1,1,1,45,3600,2900,0,155501,산업위생관리 산업기사 국민 건강 안전 관심,임상병리학
33901,2,2,3,4,1,0,3,4,1,0,1,0,1,0,1,0,2,2,1,0,1,0,2,3,3,4,2,3,2,2,2,3,1,0,1,0,1,0,2,3,3,4,3,3,3,4,2,2,2,2,2,1,1,0,1,0,1,0,1,0,1,0,2,2,1,0,1,0,1,0,1,0,1,0,3,4,3,3,1,0,2,3,3,4,2,2,2,1,3,2,3,4,3,2,2,4,2,3,4,2,4,19,1,2,1,2,0,7,2,4,3,4,4,5,3,3,9,2,3,3,2,3,3,3,2,4,3,3,2,4,4,5,3,4,4,3,4,5,3,3,4,5,2,2,2,2,2,2,2,2,2,2,4,2,2,3,2,8,8,6,3,2,5,4,3,7,2,35,3,1,1,1,50,3200,2300,0,511301,피부미용관리자격증 개인 증가,피부미용
33902,3,5,3,5,3,5,4,5,2,4,4,4,2,4,2,4,4,4,2,4,3,4,2,3,3,3,3,4,3,3,3,4,3,5,2,3,1,0,4,5,3,4,3,3,4,4,1,0,3,3,3,4,3,3,1,0,1,0,2,2,2,2,2,2,2,2,2,2,3,3,2,3,3,3,2,3,3,4,2,2,3,3,2,2,3,4,4,5,3,4,3,1,4,2,3,2,3,2,2,2,3,9,1,2,2,2,0,5,3,3,2,2,3,2,4,3,3,4,4,4,4,1,2,5,4,3,4,2,4,2,3,4,2,2,3,2,3,4,4,3,2,3,2,2,2,2,2,2,2,2,2,3,2,3,3,3,2,8,6,8,7,8,8,3,3,8,2,28,3,1,1,1,40,2500,1800,0,29101,경기 침체,경제학
33903,4,5,4,6,4,6,4,7,4,6,4,6,3,6,3,5,4,6,3,5,4,6,4,6,3,6,4,6,4,6,4,7,4,7,4,7,4,6,3,6,4,6,5,3,4,6,4,6,4,6,3,6,4,6,3,3,4,6,3,5,4,6,3,6,4,6,3,4,4,5,3,4,4,6,3,5,4,6,3,5,3,3,3,5,3,5,3,5,5,4,4,4,4,4,5,3,4,4,5,4,4,7,1,2,1,1,2,4,4,4,4,4,3,4,4,3,3,4,4,4,2,4,4,3,4,3,4,3,4,4,3,4,5,4,5,4,4,5,4,4,4,4,2,2,2,2,2,2,2,2,2,2,3,3,3,3,2,7,5,5,5,5,5,5,5,5,2,42,4,1,1,1,40,4000,2300,0,28101,컴퓨터활용능력1급 국제무역사2급 ITQ엑셀 출입 무역사무원 교육 업무 컴퓨터 대체 한계,무역학
33904,4,6,5,5,4,5,4,6,1,0,1,0,1,0,1,0,1,0,2,5,1,0,5,6,3,5,1,0,4,4,1,0,4,5,3,4,5,2,4,5,4,4,1,0,1,0,1,0,1,0,1,0,1,0,1,0,1,0,1,0,1,0,1,0,1,0,1,0,1,0,1,0,1,0,1,0,1,0,1,0,1,0,1,0,3,4,4,4,4,5,5,4,4,4,4,3,4,3,4,4,3,17,3,3,1,2,0,1,5,4,4,4,4,4,4,4,2,4,3,4,4,4,4,3,3,2,4,2,2,2,2,4,4,5,5,4,4,4,5,4,4,4,2,2,2,2,2,2,2,2,2,1,2,2,2,3,2,7,6,5,6,5,4,4,6,4,2,28,4,1,3,2,40,2400,2400,0,306901,언어재활사2급 인구 감소,언어치료학
33905,4,4,4,4,3,4,4,4,4,4,3,5,2,4,4,4,5,4,4,4,3,4,4,4,5,5,5,5,4,5,4,5,4,5,4,5,4,5,5,6,4,5,5,5,4,4,4,4,4,4,4,5,4,5,5,5,4,5,4,5,4,4,4,4,4,4,4,6,4,5,4,5,4,5,4,5,4,5,4,5,4,5,4,4,3,4,4,4,4,3,4,4,4,3,4,4,3,4,5,3,4,4,1,2,1,1,1,3,2,4,4,4,4,5,3,4,4,3,4,4,2,5,4,4,4,3,4,2,4,3,4,5,4,4,4,5,5,5,4,4,5,3,1,1,1,2,2,2,1,1,2,1,2,3,3,3,2,7,7,7,8,8,7,7,8,7,1,54,3,1,1,1,45,7000,3000,0,16201,전기기능사 전기 안전 교육 새로 개발된 장비 시스템 장비 시스템 기술 친구 선호,전자
33906,4,5,4,6,4,6,4,5,2,2,4,5,5,6,5,6,5,6,2,3,2,3,3,4,5,6,4,5,4,5,5,6,5,6,5,6,4,5,4,5,5,5,5,6,5,6,5,5,5,5,4,5,5,6,4,6,4,5,2,2,1,0,2,3,4,5,5,5,1,0,1,0,4,5,5,7,4,5,4,5,3,4,2,2,5,6,2,2,4,4,4,5,4,3,4,5,5,5,4,3,4,18,1,2,1,1,3,4,4,4,4,3,4,4,5,4,3,4,3,4,4,3,4,4,3,4,5,4,3,4,4,4,5,4,3,4,5,4,3,4,5,4,2,2,2,2,2,2,2,2,2,2,4,2,2,2,1,6,5,7,8,7,6,7,6,7,2,34,3,1,1,1,40,3600,2400,0,511402,분장사 분장사 실무교육 문화 사업 발달,뷰티아트
33907,4,6,4,5,3,4,2,3,2,4,4,5,2,4,3,5,2,4,3,5,4,6,4,6,4,5,3,4,1,0,2,3,2,4,2,4,4,5,2,2,4,6,4,6,3,5,1,0,3,5,3,5,4,6,4,5,4,5,4,6,3,5,3,5,5,6,5,6,3,6,4,6,3,5,3,5,4,6,1,0,3,5,2,3,3,5,3,4,5,4,3,3,4,4,4,2,3,4,4,4,4,3,1,4,1,1,4,5,5,4,3,3,4,4,4,3,3,4,4,3,2,3,3,4,2,1,3,1,4,4,4,5,4,5,3,1,5,5,3,4,5,5,1,1,1,2,2,2,2,2,2,2,3,3,3,3,1,5,5,3,5,2,2,7,3,3,1,39,4,1,1,1,46,4500,2700,0,131101,전자계산기기능사 정보통신산업기사 컴퓨터그래픽스운용기능사 영어능력 향상 제품 단계 시스템 보드 제품 업그레이드 모바일 확대 사업 감소,전자공학
33908,4,5,3,4,5,6,3,4,3,4,3,4,4,5,4,5,4,5,4,5,3,4,3,4,4,5,4,5,4,5,4,5,4,5,3,4,4,4,4,5,3,4,3,4,3,4,3,4,3,4,3,4,3,4,1,0,1,0,1,0,1,0,1,0,1,0,1,0,1,0,1,0,1,0,1,0,1,0,1,0,1,0,1,0,1,0,1,0,4,4,4,3,3,3,4,4,3,3,3,3,3,18,1,3,2,1,5,5,3,3,4,3,4,4,4,2,2,3,3,3,2,4,4,3,4,3,3,4,3,3,3,3,4,4,3,3,4,3,3,3,3,4,2,2,2,2,2,2,2,2,2,2,3,2,2,2,1,4,4,7,7,6,6,6,5,5,1,38,4,1,1,1,45,3300,1000,0,414303,전문적으로 그리기 훈련 관심 변화 예상,애니메이션
33909,4,5,3,5,3,5,3,4,4,4,4,5,4,4,4,5,3,5,4,5,3,5,3,5,3,5,3,4,3,4,3,5,3,5,3,4,3,5,4,5,3,4,3,5,3,5,3,5,3,5,2,4,4,4,4,4,4,4,4,5,3,4,4,4,3,4,3,5,3,5,4,4,4,6,2,4,2,4,2,4,4,5,1,0,2,3,2,3,4,3,3,4,3,3,3,3,3,3,4,3,3,6,1,2,1,1,3,4,4,4,4,3,4,3,4,3,3,4,4,3,2,3,3,4,3,3,3,4,3,4,3,4,4,4,4,3,3,4,3,3,4,4,2,2,2,2,2,2,2,2,2,2,3,2,3,3,2,5,5,5,4,6,4,4,5,5,1,36,4,1,1,1,42,3700,2880,0,140207,건축산업기사 현장 경험 정부 지자체 추진 건축 발주 감소,건축학과
33910,3,3,1,0,1,0,1,0,1,0,1,0,1,0,2,3,1,0,1,0,1,0,2,2,1,0,2,3,1,0,1,0,1,0,1,0,3,4,1,0,2,2,2,2,2,2,1,0,1,0,2,2,2,3,3,4,3,5,3,5,1,0,1,0,3,3,2,2,2,2,2,2,3,3,3,2,2,1,2,1,1,0,1,0,3,3,1,0,4,3,2,4,3,4,4,4,3,4,3,3,4,3,1,4,1,2,0,3,5,3,3,3,4,4,4,4,4,3,4,4,2,3,3,3,2,2,2,3,3,4,3,4,3,4,3,3,4,4,3,3,4,4,2,2,2,2,2,2,2,2,2,1,3,3,3,3,1,1,2,2,3,2,2,2,3,4,1,45,4,1,1,1,40,6500,3100,0,153201,전기운용기술사 비디오 발전,전자공학
33911,1,0,3,4,1,0,3,4,3,3,1,0,1,0,2,3,3,4,2,2,1,0,2,1,3,4,2,2,3,4,3,3,2,2,2,1,1,0,3,4,3,3,3,4,3,3,3,3,3,4,1,0,2,2,1,0,2,3,1,0,1,0,2,2,1,0,2,3,2,2,2,1,1,0,2,3,3,4,2,1,2,3,2,2,2,2,2,1,4,3,4,2,3,2,4,4,2,2,3,2,4,19,4,1,2,2,0,7,2,2,3,3,4,4,2,3,9,9,9,3,2,3,4,3,2,3,2,3,2,2,3,4,3,2,3,2,4,3,2,4,4,4,2,2,2,2,2,2,2,2,2,2,2,2,2,2,1,7,6,6,4,5,5,4,3,5,1,48,2,2,6,1,40,0,0,3000,561501,공란,전기
33912,3,4,3,3,3,4,3,4,4,5,5,7,4,6,5,6,4,5,3,3,3,4,3,4,4,4,4,5,3,4,3,3,3,4,3,4,2,3,1,0,4,5,5,4,5,6,1,0,1,0,3,3,1,0,1,0,1,0,1,0,1,0,1,0,1,0,1,0,1,0,1,0,4,5,1,0,3,3,3,4,3,4,2,3,4,4,3,4,1,2,3,3,4,4,4,3,3,2,4,4,3,15,2,3,1,2,0,7,5,4,4,4,5,5,3,3,4,4,4,4,3,4,4,3,3,4,4,3,4,4,4,5,3,4,4,4,4,5,4,2,4,3,2,2,2,2,2,2,2,2,2,1,3,3,3,3,2,1,5,1,5,9,2,2,2,5,1,44,4,1,1,1,52,7000,2800,0,221102,변호사 인구 신종 사기꾼 범죄,법학
33913,2,2,4,5,2,2,4,5,3,3,3,4,4,5,1,0,2,3,2,3,2,2,2,2,3,4,2,2,3,4,3,4,2,3,2,3,3,4,4,5,4,6,2,3,3,4,3,3,2,3,2,2,2,2,4,5,3,4,3,3,1,0,1,0,2,2,2,2,2,2,2,3,1,0,4,5,3,4,1,0,3,4,2,2,1,0,1,0,5,2,2,3,4,2,2,4,2,3,4,1,3,13,1,2,1,1,5,5,5,4,3,3,4,3,1,4,9,9,4,4,3,4,3,3,3,3,3,3,3,2,3,3,2,2,2,3,3,4,3,2,4,3,2,2,2,2,2,2,2,2,2,1,3,3,2,1,1,6,7,5,4,3,5,5,5,4,1,56,4,2,5,1,40,0,0,6000,415101,건축산업기사 시각디자인산업기사 현장용어 실업무에 도움이 되는 요소들 차이,공간디자인학
33914,3,3,4,4,3,3,3,3,3,4,3,4,2,3,3,4,3,4,2,2,3,3,2,3,3,4,2,2,2,3,2,2,2,3,2,3,2,2,3,4,2,3,3,3,2,3,2,2,3,3,2,2,2,3,2,3,2,3,2,2,2,3,3,4,2,3,3,3,3,4,3,4,3,3,2,3,2,3,2,3,2,3,2,3,3,4,3,4,3,3,2,2,3,3,2,4,2,3,3,2,2,3,3,2,1,2,0,3,4,3,2,2,4,3,3,2,3,3,4,3,3,2,3,4,3,3,3,4,3,3,2,3,3,3,4,4,3,5,3,3,4,4,2,2,2,2,2,2,2,2,2,2,2,3,2,3,2,6,4,5,6,5,4,6,4,5,1,44,4,1,1,1,40,3800,2400,0,131201,CAD 일러스트 컴퓨터활용 오피스프로그램 자동 처리,전자공학
33915,2,3,2,3,1,0,1,0,2,3,2,4,2,3,2,3,3,4,2,4,1,0,2,4,2,3,1,0,1,0,2,3,1,0,1,0,3,4,2,3,2,3,2,3,3,4,1,0,3,4,1,0,3,4,2,3,3,4,2,4,2,3,3,4,2,3,4,5,4,5,4,5,2,3,2,3,2,3,2,3,2,3,1,0,3,3,2,3,3,1,4,3,2,2,3,2,3,3,2,2,2,3,1,3,1,1,1,2,2,3,1,1,3,3,2,3,3,3,4,3,3,4,3,1,2,3,3,1,3,3,3,3,3,4,4,4,4,4,4,4,4,3,2,2,2,2,2,2,2,2,2,3,2,3,3,3,2,7,7,7,3,3,3,5,6,6,1,30,4,1,1,1,40,3200,2800,0,155302,수질환경기사 제조장치 숙련 자동화 시스템 증가,환경공학
33916,3,5,4,5,1,0,5,7,1,0,3,4,5,7,4,5,2,2,4,5,3,4,4,6,4,5,1,0,3,4,3,2,2,4,3,3,4,4,2,1,2,2,2,1,3,5,2,2,1,0,1,0,3,4,1,0,2,2,1,0,4,6,4,5,3,4,2,1,2,2,1,0,1,0,4,5,4,5,3,4,3,3,1,0,4,6,5,7,5,5,4,3,5,4,4,3,3,5,5,5,5,18,4,1,2,2,0,6,1,4,4,4,4,3,3,3,9,9,9,3,1,3,5,3,3,4,4,3,4,4,3,4,4,5,3,4,4,4,4,5,4,4,1,1,1,2,2,2,2,2,2,2,4,2,2,2,1,6,7,8,7,8,9,9,8,8,1,43,2,2,6,1,45,0,0,1600,414502,인터넷 발달 작곡 활돌 소비자 소통 세계 인기,문과
33917,4,5,2,2,4,5,3,4,1,0,1,0,4,4,2,2,4,5,2,3,2,3,2,2,3,3,1,0,1,0,1,0,2,2,1,0,1,0,1,0,1,0,3,3,2,2,1,0,1,0,1,0,1,0,1,0,1,0,1,0,1,0,1,0,1,0,1,0,1,0,1,0,1,0,1,0,1,0,1,0,2,3,1,0,3,3,2,2,3,5,4,2,3,4,3,3,3,4,4,3,3,13,4,1,2,2,0,5,5,4,4,3,5,4,5,3,4,4,4,3,3,4,3,4,3,3,3,3,3,5,4,4,5,4,4,5,4,5,4,4,5,4,2,2,2,2,2,2,2,2,2,2,4,3,3,3,2,3,2,2,2,3,2,8,8,9,2,30,4,2,6,1,40,0,0,2000,411201,세계 화로 국제 교류 번역 필요성 증가,영어교육
33918,5,5,5,5,5,5,2,3,4,6,4,5,1,0,5,5,4,4,1,0,2,4,2,4,3,5,5,6,3,3,4,6,4,4,4,4,3,3,2,4,4,4,5,4,4,4,1,0,1,0,4,4,1,0,1,0,1,0,1,0,4,4,1,0,1,0,1,0,1,0,1,0,1,0,1,0,1,0,1,0,1,0,1,0,2,3,2,2,2,3,3,4,3,4,5,2,3,2,4,2,4,8,2,5,2,2,0,3,5,4,4,3,3,4,4,4,4,4,4,4,2,4,3,4,3,4,4,2,4,3,2,5,3,4,5,3,5,4,4,4,5,5,2,2,2,2,2,2,2,2,2,2,4,3,2,3,1,3,4,3,6,3,4,3,6,7,1,49,4,1,1,1,40,6500,3400,0,28202,민간 고속 열차 증가 승객 일자리 증가,산업공학
33919,5,6,5,6,4,5,3,5,4,6,4,4,3,4,3,4,4,4,3,4,3,4,3,4,4,5,4,5,4,4,4,5,4,5,4,4,3,3,3,4,3,4,4,4,4,5,4,5,4,5,3,3,3,3,3,3,2,2,2,2,4,5,3,3,3,3,2,3,3,3,4,3,4,4,3,3,3,3,3,3,3,3,3,4,4,4,2,2,2,2,2,3,4,3,4,3,2,4,5,4,2,11,1,2,2,2,0,2,5,4,5,4,4,4,5,4,5,4,5,5,4,5,4,5,4,5,4,4,5,4,4,5,4,5,5,4,4,5,4,4,4,5,2,2,2,2,2,2,2,2,2,3,2,2,3,1,2,3,9,3,8,4,6,5,7,8,1,29,4,1,1,1,40,4600,4500,0,32101,지점 폐쇄 경기 침체,경영학
33920,4,5,5,5,4,6,5,5,1,0,4,6,4,5,4,5,5,6,4,5,5,5,5,6,5,5,4,6,4,6,4,6,5,5,4,5,5,6,5,6,4,5,4,5,5,6,3,3,2,3,1,0,1,0,1,0,1,0,1,0,3,4,1,0,1,0,1,0,1,0,1,0,3,4,1,0,1,0,3,4,1,0,1,0,4,5,4,4,5,4,2,3,4,3,4,2,3,4,5,4,3,16,5,2,1,2,0,4,5,4,4,4,4,5,4,3,4,4,4,4,2,4,2,5,3,2,3,4,4,3,4,4,4,5,4,4,5,3,3,4,4,3,2,2,2,2,2,2,2,2,2,3,2,2,2,3,1,7,4,6,3,5,6,3,7,5,2,31,4,1,1,1,42,2520,2100,0,214102,TEFL TESOL 인공 지능 발달 학원 점차,교육학
33921,1,0,2,2,1,0,3,4,1,0,1,0,4,4,2,1,3,2,3,3,1,0,1,0,3,3,2,3,3,2,3,3,1,0,1,0,1,0,2,2,1,0,1,0,3,3,3,3,3,2,1,0,3,3,1,0,3,2,1,0,1,0,4,2,1,0,1,0,1,0,3,3,1,0,2,3,2,2,3,2,2,2,2,3,4,3,3,2,3,4,3,3,3,3,2,4,3,2,3,2,3,18,1,1,1,2,0,3,4,4,3,3,4,5,3,3,9,9,9,3,4,3,3,3,2,2,3,2,3,4,4,3,1,1,2,4,5,4,3,2,4,4,2,2,2,2,2,2,2,2,2,1,3,3,3,3,2,8,7,8,6,5,4,5,4,5,1,37,2,1,1,1,45,3000,1800,0,511101,이용사 개성 표현 시대,문과
33922,3,5,4,5,3,4,3,4,2,3,5,6,1,0,4,4,4,4,2,2,4,4,3,4,2,3,5,5,4,4,4,5,3,4,5,5,4,4,5,5,4,5,3,4,5,4,3,3,3,4,4,5,3,4,3,4,2,3,1,0,4,3,4,4,3,5,2,2,2,3,2,2,5,4,3,3,3,5,2,4,2,2,2,5,2,2,2,2,4,4,2,4,3,3,4,4,3,3,4,4,3,17,3,4,2,2,0,6,5,4,4,4,3,3,4,4,4,3,5,4,2,4,4,4,4,3,4,4,5,3,4,4,4,5,3,3,4,4,4,2,4,4,2,2,1,1,1,1,2,2,2,2,3,1,1,3,1,6,7,5,6,4,3,6,7,6,1,49,5,1,1,1,48,8500,6000,0,13401,코로나 방문객 관리 환자 관리 업무 관리자 역활 변화,보건의료관리학
33923,4,6,3,4,3,4,3,4,2,2,3,4,1,0,2,2,2,2,1,0,3,4,2,2,3,4,5,4,2,2,3,4,3,4,4,6,2,2,4,6,3,4,4,4,3,4,1,0,1,0,1,0,1,0,1,0,1,0,1,0,4,6,1,0,1,0,1,0,1,0,1,0,2,2,1,0,1,0,1,0,1,0,3,4,4,6,3,4,4,4,3,3,3,3,4,4,3,4,2,4,3,11,1,2,1,2,0,7,5,4,3,3,4,4,3,4,4,5,4,4,2,4,4,4,4,4,2,1,4,1,4,4,4,1,1,1,4,5,3,3,4,4,2,2,2,2,2,2,2,2,2,3,2,2,2,3,1,2,8,4,7,3,7,3,7,4,1,46,4,1,1,1,40,4800,2500,0,12401,투자자산운용사 재무설계사 자산관리사 발달 자동화 지점 점점,경영학
33924,1,0,3,3,1,0,4,4,1,0,1,0,1,0,1,0,3,3,1,0,1,0,2,4,3,3,1,0,5,4,3,3,3,4,1,0,1,0,5,6,3,4,3,3,2,2,1,0,1,0,1,0,1,0,1,0,1,0,1,0,1,0,1,0,1,0,1,0,1,0,1,0,1,0,1,0,1,0,3,3,4,5,3,3,3,3,4,3,2,4,2,3,4,1,1,1,2,1,4,3,3,19,4,2,2,2,0,2,2,3,2,2,2,1,2,2,9,9,9,2,5,1,2,4,5,4,3,4,4,5,2,4,2,3,3,4,4,5,2,2,5,3,2,2,2,2,2,2,2,2,2,1,4,3,2,2,2,9,8,7,3,4,5,7,3,5,2,63,2,1,4,2,30,1400,1000,0,550201,여성 경제활동 증가,인문계
33925,5,7,5,6,5,7,5,6,4,6,5,7,4,6,4,5,4,7,5,6,5,7,5,6,4,5,4,5,3,4,5,6,4,5,4,5,4,6,5,7,4,6,5,7,4,6,5,7,4,5,4,4,4,6,5,6,5,6,4,6,3,4,4,4,3,4,3,5,3,6,3,5,3,5,4,4,4,4,1,0,1,0,1,0,1,0,1,0,3,3,3,4,3,4,3,3,3,3,3,3,3,15,2,5,1,2,0,5,7,3,3,3,4,4,4,3,3,3,3,4,3,3,3,3,2,2,3,3,3,3,5,3,3,3,3,2,3,4,4,3,3,5,2,2,2,2,2,2,2,2,2,2,3,3,3,3,2,2,4,5,4,7,5,3,5,7,1,48,6,1,1,1,40,5200,3000,0,122104,박사학위 상태 유지,양식학
33926,3,3,4,5,1,0,3,4,2,3,3,4,2,2,3,4,4,4,2,2,2,2,2,3,3,5,3,4,3,3,1,0,1,0,1,0,2,3,2,2,2,3,3,4,3,4,1,0,3,4,3,5,3,3,5,6,5,6,3,3,2,2,3,4,3,4,4,5,4,5,4,6,1,0,5,6,4,5,3,5,5,6,4,6,3,5,3,3,3,3,1,3,2,1,3,2,1,3,2,2,3,3,1,5,2,1,4,4,2,4,3,4,4,3,3,4,3,4,5,4,2,3,4,4,3,4,4,3,4,3,3,3,4,5,4,4,5,4,3,4,4,4,2,2,2,2,2,2,2,2,2,1,2,3,3,3,2,6,7,6,6,4,5,6,7,5,1,37,2,1,1,1,40,4200,3000,0,821101,현장실습 공장,인문계
33927,4,5,4,6,3,5,4,5,4,5,4,5,3,5,3,5,4,4,3,5,3,4,3,4,4,5,3,4,3,4,3,5,3,4,2,4,3,5,2,3,4,6,4,4,3,5,1,0,1,0,1,0,3,5,5,7,3,5,1,0,3,4,3,5,3,4,2,3,1,0,3,4,1,0,3,4,2,2,1,0,1,0,1,0,2,2,1,0,4,3,2,2,4,3,2,4,3,4,3,3,3,3,1,4,2,1,2,5,5,3,1,1,3,3,4,2,3,3,4,3,4,3,2,4,3,2,3,2,2,4,3,4,3,3,3,3,3,3,3,3,4,4,1,2,1,2,2,2,1,2,2,1,2,2,3,3,2,3,3,7,3,5,5,5,4,4,1,34,4,1,1,1,42,4200,3000,0,154103,도료이론교육 업무 인원 무량 증가 산업 불황,화학공학
33928,4,5,4,5,4,5,3,5,3,4,3,4,4,5,4,4,3,5,2,5,3,4,4,5,4,5,3,4,3,5,4,5,4,5,3,4,4,5,3,5,4,5,4,6,4,4,3,4,4,6,3,5,4,6,4,6,4,5,4,6,5,6,4,5,4,5,4,5,4,6,4,4,4,4,3,5,4,5,4,5,4,5,3,4,4,5,4,5,4,3,4,4,3,4,4,4,3,3,3,3,3,10,1,5,1,2,0,5,5,4,3,3,3,4,3,4,4,4,4,4,4,4,4,4,4,4,4,4,4,4,3,3,3,4,4,4,4,4,4,3,4,4,2,2,2,2,2,2,2,2,2,2,3,2,2,3,1,7,7,6,7,6,5,5,6,6,1,33,4,1,1,1,40,3600,3000,0,131202,전자응용기술사 산업기사 변화,전기공학
33929,2,3,3,4,4,5,2,3,1,0,2,4,1,0,3,4,2,2,1,0,1,0,3,4,3,3,2,2,3,4,2,3,2,3,1,0,1,0,2,3,2,2,1,0,1,0,1,0,1,0,1,0,1,0,1,0,2,3,1,0,2,1,1,0,1,0,1,0,1,0,1,0,1,0,1,0,1,0,3,3,1,0,2,3,3,3,2,3,4,3,4,3,4,3,3,3,2,2,4,4,3,15,2,2,1,1,2,2,4,3,3,4,4,3,3,4,9,3,4,4,3,5,3,3,4,3,3,5,5,5,3,3,3,3,2,3,4,3,3,2,3,3,2,2,2,2,2,2,2,2,2,2,4,3,2,2,2,8,8,5,4,4,5,7,4,6,2,27,4,1,1,1,40,2500,2400,0,231401,직업상담사1급 직업상담사훈련 구직 취준생들 직업 상담 증가,아동청소년복지
33930,5,7,5,7,5,7,5,6,2,3,5,6,4,4,4,4,4,5,2,3,4,4,5,6,3,3,3,3,3,3,2,2,2,2,2,4,5,6,2,3,5,4,2,3,3,4,2,3,1,0,1,0,1,0,1,0,1,0,1,0,2,3,1,0,1,0,1,0,1,0,1,0,1,0,1,0,1,0,1,0,1,0,1,0,2,2,2,2,4,3,1,2,3,3,2,4,2,4,4,3,4,16,5,5,1,2,0,6,7,4,3,3,4,4,4,2,2,3,4,3,2,4,4,4,3,4,4,3,3,3,2,5,5,4,4,4,4,4,3,3,4,4,2,2,2,2,2,2,2,2,2,1,3,2,2,2,1,3,3,3,3,3,4,3,5,5,1,40,6,1,2,2,18,2500,2500,0,211201,박사학위 인문학 분야 당분간 기술 요인 일자리 변화,법학
33931,3,5,4,5,2,5,4,5,4,5,3,5,4,5,4,5,4,5,3,4,3,4,3,4,3,4,3,4,3,4,4,6,4,5,4,5,4,5,5,6,4,5,2,4,4,5,1,0,2,3,3,5,1,0,1,0,1,0,1,0,3,4,3,3,2,3,2,3,2,3,2,3,3,4,3,4,3,5,4,5,4,6,3,4,3,4,3,4,3,4,3,4,3,2,4,3,2,4,4,4,4,15,2,4,2,1,2,3,4,4,4,3,4,4,2,4,3,3,3,3,2,4,4,3,3,2,4,2,3,3,4,3,3,3,4,4,4,4,3,2,4,3,2,2,2,2,2,2,2,2,2,2,3,3,3,3,2,7,8,7,6,5,5,6,5,4,1,45,3,1,1,1,40,3200,1800,0,240301,사격훈련 기계 대신,물리학
33932,4,6,4,5,1,0,5,6,1,0,4,5,5,7,4,5,3,3,4,5,4,5,3,5,3,5,3,4,1,0,1,0,1,0,1,0,3,4,1,0,2,2,2,2,2,2,2,2,1,0,1,0,1,0,1,0,2,1,2,1,3,3,1,0,2,3,1,0,1,0,1,0,1,0,4,6,3,4,3,4,1,0,1,0,4,6,5,7,3,3,4,1,1,2,3,5,4,3,3,5,5,18,4,1,2,2,0,6,5,4,2,1,5,5,3,1,9,9,9,2,1,5,5,4,4,5,4,5,4,4,2,5,5,4,4,4,5,4,5,4,4,3,2,2,2,2,2,2,2,2,2,1,4,2,2,2,1,1,2,3,2,1,2,8,9,8,1,50,6,2,6,1,30,0,0,5000,414502,컴퓨트 음악 실용음악 대세,작곡
33933,2,1,2,3,2,1,2,3,1,0,2,4,1,0,4,4,3,4,4,5,1,0,1,0,3,3,1,0,2,3,2,3,1,0,1,0,1,0,2,3,2,3,1,0,3,4,1,0,1,0,1,0,1,0,1,0,1,0,1,0,1,0,1,0,1,0,1,0,1,0,1,0,1,0,1,0,2,3,2,3,3,5,2,3,2,3,2,3,3,2,3,2,2,1,1,1,2,2,2,3,2,7,3,2,2,2,0,7,1,3,3,2,5,3,2,2,1,3,3,3,2,4,3,4,4,3,2,3,4,4,3,5,3,2,4,4,3,5,3,3,5,4,2,2,2,2,2,2,2,2,2,2,2,3,3,3,2,8,8,8,6,7,8,4,4,5,1,65,1,1,1,1,52,2200,1900,0,562301,무인 정산 자동 주차 정산 시스템 생기,0
33934,1,0,2,2,1,0,2,1,3,2,1,0,1,0,2,2,4,3,3,2,4,3,2,2,4,3,3,2,3,3,3,3,3,3,3,3,1,0,2,2,2,2,3,3,3,4,2,2,3,3,4,3,4,3,4,4,4,4,4,3,2,3,3,4,3,3,3,3,3,3,2,3,2,2,5,5,3,3,3,3,3,3,3,3,3,4,3,3,4,2,3,4,4,2,2,2,3,2,2,2,3,3,1,2,1,1,1,5,2,4,4,4,4,4,4,4,3,4,4,4,2,4,4,4,4,4,4,4,4,3,3,4,3,4,4,4,4,4,4,4,4,4,2,2,2,2,2,2,2,2,2,3,2,2,2,2,2,5,5,6,4,5,6,5,4,4,1,56,2,1,1,1,42,3900,3100,0,822101,판금기능사 기계조작 실무 기계공 정의 자동화 일자리 감소,기계
33935,3,3,3,5,3,3,3,3,3,3,3,5,3,4,4,5,4,5,1,0,3,4,3,3,2,3,2,2,2,3,3,3,3,4,3,3,3,4,2,3,3,3,2,2,2,2,3,4,3,5,1,0,2,3,2,2,2,3,2,2,1,0,3,3,1,0,2,3,3,3,2,3,2,2,1,0,2,2,2,3,4,5,4,5,2,3,2,1,3,3,3,4,4,2,4,3,3,3,2,3,4,1,4,1,2,1,2,5,1,4,4,4,4,4,3,4,9,9,9,4,2,4,4,3,2,3,4,4,4,3,2,4,4,3,3,3,3,4,4,4,4,4,2,2,2,2,2,2,2,2,2,2,2,3,3,3,2,8,7,6,4,4,5,4,5,5,1,68,1,2,6,1,52,0,0,6400,901101,작물 재배법 기계화 일자리 감소,0
33936,2,2,1,0,1,0,1,0,2,2,3,3,1,0,3,2,1,0,2,2,3,3,1,0,3,3,1,0,4,3,2,2,3,3,1,0,1,0,2,3,3,3,4,4,2,2,1,0,1,0,1,0,1,0,1,0,1,0,2,2,1,0,1,0,3,3,2,2,4,4,2,2,1,0,1,0,1,0,2,2,2,2,4,4,3,4,3,3,4,4,3,3,2,3,3,4,4,3,3,3,3,8,1,2,2,1,1,3,2,4,4,3,4,4,3,4,4,3,3,3,3,3,3,4,4,3,3,4,5,4,4,3,2,3,3,4,4,3,3,3,3,4,2,2,2,2,2,2,2,2,2,3,4,2,2,2,2,6,7,4,4,5,5,5,5,5,1,45,2,1,1,1,40,3600,3000,0,624301,기초안전교육 해양 레저 사업 증가,인문계
33937,4,6,4,6,4,6,4,6,5,4,5,7,4,4,4,5,4,6,4,6,5,6,4,6,4,6,4,6,4,6,4,5,3,4,4,6,4,6,4,6,5,6,5,6,4,6,5,3,4,3,4,4,4,3,2,3,1,0,1,0,5,6,4,6,4,2,1,0,1,0,1,0,5,6,3,4,3,4,3,4,3,3,3,3,4,6,4,6,5,3,4,4,4,4,4,3,3,4,4,3,4,15,2,2,1,1,3,3,5,5,4,4,4,4,2,4,4,3,4,4,2,4,4,4,4,5,4,4,4,3,3,4,4,5,4,4,5,4,4,4,4,5,2,2,2,2,1,2,2,2,2,1,5,3,3,3,2,2,2,2,2,3,2,8,2,2,2,38,4,1,1,1,45,4000,2500,0,26401,국제공인내부감사사 회계사 업무관련교육 회계 감사 기준 변경 작업 환경 제반 산업 현장 감사 인력 증가,회계학
33938,3,3,2,2,2,2,2,2,2,3,2,1,3,2,3,3,2,1,3,3,2,1,3,3,2,3,3,3,1,0,3,2,1,0,1,0,2,2,4,4,1,0,2,2,3,3,3,4,2,1,1,0,2,2,1,0,2,1,1,0,3,1,2,1,3,3,1,0,1,0,2,3,1,0,3,3,2,2,1,0,2,2,2,2,3,3,3,3,3,3,2,4,4,3,3,2,2,1,3,3,2,15,2,6,1,1,2,2,2,2,2,2,4,4,3,3,4,4,3,3,2,3,3,3,2,4,4,3,3,3,4,2,3,4,4,3,4,4,3,3,3,4,2,2,2,2,2,2,2,2,2,2,2,2,2,2,2,8,8,8,5,5,5,7,7,5,1,35,4,1,1,1,52,4800,3000,0,621301,철도차량운전면허 직무교육 자동화 시스템 발전,철도차량시스템학
33939,2,2,3,3,2,2,3,3,2,2,3,4,3,3,3,4,2,2,3,3,3,4,2,2,3,4,2,2,3,4,3,3,3,4,2,3,2,2,3,4,2,3,3,4,2,3,2,2,3,3,2,3,3,4,3,4,2,3,3,4,3,3,3,4,2,2,3,4,2,3,3,4,3,4,2,3,3,4,3,3,3,3,3,4,2,2,3,4,3,2,2,3,3,3,2,2,2,3,3,2,2,3,1,1,1,2,0,1,1,4,4,3,4,4,3,4,9,4,4,4,4,3,3,3,4,4,3,4,4,3,4,4,4,3,4,4,4,5,4,4,4,3,2,2,2,2,2,2,2,2,2,2,2,2,2,2,2,3,4,5,6,7,6,6,6,5,2,49,4,1,1,1,40,3300,2100,0,863101,한복기능사 착용 일상생활 입지 때문,의상디자인학
33940,5,6,5,7,5,7,4,6,4,6,4,6,4,6,5,7,5,7,4,6,4,6,4,6,4,6,4,5,3,5,3,4,3,5,4,5,3,4,4,5,3,5,4,6,4,6,2,3,3,5,3,4,1,0,1,0,1,0,1,0,2,2,2,2,1,0,1,0,1,0,1,0,2,2,1,0,3,3,1,0,1,0,1,0,2,3,2,3,5,5,4,4,4,3,4,4,4,4,5,4,4,15,2,4,2,1,3,3,5,4,4,4,5,4,3,5,4,4,5,4,2,3,3,4,5,4,4,3,4,4,3,4,5,3,4,4,4,3,4,4,4,3,2,2,2,2,2,2,2,2,2,2,3,3,3,3,1,4,2,2,1,3,4,4,2,2,2,29,4,1,1,1,50,6800,6800,0,221102,사법연수원 인원 변동 공무원,법학
33941,2,2,2,3,2,2,2,3,1,0,1,0,1,0,3,5,2,4,1,0,1,0,2,4,2,4,1,0,1,0,1,0,1,0,1,0,2,3,1,0,3,2,1,0,2,3,1,0,1,0,1,0,1,0,1,0,1,0,3,5,1,0,4,5,3,4,1,0,2,3,2,3,1,0,3,2,3,4,4,4,2,3,2,4,3,4,2,2,4,3,2,3,3,2,2,2,2,1,2,3,4,3,1,4,2,2,0,7,2,3,2,2,3,3,2,3,3,4,4,4,4,2,2,4,3,2,3,1,3,2,4,4,2,1,2,2,4,3,1,2,4,4,2,2,2,2,2,2,2,2,2,2,2,3,3,3,2,8,7,6,3,4,3,7,7,6,2,49,2,1,1,1,40,2600,2200,0,852301,물류 비용 증가 해외 공장 이전,상고
33942,3,2,2,3,2,1,5,4,4,4,3,2,2,1,2,1,5,4,5,5,2,1,5,6,5,4,4,4,5,3,5,3,2,3,2,3,5,5,3,3,4,3,3,3,5,4,1,0,1,0,1,0,1,0,1,0,2,2,1,0,1,0,1,0,1,0,1,0,1,0,1,0,2,1,1,0,1,0,4,3,2,1,2,2,4,4,3,3,3,4,5,2,2,2,2,2,3,3,5,1,4,16,5,2,2,1,3,3,4,5,4,4,4,4,4,4,9,9,5,5,2,5,5,4,4,4,3,2,4,3,4,4,4,5,4,4,4,4,4,4,4,4,2,2,2,2,2,2,2,2,2,2,2,2,2,2,1,8,9,6,5,4,5,7,6,5,2,45,4,1,3,2,40,3400,2400,0,214501,학습지 관련 훈련 저출산 학생 감소,영어영문학
33943,3,4,2,3,3,4,2,3,4,5,2,3,1,0,4,5,3,4,1,0,1,0,2,3,2,3,2,3,2,3,2,3,3,4,3,4,2,3,2,4,2,3,2,3,2,2,1,0,1,0,1,0,1,0,1,0,1,0,1,0,3,4,1,0,1,0,1,0,1,0,1,0,1,0,1,0,1,0,1,0,1,0,1,0,1,0,1,0,3,4,3,4,3,3,4,4,3,4,4,3,3,11,1,6,2,2,0,7,4,3,3,3,4,4,4,4,4,3,3,4,3,4,4,4,3,3,3,4,3,3,2,3,4,4,3,4,3,4,4,3,3,4,2,2,2,2,2,2,2,2,2,3,2,2,2,3,1,4,5,4,4,5,5,3,5,5,1,42,4,1,1,1,43,5429,3500,0,32302,자동화 시스템,경영학
33944,3,3,2,5,2,2,4,5,2,2,3,3,2,4,2,2,4,4,2,2,2,2,3,3,3,3,1,0,1,0,1,0,1,0,1,0,2,2,2,2,4,5,3,3,4,5,2,2,4,5,1,0,2,2,4,5,4,5,2,2,2,2,5,5,4,2,4,5,4,5,4,5,2,2,4,5,4,5,4,5,4,5,4,5,3,6,4,4,3,3,3,3,2,2,2,4,3,3,2,3,5,3,4,1,2,2,0,6,1,3,3,3,4,4,2,3,9,9,9,3,3,4,5,4,3,3,5,3,3,3,3,3,3,3,4,4,5,5,5,3,4,5,2,2,2,2,2,2,2,2,2,2,1,3,3,3,2,6,7,5,3,7,6,2,2,6,1,57,2,2,6,1,48,0,0,3400,864101,제품 제품 사람 자꾸,공고
33945,4,5,4,5,2,2,4,5,4,5,4,4,4,4,4,4,4,4,4,4,4,4,4,5,4,5,4,5,4,4,4,4,4,5,4,5,4,4,4,4,4,4,4,5,4,5,4,4,4,4,4,5,4,4,4,4,4,4,4,5,4,5,4,5,4,4,4,5,4,5,4,5,4,4,4,4,4,4,4,5,4,4,4,4,4,4,4,4,3,4,4,3,4,2,2,4,2,3,3,4,4,6,1,6,1,2,0,6,2,2,2,1,4,4,3,3,4,4,4,4,3,4,4,4,4,3,3,4,4,4,4,4,4,3,3,4,3,3,4,4,4,3,1,1,1,1,1,1,1,1,1,2,3,2,2,2,1,6,7,7,7,6,6,4,3,4,1,48,4,1,3,2,40,4300,2300,0,140306,토목산업기사 구조조정 지금 상황 변동,토목공학
33946,2,3,2,3,2,3,2,2,2,3,2,3,3,4,3,3,3,3,4,6,4,5,3,4,4,5,3,4,3,4,4,5,4,5,4,5,4,4,4,5,4,5,3,4,3,4,1,0,3,4,4,5,3,4,4,5,3,4,4,5,2,3,2,3,5,6,4,5,4,5,4,5,4,5,4,5,4,5,5,6,4,5,4,5,4,5,4,4,3,4,2,3,3,2,4,4,3,3,3,4,2,8,2,5,1,1,2,7,5,4,3,3,4,4,4,4,3,3,3,3,4,3,3,3,3,4,3,2,3,3,3,3,4,4,3,2,3,4,4,3,3,4,2,2,2,2,2,2,2,2,2,2,1,2,2,3,2,7,6,6,4,4,3,6,4,4,1,35,4,1,1,1,40,5600,3800,0,621901,철도신호기술사 철도 신호체계 교육 신호방법 체계 자동화 시스템 도입,"철도,전기"
33947,2,2,3,3,1,0,4,5,1,0,3,4,3,4,3,4,3,4,4,4,3,4,2,3,3,3,3,4,3,3,3,4,3,4,3,4,3,4,5,6,4,6,4,5,5,6,3,4,4,6,4,5,1,0,3,4,2,3,2,2,3,4,3,4,3,4,3,4,3,4,3,4,3,4,2,3,3,4,4,5,3,4,2,3,4,5,3,4,4,3,3,4,4,3,4,3,4,4,4,3,3,7,1,1,2,2,0,7,2,4,3,3,3,4,3,3,3,3,3,3,2,4,4,2,3,4,4,4,3,3,3,4,3,3,4,4,3,3,4,3,3,3,2,2,2,2,2,2,2,2,2,1,2,2,2,3,1,8,8,7,3,3,3,8,3,4,2,42,3,1,1,1,48,2800,2200,0,614001,인터넷 구매 현장 구매 감소,전산
33948,5,7,5,7,5,6,5,7,4,5,4,5,4,5,4,5,4,5,4,5,4,5,4,5,4,6,4,5,4,5,4,5,4,6,4,5,4,6,4,5,4,5,4,6,4,6,4,4,3,4,3,3,3,4,3,3,2,3,3,3,3,4,2,3,3,3,1,0,1,0,1,0,4,4,3,3,2,3,3,3,2,3,2,3,4,5,4,5,4,4,3,4,4,4,5,3,4,4,4,4,3,16,5,2,1,2,0,6,6,3,3,3,4,4,4,4,3,3,3,4,2,3,3,4,4,3,3,2,4,4,4,4,3,4,4,4,3,5,4,4,4,4,2,2,2,2,2,2,2,2,2,1,3,3,3,3,2,4,3,3,5,5,5,5,5,5,1,58,6,1,1,1,50,7000,4000,0,110105,심리학 석사 학위 이상 현대인 스트레스 증가 관심 분야,심리학
33949,4,6,5,4,4,6,5,6,4,6,5,6,5,7,5,6,5,6,2,3,5,6,3,4,3,4,5,6,5,5,5,6,5,6,5,6,3,4,4,5,4,5,5,6,2,3,3,5,5,6,4,5,5,6,5,6,5,6,1,0,5,6,5,6,2,3,4,4,1,0,1,0,4,5,5,7,4,5,2,3,2,2,1,0,3,4,2,2,5,5,5,5,5,2,5,5,4,5,5,2,5,3,1,4,1,2,0,6,5,5,5,5,5,5,3,5,4,5,5,4,4,4,4,4,3,4,5,4,3,4,4,4,5,5,4,5,5,4,5,4,5,5,2,2,2,2,2,2,2,2,2,1,3,2,2,3,2,6,5,4,6,5,5,8,5,3,2,38,4,1,1,1,40,4000,2300,0,415201,패션디자인 산업기사 의류기사2급 양장 기능사1급 미래 전망 직업,섬유디자인
33950,2,4,2,5,1,0,3,5,1,0,1,0,1,0,2,4,4,4,3,4,1,0,2,5,4,4,3,4,2,3,3,5,3,4,1,0,2,3,2,3,2,2,3,5,3,4,2,3,3,3,1,0,1,0,1,0,2,3,1,0,1,0,1,0,1,0,2,3,1,0,1,0,1,0,3,3,1,0,3,4,2,3,3,3,2,4,5,5,4,3,4,1,4,2,1,5,3,2,4,4,3,18,1,2,2,1,4,4,2,4,2,2,4,4,4,2,9,9,4,2,2,4,4,4,5,4,4,4,5,4,4,4,5,4,5,4,5,4,4,3,3,4,2,2,2,2,2,2,2,2,2,1,3,2,2,2,1,8,8,9,8,8,2,2,2,1,1,29,4,1,1,1,40,2800,1800,0,414601,가수의 길을 걷기 위한 과정이 6개월이상 교육이 필요하다 일자리 감소 경쟁자,실용음악
33951,4,6,4,5,3,4,3,5,5,6,4,5,4,5,3,5,4,4,4,5,5,6,4,6,4,5,4,5,4,4,4,5,4,7,4,5,4,6,4,5,4,6,4,5,5,5,5,6,4,5,3,5,5,5,4,6,5,6,4,6,4,5,4,4,4,5,4,6,4,6,5,5,4,6,4,5,4,5,4,6,4,5,4,6,4,4,4,5,4,5,4,3,4,3,4,4,5,4,4,4,3,3,1,2,2,2,0,5,2,4,3,4,3,4,4,4,4,5,5,4,4,3,4,4,3,3,4,3,3,4,4,4,3,3,3,4,4,4,4,3,4,3,2,2,2,2,2,2,2,2,2,2,2,3,3,3,2,7,6,2,3,3,4,7,5,4,1,43,4,1,1,1,43,3200,2700,0,612101,자동차 판매 부진,경영학
33952,4,5,3,4,3,3,2,2,3,4,3,3,3,3,3,3,4,4,3,3,3,3,3,3,4,5,1,0,3,3,4,4,2,3,1,0,3,3,3,3,3,3,4,4,3,3,1,0,2,2,2,2,4,5,3,3,4,4,5,5,1,0,4,3,2,2,4,5,5,6,5,6,3,2,3,3,4,5,4,4,4,4,4,5,4,5,4,5,3,2,3,2,3,4,3,2,3,2,2,2,3,4,1,2,1,1,2,2,3,4,3,3,3,4,3,2,3,3,4,3,3,3,2,4,4,5,4,3,3,4,2,4,3,4,3,4,5,4,4,5,4,4,2,2,2,2,2,2,2,2,2,2,1,2,2,3,1,7,8,6,7,6,8,7,8,9,1,31,3,1,1,1,42,3400,3000,0,153106,전기기사 업무관련 교육 전기안전교육 자동화 시스템,전기
33953,4,5,4,5,2,3,4,5,1,0,2,2,5,6,2,3,5,5,3,4,3,4,1,0,3,4,2,3,1,0,3,4,1,0,1,0,1,0,1,0,1,0,1,0,1,0,1,0,1,0,1,0,1,0,1,0,1,0,1,0,1,0,1,0,1,0,1,0,1,0,1,0,1,0,1,0,1,0,3,4,2,3,3,4,3,4,3,3,4,3,3,2,4,3,3,4,3,4,3,3,4,18,4,2,2,2,0,7,2,4,3,3,4,3,3,2,2,2,3,2,3,3,3,3,3,2,2,4,2,5,2,5,3,3,5,4,3,5,3,3,5,4,2,2,2,2,2,2,2,2,2,1,3,2,2,2,2,7,5,8,2,8,6,8,7,5,2,27,4,1,4,2,30,1800,1200,0,416203,무대 한정 사람,연극영화
33954,1,0,1,0,1,0,1,0,3,4,1,0,1,0,1,0,1,0,1,0,1,0,1,0,1,0,3,4,3,4,1,0,1,0,1,0,1,0,3,4,2,2,1,0,1,0,1,0,1,0,1,0,1,0,1,0,1,0,1,0,1,0,1,0,1,0,1,0,1,0,1,0,1,0,1,0,1,0,1,0,1,0,1,0,1,0,1,0,3,3,2,4,4,4,3,3,2,2,3,3,2,17,1,2,2,2,0,7,1,2,3,2,3,2,2,3,3,3,2,3,2,3,3,2,3,3,2,4,3,3,3,3,3,3,3,2,3,3,3,3,3,3,2,2,2,2,2,2,2,2,2,2,3,3,3,3,2,6,6,7,5,4,5,5,4,4,1,43,2,1,1,1,40,2800,2000,0,562301,자동화 증가 주차 관리원 일자리 안정,문과
33955,3,3,4,5,1,0,2,2,2,2,2,3,1,0,3,3,2,3,3,3,1,0,1,0,2,3,3,3,2,3,1,0,1,0,1,0,1,0,2,2,1,0,1,0,2,2,1,0,1,0,1,0,3,4,3,3,3,3,2,2,2,4,1,0,2,3,1,0,1,0,2,3,2,2,1,0,1,0,3,5,4,4,4,4,3,3,2,3,4,3,3,3,3,2,3,3,2,3,4,3,3,13,1,6,2,2,0,2,4,4,3,4,4,3,4,2,3,4,3,4,2,3,3,3,4,3,4,2,4,2,2,4,5,4,4,5,4,3,4,4,4,3,2,2,2,2,2,2,2,2,2,2,4,3,3,3,1,7,6,6,4,5,4,4,6,5,1,41,3,1,1,1,40,3500,2700,0,541301,국민소득 증가 서비스 안전 대한 요구,경호학
33956,1,0,2,3,1,0,2,2,1,0,1,0,1,0,1,0,1,0,1,0,1,0,1,0,4,4,4,4,4,4,3,4,2,3,1,0,1,0,5,6,1,0,4,5,4,4,4,5,4,4,3,4,1,0,1,0,1,0,1,0,1,0,1,0,1,0,1,0,1,0,1,0,1,0,2,2,4,5,3,5,3,4,3,4,3,4,2,3,4,4,5,3,4,2,4,4,3,3,4,4,5,9,1,1,1,2,0,1,2,3,3,2,4,3,2,4,9,9,9,4,3,4,4,3,4,3,4,2,4,2,5,4,3,3,3,4,3,5,4,4,5,4,2,2,2,2,2,2,2,2,2,2,2,2,2,2,1,9,9,9,1,1,9,9,1,1,1,75,2,2,5,1,50,0,0,6000,531201,한식조리기능사 자원 감소,조리
33957,2,2,2,4,1,0,3,2,2,3,4,2,3,2,4,4,5,3,4,3,2,1,3,1,4,2,5,1,4,2,3,3,4,1,2,1,2,3,4,1,4,1,4,2,5,1,4,3,4,2,4,2,4,3,4,2,5,2,4,1,2,1,4,1,3,2,4,2,5,3,4,3,3,2,4,1,4,1,2,2,5,1,4,1,2,2,3,1,2,4,3,2,3,4,3,1,2,3,2,3,2,3,1,2,2,2,0,1,2,4,2,3,3,5,4,3,4,2,3,4,4,3,3,2,4,3,4,3,4,3,4,5,4,4,5,3,4,3,5,4,4,4,2,2,2,2,2,2,2,2,2,2,3,3,2,2,2,7,6,7,5,7,6,6,4,4,1,54,2,1,1,1,45,2700,2500,0,873201,식품 분야 품질 한정,인문
33958,3,5,4,6,4,6,4,5,4,6,4,6,4,6,4,5,4,5,4,6,4,5,4,6,4,5,4,6,4,6,4,6,4,5,4,5,4,5,3,5,4,4,4,5,4,5,4,5,4,5,4,5,4,5,4,5,4,5,4,5,4,5,4,5,4,5,4,5,4,5,4,5,3,5,4,5,4,5,4,5,4,6,4,6,4,5,4,5,4,4,4,3,4,4,4,4,4,4,3,4,4,3,4,1,1,2,0,2,2,3,3,3,3,3,3,3,4,3,3,3,2,3,4,4,3,4,3,4,4,3,3,4,3,3,3,3,3,4,4,3,3,3,2,2,2,2,2,2,2,2,2,2,3,2,2,2,1,8,7,6,7,7,7,7,7,6,2,29,2,2,6,1,40,0,0,4200,415202,가죽공예자격증 작업 일이,이과
33959,3,5,3,5,2,4,3,5,2,5,3,5,3,4,4,4,2,5,3,3,1,0,2,5,2,4,1,0,2,4,2,3,3,5,2,5,2,3,3,6,3,6,3,5,2,5,3,5,2,5,1,0,2,5,3,3,2,4,2,5,1,0,1,0,2,5,2,4,1,0,2,5,2,3,1,0,2,4,2,4,1,0,2,5,2,4,1,0,3,5,4,3,4,4,3,4,3,4,4,3,4,6,1,5,1,1,2,3,5,4,3,4,4,4,3,4,3,5,5,4,4,4,3,4,3,3,4,5,4,4,4,4,3,4,5,4,3,4,4,3,3,4,2,2,2,2,2,2,2,2,2,2,3,2,2,2,1,6,5,8,7,6,8,5,8,7,1,56,4,2,5,1,40,0,0,7500,140306,건축시공기술사 분기별 워크샵 토목 업등 일자리,토목
33960,4,5,4,6,4,6,4,6,4,6,4,6,4,6,4,6,4,5,4,6,4,6,4,6,4,6,4,5,4,6,4,6,4,6,4,6,4,6,4,5,4,5,4,6,4,6,4,6,4,5,4,6,4,6,4,6,4,6,4,6,4,6,4,6,4,5,3,4,3,4,3,4,3,4,3,4,3,3,3,4,3,4,3,4,3,4,3,5,3,3,3,2,4,3,4,3,3,3,3,3,4,15,2,5,2,2,0,4,6,3,3,3,4,4,4,3,3,3,3,3,3,3,3,3,3,3,3,2,3,3,5,3,3,3,3,3,3,4,3,2,4,5,2,2,2,2,2,2,2,2,2,2,3,3,3,3,2,7,5,7,6,3,2,4,5,5,1,51,6,1,1,1,48,11000,6000,0,110202,기업체 경영 필요 증가,경제학
33961,5,7,5,6,5,6,5,6,5,6,5,7,3,5,4,7,4,5,3,5,3,5,5,5,4,5,3,4,4,5,3,5,5,5,3,5,4,5,5,5,4,5,5,5,4,5,2,3,2,3,4,4,2,4,2,3,2,3,2,3,5,5,3,4,2,3,3,4,3,4,2,3,3,3,2,3,2,3,2,3,2,3,2,3,3,3,2,3,4,4,3,3,4,4,5,2,4,4,4,5,5,13,1,1,1,1,4,6,5,5,5,5,5,5,5,4,3,3,4,4,2,5,5,5,5,5,4,2,4,2,4,4,4,4,3,3,4,5,4,3,4,3,1,1,1,2,2,1,2,2,2,3,1,3,3,2,2,1,1,1,2,2,2,9,7,5,1,69,4,2,5,1,40,0,0,5000,23201,세무사 공인회계사 변호사 회계학 세법 상법 민법 법률 교육 작업 처리 방법 진화 인공 지능 개발 업무 처리 기계화,경영학
33962,2,3,4,5,2,2,4,5,3,4,3,4,4,5,3,4,3,4,2,3,3,4,1,0,2,3,2,3,3,4,3,4,3,4,2,3,2,2,4,6,4,5,2,3,2,3,3,4,3,4,2,4,3,4,2,3,3,4,3,4,2,3,4,5,4,5,3,4,3,4,4,5,3,4,3,4,4,5,3,4,3,4,3,4,3,4,2,4,3,3,3,4,4,3,3,3,3,4,3,3,3,9,1,3,1,1,4,3,3,3,3,4,3,4,4,4,5,4,4,4,3,3,3,4,4,4,3,4,4,4,4,4,3,4,4,4,4,4,3,4,4,4,2,2,2,2,2,2,2,2,2,1,3,3,3,3,2,7,6,5,6,6,6,5,5,5,1,56,2,1,3,1,10,4700,2800,0,531101,조리사 자격증 음식 조리 과정 변화,이과
33963,3,4,4,4,1,0,3,4,5,6,4,5,2,3,3,4,3,5,4,6,2,3,2,3,3,4,2,3,1,0,2,2,2,2,2,3,1,0,1,0,3,4,4,5,3,4,2,2,1,0,1,0,4,5,3,4,3,5,3,4,2,3,3,4,3,5,4,5,3,5,3,4,3,4,4,5,3,4,3,4,3,4,2,2,3,3,1,0,3,4,2,3,5,2,4,3,3,3,4,3,4,6,1,2,1,2,0,1,4,4,3,3,4,4,4,4,4,3,4,4,3,3,4,4,4,4,3,2,4,2,2,4,4,4,4,4,3,5,4,3,4,4,2,2,2,2,2,2,2,2,2,2,2,2,2,3,1,6,5,5,4,4,4,4,5,4,1,44,5,1,1,1,40,5000,3800,0,140204,건설안전산업기사 건설기계산업기사 위축 투자 감소 영향,건축공학
33964,4,5,3,4,4,4,3,4,4,4,3,4,3,4,4,4,3,5,3,3,1,0,3,4,4,3,3,4,5,4,4,5,4,5,4,4,4,5,3,4,4,4,3,4,3,4,4,5,3,5,3,4,3,4,3,4,3,3,2,5,3,5,3,3,3,4,5,5,3,5,3,5,3,4,3,5,4,5,3,4,2,3,3,4,3,5,3,4,3,4,4,3,4,3,4,4,4,4,3,3,4,3,1,4,2,1,3,5,5,3,4,4,4,4,4,4,3,4,3,3,3,3,3,5,5,4,4,3,3,3,3,4,4,4,4,3,3,5,4,3,4,4,2,2,2,2,2,2,2,2,2,1,4,2,2,2,1,3,4,4,3,2,4,5,4,6,1,41,4,1,1,1,40,4500,3000,0,26102,실무교육 기업 홍보 광고 기업 이미지 역활,경제학
33965,1,0,1,0,1,0,2,4,1,0,1,0,2,4,1,0,1,0,2,4,1,0,1,0,1,0,1,0,1,0,2,4,2,4,1,0,1,0,2,4,1,0,1,0,1,0,1,0,1,0,1,0,1,0,1,0,1,0,1,0,1,0,2,3,1,0,2,4,1,0,1,0,2,4,1,0,2,4,2,4,4,5,4,5,3,5,2,4,4,4,3,3,4,3,3,3,3,4,3,4,4,19,1,2,2,2,0,4,2,3,3,3,3,4,4,3,3,3,3,3,4,3,3,4,4,3,2,2,3,4,4,5,3,5,3,4,4,4,4,4,5,4,2,2,2,2,2,2,2,2,2,2,4,2,2,2,1,6,6,6,5,6,5,5,4,4,2,25,3,1,3,2,40,2000,2000,0,617101,기업 경쟁 홍보 마케팅 중요성 증가,관광경영학
33966,4,4,4,3,3,3,3,3,1,0,2,3,1,0,3,4,2,2,4,4,2,4,3,4,2,4,3,4,3,3,2,3,1,0,1,0,2,2,3,4,4,4,2,2,1,0,1,0,3,2,1,0,1,0,1,0,2,2,1,0,2,3,1,0,1,0,1,0,1,0,1,0,1,0,1,0,1,0,1,0,1,0,2,3,2,3,3,3,4,5,3,4,4,2,3,3,3,2,4,3,4,17,1,1,1,2,0,6,4,4,4,4,4,4,3,4,4,3,4,4,3,4,3,4,4,3,4,4,3,4,4,4,4,3,4,4,3,4,4,4,4,3,2,2,2,2,2,2,2,2,2,2,4,3,2,2,2,5,4,4,3,6,5,5,6,3,2,31,3,1,1,1,40,2500,2000,0,511502,동물간호복지사 애견미용사 고령 인구 증가 반려동물 수요 증가,애완동물학
33967,3,5,3,5,2,4,2,4,4,5,4,4,2,3,2,3,2,4,3,4,3,4,3,5,4,5,3,4,1,0,1,0,1,0,2,3,2,3,1,0,3,5,3,5,4,5,1,0,2,4,1,0,3,5,3,5,3,6,3,6,5,5,3,5,2,4,2,4,4,5,2,4,4,5,1,0,1,0,1,0,1,0,1,0,4,5,2,3,4,5,3,3,4,4,4,4,5,5,4,5,4,10,1,3,1,2,0,5,4,4,4,4,4,4,4,3,4,4,4,4,4,3,3,4,3,3,2,1,3,4,4,4,3,3,2,1,3,3,3,2,4,4,2,1,2,2,1,1,2,2,2,2,4,3,3,3,1,3,3,4,5,6,5,6,5,6,1,36,5,1,1,1,48,4800,3500,0,13701,정보통신기술사 전산회계 정보 컨설팅 시스템 구축 사물인터넷 증가,정보통신공학
33968,5,3,5,5,5,2,5,2,5,3,5,3,5,4,5,2,5,4,5,5,5,2,5,3,5,2,5,3,5,3,5,3,5,3,5,3,5,2,5,2,5,3,5,3,5,2,5,2,5,2,5,3,5,4,5,5,5,2,5,2,5,3,5,3,5,2,5,2,5,2,5,3,5,3,5,3,5,2,5,3,5,6,5,5,5,6,5,4,4,3,4,3,3,3,3,2,2,3,3,4,4,18,1,2,2,2,0,6,5,4,2,2,4,3,3,3,3,3,4,3,3,3,3,4,5,4,5,1,4,2,3,5,3,5,3,4,5,5,4,4,5,4,2,2,2,2,1,2,1,2,2,1,3,2,2,3,2,9,1,3,5,2,5,7,3,5,1,58,4,2,5,1,60,0,0,9000,416701,경제 어려움 근로자 축소 이전 일자 작업 환경 변화,전기학과
33969,2,2,3,4,1,0,3,4,2,2,1,0,1,0,2,2,3,4,1,0,1,0,1,0,3,4,1,0,3,4,3,3,1,0,3,4,1,0,4,5,4,5,4,5,2,2,3,4,3,4,1,0,2,2,1,0,1,0,1,0,1,0,2,2,1,0,2,2,2,3,2,2,1,0,3,4,4,5,3,4,2,3,4,5,3,3,2,2,4,3,5,2,3,5,4,5,3,2,3,2,4,9,4,1,1,2,0,3,2,4,4,3,4,3,3,2,9,9,9,2,3,4,2,3,4,4,3,3,4,3,4,5,4,3,4,3,4,5,4,3,4,4,2,2,2,2,2,2,2,2,2,1,3,2,2,3,1,6,6,7,6,6,6,7,6,7,2,56,2,2,6,1,40,0,0,8000,531201,한식조리기능사 창업 사람 자격증 사람,문과
33970,3,5,4,6,3,5,5,7,4,5,3,5,5,6,4,5,3,4,5,5,3,4,3,4,3,5,1,0,3,5,5,6,4,5,4,6,2,3,4,5,4,5,4,6,4,5,1,0,1,0,1,0,4,4,2,3,2,2,1,0,5,6,2,2,2,3,1,0,1,0,1,0,1,0,3,4,3,3,2,4,2,3,2,3,4,5,4,5,4,2,2,2,4,3,2,4,3,4,3,5,3,6,1,2,1,1,3,5,4,4,3,3,3,4,3,3,2,4,5,3,3,3,3,4,4,3,2,3,4,5,4,4,4,3,3,4,3,3,4,3,5,3,2,2,2,2,2,2,2,2,2,1,3,2,2,2,2,8,8,7,5,7,5,8,7,7,1,28,4,1,1,1,40,3000,3000,0,415301,실내건축기사 CAD 프로그램 교육 인테리어 관심 증가,산업디자인학
33971,2,3,2,2,1,0,3,4,3,4,1,0,1,0,1,0,3,3,3,3,1,0,1,0,2,2,1,0,2,2,2,2,2,2,2,2,3,4,4,6,3,4,3,4,1,0,1,0,4,5,3,3,4,5,4,5,3,4,4,5,1,0,1,0,1,0,4,6,4,5,4,5,1,0,4,5,3,3,1,0,1,0,1,0,3,3,2,3,4,3,4,3,4,3,3,3,3,4,3,4,3,8,2,2,1,2,0,7,3,3,4,3,3,3,3,4,3,4,4,3,4,4,3,4,3,5,4,3,3,3,2,2,3,3,3,3,4,4,4,5,3,3,2,2,2,2,2,2,2,2,2,1,3,3,3,3,2,7,8,7,8,7,7,7,8,7,1,32,2,1,1,1,40,3200,2600,0,812301,철도전기 철도 이용 증가 고용 안정화,선반가공
33972,3,3,3,4,3,3,4,4,3,4,2,3,3,4,2,2,2,3,4,4,3,4,4,5,3,3,2,2,3,3,4,2,3,3,1,0,4,3,2,2,3,3,3,4,3,3,1,0,1,0,1,0,2,2,1,0,2,2,1,0,2,2,1,0,2,2,1,0,1,0,1,0,1,0,3,4,2,2,1,0,2,2,2,2,2,2,2,3,4,4,1,3,4,2,2,4,3,4,4,4,4,16,5,1,1,1,3,5,4,4,3,3,4,5,3,4,3,3,5,4,1,5,4,4,3,5,4,4,3,2,3,3,4,4,3,4,5,4,4,3,4,4,2,2,2,2,2,2,2,2,2,1,3,2,2,2,1,3,3,4,5,4,5,4,5,5,2,40,3,1,1,1,50,3000,2000,0,232101,보육교사자격증 현장체헙 실습교육과정 저출산 걱정 향후 당분간 정부 정책 변동,유아교육
33973,4,6,5,7,4,6,5,7,5,6,5,7,5,6,5,6,5,7,5,7,4,6,5,7,4,5,5,6,5,6,5,6,5,6,4,6,4,6,5,7,4,6,3,4,3,5,3,4,3,4,3,3,3,3,2,3,2,4,2,3,1,0,1,0,1,0,1,0,1,0,1,0,1,0,2,1,1,0,1,0,1,0,1,0,2,3,1,0,3,3,3,3,4,4,4,3,3,3,4,3,3,15,2,4,2,2,0,4,6,3,3,3,5,5,5,3,3,3,4,4,3,3,3,3,3,2,3,2,3,3,5,3,3,3,2,2,4,3,3,2,5,4,2,2,2,2,2,2,2,2,2,2,3,3,3,3,2,8,8,5,6,3,3,4,5,5,2,51,6,1,1,1,48,7200,2700,0,110103,상태 유지,국문과
33974,3,3,2,3,1,0,4,4,1,0,1,0,2,2,1,0,1,0,3,3,1,0,1,0,3,3,2,2,1,0,3,4,3,4,1,0,1,0,4,5,3,4,4,5,3,4,1,0,3,5,3,3,4,5,4,5,4,5,3,3,2,2,3,4,4,4,3,4,4,6,4,6,4,5,4,5,3,4,3,4,4,5,3,4,4,5,4,5,4,3,4,4,3,4,3,4,4,3,4,3,3,3,1,5,1,2,0,3,2,3,3,2,4,3,3,4,5,3,4,4,3,2,3,3,4,3,4,3,3,3,3,4,4,3,3,3,2,3,4,3,3,3,2,2,2,2,2,2,2,2,2,2,3,3,3,3,2,5,6,5,4,5,6,5,5,5,1,55,2,1,1,1,40,4600,3000,0,821101,열처리기능사 변화,기계
33975,4,5,4,5,5,6,5,6,3,4,4,5,4,4,2,4,3,3,2,4,3,4,3,4,4,4,2,3,3,3,5,4,4,4,4,5,3,4,4,4,3,3,3,3,3,4,2,3,2,3,2,3,2,5,2,4,2,3,1,0,3,3,1,0,1,0,2,3,1,0,1,0,2,4,2,3,2,3,2,3,1,0,2,4,3,4,2,2,3,3,4,3,2,4,2,3,4,4,4,3,4,11,1,2,2,2,0,7,2,2,2,2,4,4,4,3,9,4,4,4,2,4,3,5,5,4,5,4,4,4,4,4,4,3,3,3,3,4,4,4,4,5,2,2,2,2,2,2,2,2,2,3,3,3,3,3,2,3,5,6,4,8,2,9,4,7,2,39,2,1,1,1,45,2700,2400,0,613001,채용 인원 한정,문과
33976,4,5,3,6,4,5,4,5,3,5,4,5,4,4,4,5,3,5,4,5,3,4,4,5,4,4,4,4,4,4,4,5,3,5,4,5,3,5,3,5,3,5,4,5,3,5,4,5,3,4,4,5,3,4,3,5,4,4,4,5,4,5,4,5,4,5,3,4,4,5,4,5,4,5,4,4,4,4,4,4,4,4,4,5,3,4,4,4,4,4,3,4,4,3,4,4,3,4,4,4,3,19,1,2,2,2,0,4,2,4,3,4,4,4,4,4,3,4,4,4,3,4,4,3,4,4,3,4,3,3,3,3,4,4,3,4,4,4,3,4,4,4,2,2,2,2,2,2,2,2,2,1,2,2,2,2,1,7,4,3,6,7,6,6,4,7,2,50,2,1,1,1,40,2400,1800,0,512201,인구 감소,인문계
33977,3,4,4,5,5,5,2,2,3,4,3,3,4,4,4,5,3,4,3,2,3,3,2,2,3,4,3,4,2,2,4,4,3,4,3,3,5,3,2,2,2,2,2,2,4,6,2,2,4,5,2,2,2,2,3,4,2,2,1,0,2,2,2,2,2,2,3,4,2,2,2,2,4,3,4,2,5,2,3,2,3,2,3,2,3,4,3,3,2,4,4,4,3,3,3,4,2,3,4,3,2,10,1,4,2,2,0,5,4,4,5,4,4,4,3,4,3,4,4,4,2,4,3,4,2,3,3,1,3,3,4,4,3,4,3,3,3,4,2,3,4,4,2,1,2,2,2,2,2,2,2,1,4,3,3,3,1,7,7,7,5,5,5,3,3,5,1,29,4,1,1,1,48,2800,2800,0,135001,문제 탐색 종합 솔루션 프로그램 도입 업계 발전,컴퓨터공학
33978,5,6,4,4,3,3,1,0,3,6,4,4,1,0,3,3,3,4,1,0,3,3,2,4,1,0,4,4,1,0,3,2,1,0,1,0,3,3,1,0,4,4,3,4,1,0,1,0,2,4,1,0,4,4,1,0,1,0,3,5,4,4,1,0,2,3,1,0,1,0,1,0,1,0,2,3,1,0,1,0,1,0,1,0,3,3,4,3,3,4,5,3,4,4,3,5,4,4,2,4,3,15,2,3,2,2,0,2,6,4,5,5,4,5,5,4,3,5,4,4,2,5,4,3,5,5,4,2,4,3,5,4,3,4,3,4,5,4,2,4,3,5,2,2,2,2,2,2,2,2,2,2,4,3,3,3,2,4,7,8,5,6,4,3,7,6,1,37,6,1,1,1,40,5400,3800,0,121103,업체 데이터 산업 발달 데이타 유지됨,물리학
33979,4,6,5,5,4,5,3,4,3,3,4,4,2,4,3,4,2,3,2,3,4,4,2,5,4,3,3,4,3,5,4,4,3,4,2,4,2,4,3,4,3,5,3,5,4,4,3,4,2,3,3,5,4,4,2,2,3,4,3,3,2,3,3,4,2,3,3,3,3,4,2,2,3,5,3,4,3,3,3,3,2,4,3,3,3,3,3,3,5,5,1,5,5,2,4,2,4,3,5,4,4,17,1,2,1,1,6,6,6,3,4,4,4,3,3,4,4,4,3,4,3,3,3,4,3,4,5,4,4,4,4,4,4,3,4,4,3,4,4,3,4,2,2,2,2,2,2,2,2,2,2,3,4,3,3,3,2,2,3,4,5,5,5,4,6,7,1,58,4,2,5,1,48,0,0,13000,301102,의사면허 외과전문의 레지던트 인턴과정 고령 인구 증가,의학
33980,3,3,3,4,3,3,3,5,3,2,3,3,1,0,1,0,3,5,3,2,3,3,3,4,3,5,3,2,3,5,3,4,3,5,3,4,1,0,3,3,3,5,3,3,3,4,3,2,3,3,1,0,1,0,1,0,1,0,1,0,1,0,3,2,1,0,1,0,1,0,1,0,3,2,1,0,1,0,1,0,3,2,1,0,3,2,3,2,4,3,4,4,3,3,3,4,3,3,4,3,4,19,1,4,2,2,0,7,2,3,3,2,4,5,3,3,9,4,4,4,2,4,4,2,3,4,3,2,4,3,5,4,2,4,3,2,5,5,3,2,4,3,2,2,2,2,2,2,2,2,2,2,2,2,2,3,1,7,6,4,5,5,3,5,5,6,2,51,2,1,1,1,54,3200,2100,0,615601,온라인 구매 약진,문과
33981,1,0,3,4,1,0,3,4,2,2,3,4,2,3,3,4,3,4,3,4,3,4,1,0,4,6,3,4,1,0,3,4,1,0,2,2,2,2,3,4,3,4,4,6,3,4,1,0,2,2,2,2,3,5,2,2,1,0,1,0,3,4,3,4,1,0,1,0,1,0,1,0,3,4,2,2,3,4,3,4,3,4,3,4,3,4,3,4,4,4,2,3,3,2,4,5,2,3,2,4,4,3,1,1,2,2,0,3,5,3,4,3,4,4,3,3,9,9,4,4,2,3,3,4,4,4,5,2,4,2,4,4,3,3,3,2,4,4,4,3,4,4,2,2,2,1,2,2,2,2,2,1,2,2,2,2,1,3,8,3,7,2,8,2,7,3,2,62,1,2,5,1,60,0,0,4000,863101,계량 한복 디자인 추세 한복 점차,0
33982,4,5,4,6,2,2,4,5,4,6,4,6,4,6,4,5,4,6,4,6,4,6,4,6,4,6,3,4,4,5,4,6,4,6,4,6,4,6,4,5,4,5,4,6,4,6,4,6,4,5,4,6,4,6,4,6,4,6,4,6,4,6,4,6,4,5,4,5,4,5,4,5,4,6,3,4,3,4,4,6,4,5,4,5,4,6,4,5,4,3,3,4,4,3,3,3,3,4,4,4,3,6,1,5,1,2,0,6,4,3,3,2,4,4,3,3,4,4,5,4,3,4,4,3,4,4,4,3,4,4,4,4,4,4,4,3,4,5,4,3,4,3,1,1,1,1,1,1,1,1,1,1,1,2,2,2,1,7,4,3,3,4,5,3,4,6,1,48,4,1,3,1,40,4100,2700,0,140304,토목구조 기술사 토질기초기술자 인력 구조 조정 업무 주택 경기 침체,토목학
33983,4,4,4,4,4,4,2,3,5,5,5,4,5,5,4,4,1,0,2,4,4,4,3,4,4,4,2,5,2,2,3,4,1,0,2,3,3,4,1,0,4,4,3,4,3,3,1,0,2,3,2,4,4,4,5,3,4,3,4,3,4,4,2,3,3,3,3,3,3,3,3,4,2,2,3,4,2,4,1,0,3,4,1,0,2,5,1,0,3,3,3,3,4,4,4,4,3,4,3,4,3,13,1,2,2,2,0,4,5,3,3,3,4,4,3,3,3,4,4,3,3,4,3,5,3,3,3,1,4,3,5,4,2,2,2,3,3,5,3,3,4,4,2,2,2,2,2,2,2,2,2,1,3,3,3,3,1,7,4,2,3,2,5,8,8,4,1,33,4,1,1,1,46,3900,3500,0,151201,대중 자동화 시스템,기계공학
33984,5,6,5,7,5,6,5,7,4,6,5,7,5,6,5,6,5,6,4,6,3,5,5,5,3,5,5,6,5,6,5,6,5,5,5,5,5,5,5,6,5,5,5,5,5,6,5,6,4,5,4,6,5,6,5,6,5,6,4,5,5,7,4,5,4,4,3,5,3,4,4,4,4,4,4,4,4,5,3,5,4,4,4,5,4,4,4,5,3,3,3,2,3,2,3,2,4,4,3,3,3,15,2,5,1,2,0,5,7,3,3,3,4,5,4,4,4,4,4,4,3,3,3,3,3,3,4,2,3,3,5,3,3,3,2,3,3,3,4,2,3,5,2,2,2,2,2,2,2,2,2,2,4,3,3,3,2,2,5,8,5,7,4,5,5,5,2,47,6,1,1,1,40,4700,3000,0,121104,박사학위 인간 직결 학문,생명공학
33985,2,3,2,3,2,2,3,5,3,4,3,4,3,5,2,3,2,3,3,4,3,3,3,4,2,3,3,4,4,4,3,4,4,5,4,4,2,4,3,4,4,5,4,4,4,5,4,6,4,4,3,5,4,6,4,5,3,5,3,4,1,0,3,5,3,3,3,4,3,5,4,5,3,3,3,3,3,3,4,6,4,5,3,3,2,3,2,4,3,4,4,2,2,2,3,4,2,2,2,2,4,3,1,2,1,1,3,4,3,3,3,2,4,4,2,2,2,3,4,3,3,4,4,4,3,3,4,4,4,3,3,4,3,3,2,2,4,4,3,3,4,4,2,2,2,2,2,2,2,2,2,3,2,2,2,2,2,5,6,6,5,6,6,4,3,3,2,45,2,1,2,2,55,5400,2000,0,871201,퓨전떡 자격증 실전 기호 식품 한계,"일반고(인문계,문과)"
33986,3,4,3,3,2,3,2,2,3,4,3,4,2,3,4,5,2,2,2,4,2,3,2,4,2,4,2,2,2,2,2,4,2,1,2,1,2,3,2,3,4,5,2,3,2,2,2,1,2,1,2,2,4,6,3,6,3,5,4,4,3,3,3,5,4,3,2,3,4,6,4,4,2,4,2,4,2,3,2,3,2,2,2,2,2,2,2,2,3,4,3,3,3,3,3,3,3,3,3,3,3,6,1,3,1,2,0,3,4,4,3,3,4,3,3,3,3,4,4,3,2,4,4,4,4,2,4,3,4,3,3,4,3,4,3,3,3,4,4,3,5,4,2,2,2,2,2,2,2,2,2,1,3,3,3,3,2,4,5,4,5,4,4,6,4,4,1,41,4,1,1,1,40,5800,3800,0,153105,전기산업기사 전기 사용 모든 업무,전기공학
33987,2,2,3,3,2,2,2,2,2,2,2,2,2,3,2,3,3,3,3,4,2,3,3,4,2,2,2,2,2,2,2,1,2,1,2,2,3,3,2,1,3,4,3,3,3,4,2,2,2,2,3,4,4,5,4,5,4,5,5,4,2,2,3,4,3,3,4,5,4,5,4,4,3,4,4,5,3,5,4,5,4,5,3,4,3,3,3,3,3,3,2,4,4,2,3,3,2,2,3,3,3,6,1,2,2,2,0,2,1,3,3,2,4,3,2,4,3,4,4,4,2,3,2,4,2,4,3,3,2,3,3,4,3,3,3,3,3,4,4,3,4,5,2,2,2,2,2,2,2,2,2,1,3,3,3,3,2,8,8,7,3,4,3,6,7,7,1,45,4,1,1,1,40,3500,2200,0,701301,이나 기계,토목
33988,5,6,4,6,4,5,5,6,3,3,4,5,4,5,3,4,4,4,4,5,2,2,3,3,4,5,2,3,4,5,4,5,4,5,4,4,5,5,4,5,5,5,5,6,4,5,3,3,3,3,4,5,2,2,2,2,2,2,1,0,1,0,2,2,2,2,2,3,2,3,2,3,2,2,4,5,4,5,4,5,4,4,4,5,4,4,4,4,4,4,3,4,4,3,4,4,4,3,3,4,4,11,1,2,2,2,0,3,5,4,3,4,5,4,4,3,3,4,4,4,3,4,3,4,3,3,4,4,3,4,4,4,4,4,3,4,4,3,3,4,4,4,2,2,2,2,2,2,2,2,2,2,3,3,3,3,2,7,3,4,5,5,6,7,3,5,1,34,3,1,1,1,40,3000,2300,0,32501,체납 증가,전자공학
33989,4,6,4,6,4,5,4,6,4,4,4,4,4,3,3,5,3,3,4,5,2,3,2,3,3,5,4,4,3,3,3,5,1,0,1,0,3,5,4,5,4,4,4,4,3,4,1,0,1,0,1,0,4,4,4,5,4,4,4,5,3,3,4,4,3,3,4,3,3,3,3,3,3,3,4,4,3,4,3,5,3,4,4,3,3,4,2,3,5,4,4,5,4,2,4,4,4,3,4,4,4,13,1,2,1,2,0,2,5,5,4,4,5,4,4,4,3,4,4,4,2,5,4,4,3,5,4,3,4,5,4,3,4,5,3,4,5,4,3,3,4,3,2,2,2,2,2,2,2,2,2,2,4,3,3,3,2,5,7,4,6,4,3,8,4,2,1,38,4,1,1,1,40,4500,4200,0,131202,정보통신산업기사 전파통신기능사 인터넷 강의 이용자 정보산업 발달 수요 증가,전기공학
33990,5,6,3,6,3,5,4,5,4,4,3,4,4,5,4,4,2,3,3,3,3,4,3,4,2,2,1,0,1,0,3,5,2,3,1,0,1,0,3,3,4,5,3,3,3,4,1,0,1,0,1,0,3,4,3,6,3,4,4,4,4,5,3,4,2,4,1,0,1,0,1,0,1,0,1,0,1,0,1,0,1,0,1,0,4,4,3,4,3,4,3,3,3,2,3,2,3,4,5,4,4,3,1,4,2,2,0,6,6,4,4,4,4,4,4,5,4,5,4,5,4,5,4,4,4,5,4,4,5,4,3,4,3,5,4,4,4,4,5,3,4,3,2,2,2,2,2,2,2,2,2,2,3,3,3,3,2,4,5,5,6,6,5,7,5,6,1,37,5,1,1,1,40,5300,4000,0,122101,경기 침체 경제 성장 저하,생물학
33991,4,5,4,5,3,4,3,5,3,5,4,5,3,4,3,4,3,4,2,3,2,3,3,5,4,6,3,4,4,6,2,3,4,5,4,6,4,5,3,5,3,5,4,6,3,5,4,6,3,4,4,6,2,3,2,2,2,2,2,2,2,3,2,3,2,2,2,2,2,2,2,2,3,4,2,2,2,3,2,2,2,2,2,2,2,2,2,2,5,4,4,3,4,3,4,3,3,3,4,4,4,3,1,2,2,2,0,4,5,4,4,4,4,5,4,4,4,4,3,4,1,4,4,3,3,3,4,3,4,5,4,4,4,4,3,3,4,5,4,4,5,2,2,2,2,2,2,2,2,2,2,2,2,3,3,3,2,3,4,5,5,6,5,3,7,7,2,58,4,2,5,1,40,0,0,7500,12201,경기 침체 장기,경영
33992,3,3,1,0,1,0,1,0,3,4,3,4,3,4,2,2,3,3,2,2,1,0,3,4,3,4,3,4,1,0,3,4,3,5,3,4,3,4,3,4,3,4,3,4,3,4,3,4,3,4,2,3,2,3,1,0,1,0,1,0,1,0,1,0,1,0,1,0,1,0,1,0,1,0,1,0,1,0,1,0,1,0,1,0,1,0,5,7,3,4,3,3,4,3,3,2,3,3,3,3,3,18,3,2,2,2,0,5,4,4,4,4,4,5,5,3,3,3,3,3,1,4,4,4,3,4,3,4,3,3,4,3,4,3,3,3,3,3,4,3,3,3,2,2,2,2,2,2,2,2,2,3,3,2,2,2,1,5,4,7,6,5,6,2,5,7,1,44,4,1,1,1,48,5000,1200,0,414401,변동,국악학
33993,2,3,2,3,2,3,2,3,2,3,2,3,2,3,3,3,3,3,1,0,2,3,1,0,4,5,3,4,4,3,2,3,1,0,2,3,1,0,5,6,4,5,3,3,4,6,1,0,3,4,2,3,1,0,1,0,1,0,1,0,2,3,1,0,1,0,1,0,1,0,1,0,1,0,1,0,1,0,1,0,1,0,1,0,1,0,1,0,3,3,2,3,3,4,3,4,3,2,3,3,2,8,1,4,2,2,0,5,4,3,3,3,4,3,3,3,3,3,4,3,3,3,2,4,3,3,4,3,2,3,3,5,3,4,4,4,3,4,3,3,4,4,2,2,2,2,2,2,1,2,2,2,3,2,2,2,2,7,7,7,4,4,5,7,4,4,1,31,4,1,1,1,40,3000,3000,0,28203,인사 이동 변화,무역학
33994,4,5,3,4,4,5,3,3,2,2,3,3,2,2,2,2,3,3,1,0,3,3,2,2,3,3,2,2,2,3,1,0,2,2,1,0,3,4,3,4,2,3,1,0,3,3,2,2,1,0,2,2,1,0,1,0,1,0,1,0,2,2,1,0,1,0,1,0,1,0,1,0,1,0,2,4,1,0,1,0,1,0,1,0,3,3,2,2,3,3,4,3,4,5,4,4,4,4,1,3,5,19,4,1,2,2,0,5,5,5,3,3,4,4,4,4,9,9,3,5,1,4,5,5,4,4,4,2,4,2,5,3,4,3,4,3,4,3,4,3,3,3,2,2,2,2,2,2,2,2,2,2,4,3,2,2,1,5,3,5,6,1,3,5,3,4,2,48,4,2,6,1,40,0,0,4500,411201,전문 소득 투잡 가능성,영어영문
33995,4,5,4,5,3,3,4,5,4,4,5,3,2,2,2,2,4,5,3,3,3,3,5,6,3,3,5,4,4,5,4,4,4,5,3,3,5,5,4,5,5,6,3,3,5,6,3,3,4,5,3,3,4,5,1,0,4,5,5,2,5,6,4,5,2,2,4,5,2,2,2,2,1,0,3,5,2,2,1,0,1,0,2,2,5,4,4,5,4,4,3,3,4,4,4,3,3,4,5,4,5,16,5,1,1,2,0,3,5,4,3,3,3,3,3,3,9,9,3,3,2,4,3,3,3,3,2,4,3,4,2,3,3,3,4,4,4,5,5,2,3,4,2,2,2,2,2,2,2,2,2,1,4,2,2,2,2,5,5,5,4,5,4,2,5,2,1,50,4,2,5,1,44,0,0,5500,214201,워드프로세서1급 컴퓨터활용능력1급 정보처리산업기사 갈수록 컴퓨터 활용,컴퓨터공학
33996,4,6,4,6,4,5,4,6,3,5,3,5,2,3,3,5,3,5,3,5,3,4,4,6,4,6,2,3,2,4,4,5,3,4,3,4,4,6,4,5,4,5,3,4,3,4,2,3,2,3,3,4,2,4,3,4,4,5,2,3,2,3,2,3,4,5,3,4,2,3,3,4,3,4,4,6,4,5,4,5,2,2,4,5,4,5,3,4,4,4,3,4,4,2,4,4,3,4,4,4,4,17,1,2,1,1,6,6,5,5,5,5,4,4,3,4,4,4,4,4,2,4,4,3,3,2,3,4,4,3,3,4,4,3,4,4,4,4,2,2,4,4,2,2,2,2,2,2,2,2,2,2,4,3,2,3,2,8,8,3,3,3,7,3,3,7,1,51,6,1,1,1,48,12000,5500,0,301102,의사국시 외과 수술 실무 교육 의료 서비스 수요 증가,의학
33997,3,4,5,2,2,2,4,2,2,2,3,3,5,3,2,3,4,2,4,3,2,2,3,2,4,3,3,2,4,3,4,3,4,4,3,3,4,2,3,3,3,3,4,3,3,3,3,2,4,2,2,3,3,3,3,3,2,3,3,3,4,3,3,2,2,2,4,3,3,2,2,2,3,3,5,4,4,2,4,4,3,3,3,3,5,3,4,2,4,4,4,2,3,4,3,4,4,4,4,5,3,19,1,1,2,1,4,5,1,4,1,1,4,3,2,2,3,2,3,3,4,3,3,4,2,3,3,3,2,3,4,4,2,4,4,3,4,4,3,3,4,3,2,2,2,2,2,2,2,2,2,3,3,2,2,2,2,9,3,3,1,2,7,2,2,7,2,57,2,1,3,2,35,2000,1500,0,863401,제단 전산 업무 대체 불가능 작업 업종,문과
33998,3,4,4,4,4,4,5,6,2,2,3,4,3,4,2,3,3,5,3,4,3,4,4,4,4,4,1,0,4,5,4,5,3,4,3,4,3,4,3,4,3,4,4,5,5,5,1,0,1,0,1,0,3,3,1,0,1,0,1,0,3,3,2,3,2,3,1,0,1,0,2,3,2,3,2,3,3,3,3,4,1,0,1,0,4,4,5,5,3,4,4,1,4,4,1,5,3,4,3,4,5,19,4,1,2,2,0,1,5,4,3,3,4,3,4,1,9,9,9,2,3,1,5,4,3,3,4,3,4,3,2,4,4,5,4,4,5,3,3,4,3,3,2,2,2,2,2,2,2,2,2,4,1,2,2,3,1,2,2,3,3,3,3,3,3,2,1,76,5,2,6,1,40,0,0,2000,512201,결혼 감소 주례 현상 심화,법학
33999,1,0,3,3,1,0,3,4,1,0,3,4,1,0,4,5,3,4,3,3,1,0,2,2,3,4,3,3,3,3,3,4,3,4,1,0,1,0,4,6,4,5,1,0,1,0,2,2,1,0,1,0,1,0,1,0,1,0,1,0,1,0,1,0,1,0,1,0,1,0,1,0,2,2,1,0,2,2,3,3,3,4,3,4,2,3,3,3,2,4,2,2,2,3,1,1,2,2,2,1,2,9,1,2,2,2,0,7,2,2,2,2,2,2,2,3,9,9,9,3,4,2,2,2,2,2,3,3,4,4,3,4,4,4,2,3,4,3,4,4,3,2,2,2,2,2,2,2,1,2,2,1,1,2,2,2,2,5,6,8,7,8,8,5,4,5,2,28,2,1,3,2,40,2462,1876,0,532201,코로나 식당 손님 코로나 식당 폐업 위기,문과
34000,2,1,3,3,1,0,3,3,2,2,1,0,1,0,2,2,2,3,1,0,2,1,3,4,3,4,2,2,2,2,2,3,1,0,1,0,1,0,2,2,3,4,3,4,3,3,1,0,2,2,1,0,3,4,3,4,2,3,1,0,1,0,2,3,3,4,3,3,3,4,2,2,3,3,2,2,1,0,1,0,2,3,3,4,2,3,2,1,3,3,2,2,3,1,2,3,2,3,3,1,2,3,1,1,1,2,0,5,4,3,4,3,4,3,4,3,4,4,4,4,3,5,4,4,2,3,2,4,3,3,3,2,2,3,4,2,3,2,4,2,3,3,2,2,2,2,2,2,2,2,2,1,3,1,3,3,1,6,7,5,4,3,3,4,3,2,1,35,3,1,1,1,50,2600,2400,0,825101,자동차보수도장기능사 장비 첨단 화로 일자리 감소 예상,표면처리
34001,4,5,4,5,4,5,4,4,1,0,1,0,1,0,1,0,1,0,1,0,1,0,1,0,4,5,4,5,3,4,1,0,1,0,1,0,1,0,3,3,2,3,3,4,1,0,2,2,3,3,2,3,1,0,1,0,1,0,1,0,2,2,1,0,1,0,1,0,1,0,1,0,1,0,5,6,3,4,3,4,3,3,3,3,4,5,2,2,5,5,4,5,5,4,5,2,4,4,4,4,5,17,1,1,1,1,6,6,5,5,5,5,5,5,4,4,9,9,9,4,1,4,4,2,4,2,4,1,3,2,5,5,3,4,4,5,5,5,4,3,4,3,2,2,2,2,2,2,2,2,2,1,3,2,2,2,2,9,5,4,6,5,6,6,6,5,1,45,4,2,5,1,40,0,0,25000,301105,이비인후과전문의 의료시술 훈련 상황 유지,이비인후
34002,4,5,4,4,3,4,3,4,3,5,3,4,3,4,3,5,3,3,2,4,3,4,3,4,4,5,2,4,3,4,2,3,3,4,2,3,3,4,3,4,3,5,3,4,3,3,3,3,3,4,3,3,4,4,3,4,3,4,3,4,2,3,3,4,3,3,4,5,4,5,4,4,2,4,5,5,4,6,4,4,4,6,4,4,4,4,4,5,3,4,4,3,4,2,4,2,2,3,4,4,4,15,2,3,1,1,1,4,3,4,2,2,2,3,2,4,4,4,4,4,4,2,2,4,4,3,4,3,4,3,4,4,3,3,3,3,4,4,4,4,4,5,2,2,1,2,2,1,2,1,1,3,2,3,3,3,2,3,3,3,2,2,1,2,2,2,1,51,2,1,1,1,48,3500,2000,0,811901,농기계정비 산업기사 농기계 정비 신형 농기 시스템 발달 수리 농촌 노인 화로 농산물 감소 농촌 노령화 농업인 감소,문과
34003,3,3,3,3,2,2,3,2,2,3,2,3,2,2,2,2,2,3,2,2,2,1,2,2,2,2,2,3,3,4,2,3,2,3,2,1,2,2,3,4,2,3,2,3,4,4,2,2,2,2,2,2,1,0,1,0,1,0,1,0,2,3,1,0,1,0,1,0,1,0,1,0,1,0,1,0,2,1,2,1,2,2,2,1,2,2,2,2,3,3,3,3,3,4,3,3,3,3,3,3,2,17,3,5,1,2,0,2,4,3,3,3,3,3,3,2,3,4,4,3,3,3,3,3,3,2,3,2,3,3,3,4,3,3,2,2,3,4,3,3,4,4,2,2,2,2,2,2,2,2,2,2,3,3,3,3,2,5,3,5,4,4,5,5,4,4,2,29,4,1,1,1,40,3400,3200,0,29401,비서자격증 사무직 수요 유지,경제학
34004,5,6,4,4,4,4,4,4,4,4,4,7,4,4,4,7,4,4,4,4,4,4,4,4,4,4,4,4,4,4,4,4,4,4,4,4,4,4,4,4,4,7,4,4,4,4,4,4,4,4,4,4,4,4,4,4,4,4,4,4,4,7,4,4,4,4,4,4,4,4,4,4,4,5,4,4,4,4,4,4,4,4,4,4,4,4,4,4,4,4,3,4,4,3,4,3,4,3,4,4,4,15,2,3,2,2,0,5,6,5,3,4,4,5,4,4,3,4,5,4,2,4,4,5,4,3,4,4,4,4,3,4,3,5,4,3,4,5,4,3,5,5,2,2,2,2,2,2,2,2,2,2,3,3,3,3,2,8,2,4,5,6,4,5,7,4,1,53,5,1,1,1,40,5900,2800,0,121106,국가 자연과학 개발,대기과학
34005,4,6,4,5,4,5,4,5,4,5,4,5,4,5,3,5,4,5,4,4,3,5,4,5,4,5,4,4,3,4,4,5,3,4,4,5,4,5,4,5,4,5,4,5,4,5,3,4,4,5,4,5,4,4,4,5,3,4,4,5,4,5,4,5,4,5,4,5,5,6,4,5,5,6,4,5,4,5,4,5,3,4,4,5,4,5,4,5,4,4,4,3,3,4,4,4,4,4,3,3,4,10,1,3,1,2,0,3,5,4,3,3,4,4,4,4,4,5,5,4,3,4,4,3,3,4,4,4,4,4,3,4,4,4,4,3,3,3,3,4,4,3,2,2,2,2,2,2,2,2,2,3,3,3,3,3,2,7,6,5,5,6,6,6,5,6,1,31,4,1,1,1,40,3700,3000,0,133901,SW테스트전문가 대체 직업,컴퓨터공학
34006,5,5,4,4,3,4,3,4,2,3,2,4,1,0,4,5,3,4,2,3,2,3,3,4,4,4,3,5,4,5,3,5,3,4,4,5,2,5,3,4,3,4,4,5,5,6,2,4,2,4,3,5,2,5,2,3,3,3,2,3,3,4,2,3,3,3,2,3,1,0,1,0,3,4,2,2,2,2,3,5,4,5,1,0,3,4,4,4,3,2,2,2,2,2,3,3,3,3,2,2,4,3,1,6,2,1,3,3,4,4,2,2,4,4,3,2,2,3,4,2,2,4,4,4,5,4,5,4,5,3,4,4,5,5,4,5,5,5,4,3,4,4,2,2,2,2,2,2,2,1,2,2,4,3,3,3,1,9,8,9,9,2,2,2,2,1,1,50,3,1,1,1,50,5000,1800,0,26103,차종별로 다소 상이하지만 기본 구조는 별차이 없으므로 차량판매를 위해서는 기본정비 교육이 필요함 코로나 자동차 판매량 감소 자동차 판매 위해 판매 사원 증가,전기전자
34007,3,4,3,4,2,2,1,0,2,3,1,0,1,0,3,3,3,3,3,4,1,0,1,0,4,6,1,0,1,0,1,0,1,0,1,0,1,0,3,4,4,3,1,0,2,3,1,0,1,0,1,0,1,0,1,0,3,5,4,6,1,0,1,0,2,3,3,4,4,5,4,5,1,0,4,4,3,4,3,4,3,4,3,4,2,4,2,3,2,2,2,3,1,1,3,2,2,1,2,3,3,3,1,5,1,1,2,2,1,3,3,3,3,3,1,2,1,3,3,3,2,3,3,3,3,3,4,1,3,2,3,5,1,2,2,1,3,5,3,2,4,5,2,2,2,2,2,2,2,2,2,2,2,3,2,3,2,6,8,6,7,3,2,6,4,3,1,41,2,1,1,1,46,4500,2300,0,817301,기계기사 현장 안전 교육 현장 적응 교육 업종 직종,전기
34008,3,3,4,5,1,0,3,3,3,3,3,3,1,0,3,4,3,3,1,0,1,0,4,5,3,4,4,5,3,3,3,3,3,4,4,5,3,4,1,0,4,5,3,3,3,4,3,3,3,3,3,3,4,5,3,4,3,3,3,3,3,3,4,4,4,5,4,5,4,4,4,5,3,4,3,3,1,0,3,3,3,4,1,0,3,3,3,3,3,2,2,3,2,5,4,5,4,4,2,2,3,3,1,2,2,2,0,7,2,3,2,1,4,3,2,3,3,2,4,3,3,2,2,2,2,3,4,5,2,3,2,4,1,2,3,2,4,4,1,3,3,4,2,2,2,2,2,2,2,2,2,4,2,2,3,3,1,6,7,5,3,4,5,4,5,5,1,38,2,1,1,1,52,3000,2100,0,873301,기계 자동화 인원 감축,기계
34009,1,0,3,3,1,0,1,0,1,0,2,4,1,0,4,4,3,2,2,4,1,0,2,3,3,5,4,4,2,3,2,3,1,0,2,4,4,4,1,0,4,4,2,4,3,3,1,0,4,5,5,3,4,4,2,4,3,3,3,5,2,4,4,2,5,4,3,5,4,4,4,6,4,3,4,4,5,3,4,2,2,1,2,2,3,2,1,0,3,2,1,2,2,2,3,1,4,2,4,3,2,3,1,2,2,2,0,2,1,3,2,2,4,2,3,2,3,5,5,4,2,2,3,4,4,2,3,4,5,4,4,4,4,3,3,4,5,5,4,4,5,5,2,2,2,2,2,2,2,2,2,2,1,2,2,3,2,8,8,9,6,4,3,3,7,7,1,29,2,1,1,1,48,2600,2000,0,852401,인건비 증가 해외 업체 이주,기계
34010,4,5,4,4,4,5,4,5,4,5,4,5,4,5,2,2,3,4,3,3,4,4,3,3,4,5,3,4,4,5,4,4,4,5,3,3,3,3,3,3,3,4,4,4,3,4,3,4,4,4,4,5,2,1,1,0,1,0,1,0,3,4,1,0,1,0,1,0,1,0,1,0,3,3,3,3,3,3,4,4,3,3,3,3,3,4,3,4,4,3,4,3,4,3,4,3,3,4,3,3,4,13,1,1,1,1,1,1,5,3,4,4,4,4,3,3,3,3,3,3,2,3,3,3,3,2,3,3,3,4,4,4,3,4,3,4,3,3,3,2,3,4,2,2,2,2,2,2,2,2,2,2,4,2,2,2,1,7,6,4,5,6,7,4,6,7,2,42,4,2,5,1,40,0,0,5400,221301,법무사자격증 직무교육 법률 생활,행정학
34011,3,4,4,6,3,4,5,6,4,6,4,5,4,5,3,4,4,5,4,5,3,4,3,4,3,4,3,4,4,5,4,5,4,5,3,4,1,0,3,4,4,5,3,4,1,0,1,0,1,0,1,0,4,5,5,6,4,6,4,5,5,5,2,2,3,4,3,4,1,0,1,0,3,4,1,0,1,0,1,0,1,0,1,0,4,5,1,0,5,4,4,4,5,4,4,2,2,5,4,3,3,13,1,2,2,2,0,7,5,4,3,3,5,5,3,3,3,3,4,3,2,4,4,4,4,3,3,4,4,5,2,5,5,5,5,5,4,5,3,3,5,4,2,2,2,2,2,2,2,2,2,1,3,3,3,3,2,5,5,5,5,7,7,9,9,2,2,28,4,1,1,1,40,3200,3100,0,415504,변화,디자인학
34012,4,6,4,7,4,6,4,6,5,6,5,6,4,6,4,5,5,6,5,7,4,6,5,6,4,6,4,6,4,6,4,6,4,6,4,6,4,5,4,5,4,4,4,6,5,6,4,6,4,6,4,6,4,5,4,6,5,6,5,6,4,6,3,4,3,4,3,5,4,6,4,6,3,4,3,4,4,4,3,4,3,3,3,4,3,4,2,2,3,3,2,2,4,3,4,2,3,4,4,3,3,15,2,4,2,2,0,4,6,3,3,3,5,5,5,3,3,4,4,4,3,3,3,3,3,3,3,3,3,3,5,3,3,3,3,2,3,4,3,2,4,4,2,2,2,2,2,2,2,2,2,2,3,3,3,3,2,7,7,6,5,7,3,2,2,3,1,59,6,1,1,1,52,10000,7000,0,110202,상태 유지,경제학
34013,4,5,5,6,3,4,4,5,3,4,4,5,5,6,4,5,3,4,4,5,3,4,3,4,4,5,4,5,5,5,4,4,4,5,3,4,5,5,5,5,4,5,2,3,4,5,3,4,4,5,4,5,3,4,2,3,2,3,2,2,3,4,4,5,3,4,3,3,2,3,2,2,3,4,4,5,4,5,4,5,4,5,3,5,4,5,3,5,4,4,3,3,4,4,4,5,5,4,5,4,4,18,1,2,1,1,3,3,5,4,4,3,4,4,4,4,3,4,4,4,4,3,4,4,4,3,3,4,4,4,3,4,4,4,3,3,4,4,4,4,4,3,2,2,2,2,2,2,2,2,2,3,3,3,3,3,2,6,5,5,6,7,6,8,6,6,2,30,4,1,1,1,40,3500,3000,0,415202,패션디자인산업기사 의류 제작 대체,패션디자인
34014,3,3,3,4,1,0,4,4,1,0,2,2,2,2,1,0,3,3,2,2,1,0,1,0,2,2,1,0,4,4,5,6,4,5,3,3,2,2,5,6,2,2,2,2,1,0,2,2,2,1,1,0,1,0,1,0,1,0,1,0,1,0,1,0,1,0,1,0,1,0,1,0,1,0,1,0,2,2,4,4,4,4,3,4,3,3,4,4,3,4,1,3,1,1,1,1,3,1,4,1,3,9,1,1,2,2,0,7,2,1,1,1,1,1,3,2,2,4,4,3,4,2,2,2,2,2,4,3,2,4,4,4,2,4,2,1,3,4,1,3,4,4,2,2,2,2,2,2,1,2,2,2,2,2,2,2,2,7,8,7,6,7,6,1,5,5,2,36,3,1,1,1,50,2400,1800,0,532201,코로나 원인 식당 매출 감소 오스 기계 때문,호텔조리
34015,4,6,4,6,4,6,3,4,4,6,5,6,3,5,4,6,4,6,2,2,3,4,3,5,2,3,4,5,3,4,3,4,4,5,4,5,3,4,4,6,4,6,4,6,4,5,3,5,2,2,3,5,3,4,1,0,1,0,1,0,4,5,1,0,1,0,1,0,1,0,1,0,2,3,1,0,1,0,1,0,1,0,1,0,1,0,1,0,3,2,2,3,4,2,4,2,3,4,2,2,3,11,1,6,1,2,0,4,5,4,4,3,4,4,4,3,2,3,4,3,2,3,3,2,3,2,4,3,2,4,4,4,3,5,4,4,3,4,3,4,4,4,2,1,2,1,2,2,1,1,1,1,2,3,3,3,2,3,7,6,4,4,5,6,5,6,2,48,4,1,1,1,40,7200,3600,0,32301,보험계리사 금융 시스템 안정 기술 증대 시스템 컴퓨터 제공 시스템 개발 대체 인력,경영학
34016,3,5,4,6,4,6,5,6,2,3,4,5,5,6,3,6,3,6,4,5,3,6,3,6,4,5,4,6,4,5,4,5,3,6,3,6,4,5,3,6,3,5,3,6,3,6,3,5,4,5,3,5,3,6,3,6,3,5,3,6,3,4,3,5,2,3,2,5,2,4,2,5,3,5,2,5,3,6,2,5,3,6,2,5,3,6,2,6,4,4,3,4,4,4,4,4,4,4,5,5,4,16,5,3,2,2,0,4,5,4,4,4,4,5,4,3,4,4,4,4,3,3,3,4,2,3,3,1,3,4,4,5,4,3,3,3,3,3,2,3,4,4,2,2,2,2,2,2,2,2,2,2,4,2,2,2,1,7,7,7,3,3,4,6,6,5,1,40,4,1,1,1,50,4000,2000,0,24404,이벤트 행사 예정,건축학
34017,1,0,1,0,1,0,2,2,1,0,1,0,4,5,3,4,1,0,1,0,1,0,1,0,4,5,1,0,1,0,1,0,1,0,1,0,1,0,2,2,2,2,1,0,1,0,1,0,1,0,1,0,1,0,1,0,4,6,1,0,1,0,1,0,1,0,5,6,1,0,2,2,1,0,1,0,1,0,2,2,1,0,1,0,4,5,1,0,4,4,3,4,3,4,4,3,3,4,3,4,3,18,1,2,2,2,0,7,4,3,4,3,4,2,3,4,3,4,3,3,2,3,3,4,3,3,3,3,3,3,3,2,3,3,3,3,2,4,3,4,4,4,2,2,2,2,2,2,2,2,2,2,2,3,3,3,2,6,5,7,7,6,6,9,8,7,1,29,4,1,1,1,40,2800,2200,0,414201,시스템 개발,사진학
34018,3,4,4,4,3,4,3,4,4,4,4,4,3,4,3,4,4,5,3,4,3,4,3,4,4,4,3,4,4,4,4,5,3,4,3,5,3,4,3,4,3,3,3,4,4,5,3,3,3,4,1,0,1,0,1,0,1,0,1,0,3,3,4,4,2,3,1,0,1,0,1,0,3,4,1,0,1,0,1,0,1,0,2,2,3,5,4,3,4,4,2,3,4,4,4,3,3,4,4,4,2,3,1,2,2,2,0,3,4,3,3,3,4,3,3,3,3,3,4,3,4,2,2,4,4,4,4,5,2,2,4,4,2,3,2,3,3,4,4,2,4,4,2,2,2,2,2,2,2,2,2,2,2,3,3,3,2,3,8,7,5,3,7,2,5,7,2,40,3,1,1,1,40,2900,2500,0,28401,제조업 불황 인력 감축 예상,경영학
34019,4,6,4,6,4,5,4,5,4,5,4,5,4,5,3,4,3,4,2,4,4,5,4,5,2,2,2,2,2,2,3,3,3,4,2,2,2,3,2,2,4,5,3,4,2,3,3,4,2,3,2,3,3,5,2,2,3,4,1,0,1,0,1,0,3,4,2,2,2,3,2,2,1,0,1,0,4,4,1,0,1,0,1,0,2,3,1,0,4,4,4,3,4,4,3,4,4,5,4,4,5,13,2,4,1,1,2,3,6,4,4,4,4,4,4,4,4,3,3,3,2,3,3,4,4,3,2,2,2,2,4,5,3,3,3,2,2,2,3,3,3,5,2,2,2,2,2,2,2,2,2,2,3,3,3,3,1,4,4,3,3,3,3,6,6,4,2,51,5,1,1,1,50,5000,3000,0,122301,종자기사 종자학 개론 도전 발전 가능성 산업,농학
34020,1,0,1,0,1,0,1,0,1,0,2,2,1,0,1,0,1,0,1,0,1,0,1,0,4,4,1,0,1,0,1,0,1,0,1,0,1,0,1,0,1,0,1,0,1,0,1,0,1,0,1,0,1,0,1,0,1,0,1,0,1,0,3,4,5,4,2,2,2,2,2,2,1,0,3,4,4,5,2,3,3,4,3,4,4,4,1,0,4,4,4,4,4,4,4,3,4,3,3,4,3,3,1,3,2,2,0,7,2,4,3,4,4,3,3,3,4,3,4,3,2,3,2,3,4,3,3,2,3,2,3,2,3,3,4,3,4,4,4,5,4,3,2,2,2,2,2,2,2,2,2,2,3,3,3,3,2,6,7,6,5,8,9,7,6,6,1,43,2,1,1,1,40,4200,2400,0,851201,화학 제품 사람,문과
34021,4,5,4,6,4,4,3,3,2,1,2,2,1,0,2,1,2,2,1,0,2,2,2,1,2,3,1,0,2,3,2,3,2,4,2,2,2,2,3,4,1,0,2,1,2,1,2,2,2,2,2,2,2,3,1,0,2,2,1,0,3,4,1,0,1,0,1,0,2,2,1,0,2,2,2,1,2,1,1,0,1,0,2,1,2,3,3,4,3,2,3,2,2,5,3,4,2,3,2,3,3,14,1,4,1,1,1,3,2,3,3,2,4,4,2,4,4,3,3,4,2,3,3,4,3,4,4,3,4,5,3,4,4,3,3,3,4,4,2,2,4,4,2,2,2,2,2,2,2,1,2,2,2,2,2,2,1,5,6,6,4,5,5,4,4,5,2,40,3,1,3,1,40,3600,2000,0,613001,텔레마케팅관리사 텔레세일즈 실적 직업 비교 신경 온라인 판매 점차,회계
34022,3,5,3,5,3,5,3,5,3,5,3,5,3,5,3,5,3,3,3,5,3,6,3,5,2,3,2,4,2,4,3,6,3,4,2,4,2,5,2,4,4,5,3,5,3,5,2,3,3,3,4,5,4,5,4,5,4,6,3,4,3,5,2,4,2,4,3,5,3,4,4,4,2,3,2,4,2,3,2,4,2,4,2,3,2,3,3,5,4,4,4,3,3,2,2,4,2,3,2,3,3,3,1,5,1,1,1,6,5,3,3,3,4,4,2,3,3,3,5,3,3,3,3,5,5,1,2,3,3,4,3,4,4,3,2,3,3,4,3,3,4,5,2,2,2,2,2,1,1,1,2,1,3,2,2,2,2,5,5,5,5,5,5,4,4,6,1,47,5,1,1,1,40,8000,3000,0,151301,기계기사 신기술 새로운 장비 관련 교육 규제 도입 장비 사용 신규 업규 증가 인적자원 노동 창의력 투입 업무 인공 지능 자동화 대체 어려움,자동차공학
34023,2,3,2,2,1,0,1,0,1,0,1,0,1,0,1,0,2,2,1,0,1,0,1,0,1,0,1,0,1,0,1,0,1,0,1,0,1,0,1,0,1,0,1,0,1,0,1,0,2,2,1,0,3,4,2,4,2,3,2,3,1,0,3,4,3,4,2,3,3,4,3,4,1,0,2,3,2,3,1,0,1,0,1,0,3,4,1,0,3,3,3,3,3,2,2,3,3,3,2,2,3,14,1,2,1,2,0,7,5,3,3,3,3,3,3,3,3,3,3,3,4,4,4,4,3,3,3,3,3,4,3,4,4,3,3,3,3,4,3,2,4,4,2,2,2,2,2,2,2,2,2,1,3,3,3,3,2,6,7,6,3,3,3,6,3,3,1,32,4,1,1,1,40,3500,3000,0,155303,폐기물처리기사자격증 폐기물 발생 사회 현상 때문,환경공학
34024,2,2,2,2,1,0,3,2,2,3,3,3,3,4,2,3,2,3,3,4,2,3,2,3,3,3,4,5,3,4,4,4,2,3,2,4,3,2,2,2,3,4,3,4,4,4,2,3,2,4,3,3,3,4,3,3,3,3,2,3,1,0,3,3,3,4,4,4,4,3,3,4,3,3,3,4,3,3,3,3,4,5,3,3,3,3,3,3,3,3,2,4,3,1,3,4,2,2,3,2,2,6,1,4,1,1,1,2,5,4,4,4,4,4,3,3,4,4,5,4,2,4,4,3,4,2,3,2,4,3,4,5,3,3,3,4,4,4,4,3,4,4,2,2,2,2,2,2,2,2,2,1,2,3,3,3,2,7,7,5,5,4,5,6,4,4,1,40,4,1,1,1,40,4800,3000,0,16101,건축기사1급 안전교육 침체,건축공학
34025,2,2,3,3,2,1,3,4,2,2,3,2,2,3,4,5,3,3,3,2,2,2,1,0,3,3,4,3,3,3,3,3,2,3,1,0,3,3,4,3,2,2,3,3,4,3,2,2,3,3,1,0,3,3,1,0,1,0,1,0,1,0,3,4,1,0,1,0,3,3,1,0,1,0,4,4,3,3,3,3,4,4,3,4,4,3,2,3,3,4,4,3,3,1,4,3,2,1,3,3,4,1,3,2,2,1,1,4,1,2,3,2,4,3,3,3,3,4,4,3,3,2,2,4,3,3,3,2,3,2,4,3,3,2,1,3,5,4,3,3,4,5,2,2,2,2,2,2,2,2,2,2,2,2,2,2,1,7,8,9,5,6,7,7,5,4,1,42,2,2,5,1,40,0,0,3000,901101,농업교육 농업 기계화 자동화,문과
34026,2,4,2,3,1,0,3,5,3,5,3,4,1,0,3,4,4,4,4,4,3,3,4,4,3,3,4,4,2,2,4,4,2,2,1,0,4,4,4,2,4,2,4,4,2,5,1,0,4,3,4,2,4,3,2,3,2,5,3,3,3,2,3,3,4,2,4,4,2,4,4,4,4,4,4,5,4,3,5,3,2,4,2,4,4,4,2,4,4,3,2,4,4,3,3,4,3,2,3,3,4,5,1,2,2,2,0,3,5,4,3,3,3,3,2,4,5,4,4,4,4,4,3,4,5,4,4,3,4,4,3,4,4,3,3,3,4,4,4,3,3,3,2,2,2,2,2,2,2,2,2,3,3,3,2,2,2,3,7,6,5,7,7,7,4,5,1,40,2,1,1,1,35,3800,3000,0,853101,기계 사람 대신,상고
34027,2,2,4,4,2,2,2,3,2,3,1,0,1,0,3,4,3,3,1,0,4,4,3,3,3,4,1,0,1,0,1,0,1,0,1,0,2,3,3,3,2,3,2,4,2,2,1,0,2,2,1,0,2,2,1,0,2,2,3,4,1,0,2,2,3,4,3,4,3,3,3,4,1,0,3,4,3,3,3,5,2,3,3,4,4,4,2,3,3,3,2,3,2,1,2,2,2,1,1,4,3,3,1,2,2,1,1,4,2,3,2,1,3,2,1,2,2,2,3,3,4,3,3,2,4,2,3,5,3,3,3,4,2,3,1,1,2,3,3,1,4,4,2,2,2,2,2,2,2,2,2,1,2,3,3,3,2,7,6,5,8,6,5,6,4,5,1,41,3,1,1,1,40,3800,2300,0,813201,현장 실무 교육 경제 여건,전기
34028,3,4,3,3,3,3,3,4,3,4,4,3,4,3,2,5,2,4,4,4,3,3,3,3,3,3,3,4,4,4,4,5,4,4,4,5,4,3,4,3,3,3,4,3,4,3,4,4,4,5,3,4,4,5,4,4,3,4,4,5,4,4,3,4,3,4,3,5,3,4,4,5,4,5,3,4,3,4,4,4,4,5,4,5,4,5,4,5,4,3,4,4,4,3,3,4,3,4,3,3,3,18,1,2,2,2,0,6,5,4,3,4,4,4,4,5,4,4,5,5,4,3,3,4,4,4,3,3,4,4,4,4,3,4,4,4,4,3,4,4,4,4,1,2,2,2,2,2,2,1,1,2,2,3,3,3,1,7,6,5,5,4,5,6,4,5,1,53,4,2,5,1,52,0,0,6000,416102,시스템 개발 기술 도입 자동화 일자리 감소,사회학
34029,3,5,4,5,4,5,4,5,4,6,4,5,4,5,4,5,4,5,4,5,4,4,4,5,4,5,3,4,4,4,4,5,3,5,3,5,3,4,4,5,3,4,4,5,3,4,4,5,4,5,3,4,4,4,4,4,3,5,4,4,3,4,4,4,3,4,3,5,4,5,3,5,3,5,3,5,4,5,3,5,4,4,3,5,3,4,4,4,4,4,3,3,3,4,3,3,3,4,4,3,3,13,1,2,1,1,4,3,4,4,3,3,4,3,3,3,4,3,3,3,2,3,3,4,3,3,2,3,2,2,3,4,3,3,3,3,3,3,4,3,3,3,2,2,2,2,2,2,2,2,2,2,2,3,3,3,1,8,7,6,7,7,7,7,6,7,1,42,3,1,1,1,42,5700,3500,0,821201,금속재료기능사 열처리기능사 실무교육 기술 개발,기계
34030,4,3,4,4,3,4,2,3,4,4,4,4,4,4,4,3,2,4,3,3,4,4,4,5,3,4,3,3,2,4,3,3,2,4,2,4,3,4,2,3,4,4,4,4,3,5,2,4,1,0,2,4,5,4,5,3,4,4,4,4,5,4,4,3,4,4,4,4,3,4,3,4,4,4,2,4,2,4,1,0,1,0,1,0,2,5,1,0,5,4,3,3,4,3,4,4,3,4,4,4,3,13,1,2,2,2,0,4,4,4,4,3,4,4,3,3,3,3,4,3,3,2,2,4,3,2,3,1,3,3,5,5,3,4,2,2,4,4,3,3,4,5,2,2,2,2,2,2,2,2,2,2,3,3,2,3,1,1,3,1,7,3,2,2,4,7,1,30,4,1,1,1,48,3100,2700,0,133201,디지털 콘텐츠 시장 증가,전자공학
34031,3,3,2,2,2,2,2,2,3,3,3,3,3,3,3,4,1,0,3,4,4,5,2,2,3,4,2,2,2,2,4,4,1,0,1,0,4,6,1,0,1,0,1,0,2,2,4,4,2,2,3,3,3,3,3,4,1,0,1,0,1,0,1,0,3,4,3,4,2,2,2,2,2,2,3,3,2,2,1,0,1,0,1,0,4,4,3,4,3,2,3,3,4,4,3,3,2,4,4,2,3,10,1,2,2,1,2,7,4,4,4,4,4,4,3,3,3,4,4,3,1,5,5,4,1,2,2,1,3,3,4,5,4,3,2,2,3,4,1,2,4,4,2,2,1,2,2,2,2,2,2,2,4,3,3,3,1,5,5,5,5,5,5,5,5,5,1,38,4,1,1,1,48,3600,2300,0,415502,캐릭터 구성 훈련 전반적인 직무학습 시뮬레이션 기기 도입 스마트 기기 발달 게임 대한 접근성 증대,컴퓨터그래픽
34032,1,0,1,0,1,0,1,0,1,0,1,0,1,0,2,3,3,4,1,0,1,0,1,0,3,4,3,4,2,3,1,0,1,0,1,0,1,0,1,0,4,4,1,0,2,3,1,0,1,0,1,0,2,3,1,0,1,0,1,0,3,4,1,0,2,3,1,0,1,0,1,0,2,3,1,0,2,3,1,0,3,4,1,0,2,3,1,0,3,2,3,4,4,3,4,3,3,2,3,3,4,8,1,2,2,2,0,7,5,4,3,3,4,3,4,4,3,3,4,4,2,3,4,3,3,2,3,3,3,4,4,3,3,2,3,3,4,4,4,3,3,2,2,2,2,2,2,2,2,2,2,1,3,3,2,3,1,3,4,5,4,6,4,6,5,7,1,44,4,1,1,1,46,5111,3600,0,28203,항공 관련 이용 편이,산업공학
34033,5,7,5,7,5,7,5,7,5,6,4,6,5,6,4,5,5,6,4,5,4,5,4,5,3,5,3,5,3,5,4,5,2,4,3,5,5,7,4,6,3,4,2,3,2,3,2,2,2,2,4,5,4,4,2,2,2,1,2,1,2,1,2,1,2,1,2,1,2,1,2,1,4,6,2,1,2,1,2,1,2,2,2,2,2,3,2,3,4,4,4,3,3,4,4,4,4,4,4,4,4,16,5,5,2,2,0,6,7,5,4,5,4,4,3,4,4,4,4,4,2,3,3,4,4,3,4,2,5,5,4,4,5,5,2,5,5,4,4,2,3,4,2,2,2,2,2,2,2,2,2,2,2,3,3,3,1,6,3,3,7,6,6,7,7,7,1,61,6,1,1,1,50,8000,4000,0,110101,철학 학령 인구 감소,서양철학
34034,3,2,4,4,2,2,3,3,4,3,4,5,5,5,4,5,4,5,4,5,4,5,4,5,4,6,4,5,3,3,3,3,4,4,3,3,3,4,3,3,2,2,3,3,2,2,4,5,4,4,3,4,4,5,3,4,3,4,4,4,2,3,5,5,4,5,4,5,4,5,4,6,4,6,4,6,4,5,4,5,4,5,3,3,5,5,4,5,4,3,3,4,4,2,4,4,3,4,4,4,4,3,1,2,1,2,0,6,4,4,4,4,4,4,2,4,3,4,4,4,3,3,3,4,3,4,4,4,3,3,3,4,4,5,3,3,4,4,3,2,4,4,2,2,2,2,2,2,2,2,2,3,2,3,3,3,2,2,8,2,2,2,2,2,8,8,1,55,3,1,1,1,40,3700,2500,0,815001,생산자동화산업기사 자동 시스템 장비 기술 변화,인문학
34035,4,5,5,6,3,4,5,6,4,5,4,5,4,5,5,5,4,5,5,6,4,5,4,6,5,7,4,6,5,6,5,6,4,6,4,6,5,7,5,7,4,6,4,6,5,7,5,6,5,6,5,6,5,6,5,7,5,7,5,7,4,6,5,6,5,6,5,6,5,6,5,6,5,6,4,6,4,5,3,4,4,6,4,5,4,6,5,6,5,4,3,4,4,4,3,4,3,5,5,3,3,6,1,2,1,2,0,6,4,3,2,2,4,4,3,3,3,4,4,4,4,3,3,3,4,4,3,3,4,3,3,4,3,4,3,4,4,3,4,3,4,4,2,2,2,2,2,2,2,2,2,1,2,3,3,3,2,9,9,8,2,1,8,1,8,2,1,57,4,2,5,1,40,0,0,8000,16101,산업안전기사증 건설 경기 침체,건축공학
34036,2,3,2,2,1,0,1,0,1,0,2,3,1,0,2,3,2,3,2,2,1,0,2,3,1,0,2,2,3,3,3,3,2,2,1,0,1,0,3,3,3,3,2,2,3,3,3,3,3,3,3,3,3,3,2,3,2,4,2,2,1,0,1,0,1,0,2,2,2,1,1,0,2,2,2,3,3,4,1,0,3,3,3,3,2,2,2,2,3,2,3,4,3,4,3,2,2,3,3,2,3,6,1,2,2,2,0,1,2,3,2,3,4,3,4,4,3,3,4,3,3,4,3,3,3,4,3,4,3,3,4,3,4,4,5,4,4,5,4,4,4,4,2,2,2,2,2,2,2,2,2,1,3,3,3,3,2,5,5,5,3,2,2,4,3,4,1,42,2,1,3,2,60,3800,1900,0,702101,모름,실업계
34037,4,5,4,7,4,6,4,6,4,6,4,6,4,6,4,6,4,5,4,5,4,5,4,6,4,5,4,5,4,5,4,5,4,5,4,5,4,4,4,4,4,4,4,5,4,5,4,5,4,5,4,5,4,6,4,6,4,6,4,5,4,4,3,3,3,3,4,5,4,6,4,6,4,5,4,5,3,4,4,5,4,6,3,3,4,6,4,5,4,3,4,4,4,4,5,4,4,4,5,4,4,18,1,2,1,1,3,2,5,4,4,4,4,4,4,5,4,4,5,5,3,4,4,3,4,4,4,3,4,4,3,4,3,4,3,4,4,4,5,4,4,3,2,2,2,2,2,2,2,2,2,1,3,3,3,3,2,9,9,1,1,1,1,2,9,9,1,55,4,1,1,1,40,4300,2800,0,416105,무대예술전문인 촬영현장 관찰 정보검토 배치 확인 변화,연극
34038,1,0,3,5,2,3,5,7,1,0,1,0,5,6,2,2,2,4,2,4,1,0,2,3,3,4,2,5,5,6,4,5,5,6,5,6,2,4,5,5,2,3,5,6,2,2,2,3,2,2,2,3,2,2,1,0,2,4,1,0,2,5,1,0,2,4,1,0,1,0,2,4,1,0,1,0,1,0,4,4,1,0,1,0,1,0,1,0,5,2,5,4,4,4,1,5,1,1,5,1,5,18,1,1,2,2,0,1,2,3,2,2,3,4,4,3,3,3,3,3,4,2,2,4,3,2,2,3,3,4,4,4,3,4,4,5,5,5,4,4,4,5,2,1,2,2,1,2,2,2,2,1,3,3,3,3,2,8,3,4,7,2,7,7,3,6,1,33,4,2,5,1,40,0,0,3500,417102,시스템 개발 기계 대체 불가,경영학
34039,4,6,4,5,3,5,2,3,4,5,3,5,3,3,4,4,3,5,1,0,2,3,2,4,2,3,2,2,1,0,1,0,1,0,1,0,2,3,1,0,3,4,1,0,3,4,1,0,2,3,1,0,4,4,4,5,3,4,4,4,3,5,3,5,3,4,3,4,2,4,3,4,1,0,1,0,1,0,1,0,1,0,1,0,2,4,1,0,4,3,4,4,4,4,3,2,3,4,4,4,3,3,1,5,1,2,0,2,5,4,4,3,3,4,3,3,4,3,4,3,2,4,4,4,3,2,4,1,4,2,5,4,3,3,3,3,2,4,3,2,3,3,2,2,2,2,2,2,2,2,2,2,4,3,3,3,2,7,6,6,4,3,2,7,4,3,1,36,4,1,1,1,40,6700,4000,0,154101,화학분석기사 산업기사 신재생에너지 대체에너지 발굴 증가 보임,화학공학
34040,2,2,2,3,2,2,2,3,2,1,2,1,2,1,2,2,2,2,2,2,2,3,2,3,2,3,2,2,2,2,2,3,2,2,2,3,2,3,2,2,2,3,2,3,2,3,2,1,2,3,2,2,2,2,2,2,2,2,1,0,1,0,2,2,2,3,2,2,1,0,1,0,2,2,2,3,2,1,2,2,2,3,2,2,2,2,2,1,3,2,1,3,3,1,2,3,2,1,3,1,3,6,1,4,2,2,0,3,2,3,2,2,3,4,2,4,9,3,4,3,2,3,4,3,2,3,4,3,2,2,4,3,2,3,3,2,3,3,2,3,3,2,2,2,2,2,2,2,2,2,2,1,4,3,3,3,2,6,7,5,4,4,5,5,4,4,1,50,4,1,1,1,46,4100,2550,0,706001,재건축,디자인
34041,4,4,3,4,4,4,4,4,3,5,3,3,4,5,4,5,4,5,4,6,4,5,4,5,3,5,4,6,4,5,4,5,4,5,4,5,4,5,4,5,4,5,4,5,4,5,4,5,4,6,4,6,4,6,5,6,4,5,4,5,4,5,4,5,4,5,4,5,4,6,4,5,4,5,4,5,4,4,4,5,4,5,4,5,4,6,1,0,4,4,4,3,4,4,3,4,3,4,4,3,3,10,1,4,2,2,0,7,5,4,3,3,4,3,3,3,4,3,3,3,3,4,3,3,4,4,3,3,2,3,3,3,4,3,3,2,3,3,4,3,3,3,2,2,2,2,2,2,2,2,2,1,5,3,3,3,1,6,7,6,4,3,4,6,4,3,1,38,4,1,1,1,40,6400,4000,0,131203,인터넷 모바일 사용 증가 통신망 필요 증가,전기전자공학
34042,3,4,4,5,4,6,3,5,4,6,4,6,4,6,4,5,3,5,4,5,4,6,4,6,4,6,3,5,3,5,3,4,2,4,2,4,3,4,1,0,2,3,4,5,4,5,4,6,4,5,4,5,4,5,4,5,4,5,4,6,4,6,3,4,4,5,4,5,4,5,3,4,3,4,4,5,4,5,4,5,4,6,4,5,3,4,3,4,4,3,3,4,4,4,4,4,3,4,3,3,4,13,1,2,1,1,3,5,7,4,4,4,4,4,4,4,4,4,5,4,2,4,4,2,2,3,3,3,4,4,4,5,3,4,5,5,4,4,4,4,5,4,2,2,2,2,2,2,2,2,2,2,3,1,1,1,1,1,1,1,6,3,6,8,3,7,1,32,5,1,1,1,40,4000,2500,0,151102,운전 면허증 CAT 1급 자격증 현장 조사 실습 플랜트 산업 발전 둔화 때문,에너지공학
34043,4,5,5,6,4,5,4,5,3,4,3,3,4,5,4,5,2,2,1,0,1,0,3,4,4,5,3,4,3,3,2,3,3,4,3,3,4,5,3,4,4,2,3,4,1,0,1,0,1,0,3,4,1,0,1,0,1,0,1,0,3,4,1,0,1,0,1,0,1,0,1,0,1,0,1,0,1,0,1,0,1,0,1,0,2,3,2,2,3,3,4,3,4,4,3,4,4,4,3,3,4,18,1,2,2,2,0,2,5,4,3,3,4,5,4,3,4,3,4,4,4,4,4,2,3,3,4,3,3,3,2,3,4,3,3,4,4,4,3,3,4,4,2,2,2,2,2,2,2,2,2,1,4,3,3,3,2,9,8,1,2,7,8,8,7,2,1,33,4,1,1,1,42,2600,2300,0,24402,문화 관련 사업 발전 여서,연극영화
34044,3,4,3,4,2,2,4,4,2,2,2,2,2,3,3,3,3,3,2,3,2,2,4,5,3,3,2,2,3,4,2,2,2,2,2,3,5,3,5,4,2,2,3,4,3,4,2,2,3,2,2,3,3,4,1,0,2,2,1,0,2,2,1,0,1,0,2,2,1,0,1,0,2,2,1,0,5,5,1,0,3,4,5,6,3,3,3,4,4,4,4,3,4,1,4,2,3,4,4,4,5,16,5,1,1,2,0,7,2,4,3,3,4,4,3,3,9,9,9,3,2,4,4,4,5,4,4,3,4,2,3,5,4,4,3,5,5,4,4,3,4,3,2,2,2,2,2,2,2,2,2,1,3,3,2,2,2,6,7,7,5,5,5,4,4,5,1,34,3,2,6,1,48,0,0,4500,420401,사범자격증 생활체육지도자 2급 심판자격증 저출산 아동 감소,사회체육학
34045,1,0,1,0,1,0,1,0,1,0,1,0,1,0,1,0,1,0,3,4,2,1,2,2,4,5,1,0,1,0,1,0,1,0,1,0,2,2,1,0,1,0,3,2,2,2,1,0,1,0,1,0,1,0,2,1,2,1,1,0,1,0,1,0,1,0,2,2,2,2,2,2,1,0,5,7,4,3,3,2,3,4,4,5,4,5,1,0,3,3,4,4,2,1,3,3,3,2,2,2,4,1,4,1,2,2,0,7,1,3,3,4,3,3,3,3,9,9,9,3,2,4,4,3,3,4,3,2,3,3,3,5,4,3,2,2,2,4,3,1,3,3,2,2,2,2,2,2,2,2,2,1,2,3,3,3,2,7,7,9,4,7,7,4,7,7,2,66,1,2,6,1,32,0,0,2700,904201,환경오염 산자,0
34046,4,4,2,5,2,1,2,1,3,2,1,0,1,0,5,3,3,3,4,3,3,3,4,4,4,3,2,3,1,0,4,4,1,0,1,0,4,3,1,0,4,4,3,3,4,4,2,3,5,3,4,3,3,3,4,4,2,3,4,3,2,2,4,3,5,4,4,4,5,3,4,3,1,0,4,4,4,4,3,3,2,3,1,0,2,1,1,0,2,2,4,3,2,3,2,2,1,4,2,2,3,3,1,2,2,2,0,2,2,2,3,3,4,2,3,3,2,4,4,5,2,4,3,3,4,4,3,5,3,4,4,4,2,4,3,3,5,2,2,4,3,4,2,2,2,2,2,2,2,2,2,2,3,3,2,2,2,8,6,7,6,3,4,5,8,7,1,37,3,1,1,1,40,3700,3200,0,821101,제조업 해외 이전 수요 감소,기계
34047,2,3,4,4,2,3,2,3,1,0,1,0,4,4,3,4,3,4,4,4,4,4,4,4,4,4,3,4,4,4,4,4,3,4,2,4,4,4,4,4,3,3,4,5,3,4,1,0,2,3,4,5,3,4,2,2,3,5,1,0,1,0,1,0,3,4,4,4,3,4,3,4,1,0,4,4,3,4,3,4,4,5,4,4,4,4,4,5,4,5,2,2,4,4,1,4,2,4,4,4,2,18,5,2,2,2,0,5,6,3,3,3,5,5,5,4,3,3,3,4,3,3,4,3,3,4,3,3,3,4,3,3,4,4,4,4,3,3,2,2,2,4,2,2,2,2,2,2,2,2,2,1,3,2,2,2,1,6,5,7,6,3,4,7,6,3,1,54,4,1,1,1,45,5200,3400,0,414401,공란,음악
34048,1,0,1,0,1,0,4,5,3,5,3,4,2,3,3,5,2,4,2,3,4,4,3,4,1,0,1,0,4,4,4,5,3,4,4,5,4,4,1,0,1,0,4,6,4,5,3,4,4,6,3,4,4,5,2,3,4,5,4,5,4,5,2,3,4,4,4,6,4,5,3,5,4,5,3,4,4,5,4,5,3,5,3,2,3,3,2,4,4,3,4,2,2,3,4,4,3,3,4,3,4,18,1,5,1,2,0,4,5,3,4,4,4,4,3,5,4,5,4,4,4,4,3,4,3,3,4,4,3,4,4,4,3,5,4,4,5,4,3,3,4,5,2,2,2,2,2,2,2,2,2,3,2,2,2,2,1,4,5,7,6,7,8,6,7,5,1,43,4,2,5,1,45,0,0,5500,24301,여행기획상품자격자 출산 저조,공간디자인
34049,3,4,2,3,2,3,3,4,3,4,3,4,3,4,3,4,3,3,3,5,3,4,3,4,3,4,3,4,3,4,4,5,2,2,2,4,3,4,3,4,4,5,4,5,4,5,3,4,2,3,1,0,4,5,4,5,4,5,1,0,1,0,3,5,2,3,4,5,2,3,3,4,3,4,3,4,2,4,4,5,4,6,3,4,4,5,4,5,3,3,2,3,3,2,3,3,2,3,2,3,3,6,1,1,1,2,0,4,3,4,4,4,5,5,4,2,2,3,2,3,3,4,4,3,3,3,4,3,3,3,3,3,4,4,4,4,4,4,4,3,4,4,2,2,2,2,2,2,2,2,2,1,1,2,2,3,1,6,3,4,3,3,6,5,6,7,2,53,2,2,5,1,32,0,0,4300,702401,타일기능사 상태 유지,문과
34050,4,5,3,4,4,5,3,4,2,3,2,3,3,4,4,5,5,7,4,5,4,4,3,4,5,6,1,0,1,0,1,0,1,0,1,0,3,4,3,4,4,6,1,0,2,2,1,0,3,4,1,0,3,5,3,3,4,5,5,6,2,2,4,5,4,5,4,6,5,7,5,7,3,4,4,6,4,6,3,5,4,5,4,5,5,6,4,5,4,4,3,4,4,2,3,5,2,4,4,3,4,8,1,2,1,1,5,5,4,3,3,3,4,3,3,3,3,3,4,4,4,3,3,3,3,4,2,3,2,2,3,4,4,4,2,2,4,4,4,3,3,3,2,2,2,2,2,2,2,2,2,2,3,2,2,2,2,7,4,5,5,4,5,7,6,5,1,30,4,1,1,1,42,2700,2300,0,812101,항공기정비원 정비실습 향후 변동 예상,항공기계
34051,4,6,4,6,4,6,4,6,4,6,4,5,4,6,4,5,4,4,4,5,4,5,4,5,4,4,4,5,4,5,4,5,4,5,4,4,4,4,4,4,4,4,4,4,4,4,4,4,4,5,4,5,4,4,4,5,4,4,4,5,4,5,4,5,4,3,4,4,4,4,4,5,4,5,4,5,4,5,4,5,4,5,4,5,4,5,4,4,4,4,4,4,4,3,3,4,3,4,4,4,4,11,3,4,2,2,0,4,5,4,4,4,4,4,4,4,4,4,4,4,2,4,4,4,4,4,4,3,4,4,4,4,4,4,3,4,4,4,3,3,4,5,2,2,2,2,2,2,2,2,2,3,3,3,3,3,2,7,7,7,7,7,7,7,7,7,1,31,4,1,1,1,40,4300,3500,0,32301,시대 막론 건강,통계학
34052,3,3,3,4,3,3,3,4,2,3,3,4,4,6,4,5,4,5,4,5,4,5,4,5,4,5,4,5,4,5,4,6,4,5,4,5,4,5,4,5,4,5,4,5,4,5,4,5,4,5,4,6,2,2,2,2,2,2,2,3,4,4,4,4,3,4,3,4,2,4,3,4,3,3,3,5,3,4,4,5,3,4,3,4,4,5,3,4,3,4,4,4,3,4,4,4,3,3,2,3,4,18,1,4,2,2,0,7,5,4,4,4,2,3,3,4,4,4,3,4,1,4,4,3,4,2,5,4,4,4,4,4,3,2,3,4,4,4,3,3,3,4,2,2,2,2,2,2,2,2,2,1,5,2,2,2,1,7,8,6,3,2,3,7,4,3,1,35,4,1,1,1,34,6300,5000,0,416104,광고 제작 요구 증가,광고영상
34053,3,6,3,4,1,0,1,0,1,0,1,0,1,0,1,0,1,0,1,0,1,0,1,0,4,5,1,0,1,0,1,0,1,0,1,0,1,0,1,0,4,5,3,4,1,0,1,0,1,0,1,0,1,0,4,6,4,6,5,5,1,0,1,0,4,6,4,6,5,5,5,6,1,0,1,0,1,0,1,0,4,5,1,0,3,4,3,4,4,4,3,4,3,1,3,4,2,3,5,5,4,13,1,2,1,1,1,7,5,4,3,3,4,4,4,4,4,4,4,4,2,4,4,5,2,2,3,4,2,4,4,4,3,3,3,4,4,4,3,2,3,4,2,2,2,2,2,2,2,2,2,1,3,2,2,2,1,7,8,8,3,2,4,7,4,3,1,32,4,1,1,1,40,3000,2500,0,831301,전기기사자격증 실무업무 변화,전기공학
34054,4,6,2,3,1,0,4,2,3,4,3,3,1,0,3,1,3,2,5,2,5,3,3,5,4,2,3,1,1,0,4,5,1,0,1,0,4,5,1,0,4,3,5,2,2,1,1,0,3,1,3,2,4,4,4,5,2,4,1,0,1,0,3,2,4,3,5,2,4,2,2,2,4,4,1,0,4,2,2,3,4,3,1,0,1,0,1,0,4,5,2,3,4,4,5,3,4,3,5,4,4,6,1,2,1,2,0,3,5,5,4,4,4,5,5,4,3,5,5,3,4,3,4,4,3,3,4,4,5,3,4,4,5,3,4,4,5,5,4,3,3,4,2,2,2,2,2,2,2,2,2,1,4,3,3,3,1,4,3,4,6,7,7,7,7,5,1,35,4,1,1,1,40,3600,3200,0,158201,소방설비기사 안전 대한 부분 강화 설계 시공 강조,제어계측공학
34055,1,0,1,0,1,0,1,0,1,0,1,0,1,0,1,0,1,0,1,0,1,0,1,0,1,0,1,0,1,0,1,0,1,0,1,0,1,0,1,0,3,3,2,3,2,2,2,2,2,3,1,0,1,0,1,0,1,0,1,0,1,0,2,3,1,0,1,0,1,0,1,0,1,0,1,0,3,4,2,3,2,3,2,3,1,0,1,0,4,3,3,3,3,2,3,2,3,2,3,3,2,1,4,1,2,2,0,7,1,2,3,3,4,3,3,3,4,3,4,3,2,3,3,3,3,2,4,3,2,2,3,2,2,2,2,2,2,2,2,2,2,3,2,2,2,2,2,2,2,2,2,2,2,3,3,3,2,4,5,4,3,2,3,5,4,4,1,48,3,2,6,1,50,0,0,5000,902201,수입 물량 증가 추세,영문
34056,5,7,5,7,5,7,5,7,5,7,5,6,1,0,4,5,5,7,4,6,1,0,4,6,5,6,4,5,4,5,4,6,4,6,1,0,5,7,4,6,4,6,4,6,3,5,3,4,1,0,2,2,2,2,1,0,1,0,1,0,5,7,4,6,2,3,1,0,1,0,1,0,1,0,1,0,1,0,1,0,1,0,1,0,3,5,2,3,2,3,2,3,4,3,5,2,4,4,3,5,4,15,2,2,2,2,0,5,4,5,5,4,4,3,4,4,3,4,4,4,2,4,4,4,4,2,4,3,2,3,4,4,4,4,4,5,5,5,4,3,5,4,2,2,2,2,2,2,2,2,2,1,3,3,3,3,2,8,2,2,2,3,2,5,3,5,1,32,4,1,1,1,40,3500,2300,0,25402,직업 변화 일자리,국문학
34057,4,5,3,4,3,4,4,4,4,5,4,5,4,4,4,4,3,4,4,4,3,5,3,4,3,4,3,5,3,4,4,4,4,5,3,4,3,4,3,4,4,4,3,5,3,5,3,5,4,5,3,3,3,4,4,4,4,4,4,5,3,5,3,4,3,4,3,4,4,4,3,4,3,5,4,7,3,6,4,5,3,5,3,4,3,4,4,4,3,3,4,3,3,4,3,3,3,3,2,3,4,17,1,2,1,2,0,3,4,3,4,3,4,3,3,4,4,4,3,3,2,3,3,2,3,2,3,3,2,3,4,4,4,3,3,3,3,4,3,3,3,2,2,2,2,2,2,2,2,2,2,1,3,3,3,3,2,5,4,3,4,4,4,5,6,4,1,39,3,1,1,1,40,3500,2000,0,306301,치과기공사 자격증 사람 필요 때문,치기공
34058,2,3,3,4,2,3,3,4,3,5,4,5,1,0,3,5,3,5,2,4,3,4,4,4,2,3,3,2,4,4,4,4,1,0,1,0,2,4,3,3,2,5,1,0,3,4,1,0,2,4,3,5,2,4,1,0,1,0,1,0,1,0,1,0,1,0,3,5,4,6,3,5,1,0,4,5,3,5,4,6,3,5,4,3,3,5,2,2,4,3,4,4,4,1,4,3,2,3,4,4,3,15,2,2,2,2,0,2,3,3,4,4,4,3,3,4,3,3,2,3,3,2,4,2,3,4,3,4,3,4,4,4,4,3,3,2,2,3,4,4,3,4,2,2,2,2,2,2,2,2,2,2,4,3,3,3,2,3,8,8,7,7,5,3,4,7,1,35,2,1,1,1,40,3300,3000,0,561201,쓰레기 증가,문과
34059,4,4,4,5,2,3,2,4,2,4,3,3,2,3,3,5,3,5,5,4,4,5,3,4,4,5,2,2,3,3,5,7,2,2,1,0,2,3,3,4,4,5,4,4,5,6,1,0,1,0,1,0,1,0,1,0,4,5,4,4,2,3,2,2,4,3,4,4,4,3,4,4,3,3,3,4,4,5,4,5,5,5,3,5,3,4,3,5,4,4,1,3,4,1,4,2,2,3,4,4,2,15,2,2,1,1,2,7,5,4,4,3,4,4,2,2,3,4,5,4,2,4,4,4,3,4,2,5,3,3,5,5,2,4,3,4,4,4,4,3,4,4,2,2,2,2,2,2,2,2,2,1,4,3,3,3,2,5,6,7,6,6,6,6,4,1,1,41,3,1,1,1,55,4300,2700,0,240201,소방설비기사 위험물기능사 화재감식기사 화재진압 예방에 필요한 훈련 국민 안전 대한 관심 가지 안전 대한 의식,전기
34060,4,4,4,4,4,5,3,5,3,5,3,5,4,4,4,4,3,4,4,5,3,4,4,5,4,5,3,5,3,5,3,5,3,5,3,5,3,5,3,5,3,5,3,5,3,5,3,5,4,5,3,5,3,5,3,5,3,5,3,5,3,5,3,5,3,5,3,5,3,5,3,5,3,5,3,5,3,5,4,5,3,5,3,5,4,4,4,4,4,4,3,4,3,4,3,3,4,3,4,3,4,18,1,1,2,2,0,1,5,4,3,4,4,3,3,3,9,9,9,3,2,3,4,4,3,3,4,3,3,3,3,4,4,3,3,4,4,3,4,3,4,3,2,2,2,2,2,2,2,2,2,2,2,2,2,2,1,8,7,8,7,7,7,7,7,7,2,48,4,2,5,1,40,0,0,6500,14103,인구 감소,호텔경영
34061,5,5,5,5,4,5,4,5,3,4,4,5,3,4,4,5,4,5,4,6,4,5,4,5,4,5,3,4,3,4,4,5,3,5,4,5,2,3,1,0,3,5,5,6,3,4,4,5,2,3,2,3,1,0,1,0,1,0,1,0,3,4,2,3,1,0,1,0,1,0,1,0,3,4,1,0,1,0,2,3,3,4,2,3,4,5,2,4,4,3,4,4,3,4,4,4,3,4,4,4,4,3,1,2,1,2,0,5,5,4,4,4,4,5,4,4,4,4,4,4,3,3,3,4,4,3,4,1,2,3,5,5,4,4,3,3,4,4,4,3,4,4,2,2,2,2,2,2,2,2,2,2,3,2,2,2,1,3,3,3,4,6,6,7,7,7,1,32,4,1,1,1,48,3500,3100,0,612201,비즈니스영어회화 운전면허증 우리나라 무역 규모 성장,경영학
34062,4,5,5,6,2,3,3,5,3,4,4,5,4,5,3,4,3,4,1,0,3,4,4,5,5,6,5,6,3,4,4,5,2,3,2,4,4,5,4,5,3,4,3,4,4,5,3,4,3,4,2,4,4,5,4,4,4,5,5,5,1,0,3,4,5,5,4,5,5,5,5,5,1,0,4,5,4,5,3,3,3,3,3,3,4,3,2,2,4,3,5,4,4,1,4,4,3,4,4,3,4,13,1,2,1,2,0,7,4,3,3,3,4,3,3,3,4,3,4,4,2,4,4,3,4,4,3,3,2,4,3,4,3,4,5,4,4,5,5,4,5,3,2,2,2,2,2,2,2,2,2,2,4,2,2,3,2,5,6,7,3,3,4,4,3,5,1,49,3,1,1,1,40,6000,2600,0,306701,보조기사 자격증 자동차 오토바이 사고,의료공학
34063,4,6,4,6,4,5,3,4,4,6,5,7,3,4,3,4,4,6,3,5,3,4,2,3,2,3,3,4,3,4,2,4,4,5,3,4,2,3,2,2,4,5,3,4,4,5,3,4,2,3,2,3,3,4,2,3,1,0,1,0,2,2,3,3,3,5,2,3,2,3,2,2,2,2,1,0,1,0,1,0,1,0,1,0,2,3,2,3,4,4,3,4,4,3,4,4,3,3,3,2,3,6,1,2,1,2,0,1,5,4,4,4,4,4,4,4,4,4,3,4,4,4,4,2,3,3,4,3,3,4,3,4,3,4,4,4,3,4,3,4,4,4,2,2,2,2,2,2,2,2,2,1,3,3,3,3,2,2,3,2,3,4,3,3,6,7,1,48,4,1,1,1,40,8000,4000,0,155203,에너지관리기사 변화,에너지자원공학
34064,4,6,5,7,5,6,4,6,4,6,5,6,4,5,3,4,4,6,4,6,4,5,4,5,4,6,5,7,5,6,4,6,5,7,4,7,4,5,3,5,5,7,3,3,3,3,1,0,1,0,5,6,1,0,1,0,1,0,1,0,1,0,1,0,1,0,1,0,1,0,1,0,1,0,1,0,1,0,1,0,1,0,1,0,1,0,1,0,5,4,1,4,5,2,2,5,2,4,5,5,3,15,2,6,2,2,0,7,5,4,5,4,4,5,5,4,3,3,4,4,3,4,3,4,3,3,3,3,3,4,3,4,4,4,4,5,4,5,4,4,5,4,2,2,2,2,2,2,2,2,2,1,2,3,3,3,2,4,3,4,2,2,2,8,7,9,1,52,5,1,1,1,40,8500,8000,0,11102,인구 감소 관리자,전기공학
34065,5,6,5,7,5,5,4,5,5,6,5,6,5,6,4,6,4,6,3,4,3,4,3,4,3,3,3,3,3,3,3,4,3,3,3,4,2,3,2,4,4,5,4,5,3,5,3,4,3,5,3,4,2,3,2,2,2,2,2,2,2,2,1,0,1,0,2,2,2,2,1,0,1,0,1,0,1,0,2,2,1,0,1,0,1,0,2,1,5,5,4,4,5,4,4,3,4,3,3,3,3,19,3,3,2,2,0,3,6,3,3,3,4,4,3,4,4,3,3,4,2,4,4,3,3,3,3,3,3,3,4,4,4,4,2,2,4,4,4,3,3,4,2,2,2,2,2,2,2,2,2,2,3,3,3,3,2,5,4,5,6,6,5,6,6,3,1,52,6,1,1,1,45,4500,2500,0,110102,상태 유지,사학
34066,2,3,2,3,2,1,3,4,2,3,2,1,2,1,2,2,3,4,1,0,1,0,2,1,2,3,3,4,3,4,3,4,2,1,1,0,2,2,3,4,2,3,3,4,2,3,3,4,3,4,3,3,2,2,2,1,2,2,2,2,1,0,2,3,3,4,2,2,2,2,2,3,2,2,2,1,2,2,2,1,2,3,2,2,2,2,2,2,3,2,3,4,3,4,2,4,3,2,3,2,3,18,4,2,2,2,0,7,2,3,3,3,3,4,3,3,9,9,4,4,2,4,3,3,2,3,4,3,2,2,4,4,2,3,4,2,3,4,2,3,3,3,2,2,2,2,2,2,2,2,2,3,2,2,2,2,2,7,6,5,4,4,6,4,3,5,1,59,2,2,6,1,40,0,0,4200,616201,대체 자원,문과
34067,2,3,5,6,1,0,3,4,1,0,1,0,3,4,1,0,2,2,1,0,1,0,3,4,2,2,2,2,3,4,2,2,1,0,1,0,4,5,4,5,1,0,1,0,3,4,1,0,2,3,2,2,1,0,1,0,1,0,1,0,1,0,3,4,1,0,1,0,1,0,1,0,1,0,1,0,1,0,1,0,1,0,1,0,2,3,1,0,3,4,4,3,3,4,4,1,4,3,4,4,4,3,1,1,2,2,0,4,1,4,4,3,5,3,3,3,9,9,9,3,1,5,5,4,4,4,3,4,5,5,4,4,4,4,3,4,5,4,5,4,5,4,2,2,2,2,2,2,2,2,2,1,2,2,2,2,2,9,8,6,1,2,4,8,7,3,1,65,1,2,5,1,48,0,0,3000,862201,경제 악화,0
34068,3,3,5,6,3,3,2,2,3,3,2,3,5,5,2,3,4,6,4,5,4,5,3,4,5,5,4,5,3,4,3,4,4,4,3,4,1,0,4,5,3,4,2,3,2,3,1,0,1,0,1,0,4,5,1,0,4,5,3,4,4,6,3,3,1,0,3,4,4,5,3,5,3,3,4,5,5,5,1,0,1,0,1,0,2,3,2,2,4,4,3,4,5,4,3,5,4,4,5,4,4,18,1,2,2,2,0,2,4,4,4,3,5,4,4,4,4,3,4,4,3,4,4,3,3,2,4,2,3,3,1,4,4,5,4,4,4,5,4,3,3,3,2,2,2,2,2,2,2,2,2,1,2,1,1,3,1,3,4,4,3,5,4,6,5,3,1,45,4,1,1,1,40,5200,3000,0,416105,모바일 기기 발달 영향,영상예술학
34069,2,3,3,3,3,4,2,1,3,6,2,3,4,4,3,5,5,4,4,3,3,3,4,5,3,3,4,5,1,0,1,0,1,0,1,0,2,2,1,0,4,4,3,3,4,4,1,0,2,2,1,0,4,5,3,5,3,4,2,2,3,3,2,2,3,2,3,3,4,4,4,4,3,4,2,1,3,3,1,0,3,3,2,1,2,1,2,2,4,2,3,5,4,3,4,3,3,5,4,4,3,3,1,4,1,2,0,3,5,2,3,3,4,3,5,4,3,3,4,3,4,3,3,3,5,4,4,3,5,4,5,3,5,4,4,4,5,5,3,3,4,5,2,2,2,2,2,2,2,2,2,2,4,3,2,2,2,7,5,8,4,6,6,4,7,6,1,33,4,1,1,1,40,3500,3500,0,154102,화학분석기사 화공안전기술사 산업기사 플라스틱 분야 신소재 물질 강화,신소재공학
34070,4,6,4,6,5,6,5,6,5,6,4,6,4,6,5,6,5,7,4,6,4,6,4,6,4,5,4,5,3,5,4,6,4,6,4,5,4,5,4,6,4,6,4,6,4,6,4,6,4,6,4,5,3,5,4,6,4,6,4,6,4,5,4,6,5,6,4,6,4,6,5,6,4,6,4,6,4,5,4,6,5,6,5,7,3,4,3,3,3,3,3,3,4,3,4,3,3,3,3,3,3,13,2,5,1,2,0,5,6,3,3,3,4,4,4,3,3,3,3,3,3,3,3,3,3,3,2,2,3,3,4,3,3,3,2,2,3,4,3,3,3,4,2,2,2,2,2,2,2,2,2,2,3,3,3,3,2,2,2,4,5,5,5,2,2,2,1,51,5,1,1,1,48,7000,3000,0,155102,전자공학 석사이상 전기 대신 태양 사용 증가 인력 증가 것이므,전자공학
34071,3,3,4,5,2,4,4,4,2,4,3,5,3,5,3,4,4,4,3,5,3,5,3,4,4,5,3,4,5,5,5,5,5,5,5,5,3,5,4,5,5,5,5,5,4,4,3,4,4,4,3,5,5,4,4,5,4,4,3,3,4,4,4,4,5,4,2,4,2,3,4,5,3,4,1,0,1,0,1,0,1,0,1,0,2,4,3,3,4,4,4,3,4,4,4,4,3,4,4,4,5,3,1,2,2,2,0,6,6,4,4,3,5,4,3,3,4,5,3,4,1,4,3,5,4,4,4,2,5,2,3,5,3,3,2,2,2,5,3,3,4,4,2,2,2,2,2,2,2,2,2,1,1,3,2,2,1,4,3,4,3,3,3,2,3,3,1,52,5,1,1,1,45,5800,3000,0,153204,시장 포화 상태,전자공학
34072,4,5,4,5,4,6,4,5,4,5,4,6,4,5,4,6,4,5,4,5,4,6,4,5,4,5,4,5,4,5,4,6,4,5,4,5,4,5,4,5,4,5,4,5,4,6,4,5,4,5,3,5,3,5,4,5,3,5,4,5,4,5,4,5,4,5,4,5,3,5,3,5,4,5,4,5,4,5,4,5,4,5,4,5,4,5,4,5,4,4,3,4,4,3,4,4,4,3,4,4,4,13,1,2,1,1,5,3,5,3,3,3,4,3,4,5,4,4,4,4,2,3,3,4,3,3,4,3,3,4,4,4,4,3,4,5,5,4,4,4,4,3,2,2,2,2,2,2,2,2,2,2,2,2,2,2,1,8,7,7,7,7,7,8,6,7,1,48,4,1,1,1,45,7200,2000,0,134101,OCP자격증 실무교육 기술 발달,전자공학
34073,2,3,3,4,3,3,2,3,1,0,3,4,4,4,4,4,2,2,1,0,2,3,3,4,4,5,4,4,1,0,1,0,1,0,1,0,4,3,4,4,3,4,3,4,4,4,3,4,3,5,3,4,4,4,3,4,4,5,3,4,1,0,3,4,1,0,3,5,1,0,1,0,1,0,4,5,3,4,1,0,3,3,2,4,3,3,2,4,4,4,5,3,4,3,4,4,4,3,4,4,5,3,1,1,2,2,0,7,2,4,4,4,4,4,4,3,9,9,4,3,2,5,4,4,4,5,5,4,4,2,2,5,5,4,5,4,4,4,4,3,4,4,2,2,2,2,2,2,2,2,2,1,4,3,2,2,2,7,6,5,5,4,5,6,8,6,1,50,4,2,5,1,48,0,0,3300,884101,생활수준 향상 공예품 대한 관심,도예학
34074,2,4,3,5,3,4,2,4,3,4,4,6,3,3,2,4,3,5,2,5,3,5,2,4,4,5,3,4,2,4,3,5,2,4,3,5,2,4,4,5,4,6,3,5,3,4,2,4,2,4,3,3,2,4,3,5,4,5,3,5,2,4,3,5,4,5,3,6,3,5,4,6,4,5,3,6,3,5,4,6,3,5,2,4,4,5,3,3,4,3,3,4,3,2,3,2,3,4,3,2,2,3,1,3,1,2,0,4,2,4,3,4,4,3,4,4,3,3,2,3,4,3,3,4,3,2,3,4,3,2,3,3,2,3,4,3,4,2,3,4,3,3,2,2,1,2,2,1,1,2,2,3,1,3,2,3,2,4,3,7,4,7,7,2,3,7,1,57,2,1,1,1,50,3500,2800,0,873101,식품가공기능사 인적 구조조정 경제 환경 변화,문과
34075,4,4,4,6,3,4,4,4,3,4,4,4,3,4,3,5,3,4,4,4,3,4,3,3,4,4,3,4,4,4,4,4,4,4,3,4,3,3,3,3,4,4,4,4,4,4,4,5,3,3,3,5,3,3,1,0,2,2,1,0,3,3,3,3,1,0,1,0,1,0,1,0,4,4,1,0,1,0,1,0,1,0,1,0,3,3,3,3,4,4,2,4,4,4,4,2,3,3,4,4,4,3,1,3,2,2,0,6,5,4,4,4,4,4,3,4,4,3,3,4,2,5,4,4,5,4,4,3,4,2,4,3,4,4,2,3,3,4,4,2,5,5,2,2,2,2,2,2,2,2,2,1,2,3,3,3,2,2,3,5,3,7,4,7,2,7,1,52,4,1,1,1,40,7500,6500,0,12201,기업 인건비 절감 구조조정,무역학
34076,2,4,2,4,2,3,2,4,2,4,2,4,2,3,3,3,2,3,2,3,3,3,3,4,2,3,3,2,3,4,2,4,2,4,2,3,2,3,3,3,2,3,2,3,3,3,3,4,2,4,2,4,2,2,3,3,2,4,2,3,3,2,4,3,2,4,2,4,2,3,2,4,2,4,2,3,3,3,2,2,2,3,3,3,2,4,2,2,3,2,2,1,2,2,2,2,2,3,2,2,3,19,1,2,1,2,0,6,4,3,2,3,3,3,3,5,4,9,9,4,4,4,3,4,3,3,4,4,4,4,3,4,3,3,4,5,4,3,3,3,3,3,2,2,2,2,2,2,2,2,2,2,3,3,3,3,2,3,7,4,3,5,5,6,7,7,1,40,3,1,1,1,40,3500,3000,0,512301,장례지도사 감정노동 기계 대신,사회복지학
34077,2,2,3,3,1,0,2,4,2,3,1,0,3,3,1,0,3,4,3,4,1,0,1,0,1,0,1,0,1,0,1,0,2,2,1,0,1,0,1,0,3,4,3,4,2,4,1,0,2,3,1,0,2,3,3,4,1,0,3,4,1,0,3,4,3,4,4,5,4,6,4,5,4,5,3,4,4,4,4,5,4,6,3,4,4,5,4,5,3,4,3,4,4,3,3,3,4,3,3,2,3,6,1,2,1,2,0,4,2,3,4,4,4,4,3,4,4,4,3,4,4,3,4,3,4,4,3,3,4,3,3,4,4,4,4,3,4,3,4,3,4,4,2,2,2,2,2,2,2,2,2,2,3,3,3,3,2,7,6,5,4,3,4,5,4,6,1,40,2,1,1,1,40,4500,3200,0,701201,용접기사 변화,산업설비
34078,4,6,4,5,5,7,2,4,2,3,3,5,1,0,2,3,3,5,1,0,2,3,2,3,2,4,1,0,2,4,1,0,2,3,1,0,1,0,1,0,3,3,2,3,2,2,1,0,1,0,1,0,1,0,1,0,1,0,1,0,3,3,1,0,1,0,1,0,1,0,1,0,1,0,1,0,1,0,2,3,1,0,1,0,2,4,2,3,4,3,4,3,3,4,3,2,3,4,4,4,4,10,1,2,2,2,0,2,5,4,3,3,4,4,4,3,3,3,3,3,2,3,3,2,2,2,2,3,2,4,3,4,4,4,4,4,4,4,4,2,4,5,2,2,2,2,2,2,2,2,2,2,3,3,3,3,2,7,7,4,5,4,4,5,5,5,2,34,4,1,3,2,50,3400,3000,0,412001,사회 정치 소식 사람 필요,국어국문학
34079,3,4,4,5,3,3,3,3,3,4,1,0,1,0,3,3,3,4,1,0,1,0,3,3,4,5,1,0,3,4,4,5,1,0,1,0,3,3,3,4,4,5,3,4,3,3,1,0,3,3,1,0,1,0,1,0,1,0,1,0,3,3,3,4,1,0,1,0,1,0,3,3,3,3,3,3,3,4,3,4,3,3,3,4,3,3,3,3,3,4,2,3,2,4,2,3,3,2,3,2,4,7,1,2,2,2,0,7,2,3,3,2,3,2,4,3,9,3,4,3,3,2,3,3,3,3,4,3,3,4,3,4,3,3,2,2,3,4,3,2,4,4,2,2,2,2,2,2,2,2,2,2,2,2,2,3,2,7,6,6,4,4,5,4,3,5,2,40,2,1,1,1,54,2300,2000,0,616101,무인 계산 대가,컴퓨터
34080,1,0,1,0,1,0,2,4,4,5,1,0,1,0,1,0,2,4,1,0,1,0,1,0,1,0,1,0,2,3,1,0,1,0,1,0,1,0,3,3,1,0,1,0,1,0,1,0,1,0,1,0,1,0,1,0,1,0,1,0,1,0,1,0,1,0,1,0,1,0,1,0,1,0,1,0,1,0,1,0,1,0,1,0,2,2,1,0,1,1,2,3,3,1,5,2,2,1,2,3,3,15,2,4,2,1,1,3,1,2,1,1,1,1,2,3,9,9,4,3,4,1,1,5,2,2,3,1,2,5,3,4,3,3,2,3,3,4,2,3,4,2,2,2,2,2,2,2,2,2,2,2,2,2,2,3,2,5,5,7,3,5,6,4,3,2,1,66,4,1,3,2,50,3000,2500,0,562301,주차시행규칙 작업 환경 일반인 선호 직업,경영학
34081,4,4,3,4,3,3,3,3,3,4,4,4,3,4,2,3,3,4,3,4,3,4,3,4,3,4,4,4,4,4,4,4,4,5,3,4,3,4,4,5,4,4,4,5,4,5,2,4,3,4,4,5,4,5,4,5,5,5,5,5,5,6,4,5,5,5,4,6,4,5,5,5,3,4,4,5,4,5,4,4,3,4,3,4,4,6,4,7,4,3,3,3,3,3,3,4,3,3,3,3,3,10,1,2,1,2,0,2,4,2,2,2,4,3,3,4,3,4,4,4,4,4,3,4,3,3,4,3,4,3,3,5,3,3,3,4,5,5,3,3,4,5,2,2,2,2,2,2,2,2,2,1,4,3,2,3,2,5,4,6,5,3,6,5,4,6,1,48,3,1,1,1,48,3600,2200,0,136001,정보통신산업기사 통신선로산업기사 통신 기술 발달,통신공학
34082,4,6,4,5,3,2,4,4,2,3,2,2,3,5,3,4,4,5,3,5,3,3,4,5,5,6,4,5,5,6,3,3,3,4,2,3,1,0,3,5,4,4,4,6,3,4,1,0,1,0,1,0,2,3,1,0,3,4,1,0,2,4,1,0,1,0,1,0,1,0,1,0,2,2,1,0,1,0,4,4,1,0,2,3,3,4,4,4,4,4,3,3,4,3,4,5,3,4,4,4,3,17,2,5,2,2,0,2,4,4,4,3,4,4,3,3,3,2,4,3,2,4,4,4,3,3,4,2,3,4,2,5,4,5,5,4,4,4,3,3,4,4,2,2,2,2,2,2,2,2,2,2,3,2,2,2,1,5,6,5,4,4,4,5,4,4,2,37,5,1,1,1,40,3000,2600,0,411202,계시 글로벌화 유지,중국어
34083,4,5,4,5,3,4,4,4,4,6,4,5,1,0,1,0,4,6,1,0,4,5,4,5,4,4,4,5,4,5,3,3,4,5,4,4,4,5,3,4,4,5,4,5,3,5,4,4,1,0,1,0,1,0,1,0,1,0,1,0,4,4,4,5,4,5,2,2,3,4,2,2,3,4,2,4,1,0,1,0,1,0,1,0,4,4,4,4,4,3,4,4,3,4,3,4,3,4,4,3,3,11,1,5,2,2,0,1,5,4,5,4,4,4,5,4,5,4,4,5,4,4,4,4,5,4,4,5,4,4,4,4,4,5,4,4,4,5,4,4,4,4,2,2,2,2,2,2,2,2,2,1,2,3,3,3,2,5,4,3,1,1,3,5,6,5,1,48,4,1,3,1,48,4200,1800,0,31102,시스템 자동화 감소,경제학
34084,4,6,5,6,4,4,4,6,4,6,4,5,3,4,4,5,5,6,4,5,4,4,3,5,4,5,4,5,4,4,3,4,3,3,2,4,4,6,4,5,4,6,4,5,3,4,4,4,3,3,2,3,3,3,1,0,1,0,1,0,1,0,1,0,1,0,2,2,1,0,2,4,4,5,3,4,2,2,3,4,2,3,2,3,3,4,2,4,4,3,4,5,5,4,4,4,4,5,4,5,3,16,5,5,2,2,0,6,6,4,4,3,5,4,4,4,4,3,4,4,2,4,3,4,3,2,3,1,5,4,4,5,3,4,3,3,4,5,4,4,5,5,2,2,2,2,2,2,2,2,2,1,3,3,3,3,2,6,4,4,6,6,5,3,6,5,2,46,6,1,1,1,50,6500,4000,0,121103,상태 유지,수학교육
34085,3,3,2,2,2,2,1,0,1,0,1,0,1,0,4,6,3,4,1,0,1,0,3,4,2,4,1,0,1,0,2,4,1,0,1,0,2,4,1,0,2,3,1,0,1,0,1,0,1,0,1,0,3,3,1,0,4,4,2,3,1,0,1,0,4,5,5,4,1,0,3,3,1,0,4,4,4,4,2,2,3,5,3,5,3,3,3,3,1,2,1,2,1,2,2,3,3,1,2,3,2,6,1,2,2,2,0,1,1,3,2,1,2,3,2,2,2,2,3,2,4,2,1,3,3,2,3,4,2,3,2,4,2,4,3,2,5,5,3,2,5,5,2,2,2,2,2,2,2,2,2,2,4,3,3,3,2,6,6,7,5,4,5,6,4,4,1,42,3,1,1,1,42,3500,2400,0,701601,기존 건물 모델링 재건축 점점 일자리 증가,환경공학
34086,3,5,2,3,2,3,2,3,1,0,1,0,1,0,2,4,1,0,1,0,1,0,2,4,1,0,1,0,2,3,1,0,1,0,1,0,3,2,1,0,2,3,1,0,1,0,1,0,1,0,1,0,2,2,1,0,1,0,3,4,1,0,1,0,1,0,3,5,3,4,3,4,1,0,2,2,3,4,3,4,3,4,3,4,3,4,1,0,3,3,3,3,3,3,4,2,3,2,2,2,2,3,1,2,2,2,0,3,2,2,2,2,4,3,3,2,2,3,4,2,4,2,2,2,3,2,3,3,2,4,4,4,2,4,4,4,4,4,4,4,4,4,2,2,2,2,2,2,2,2,2,2,3,2,2,3,2,5,6,5,4,5,5,5,5,5,1,37,3,1,1,1,48,3200,2200,0,813201,최소한 기업 존재,기계공학
34087,4,5,4,5,3,4,2,3,4,5,3,5,3,4,4,5,3,4,3,4,4,5,3,5,3,4,3,4,3,4,3,3,3,4,4,5,3,4,4,4,4,4,4,5,4,4,2,3,2,2,3,4,2,4,2,3,2,3,2,2,4,5,4,5,2,3,2,3,2,3,2,3,2,3,2,3,2,3,2,3,2,2,2,2,2,3,2,3,4,3,4,4,4,4,3,2,3,4,4,4,3,13,1,2,1,1,3,4,5,4,4,3,4,4,3,4,5,5,3,4,2,4,4,4,4,2,4,4,3,4,2,4,3,4,4,4,4,4,3,3,4,4,2,2,2,2,2,2,2,2,2,2,2,3,2,2,1,8,7,6,7,7,7,5,8,7,1,37,4,1,1,1,40,5000,3400,0,23301,관세사 수출법령 숙지 무역업무 신고 절차 자동화 자가 통관 증가,경제학
34088,2,2,2,2,2,2,2,2,2,2,2,2,2,2,2,2,2,2,2,2,2,2,2,2,2,2,2,2,2,2,2,2,2,2,2,2,2,2,2,2,2,2,2,2,2,2,2,2,2,2,2,2,2,2,2,2,2,2,2,2,2,2,2,2,2,2,2,2,2,2,2,2,2,2,2,2,2,2,2,2,2,2,2,2,2,2,2,2,3,4,3,3,3,2,3,2,2,3,3,3,3,1,1,1,2,2,0,1,1,3,3,2,4,3,3,2,3,3,4,3,2,3,2,3,3,4,4,3,4,4,4,4,4,3,4,3,4,4,4,3,4,4,2,2,2,2,2,2,2,2,2,2,2,2,2,2,2,3,4,3,7,5,6,2,5,6,1,51,1,1,3,2,50,3000,2000,0,904101,수산 식품 소비 감소,0
34089,1,0,1,0,1,0,1,0,2,3,1,0,1,0,2,3,3,4,2,3,1,0,2,3,2,3,1,0,1,0,1,0,1,0,1,0,1,0,2,3,2,3,1,0,2,3,1,0,1,0,1,0,2,3,2,3,1,0,2,3,1,0,3,4,3,4,3,4,3,4,3,4,2,3,2,3,2,3,4,5,3,4,2,3,3,4,2,3,4,3,3,3,4,2,3,3,3,3,3,2,3,8,2,6,2,2,0,7,2,4,3,3,3,3,3,3,3,4,4,3,2,3,4,3,3,3,4,2,3,3,4,4,3,4,3,3,4,4,3,3,4,4,2,2,2,2,2,2,2,2,2,2,2,2,2,3,1,6,5,6,4,6,5,6,4,6,1,40,4,1,1,1,40,4500,3900,0,621901,자동화 자리,전기
34090,2,2,2,2,1,0,2,2,1,0,2,3,2,3,2,2,2,3,3,4,3,3,2,2,3,4,4,4,3,4,2,3,2,4,2,4,2,4,3,4,3,4,4,4,4,5,3,3,3,4,3,3,2,4,3,4,4,4,4,4,2,2,2,3,3,4,3,5,3,4,4,4,3,3,2,4,3,3,3,3,4,6,3,4,3,3,3,2,4,2,1,4,3,1,3,4,2,2,3,3,3,6,1,4,1,2,0,2,5,4,4,4,4,4,3,3,4,4,5,5,2,4,4,4,4,2,3,2,4,3,4,4,3,3,3,4,4,4,4,3,4,4,2,2,2,2,2,2,2,2,2,1,2,3,3,3,2,7,7,5,5,4,5,6,4,5,1,30,4,1,1,1,40,3600,3000,0,16101,건축기사1급 건설 경기 침체,건축공학
34091,3,4,4,6,4,5,1,0,3,4,2,2,1,0,2,4,1,0,2,2,2,2,1,0,2,1,1,0,1,0,3,4,3,4,3,4,2,4,3,4,1,0,1,0,2,3,2,2,1,0,1,0,3,4,2,2,2,2,1,0,3,3,1,0,2,6,3,3,1,0,2,2,1,0,1,0,2,1,1,0,1,0,2,2,2,2,2,2,3,3,4,3,3,4,2,2,2,2,3,3,3,5,1,2,1,2,0,7,4,4,4,4,4,4,4,3,3,3,3,3,3,3,3,4,1,2,3,1,3,3,4,5,2,4,3,3,2,3,1,2,4,3,2,2,2,2,2,2,2,2,2,1,3,2,2,2,1,7,7,6,5,4,4,5,5,5,1,32,3,1,1,1,48,3200,2600,0,155303,폐기기사 수질기사 향후 환경 변화 예측,환경학
34092,1,0,1,0,1,0,1,0,1,0,1,0,1,0,3,4,1,0,2,2,1,0,1,0,4,4,1,0,1,0,2,2,1,0,1,0,2,3,1,0,3,3,3,3,3,3,2,2,4,5,3,3,2,2,3,3,2,2,4,4,1,0,4,4,3,4,4,4,4,4,4,4,4,4,3,3,4,4,1,0,2,2,1,0,2,2,2,2,1,2,1,3,2,1,3,2,2,2,1,2,1,3,1,3,2,2,0,1,1,2,1,1,2,3,2,3,3,3,3,3,4,2,1,4,3,3,2,3,2,3,3,4,2,2,2,3,5,4,3,2,3,4,2,2,1,2,2,2,2,2,2,1,3,2,2,2,1,5,5,5,5,5,5,5,5,5,1,37,2,1,1,1,48,3000,2500,0,826201,장비 도입 교육 변화,인문계
34093,4,4,4,4,3,4,3,4,4,5,4,5,3,4,4,5,3,4,4,5,3,4,4,5,4,5,2,3,2,3,4,5,2,3,2,3,4,5,2,3,4,5,4,5,3,4,3,4,2,3,2,3,4,5,3,4,4,5,2,3,3,4,2,3,3,4,3,4,2,3,2,3,3,4,4,5,3,4,3,4,3,4,2,3,3,4,3,4,4,2,3,3,3,4,4,4,3,4,4,3,4,6,1,2,1,1,5,5,5,3,4,4,4,4,4,3,4,4,4,4,2,4,3,3,3,2,3,4,4,4,2,4,4,4,3,4,4,4,3,2,4,4,2,2,2,2,2,2,2,2,2,2,3,3,2,3,1,7,7,7,3,3,7,7,4,3,2,33,4,1,1,1,48,4900,2800,0,140101,건축사 건축 공학기술 신규 주택 건축 시장 위축,건축학과
34094,4,5,4,6,4,5,4,5,4,4,4,5,4,5,4,5,5,6,4,5,4,5,5,7,4,5,4,5,4,5,3,5,3,4,3,3,5,6,3,4,3,4,3,5,5,7,4,5,3,4,1,0,5,5,1,0,3,4,1,0,4,4,1,0,1,0,1,0,1,0,1,0,2,3,3,3,1,0,1,0,1,0,3,5,4,4,5,4,5,5,4,3,3,5,2,5,3,5,3,5,5,16,5,6,2,2,0,6,7,4,4,3,4,5,3,2,2,3,3,3,1,4,4,5,4,3,2,3,2,4,2,4,4,3,5,4,4,4,5,3,4,4,2,2,2,2,2,2,2,2,2,1,2,3,2,2,1,3,1,4,7,3,4,7,4,4,1,40,6,1,3,2,35,2500,1600,0,211201,수입,건축학
34095,2,3,3,3,1,0,2,3,2,3,3,3,1,0,2,3,3,3,3,3,3,3,2,3,2,3,1,0,1,0,2,3,1,0,1,0,1,0,1,0,2,3,1,0,1,0,1,0,1,0,1,0,1,0,2,3,3,4,4,5,1,0,2,3,3,3,2,3,3,4,3,4,1,0,3,4,3,4,3,4,4,4,3,4,4,3,2,3,1,2,1,2,1,2,1,2,1,2,2,3,2,3,1,2,2,2,0,2,2,2,2,2,3,2,1,2,3,3,4,3,4,2,1,4,3,4,4,4,3,2,2,5,3,4,4,4,4,5,4,2,5,4,2,2,2,2,2,2,2,2,2,2,4,3,2,2,2,8,7,8,4,3,4,4,5,3,1,53,2,1,1,1,54,4200,2300,0,823301,사람 선호 직종,공고
34096,2,3,2,3,2,3,1,0,1,0,1,0,1,0,1,0,2,3,1,0,1,0,1,0,1,0,1,0,1,0,1,0,1,0,1,0,1,0,1,0,1,0,1,0,1,0,1,0,1,0,1,0,3,4,2,3,3,5,3,4,1,0,1,0,3,4,2,3,1,0,3,4,1,0,2,3,1,0,1,0,1,0,1,0,2,3,1,0,3,3,3,3,3,3,3,2,2,3,3,2,3,14,1,2,1,2,0,7,5,3,3,3,5,5,5,4,3,3,3,3,4,4,4,4,3,3,3,3,4,4,4,4,3,3,3,3,4,4,3,3,4,4,2,2,2,2,2,2,2,2,2,1,3,3,3,3,2,7,6,6,3,3,3,6,3,3,1,50,4,1,1,1,40,4000,3000,0,155303,폐기물처리기사자격증 전망 일자리,환경공학
34097,4,6,4,6,4,5,4,5,4,5,5,6,4,6,4,6,5,6,4,6,4,6,4,6,4,6,5,6,5,6,4,6,4,6,4,6,4,5,5,6,4,6,4,5,4,5,4,6,4,6,4,5,4,6,4,6,5,6,5,6,4,6,4,6,4,6,4,5,4,6,4,6,4,6,4,6,4,5,4,4,4,5,4,5,4,4,4,6,4,3,4,3,5,4,4,4,4,5,4,4,4,10,1,2,2,2,0,2,5,4,4,4,4,4,4,4,4,4,5,5,3,4,4,3,4,4,4,4,4,4,4,4,4,4,3,4,3,4,3,3,4,3,2,2,2,2,2,2,2,2,2,1,4,2,2,2,2,6,5,4,5,6,7,5,6,4,2,31,4,1,1,1,40,4000,2500,0,416302,방송 채널,경영학
34098,3,3,3,3,3,4,2,3,4,5,4,5,1,0,3,4,3,4,3,4,3,4,4,5,3,4,3,4,3,3,3,4,2,2,2,2,3,4,3,4,3,4,3,4,3,5,3,3,3,3,3,3,3,3,3,4,2,3,3,3,3,4,3,5,3,4,3,5,3,4,3,4,3,4,3,4,3,4,2,3,2,3,2,3,3,4,3,3,3,2,4,4,4,3,4,2,3,3,4,4,4,3,1,5,1,2,0,5,5,4,4,4,4,4,4,4,3,3,4,4,2,4,4,4,4,4,4,4,4,3,2,4,4,4,4,3,3,4,4,4,4,4,2,2,2,2,2,2,2,2,2,2,5,3,3,3,2,6,6,6,5,5,5,5,3,3,1,31,4,1,1,1,45,4500,4000,0,153202,반도체설계산업기사 기계화 전산 업무 대체 가능 각광 산업 일자리 증가,전자공학
34099,4,4,4,5,3,4,4,4,1,0,3,4,4,4,3,3,3,4,1,0,2,3,3,4,4,5,3,4,3,4,3,4,1,0,1,0,4,5,3,4,3,4,3,3,1,0,3,3,3,3,3,3,4,4,3,3,4,4,2,3,1,0,3,4,2,3,4,5,3,4,1,0,2,3,4,5,3,4,1,0,4,4,3,3,3,3,2,3,2,4,4,3,4,2,4,2,2,4,4,4,4,9,4,2,1,2,0,3,2,4,4,4,4,4,3,3,4,4,4,4,2,4,4,4,4,5,5,2,4,2,1,5,4,4,5,5,4,5,4,3,4,5,2,2,2,2,2,2,2,2,2,1,3,3,2,3,2,4,5,4,7,3,4,7,8,7,1,45,3,1,4,1,54,4800,3000,0,531501,일식조리 기능사 가구 맞벌이 부부 증가 일자리 변화,조리학
34100,4,5,4,6,3,4,2,4,4,5,3,5,3,5,2,4,4,6,4,5,4,6,4,6,3,5,2,4,3,5,3,5,3,5,4,6,2,4,2,4,3,4,3,5,3,5,2,4,3,5,3,5,4,6,3,5,3,5,2,4,2,4,3,5,2,4,3,5,3,5,3,5,3,5,3,5,3,4,2,4,3,2,3,1,4,6,4,5,4,4,3,4,5,3,3,3,4,3,3,2,3,15,2,4,1,2,0,3,5,5,4,4,5,4,4,3,3,4,5,4,2,4,4,3,4,4,5,4,4,4,4,3,4,5,3,4,4,3,4,5,4,3,2,2,2,2,2,2,2,2,2,1,4,3,3,3,2,7,5,3,4,4,3,6,4,4,1,48,4,1,1,1,48,3900,3800,0,140602,지형공간정보기술사 측량 기술 업계 공존 맞춤 서비스업,도시공학
34101,5,5,5,6,5,6,5,6,3,5,5,6,5,6,4,4,4,5,2,5,5,4,5,6,4,6,5,7,5,6,5,6,5,6,4,5,5,7,5,7,4,5,2,4,2,3,1,0,2,2,5,6,5,6,1,0,1,0,5,5,4,6,1,0,1,0,1,0,1,0,1,0,1,0,5,6,5,4,4,5,1,0,5,7,4,6,5,6,5,4,2,2,5,1,2,4,3,5,4,3,4,18,5,1,1,2,0,7,5,4,4,4,5,4,4,2,9,9,9,2,4,3,3,3,4,2,3,4,3,4,2,3,4,4,3,3,4,4,2,3,4,4,2,2,2,2,2,2,2,2,2,2,2,2,2,2,2,7,5,3,5,6,5,7,5,6,2,37,4,2,6,1,20,0,0,2500,214401,교원자격증 저출산,피아노
34102,3,2,3,4,2,2,3,2,1,0,2,1,2,1,1,0,2,2,1,0,1,0,2,1,2,2,2,1,2,2,2,2,2,3,3,2,3,4,2,2,3,3,3,2,3,3,1,0,2,1,2,2,2,2,2,2,1,0,1,0,1,0,1,0,2,1,1,0,1,0,1,0,2,1,2,2,1,0,1,0,2,2,1,0,2,2,2,2,3,3,4,2,2,2,3,3,2,2,2,3,2,3,1,2,2,1,3,3,4,4,3,2,4,4,4,4,3,5,5,5,2,4,4,4,3,2,2,3,4,5,4,4,3,3,4,4,4,4,3,3,4,4,2,2,2,2,2,2,2,2,2,1,3,3,3,3,2,7,7,6,7,6,7,7,6,7,1,40,4,1,1,1,45,3800,3200,0,612101,영업교육 기계 대체 불가,경영학
34103,1,0,1,0,1,0,1,0,1,0,1,0,1,0,1,0,2,3,1,0,1,0,1,0,2,3,2,3,1,0,1,0,1,0,1,0,2,3,1,0,2,3,1,0,1,0,1,0,1,0,3,4,1,0,1,0,2,3,1,0,1,0,1,0,2,3,3,4,1,0,2,3,1,0,2,3,2,3,2,3,3,4,1,0,3,4,3,4,3,3,3,3,4,3,4,3,3,2,3,2,3,13,1,2,1,2,0,7,4,4,3,3,4,3,4,3,3,4,3,3,3,3,3,3,2,3,3,3,4,3,4,3,4,3,3,4,3,4,3,3,3,3,2,2,2,2,2,2,2,2,2,2,3,2,2,3,1,5,5,4,5,6,6,6,5,6,1,30,4,1,1,1,42,3310,2749,0,416501,방송통신 기능사 방송 채널 상태 유지,음향
34104,2,2,2,1,1,0,1,0,5,6,3,4,1,0,4,5,5,4,4,4,3,4,3,2,4,2,3,3,1,0,1,0,1,0,3,3,3,4,1,0,5,4,3,3,3,2,3,2,3,2,1,0,4,3,5,5,5,4,5,2,3,3,2,3,4,4,5,6,5,4,5,3,4,3,5,3,4,6,4,3,4,5,2,2,2,2,1,0,4,3,5,4,3,2,4,3,3,3,4,4,3,14,1,2,1,2,0,2,4,4,3,4,4,4,4,3,4,4,3,4,3,3,2,4,3,2,3,2,3,2,2,4,4,3,4,4,4,4,3,4,3,3,2,2,2,2,2,2,2,2,2,2,2,2,2,3,1,2,3,3,6,6,5,2,7,7,1,36,4,1,1,1,40,3200,3000,0,811201,승강기산업기사 건설 경기 침체,기계학
34105,5,6,5,6,5,7,4,6,4,6,4,6,5,6,4,6,4,6,4,6,4,6,4,6,5,6,5,6,4,5,4,6,4,5,3,4,4,5,4,5,3,5,3,4,3,4,3,3,2,2,2,2,2,2,2,2,2,1,2,1,2,1,2,1,2,1,1,0,1,0,1,0,3,4,3,3,3,3,2,2,1,0,2,1,2,2,2,2,5,4,4,5,4,4,4,4,4,4,4,4,4,16,5,5,2,2,0,6,7,5,4,5,4,4,3,4,4,5,4,4,1,4,4,4,4,4,4,3,3,3,4,4,2,2,3,5,4,4,3,3,3,4,2,2,2,2,2,2,2,2,2,2,2,3,3,3,1,2,2,1,1,1,2,3,1,2,1,58,6,1,1,1,50,8000,4000,0,110101,진출 분야 한정 취업,철학
34106,5,5,4,5,3,3,3,5,5,6,4,5,1,0,5,5,4,4,4,6,3,4,4,5,4,6,1,0,2,3,3,3,1,0,1,0,1,0,3,3,4,4,2,3,4,5,2,3,1,0,1,0,3,3,1,0,2,3,1,0,5,6,1,0,3,4,2,2,2,3,1,0,1,0,1,0,2,4,2,2,2,2,2,3,4,4,3,4,3,3,2,3,3,3,4,3,3,3,3,4,3,19,1,4,2,2,0,6,5,5,4,4,5,4,4,3,3,3,4,3,4,3,3,3,4,2,4,3,4,5,2,5,4,3,4,4,3,5,3,4,5,5,2,2,2,2,2,2,2,2,2,1,3,3,3,3,1,9,8,7,8,9,8,8,9,8,2,26,4,1,1,1,40,2800,2500,0,25201,코로나 수출입 감소 당분간 일자리 수요 영향,무역학
34107,2,2,2,2,1,0,2,2,2,2,2,2,2,2,2,4,2,2,2,2,1,0,1,0,3,2,1,0,2,2,2,2,2,2,2,2,3,4,4,4,2,2,2,2,2,2,1,0,2,2,1,0,1,0,1,0,5,5,3,5,1,0,2,2,3,2,3,4,3,3,1,0,1,0,5,6,4,3,2,2,2,2,2,2,2,2,2,2,4,4,4,3,4,2,4,2,3,3,2,2,4,9,1,2,1,2,0,6,1,3,3,3,4,4,2,3,1,3,4,3,2,3,4,4,3,4,2,2,3,4,4,5,4,3,4,4,4,3,4,4,5,2,2,2,2,2,2,2,2,2,2,1,4,2,3,3,2,9,8,9,4,4,7,5,5,6,1,60,2,1,1,1,50,5000,2600,0,531501,일식조리사 일본 외식,상고(상업계)
34108,3,4,2,3,2,3,2,3,1,0,3,4,4,5,3,4,3,4,3,5,1,0,3,4,4,4,3,4,3,4,2,2,1,0,1,0,2,3,4,5,3,4,3,4,4,5,3,4,3,4,4,5,1,0,1,0,4,6,1,0,3,4,1,0,3,5,4,5,4,5,4,6,1,0,2,3,2,4,3,3,3,3,2,3,4,6,4,5,3,3,4,2,3,2,2,3,2,3,3,2,3,18,2,3,1,2,0,2,4,3,3,4,2,4,3,4,3,4,3,3,3,3,3,4,3,3,3,4,3,3,2,3,3,4,3,3,4,4,3,2,3,3,2,2,2,2,2,2,2,2,2,1,2,2,2,3,1,4,3,3,5,5,5,3,2,2,1,40,3,1,1,1,30,3500,2200,0,524001,전기기사 출산율 저하 놀이 문화 감소,체육
34109,4,5,3,5,4,5,4,5,3,5,4,5,4,4,4,4,4,5,4,5,3,5,4,5,4,5,3,5,3,5,4,5,4,5,4,5,4,5,3,5,4,5,4,5,3,5,4,5,4,4,4,5,4,5,4,5,3,5,4,5,4,5,3,5,3,5,4,5,3,5,3,5,4,5,3,5,3,5,4,4,4,5,3,5,4,5,4,4,4,3,4,4,3,4,4,4,3,4,3,4,4,17,1,1,1,1,6,6,5,3,2,2,4,4,4,3,3,3,4,3,2,4,4,4,3,3,3,2,3,3,4,4,3,3,3,3,4,4,4,2,3,4,2,2,2,2,2,2,2,2,2,1,4,3,3,3,2,3,3,3,4,4,4,3,4,5,1,49,6,1,1,1,45,28000,13000,0,301107,의사면허증 전문의자격증 인턴 사회 복지,의예(정신건강의학)
34110,1,0,1,0,1,0,1,0,1,0,2,2,2,2,3,4,3,3,4,5,3,3,3,4,2,3,2,2,5,5,1,0,1,0,1,0,2,2,1,0,3,4,3,3,2,2,3,4,1,0,1,0,2,2,1,0,1,0,1,0,2,3,2,2,1,0,1,0,1,0,1,0,1,0,3,3,1,0,5,6,4,6,4,5,3,4,2,3,4,4,3,2,4,2,2,2,3,2,4,3,3,19,1,3,1,2,0,1,4,4,3,3,4,3,3,2,4,3,4,4,2,4,3,4,5,4,3,2,4,2,2,4,4,5,4,4,4,5,4,3,4,4,2,2,2,2,2,2,2,2,2,2,4,3,3,3,2,3,4,3,4,4,4,6,4,5,1,45,4,1,1,1,40,3300,2600,0,541101,일반경비지도사 운전면허,경찰행정학
34111,3,4,4,4,2,3,3,4,3,4,2,3,2,2,5,5,4,4,4,4,3,3,4,4,5,6,2,2,4,4,3,4,2,3,3,4,3,4,4,4,4,4,5,5,4,4,3,4,3,4,1,0,4,4,4,4,5,5,5,5,1,0,2,2,3,4,5,6,4,5,5,5,2,3,5,5,5,5,4,5,4,5,4,4,5,6,3,4,5,4,3,3,3,1,1,4,1,3,2,3,3,19,4,1,1,1,4,6,2,3,2,2,1,4,2,3,1,2,4,3,3,4,4,5,4,4,3,4,3,4,3,4,5,4,3,3,2,5,4,3,5,3,2,2,2,2,2,2,2,2,2,1,2,2,2,2,2,8,6,4,5,6,5,7,5,3,1,42,2,1,4,2,50,7200,4500,0,705902,잠수기능사 스킨스쿠버 기술자들과 함께 현장에서 배우는 기술들 한정 직업 업종 갈수록,인문계
34112,2,2,2,3,1,0,2,2,2,2,1,0,1,0,3,4,3,3,2,3,1,0,1,0,3,3,1,0,1,0,1,0,1,0,1,0,1,0,1,0,3,3,1,0,2,2,1,0,1,0,1,0,1,0,1,0,3,4,3,4,1,0,3,3,3,4,3,5,3,4,2,3,1,0,5,4,3,4,4,5,3,5,3,4,2,3,2,4,3,3,2,3,4,2,3,1,2,1,2,4,3,3,1,4,1,1,1,3,2,3,2,2,3,3,2,3,3,3,3,3,4,2,3,4,4,3,3,3,2,4,3,5,3,2,1,1,2,5,3,1,4,5,2,2,2,2,2,2,2,2,2,2,2,3,3,3,2,8,7,3,7,3,3,7,6,4,1,29,3,1,1,1,40,3200,2500,0,821201,압연기능사 현장 실무 교육 경기,기계
34113,3,5,3,4,4,4,3,4,3,5,3,4,3,4,3,5,3,4,3,4,4,4,3,4,3,4,3,5,3,4,3,4,4,5,3,4,3,5,3,5,3,4,3,4,4,4,4,4,3,5,3,5,3,4,3,4,4,4,3,4,3,4,4,4,3,5,3,4,4,4,3,5,3,4,4,4,3,4,3,5,3,4,4,5,3,4,4,4,3,4,3,3,4,3,3,3,3,4,4,3,3,10,1,5,2,1,3,2,5,3,3,4,4,4,3,3,3,4,4,4,3,4,3,3,4,3,4,3,3,4,4,3,4,3,3,4,4,3,3,4,3,3,2,2,2,2,2,2,2,2,2,1,4,2,2,3,1,5,6,5,6,7,6,6,7,6,1,43,4,1,3,1,52,5600,4500,0,132004,프로그램 코딩교육 정보통 기술 발달,컴퓨터정보
34114,3,5,3,5,3,4,3,4,3,5,4,5,4,5,4,5,3,4,4,5,3,4,4,5,3,5,3,4,3,4,4,5,1,0,3,4,3,4,3,5,4,4,4,5,3,4,1,0,3,4,3,4,3,4,4,5,4,4,3,4,3,4,3,4,3,4,3,4,3,4,4,4,2,3,2,3,2,3,3,4,3,5,3,4,3,4,3,4,3,4,3,4,3,4,3,3,3,4,4,4,4,3,1,2,2,2,0,5,5,4,3,3,3,3,3,4,3,4,4,3,4,3,3,3,4,3,4,3,4,3,3,3,3,4,4,4,3,3,4,3,3,4,2,2,2,2,2,2,2,2,2,2,3,3,3,3,2,5,6,5,6,5,5,6,5,4,1,40,4,1,1,1,48,3500,2000,0,153105,공란,전기공학
34115,3,5,3,4,3,4,4,5,4,5,4,5,4,5,4,5,4,5,4,5,4,5,4,5,4,5,4,5,4,4,4,5,4,5,3,5,3,4,3,5,3,4,3,5,4,5,4,5,4,5,4,5,4,5,3,4,4,5,3,4,3,5,4,5,3,4,4,5,3,4,3,5,3,5,3,4,3,4,3,5,3,5,4,4,3,4,3,5,4,3,3,4,4,3,3,3,3,4,3,4,3,6,1,2,1,1,3,4,5,4,2,2,3,3,4,5,9,9,5,5,4,4,4,4,4,3,4,3,4,3,4,4,2,3,4,4,5,4,3,2,4,4,2,2,2,2,2,2,2,2,2,2,2,3,3,2,2,5,4,5,5,4,5,6,6,5,1,56,4,2,5,1,46,0,0,8000,140101,건축사 건축설계 경기 침체,건축공학
34116,2,3,4,4,2,3,4,5,2,3,2,3,2,2,2,3,2,3,1,0,2,3,2,3,2,2,2,3,4,4,3,4,4,5,4,5,2,3,4,6,2,3,3,3,2,3,3,4,3,4,2,5,1,0,1,0,1,0,1,0,2,3,1,0,1,0,1,0,1,0,1,0,2,3,1,0,1,0,1,0,1,0,1,0,1,0,1,0,4,5,1,2,4,3,3,4,3,3,5,4,3,17,1,3,2,2,0,4,2,4,3,3,4,3,3,3,3,3,4,4,2,4,4,4,4,4,4,3,4,3,3,4,4,4,3,3,4,3,4,4,3,3,2,2,2,2,2,2,1,2,2,1,4,2,2,3,1,7,7,7,4,4,4,7,7,7,1,42,4,1,1,1,40,5000,2300,0,231501,인원 보충 사회 봉사 활동 일이 종류 기계화 자동화 대체,사회학
34117,4,3,2,2,1,0,2,3,1,0,1,0,1,0,1,0,3,2,1,0,1,0,1,0,2,2,2,2,3,3,3,3,3,4,4,4,3,3,3,2,3,2,4,3,3,3,1,0,4,5,4,4,1,0,1,0,4,5,1,0,1,0,3,3,3,3,4,4,4,4,4,5,3,4,4,3,3,4,4,4,4,4,3,3,3,4,4,4,3,3,4,2,3,2,3,3,3,2,3,2,2,6,1,1,2,2,0,7,2,3,2,2,3,2,2,2,3,3,3,3,4,2,2,4,4,3,4,3,4,4,3,4,4,3,4,4,4,4,4,3,4,4,1,1,2,2,2,2,2,2,2,2,1,2,2,3,2,7,5,3,6,6,5,6,4,7,1,33,2,1,1,1,43,2300,2000,0,701601,빅데이터 도입 건설 경기 침체,문과
34118,4,5,4,6,1,0,4,6,2,3,2,3,1,0,4,6,5,6,3,4,1,0,3,3,4,4,3,5,5,6,4,5,3,5,3,4,1,0,5,6,4,6,4,4,3,4,1,0,1,0,1,0,1,0,1,0,1,0,2,2,3,4,1,0,1,0,2,3,2,2,2,2,3,3,2,3,2,3,4,5,3,3,4,5,4,5,3,3,3,3,2,3,3,2,4,2,3,3,3,2,2,8,1,3,2,1,1,1,4,3,2,2,4,3,3,3,3,4,4,3,3,2,3,4,4,3,4,2,4,3,2,5,4,4,4,3,4,5,4,3,4,4,2,2,2,2,2,2,2,2,2,3,2,2,2,2,1,8,7,7,5,4,4,4,3,4,2,48,3,1,1,1,40,3500,2400,0,522201,시스템파악 저가 항공 발달,관광경영학
34119,3,3,5,5,2,2,3,4,2,2,4,5,2,4,4,5,3,5,4,3,3,4,3,3,4,5,2,2,3,3,4,4,2,3,1,0,2,3,3,5,4,5,4,6,5,7,1,0,1,0,1,0,1,0,1,0,5,5,4,5,2,4,2,2,4,5,3,4,3,5,4,5,3,5,4,3,5,5,5,4,5,7,3,5,4,4,3,4,5,4,1,3,4,1,5,3,1,4,4,4,1,15,2,2,1,1,2,7,5,4,3,3,3,4,2,2,2,4,4,3,2,4,3,4,4,3,3,4,4,3,2,5,3,4,4,5,5,4,5,4,5,4,2,2,2,2,2,2,2,2,2,1,4,3,3,3,2,6,7,7,7,6,5,6,4,3,1,35,4,1,1,1,55,3500,2600,0,240201,소방설비기사 위험물기능사 화재감식기사 구조 구급 훈련 화재진압 예방에 필요한 훈련 여러가지 사건 사고 발생,기계공학
34120,3,4,3,4,2,4,3,4,2,3,2,3,2,3,2,3,3,4,3,4,2,3,3,4,5,7,4,6,4,5,4,5,3,4,3,4,3,4,3,4,3,4,3,4,3,4,1,0,1,0,2,3,2,3,2,3,2,3,1,0,3,4,1,0,1,0,1,0,1,0,2,3,2,3,5,6,4,5,4,5,1,0,2,3,4,6,4,5,4,5,2,4,5,3,5,5,2,5,5,4,3,17,1,3,1,1,6,6,5,4,4,4,4,4,3,4,9,9,9,4,2,4,4,3,3,4,3,2,3,3,2,2,3,4,3,3,4,4,4,3,4,3,2,2,2,2,2,2,2,2,2,3,4,3,3,3,2,7,8,7,4,4,3,3,6,7,1,55,5,2,5,1,40,0,0,10000,301102,신경외과 전문의 자격증 인턴 레지던트 외과 전공 기피 현상,신경외
34121,4,5,3,4,2,2,3,4,2,1,2,2,1,0,1,0,3,3,1,0,1,0,2,3,3,4,2,2,3,4,4,5,4,5,4,5,3,3,3,4,4,5,4,5,3,4,4,5,4,5,3,4,1,0,1,0,1,0,1,0,2,3,1,0,2,1,1,0,1,0,1,0,2,2,1,0,1,0,1,0,1,0,1,0,3,3,2,2,4,3,4,3,2,4,1,4,2,3,4,1,4,7,1,2,1,2,0,4,2,3,4,2,3,4,2,3,9,9,4,4,4,4,4,4,5,4,3,4,3,3,3,4,3,4,5,5,5,5,5,3,4,4,2,2,2,2,2,2,2,2,2,2,4,1,3,3,1,6,5,7,3,4,5,5,4,4,1,43,4,2,5,1,52,0,0,5200,615101,판매사자격증 대중 인식,경영학
34122,5,6,4,5,4,5,4,5,4,5,4,5,4,6,4,4,4,5,3,4,4,5,3,4,3,4,4,5,3,4,4,4,3,4,3,5,4,5,4,5,5,5,4,5,5,6,4,5,4,5,4,5,2,2,3,4,2,2,1,0,4,5,4,5,3,4,2,2,1,0,1,0,2,2,3,4,3,4,3,4,4,5,3,4,3,4,4,5,4,3,3,4,4,3,4,4,4,3,3,4,4,11,3,3,1,2,0,2,5,3,4,4,4,4,4,4,3,3,3,4,3,4,4,3,3,4,4,4,3,4,3,4,4,3,3,4,4,4,4,3,3,3,2,2,2,2,2,2,2,2,2,2,4,3,3,3,2,6,4,4,4,5,5,4,5,5,1,39,4,1,1,1,40,5000,3800,0,31201,금융투자분석사 투자자산운용사 전문직,세무학
34123,2,3,2,3,2,1,2,3,2,1,2,2,2,2,2,3,2,3,1,0,2,2,2,2,2,3,1,0,2,3,2,3,2,3,2,3,2,3,2,2,2,3,2,3,2,2,1,0,1,0,1,0,2,2,1,0,1,0,1,0,1,0,1,0,1,0,1,0,1,0,1,0,1,0,1,0,2,3,2,2,1,0,2,3,2,2,2,2,3,3,3,2,3,3,2,3,2,2,3,2,3,19,1,3,2,2,0,3,4,3,4,2,4,5,3,2,9,9,3,3,3,2,4,4,2,2,3,4,2,4,3,4,3,2,3,1,3,4,2,1,4,2,2,2,2,2,2,2,2,2,2,1,4,2,2,3,1,7,6,5,4,3,5,4,2,5,2,34,3,1,1,1,48,2200,2000,0,550201,부모 가정 이혼 증가,유아교육
34124,4,5,4,4,1,0,3,5,3,5,3,5,1,0,3,5,4,5,3,5,4,5,4,5,3,5,3,5,1,0,3,5,4,5,3,5,3,5,1,0,4,5,4,5,3,5,3,5,3,5,1,0,4,5,3,4,3,4,2,3,4,5,4,6,3,5,4,5,2,3,3,4,4,5,1,0,3,5,3,5,3,4,3,4,3,5,3,4,4,4,3,4,4,4,4,3,3,4,4,3,4,3,1,5,1,2,0,4,5,3,4,4,4,3,3,4,3,4,4,4,3,3,4,4,3,3,4,3,4,5,4,4,4,3,2,3,3,4,3,1,3,5,2,1,1,2,2,2,2,2,2,2,3,3,3,3,2,7,3,6,4,4,4,7,4,4,1,38,4,1,1,1,40,3000,2700,0,872301,식품가공기능사 장비 도입,식품공학
34125,3,3,4,5,2,2,5,4,2,2,2,5,2,2,2,2,3,3,2,3,1,0,2,3,2,2,1,0,4,3,5,2,4,3,2,2,2,2,4,4,4,2,2,2,1,0,1,0,2,2,2,3,1,0,1,0,1,0,1,0,3,3,2,2,2,2,1,0,2,2,1,0,2,4,1,0,2,3,2,2,3,3,2,2,3,3,2,2,4,3,3,3,4,3,3,3,4,3,3,4,3,7,1,2,2,2,0,2,2,4,3,2,2,3,3,3,3,3,5,4,2,3,4,4,4,5,5,4,4,2,3,4,5,4,3,4,3,4,4,3,4,4,2,2,2,2,2,2,2,2,2,2,3,3,3,3,2,4,5,7,4,6,5,7,4,5,2,48,2,1,1,1,40,3000,2200,0,29201,고객 대한 서비스 기업 회사 업무,상고
34126,4,6,4,6,4,6,1,0,1,0,3,4,3,4,5,7,5,7,3,4,3,4,2,3,3,4,3,4,3,4,2,2,1,0,1,0,4,6,1,0,1,0,1,0,1,0,5,7,5,7,2,3,2,2,3,4,2,2,1,0,2,2,2,2,1,0,1,0,2,2,2,2,2,2,2,2,4,6,1,0,5,7,3,3,4,5,3,3,3,3,3,3,4,2,4,3,3,4,3,4,3,19,3,4,1,1,4,4,5,5,4,4,4,3,4,4,4,3,3,3,2,4,4,3,1,2,2,2,3,3,4,4,3,4,4,4,3,4,2,3,3,4,2,2,2,2,2,2,2,2,2,1,3,3,3,3,2,6,7,3,2,1,3,5,5,5,1,31,4,1,1,1,40,3200,3000,0,413202,기록물전문요원 기록물관련 기계 자동화 불가능,문헌정보
34127,4,5,4,6,4,4,5,5,4,5,4,4,4,4,4,6,5,5,3,5,4,4,5,5,3,5,4,5,3,5,3,5,3,5,4,4,3,5,4,4,4,5,4,4,4,4,4,5,3,4,2,4,4,5,4,5,4,5,3,5,4,5,4,5,4,4,5,5,3,4,4,5,4,5,2,2,3,3,2,3,2,2,4,4,4,4,4,4,4,3,2,3,3,3,3,5,2,3,3,3,3,3,1,4,2,2,0,5,4,3,3,3,3,3,3,3,4,3,4,4,2,3,3,3,4,3,2,4,3,5,2,4,4,4,5,4,3,3,3,2,4,4,2,2,2,2,2,2,2,2,2,2,3,3,3,3,2,7,7,4,5,4,3,6,4,3,1,35,4,1,1,1,42,4500,3300,0,151102,제조업 부진 상태 유지,기계공학
34128,5,6,5,7,5,6,5,6,5,7,5,6,4,6,5,7,5,7,5,7,5,7,5,6,5,6,5,7,5,6,5,7,5,6,5,6,5,6,5,7,5,6,4,6,4,5,3,4,3,4,4,4,3,4,3,4,2,2,2,2,1,0,1,0,1,0,1,0,1,0,1,0,1,0,1,0,1,0,1,0,1,0,1,0,3,3,3,5,3,3,3,3,4,4,4,3,3,4,4,4,3,15,2,5,2,2,0,4,5,3,3,3,4,5,5,3,3,3,3,4,3,3,3,3,3,3,3,3,3,3,5,3,3,3,3,2,4,4,4,3,4,4,2,2,2,2,2,2,2,2,2,2,3,3,3,3,2,2,2,4,3,5,5,3,3,4,2,38,4,1,1,1,40,4600,3000,0,110203,상태 유지,경제학
34129,4,5,5,6,4,6,5,6,3,4,4,5,3,4,4,6,4,6,3,4,4,5,4,5,5,7,4,6,3,4,3,4,3,4,2,3,4,6,4,6,3,4,4,5,4,5,2,3,2,3,2,3,3,4,2,3,3,4,2,2,3,4,3,4,2,3,3,4,2,3,3,4,2,3,3,4,4,5,2,3,5,6,2,3,5,6,5,6,3,5,4,4,5,4,4,5,3,5,5,5,3,17,3,5,1,1,6,6,7,5,5,5,5,5,3,4,4,4,4,4,2,4,4,2,3,3,2,4,4,4,2,5,5,5,5,5,4,5,5,4,4,4,2,2,2,2,2,2,2,2,2,2,3,1,1,1,2,4,3,1,1,1,2,9,5,1,2,40,6,1,1,1,40,9000,3500,0,301113,의사면허 전문의 3년의 전문훈련 상태 유지,가정의학
34130,4,6,4,5,4,5,3,5,3,5,3,5,4,5,4,6,3,5,1,0,4,5,3,5,4,5,1,0,3,4,4,5,3,5,4,5,4,6,3,5,3,4,1,0,3,5,1,0,4,5,4,6,1,0,1,0,1,0,1,0,3,5,4,5,3,5,1,0,1,0,1,0,3,5,1,0,1,0,1,0,1,0,1,0,2,2,1,0,4,4,3,3,4,4,5,3,4,4,3,4,3,13,2,3,2,2,0,3,5,4,5,4,4,4,5,4,3,4,5,4,1,4,4,4,3,4,5,4,3,4,4,3,4,3,5,4,3,4,5,4,4,2,2,2,2,2,2,2,2,2,2,2,3,3,3,3,2,5,7,3,8,6,6,4,7,6,1,53,5,1,1,1,40,4500,2900,0,110102,연구원 경우 제한 일자리,역사학
34131,3,4,2,4,1,0,3,3,3,4,4,5,3,4,4,6,3,3,4,5,2,4,3,4,4,6,2,3,2,2,4,5,2,4,5,5,5,6,5,6,5,7,1,0,5,5,5,5,5,3,4,7,5,6,4,5,5,6,5,6,4,7,5,5,4,4,5,6,5,5,5,6,2,2,5,6,5,5,5,6,3,5,3,3,4,4,2,3,3,2,4,2,4,4,3,4,2,5,4,4,2,3,1,5,2,2,0,7,1,3,3,2,4,3,3,4,3,4,4,4,3,3,2,3,3,2,3,2,3,4,3,5,3,3,2,3,3,4,3,2,5,4,2,2,2,2,2,2,2,2,2,2,2,2,2,2,2,3,4,4,6,5,5,3,6,5,2,43,2,1,1,1,40,3100,2200,0,836001,인구 감소 비량 감소,인문계
34132,3,3,4,4,2,2,2,3,3,4,3,3,2,4,4,6,3,3,2,3,1,0,3,4,3,3,3,5,2,3,2,2,1,0,1,0,3,3,1,0,1,0,1,0,2,3,1,0,1,0,1,0,1,0,3,4,4,5,4,4,1,0,1,0,1,0,2,3,2,3,2,2,1,0,1,0,3,3,3,3,5,5,3,3,3,2,2,2,2,2,2,3,2,1,3,4,2,2,2,3,3,6,1,1,1,2,0,6,1,2,2,2,3,3,2,2,1,3,3,3,2,3,2,4,3,3,2,2,3,4,4,4,3,2,2,2,2,5,2,3,4,3,2,2,2,2,2,2,2,2,2,1,2,2,2,2,2,8,8,7,6,7,8,7,3,4,1,46,2,1,3,2,48,3000,2200,0,701201,용접기능사 근무 환경 사람,공고
34133,4,6,4,5,3,4,4,6,3,5,4,4,1,0,4,5,3,5,3,4,3,4,3,5,4,5,5,5,5,4,5,5,4,6,3,4,3,3,5,6,3,4,3,4,5,4,3,5,3,4,1,0,1,0,3,2,4,4,1,0,4,4,1,0,1,0,1,0,1,0,1,0,1,0,1,0,1,0,1,0,1,0,1,0,3,4,3,3,5,5,5,5,5,5,5,5,4,3,3,2,4,11,4,3,1,1,1,4,4,3,2,3,3,4,2,2,3,3,3,3,2,3,3,3,3,2,2,4,2,4,4,5,4,3,4,4,3,4,2,4,5,5,2,2,2,2,2,2,2,2,2,3,1,2,3,2,1,6,7,7,7,8,8,5,7,5,1,49,6,2,6,1,40,0,0,5000,33201,보험중개사 고객접근방법 온라인 판매 증가,중문학
34134,1,0,1,0,1,0,1,0,1,0,1,0,1,0,1,0,1,0,1,0,1,0,1,0,4,5,1,0,1,0,1,0,1,0,1,0,1,0,1,0,1,0,1,0,1,0,1,0,1,0,1,0,1,0,1,0,5,6,4,5,1,0,4,5,4,5,4,5,5,6,4,5,1,0,4,5,4,5,3,3,2,3,4,5,4,4,1,0,4,4,3,3,4,3,4,3,3,4,4,4,3,3,1,3,2,2,0,2,2,3,3,2,2,3,4,3,3,5,5,4,3,4,3,4,3,2,4,4,3,4,4,4,3,4,4,3,4,4,3,2,4,4,2,2,2,2,2,1,2,2,2,3,2,2,2,3,2,9,4,7,5,7,8,9,3,7,2,33,3,1,1,1,40,2800,2500,0,882201,자동화 설비 도입 자동화,기계
34135,3,4,4,4,2,3,2,3,3,3,3,3,1,0,4,4,3,4,2,3,1,0,3,3,3,5,2,3,1,0,2,2,1,0,1,0,3,3,2,3,1,0,1,0,4,4,3,4,4,4,1,0,1,0,1,0,2,2,3,3,3,5,4,5,3,4,1,0,1,0,1,0,1,0,3,3,2,4,3,3,1,0,3,3,3,3,2,3,2,1,4,2,1,4,3,2,4,3,2,1,4,14,1,3,2,2,0,2,4,2,2,3,4,3,4,2,2,4,3,3,4,3,3,4,3,4,5,2,3,3,2,4,5,3,4,2,3,4,3,3,4,4,2,2,2,2,2,2,2,2,2,2,3,2,2,3,2,6,4,5,7,3,4,4,7,6,2,36,4,1,1,1,45,2300,1800,0,28302,기업 경영 물류 중요성 증가,경영학
34136,1,0,1,0,1,0,1,0,1,0,1,0,1,0,2,3,1,0,1,0,1,0,1,0,1,0,1,0,1,0,1,0,1,0,1,0,1,0,1,0,1,0,1,0,1,0,1,0,1,0,1,0,1,0,1,0,1,0,1,0,1,0,2,3,2,3,1,0,2,3,2,3,1,0,2,3,4,4,1,0,3,4,2,3,1,0,1,0,3,3,4,3,3,3,3,3,4,3,3,2,3,7,1,2,1,2,0,7,2,3,3,2,4,3,4,3,3,4,4,3,2,3,3,2,3,3,3,2,3,3,3,2,3,3,4,3,3,4,4,3,3,3,2,2,2,2,2,2,2,2,2,3,2,2,2,3,1,5,5,6,5,4,6,5,5,6,1,32,4,1,1,1,40,2900,2400,0,873401,식품가공 기능사 기계화 자동화,안전공학
34137,3,5,3,5,3,5,3,5,3,5,3,5,2,4,3,4,3,3,1,0,3,5,3,4,2,4,5,4,5,5,4,6,4,5,4,5,3,3,3,5,2,4,4,5,5,4,2,4,2,3,4,5,1,0,1,0,1,0,1,0,2,3,1,0,1,0,1,0,1,0,1,0,1,0,1,0,1,0,1,0,1,0,1,0,1,0,1,0,3,3,1,3,3,4,3,2,3,2,5,3,3,16,5,2,2,2,0,5,4,2,3,3,4,3,3,3,4,4,4,4,2,3,3,4,4,3,4,3,2,4,3,4,3,3,3,4,4,4,4,4,4,4,2,2,2,2,2,2,1,2,2,2,2,2,2,2,1,7,7,7,3,4,4,3,5,6,1,42,4,1,1,1,40,5600,3400,0,26201,인력 구조조정 컴퓨터 인공 지능 업무 일정 부분 대체 가능,경영학
34138,5,6,5,6,4,6,4,6,2,2,5,6,5,6,5,7,5,6,2,3,4,6,5,6,5,7,2,3,3,3,5,6,5,6,5,6,5,6,4,5,5,6,5,6,5,6,4,5,4,5,1,0,5,6,4,6,4,6,2,2,1,0,1,0,3,4,3,4,2,2,1,0,2,2,5,6,4,4,4,5,3,4,2,2,4,5,2,2,5,4,5,5,5,2,5,5,4,5,5,2,5,18,1,2,1,1,3,5,4,4,5,4,5,4,4,3,3,4,4,4,4,5,4,4,3,4,5,4,4,4,3,5,4,4,5,5,4,4,5,4,4,5,2,2,2,2,2,2,2,2,2,2,4,2,2,2,1,6,7,5,3,3,5,7,3,4,2,32,3,1,1,1,40,3300,2400,0,511402,분장사자격증 분장사 교육 문화 사업 발달,미용
34139,4,3,4,3,3,3,4,5,2,2,3,4,2,2,4,4,3,3,3,3,1,0,2,3,4,4,3,3,4,3,3,3,3,4,1,0,3,3,4,4,2,2,2,2,4,4,1,0,1,0,2,2,1,0,1,0,1,0,1,0,2,2,1,0,1,0,1,0,1,0,1,0,2,2,2,2,1,0,4,4,2,2,3,3,3,3,3,3,4,3,3,3,4,4,5,2,3,4,4,2,2,11,1,2,2,2,0,3,5,3,4,4,4,3,4,5,4,5,3,4,2,3,3,3,4,2,4,3,3,3,4,3,4,3,2,5,4,4,3,2,4,3,2,2,2,2,2,2,2,2,2,1,3,2,2,3,2,3,4,3,7,4,5,4,3,6,1,29,4,1,1,1,40,3000,2800,0,26201,회사 운영 위해 필요,행정학
34140,4,4,4,5,3,4,4,5,3,3,2,3,3,4,2,3,3,3,4,4,4,5,2,3,4,4,3,4,2,3,2,4,2,4,2,4,3,4,4,4,4,3,2,3,3,3,2,3,3,3,3,3,5,3,2,4,3,3,3,4,2,4,3,4,4,3,4,4,4,4,3,3,3,3,4,3,3,4,4,4,4,4,2,4,3,4,2,4,4,3,4,2,3,3,4,2,2,3,4,5,4,10,1,3,2,2,0,6,4,4,4,4,4,4,2,4,2,4,4,4,2,4,4,2,4,3,4,3,4,3,4,3,4,4,3,2,4,4,4,4,4,4,2,2,2,2,2,2,2,2,2,1,2,3,3,3,2,8,8,7,7,2,3,3,3,4,1,47,3,1,1,1,55,3000,2600,0,842101,전설 경기 침체 계속,전기
34141,5,4,4,5,3,4,2,3,3,3,4,4,3,3,4,4,4,3,4,4,4,5,4,5,3,4,4,4,4,4,4,4,4,5,4,4,3,3,2,3,4,4,4,5,3,4,2,3,4,5,5,5,4,4,5,4,4,5,4,5,3,4,4,4,5,5,4,5,4,5,5,4,2,3,4,4,3,3,3,3,4,4,2,2,3,3,3,4,3,4,3,3,2,3,5,2,2,3,4,5,3,5,1,2,2,2,0,2,4,4,3,3,4,4,3,4,3,4,4,4,2,4,4,3,2,2,3,3,2,3,3,4,4,3,4,5,4,4,3,4,4,4,2,2,2,2,2,2,2,2,2,1,3,1,1,3,2,6,7,6,6,7,7,7,7,6,1,55,2,1,1,1,52,3000,2000,0,853201,인공 지능 대체 불가,문과
34142,2,2,3,3,3,3,4,4,2,2,2,1,1,0,3,3,3,3,4,3,2,1,2,2,3,4,2,3,3,3,3,3,2,2,1,0,2,2,4,4,2,2,3,3,2,2,2,2,3,3,1,0,2,1,2,1,2,2,1,0,1,0,3,4,2,1,1,0,2,2,2,2,1,0,3,1,2,2,2,2,3,3,3,3,3,3,3,1,4,3,3,2,2,3,3,2,2,3,3,2,3,7,4,1,2,2,0,7,2,3,4,4,4,3,3,3,3,4,3,4,3,2,2,4,3,4,1,5,5,5,3,4,2,3,1,3,5,5,4,3,5,4,2,2,2,2,2,2,2,2,2,4,1,2,2,2,1,8,9,7,7,3,2,2,1,3,1,55,2,2,6,1,48,0,0,2200,615501,온라인 배달 대행 대형 마트 발달,문과
34143,3,4,3,3,3,3,5,6,3,3,2,2,2,2,5,5,4,4,4,4,2,2,5,6,4,6,4,6,4,6,4,6,4,5,3,3,5,6,4,4,3,5,1,0,1,0,1,0,1,0,4,5,1,0,1,0,1,0,1,0,3,4,1,0,1,0,1,0,1,0,1,0,1,0,2,2,1,0,2,2,1,0,1,0,3,3,1,0,4,5,2,3,4,3,3,2,3,3,4,3,3,16,5,2,1,2,0,1,5,5,4,4,5,4,5,3,3,3,4,3,3,3,3,5,4,3,4,2,4,2,2,4,4,5,4,4,4,5,4,4,5,4,2,2,2,2,2,2,2,2,2,2,3,2,2,3,1,4,3,4,6,4,5,3,4,4,1,47,4,1,1,1,40,4400,3000,0,214301,항공산업기사 항공기관 정비 기능사 성장 당분간 유지,항공정비학
34144,3,4,2,4,2,4,2,3,2,2,3,5,3,4,3,4,2,4,3,5,3,3,3,3,3,3,3,3,2,3,2,4,2,4,2,3,2,4,2,3,3,3,2,4,3,3,2,2,3,3,3,3,3,3,4,4,4,4,3,3,3,3,3,3,3,3,3,3,3,3,3,3,3,3,3,3,3,3,3,3,3,3,2,2,2,3,2,3,2,3,2,3,2,2,2,3,2,2,3,2,3,3,1,5,2,2,0,5,5,3,4,3,4,3,3,4,3,3,4,4,4,3,3,4,3,3,4,3,3,4,4,4,5,4,3,4,5,4,5,4,4,4,2,2,2,1,2,2,2,1,1,2,2,1,3,3,2,7,7,6,4,4,5,4,4,5,2,37,4,1,1,1,40,4300,3000,0,153204,개발 요구 업무 과중 외국 업체 이전,반도체세라믹공학
34145,3,5,3,4,2,4,2,4,4,5,4,5,2,4,2,4,2,4,3,5,3,4,3,5,4,4,3,5,1,0,1,0,1,0,2,4,2,4,1,0,3,5,3,4,4,5,1,0,2,4,1,0,3,5,3,5,3,4,3,6,5,5,3,5,2,4,2,4,2,5,2,5,4,5,1,0,1,0,1,0,1,0,1,0,4,5,2,4,4,5,4,3,4,4,4,4,4,4,4,4,4,10,1,3,1,2,0,5,4,4,4,4,4,5,4,3,4,4,4,4,3,3,3,4,4,3,3,2,2,4,4,4,4,3,2,2,3,3,3,3,4,4,2,1,2,2,2,1,2,2,2,2,3,3,3,3,1,3,3,4,5,6,5,6,5,6,1,36,5,1,1,1,50,4200,3200,0,13701,컴퓨터활용능력 정보통신기술사 융합 프로그램 도입 교육 정보 통신 광통신 이동 기기 발달 증가 추세,정보.통신공학
34146,2,4,4,4,1,0,2,3,1,0,2,3,2,3,2,4,4,4,4,4,3,3,2,4,4,4,1,0,5,5,5,5,1,0,1,0,2,3,4,4,2,3,3,4,2,2,1,0,2,3,1,0,1,0,1,0,3,4,1,0,2,2,1,0,3,4,2,3,2,3,1,0,1,0,1,0,2,3,3,3,4,7,4,5,5,5,3,5,3,5,2,3,3,2,2,4,2,1,4,5,3,19,1,3,1,1,2,1,2,3,2,2,2,2,2,2,2,2,2,2,4,1,2,3,4,3,4,1,4,2,3,4,3,3,2,2,3,4,4,3,4,4,2,2,2,2,2,2,2,2,2,1,4,3,3,3,2,8,7,5,7,2,2,2,3,2,1,38,2,1,1,1,40,5000,2300,0,541101,무도 단증 운전면허증 현장 실무 교육 각각 익히기 사회,기계
34147,3,4,5,5,2,4,5,6,2,4,3,5,2,4,3,4,3,5,2,4,3,5,4,6,4,5,5,6,5,6,4,6,4,6,4,5,4,6,3,5,3,4,3,5,4,6,1,0,2,2,4,5,1,0,1,0,1,0,1,0,3,4,3,4,3,4,3,4,3,4,3,4,3,4,2,3,2,4,3,5,4,6,4,6,3,4,3,4,4,4,3,4,5,2,5,4,3,3,5,4,4,15,2,4,2,1,2,3,4,4,4,4,3,3,2,4,3,4,4,4,2,4,3,3,3,2,4,2,4,4,4,2,4,3,3,4,4,4,3,2,3,3,2,2,2,2,2,2,2,2,2,2,3,3,3,3,2,6,6,8,5,7,7,6,5,5,1,37,3,1,1,1,40,3600,2000,0,240301,사격훈련 기계 대신 일이,건축학
34148,4,4,4,4,4,4,4,4,4,4,4,4,4,4,4,4,4,4,4,4,4,4,4,4,4,4,4,4,4,4,4,4,4,4,4,4,4,4,4,4,4,4,4,4,4,4,4,4,4,4,4,4,4,4,5,6,5,6,4,4,4,4,4,4,4,4,4,4,4,4,4,4,4,4,4,4,4,4,4,4,4,4,4,4,4,4,4,4,3,4,4,3,4,4,4,4,3,4,4,4,4,11,1,2,1,1,2,7,2,4,2,2,4,3,4,4,4,5,5,5,3,4,3,4,4,4,4,4,3,4,3,4,3,4,4,3,4,5,3,4,4,5,2,2,2,2,2,2,2,2,2,2,4,3,3,3,2,7,4,5,3,3,5,5,7,7,1,43,2,1,1,1,40,3200,2300,0,541201,일반 경비지도사 고객 서비스 훈련 고객 안전 중시 서비스 차원,이과
34149,2,1,3,2,1,0,2,1,1,0,1,0,1,0,3,3,3,3,2,2,1,0,2,2,4,3,1,0,1,0,2,2,1,0,1,0,3,4,1,0,1,0,1,0,1,0,1,0,2,1,1,0,1,0,2,1,4,3,4,3,1,0,2,2,3,4,5,4,4,3,5,3,1,0,3,4,5,4,4,4,5,5,5,4,3,3,2,2,2,1,1,2,2,1,4,3,3,2,2,3,2,3,1,2,2,2,0,7,2,3,2,2,3,2,2,2,3,3,4,3,3,3,2,3,2,1,3,3,3,4,3,4,2,3,4,3,4,4,3,4,4,3,2,2,2,2,2,2,2,2,2,2,3,3,3,3,2,8,9,6,4,3,7,5,2,2,1,33,3,1,1,1,40,3200,2800,0,853201,환경 관련 산업,전기공학
34150,5,6,4,6,4,5,4,5,2,3,4,5,5,6,3,4,3,4,4,4,4,4,4,4,4,5,4,4,4,4,4,5,5,5,5,5,4,5,5,5,5,5,5,6,4,5,4,5,4,5,4,5,4,5,3,3,4,5,4,3,4,5,3,2,4,3,5,5,4,4,4,4,4,5,4,4,4,4,4,4,4,4,4,4,4,5,4,5,4,4,2,2,4,2,2,3,3,3,3,3,3,18,1,3,2,2,0,4,5,4,3,3,3,4,3,2,4,4,4,4,3,4,4,3,2,2,2,3,3,3,4,4,4,3,3,4,4,4,4,4,4,3,2,2,2,2,2,2,2,2,2,1,3,3,2,3,1,8,4,5,7,6,4,8,4,5,1,45,4,1,1,1,40,4000,2500,0,416101,변화,방송영상
34151,3,5,3,5,3,5,3,4,3,4,3,4,3,4,2,3,2,3,3,4,3,4,3,4,3,5,3,4,3,4,3,4,3,4,3,4,3,4,3,4,3,4,3,5,3,4,3,4,3,4,3,4,3,4,4,6,4,5,4,5,3,5,3,5,3,5,4,5,3,5,4,5,3,5,3,5,3,5,4,5,4,5,3,5,3,4,3,4,4,3,3,3,3,2,3,4,3,3,3,3,3,13,1,2,1,1,5,6,2,4,3,3,4,3,3,3,4,3,3,3,2,3,2,3,4,3,3,3,3,3,3,4,3,4,3,3,3,3,3,3,3,3,2,2,2,2,2,2,2,2,2,2,2,2,2,3,1,8,7,6,7,6,7,6,7,6,1,48,2,1,1,1,42,5400,5200,0,153106,전기산업기사 전기안전기사 실무교육 시스템 개발,전기공학
34152,3,4,4,5,1,0,3,4,2,1,2,2,1,0,2,1,3,4,2,2,1,0,3,3,3,4,4,5,4,5,3,4,2,1,2,3,3,4,4,5,3,4,4,5,3,4,2,3,2,2,3,4,3,3,1,0,1,0,1,0,1,0,2,3,2,3,1,0,1,0,1,0,2,2,4,5,3,3,2,3,2,2,3,3,2,2,2,1,4,3,2,3,4,2,3,4,5,4,4,3,4,19,1,1,1,2,0,4,2,3,4,3,3,4,4,3,3,3,4,3,2,3,4,3,5,4,4,4,3,3,3,5,4,3,4,3,4,4,5,3,4,5,2,2,2,2,2,2,2,2,2,2,3,1,2,3,2,8,8,6,4,3,5,4,4,3,2,34,4,1,1,1,52,2800,2300,0,511301,피부미용증 피부 투자 사람,경제학
34153,2,2,3,3,1,0,3,5,4,5,4,5,1,0,2,1,3,3,2,2,1,0,1,0,3,4,4,5,3,3,3,4,2,2,2,3,1,0,4,4,4,5,1,0,3,4,1,0,2,1,2,1,3,3,1,0,2,2,2,1,1,0,2,2,4,5,2,1,1,0,1,0,2,1,3,4,3,4,3,3,2,4,3,2,3,4,2,3,2,2,2,3,3,4,4,2,3,4,2,2,3,15,2,5,2,1,2,4,5,4,4,4,2,4,4,4,3,3,4,4,2,4,4,3,3,3,4,4,3,4,2,5,4,4,4,5,4,4,5,4,4,4,2,2,2,2,2,2,2,2,2,2,3,3,3,3,2,5,4,6,4,6,6,4,7,6,1,35,4,1,1,1,40,4300,4000,0,28202,인성 교육 공기업 지원 사람 추세,경영학
34154,2,2,4,5,2,1,2,2,1,0,4,4,1,0,1,0,3,3,2,2,5,4,2,3,3,4,2,2,4,5,3,4,4,5,2,2,2,1,2,2,4,5,3,3,2,2,1,0,2,2,1,0,1,0,1,0,1,0,1,0,1,0,1,0,1,0,2,2,1,0,1,0,3,3,1,0,1,0,3,3,3,4,3,3,4,5,4,4,5,4,2,3,5,2,5,5,2,3,5,4,2,15,2,3,1,1,4,4,5,5,5,4,5,5,3,4,2,3,4,3,3,5,3,4,3,5,4,4,5,3,2,5,3,4,4,2,2,5,3,3,4,5,2,2,2,2,2,2,2,2,2,2,3,3,3,3,2,9,8,7,5,4,4,2,2,6,1,39,4,1,1,1,52,4000,2300,0,240101,경찰자격증 현장실습 변화,경찰학
34155,2,3,2,3,2,3,2,3,2,2,2,2,1,0,1,0,2,2,2,3,1,0,2,3,3,4,1,0,1,0,3,4,2,2,2,2,2,3,2,3,2,3,2,3,2,3,2,3,2,3,2,3,2,3,2,3,2,3,2,3,2,3,3,4,2,2,3,4,3,4,3,4,2,3,2,3,2,3,3,4,3,4,3,4,3,4,2,2,2,3,4,3,3,2,3,2,2,3,3,3,3,7,1,2,2,2,0,3,2,3,3,3,3,3,2,3,3,4,4,4,3,3,3,3,4,4,4,2,3,2,4,4,4,4,3,3,4,4,3,4,4,3,2,2,2,2,2,2,2,2,2,1,3,2,2,2,2,8,3,7,3,5,7,8,7,5,1,36,2,1,1,1,40,2800,2000,0,872101,기계 대신 일이,토목
34156,3,4,4,5,1,0,3,4,1,0,4,5,3,4,4,5,4,5,3,4,3,4,4,5,4,5,4,5,4,5,2,2,4,5,4,5,1,0,2,2,3,3,2,3,3,4,2,3,2,2,2,2,1,0,1,0,1,0,1,0,2,2,1,0,1,0,1,0,1,0,1,0,2,3,2,3,2,3,2,3,2,3,1,0,2,2,2,2,3,4,3,3,3,4,3,3,3,3,4,3,3,17,1,4,1,1,6,6,5,3,3,3,3,3,3,3,4,4,4,4,2,3,3,2,2,2,2,3,3,3,3,3,3,2,3,3,2,3,2,3,3,3,2,2,2,2,2,2,2,2,2,1,3,1,1,3,2,6,4,4,4,4,5,6,4,5,2,38,4,1,1,1,52,8000,5500,0,301107,의사자격증 인턴 레지던트 정신병 치료 치료 숨기 경우 현재 수준 별반 차이,의학과
34157,4,6,4,6,4,5,3,6,3,5,3,5,2,3,2,2,2,3,2,4,2,5,2,3,2,4,3,3,4,5,2,5,4,6,3,6,4,6,3,6,4,6,4,6,4,6,3,6,3,5,3,5,3,5,4,6,4,5,3,6,3,4,2,3,2,4,2,5,2,5,2,4,2,3,2,4,2,4,3,4,3,5,2,4,4,6,2,4,4,4,5,4,4,4,4,4,5,4,4,5,4,10,1,4,2,2,0,5,5,4,5,4,4,4,3,4,5,5,4,4,4,5,4,3,4,4,3,4,4,4,4,5,4,4,5,4,4,4,5,4,4,4,2,2,2,2,2,2,2,2,2,1,3,2,2,2,1,8,7,6,4,4,3,7,6,7,1,38,4,1,1,1,50,5300,3000,0,412002,지금,방송
34158,4,4,4,3,4,6,4,3,4,4,5,5,4,4,4,4,5,5,3,4,4,4,3,3,4,4,2,3,4,4,3,5,4,5,5,5,2,3,4,4,4,4,3,4,2,3,4,3,4,4,3,4,4,4,4,4,1,0,1,0,2,3,1,0,1,0,1,0,2,2,1,0,2,2,1,0,2,2,1,0,2,2,1,0,3,3,3,3,4,3,4,3,3,2,2,4,2,3,3,3,4,18,4,1,2,2,0,7,1,3,3,3,2,3,2,3,9,9,9,3,3,3,3,4,4,4,5,4,4,4,2,4,5,3,2,3,4,4,4,4,4,2,2,2,2,2,2,2,2,2,2,3,3,3,3,3,2,9,7,6,4,3,4,8,7,3,1,29,4,1,4,2,50,1200,300,0,411103,상황 유지 지속,연극영화
34159,2,2,3,3,2,2,2,2,2,2,3,3,3,3,2,2,3,3,3,3,2,2,4,4,3,4,4,4,2,2,3,3,2,2,3,4,3,3,2,3,2,3,3,3,2,2,3,4,2,2,2,2,4,4,2,2,4,5,3,4,2,2,3,4,2,2,3,4,4,4,3,4,3,3,2,3,4,4,4,4,3,4,3,3,3,4,2,2,4,2,3,2,3,3,4,3,4,3,4,2,3,6,1,1,1,2,0,1,1,4,4,4,3,4,4,3,9,3,4,4,3,4,3,3,3,4,4,3,3,3,3,4,4,3,4,4,3,3,2,4,4,3,2,2,2,2,2,2,2,2,2,2,4,2,2,2,2,6,5,7,7,6,6,4,7,6,1,50,2,1,1,1,40,3100,2700,0,702201,방수기능사 도심 단장 주택 사무실 보수 증가,인문계
34160,3,4,3,4,1,0,2,3,1,0,1,0,4,5,3,4,4,5,2,3,1,0,3,3,3,4,2,3,2,2,3,4,1,0,2,3,2,2,4,5,3,4,4,5,4,5,3,4,2,2,1,0,3,3,2,3,3,4,3,4,1,0,4,5,3,4,3,4,2,2,3,3,2,2,4,5,3,4,2,2,2,3,3,4,3,4,2,1,5,4,5,4,4,3,4,4,5,4,4,3,5,18,4,1,2,2,0,7,2,4,3,4,5,5,3,4,9,9,9,4,1,5,4,4,4,3,5,3,4,2,4,5,4,5,3,3,4,5,4,3,5,5,2,2,2,2,2,2,2,2,2,1,2,2,2,2,2,8,7,5,4,3,5,7,8,8,1,57,2,2,6,1,40,0,0,3000,884101,장인 존중 문화,전기
34161,2,2,4,2,2,2,3,2,1,0,1,0,1,0,3,4,3,3,2,2,1,0,1,0,3,3,1,0,3,3,3,3,2,2,1,0,1,0,3,3,3,3,2,2,3,2,1,0,2,2,1,0,1,0,1,0,1,0,1,0,1,0,1,0,1,0,1,0,1,0,1,0,2,2,1,0,2,2,1,0,4,2,2,2,3,3,3,2,2,4,2,2,2,1,2,3,4,2,2,3,2,9,1,2,2,2,0,1,2,3,2,2,2,2,4,2,1,3,3,3,4,1,1,4,5,4,3,5,5,2,2,3,3,4,3,4,4,3,4,3,2,4,2,2,2,2,2,2,2,2,2,1,3,2,2,2,2,6,7,6,6,7,5,3,4,6,2,27,4,1,3,2,30,2000,1800,0,532201,대형 음식점 갈수록 생기 일자리,영어영문학
34162,3,5,3,4,2,3,3,5,3,4,2,4,3,3,3,4,3,4,3,4,3,4,3,4,2,4,3,4,3,4,3,5,2,4,3,4,2,4,3,4,3,4,3,4,3,3,3,4,4,5,3,5,4,4,3,4,4,5,3,4,3,4,3,5,3,4,3,4,3,4,4,5,3,4,3,4,4,4,3,4,3,5,4,5,3,4,4,4,4,4,3,2,4,4,4,3,3,2,3,3,2,15,2,3,2,1,2,2,3,4,3,3,3,3,4,2,3,3,4,3,3,3,2,3,4,3,3,3,4,3,4,3,3,2,3,3,3,3,3,4,3,3,2,2,2,2,2,2,2,2,2,1,4,3,3,2,2,6,6,5,6,5,4,7,6,5,1,36,2,1,1,1,44,2700,2500,0,624201,배달 요령 대면 생활 우편 택배 증가,문과
34163,2,2,3,4,2,1,3,3,2,1,1,0,3,3,2,4,3,3,1,0,2,2,3,4,4,5,2,2,3,5,3,5,4,4,2,3,1,0,4,5,4,6,4,5,4,5,3,4,4,3,1,0,1,0,2,2,3,3,1,0,1,0,3,3,3,4,4,5,3,4,3,4,2,3,4,5,1,0,1,0,2,4,3,3,3,3,2,1,4,2,4,3,4,4,2,2,2,2,3,2,4,3,4,1,1,2,0,3,2,4,5,3,5,5,3,4,9,9,4,4,2,4,3,3,2,4,3,4,3,3,3,5,3,3,4,2,2,3,2,4,5,5,2,2,2,2,2,2,2,2,2,1,3,1,2,2,1,8,7,5,4,3,2,8,3,5,1,38,4,2,6,1,40,0,0,5000,873301,제과제빵기능사 추세,식품영양학
34164,4,6,4,6,1,0,2,3,1,0,4,6,5,7,3,5,4,6,4,6,4,6,3,5,4,6,1,0,2,2,1,0,1,0,1,0,4,6,1,0,2,3,2,2,2,2,1,0,1,0,1,0,2,2,1,0,2,2,1,0,4,6,1,0,2,2,2,2,1,0,1,0,1,0,4,6,3,3,3,4,1,0,1,0,5,6,5,7,3,5,5,2,5,2,2,5,3,5,5,5,5,16,5,5,2,2,0,6,6,3,2,2,3,3,4,2,2,3,4,2,4,2,3,3,3,4,3,4,5,5,2,5,5,4,4,4,5,5,5,3,4,5,1,1,1,1,1,2,2,2,2,1,2,2,2,2,1,1,1,2,1,2,3,8,8,8,1,53,6,1,2,2,40,2000,1700,0,414502,유튜브 통해 직접 소비자 소통 경제 소득 보장,작곡
34165,3,4,4,3,1,0,3,3,4,4,4,4,2,2,2,3,2,3,4,4,1,0,3,4,4,4,2,3,3,3,3,3,4,3,3,3,3,3,3,3,4,4,4,4,2,3,1,0,3,3,1,0,4,3,4,4,4,4,4,4,4,4,4,3,4,3,4,4,4,4,4,4,4,4,4,4,3,3,2,4,2,3,1,0,4,4,3,3,2,3,2,4,4,4,5,4,2,3,4,3,3,3,1,2,1,2,0,4,5,4,4,4,4,5,5,4,3,4,4,4,2,3,2,4,3,2,3,2,3,4,4,5,4,3,4,4,3,4,3,2,4,3,1,2,2,1,2,2,2,2,2,3,2,3,3,3,2,2,3,2,3,2,5,3,7,5,1,31,4,1,1,1,40,4300,3600,0,153202,반도체산업기사 전기산업기사 시스템 개발 기술 개발,정보미디어학
34166,5,6,5,6,5,6,4,6,5,6,5,7,4,5,4,6,4,6,4,6,4,6,4,5,4,6,5,6,4,6,4,6,4,6,4,5,4,5,4,6,4,6,4,6,4,5,4,6,4,6,4,5,4,6,3,4,4,5,4,5,4,5,4,4,4,5,4,5,4,5,4,5,4,6,4,5,4,6,3,4,4,5,4,5,3,4,3,5,3,3,3,2,4,3,4,3,3,3,4,3,3,15,2,5,1,2,0,5,6,3,3,3,4,4,4,3,3,3,3,3,3,3,3,3,3,3,3,3,3,3,4,3,3,3,2,3,2,3,3,2,3,4,2,2,2,2,2,2,2,2,2,2,3,3,3,3,2,2,3,5,5,6,7,3,5,7,1,36,5,1,1,1,50,5500,3000,0,155102,전자공학 석사이상 상태 유지,전자공학
34167,5,5,4,6,4,4,5,6,4,5,4,4,5,4,4,3,3,4,5,5,4,5,4,5,4,5,3,4,5,5,5,4,4,5,4,4,5,5,5,5,5,5,5,5,3,3,3,4,5,4,4,4,5,4,4,4,5,4,3,4,5,4,4,4,4,3,4,4,5,4,5,5,2,4,3,6,4,5,5,4,5,6,5,5,5,5,4,4,5,5,5,4,4,1,5,5,4,4,2,4,5,1,1,1,2,1,4,7,2,5,5,5,5,5,4,3,3,5,4,4,1,5,5,5,5,4,5,1,5,1,2,4,4,3,3,3,5,5,5,3,5,5,2,2,2,2,2,1,2,2,2,3,1,3,3,3,2,9,7,8,3,5,5,9,6,5,2,58,2,2,5,1,40,0,0,2500,902101,동물의 질병 원인을 찾을수 있는 인지력 교육 축사 온도 장치 측정 장비 이용 대한 오류 발생 동물 움직임 대한 분별 판단 어려움 축사 동물 관리 불편 전문성 품질 관리 빅데이터 도입 축사 관리사 자리,축산업
34168,5,7,5,7,3,5,3,4,2,3,3,4,2,3,3,4,4,6,3,4,4,5,4,5,4,5,3,4,4,5,3,4,3,4,3,5,4,6,4,5,4,6,4,5,4,5,4,5,5,7,4,6,5,6,2,3,5,7,3,4,2,3,1,0,3,5,2,3,3,4,3,4,2,2,4,6,4,6,4,6,3,4,3,5,4,5,4,5,4,4,3,4,4,2,4,3,3,4,4,4,4,17,1,2,1,1,6,6,5,5,5,5,5,5,4,4,3,4,4,4,2,4,4,2,2,2,2,3,3,3,4,4,4,3,3,4,4,4,3,3,4,5,2,2,2,1,1,2,2,1,2,3,4,2,2,2,1,7,6,5,4,5,4,4,5,6,1,37,5,1,1,1,48,8200,7600,0,301110,의사 전문의 인턴 전문의 과정 마취 약품 변경 업무 병원 수가,의학
34169,5,6,5,6,3,5,4,6,3,5,4,5,2,3,4,5,3,5,4,5,2,4,4,6,5,6,2,4,2,4,4,5,3,4,3,5,5,6,4,5,5,6,2,3,4,5,2,3,2,3,3,4,3,5,3,4,4,5,2,3,3,4,2,3,4,5,3,4,3,4,3,4,4,5,5,6,5,6,4,5,2,2,3,4,4,5,3,4,4,4,2,4,4,2,4,4,2,4,4,4,4,17,3,4,1,1,6,6,5,4,4,4,4,4,3,4,4,4,4,4,2,4,4,3,2,2,3,4,4,3,2,4,4,4,4,4,3,4,3,3,4,4,2,2,2,2,2,2,2,2,2,2,4,3,3,3,2,7,7,7,3,3,3,3,7,7,2,37,4,1,1,1,48,9500,6000,0,301102,의사고시 외과 수술 실무 교육 의료 서비스 수요 증가,의학
34170,3,4,4,6,3,4,5,6,4,6,4,5,4,5,3,4,4,5,4,5,3,4,3,4,3,4,3,4,4,5,4,5,4,5,3,4,1,0,3,4,4,5,3,4,1,0,1,0,1,0,1,0,4,5,5,6,4,5,4,5,5,5,2,2,3,4,3,3,1,0,1,0,3,4,1,0,1,0,1,0,1,0,1,0,4,5,3,4,5,4,4,4,5,4,4,2,2,5,4,3,3,13,1,2,2,2,0,7,5,4,4,5,5,4,5,4,5,5,4,4,4,4,4,4,5,4,4,5,4,5,4,4,5,5,5,4,4,4,4,4,5,4,2,2,2,2,2,2,2,2,2,1,3,3,3,3,2,3,3,2,2,7,6,8,7,3,1,34,4,1,1,1,40,4000,3000,0,415504,변화,콘텐츠디자인
34171,3,1,3,2,1,0,2,2,2,1,3,3,1,0,3,3,4,3,4,2,2,2,2,3,4,2,3,3,4,1,5,2,1,0,1,0,3,3,2,1,2,4,3,2,2,3,4,1,4,2,4,3,3,3,2,2,4,2,3,1,2,1,4,3,2,4,4,1,5,2,4,3,4,3,3,1,5,2,4,1,4,2,2,2,2,2,3,1,3,2,2,2,3,1,3,1,3,4,4,2,3,3,1,2,2,2,0,1,2,4,2,1,3,2,4,2,2,3,4,3,4,4,3,4,3,4,2,2,3,4,4,2,3,3,5,4,4,3,5,2,4,5,2,2,2,2,2,2,2,2,2,1,3,2,2,2,2,6,8,5,4,4,6,7,5,5,1,47,4,1,1,1,40,3800,3500,0,873501,토속 부분 마니아,식품공학
34172,5,7,4,5,4,5,3,5,3,5,3,4,5,7,4,5,5,7,5,7,4,5,3,4,5,7,2,3,2,2,1,0,2,2,1,0,1,0,1,0,3,4,4,6,4,5,3,4,2,2,1,0,4,5,1,0,2,2,1,0,4,6,1,0,2,3,2,2,1,0,1,0,1,0,3,5,1,0,1,0,1,0,1,0,3,5,1,0,4,4,5,3,3,2,4,4,1,3,3,3,5,18,4,1,2,2,0,7,2,4,3,3,4,4,1,2,9,9,3,3,2,4,4,2,4,4,4,3,3,3,3,4,4,3,3,3,4,4,4,3,4,4,1,1,2,2,2,2,2,2,2,3,4,2,2,2,2,4,2,1,4,3,4,9,6,3,2,54,4,1,4,2,50,1800,950,0,414301,컴퓨터 저장 능력 확장 소프트웨어 분양 발전 만화 작업 수행 질적 측면 향상 컴퓨터 기능 하드웨어 개발 세대 만화 접근성 증대 편승 일자리 증가 예상,문화교양학
34173,5,6,4,5,4,5,5,6,4,5,4,5,4,5,4,5,4,5,4,5,4,5,4,5,4,5,4,5,4,5,4,5,3,4,4,6,3,5,3,5,4,5,4,5,4,5,4,5,3,4,4,5,1,0,1,0,1,0,1,0,4,5,1,0,3,3,3,4,1,0,1,0,3,3,3,4,3,4,3,4,3,5,4,5,3,5,4,5,4,4,4,3,4,3,3,4,2,4,4,3,4,15,2,2,1,2,0,5,5,4,4,4,4,5,2,3,3,2,3,4,4,4,5,3,4,3,4,4,3,3,2,3,4,3,4,4,4,3,4,2,4,4,2,2,2,2,2,2,2,2,2,1,2,3,3,3,2,5,4,6,4,6,6,7,6,3,2,34,4,1,1,1,40,3300,3200,0,29903,행정사 전산 자동화 업무 처리 수요,행정학
34174,3,4,3,4,2,2,3,3,1,0,1,0,2,3,1,0,1,0,1,0,1,0,1,0,2,2,2,2,2,2,1,0,1,0,1,0,2,3,2,2,2,2,1,0,2,2,1,0,1,0,2,2,1,0,1,0,1,0,1,0,1,0,1,0,1,0,1,0,1,0,1,0,1,0,1,0,1,0,1,0,1,0,1,0,2,2,2,2,3,3,2,2,3,3,2,4,2,3,3,2,2,18,1,2,2,2,0,3,2,2,2,2,2,3,2,2,3,3,3,3,3,2,2,2,2,2,2,2,2,2,4,4,3,3,2,2,2,3,2,3,3,3,2,2,2,2,2,2,2,2,2,1,4,2,2,3,1,4,6,5,6,4,4,4,4,6,1,43,4,1,1,1,52,4800,2800,0,24402,공연 증가,미디어&엔터테인먼트
34175,1,0,3,3,1,0,2,2,1,0,1,0,1,0,3,4,2,3,1,0,2,2,1,0,4,3,1,0,2,2,2,2,1,0,1,0,2,2,2,3,1,0,1,0,2,2,1,0,1,0,1,0,1,0,1,0,2,3,2,3,1,0,1,0,1,0,2,2,3,3,1,0,1,0,4,3,4,3,4,3,5,3,3,4,4,3,2,3,2,2,2,2,1,1,2,3,2,1,2,3,3,8,1,3,2,2,0,2,1,3,2,1,2,2,1,3,2,3,4,3,5,2,2,2,3,2,1,4,3,5,2,5,3,2,4,4,3,5,3,3,5,4,2,2,2,2,2,2,2,2,2,1,2,3,3,3,2,9,7,9,7,9,8,8,3,4,1,58,1,1,2,1,48,3200,2000,0,624301,업종,0
34176,4,5,5,6,3,4,5,5,3,5,4,6,4,6,4,6,4,5,4,6,3,4,3,6,4,5,2,3,3,4,4,6,3,5,2,4,3,5,5,7,4,6,4,6,3,5,1,0,2,4,2,5,2,4,2,3,1,0,1,0,2,4,2,3,1,0,1,0,1,0,1,0,2,3,2,3,3,4,4,5,3,5,3,4,4,4,3,4,4,4,2,4,4,2,2,4,3,4,4,4,3,8,3,6,2,2,0,3,4,4,4,3,2,3,4,4,3,2,4,4,2,3,4,3,3,2,4,3,4,4,3,4,4,4,4,3,4,2,3,3,3,4,2,2,2,2,2,2,2,2,2,1,3,2,2,2,1,4,3,7,4,6,6,4,5,6,2,25,3,1,1,1,40,3500,3000,0,522101,서비스,항공운항과
34177,4,5,4,4,4,5,4,5,5,5,4,5,4,5,4,4,4,6,4,5,4,4,5,5,4,5,4,4,3,4,4,5,3,4,2,3,4,5,3,4,4,5,3,4,4,4,3,3,3,4,2,3,2,3,2,3,1,0,2,4,3,4,2,3,3,3,2,3,3,3,2,3,3,4,2,4,2,3,2,3,3,4,2,3,4,5,3,5,4,4,3,4,4,3,5,4,3,4,3,4,4,16,5,5,2,2,0,6,7,3,4,3,5,4,3,4,2,3,3,4,2,4,3,4,4,3,2,1,4,3,4,5,4,3,3,3,4,5,5,3,4,4,2,2,2,2,2,2,2,2,2,1,3,3,3,3,2,6,5,5,4,6,6,4,6,5,1,36,6,1,1,1,50,5200,4500,0,121103,상태 유지,수학교육
34178,2,3,2,3,2,2,1,0,2,2,1,0,1,0,3,4,3,3,2,3,1,0,2,2,3,3,1,0,1,0,3,3,1,0,1,0,1,0,2,1,3,3,3,3,2,3,1,0,1,0,1,0,2,3,2,2,2,5,3,4,1,0,1,0,2,3,3,4,3,3,3,3,1,0,3,5,3,5,2,3,3,3,2,3,3,5,2,3,3,4,3,3,4,2,3,3,3,2,3,3,3,3,1,5,1,1,2,2,2,3,3,2,4,4,3,3,3,2,3,3,3,4,3,4,2,1,3,3,3,4,3,4,1,1,2,3,3,3,2,1,3,5,2,2,2,2,2,2,2,2,2,2,2,3,2,2,1,8,8,5,5,3,3,6,6,5,1,49,2,1,1,1,40,4000,3200,0,835201,산업기사 전기기능사 전자산업기사 전자부품 생산기계관련 조작훈련 생산 시설 로봇 자동화 대형화 인력 수요 감소,문과
34179,4,3,4,3,3,2,4,3,3,2,3,2,4,3,3,2,4,3,3,2,3,2,4,3,4,3,3,3,3,2,3,3,3,2,4,3,3,2,2,2,3,2,4,3,4,4,3,2,3,2,3,4,2,2,3,2,3,2,2,2,1,0,2,2,3,2,3,2,3,3,3,3,1,0,3,3,3,3,3,2,4,4,4,3,3,3,3,3,4,3,3,3,3,2,3,3,3,3,2,3,3,1,4,1,2,1,2,3,1,3,2,2,4,3,2,2,9,9,9,2,4,3,3,5,4,4,4,3,3,4,3,4,3,3,3,3,4,4,3,3,3,2,2,2,2,2,2,2,2,2,2,1,1,3,3,3,2,5,5,5,5,5,5,4,3,4,1,69,1,2,6,1,40,0,0,4500,901201,작물 재배 농약 비료 사용방법 영농 육체 경제 보상 미약,0
34180,1,0,3,4,2,2,3,4,2,2,2,1,2,2,2,3,3,4,1,0,1,0,2,2,3,4,2,2,3,3,3,3,1,0,1,0,2,2,3,4,3,4,3,4,3,3,2,2,2,3,3,4,2,1,1,0,2,3,1,0,1,0,2,2,1,0,2,3,3,4,3,3,2,2,2,3,2,2,3,4,2,3,2,2,2,1,2,2,4,3,4,3,3,4,2,4,3,3,4,2,4,19,1,1,2,1,3,4,2,3,4,4,4,5,3,2,3,3,4,3,3,4,5,4,3,2,4,2,3,5,3,4,3,4,3,2,3,2,3,2,4,3,2,2,2,2,2,2,2,2,2,3,4,2,2,3,1,6,5,7,4,3,5,4,3,4,1,34,2,1,1,1,50,2400,2000,0,531701,추출방법 푸어링 생각,전자
34181,5,5,5,5,4,5,4,4,3,4,3,3,1,0,2,3,3,4,2,3,2,3,3,3,2,3,2,2,3,3,3,3,3,3,3,3,3,3,4,4,3,3,3,3,3,3,4,4,2,3,3,3,1,0,1,0,1,0,1,0,5,3,2,3,3,3,2,3,2,2,2,2,2,2,4,4,3,3,3,3,2,3,2,2,4,3,4,4,3,3,2,3,3,4,2,3,3,3,4,3,3,11,1,2,1,2,0,7,2,3,2,2,2,4,3,3,3,3,3,3,2,2,2,4,3,3,3,4,4,3,4,4,4,3,3,3,4,3,3,2,3,3,2,2,2,2,2,2,2,2,2,4,1,3,3,3,2,5,4,6,5,4,5,5,4,5,2,29,2,1,1,1,40,3200,2000,0,32401,워드프로세스 인터넷 용도,상고
34182,5,6,5,6,4,6,3,4,3,4,4,7,2,5,4,5,4,5,2,4,3,4,3,4,4,5,3,4,4,5,4,6,5,7,3,4,3,4,3,4,5,7,5,7,4,5,1,0,1,0,4,6,4,5,2,2,2,3,2,2,2,3,1,0,2,2,1,0,1,0,1,0,1,0,1,0,1,0,1,0,1,0,1,0,4,5,2,3,4,4,4,2,4,4,5,3,1,5,4,4,4,15,2,3,1,1,3,6,5,4,4,2,4,3,2,2,2,4,5,4,2,4,3,4,4,2,4,1,4,2,4,4,4,4,4,4,4,4,4,4,4,2,2,2,2,2,2,2,2,2,2,2,4,3,3,3,2,5,2,2,2,2,5,5,5,5,1,35,4,1,1,1,55,7000,6000,0,221101,변호사 자격 사법고시 법률문서 작성 인력 부속 업무 인력,법학
34183,4,7,5,7,4,6,4,4,1,0,3,5,1,0,3,5,2,2,3,3,4,4,5,7,5,6,1,0,3,3,3,3,1,0,1,0,3,4,2,2,5,5,4,4,2,2,1,0,4,4,4,4,3,4,3,4,4,4,2,2,1,0,1,0,5,5,5,6,2,3,2,3,2,2,5,7,5,7,5,7,3,3,3,5,5,7,3,3,4,4,3,5,5,5,3,3,1,4,4,3,3,17,1,2,1,2,0,6,5,4,2,2,3,4,3,5,4,4,4,4,2,4,3,4,2,2,2,1,3,2,4,4,2,4,5,4,5,5,3,3,5,1,2,2,2,2,2,2,2,2,2,1,4,2,2,2,2,1,1,7,5,7,7,5,7,6,1,48,4,1,1,1,40,9495,7968,0,301106,의사 국가면허 소득 상승 의료 기술 발달 건강 보험 발전 우리나라 의료 서비스 수요 의사 수요 증가 주요 요인 생각,의예
34184,4,5,3,5,3,5,4,4,4,4,4,5,1,0,3,5,3,5,1,0,3,5,3,5,4,5,3,5,1,0,1,0,1,0,1,0,4,5,3,5,3,4,3,5,3,5,1,0,3,5,3,5,4,5,3,5,3,5,1,0,4,5,4,6,4,5,3,5,4,5,3,5,2,2,3,5,3,4,4,5,3,5,3,4,5,6,2,3,4,3,4,4,5,4,4,3,4,3,3,4,4,3,1,4,1,2,0,2,5,4,4,5,5,4,4,4,3,3,4,4,4,4,3,4,3,3,4,5,3,3,4,3,4,3,5,4,3,4,5,4,4,3,2,2,2,2,2,2,2,2,2,2,3,3,3,3,2,6,4,8,6,6,7,7,4,6,1,30,4,1,1,1,40,3700,3500,0,154103,화공기사 화공안전기사 화학분석기사 조선업 저조 고용,화학공학
34185,5,7,5,7,5,6,5,6,5,6,4,5,5,6,5,6,4,5,5,7,4,6,4,7,4,4,3,4,3,4,4,5,4,6,5,6,5,7,4,6,5,7,5,6,5,7,4,6,5,6,5,6,5,5,5,6,5,6,5,5,3,4,3,5,3,5,3,4,3,4,3,5,3,5,4,5,4,6,3,3,2,3,2,3,3,4,3,4,3,3,4,3,4,4,4,3,3,3,4,3,3,15,2,5,2,2,0,4,6,3,3,3,5,4,5,3,3,3,4,4,3,3,3,3,3,4,3,4,3,3,5,3,3,3,4,3,4,3,3,4,4,5,2,2,2,2,2,2,2,2,2,3,3,3,3,3,2,3,2,3,3,4,2,3,3,2,1,37,5,1,1,1,40,3800,3000,0,122105,상태 유지,산림
34186,4,4,3,6,3,5,2,3,2,4,4,5,3,3,4,4,4,3,3,3,1,0,1,0,2,3,1,0,2,5,2,4,2,4,2,3,3,5,2,3,4,3,3,5,2,3,4,5,2,4,3,5,2,4,4,5,1,0,1,0,1,0,2,4,3,5,2,4,1,0,2,3,2,4,2,4,2,5,3,3,3,3,2,4,2,4,2,4,3,4,4,3,3,4,4,4,3,3,4,5,3,6,1,5,1,2,0,2,5,3,2,4,4,4,3,4,5,4,3,4,4,3,4,3,4,4,3,3,3,4,4,4,4,3,4,3,4,3,5,4,4,4,2,1,1,2,2,2,2,2,2,2,2,2,2,2,1,7,6,7,7,5,6,7,6,7,1,49,4,1,1,1,49,4600,3600,0,140205,건축구조기술사 프로그램 기술 개발 인원 축소 첨단 기술 장비 인력 해결,건축
34187,3,4,4,5,2,2,2,3,2,3,3,3,3,3,2,3,3,3,3,4,2,4,2,4,2,3,2,4,3,4,3,5,3,3,3,4,1,0,2,2,3,3,4,5,3,4,3,3,3,4,3,5,3,3,3,4,3,4,5,5,2,3,4,5,2,2,4,5,5,5,4,4,4,5,4,5,4,4,3,3,4,5,3,5,3,4,2,3,2,3,3,3,2,2,3,4,2,3,3,3,2,5,1,2,1,1,5,3,2,3,2,2,2,3,2,4,3,3,3,4,3,2,3,4,3,4,3,4,4,3,4,4,3,3,3,4,3,3,4,3,4,3,2,1,2,2,2,2,1,1,2,1,3,3,3,3,2,7,6,6,7,7,6,6,6,5,1,52,3,1,1,1,50,6000,3000,0,853101,전기기사 수질환경기사 직무능력향상 기술 도입 일부 기계화 직접 육안 보고 수행 일도,전자
34188,4,3,4,5,1,0,4,3,4,5,1,0,3,4,2,2,1,0,1,0,3,4,1,0,1,0,4,5,3,4,5,6,2,3,4,5,2,2,3,4,1,0,2,2,4,2,1,0,1,0,4,3,1,0,1,0,1,0,1,0,1,0,1,0,1,0,1,0,1,0,1,0,4,5,1,0,1,0,1,0,1,0,1,0,2,2,2,2,3,4,4,3,3,5,5,4,3,2,4,5,4,19,1,2,2,2,0,2,2,3,4,3,4,3,3,3,9,9,9,4,3,4,4,3,2,3,3,4,4,3,4,5,4,3,3,4,4,5,4,4,5,4,2,2,2,2,2,2,2,2,2,1,3,3,2,2,2,8,7,6,1,2,3,8,6,3,1,57,2,2,5,1,45,0,0,5000,29904,취업 난이 계속,화공
34189,3,4,3,4,1,0,3,4,3,4,3,4,3,4,1,0,3,4,3,4,3,4,1,0,3,4,3,4,1,0,3,4,3,4,1,0,1,0,3,4,3,4,3,4,3,4,1,0,1,0,1,0,3,4,3,4,4,6,4,5,3,4,3,5,3,4,4,5,4,5,4,5,1,0,3,4,3,4,3,4,3,4,3,4,3,5,4,5,4,3,2,3,3,3,3,3,2,3,2,4,3,3,1,2,1,2,0,3,1,4,2,2,4,4,3,3,4,4,4,4,2,3,3,4,4,3,2,1,4,3,4,3,4,3,3,3,4,4,4,3,3,4,2,2,2,2,2,2,2,2,2,2,2,2,2,3,2,2,8,3,7,3,7,1,8,3,1,49,2,1,1,1,48,3200,2700,0,813201,밀링기능사 침체 전반 일자리 감소,공고
34190,4,5,4,6,3,5,2,3,4,6,5,6,4,4,4,5,3,5,2,4,4,5,4,6,4,5,3,4,2,5,3,5,2,4,2,5,2,4,1,0,5,5,3,5,4,5,2,4,2,4,3,5,5,5,5,6,5,6,5,5,5,5,5,6,5,6,4,5,5,6,4,5,4,5,3,5,2,5,2,3,2,3,2,4,2,4,1,0,4,5,5,4,4,4,4,4,4,4,5,5,4,10,1,5,1,2,0,5,5,4,4,4,4,4,4,3,4,4,4,4,3,4,4,4,3,2,3,1,3,4,4,5,3,4,3,2,3,3,3,3,4,4,2,2,2,2,2,2,2,2,2,2,3,1,1,1,1,3,6,4,6,5,5,4,6,5,1,42,4,1,1,1,48,4500,3000,0,133101,정보처리산업기사 시스템 개발 업체 증가 추세,전자공학
34191,2,3,2,3,2,2,3,4,1,0,2,2,1,0,1,0,4,4,1,0,1,0,5,4,4,5,4,5,3,2,2,1,1,0,1,0,4,5,1,0,4,4,2,2,2,1,1,0,1,0,1,0,1,0,1,0,1,0,1,0,3,2,1,0,1,0,1,0,1,0,1,0,1,0,1,0,1,0,1,0,2,1,1,0,1,0,1,0,4,5,3,3,5,2,4,3,2,4,4,3,4,16,5,3,1,1,2,7,5,3,4,4,4,4,3,3,3,2,4,3,2,4,3,3,3,2,3,3,4,5,3,3,4,2,3,3,4,4,4,3,5,4,2,2,2,2,2,2,2,2,2,2,3,3,3,3,1,5,6,5,4,5,6,7,5,6,2,35,4,1,1,1,40,4500,2000,0,212201,초등교사 자격증 적성 교육 변화,수학
34192,4,6,4,4,2,2,3,4,1,0,1,0,1,0,4,5,3,4,2,3,3,3,4,5,4,5,4,5,4,5,2,2,3,4,3,5,2,2,4,5,3,4,5,6,1,0,1,0,1,0,1,0,4,5,2,3,1,0,1,0,3,4,4,5,2,2,1,0,1,0,1,0,4,5,1,0,1,0,1,0,1,0,1,0,2,2,1,0,3,4,2,3,4,4,4,2,3,3,4,3,4,10,1,4,2,2,0,2,4,4,3,3,4,3,4,3,3,2,4,3,3,3,4,3,4,3,3,2,3,4,2,5,4,4,4,4,3,4,4,4,4,3,2,2,2,2,2,2,2,2,2,2,2,2,2,3,1,6,5,4,3,3,3,4,5,4,2,32,4,1,3,2,40,3800,3700,0,26101,필요성 인식 경기 침체 감소 유력,경영학
34193,5,6,5,6,5,7,4,6,2,2,5,6,5,6,1,0,2,3,2,2,4,5,3,4,4,5,4,4,4,6,2,4,4,5,4,6,2,3,3,3,4,5,4,5,4,4,4,4,3,3,4,5,2,2,1,0,1,0,1,0,1,0,1,0,1,0,1,0,1,0,1,0,1,0,1,0,1,0,1,0,1,0,1,0,1,0,1,0,4,4,3,4,3,4,4,4,2,4,3,3,2,13,1,4,2,2,0,5,4,4,2,2,4,4,2,3,4,4,3,3,3,2,3,5,4,3,4,3,4,3,3,5,5,4,5,4,4,3,4,4,4,4,2,1,2,2,1,1,1,1,1,3,4,3,1,2,2,7,6,7,8,8,8,6,3,7,2,41,4,1,1,1,40,4300,2900,0,24101,소비자 니즈 계속 변화 데이터 관리 업무 과중 경쟁 위치 마케팅 분야,마케팅학
34194,3,3,3,3,3,3,3,3,3,3,3,3,2,2,3,4,3,3,2,2,3,3,1,0,2,2,3,3,4,3,2,2,3,3,2,2,2,2,2,2,1,0,3,3,4,4,2,2,1,0,2,2,2,2,2,1,2,3,2,2,1,0,2,2,1,0,3,3,4,4,2,2,2,2,3,3,3,3,4,5,3,3,2,2,3,3,2,3,4,3,4,2,2,2,2,4,2,2,3,4,3,8,1,4,1,2,0,6,1,3,2,1,4,3,3,2,3,3,4,3,4,2,3,3,4,3,3,4,2,3,3,4,3,2,3,4,4,5,4,3,4,4,2,2,2,2,2,2,2,2,2,1,2,2,2,2,2,6,8,7,4,7,5,7,4,5,1,58,2,1,1,1,60,2400,2200,0,622101,택시자격증 자동차운전면허 자동차 보유 증가 대중교통 발달,공고
34195,3,2,2,3,2,3,2,3,2,2,3,3,2,1,4,4,3,3,4,3,3,3,2,3,3,4,4,4,2,2,3,3,1,0,2,2,2,2,3,3,4,4,3,3,4,3,1,0,4,2,1,0,3,2,3,3,3,4,2,3,2,2,2,3,3,4,3,3,4,3,3,3,2,2,3,2,2,3,2,2,3,3,2,2,3,3,2,2,3,2,3,4,3,2,3,3,2,2,3,2,2,8,1,2,2,2,0,2,2,3,3,3,4,4,3,4,3,3,4,4,3,4,3,3,4,3,2,2,3,3,3,2,2,3,3,4,3,2,2,3,4,4,2,2,2,2,2,2,2,2,2,2,2,2,2,3,1,6,7,8,6,7,6,9,8,4,1,29,2,1,3,2,40,3000,2200,0,624401,기계 설비 자동화 일자리 감소,문과
34196,3,4,4,3,3,4,2,3,3,4,4,3,4,4,3,4,2,4,2,4,4,4,4,4,4,4,3,4,2,4,3,3,1,0,2,4,3,3,1,0,5,4,3,3,3,3,2,4,2,3,3,5,5,4,5,5,4,4,3,4,4,4,3,3,4,3,3,4,4,4,3,3,3,5,2,4,2,3,1,0,2,4,2,4,2,4,1,0,4,4,4,3,4,5,4,4,3,4,4,3,3,10,1,2,1,1,5,4,5,3,4,4,4,5,3,4,4,4,4,4,2,2,2,4,3,2,2,2,2,3,4,4,3,4,1,1,5,3,3,3,5,5,2,2,2,2,2,2,2,2,2,1,3,3,3,3,1,3,5,2,8,5,5,2,2,4,2,28,4,1,1,1,47,3000,2700,0,133101,정보처리기능사 전자계산조직응용기사 데이터 베이스 소프트웨어 공학이론 습득 환경 변화,수학
34197,5,6,4,5,4,5,3,4,4,5,5,6,4,4,5,6,4,5,3,4,4,5,4,5,3,4,1,0,3,3,2,3,3,4,3,4,1,0,2,3,3,4,4,4,3,4,3,4,1,0,1,0,4,4,4,4,4,5,3,4,4,5,2,3,3,4,3,4,3,4,3,4,1,0,1,0,3,4,1,0,1,0,2,3,4,4,3,3,3,3,1,3,3,3,3,4,2,4,2,3,2,3,1,4,1,2,0,4,4,4,4,3,4,4,3,3,3,3,3,3,2,4,4,4,4,3,3,2,3,3,3,4,3,3,4,4,2,3,3,3,4,3,2,2,2,2,2,2,2,2,2,2,2,3,3,3,2,3,3,1,2,3,4,2,5,5,1,30,4,1,1,1,45,3400,3200,0,151101,건설기계기술사 전반 건설 경기 불황 계속,기계공학
34198,5,6,5,6,4,6,5,7,4,4,5,6,4,5,3,4,4,6,3,4,4,5,5,6,4,5,4,6,4,5,3,4,3,5,4,5,5,6,4,5,4,6,3,4,4,4,3,4,3,4,3,4,2,3,1,0,1,0,1,0,2,3,3,3,2,3,1,0,1,0,1,0,4,5,3,4,2,3,2,2,2,4,2,4,4,4,3,3,5,4,4,4,3,4,5,4,4,5,4,3,4,16,5,5,2,2,0,7,7,4,4,3,4,5,4,4,3,3,4,3,1,3,3,4,3,3,2,1,4,3,4,4,3,3,4,3,3,2,3,4,5,3,2,2,2,2,2,2,2,2,2,1,3,3,3,3,2,6,6,5,4,5,5,4,5,5,1,57,6,1,1,1,48,8800,4500,0,110103,상태 유지,국어국문학
34199,3,3,4,5,3,4,3,4,4,5,4,5,3,4,4,5,3,5,4,6,4,5,4,5,4,5,4,5,4,5,4,5,4,5,4,5,3,4,4,5,4,5,4,5,4,5,4,4,3,4,4,5,4,6,4,5,4,5,4,6,4,6,4,6,4,5,5,6,4,6,5,6,4,4,4,5,4,5,4,5,4,3,4,3,4,5,4,5,5,4,4,4,4,4,4,2,4,4,4,4,4,10,1,2,2,2,0,5,4,3,4,3,3,4,3,3,3,3,3,3,3,3,4,4,4,4,4,4,4,4,3,4,4,4,2,4,4,4,4,2,4,4,2,2,2,2,2,2,2,2,2,2,3,2,2,2,1,6,5,5,5,5,6,5,6,5,1,31,4,1,1,1,40,4000,3500,0,133901,기계 장비 도입 사용 미흡,컴퓨터공학
34200,3,3,3,2,2,3,3,3,3,2,3,4,3,4,4,3,2,4,3,3,2,2,1,0,3,4,3,3,2,2,1,0,1,0,1,0,1,0,3,3,3,2,2,3,3,3,3,2,3,2,1,0,2,3,3,3,3,3,2,2,1,0,3,3,2,3,3,3,2,3,3,3,3,2,3,3,2,3,3,3,3,4,2,4,3,3,2,2,3,2,3,3,2,2,3,3,2,3,4,2,3,6,4,1,1,2,0,3,2,2,3,3,3,4,4,4,3,4,4,4,3,4,3,3,2,2,2,3,3,4,4,2,3,3,3,4,4,3,3,3,2,4,2,2,2,2,2,2,2,2,2,2,2,2,2,2,1,8,7,8,4,5,7,6,6,5,1,52,2,2,6,1,40,0,0,4500,701601,실내건축기능사 예전 해당 사람,문과
34201,3,3,3,4,2,2,2,2,2,3,2,1,2,1,2,2,3,4,3,4,2,2,2,1,3,4,2,1,2,2,3,3,2,2,3,4,2,1,2,2,3,4,3,4,3,4,2,1,3,4,2,1,2,2,2,2,2,1,2,2,2,1,3,3,3,4,2,2,2,3,2,3,2,2,3,4,3,4,2,3,3,4,3,3,2,3,2,1,4,2,4,4,3,2,3,4,3,2,2,2,4,8,1,2,1,2,0,5,2,4,3,3,3,4,3,3,9,4,9,3,2,4,4,3,2,4,4,2,3,2,4,3,2,3,4,3,4,4,2,2,3,3,2,2,2,2,2,2,2,2,2,2,2,1,1,1,1,7,8,6,5,5,5,3,3,6,1,58,2,1,1,1,60,4100,2600,0,622304,운전면허 화물운송종사 근로자 입지 혜택,전자
34202,4,5,4,6,2,2,4,5,1,0,3,4,1,0,3,4,3,4,1,0,3,4,3,4,3,4,3,4,4,5,4,5,4,5,3,4,3,4,4,5,4,5,4,5,3,4,1,0,1,0,1,0,1,0,1,0,1,0,1,0,2,2,1,0,1,0,1,0,1,0,1,0,2,2,1,0,2,3,1,0,1,0,1,0,1,0,3,4,4,3,4,4,4,2,3,3,3,4,2,3,3,19,1,2,1,1,3,2,5,3,4,3,4,3,4,3,3,3,4,3,3,3,3,4,4,4,3,3,4,3,4,4,3,3,4,4,3,4,3,3,4,4,2,2,2,2,2,2,2,2,2,1,3,3,3,3,2,3,3,3,2,2,1,3,3,3,2,29,4,1,1,1,40,3000,2300,0,29904,직업상담사 상담현장 경험 일자리 소개,교육학
34203,3,5,2,4,3,4,2,4,2,3,2,4,2,4,3,4,3,3,2,4,2,4,2,4,3,4,3,4,2,3,2,4,2,4,3,4,3,4,3,4,3,3,2,4,3,4,2,4,3,4,3,4,3,4,2,4,2,4,3,4,2,3,2,4,3,3,3,4,3,4,3,4,2,3,2,3,2,3,2,3,2,4,2,3,3,4,2,3,3,3,3,3,3,2,3,3,3,4,3,3,3,5,1,3,2,2,0,5,2,4,3,3,3,3,3,3,4,3,3,3,3,2,2,4,4,3,2,3,3,3,3,4,3,3,4,3,3,4,3,3,4,4,2,2,2,2,2,2,2,2,2,1,1,2,3,3,1,5,5,7,5,5,5,5,5,5,1,34,2,1,1,1,48,3600,2500,0,853101,인구 감소 용량 감소 자동화 발달,관광학
34204,4,4,3,4,3,3,5,5,3,3,3,5,1,0,2,3,2,2,1,0,2,2,2,2,3,3,2,2,5,4,4,3,5,3,1,0,3,3,5,4,4,3,3,2,2,2,1,0,1,0,2,2,1,0,1,0,1,0,1,0,2,2,3,3,1,0,2,2,1,0,1,0,1,0,1,0,2,2,1,0,2,3,2,2,3,3,2,3,3,4,2,2,3,3,2,4,3,3,3,2,2,7,1,2,2,2,0,1,2,3,3,3,3,2,3,3,3,4,3,3,4,3,2,4,3,2,3,3,2,4,4,5,3,4,5,4,5,4,4,5,4,4,2,2,2,2,2,2,2,2,2,2,4,3,3,2,2,5,6,5,6,7,6,6,5,6,2,48,2,1,1,1,40,2400,2200,0,29201,기업 경쟁 심화 서비스 대한 고객 상담 추세 이기 때문,상고
34205,2,3,3,1,1,0,1,0,3,2,2,2,1,0,4,3,2,3,3,1,1,0,1,0,4,3,3,3,1,0,4,1,1,0,3,2,2,2,2,2,2,3,2,3,4,3,2,3,2,2,1,0,3,3,4,2,3,4,3,2,1,0,5,4,5,4,3,2,5,4,4,3,2,2,2,2,4,2,2,1,2,2,1,0,2,3,2,2,3,5,4,5,3,2,2,2,3,1,2,2,2,4,1,4,1,2,0,2,4,2,3,3,3,2,3,2,4,4,3,5,4,3,4,4,3,3,2,4,4,4,4,2,4,4,5,3,5,4,4,3,5,4,2,2,2,2,2,2,2,2,2,1,3,2,2,2,2,7,8,6,4,2,7,5,7,6,1,40,4,1,1,1,40,5800,5500,0,851101,산업기사 장기 일자리 사업 석유화학 분야 포화상태 유지,화학공학
34206,4,5,4,4,4,5,4,4,4,5,4,5,4,5,3,5,3,5,4,5,3,5,4,5,4,5,4,5,4,5,4,5,4,5,4,5,4,4,3,4,4,4,4,5,4,4,4,5,4,5,3,5,4,5,4,5,4,5,3,5,4,4,3,5,3,5,4,5,4,5,3,4,4,4,4,4,3,5,3,4,3,4,3,4,4,4,3,4,4,4,4,5,4,4,5,4,4,4,5,4,4,3,1,2,2,2,0,2,2,4,4,3,3,3,4,3,4,4,4,4,4,5,4,4,4,5,4,5,4,4,4,5,4,4,4,4,4,5,5,4,4,3,2,2,2,2,2,2,2,2,2,2,2,2,2,2,2,6,5,4,5,5,6,5,4,5,2,32,2,1,1,1,40,3500,2000,0,882301,기계 장비 도입,문과
34207,4,6,3,5,3,3,3,5,4,5,3,3,3,4,4,6,3,4,3,4,2,2,3,4,4,5,4,5,2,2,3,4,3,3,2,2,2,2,3,4,3,4,4,5,2,3,2,2,2,2,2,3,3,4,3,4,4,4,3,3,3,4,4,5,4,5,4,5,4,5,3,3,4,5,4,5,3,4,3,3,2,2,2,2,3,4,2,2,4,4,2,3,4,3,4,4,4,4,4,3,4,3,1,2,1,2,0,2,5,3,2,3,5,4,4,3,3,2,4,3,3,2,4,4,4,3,4,2,4,2,2,5,4,4,3,4,4,5,4,3,4,4,2,2,2,2,2,2,2,2,2,2,2,3,1,3,2,6,5,4,5,4,4,6,4,4,1,47,4,1,1,1,40,4500,2000,0,303002,한약사 기술 증가 영향,약학
34208,5,5,4,6,4,5,5,5,3,4,4,5,3,4,2,3,4,5,2,4,3,3,3,6,2,2,4,4,5,6,3,4,3,5,3,4,3,4,3,5,3,4,4,3,4,4,3,3,3,3,4,6,3,4,1,0,2,2,3,4,3,4,3,3,2,2,2,2,1,0,1,0,2,2,1,0,1,0,2,3,1,0,2,2,3,4,3,3,4,5,4,4,4,5,5,5,5,5,5,5,5,17,1,2,1,1,5,3,7,4,4,4,5,4,4,4,9,9,4,4,4,4,4,4,4,4,4,3,3,3,4,4,4,3,4,4,4,4,5,4,4,4,2,2,2,2,2,2,2,2,2,1,4,3,2,2,2,8,7,8,6,7,7,6,6,6,1,52,6,2,5,1,55,0,0,5800,231201,청소년 상담사 상담심리사 실무를 위한 수련과정 필요 사회 상담 수요 급증 예상,심리학과
34209,2,2,4,2,2,2,1,0,2,2,3,3,1,0,4,3,2,3,2,2,4,3,3,3,4,4,1,0,1,0,4,4,2,1,1,0,5,3,1,0,2,4,3,4,4,4,2,1,4,3,2,4,2,5,4,5,5,4,3,4,2,2,4,3,5,4,4,4,5,4,3,3,4,5,3,4,4,4,1,0,1,0,1,0,2,2,1,0,4,2,2,4,2,2,5,2,1,3,2,4,4,6,1,4,1,2,0,3,5,2,3,4,4,5,3,4,3,3,2,4,1,4,3,4,2,2,3,4,3,4,4,2,4,4,5,3,4,3,4,2,3,4,2,2,2,2,2,2,2,2,2,2,2,2,2,2,1,4,7,7,6,8,4,6,7,4,1,42,4,1,1,1,40,5800,5700,0,705901,화약류관리산업기사 화약류취급기능사 토목 사업 감소 저하,토목
34210,4,5,3,4,2,2,2,2,4,5,4,5,4,5,2,2,2,2,2,2,2,2,3,4,3,4,3,4,3,4,2,4,3,3,2,3,2,2,2,3,2,3,3,4,2,2,3,4,3,3,2,4,3,3,4,5,3,4,4,5,4,4,3,4,2,3,4,5,3,4,3,4,2,3,2,3,2,3,3,4,3,4,3,4,4,4,3,4,4,4,3,3,3,3,2,4,4,4,3,2,4,10,1,1,2,2,0,5,5,3,4,3,3,4,4,4,4,3,4,4,3,4,4,3,4,3,4,4,3,3,4,3,3,3,3,4,4,4,4,3,3,3,2,2,2,2,2,2,2,1,1,2,3,3,3,3,1,7,6,6,5,5,5,6,6,7,1,33,4,1,1,1,40,2700,2400,0,841101,코로나 재택근무 증가 컴퓨터 용량 증가 수리량 증가 컴퓨터 수리 인원,전자정보
34211,3,5,3,4,3,3,4,5,3,4,3,4,2,2,4,5,4,4,2,3,2,2,2,3,3,4,3,3,3,4,3,3,3,4,2,3,2,2,4,5,4,5,4,5,3,4,3,4,3,4,3,4,3,4,2,3,2,2,1,0,2,2,2,2,1,0,2,2,2,3,2,2,2,2,2,3,2,2,3,4,1,0,2,3,4,5,3,4,4,4,4,4,3,4,4,3,3,3,3,2,3,17,1,3,1,2,0,2,5,4,4,4,4,3,3,5,4,4,4,4,4,4,4,4,4,4,3,4,3,4,4,4,4,4,5,4,3,4,4,4,4,4,2,2,2,2,2,2,2,2,2,2,4,3,3,3,2,7,6,6,5,6,6,6,6,6,2,54,4,1,1,1,45,9000,3000,0,301101,국가의사자격증 인구 고령화 의료 서비스,의예
34212,2,2,3,3,1,0,1,0,2,2,3,3,1,0,1,0,1,0,2,2,1,0,1,0,2,2,1,0,1,0,1,0,1,0,1,0,1,0,4,4,5,7,3,3,2,1,1,0,2,2,1,0,4,5,4,4,4,5,4,5,4,5,4,5,4,5,4,5,5,6,5,6,3,4,5,7,4,5,4,5,1,0,1,0,4,4,4,5,2,4,2,3,2,1,4,3,2,3,4,4,2,10,1,5,1,2,0,5,4,3,3,3,3,3,2,3,4,3,4,3,2,3,3,3,4,3,2,3,4,4,3,3,3,4,3,3,3,4,4,3,4,3,2,2,2,2,1,1,2,2,2,1,3,1,1,3,2,2,2,3,5,5,5,5,1,1,1,35,4,1,1,1,50,4000,2200,0,842101,방송통신기사자격증 기술 장비 도입 교육 항상,기계공학
34213,4,4,3,3,4,4,3,4,3,5,3,3,1,0,2,2,2,2,1,0,1,0,2,2,3,1,1,0,2,1,2,2,2,2,2,2,2,2,2,2,2,2,3,2,3,2,3,3,1,0,1,0,1,0,1,0,3,4,1,0,4,3,1,0,1,0,1,0,1,0,1,0,3,2,3,1,1,0,1,0,1,0,1,0,1,0,1,0,3,4,4,3,3,3,2,5,5,5,5,5,5,3,1,2,1,2,0,7,5,3,3,4,3,3,3,3,2,2,4,3,3,4,3,2,2,4,3,3,3,3,3,4,3,3,3,4,4,3,3,4,3,3,2,2,2,2,2,2,2,2,2,3,2,3,3,3,2,6,4,4,5,5,5,6,5,5,2,47,4,1,1,1,40,3200,2300,0,27201,전산회계운용사 기술 발전,경제학
34214,4,5,3,5,3,5,3,4,1,0,1,0,2,2,1,0,4,5,1,0,1,0,4,5,4,4,4,5,3,4,4,4,4,4,2,3,4,4,3,4,4,4,3,3,3,3,4,4,3,3,4,4,4,4,3,3,3,4,5,5,1,0,3,4,4,4,3,4,2,4,4,4,4,4,3,4,4,4,3,3,3,4,4,4,2,2,1,0,3,2,4,3,3,4,3,4,3,3,4,3,3,19,1,2,1,2,0,2,3,4,3,4,4,5,4,4,9,9,4,4,4,4,3,3,4,3,4,3,3,3,3,3,4,3,4,3,4,4,3,3,4,4,2,2,2,2,2,2,2,2,2,2,2,3,3,3,2,6,5,6,5,6,5,7,6,6,1,49,3,1,3,1,54,4000,2000,0,811501,보일러 시설시공 가스시설 시공 시스템 자동화 일자리 감소,기계
34215,2,2,3,4,1,0,3,3,2,2,1,0,2,2,2,3,3,4,1,0,1,0,2,3,3,4,2,2,3,4,3,4,2,2,1,0,1,0,3,3,3,4,3,3,2,2,1,0,2,2,1,0,2,3,1,0,2,3,1,0,1,0,2,3,3,4,3,3,1,0,2,2,1,0,2,3,1,0,2,2,3,4,3,4,2,2,2,1,4,3,3,3,3,2,1,4,3,4,3,1,2,13,1,2,2,2,0,4,2,4,4,4,5,4,4,4,9,9,4,4,1,4,4,5,3,4,3,2,5,4,4,5,5,4,3,5,3,5,3,4,3,4,2,2,2,2,2,2,2,2,2,1,3,1,1,1,2,8,8,8,4,3,5,5,4,5,1,33,3,2,5,1,40,0,0,5000,561101,기계 한계,치기공
34216,4,5,5,6,4,5,5,6,3,3,4,6,5,6,3,6,4,5,4,5,4,6,4,5,5,6,4,5,5,4,4,5,4,5,5,6,4,5,4,5,5,5,4,5,5,6,5,6,4,6,4,5,4,5,4,5,4,5,4,5,5,6,5,6,4,5,4,5,4,6,4,5,5,6,4,5,4,5,4,5,4,3,4,2,5,6,4,5,5,4,5,4,4,4,5,5,4,4,4,4,4,3,1,5,2,2,0,2,5,4,5,4,4,4,4,4,5,5,4,5,3,4,5,2,3,4,4,4,5,3,4,3,4,3,4,3,4,3,3,4,4,4,2,2,2,2,2,2,2,2,2,3,1,2,2,3,1,8,8,7,8,8,8,7,7,6,1,39,4,1,1,1,50,4500,2900,0,24301,경기 침체 장기 예상,무역학
34217,3,4,3,3,3,3,3,3,3,5,3,4,2,4,3,4,3,5,2,2,2,3,2,4,2,3,2,2,3,4,3,4,3,3,3,3,2,3,2,5,4,5,3,4,4,5,2,2,1,0,2,2,2,2,3,3,3,4,3,3,4,6,3,5,3,3,3,5,4,5,4,5,3,4,3,3,3,5,2,1,1,0,3,3,3,5,1,0,3,4,4,3,4,2,3,2,4,3,4,3,3,8,1,3,2,2,0,2,4,4,3,4,5,5,4,3,4,5,4,4,2,3,3,4,4,5,4,2,3,3,2,5,4,4,5,4,4,4,4,4,4,4,2,2,2,2,2,2,2,2,2,2,2,2,2,3,1,6,6,7,4,4,5,7,4,5,1,49,4,1,1,1,40,3600,2500,0,28204,전산 시스템 영향,해양공학
34218,4,6,5,6,4,6,4,6,4,6,5,6,4,6,5,6,4,5,4,5,4,4,5,6,5,6,4,6,4,5,4,6,4,4,4,5,4,5,4,5,5,6,4,6,4,5,4,5,3,4,5,6,4,5,2,2,4,6,3,5,5,6,4,5,4,4,2,3,4,5,1,0,3,4,3,4,1,0,2,3,1,0,1,0,4,5,3,4,4,3,4,4,4,4,5,2,3,3,4,4,3,7,1,2,1,1,2,2,5,4,5,4,3,4,3,5,5,5,5,5,2,4,4,5,4,4,4,3,4,3,3,3,4,4,3,3,4,4,4,3,5,3,2,2,2,2,2,2,1,2,2,1,3,2,2,2,1,7,8,8,3,4,8,3,7,7,2,36,4,1,1,1,40,3540,2800,0,28101,무역영어1급 무역관리사 무역업 교육 과정 경기 구조조정 진행 국가 교류 확대,대학교 무역학
34219,2,3,3,3,2,2,3,3,2,3,2,2,3,3,3,4,3,2,3,2,1,0,3,3,2,3,4,3,3,2,3,3,2,2,1,0,3,3,3,3,2,3,3,3,3,3,2,3,3,3,1,0,3,3,2,3,3,4,3,3,3,2,4,2,3,2,3,3,2,3,3,3,2,4,3,3,2,3,3,3,2,3,3,3,3,3,2,2,3,2,3,2,3,1,3,3,3,2,2,1,2,6,4,1,1,1,1,2,2,3,3,4,4,3,3,4,4,4,4,4,2,3,3,3,3,3,2,2,2,3,4,3,4,3,3,2,3,4,4,3,3,4,2,2,2,2,2,2,2,2,2,2,2,1,1,2,1,8,8,7,5,3,3,6,6,5,1,31,2,2,6,1,45,0,0,3300,701601,실내건축기능사 산업기사 직무교육 사람 별로,문과
34220,3,5,3,6,4,7,4,5,3,5,4,5,4,5,4,4,4,6,4,4,4,5,4,5,3,5,4,5,4,5,3,5,3,5,4,4,3,5,3,5,4,4,4,4,4,6,4,5,4,4,4,5,4,4,4,5,3,5,4,4,4,5,4,5,3,5,4,5,4,5,3,5,4,5,3,4,2,3,3,3,3,4,3,4,4,4,4,4,4,3,4,3,4,3,3,4,3,5,5,3,4,10,1,4,2,2,0,2,5,4,4,4,4,4,4,4,3,4,4,4,4,3,4,4,3,4,3,4,4,4,4,4,3,4,3,4,3,4,3,4,4,4,2,2,2,2,2,2,2,2,2,1,3,2,2,2,1,7,7,2,3,4,3,8,7,4,2,27,4,1,1,1,50,2600,2400,0,412003,수집 취재 기사화 일이,국문학
34221,3,4,2,4,1,0,1,0,2,3,3,3,1,0,4,5,3,4,1,0,1,0,3,5,4,5,3,5,1,0,1,0,1,0,1,0,1,0,3,4,3,4,3,4,2,3,3,5,3,5,1,0,4,5,4,6,3,4,4,6,3,6,4,6,3,4,4,6,3,5,3,5,1,0,2,3,3,4,4,6,2,3,1,0,3,5,2,2,5,2,3,4,3,1,3,3,3,4,2,3,2,5,1,2,1,2,0,2,5,3,4,4,5,4,4,4,3,5,5,4,3,3,2,4,3,4,3,3,4,5,4,4,4,3,5,4,3,4,4,3,4,5,2,2,2,2,2,2,2,2,2,2,4,3,3,3,2,8,7,7,4,3,5,6,6,4,1,43,4,1,1,1,40,4400,3300,0,155303,폐기물처리산업기사 폐기물 증가 분해 연구 필요,환경공학
34222,4,5,5,6,4,5,4,5,4,5,4,5,4,5,4,5,4,5,4,6,4,5,4,5,4,6,4,6,4,5,4,6,4,6,4,5,5,6,4,6,4,5,4,6,4,6,4,5,4,6,4,5,4,5,4,5,4,6,5,6,5,6,4,6,4,5,4,6,5,6,4,6,5,6,4,6,4,5,5,6,5,6,4,5,4,6,4,5,5,4,4,4,4,4,4,4,5,5,4,4,4,4,1,4,1,2,0,3,4,4,3,4,4,4,5,4,4,5,4,5,1,5,4,5,5,4,5,5,4,4,4,4,5,5,4,4,4,5,4,4,4,4,2,2,2,2,2,2,2,2,2,1,2,2,2,2,1,4,5,6,5,5,5,4,5,5,1,30,3,1,1,1,40,4000,2200,0,153201,전기기사 1급 시스템 개발,전기공학
34223,4,5,5,6,2,3,4,6,4,5,3,4,2,2,2,2,4,4,2,2,3,4,4,5,3,3,2,3,3,4,3,3,2,2,3,4,4,4,2,3,4,5,4,6,4,5,3,3,4,6,4,4,5,5,5,5,5,6,5,5,3,4,3,3,3,4,4,6,5,5,4,5,3,4,3,4,2,3,3,3,4,5,3,3,3,5,3,4,4,4,3,4,3,1,5,2,2,3,4,2,3,6,1,2,1,1,3,7,5,4,4,3,4,4,3,4,4,3,3,4,2,3,3,5,4,5,3,3,4,4,3,3,4,4,3,4,3,4,4,4,4,4,2,2,2,2,2,2,2,2,2,1,2,3,3,3,2,5,6,4,7,7,7,7,6,6,1,39,4,1,1,1,40,3600,2200,0,831301,전기기사 현장실무 경험 현장 작업 위험성 직종 기피 임금,전기공학
34224,2,3,3,4,3,3,4,4,1,0,3,3,2,2,1,0,3,3,1,0,1,0,1,0,3,4,1,0,4,5,4,4,4,5,1,0,1,0,4,5,4,4,4,4,4,4,1,0,1,0,1,0,4,5,1,0,5,5,1,0,1,0,1,0,1,0,1,0,1,0,1,0,1,0,4,6,4,5,3,4,1,0,1,0,4,5,1,0,4,4,2,4,3,3,4,4,4,4,5,5,5,17,1,2,1,1,6,6,5,4,5,5,4,4,3,4,9,9,4,4,2,4,3,4,3,1,3,2,4,2,4,3,3,4,5,4,4,5,3,3,5,2,2,2,2,2,2,2,2,2,2,1,3,2,2,2,2,9,4,7,5,8,4,9,3,7,1,41,4,2,5,1,40,0,0,25000,301112,피부과전문의 의료서비스 변동,의학 피부
34225,3,5,4,5,3,5,3,4,3,4,3,5,4,4,3,3,4,4,3,5,4,5,3,4,3,4,3,3,3,3,3,3,3,3,3,4,3,4,2,2,2,2,3,4,3,3,2,3,3,4,3,4,3,4,4,5,3,5,3,5,3,4,4,5,3,5,3,5,3,4,4,5,4,4,1,0,1,0,1,0,1,0,2,3,3,4,3,4,4,4,2,4,3,4,4,3,4,4,4,4,2,3,1,2,2,2,0,5,4,3,4,2,4,4,3,3,3,4,4,4,3,4,2,4,4,5,4,4,2,2,4,4,2,3,2,2,3,4,4,3,3,5,2,2,2,2,2,2,2,2,2,2,3,3,3,3,2,2,7,5,3,7,3,3,6,3,2,42,3,1,1,1,40,3800,2600,0,28402,소비자 품질 개선 관리 업무 로서 변환,산업공학
34226,5,7,3,4,3,4,1,0,1,0,3,4,4,6,5,7,5,7,3,4,3,4,3,4,4,6,4,6,3,4,1,0,1,0,1,0,4,5,1,0,1,0,1,0,1,0,5,7,5,7,3,4,3,4,3,4,1,0,1,0,4,6,1,0,2,2,2,2,1,0,2,2,1,0,1,0,5,7,1,0,5,7,3,3,4,5,2,4,2,3,3,3,3,2,3,2,3,4,4,4,2,15,2,4,1,2,0,7,4,2,3,3,4,4,3,4,4,3,3,3,2,4,4,3,1,2,2,1,3,4,4,4,3,4,3,3,2,4,1,2,3,4,2,2,2,2,2,2,2,2,2,2,4,3,3,3,2,5,6,3,4,2,5,6,5,4,1,34,4,1,1,1,40,3500,2800,0,413202,기록물관리사 기록물 관리 중요성,문헌정보학
34227,3,4,4,3,2,3,4,4,3,3,1,0,4,4,3,5,5,4,3,4,3,4,3,4,3,3,2,3,4,4,3,4,5,4,5,5,4,4,4,4,4,4,5,4,4,4,3,5,3,3,5,5,2,3,1,0,4,3,1,0,5,4,5,3,4,3,4,4,4,3,1,0,3,3,1,0,1,0,3,4,3,4,4,4,4,3,1,0,5,4,3,5,4,1,5,4,3,3,5,3,4,9,1,2,2,2,0,6,2,4,3,3,4,4,3,4,9,9,9,3,2,4,4,3,4,3,3,4,3,3,2,5,4,4,4,4,4,4,3,3,4,5,2,2,2,2,2,2,2,2,2,1,3,3,2,2,1,8,6,7,5,3,4,3,4,4,1,64,1,2,5,1,50,0,0,4000,14201,변동 직종,0
34228,3,3,3,3,3,3,3,3,3,4,4,2,4,3,3,3,3,3,2,5,3,2,3,3,4,3,3,2,2,2,3,2,2,2,1,0,2,2,3,2,3,3,2,2,3,2,1,0,1,0,1,0,3,3,3,2,3,2,3,2,3,3,2,3,3,2,3,2,3,3,3,3,1,0,2,3,2,2,2,2,2,2,2,1,3,2,2,2,2,1,3,2,2,2,2,4,2,2,1,1,2,3,1,4,2,2,0,4,5,4,4,4,3,3,2,2,3,2,2,3,2,3,3,3,2,2,3,3,2,4,4,4,5,5,5,4,5,4,4,5,5,4,1,1,1,2,2,2,2,1,1,3,2,3,3,2,2,6,5,3,4,5,6,5,4,6,1,43,5,1,1,1,40,5200,2800,0,153101,업무 난이도 스트레스 증가 업체 해외,전기공학
34229,1,0,1,0,1,0,5,5,3,5,1,0,1,0,1,0,3,3,1,0,1,0,1,0,2,3,1,0,4,5,1,0,5,6,5,6,1,0,4,5,1,0,4,4,4,4,4,4,4,5,1,0,1,0,1,0,1,0,1,0,3,3,1,0,1,0,1,0,1,0,1,0,1,0,1,0,1,0,1,0,1,0,1,0,1,0,1,0,3,3,3,2,4,2,4,2,2,3,4,3,5,7,1,1,2,2,0,7,2,2,3,3,3,3,2,3,9,9,9,3,2,4,4,4,3,2,3,2,4,3,4,3,2,4,4,3,4,5,3,3,4,4,2,2,2,2,2,2,2,2,2,1,3,2,2,2,2,9,6,7,3,4,6,6,4,6,1,55,2,2,5,1,50,0,0,4500,612401,상황,정보처리
34230,2,4,1,0,1,0,2,3,2,3,4,4,1,0,2,3,2,3,2,3,3,4,3,5,3,5,3,5,2,5,1,0,1,0,1,0,3,4,2,4,3,4,4,5,2,4,2,4,3,5,4,5,4,5,4,6,3,5,3,4,2,3,3,4,4,5,4,5,4,5,4,4,2,3,3,2,2,3,2,4,2,4,3,3,3,5,2,4,4,2,4,4,3,4,3,4,2,4,3,4,4,3,1,3,2,2,0,3,5,4,4,4,4,4,4,3,4,2,3,3,3,2,3,4,3,3,2,4,3,4,3,4,2,3,4,4,3,4,3,3,4,4,1,2,1,1,1,1,1,2,1,1,3,3,3,3,1,8,6,5,4,5,6,8,2,3,1,37,4,1,1,1,40,3800,3200,0,153203,제어 프로그램 개발 변화,전자공학
34231,4,5,4,5,1,0,3,4,1,0,4,5,5,5,3,4,5,5,4,5,4,5,5,5,4,5,5,5,3,4,4,5,4,5,4,5,5,5,4,5,3,4,2,3,5,5,2,3,4,5,1,0,4,5,5,6,5,6,4,5,1,0,1,0,5,5,5,6,5,6,5,6,2,4,5,6,5,6,5,6,4,6,4,5,3,5,5,5,4,3,4,2,3,3,4,4,2,3,3,3,4,18,4,1,2,2,0,7,1,4,3,3,2,3,2,2,9,9,9,2,3,5,5,3,4,4,4,3,4,4,2,4,4,3,3,3,4,4,4,3,4,4,2,2,2,2,2,2,2,2,2,1,2,2,2,2,1,7,6,3,4,3,2,6,8,7,1,32,4,1,4,2,40,2200,1000,0,414503,연주자 일자리 한정 상황 계속 악화,기악
34232,1,0,1,0,1,0,1,0,1,0,1,0,1,0,1,0,3,4,1,0,3,4,1,0,1,0,1,0,1,0,1,0,1,0,1,0,1,0,1,0,1,0,1,0,1,0,1,0,1,0,1,0,1,0,1,0,3,5,1,0,1,0,3,4,4,5,3,4,3,3,3,5,1,0,1,0,1,0,1,0,3,4,1,0,1,0,1,0,3,3,3,3,4,3,3,3,3,3,3,3,3,14,1,3,1,1,1,7,5,4,3,3,4,4,4,5,5,5,5,5,1,1,1,4,3,3,3,3,3,4,4,4,4,5,3,4,4,4,4,4,4,4,2,2,2,2,2,2,2,2,2,2,2,3,3,3,2,7,7,3,4,4,3,6,7,3,1,55,4,1,1,1,42,6000,4000,0,136002,무선설비기사 자격증 협회 보수 교육 기술 장비 발전 일자리 감소,전자통신
34233,2,3,3,2,2,2,3,3,3,3,1,0,3,3,4,5,5,4,4,5,3,3,4,5,2,5,1,0,1,0,4,4,3,3,4,2,2,3,2,1,5,5,2,3,3,2,4,3,4,2,4,4,5,5,4,6,3,5,5,7,1,0,4,4,4,3,4,4,4,4,5,6,2,3,5,1,4,4,4,4,4,4,3,5,4,2,1,0,4,2,3,2,2,3,2,4,3,2,3,1,2,3,4,1,1,2,0,3,3,4,2,3,3,4,4,4,2,2,3,3,2,2,3,2,3,4,3,2,5,4,5,4,2,3,2,2,3,5,5,4,4,5,2,2,2,2,2,2,2,2,2,3,4,3,2,2,2,8,8,6,4,7,6,6,3,5,1,34,3,2,6,1,42,0,0,4200,885201,광고디자인 기능사 홍보 중요성 간판 광고,광고디자인
34234,2,2,1,0,1,0,1,0,3,3,3,3,1,0,3,5,3,4,1,0,3,3,2,2,2,2,3,2,4,4,2,2,3,3,2,2,1,0,2,2,4,5,3,4,4,4,1,0,1,0,1,0,1,0,3,3,1,0,1,0,4,4,1,0,2,2,2,2,2,3,3,2,2,2,3,3,1,0,1,0,4,3,3,2,4,3,3,2,4,3,4,3,3,2,3,3,3,2,4,4,4,15,2,1,1,1,2,7,5,4,3,4,2,3,2,3,3,3,4,3,4,3,3,3,4,3,2,4,3,3,4,3,4,4,3,2,3,4,5,4,4,4,2,2,2,2,2,2,2,2,2,1,3,3,3,3,2,4,5,6,6,7,4,6,4,5,1,31,4,1,1,1,40,3300,3000,0,240102,인명구조 자격증 해양경비관련 직무교육 바다 해양 경비,경호학
34235,1,0,1,0,1,0,1,0,3,4,2,2,1,0,1,0,1,0,1,0,1,0,1,0,2,2,1,0,1,0,1,0,1,0,1,0,1,0,1,0,1,0,1,0,2,2,1,0,1,0,1,0,2,3,4,4,1,0,1,0,2,2,1,0,2,2,1,0,2,2,2,2,2,2,1,0,1,0,1,0,1,0,1,0,2,2,2,2,4,2,2,3,3,2,3,2,2,2,3,2,2,13,1,2,1,2,0,7,4,4,3,3,3,4,2,4,4,3,4,4,3,3,3,2,3,4,4,3,3,3,3,4,3,3,3,3,4,4,4,3,4,4,2,2,2,2,2,2,2,2,2,1,3,3,3,3,1,2,3,3,2,3,3,3,4,4,1,40,4,1,1,1,40,5200,3200,0,153203,산업계측제어기술사 기계 대체 불가,제어계측공학
34236,2,4,3,4,2,3,3,4,2,3,2,3,1,0,3,4,2,3,1,0,1,0,2,3,3,4,3,5,3,5,2,3,3,4,3,4,3,5,2,3,2,3,2,3,3,4,2,3,2,3,3,5,2,3,1,0,2,3,1,0,3,4,4,6,2,3,2,3,2,4,2,3,2,3,2,3,2,3,1,0,1,0,1,0,2,3,2,3,4,3,4,4,3,4,4,4,3,4,4,3,4,3,1,5,2,2,0,2,2,4,4,3,4,5,4,5,4,3,4,4,2,3,3,4,5,4,4,3,4,2,3,3,4,5,4,4,3,4,4,3,4,4,2,2,2,2,2,2,2,2,2,2,2,3,2,3,2,7,3,5,7,3,6,3,5,4,2,40,2,1,1,1,45,4100,2800,0,872301,인구 감소 수요 감소,인문계
34237,2,5,4,6,3,5,5,6,3,5,4,6,2,3,5,6,2,4,4,6,1,0,2,5,3,5,2,4,4,5,3,5,3,5,5,4,3,5,4,6,3,4,3,5,3,5,4,6,4,5,4,6,4,5,1,0,4,6,2,4,4,6,4,5,4,2,4,5,3,4,2,4,2,4,4,6,3,5,3,5,3,4,3,4,4,5,2,4,4,4,4,4,3,4,4,2,3,2,3,2,4,7,4,1,1,2,0,6,2,3,2,2,4,3,3,4,9,9,4,4,2,4,3,3,3,3,3,2,4,3,3,3,4,3,2,2,3,4,3,2,3,4,2,2,2,2,2,2,2,2,2,3,2,2,2,2,1,6,6,7,5,6,7,5,3,3,1,46,4,2,6,1,48,0,0,6500,307301,안경사 시술 시력,안경광학
34238,1,0,2,3,1,0,3,4,3,3,1,0,1,0,3,3,3,4,1,0,1,0,3,3,3,4,1,0,4,5,4,5,1,0,1,0,3,3,3,4,4,5,4,5,3,4,1,0,3,4,3,3,1,0,1,0,1,0,1,0,1,0,3,4,3,3,1,0,1,0,1,0,1,0,3,4,4,5,3,4,3,4,4,5,3,3,3,3,4,3,3,2,2,3,4,4,2,3,4,2,3,9,1,3,1,2,0,5,2,3,4,4,4,4,3,3,4,4,4,4,2,4,4,2,2,3,4,3,4,2,4,3,2,3,4,2,3,4,2,3,4,5,2,2,2,2,2,2,2,2,2,2,4,1,3,3,1,7,6,6,5,4,5,5,7,7,1,37,4,1,1,1,52,2700,2200,0,531201,한식조리사자격증 레시피 무궁무진,호텔조리
34239,2,2,2,2,1,0,3,4,3,4,3,4,3,4,3,4,2,3,3,4,3,4,3,4,4,5,4,5,3,4,3,4,3,4,3,4,4,4,3,4,3,4,3,4,3,4,3,4,1,0,3,4,1,0,1,0,1,0,1,0,1,0,1,0,1,0,1,0,1,0,1,0,1,0,1,0,1,0,1,0,1,0,1,0,1,0,4,6,3,4,3,4,3,3,3,3,3,3,4,3,3,18,1,2,1,1,3,5,3,4,3,4,4,4,4,3,3,3,3,3,3,3,3,3,4,3,3,4,3,3,4,3,4,3,3,4,3,3,4,3,3,4,2,2,2,2,2,2,2,2,2,2,3,2,2,2,1,5,4,7,6,7,6,4,7,7,2,40,4,1,3,2,45,3000,1400,0,414401,국악기연주 다양한 국악기 연주 현재 상황 유지,국악학
34240,4,5,3,5,3,4,3,5,3,4,3,4,2,4,3,3,3,4,3,4,3,4,3,5,3,4,3,5,3,4,3,4,3,4,4,4,3,5,3,4,3,4,3,5,3,4,3,4,3,3,3,4,4,5,3,5,3,5,4,5,3,5,3,5,4,5,3,5,4,5,4,4,3,4,4,4,3,4,3,5,4,5,4,5,3,4,3,4,3,4,4,3,4,3,3,3,3,4,3,3,3,17,1,2,1,1,3,4,4,4,4,4,4,4,4,4,4,5,4,4,2,3,3,4,4,4,3,3,4,3,3,4,4,3,4,4,4,4,3,4,4,5,2,2,2,2,2,2,2,2,2,2,4,2,2,3,2,6,7,4,5,4,4,4,4,5,1,41,3,1,1,1,45,3800,2800,0,306501,물리치료사 환자 치료법 노인 문병원 장애 재활 병원 수요 증가,물리치료학
34241,3,3,3,3,3,2,3,3,3,3,2,2,2,2,2,2,3,3,3,3,2,2,3,3,3,3,2,2,2,2,3,3,3,3,3,3,3,3,3,3,3,3,2,2,3,3,1,0,1,0,1,0,1,0,1,0,3,2,2,2,1,0,1,0,1,0,1,0,1,0,2,2,1,0,1,0,2,2,3,3,4,4,3,3,3,2,3,3,3,3,3,2,2,2,3,3,2,2,3,3,3,6,4,2,2,1,2,2,2,3,1,1,3,2,3,3,9,9,3,3,5,2,2,5,4,4,4,3,2,3,3,4,2,2,3,2,3,4,3,3,3,3,2,2,2,2,2,2,2,2,2,1,2,2,2,2,2,5,5,5,5,5,5,5,5,5,1,65,2,1,4,2,30,2000,1500,0,701301,철도 종류 규격 안전교육 상태 유지 예상,인문
34242,5,6,4,5,4,5,4,4,4,6,4,5,4,5,4,5,3,4,4,4,3,4,3,4,4,4,3,4,3,4,4,4,3,4,3,4,4,4,2,3,4,3,3,3,3,3,2,3,3,4,4,4,3,4,4,5,3,4,3,3,2,3,3,3,2,3,3,3,2,3,2,3,4,5,3,5,3,3,3,4,3,4,3,3,3,4,3,4,4,4,4,4,4,4,4,4,4,5,4,4,4,15,2,5,1,2,0,6,5,4,3,3,4,4,3,5,4,4,5,4,4,4,4,4,3,4,3,3,4,3,4,4,4,3,3,4,4,4,3,3,3,4,2,2,2,2,2,2,2,2,2,1,2,2,2,2,1,7,6,7,6,7,6,6,5,6,1,33,4,1,1,1,40,3200,2200,0,413102,유물관리사 시스템 개발,고고학
34243,2,1,3,2,2,2,2,1,2,3,1,0,2,1,1,0,3,2,2,1,2,3,3,2,2,2,3,2,2,1,3,2,1,0,1,0,2,1,2,3,3,2,2,1,2,2,1,0,2,1,3,2,2,1,2,1,2,2,1,0,1,0,2,1,2,3,2,2,3,2,2,3,2,1,2,1,2,3,2,3,2,3,2,1,3,2,2,1,3,2,2,3,4,2,3,2,4,3,4,3,2,3,1,2,2,2,0,3,2,4,3,2,4,4,3,3,3,4,4,3,3,3,2,3,4,4,3,2,3,4,5,4,3,4,3,2,3,4,5,3,4,3,1,2,1,1,2,1,1,2,2,3,1,3,2,3,1,8,6,4,5,6,5,3,6,4,1,28,2,1,3,2,40,2400,2200,0,862301,생산 라인 무인 자동화 시스템 변화 업무 생산 라인 대형화 무인 시스템 도입 일자리 감소,기계
34244,4,5,3,4,3,4,4,4,3,4,4,5,4,5,3,5,4,4,3,4,4,4,3,4,3,4,4,5,4,4,3,4,3,5,4,4,3,5,4,4,5,5,4,5,4,5,4,4,4,4,4,5,5,5,4,4,5,5,5,5,3,3,4,4,4,4,5,6,4,5,4,6,4,5,4,4,4,4,3,3,2,3,3,4,4,4,4,3,5,4,4,3,4,2,3,4,3,3,4,4,4,18,2,4,1,2,0,6,3,4,3,3,3,4,3,3,4,3,4,4,2,4,4,5,4,4,3,5,4,4,4,4,3,2,3,3,2,4,3,1,5,3,2,2,2,2,2,2,2,2,2,2,3,2,2,2,2,7,9,6,6,5,5,9,5,3,1,46,3,1,1,1,40,6500,2800,0,416701,산업기사 분양 진출 일자리 변화,전기공학
34245,2,3,2,5,3,5,2,4,3,4,3,4,2,3,3,4,3,4,3,4,2,3,2,2,4,6,4,6,4,4,4,4,3,4,3,4,2,2,2,3,5,5,3,5,3,5,2,4,4,6,3,4,3,4,3,4,4,6,4,5,2,3,4,6,3,4,4,5,4,5,4,5,4,4,2,4,2,4,3,4,3,5,2,2,3,5,3,5,4,4,2,4,4,4,4,4,2,3,3,3,2,6,1,2,1,2,0,7,5,4,4,4,4,4,4,5,4,4,4,4,2,4,4,4,5,5,4,4,4,4,4,5,5,4,4,4,4,5,5,5,4,4,2,2,2,2,2,2,2,2,2,1,3,3,2,2,2,9,7,4,4,4,4,8,4,5,1,47,5,2,5,1,40,0,0,6500,140301,건축기계기술사 건축 건설 수요,건축공학
34246,4,6,4,6,4,6,4,5,3,3,3,3,2,3,3,3,4,6,3,5,3,3,3,4,4,5,3,4,4,5,2,2,3,3,2,2,2,2,2,3,3,4,4,5,3,5,1,0,1,0,1,0,2,2,1,0,2,2,2,2,2,2,2,2,2,3,2,2,2,2,1,0,1,0,1,0,1,0,3,3,3,3,2,3,2,2,1,0,4,3,4,4,3,4,3,4,3,4,4,3,3,13,3,3,2,2,0,2,5,5,3,4,4,5,4,4,3,4,4,4,2,4,4,5,4,3,4,1,4,2,2,3,3,3,3,3,3,3,3,3,3,3,2,2,2,2,2,2,2,2,2,3,2,1,1,3,1,3,4,6,5,5,6,4,4,5,1,45,4,1,1,1,40,4400,2800,0,412001,인터넷 발달 출판 감소,신문방송학
34247,4,7,4,7,4,5,3,4,4,6,1,0,1,0,2,3,3,3,2,1,1,0,3,4,3,3,3,5,3,1,2,1,1,0,1,0,3,5,2,1,4,5,1,0,3,2,1,0,1,0,4,5,5,7,1,0,4,6,1,0,4,5,5,7,5,5,5,7,5,5,5,6,3,3,3,5,5,5,2,1,3,2,3,2,4,5,3,2,3,2,3,3,2,2,3,2,3,4,2,2,3,13,1,3,1,2,0,6,5,2,2,2,3,4,3,3,3,3,3,3,3,4,3,2,3,2,3,4,3,5,2,5,2,3,3,3,3,4,3,3,5,4,2,2,2,2,2,2,2,2,2,1,3,3,3,3,1,5,5,5,5,5,5,5,3,3,1,48,4,1,1,1,40,4000,3500,0,153301,전자기사 전지 전자제품 성능 기능 확인 사람 직접 대체,전자공학
34248,4,5,3,5,4,5,4,5,3,5,4,5,5,6,4,5,4,4,4,4,4,5,3,5,4,5,5,6,4,5,4,4,4,5,3,5,4,5,3,5,4,4,4,5,3,5,4,5,4,4,4,5,3,4,4,5,3,4,4,5,3,4,4,4,3,4,4,5,4,4,4,5,4,4,3,4,4,5,4,5,3,4,4,5,4,4,4,4,4,3,4,4,4,3,4,4,3,3,4,4,4,17,1,3,1,1,3,3,5,4,3,3,4,4,4,5,4,5,4,5,3,4,4,4,3,4,4,3,4,4,3,4,3,3,4,4,4,4,4,4,4,3,2,2,2,2,2,2,2,2,2,3,3,3,3,3,2,7,7,6,7,6,7,7,6,7,1,38,4,1,1,1,40,4000,4000,0,413102,의사 면허 현장교육 전문 직업,건축학
34249,2,4,2,2,2,2,2,2,2,2,2,2,4,5,3,3,4,4,3,3,2,2,2,2,2,2,2,2,2,2,2,2,2,2,4,5,2,2,2,2,2,2,4,5,4,4,2,2,2,2,2,2,4,4,2,2,2,2,2,2,2,2,2,2,2,2,3,4,2,2,2,2,2,2,2,2,3,4,3,3,2,2,2,2,5,5,4,5,4,3,4,3,3,3,2,4,3,4,4,3,4,6,1,1,2,2,0,3,1,4,5,4,4,4,4,4,9,9,4,4,3,5,4,4,5,4,4,5,4,4,4,4,4,5,4,4,5,4,4,3,4,4,2,2,2,2,2,2,2,2,2,1,3,3,2,2,2,8,8,7,2,2,3,8,3,3,1,43,2,2,5,1,50,0,0,6000,702501,주거 공간 계속 리모 데링 살기 때문,인문계
34250,2,3,2,2,1,0,2,2,1,0,4,5,2,3,4,5,5,6,4,6,3,4,2,3,4,6,1,0,1,0,4,6,1,0,1,0,1,0,3,5,4,6,5,7,4,4,1,0,1,0,1,0,3,4,2,2,3,3,4,6,1,0,1,0,4,6,3,4,5,7,5,7,1,0,5,6,5,7,4,6,4,5,4,6,4,5,4,5,5,5,5,4,4,3,4,5,4,4,4,4,5,8,1,6,1,1,4,5,5,4,5,4,4,3,4,4,5,4,4,4,3,4,3,4,3,4,4,3,4,3,4,4,3,4,3,4,4,4,4,4,4,4,2,2,2,2,2,2,2,2,2,1,4,2,2,2,2,1,1,2,2,8,8,8,8,2,1,48,4,1,1,1,40,14300,7500,0,621101,비행기조종사 비행조종훈련 시스템 인지훈련 생활 수준 향상 글로벌 여행객 증가,항공학
34251,4,2,5,1,1,0,5,4,4,4,1,0,1,0,3,5,5,3,2,5,1,0,1,0,4,4,1,0,5,3,4,4,3,4,1,0,1,0,4,4,3,3,3,3,4,2,1,0,1,0,1,0,1,0,1,0,1,0,1,0,1,0,1,0,1,0,1,0,1,0,1,0,1,0,1,0,3,3,5,3,5,4,3,4,3,4,4,3,4,2,4,4,3,4,2,3,3,2,4,2,4,9,1,1,2,2,0,2,1,2,1,1,2,2,3,2,3,4,3,3,2,2,2,4,4,4,4,5,2,4,4,4,3,2,4,4,3,4,4,4,3,5,2,2,2,2,2,2,2,2,2,1,4,1,1,1,1,4,7,7,8,6,5,3,5,6,1,31,3,1,1,1,58,3000,2300,0,532401,코로나 전염병 때문 배달,산업디자인
34252,4,5,3,4,2,2,4,5,1,0,2,3,1,0,2,2,5,7,1,0,1,0,2,3,2,3,2,3,2,3,2,4,2,3,1,0,2,3,2,2,2,2,2,3,4,3,1,0,1,0,1,0,1,0,2,3,2,2,1,0,1,0,1,0,1,0,1,0,1,0,1,0,1,0,1,0,1,0,3,4,1,0,1,0,2,3,2,3,4,3,3,3,3,2,3,4,2,3,3,3,3,10,3,4,2,2,0,3,2,3,2,2,2,3,3,4,3,3,3,4,4,3,3,3,2,3,2,2,3,2,4,4,3,4,3,3,3,4,4,4,2,4,2,2,2,2,2,2,2,2,2,1,4,3,3,3,2,6,6,6,3,3,4,4,6,4,2,40,4,1,1,1,52,4600,2800,0,416301,미디어 증가,영어영문
34253,5,6,4,6,4,5,4,6,4,4,5,6,4,4,3,5,4,4,4,5,4,4,4,4,3,4,3,4,3,4,3,4,4,4,4,5,4,4,3,3,4,4,4,4,4,4,4,4,3,4,3,3,4,5,3,4,3,3,2,3,3,3,3,3,3,4,2,3,1,0,1,0,3,4,3,4,3,3,3,4,3,4,2,3,3,5,4,5,4,4,3,4,4,3,4,3,4,4,3,4,3,15,2,5,2,2,0,7,5,4,4,4,4,4,4,3,4,4,4,4,2,4,4,4,3,3,4,3,4,4,4,5,3,4,3,4,4,5,4,3,5,4,2,2,2,2,2,2,2,2,2,1,3,3,3,3,2,5,5,5,4,4,5,4,6,5,1,30,4,1,1,1,50,3400,2800,0,122301,농업인 구의 감소,농업학
34254,2,3,1,0,3,4,1,0,2,3,2,3,1,0,2,3,2,3,1,0,1,0,1,0,2,3,1,0,1,0,1,0,1,0,1,0,1,0,2,3,3,4,1,0,3,4,1,0,1,0,1,0,2,3,3,4,1,0,1,0,3,4,1,0,1,0,1,0,1,0,1,0,2,2,3,4,2,3,3,4,1,0,2,3,2,3,1,0,4,2,3,3,4,4,3,3,4,3,3,2,3,6,1,4,1,2,0,7,4,3,3,3,4,4,3,3,3,4,4,4,3,3,4,3,4,3,3,3,3,4,4,3,4,3,4,3,4,3,4,3,4,2,2,2,2,2,2,2,2,2,2,2,2,2,2,3,2,4,3,6,5,4,6,5,5,5,1,35,4,1,1,1,44,4155,3900,0,151108,조선산업기사 현재 상황,해양공학
34255,2,2,2,3,2,3,3,3,1,0,1,0,1,0,3,5,4,5,3,5,1,0,3,5,3,4,1,0,3,5,1,0,1,0,1,0,3,5,1,0,2,2,3,4,2,4,4,5,3,5,4,5,1,0,2,3,1,0,1,0,1,0,1,0,1,0,4,5,1,0,1,0,1,0,1,0,1,0,1,0,1,0,1,0,2,2,2,2,2,4,4,4,4,4,3,4,2,4,4,4,3,5,1,2,1,1,3,3,5,4,4,3,4,4,3,4,3,4,4,4,2,4,3,4,3,3,3,2,3,3,4,4,3,4,4,4,3,3,2,2,2,3,2,2,1,2,2,2,2,2,2,2,4,2,2,2,2,7,6,8,4,7,8,5,5,5,1,31,4,1,1,1,40,2800,2600,0,155301,대기환경기사 대기 오염 상태 추정 훈련 기질 측정 장비 도입 환경 규제 강화 환경 의식 급성 추세,화학공학
34256,5,6,4,5,4,5,4,6,4,5,4,5,4,5,4,6,4,5,4,5,3,4,4,6,4,5,4,5,4,5,4,5,3,4,3,4,5,6,4,5,4,6,4,5,4,5,4,4,3,4,4,4,4,5,3,4,2,3,2,3,3,4,3,5,4,4,1,0,1,0,1,0,4,6,3,4,3,4,3,4,3,5,3,3,4,4,4,4,5,3,4,4,4,4,5,4,4,5,4,5,4,15,2,5,1,2,0,7,5,4,3,4,4,5,4,5,4,4,5,5,1,3,3,4,3,4,4,2,3,3,4,4,3,3,2,3,4,5,4,4,5,4,2,2,2,2,2,2,2,2,2,1,3,3,3,3,2,6,5,6,6,5,5,4,5,5,1,44,5,1,1,1,48,6300,2800,0,122106,축산기사 축산기술사 상태 유지,축산학
34257,2,3,4,5,3,5,1,0,1,0,1,0,1,0,3,3,5,6,2,2,1,0,3,5,4,5,2,2,1,0,3,2,1,0,1,0,4,5,2,2,2,2,1,0,3,3,1,0,1,0,3,5,3,3,1,0,2,3,1,0,3,4,3,3,2,3,1,0,1,0,2,2,3,4,3,3,2,2,5,5,1,0,3,3,3,4,3,4,4,4,2,3,4,2,4,2,3,4,4,4,3,15,2,2,1,2,0,7,4,4,4,4,4,4,4,3,4,4,4,4,2,4,4,4,4,3,4,3,2,3,2,4,3,4,2,2,4,4,3,2,4,4,2,2,2,2,2,2,2,2,2,1,4,3,3,3,2,6,7,6,5,5,4,3,3,5,1,44,3,1,1,1,43,4500,2800,0,29902,속기사 자격증 영상 녹화 증가,경영학
34258,4,5,3,4,3,4,4,5,4,4,3,4,4,4,4,5,3,4,3,4,2,4,3,4,3,4,3,5,3,4,3,4,2,4,3,4,3,4,3,4,4,5,5,5,4,6,3,4,3,4,3,5,3,5,3,4,3,4,3,4,4,5,3,4,3,4,4,5,3,4,3,4,4,4,4,5,3,4,3,4,2,4,3,4,3,4,3,4,5,4,3,4,4,3,4,4,3,4,3,3,4,8,1,2,2,2,0,5,3,4,4,4,4,4,4,4,3,3,4,4,4,3,3,4,4,3,3,4,3,3,3,3,4,4,4,3,3,5,4,3,4,5,2,2,2,2,2,2,2,2,2,1,2,3,3,3,2,4,6,5,4,3,4,5,4,5,1,47,3,1,1,1,40,3800,2700,0,28201,인구 감소,기계학
34259,2,2,1,0,1,0,1,0,1,0,4,5,1,0,3,4,2,3,1,0,1,0,3,4,1,0,3,4,4,5,3,3,4,5,1,0,2,2,3,4,4,5,3,4,1,0,1,0,2,2,1,0,3,4,3,4,4,5,1,0,1,0,4,5,4,5,3,4,4,5,2,3,3,4,1,0,3,4,3,4,1,0,3,4,4,5,3,4,4,2,2,3,4,3,4,4,3,4,2,2,4,7,1,2,2,2,0,1,5,4,3,3,4,3,3,3,2,2,3,3,4,2,3,3,2,4,3,4,3,3,3,3,2,1,3,3,4,4,5,3,4,3,2,2,2,2,2,2,2,2,2,3,2,3,3,3,2,2,3,2,2,3,3,6,4,4,1,34,2,1,1,1,40,3100,2000,0,881101,기계 자동화,정보처리
34260,3,4,4,5,2,2,3,5,3,4,3,4,2,2,3,3,3,3,3,3,2,2,1,0,2,3,1,0,3,4,2,2,3,3,3,3,2,2,4,4,3,3,2,2,2,2,2,2,3,3,2,2,1,0,2,2,2,3,1,0,2,2,1,0,2,2,2,3,2,2,1,0,2,2,2,3,3,3,2,3,3,3,3,3,3,3,2,3,3,5,5,2,3,3,3,5,3,3,3,3,4,19,1,2,2,2,0,3,4,3,3,3,3,3,3,2,2,3,3,3,3,3,3,4,4,3,4,3,4,2,3,5,3,4,5,4,4,5,4,3,4,4,2,2,2,2,2,2,2,2,2,2,2,2,2,2,1,7,6,5,4,6,5,4,4,5,2,28,4,1,1,1,48,2800,2400,0,512102,혼인 대한 기피 미혼 결혼,사회학
34261,3,4,3,4,3,4,3,4,3,4,3,4,3,4,3,4,3,2,1,0,1,0,4,6,2,1,4,5,4,5,4,5,3,3,3,4,4,5,3,2,3,3,4,5,4,5,4,5,4,5,4,5,1,0,1,0,1,0,1,0,4,4,3,2,2,2,3,2,1,0,1,0,3,2,3,2,3,2,1,0,1,0,1,0,1,0,1,0,4,3,3,4,3,4,4,5,5,5,5,5,5,16,5,2,1,1,1,6,5,4,3,3,4,4,4,4,4,4,4,4,2,4,4,3,3,4,4,4,3,4,4,4,4,3,5,3,4,5,3,3,4,3,2,1,2,2,2,2,2,2,2,1,1,1,3,3,1,5,5,4,5,5,6,5,5,5,2,56,4,1,1,1,40,6900,6600,0,13203,중등교사1급정교사 직무교육 스마트 교육 시스템 변화 출산율 저하 학교 수가,체육교육
34262,3,4,4,4,2,2,2,3,2,3,3,5,1,0,1,0,2,3,2,2,2,2,1,0,3,4,4,5,3,3,2,3,1,0,1,0,1,0,2,2,3,3,1,0,3,3,2,3,3,3,1,0,1,0,1,0,3,4,3,4,2,4,1,0,2,3,3,3,1,0,1,0,1,0,1,0,1,0,1,0,2,3,1,0,1,0,1,0,4,3,2,3,4,2,3,4,1,4,4,4,4,15,2,2,1,1,2,4,5,4,4,4,3,4,1,4,4,4,4,4,2,3,3,3,3,2,4,3,4,4,4,4,4,4,4,4,4,4,4,4,4,4,2,2,2,2,2,2,2,2,2,3,4,3,3,3,2,8,9,9,8,8,7,3,2,2,1,34,4,1,1,1,40,4700,3000,0,903101,산림기사 산림사업도면의 이해 법학 대학원 증가,임산공학
34263,5,7,5,6,5,7,4,6,3,4,4,5,5,7,4,6,4,5,5,7,4,5,4,6,4,6,5,7,5,7,5,7,5,7,3,4,4,6,2,3,4,6,5,7,3,4,3,4,3,4,4,6,2,3,2,3,3,4,2,3,2,3,2,2,2,2,2,3,2,3,2,3,3,4,2,3,2,3,2,3,2,3,2,3,5,7,5,7,4,5,4,4,5,4,3,4,3,4,4,4,4,18,3,2,2,2,0,6,4,5,5,5,4,5,4,3,3,3,4,3,2,4,5,3,2,2,3,5,4,5,2,5,5,5,4,5,4,5,5,4,5,4,2,2,2,2,2,2,2,2,2,2,3,2,2,2,1,1,5,2,7,3,3,9,5,1,1,46,5,1,1,1,40,5500,3000,0,416102,변화,연극영화학
34264,3,4,3,4,2,3,2,4,2,3,2,3,4,5,4,5,3,3,2,3,3,3,3,4,3,3,4,5,2,3,4,5,2,4,3,4,3,5,4,4,4,4,4,3,3,3,4,4,3,4,3,5,4,5,4,5,4,5,3,3,2,3,3,3,3,5,4,6,4,4,4,6,3,3,4,5,3,3,3,3,3,3,3,3,3,3,3,4,2,3,3,1,1,2,1,1,2,3,2,2,1,13,1,1,2,2,0,7,2,2,1,1,4,3,3,2,3,3,3,3,3,2,3,3,2,3,3,3,4,3,3,4,3,2,2,2,2,4,2,2,3,4,2,2,2,2,2,2,2,2,2,2,2,3,3,3,2,7,7,6,5,4,4,5,4,4,1,29,2,1,1,1,45,2500,2300,0,881101,디지털 기기 확대 전자출판 보편화,기계
34265,5,4,4,5,4,5,4,5,5,6,4,5,5,5,4,5,5,5,5,5,4,5,5,5,5,5,5,5,4,4,5,5,4,5,5,5,5,5,4,5,4,5,4,5,5,5,3,4,4,5,4,4,2,2,2,2,2,2,1,0,3,3,3,3,2,2,2,3,2,2,2,2,2,2,2,2,3,3,3,4,3,3,2,3,4,5,4,4,4,4,3,3,4,4,4,5,4,4,5,5,4,11,1,2,2,2,0,3,5,3,3,3,4,3,4,4,3,3,4,4,3,4,3,3,3,4,4,4,3,3,4,4,4,3,3,4,4,3,3,3,4,4,2,2,2,2,2,2,2,2,2,2,3,3,3,3,2,7,4,4,5,6,6,7,6,5,1,58,2,1,1,1,40,4000,2500,0,32501,전산 업무,문과
34266,3,3,3,4,3,4,2,2,3,3,2,3,1,0,4,4,3,4,2,2,2,2,2,3,2,2,2,2,2,2,2,2,1,0,1,0,3,4,3,4,3,4,3,4,4,4,3,4,3,2,2,2,1,0,1,0,1,0,1,0,4,4,2,2,1,0,1,0,1,0,1,0,2,2,1,0,1,0,1,0,1,0,2,2,2,3,2,2,4,4,2,3,4,4,4,3,4,4,4,3,4,3,1,2,2,2,0,3,4,3,3,3,2,2,3,3,4,3,4,3,3,3,3,4,4,2,2,3,5,4,4,5,4,4,4,3,3,5,4,3,5,3,2,2,2,2,2,2,2,2,2,2,2,2,2,2,2,6,7,6,7,7,6,6,7,7,2,31,4,1,1,1,40,3500,2400,0,28101,전반 경기 침체 무역 거래,회계학
34267,4,6,5,6,4,6,4,6,4,7,4,6,4,6,4,6,5,5,4,6,4,6,4,6,4,6,4,6,4,6,4,5,5,5,4,6,4,6,4,5,4,6,4,5,4,6,4,6,4,5,4,6,4,5,4,5,4,6,4,6,4,5,5,5,4,5,4,5,4,6,4,6,4,5,4,2,4,6,4,6,4,6,4,6,4,5,4,6,4,5,5,4,5,5,4,4,5,5,4,4,4,3,1,4,1,2,0,4,5,4,5,5,5,4,4,4,4,5,4,4,4,5,4,4,4,3,4,4,3,4,4,4,4,3,4,4,4,3,5,5,4,4,2,2,2,2,2,2,2,2,2,1,3,3,3,3,1,4,3,4,6,4,4,3,2,3,2,42,4,1,1,1,40,3300,2600,0,305001,영양사 영양 정보 점차 대두,식품영양학
34268,2,2,2,2,2,1,2,1,1,0,3,4,1,0,2,3,3,3,3,3,2,1,2,2,3,4,2,1,3,3,3,4,2,1,2,2,3,4,3,1,3,3,4,3,2,2,2,2,2,1,2,1,2,2,2,4,4,3,2,3,1,0,3,4,2,3,3,4,2,3,3,4,1,0,4,4,3,4,3,4,4,4,2,3,4,3,2,2,4,3,2,3,3,2,3,3,3,2,4,3,2,3,1,3,1,2,0,2,2,4,3,2,3,4,3,3,3,3,4,4,4,3,2,3,4,2,3,5,4,5,3,4,2,1,1,2,3,3,2,1,4,4,2,2,2,2,2,2,2,2,2,2,2,3,3,3,2,8,7,8,3,4,7,7,5,2,1,29,2,1,1,1,45,3000,2500,0,836001,전기기능사 자동화 기계화 인력 수요 감소,이과
34269,4,3,4,4,2,4,1,0,3,3,4,4,1,0,2,5,3,4,4,4,2,4,1,0,2,3,5,5,1,0,3,5,2,2,1,0,3,3,1,0,4,4,2,2,3,2,1,0,4,3,1,0,3,5,1,0,4,3,3,5,2,3,2,5,4,4,4,3,3,5,1,0,1,0,2,4,3,3,2,3,1,0,1,0,3,2,1,0,3,5,4,3,4,5,4,3,4,2,5,4,3,13,2,4,2,2,0,2,6,3,5,5,4,4,5,4,3,5,5,4,2,5,4,4,3,5,5,4,3,4,4,4,3,5,4,4,3,2,4,3,5,5,2,2,2,2,2,2,2,2,2,2,3,3,3,3,2,4,3,6,5,8,7,4,8,7,1,35,6,1,1,1,40,4250,4000,0,121105,기초과학 분야 변동,지구과학
34270,1,0,4,3,1,0,3,4,1,0,3,2,4,4,4,2,4,4,3,2,1,0,3,3,4,5,4,4,4,3,4,3,3,3,4,5,4,4,3,4,3,3,3,3,4,4,4,3,4,3,4,5,2,2,1,0,4,4,1,0,2,1,4,4,4,3,4,2,4,2,4,3,3,3,3,2,4,3,4,2,4,5,3,3,2,1,3,1,4,4,2,3,4,2,2,2,2,3,4,2,4,9,1,2,1,2,0,6,4,4,1,1,4,4,2,3,9,9,4,4,2,4,4,1,1,2,4,4,2,5,2,5,3,4,4,4,4,4,3,3,5,4,2,2,2,2,2,2,2,2,2,1,3,3,2,2,2,7,7,7,5,5,5,5,5,5,1,40,3,1,1,1,50,4000,2000,0,531201,한식요리 자격증 제과제빵사 자격증 요식업 음식점 항시 업종,외식조리학
34271,4,5,4,6,4,5,4,6,4,6,4,6,3,4,3,4,5,6,4,6,5,7,3,4,4,6,3,4,5,5,4,6,5,6,5,6,5,6,4,6,5,6,5,6,5,6,5,6,5,7,5,5,3,4,3,4,3,4,3,4,3,4,3,4,3,4,3,4,3,4,3,4,3,4,5,6,5,5,5,6,5,7,5,6,5,7,5,6,5,3,3,4,5,2,4,3,4,3,5,4,4,7,4,1,2,2,0,1,2,3,3,3,5,4,3,3,9,9,9,3,3,5,3,3,4,3,3,4,3,3,3,5,4,5,4,4,5,5,5,4,4,4,2,2,2,2,2,2,2,2,2,2,2,2,2,2,1,6,5,4,5,7,6,7,6,7,2,57,2,2,6,1,40,0,0,2500,614001,경기,인문계 문
34272,4,5,4,5,4,5,4,5,4,5,4,6,4,4,3,4,3,5,2,2,2,3,4,5,3,4,3,4,3,4,4,5,4,5,4,5,4,5,4,6,4,5,4,5,4,5,2,2,4,5,4,4,2,3,2,3,2,3,2,3,2,2,3,3,2,3,2,3,2,2,2,3,3,5,4,4,3,4,3,4,2,2,2,3,4,5,4,5,4,4,3,4,4,4,4,3,4,5,4,4,4,17,1,2,1,1,2,7,5,3,3,3,3,3,4,4,3,4,4,4,4,4,4,2,3,4,3,4,3,3,3,2,3,4,4,3,4,4,3,4,4,3,2,2,2,2,2,2,2,2,2,2,2,2,2,3,1,3,3,4,7,4,3,3,4,2,2,36,4,1,1,1,40,3800,3000,0,306903,놀이치료상담사 사내 시스템 사용법 아동 치료 대한 시기 적절 증가,심리
34273,4,6,4,6,4,6,4,5,4,6,4,6,4,6,4,5,4,6,4,5,4,6,4,6,4,5,4,5,4,5,4,5,4,5,4,5,4,4,4,5,4,5,4,5,4,5,4,5,4,5,3,5,3,5,4,5,4,4,4,5,4,5,3,5,3,5,4,4,4,5,3,5,4,5,4,4,4,4,4,5,3,5,3,5,4,5,4,4,4,3,4,4,4,3,4,4,3,4,4,4,4,11,1,2,1,2,0,1,6,5,3,3,4,3,3,4,5,4,4,5,3,4,3,4,3,3,2,3,3,3,4,4,3,3,3,4,4,4,3,3,3,3,2,2,2,2,2,2,2,2,2,2,2,3,3,3,1,8,7,7,7,8,7,8,7,8,1,42,4,1,1,1,42,6700,6500,0,31302,보험계리사 시스템 개발,경제학
34274,3,3,4,5,3,4,4,4,4,5,3,4,4,4,3,3,4,4,3,4,4,4,3,4,4,5,3,4,4,5,3,4,4,5,3,4,4,5,3,4,5,6,4,6,4,4,3,3,2,3,4,5,4,3,3,4,4,3,3,3,3,4,3,4,3,3,3,4,4,5,3,4,3,3,4,4,4,4,4,4,5,5,4,4,3,3,3,3,4,4,4,3,4,2,3,3,3,3,4,4,4,4,1,2,1,1,2,1,2,4,3,3,4,3,3,3,3,4,5,4,3,4,4,1,5,4,4,3,3,3,4,4,3,3,3,2,4,4,4,3,5,3,2,2,2,2,2,1,2,2,2,2,3,3,3,3,2,5,4,4,4,4,5,5,5,5,1,61,2,1,1,1,48,5000,3600,0,831201,전기공사기사 업무파악 장비 도입 교육 훈련 장비 자동화 인력 축소,일반고등
34275,2,3,2,2,2,2,4,5,4,5,4,5,4,5,4,4,4,4,4,6,4,4,4,4,4,4,4,4,4,5,4,5,4,6,4,5,4,4,4,5,4,5,4,4,4,4,3,3,3,3,3,4,4,4,4,4,4,4,4,4,3,3,3,4,3,3,4,4,3,4,4,4,4,4,4,4,4,5,4,4,4,4,4,4,4,5,4,5,4,4,3,4,4,3,4,4,3,4,3,3,4,21,1,3,1,1,3,6,5,3,2,2,4,4,3,4,4,5,4,4,2,4,4,4,3,3,4,4,3,3,4,4,3,4,4,3,3,4,4,3,3,3,1,1,1,1,1,1,1,1,1,2,4,2,2,2,1,4,3,4,7,6,3,4,3,4,1,35,4,1,3,1,48,3800,2100,0,541101,신변보호사 경비지도사 경호실무 국제 교류 테러 신변 교육 강화 국제 교류 행사 증가 테러 신변 위험 요인 증가 때문,경호학
34276,2,2,1,0,1,0,2,2,1,0,4,5,1,0,4,5,1,0,3,4,4,5,1,0,4,5,1,0,4,5,4,5,1,0,1,0,3,4,4,5,3,4,3,4,2,2,1,0,4,5,1,0,3,4,4,5,3,4,1,0,1,0,3,4,4,5,3,4,4,5,3,4,4,5,1,0,3,4,3,4,1,0,4,5,3,4,3,4,2,3,2,4,3,4,3,3,2,3,3,2,3,7,1,2,2,2,0,1,5,3,2,2,4,3,4,3,4,4,4,4,3,4,3,4,3,3,4,3,2,3,4,3,2,4,2,2,3,4,2,3,2,3,2,2,2,2,2,2,2,2,2,2,2,3,3,3,2,2,2,3,2,7,7,8,3,3,1,28,2,1,1,1,40,2600,2000,0,881101,기계 자동화,기계
34277,4,5,4,5,5,7,4,5,4,1,2,2,5,7,3,4,5,6,3,4,5,7,2,3,3,3,1,0,1,0,1,0,3,3,1,0,1,0,2,2,1,0,3,3,1,0,1,0,1,0,1,0,1,0,1,0,1,0,1,0,4,6,2,2,1,0,1,0,1,0,1,0,1,0,4,4,2,3,3,5,3,4,2,3,4,6,1,0,4,3,4,3,3,2,4,4,3,3,3,3,4,18,4,1,2,1,2,7,2,4,3,3,3,4,3,3,9,9,9,3,2,4,4,3,4,4,4,3,4,3,3,4,3,3,3,4,4,4,4,3,4,3,2,2,2,2,2,2,2,2,2,2,2,2,2,2,2,9,8,6,4,2,3,8,3,2,1,30,4,1,4,2,35,2500,1800,0,414301,연기 실습 교육 훈련 문화 콘텐츠 세분 욕구 수요 기존 만화 콘텐츠 수요 타분 콘텐츠 전환 이동 예상,애니메이션
34278,3,3,3,4,2,2,3,3,2,2,1,0,3,4,2,3,2,3,2,2,1,0,3,3,3,4,2,2,3,3,3,4,2,2,3,3,2,2,3,4,3,3,3,3,2,3,2,2,2,3,2,3,2,3,1,0,1,0,1,0,2,2,2,2,2,2,1,0,3,3,2,3,2,2,3,3,2,2,1,0,3,3,2,2,2,3,2,1,4,3,3,4,3,3,3,4,3,4,4,2,3,13,1,2,2,2,0,7,5,3,4,4,4,3,3,3,4,3,4,4,3,2,3,4,4,3,3,3,3,3,3,3,2,4,4,3,3,3,3,3,3,4,2,2,2,2,2,2,2,2,2,1,4,2,2,3,2,7,6,5,4,5,5,7,6,5,1,37,3,1,1,1,48,3000,2400,0,415101,디자인 증가,응급구조
34279,3,3,3,3,1,0,3,2,3,2,2,1,1,0,3,3,3,3,4,3,1,0,3,3,3,2,3,3,3,1,3,2,1,0,1,0,3,3,2,1,4,3,2,1,2,2,1,0,1,0,2,1,3,2,3,2,5,4,5,5,1,0,3,3,3,1,4,4,4,4,1,0,2,1,4,3,4,3,3,2,4,6,4,4,4,3,2,2,4,4,1,2,2,1,2,4,1,2,2,3,2,6,1,2,2,2,0,3,2,1,1,1,4,3,1,2,2,3,3,3,3,4,3,2,2,4,4,4,4,4,2,5,3,3,3,3,4,4,3,3,4,3,2,2,2,2,2,2,2,2,2,1,2,2,3,2,1,7,6,5,5,5,5,5,3,3,1,31,4,1,2,2,54,3400,3000,0,701201,건설 경기 불황,경제학
34280,2,2,4,3,2,3,2,4,1,0,1,0,1,0,3,4,3,3,1,0,1,0,3,4,2,3,2,4,3,3,2,3,3,4,1,0,1,0,2,2,3,3,2,2,3,2,1,0,1,0,1,0,1,0,1,0,3,3,1,0,2,2,1,0,2,2,1,0,1,0,1,0,1,0,1,0,1,0,1,0,1,0,2,3,3,3,3,3,3,5,3,4,4,4,4,3,4,2,4,3,4,15,2,2,1,1,2,2,4,4,4,3,4,5,4,3,3,4,4,4,3,4,3,4,3,2,4,3,4,5,4,3,3,4,2,3,3,4,3,2,4,3,2,2,2,2,2,2,2,2,2,1,4,1,1,3,2,7,8,4,3,4,3,5,3,4,2,43,4,1,1,1,40,3200,2400,0,231401,직업상담사1급 직업상담사훈련 구직 취준생들 직업 관련 상담 증가,심리학
34281,3,4,3,4,2,2,4,5,1,0,3,4,1,0,1,0,2,2,1,0,1,0,3,4,3,3,2,2,4,5,4,5,2,2,1,0,3,3,3,4,4,5,4,5,2,2,3,4,3,4,2,2,2,1,4,4,3,3,2,2,1,0,3,4,2,2,2,3,3,4,2,2,3,3,4,5,3,4,3,3,2,2,3,4,4,5,2,2,4,2,4,4,5,3,5,4,4,4,4,2,4,13,1,1,1,2,0,4,4,4,4,3,4,4,3,4,9,3,4,4,4,3,5,4,4,2,3,3,2,4,4,4,3,2,3,3,2,4,2,3,4,5,2,2,2,2,2,2,2,2,2,1,4,3,3,3,1,6,4,3,4,6,6,3,4,6,1,38,4,1,1,1,50,3520,2680,0,307301,안경사증 미디어 발달 시력 저하,안경광학
34282,2,2,4,5,2,1,3,4,2,1,1,0,1,0,1,0,2,2,1,0,1,0,1,0,3,4,2,2,3,5,3,4,1,0,1,0,2,2,3,4,4,5,4,5,2,2,1,0,2,2,1,0,2,3,1,0,1,0,1,0,1,0,3,4,4,5,2,2,2,3,3,4,3,3,1,0,2,2,2,1,3,4,2,2,2,2,3,4,2,3,3,2,1,4,3,2,1,2,3,1,3,7,3,6,2,2,0,7,2,2,2,2,4,2,2,3,2,3,4,3,3,2,3,3,4,3,2,3,3,3,3,3,4,3,2,3,4,4,3,2,3,4,2,2,2,1,2,2,2,2,2,3,2,3,3,3,2,6,7,6,4,5,5,7,7,6,1,40,2,1,1,1,55,2500,1900,0,615701,셀프 주유 셀프 주유소 증가,이과
34283,3,3,3,4,3,3,4,4,3,2,4,4,2,3,4,5,3,4,2,2,2,3,3,4,4,3,1,0,1,0,3,4,1,0,1,0,3,4,2,3,3,4,3,4,1,0,3,3,3,4,1,0,3,4,3,3,3,4,4,4,1,0,4,5,4,5,3,4,3,3,1,0,1,0,3,3,3,3,2,3,3,4,4,4,3,4,3,4,2,1,1,2,2,1,1,3,2,1,2,3,3,6,4,1,2,2,0,4,3,3,2,2,3,1,2,2,3,4,4,3,2,3,3,5,5,4,5,3,3,2,3,4,4,5,5,5,3,4,4,4,4,3,2,2,2,2,2,2,2,2,2,1,2,3,2,2,2,5,7,6,8,8,5,4,6,3,1,52,2,1,4,2,40,3600,2500,0,701701,업무 환경,공고
34284,4,5,4,5,2,2,4,5,4,5,4,5,4,5,4,5,4,5,4,5,4,5,4,5,4,5,4,4,4,5,4,5,4,5,4,5,4,5,4,5,4,5,4,6,4,5,3,4,4,5,4,4,4,6,3,4,4,5,4,5,3,4,4,5,3,4,4,5,4,6,4,5,3,4,4,6,4,5,4,5,3,4,4,5,4,5,4,5,4,4,4,3,3,4,3,4,2,3,4,3,4,19,1,1,1,1,3,6,5,4,3,2,4,3,3,3,4,4,3,4,2,4,4,3,3,4,4,3,3,4,3,3,3,4,4,3,3,3,3,3,4,3,2,2,2,2,2,2,2,2,2,2,3,2,2,2,1,3,3,2,4,5,4,2,4,3,1,38,4,1,1,1,30,3600,2000,0,885101,기능사 자격증 조율수리 조정 절대음감 실습 대체 요소,피아노학
34285,4,6,3,5,2,2,4,6,3,4,4,5,3,4,4,6,4,6,4,5,4,6,3,5,5,7,1,0,1,0,1,0,1,0,2,2,2,3,4,6,4,6,1,0,2,4,1,0,1,0,1,0,1,0,1,0,2,3,3,4,3,3,2,2,3,3,3,4,2,2,3,3,1,0,4,5,1,0,1,0,1,0,1,0,4,5,2,3,4,3,3,3,4,2,3,5,3,4,4,3,2,15,2,4,2,2,0,7,4,4,3,3,3,4,3,4,3,4,4,4,3,3,3,3,5,4,5,3,4,4,3,5,4,4,2,2,4,5,5,3,5,4,2,2,2,2,2,2,2,2,2,1,3,3,3,3,2,8,6,3,2,1,4,9,4,3,2,26,4,1,1,1,40,3400,3200,0,155401,변화,화공
34286,4,6,4,5,2,3,5,6,3,4,3,4,3,4,2,3,4,5,3,4,3,5,4,5,3,5,3,4,4,5,4,5,4,5,2,3,2,3,4,5,4,5,4,5,4,5,2,3,3,4,4,5,2,3,1,0,2,3,1,0,1,0,1,0,1,0,1,0,1,0,1,0,1,0,1,0,2,2,3,4,2,3,2,3,4,5,4,6,4,4,4,4,5,2,5,4,3,4,4,2,4,13,1,2,2,1,2,4,5,4,4,3,4,4,3,3,3,3,3,3,2,4,3,4,3,4,4,4,4,4,3,3,4,4,4,3,3,3,3,4,3,4,2,2,2,2,2,2,2,2,2,1,3,3,2,2,2,3,7,6,4,4,5,7,7,6,2,29,4,1,1,1,35,3600,2400,0,411202,보수교육 변화,영문학
34287,4,5,4,5,3,4,2,2,2,2,3,3,3,4,4,5,4,5,3,4,4,5,4,5,5,6,4,5,4,5,3,4,3,4,2,2,3,4,2,3,3,3,3,4,3,3,4,4,4,5,4,4,3,4,3,4,3,4,3,4,3,4,3,4,3,4,3,4,4,5,4,5,4,5,4,4,4,5,4,5,4,5,3,3,3,4,4,4,4,3,2,3,4,2,3,4,2,4,4,3,3,13,1,2,1,1,2,6,4,3,3,3,4,4,3,3,3,3,3,3,1,4,3,4,2,2,3,1,4,3,4,5,4,3,2,2,2,4,1,3,4,4,2,1,2,2,2,2,2,2,2,2,4,3,3,3,2,3,3,3,5,5,5,4,4,5,1,40,5,1,1,1,48,4500,3000,0,155305,소음진동기사 소음진동기술사 소프트웨어 교육 소음규제법령 환경 분석 모델링 프로그램 도입 사회 환경 더욱 소음 진동 관련 업무 증가,환경학
34288,5,6,4,5,4,5,4,5,5,6,4,5,1,0,4,6,5,5,4,4,4,5,4,6,5,5,4,5,3,5,3,5,4,6,3,4,4,5,3,5,4,5,4,6,4,5,5,6,1,0,1,0,3,5,1,0,1,0,2,4,4,6,1,0,1,0,1,0,1,0,1,0,3,4,1,0,1,0,3,3,1,0,1,0,4,5,2,2,4,4,4,4,4,4,5,2,4,4,4,4,4,15,2,3,1,1,3,5,5,4,4,3,5,4,4,4,4,4,4,4,2,4,3,4,4,3,4,3,3,3,4,4,4,4,4,4,5,4,4,3,4,4,2,2,2,2,2,2,2,2,2,2,4,3,3,3,2,3,6,4,7,5,3,2,8,8,1,46,4,1,1,1,40,3800,2640,0,25101,회계실무 전산세무 직무교육 금민 증가 이로 정이 규모 상황,세무학
34289,2,3,4,3,2,2,3,4,2,4,2,4,1,0,2,2,2,1,1,0,1,0,2,2,3,5,3,5,3,4,4,3,3,3,2,3,4,4,3,4,2,4,4,3,3,4,4,5,5,5,3,4,1,0,1,0,4,5,1,0,1,0,1,0,1,0,1,0,1,0,1,0,1,0,3,4,1,0,1,0,2,3,3,4,3,3,2,2,3,3,2,2,3,2,3,4,3,2,2,3,4,7,4,1,2,2,0,7,1,2,2,1,3,2,3,2,9,9,3,3,2,4,3,3,4,2,3,3,4,3,3,3,3,3,2,3,2,4,4,3,5,4,2,2,2,2,2,2,2,2,2,1,4,2,2,2,2,7,8,8,3,7,7,3,4,5,2,63,1,2,6,1,60,0,0,4000,872201,맞벌이 독신 가구 증가,0
34290,4,5,4,5,4,6,3,4,4,5,3,5,4,5,5,6,4,5,4,5,4,5,5,6,4,5,3,4,2,3,4,5,4,5,4,5,4,5,4,5,4,5,4,5,4,4,4,4,4,5,4,4,4,4,4,5,4,5,4,4,4,6,4,5,5,6,4,5,4,4,3,5,4,5,4,4,4,5,4,5,3,5,4,4,4,5,3,5,4,4,3,3,4,4,4,4,4,3,4,4,3,10,1,2,1,2,0,2,5,4,3,4,4,4,4,5,4,4,5,5,4,3,4,4,4,3,3,4,4,3,2,4,4,3,3,4,4,3,3,4,4,2,2,2,2,2,2,2,2,2,2,2,3,3,3,3,2,7,4,4,5,5,5,7,6,5,1,40,4,1,1,1,40,3800,3000,0,134302,CCNA 변화,컴퓨터학
34291,3,4,4,4,4,5,3,4,3,3,3,5,3,4,3,3,3,4,3,3,4,4,3,4,3,3,3,4,2,4,3,4,3,3,3,5,3,3,3,3,2,3,3,3,3,4,2,4,2,3,2,3,3,3,3,4,3,3,3,4,3,4,2,3,2,3,3,3,3,4,3,4,3,4,2,3,3,4,3,4,3,4,4,4,3,4,3,5,3,4,4,3,4,4,4,4,4,3,4,4,4,3,1,3,2,2,0,3,4,4,5,4,3,4,4,4,3,4,4,4,4,3,4,4,4,3,5,4,4,4,3,4,4,3,4,5,5,4,4,4,4,3,2,2,2,2,2,2,2,2,2,1,4,3,2,2,1,3,6,5,4,5,5,5,3,7,2,31,3,1,1,1,40,2500,2300,0,415202,제품 시장 선호,산업디자인
34292,3,4,4,5,5,4,3,4,1,0,3,4,1,0,4,4,4,4,1,0,3,4,2,3,2,3,1,0,2,4,2,3,1,0,1,0,2,3,3,4,3,4,3,4,4,4,1,0,2,3,1,0,1,0,1,0,1,0,1,0,3,4,1,0,1,0,1,0,1,0,1,0,1,0,1,0,1,0,1,0,1,0,1,0,3,4,3,4,2,3,4,3,3,4,4,2,4,2,3,4,3,15,2,4,2,2,0,7,5,4,4,4,4,3,4,3,3,4,4,4,2,4,3,4,4,4,5,3,4,2,3,5,4,4,5,5,4,4,4,4,5,4,2,2,2,2,2,2,2,2,2,1,2,3,3,3,2,6,7,4,6,4,3,3,4,3,2,41,4,1,1,1,40,3500,2500,0,25301,출생,행정학
34293,5,6,3,4,4,5,3,4,5,6,4,5,3,4,3,4,3,4,1,0,3,4,1,0,2,2,1,0,2,3,1,0,1,0,1,0,1,0,1,0,3,4,3,3,4,5,3,4,1,0,2,2,1,0,1,0,1,0,1,0,4,4,1,0,4,5,1,0,1,0,1,0,1,0,1,0,1,0,1,0,1,0,1,0,2,3,2,3,5,4,4,4,4,5,4,3,2,3,4,3,4,11,1,3,1,2,0,4,5,4,4,4,4,4,4,4,3,3,4,4,2,4,4,4,3,3,4,3,3,3,4,4,4,4,4,4,5,5,4,3,4,2,2,2,2,2,2,2,2,2,2,1,3,3,3,3,1,2,4,3,2,3,4,2,7,6,1,46,4,1,1,1,40,6400,3000,0,31302,보험계리사CFP 기계 대체 불가,금융보험학
34294,4,5,5,5,3,3,4,5,3,4,3,5,4,5,3,3,4,4,2,3,4,4,4,6,4,5,3,5,3,3,4,5,5,5,3,3,3,5,4,6,4,5,3,5,2,2,2,2,1,0,4,5,2,2,3,5,3,3,3,3,4,6,3,3,1,0,2,2,3,4,1,0,2,2,1,0,1,0,4,3,1,0,4,4,4,4,4,3,4,5,4,3,4,4,2,2,2,3,4,3,2,19,1,2,2,2,0,7,2,3,2,2,3,3,3,2,3,3,4,3,3,2,3,3,4,3,3,2,4,4,4,4,3,3,3,3,3,4,3,3,4,4,2,2,2,2,2,2,2,2,2,2,2,3,3,3,2,6,6,6,4,5,6,4,4,6,2,25,3,1,1,1,40,2300,2100,0,29101,자동 시스템 도입,뷰티디자인
34295,4,4,4,4,3,4,3,3,4,4,4,4,3,3,3,3,3,4,3,4,4,4,3,3,3,3,3,3,3,3,3,3,2,3,3,4,3,3,3,4,4,3,2,2,1,0,4,4,4,5,2,3,4,5,5,6,4,6,4,5,3,4,4,6,4,5,4,5,4,5,4,5,1,0,3,4,2,3,2,2,2,3,2,2,3,4,3,4,4,3,4,3,3,3,4,4,2,4,3,4,4,3,1,2,2,2,0,6,5,3,2,2,4,4,2,3,3,3,3,3,2,4,3,3,3,2,3,2,3,2,3,4,4,3,2,3,2,4,4,3,4,3,1,1,1,1,1,1,2,1,2,3,4,3,3,3,2,4,5,6,4,5,5,3,4,6,2,30,4,1,1,1,40,4000,3700,0,154101,시스템 숙지 업무 스트레스 업체 수가,신소재화학
34296,3,3,3,2,2,3,3,3,4,2,2,2,1,0,3,3,2,2,2,2,1,0,1,0,3,3,3,2,4,4,3,3,1,0,1,0,1,0,4,3,1,0,1,0,3,2,2,2,1,0,1,0,1,0,1,0,1,0,1,0,4,2,1,0,1,0,1,0,1,0,1,0,1,0,2,1,2,1,2,2,1,0,2,1,3,3,3,1,2,4,3,2,2,2,3,3,3,3,4,4,4,19,1,2,2,2,0,2,2,3,3,3,2,3,3,3,3,3,4,3,2,2,2,1,3,3,2,4,3,3,2,3,2,2,4,4,4,3,3,4,3,4,2,2,2,2,2,2,2,2,2,2,2,2,2,2,1,7,7,7,5,5,5,5,5,5,2,60,2,1,1,1,40,2500,1700,0,616201,온라인 예매 증가,이과
34297,2,2,3,4,2,3,3,5,1,0,3,4,3,4,1,0,3,4,1,0,1,0,4,5,2,2,3,4,4,6,1,0,3,4,1,0,1,0,4,6,1,0,3,4,3,4,1,0,1,0,2,3,3,4,4,5,2,2,1,0,1,0,1,0,1,0,1,0,1,0,1,0,1,0,1,0,1,0,1,0,4,4,4,5,1,0,1,0,4,4,5,3,2,2,3,2,3,3,3,3,4,18,1,1,1,2,0,2,2,3,3,3,3,2,3,3,3,4,4,3,3,2,2,3,4,4,4,3,4,5,4,4,4,3,4,4,4,4,4,3,4,4,2,2,2,2,2,2,2,2,2,1,3,2,2,2,2,9,8,8,1,2,3,8,7,3,2,45,2,1,1,1,50,3500,2500,0,307601,안마사 자격증 현재 변동,정보통신
34298,2,2,2,2,2,2,2,2,2,3,3,3,2,2,2,4,2,4,3,4,2,2,2,2,2,4,2,2,2,3,3,3,2,2,2,2,2,2,2,3,2,3,2,3,2,3,2,2,2,2,2,2,2,2,2,2,2,2,2,2,2,2,2,2,2,2,3,4,3,4,4,5,2,2,2,2,2,3,2,2,2,2,2,2,2,4,2,2,4,4,4,3,3,3,3,3,2,3,3,4,3,8,1,2,1,1,2,6,2,4,4,3,4,4,4,4,3,3,4,4,1,4,3,3,3,2,3,3,4,4,4,4,4,3,3,4,4,4,3,3,4,4,2,2,2,2,2,2,2,2,2,2,2,2,2,2,2,6,6,4,4,5,6,7,5,6,1,57,2,1,1,1,40,4900,3000,0,621201,항해사 직무교육 인구 감소,기계
34299,4,5,4,5,4,5,3,5,4,5,4,5,3,5,4,5,4,5,2,4,4,5,3,3,4,5,4,5,4,5,3,4,4,5,4,5,4,5,5,5,4,5,4,5,2,3,3,4,3,4,3,5,4,5,3,4,4,5,4,5,4,5,3,4,4,5,3,4,2,2,2,2,1,0,2,2,2,2,3,4,3,2,2,3,2,4,3,4,3,3,3,4,3,3,4,3,3,4,3,3,3,16,5,3,1,1,3,3,5,4,3,3,4,3,2,4,9,9,4,4,2,4,3,4,4,3,3,4,3,3,4,4,4,3,4,4,3,3,4,3,3,4,2,2,2,2,2,2,2,2,2,2,4,3,3,3,2,7,4,5,3,4,5,6,4,5,2,40,4,1,1,1,43,4500,2800,0,305001,영양사 영양소 분석 병원 보건소 어린이집 영양사 채용 회사,식품영양학
34300,4,5,4,5,3,4,2,3,2,3,3,4,2,3,4,5,3,4,3,5,2,4,4,5,4,5,2,3,2,3,3,4,1,0,1,0,4,5,1,0,3,4,3,4,2,3,1,0,2,3,2,3,4,5,3,4,3,5,2,3,3,4,1,0,3,4,3,4,2,3,3,4,2,4,3,4,4,5,3,4,2,4,2,3,4,4,3,4,4,3,4,4,4,4,4,2,4,4,4,4,4,17,3,3,1,1,6,5,5,4,4,4,4,4,4,4,4,4,4,4,2,4,4,3,4,2,3,4,4,4,2,4,4,3,3,3,3,4,3,3,4,4,2,2,2,2,2,2,2,2,2,2,4,3,3,3,2,7,7,7,3,3,7,7,7,7,1,28,4,1,1,1,60,6500,5000,0,301109,의사 방사선 진료 현장 실습 교육 의료 서비스 증가,의예
34301,3,4,4,4,1,0,2,3,3,3,4,4,4,4,3,4,3,4,4,4,2,3,3,3,4,4,4,4,4,4,3,3,3,4,3,3,3,5,3,3,3,4,4,4,3,4,2,3,3,4,4,4,3,4,4,5,3,5,3,3,2,4,3,4,3,5,3,3,3,4,3,5,3,4,3,5,3,4,3,3,2,2,2,2,3,3,3,7,4,5,4,4,5,4,4,4,5,4,5,4,4,13,1,2,2,2,0,3,4,5,4,4,4,4,4,3,4,3,4,4,4,4,3,4,3,2,3,2,3,3,2,5,5,4,4,3,4,4,3,4,4,3,2,2,2,2,2,2,2,2,2,2,4,2,2,3,1,7,6,3,4,4,4,2,7,6,1,49,4,1,1,1,40,4000,2300,0,306902,인구 고령화 수요 증가,재활의학
34302,1,0,1,0,2,3,3,4,3,4,3,4,4,5,3,4,4,5,4,5,3,4,4,5,4,5,3,5,4,5,4,4,4,5,4,5,4,4,4,5,4,5,4,4,4,5,4,5,4,5,4,5,4,5,4,5,4,6,4,5,4,5,4,4,4,5,4,4,4,4,4,5,4,5,4,6,4,5,4,5,3,5,4,4,4,4,4,5,4,3,4,4,4,3,4,4,3,4,4,3,4,10,1,4,2,2,0,3,5,4,3,4,4,3,4,3,4,3,4,3,2,4,3,4,4,4,3,3,4,4,4,4,4,3,4,4,3,3,4,4,4,3,2,2,2,2,2,2,2,2,2,2,3,3,3,3,2,7,6,3,4,5,4,2,7,6,1,44,4,1,1,1,50,6000,3500,0,416401,계속 영상,경영학
34303,3,4,4,5,3,4,3,5,2,4,2,5,1,0,2,4,3,4,2,2,2,3,2,3,3,3,2,3,4,5,4,5,3,3,3,4,3,4,3,5,4,5,4,4,2,3,2,3,2,2,3,5,2,4,1,0,4,5,1,0,3,5,1,0,2,4,3,4,2,3,2,4,2,3,2,1,1,0,4,5,1,0,3,3,3,3,3,4,4,4,3,4,4,3,4,3,3,4,4,3,3,17,1,4,1,1,6,6,5,4,3,4,4,3,4,5,4,5,4,4,4,4,4,4,4,3,4,3,4,3,3,4,4,3,4,4,3,4,4,4,4,3,2,2,2,2,2,2,2,2,2,2,4,3,3,3,2,2,3,4,5,6,4,4,6,4,2,35,4,1,1,1,40,7800,6500,0,301113,의사면허 가정의학과전문의 레지던트 인턴과정 건강 관련 의식 변화,의학
34304,2,2,2,2,2,2,2,2,2,2,2,2,2,3,2,3,2,2,2,2,2,2,3,4,2,2,2,2,2,2,3,2,2,2,2,2,3,4,2,3,3,3,2,2,2,2,2,1,2,1,2,2,2,2,2,2,2,2,2,2,2,1,3,3,3,4,2,3,2,2,2,2,2,1,3,4,3,4,3,4,3,4,3,3,3,4,2,2,2,3,2,2,3,1,3,3,3,3,2,3,2,3,1,2,2,2,0,3,1,3,2,1,4,3,2,2,9,3,4,3,3,3,3,3,3,3,3,2,3,4,3,4,2,3,2,2,3,5,3,3,5,4,2,2,2,2,2,2,2,2,2,2,2,2,2,2,2,7,6,6,4,4,4,6,4,4,2,48,2,1,3,2,36,2000,1800,0,862301,생산 시설 자동화 대형화,인문계
34305,2,2,1,0,1,0,1,0,1,0,1,0,2,2,4,5,1,0,1,0,1,0,1,0,3,4,3,4,1,0,1,0,1,0,1,0,1,0,2,3,2,3,1,0,4,5,4,5,2,3,3,4,3,4,1,0,1,0,1,0,3,4,3,4,4,5,4,5,1,0,3,4,4,5,3,4,3,4,3,4,3,3,3,4,1,0,1,0,3,2,3,3,3,2,4,3,3,2,3,2,3,13,1,2,2,2,0,7,2,4,3,3,4,3,3,3,3,4,3,3,2,3,2,3,2,3,3,2,3,2,3,3,3,4,3,2,3,3,4,3,3,4,2,2,2,2,2,2,2,2,2,2,2,3,3,3,2,6,7,6,7,6,6,7,6,6,1,41,3,1,1,1,40,3800,2800,0,29901,독서 인구 감소,문헌정보
34306,1,0,1,0,1,0,1,0,1,0,1,0,1,0,1,0,1,0,4,4,1,0,1,0,4,5,1,0,2,3,1,0,1,0,1,0,1,0,4,4,1,0,1,0,1,0,1,0,1,0,1,0,1,0,1,0,1,0,1,0,1,0,1,0,1,0,4,5,4,6,4,5,1,0,1,0,4,5,4,5,4,5,3,5,4,5,3,3,4,4,4,3,4,2,4,2,2,3,4,4,4,8,1,4,1,1,6,6,2,3,4,3,4,3,4,4,9,5,5,4,2,4,4,4,3,2,4,3,4,3,4,3,4,4,3,4,3,5,4,3,5,4,2,2,2,2,2,2,2,2,2,1,3,2,2,2,2,9,8,9,2,2,8,7,4,6,1,50,2,1,1,1,40,4500,3000,0,622201,1종대형자동차운전 면허증 운전연습 길경로 익히기 상황 변동,기계
34307,2,2,3,3,2,2,3,2,1,0,2,1,4,4,3,3,4,2,3,3,1,0,2,2,3,3,4,4,3,3,3,3,2,2,3,3,2,3,4,4,2,3,3,2,3,3,2,1,3,3,1,0,4,4,2,3,2,2,1,0,1,0,3,3,2,2,2,1,3,2,3,3,1,0,3,4,2,3,3,2,3,3,2,2,4,3,3,1,3,4,2,3,3,1,3,3,2,3,2,1,2,19,1,2,1,1,1,2,2,2,4,4,4,3,3,3,3,4,4,3,2,3,3,4,2,3,4,4,2,3,2,2,3,3,2,1,1,2,3,3,4,5,2,2,2,2,2,2,2,2,2,2,2,3,2,2,2,8,8,5,5,4,4,3,6,7,2,35,4,1,3,2,35,3000,2400,0,511401,미용사 피부 미용사 일반 직무훈련 악화 수요 감소,뷰티미용학
34308,4,5,3,5,4,5,3,5,3,5,4,5,3,4,4,5,3,5,5,6,3,4,4,6,5,5,3,5,4,5,5,6,4,5,4,5,3,4,4,6,4,5,5,4,3,4,3,4,3,4,4,5,2,4,3,4,1,0,2,4,4,5,2,4,4,4,2,5,1,0,1,0,2,4,2,4,1,0,2,4,1,0,3,5,3,4,3,3,5,3,3,4,4,3,4,3,4,2,5,4,3,18,1,2,2,2,0,4,5,4,3,3,3,5,1,2,3,4,5,3,3,3,3,2,3,5,3,4,4,2,2,4,5,2,4,3,2,4,3,3,3,3,2,2,2,2,2,2,2,1,2,1,5,3,3,3,2,9,9,4,1,1,2,8,7,7,2,38,4,1,1,1,65,2400,1900,0,417201,스케줄 부담 문화 컨텐츠 전세계,의상학
34309,3,4,2,2,2,2,2,3,3,4,4,4,2,3,3,3,2,3,1,0,3,4,2,5,1,0,1,0,1,0,1,0,1,0,1,0,2,3,1,0,3,3,2,3,2,3,1,0,1,0,1,0,4,6,4,5,3,5,5,5,2,2,1,0,3,3,3,3,3,3,3,4,1,0,3,4,2,2,1,0,1,0,3,1,2,2,1,0,4,3,3,4,4,3,3,3,2,4,3,3,3,3,1,3,1,2,0,6,3,4,3,3,4,4,4,4,4,4,4,4,2,3,3,4,3,3,3,2,2,3,3,5,3,3,4,3,3,5,3,3,4,4,2,2,2,2,2,2,2,2,2,3,1,3,3,3,1,2,2,2,3,3,5,3,3,4,1,43,4,1,1,1,40,7000,3000,0,153101,전기기능사 인공 지능 일자리 대체,전기공학
34310,4,5,4,6,4,5,3,4,3,4,4,5,2,2,4,5,3,4,3,4,1,0,3,4,5,7,3,4,5,6,4,5,2,3,2,3,3,4,5,7,5,7,5,6,3,4,1,0,1,0,3,4,3,4,1,0,3,5,1,0,2,3,1,0,1,0,2,2,1,0,1,0,1,0,4,5,3,5,4,5,4,6,3,4,4,5,3,4,5,5,3,4,5,4,5,3,3,4,5,2,3,17,1,2,1,2,0,7,7,4,4,4,4,4,4,4,9,9,3,4,1,4,4,3,3,4,4,3,4,5,4,4,5,5,4,4,4,4,3,3,4,4,2,2,2,2,2,2,2,2,2,2,4,3,2,2,1,7,7,5,4,5,6,2,2,4,1,49,4,2,5,1,8,0,0,9500,301103,성형외과 전문의 국민 소득 상승 외모 충족 욕구 의사 일자리 증가 요인,의과
34311,3,3,3,4,3,2,3,3,3,4,3,4,1,0,1,0,3,3,1,0,1,0,3,3,3,4,3,3,3,4,3,3,3,4,3,3,1,0,3,4,3,4,3,4,3,3,1,0,3,3,1,0,3,4,1,0,1,0,1,0,3,4,3,3,3,3,1,0,1,0,1,0,3,3,1,0,1,0,1,0,1,0,1,0,3,3,3,2,3,2,2,4,4,3,2,4,2,3,4,2,3,11,1,6,2,2,0,7,5,4,4,3,3,4,2,4,2,2,3,3,3,3,3,3,2,3,4,4,3,3,2,3,2,3,4,3,2,3,3,3,4,3,2,2,2,2,2,2,2,2,2,1,4,2,2,3,1,4,3,4,3,4,4,3,3,4,1,35,4,1,1,1,45,5800,5350,0,31401,커스터 초이스,아동복지
34312,2,4,2,4,1,0,1,0,2,4,4,4,2,4,3,4,4,4,4,4,4,4,4,4,4,4,1,0,1,0,4,4,1,0,1,0,2,2,3,4,4,4,4,4,4,4,1,0,1,0,1,0,4,4,4,4,4,4,4,4,2,2,4,4,4,4,4,4,4,4,4,4,4,4,4,4,4,4,4,4,4,4,4,4,4,4,4,4,4,4,3,3,3,3,4,4,3,3,2,4,2,3,1,5,2,1,3,3,2,3,2,2,3,3,2,3,2,3,4,4,4,2,2,4,4,3,4,4,3,4,2,4,2,4,3,3,4,5,3,2,4,5,2,2,2,2,2,2,2,2,2,2,2,3,3,3,2,5,6,4,5,4,7,5,4,7,1,51,2,1,1,1,60,4800,1800,0,852101,고무제품 관련 교육 인건비 상승 자동화,인문계
34313,4,5,4,5,2,3,2,3,2,3,3,4,1,0,2,3,3,4,2,2,1,0,3,4,3,4,2,2,3,5,3,3,3,3,2,2,2,2,3,5,3,3,3,4,2,3,2,3,2,3,1,0,1,0,1,0,1,0,1,0,2,3,1,0,1,0,1,0,1,0,1,0,1,0,2,3,2,2,2,4,2,3,2,3,2,4,3,5,4,3,5,5,4,4,4,3,4,4,4,3,5,7,4,1,1,2,0,2,5,4,4,4,5,5,4,5,3,3,3,3,4,4,3,1,4,2,4,1,4,4,1,5,4,4,3,4,4,4,3,3,5,3,2,2,2,2,2,2,2,2,2,1,4,3,3,3,2,6,7,4,3,3,3,5,6,6,1,38,4,2,6,1,40,0,0,4500,303001,약사면허증 인구 고령화 의약품 의지 계층,약학
34314,2,3,3,4,1,0,3,4,2,3,2,3,3,5,4,6,3,4,2,3,2,3,3,4,4,6,1,0,1,0,2,3,3,5,2,3,2,3,1,0,3,5,1,0,2,3,1,0,3,5,1,0,3,5,1,0,3,4,1,0,3,4,4,6,1,0,3,4,4,6,4,6,2,3,4,6,3,4,3,4,1,0,2,3,4,6,3,4,4,3,3,3,2,2,3,3,3,4,2,3,3,3,1,2,1,2,0,7,1,4,2,2,3,3,2,3,3,3,4,4,3,3,2,4,3,4,2,2,4,2,4,4,4,3,2,4,4,5,3,3,4,2,2,2,2,2,2,2,2,2,2,2,2,2,2,2,2,3,7,6,3,8,3,3,7,3,1,60,1,2,5,1,40,0,0,5500,825201,표면처리기술사 기술 도입 기회,0
34315,2,2,3,3,3,3,1,0,1,0,1,0,1,0,2,2,2,2,3,4,1,0,1,0,3,3,2,3,2,3,3,2,1,0,1,0,1,0,3,3,3,3,2,2,1,0,1,0,1,0,1,0,1,0,1,0,2,3,1,0,1,0,1,0,1,0,1,0,1,0,1,0,1,0,1,0,1,0,3,4,3,3,2,3,3,3,3,3,3,4,3,2,3,3,4,4,2,1,3,3,3,15,2,2,1,1,2,2,4,3,3,2,4,4,4,3,2,3,4,3,3,2,2,3,2,4,3,3,4,4,3,4,2,2,3,4,4,4,3,2,3,4,2,2,2,2,2,2,2,2,2,2,3,3,2,3,2,8,8,7,5,3,3,3,6,7,1,31,3,1,1,1,40,3300,2400,0,541201,일반경비지도사 청원경찰훈련 사회 불안 요소 때문,경호학
34316,3,3,4,5,2,2,4,5,2,2,1,0,1,0,2,1,3,3,1,0,1,0,2,3,2,3,3,4,4,5,3,3,2,2,2,1,2,2,3,3,4,5,3,4,3,3,3,4,4,5,2,2,3,4,2,1,3,3,2,1,1,0,2,3,4,5,3,3,3,4,4,5,3,4,2,1,2,3,1,0,4,5,3,4,2,2,2,3,2,3,3,5,5,1,4,5,1,5,4,2,3,17,1,2,1,2,0,7,4,4,5,4,5,5,3,4,2,2,3,3,4,4,4,2,1,3,1,4,2,4,2,4,3,3,2,2,1,4,1,2,4,5,2,2,2,2,2,2,2,2,2,2,4,2,2,3,1,6,7,6,4,3,4,4,3,5,1,37,3,1,1,1,52,3800,2500,0,306201,방사선사 건강 미리 풍토,방사선
34317,4,4,4,4,3,3,2,3,2,3,3,3,4,4,3,3,4,3,3,4,1,0,2,3,3,3,3,4,3,3,3,3,3,3,3,3,2,3,3,3,3,3,3,3,3,3,3,4,2,3,3,3,4,4,4,5,4,5,5,5,3,3,3,3,3,3,3,3,3,4,3,3,2,3,4,4,2,3,2,3,5,5,3,3,3,3,3,3,5,4,1,4,4,1,4,4,3,4,5,4,3,6,1,2,1,1,6,6,3,4,4,4,4,4,4,4,9,9,9,4,2,4,4,4,3,3,4,3,4,3,4,3,4,4,4,3,5,5,4,3,4,5,1,1,1,2,1,1,1,2,2,1,4,3,3,3,2,6,5,4,6,5,5,6,5,6,1,57,4,2,5,1,40,0,0,8000,701602,건축산업기사 건축기법 장비 기술 개발 도입 전통 가옥 선호 추세,건축학
34318,3,5,3,4,3,5,3,4,3,4,3,6,3,4,3,5,3,4,3,5,3,5,3,5,3,4,3,4,3,5,3,4,3,5,3,4,3,5,3,5,3,4,3,4,3,5,3,5,3,4,3,4,3,5,3,4,3,5,3,5,3,4,3,5,3,5,3,4,3,5,3,4,3,4,3,4,3,4,3,5,3,4,3,4,3,5,3,4,4,4,4,4,4,2,4,3,4,4,4,4,4,3,1,4,2,2,0,6,5,4,4,4,4,4,3,4,4,4,4,4,4,4,4,4,4,4,3,2,4,3,3,4,4,3,3,4,3,4,3,4,4,2,2,2,2,2,2,2,2,2,2,1,3,3,3,3,2,5,5,5,6,7,5,5,5,5,1,47,3,1,1,1,48,4600,2400,0,852201,용량 한정 그대로 것이므,전기
34319,4,4,3,3,2,2,3,3,3,3,3,3,3,3,2,2,3,3,3,3,3,3,3,3,2,3,3,3,3,3,3,3,3,3,2,2,1,0,3,3,1,0,2,3,3,3,1,0,2,2,2,2,2,3,1,0,1,0,1,0,1,0,2,1,1,0,1,0,1,0,1,0,1,0,2,2,2,2,2,2,2,3,3,3,3,3,3,4,3,3,4,3,4,3,3,2,3,4,3,3,4,17,1,1,1,2,0,1,5,3,4,4,4,3,3,3,3,3,3,3,2,3,3,3,4,3,3,2,3,3,4,4,4,4,3,4,4,3,4,4,4,3,2,2,2,2,2,2,2,2,2,1,4,2,2,2,1,3,5,6,5,6,6,5,6,5,1,46,5,2,5,1,40,0,0,5400,303002,한약사자격증 건강 관심,한약학
34320,4,4,4,3,3,4,1,0,5,5,2,4,1,0,2,5,2,4,1,0,3,3,2,5,2,2,4,4,1,0,3,3,1,0,1,0,2,3,1,0,4,5,4,4,1,0,1,0,2,3,3,3,4,6,4,4,1,0,1,0,4,4,1,0,2,4,1,0,2,2,1,0,1,0,2,2,1,0,1,0,1,0,1,0,2,3,1,0,4,3,2,4,4,3,5,2,4,3,3,2,4,13,2,3,2,2,0,2,6,4,4,5,5,4,5,4,3,3,5,4,2,5,4,4,3,3,5,4,5,3,5,3,4,4,4,5,3,4,4,3,5,5,2,2,2,2,2,2,2,2,2,2,4,3,3,3,2,6,4,5,3,3,5,6,4,5,1,43,6,1,1,1,40,5500,3800,0,121103,기초과학 분야 증가 예정,응용통계
34321,2,3,2,2,2,3,2,3,2,3,3,4,3,4,2,2,4,3,1,0,1,0,3,4,4,3,4,5,4,4,4,4,3,3,3,4,4,4,4,4,3,3,4,4,2,2,4,4,4,4,4,4,1,0,1,0,2,2,1,0,2,3,4,4,2,2,1,0,1,0,2,1,3,4,3,2,3,2,3,3,2,2,1,0,3,2,2,1,3,4,4,4,4,2,4,3,4,3,4,1,4,17,1,4,1,2,0,3,5,4,4,4,2,3,3,4,4,4,5,4,2,3,3,3,3,2,3,3,3,3,3,4,4,4,5,4,4,4,4,4,4,4,2,2,2,2,2,2,2,2,2,2,2,3,3,3,2,6,6,5,5,4,4,6,5,4,2,36,4,1,1,1,40,3300,2200,0,305001,영양사 영양사 식단 기계 전산,식품영양학
34322,3,4,4,5,4,5,4,5,4,5,4,5,4,4,4,5,3,4,4,5,4,5,4,5,4,5,4,5,4,5,4,5,4,5,5,6,2,2,3,4,3,4,4,5,4,5,4,4,2,2,3,4,1,0,1,0,3,3,3,4,1,0,1,0,1,0,3,4,4,5,4,5,3,3,4,4,4,4,4,5,4,5,2,3,4,4,3,4,5,4,4,4,5,4,4,4,4,3,3,4,4,19,1,2,1,2,0,7,2,4,3,4,4,3,4,4,5,5,4,4,3,4,3,4,4,3,4,4,3,3,4,4,4,3,5,4,4,4,4,3,4,4,2,2,2,2,2,2,2,2,2,3,3,2,3,3,2,7,5,4,8,7,5,7,7,4,2,43,2,1,1,1,42,3000,2200,0,512301,장례지도사 장수시 장계 문화 지속,인문
34323,4,5,4,5,4,5,4,5,3,4,4,3,2,2,2,2,2,3,2,3,2,2,3,4,4,5,4,6,5,7,5,5,5,5,3,5,5,7,4,5,4,5,3,4,5,3,4,5,1,0,4,4,1,0,1,0,1,0,1,0,2,3,1,0,1,0,1,0,1,0,1,0,3,3,1,0,1,0,2,3,3,3,2,2,3,3,3,4,4,4,2,4,4,4,4,3,2,3,5,3,5,11,1,2,2,2,0,6,4,4,4,4,4,4,3,4,4,3,4,4,2,4,4,4,3,3,4,3,3,4,4,4,4,3,3,3,3,4,3,3,4,3,2,2,2,2,2,2,2,2,2,2,3,2,2,2,2,8,6,3,6,3,2,4,9,8,1,44,4,1,1,1,40,7500,5800,0,12402,관리자 역할 인력 변화,사회학
34324,3,4,3,4,2,4,3,4,2,4,3,4,3,4,3,4,3,4,2,3,3,4,3,4,3,4,3,4,3,4,2,3,2,3,3,4,3,4,3,4,3,4,3,4,3,3,3,4,3,4,3,3,3,3,4,4,4,4,3,3,3,4,3,4,3,4,3,3,3,4,3,3,3,3,3,3,2,3,3,4,4,4,3,4,3,4,3,4,4,4,4,3,4,3,2,3,3,3,3,3,3,3,1,3,1,2,0,3,5,3,4,3,4,3,3,4,3,4,4,4,3,4,3,3,4,3,4,3,4,3,4,4,3,3,4,3,3,4,3,2,4,4,2,2,2,2,2,2,2,2,2,2,3,3,2,3,2,5,4,5,6,5,4,5,6,5,1,39,4,1,1,1,50,3600,3300,0,835101,전기산업기사 변화 사람 일임 자동화 한계,기계
34325,2,2,3,4,2,3,2,2,2,3,3,4,1,0,3,3,3,3,3,4,2,2,3,4,3,4,3,3,2,3,2,2,2,2,2,2,3,3,3,4,3,4,3,3,3,4,3,3,4,5,3,4,2,4,3,4,4,5,4,5,3,3,2,3,3,3,3,4,4,5,4,5,2,3,2,3,3,3,3,3,3,3,2,2,3,3,2,4,3,4,3,3,2,2,3,2,3,4,4,4,4,17,1,4,1,2,0,4,4,2,2,2,4,4,3,4,3,3,3,3,2,4,4,4,4,4,4,4,4,4,2,4,3,4,4,4,4,4,4,2,4,4,1,1,1,1,1,1,2,2,2,2,2,3,3,3,2,7,6,8,4,6,7,8,8,5,1,43,4,1,1,1,50,5000,2900,0,814001,에너지관리사 기계 장비 도입 업무 과정 근무시간 불규칙 업무 환경 기피 직업 일자리 감소,토목공학
34326,3,4,3,5,2,4,2,4,4,6,4,6,2,4,2,4,2,4,3,5,3,5,3,5,4,5,3,5,1,0,1,0,1,0,2,4,2,4,1,0,3,5,3,5,4,6,1,0,2,4,1,0,3,6,3,5,3,5,3,6,5,6,3,6,2,5,2,4,4,6,2,4,4,5,1,0,1,0,1,0,1,0,1,0,4,6,2,5,4,4,4,4,5,4,4,4,4,4,5,5,4,10,1,3,1,2,0,5,4,4,3,3,4,5,4,4,4,4,4,4,4,3,3,4,3,3,2,1,2,4,4,4,4,3,2,2,3,3,2,2,3,4,2,1,2,2,2,1,2,2,2,2,3,3,3,3,1,3,4,5,5,6,5,6,5,5,1,45,5,1,1,1,48,6200,3200,0,13701,정보통신기술사 컴퓨터활용능력 컴퓨터 응용 신생 인터페이스 기술 구축 디지털 산업 성장,정보통신공학
34327,3,5,3,4,3,6,3,5,3,5,3,5,3,4,3,5,3,4,3,6,3,5,2,4,3,5,3,5,3,5,3,5,3,5,4,6,3,5,3,5,3,5,3,5,3,4,3,5,2,4,3,5,2,4,4,5,3,5,3,5,3,4,1,0,2,4,3,4,2,3,1,0,3,4,2,3,3,4,2,3,3,4,2,4,4,4,1,0,4,3,4,3,4,4,2,3,4,3,3,4,3,3,1,6,1,1,3,6,5,4,3,3,2,3,2,4,2,3,3,3,2,4,3,4,3,4,4,3,4,2,2,4,4,3,3,4,2,4,3,2,4,4,1,1,2,2,2,2,2,2,2,3,1,3,2,3,1,4,6,5,6,7,6,4,5,6,1,53,4,1,1,1,40,6000,5000,0,151108,조선산업기사 전산응용 기계 제도 제조 기술 개발 업무 배치 자동화,조선공학
34328,4,5,5,7,1,0,5,6,3,3,2,2,1,0,4,5,2,2,4,4,1,0,1,0,5,6,4,5,4,4,4,5,3,3,3,4,1,0,4,5,5,6,4,6,5,6,1,0,4,4,4,4,5,6,1,0,4,5,5,6,3,3,1,0,4,5,5,6,5,6,5,7,4,4,4,5,2,2,4,5,5,6,2,2,5,6,4,6,2,3,2,2,3,1,1,4,2,3,3,3,1,3,1,5,2,2,0,4,2,3,2,3,2,4,2,2,2,3,3,3,4,2,2,3,3,2,1,4,2,3,5,5,3,3,3,2,3,5,3,3,5,4,2,2,2,2,1,1,2,2,2,2,2,2,2,2,1,3,5,5,7,5,5,5,5,5,1,51,4,1,1,1,50,7000,5000,0,815001,자동화 설비 숙련 기술 교육 조립 라인 자동화 진행,기계
34329,2,3,2,4,2,2,3,4,3,5,3,5,1,0,4,5,3,5,4,5,3,3,2,4,3,4,2,3,2,3,4,5,2,2,2,3,2,3,5,6,3,5,4,5,4,5,2,3,3,4,2,3,2,3,2,3,2,3,2,3,2,3,1,0,3,5,3,4,2,3,2,3,1,0,2,3,4,5,4,6,4,6,5,5,3,5,4,6,3,3,3,2,2,2,2,4,2,2,2,2,3,9,1,2,1,2,0,2,2,2,2,2,4,2,3,3,3,4,3,4,3,3,4,3,3,4,3,3,3,4,3,3,2,2,3,3,3,4,3,3,4,3,2,2,2,2,2,2,2,2,2,1,4,3,1,3,1,5,5,6,5,4,4,4,4,3,1,30,2,1,1,1,40,2500,2200,0,532401,운전면허 2종 운동기 운전면허 코로나 사회 질병 배달 문화 증가,자동차학
34330,4,5,3,4,2,3,3,4,3,4,3,4,3,4,3,4,3,3,3,4,3,4,3,4,3,4,4,5,3,4,3,4,3,4,3,4,4,5,3,4,3,4,4,5,3,4,3,4,4,5,4,5,4,5,4,5,4,5,4,5,3,3,3,4,3,4,3,4,3,4,3,4,4,5,3,4,3,4,3,4,3,4,1,0,1,0,1,0,3,3,3,4,4,4,3,4,4,4,4,3,3,14,1,5,2,1,5,5,3,2,3,3,4,4,4,4,3,4,4,4,2,4,4,3,4,3,3,4,4,3,4,2,3,3,3,4,4,4,3,2,3,4,2,2,2,2,2,2,2,2,2,3,3,3,3,3,2,7,5,8,7,5,4,6,6,6,1,38,4,1,1,1,45,4000,3000,0,416105,카메라 편집 무대 감독 변화,방송학
34331,3,3,3,4,2,3,2,3,3,4,3,3,2,3,3,4,4,4,3,4,3,4,3,5,4,4,3,4,2,4,2,3,3,4,2,4,4,4,4,4,3,4,4,4,4,5,2,2,2,3,3,4,4,4,1,0,5,6,3,4,2,3,3,4,4,4,4,5,4,5,4,5,1,0,5,5,4,4,3,4,4,5,3,4,4,4,3,4,3,4,3,2,2,1,3,4,3,4,3,4,3,8,1,3,1,1,1,4,2,4,4,4,4,4,2,4,4,3,4,4,1,4,4,5,4,4,5,3,4,2,3,4,3,4,4,4,4,4,5,4,5,5,2,2,2,2,2,2,2,2,2,3,3,3,3,3,2,7,6,7,7,8,8,5,5,4,1,28,2,1,2,1,40,4200,3300,0,621203,해기사 안전교육 화물 수송,기관
34332,3,3,2,3,3,4,4,4,2,3,3,4,3,3,3,3,3,4,3,3,3,4,5,6,4,4,2,3,3,4,3,2,3,3,3,3,5,5,4,5,4,5,4,4,3,4,1,0,1,0,2,2,1,0,1,0,1,0,1,0,2,2,1,0,1,0,1,0,1,0,1,0,2,2,3,2,2,2,2,2,2,2,2,2,3,3,3,3,4,4,5,4,4,3,4,4,5,5,4,5,4,16,5,3,1,1,2,2,5,4,4,4,4,4,3,3,4,3,4,4,2,5,4,5,4,5,5,2,4,2,3,4,3,4,4,3,4,5,3,4,5,4,2,1,2,2,2,2,2,2,2,2,3,1,3,3,1,8,9,8,9,3,5,5,4,8,1,38,5,1,1,1,35,5500,2800,0,212101,중등교사 정교사2급 수상안전교육 응급처치교육 코로나 온라인 교육 컴퓨터 프로그램 변화 직업,해양공학
34333,2,1,3,4,2,1,4,5,3,3,2,1,2,1,3,3,2,2,1,0,1,0,2,2,4,5,3,4,3,4,3,4,2,1,1,0,1,0,3,4,3,4,4,5,3,4,3,4,4,5,1,0,2,2,2,1,2,2,1,0,1,0,2,1,1,0,1,0,2,3,2,2,1,0,3,3,2,2,2,2,2,3,2,2,2,3,2,2,4,2,3,3,4,3,2,4,3,4,3,2,2,19,4,1,2,2,0,7,2,2,1,2,2,3,3,2,9,9,9,3,3,4,3,3,3,2,3,3,4,3,4,4,3,4,4,3,3,4,3,4,3,4,2,2,2,2,2,2,2,2,2,3,3,1,3,3,2,7,6,6,5,4,5,5,6,7,1,53,2,2,6,1,40,0,0,3000,561501,기계화 약진,이과
34334,5,3,5,4,5,4,5,3,5,3,5,4,5,3,5,4,5,5,5,5,5,5,5,5,5,4,5,3,5,3,5,4,5,5,5,5,5,3,5,4,5,4,5,5,5,3,5,4,4,3,5,4,5,3,5,5,5,2,4,3,5,4,5,6,5,4,4,2,5,6,5,6,5,4,5,2,5,4,5,4,5,5,5,4,5,4,5,3,4,3,4,3,4,2,3,3,2,4,3,4,4,6,1,5,1,1,1,3,5,4,3,3,4,5,2,3,3,4,4,3,1,4,3,4,5,3,4,3,4,4,2,5,4,5,4,4,5,5,5,4,5,4,2,2,2,2,2,2,1,1,1,2,2,3,3,3,1,5,3,2,3,5,8,5,7,8,1,48,4,1,1,1,50,8000,2700,0,140206,환경기사 환경안전교육 경기 둔화 기업 근로자 인적 구조 조정 품질 관리 빅데이터 분석 사용 분석 업무 도입 근로자 감소,건축학
34335,2,2,2,2,1,0,2,3,2,2,2,2,1,0,2,3,3,3,3,4,1,0,1,0,3,3,1,0,2,3,2,2,2,2,2,3,3,4,3,4,2,2,3,5,2,2,2,2,3,4,2,3,2,2,1,0,2,3,5,4,1,0,1,0,3,4,5,5,3,5,4,5,1,0,3,3,4,5,3,4,3,4,2,2,2,3,2,3,4,3,3,3,4,3,3,3,3,2,3,3,4,6,4,2,1,2,0,1,1,3,2,1,3,3,2,2,9,9,9,2,4,1,2,2,3,2,2,4,4,4,3,4,3,2,1,1,3,4,2,1,5,3,2,2,2,2,2,2,2,2,2,1,3,3,3,3,2,7,8,6,4,3,2,6,3,3,1,45,2,2,6,1,40,0,0,4200,623001,타워크레인운전기능사 건설업 수요 계속 것이므,인문계
34336,5,7,5,7,2,2,5,7,1,0,4,5,5,7,5,7,5,7,5,7,4,6,1,0,4,5,1,0,1,0,4,5,1,0,1,0,1,0,1,0,1,0,4,5,1,0,1,0,1,0,1,0,1,0,1,0,1,0,1,0,1,0,1,0,1,0,1,0,1,0,1,0,1,0,1,0,1,0,1,0,4,6,4,6,4,5,4,5,4,3,3,1,3,2,3,3,2,3,3,3,4,18,4,1,2,2,0,7,1,3,3,3,4,4,1,1,9,9,9,1,3,4,4,4,4,5,4,3,4,4,3,4,4,3,2,3,4,4,4,3,4,1,2,2,2,2,2,2,2,2,2,1,5,2,2,2,2,7,3,4,2,2,6,7,8,6,2,32,5,1,4,2,18,600,400,0,416203,사람 문화 욕구 연극 뮤지컬 계속 증가 예상,연극연기
34337,3,4,4,4,3,3,3,4,2,4,3,4,5,5,3,4,3,4,3,4,3,5,3,4,4,5,4,5,4,5,3,4,3,3,3,4,4,5,4,4,3,3,4,4,4,5,4,5,5,4,4,4,3,4,3,5,3,4,3,5,4,5,3,5,3,4,2,5,2,3,2,4,3,4,3,4,3,3,2,4,4,5,2,5,2,5,1,0,5,5,3,3,4,2,3,4,3,3,4,3,3,14,1,2,2,2,0,6,4,4,3,3,4,4,3,3,3,4,4,3,3,3,3,4,3,3,2,1,2,3,4,5,3,2,2,2,3,4,3,3,4,4,2,2,2,2,2,2,2,2,2,1,3,2,2,2,1,7,7,6,4,3,2,8,8,7,2,26,3,1,1,1,50,2700,2500,0,24404,행사 기초,철학
34338,5,5,5,5,3,5,5,5,1,0,4,5,4,5,5,6,5,5,5,5,5,5,5,5,5,6,3,5,5,5,5,6,4,5,1,0,5,6,5,6,5,7,4,6,5,6,3,4,3,4,5,6,4,5,4,4,5,7,5,7,4,5,4,6,5,7,5,7,5,7,5,7,4,5,4,6,5,7,5,7,3,6,5,6,5,6,5,7,5,5,3,4,4,1,3,4,3,4,4,5,2,15,2,2,1,1,3,6,4,5,5,5,4,5,3,4,9,5,4,5,1,5,5,5,5,5,5,1,2,2,3,4,5,5,3,4,5,5,5,3,5,5,1,1,1,1,1,1,2,2,2,2,2,3,2,3,2,5,6,2,8,6,1,2,2,8,1,50,5,1,3,2,40,6800,2800,0,621102,회전익 사업용 조종사 항공무선통신사 항공안전 계기교육 개론 인기 무인기 드론 개발 운용 추제 증가 무인기 기술 개발 발전,항공공학
34339,4,5,5,6,4,4,3,5,4,5,4,5,3,4,4,5,4,5,3,4,2,3,4,5,4,5,4,5,1,0,1,0,3,5,3,4,1,0,1,0,4,5,4,5,1,0,1,0,1,0,1,0,4,5,3,4,3,4,1,0,3,5,3,5,4,5,4,5,3,3,2,2,4,6,1,0,2,3,1,0,1,0,1,0,3,3,1,0,4,3,4,4,5,3,4,3,4,3,5,4,3,13,1,3,1,2,0,1,5,5,4,4,4,4,4,4,4,2,4,4,2,4,4,4,3,4,3,2,3,4,3,4,3,4,4,4,4,5,4,4,4,4,2,2,2,2,2,2,2,2,2,2,2,2,2,3,1,6,5,4,5,4,5,7,7,5,1,31,4,1,1,1,40,4100,4000,0,140502,교통산업기사 코로나 사업 축소 유지,도시공학
34340,3,4,4,3,1,0,5,5,1,0,1,0,5,6,1,0,1,0,5,4,1,0,4,4,3,4,3,4,1,0,3,4,1,0,1,0,2,4,1,0,1,0,1,0,1,0,1,0,1,0,1,0,1,0,1,0,1,0,1,0,1,0,1,0,1,0,1,0,1,0,1,0,1,0,1,0,1,0,1,0,1,0,5,7,2,3,3,3,4,2,2,3,4,2,3,4,4,4,5,2,4,18,1,2,2,2,0,2,5,3,3,3,4,4,4,3,3,3,3,3,3,3,3,3,4,3,4,3,2,4,3,4,4,5,4,4,4,4,4,4,3,4,2,2,2,2,2,2,2,2,2,1,2,2,2,2,2,4,3,6,5,5,4,3,5,6,2,33,4,1,3,2,40,2600,2000,0,414702,전공자 증가,무용
34341,3,4,4,5,3,4,4,5,1,0,3,4,1,0,3,4,1,0,4,5,4,5,3,4,3,4,4,5,4,6,4,5,3,4,3,4,4,5,3,4,3,4,3,4,2,2,3,4,1,0,3,4,1,0,1,0,1,0,1,0,1,0,1,0,1,0,3,4,3,4,1,0,4,5,1,0,1,0,1,0,1,0,1,0,3,4,3,4,4,4,2,4,4,2,3,2,2,3,2,4,3,15,2,6,2,2,0,3,5,3,2,3,4,4,3,4,4,3,4,3,3,4,3,3,3,3,4,4,3,3,5,4,4,3,3,4,4,5,4,4,3,4,2,2,2,2,2,2,2,2,2,1,3,1,1,3,2,9,9,9,1,1,5,2,7,7,1,34,4,1,1,1,40,2600,2000,0,13305,공무원 변화,경제학
34342,4,5,4,5,3,4,3,5,4,5,5,5,1,0,4,5,4,5,3,4,2,3,4,5,4,4,4,6,4,5,3,4,3,5,3,5,4,5,1,0,4,5,4,6,3,5,2,4,1,0,3,5,4,5,4,5,4,4,4,4,3,3,3,5,4,4,2,3,3,4,3,4,4,6,3,4,3,3,4,3,1,0,3,3,3,3,3,3,5,3,4,3,4,4,4,2,3,4,3,3,4,3,1,2,2,2,0,6,5,4,3,4,4,3,2,3,3,3,4,3,3,4,3,4,3,3,4,3,2,3,3,5,4,3,4,4,2,4,4,3,4,3,2,2,2,2,2,2,2,2,2,2,4,3,3,3,2,5,4,4,4,3,4,4,6,6,1,42,4,1,1,1,44,4500,2700,0,152201,기술 업무 수행 증가,토목공학
34343,4,5,4,5,4,5,3,3,3,4,4,5,1,0,3,4,2,3,2,3,3,3,2,3,4,5,5,6,3,5,3,4,1,0,1,0,3,4,3,4,4,5,4,4,4,4,1,0,1,0,3,3,3,3,1,0,4,5,4,4,4,4,4,5,3,3,4,5,3,4,3,4,4,5,1,0,2,4,1,0,1,0,2,2,4,4,3,2,4,4,2,4,4,2,4,5,3,4,4,4,4,3,1,2,2,2,0,2,4,4,4,3,4,4,3,4,4,3,4,4,2,5,4,3,3,4,2,3,3,5,3,4,4,5,4,4,5,5,4,4,4,4,2,2,2,2,2,2,2,2,2,2,3,2,2,2,2,6,6,7,5,5,5,5,4,4,1,56,4,1,1,1,43,4800,2600,0,28402,제품 품질 향상 위해 가장 부서 인력 수요,화학
34344,2,3,3,3,2,2,4,4,3,3,3,3,5,4,2,3,4,3,2,2,2,2,2,2,4,4,1,0,2,2,4,3,4,2,2,2,2,3,5,3,3,3,1,0,5,4,2,2,3,3,3,4,2,2,1,0,3,3,1,0,2,2,5,4,2,2,1,0,1,0,1,0,1,0,5,5,4,5,4,5,1,0,2,2,5,5,2,3,2,3,5,2,3,3,2,5,3,3,2,2,2,18,1,1,1,2,0,3,2,4,3,3,3,3,3,2,1,3,3,3,4,3,3,4,3,4,2,4,3,4,3,4,3,4,4,3,4,4,4,3,3,3,2,2,2,2,2,2,2,2,2,1,4,2,2,2,2,8,7,7,3,2,7,1,2,5,2,25,3,1,3,2,40,2000,1900,0,511302,네일아트 관리 유행 생활 방식,비서
34345,3,4,3,3,1,0,2,3,3,4,3,5,5,5,3,5,3,3,4,4,3,4,2,3,5,5,3,4,2,3,3,3,2,2,3,3,1,0,3,4,4,4,3,4,2,4,2,4,3,5,2,2,3,4,2,3,4,4,5,4,2,5,2,3,3,4,4,4,3,4,2,2,3,4,4,4,3,5,2,3,3,3,4,4,2,4,2,3,5,5,3,3,5,2,4,4,4,4,5,3,4,10,1,2,1,2,0,2,4,4,3,4,5,4,4,3,3,4,5,4,3,4,4,4,3,4,3,4,4,3,2,4,4,3,4,4,4,4,2,3,4,3,2,2,2,2,2,2,2,2,2,2,4,2,2,2,1,8,6,7,3,3,4,7,3,3,1,49,4,1,1,1,40,5000,2300,0,416601,방송통신산업기사 방송 채널 다양 영향,영상예술학
34346,3,3,3,3,3,3,3,4,5,4,4,4,5,5,4,5,4,4,4,5,4,4,4,3,4,3,3,4,3,3,3,4,2,2,2,2,4,4,3,3,3,3,4,3,4,2,3,3,2,2,2,2,3,4,3,3,3,3,3,3,4,3,3,2,4,3,3,3,3,3,3,3,3,3,3,3,3,3,2,2,5,5,5,5,3,3,3,2,4,3,1,4,3,2,3,3,2,3,3,3,3,6,1,2,1,2,0,6,2,3,3,2,2,3,3,5,3,3,3,3,2,3,4,4,4,3,3,2,4,3,3,3,3,3,3,3,3,3,3,3,3,4,2,2,2,2,2,2,2,2,2,1,2,3,3,3,2,3,4,3,4,5,5,4,3,5,1,50,3,1,1,1,40,3000,2500,0,140207,건축산업기사 자동차운전면허1종 보통 건설업 쇠퇴,건축
34347,4,6,4,6,4,4,4,5,4,6,4,5,4,5,4,5,4,5,4,5,4,5,4,5,4,5,4,4,3,4,3,4,4,5,4,5,3,4,3,4,4,6,4,6,4,5,4,5,4,5,4,5,4,6,4,5,4,5,4,5,4,5,4,5,4,5,4,6,4,6,4,6,4,6,4,5,4,5,4,5,4,5,3,3,4,6,4,6,4,4,4,5,4,3,5,4,3,4,4,4,4,13,1,2,1,1,3,3,4,4,5,4,4,4,4,4,4,5,5,5,4,4,4,3,4,4,4,3,4,4,4,4,4,4,3,5,4,4,4,3,4,3,2,2,2,2,2,2,2,2,2,1,3,3,3,3,2,9,9,1,9,1,1,5,2,9,1,38,4,1,1,1,40,2800,2200,0,140602,지형정보터리기사 지리정보시스템 설계 분석 변화,지리학
34348,3,3,2,2,1,0,1,0,2,2,5,5,3,3,2,2,3,3,2,3,4,5,1,0,2,2,4,4,1,0,2,2,1,0,1,0,1,0,1,0,1,0,1,0,2,2,1,0,1,0,2,2,3,3,1,0,1,0,1,0,1,0,1,0,1,0,1,0,1,0,1,0,1,0,5,6,3,3,3,3,1,0,1,0,3,3,2,2,2,3,3,4,2,3,2,2,3,2,2,2,2,18,1,2,1,2,0,7,2,2,3,4,2,3,3,3,4,9,4,4,2,3,4,2,3,4,3,3,4,3,3,4,3,2,3,2,3,3,2,3,2,4,2,2,2,2,2,2,2,2,2,1,3,3,3,3,2,2,3,4,4,3,5,9,2,3,1,24,3,1,3,2,50,3000,2000,0,420202,프로게이머,컴퓨터게임학
34349,5,7,5,7,5,7,4,6,3,5,4,6,3,5,3,6,3,7,2,5,2,4,4,6,3,6,4,6,4,5,4,5,3,5,2,5,3,5,3,6,4,6,4,6,4,6,3,5,2,4,3,5,3,5,1,0,1,0,2,3,4,6,2,5,2,3,1,0,1,0,1,0,1,0,1,0,1,0,1,0,2,3,1,0,2,4,2,3,4,3,4,3,4,4,4,4,3,4,4,4,4,15,2,4,2,1,1,6,6,4,3,3,4,3,3,3,3,4,4,4,4,3,3,4,4,4,4,2,3,3,3,4,3,4,4,4,4,2,3,3,4,4,2,1,2,2,2,2,2,2,2,2,2,2,2,3,1,6,5,3,5,4,4,7,7,3,2,45,6,1,1,1,52,5500,3500,0,110104,데이터에 대한 새로운 분석 기법 보안 시스템 최신 버전 해당 분야 전문성 업무 행정 처리 단순 업무 대체 가능,교육학
34350,4,5,4,5,4,5,3,4,1,0,4,6,1,0,3,4,4,4,1,0,2,2,3,3,4,4,4,5,3,3,3,3,1,0,1,0,2,2,1,0,1,0,3,3,4,5,2,2,1,0,4,4,3,4,1,0,1,0,1,0,3,3,1,0,2,1,1,0,1,0,1,0,1,0,1,0,1,0,3,3,1,0,1,0,4,4,3,3,2,2,1,4,3,5,5,4,1,2,2,3,1,15,2,4,2,2,0,7,5,5,4,5,5,2,2,5,4,3,3,4,1,5,4,5,4,2,4,1,5,2,3,5,3,3,2,4,5,5,3,4,5,5,2,2,2,2,2,2,2,2,2,1,3,3,3,3,2,3,3,7,2,2,5,5,5,5,1,49,4,1,1,1,45,3989,1876,0,25402,향후 일자리,법학
34351,3,4,1,0,2,4,2,3,2,3,1,0,1,0,2,3,2,3,2,3,1,0,1,0,2,3,2,3,1,0,2,3,1,0,1,0,1,0,3,4,3,4,2,3,3,4,1,0,2,3,2,3,1,0,1,0,1,0,1,0,2,3,1,0,1,0,1,0,1,0,2,3,3,4,1,0,2,3,2,3,2,4,1,0,3,3,2,3,4,3,3,4,3,3,3,3,3,3,4,3,3,6,1,2,1,2,0,7,4,4,3,2,4,3,3,3,3,4,4,3,2,3,3,4,3,3,3,4,3,4,3,4,3,3,4,3,3,4,3,3,4,4,2,2,2,2,2,2,2,2,2,1,2,2,3,3,1,5,6,4,6,4,4,4,3,5,2,29,4,1,1,1,46,4129,3600,0,140207,건설안전산업기사 코로나 경기,토목공학
34352,4,5,4,5,4,5,1,0,1,0,1,0,2,4,1,0,3,5,1,0,1,0,1,0,1,0,4,5,4,5,1,0,1,0,3,4,3,5,3,5,3,5,3,4,3,4,1,0,1,0,4,6,1,0,1,0,1,0,1,0,1,0,1,0,1,0,1,0,1,0,1,0,1,0,1,0,1,0,1,0,1,0,1,0,1,0,1,0,5,5,4,3,3,4,3,4,3,4,5,4,4,19,3,4,1,2,0,7,5,4,4,4,4,4,4,4,4,4,4,4,2,4,3,4,3,2,4,4,3,3,4,4,4,4,3,3,4,4,2,2,3,4,2,2,2,2,2,2,2,2,2,2,3,2,2,3,1,7,6,4,4,4,5,4,4,7,2,38,5,1,1,1,40,3600,2000,0,22202,직업상담사 사회복지사 자동화 대체 보기 때문,지역사회개발복지학
34353,5,7,5,7,5,7,5,7,4,5,5,6,4,5,4,6,3,5,2,5,4,6,3,4,3,6,4,5,4,5,4,6,4,5,3,5,3,5,3,5,5,6,3,5,4,5,2,4,2,3,4,5,3,4,1,0,1,0,1,0,4,6,1,0,1,0,1,0,1,0,1,0,3,5,1,0,1,0,1,0,1,0,1,0,1,0,1,0,5,4,4,4,4,5,5,2,4,4,4,4,4,15,2,5,2,2,0,7,6,5,5,4,5,5,5,4,4,4,4,4,2,2,2,3,4,3,2,2,4,5,5,5,2,3,2,3,3,4,2,2,3,4,2,2,2,2,2,2,2,2,2,1,3,3,3,3,1,1,7,1,3,1,8,1,1,1,1,49,5,1,1,1,40,8000,7000,0,110202,상태 유지,경제학
34354,3,4,2,3,2,3,1,0,2,3,2,3,2,3,1,0,2,3,1,0,1,0,1,0,2,3,2,4,2,3,2,3,1,0,2,3,2,3,1,0,2,3,1,0,2,3,1,0,1,0,2,3,2,3,1,0,1,0,1,0,1,0,1,0,2,3,1,0,2,3,2,3,2,3,1,0,2,3,3,4,1,0,1,0,2,3,1,0,4,3,3,3,4,4,3,2,3,3,4,3,3,6,1,2,1,2,0,7,4,3,3,3,3,4,3,3,4,3,3,3,3,3,4,3,3,4,3,3,3,3,3,3,3,4,3,3,4,4,3,3,3,4,2,2,2,2,2,2,2,2,2,2,2,2,2,3,2,4,6,6,5,4,6,4,4,6,1,35,5,1,1,1,42,4295,3798,0,140207,건설기계산업 건설업 시공,지구과학
34355,4,6,5,6,4,5,4,5,2,6,3,4,2,3,3,4,4,4,2,5,3,4,3,4,4,5,2,4,4,4,3,4,4,5,4,4,4,5,5,5,4,6,4,5,4,5,4,4,3,4,3,4,3,5,2,3,3,4,3,4,4,3,3,3,3,3,3,3,3,3,3,3,3,4,3,2,3,3,3,4,3,4,3,4,3,4,3,4,4,4,4,3,4,2,4,3,4,4,4,4,4,13,4,1,1,1,3,4,3,4,3,3,4,4,4,3,1,9,3,4,2,4,4,4,4,4,4,2,3,1,4,4,4,4,4,4,4,4,4,4,4,2,2,1,1,2,2,2,1,2,2,3,1,2,2,2,2,2,2,2,2,2,2,2,2,2,1,62,6,2,6,1,40,0,0,6000,221301,법무사 부동산 등기 상업등기 경매 소송에 관한 기초지식 서식작성 컴퓨터 향상 기능 구입 프로그램 구입 정형 인공 지능 기계 대신,법학
34356,2,2,2,2,2,2,1,0,2,2,2,2,2,3,2,3,2,2,4,5,3,4,4,5,3,4,4,5,3,4,4,5,4,4,3,4,4,5,4,5,3,4,4,5,4,5,1,0,3,4,2,3,3,4,1,0,1,0,1,0,2,3,1,0,1,0,1,0,1,0,3,4,3,4,2,4,4,5,4,6,5,6,4,6,3,4,4,4,3,3,2,3,3,2,3,3,3,2,3,3,3,18,1,4,2,2,0,7,4,3,4,3,4,4,3,4,3,3,2,3,3,3,3,2,3,4,3,3,3,3,3,3,2,3,4,3,2,3,3,2,4,4,2,2,2,2,2,2,2,2,2,2,4,2,2,2,1,7,6,6,4,3,4,6,4,5,1,40,4,1,1,1,43,5300,3000,0,541101,행사 경호 필요성 정착,체육학
34357,5,7,5,7,3,4,5,7,1,0,4,6,5,7,5,7,5,7,5,7,5,7,3,4,5,6,4,5,4,5,4,5,4,5,1,0,3,4,1,0,4,5,4,5,3,4,1,0,1,0,1,0,1,0,1,0,1,0,1,0,1,0,1,0,1,0,1,0,1,0,1,0,1,0,1,0,1,0,1,0,4,6,4,5,5,6,4,6,4,3,4,2,3,2,4,3,4,3,3,3,4,18,1,2,2,1,3,7,1,4,4,4,4,4,4,1,3,4,4,4,2,4,4,3,4,5,4,3,4,4,4,4,4,3,2,3,4,4,3,3,4,4,2,2,2,2,2,2,2,2,2,1,3,2,2,2,2,7,4,4,3,1,3,7,8,7,1,36,3,1,1,1,30,1000,500,0,416203,스피치 훈련 동작 훈련 상황 유지 계속,연극
34358,3,3,3,3,2,3,2,3,3,3,3,3,2,3,2,3,3,4,2,3,2,3,3,4,4,4,2,4,2,3,3,2,2,4,2,3,3,3,3,3,3,3,1,0,3,3,2,3,2,2,1,0,3,3,2,3,2,3,4,4,3,4,3,4,4,4,4,3,4,3,4,4,3,3,3,3,2,3,4,4,2,5,2,5,4,5,4,3,3,2,3,3,2,3,2,2,2,2,2,2,3,3,1,4,1,2,0,1,4,3,3,3,3,3,3,2,3,3,3,3,4,2,2,2,3,3,2,3,2,4,4,3,2,2,2,3,3,4,3,2,4,2,2,2,2,2,2,2,1,2,2,1,2,3,3,3,1,7,4,5,2,2,4,4,6,5,1,30,3,1,1,1,52,2950,2300,0,834001,전기기능사 전기기사 경기 침체 코로나 요인 경기 침체,전기공학
34359,4,4,4,5,4,5,4,5,4,4,4,5,4,6,4,5,4,6,4,5,4,4,4,5,4,5,4,6,4,5,3,5,4,5,3,5,3,5,4,5,4,5,4,5,3,5,4,6,4,5,3,5,4,5,4,5,4,5,4,5,3,5,4,5,4,6,5,6,4,6,4,5,4,5,4,6,5,6,5,6,4,5,4,6,4,5,4,5,4,4,4,4,3,3,4,4,4,3,4,3,4,3,4,1,1,1,4,4,2,3,3,4,4,4,4,4,9,9,3,3,1,4,3,4,4,4,3,2,3,2,3,3,4,4,4,3,3,5,4,3,3,3,2,1,2,2,1,1,2,2,1,3,1,2,2,2,2,3,8,4,7,3,6,2,4,5,1,48,2,2,6,1,50,0,0,3600,885201,전기자격증 도시미관을 많이 둘러보는 훈련이 필요 정밀 간판 출시 일거리 진화 장미 등장 때문,상고
34360,1,0,2,3,1,0,1,0,1,0,1,0,3,4,4,4,3,4,1,0,1,0,1,0,3,4,1,0,1,0,1,0,1,0,1,0,3,4,4,5,2,3,1,0,1,0,1,0,3,4,1,0,1,0,1,0,2,3,1,0,1,0,4,5,2,3,2,4,1,0,3,4,1,0,2,3,1,0,2,4,3,4,1,0,2,3,1,0,4,3,4,2,2,3,2,4,3,3,3,1,4,3,1,4,2,2,0,7,2,3,3,3,4,4,4,3,3,3,3,3,3,3,3,3,2,2,2,3,2,4,4,4,2,2,3,4,2,3,2,3,4,3,2,2,2,2,2,2,2,2,2,3,1,3,3,3,2,6,7,7,6,6,5,5,4,4,1,28,3,1,1,1,40,2600,2400,0,873501,자동화 활성화,기계
34361,5,6,5,5,5,5,5,5,5,5,4,5,5,5,5,6,5,5,5,5,5,5,5,5,4,5,4,5,4,5,2,2,1,0,2,2,5,5,4,4,3,4,4,5,1,0,5,5,5,5,4,5,4,5,5,6,2,3,4,5,5,4,3,4,5,5,5,5,3,3,4,4,3,4,3,4,2,2,2,2,1,0,1,0,2,4,3,4,4,3,4,3,3,4,3,4,3,3,3,3,2,13,2,4,2,1,5,3,5,4,3,2,4,3,2,4,3,4,4,4,3,3,3,3,2,2,2,1,3,4,4,4,2,3,2,2,2,4,1,2,3,3,2,2,1,2,2,2,2,2,2,2,2,2,2,2,1,3,3,5,5,7,7,3,3,5,1,38,5,1,1,1,45,5000,3800,0,156101,섬유에 대한 특성을 이해하는 훈련 장비 도입 시스템 자동화 섬유 산업 해외 이주 산업,섬유공학
34362,4,5,3,4,2,2,2,2,2,3,3,4,3,3,4,5,3,3,2,2,3,2,2,3,3,4,4,5,4,5,3,3,3,3,4,5,3,4,3,3,4,5,5,6,3,4,4,4,3,4,4,5,2,2,2,2,1,0,1,0,4,5,3,4,1,0,1,0,1,0,2,3,4,5,1,0,1,0,1,0,1,0,1,0,1,0,2,2,4,3,3,4,4,4,2,2,2,3,4,3,4,3,1,5,2,2,0,6,5,4,3,3,4,4,4,4,9,9,4,4,1,5,5,5,2,3,4,1,5,4,1,4,3,4,4,4,5,5,3,2,4,4,2,2,2,2,2,2,2,2,2,1,2,3,3,3,2,3,8,3,8,2,2,7,8,2,1,48,4,1,1,1,45,11000,8000,0,11201,자동화 시설 확충 인원 감축 예상,무역학
34363,2,3,4,4,1,0,3,4,4,4,4,4,4,4,4,4,4,4,4,4,4,4,4,4,4,4,4,4,4,4,4,5,4,4,4,4,4,4,4,4,4,4,4,4,4,4,4,4,4,4,4,4,4,4,4,4,5,6,4,4,4,4,4,4,4,4,4,4,4,4,4,4,4,5,4,4,4,4,4,4,4,4,4,4,4,4,4,4,4,4,3,4,4,3,4,3,4,3,4,4,4,3,1,2,1,1,3,5,2,5,2,2,4,5,3,3,3,3,4,3,4,2,4,4,3,4,4,3,4,4,3,3,2,3,4,2,4,4,3,2,4,5,2,2,2,2,2,2,2,2,2,2,2,3,3,3,2,3,5,3,2,5,3,7,8,5,1,43,2,1,1,1,60,3600,2400,0,823301,주조기능사 금속가열하는 교육 작업 직업,전기
34364,3,4,4,6,2,2,2,3,2,3,4,5,5,6,4,5,2,3,4,5,4,5,5,7,5,7,3,4,2,3,3,4,3,4,3,4,4,5,1,0,4,5,4,5,4,5,4,5,2,2,2,2,4,6,3,4,2,2,2,3,3,3,2,3,3,3,2,3,2,3,2,2,2,3,3,4,3,4,1,0,1,0,1,0,1,0,1,0,5,5,4,4,5,3,5,3,3,5,5,5,5,10,1,5,2,2,0,6,5,5,5,5,5,5,4,3,4,4,4,4,3,4,4,3,2,3,2,4,4,5,4,4,4,5,5,5,5,5,4,4,4,3,2,2,2,2,2,2,2,2,2,1,3,1,1,1,1,1,1,1,2,2,6,8,1,1,1,40,6,1,1,1,40,8500,2500,0,151201,변화,물리과학
34365,2,3,3,4,1,0,1,0,1,0,4,5,5,7,5,7,5,7,5,6,4,5,1,0,5,6,3,4,1,0,1,0,1,0,1,0,1,0,1,0,3,4,3,4,3,4,1,0,1,0,1,0,1,0,1,0,1,0,1,0,1,0,1,0,1,0,1,0,1,0,1,0,1,0,5,6,1,0,1,0,4,5,2,2,5,6,1,0,4,3,4,1,3,3,4,4,4,3,3,3,4,18,4,1,2,1,6,6,1,4,4,4,4,4,3,2,9,9,9,3,4,4,4,4,5,4,4,2,4,2,2,5,4,5,4,4,5,5,4,4,5,5,1,1,2,2,2,2,2,2,2,2,3,2,2,3,2,4,7,8,2,2,8,8,4,2,1,45,3,1,4,2,30,3000,1200,0,414101,개인적인 창작 프린터 도입 창작 작업 재능 감각 소득 안정,광고홍보
34366,3,4,3,4,2,2,5,7,3,4,2,2,3,4,3,4,2,2,3,4,2,2,2,2,2,2,2,2,2,2,2,2,2,2,3,4,2,2,2,3,3,4,4,6,3,4,1,0,1,0,1,0,1,0,1,0,1,0,1,0,2,2,3,4,1,0,1,0,1,0,1,0,3,4,1,0,1,0,1,0,3,4,3,4,3,4,3,4,4,4,3,4,3,3,4,4,3,3,3,4,3,11,1,2,1,1,4,7,5,3,2,2,4,4,3,4,5,5,4,4,2,3,3,4,4,4,2,2,4,2,4,3,4,3,3,2,4,5,4,3,4,4,2,2,2,2,2,2,2,2,2,2,4,2,2,3,2,4,7,3,7,4,7,4,7,4,1,55,4,1,1,1,40,7000,4000,0,31401,금융투자분석사 실무경험 전문성 사람 도전,경제학
34367,3,4,4,3,3,3,3,2,4,3,2,2,2,2,3,3,3,3,2,2,3,3,3,2,3,2,2,2,3,2,2,2,1,0,1,0,2,1,2,3,2,2,2,2,2,2,3,3,4,4,3,3,1,0,1,0,2,3,1,0,3,3,2,3,2,1,1,0,1,0,1,0,2,2,2,2,2,4,2,2,2,2,2,2,3,4,3,4,3,3,2,3,3,3,4,2,3,2,2,3,3,3,1,2,2,2,0,7,2,4,3,2,4,2,3,3,3,3,3,3,3,3,3,3,2,2,2,4,2,4,4,4,2,3,2,4,4,3,4,2,5,4,2,2,2,2,2,2,2,2,2,2,1,2,2,2,1,3,7,5,2,3,5,2,7,4,2,29,4,1,1,1,40,2800,2200,0,28401,인공 지능 산업 발달 종사 감소 예상,경영
34368,4,5,4,6,3,5,3,5,4,5,3,5,3,5,3,5,4,5,4,6,3,5,4,6,3,5,2,4,3,5,2,4,2,4,2,4,2,3,1,0,2,4,2,4,3,5,1,0,2,4,1,0,2,4,3,4,2,4,2,4,4,6,3,5,2,3,3,4,2,4,3,4,3,5,3,4,2,4,4,4,1,0,1,0,4,5,1,0,3,4,4,4,3,4,3,4,3,4,4,3,4,3,1,5,1,1,3,7,5,4,4,3,3,4,3,4,3,3,4,3,3,4,3,3,3,2,4,3,4,4,2,4,3,4,4,4,3,3,2,2,4,2,1,1,2,2,2,2,1,2,2,4,2,3,3,3,1,6,5,5,6,6,5,6,6,5,2,28,4,1,1,1,40,3200,3000,0,151108,전산응용기계제도기능사 조선산업기사 프로그램 도입 관련 업무 훈련 자동화 설비 인원 감축,조선공학
34369,3,4,4,5,3,4,5,6,1,0,5,5,1,0,1,0,1,0,1,0,1,0,1,0,4,5,3,4,3,4,3,4,1,0,1,0,1,0,4,5,3,4,3,4,3,4,1,0,1,0,2,3,2,3,1,0,1,0,1,0,2,3,1,0,1,0,1,0,1,0,1,0,1,0,4,6,2,3,3,4,3,4,3,4,4,5,2,2,4,4,2,4,4,4,4,4,3,5,4,4,4,17,1,5,1,2,0,7,6,3,4,3,4,4,3,4,4,5,5,4,3,4,3,4,3,4,3,2,3,3,4,3,4,4,5,5,5,5,4,4,4,4,2,2,2,2,2,2,2,2,2,1,3,3,3,3,2,8,5,5,6,6,6,6,4,4,2,49,5,1,1,1,40,12000,5000,0,301106,의사 안구 건강 관심,의학
34370,3,3,3,2,2,2,3,3,3,3,3,3,1,0,3,3,3,3,4,4,3,3,3,3,3,3,1,0,4,4,3,3,3,3,4,4,1,0,5,2,3,3,4,3,3,3,1,0,2,2,1,0,2,2,1,0,2,2,2,2,1,0,1,0,2,2,1,0,2,2,1,0,3,3,1,0,2,2,3,3,4,4,4,5,3,2,3,2,4,2,5,2,2,2,2,5,2,2,1,2,4,7,4,1,2,2,0,7,1,2,1,1,2,2,1,2,9,9,9,2,3,2,2,3,3,3,2,4,3,4,2,4,2,3,2,2,3,4,4,2,5,5,2,2,2,2,2,2,2,2,2,1,3,2,2,2,2,9,9,9,8,8,8,7,7,8,2,65,1,2,6,1,55,0,0,2500,615501,생계 위해 직업,0
34371,3,3,3,4,3,2,4,3,1,0,1,0,2,3,3,4,2,3,3,2,1,0,1,0,4,3,3,2,2,3,3,3,1,0,1,0,3,2,4,3,3,2,3,3,2,3,3,4,2,3,1,0,1,0,1,0,3,3,2,2,1,0,3,2,2,2,1,0,1,0,1,0,1,0,4,4,3,3,3,2,3,3,2,2,4,4,3,2,3,3,4,4,3,3,3,3,4,2,2,2,3,1,4,1,1,2,0,4,2,3,3,4,4,4,4,4,4,3,3,3,4,3,3,3,3,2,4,4,3,3,4,3,3,2,2,2,2,3,3,3,4,4,2,2,2,2,2,2,2,2,2,3,1,2,2,2,1,8,8,8,5,5,5,8,6,3,1,50,2,2,6,1,40,0,0,4300,901401,원예기능사 기피 직업 육체 직업 일자리 감소,인문계
34372,3,4,2,3,3,5,4,5,1,0,2,2,1,0,1,0,3,4,2,3,2,2,1,0,2,3,2,3,2,3,2,3,2,2,1,0,2,2,2,2,2,2,1,0,2,3,1,0,1,0,1,0,1,0,1,0,1,0,1,0,1,0,1,0,1,0,1,0,1,0,1,0,1,0,1,0,1,0,3,4,1,0,1,0,2,3,2,2,4,2,3,3,3,3,2,4,2,2,3,3,3,13,1,6,2,2,0,4,2,3,3,3,3,3,4,4,3,3,3,3,3,2,3,2,2,2,2,3,3,4,3,4,3,4,4,4,3,4,3,3,3,3,2,2,2,2,2,2,2,2,2,1,4,3,3,3,1,6,6,6,4,4,5,4,5,5,2,30,4,1,1,1,50,3500,3000,0,416301,매체 변화,영어영문
34373,3,4,2,3,2,4,3,3,3,3,3,3,2,2,2,3,3,3,2,3,4,5,4,6,4,6,2,2,3,2,3,4,2,2,3,3,3,2,4,5,4,5,3,4,4,5,2,2,3,3,1,0,5,7,4,6,5,7,5,7,2,2,3,6,5,7,5,7,5,7,5,7,2,2,2,3,2,2,3,2,2,2,2,2,3,2,2,2,4,3,3,3,4,3,3,4,3,4,3,3,3,3,1,3,1,2,0,3,5,3,3,3,4,4,3,4,3,3,3,3,4,3,4,3,3,4,3,4,4,4,3,3,4,3,3,4,3,3,3,2,4,3,2,2,2,2,2,2,2,2,2,4,1,2,3,2,2,7,8,3,3,4,2,4,4,4,1,38,4,1,1,1,45,3800,3100,0,835101,전기산업기사 로봇 기계로 자동화 인간 역할 감소,기계
34374,4,6,4,6,5,7,3,4,4,6,2,3,2,2,4,5,2,3,1,0,1,0,2,3,1,0,2,3,1,0,1,0,3,4,1,0,2,3,1,0,1,0,2,3,1,0,1,0,1,0,2,2,4,5,1,0,1,0,1,0,4,5,1,0,1,0,1,0,1,0,1,0,1,0,1,0,1,0,1,0,1,0,1,0,1,0,1,0,4,4,4,3,3,5,4,2,3,3,4,4,2,17,3,4,1,2,0,2,4,4,3,3,4,4,4,3,4,4,4,4,2,3,2,4,4,3,4,4,4,4,4,4,4,5,4,4,5,4,4,3,5,4,2,2,2,2,2,2,2,2,2,2,3,2,2,3,2,8,7,5,2,4,4,7,7,5,1,42,3,1,1,1,40,3500,2500,0,307401,의무기록사 변동,병원행정학
34375,3,4,2,4,2,3,4,5,1,0,1,0,3,4,2,3,3,3,3,3,2,3,3,3,2,3,4,5,3,4,3,4,2,3,2,3,2,4,3,5,3,4,4,5,4,5,2,3,2,3,2,2,1,0,1,0,1,0,1,0,1,0,1,0,2,3,1,0,1,0,1,0,1,0,2,2,1,0,3,4,1,0,1,0,3,3,5,5,4,3,3,3,3,3,5,3,3,3,4,3,4,18,4,3,2,2,0,7,4,4,4,4,5,4,3,3,3,4,4,4,2,4,4,3,4,4,3,3,5,4,3,4,4,4,3,4,4,4,4,4,4,5,2,2,2,2,2,2,2,2,2,1,3,2,2,2,2,7,5,3,4,1,7,9,7,1,1,49,5,1,4,2,35,2600,1300,0,414602,경제 상황 유지 전망,성악
34376,4,4,4,4,3,4,2,4,3,4,2,4,5,4,4,4,2,2,3,4,3,4,3,2,2,3,5,4,4,3,2,2,2,2,2,2,1,0,5,5,3,2,4,3,2,2,1,0,1,0,1,0,1,0,1,0,1,0,1,0,4,4,3,3,1,0,1,0,1,0,1,0,4,4,1,0,1,0,1,0,2,4,1,0,1,0,1,0,4,3,4,2,3,3,3,3,3,4,5,3,3,18,1,2,1,2,0,2,4,3,2,1,4,4,4,2,2,2,4,3,2,1,2,2,3,2,3,2,2,4,2,5,4,3,3,3,3,2,3,3,3,2,2,2,2,1,2,2,1,2,1,1,1,2,2,2,1,6,6,5,3,2,5,3,3,4,2,32,3,1,1,1,40,2600,2400,0,521101,국내여행안내사 관광통역안내사 코로나 영향 구조조정 진행 코로나 영향,관광경영학
34377,4,5,4,5,4,5,5,6,3,4,4,4,4,4,4,4,3,4,4,4,4,5,4,5,2,2,4,5,4,5,3,4,4,5,4,4,4,4,3,3,4,4,5,6,4,5,4,5,4,5,4,5,4,5,3,3,4,5,2,2,3,3,2,2,2,2,1,0,2,2,2,2,3,3,2,2,2,2,2,2,2,2,2,2,2,2,2,2,4,3,3,3,4,4,4,3,3,4,4,3,4,16,5,5,2,1,2,3,7,4,4,4,4,4,4,3,4,3,3,3,2,3,4,4,3,2,2,3,4,4,5,3,2,3,4,4,3,3,4,4,4,3,2,1,2,1,1,1,1,2,2,1,3,2,2,3,1,3,3,3,4,5,5,6,4,6,1,55,6,1,3,1,52,9000,7000,0,13204,학교 운영관리 교육 프로그램 도입 교육 기관 변화 유지,사회학
34378,2,3,2,4,2,3,2,3,2,3,3,3,3,3,3,3,3,4,2,3,2,4,2,3,2,3,2,3,2,4,3,3,3,3,3,4,4,4,3,4,2,3,2,4,2,3,2,4,3,3,3,4,4,4,4,4,3,4,3,4,2,3,3,3,2,3,4,4,3,5,3,3,2,3,3,3,3,3,2,4,2,2,3,3,4,4,4,4,4,3,3,4,3,4,4,4,3,4,4,3,4,17,1,2,1,2,0,3,4,3,3,4,3,2,2,4,5,4,4,4,4,3,3,2,4,3,3,4,4,4,4,4,5,4,4,3,4,4,3,4,4,3,2,2,2,2,2,2,2,2,2,3,3,3,3,3,2,3,6,7,4,3,5,7,3,6,2,40,3,1,1,1,40,3000,2000,0,306901,언어치료사 언어치료 기계 대신,간호학
34379,2,2,3,5,2,3,3,2,1,0,1,0,1,0,3,3,3,4,5,5,1,0,1,0,4,2,1,0,1,0,1,0,2,2,2,3,1,0,4,4,2,2,3,2,2,2,2,2,3,4,1,0,1,0,1,0,4,5,1,0,1,0,1,0,3,4,4,4,4,4,4,3,1,0,3,3,3,4,4,3,3,2,3,2,4,3,4,4,4,3,5,3,3,1,2,5,3,3,1,3,5,8,4,1,1,2,0,7,1,3,2,1,4,3,2,2,9,9,9,3,2,4,3,4,4,4,3,4,3,4,2,4,4,3,2,3,4,4,3,3,5,3,2,2,2,2,2,2,2,2,2,1,2,2,2,2,2,5,6,5,9,5,8,6,4,4,1,59,1,2,6,1,40,0,0,3200,622304,1종대형먼허 운영 경비 증가 수입 감소 예상,0
34380,3,3,3,4,3,3,2,2,2,2,4,5,4,5,4,5,4,5,5,6,4,5,4,5,4,6,4,5,4,5,4,5,4,5,4,5,4,5,4,5,4,5,5,6,4,5,1,0,4,5,3,4,4,5,5,6,4,6,4,6,4,6,4,6,4,6,4,5,5,7,5,6,5,6,5,6,4,6,5,6,4,6,4,6,4,6,3,4,4,3,2,3,2,1,4,4,4,3,2,3,3,13,1,5,1,1,5,7,5,3,3,3,4,4,4,4,3,3,4,3,4,3,3,4,3,4,3,2,3,3,3,4,3,2,3,3,2,3,4,3,3,4,1,2,1,1,2,2,2,2,2,2,2,2,2,2,1,8,7,6,3,4,2,7,2,3,1,32,4,1,1,1,43,5000,4350,0,151105,항공정비기능사 항공기 제작 정비 수리 부품 교체 교육 도입 컴퓨터 시스템 도입 코로나 항공기 수요 감소,항공기계
34381,5,4,4,4,2,2,3,2,4,4,2,3,2,3,2,2,4,3,3,3,1,0,4,4,4,4,2,3,4,3,4,3,2,3,4,4,4,4,4,5,4,4,4,3,4,3,4,5,4,3,4,5,4,4,4,5,4,5,4,3,2,2,4,2,4,4,4,4,4,4,4,3,2,3,4,3,4,4,2,3,4,6,4,4,4,2,3,4,4,3,3,3,4,2,2,4,3,4,4,4,4,6,4,1,1,1,2,6,1,4,3,3,4,4,3,3,9,9,3,3,2,4,4,4,4,3,4,2,3,3,2,4,4,4,3,4,4,4,4,3,4,4,1,1,1,1,1,1,2,2,2,3,2,2,2,2,2,7,7,7,3,3,7,3,7,3,1,56,4,1,4,2,40,4800,2400,0,701602,문화재수리기능자 전통건축구조이해 시공기술 현대 개량 등장 프리 장비 도입 치목 자동화 경향 건축 재료 등장 전통 시장 축소,국어국문학
34382,3,4,3,5,3,4,4,6,2,3,2,3,2,3,2,3,4,5,1,0,1,0,4,6,3,5,2,3,4,5,2,3,2,3,2,3,5,6,2,3,2,3,3,4,1,0,1,0,1,0,1,0,1,0,1,0,1,0,1,0,2,3,1,0,2,3,1,0,1,0,1,0,3,4,1,0,1,0,2,3,1,0,1,0,2,3,2,3,3,3,4,3,4,4,3,4,4,3,4,3,3,16,5,2,1,2,0,1,5,4,4,3,3,4,3,4,4,3,4,5,3,4,3,3,3,4,3,2,3,3,3,4,3,2,3,3,4,3,2,3,3,4,2,2,2,2,2,2,2,2,2,2,3,2,2,3,1,2,3,3,4,5,6,4,5,6,2,36,4,1,1,1,40,4490,3500,0,214101,테슬 수요 공급 상태,영문학
34383,5,7,4,6,4,6,4,6,4,6,3,5,3,5,2,3,2,3,1,0,2,3,3,4,4,4,4,6,4,5,2,3,3,4,3,4,4,6,3,4,4,5,4,5,4,5,3,4,3,4,3,4,4,6,3,4,3,4,1,0,3,5,3,4,2,3,2,3,1,0,2,2,1,0,2,2,2,2,3,3,2,4,2,2,3,3,2,4,4,4,3,4,4,2,4,3,4,4,4,5,4,3,1,2,2,2,0,5,5,4,4,3,4,4,3,4,3,3,4,3,3,3,2,4,3,3,4,4,3,3,4,2,3,2,3,4,4,3,3,2,4,3,2,2,2,2,2,2,2,1,1,2,4,1,2,1,1,3,4,4,5,4,4,4,6,5,2,46,5,1,1,1,40,5500,3700,0,154105,프로젝트 관리 스트레스 가중 코로나 개발 활성화,화학
34384,4,4,4,6,4,5,4,4,4,5,3,5,4,5,3,5,4,5,4,4,4,4,3,5,4,5,3,5,4,5,4,4,3,5,3,4,4,4,4,5,3,4,4,4,4,4,4,5,4,4,4,4,3,4,4,4,3,5,3,5,3,3,4,5,3,4,4,4,4,5,4,4,4,4,3,5,3,5,4,4,4,4,4,4,4,4,4,5,4,3,4,4,3,4,4,3,4,4,4,3,4,6,2,3,1,2,0,2,5,4,3,4,5,4,4,5,4,5,5,4,4,4,4,4,4,5,5,4,4,4,4,4,4,3,3,4,5,4,4,4,4,4,2,2,2,2,2,2,2,2,2,1,3,3,3,3,2,6,7,8,7,8,7,6,3,2,1,29,4,1,3,1,52,3000,2600,0,140206,산업안전기사 건설안전기사 환경안전기사 차이,건축
34385,3,4,3,3,2,2,2,2,1,0,1,0,1,0,3,4,2,3,1,0,1,0,4,5,3,4,2,2,2,3,2,2,2,3,1,0,1,0,3,3,2,2,2,2,3,4,1,0,3,3,1,0,2,2,1,0,3,3,4,4,3,3,1,0,3,3,4,4,4,5,3,4,3,4,5,7,3,3,3,3,2,3,1,0,4,5,3,3,2,4,3,5,4,4,4,3,3,3,4,4,3,17,1,2,1,2,0,6,5,4,5,3,4,4,3,4,9,9,4,4,1,4,4,4,3,4,4,3,4,5,3,4,4,5,4,4,5,4,3,3,4,4,2,2,1,2,2,1,2,1,2,1,3,2,2,2,2,5,5,5,7,3,5,5,8,7,1,52,6,2,5,1,46,0,0,10000,301102,의사 면허증 의술 장비 도입 숙련 요구 지금 의사 수가,의학
34386,4,4,3,4,4,5,3,4,4,5,4,4,3,4,3,5,3,4,3,4,4,4,3,4,4,4,4,5,4,5,4,4,4,5,3,4,4,5,3,4,4,4,3,4,4,5,3,4,4,5,3,4,4,5,3,4,4,5,4,5,4,5,3,5,3,5,4,4,4,4,3,4,4,5,3,4,4,5,4,4,4,4,4,4,4,4,3,4,4,4,4,3,3,4,4,4,4,3,3,4,3,6,1,1,1,2,0,6,4,4,4,3,4,3,4,4,4,3,4,4,4,3,3,4,3,3,3,4,4,3,4,4,3,3,4,4,3,3,4,4,4,4,2,2,2,2,2,2,2,2,2,2,2,3,2,3,1,7,4,5,3,4,6,6,5,7,1,52,3,2,5,1,50,0,0,4000,140306,토목시공기술사 자동화 일자리 감소,토목
34387,3,4,2,2,1,0,4,5,1,0,3,4,1,0,3,4,2,3,1,0,3,4,1,0,4,5,1,0,2,2,4,5,3,4,2,2,2,2,4,5,3,4,2,3,3,4,2,2,1,0,1,0,2,2,2,2,3,4,1,0,1,0,2,2,1,0,1,0,1,0,2,2,1,0,3,4,2,2,2,2,1,0,2,2,4,5,3,4,4,4,3,4,4,3,4,2,3,4,2,2,2,17,1,2,1,2,0,2,4,4,4,3,4,3,4,4,4,3,3,4,3,3,4,3,3,2,2,3,3,4,4,4,3,3,3,4,4,3,4,3,3,4,2,2,2,2,2,2,2,2,2,1,4,3,3,3,2,2,2,2,2,2,2,3,3,1,2,36,3,1,1,1,40,3800,2200,0,307301,안경사 자격증 시력 요인 증가 컴퓨터 스마트폰,안경광학
34388,3,4,3,4,3,4,3,4,2,3,3,4,3,4,2,3,3,3,4,5,3,4,2,3,3,4,3,4,3,4,4,6,4,5,4,5,4,5,5,7,4,5,4,5,3,4,2,3,3,4,3,4,3,4,3,3,4,5,2,3,2,3,2,3,4,5,4,5,4,5,4,5,3,3,3,3,3,3,4,5,5,6,3,4,3,4,3,3,4,5,3,3,4,2,4,3,3,3,3,5,4,15,2,4,1,1,3,3,5,5,3,3,3,4,3,3,3,4,4,4,3,4,3,4,4,3,4,2,3,3,4,4,3,3,3,3,4,4,4,3,4,4,2,2,1,1,2,1,2,2,2,2,2,3,3,3,2,7,7,7,8,7,7,7,7,7,1,44,3,1,1,1,40,6000,3000,0,240201,대형 면허 응급구조사 기관사 화재 진압 인명 구조 장비 도입 교육 증가 인공 지능 발전,사회복지학
34389,3,4,4,4,3,3,3,4,4,5,3,4,2,4,4,4,4,4,3,4,4,5,4,4,3,4,3,4,4,4,3,5,3,5,3,5,4,5,3,4,3,4,2,4,3,4,3,4,3,4,3,3,3,4,4,5,2,4,4,5,3,4,3,4,3,4,2,3,3,4,3,4,3,4,3,3,3,4,3,3,3,4,2,4,2,4,3,4,4,3,2,4,4,4,3,4,4,4,3,2,2,19,1,2,2,1,1,2,3,3,3,3,4,3,3,4,4,4,4,4,4,3,3,3,4,3,3,3,3,3,3,4,3,3,4,4,3,4,3,3,4,3,2,2,2,2,2,2,2,2,2,2,2,2,2,2,2,7,7,6,6,6,5,6,6,6,2,28,3,1,1,1,40,2300,2000,0,512102,예산잡기 결혼 인구,이벤트학
34390,1,0,1,0,1,0,1,0,1,0,2,3,1,0,3,4,3,4,1,0,1,0,1,0,3,6,1,0,1,0,1,0,1,0,1,0,1,0,1,0,2,3,1,0,1,0,1,0,1,0,1,0,1,0,2,3,2,3,1,0,1,0,2,3,4,5,4,5,1,0,3,4,1,0,2,3,3,4,1,0,4,5,2,3,2,3,2,3,3,3,2,3,4,2,3,3,4,3,3,2,3,13,1,2,1,2,0,7,5,3,4,3,4,3,3,3,3,4,3,3,2,3,4,3,4,3,3,3,3,4,4,4,3,3,4,3,4,3,3,3,4,4,2,2,2,2,2,2,2,2,2,2,3,3,3,3,2,3,4,6,4,6,7,3,4,4,2,27,3,1,1,1,40,3040,2982,0,158501,비파괴검사기술사 안전 위해 파괴 기술자 고용 유지,기계공학
34391,3,4,4,5,3,4,4,4,2,3,4,5,1,0,5,5,4,4,5,5,4,4,3,4,4,5,3,4,4,5,4,5,4,5,3,4,3,4,2,3,3,5,4,5,5,5,1,0,3,3,3,4,2,4,1,0,2,3,1,0,4,4,3,3,3,3,2,3,2,2,1,0,2,3,1,0,1,0,1,0,1,0,2,3,4,3,3,3,4,4,2,3,3,2,5,4,2,2,4,5,4,15,2,4,2,2,0,7,4,3,3,2,4,4,1,3,3,3,3,3,3,3,2,3,3,2,4,4,4,3,4,4,3,3,4,3,2,4,4,2,5,4,2,2,2,2,2,2,2,2,2,2,4,3,3,3,2,6,8,6,8,8,8,7,5,3,1,36,4,1,1,1,40,4200,2800,0,240301,사회 범죄 교도관 인력 수요 증가 것이므,법학
34392,1,0,3,6,1,0,1,0,1,0,2,2,2,1,2,1,2,1,3,3,2,2,1,0,2,1,1,0,2,1,3,2,1,0,1,0,1,0,2,2,3,3,3,3,4,4,1,0,3,3,3,3,2,2,1,0,2,2,2,1,1,0,1,0,1,0,3,4,2,3,4,4,4,5,4,4,3,3,4,5,5,6,4,5,4,5,4,4,3,3,2,2,2,1,3,3,2,3,2,3,2,6,1,2,2,2,0,3,2,2,1,1,3,2,2,2,2,2,2,2,4,1,1,3,2,2,1,3,2,4,3,4,2,2,2,2,1,5,2,2,4,2,2,2,2,2,2,2,2,2,2,1,3,2,2,2,2,7,7,7,3,3,3,5,5,5,1,45,2,1,3,1,50,3400,2600,0,702101,건설 현장 수요 사람 작업,기계
34393,2,2,3,4,2,1,2,2,2,2,2,2,2,2,2,1,3,3,2,1,2,1,3,3,3,3,2,2,3,4,3,3,2,2,2,1,4,5,4,5,4,5,3,4,3,3,2,2,2,2,2,2,2,1,2,1,2,3,2,2,2,1,3,3,2,1,2,3,3,4,2,3,3,4,3,4,3,4,2,2,2,3,3,4,2,3,2,2,2,2,2,3,2,2,2,3,2,2,2,1,2,9,1,3,1,2,0,7,2,3,3,2,3,3,2,2,3,3,2,3,2,3,3,3,2,3,3,2,3,2,4,3,2,3,2,2,3,3,2,2,3,4,2,2,2,2,2,2,2,2,2,1,3,1,2,3,1,6,8,7,6,3,4,4,4,3,1,50,3,1,1,1,55,3700,2100,0,531101,조리기능 자격증 고기 정도 기계 대체,식품조리
34394,4,6,1,0,5,6,5,6,1,0,5,6,4,6,1,0,2,4,2,2,5,6,1,0,1,0,2,2,1,0,4,5,3,4,3,4,1,0,3,4,1,0,1,0,1,0,1,0,4,5,5,6,4,4,2,3,1,0,2,3,4,6,4,5,4,5,2,3,1,0,2,3,4,6,1,0,1,0,1,0,1,0,2,3,4,5,1,0,4,5,4,5,1,2,3,4,4,5,3,4,5,18,1,5,2,2,0,4,4,3,3,3,4,3,3,3,5,9,5,4,4,4,4,4,4,3,5,3,2,1,2,4,3,2,2,3,4,3,3,2,2,2,2,2,1,1,2,2,1,1,2,3,2,2,2,2,1,7,6,8,6,4,2,8,7,5,1,57,4,1,1,1,48,9000,6500,0,416104,재교육 훈련 기술 도입 적응 훈련 기계화 일거리 감소,광고학
34395,5,6,3,4,2,2,3,3,5,6,4,5,4,5,3,4,4,5,3,4,3,4,4,4,4,4,2,2,3,3,3,3,2,3,2,3,2,2,2,3,2,2,2,2,2,3,2,3,3,3,2,3,2,3,4,5,3,4,3,4,5,6,4,5,4,4,3,4,3,4,4,4,4,5,3,3,2,3,3,3,2,3,2,3,2,2,2,2,4,4,4,3,4,3,3,4,3,3,4,3,4,3,1,3,1,2,0,5,5,3,3,3,3,3,3,4,4,4,3,4,3,3,4,4,3,3,4,4,3,3,4,4,4,4,4,3,4,5,4,4,4,3,2,2,2,2,2,2,2,2,2,3,3,3,3,3,2,4,5,5,6,5,5,6,5,5,1,40,4,1,1,1,40,5400,3000,0,134301,컴퓨터활용능력1급 변화,전산
34396,2,2,2,3,2,2,2,3,2,1,2,2,2,1,2,2,2,3,2,2,2,3,2,3,2,3,2,2,2,3,2,3,2,2,2,1,2,1,2,3,2,3,2,3,2,2,2,2,2,1,2,1,2,1,2,2,2,1,2,2,2,1,2,2,2,1,2,1,2,3,2,2,2,2,2,2,2,3,2,2,2,3,2,3,2,2,2,2,3,4,5,3,4,5,5,3,3,3,3,3,5,14,1,2,1,2,0,7,2,3,4,4,4,4,4,3,9,9,3,3,2,4,4,4,4,3,4,3,4,3,3,3,4,3,4,3,3,5,3,3,5,4,2,2,2,2,2,2,2,2,2,1,3,1,3,3,2,6,6,7,4,4,4,4,4,6,1,62,2,1,1,1,56,2500,2000,0,542001,경비신임교육 보안 강화,문과
34397,4,4,4,4,3,4,4,2,4,6,3,3,4,4,4,4,4,4,3,2,3,6,3,4,4,3,4,6,3,3,4,3,4,3,4,5,4,4,4,5,3,5,4,4,3,5,3,3,3,3,3,5,3,5,3,4,4,5,4,5,3,5,3,3,3,5,3,5,4,4,3,5,3,5,3,5,3,4,2,3,3,5,4,4,3,4,4,4,4,4,3,3,3,3,3,3,4,3,2,3,3,3,1,2,2,2,0,6,4,4,4,3,4,4,4,3,4,2,5,4,3,3,3,4,3,4,3,2,2,3,3,5,4,3,4,4,4,4,3,3,3,4,1,2,2,2,2,2,2,1,1,2,2,3,2,2,1,3,6,4,6,5,5,6,3,6,1,77,2,2,5,1,52,0,0,8000,885902,포장 발달 포장 시스템 개발 변화,이과
34398,4,5,2,2,1,0,3,3,3,3,2,3,2,2,2,2,2,3,1,0,2,2,3,3,3,3,1,0,1,0,1,0,2,3,1,0,2,2,3,3,3,3,2,1,2,2,1,0,4,4,1,0,4,5,2,3,4,5,4,5,2,1,2,2,3,3,4,4,4,5,5,7,2,1,5,6,4,6,3,4,4,5,4,6,4,6,4,6,3,4,4,3,4,2,4,3,2,4,3,4,4,8,1,2,1,1,1,4,4,3,3,3,4,3,3,3,3,4,4,4,3,3,3,3,4,3,3,2,4,4,3,4,3,3,3,3,3,3,3,2,4,3,2,1,2,2,2,2,2,2,2,1,4,2,2,2,2,6,5,5,5,5,5,7,6,4,1,28,4,1,1,1,40,2500,2300,0,812101,항공정비사 정비용어이해 컴퓨터 프로그램 업데이트 항공기 증가,항공정비
34399,1,0,3,2,2,2,2,2,2,1,1,0,1,0,3,2,5,2,3,3,1,0,1,0,1,0,1,0,2,2,5,1,2,2,2,1,1,0,4,3,2,3,2,1,2,4,1,0,1,0,1,0,1,0,1,0,1,0,1,0,1,0,1,0,1,0,1,0,1,0,1,0,1,0,2,1,2,2,4,4,4,4,4,5,4,4,3,5,2,1,1,2,1,3,2,1,3,2,2,3,1,9,1,1,2,2,0,7,1,2,2,1,3,2,1,2,2,2,3,2,4,2,2,3,3,3,2,4,4,3,2,5,1,4,3,2,4,5,2,2,5,2,2,2,2,2,2,2,2,2,2,1,1,2,2,2,1,8,8,7,7,6,3,2,3,5,2,52,2,1,2,2,30,1900,1800,0,532201,고객 직접 주문 음식 셀프 배식,상고
34400,4,5,5,7,4,4,3,7,4,4,3,3,1,0,2,3,4,5,1,0,4,5,3,3,5,6,3,3,1,0,4,5,4,5,3,3,4,5,5,6,3,3,3,3,3,5,1,0,1,0,1,0,1,0,1,0,1,0,1,0,5,7,1,0,1,0,1,0,1,0,1,0,1,0,2,3,2,4,3,4,2,4,3,3,3,5,3,5,4,4,3,4,5,3,4,5,4,4,5,5,4,8,1,4,2,2,0,7,5,4,3,3,5,4,4,4,4,5,4,4,2,3,4,3,4,4,3,3,2,3,3,3,4,4,4,5,4,5,5,3,4,4,2,2,2,2,2,2,2,2,2,2,4,2,2,2,1,8,7,8,6,3,4,3,4,3,1,32,4,1,1,1,40,4000,3000,0,28203,가족 단위 여행객 증가,경제학
34401,3,3,3,3,2,1,3,4,1,0,1,0,1,0,3,4,2,3,4,4,2,1,1,0,2,1,1,0,2,2,3,3,1,0,1,0,1,0,4,4,2,2,2,2,2,1,1,0,1,0,1,0,1,0,1,0,1,0,1,0,1,0,1,0,1,0,1,0,1,0,1,0,1,0,1,0,2,2,3,3,3,3,2,2,3,3,3,3,2,3,3,2,1,2,3,1,3,2,3,2,2,9,1,3,2,2,0,7,4,2,1,1,2,2,2,2,9,9,9,2,4,2,3,3,3,2,2,2,3,4,3,4,3,2,2,2,3,3,3,3,4,4,2,2,2,2,2,2,2,2,2,1,2,2,2,2,2,6,5,6,7,6,7,5,5,5,1,45,2,1,1,1,44,3500,2500,0,523001,자동화 작업,문과
34402,2,3,2,2,1,0,2,1,2,1,1,0,1,0,2,1,2,1,2,2,1,0,1,0,2,2,1,0,1,0,2,4,2,2,1,0,2,3,1,0,1,0,2,2,1,0,1,0,2,1,1,0,2,4,2,5,4,5,3,3,1,0,2,3,3,3,3,3,3,3,2,3,3,3,2,2,3,3,3,4,4,5,3,3,4,4,2,3,2,2,2,1,1,2,2,3,3,2,1,3,2,3,1,2,2,2,0,7,1,3,2,2,3,3,3,2,2,3,3,3,4,2,3,3,3,2,1,3,2,4,2,5,3,3,3,4,3,5,3,2,4,3,2,2,2,2,2,2,2,2,2,2,2,3,3,3,2,6,6,5,4,5,5,6,5,5,1,33,4,1,1,1,40,3500,2500,0,823101,해외 공장 전등 인력 수요 감소,산업기계공학
34403,1,0,2,3,1,0,2,2,3,3,1,0,1,0,2,3,2,3,1,0,1,0,1,0,3,4,1,0,3,3,3,4,1,0,1,0,1,0,2,2,1,0,2,2,3,3,1,0,1,0,1,0,1,0,1,0,4,3,1,0,1,0,1,0,3,3,3,3,1,0,2,2,1,0,2,3,3,3,2,3,2,3,2,2,2,3,2,3,2,3,3,2,1,2,1,4,2,1,2,2,2,7,4,1,1,2,0,7,1,3,2,2,2,2,2,2,1,3,3,2,3,2,2,2,3,3,2,4,3,4,4,3,3,3,4,3,4,4,3,2,5,2,2,2,2,2,2,2,2,2,2,1,3,3,1,3,2,6,8,9,8,9,8,9,3,2,1,32,2,1,4,1,48,3500,2000,0,532401,오토바이운전면허 외식 문화 발달 때문,공고
34404,2,1,2,2,1,0,2,2,2,3,1,0,1,0,3,4,2,2,2,2,1,0,1,0,2,2,1,0,2,3,2,2,2,3,4,5,1,0,3,4,2,2,3,3,2,2,3,4,3,4,2,2,3,4,2,2,2,2,2,2,2,2,4,4,2,2,3,5,1,0,2,2,1,0,3,3,3,4,4,4,3,4,3,3,2,2,1,0,4,4,4,3,4,4,3,4,3,4,4,3,4,1,1,1,2,2,0,3,3,3,2,3,4,3,4,3,3,3,4,4,3,2,3,3,3,4,4,3,4,3,4,4,3,3,4,4,3,4,4,3,4,4,2,2,2,2,2,2,2,2,2,2,2,3,3,3,2,6,6,5,5,6,6,6,5,6,1,40,3,2,5,1,40,0,0,4000,901101,수입 감소,농업
34405,4,5,3,4,4,4,1,0,1,0,2,3,1,0,4,4,2,3,1,0,1,0,1,0,1,0,4,4,2,3,1,0,1,0,1,0,1,0,1,0,1,0,4,3,2,3,1,0,1,0,3,4,1,0,1,0,1,0,1,0,3,4,1,0,1,0,1,0,1,0,1,0,1,0,1,0,1,0,1,0,1,0,1,0,1,0,1,0,4,3,3,3,4,4,3,3,4,3,3,2,3,15,2,3,2,2,0,7,5,4,3,3,4,4,3,3,3,3,4,3,3,3,4,3,3,2,2,3,3,3,3,3,3,4,3,3,3,3,4,3,3,3,2,2,2,2,2,2,2,2,2,1,3,2,3,3,1,3,3,5,6,5,7,4,7,7,1,34,4,1,1,1,40,3970,3650,0,26401,일정 규모 기업체 인력,법학
34406,2,2,3,3,2,2,1,0,1,0,3,3,1,0,1,0,2,2,3,3,4,4,3,3,2,2,2,2,3,3,1,0,1,0,1,0,5,6,1,0,1,0,1,0,1,0,3,3,1,0,3,3,2,1,3,3,3,3,1,0,2,2,1,0,3,3,2,2,1,0,1,0,3,3,3,3,3,3,1,0,1,0,2,2,3,4,2,2,2,3,4,3,4,4,3,4,3,4,4,3,2,10,1,4,2,2,0,3,4,3,3,3,5,4,3,3,3,4,4,3,1,4,4,4,1,2,3,1,4,3,5,4,4,4,3,3,2,4,1,3,4,4,2,1,2,2,2,2,2,2,2,3,4,3,3,3,1,7,7,7,5,5,5,5,5,5,1,31,4,1,1,1,48,2800,2400,0,415502,그래픽 프로그램 도입 패드 컴퓨터 기기 사용 증가 기기 발전 게임 유저 증가,컴퓨터공학
34407,4,5,4,4,3,5,4,6,3,3,5,6,4,5,4,5,3,4,3,5,4,2,4,5,3,3,4,5,4,4,4,4,5,6,4,4,3,3,4,6,4,4,4,4,3,3,3,3,3,3,3,3,2,3,2,3,1,0,1,0,2,3,1,0,1,0,1,0,1,0,1,0,4,5,1,0,2,2,3,3,3,3,2,2,2,2,2,3,5,5,2,2,3,2,4,2,3,4,3,3,4,17,3,2,1,2,0,7,4,3,2,1,4,3,2,2,3,4,5,3,3,4,3,3,2,3,4,3,5,3,3,3,3,4,2,3,4,4,3,2,4,4,2,2,2,2,2,2,2,2,2,1,3,3,3,3,2,6,5,6,3,4,5,6,7,6,2,37,4,1,1,1,40,2700,2200,0,231501,사회복지사 사회 분야 대한 관심사,사회복지학
34408,2,3,3,4,2,3,3,5,3,5,3,4,3,5,3,5,3,5,3,5,3,4,3,4,3,5,3,4,3,4,3,5,3,4,3,5,3,5,3,4,3,5,3,5,3,4,3,4,3,5,3,5,3,4,3,5,3,5,3,5,3,4,3,4,3,5,3,5,3,5,3,5,3,4,3,5,3,4,3,4,3,5,3,4,3,4,3,4,4,4,4,4,4,2,4,2,2,4,4,4,4,6,1,2,2,2,0,6,4,3,4,4,4,4,4,4,4,4,4,4,3,3,3,4,4,4,4,2,4,4,3,4,4,3,4,3,3,4,4,4,4,4,2,2,2,2,2,2,2,2,2,1,2,3,3,3,2,5,5,5,5,8,5,5,5,5,1,48,1,1,1,1,48,3400,2800,0,701501,인구 감소 용량 감소,0
34409,2,2,3,2,1,0,1,0,1,0,1,0,1,0,3,3,2,3,2,2,1,0,2,2,5,3,1,0,1,0,2,2,1,0,1,0,2,3,1,0,1,0,1,0,1,0,1,0,1,0,1,0,2,1,2,1,4,4,4,3,2,2,2,1,4,3,4,4,5,4,5,5,1,0,3,3,5,3,4,4,5,5,4,4,3,3,2,2,2,3,1,3,1,1,3,3,3,2,2,3,2,3,1,2,1,2,0,7,3,3,3,2,3,3,3,3,3,3,3,3,2,3,4,4,3,3,3,3,4,3,4,4,2,3,2,3,2,4,3,3,5,4,2,2,2,2,2,2,2,2,2,2,4,3,3,1,2,9,7,7,5,8,7,6,3,3,1,29,3,1,1,1,40,2800,2800,0,853201,폐기물처리산업기사 환경문제 대한 의식 변화 재활용 시설 확충,환경공학
34410,1,0,2,3,1,0,2,3,1,0,1,0,3,4,1,0,2,3,1,0,1,0,1,0,2,3,1,0,2,3,1,0,1,0,1,0,1,0,1,0,2,3,1,0,3,4,1,0,1,0,1,0,1,0,1,0,1,0,1,0,1,0,1,0,1,0,1,0,1,0,1,0,1,0,4,5,3,4,1,0,2,3,2,3,3,4,2,3,4,3,3,3,3,2,2,3,3,3,4,3,3,18,1,2,2,2,0,7,2,3,3,2,4,4,4,2,3,3,3,3,2,3,3,3,4,3,3,2,3,3,3,3,4,4,3,3,3,4,3,3,3,4,2,2,2,2,2,2,2,2,2,1,3,2,2,2,1,6,6,7,4,4,5,6,4,4,2,26,2,1,3,2,32,1900,1900,0,511302,미용 관심,인문계(문과)
34411,2,3,3,5,2,3,2,3,3,4,3,5,2,3,2,3,3,4,2,3,3,4,2,3,2,3,2,3,3,5,2,3,2,3,3,4,3,4,2,3,2,3,2,3,2,3,3,4,3,5,3,4,2,3,2,3,2,3,3,5,2,3,3,4,2,3,2,3,3,4,3,5,2,3,2,3,2,3,3,4,2,3,2,3,2,3,3,4,3,4,3,3,3,2,4,3,2,3,3,3,3,3,1,2,2,2,0,5,4,3,3,3,4,3,2,4,3,3,3,3,4,3,2,4,4,3,3,2,3,3,3,4,3,3,3,4,2,4,3,3,4,3,2,2,2,2,2,2,2,2,2,1,3,3,3,3,2,5,5,5,8,5,6,5,5,5,1,41,3,1,1,1,48,3800,2600,0,813101,변화,기계
34412,5,7,5,7,4,6,4,6,4,6,4,6,4,4,4,5,4,5,3,3,4,5,4,6,3,3,3,3,4,5,3,5,3,4,3,4,4,6,4,6,4,6,3,4,2,2,2,2,1,0,3,4,1,0,1,0,1,0,1,0,2,4,2,2,2,2,1,0,1,0,1,0,2,3,1,0,1,0,1,0,1,0,1,0,1,0,1,0,4,4,4,3,4,4,4,4,4,4,5,4,4,16,5,5,1,2,0,5,7,3,4,4,5,5,2,3,3,4,3,3,2,5,5,4,5,4,5,2,4,4,4,4,4,4,4,3,4,4,3,4,4,4,2,2,2,2,2,2,2,2,2,2,3,3,3,3,1,4,3,4,4,3,4,6,5,5,2,57,6,1,1,1,52,6500,6300,0,110104,교육학 박사 학위 출산 교육인 점점,교육학
34413,1,0,1,0,1,0,1,0,1,0,1,0,1,0,1,0,1,0,1,0,1,0,2,3,1,0,1,0,1,0,1,0,1,0,1,0,2,3,2,3,2,3,1,0,2,3,1,0,1,0,1,0,1,0,1,0,2,3,2,3,1,0,1,0,3,4,3,4,4,5,3,4,1,0,2,3,3,3,2,3,3,4,1,0,2,3,1,0,3,3,3,3,4,2,3,3,3,4,4,3,3,14,1,6,1,2,0,7,2,4,3,3,3,3,3,4,3,3,3,3,3,3,3,3,4,3,3,3,3,4,3,3,2,3,3,3,4,4,3,2,3,4,2,2,2,2,2,2,2,2,2,1,3,2,2,3,1,6,6,4,6,4,6,6,5,6,1,48,4,1,1,1,40,3780,2800,0,834001,전기기능사 요구 인력 지속,기계학
34414,2,3,5,3,2,2,3,2,1,0,3,5,2,4,1,0,3,2,2,2,1,0,1,0,1,0,3,4,4,4,5,5,4,4,2,2,1,0,3,5,2,1,4,5,2,1,2,1,2,1,2,2,1,0,1,0,2,1,1,0,1,0,2,1,2,2,2,1,1,0,1,0,1,0,1,0,2,1,1,0,2,2,1,0,3,2,3,2,3,2,3,4,2,4,4,2,3,1,4,1,3,19,1,2,2,2,0,4,5,4,4,4,4,5,3,4,4,5,4,4,3,4,4,2,4,3,4,2,3,4,3,4,4,5,5,4,4,4,4,4,4,4,2,2,2,2,2,2,1,1,1,2,2,2,2,3,1,7,6,5,4,3,4,5,6,6,1,40,4,1,1,1,40,5600,4500,0,15101,인적 구조조정 사람 수행 업무 증가 인터넷 홈쇼핑 구매 증가,경제학
34415,2,2,3,3,1,0,5,4,1,0,1,0,4,5,1,0,4,5,2,3,1,0,1,0,3,4,1,0,4,4,4,5,1,0,1,0,1,0,1,0,1,0,1,0,2,3,1,0,1,0,1,0,1,0,1,0,1,0,1,0,1,0,1,0,1,0,1,0,1,0,1,0,1,0,1,0,1,0,1,0,3,4,2,3,2,2,2,2,3,3,1,3,4,2,2,4,2,2,2,3,3,18,4,1,2,2,0,4,1,4,3,3,3,4,4,2,9,3,3,3,2,4,4,4,4,3,3,2,3,3,3,4,4,4,4,3,4,4,3,4,4,4,2,2,2,2,2,2,2,2,2,1,3,3,3,3,2,8,8,6,3,3,5,2,2,2,1,25,3,2,6,1,40,0,0,1200,416204,기술 요인 변화 일자리,연극영화
34416,4,5,3,4,4,5,4,5,2,3,4,5,3,4,3,4,2,2,3,4,4,5,3,4,3,4,3,4,3,4,4,5,4,5,3,4,4,5,3,4,3,4,4,5,3,4,4,5,2,2,3,4,1,0,1,0,2,2,1,0,3,4,3,4,2,2,3,4,3,4,1,0,3,4,1,0,1,0,3,4,1,0,1,0,3,4,3,4,3,3,2,4,4,3,3,4,2,3,3,2,2,3,1,6,1,2,0,4,5,4,4,3,4,3,3,4,4,3,4,4,2,3,3,4,3,3,4,3,3,4,3,4,4,3,4,3,3,4,4,3,4,4,2,2,2,2,2,2,2,2,2,1,3,2,2,3,2,3,3,3,2,2,2,3,3,2,1,53,5,1,1,1,40,9000,5000,0,11201,MBA 업체 업무,경영학
34417,5,6,4,6,3,4,3,5,2,2,2,3,2,3,2,2,4,5,1,0,2,2,4,6,2,5,4,4,4,5,4,5,4,6,4,4,2,2,3,3,2,4,5,6,4,5,3,4,4,6,4,5,4,6,4,5,4,5,4,5,4,5,4,6,4,2,4,5,1,0,2,2,1,0,2,2,1,0,1,0,3,4,2,4,4,5,2,3,3,1,4,3,4,3,3,1,3,2,3,2,2,3,1,2,1,2,0,4,4,4,5,4,4,4,5,4,3,4,3,3,3,4,3,4,4,3,4,3,4,3,4,5,4,5,4,4,4,4,5,4,4,5,2,2,2,2,2,2,2,2,2,1,3,3,2,2,2,6,5,5,6,5,6,7,6,6,1,35,4,1,1,1,40,2900,2400,0,28301,ERP정보생산관리 기계화 대체 부분,경영
34418,2,4,3,3,2,3,3,3,1,0,2,3,4,5,1,0,4,6,2,3,1,0,3,3,1,0,4,4,3,4,2,4,3,4,2,4,2,4,2,3,1,0,2,3,4,3,2,3,1,0,1,0,1,0,1,0,1,0,1,0,1,0,1,0,1,0,1,0,1,0,1,0,2,3,1,0,1,0,3,3,1,0,2,2,3,3,3,4,4,3,3,4,4,2,2,3,4,3,4,3,3,18,2,3,2,2,0,1,5,4,4,4,3,4,3,2,3,4,4,4,2,4,5,3,3,2,3,3,4,3,3,3,5,5,3,3,4,4,3,3,3,4,2,2,2,2,2,2,2,2,2,1,2,2,2,3,2,8,8,6,4,4,4,7,5,4,1,32,4,1,1,1,40,3400,2500,0,414602,음악 대한 수요 감소,성악
34419,2,2,2,2,2,1,2,2,2,3,3,3,1,0,4,4,3,3,2,3,1,0,1,0,3,4,3,2,1,0,3,3,1,0,1,0,2,2,1,0,2,2,2,3,3,4,1,0,1,0,1,0,3,2,3,3,2,2,1,0,2,2,1,0,3,4,2,3,3,3,2,5,3,2,3,4,3,2,3,3,3,4,3,2,3,3,2,3,3,2,2,2,2,1,3,2,2,1,3,2,3,8,1,2,2,2,0,2,2,2,3,2,3,3,3,3,4,4,2,3,3,4,4,1,2,2,3,3,5,4,2,3,3,2,4,4,3,3,2,4,3,4,2,2,2,2,2,2,2,2,2,2,2,1,1,1,1,7,7,6,5,4,4,5,5,5,1,24,2,1,3,2,40,2300,2200,0,624401,적재 단순 종사 고용 경기 불황 감소 것임,문과
34420,5,7,5,7,4,5,5,7,2,3,3,4,4,5,2,3,4,5,3,4,3,4,4,6,5,7,4,6,2,3,3,4,2,2,1,0,3,4,1,0,1,0,1,0,5,7,1,0,1,0,2,3,1,0,1,0,1,0,1,0,2,3,1,0,1,0,1,0,1,0,1,0,1,0,1,0,1,0,3,4,1,0,1,0,5,7,5,7,3,3,3,3,4,4,4,4,3,4,3,3,3,18,1,2,2,2,0,6,4,4,4,4,4,4,3,3,3,4,4,4,2,4,4,3,2,3,2,4,4,5,2,5,4,5,5,4,3,5,4,4,5,4,2,2,2,2,2,2,2,2,2,2,3,2,2,2,1,3,3,3,2,2,5,2,2,3,2,26,3,1,1,1,40,2800,2800,0,416205,방송 프로그램 증가,방송연예
34421,3,4,3,5,2,3,3,5,2,3,3,4,4,6,3,4,2,3,3,5,2,3,3,4,4,6,3,4,2,3,3,4,2,3,2,3,3,4,2,3,2,3,4,5,4,5,2,3,1,0,2,3,1,0,1,0,1,0,1,0,2,4,1,0,1,0,1,0,1,0,1,0,2,3,2,3,1,0,3,5,3,5,3,5,3,4,3,5,4,3,2,3,3,4,2,4,3,3,4,3,3,18,2,3,2,2,0,4,5,4,3,3,3,3,4,3,4,3,4,3,3,4,4,3,2,3,3,4,3,4,3,4,4,4,4,3,3,3,3,3,3,4,2,2,2,2,2,2,2,2,2,1,3,2,2,2,2,3,2,2,1,1,3,7,9,9,2,46,4,1,3,2,25,3500,1200,0,414501,흥미 사람 계속 일부러 지휘자 과정 공부 사람,오케스트라 지휘
34422,3,3,3,3,2,3,2,2,3,3,3,5,1,0,4,4,3,3,1,0,2,2,2,3,3,4,2,3,3,3,2,2,1,0,1,0,2,2,2,2,2,2,1,0,2,2,1,0,1,0,1,0,1,0,1,0,1,0,1,0,2,3,1,0,1,0,1,0,1,0,2,3,1,0,3,5,3,4,3,3,3,3,2,3,4,3,3,3,2,3,2,3,2,2,3,3,2,4,3,3,3,17,1,1,1,1,3,6,2,3,2,2,3,3,2,3,2,3,4,3,4,2,3,4,3,2,2,2,4,4,4,4,2,2,4,3,3,5,4,4,5,4,2,2,2,2,2,2,2,2,2,1,4,2,2,2,2,7,8,3,3,2,4,7,3,7,2,34,2,1,1,1,45,2700,2000,0,511502,동물간호복지사자격증 수의사 보조 업무 숙지 애완동물 가정 갈수록,인문계
34423,4,5,5,5,3,4,3,5,4,6,5,4,4,5,5,6,4,5,5,6,4,5,3,4,4,5,4,5,3,3,3,4,1,0,1,0,1,0,2,2,3,5,2,3,4,3,2,3,2,3,1,0,4,4,4,4,4,6,3,4,5,5,3,4,3,3,2,3,1,0,2,3,3,4,1,0,2,3,2,3,2,3,3,3,4,4,3,3,3,3,3,2,2,3,2,3,4,2,2,3,3,13,1,2,1,2,0,5,4,4,3,2,3,3,2,3,2,3,3,3,3,3,4,3,3,2,3,2,4,3,5,4,3,4,4,3,4,4,3,4,4,5,2,2,2,2,2,2,2,2,2,1,3,3,3,2,1,8,9,9,8,7,8,8,6,7,1,26,4,1,1,1,40,3000,2900,0,140305,토목기사 건축 토목 물량,토목공학
34424,3,3,3,3,3,3,3,3,3,3,3,3,3,3,3,3,3,3,2,3,3,3,3,3,2,3,3,3,2,3,3,3,3,3,2,3,3,3,3,3,3,3,3,3,2,3,3,3,2,3,3,3,2,3,3,3,3,3,3,3,3,3,3,3,3,3,3,4,3,3,3,3,3,3,3,3,3,3,3,3,3,3,3,3,3,3,3,3,3,3,4,3,3,3,4,3,3,4,4,3,3,11,3,4,1,2,0,7,4,3,3,3,3,3,3,4,4,3,3,3,3,3,3,3,3,3,3,3,3,3,3,3,3,3,4,4,4,3,3,3,3,3,2,2,2,2,2,2,2,2,2,1,3,3,3,3,2,7,7,7,7,7,7,6,7,6,1,52,4,1,1,1,60,4000,3000,0,23301,관세사 기계 대체 불가,경영학
34425,4,5,4,4,4,5,5,6,4,4,4,4,4,4,4,4,5,5,4,4,4,4,4,4,5,5,4,4,5,5,4,4,5,5,4,4,4,4,4,4,4,4,4,4,4,5,3,3,4,4,5,5,4,4,4,4,4,4,4,4,2,2,4,4,2,2,2,2,2,2,2,2,4,4,3,3,3,3,2,4,4,4,3,3,5,5,4,5,4,3,4,5,3,2,4,4,3,4,3,5,2,15,2,5,1,1,2,2,4,4,5,3,4,4,3,3,3,4,5,4,2,4,5,4,3,4,3,3,4,5,4,5,4,3,4,4,3,5,4,4,4,5,2,2,2,2,2,2,2,2,2,2,2,3,3,3,2,4,6,3,4,7,5,7,5,6,1,31,4,1,1,1,40,2800,2500,0,240301,사회복지사 직무교육 범죄 감소 소자 감소,사회복지학
34426,4,4,4,4,4,4,3,4,2,3,4,4,1,0,4,4,4,4,4,4,4,4,3,5,3,3,5,5,3,4,3,4,4,4,3,5,3,4,5,5,3,4,3,4,4,4,3,4,1,0,3,4,3,4,1,0,4,4,1,0,3,5,2,3,3,3,4,4,1,0,1,0,5,5,1,0,1,0,1,0,3,5,3,3,4,4,3,3,5,4,3,3,4,3,4,4,3,3,5,4,4,15,2,4,2,2,0,5,5,5,4,4,4,4,3,4,4,3,4,4,2,4,4,3,3,4,3,3,3,3,2,4,4,4,4,3,5,4,4,3,4,4,2,2,2,2,2,2,2,2,2,1,4,3,3,3,2,7,5,8,6,8,6,4,6,2,1,54,4,1,1,1,40,7000,5500,0,13305,교도 업무 인력 현재 증가,법학
34427,3,4,4,3,1,0,2,2,5,2,1,0,1,0,3,3,3,3,1,0,1,0,1,0,3,3,1,0,2,2,4,4,1,0,1,0,3,4,4,2,1,0,2,3,3,3,1,0,1,0,1,0,1,0,1,0,3,4,4,3,1,0,1,0,3,3,5,4,4,4,4,4,1,0,4,4,3,4,4,6,4,5,4,6,5,4,2,3,3,3,2,2,3,1,3,4,3,2,2,3,4,3,1,2,2,2,0,2,2,3,3,2,4,3,1,2,1,2,3,2,2,4,4,4,5,3,2,3,3,4,4,4,4,5,4,5,5,5,5,3,4,4,2,2,2,2,2,2,2,2,2,2,1,3,3,3,2,6,7,5,5,6,5,6,5,5,1,58,2,1,1,1,40,3800,2400,0,861201,시설 자동화 인력 감소 예상,전기
34428,4,5,4,5,4,4,4,5,1,0,3,4,2,2,3,5,3,5,3,4,4,4,5,6,3,4,4,5,3,5,3,4,3,5,2,3,5,6,4,5,4,5,3,3,5,6,3,3,2,3,1,0,3,4,1,0,3,3,1,0,4,5,1,0,2,3,1,0,1,0,1,0,2,3,1,0,1,0,1,0,1,0,3,3,3,4,3,4,3,4,5,3,3,4,2,4,3,4,3,4,5,16,5,6,2,2,0,6,6,4,4,4,3,5,3,3,1,3,3,3,3,4,3,4,4,5,4,2,3,2,2,4,4,3,4,3,5,5,4,2,4,3,2,2,2,2,2,2,2,2,2,1,2,3,2,2,1,5,4,1,4,1,3,5,3,4,1,41,6,1,3,2,25,2000,1550,0,211201,대학 강사 채용,정치외교학
34429,5,7,5,7,3,5,5,4,4,5,5,5,3,5,4,4,5,5,4,5,4,5,4,4,4,5,4,5,4,5,4,6,4,5,4,5,4,6,3,5,4,4,4,4,4,3,4,5,4,4,4,5,3,5,3,5,4,5,4,3,4,4,3,4,3,3,3,3,3,3,4,2,3,4,3,2,3,2,3,4,3,3,3,3,4,5,3,3,5,5,5,3,3,3,4,3,2,4,4,5,5,17,1,1,1,1,6,6,6,4,1,1,2,3,1,3,3,3,4,3,3,3,3,5,5,4,4,1,4,2,5,5,4,4,3,4,4,4,4,3,4,5,1,1,1,1,1,1,1,1,1,4,1,2,2,2,2,5,5,3,5,5,5,5,5,5,2,45,5,2,5,1,45,0,0,8000,301112,의사면허증 레지던트 과정 수료 규제 경과 대한 책임 무한 발전,의학
34430,1,0,1,0,1,0,4,5,3,4,1,0,1,0,1,0,1,0,1,0,1,0,1,0,4,4,1,0,4,4,1,0,1,0,1,0,1,0,4,4,1,0,2,2,2,3,3,4,4,4,1,0,1,0,1,0,1,0,1,0,1,0,3,4,1,0,1,0,1,0,1,0,1,0,1,0,1,0,1,0,3,4,1,0,1,0,1,0,4,4,4,3,4,2,4,2,3,3,4,3,4,7,1,1,2,2,0,7,2,2,3,2,4,4,4,3,9,9,9,3,2,4,4,3,3,1,3,2,4,3,4,4,3,4,4,3,4,5,3,4,5,3,2,2,2,2,2,2,2,2,2,1,3,2,2,2,2,7,4,7,6,8,5,4,8,5,1,55,2,2,5,1,45,0,0,5000,615101,현재 상황,상고
34431,4,5,3,4,2,4,3,5,3,4,4,5,2,4,3,5,3,4,4,4,3,5,2,4,3,5,3,4,2,4,2,4,3,5,2,4,3,4,4,5,2,4,4,5,4,6,2,4,3,5,4,5,3,5,4,5,4,6,3,5,2,4,3,5,4,6,2,4,3,5,4,5,3,5,2,4,4,6,4,5,3,5,4,6,2,4,3,5,2,3,4,3,2,1,4,3,2,3,4,3,2,3,1,3,1,2,0,3,2,3,4,2,4,3,4,4,3,4,2,4,3,2,4,4,3,2,3,4,3,2,3,4,3,3,2,3,4,3,2,3,4,3,2,1,1,2,2,1,2,2,1,3,2,2,2,2,1,3,2,3,4,5,6,2,7,7,1,35,2,1,1,1,52,3400,2900,0,873101,식품가공기능사 교육 훈련 추가 경제 환경 변화,이과
34432,3,4,1,0,1,0,3,4,1,0,3,3,1,0,1,0,3,3,3,4,3,3,3,4,4,3,3,5,4,4,3,3,3,3,3,4,3,3,3,4,3,3,3,4,3,4,3,4,3,2,3,3,2,2,2,2,1,0,1,0,3,3,2,5,3,2,1,0,2,2,1,0,1,0,1,0,1,0,1,0,1,0,1,0,1,0,1,0,4,3,3,3,3,3,3,3,3,3,3,2,3,10,1,3,1,1,4,4,5,4,4,4,4,4,4,3,3,3,4,3,3,4,3,3,3,4,3,4,3,3,3,4,4,4,5,4,5,4,4,5,4,4,1,2,2,1,1,2,2,1,1,2,3,2,2,2,1,7,6,5,3,4,6,6,5,5,1,39,3,1,1,1,45,4000,2800,0,131202,정보통신기술사 무선설비기사 무선 설비 Bluetooth 개발 기술 도입 서비스 개발 상황 동일,회계학
34433,3,5,3,5,2,4,2,4,4,6,4,6,3,5,2,4,4,6,3,5,3,5,3,5,3,5,2,5,3,4,3,5,3,5,3,5,2,4,2,5,3,5,3,5,3,5,2,4,3,5,3,5,3,5,3,5,3,5,3,5,2,4,2,4,2,4,3,5,3,5,3,5,3,4,4,5,4,6,3,5,3,5,3,5,5,6,4,5,5,4,3,4,3,3,3,4,3,2,3,2,3,13,1,2,1,2,0,3,5,4,4,3,4,4,3,3,3,4,4,4,2,4,4,4,3,4,5,3,4,4,4,3,4,5,3,4,3,4,4,3,5,3,2,2,1,2,2,2,2,2,2,2,2,3,3,3,2,6,3,8,6,5,7,7,5,4,1,34,4,1,1,1,40,4200,4000,0,140602,지적기능사 지형공간정보기사 정보처리기사 드론 작업 드론 작업 부분 증가 인력 감소,정보통신공학
34434,2,2,2,2,1,0,2,2,1,0,1,0,1,0,2,2,2,2,2,2,1,0,2,2,2,2,2,2,1,0,2,2,2,2,1,0,2,2,2,2,2,2,2,2,2,2,1,0,2,2,2,2,2,2,2,2,3,4,3,4,1,0,2,2,2,2,2,2,2,2,2,2,2,2,2,2,2,2,2,2,2,2,1,0,3,3,2,3,3,4,2,1,2,2,2,2,2,2,2,3,2,6,1,3,1,2,0,4,2,3,2,2,3,2,2,3,2,3,3,3,3,2,2,4,5,5,4,4,5,4,2,4,5,5,4,4,4,4,5,4,4,5,2,2,1,2,2,2,1,2,2,2,2,2,2,2,2,7,6,3,3,4,7,6,3,3,1,50,2,1,3,2,48,2800,1900,0,811601,건설기계정비사,전자
34435,4,6,4,5,4,4,4,6,4,5,4,6,4,5,4,6,4,6,4,6,4,6,4,6,4,5,4,6,4,5,4,6,4,5,4,6,4,5,4,6,4,6,4,5,4,6,4,6,4,5,4,5,4,5,4,6,4,5,4,5,4,5,3,5,4,5,4,5,4,5,4,6,4,5,4,4,4,5,4,5,4,5,4,5,4,5,4,5,4,4,3,4,4,4,4,4,4,3,4,4,4,13,1,3,1,1,4,2,6,4,3,3,4,4,4,5,5,4,5,5,2,3,3,4,4,3,4,4,4,4,4,4,3,4,4,4,4,3,4,4,4,3,2,2,2,2,2,2,2,2,2,2,2,3,3,3,2,8,7,7,7,7,7,7,7,7,1,45,5,1,1,1,43,8700,4000,0,154101,가스기능사 실무교육 시스템 개발,화학공학
34436,2,3,2,3,1,0,2,3,2,3,2,3,2,3,3,5,2,3,2,3,1,0,1,0,3,5,2,3,2,3,2,3,2,3,1,0,1,0,1,0,1,0,1,0,1,0,1,0,1,0,1,0,2,3,1,0,1,0,1,0,1,0,1,0,1,0,1,0,1,0,1,0,1,0,2,3,2,3,3,5,3,5,3,5,3,5,2,3,4,3,2,3,4,2,4,4,3,2,3,4,4,18,3,3,1,1,1,1,5,4,4,5,4,5,5,5,9,9,9,5,2,4,4,4,3,4,5,4,4,2,4,4,3,4,3,4,4,4,4,3,4,3,2,2,2,2,2,2,2,2,2,1,4,3,2,3,2,8,7,8,3,4,6,8,4,3,1,45,4,1,1,1,40,3100,3100,0,420301,심판 자격증 실전 경기 체험 건강 관심 증가 경기 증대,체육학
34437,5,6,5,6,5,7,5,6,4,4,5,6,4,5,4,5,4,5,4,5,4,5,5,6,5,6,4,5,5,6,4,6,5,6,4,5,5,6,4,5,4,5,4,5,4,5,4,4,3,4,3,3,3,4,2,3,2,2,3,4,3,4,3,4,3,3,1,0,1,0,1,0,3,5,3,3,3,3,3,3,3,3,2,3,4,5,4,5,4,4,3,4,4,3,4,3,4,5,4,4,3,16,5,2,1,2,0,6,5,3,3,3,4,4,3,4,4,4,4,5,2,4,3,3,3,3,3,2,4,3,4,4,3,4,4,4,3,4,4,3,5,4,2,2,2,2,2,2,2,2,2,1,3,3,3,3,2,5,5,5,4,4,5,5,5,5,1,40,6,1,1,1,50,6500,4000,0,110105,심리학 박사 학위 회부 적응 사회 문제 대한 연구 가능,심리학
34438,2,2,3,4,1,0,3,3,1,0,1,0,2,1,2,2,2,2,2,1,2,1,2,2,3,4,2,2,3,3,3,3,2,2,1,0,2,2,3,4,3,3,3,3,3,4,1,0,2,2,1,0,2,3,3,4,3,3,3,4,1,0,2,2,3,3,3,4,3,4,3,4,2,2,1,0,2,2,2,2,2,3,2,2,2,3,2,2,5,3,4,5,4,3,3,5,3,3,4,3,4,4,1,3,1,2,0,3,2,3,4,2,4,5,3,3,2,3,4,3,3,3,2,3,3,3,2,4,3,3,3,5,4,3,4,3,4,5,3,3,5,5,2,2,2,2,2,2,2,2,2,4,2,1,3,3,1,6,4,6,4,4,5,5,4,6,1,48,2,1,1,1,48,4050,3000,0,811501,보일러 산업기사 보일러 기능사 보일러 취급기사 한번 조절 시스템,기계
34439,3,4,2,5,2,5,2,3,5,6,4,6,1,0,4,5,3,2,2,3,3,3,3,3,2,3,4,5,4,3,2,4,2,2,3,2,4,3,2,3,3,2,4,4,5,3,4,3,5,3,4,5,3,3,2,2,2,1,1,0,2,2,4,4,2,2,4,2,2,1,2,2,5,4,1,0,1,0,2,1,1,0,1,0,3,3,1,0,3,4,3,4,4,5,4,2,3,4,4,3,4,13,2,4,2,2,0,3,6,1,4,4,4,4,5,2,3,3,4,4,2,3,5,3,5,4,4,3,4,3,3,3,5,5,4,4,4,3,3,4,4,4,2,2,2,2,2,2,2,2,2,2,3,3,2,2,2,7,5,8,6,6,4,7,4,4,2,43,6,1,1,1,45,7500,7500,0,13101,국책 기관 민간 기업 연구 관리자 포화상태,물리학
34440,3,3,2,2,3,3,4,5,2,2,3,3,3,3,2,2,2,3,2,2,2,2,1,0,3,3,1,0,3,3,5,3,5,4,3,3,2,2,5,3,4,3,3,3,3,4,1,0,2,2,1,0,1,0,1,0,2,1,1,0,4,4,2,2,1,0,1,0,1,0,1,0,1,0,3,3,2,3,3,3,3,3,2,2,2,2,3,3,5,3,5,2,4,5,1,4,3,4,2,4,5,7,1,2,2,2,0,2,2,2,1,1,4,3,3,2,2,2,3,3,3,4,3,3,4,3,1,3,4,4,2,3,3,4,2,2,3,4,4,2,5,3,2,2,2,2,2,2,2,2,2,1,4,3,1,1,2,7,6,3,3,7,5,2,4,3,2,40,2,1,1,1,30,2000,1900,0,615301,인터넷 발달 온라인 구매 갈수록,인문계
34441,2,4,3,2,4,2,2,1,3,1,2,2,4,1,2,2,4,5,2,4,2,2,3,4,4,3,5,4,1,0,4,3,2,2,3,1,2,4,4,1,3,2,4,3,4,1,3,1,2,1,4,2,5,3,4,3,3,5,4,2,2,1,4,3,5,4,4,3,5,2,3,2,4,3,4,3,2,2,4,1,4,2,5,2,2,2,2,2,2,4,3,4,3,2,3,4,2,3,3,2,2,3,1,2,2,2,0,1,2,1,1,2,4,5,3,4,3,3,4,2,4,3,3,2,4,3,4,4,3,5,4,4,3,5,4,4,2,3,5,4,3,5,2,2,2,2,2,2,2,2,2,1,2,3,2,2,2,7,7,5,6,4,6,3,7,6,1,56,4,2,5,1,40,0,0,5000,873501,민족 호도,식품영양
34442,3,3,4,4,3,3,3,3,2,3,2,3,2,2,3,3,2,3,3,3,4,4,3,3,3,3,2,2,2,3,1,0,1,0,1,0,3,4,2,2,4,4,3,3,4,4,3,3,2,3,2,2,3,3,3,3,2,1,1,0,2,3,1,0,3,3,2,2,5,4,1,0,2,2,3,3,3,3,1,0,1,0,1,0,3,3,2,2,2,2,4,2,4,4,3,4,2,5,5,2,3,13,1,4,1,2,0,2,5,3,3,3,5,4,4,2,3,3,3,3,3,3,3,4,1,2,2,1,2,3,4,4,3,3,3,3,3,3,1,2,4,3,2,1,2,2,2,2,2,2,2,1,4,2,2,2,1,7,7,7,5,5,5,5,5,5,1,29,4,1,1,1,40,2400,2000,0,134303,정보처리기사 정보처리 프로그램 설치 운용 기업 정부 공공기관 업무 생산 위해 시스템 구축 추세,컴퓨터공학
34443,2,2,3,3,1,0,3,3,1,0,2,2,1,0,2,3,3,3,3,4,2,3,3,4,3,4,4,4,3,3,3,4,1,0,1,0,3,5,3,4,2,3,4,2,4,3,2,2,3,2,1,0,1,0,1,0,3,4,1,0,1,0,1,0,3,3,3,3,3,3,1,0,2,2,1,0,2,2,3,5,3,3,3,4,4,5,3,4,4,2,4,4,4,2,4,2,4,2,3,3,4,19,1,3,2,2,0,7,2,4,4,4,4,4,4,4,9,9,4,4,2,4,4,2,2,3,4,4,3,3,2,4,4,4,2,2,4,4,2,3,4,4,2,2,2,2,2,2,2,2,2,1,3,3,3,3,2,8,6,5,3,3,4,6,8,6,1,28,3,1,3,2,40,5800,2700,0,420201,업계 상황 현재,체육학
34444,3,4,2,4,3,4,3,2,2,3,3,4,1,0,3,4,3,3,2,3,3,4,3,4,2,2,3,4,1,0,1,0,1,0,1,0,2,2,2,3,3,4,3,4,4,3,3,4,1,0,2,2,1,0,1,0,1,0,1,0,3,3,2,3,3,4,1,0,1,0,1,0,2,3,1,0,1,0,1,0,1,0,1,0,2,3,2,2,4,4,3,3,4,3,3,4,4,3,4,3,4,7,1,2,2,2,0,3,4,4,3,2,3,3,3,3,4,3,4,4,3,2,1,3,4,4,3,3,4,4,4,3,3,4,4,4,3,3,3,4,4,3,2,2,2,2,2,2,2,2,2,2,3,3,2,3,2,7,8,7,5,5,6,7,6,7,2,37,3,1,1,1,40,3800,2300,0,28101,기업 수출 수입 계속 발생 인력,경영학
34445,1,0,2,4,2,3,3,5,3,6,5,5,5,6,1,0,2,4,2,3,4,5,3,5,4,4,3,3,2,3,2,3,1,0,1,0,2,3,1,0,5,6,2,4,3,4,1,0,3,5,3,5,4,5,4,6,3,4,4,5,5,7,1,0,2,4,3,6,3,5,2,4,4,6,1,0,1,0,1,0,1,0,1,0,1,0,1,0,4,3,5,3,4,5,2,5,1,5,5,4,5,10,1,3,1,2,0,6,4,4,3,3,5,5,3,4,4,4,4,4,2,4,3,4,4,3,3,4,2,4,2,4,4,4,5,4,4,4,4,4,5,3,2,2,2,2,2,2,2,2,2,2,4,1,1,1,1,7,6,5,3,2,1,9,6,5,1,35,4,1,1,1,50,3800,2400,0,133204,게임프로그래밍전문가 정보처리기사 산업혁명 분야 각광 베이스 분야 진출,컴퓨터공학
34446,4,6,4,6,2,3,2,3,2,3,2,3,3,4,2,3,3,4,3,4,3,4,4,5,3,4,4,5,3,4,3,4,2,3,2,3,4,5,4,5,3,4,3,4,3,4,2,3,3,4,3,4,4,5,4,5,4,6,4,6,2,3,3,4,4,5,4,6,4,6,4,6,4,6,4,5,4,6,3,4,4,5,4,5,3,4,3,4,3,4,3,3,4,2,3,3,2,3,4,3,3,18,1,2,1,2,0,7,5,3,3,3,4,4,2,4,9,4,4,4,2,3,3,4,4,4,4,2,3,4,4,4,4,4,2,3,4,4,4,3,4,3,2,2,2,2,2,2,2,2,2,2,3,2,2,2,2,8,7,7,3,3,7,2,7,7,1,48,4,1,1,1,40,6000,2800,0,416601,GTQ1급 일자리 한정,광고홍보학
34447,3,3,3,3,2,2,3,4,2,2,2,2,3,3,3,4,3,4,3,4,3,4,1,0,3,3,2,2,2,2,3,4,2,2,3,4,1,0,2,3,3,4,3,4,3,4,1,0,2,2,2,2,3,4,2,2,2,2,2,3,2,2,3,3,2,2,2,3,2,2,2,3,2,2,2,3,3,4,3,4,3,4,1,0,3,4,2,2,3,2,3,3,2,1,3,2,2,2,4,2,4,14,1,1,2,2,0,5,2,4,4,4,4,4,3,4,9,9,9,4,4,3,4,4,5,4,4,5,4,4,4,5,4,5,5,5,5,4,4,5,5,5,2,2,2,2,2,2,2,2,2,4,1,2,2,2,1,6,5,4,5,6,5,5,6,4,1,60,2,1,1,1,40,2400,2200,0,562301,자동화 설비 로봇 대체,인문계(문)
34448,3,3,3,4,1,0,3,4,4,5,3,4,2,3,4,5,4,5,4,4,4,5,3,4,4,5,4,4,3,4,4,4,3,4,3,5,3,5,4,5,4,5,5,5,4,5,4,5,3,5,3,4,4,5,4,5,4,5,4,5,3,4,4,4,4,4,3,4,4,4,5,5,3,4,4,5,4,4,4,5,4,5,4,5,4,4,4,4,4,3,3,4,3,2,4,3,3,4,3,4,3,4,1,2,2,2,0,1,2,4,3,2,4,4,2,2,2,3,4,2,4,2,3,4,4,4,4,3,4,4,4,5,3,3,4,4,3,4,4,4,4,4,2,2,2,1,2,2,2,1,1,2,2,2,2,3,1,3,3,2,3,3,3,3,3,3,1,63,2,1,2,2,40,3000,2000,0,831201,시스템 도입 시스템 자동화 성능 향상,공고
34449,1,0,5,3,1,0,4,5,3,4,3,6,4,6,4,6,4,3,4,5,4,6,3,5,3,4,4,7,4,4,3,6,4,5,3,3,4,6,3,5,4,6,4,4,4,5,4,5,4,5,4,5,4,5,4,5,4,5,4,5,2,4,4,5,4,5,4,5,5,5,4,4,3,5,3,5,3,5,4,5,4,7,3,4,3,4,3,5,4,3,2,2,3,2,2,5,1,3,3,2,4,6,1,1,1,2,0,6,2,3,3,2,2,2,1,2,3,3,3,3,2,3,3,3,3,2,3,3,2,4,1,3,3,3,3,3,3,3,3,4,3,3,2,2,2,2,2,2,2,1,1,1,3,1,3,3,2,5,5,8,7,8,7,5,5,5,1,45,3,1,3,1,54,4200,2400,0,140207,건축기사 실내건축기능사 산업기사 업무 상황,실내디자인
34450,3,5,3,4,3,5,2,4,4,5,4,5,2,4,2,4,3,5,3,4,3,5,3,5,4,5,3,5,3,5,1,0,1,0,2,4,2,4,1,0,2,4,3,5,4,6,1,0,2,4,1,0,3,6,3,5,3,5,4,6,5,5,3,4,2,4,2,4,4,6,2,5,4,4,1,0,1,0,1,0,1,0,1,0,3,4,2,5,5,5,4,4,4,4,4,4,4,5,4,5,4,10,1,3,1,2,0,5,4,4,4,4,4,5,4,4,4,4,3,4,4,3,3,4,3,3,2,1,2,4,4,5,4,4,3,2,2,3,3,3,4,4,2,1,2,2,1,2,2,2,2,2,4,3,3,3,1,3,3,4,5,6,5,5,6,6,1,34,5,1,1,1,42,4300,3500,0,13701,정보통신기사 임베디드 보안 프로그램 도입 디지털 정보 통신 무선 기기 정보 통신 발달 증가,정보통신공학
34451,4,5,3,3,3,4,2,4,3,4,4,5,3,4,4,4,3,4,4,4,2,4,4,4,3,5,3,4,3,4,3,4,2,4,2,4,3,4,4,4,4,4,4,4,3,4,3,4,1,0,3,4,3,5,4,4,3,4,3,5,4,5,4,5,4,4,4,4,4,4,4,4,3,4,2,3,2,2,1,0,1,0,1,0,3,5,2,4,5,3,4,4,4,4,3,4,4,5,4,4,4,3,1,6,2,2,0,6,6,4,4,4,4,4,3,4,4,3,3,3,3,4,4,4,5,3,4,3,4,3,4,5,3,3,4,4,5,5,4,3,4,3,1,1,2,1,1,1,1,1,1,2,2,3,3,3,2,4,5,5,4,5,4,6,5,5,1,40,5,1,1,1,48,7000,3500,0,154102,업무 조직 세분 화로 업무 조직 재개 편이 단행 불황 계속 것이므,화학공학
34452,2,2,3,3,2,2,2,1,2,2,2,2,3,3,3,5,3,4,2,3,2,2,2,3,2,2,3,4,2,1,2,2,2,2,2,3,3,5,2,2,4,4,4,4,3,3,2,2,3,2,2,2,4,5,4,5,3,5,3,5,2,2,4,4,5,5,4,5,5,5,5,5,4,4,4,5,4,4,3,3,4,6,2,2,4,5,3,3,3,2,2,3,2,2,3,2,2,2,3,2,4,3,1,3,2,2,0,2,1,3,2,2,3,3,1,4,4,4,4,4,3,2,2,3,4,4,4,3,4,3,3,5,3,3,4,4,4,3,2,3,4,5,2,2,2,2,2,2,2,2,2,1,2,3,3,3,2,8,4,7,2,2,4,7,8,7,1,26,2,1,1,1,40,2600,2000,0,823101,자동화 기기 대체,인문
34453,4,7,5,6,4,6,5,6,4,7,5,6,4,7,5,6,4,6,5,6,4,6,4,5,5,6,4,6,5,6,5,6,4,5,4,5,4,6,4,6,4,6,4,5,4,4,4,5,4,6,4,5,4,5,5,6,4,6,4,6,4,5,3,4,3,3,4,5,3,6,4,5,3,5,3,4,3,4,4,5,3,5,3,4,3,5,4,4,3,4,4,3,3,4,3,3,3,4,3,5,4,17,1,2,1,1,6,6,7,4,4,4,5,5,4,4,5,5,5,4,4,4,4,3,4,4,3,3,4,4,3,3,4,4,4,3,4,4,4,4,3,3,2,2,2,2,2,2,2,2,2,2,3,2,2,2,2,5,7,3,3,5,5,5,6,6,2,43,6,2,5,1,40,0,0,27000,301112,피부과전문의 의사면허증 레지던트 피부 미용 관심 증가,의학
34454,3,4,3,4,4,4,4,4,4,4,4,5,4,4,3,4,4,4,4,4,4,4,4,5,4,4,4,4,3,5,4,4,4,5,3,5,4,4,3,5,3,5,4,4,3,4,4,5,4,4,3,5,3,5,4,4,3,5,3,5,4,4,3,4,4,4,4,4,4,4,4,5,4,4,3,4,3,5,4,4,3,4,3,4,4,4,3,4,3,4,3,4,3,4,3,3,3,3,4,3,4,3,1,2,2,1,4,5,5,4,3,4,4,4,3,5,4,5,4,5,2,3,4,4,3,4,4,3,4,4,3,4,4,3,4,4,4,3,4,4,3,3,2,2,2,2,2,2,2,2,2,2,2,3,2,3,2,8,7,8,7,8,7,8,7,8,1,31,4,1,1,1,48,4800,2300,0,28401,회사 전반적인 자재 파악 불황 인력 감소,회계
34455,3,4,4,5,3,4,4,5,3,4,4,6,2,2,4,5,4,5,5,6,2,2,4,5,5,6,4,6,4,5,3,4,4,6,5,6,3,4,5,6,4,5,4,6,2,2,2,2,4,6,3,4,5,6,5,6,3,4,2,3,3,5,4,5,4,6,4,6,3,4,2,2,3,4,3,4,2,2,4,5,3,4,2,3,2,3,2,3,5,3,4,4,3,2,4,2,4,4,5,2,3,6,1,2,1,2,0,7,5,4,4,4,4,5,4,4,3,3,4,3,2,5,4,3,2,2,3,4,4,5,5,4,4,4,2,5,5,5,2,2,4,5,2,2,2,2,2,2,2,2,2,2,2,2,2,2,2,4,8,7,8,3,7,7,7,3,1,38,4,1,1,1,40,5000,3000,0,140205,건축감리사 경기 침체,기계학
34456,5,6,5,5,4,5,5,5,4,4,5,5,4,5,4,5,4,5,4,5,4,4,5,5,4,4,3,4,4,5,4,5,4,5,4,4,5,5,4,4,4,4,4,5,4,5,4,4,4,4,3,4,4,4,1,0,1,0,1,0,3,4,1,0,1,0,1,0,1,0,1,0,3,5,3,3,3,3,3,4,3,3,2,3,4,6,4,5,4,4,3,4,4,4,4,2,4,4,4,4,3,16,5,6,1,2,0,6,5,3,3,3,4,4,4,4,3,4,4,4,2,4,3,4,3,3,3,2,4,3,4,4,4,4,3,4,3,5,4,3,4,4,2,2,2,2,2,2,2,2,2,1,4,3,3,3,2,5,3,5,2,5,7,4,4,5,1,39,6,1,1,1,52,4500,4000,0,110105,심리학 석사 학위 인간 심리 관련 사람 관심 상담 필요성 대한 인식 때문,심리학
34457,5,5,4,7,4,6,4,6,3,4,4,3,4,6,5,6,3,3,4,3,4,5,4,6,3,3,4,5,5,6,4,5,5,6,4,6,4,6,3,2,4,5,4,6,4,5,2,4,3,2,5,7,3,3,2,2,2,3,2,2,5,6,2,2,2,3,2,3,2,2,2,2,5,6,2,2,2,2,3,5,1,0,1,0,4,4,3,4,5,4,3,4,3,4,4,3,4,4,4,3,5,11,1,3,2,1,1,1,5,3,4,4,3,4,4,4,4,3,4,4,3,4,4,3,3,3,5,4,4,4,4,4,3,3,4,4,3,5,3,3,5,4,2,1,2,2,1,1,2,2,2,2,2,3,3,3,2,8,7,7,5,4,6,5,5,3,1,37,4,1,1,1,40,5200,2800,0,26201,인사훈련에 관한것 프로그램 도입 경기 침체,경제학
34458,3,4,4,6,3,5,5,6,1,0,3,5,1,0,4,5,4,5,3,5,4,5,2,4,4,4,5,5,1,0,1,0,3,4,2,4,2,4,3,5,5,5,5,5,1,0,1,0,1,0,2,5,1,0,1,0,2,4,1,0,1,0,1,0,5,5,2,3,3,3,3,2,1,0,1,0,1,0,5,4,1,0,1,0,4,4,4,5,3,3,3,5,3,4,5,3,3,4,4,5,4,15,2,3,1,2,0,5,5,5,2,2,4,3,3,4,4,3,3,4,1,3,3,4,3,1,2,1,3,4,5,5,4,4,3,3,3,3,3,3,3,4,2,2,2,2,2,2,2,2,2,4,4,3,3,3,2,6,4,3,3,2,2,5,5,5,1,41,4,1,1,1,40,6000,4000,0,621402,5급 이상 항해사 면허 관제 업무 증가,항해학
34459,3,5,4,6,3,5,4,5,2,2,3,5,3,5,3,5,3,5,3,4,3,4,3,5,3,5,5,4,4,5,4,5,5,6,5,5,3,4,4,6,3,4,5,5,4,5,4,5,3,5,4,6,3,4,1,0,2,3,2,3,3,4,5,5,1,0,2,3,2,3,3,4,5,5,2,4,2,2,1,0,3,5,3,5,3,4,3,5,4,4,3,3,3,3,3,4,4,4,4,3,4,9,1,1,2,1,1,5,2,3,3,2,3,3,4,3,9,9,3,3,3,3,4,4,5,3,2,3,3,5,3,4,4,3,4,4,4,3,3,4,4,5,2,2,2,2,2,2,2,2,2,2,4,2,2,2,1,7,9,7,6,7,5,8,8,8,2,46,4,2,5,1,40,0,0,3800,14201,교육 커피 점등 상점 수요 증가,유아교육학
34460,1,0,1,0,1,0,1,0,1,0,1,0,1,0,1,0,1,0,1,0,1,0,1,0,1,0,1,0,1,0,1,0,1,0,1,0,1,0,1,0,1,0,1,0,1,0,1,0,2,3,1,0,1,0,1,0,4,5,1,0,1,0,4,5,5,4,2,4,3,4,2,3,4,5,5,5,4,5,3,4,3,4,2,3,1,0,2,2,3,3,4,3,3,2,2,3,4,3,2,3,3,13,1,4,2,2,0,7,2,3,4,3,5,4,4,4,3,4,4,4,3,4,3,4,4,3,4,3,4,3,4,3,4,4,4,4,4,4,3,4,3,4,2,2,2,2,2,2,2,2,2,2,2,3,3,3,2,7,8,7,8,7,7,7,6,6,1,39,2,1,1,1,40,3600,2400,0,852401,기계 개발,문과
34461,3,5,2,5,2,5,2,4,4,7,4,7,2,4,3,6,3,5,3,6,2,5,3,6,2,5,2,5,2,5,2,5,2,5,2,4,2,4,1,0,4,5,2,5,2,5,2,3,3,4,2,4,4,6,4,7,5,7,4,7,3,6,4,7,4,7,4,7,4,7,5,7,5,7,3,6,2,6,3,6,3,6,2,3,2,5,2,5,4,3,2,4,4,3,4,4,2,4,3,3,3,13,1,2,2,2,0,7,6,5,4,4,5,4,4,4,4,3,4,4,2,4,4,5,4,4,4,5,4,4,4,5,4,4,5,4,4,4,4,4,4,3,2,2,2,2,2,2,2,2,2,1,3,3,3,3,2,3,3,4,3,3,3,7,3,4,1,56,6,1,1,1,50,6500,4000,0,151102,첨단 기술 개발 필요,기계공학
34462,4,4,4,4,1,0,4,5,2,3,4,5,4,4,3,4,4,5,1,0,3,4,3,4,5,5,2,4,3,5,3,5,1,0,1,0,3,5,2,3,3,4,3,4,4,4,1,0,1,0,3,4,1,0,1,0,1,0,1,0,2,3,1,0,1,0,1,0,1,0,1,0,1,0,4,6,4,5,4,5,3,4,2,3,4,4,4,4,4,3,4,2,4,4,4,3,3,3,4,3,4,18,1,2,2,2,0,7,2,4,3,3,4,3,4,3,3,4,4,4,2,4,4,3,3,4,4,2,4,4,4,4,4,5,4,3,4,3,4,3,5,4,2,2,2,2,2,2,2,2,2,1,4,3,3,3,2,5,5,7,6,7,7,7,4,7,1,34,2,1,1,1,42,4400,2000,0,420202,게임 시장 확대,인문계
34463,4,4,3,5,2,5,4,4,3,4,4,4,3,3,2,4,2,4,3,3,3,4,3,3,3,5,3,3,2,4,4,4,3,5,2,4,3,4,2,4,2,4,4,5,3,4,3,5,3,4,3,5,3,5,3,4,4,4,4,3,3,4,2,5,3,5,3,4,3,4,2,3,3,4,3,3,3,5,4,4,3,4,3,3,3,4,2,4,3,2,3,3,2,3,3,3,2,3,4,3,3,17,1,2,1,2,0,3,4,2,3,3,2,3,3,4,9,9,4,4,2,3,3,4,4,3,3,3,3,3,3,3,3,2,3,4,3,2,4,3,3,3,2,2,2,2,2,2,2,2,2,1,2,2,2,2,2,6,4,4,6,5,4,4,6,5,1,40,3,2,5,1,40,0,0,5000,306301,치기공사 인력 배출,치기공
34464,5,6,4,4,3,3,4,4,4,4,4,4,4,4,4,4,4,4,4,4,4,4,4,4,4,4,4,4,4,4,4,4,4,4,4,4,4,4,4,4,4,4,4,4,4,4,4,4,4,4,4,4,4,4,4,4,4,4,4,4,4,4,4,4,4,4,4,4,5,5,4,4,4,4,4,4,4,4,4,4,4,4,4,4,3,3,4,4,3,3,4,3,2,3,3,3,2,4,3,3,4,3,1,4,1,1,4,5,2,5,3,2,4,4,3,3,3,4,5,4,3,4,4,4,3,4,4,2,3,4,3,4,5,5,3,4,4,3,2,4,4,5,2,2,2,2,2,2,2,2,2,2,2,3,3,3,2,7,4,5,4,5,4,4,7,5,1,55,2,1,1,1,60,4800,2400,0,823301,원형기능사 금속가열 교육 작업 기계화,인문계
34465,2,1,2,3,1,0,1,0,2,1,2,1,2,3,2,1,2,2,2,1,2,3,2,1,2,3,2,1,2,2,2,3,1,0,2,1,2,3,2,1,3,2,2,3,2,3,1,0,2,1,3,2,2,1,2,1,2,2,1,0,1,0,2,3,2,1,2,2,2,1,1,0,1,0,2,3,3,2,2,3,2,1,2,3,3,2,1,0,3,4,2,3,2,4,3,2,3,3,2,3,2,3,1,2,2,2,0,2,1,3,2,1,4,3,3,3,3,4,5,4,4,3,2,3,4,2,3,2,3,4,4,2,3,4,3,2,2,5,4,3,4,2,2,1,2,1,1,2,1,2,2,2,2,2,2,2,1,7,6,7,3,5,6,4,5,3,2,49,2,1,3,2,40,2240,2000,0,862301,자동화 시스템 업무 감소 발전 가능성 이직 전직,회계
34466,5,6,4,4,5,6,4,4,1,0,3,3,3,4,2,4,4,7,3,3,4,6,4,5,5,7,1,0,3,3,1,0,1,0,1,0,1,0,1,0,4,6,2,2,1,0,2,1,1,0,1,0,1,0,1,0,1,0,1,0,1,0,1,0,1,0,1,0,1,0,1,0,1,0,1,0,1,0,1,0,1,0,1,0,4,5,2,2,4,4,4,2,4,2,2,5,2,4,4,3,4,13,1,2,2,2,0,4,5,4,3,3,3,4,4,3,3,3,4,3,4,3,3,4,4,3,4,4,4,3,3,4,4,5,5,4,4,4,4,4,4,4,2,2,2,2,2,2,2,2,2,2,4,2,3,3,2,8,8,7,7,8,6,6,7,7,2,45,4,1,1,1,40,3400,1500,0,411201,업무 특수성 때문,영어영문학
34467,3,3,3,4,4,6,2,4,1,0,2,3,5,5,1,0,2,3,1,0,1,0,1,0,3,4,3,4,2,2,4,4,3,4,2,3,1,0,3,4,2,2,3,3,2,3,2,2,1,0,1,0,1,0,1,0,1,0,1,0,1,0,1,0,1,0,1,0,1,0,1,0,1,0,1,0,1,0,1,0,1,0,1,0,3,2,3,2,4,2,2,3,3,4,2,3,2,2,2,2,3,18,1,1,2,2,0,1,5,4,3,3,4,3,4,3,3,4,4,4,2,4,4,4,4,4,4,2,3,3,4,5,4,4,4,4,4,3,4,4,4,4,2,2,2,2,2,2,2,2,2,1,1,3,3,3,2,7,7,7,4,4,3,3,4,4,2,42,4,1,1,1,40,3800,2000,0,29901,종이 독서 인구 감소,디자인
34468,4,6,4,5,4,5,4,5,4,4,4,5,4,5,3,4,4,5,4,4,4,5,4,6,4,4,4,5,4,5,4,4,4,4,4,4,4,6,4,4,3,4,4,4,4,4,3,4,3,4,3,3,3,4,3,4,2,2,3,3,3,3,3,4,3,4,3,3,2,3,2,2,4,4,3,4,2,3,2,2,2,3,3,3,3,3,3,5,4,4,3,4,4,4,4,2,3,4,4,5,4,15,2,5,1,2,0,7,5,3,3,4,4,5,4,4,3,4,4,5,2,3,3,4,3,3,4,1,4,3,3,4,3,2,3,2,4,4,3,2,4,4,2,2,2,2,2,2,2,2,2,1,3,3,3,3,2,4,3,4,4,3,5,4,5,5,2,35,5,1,1,1,50,5000,3600,0,155106,원자력발전기술사 신재생에너지 종류,방사선학
34469,5,6,5,6,5,7,5,7,5,7,5,6,5,6,5,6,5,6,5,7,5,7,5,6,5,6,5,6,4,6,5,6,5,6,5,6,5,7,5,6,4,6,5,7,4,6,5,7,4,6,4,6,5,6,5,6,5,7,4,6,4,6,5,7,4,6,5,7,5,6,5,6,4,6,5,6,5,7,3,5,5,4,3,5,3,5,3,4,5,4,5,5,4,4,3,2,3,3,4,3,4,15,2,5,1,2,0,5,6,3,3,3,4,4,5,3,4,4,4,4,2,3,3,3,3,3,3,2,3,3,5,3,3,3,3,3,3,3,3,3,3,4,2,2,2,2,2,2,2,2,2,2,3,3,3,3,2,2,5,8,8,7,4,3,5,4,2,33,6,1,1,1,40,3400,3000,0,121105,박사학위 변화,지질학
34470,4,4,4,5,4,4,4,4,5,5,5,6,5,5,4,5,5,5,4,5,5,6,4,4,4,4,4,4,4,4,5,5,5,6,5,5,4,4,5,5,5,6,5,5,5,5,4,4,4,4,4,4,5,5,4,4,5,5,4,4,4,4,4,5,5,5,4,4,4,4,4,4,4,4,4,5,4,5,4,4,5,5,4,4,4,4,4,4,4,4,5,3,4,4,4,4,3,5,4,4,3,19,1,2,2,2,0,2,4,4,3,4,4,4,3,3,2,4,3,3,4,3,4,4,3,4,3,4,4,3,3,4,3,4,4,3,4,3,4,3,4,3,2,2,2,2,2,2,2,2,2,2,3,2,2,2,2,7,6,7,7,6,7,6,7,5,1,40,2,1,1,1,45,3600,2500,0,841201,핸드폰 수요 계속,문과
34471,3,5,3,5,3,4,3,4,3,5,3,4,3,5,3,4,3,5,3,5,4,3,4,3,3,6,3,5,3,3,3,4,3,4,4,4,3,4,3,5,3,4,3,5,3,5,3,5,3,3,3,5,3,4,3,5,4,4,3,4,3,5,4,5,4,4,3,5,3,2,3,4,3,4,4,5,3,5,3,5,3,5,3,3,3,6,3,6,4,3,3,3,4,2,3,3,3,3,4,4,4,3,1,5,2,2,0,2,2,4,4,3,4,3,3,2,4,3,5,4,4,3,4,5,3,3,2,3,4,3,3,3,3,3,4,3,3,3,4,3,3,2,2,2,2,2,2,2,2,2,2,2,2,3,2,2,1,6,6,6,4,4,5,6,6,5,1,45,2,1,1,1,40,4000,2600,0,885902,경기 침체,이과
34472,3,3,3,4,1,0,3,3,2,2,1,0,2,3,2,2,3,4,3,3,1,0,1,0,3,3,2,2,3,3,3,3,2,3,1,0,3,4,2,2,2,3,3,3,2,3,1,0,1,0,2,3,3,4,1,0,3,3,1,0,1,0,2,2,5,3,2,3,3,4,5,3,1,0,4,4,4,4,5,4,3,4,3,4,3,4,3,4,3,3,3,2,3,2,3,2,2,2,3,2,3,3,1,2,2,2,0,3,2,2,1,1,2,2,1,3,3,4,4,3,3,3,2,4,5,3,2,3,4,5,3,4,3,2,4,2,3,4,3,2,5,4,2,2,2,2,2,2,2,2,2,3,2,3,3,3,2,7,8,8,3,8,9,7,5,5,1,55,2,1,1,1,40,3800,2300,0,861201,기계화 최소 인원 업무,상업계고등학교(상고졸업)
34473,2,3,4,5,2,2,4,5,1,0,4,6,1,0,3,5,3,3,2,3,4,5,1,0,4,5,4,6,4,5,3,5,4,5,3,5,3,5,3,5,4,5,4,5,3,4,4,5,4,5,3,5,1,0,1,0,3,5,3,4,2,3,3,5,3,4,3,5,3,5,3,5,3,5,4,5,3,4,3,3,3,4,3,4,3,4,3,5,4,4,4,3,4,1,4,2,3,3,4,4,4,13,4,1,1,2,0,5,2,3,4,3,5,3,4,3,9,9,9,4,1,4,4,5,4,3,4,3,3,3,5,5,4,4,4,4,3,4,3,3,5,5,2,2,2,2,2,2,2,2,2,3,2,2,2,2,2,7,8,4,5,3,2,3,7,4,1,58,2,2,6,1,40,0,0,3800,814001,공조냉동 기계자격증 자동화 설비,기계
34474,5,4,4,5,3,5,5,5,4,5,4,4,3,4,3,5,4,4,3,3,2,4,4,4,4,4,4,4,3,4,5,5,3,4,5,5,2,4,2,3,4,5,4,5,4,4,3,4,3,4,4,4,4,5,4,5,4,4,3,4,3,5,3,4,3,4,5,5,4,4,4,4,4,5,4,5,3,4,4,5,3,5,2,3,5,4,3,3,3,3,3,4,4,3,4,3,3,5,4,4,5,18,1,3,1,2,0,4,5,4,4,3,4,4,3,4,4,3,4,4,4,3,3,4,3,3,3,4,2,3,4,4,4,4,4,3,4,5,4,4,3,3,2,2,2,2,2,2,2,2,2,1,4,2,2,2,2,9,8,4,3,3,4,5,3,7,1,51,4,1,1,1,48,4700,2800,0,416501,영사산업기사 없다 스마트폰 이용 증가 수요 증대,전자공학
34475,3,3,4,2,2,3,2,2,3,3,4,4,3,3,2,2,5,3,5,5,2,3,3,3,2,3,4,3,1,0,4,2,1,0,1,0,2,2,1,0,4,4,4,3,3,4,1,0,5,2,4,2,3,4,2,1,3,5,4,1,3,3,2,2,4,2,3,4,5,3,4,3,1,0,5,5,3,2,5,5,4,4,4,3,5,3,3,2,4,4,5,2,2,1,3,4,2,2,3,2,5,13,2,2,1,2,0,2,4,2,1,2,4,5,4,2,9,9,4,3,5,4,3,2,2,4,3,4,3,4,4,2,3,4,3,3,5,3,2,4,3,5,2,2,2,2,2,2,2,2,2,2,4,3,2,2,2,9,9,7,5,3,3,8,9,7,1,35,4,1,1,1,40,4500,4000,0,705902,점수기능사 스킨스쿠버 해양 산업 증가 물류 사업 왕성 수요 증가,기계학
34476,1,0,1,0,1,0,1,0,1,0,1,0,1,0,3,5,1,0,2,3,1,0,2,3,3,4,2,3,1,0,1,0,1,0,1,0,2,3,1,0,3,4,1,0,1,0,1,0,1,0,1,0,1,0,1,0,3,3,2,3,1,0,1,0,1,0,3,4,3,4,3,4,1,0,3,4,3,4,2,3,2,3,2,3,2,3,1,0,3,4,3,3,3,2,3,2,2,3,3,3,4,3,1,3,2,2,0,3,3,3,3,2,3,3,2,4,3,4,4,4,2,3,2,4,4,4,4,4,4,3,2,4,3,3,4,3,4,4,3,4,4,5,2,2,2,2,2,2,2,2,2,1,3,3,2,3,2,7,7,8,2,3,3,5,4,4,1,62,1,1,1,1,50,5000,2500,0,825101,수요 공급,0
34477,3,4,3,3,2,2,3,4,2,3,3,4,2,2,3,3,3,4,2,2,3,3,3,4,3,4,3,4,3,3,3,4,3,3,3,4,3,4,3,3,3,4,3,4,3,4,3,3,3,3,3,4,2,2,1,0,1,0,1,0,2,2,3,4,2,1,1,0,1,0,1,0,3,4,2,2,1,0,2,2,1,0,1,0,2,2,2,1,5,3,2,4,5,4,3,5,2,4,4,2,3,11,1,2,1,1,2,3,5,4,4,3,4,5,3,3,9,9,4,3,2,4,4,3,2,4,3,3,4,3,3,3,2,3,2,3,4,4,3,2,3,4,2,2,2,2,2,2,2,2,2,3,2,1,3,3,1,4,3,3,5,4,3,4,3,6,1,46,4,2,5,1,50,0,0,10000,12402,변액보험사 손해사정사 연수교육 산업 발달,행정학
34478,2,2,2,2,2,2,2,3,2,4,2,4,3,4,2,3,3,4,2,3,2,3,3,5,3,5,3,3,2,3,2,3,3,3,3,3,3,4,3,3,2,3,2,3,3,4,3,4,2,3,2,3,3,5,1,0,5,5,4,5,3,3,1,0,4,3,3,3,2,3,2,2,2,2,2,3,3,3,3,3,2,2,2,2,2,2,5,7,4,3,2,3,4,2,3,3,3,3,4,3,4,18,1,2,1,2,0,6,5,3,3,3,3,4,4,3,3,3,3,3,3,3,3,4,3,4,4,3,3,4,3,4,4,3,3,3,4,4,3,2,3,4,2,1,1,2,2,2,2,2,2,3,2,3,3,3,2,7,7,7,4,3,4,7,4,4,2,37,4,1,1,1,40,4700,3000,0,416501,방송통신기능사 음향 장비 소프트웨어 업데이트 기술 부분 대한 대체 가능,음향
34479,3,4,2,3,2,3,2,2,3,4,4,5,3,4,3,4,2,3,1,0,2,3,3,4,3,4,4,6,3,4,3,4,2,3,1,0,3,4,1,0,3,4,3,4,3,4,1,0,1,0,1,0,1,0,1,0,1,0,1,0,1,0,3,4,2,2,2,2,1,0,1,0,2,2,1,0,1,0,1,0,3,4,2,3,2,2,2,2,4,4,2,4,3,2,4,2,2,3,4,4,4,7,1,2,2,2,0,2,2,4,3,3,4,2,4,4,4,4,4,4,4,4,4,4,2,4,4,2,5,3,4,4,5,5,4,4,5,4,4,4,5,4,2,2,2,2,2,2,2,2,2,3,3,2,2,3,2,8,7,8,2,3,3,8,9,7,1,48,3,1,1,1,40,4000,2600,0,885902,변동 직종,전기공학
34480,4,5,4,5,5,6,4,5,3,4,4,5,4,5,2,2,3,4,4,5,4,5,3,4,4,5,5,6,4,5,5,4,3,5,4,5,5,6,4,5,3,4,4,5,4,5,4,5,4,5,4,5,3,4,5,6,4,5,4,5,5,6,4,6,3,5,2,5,3,4,3,4,5,7,4,5,5,6,3,4,3,5,3,4,4,5,5,6,4,5,3,4,4,3,4,4,3,3,5,4,4,17,4,1,1,2,0,6,6,5,4,4,5,4,3,4,9,9,3,4,2,4,5,4,3,2,2,3,2,4,3,3,5,5,4,3,4,5,5,3,5,4,2,2,2,2,2,2,2,2,2,2,4,2,2,2,2,8,8,7,4,3,4,4,4,5,1,48,6,2,6,1,48,0,0,9000,301401,치과의사 면허증 국가 차원 노인 대상 무료 의치 시술 사업 확대,치의학
34481,2,3,4,3,3,3,4,3,1,0,1,0,4,3,3,3,2,2,3,2,1,0,1,0,4,3,3,3,3,3,3,3,1,0,1,0,1,0,4,4,3,3,3,3,4,4,2,2,3,4,1,0,3,3,3,3,2,2,1,0,1,0,3,3,3,3,4,5,3,2,4,2,1,0,5,5,4,6,3,2,4,3,4,6,4,5,2,3,3,4,4,5,4,2,3,3,3,2,4,3,3,19,1,2,1,1,1,2,2,3,2,2,4,5,5,4,4,5,5,5,3,4,3,3,2,2,4,4,3,4,5,4,2,3,3,4,2,2,3,3,5,4,2,2,2,2,2,2,2,2,2,2,2,3,3,3,2,8,7,7,3,3,5,6,7,8,1,28,2,1,1,1,52,2400,2000,0,863201,양복기능사 양장기능사 직무교육 요즘 제품 품질 갈수록 소비자 선호,문과
34482,5,6,4,6,4,5,4,5,3,4,4,5,5,6,4,5,5,5,4,4,4,5,3,5,4,4,4,5,4,4,4,5,4,5,3,4,4,5,5,6,4,5,4,5,4,4,3,4,3,4,4,5,3,4,3,4,3,3,2,2,2,3,2,2,2,2,2,2,2,2,2,2,2,2,5,5,4,4,3,4,4,5,3,4,3,4,4,4,4,4,4,3,3,4,3,4,4,3,3,4,4,18,1,3,2,2,0,4,2,3,4,4,4,4,4,5,4,4,5,5,3,4,4,3,3,4,4,4,4,4,3,4,4,3,3,4,4,4,4,4,4,3,2,2,2,2,2,2,2,2,2,2,2,3,3,3,2,6,5,5,6,6,5,7,4,5,2,48,3,1,3,1,30,4000,2000,0,415202,시스템 개발,연극영화
34483,5,5,5,4,4,5,3,4,2,4,3,5,2,4,3,4,4,4,4,5,3,5,3,4,3,3,3,4,3,4,3,4,2,3,2,4,4,5,4,5,4,5,4,4,4,4,2,4,3,4,3,5,3,3,3,4,3,4,3,4,4,4,4,5,4,5,3,4,2,3,2,3,2,3,3,4,4,5,2,3,2,4,2,4,3,5,4,4,4,3,4,3,4,4,4,2,4,5,3,4,2,10,1,2,1,2,0,3,4,3,3,3,5,5,3,4,3,3,4,3,2,3,3,5,1,3,3,3,4,4,4,4,4,3,3,3,4,4,4,3,3,3,2,2,2,2,2,2,2,2,2,2,4,3,2,2,2,8,7,5,4,5,5,3,4,4,1,34,3,1,1,1,44,2800,2600,0,136001,전기기능사 통신 장비 정보 통신 전문가 부족 일자리 증가,디지털정보
34484,3,3,3,3,2,3,1,0,1,0,1,0,3,4,1,0,3,4,1,0,1,0,1,0,4,5,1,0,1,0,1,0,1,0,1,0,1,0,1,0,1,0,1,0,1,0,1,0,1,0,1,0,1,0,1,0,1,0,1,0,1,0,1,0,1,0,1,0,1,0,1,0,1,0,4,5,1,0,1,0,1,0,1,0,2,3,1,0,4,4,4,3,3,3,3,4,3,4,3,4,4,15,2,2,2,2,0,7,5,3,3,3,4,4,4,4,4,4,4,4,2,3,3,4,3,3,3,3,4,3,3,4,3,3,3,3,4,4,3,3,4,3,2,2,2,2,2,2,2,2,2,2,2,3,3,3,2,7,6,3,4,4,4,6,3,4,2,35,4,1,1,1,40,4000,3500,0,413102,인구 감소,문화재보존학
34485,3,5,4,4,3,4,3,3,3,4,3,5,1,0,3,5,3,4,3,3,2,3,3,3,4,4,1,0,3,3,3,4,3,4,3,3,3,4,4,4,4,4,1,0,3,3,1,0,1,0,1,0,2,3,1,0,3,4,3,5,1,0,3,3,3,4,4,4,4,4,3,4,1,0,3,4,4,4,3,4,3,5,1,0,3,5,3,4,4,5,4,3,4,2,3,3,4,3,3,3,4,10,1,1,2,2,0,5,4,4,3,3,3,4,4,3,3,4,4,3,3,3,2,4,3,2,3,4,3,3,5,4,4,4,3,3,4,4,3,4,4,3,2,2,2,2,2,2,2,2,2,2,3,2,2,3,2,6,8,6,7,4,3,3,7,5,1,27,3,1,1,1,40,3000,2800,0,842101,포화상태 유지,전자
34486,3,4,3,4,3,4,3,4,2,4,3,4,2,4,2,3,3,5,2,5,3,3,2,4,3,3,2,3,3,4,3,3,3,3,2,3,2,3,3,4,2,4,2,3,2,3,2,3,2,3,3,3,3,3,2,2,2,2,2,3,3,4,3,4,3,3,2,3,2,3,2,3,3,4,1,0,1,0,3,3,1,0,2,3,3,5,3,4,3,2,3,2,3,3,2,4,2,3,2,3,3,19,3,2,2,1,2,2,5,3,4,2,3,3,3,3,2,3,3,3,4,3,2,3,2,2,2,4,2,4,3,3,2,2,2,2,3,4,3,2,3,3,2,2,2,1,2,1,2,1,2,1,3,2,3,3,1,5,5,4,5,5,4,5,6,7,1,29,4,1,1,1,40,2800,1800,0,231501,직무교육 상품 서비스 개발 추진 기계 대체 불가,사회복지학
34487,1,0,1,0,1,0,1,0,1,0,2,2,1,0,2,2,3,3,2,2,2,2,1,0,1,0,1,0,4,5,4,4,1,0,1,0,1,0,2,2,3,4,4,5,2,2,1,0,1,0,2,2,4,5,3,3,1,0,1,0,1,0,1,0,4,5,5,7,4,6,4,6,4,5,3,4,4,5,2,2,4,4,1,0,3,3,3,3,4,4,3,3,4,5,4,3,2,2,3,3,3,8,1,2,1,1,2,5,2,4,4,4,4,4,4,4,4,4,4,4,2,4,4,3,3,4,4,4,3,3,3,3,3,2,2,3,3,4,4,4,4,3,2,2,2,2,2,2,2,2,2,3,2,2,2,2,2,7,6,4,5,6,6,7,4,5,1,50,2,1,1,1,40,5300,4500,0,621203,해기사 직무교육 안전교육 인구 감소,기관
34488,2,2,3,3,2,2,4,4,3,3,2,1,2,2,2,1,2,2,3,3,2,2,1,0,2,3,3,3,4,3,3,4,2,3,2,2,2,2,4,5,3,3,3,3,2,2,2,2,3,2,1,0,3,3,2,2,4,5,4,4,4,4,3,3,4,4,4,4,4,4,3,4,2,1,3,3,2,1,3,4,2,2,3,2,4,5,2,4,3,3,4,3,3,4,3,2,3,3,3,3,4,13,4,1,2,2,0,4,4,3,3,3,3,3,3,3,9,9,9,3,3,3,2,3,2,3,4,4,3,2,2,4,3,3,3,4,4,4,3,3,4,4,2,2,2,2,2,2,2,2,2,1,3,3,3,3,2,8,8,7,6,3,3,6,8,6,1,40,3,2,6,1,60,0,0,4800,881201,자동화 인화,사진영상학
34489,4,5,3,4,3,5,3,4,3,5,4,5,3,4,5,4,4,4,3,5,4,6,4,5,3,5,2,3,2,2,3,5,3,5,3,4,3,5,3,4,3,4,2,2,4,6,1,0,2,3,2,4,4,6,5,7,4,5,3,4,5,6,4,5,2,4,4,5,4,5,4,6,1,0,4,6,2,3,3,5,4,5,3,3,4,6,4,6,4,3,3,3,3,4,2,3,3,4,4,3,3,13,1,3,1,2,0,5,3,3,3,2,3,4,4,2,3,3,3,3,2,4,3,3,4,3,2,3,4,3,3,3,4,2,3,3,4,4,2,4,5,4,2,2,2,2,2,2,2,2,2,2,3,3,3,3,2,3,4,4,3,5,6,7,6,5,1,36,4,1,1,1,40,3500,2800,0,159104,기계설계제도사 설계도 표준화,건축
34490,3,3,3,5,3,4,3,4,4,4,4,4,3,4,3,4,4,4,3,3,2,3,3,4,4,5,3,4,4,5,5,5,4,5,4,4,2,3,3,4,4,4,3,4,4,5,3,4,3,4,3,4,3,4,3,4,3,4,3,3,4,5,3,4,3,4,3,4,3,5,3,4,3,4,3,5,3,4,3,3,3,3,2,3,2,4,3,4,3,4,3,4,4,3,4,2,3,3,3,4,3,7,1,2,2,2,0,6,2,5,4,4,5,4,4,4,3,4,5,4,3,4,4,5,4,4,5,2,3,3,4,3,4,3,3,4,3,5,4,3,5,2,2,2,2,2,2,2,2,2,2,3,2,2,2,2,1,8,6,3,4,3,4,4,4,5,2,45,2,2,5,1,40,0,0,2300,612401,도구 사물 인터넷 발달 일자리,인문계
34491,1,0,1,0,2,3,1,0,2,4,1,0,1,0,1,0,3,3,3,5,3,4,1,0,1,0,3,5,3,4,1,0,1,0,1,0,1,0,1,0,3,4,2,4,3,5,3,4,1,0,3,5,1,0,1,0,1,0,1,0,1,0,1,0,1,0,1,0,1,0,1,0,1,0,1,0,1,0,1,0,4,5,1,0,3,4,1,0,4,3,3,3,3,1,2,4,2,2,4,4,2,6,1,3,1,2,0,7,5,3,3,3,4,4,4,4,4,4,4,4,2,4,4,4,3,2,3,4,3,3,4,4,3,3,3,4,4,5,3,2,3,4,2,2,2,2,2,2,2,2,2,1,3,3,3,3,2,7,6,7,4,3,5,4,4,6,1,51,4,1,1,1,50,5000,4000,0,16101,토목기사 자격증 건축기사 자격증 대체 직종,건설공학
34492,3,3,3,4,2,2,2,2,1,0,1,0,1,0,1,0,2,2,1,0,1,0,1,0,1,0,1,0,1,0,2,2,1,0,1,0,2,1,1,0,2,2,1,0,1,0,1,0,1,0,1,0,1,0,1,0,3,2,2,2,1,0,1,0,2,2,3,3,2,3,2,2,1,0,2,2,3,1,2,2,3,2,2,3,4,4,2,3,3,3,2,3,3,1,2,3,3,3,1,3,3,3,1,3,1,2,0,1,3,2,2,2,3,3,3,2,2,3,3,3,3,4,3,3,3,2,4,3,2,2,3,4,2,2,3,3,3,4,3,3,5,3,2,2,2,2,2,2,2,2,2,2,2,3,3,3,2,7,7,6,4,3,4,7,5,4,1,42,2,1,1,1,48,3000,2400,0,824101,용접기능사 경기 유동 기계화 인력 수요,용접
34493,2,3,4,5,2,2,4,4,3,5,3,3,3,4,4,5,3,4,4,5,3,3,4,5,4,5,3,4,4,4,4,5,3,4,3,3,2,3,4,5,4,5,4,4,3,3,1,0,2,2,1,0,4,4,4,5,4,5,4,5,2,3,4,5,4,5,4,4,3,5,4,4,3,4,4,5,3,3,4,4,3,3,3,4,3,3,2,3,3,5,2,2,5,2,3,4,3,3,4,3,4,3,1,2,1,1,2,2,2,4,3,4,3,4,3,2,3,2,4,3,4,3,3,3,3,2,3,2,3,3,2,4,4,3,3,4,3,4,3,3,3,3,2,2,2,2,2,2,2,2,2,1,2,3,3,3,2,6,4,5,4,4,4,6,4,4,1,39,2,1,1,1,40,3100,2500,0,832201,전자산업기사 해당제품관련 기술파악 산업 기술 발달 영향,공고
34494,3,3,4,4,1,0,2,2,4,4,4,3,1,0,4,3,4,3,1,0,1,0,3,3,3,4,4,3,3,4,3,4,3,2,1,0,3,3,3,4,2,2,2,2,3,3,1,0,1,0,1,0,1,0,1,0,4,5,3,4,1,0,1,0,4,4,4,3,3,4,4,3,1,0,4,5,4,4,3,4,4,6,4,5,4,5,2,3,2,4,2,3,3,2,3,2,2,3,3,3,3,3,1,2,2,2,0,1,2,3,3,2,3,3,2,3,2,2,3,3,3,2,3,4,4,5,3,4,3,3,3,4,2,3,3,4,3,3,3,2,3,3,2,2,2,2,2,2,2,2,2,2,2,3,3,3,2,6,5,6,5,6,6,6,6,5,1,48,2,1,1,1,40,3400,2500,0,861201,공장 해외 이전 인건비 저렴,인문계
34495,3,4,4,4,5,4,2,3,3,3,2,3,1,0,2,3,3,3,1,0,2,3,1,0,2,3,2,3,3,4,2,3,3,4,3,5,4,3,5,5,3,4,3,3,2,3,3,4,3,4,2,3,1,0,1,0,1,0,1,0,3,3,1,0,1,0,1,0,1,0,1,0,1,0,1,0,1,0,1,0,1,0,3,3,4,4,3,4,3,3,3,3,2,3,2,5,5,4,3,3,5,12,4,1,1,2,0,5,2,4,3,3,4,5,3,4,9,9,4,4,2,5,3,4,3,4,4,1,3,3,5,4,3,2,4,3,3,4,3,2,4,4,2,2,2,2,2,2,2,2,2,1,3,3,2,2,2,6,4,4,5,4,5,4,6,5,1,56,2,2,6,1,45,0,0,4500,611001,공인중개사 현재 경쟁 일자리 변동 크게,인문계
34496,4,6,4,5,1,0,3,5,2,3,4,5,3,3,3,3,5,6,3,4,2,3,2,4,3,4,1,0,1,0,1,0,1,0,1,0,3,4,2,4,1,0,1,0,1,0,1,0,2,1,3,3,3,4,2,1,4,6,4,6,2,1,3,3,3,5,4,4,5,7,5,7,3,4,5,6,4,6,4,6,3,5,3,5,5,7,4,6,4,4,3,3,4,2,3,4,1,3,4,4,4,8,1,6,1,1,4,5,4,3,3,3,2,3,3,2,3,4,4,3,3,3,3,3,4,4,4,3,4,4,3,4,5,4,4,3,5,5,4,2,4,3,2,2,2,2,2,2,2,2,2,1,4,2,2,2,2,6,2,7,3,4,6,6,4,2,1,28,3,1,1,1,40,2600,2400,0,812101,항공정비사 작업 공구 취급 실무 교육 항공기 이용 고객 증가 대한 항공기 수요 증대,항공정비
34497,5,7,4,6,3,4,3,4,2,3,5,6,5,7,4,6,5,7,4,6,5,6,4,6,5,6,2,4,1,0,1,0,1,0,1,0,1,0,2,2,4,6,4,5,2,3,2,2,2,2,1,0,1,0,1,0,2,2,1,0,5,6,1,0,3,4,1,0,1,0,1,0,1,0,4,5,1,0,1,0,1,0,1,0,4,5,1,0,4,3,4,4,4,2,4,4,2,3,3,3,4,18,4,1,2,1,3,2,2,4,3,4,4,5,3,4,9,9,4,4,2,5,4,3,5,4,3,2,4,3,3,5,4,4,3,3,4,4,4,3,4,3,2,2,2,2,2,2,2,2,2,1,4,3,3,3,2,8,8,6,2,2,3,8,8,1,2,29,4,1,4,2,63,5700,1750,0,414301,작품 윤리 교육 표준계약서 작성 문화 콘텐츠 관련 사이트 플랫폼 증가,화학공학
34498,5,7,5,7,3,4,3,5,3,3,4,5,3,4,3,5,3,4,2,3,3,5,4,5,4,5,2,3,4,5,4,6,3,5,2,3,2,3,3,5,4,5,3,4,3,4,3,4,4,4,4,5,3,3,1,0,4,5,1,0,3,4,4,6,3,3,4,3,3,3,3,3,2,2,5,7,4,6,3,4,1,0,3,5,5,4,3,3,4,4,3,3,4,3,4,2,2,3,3,3,3,17,1,2,1,2,0,6,6,5,4,4,5,5,3,4,9,5,4,4,1,5,4,5,4,4,4,4,3,3,3,4,3,4,5,5,4,4,4,4,4,3,2,2,2,2,2,2,2,2,2,1,3,3,3,3,2,6,7,4,5,7,6,7,5,7,2,34,5,2,5,1,48,0,0,7500,301401,치과의사면허증 건강 대한 인식,치의학
34499,3,5,2,3,2,4,2,4,3,4,4,5,3,3,3,5,2,4,2,3,4,5,3,4,3,3,4,5,2,2,1,0,1,0,1,0,1,0,1,0,3,5,4,4,3,3,1,0,2,3,1,0,2,4,2,4,3,2,2,3,4,5,3,5,2,3,2,4,3,4,3,3,1,0,1,0,1,0,1,0,1,0,2,1,3,4,3,3,5,2,4,5,5,4,4,2,2,4,2,1,1,15,2,5,1,1,1,3,5,5,4,4,4,4,3,4,3,4,5,4,2,4,3,4,4,2,4,2,5,4,4,5,2,3,3,3,4,4,4,2,4,4,2,2,2,2,2,2,2,2,2,1,4,3,3,3,2,8,7,6,7,4,4,4,3,3,1,30,4,1,1,1,40,4300,3200,0,155302,수질환경기사 수질관리 교육 환경오염 수요 증가,화학공학
34500,2,5,2,5,3,5,2,5,2,3,3,4,1,0,3,5,2,5,2,4,2,4,2,4,2,4,1,0,2,4,2,4,2,4,2,3,3,4,3,5,3,6,3,4,3,4,1,0,1,0,2,4,4,5,1,0,3,4,3,4,1,0,1,0,4,4,4,4,3,4,3,4,1,0,5,5,4,4,3,4,3,4,3,3,3,5,3,4,4,4,4,3,4,1,4,4,3,2,3,4,4,8,2,6,1,1,5,7,2,3,4,3,3,4,4,2,3,5,5,4,3,3,3,2,3,3,4,3,5,5,4,3,3,3,3,3,3,3,3,4,4,5,2,2,2,2,2,2,2,2,2,2,3,1,1,3,1,4,4,4,4,4,4,2,2,2,1,26,2,1,1,1,40,4000,3000,0,831101,철도차량기술사 전기기능사 전기전자부분 관련 현장 실무교육들 산업 시설 분야 인력,특수산업설비
34501,3,3,2,4,2,3,2,2,1,0,1,0,1,0,4,4,3,3,1,0,1,0,1,0,2,3,3,5,1,0,1,0,1,0,1,0,1,0,1,0,1,0,1,0,1,0,1,0,1,0,1,0,1,0,1,0,2,3,1,0,1,0,1,0,3,4,3,4,3,2,3,2,1,0,3,4,3,4,3,3,4,3,2,3,4,2,2,2,1,1,1,3,3,1,3,2,2,2,1,2,2,3,1,5,2,2,0,1,1,3,3,3,3,2,3,3,2,3,4,3,3,2,4,4,3,3,4,4,3,3,4,3,4,3,2,3,2,5,4,2,4,3,2,2,2,2,2,2,2,2,2,3,2,2,2,2,2,8,8,7,8,8,7,8,4,4,1,37,2,1,1,1,40,3000,2400,0,816103,공정 자동화,금속가공
34502,2,3,2,2,2,2,3,3,3,4,1,0,1,0,3,4,3,4,1,0,1,0,3,3,5,5,1,0,1,0,3,4,1,0,1,0,3,3,2,3,2,2,1,0,1,0,1,0,2,2,1,0,4,3,3,4,4,7,3,5,1,0,2,2,4,4,2,4,4,5,3,4,1,0,5,4,5,5,2,2,3,4,4,4,3,4,3,2,1,2,2,3,3,2,3,3,2,3,2,3,2,3,1,3,1,2,0,4,2,4,3,4,4,3,3,3,2,3,3,3,4,2,2,4,2,3,2,3,2,4,4,4,4,3,3,4,4,3,2,1,4,4,2,2,2,2,2,2,2,2,2,2,2,3,3,3,2,7,8,7,8,6,7,8,7,7,1,28,2,1,1,1,40,2600,2400,0,822101,판금기능사 공정 자동화 기계화,금속기계
34503,2,2,3,3,2,2,1,0,2,2,2,3,1,0,1,0,2,3,2,5,1,0,2,4,3,5,2,2,3,1,2,4,1,0,1,0,2,4,3,2,4,4,4,6,3,4,1,0,3,2,2,4,4,3,4,4,5,6,5,5,3,2,4,5,4,3,5,5,5,4,4,4,4,3,3,2,5,5,4,4,3,5,4,4,3,3,1,0,2,1,3,3,3,2,1,2,3,3,2,2,2,3,1,2,2,2,0,2,2,3,3,2,4,3,4,1,2,3,2,3,3,3,2,3,3,4,4,2,3,3,4,5,5,3,4,3,4,5,5,4,3,4,2,2,2,2,2,2,2,2,2,2,1,2,3,2,2,7,6,6,5,6,6,3,5,4,1,43,3,1,1,1,48,4300,2600,0,852201,중국 저가 화학 제품 증가 일자리 감소,기계
34504,5,7,4,6,4,6,5,7,4,6,5,6,4,6,5,6,4,6,4,6,5,6,5,6,4,6,5,6,5,6,4,6,5,6,4,6,4,6,5,7,5,7,4,6,5,6,5,4,4,6,5,6,5,6,2,3,2,2,2,2,5,7,1,0,1,0,2,2,4,5,2,3,1,0,1,0,2,2,4,5,5,3,4,6,4,6,4,6,4,4,4,5,5,5,5,4,4,4,4,4,3,16,5,3,1,2,0,2,5,4,4,4,4,4,4,4,4,4,4,4,4,4,4,4,3,4,4,4,4,3,4,4,4,4,4,3,4,4,4,4,4,4,2,2,2,2,2,2,2,2,2,1,2,3,3,3,1,7,7,6,7,6,6,7,6,7,1,48,4,1,1,1,40,5500,3000,0,212101,정교사 자격증 출산율 점점,수학교육
34505,3,3,3,3,1,0,1,0,1,0,1,0,2,2,3,4,3,4,2,2,3,3,3,2,4,4,3,3,2,4,3,3,2,2,1,0,1,0,3,4,3,4,3,4,3,4,4,3,3,5,3,4,4,4,3,3,4,4,4,4,2,2,2,2,2,3,2,2,3,3,2,2,3,5,3,3,4,4,4,4,4,4,4,4,3,3,4,4,4,5,4,3,4,3,4,4,3,4,4,3,4,4,2,2,1,1,1,7,3,4,4,4,4,3,4,4,4,5,4,4,3,4,3,3,4,5,4,4,3,4,3,4,4,5,4,4,5,4,4,5,4,4,2,2,2,2,2,2,2,2,2,1,3,3,3,3,2,6,7,8,8,7,7,6,6,5,1,33,3,1,3,1,58,2800,2200,0,842301,전기2급자격증 현장실습 교육이 필요해요 현장 작업 자동화 한계,전자공학
34506,4,5,5,5,4,5,4,5,4,5,5,6,4,4,4,5,4,5,4,5,4,5,4,5,4,5,4,5,4,4,4,5,4,5,4,5,4,5,5,5,4,5,4,5,5,5,4,5,4,5,4,4,4,5,4,5,5,6,4,5,4,5,4,5,3,4,4,5,3,4,5,4,4,5,1,0,3,4,2,3,1,0,3,4,4,4,3,3,5,4,1,4,4,3,4,4,3,4,4,4,4,3,1,4,2,2,0,5,5,4,4,4,4,5,3,4,4,3,4,4,2,4,4,3,3,2,3,2,5,3,3,4,4,3,5,4,2,4,5,2,5,4,2,2,2,2,2,2,2,2,2,3,2,3,2,3,2,3,5,3,3,1,4,4,4,4,1,42,5,1,1,1,45,5200,3200,0,151101,불황 대규모 신규 건설 공사 갈수록,기계제어공학
34507,4,5,4,4,4,4,4,5,4,5,4,5,4,4,4,5,4,4,4,5,4,5,4,5,4,4,4,5,4,5,4,5,4,5,4,4,4,4,4,4,4,4,4,4,4,4,4,4,4,5,4,4,4,4,4,4,4,4,4,5,4,5,4,5,4,3,4,4,4,3,4,4,4,5,4,5,4,4,4,5,4,4,4,5,4,5,4,4,4,4,4,3,4,4,3,4,3,4,4,4,4,4,1,2,1,2,0,4,5,4,4,4,4,4,4,4,4,4,4,4,2,4,4,4,4,4,4,3,4,4,4,4,4,4,3,4,3,4,3,3,4,4,2,2,2,2,2,2,2,2,2,3,4,3,2,3,2,7,7,7,7,7,7,8,8,8,1,52,4,1,1,1,40,5400,3000,0,153101,전기기사 전기 제품 발달,컴퓨터공학
34508,4,6,4,6,4,5,3,4,5,5,4,5,3,5,4,6,5,6,3,4,5,6,3,5,3,4,5,5,3,4,3,3,3,3,3,3,3,4,4,4,3,5,3,5,4,4,4,4,1,0,2,3,5,4,5,5,4,5,3,5,4,4,3,4,4,4,4,6,4,4,4,4,3,4,1,0,2,3,3,3,1,0,2,3,5,4,4,3,4,3,2,3,3,4,3,5,2,3,3,3,3,3,1,4,1,2,0,5,5,4,3,3,3,3,3,3,4,4,4,4,3,3,3,2,3,3,1,3,3,4,2,5,3,3,4,3,2,3,4,3,4,4,2,2,2,2,2,2,2,2,2,2,3,3,3,3,2,5,5,4,4,4,4,4,6,4,1,36,4,1,1,1,44,4200,3300,0,151101,기계제작기술사 기계 산업 발전,기계공학
34509,3,4,3,5,2,3,2,3,2,3,2,2,1,0,3,3,3,5,4,6,2,3,2,2,5,6,4,4,2,3,2,3,2,2,2,2,2,2,3,4,2,3,3,3,2,3,2,2,2,3,3,4,3,4,2,3,3,4,3,5,4,5,3,5,5,5,4,5,4,5,4,5,2,3,3,4,3,4,2,2,2,3,1,0,3,6,3,4,4,3,3,4,4,3,4,3,3,3,4,3,3,8,1,2,2,2,0,1,5,4,3,3,4,4,3,3,3,4,4,4,2,5,4,5,4,4,4,3,4,2,2,4,4,4,5,5,5,5,4,3,4,5,2,2,2,2,2,2,2,2,2,2,3,2,2,3,1,8,6,4,3,3,4,8,6,7,1,51,4,1,1,1,40,3800,2600,0,28201,운수 관련 성장 감소 상태 유지,행정학
34510,5,7,5,6,4,6,4,6,3,4,4,5,3,4,3,4,4,6,3,4,3,4,5,7,5,6,4,6,5,6,4,5,4,5,3,4,5,7,5,6,4,6,4,6,4,5,3,4,3,4,5,6,4,5,1,0,1,0,1,0,3,4,4,5,1,0,1,0,1,0,1,0,4,5,4,3,4,3,3,4,3,4,3,4,4,6,5,6,4,5,4,4,5,4,2,4,3,4,4,3,4,16,5,2,1,1,3,3,5,5,4,4,4,4,4,4,2,3,4,4,2,4,4,4,4,4,4,4,3,3,3,4,4,5,4,4,5,5,4,4,4,4,2,1,2,1,1,2,2,2,2,1,4,2,2,2,1,2,2,2,3,2,2,8,2,2,2,29,4,1,1,1,40,3300,2700,0,214102,교원자격증 인성교육 성교육 외국어 습득 과정 컴퓨터 프로그램 도입 사용 범위 외국어 구사 사람 증가 때문,교육학
34511,3,3,3,5,2,2,2,3,3,4,2,3,2,3,3,4,3,3,3,3,3,3,3,4,3,4,3,5,2,3,3,4,2,2,2,2,3,4,3,3,4,4,3,3,2,3,2,2,2,3,2,2,3,4,2,2,4,6,3,3,2,2,3,5,3,4,4,4,4,5,3,4,4,4,3,5,3,4,3,3,3,3,3,4,3,3,3,4,3,4,2,3,4,3,4,2,3,3,4,3,4,3,1,2,1,2,0,3,2,4,3,3,4,5,3,3,3,2,4,3,3,2,3,3,3,3,4,2,4,2,2,4,4,4,3,4,3,5,3,3,4,4,2,2,2,2,2,2,2,2,2,2,2,1,1,3,1,5,5,4,5,4,4,4,5,4,1,43,2,1,1,1,40,3300,2000,0,882301,펄프제지강사 디지털 시장 발달 영향,기계
34512,3,3,3,3,2,3,2,3,3,4,4,4,3,4,4,3,4,3,3,5,4,4,2,4,3,3,4,4,3,3,2,3,3,4,4,4,2,4,4,4,4,4,5,5,2,3,2,3,3,3,3,3,4,4,5,5,5,6,4,4,3,3,3,4,4,4,4,5,4,4,3,4,2,3,3,2,3,3,2,3,2,2,2,2,4,3,4,3,4,4,2,4,3,2,3,4,4,3,4,3,4,3,1,2,1,2,0,5,4,4,4,4,4,5,4,4,5,5,5,5,3,4,4,4,3,3,4,4,4,5,3,3,4,5,5,4,4,3,3,3,4,3,2,2,1,2,2,2,2,2,2,3,1,3,2,3,1,3,2,5,4,5,6,5,7,5,1,46,4,1,1,1,40,3900,2100,0,153104,전기기사 산업기사 기계 도입 시스템 개발,기계
34513,3,5,3,4,4,5,4,5,3,4,2,3,1,0,2,3,4,4,1,0,1,0,4,5,2,3,2,3,3,4,1,0,2,3,1,0,4,5,2,3,2,3,1,0,3,4,1,0,1,0,1,0,1,0,1,0,1,0,1,0,3,4,1,0,2,3,1,0,1,0,1,0,2,3,2,3,1,0,1,0,1,0,1,0,1,0,1,0,3,2,3,3,4,3,4,4,3,3,4,3,4,16,5,2,1,2,0,1,5,3,3,4,4,3,4,4,5,4,3,4,3,4,3,3,4,3,4,4,3,3,4,3,3,4,3,4,3,4,3,3,4,4,2,2,2,2,2,2,2,2,2,2,2,2,3,3,1,3,3,3,5,4,4,4,5,5,1,41,5,1,1,1,38,3720,3110,0,214201,자바 온라인 컴퓨터 대신 수도 때문,컴퓨터공학
34514,1,0,3,2,1,0,4,3,4,2,3,2,1,0,3,2,3,3,3,3,3,2,3,3,4,2,3,2,3,3,3,3,3,2,3,2,3,3,3,2,4,4,4,3,4,2,3,2,3,2,3,3,2,1,4,2,4,2,2,2,1,0,3,2,3,1,4,2,2,1,2,1,2,3,5,4,5,2,2,1,4,5,4,5,2,1,2,1,4,5,2,2,2,1,2,2,1,2,2,2,3,6,1,2,2,2,0,6,2,2,1,1,4,2,2,2,3,2,3,3,4,4,2,1,2,4,4,4,4,4,2,4,2,2,2,2,4,4,4,3,5,5,2,2,2,2,2,2,2,2,2,1,3,2,2,2,2,7,7,7,5,5,5,3,5,6,1,58,2,1,1,1,36,2400,2000,0,702501,기술 변화 요인 대체 때문,문과
34515,4,5,5,6,2,3,3,4,4,5,4,5,3,3,4,6,4,5,1,0,3,3,4,5,5,6,3,3,4,5,3,4,4,5,2,4,3,3,4,5,3,4,3,4,4,5,4,5,4,5,2,4,4,4,4,5,4,5,5,6,1,0,4,5,4,4,4,5,5,5,4,5,2,3,4,5,4,5,4,5,4,5,4,5,3,3,3,3,4,3,4,3,4,1,4,4,5,4,4,3,4,13,1,2,1,2,0,7,4,3,3,2,4,3,2,3,4,3,4,3,2,3,3,4,4,5,5,4,2,2,2,4,5,4,4,4,5,5,5,3,4,3,2,2,2,2,2,2,2,2,2,2,4,2,2,3,2,8,5,5,3,5,6,3,6,4,1,40,3,1,1,1,40,4500,2500,0,306701,보조기사자격증 고령화 시대 의지 조기 필요,재활학
34516,4,4,4,4,4,4,4,4,4,4,4,4,4,4,3,3,4,4,4,4,4,4,4,4,4,4,4,4,4,4,4,4,4,4,4,4,4,4,4,4,4,4,4,4,4,4,4,4,4,4,4,4,4,4,5,6,5,6,4,4,3,3,4,4,5,5,5,5,5,6,5,6,4,4,5,6,4,4,4,4,4,5,4,4,4,4,4,4,3,4,2,3,4,2,3,4,2,4,3,4,2,3,1,2,2,1,1,7,2,4,3,2,3,4,3,3,3,3,4,3,3,4,2,4,4,3,4,4,3,4,3,4,3,5,3,4,5,5,4,2,4,3,2,2,2,2,2,2,2,2,2,2,2,2,2,3,2,5,4,4,6,4,4,6,4,4,1,46,2,1,1,1,60,3800,2700,0,882101,사양에 맞게 가공하는 교육 나무 소재,기계
34517,4,5,4,4,4,5,3,4,3,4,3,3,3,5,3,4,3,3,3,4,2,4,3,5,3,3,2,2,3,3,2,3,3,4,3,4,3,3,2,3,2,2,3,3,2,3,2,3,3,3,2,3,2,3,3,2,3,3,3,2,2,2,2,1,2,1,5,3,3,5,5,4,4,4,4,4,2,5,4,4,4,3,1,0,3,3,2,5,4,4,3,3,3,3,2,3,3,4,4,3,3,15,2,2,1,2,0,2,5,5,5,5,5,5,4,5,5,5,5,3,4,4,4,4,4,5,4,4,4,4,4,4,3,3,5,5,5,4,4,4,4,4,1,1,1,1,1,1,1,1,2,3,1,3,3,3,2,9,5,9,3,9,6,8,8,7,1,38,4,1,1,1,52,7000,4000,0,903101,산림기사 프로그램 도입 업종 감소,산림
34518,5,6,5,7,5,6,5,7,5,6,5,6,1,0,4,6,5,6,3,5,4,4,3,5,4,5,3,3,4,5,4,5,5,6,4,5,3,3,4,5,4,5,4,6,5,7,4,5,3,4,2,4,3,4,1,0,3,3,4,5,4,5,1,0,2,3,1,0,2,2,1,0,2,3,2,3,4,4,3,3,1,0,3,5,4,5,5,6,4,4,5,5,3,5,4,2,3,2,4,3,4,11,1,3,1,2,0,3,4,3,3,2,5,5,4,5,3,4,4,5,3,3,2,3,5,4,3,3,4,3,4,4,5,3,2,4,3,4,4,3,4,3,2,2,2,2,2,2,2,2,2,2,2,2,2,3,2,5,3,4,7,3,5,4,3,7,2,28,4,1,1,1,50,6000,3500,0,33201,보험계리사 인터넷 이용 보험 출시,보험학
34519,2,2,3,3,2,1,2,1,2,3,4,4,1,0,2,2,4,4,4,5,4,3,3,4,5,2,2,4,1,0,4,3,1,0,1,0,2,2,3,2,3,6,4,4,4,4,2,2,2,3,3,2,4,4,4,7,4,6,5,7,5,2,3,4,5,5,4,5,5,7,5,6,4,1,4,3,5,5,3,3,4,2,2,2,2,1,1,0,4,4,3,2,3,2,3,4,2,3,4,3,4,5,2,3,1,2,0,2,4,4,4,2,4,5,3,5,4,3,4,4,3,4,4,4,5,4,2,3,4,4,4,3,2,2,4,4,4,3,4,2,5,5,2,2,2,2,2,2,2,2,2,2,4,2,2,2,2,5,6,6,4,3,4,5,3,4,1,47,4,1,1,1,40,5900,3800,0,853101,수질환경기사 선진국 직업 발전 예정,환경공학
34520,4,4,4,5,4,4,3,5,3,4,3,4,3,4,3,5,4,5,3,5,3,3,3,3,3,4,2,3,3,4,3,4,3,3,3,4,2,3,2,2,3,3,3,4,4,4,1,0,1,0,2,4,1,0,1,0,1,0,1,0,4,5,1,0,1,0,1,0,1,0,1,0,3,4,1,0,1,0,1,0,1,0,1,0,3,4,3,3,4,4,2,3,2,4,4,4,3,4,4,4,2,3,1,2,2,2,0,3,2,3,3,3,4,4,3,3,2,3,4,3,2,4,4,5,4,4,3,4,5,2,3,4,2,2,3,4,4,4,4,2,4,5,2,2,2,2,2,2,2,2,2,2,2,3,3,3,2,2,7,5,3,8,5,2,7,5,2,39,4,1,1,1,42,2800,2000,0,26301,업무 전산 화가 발달 것이므,중어중문학
34521,4,5,4,5,4,5,4,5,3,4,4,5,3,4,4,5,3,4,4,5,4,5,4,5,4,5,4,5,4,5,4,5,3,4,3,4,3,4,4,5,3,4,4,5,3,4,4,5,4,5,4,5,4,5,4,5,4,5,1,0,2,3,4,5,3,4,3,4,3,4,2,2,3,4,1,0,2,3,1,0,1,0,1,0,3,4,3,4,4,3,2,4,4,3,3,4,3,4,4,3,4,17,1,4,1,2,0,4,6,4,4,4,4,4,4,4,4,4,4,4,3,4,3,4,3,3,4,3,4,3,4,4,3,3,4,4,3,4,4,3,4,3,2,2,2,2,2,2,2,2,2,1,3,2,2,3,2,2,2,2,3,3,2,4,4,4,1,48,5,1,1,1,40,7000,4000,0,11201,의사 자격증 건강 관리 인간 때문,의학
34522,2,4,3,5,3,5,3,5,3,4,3,5,3,5,3,5,3,4,4,5,3,4,3,5,3,5,3,5,3,5,3,5,3,4,3,4,2,4,3,4,2,4,2,4,3,4,2,3,3,4,2,4,3,4,3,5,3,4,2,4,4,5,3,5,3,5,3,4,3,5,3,4,3,5,1,0,1,0,2,4,1,0,3,3,4,5,2,4,3,3,2,4,4,3,4,3,2,3,4,3,3,6,1,6,1,2,0,6,5,4,4,3,2,4,3,4,3,3,4,3,2,4,3,4,4,2,3,3,4,4,2,4,3,4,3,4,4,4,2,3,4,3,2,2,2,2,2,2,2,2,2,1,3,3,3,3,1,4,6,5,6,7,6,5,6,5,1,35,4,1,1,1,40,5800,5000,0,140501,토목기사 개발 계획 검토 사람 직접,도시계획학
34523,1,0,1,0,1,0,1,0,1,0,1,0,1,0,1,0,1,0,1,0,1,0,1,0,1,0,1,0,1,0,1,0,1,0,3,4,1,0,2,3,2,2,1,0,1,0,1,0,1,0,1,0,1,0,1,0,1,0,1,0,2,2,1,0,1,0,2,2,2,2,2,2,1,0,1,0,1,0,1,0,1,0,1,0,1,0,1,0,3,3,3,2,3,4,3,4,3,3,3,4,3,7,4,1,1,2,0,7,2,3,3,3,4,3,3,4,3,3,4,3,2,3,3,3,2,3,3,4,4,4,3,2,2,2,2,2,2,3,3,3,3,4,2,2,2,2,2,2,2,2,2,2,3,2,2,2,2,9,3,3,4,3,3,7,6,6,1,60,2,2,6,1,60,0,0,5000,871201,떡제조기능사 가공 식품 때문,인문계
34524,4,4,4,5,4,5,4,4,4,5,3,5,3,5,4,4,4,4,3,5,4,5,3,5,4,5,3,5,3,4,3,5,3,5,4,5,4,4,4,4,4,5,3,5,4,4,4,5,3,4,3,4,3,4,3,5,3,5,3,4,3,5,3,5,3,4,3,5,3,5,3,5,3,4,4,4,4,4,4,5,3,5,3,6,4,4,4,4,4,4,3,4,5,4,4,4,3,4,4,3,4,17,1,2,1,2,0,4,3,4,4,3,4,3,3,5,3,4,4,5,3,4,4,4,4,3,4,4,3,4,4,4,4,3,5,4,4,4,3,3,4,2,2,2,2,2,2,2,2,2,2,1,4,2,2,2,1,4,7,6,6,5,5,6,7,4,2,48,2,1,1,1,40,2500,1600,0,307501,간호조무사 방문 간호 가정 간호 확대,인문계
34525,4,6,4,6,4,6,4,6,4,6,4,6,4,5,5,6,4,5,4,5,4,6,4,6,4,6,4,5,4,6,4,6,4,6,4,6,4,5,5,5,4,5,4,6,4,6,4,6,4,6,4,6,4,6,4,6,4,6,4,6,4,6,4,6,4,6,4,6,4,6,4,6,4,6,4,6,4,5,4,6,4,6,4,6,4,6,4,6,4,4,5,4,4,4,4,4,5,4,4,4,4,15,2,2,1,2,0,5,4,3,3,4,4,3,4,5,4,4,4,5,4,3,3,2,3,3,4,3,3,4,4,4,4,3,3,4,4,3,3,4,4,2,2,2,2,2,2,2,2,2,2,1,4,3,3,3,2,5,6,4,5,7,6,6,5,6,2,34,3,1,1,1,40,3600,2900,0,231301,2급청소년지도사 사회 변화 청소년 문제 적극 해결,관광경영
34526,1,0,2,3,2,3,1,0,4,4,4,4,1,0,2,3,2,3,4,5,1,0,2,3,3,4,4,3,3,3,2,3,3,3,3,3,4,5,2,3,2,3,2,3,2,3,1,0,3,3,3,3,2,2,3,5,3,5,3,4,4,4,3,3,2,2,3,4,2,4,2,3,3,5,3,4,3,4,1,0,3,4,3,4,2,4,2,3,3,3,3,3,3,3,4,3,3,2,3,4,2,15,2,2,1,1,2,7,5,3,3,3,4,4,4,4,4,4,3,4,2,4,4,4,4,3,4,3,3,4,4,4,4,4,2,3,4,4,3,4,2,3,2,2,2,2,2,2,2,2,2,1,2,3,3,3,2,5,4,4,5,4,4,5,6,6,1,46,3,1,1,1,41,5500,3340,0,140601,지적기술사 측량기술사 지적 측량기술 실무교육 숙기 건설 산업 영향 고용 인력 축소,지적학
34527,4,5,5,5,4,5,4,4,4,5,5,5,4,5,4,5,3,5,4,5,5,6,4,5,4,4,5,5,5,4,5,5,5,5,4,5,3,4,4,5,5,5,4,5,4,5,3,3,1,0,1,0,4,4,3,4,4,5,3,4,3,4,4,4,4,4,4,4,3,4,3,5,4,5,1,0,3,4,3,4,3,4,2,4,3,5,3,5,4,3,2,4,4,2,4,4,3,4,3,3,4,3,1,2,2,2,0,5,5,3,3,2,4,4,3,4,3,3,4,3,3,3,2,4,2,3,3,4,3,3,4,4,2,4,3,4,3,3,4,2,4,4,2,2,2,2,2,2,2,2,2,2,4,2,2,3,1,8,3,4,5,2,3,7,4,4,1,38,4,1,1,1,40,3180,2880,0,612101,산업 장비 발전 고객 전달 영업 증가,산업공학
34528,4,6,4,4,4,4,5,6,4,5,4,5,4,4,4,5,4,4,4,4,3,4,5,6,4,4,3,4,3,3,3,3,3,4,2,4,4,6,4,5,4,4,4,4,3,4,1,0,1,0,1,0,1,0,1,0,3,4,2,3,3,4,1,0,1,0,1,0,1,0,1,0,1,0,1,0,1,0,2,2,2,2,3,4,4,4,4,5,4,4,3,4,4,4,4,2,2,3,4,3,4,16,5,2,1,2,0,1,4,4,3,3,3,3,3,4,9,9,9,4,3,3,3,3,4,4,4,3,4,4,3,3,3,4,3,4,4,4,4,3,4,4,2,2,2,2,2,2,2,2,2,2,2,3,2,3,1,8,2,2,2,5,5,5,2,3,2,38,3,1,2,2,10,1300,1050,0,212901,보육교사2급자격증 자동화 때문 감소,전문대 유아교육학
34529,3,3,3,4,4,4,3,4,4,5,4,5,4,5,4,5,4,4,3,4,4,4,3,4,4,2,5,4,4,4,4,4,3,4,4,3,4,4,5,5,4,3,4,4,4,3,5,3,4,2,4,4,4,3,5,5,5,2,5,4,5,3,4,4,3,4,4,2,4,4,4,3,4,5,3,2,3,3,3,3,5,4,4,3,4,2,4,2,4,4,2,4,3,3,2,3,3,3,3,3,3,9,1,1,2,1,6,4,2,3,2,2,2,3,3,3,3,3,3,3,3,2,2,2,3,4,5,4,3,5,3,4,3,3,4,4,3,3,2,2,5,3,2,2,2,2,2,2,2,2,2,1,1,3,2,3,2,6,3,6,8,4,6,1,2,3,2,62,2,2,5,1,48,0,0,3000,531701,바리스타 개론 상태 유지,인문계
34530,4,6,4,5,4,6,4,5,4,5,4,5,3,6,4,5,4,5,4,6,4,5,4,5,4,5,4,5,4,5,4,6,4,5,4,5,4,5,4,5,4,5,4,5,4,4,3,5,4,5,4,4,4,5,4,4,4,4,4,5,4,5,4,5,4,5,4,4,4,5,4,5,4,5,4,5,4,5,4,5,4,5,4,5,4,5,4,5,3,4,3,3,4,4,5,3,3,4,3,5,4,13,2,3,1,2,0,5,5,5,4,4,3,4,4,3,3,4,3,3,3,3,3,4,4,3,4,3,3,4,3,4,3,3,3,3,3,4,4,3,4,5,2,2,2,2,2,2,2,2,2,2,4,3,3,3,1,7,8,8,8,7,7,2,2,2,1,38,4,1,3,1,40,6000,5500,0,155401,대기환경기사 토양환경기사 수질환경기사 환경 관련 산업 지속 발전 예상,환경공학
34531,4,4,4,4,3,4,3,4,4,5,4,4,2,3,3,3,4,4,3,5,4,5,4,4,3,5,3,4,1,0,3,3,2,3,4,4,2,4,3,4,4,4,3,4,2,3,3,4,4,4,3,3,4,4,4,5,3,4,4,4,4,5,4,4,4,4,4,4,4,5,4,4,3,4,4,4,4,4,3,4,2,4,3,4,4,4,3,4,3,4,2,3,3,4,4,3,2,4,4,3,3,13,1,2,2,2,0,5,5,3,4,4,3,4,2,4,4,4,4,4,2,4,3,3,3,2,4,2,2,4,4,4,4,3,3,3,2,4,4,4,4,2,2,2,2,2,2,2,2,2,2,2,2,3,3,3,2,6,6,5,5,4,5,5,4,5,1,29,4,1,1,1,40,3000,2800,0,153301,기계화,전자공학
34532,4,3,4,4,2,3,3,3,2,2,3,2,1,0,3,2,2,2,3,3,3,3,3,4,3,3,1,0,3,4,3,4,2,2,3,3,3,3,3,3,2,2,3,4,3,3,1,0,1,0,1,0,1,0,1,0,3,4,4,4,2,2,4,4,5,5,3,4,5,5,4,3,1,0,3,4,4,4,5,5,5,5,4,4,3,3,4,4,4,3,3,2,2,2,2,3,1,1,2,2,3,19,1,3,1,1,2,3,2,2,2,2,2,3,3,1,1,3,4,2,3,3,3,1,2,1,1,4,3,5,3,2,2,1,2,2,5,4,2,4,5,4,2,2,2,2,2,2,2,2,2,1,4,3,3,3,2,2,4,7,8,9,7,3,6,7,1,39,3,1,1,1,45,3200,2600,0,811201,승강기산업기사자격증 밸런스부화 착상조정 이론 초고 증가 일자리 증가,자동차공학
34533,3,4,3,5,3,3,2,2,3,5,2,3,2,2,2,2,3,4,2,2,2,2,2,3,2,3,2,2,3,4,2,2,2,2,2,2,2,2,2,3,2,3,2,2,2,2,2,2,2,2,2,3,2,2,2,2,2,2,2,2,3,5,2,2,2,2,2,2,2,2,2,2,3,3,2,2,2,2,2,2,2,2,2,2,3,3,2,2,4,4,3,4,4,4,4,2,3,3,4,4,3,15,2,3,2,2,0,1,5,4,3,4,4,4,4,4,3,4,4,4,2,4,3,3,4,2,4,3,4,4,4,4,3,4,4,4,3,5,4,4,5,2,2,2,2,2,2,2,2,2,2,2,2,3,3,3,2,3,4,5,4,6,5,4,4,6,2,40,4,1,1,1,40,4800,2400,0,25101,인구 감소 행정기관 축소,회계
34534,4,6,4,6,4,6,4,6,4,6,4,6,3,5,4,5,3,4,3,4,2,3,3,4,3,3,2,3,2,3,3,4,2,2,1,0,1,0,1,0,1,0,1,0,1,0,1,0,1,0,1,0,1,0,1,0,1,0,1,0,1,0,1,0,1,0,1,0,1,0,1,0,1,0,1,0,1,0,1,0,1,0,1,0,1,0,1,0,4,4,4,3,3,4,4,4,4,4,4,4,4,16,5,5,2,2,0,6,7,4,4,3,4,4,4,5,4,4,4,4,2,3,3,4,4,3,3,2,2,3,4,3,3,2,3,3,3,2,3,3,3,4,2,2,2,2,2,2,2,2,2,2,3,3,3,3,1,3,4,3,2,2,3,3,4,4,1,37,6,1,1,1,50,6000,3200,0,121102,기초과학 대한 무시 경향,화학
34535,2,4,1,0,1,0,3,5,3,5,3,4,1,0,2,4,3,5,1,0,2,3,2,4,4,6,3,5,1,0,2,1,3,5,2,3,1,0,5,6,3,4,3,3,4,5,1,0,3,5,1,0,4,6,3,5,4,6,3,5,3,3,4,6,4,6,4,6,3,4,4,6,1,0,3,4,3,4,3,4,2,3,2,3,5,5,2,2,4,2,3,3,4,2,4,4,4,2,4,4,3,5,1,2,1,2,0,2,5,4,3,4,5,5,4,5,4,4,3,5,4,2,3,4,3,3,2,4,3,4,4,4,3,3,5,4,4,3,3,4,5,5,2,2,2,2,2,2,2,2,2,2,3,3,3,3,2,8,6,7,4,3,6,4,7,6,1,34,4,1,1,1,40,3700,3300,0,155303,폐기물처리산업기사 폐기물 증가 연구 증가 유지,에너지공학
34536,5,3,5,5,5,5,5,6,5,5,5,4,5,3,5,2,5,5,5,5,5,3,5,5,5,4,5,4,5,4,5,4,5,3,5,3,5,3,5,4,5,3,5,3,5,3,5,3,5,2,5,3,5,3,5,5,5,5,5,5,5,6,5,3,5,4,5,2,5,2,5,2,5,3,5,2,5,2,5,3,5,2,5,2,5,6,5,6,4,4,5,3,4,4,5,2,3,4,4,5,5,16,5,2,2,2,0,6,5,4,4,4,5,5,4,3,3,3,4,3,1,5,5,5,5,4,5,1,5,4,3,5,4,5,4,5,5,5,4,4,5,3,2,1,2,2,2,2,2,2,2,2,2,3,2,2,2,9,5,1,5,2,5,1,1,3,2,58,4,1,1,1,50,7000,2000,0,411301,사정 컴퓨터 프로그램 도입 사용 작업,잡지기획
34537,5,6,4,6,4,6,5,6,3,5,4,6,3,5,4,6,4,5,4,5,4,6,4,5,4,6,4,6,4,5,4,6,4,6,4,5,3,5,4,5,4,5,4,6,5,4,3,5,4,5,4,5,4,5,2,4,4,5,3,5,4,6,2,4,4,3,4,4,3,3,4,4,3,4,2,3,2,4,5,5,5,6,4,5,4,5,4,5,4,4,4,3,3,2,5,4,2,4,4,4,3,15,2,5,2,1,1,7,5,4,3,2,3,3,2,3,3,3,3,3,3,3,3,4,5,2,3,2,4,3,2,4,3,4,3,3,4,4,4,3,4,4,2,1,1,2,2,1,2,2,2,2,3,3,3,3,2,8,8,8,2,7,7,2,5,7,1,35,4,1,1,1,48,3800,3200,0,240101,개정 법률 적용 사례 컴퓨터 프로그램 대한 업데이트 신규 무전기 스마트폰 결합 법률 개정 교육 필요성 대면 봉사 업무 이기 때문 향후 변동 예상,국제무역학
34538,3,3,3,3,3,5,2,2,1,0,1,0,1,0,4,5,3,5,2,2,1,0,4,5,2,2,1,0,4,5,1,0,1,0,1,0,2,3,1,0,3,3,2,2,3,5,3,5,2,2,3,5,1,0,3,5,1,0,1,0,1,0,1,0,1,0,3,4,1,0,1,0,1,0,1,0,2,2,1,0,1,0,1,0,2,2,3,3,3,4,3,4,4,4,3,4,3,3,4,4,3,5,1,2,1,1,3,3,4,4,4,4,4,4,4,4,3,3,3,3,2,3,3,3,2,2,2,2,3,3,4,4,3,3,3,3,3,3,2,3,3,3,2,2,1,2,2,2,2,2,2,2,3,2,2,2,2,6,6,6,5,5,5,5,5,5,1,32,4,1,1,1,45,3200,2600,0,155301,대기환경기사 오염측정훈련 측정 장비 도입 환경 시장 확대,화학공학
34539,4,5,4,5,3,4,4,5,3,5,4,5,4,4,4,5,3,4,4,5,3,5,4,5,4,5,3,4,4,5,3,5,4,5,3,5,4,5,3,4,4,5,4,4,4,5,3,4,4,5,3,4,4,5,2,3,2,2,2,2,4,5,3,4,4,5,4,5,3,5,4,4,3,4,4,5,3,4,4,5,3,5,3,5,4,4,4,5,4,3,3,4,4,4,3,4,4,4,3,4,4,18,1,2,2,2,0,2,2,4,3,3,4,4,4,4,4,3,3,4,3,4,4,3,4,4,3,3,4,3,3,4,3,3,4,4,4,4,4,3,4,3,2,2,2,2,2,2,2,2,2,2,3,3,3,3,2,6,5,4,4,5,6,7,4,5,1,36,4,1,1,1,40,5000,3500,0,420202,대체 불가능,미술
34540,4,5,3,4,2,2,4,5,3,4,3,4,4,4,4,4,4,4,3,5,3,3,3,4,4,4,1,0,2,2,3,4,3,3,1,0,2,3,2,3,2,2,3,3,2,2,2,2,2,2,2,2,1,0,1,0,1,0,1,0,1,0,1,0,1,0,1,0,1,0,1,0,2,3,2,3,1,0,3,3,1,0,1,0,4,5,5,4,4,3,4,4,3,3,3,4,3,3,3,4,4,18,1,2,2,2,0,5,5,3,3,3,4,3,3,3,3,3,4,3,3,4,3,3,3,4,3,3,4,3,3,3,3,4,3,2,3,3,3,3,3,3,2,2,2,2,2,2,2,2,2,2,3,2,2,2,1,6,6,5,3,3,4,6,4,5,2,30,4,1,3,2,30,3000,2000,0,414401,변화,국악
34541,4,5,5,6,4,5,4,5,5,6,4,5,4,5,4,5,4,5,4,5,4,5,4,5,4,5,4,5,4,5,4,5,4,5,5,6,4,5,5,6,4,5,4,5,4,5,4,6,4,5,4,5,5,6,4,5,4,6,4,5,4,5,4,5,5,6,5,6,5,6,5,6,4,5,5,6,4,5,5,6,4,5,5,6,4,5,4,5,5,5,4,4,4,4,4,5,5,4,4,4,4,3,1,2,1,2,0,3,2,3,3,4,4,4,4,5,4,5,5,4,4,4,3,4,4,3,5,4,4,3,4,4,4,5,4,4,3,4,4,4,4,3,2,2,2,2,2,2,2,2,2,2,2,3,2,2,2,8,5,8,7,6,7,7,6,6,1,39,4,1,1,1,42,4000,2500,0,821201,압연기능사 밀링기능사 기술 개발,재료공학
34542,2,4,4,4,3,4,4,4,4,4,4,4,4,4,3,3,3,4,3,5,3,5,3,6,2,3,3,5,3,3,2,4,4,4,2,3,2,2,1,0,3,3,3,3,3,3,4,3,3,3,3,4,2,3,2,3,3,4,2,3,3,3,2,4,2,3,3,3,3,5,4,5,4,5,3,5,3,6,3,5,4,5,4,4,3,5,4,4,4,4,3,4,3,5,3,3,3,4,4,3,4,6,1,2,1,2,0,5,4,3,4,4,4,4,4,4,4,5,4,4,3,4,4,4,3,4,3,3,4,4,4,4,3,4,4,4,3,3,4,4,4,4,2,2,2,2,2,2,2,2,2,2,2,2,2,2,1,8,8,3,4,3,5,7,4,6,1,38,4,1,1,1,40,3400,2600,0,140701,건설재료시험 기계 장비 성능 향상 인력 비용,토목
34543,1,0,1,0,1,0,1,0,1,0,1,0,1,0,3,4,1,0,1,0,1,0,1,0,1,0,1,0,1,0,1,0,1,0,1,0,1,0,1,0,3,4,1,0,1,0,1,0,1,0,1,0,3,4,2,3,3,4,1,0,1,0,2,4,4,5,2,3,1,0,1,0,1,0,1,0,1,0,1,0,4,5,1,0,1,0,1,0,4,3,3,3,2,1,2,3,2,3,3,3,3,3,1,5,2,2,0,7,3,4,3,3,4,4,4,3,3,3,3,3,2,3,3,4,2,2,3,3,2,4,3,4,4,4,3,3,5,5,3,3,3,4,2,2,2,2,2,2,2,2,2,1,1,2,2,2,1,7,7,6,3,3,3,7,2,4,1,49,2,1,1,1,45,4500,2500,0,852101,인구 감소 경기 악화 수요,기계
34544,4,4,4,5,4,4,3,5,4,4,4,4,4,4,4,5,4,4,4,5,3,5,3,5,3,5,3,5,4,5,4,5,3,5,4,5,4,5,4,6,4,4,3,5,3,5,4,4,4,4,4,5,4,5,1,0,1,0,1,0,4,5,4,6,4,5,4,4,3,5,3,5,3,5,4,4,3,5,3,5,3,5,2,2,3,4,4,4,4,4,4,3,4,4,3,4,3,4,4,3,4,16,5,4,2,1,2,2,6,4,3,4,4,4,4,4,3,4,4,4,4,4,3,4,3,4,4,4,3,4,4,4,4,3,4,4,4,3,4,4,4,4,2,2,2,2,2,2,2,2,2,1,3,3,3,3,2,5,6,6,6,5,5,6,5,4,1,58,5,1,3,1,52,6000,3000,0,13202,체계적인 훈련 필요 관리 사람,교육학
34545,4,6,4,6,4,6,4,5,4,6,4,6,4,6,4,5,4,4,4,4,4,5,4,5,4,4,4,5,4,5,4,5,4,5,4,4,4,5,4,4,4,5,4,5,4,4,4,5,4,5,4,5,4,5,4,5,4,5,4,5,4,5,4,5,4,5,4,5,4,5,4,5,4,5,4,5,4,5,4,5,4,5,4,2,4,5,4,5,4,4,3,4,4,4,4,4,4,4,4,4,3,15,2,2,1,1,4,5,5,4,4,4,4,4,4,4,4,4,4,4,2,4,4,4,4,4,4,2,4,4,4,4,4,4,4,4,4,3,3,3,4,4,2,2,2,2,2,2,2,2,2,3,3,2,2,3,2,7,7,7,8,8,8,7,7,7,1,52,4,1,1,1,40,7100,3500,0,23301,관세사 실무교육 일반인,경영학
34546,3,3,3,3,3,3,2,3,3,4,3,4,2,3,3,3,3,4,2,3,3,4,3,3,2,2,1,0,1,0,1,0,1,0,1,0,2,3,1,0,3,4,1,0,2,3,1,0,1,0,1,0,1,0,1,0,2,2,4,4,2,2,1,0,2,3,2,2,2,2,2,2,1,0,2,2,2,2,1,0,3,5,1,0,4,4,3,3,2,2,2,2,2,1,2,4,3,1,2,2,1,8,2,4,1,2,0,4,3,3,3,2,2,2,2,2,2,2,3,2,4,2,1,4,3,2,3,3,2,4,3,5,2,4,4,4,4,5,3,3,5,4,2,2,2,2,2,2,2,2,2,2,3,3,3,3,2,8,8,8,3,3,3,3,3,3,1,36,4,1,1,1,40,4200,3000,0,705201,철도차량 산업기사 수리 보수 계속,철도환경공학
34547,2,3,3,4,1,0,3,3,2,3,3,4,1,0,4,4,2,2,3,4,1,0,1,0,3,5,1,0,1,0,1,0,1,0,1,0,1,0,3,4,3,2,3,4,2,3,4,3,1,0,1,0,2,3,1,0,4,4,3,4,1,0,1,0,3,3,3,5,5,4,4,4,1,0,3,4,3,4,3,4,3,4,3,5,4,3,2,3,3,4,2,3,3,1,2,2,2,1,2,3,3,6,1,2,1,2,0,7,2,3,2,2,4,3,3,3,2,3,4,3,2,4,4,4,5,3,3,1,4,2,3,4,3,3,2,2,3,4,3,1,4,5,2,2,2,2,2,2,2,2,2,2,2,3,2,2,2,7,9,8,7,9,7,7,5,4,1,57,2,1,1,1,44,4000,2600,0,811301,지게차운전기능사 건설 경기,기계
34548,4,6,4,6,4,6,4,6,4,6,4,6,4,6,4,5,4,6,4,5,4,5,3,5,4,5,4,6,4,5,4,6,4,5,4,5,4,5,4,6,4,5,4,5,4,5,4,5,4,4,4,5,4,5,4,5,3,5,4,5,4,5,4,5,4,5,4,5,4,5,4,5,4,5,4,5,4,5,4,5,4,5,4,5,4,5,4,5,4,3,3,4,4,3,4,4,3,4,4,3,4,16,5,3,2,2,0,7,5,4,3,3,4,4,3,3,4,4,4,4,2,3,4,4,3,3,3,4,3,3,3,4,3,3,3,4,4,4,3,4,4,3,2,2,2,2,2,2,2,2,2,2,3,3,3,3,1,7,6,6,7,7,7,6,6,7,2,43,4,1,1,1,45,6700,3700,0,215105,변화,교육학
34549,2,2,3,3,3,3,3,3,3,3,2,2,3,3,2,2,3,3,2,2,2,2,4,4,3,3,1,0,2,2,2,2,2,2,2,2,2,3,4,2,2,2,2,2,3,3,1,0,2,2,1,0,1,0,1,0,2,2,2,2,1,0,2,2,2,2,1,0,1,0,1,0,1,0,3,3,4,4,2,2,3,3,2,2,3,3,3,3,2,4,1,2,3,1,1,3,2,3,2,3,2,9,1,1,2,2,0,7,1,2,2,2,2,2,1,2,1,4,3,3,3,1,2,4,4,4,4,4,4,2,2,4,3,3,4,4,3,5,4,2,5,4,2,2,2,2,2,2,2,2,2,1,3,2,2,2,2,8,6,8,5,7,5,5,4,5,2,55,1,1,2,2,40,2100,1700,0,532301,외식 음식점 일자리 유지,0
34550,2,2,2,3,2,3,3,4,2,3,2,4,2,3,3,6,3,5,1,0,1,0,2,4,3,4,2,4,3,4,2,3,3,4,2,2,2,4,2,3,4,5,3,4,3,3,3,4,2,3,2,4,4,5,5,7,5,5,4,5,2,4,2,3,3,4,4,4,4,5,5,5,2,3,5,5,4,4,4,5,5,5,3,3,4,5,3,3,4,2,4,4,3,2,2,2,2,3,2,1,2,19,1,2,1,2,0,2,2,3,3,2,3,4,2,5,3,4,5,4,2,4,3,4,3,5,3,2,4,5,5,3,2,2,3,4,2,5,4,3,5,5,1,1,1,2,1,2,2,2,2,2,3,3,2,2,2,7,4,3,2,2,4,4,3,5,1,42,2,1,1,1,48,6360,2880,0,817201,금속재료시험기능사 기계조립기능사 기계 교육 필요 국내 시장 둔화,공업
34551,4,4,3,3,4,4,2,3,4,4,4,5,2,3,4,5,3,4,2,3,2,3,2,3,2,3,3,4,3,4,2,3,3,4,2,2,3,5,3,4,4,5,3,3,4,5,3,4,3,5,3,5,3,4,3,5,4,4,3,4,3,4,3,5,4,5,3,4,3,5,4,5,3,4,3,5,3,5,3,4,3,4,3,4,3,5,3,3,3,3,4,2,2,2,3,4,2,3,2,2,3,13,2,6,1,2,0,4,4,3,3,3,3,3,3,2,2,3,3,3,4,2,2,4,3,1,3,2,3,4,4,4,2,3,3,3,4,4,3,2,4,1,2,2,2,2,1,2,1,2,2,3,3,3,3,3,2,4,4,4,4,5,5,4,5,4,1,37,4,1,3,2,40,3000,2400,0,155401,토양환경기사 위험물산업기사 산업안전기사 장비 도입 업무 것이므,환경공학
34552,2,2,3,4,2,1,2,2,2,2,1,0,1,0,2,2,2,3,3,3,1,0,2,2,3,4,1,0,2,3,3,4,1,0,2,2,2,3,3,4,3,4,3,4,3,4,3,4,2,2,3,4,2,1,1,0,1,0,1,0,2,2,1,0,3,3,1,0,1,0,2,2,1,0,1,0,2,3,2,3,2,2,2,3,2,2,2,1,4,4,4,3,1,2,3,4,3,2,3,2,4,9,4,2,1,2,0,2,2,3,4,5,4,4,2,3,9,9,3,3,2,4,3,4,3,4,2,3,2,2,4,4,3,2,3,2,4,3,3,2,3,4,2,2,2,2,2,2,2,2,2,1,4,1,1,1,1,6,6,6,4,4,5,5,4,3,1,43,2,2,6,1,40,0,0,3500,532401,면허 입소 면서 돈벌이 때문,공고전기
34553,5,6,5,6,3,4,4,5,5,6,4,6,5,6,3,4,4,5,4,6,4,6,4,5,4,5,4,6,4,5,4,6,4,5,3,4,3,4,4,5,4,5,4,5,4,5,3,5,3,5,4,5,4,5,4,5,4,5,4,5,4,5,4,6,4,5,4,5,4,6,3,4,3,4,4,5,4,5,4,5,3,4,3,4,3,4,4,5,4,4,4,3,5,3,4,5,5,5,5,5,5,10,1,2,1,2,0,2,4,4,4,4,3,4,4,4,3,4,5,4,1,4,3,3,4,4,3,4,3,3,4,3,2,4,4,4,5,5,4,4,4,4,2,2,2,2,2,2,2,2,2,1,4,3,3,3,2,3,3,3,3,2,3,7,7,7,1,45,4,1,1,1,40,6800,3600,0,134102,빅데이터분석기사 요즘 시대 필수,컴퓨터공학
34554,5,7,5,7,5,7,5,7,5,7,4,6,5,6,4,6,5,6,4,5,3,4,2,3,3,3,2,3,4,5,5,7,4,6,4,5,3,4,3,5,3,5,3,5,4,5,4,5,3,4,4,5,3,4,3,4,1,0,1,0,1,0,1,0,1,0,1,0,1,0,1,0,4,5,1,0,1,0,1,0,1,0,1,0,2,2,1,0,5,4,4,4,4,4,4,4,4,3,5,5,5,15,2,4,2,2,0,6,5,4,4,4,4,4,3,4,4,4,3,4,2,4,4,4,3,4,3,3,3,3,3,4,4,4,3,3,4,2,3,4,4,4,2,2,2,2,2,2,2,2,2,1,3,3,3,3,2,7,7,7,6,7,8,7,6,6,1,53,5,1,3,1,52,9500,9000,0,11102,상태 유지,행정학
34555,4,5,4,5,4,5,4,5,2,3,4,5,2,3,4,5,3,4,4,6,4,5,4,6,4,6,3,4,3,4,3,4,3,4,2,2,5,6,2,3,3,4,5,6,3,4,2,3,2,3,2,3,3,4,3,4,3,4,2,3,3,4,3,4,3,4,3,4,2,2,3,4,3,4,4,6,4,5,4,6,5,6,4,5,5,6,5,6,3,5,4,4,5,4,4,5,3,5,5,4,4,17,5,6,1,1,6,6,7,4,4,4,4,5,3,4,4,3,4,4,2,4,4,2,2,3,3,4,4,5,2,4,3,5,5,5,5,5,4,4,5,4,2,2,2,2,2,2,2,2,2,2,4,1,1,1,2,1,1,1,1,1,8,1,1,8,1,51,6,1,1,1,40,12000,3500,0,301113,의사 면허 전문의 3년의 전문 과정 훈련 우리나라 의료 기술 선진 화로 의사 중국 미국 중앙 아시아 중동 해외 진출 사례,가정의학
34556,4,5,4,5,3,3,4,5,4,5,4,5,3,4,3,4,4,4,2,2,3,5,3,5,2,3,4,5,4,4,4,5,4,5,4,3,3,3,2,2,4,4,4,4,4,3,3,6,4,2,4,5,2,2,1,0,1,0,1,0,3,4,1,0,1,0,1,0,1,0,1,0,2,3,1,0,1,0,1,0,1,0,1,0,3,3,3,2,3,3,2,2,4,4,2,2,2,3,4,2,3,7,1,4,1,2,0,6,5,3,3,3,4,4,3,3,3,3,3,3,2,4,3,2,3,2,4,3,2,4,2,5,2,3,4,4,4,4,3,3,5,4,2,2,2,2,2,2,1,2,2,2,3,1,1,2,1,3,5,4,7,6,4,3,3,5,2,40,4,1,1,1,45,5000,4100,0,12201,전산회계1급 회사 도입 구조조정 세분 전체 예상,경제학
34557,4,4,5,5,5,5,4,4,4,6,4,6,5,6,3,4,3,4,5,5,3,4,3,4,3,4,3,5,4,4,2,2,3,3,2,2,3,4,1,0,2,3,1,0,1,0,2,2,3,4,4,5,3,4,2,2,3,4,4,4,2,4,1,0,1,0,3,4,3,4,3,3,2,3,2,3,2,2,1,0,1,0,1,0,4,5,1,0,5,4,4,3,3,3,4,3,3,5,4,3,4,8,2,6,1,1,3,6,4,4,3,4,4,4,3,4,5,4,4,4,4,3,4,4,5,4,4,4,3,5,4,4,4,5,5,4,5,4,4,2,4,3,2,2,2,2,2,2,2,2,2,2,2,3,2,3,2,5,5,5,6,4,5,6,4,4,1,49,4,1,1,1,40,7000,0,4000,621403,철도교통관제사 신호통신 관제교육 장비조작법 자동화 시스템,전기
34558,2,3,2,3,2,3,2,3,2,3,2,3,2,3,2,3,2,3,2,3,2,3,2,3,2,3,2,3,2,3,2,3,2,3,2,3,2,3,2,3,2,3,2,3,2,3,2,3,2,3,2,3,2,3,2,3,2,3,2,3,2,3,2,3,2,3,2,3,2,3,2,3,1,0,2,3,2,2,2,3,3,4,2,2,2,3,2,3,2,2,2,2,2,2,3,2,2,2,2,2,2,3,1,2,2,2,0,5,3,3,2,2,3,2,3,3,2,3,3,3,4,2,2,4,3,3,3,2,3,3,3,3,2,2,3,3,2,4,3,3,4,4,2,2,2,2,2,2,2,2,2,1,2,3,3,3,2,5,5,5,5,5,5,5,5,5,1,32,3,1,1,1,48,3000,2600,0,826401,대체 제품 개발 생산 감소,기계학
34559,4,5,4,5,4,5,1,0,1,0,3,4,4,6,4,6,4,6,3,5,1,0,3,4,4,6,4,5,4,6,3,4,2,2,1,0,4,5,1,0,1,0,1,0,1,0,5,7,3,4,3,4,2,2,3,4,1,0,1,0,3,4,1,0,1,0,1,0,1,0,1,0,1,0,3,4,5,7,1,0,4,6,3,3,4,5,3,3,3,3,3,3,4,3,4,3,3,4,4,4,3,19,3,4,2,1,3,7,4,4,3,3,4,4,4,3,3,4,4,4,3,3,3,2,2,2,2,2,3,4,4,4,3,3,3,3,3,3,2,2,4,3,2,2,2,2,2,2,2,2,2,3,4,3,3,3,1,4,4,4,5,5,5,5,5,5,1,32,4,1,1,1,40,3000,2500,0,413202,직무교육 기록물 관리사 증원 기록물 관리사 법률 시행,문헌정보
34560,4,6,4,5,4,6,4,6,4,6,4,6,4,6,4,5,4,6,4,6,4,6,4,6,4,5,4,6,3,5,4,6,4,6,4,6,4,6,4,6,4,5,4,6,4,6,4,6,4,6,4,6,4,5,4,5,4,6,4,6,4,6,4,5,4,5,4,5,4,5,5,6,4,5,4,5,4,5,4,6,4,6,4,6,4,4,4,6,4,3,5,4,4,4,3,4,4,5,4,3,4,18,2,2,1,2,0,3,5,4,4,4,4,4,4,5,4,4,4,5,4,3,4,4,3,3,4,5,4,4,4,4,4,3,5,5,4,5,4,4,4,4,2,2,2,2,2,2,2,2,2,1,4,2,2,2,1,8,4,5,6,6,6,6,4,5,2,46,4,1,1,1,40,2600,1600,0,521303,국내여행안내사 자연생태교육강사 생활수준 향상 웰빙 문화 확산,역사학
34561,3,4,3,4,3,4,3,4,3,4,3,4,3,4,3,3,3,3,3,4,3,3,3,3,3,4,3,3,3,3,3,3,3,4,3,4,3,4,3,4,3,4,4,4,4,4,2,3,4,4,3,4,2,3,2,3,3,4,3,4,2,2,2,3,3,4,3,4,4,5,4,4,3,4,3,4,3,4,3,4,4,5,4,5,4,5,4,5,3,4,3,2,3,1,1,3,2,2,1,4,2,14,1,3,1,2,0,1,2,1,1,1,4,2,1,1,9,3,4,3,5,1,1,4,4,5,5,4,5,2,2,4,4,4,5,4,5,5,5,3,5,5,2,2,2,2,1,2,1,1,1,2,2,3,3,3,2,8,8,9,8,8,8,1,1,8,1,52,2,1,1,1,52,3800,2200,0,541301,경비지도사 주차 관리 요원 채용 대신 자동 주차 차단기 설치 인원 구조조정 단행 주차 경비 부문 자동화 기기 대체로 인력 감소 경비원 감소 예상,이과
34562,4,5,4,5,2,4,1,0,3,4,4,5,2,3,3,4,3,4,2,2,3,5,3,4,2,2,2,3,3,4,1,0,1,0,2,3,3,4,2,3,4,5,3,4,2,3,3,4,4,5,1,0,4,5,4,5,4,5,3,4,2,3,4,6,3,4,3,4,2,4,3,4,1,0,2,3,2,3,1,0,2,2,2,3,2,2,3,4,4,2,2,3,2,4,3,4,3,4,3,4,4,3,1,2,2,2,0,5,5,3,3,2,4,4,3,3,3,4,4,3,3,2,2,3,2,2,3,3,2,3,4,4,4,3,3,3,3,4,4,2,4,4,1,2,2,2,2,2,2,2,1,2,2,1,1,3,1,3,6,6,3,3,4,4,6,7,1,40,4,1,1,1,40,5400,3600,0,154103,친수성 합성 기술 개발 종사 수가,화학과
34563,1,0,3,5,1,0,4,6,4,6,1,0,1,0,4,6,3,5,4,6,1,0,3,4,4,6,4,6,1,0,3,5,2,3,3,5,3,4,1,0,4,5,3,5,5,7,4,6,5,6,4,5,4,5,2,3,4,6,4,6,3,5,4,6,3,5,3,5,3,4,4,6,4,6,2,3,4,6,4,5,4,5,2,2,3,6,3,5,4,3,3,4,3,4,4,4,4,4,5,5,4,6,1,4,1,2,0,4,5,3,4,4,4,4,3,4,3,3,5,4,4,2,2,4,3,5,5,4,3,4,4,3,3,5,4,4,3,4,4,4,3,5,2,2,2,2,2,2,2,2,2,2,3,3,3,3,2,7,8,6,4,4,5,6,4,7,1,45,4,1,1,1,40,5500,4500,0,140304,건축기술사 농어업토목기술사 산림토목기술자 철도 항만 사업 완공 일자리 감소,토목
34564,4,5,3,4,3,5,2,5,4,5,5,4,5,5,4,5,1,0,3,5,4,5,3,4,2,5,2,4,1,0,2,4,1,0,1,0,3,5,1,0,5,4,2,4,2,5,2,4,2,5,3,5,5,5,5,4,4,5,3,5,4,5,3,5,3,5,2,5,3,5,3,5,2,5,3,5,2,5,1,0,1,0,1,0,2,3,1,0,5,4,3,3,4,4,3,2,3,3,3,4,3,3,1,3,2,2,0,4,4,4,3,3,4,3,3,3,3,3,4,3,3,3,3,3,2,2,3,1,3,3,4,4,3,4,2,2,4,5,3,3,4,4,2,1,1,1,1,1,2,2,2,1,3,3,3,3,1,3,2,1,2,2,5,3,3,2,1,36,4,1,1,1,46,4200,3000,0,151201,개발 요소 부품 재료 선정 신규 부품 설계 안드로이드 로봇 발달 수요 증가,기계공학
34565,4,4,4,5,4,6,4,4,4,5,5,6,4,4,4,4,4,5,4,4,4,4,4,4,4,4,4,5,4,4,4,5,4,5,4,5,4,4,4,5,3,5,4,4,4,5,4,4,4,4,4,4,4,5,4,4,5,6,5,6,4,4,4,4,4,4,5,6,5,7,5,6,4,5,5,5,4,5,4,4,5,6,5,6,5,5,5,5,4,4,4,3,4,4,4,5,4,3,4,3,4,19,1,1,2,2,0,2,4,4,3,4,4,4,3,3,2,3,3,3,3,4,2,4,5,4,4,4,3,4,4,4,4,3,4,4,4,5,4,4,4,4,2,2,2,2,2,2,2,2,2,2,3,2,2,2,2,6,7,5,3,4,5,6,6,5,1,36,4,1,1,1,50,3400,2400,0,841201,핸드폰 사용자 계속,전기공학
34566,3,3,2,2,2,2,3,3,2,3,2,1,2,1,3,3,4,3,1,0,1,0,2,3,3,5,1,0,2,3,3,3,3,4,1,0,3,4,3,3,2,2,4,4,3,4,1,0,2,3,2,4,2,3,2,2,1,0,1,0,1,0,2,2,1,0,1,0,1,0,1,0,2,3,2,3,2,2,1,0,1,0,3,3,3,3,2,2,3,3,2,2,3,2,2,4,4,3,3,2,3,3,1,2,2,2,0,7,2,2,2,4,5,4,3,3,3,3,4,3,2,4,3,3,3,4,2,2,3,3,4,3,3,4,4,4,2,2,2,4,4,4,2,2,2,2,2,2,2,2,2,1,3,2,2,3,2,8,7,4,3,3,5,3,2,3,1,35,2,1,1,1,55,2900,2200,0,862201,변화,이과
34567,3,4,3,4,3,4,3,3,2,3,2,3,2,3,3,3,2,4,2,3,3,3,2,3,2,2,4,4,4,5,3,3,3,4,3,3,1,0,3,3,2,3,2,3,1,0,2,3,2,2,2,2,1,0,1,0,1,0,1,0,3,3,1,0,1,0,1,0,1,0,1,0,4,4,1,0,1,0,1,0,1,0,1,0,2,2,2,2,3,3,2,2,2,4,3,3,3,3,4,2,2,16,5,2,2,2,0,4,4,2,3,3,3,3,2,3,3,3,4,3,3,2,2,4,3,2,4,2,2,3,2,5,3,3,3,3,4,4,3,3,4,4,2,2,2,2,2,2,1,2,2,2,2,2,2,2,1,7,7,7,4,5,6,5,6,6,2,28,4,1,1,1,40,3000,3000,0,26201,구조조정 업무 자동화 인사 고과 평가,경영학
34568,2,3,1,0,1,0,1,0,1,0,1,0,1,0,1,0,1,0,1,0,1,0,4,5,3,4,3,4,2,3,1,0,1,0,1,0,1,0,3,4,3,3,3,4,4,5,4,5,3,4,4,5,4,5,4,5,4,6,4,5,1,0,4,5,4,5,4,5,4,5,4,5,4,5,4,5,1,0,1,0,4,5,1,0,1,0,1,0,3,4,4,3,3,3,4,3,3,3,4,3,3,6,1,2,1,1,3,5,4,3,4,4,5,4,4,3,3,3,3,3,2,4,4,4,3,4,4,3,4,4,3,3,4,3,3,4,3,4,4,4,3,3,2,2,1,2,2,2,2,2,2,2,3,3,3,3,2,3,8,7,6,4,8,3,7,6,1,40,3,1,1,1,45,5000,2300,0,704001,중장비 기능사 안전관리 기계 도입 변동,기계공학
34569,4,5,3,4,1,0,1,0,4,4,3,3,4,4,1,0,4,4,4,4,4,4,1,0,5,5,1,0,4,4,3,3,1,0,1,0,1,0,1,0,3,3,5,4,3,3,1,0,1,0,1,0,1,0,4,4,1,0,1,0,1,0,1,0,1,0,1,0,1,0,1,0,1,0,4,5,5,5,4,4,1,0,1,0,3,4,4,4,4,2,5,4,5,5,4,3,4,3,4,2,5,18,1,2,2,2,0,7,2,4,3,3,4,4,4,4,3,4,4,4,2,4,4,3,3,3,4,4,5,4,4,4,4,3,3,3,5,3,4,3,3,3,2,2,2,2,2,2,2,2,2,1,4,2,2,2,1,8,5,8,5,3,8,8,5,3,1,23,2,1,1,1,48,2900,1200,0,420202,게임 종목,인문계
34570,3,3,3,3,3,2,3,3,3,3,2,3,2,2,3,3,2,3,2,3,2,3,2,3,3,3,2,4,2,3,3,3,2,3,2,3,2,3,3,4,2,3,3,4,3,2,2,2,3,5,2,3,3,4,3,4,3,4,4,5,3,2,3,4,3,5,4,5,3,5,3,5,3,3,3,5,3,3,3,4,2,3,2,3,3,4,3,4,5,4,2,3,3,1,4,3,3,3,4,4,4,3,1,4,1,1,1,4,3,4,3,3,3,4,3,4,4,4,4,4,2,4,4,4,4,3,4,1,5,4,2,4,4,4,3,3,4,4,3,2,4,2,2,2,2,2,2,1,1,2,2,3,1,2,2,3,1,7,5,6,4,4,4,7,6,6,1,31,4,1,1,1,40,4000,3700,0,151105,일반기계기사 일반기계산업기사 사내직무교육과정 조직 개편 직원 이동 발생 기계 자동화 수동 업무 대체,항공기계공학
34571,4,5,4,5,1,0,4,5,4,5,4,6,1,0,4,6,4,5,4,6,4,6,4,5,4,6,4,6,4,5,4,6,4,6,1,0,4,6,4,6,4,6,4,6,4,6,3,4,1,0,4,6,4,5,1,0,4,6,1,0,4,6,1,0,1,0,1,0,1,0,4,5,1,0,4,6,4,6,4,6,4,5,4,4,4,6,4,5,4,5,4,5,5,2,5,4,4,5,5,5,5,17,1,2,1,1,6,6,5,5,5,5,5,5,4,5,4,4,4,4,2,5,4,2,3,4,4,3,3,3,3,3,4,5,4,4,4,4,3,4,4,4,2,2,1,2,2,2,2,2,2,2,2,2,2,2,1,2,3,2,3,2,7,2,3,2,2,50,4,2,5,1,42,0,0,20000,301105,의사자격증 이비인후과전문의 자격증 전문의 인턴 레지던트 과정 발달 인구 감소 의료 종사 필요 감소,의학
34572,2,2,3,2,2,2,4,3,3,2,2,2,2,1,3,3,2,2,2,2,3,3,2,2,4,4,5,5,1,0,2,3,2,4,3,3,1,0,1,0,4,4,3,3,3,2,4,4,5,5,4,3,5,5,4,4,5,4,4,3,3,3,5,5,5,4,4,4,3,5,5,4,4,3,5,4,4,3,4,3,2,3,1,0,3,3,3,1,3,2,2,4,1,4,3,2,4,3,2,4,4,3,1,2,2,2,0,1,2,2,1,1,3,5,4,3,4,5,4,4,2,1,1,3,4,4,5,3,4,4,4,5,4,4,3,4,5,5,4,4,3,5,2,2,2,2,2,2,2,2,2,2,2,3,2,2,2,4,6,7,3,5,4,5,6,7,2,42,2,1,1,1,48,2400,2400,0,873401,중국산 식품 진출 감소,인문
34573,4,5,4,5,3,5,3,3,3,5,3,3,2,2,2,2,2,3,2,2,2,2,2,2,2,3,2,5,2,3,3,4,2,3,2,3,2,4,2,3,3,4,4,5,3,3,2,2,2,2,2,2,2,2,2,2,2,2,2,2,2,2,2,2,2,2,2,3,2,3,2,2,2,2,2,2,2,2,2,2,2,2,2,2,3,3,2,2,4,4,4,3,5,4,4,2,3,3,4,4,3,13,2,5,2,2,0,1,6,4,3,3,4,4,4,4,3,4,4,4,2,4,3,2,3,2,3,2,3,4,4,4,3,4,3,3,4,4,3,4,4,3,2,2,2,2,2,2,2,2,2,2,2,3,3,3,2,7,4,5,6,6,7,7,6,5,1,43,5,1,1,1,40,6500,4000,0,122106,산업,수의학
34574,2,3,3,3,3,3,3,3,3,2,4,4,3,2,3,4,2,3,3,4,3,3,2,2,3,3,3,4,3,2,3,3,2,3,2,2,3,4,4,3,3,3,3,3,4,4,3,3,2,2,3,2,4,4,3,4,3,3,3,5,3,3,4,3,3,3,2,3,4,4,3,3,3,2,3,3,2,3,3,3,3,4,4,4,3,4,2,3,3,2,2,4,2,1,3,3,4,2,2,1,3,4,1,2,1,1,2,2,3,2,2,3,4,3,4,3,4,2,4,4,4,3,5,4,2,3,3,5,5,4,5,5,3,2,4,4,4,3,3,4,3,4,2,2,2,2,2,2,2,2,2,1,2,3,3,3,2,7,8,5,6,4,3,7,8,6,1,35,4,1,1,1,40,4000,3000,0,831201,전기기능사 산업기사 직무교육 기공사 사용 장비 자동화,전기공학
34575,3,4,4,5,2,2,3,4,2,3,3,4,3,4,3,4,2,3,3,4,2,3,2,3,3,4,3,4,3,4,3,4,3,4,2,3,3,4,3,4,3,4,4,5,4,5,2,3,3,4,4,5,4,5,4,5,4,6,4,5,3,4,4,5,4,5,4,5,4,6,4,6,3,4,3,4,3,4,3,4,3,4,3,4,3,4,3,4,3,3,3,3,3,2,3,3,3,3,3,3,3,3,1,3,2,2,0,3,3,3,3,3,3,3,2,3,3,4,4,4,3,3,3,4,4,4,4,2,3,4,4,4,4,4,3,3,4,4,3,4,4,3,2,2,2,2,2,2,2,2,2,1,3,2,2,2,2,8,7,7,3,3,5,8,7,5,1,44,3,1,1,1,40,4500,2000,0,852201,기계 대체 불가,기계공학
34576,5,7,5,6,5,7,4,6,2,2,2,4,5,7,3,3,5,7,3,3,5,7,4,6,3,3,3,3,1,0,1,0,2,2,1,0,1,0,2,2,3,3,2,3,1,0,2,2,1,0,2,3,1,0,1,0,1,0,1,0,3,5,1,0,1,0,1,0,1,0,1,0,1,0,1,0,1,0,1,0,3,3,2,3,2,3,1,0,4,3,4,2,3,2,2,4,3,4,4,3,4,18,4,1,2,1,3,7,1,4,4,4,2,4,3,2,9,9,9,2,3,2,2,3,4,4,4,3,4,4,3,4,5,3,3,2,5,4,4,3,4,5,2,2,2,2,2,2,2,2,2,1,5,2,2,2,2,7,6,4,3,1,3,7,8,6,1,45,5,1,4,2,30,1200,800,0,411103,시나리오 작법 훈련 글쓰기 훈련 미디어 발달 문화 매체 분야 증가,이공학
34577,4,5,3,6,2,5,4,5,3,5,3,4,3,5,4,4,3,5,3,5,4,4,3,5,2,4,3,5,3,4,4,5,3,5,3,4,3,4,4,4,3,4,2,4,3,5,3,5,3,3,3,5,3,4,2,4,3,5,3,5,3,4,2,4,3,4,4,4,3,3,3,5,3,3,4,5,3,4,4,4,3,4,4,5,3,4,2,3,3,4,4,4,3,2,3,3,3,2,2,4,4,17,1,3,1,1,6,6,5,3,3,3,4,4,4,4,3,3,4,4,2,3,3,4,3,3,3,2,3,3,4,4,3,3,3,3,2,4,3,2,3,4,2,2,2,2,2,2,2,2,2,2,2,2,2,2,2,2,3,3,4,5,4,3,5,6,2,41,5,1,1,1,43,21000,12000,0,301101,의사면허증 전문의 자격증 레디던트 코로나 이후 예전 백신 개발 로봇 수술 대체로,소화기내
34578,4,5,4,4,4,5,4,4,4,5,4,5,4,5,3,5,3,5,4,4,4,4,3,5,4,4,4,4,4,5,4,4,4,4,3,5,4,4,3,5,3,5,4,4,4,4,3,5,4,5,3,5,3,5,4,4,3,5,3,5,4,5,3,5,3,5,4,4,3,5,3,5,4,4,3,5,3,5,4,4,3,5,3,5,4,4,3,4,4,3,3,3,4,4,3,4,3,3,4,3,4,13,1,2,2,2,0,2,5,4,3,3,4,4,4,4,4,5,3,4,2,3,4,4,3,4,3,4,3,3,4,4,3,4,4,4,3,4,4,4,4,3,2,2,2,2,2,2,2,2,2,2,2,2,2,2,1,7,7,6,7,7,7,7,6,6,1,34,4,1,1,1,45,4500,4300,0,24101,시스템 개발,경영학
34579,4,5,4,4,4,4,3,4,2,2,2,2,3,3,2,2,3,3,2,2,2,2,2,2,2,2,3,3,4,4,2,2,3,3,2,2,2,2,4,5,4,5,3,4,4,5,2,2,3,3,2,2,2,2,2,2,2,2,2,2,3,4,3,3,3,3,3,3,2,2,2,2,2,2,4,5,3,3,3,3,3,3,3,5,4,5,4,5,4,3,4,4,4,3,4,3,4,4,4,3,3,17,1,2,1,1,4,2,2,4,3,3,4,3,4,3,3,3,3,3,2,3,3,4,3,2,3,3,2,4,3,4,5,4,5,4,4,4,5,4,4,4,2,2,2,2,2,2,2,2,2,1,3,3,3,3,2,8,9,7,2,2,4,8,6,6,2,25,3,1,1,1,48,2800,2300,0,307501,간호조무사 자격증 정기적인 보수교육 병원 환자 점점 증가,간호학
34580,1,0,2,2,2,3,5,6,2,2,5,6,1,0,1,0,1,0,1,0,2,3,1,0,5,6,5,6,1,0,1,0,1,0,2,3,5,6,2,4,2,3,1,0,1,0,1,0,3,4,1,0,3,4,1,0,1,0,1,0,3,4,1,0,3,4,1,0,3,4,3,4,1,0,5,5,4,4,1,0,2,3,4,4,2,3,3,4,4,3,2,3,2,1,2,5,3,2,1,2,5,13,1,6,2,1,3,3,5,2,3,2,4,3,3,3,2,4,3,2,2,1,3,3,2,3,2,1,4,5,5,4,3,2,3,3,2,2,1,3,4,4,2,2,1,1,1,2,2,1,2,4,2,3,3,3,2,8,8,6,5,4,5,8,7,5,1,50,6,1,3,1,12,10000,6000,0,416104,작품의 컨셉과 포인트 완성 연습 영상 편집 훈련 데이터 분석 업무 변화 편집 기술 교육 인구 감소 직업 필요성 감소,광고학
34581,4,4,4,5,3,4,4,5,4,5,3,5,4,4,5,5,3,4,3,5,3,4,4,4,3,5,3,5,4,5,3,5,3,4,4,6,4,5,5,4,4,5,4,4,4,6,4,6,4,4,3,5,3,5,4,5,5,4,4,6,3,3,4,5,4,4,2,4,4,5,5,4,2,5,3,4,4,5,3,4,4,6,3,4,4,5,4,5,4,4,4,4,4,1,4,2,3,3,3,3,4,13,1,6,2,1,1,3,2,5,4,3,4,4,3,4,3,4,4,4,4,3,4,4,4,3,5,2,4,2,4,3,3,4,3,4,3,5,2,2,3,4,2,2,2,2,2,2,2,2,2,3,3,3,3,3,2,8,6,5,5,7,3,5,5,5,1,47,2,1,1,1,52,4500,2500,0,832201,고객 응대 향상 과정 상태 유지,컴퓨터학
34582,3,7,4,6,2,4,3,5,2,4,5,6,2,2,4,6,4,4,5,6,2,6,3,4,4,6,2,3,1,0,4,5,2,5,1,0,4,5,3,5,4,5,4,5,2,3,3,3,3,3,2,2,3,5,2,2,2,5,3,3,2,3,4,5,2,2,4,2,2,4,3,4,3,4,4,2,2,5,1,0,1,0,2,2,2,2,1,0,4,5,4,5,5,4,5,4,2,3,4,5,3,13,1,2,1,2,0,3,5,4,4,3,4,5,4,5,4,5,5,5,2,3,3,2,4,3,4,3,2,2,5,2,4,5,3,4,4,3,4,5,3,5,2,2,2,2,2,2,2,2,2,2,4,3,2,2,2,6,4,7,4,7,6,5,7,6,1,30,4,1,1,1,40,3400,3200,0,155306,토양환경기사 드론 자율 주행 자동차 기술 발전 공간 정보,환경공학
34583,5,7,5,7,5,7,4,6,4,6,4,6,4,5,3,5,4,5,4,5,4,5,3,5,3,4,3,4,3,4,3,4,2,2,2,3,3,4,3,4,2,2,3,4,2,2,2,2,3,4,3,4,3,4,1,0,1,0,1,0,1,0,1,0,1,0,1,0,1,0,1,0,4,5,3,4,3,3,2,1,1,0,2,2,1,0,1,0,5,4,4,4,4,4,4,4,4,3,3,4,4,16,5,5,2,2,0,6,7,4,4,5,4,4,2,4,4,4,4,4,1,5,4,3,4,2,2,2,3,3,4,3,2,4,4,4,4,3,4,4,4,4,2,2,2,2,2,2,2,2,2,2,2,3,3,3,2,3,4,2,2,5,5,5,5,5,1,55,6,1,1,1,50,8000,4000,0,110101,인문학 대한 관심 감소,철학
34584,4,5,4,5,4,5,4,5,2,3,3,4,3,4,4,4,3,4,3,5,3,4,3,4,4,4,4,4,4,4,3,4,3,4,3,4,4,5,4,5,4,5,4,5,4,4,3,3,3,3,3,4,3,4,2,2,3,4,2,3,3,4,4,4,3,4,2,2,2,2,4,4,2,2,2,2,2,3,2,2,3,2,2,2,3,3,2,2,4,4,4,3,4,3,3,3,4,3,3,3,4,13,1,3,2,2,0,5,4,4,3,4,3,3,2,4,3,4,4,4,2,3,3,4,3,3,2,3,3,4,2,3,4,4,3,4,4,4,3,4,4,4,2,2,2,2,2,2,2,2,2,2,2,2,2,2,1,6,3,4,6,5,4,5,6,5,1,39,4,1,1,1,40,3600,2400,0,153105,전산 시스템 화가,전기공학
34585,1,0,2,2,1,0,2,1,4,3,1,0,1,0,2,2,3,3,1,0,3,3,1,0,2,3,1,0,1,0,2,3,1,0,1,0,2,2,1,0,4,4,3,3,4,2,1,0,1,0,1,0,3,4,3,3,4,5,2,3,1,0,4,4,4,5,3,3,1,0,4,4,1,0,4,4,4,4,2,1,4,4,1,0,3,2,2,2,2,4,3,3,4,2,4,4,2,2,3,3,4,3,1,2,1,2,0,3,2,2,3,3,3,4,4,3,4,3,3,5,3,3,4,4,5,3,3,4,3,4,5,3,5,4,4,3,4,5,5,4,4,5,2,2,2,2,2,2,2,2,2,2,2,3,3,3,2,8,4,6,4,3,7,5,4,8,1,27,2,1,1,1,40,3000,2800,0,822301,제관기능사 컴퓨터 사용 공정 속도 감소,문과
34586,3,4,3,4,3,5,3,4,4,6,3,4,2,2,4,6,2,3,3,4,3,3,3,4,4,6,3,4,2,2,3,3,3,4,3,4,2,2,3,4,2,3,4,5,3,4,3,4,2,3,2,2,2,3,1,0,1,0,1,0,3,4,3,4,3,4,1,0,1,0,1,0,3,4,1,0,1,0,2,2,2,2,2,2,3,4,3,4,4,4,3,3,2,3,4,3,3,3,2,4,4,11,1,2,1,1,4,3,5,4,3,3,4,4,3,4,9,9,4,4,2,3,3,4,4,4,1,1,4,2,4,3,3,1,1,1,4,5,4,4,4,2,2,1,2,2,2,2,1,1,2,2,2,2,2,3,1,3,7,4,8,3,8,2,7,3,2,40,4,1,1,1,40,5500,4000,0,31101,국제재무분석사 투자자산운용사 회사의 금융 재무 등의 투자정보를 분석 분석 업무 다양 경제 전망,경영학
34587,1,0,2,1,1,0,2,1,2,2,3,1,1,0,3,2,3,2,3,1,2,1,2,1,3,2,4,2,1,0,2,1,1,0,3,5,3,3,3,2,4,2,4,3,4,3,4,5,4,4,3,3,2,3,4,3,4,2,4,2,1,0,4,1,3,2,4,2,4,1,1,0,3,4,3,2,4,1,3,2,4,5,4,3,2,1,2,1,2,2,2,2,2,1,1,2,2,2,2,3,2,1,1,2,1,2,0,6,4,3,2,2,4,4,3,3,3,3,3,3,2,4,4,2,2,2,2,4,3,4,2,5,3,3,4,3,3,4,3,3,5,4,2,2,2,2,2,2,2,2,2,1,2,1,1,3,2,5,5,5,5,5,5,3,3,5,1,47,2,1,1,1,48,3000,2100,0,902101,축산기사 축산기능사 점점 소비,문과
34588,4,5,4,4,3,4,2,4,2,4,4,6,2,3,3,5,2,4,3,4,4,5,4,6,4,5,3,5,1,0,2,4,2,3,2,4,4,5,2,4,4,5,4,5,3,5,1,0,3,5,3,4,4,5,4,5,4,5,4,6,3,5,3,5,5,6,5,6,4,6,4,6,3,5,4,5,4,6,1,0,3,5,2,4,3,5,2,4,4,4,4,4,5,4,4,4,4,4,4,5,4,3,1,4,1,2,0,5,4,4,4,4,4,4,4,4,4,3,4,4,4,3,3,4,4,3,3,2,3,4,4,4,3,3,2,1,3,3,3,3,4,4,2,1,2,2,2,2,2,2,2,2,4,3,3,3,1,4,4,4,5,5,5,5,6,5,1,35,4,1,1,1,46,4000,2700,0,131101,정보통신산업기사 신규 프린터 시스템 보드 도입 스마트폰 휴대 기기 증가,전자공학
34589,4,4,3,3,2,2,3,3,2,2,2,2,4,4,3,3,3,3,3,3,2,2,3,4,3,4,2,2,3,3,3,3,1,0,3,3,4,5,3,4,2,2,1,0,3,4,2,2,3,3,3,3,2,3,1,0,1,0,1,0,3,3,1,0,1,0,1,0,1,0,1,0,1,0,1,0,1,0,3,3,1,0,3,4,4,5,3,3,4,4,3,4,3,4,4,3,3,4,4,3,4,3,1,2,2,2,0,3,2,4,4,5,4,4,5,4,3,3,4,4,2,5,5,3,4,4,4,3,4,4,4,4,4,4,3,4,4,4,3,4,5,3,2,2,2,2,2,2,2,2,2,1,4,3,3,3,2,8,2,8,5,2,5,5,5,5,2,38,4,1,1,1,52,5800,3000,0,415201,사람 기획 창안,대학교 패션디자인
34590,4,5,3,6,3,6,3,4,4,5,4,5,2,4,4,6,3,4,1,0,1,0,3,5,3,5,4,5,1,0,2,4,1,0,3,4,2,5,2,5,3,5,4,5,4,5,4,5,2,4,2,5,4,6,1,0,1,0,4,5,5,6,3,5,4,4,2,3,3,5,2,3,3,6,1,0,1,0,3,5,1,0,2,4,3,4,3,4,4,4,4,3,4,4,4,3,4,4,4,4,3,3,1,3,1,2,0,4,3,4,4,3,4,4,4,3,3,4,4,4,2,4,4,5,5,2,4,2,2,2,4,4,2,4,3,2,4,4,4,4,4,4,2,2,2,2,2,2,2,2,2,3,2,3,3,3,2,6,6,3,3,2,2,4,6,6,2,36,3,1,1,1,40,2800,2000,0,134302,네트워크 관리사 인공 지능 발달 일자리 감소,컴퓨터공학
34591,3,2,2,3,2,3,2,3,1,0,1,0,1,0,3,5,1,0,1,0,1,0,1,0,4,5,1,0,1,0,2,3,1,0,1,0,2,4,1,0,2,3,1,0,1,0,1,0,1,0,1,0,3,3,1,0,5,2,4,4,1,0,2,3,5,5,4,5,3,3,4,3,1,0,4,4,3,4,3,3,4,5,4,4,4,4,3,3,4,4,2,3,2,2,3,3,3,3,4,4,2,3,1,3,2,2,0,1,2,3,3,3,3,3,2,3,2,3,3,3,3,3,3,4,4,3,3,2,3,3,2,4,3,5,4,4,4,5,5,4,5,5,2,2,2,2,2,2,2,2,2,2,3,3,3,3,2,5,7,5,6,7,8,6,5,3,1,52,3,1,1,1,40,4200,2400,0,817301,업종 기피,기계
34592,3,4,4,5,3,5,5,6,3,5,4,5,3,5,4,5,3,5,2,3,4,5,3,5,4,5,4,5,4,5,4,5,4,5,3,5,4,5,4,5,4,5,4,5,3,4,2,3,4,5,4,5,4,5,4,5,3,4,2,2,3,4,2,3,3,4,3,4,3,4,2,2,4,5,4,6,5,6,4,5,2,3,2,4,4,6,4,6,4,5,4,4,5,4,4,4,3,4,5,5,4,17,1,1,1,2,0,3,5,4,5,4,4,5,4,4,9,4,4,4,2,5,5,4,5,4,5,4,5,2,4,5,4,5,4,5,5,5,5,3,4,3,2,2,2,2,2,2,2,2,2,1,4,3,3,3,1,2,1,2,2,1,1,2,1,2,2,39,5,1,1,1,40,12800,8000,0,301301,한의사 치료 대한 관심 한의사 환자,한의
34593,1,0,2,4,1,0,2,4,4,5,1,0,4,4,3,5,3,4,2,4,3,3,3,4,4,4,2,3,1,0,1,0,2,4,2,4,1,0,1,0,2,3,1,0,2,3,1,0,3,4,4,5,2,3,3,5,3,4,2,4,2,3,2,3,2,4,3,5,4,4,4,4,1,0,3,4,4,4,3,4,4,6,1,0,4,4,4,4,4,3,4,3,3,2,3,3,3,3,4,4,3,3,1,2,2,1,1,5,2,4,3,4,4,4,4,4,3,3,3,3,3,4,3,3,4,4,4,4,4,4,4,4,4,4,3,3,4,4,4,4,4,4,2,2,2,2,2,2,2,2,2,2,2,2,2,2,2,6,5,4,5,5,4,5,5,4,1,62,2,1,1,1,45,3900,3100,0,822101,판금기계 조작기술 고정 자동화 기계화,인문계
34594,3,3,3,3,3,4,2,3,4,4,2,2,3,3,2,2,3,4,2,2,1,0,3,3,3,4,2,2,3,3,3,4,3,3,2,2,3,3,3,4,3,3,2,3,2,2,3,4,2,2,1,0,1,0,1,0,1,0,1,0,2,2,3,3,2,2,2,2,2,2,2,2,1,0,2,2,3,3,2,2,3,3,2,2,3,4,2,2,4,3,3,3,4,2,2,3,3,3,4,3,1,9,4,2,2,2,0,1,2,4,3,2,4,3,2,3,3,4,4,3,1,4,4,4,5,5,2,3,3,4,3,4,3,4,4,4,4,5,4,3,5,4,2,2,1,2,2,2,2,2,2,3,2,2,2,2,2,4,3,5,4,5,5,4,5,6,2,40,3,1,4,2,35,2000,1800,0,532101,오스 무인 인력 감소 오스 자동 기계화 인력 감소,유통관리
34595,2,2,3,3,2,2,3,3,1,0,1,0,5,5,3,3,3,4,1,0,1,0,2,3,3,3,2,2,2,2,2,2,2,2,1,0,1,0,1,0,1,0,1,0,1,0,1,0,2,2,1,0,1,0,1,0,1,0,1,0,1,0,1,0,1,0,1,0,1,0,1,0,1,0,1,0,1,0,2,2,1,0,2,2,2,2,2,1,3,3,2,3,3,2,2,4,3,3,3,2,4,18,1,2,2,2,0,3,4,4,3,3,3,4,3,3,9,9,5,4,2,3,3,3,2,2,2,3,3,4,3,4,3,3,2,2,3,3,2,3,4,4,2,2,2,2,2,2,2,2,2,1,2,2,2,2,1,8,8,7,3,2,3,9,6,4,2,34,3,1,3,2,35,2800,2500,0,416204,대체 게임 사업 활성화 관객,연극영와
34596,3,4,3,4,1,0,2,4,3,4,4,5,1,0,2,3,3,4,1,0,2,4,2,4,4,5,3,5,2,2,1,0,1,0,2,3,3,4,3,3,4,5,3,4,4,5,2,3,3,3,3,4,4,5,4,6,4,5,4,5,3,5,3,5,4,5,4,4,4,6,4,6,3,5,2,4,3,3,3,3,2,2,2,2,3,6,3,4,4,3,4,4,4,4,3,4,2,4,3,4,4,3,1,2,2,2,0,3,5,4,4,4,4,4,4,4,4,3,4,4,2,3,4,4,4,3,3,2,4,3,4,4,3,4,4,4,4,5,4,4,4,4,1,1,1,2,1,1,2,2,2,1,3,3,3,3,1,5,4,5,6,5,6,7,6,5,1,33,4,1,1,1,40,3700,3200,0,153203,자동 제어 장치 기계 발전 변화,전자공학
34597,4,5,3,4,4,5,2,3,1,0,5,7,5,7,2,3,3,4,4,5,1,0,1,0,5,7,2,3,3,4,1,0,3,4,2,3,2,3,2,2,5,7,4,6,3,4,1,0,1,0,2,3,4,6,2,2,1,0,4,6,5,7,3,4,4,5,3,4,1,0,4,6,4,5,3,4,1,0,2,2,1,0,1,0,3,4,3,4,5,2,4,3,5,4,1,2,3,4,5,2,2,10,1,6,1,1,4,5,5,3,4,3,4,3,3,4,4,4,4,4,2,4,4,3,4,4,3,5,5,5,4,5,5,5,3,4,5,5,5,2,4,3,2,1,1,1,1,1,2,2,1,1,4,3,2,3,1,8,8,6,3,4,4,6,8,7,1,40,4,1,1,1,50,7500,3000,0,133204,정보처리산업기사 웹디자인 디지털 디자인 게임 그래픽 디자인 게임 시장 발달 게임 산업 매출 수요,국어국문학
34598,2,2,2,3,2,2,3,3,2,2,1,0,1,0,2,3,2,2,3,4,1,0,3,4,2,3,3,4,3,3,2,2,1,0,1,0,2,3,3,4,3,3,2,3,3,4,2,2,2,3,3,4,3,4,2,4,3,4,1,0,1,0,3,3,3,4,2,3,2,3,4,5,3,4,2,1,1,0,2,2,1,0,2,3,3,4,2,1,4,3,4,2,3,1,2,4,1,2,1,1,4,14,1,2,2,2,0,3,2,2,4,3,4,5,4,4,3,2,3,3,3,4,4,3,3,4,2,3,4,2,4,5,3,3,4,3,5,5,3,3,4,5,2,2,2,2,2,2,2,2,2,3,2,3,2,3,2,6,7,5,6,4,5,6,7,8,2,44,2,1,1,1,50,3000,1900,0,562101,자동화 시스템 발달,전자
34599,4,4,4,4,3,4,5,6,3,4,3,4,4,4,3,4,5,5,4,5,4,5,4,5,4,5,3,4,4,4,5,4,5,4,4,5,5,4,4,4,3,4,3,4,4,5,3,4,2,3,2,2,2,3,1,0,1,0,1,0,1,0,1,0,1,0,1,0,1,0,1,0,1,0,1,0,3,4,4,5,5,6,4,5,5,6,5,3,3,3,3,3,3,3,2,3,2,3,3,3,3,18,1,1,2,2,0,5,4,2,3,3,2,2,2,2,3,3,3,3,2,3,3,4,3,3,3,2,3,3,3,5,4,4,4,4,4,4,4,5,3,4,2,2,2,2,2,2,2,2,2,1,3,2,2,2,1,5,4,4,6,6,5,2,8,3,2,24,3,1,1,1,40,2400,2200,0,414701,지금,무용학
34600,2,3,2,3,1,0,2,3,3,4,2,4,1,0,1,0,3,5,1,0,3,5,3,5,2,3,2,4,1,0,1,0,1,0,2,4,3,5,1,0,3,5,1,0,2,4,1,0,3,4,4,5,3,5,3,5,1,0,2,4,1,0,3,5,4,5,2,4,3,5,3,3,3,4,2,2,1,0,1,0,1,0,1,0,2,4,2,2,5,3,4,5,5,4,4,4,3,5,5,5,5,3,1,2,2,2,0,3,5,4,4,4,4,4,3,5,5,4,4,5,2,4,5,4,4,4,3,3,4,3,4,4,4,5,5,5,5,5,4,4,4,4,2,2,2,2,2,2,2,2,2,1,3,3,3,3,1,8,7,6,6,7,6,8,8,7,1,48,5,1,1,1,40,6800,3200,0,153203,기계 대체,전자공학
34601,3,5,3,3,2,3,3,3,3,3,3,4,4,3,4,4,4,4,3,3,4,4,3,4,4,5,4,4,3,3,3,3,4,4,4,4,2,4,3,4,4,4,3,3,4,4,3,3,5,4,3,3,2,2,1,0,3,3,2,2,2,2,4,5,2,2,3,3,3,4,4,4,5,7,2,3,3,3,3,3,3,4,4,4,3,3,3,3,5,4,4,3,5,2,3,3,3,3,4,4,3,6,1,2,2,2,0,6,5,4,4,3,4,4,3,3,4,3,4,3,2,5,4,5,4,5,4,3,4,2,4,4,4,5,4,3,3,5,2,2,4,4,2,2,2,2,2,2,2,2,2,1,3,2,2,3,1,8,2,4,7,3,4,8,3,2,1,48,4,1,1,1,40,6000,4500,0,16101,관리자,토목공학
34602,4,5,3,5,4,5,4,4,3,3,3,5,3,3,4,4,4,4,3,4,3,4,4,5,4,4,3,4,3,4,3,3,3,4,4,5,4,5,3,3,4,4,4,5,2,3,3,4,1,0,3,3,4,4,1,0,4,4,4,4,4,3,4,3,3,3,5,4,5,4,4,3,4,3,4,3,4,3,3,4,3,4,4,4,4,5,3,5,4,5,3,4,4,2,4,5,4,5,3,3,4,8,2,6,1,1,1,3,2,4,3,3,4,5,3,3,3,4,3,3,3,4,3,5,4,4,4,1,4,2,4,4,2,3,2,4,4,5,4,3,3,4,1,1,1,1,1,1,1,1,1,2,4,1,1,3,1,1,1,1,1,1,1,3,2,3,1,43,4,1,1,1,40,5500,2500,0,831101,전기기사 철도차량전기 관련 교육 전문교육 철도차량 유지 보수 기술 확보 매뉴얼 지속 변경 차량 유지 보수 보고 가장 초적 작업 방식 시작,전기설비
34603,3,5,4,5,2,5,3,5,3,4,2,4,2,3,2,3,3,4,2,4,2,3,2,3,2,3,3,4,3,4,3,4,2,3,2,4,1,0,3,4,3,4,2,3,3,4,3,4,3,4,3,4,3,4,4,5,3,4,3,4,3,4,3,5,3,4,3,4,4,5,4,5,2,3,3,4,3,3,3,4,3,5,4,5,3,4,3,4,4,4,4,2,4,4,4,2,3,2,2,4,2,19,2,3,2,1,2,2,3,3,3,3,3,3,4,2,2,3,3,3,4,3,3,4,3,3,4,3,3,3,3,4,4,3,3,4,3,4,3,4,3,3,2,2,2,2,2,2,2,2,2,1,2,3,3,3,2,5,6,5,5,5,5,6,4,6,1,56,2,1,1,1,41,3600,2500,0,624201,배달요령 모바일 이용,문과
34604,2,2,3,4,2,1,3,3,2,2,1,0,1,0,1,0,2,2,2,1,1,0,1,0,3,4,1,0,2,3,3,3,2,2,1,0,1,0,3,4,3,4,3,4,3,3,1,0,1,0,1,0,1,0,1,0,1,0,1,0,1,0,1,0,1,0,1,0,1,0,1,0,1,0,1,0,2,2,2,2,3,4,3,4,2,1,2,3,4,5,5,2,4,5,3,5,2,2,4,2,5,19,1,3,2,2,0,3,2,3,4,2,4,4,2,3,9,4,4,4,2,4,4,3,4,4,2,3,4,3,4,3,2,2,2,2,4,4,4,3,4,2,2,2,2,2,2,2,2,2,2,2,4,1,2,3,1,6,7,4,4,5,6,4,3,6,2,46,3,1,1,1,40,1800,1600,0,550201,대한 거부,유아교육
34605,2,3,2,2,2,3,1,0,2,2,2,2,2,2,3,3,3,3,2,2,1,0,1,0,2,2,2,2,2,2,2,2,2,2,1,0,1,0,2,3,2,2,2,2,2,2,1,0,2,2,1,0,2,3,1,0,3,3,3,3,1,0,2,3,3,4,3,3,3,4,3,3,1,0,2,3,3,3,2,3,4,4,3,3,3,4,2,2,3,2,4,2,3,2,2,2,3,3,2,3,3,3,1,2,2,2,0,3,2,3,4,3,4,4,3,2,3,4,4,3,4,4,3,3,4,4,3,3,4,3,4,4,3,4,4,3,4,4,4,3,3,4,2,2,2,2,2,2,2,2,2,3,2,2,2,2,2,7,6,5,8,7,7,7,6,7,1,37,2,1,2,1,40,3000,2400,0,825101,작업 환경,인문계 졸업
34606,4,6,4,6,4,5,3,5,4,5,4,5,3,5,4,6,4,5,3,4,3,4,3,4,3,4,3,5,3,4,2,4,2,4,2,4,3,4,3,4,3,4,4,5,4,5,2,4,2,3,3,3,4,5,3,4,4,5,4,3,4,5,4,4,3,3,4,5,4,5,4,5,3,4,3,4,4,4,4,5,3,3,2,4,2,4,3,4,4,4,3,3,4,2,4,2,2,3,3,3,3,13,3,2,1,1,3,5,4,4,3,3,3,3,3,3,2,2,2,3,3,3,2,4,3,2,3,2,3,4,2,4,3,3,3,3,3,4,3,3,3,3,2,2,2,2,2,2,2,2,2,2,4,2,2,2,2,6,6,3,6,3,3,4,4,6,2,35,4,1,3,1,52,5600,2800,0,157201,식품기사 안전사고 유의사항 품질문서 기준 식품공정의 실험법 식품 인증 대한 법적 의무 화가,환경공학
34607,2,2,2,2,1,0,3,4,1,0,3,3,3,3,2,3,2,2,1,0,1,0,4,5,3,4,2,3,1,0,3,5,3,4,3,4,3,4,2,2,3,3,2,2,3,4,2,2,1,0,1,0,1,0,3,4,2,2,3,5,1,0,1,0,1,0,3,4,3,4,2,3,1,0,1,0,1,0,3,4,4,5,2,3,2,3,2,2,4,4,3,2,3,2,2,1,2,3,4,4,3,18,1,1,2,2,0,2,4,3,3,3,2,3,3,3,9,4,4,4,3,3,3,3,4,3,4,3,4,3,4,4,5,4,3,4,4,3,4,3,2,2,2,2,2,2,2,2,2,2,2,1,3,2,2,2,2,8,7,3,2,2,4,8,6,3,1,32,4,1,1,1,40,2800,2200,0,420402,건강 관리 신경 변화,사회체육학
34608,5,5,4,5,3,3,4,5,4,5,5,6,2,2,2,2,3,3,3,3,3,4,4,4,3,3,4,5,4,4,3,3,4,5,3,4,2,3,4,4,4,4,4,4,4,5,5,6,3,3,3,3,2,3,1,0,1,0,1,0,2,3,1,0,1,0,1,0,1,0,1,0,1,0,1,0,1,0,1,0,1,0,1,0,2,3,2,3,4,3,3,4,5,2,4,3,3,4,4,2,2,11,1,4,1,2,0,5,5,5,5,5,5,5,4,4,4,4,4,4,1,4,4,4,3,4,3,2,3,3,3,5,4,5,4,4,4,4,4,4,5,3,2,2,2,2,2,2,2,2,2,3,2,3,3,3,1,5,5,5,4,4,5,6,4,4,1,33,4,1,1,1,40,4000,4000,0,31201,펀드매니저 자격증 도입,경영학
34609,2,3,2,3,2,2,2,2,4,5,4,5,2,3,4,5,4,5,4,5,4,5,3,4,4,5,3,4,2,2,4,5,1,0,2,2,3,4,4,5,4,5,4,5,2,3,3,4,3,4,3,4,4,5,3,4,4,5,3,4,3,4,3,4,4,5,4,5,4,5,4,5,3,5,4,5,4,5,4,5,4,5,4,5,4,5,4,5,4,4,3,3,4,4,3,4,4,4,3,4,3,13,1,3,1,2,0,6,5,3,2,2,3,3,2,3,3,4,4,3,2,4,4,4,4,4,3,4,4,4,4,4,4,4,3,3,4,4,4,4,3,4,2,2,2,2,2,2,2,2,2,2,3,3,3,3,2,6,7,4,5,6,3,4,3,2,1,54,4,1,3,1,40,4100,3700,0,705901,화약취급기능사 소방시설관리사 소방기술사 자격증 자격증 사람,토목공학
34610,2,4,3,4,1,0,1,0,2,4,2,3,1,0,1,0,2,4,2,3,2,4,2,4,3,4,2,4,3,4,2,3,1,0,1,0,1,0,3,4,4,5,3,5,3,4,1,0,1,0,1,0,4,5,2,3,4,5,4,5,2,4,3,4,3,5,3,4,3,5,4,5,3,3,3,4,3,3,3,4,3,4,2,2,3,5,2,3,3,2,3,3,2,2,4,3,3,2,3,1,3,10,1,2,1,2,0,2,4,3,2,2,3,2,2,3,3,3,4,3,3,2,2,2,2,4,3,2,3,4,4,5,2,4,4,3,5,4,4,4,3,4,2,2,2,2,2,2,2,2,2,1,3,3,3,3,2,7,5,6,5,4,5,7,5,3,1,36,4,1,1,1,48,3000,2200,0,136001,전파통신산업기사 무선설비산업기사 통신 산업 팽창,방송통신공학
34611,1,0,3,4,2,4,3,5,1,0,1,0,3,3,2,4,3,3,2,4,2,2,1,0,4,4,4,5,3,4,4,5,1,0,1,0,2,3,2,3,1,0,1,0,3,4,3,4,2,2,1,0,2,4,1,0,1,0,1,0,3,2,1,0,2,2,2,2,1,0,1,0,1,0,3,2,3,3,4,6,5,6,4,6,3,4,5,6,4,4,2,1,4,3,1,5,4,2,3,2,4,18,1,3,2,2,0,7,2,3,2,2,5,4,3,2,9,4,5,4,1,5,5,3,2,4,3,2,5,3,4,3,4,4,3,4,4,4,2,4,4,4,2,2,2,2,2,2,2,2,2,1,3,3,2,2,2,7,6,7,4,4,5,8,5,4,1,55,2,1,1,1,40,3700,2200,0,414601,노래 환경,문과
34612,1,0,1,0,1,0,1,0,1,0,1,0,1,0,1,0,1,0,1,0,1,0,1,0,3,3,1,0,1,0,1,0,1,0,1,0,4,3,3,3,1,0,3,3,3,3,1,0,1,0,1,0,3,4,3,4,4,5,3,4,1,0,4,4,3,4,4,5,4,5,4,5,4,5,4,5,4,5,4,5,4,5,1,0,1,0,1,0,3,4,3,4,3,4,4,3,3,4,3,3,3,6,1,2,1,1,3,5,3,3,3,3,4,4,4,3,4,4,4,4,1,4,4,3,4,3,4,3,2,3,3,3,4,3,4,3,3,4,3,3,3,4,2,2,2,2,2,2,2,2,2,3,3,2,2,2,1,2,6,5,8,4,5,2,8,8,1,33,2,1,1,1,45,3000,2200,0,704001,굴착기운전 포크레인 운전 안전운전 상황,공업
34613,2,2,2,3,2,2,2,2,2,2,2,2,2,2,2,2,2,2,2,3,2,2,2,2,2,3,2,2,2,2,3,3,2,2,2,2,2,2,2,2,2,2,2,2,2,2,2,2,2,2,2,2,2,2,2,2,2,2,2,2,2,2,2,2,3,4,2,3,2,3,4,5,2,2,2,1,2,2,2,2,4,6,3,4,3,3,3,3,4,4,2,3,2,2,2,2,2,2,2,3,3,2,2,4,2,2,0,1,2,3,3,3,3,3,3,3,2,3,3,3,3,3,3,3,2,2,3,2,2,4,4,4,4,4,3,3,4,3,3,3,4,4,2,2,2,2,2,2,2,2,2,3,2,2,2,2,2,6,4,5,4,4,4,6,5,6,1,53,2,1,1,1,45,4500,2000,0,705101,재생 에너지 개발,공업고등학교
34614,2,3,3,4,2,2,3,4,5,6,5,6,5,7,5,6,4,5,5,6,4,5,3,4,4,5,3,4,1,0,1,0,1,0,1,0,3,4,3,4,4,5,4,5,1,0,1,0,1,0,1,0,4,6,5,7,5,7,5,7,4,5,3,4,3,4,4,5,4,5,5,6,2,2,5,6,4,5,2,3,1,0,1,0,4,5,1,0,4,4,4,5,5,3,3,4,4,5,3,3,3,13,1,1,2,2,0,7,5,4,3,3,4,4,3,3,4,5,5,4,4,4,4,4,4,3,4,4,4,5,4,4,5,4,5,5,4,5,4,4,5,4,2,2,2,2,2,2,2,2,2,1,3,3,3,3,2,2,3,2,2,1,1,8,9,8,1,39,4,2,5,1,48,0,0,3000,159103,변화,컴퓨터공학
34615,2,2,2,2,2,4,2,2,2,2,3,4,1,0,3,3,3,4,2,3,2,2,2,3,2,3,2,3,2,2,1,0,2,2,2,2,2,2,2,2,3,4,2,2,3,4,1,0,2,2,1,0,2,2,2,2,4,5,4,5,2,3,4,5,4,5,4,5,4,5,4,5,2,2,2,2,3,3,3,5,3,6,3,3,3,4,2,3,3,4,2,3,3,2,4,2,3,4,4,3,3,3,1,2,1,2,0,5,5,3,3,3,4,4,4,4,4,4,4,4,2,4,4,2,4,4,4,3,4,4,2,4,3,4,4,4,4,4,5,4,2,5,2,2,2,2,2,2,2,2,2,1,4,3,3,3,2,7,7,5,5,5,5,6,4,4,1,31,4,1,1,1,40,3300,3000,0,811601,건설기계정비 기능사 건설중기정비 건설 경기 에너지 절감 장비 수요 증가,기계공학
34616,3,4,4,4,3,4,4,5,3,4,3,3,3,4,3,3,2,3,3,4,3,4,2,3,2,4,1,0,4,4,4,4,1,0,4,5,2,4,4,4,3,5,3,4,2,3,1,0,1,0,1,0,1,0,1,0,1,0,1,0,3,3,1,0,1,0,2,3,1,0,1,0,1,0,1,0,1,0,1,0,1,0,3,4,4,4,3,4,2,3,3,2,3,3,3,2,3,3,3,3,3,19,1,2,2,2,0,3,3,3,3,2,4,3,3,1,2,2,4,2,4,2,3,3,3,2,2,4,2,5,2,4,4,4,3,4,4,4,3,3,4,4,2,2,2,2,2,2,2,2,2,1,3,1,1,3,2,3,3,4,3,3,3,7,4,3,2,27,4,1,3,1,30,2640,2280,0,512201,결혼,경영학
34617,2,3,2,3,2,2,2,3,3,4,2,3,2,3,3,4,2,3,3,4,2,3,3,4,3,4,2,3,3,5,3,4,3,4,3,4,3,4,3,4,3,4,3,4,2,3,2,2,2,3,2,3,2,3,2,2,2,3,1,0,2,3,2,3,2,3,2,3,3,4,3,4,3,5,3,5,3,4,2,3,2,3,2,2,3,4,2,2,4,3,4,4,3,4,4,2,4,4,3,3,4,3,1,2,1,2,0,2,5,3,4,4,4,5,4,4,5,5,5,5,1,3,4,4,3,4,4,3,4,4,4,3,4,4,4,3,4,3,4,4,5,5,2,2,2,2,2,2,2,2,2,2,2,3,3,3,2,2,5,4,4,3,6,8,3,5,1,41,4,1,1,1,40,4200,3100,0,852301,화공기사 증가,화학공학
34618,5,5,5,5,5,4,5,3,5,4,5,3,5,7,5,5,5,5,5,5,5,5,5,6,5,4,5,3,5,3,5,3,5,3,5,5,5,4,5,5,5,3,1,0,5,2,5,2,5,2,3,3,5,3,5,5,5,2,5,2,5,3,5,4,5,2,5,2,5,2,5,3,1,0,5,3,5,2,5,3,5,6,5,4,5,6,5,4,4,3,5,3,3,4,4,3,2,4,3,4,3,18,1,4,2,2,0,6,5,3,2,2,4,4,3,3,3,4,4,3,3,3,3,4,5,4,5,2,4,1,3,5,3,5,4,5,5,5,3,3,5,4,2,2,2,2,2,2,1,1,1,1,2,2,2,3,2,7,2,2,5,3,5,7,2,3,1,48,4,1,1,1,40,6000,2500,0,416701,업종 불황 근로자 구조조정 업종 혁신 제품 개발 근로자 감소,전기
34619,2,3,2,2,2,2,2,2,1,0,1,0,1,0,1,0,2,3,1,0,1,0,1,0,4,5,1,0,3,3,1,0,2,2,1,0,1,0,4,5,3,5,1,0,3,4,1,0,2,2,1,0,3,4,3,5,2,4,1,0,1,0,1,0,1,0,2,2,1,0,1,0,1,0,4,6,4,5,3,4,4,5,3,4,1,0,2,2,4,4,5,5,5,1,5,2,3,4,5,2,4,17,1,2,1,2,0,6,1,3,4,3,4,3,3,3,4,4,4,4,4,4,3,4,5,4,3,4,4,4,3,5,4,5,5,5,4,4,5,5,5,4,2,2,2,2,2,2,2,2,2,1,3,2,2,2,1,5,6,5,7,6,6,5,7,6,1,53,1,1,1,1,40,2600,2200,0,307601,안마사 수요,0
34620,3,4,4,5,1,0,3,4,1,0,1,0,3,2,3,2,3,3,1,0,1,0,3,3,4,5,3,3,3,3,3,4,1,0,3,2,3,3,4,5,4,4,4,5,3,3,3,4,4,5,3,3,3,4,1,0,1,0,1,0,1,0,4,5,3,2,4,5,3,4,1,0,1,0,4,5,3,3,3,3,1,0,3,4,3,2,3,2,5,3,5,3,4,4,3,5,3,3,4,3,5,9,1,1,1,2,0,7,2,3,4,4,4,3,2,3,9,9,3,3,2,3,2,3,2,4,4,3,3,3,3,4,2,2,3,1,1,4,2,3,3,4,2,2,2,2,2,2,2,2,2,1,2,2,2,2,2,6,8,5,3,2,5,5,4,5,1,52,2,2,5,1,40,0,0,4300,531501,일식조리사증 장인정신 무장,문과
34621,3,4,3,4,2,2,3,4,4,6,5,5,2,2,4,5,4,6,3,4,2,2,3,4,4,6,4,6,3,4,3,4,2,2,2,2,2,2,3,4,4,5,4,6,3,4,1,0,1,0,2,2,1,0,1,0,1,0,1,0,3,4,2,2,1,0,1,0,1,0,1,0,1,0,1,0,1,0,2,2,2,3,2,3,3,4,3,4,4,4,3,3,2,3,4,3,3,3,2,4,3,11,1,2,1,2,0,3,5,4,3,3,4,4,3,4,9,9,4,4,2,3,3,4,4,4,1,1,4,2,3,4,4,2,2,2,4,5,4,3,4,3,2,1,2,2,1,1,2,2,1,2,2,2,2,3,2,3,6,3,8,4,7,3,7,4,1,48,4,1,1,1,40,6000,4000,0,31101,투자분석사 기업분석사 신용분석사 프로그램 업데이트 업그레이드 발달 사람 점점,경제학
34622,3,4,4,5,5,7,3,5,1,0,2,3,5,7,3,4,3,4,1,0,2,3,3,4,4,5,4,6,4,5,4,5,4,6,3,4,2,3,4,5,4,5,4,5,4,5,3,4,1,0,2,3,1,0,1,0,1,0,1,0,1,0,1,0,1,0,1,0,1,0,1,0,2,2,2,2,2,2,1,0,1,0,1,0,2,2,2,2,4,4,4,4,3,3,2,4,3,4,4,3,4,19,1,4,2,2,0,6,5,3,4,3,4,4,3,4,4,4,5,4,3,4,4,3,2,2,4,4,4,5,3,4,5,4,3,4,4,4,3,2,4,4,2,2,2,2,2,2,1,1,2,2,3,3,2,2,1,3,6,7,5,4,4,3,4,6,1,32,4,1,1,1,40,6700,3800,0,12301,요구 데이터 분석 업무 추가 업무 증가 뉴미디어 등장 광고 영역 계속 확대 일자리 크게 영향,광고홍보학
34623,4,5,5,6,4,5,4,6,4,6,4,5,4,5,4,5,3,4,4,5,4,5,4,6,4,5,4,5,4,5,4,6,4,5,4,5,4,5,4,5,4,5,4,5,4,5,4,5,4,5,4,6,4,5,4,6,4,5,4,5,4,6,4,5,4,5,4,5,4,6,4,6,3,5,4,5,4,5,4,6,4,5,4,6,4,5,4,5,4,3,3,3,5,4,4,4,3,4,4,4,4,4,1,3,1,2,0,3,4,4,4,3,3,4,4,3,4,4,4,4,2,4,3,3,4,3,4,3,2,3,3,4,3,3,4,4,3,4,3,4,4,3,2,2,2,2,2,2,2,2,2,1,4,3,3,3,2,7,5,4,6,7,7,7,6,5,1,50,4,1,1,1,44,6000,3000,0,153201,기술지도자 전자제품 개발,산업공학
34624,3,4,4,5,3,4,4,6,2,2,4,6,5,7,3,4,4,5,4,5,4,6,4,5,4,5,4,5,4,5,4,6,3,4,4,5,4,5,4,5,4,5,4,5,4,5,3,4,2,2,4,6,3,4,4,6,2,3,2,3,3,4,4,5,4,5,3,4,2,3,2,3,4,6,5,6,4,5,3,4,4,5,5,6,4,5,4,5,5,4,4,3,4,4,4,4,4,3,4,3,5,18,1,1,1,2,0,1,4,4,4,4,4,4,4,3,9,4,4,4,2,4,4,4,5,4,4,2,4,4,4,4,4,5,4,4,4,3,4,3,3,4,2,2,2,2,2,2,2,2,2,1,3,2,2,2,1,5,4,7,4,3,6,3,5,6,2,29,4,1,1,1,40,2500,1800,0,414702,필라테스자격증 요가지도자 한정 직업,무용
34625,5,5,5,5,2,2,5,4,2,2,2,4,3,3,3,3,4,5,2,3,2,3,1,0,2,2,2,5,2,2,4,3,2,3,3,3,3,4,4,4,4,3,3,4,4,5,4,5,3,4,2,3,3,3,1,0,3,3,3,4,2,3,3,4,2,3,4,4,4,5,5,4,1,0,2,2,1,0,1,0,3,3,3,4,2,2,2,2,3,4,5,3,3,1,5,3,1,2,3,3,4,19,4,1,2,2,0,3,1,4,3,2,4,4,2,3,9,9,9,3,3,3,2,4,4,2,2,4,3,5,2,5,3,3,4,3,3,4,2,2,5,4,2,2,2,2,2,2,2,2,2,3,2,3,3,3,2,8,9,6,8,5,3,6,4,7,1,43,2,2,6,1,55,0,0,3500,561501,프랜차이즈 업체,공고
34626,5,6,5,5,5,7,5,6,3,4,4,5,4,6,3,3,3,5,1,0,4,3,1,0,2,3,4,5,3,3,2,4,2,3,2,3,1,0,2,3,4,5,1,0,5,6,1,0,1,0,2,3,3,4,2,4,3,3,1,0,3,4,1,0,2,3,2,3,3,5,2,4,4,4,2,5,2,3,4,4,2,2,3,4,2,3,3,4,4,4,5,1,4,2,3,3,4,3,5,4,4,10,1,4,2,1,4,4,5,5,4,4,4,5,3,4,3,4,4,4,2,4,5,4,5,3,3,4,3,3,4,3,4,4,3,4,4,3,4,4,5,2,2,2,2,2,2,2,2,1,1,3,2,1,1,1,1,3,2,4,5,3,4,3,4,4,2,38,4,1,1,1,45,3800,2500,0,412001,취재요령 다한 업무 인공 지능 발달 신문 기사 작성,신문방송학
34627,2,4,2,4,1,0,2,2,1,0,2,2,1,0,3,3,2,3,1,0,3,3,3,3,4,3,1,0,1,0,1,0,1,0,1,0,1,0,1,0,1,0,1,0,1,0,1,0,2,3,1,0,1,0,1,0,2,3,1,0,1,0,2,3,1,0,3,4,3,3,3,4,1,0,3,3,3,4,3,3,2,3,3,4,3,4,2,3,1,2,4,1,2,2,2,1,2,1,1,3,2,3,1,3,2,2,0,2,1,3,2,2,2,1,1,1,3,3,3,2,4,2,2,4,3,4,5,4,3,2,2,5,4,4,5,5,4,5,4,3,4,4,2,2,2,2,2,2,2,2,2,1,2,3,2,3,2,7,8,8,7,3,4,2,3,3,1,42,2,1,1,1,54,2800,2600,0,872101,작업 환경,기계설비
34628,2,3,2,2,3,4,4,6,2,3,2,3,4,5,5,6,3,4,4,6,2,3,3,4,4,6,3,4,2,3,4,6,3,4,4,6,3,4,3,4,2,3,4,5,3,4,2,3,3,4,4,6,3,4,3,4,4,6,4,6,2,3,2,3,4,6,3,4,2,3,2,3,4,6,2,3,2,3,3,4,2,3,2,3,2,3,2,3,4,4,5,5,5,4,5,4,4,4,4,5,4,18,1,4,2,2,0,4,5,4,4,4,4,4,4,5,4,4,4,5,4,4,4,4,4,4,3,3,4,4,4,4,3,3,4,3,4,3,3,3,4,4,2,2,2,2,2,2,2,2,2,3,3,2,2,2,1,7,7,7,8,8,8,8,8,8,1,47,4,1,1,1,50,8500,3200,0,416101,상황,신문방송학
34629,3,4,3,2,3,3,3,4,3,2,3,3,1,0,2,2,3,4,1,0,1,0,3,3,3,3,3,3,3,4,3,3,5,5,1,0,3,3,3,4,3,3,3,3,3,4,3,4,1,0,3,4,1,0,1,0,1,0,1,0,3,3,3,4,3,3,1,0,1,0,1,0,1,0,2,2,3,4,1,0,1,0,1,0,1,0,1,0,3,2,3,4,3,2,3,4,3,2,2,2,3,11,1,5,2,2,0,7,5,3,4,5,5,4,3,3,2,3,4,3,2,2,3,3,4,3,3,2,3,3,4,4,3,4,5,5,3,3,4,4,3,4,2,2,2,2,2,2,2,2,2,2,3,2,2,3,2,5,5,5,4,4,5,5,4,2,1,31,4,1,1,1,48,3450,3250,0,31401,기계 대체 불가,컴퓨터프로그래밍
34630,3,5,3,4,2,2,3,4,3,5,3,4,3,4,3,4,3,4,3,4,2,3,2,3,2,3,3,4,3,5,2,3,2,3,3,4,3,5,3,3,2,3,2,3,3,4,2,3,3,4,4,6,3,4,3,4,2,3,2,3,3,4,3,4,2,3,2,3,2,3,2,3,3,4,2,3,2,3,2,3,2,3,2,2,2,3,2,2,4,3,4,4,4,3,4,2,4,4,3,4,4,3,1,5,1,1,1,2,5,4,4,3,4,4,4,4,5,5,5,4,2,4,4,4,3,3,4,4,3,3,4,4,3,4,4,4,3,3,4,4,4,3,2,2,2,2,2,2,2,2,2,1,3,3,3,3,2,3,7,4,5,6,5,8,4,6,2,38,4,1,1,1,40,3900,3000,0,852301,화공기사 생산 숙지 기계화 업무,화학공학
34631,4,6,4,6,4,5,4,6,2,2,3,4,4,6,4,5,3,5,3,5,5,5,4,5,5,6,4,5,5,5,4,5,4,5,4,5,4,5,4,6,5,5,4,5,4,5,2,3,3,4,4,5,2,1,1,0,1,0,1,0,4,5,1,0,2,3,1,0,1,0,1,0,1,0,1,0,1,0,2,2,2,3,3,4,3,4,4,4,5,4,4,3,4,4,2,4,4,4,3,3,3,13,1,1,1,2,0,4,5,4,4,3,2,4,3,3,3,4,4,4,1,5,4,3,4,3,3,4,3,4,2,2,3,3,4,4,3,3,4,4,4,5,2,2,2,2,2,2,2,2,2,1,2,3,3,3,2,6,7,7,7,7,8,7,8,6,2,45,4,2,7,2,40,0,0,4000,231201,전문상담교사 2급 인구 감소,가정관리학
34632,3,3,3,3,3,5,3,2,4,5,3,4,4,6,4,5,4,5,4,4,4,6,5,7,4,5,4,6,4,5,3,3,1,0,3,4,5,6,1,0,3,3,4,5,4,5,4,5,4,4,4,4,4,4,4,5,3,5,4,4,5,5,5,6,4,4,4,5,4,4,4,5,4,5,5,7,4,5,3,3,2,2,2,2,3,4,3,4,4,3,3,3,4,4,3,4,3,4,4,3,3,16,5,4,2,1,2,1,2,3,3,3,3,4,4,3,3,4,4,4,3,3,2,3,2,3,3,1,2,3,4,4,3,3,3,3,2,4,2,3,3,3,2,2,2,2,2,2,2,2,2,3,2,2,2,2,1,4,4,4,5,5,5,5,5,5,1,36,4,1,1,1,48,4200,2900,0,134303,CS마인드교육 전산 시스템 자동화 인력 수요 감소 예측,컴퓨터응용학
34633,1,0,2,3,1,0,3,3,2,3,2,2,3,4,3,3,2,2,2,2,1,0,2,3,3,4,3,3,3,4,3,4,2,2,1,0,1,0,4,5,4,5,4,5,4,5,1,0,2,1,1,0,3,3,2,2,2,1,1,0,1,0,2,2,3,3,3,3,3,3,2,2,3,3,4,4,3,4,3,3,2,2,2,2,2,1,2,1,3,3,2,2,2,3,2,4,2,3,3,2,4,13,1,1,1,2,0,7,2,2,2,2,3,4,2,3,3,4,3,3,2,3,2,3,2,3,4,3,2,4,3,4,3,3,3,2,4,3,2,4,3,2,2,2,2,2,2,2,2,2,2,1,3,2,2,3,2,6,8,7,5,4,5,7,5,4,1,29,2,1,1,1,58,2100,1700,0,511101,미용학원 미용사 면허증 변화,미용
34634,4,6,4,6,3,4,4,6,2,3,4,6,2,2,4,7,3,3,2,2,2,2,2,2,2,4,2,2,3,4,2,2,3,4,2,2,3,3,3,4,4,7,5,7,4,6,2,2,2,2,2,2,2,2,2,2,2,2,2,2,2,2,2,2,2,2,2,2,2,2,2,2,3,4,2,2,2,2,2,3,2,2,2,2,2,3,2,3,5,5,3,4,5,2,3,4,3,4,4,4,4,15,2,4,2,2,0,4,6,5,4,4,4,4,4,4,4,4,5,4,1,5,4,4,4,3,4,3,4,5,4,4,4,4,4,4,5,5,4,4,5,2,2,2,2,2,2,2,2,2,2,2,2,3,3,3,2,3,4,3,1,7,6,8,5,6,1,37,6,1,1,1,40,6500,4000,0,221101,인구 감소,법학
34635,3,5,4,5,3,5,4,3,4,4,4,4,4,4,3,3,4,4,4,4,4,4,4,5,4,4,4,5,4,4,4,4,4,4,4,5,4,5,3,5,4,4,4,4,4,5,3,5,4,4,3,5,3,5,4,4,4,5,3,5,4,5,3,5,4,4,4,5,3,4,4,4,4,4,3,4,2,4,4,4,3,5,3,4,4,4,3,3,3,2,4,3,3,2,3,4,3,2,3,4,4,4,1,3,1,2,0,3,2,4,3,3,3,4,3,4,5,9,4,5,4,4,3,4,4,3,3,4,4,4,3,4,3,3,2,3,4,3,3,3,3,3,2,2,1,1,2,2,2,2,2,2,3,3,3,3,2,6,7,6,5,7,7,7,6,7,1,48,2,1,1,1,40,4800,4000,0,831101,전기설비 기계 장비 도입 사용 기계 장비 도입 업무 사람 일임,전기
34636,3,4,3,4,3,4,3,4,3,4,3,4,3,3,4,3,4,5,4,6,5,4,3,4,5,6,3,4,4,6,3,4,3,4,3,4,5,6,4,6,5,6,5,5,5,6,4,4,5,6,5,6,5,5,5,6,5,6,5,6,5,5,5,6,4,6,4,6,4,5,5,6,3,4,5,6,5,6,5,6,4,6,5,6,5,7,5,6,5,4,3,3,3,3,4,3,4,3,3,3,3,6,1,1,2,2,0,5,1,4,4,4,4,4,4,3,9,9,9,4,1,5,4,4,4,5,4,4,4,3,4,5,4,5,4,4,5,5,4,5,4,4,2,2,2,2,2,2,2,2,2,1,3,3,3,3,2,7,8,6,7,7,5,6,7,5,1,52,2,2,5,1,40,0,0,3000,702502,수요,기계공학
34637,3,4,2,3,3,4,3,3,2,2,2,3,1,0,2,2,2,3,1,0,1,0,2,2,3,3,2,2,3,4,3,3,2,3,3,4,2,2,3,4,3,3,3,4,3,4,2,2,2,3,3,4,2,2,1,0,1,0,1,0,1,0,2,3,1,0,1,0,1,0,1,0,1,0,1,0,2,1,1,0,2,1,2,1,2,2,2,1,2,3,3,3,2,3,4,4,2,3,4,2,3,18,1,2,2,2,0,5,2,3,4,4,4,3,2,3,4,3,4,4,3,4,3,2,3,4,3,2,3,4,4,4,3,3,2,3,4,4,3,2,2,3,2,2,2,2,2,2,2,2,2,3,4,2,2,2,1,7,4,5,4,3,5,3,4,5,2,44,4,1,1,1,48,3170,2420,0,521201,정상화,경영학
34638,2,2,2,3,1,0,2,2,2,3,1,0,1,0,1,0,2,1,1,0,1,0,2,2,2,3,1,0,2,2,2,3,2,2,1,0,1,0,2,3,2,3,2,2,2,3,1,0,2,3,1,0,2,3,2,3,2,3,2,3,2,2,2,3,2,3,2,3,2,3,2,3,2,3,2,3,2,2,2,1,2,3,2,3,2,2,2,2,2,2,2,3,2,2,2,3,2,3,2,2,2,13,1,1,1,2,0,3,4,2,3,2,3,2,2,3,2,3,3,3,2,3,2,3,3,3,3,3,3,2,4,3,3,2,3,2,3,3,3,3,3,2,2,2,2,1,2,2,2,2,2,2,2,1,3,3,2,6,6,4,4,4,5,5,4,3,1,37,3,1,1,1,55,3000,2600,0,812401,자동차산업기사 자동차 정비기사 렌트 활성화 자동차 이용 방식 변화,자동차공학
34639,4,6,4,5,3,4,3,5,4,5,4,5,3,5,4,5,3,5,2,4,3,5,3,5,2,3,2,4,2,4,3,4,3,5,3,5,2,3,3,4,3,4,4,5,4,5,4,4,3,4,3,4,2,3,5,4,1,0,2,3,4,5,1,0,3,4,1,0,1,0,1,0,2,3,1,0,1,0,1,0,1,0,1,0,1,0,1,0,2,3,2,4,4,2,3,2,2,4,2,3,3,13,1,2,2,2,0,5,4,3,3,2,5,4,3,4,3,3,3,3,2,2,3,4,3,1,2,3,3,4,4,4,3,4,4,4,5,4,4,4,4,4,2,1,2,2,2,2,1,1,1,2,3,3,3,3,1,7,4,4,3,4,5,4,4,6,2,29,4,1,1,1,40,3000,2800,0,133302,모바일 인터넷 업무 시장 확대 기획 워낙 일자리 변화,광고홍보학
34640,1,0,1,0,1,0,1,0,1,0,1,0,1,0,1,0,2,2,4,5,1,0,1,0,3,4,1,0,1,0,1,0,1,0,1,0,1,0,1,0,1,0,1,0,1,0,1,0,1,0,1,0,1,0,1,0,1,0,1,0,1,0,1,0,1,0,1,0,1,0,1,0,1,0,1,0,1,0,1,0,4,5,2,3,1,0,1,0,3,4,3,3,4,3,3,3,3,4,3,3,4,6,4,1,2,2,0,2,1,3,4,3,3,3,4,3,4,3,3,4,3,4,3,3,3,3,3,4,3,3,3,3,4,3,3,3,3,3,3,3,4,3,2,2,2,2,2,2,2,2,2,2,2,2,2,2,2,6,5,5,6,5,5,5,5,5,1,59,2,2,6,1,40,0,0,1000,706001,인구 감소 소비 감소,기계
34641,1,0,1,0,1,0,1,0,2,2,1,0,1,0,3,3,1,0,1,0,1,0,2,1,2,2,1,0,1,0,1,0,1,0,1,0,2,2,1,0,1,0,3,3,2,2,3,4,4,5,1,0,2,2,3,3,3,4,2,2,1,0,3,4,2,2,3,4,2,2,2,2,1,0,2,1,3,3,2,1,5,7,5,6,4,5,2,1,5,1,4,3,1,1,4,2,4,3,2,4,4,1,1,2,1,2,0,7,4,4,3,3,4,4,3,4,4,4,4,4,2,5,3,3,4,2,3,3,4,4,3,2,3,4,2,2,4,4,4,4,4,3,2,2,2,2,2,2,2,2,2,1,3,3,3,3,2,3,5,4,6,4,4,5,3,3,1,37,4,1,1,1,40,2867,1967,0,901301,원예기능사 종자기능사 유기농업기능사 수요 일자리 변동,농학
34642,3,6,3,5,1,0,1,0,3,3,2,3,1,0,2,4,2,3,1,0,2,5,1,0,1,0,2,4,2,3,2,2,3,4,2,3,2,3,4,4,2,3,2,3,3,4,1,0,2,4,4,4,2,3,2,4,5,5,3,3,2,3,3,3,2,5,5,5,3,5,5,5,2,3,2,3,4,5,2,3,1,0,2,3,1,0,1,0,3,3,4,3,3,2,3,4,3,4,4,3,3,6,1,5,1,2,0,3,5,4,3,3,4,4,4,4,3,4,5,5,4,4,3,4,4,3,3,4,4,3,4,4,3,3,4,5,5,4,5,2,3,5,2,2,2,2,2,2,2,2,2,3,4,2,2,2,1,6,7,6,5,5,6,3,4,3,1,39,4,1,1,1,45,5500,3000,0,140204,건축설비기사 축하 건축물,건축설비
34643,4,5,3,6,3,6,3,4,3,4,3,5,4,4,3,4,4,5,3,4,4,4,4,5,4,5,4,5,4,5,4,5,3,5,3,5,4,4,4,4,4,4,4,4,4,5,4,5,4,4,3,5,3,5,3,4,4,4,4,4,4,5,3,5,3,5,4,4,4,4,3,4,4,5,3,4,3,5,4,4,3,5,3,4,4,5,3,4,4,4,3,4,3,4,3,4,3,4,4,3,4,17,1,1,1,1,6,6,5,3,3,3,4,4,4,4,3,3,3,3,2,3,3,4,3,3,3,2,3,3,4,4,3,3,3,3,3,3,4,2,3,4,2,2,2,2,2,2,2,2,2,1,3,3,2,2,2,3,3,3,4,4,4,3,6,5,2,38,5,1,1,1,45,19000,9000,0,301108,의사면허증 전공의자격증 인턴 레지던트 소아과 의사 일이 청소년 스트레스 요인 정신질환 증가 추세,의예(소아)
34644,3,4,3,4,1,0,2,2,3,3,2,3,1,0,2,2,1,0,1,0,1,0,1,0,4,5,3,3,2,3,1,0,1,0,1,0,1,0,3,4,5,5,2,2,5,6,1,0,3,4,2,2,2,2,1,0,3,4,4,4,4,4,1,0,4,5,4,4,4,5,4,4,4,4,5,6,4,5,1,0,2,3,1,0,5,6,4,4,2,4,4,3,4,4,4,2,3,3,5,4,3,17,1,2,1,2,0,6,5,4,4,4,3,4,3,3,9,9,4,4,2,4,4,4,3,4,1,3,4,4,3,4,4,3,4,5,4,5,4,3,4,2,2,2,2,2,2,2,2,2,2,1,4,2,2,2,2,6,5,5,5,5,5,8,8,7,1,40,6,2,5,1,50,0,0,8000,301102,의사 자격증 의사 수가,의학
34645,4,5,3,5,3,5,4,5,3,4,3,5,4,5,3,4,3,5,2,3,3,5,5,6,3,4,2,2,4,4,2,3,3,4,3,5,5,6,3,4,2,3,2,4,3,5,3,4,1,0,2,3,2,3,1,0,2,3,1,0,2,3,1,0,2,3,2,3,1,0,1,0,1,0,2,3,2,3,2,3,2,3,2,4,3,4,2,3,4,4,4,3,4,2,3,4,3,4,4,4,4,18,5,1,1,2,0,1,4,4,3,3,4,4,3,3,9,9,9,3,2,4,4,4,4,3,2,3,4,4,3,4,5,3,3,3,4,4,3,3,4,3,2,2,1,1,2,2,2,1,2,1,4,2,2,2,1,6,4,4,4,3,4,6,6,6,2,47,4,1,3,2,40,3000,2200,0,306903,유아음악지도사 놀이치료사자격증 코로나 상황 대처 무력감 놀이기구 장비 개발 대처 어려움 놀이 치료 사회 발달 문제 아동 관심,유아교육학과
34646,2,3,3,3,3,3,2,1,4,3,3,2,2,4,2,2,3,3,3,2,3,3,2,3,3,2,3,2,1,0,2,2,1,0,1,0,2,5,3,2,4,3,3,3,3,3,2,3,4,2,1,0,3,3,2,4,3,5,2,3,3,3,3,3,2,3,4,4,3,5,2,3,1,0,4,4,2,3,1,0,1,0,1,0,2,2,2,3,4,3,5,5,4,3,5,2,4,4,3,5,4,3,1,3,1,2,0,2,4,4,5,5,3,4,4,4,5,5,3,5,3,3,2,4,5,3,3,4,3,5,5,3,5,4,4,5,3,4,3,5,5,5,2,2,2,2,2,2,2,2,2,2,4,3,3,3,2,4,7,6,8,6,3,7,4,3,1,36,4,1,1,1,40,4000,3700,0,154201,화공기사 화학분석기능사 정밀 의료 대체에너지 신소재 사업 증가,화학
34647,3,3,3,4,3,3,3,4,3,4,4,5,3,4,3,3,4,4,1,0,2,2,1,0,4,4,1,0,3,3,3,4,4,4,4,5,1,0,4,4,4,3,3,3,4,4,2,2,2,2,5,5,1,0,1,0,1,0,1,0,5,5,3,4,1,0,1,0,1,0,1,0,1,0,1,0,1,0,1,0,1,0,1,0,4,3,3,3,4,3,3,2,4,4,3,4,3,4,4,3,3,8,1,5,1,1,3,3,5,4,3,3,4,4,3,2,2,2,4,3,2,5,4,4,3,4,2,2,4,4,3,4,4,3,3,3,4,5,4,4,4,4,2,2,2,2,2,2,2,2,2,1,4,1,1,1,1,3,6,5,7,5,3,4,6,5,1,37,3,1,1,1,43,3400,2500,0,26103,영업관리실무 마케팅조사분석사 고객 시장 경쟁 조사 분석 마켓팅 분야 채용 계획 회사 성장,전산
34648,1,0,1,0,1,0,1,0,1,0,4,4,1,0,1,0,3,4,1,0,1,0,1,0,1,0,1,0,1,0,1,0,1,0,1,0,1,0,1,0,1,0,1,0,2,3,1,0,1,0,1,0,4,4,3,4,1,0,1,0,1,0,4,5,4,4,3,4,3,4,3,4,1,0,1,0,1,0,1,0,1,0,1,0,1,0,1,0,4,4,4,4,3,3,3,3,3,3,3,2,3,3,1,4,1,1,2,7,4,3,3,3,4,4,3,3,4,4,4,4,2,4,4,4,4,3,3,3,4,4,3,4,5,5,4,4,4,5,3,3,3,4,2,2,1,2,1,1,2,2,2,2,2,2,2,3,2,6,4,4,3,3,3,7,3,3,1,48,4,1,1,1,40,4000,3000,0,156101,섬유기술사 염색가공이론 시스템 변경 기계 도입 업무 자동화,섬유공학
34649,2,3,2,3,2,2,2,2,4,5,3,4,4,5,3,4,2,3,3,4,4,4,3,4,4,5,1,0,1,0,3,4,2,3,2,2,3,4,1,0,3,4,3,4,2,4,1,0,4,5,4,5,4,5,3,4,3,4,2,2,1,0,1,0,1,0,1,0,1,0,1,0,1,0,1,0,1,0,1,0,1,0,1,0,1,0,1,0,4,4,4,4,4,4,3,2,3,3,3,3,3,13,1,2,2,2,0,3,4,3,3,3,4,3,3,5,4,4,3,3,2,3,2,2,3,2,3,2,3,3,3,2,2,3,3,4,4,4,3,2,2,2,2,2,2,2,1,1,2,2,2,3,3,3,3,3,2,4,5,3,4,5,3,8,3,3,1,43,4,1,1,1,40,4500,3000,0,159104,변화,건축공학
34650,1,0,1,0,1,0,3,4,1,0,1,0,3,4,1,0,1,0,1,0,1,0,2,3,1,0,2,3,2,3,1,0,1,0,1,0,1,0,1,0,1,0,1,0,2,3,3,4,1,0,1,0,1,0,1,0,2,3,1,0,1,0,1,0,2,3,3,4,1,0,2,3,1,0,1,0,1,0,1,0,3,4,1,0,2,3,2,3,3,2,3,3,4,3,3,3,3,3,3,2,3,18,1,5,2,2,0,7,2,4,3,3,4,4,3,4,3,3,3,4,2,3,4,3,4,3,3,3,3,3,4,3,4,3,3,3,4,3,3,3,3,3,2,2,2,2,2,2,2,2,2,1,4,3,3,3,2,5,4,6,5,4,4,6,4,4,1,27,2,1,3,2,27,3499,2512,0,417102,콘텐츠,정보통신미디어
34651,5,7,5,7,5,7,5,7,4,6,4,6,4,6,4,6,5,7,4,6,4,5,5,6,5,6,4,5,5,6,5,6,4,6,4,6,4,5,4,6,5,6,5,6,5,7,4,5,4,6,4,6,4,5,4,5,4,5,3,4,3,4,5,7,3,4,4,5,3,4,4,5,4,5,4,5,5,6,5,6,4,3,4,4,5,3,3,3,5,4,4,5,5,2,5,4,5,4,4,4,5,13,2,5,2,2,0,2,6,4,4,3,4,4,4,4,4,3,5,4,2,5,4,4,4,3,4,3,3,2,4,4,3,4,3,3,4,4,3,3,5,4,2,2,2,2,2,2,2,2,2,2,4,2,2,3,1,7,5,9,4,7,6,3,5,7,1,43,6,1,1,1,40,5500,5500,0,121104,의료 생명 분야 연구,생물학
34652,3,3,3,3,3,3,3,3,3,4,2,3,4,4,3,3,3,3,3,3,3,4,3,4,2,2,3,4,3,4,2,4,3,3,2,3,3,3,3,4,3,4,3,3,3,4,4,5,2,4,3,4,2,3,1,0,2,2,1,0,3,4,2,2,2,2,1,0,1,0,1,0,2,3,2,2,2,2,2,3,3,4,3,4,3,3,3,3,3,4,2,4,4,3,4,3,3,3,2,3,3,16,5,2,1,1,1,1,5,4,4,3,4,4,2,3,2,3,3,3,3,3,3,3,3,4,4,3,3,3,4,4,3,4,4,3,3,3,3,2,3,4,2,2,1,2,2,2,2,2,2,4,4,2,2,2,1,6,5,6,5,6,6,6,5,6,2,32,4,1,1,1,40,3600,2400,0,305001,영양사 영양사 정기 보수교육 조리기구 자동화 국민 건강 식단 칼로리 조절 관심,식품가공학
34653,3,4,4,4,3,4,3,5,3,4,4,5,4,6,4,5,4,5,4,5,4,5,4,5,4,6,4,6,4,5,4,5,4,5,4,5,4,5,4,5,4,5,4,5,4,5,2,2,3,4,3,4,3,4,4,5,4,4,3,4,3,3,3,3,3,4,4,5,4,6,4,6,4,5,5,6,4,6,4,6,2,3,3,4,3,4,5,6,4,4,5,4,3,3,3,3,4,3,3,3,4,18,1,3,1,2,0,7,5,4,3,4,3,5,4,3,3,4,4,4,4,3,3,3,4,2,3,3,3,3,3,3,4,4,3,2,3,4,3,3,3,3,2,2,2,2,2,2,2,2,2,1,2,2,2,2,1,7,8,6,3,2,4,7,2,3,1,43,5,1,1,1,42,5400,3000,0,885101,피아노조율기능사 악기 사용 인구 감소,피아노
34654,3,3,3,3,3,3,4,3,4,4,3,4,2,3,4,5,4,4,5,5,3,3,4,5,5,5,3,5,3,4,3,4,5,6,4,5,3,3,3,4,4,5,4,4,4,4,4,4,4,4,3,5,3,4,4,4,4,5,4,5,3,3,4,4,2,3,4,4,3,5,3,4,3,5,4,4,3,4,3,4,2,3,3,3,3,4,3,5,5,4,4,5,4,3,3,4,3,3,4,3,4,20,4,1,2,2,0,4,4,4,3,4,4,4,4,5,4,4,4,5,4,4,4,4,3,4,3,3,4,3,4,4,3,3,4,3,3,5,4,2,3,4,2,2,2,2,2,2,2,2,2,1,4,3,3,3,2,4,4,5,4,4,3,4,3,5,2,29,4,2,6,1,50,0,0,5000,417102,방송 산업 융합 콘텐츠 확보 다양성,정보미디어
34655,2,3,3,3,2,2,2,2,3,3,1,0,2,3,3,5,3,3,3,5,3,3,2,2,4,4,3,3,2,2,3,3,3,3,3,4,2,3,3,4,3,3,3,4,2,2,2,3,2,2,2,2,4,5,4,4,4,4,4,5,2,3,4,4,3,4,4,5,4,6,4,5,3,5,3,4,3,3,3,3,4,4,3,3,3,3,2,3,4,3,2,3,4,3,4,2,4,4,4,3,3,3,1,2,1,2,0,2,4,4,3,3,4,4,4,3,3,2,4,3,3,2,4,4,3,4,4,2,3,2,2,4,3,3,3,4,3,4,3,2,3,4,2,2,2,2,2,2,2,2,2,2,2,2,2,3,1,6,4,4,5,4,5,6,4,5,1,52,4,1,1,1,40,4000,3000,0,703201,배관설비산업기사 경기 제조업 설비 투자 감소,건설학
34656,1,0,1,0,1,0,1,0,1,0,1,0,1,0,1,0,1,0,2,2,1,0,1,0,1,0,1,0,1,0,1,0,1,0,1,0,1,0,1,0,1,0,2,3,2,2,1,0,1,0,1,0,1,0,1,0,2,3,2,3,1,0,2,2,2,2,2,3,2,3,2,2,1,0,1,0,2,3,2,1,3,3,1,0,2,4,2,3,2,2,2,3,2,2,3,2,2,2,2,2,1,5,1,3,2,2,0,1,2,2,2,2,4,2,2,3,2,2,3,2,4,2,2,3,4,3,3,4,2,3,3,4,2,2,2,2,4,2,2,2,4,3,2,2,2,2,2,2,2,2,2,2,2,3,3,3,2,6,6,6,5,6,6,5,6,6,1,52,2,1,1,1,48,3600,2400,0,853201,전산 자동화,전자
34657,4,5,4,6,4,6,4,6,5,7,5,6,5,6,5,6,4,6,4,5,4,6,5,6,4,5,5,6,4,6,5,6,4,5,4,6,3,4,4,6,4,5,4,6,5,7,5,7,5,6,5,6,2,3,2,2,1,0,1,0,2,2,2,2,1,0,2,2,2,2,2,2,2,2,1,0,1,0,2,2,2,2,2,2,2,2,2,3,4,3,4,4,5,4,1,2,3,4,4,4,5,3,1,1,1,2,0,2,3,5,4,4,4,4,3,4,4,4,4,4,4,3,4,3,4,3,4,3,4,4,4,3,5,4,4,4,5,4,4,3,4,3,2,2,2,2,2,2,2,2,2,3,2,2,2,2,1,8,5,7,8,6,2,3,7,7,1,55,4,1,1,1,40,6500,3000,0,822101,판금사 기능사 자동화 시스템 사람,경영학
34658,2,1,2,3,2,3,3,3,3,4,2,3,1,0,3,4,2,3,2,3,2,3,3,4,2,3,3,4,3,4,2,2,3,3,4,4,3,2,4,4,3,2,2,2,5,4,3,3,2,2,4,5,3,3,1,0,1,0,1,0,2,2,1,0,1,0,1,0,1,0,1,0,1,0,1,0,3,2,1,0,1,0,1,0,2,2,2,2,1,2,3,4,3,2,2,3,3,3,3,2,3,14,4,1,2,2,0,1,2,2,1,3,3,3,3,3,9,9,9,3,3,3,3,5,4,4,3,3,3,4,2,4,3,4,2,3,4,4,3,3,3,3,2,2,2,2,2,2,2,2,2,1,3,3,3,3,2,5,8,5,8,5,2,2,5,5,2,54,2,2,6,1,50,0,0,3500,29904,인력 항상,인문계
34659,3,4,4,4,3,3,2,2,2,3,2,2,4,4,2,2,3,4,1,0,2,3,3,3,3,4,1,0,3,3,1,0,1,0,1,0,1,0,3,3,2,2,3,2,3,3,3,3,3,2,1,0,2,3,1,0,3,3,1,0,1,0,2,3,1,0,2,2,1,0,1,0,1,0,4,5,2,3,1,0,2,3,2,3,4,3,3,3,2,2,4,2,3,2,3,2,2,4,2,3,4,3,4,1,2,2,0,2,3,3,2,2,3,2,2,2,9,9,9,2,3,3,2,4,5,4,2,2,2,4,3,4,3,4,4,5,4,5,4,3,5,4,2,2,2,2,2,2,2,2,2,1,2,3,2,2,2,3,4,7,6,7,5,2,3,5,2,57,2,2,6,1,60,0,0,2800,863101,평상복 기능 수요 것이므,상고
34660,5,3,5,4,5,4,5,5,5,5,5,5,5,5,4,3,5,4,5,5,5,5,5,4,5,5,4,3,4,3,5,4,5,6,5,5,4,5,5,5,5,4,5,6,5,5,5,6,5,2,4,3,5,5,5,5,5,5,5,4,4,3,5,4,5,4,5,5,5,6,5,3,4,4,5,2,5,4,5,3,5,4,5,4,5,4,5,5,4,5,5,3,4,1,4,5,3,4,3,5,5,1,1,1,2,2,0,4,4,3,4,4,5,4,4,4,3,3,4,4,1,5,5,5,5,4,5,1,5,4,3,5,3,5,4,4,5,5,5,3,5,5,2,2,2,2,2,2,2,2,2,3,1,3,3,3,2,9,9,9,1,1,5,1,9,9,2,52,3,2,5,1,60,0,0,3200,902101,자동화 설비 도입,농업학
34661,3,4,2,2,2,2,1,0,1,0,2,2,3,4,3,4,3,4,2,2,4,6,4,6,3,4,2,2,3,4,1,0,1,0,1,0,3,5,1,0,1,0,1,0,3,4,3,3,3,4,2,2,1,0,2,3,2,3,3,5,2,2,1,0,3,4,2,2,4,5,4,5,2,2,3,4,2,2,2,2,2,2,2,3,3,4,2,2,2,2,3,3,4,3,2,4,2,4,3,2,3,18,1,3,1,1,4,4,4,4,3,2,2,4,2,2,3,2,3,3,4,2,2,4,2,2,3,2,2,3,4,4,3,3,3,3,2,3,2,2,3,3,2,2,2,2,2,2,2,2,2,4,2,3,3,3,2,8,7,8,4,5,4,5,5,5,2,28,4,1,1,1,48,2600,2400,0,415502,게임그래픽전문가 디자인전문가 그래픽 훈련 대학 관련 학과 배출 사설 학원 배출 인력,시각디자인
34662,2,4,3,4,3,4,2,3,4,6,4,6,2,3,2,3,2,3,3,5,3,4,3,4,3,4,3,5,3,5,3,4,2,3,2,3,2,2,2,2,3,5,2,3,2,3,2,2,3,4,3,5,4,6,4,6,4,6,4,5,4,6,4,5,3,4,4,6,4,6,4,5,3,5,3,5,3,5,3,4,3,4,3,3,3,4,3,4,3,3,2,3,4,3,2,3,4,3,4,2,3,3,1,3,1,2,0,5,4,4,3,4,4,3,3,3,2,2,3,3,3,2,2,2,3,2,3,3,4,4,4,5,5,5,4,4,4,5,5,4,4,4,2,2,1,2,2,1,2,2,2,2,2,3,3,3,2,7,6,4,3,4,5,6,4,6,1,34,4,1,1,1,40,4400,3800,0,153103,산업계측제어기술사 전기기사 발전 설비 장비 교체 교육 산업 관련 간소화 인력 배치,전자공학
34663,1,0,1,0,1,0,2,3,1,0,1,0,4,5,2,3,2,3,1,0,1,0,2,3,3,4,1,0,2,3,1,0,1,0,1,0,2,3,2,3,1,0,1,0,4,5,1,0,1,0,3,4,2,3,1,0,1,0,1,0,1,0,1,0,3,4,1,0,1,0,1,0,2,3,3,4,2,3,2,3,2,3,2,3,4,5,2,3,4,3,3,3,4,3,3,3,3,3,4,3,3,18,1,6,1,2,0,7,4,4,3,3,3,3,4,4,3,3,4,3,3,3,3,3,4,3,4,3,3,3,4,3,4,4,3,4,4,3,3,4,3,4,2,2,2,2,2,2,2,2,2,1,4,2,2,3,2,7,6,7,5,5,6,6,5,6,1,44,4,2,5,1,42,0,0,4370,511402,메이크업 미디어 발전 방송 고용,뷰티예술
34664,1,0,2,1,1,0,3,1,1,0,1,0,5,6,5,6,3,3,3,1,1,0,1,0,3,2,3,3,3,3,3,3,1,0,3,5,4,4,4,4,2,1,3,1,4,3,4,3,4,4,1,0,1,0,3,1,4,2,3,1,1,0,4,2,4,2,4,1,3,1,4,1,1,0,5,6,5,6,3,1,4,6,4,3,4,6,2,1,5,4,4,3,3,1,1,4,4,3,3,2,5,18,4,1,2,2,0,6,4,3,1,1,4,4,3,3,9,9,9,3,2,4,3,1,1,4,4,4,3,5,2,4,4,4,4,4,4,4,3,3,4,5,2,2,2,2,2,2,2,2,2,1,3,1,1,2,1,8,5,8,3,5,8,5,5,5,1,31,4,2,6,1,40,0,0,3000,414102,특정 기관 소속 활동 창작 작품 통해 판매 수익 고용 전망 리기 때문,조소학
34665,3,4,3,5,3,4,3,4,3,4,3,5,3,4,3,4,3,4,3,4,3,4,3,4,3,4,3,4,3,4,3,4,3,4,3,4,3,4,3,4,3,4,3,4,3,5,4,5,3,4,3,5,3,5,3,4,3,5,3,4,3,4,3,5,4,5,5,6,4,5,4,5,3,4,4,5,4,5,4,5,4,5,4,5,3,4,4,5,2,3,3,3,4,4,4,2,3,3,3,3,3,6,1,5,2,1,4,4,2,3,3,3,3,3,3,3,3,4,5,4,2,3,3,3,3,3,4,3,4,3,4,3,3,4,3,4,4,4,3,3,4,3,2,2,2,1,1,1,1,1,1,2,3,3,3,3,2,5,6,6,6,5,5,5,6,5,1,49,2,1,2,2,40,4800,2800,0,811301,크레인설치 점검 방법 매출 부진 구조조정 업무 상황,공업
34666,2,3,3,5,2,4,2,5,3,5,3,5,3,5,3,5,2,4,3,5,2,3,3,4,2,5,3,5,2,5,2,4,4,6,4,5,3,4,2,5,3,4,3,4,2,3,2,4,2,2,3,2,3,3,3,4,2,3,2,3,2,3,2,3,2,3,2,2,2,3,2,3,2,3,2,3,2,5,3,4,2,4,2,3,3,4,3,4,4,5,4,3,4,3,4,3,3,2,4,4,3,15,2,4,1,1,1,7,4,4,4,3,4,4,3,3,4,4,4,4,2,3,3,4,5,4,4,2,3,3,4,4,4,4,2,3,4,4,3,3,4,3,2,2,2,2,2,2,2,2,2,1,4,1,1,3,2,8,8,6,2,3,4,4,6,5,2,37,4,1,1,1,44,3700,2300,0,231101,사회복지사 심리상담 복지 국가 노인 증가,사회복지학
34667,2,3,2,3,2,2,2,2,2,3,2,4,2,4,3,4,2,3,2,3,2,2,3,4,2,2,2,3,2,2,2,1,2,3,2,3,2,3,3,3,3,4,2,2,2,2,2,1,2,1,2,2,3,3,3,3,2,2,3,4,2,1,3,2,2,2,2,2,2,1,2,1,2,2,2,2,3,4,2,2,4,6,3,3,2,2,2,1,3,3,3,3,3,2,3,4,3,3,2,3,2,1,1,2,2,1,3,4,3,3,3,3,4,3,2,3,3,3,4,3,2,4,3,3,3,3,4,3,3,3,3,4,3,3,2,2,3,5,3,3,5,4,2,2,2,2,2,2,2,2,2,1,4,3,3,3,2,6,6,6,4,4,4,7,4,3,1,48,4,1,1,1,40,4000,2800,0,901501,산림기능사 아파트 빌딩 축시 조경 먼저 고려 수요 증가,산림조경학
34668,2,4,4,6,2,4,3,5,3,6,4,6,3,5,3,6,3,5,5,6,3,5,3,6,4,5,3,5,4,6,4,4,3,6,2,4,3,5,4,6,3,5,4,5,4,6,3,5,4,5,4,5,3,5,3,5,3,6,3,6,3,5,4,6,4,5,3,6,2,4,2,5,4,5,2,4,3,5,5,6,5,6,5,3,4,6,4,5,4,4,4,3,4,4,4,4,4,4,5,5,4,9,1,3,1,2,0,4,4,4,3,3,4,4,4,3,3,4,4,4,4,3,3,4,3,2,3,3,3,4,4,4,3,3,3,4,3,4,3,4,4,4,2,2,2,2,2,2,2,2,2,2,3,2,2,2,1,7,7,6,3,3,5,2,3,3,1,40,4,1,1,1,50,4000,2500,0,14201,조리사 자동화 시스템 도입 인력 감소,호텔조리학
34669,3,5,3,4,4,5,4,4,2,5,3,4,2,3,3,5,4,5,4,6,3,5,3,5,4,6,1,0,5,6,3,5,4,6,4,4,1,0,5,5,5,4,4,4,3,5,1,0,1,0,1,0,2,3,1,0,4,6,2,3,2,3,1,0,3,4,4,5,4,5,4,4,1,0,3,4,5,5,5,6,5,7,5,6,4,5,5,5,3,5,2,3,4,1,5,4,2,4,4,4,2,15,2,2,1,1,3,6,2,4,3,3,3,4,3,4,3,3,3,3,2,4,4,5,5,4,4,2,3,3,4,4,4,4,4,4,4,4,4,3,4,2,2,2,2,2,2,2,2,2,2,1,3,2,2,3,2,8,8,8,5,5,5,5,6,8,1,35,4,1,1,1,50,4000,3700,0,307101,응급구조사1 2급 간호사자격증 응급처치 새로운 기술들 교육 안전 대한 국민 요구,영어영문학
34670,2,3,2,3,2,2,2,4,2,3,2,3,1,0,2,2,2,3,1,0,2,2,2,3,2,2,2,3,2,3,2,3,2,2,2,3,2,3,2,3,2,3,2,3,2,3,2,2,2,2,2,3,2,3,1,0,1,0,1,0,2,2,2,3,2,2,1,0,1,0,1,0,2,2,1,0,1,0,1,0,2,1,1,0,2,2,2,3,3,3,3,4,4,3,4,3,3,4,4,3,4,11,1,6,1,1,2,3,5,5,3,4,4,5,5,3,2,3,3,3,4,3,3,3,2,3,4,4,2,3,2,3,3,4,3,3,4,4,3,4,4,4,2,2,2,2,2,2,2,2,2,2,2,1,3,3,1,5,3,3,4,4,5,3,4,3,2,38,4,1,1,1,45,6300,5000,0,32101,AFPK 은행FP CFP 신입행원 교육 비대 업무 증가 지점 축소,국어국문학
34671,4,5,4,5,3,3,2,3,2,3,4,4,4,5,4,5,5,4,2,2,4,5,4,5,4,5,4,6,4,4,3,4,4,6,4,5,4,5,4,5,4,6,5,6,5,6,4,6,4,5,4,6,5,5,4,5,3,5,3,4,4,6,4,6,4,5,2,3,2,3,2,2,4,4,4,4,3,3,3,3,2,2,2,2,2,3,2,5,4,3,3,4,4,5,2,4,2,4,4,5,2,13,1,4,2,1,4,4,6,5,3,4,4,3,4,4,3,4,4,4,3,2,2,3,3,2,4,3,2,2,3,2,3,3,3,4,5,4,3,5,3,4,2,1,2,1,1,1,2,1,2,2,3,2,2,2,1,4,6,5,4,6,6,4,6,6,1,49,5,1,1,1,40,8500,4200,0,22103,인사관리 ISO 회사 시뮬레이션 업무 증가 컨설팅 하니 업체 증가 종사 자도 증가,경영학
34672,3,5,2,3,2,3,2,3,2,3,2,3,2,3,3,5,3,5,2,3,2,3,2,3,2,3,3,5,3,5,2,3,3,5,2,3,2,3,3,5,3,5,3,5,2,3,3,5,3,5,3,5,3,5,2,3,3,5,2,3,3,5,3,5,3,5,3,5,3,5,3,5,3,5,3,5,3,5,3,5,3,5,2,3,3,5,3,5,4,4,4,4,4,4,4,3,3,3,3,3,4,17,1,2,1,2,0,6,7,4,3,4,4,3,4,5,9,9,5,5,2,4,4,4,4,3,4,4,4,4,4,4,3,4,4,3,4,4,4,4,4,3,2,2,2,2,2,2,2,2,2,2,2,3,3,3,2,8,7,8,7,7,7,8,7,7,1,43,6,2,5,1,40,0,0,15000,301106,의사 면허증 전문의 자격증 고령화 시대 출산 저조,의학
34673,2,2,3,4,1,0,3,3,2,1,1,0,1,0,2,1,2,2,1,0,1,0,2,3,3,4,1,0,2,2,2,3,2,1,1,0,1,0,2,3,2,2,3,4,2,3,1,0,2,3,1,0,1,0,1,0,1,0,1,0,1,0,2,3,2,2,1,0,1,0,1,0,1,0,3,4,2,2,2,3,2,2,2,3,2,2,2,1,2,2,1,2,2,3,2,3,2,3,2,1,2,9,1,3,2,2,0,3,2,2,2,3,3,3,2,3,2,3,3,3,2,2,3,3,2,3,3,2,2,3,3,3,3,2,3,2,2,3,2,3,3,4,2,2,2,2,2,2,2,2,2,2,3,2,2,3,1,6,7,6,6,4,4,4,3,5,1,26,2,1,1,1,50,2400,2300,0,532301,현재 상황,문과
34674,3,5,3,3,2,3,5,6,1,0,3,5,5,4,1,0,1,0,1,0,1,0,2,4,3,5,1,0,4,3,4,3,1,0,4,4,5,5,3,4,3,4,1,0,3,4,1,0,1,0,1,0,1,0,1,0,1,0,1,0,3,4,1,0,1,0,1,0,1,0,1,0,1,0,1,0,1,0,1,0,1,0,1,0,3,5,3,5,2,2,3,3,4,3,3,4,4,4,4,2,3,18,4,1,2,2,0,3,5,4,4,4,4,5,4,3,9,9,9,3,1,4,4,3,3,3,4,3,4,4,3,5,5,4,4,4,5,3,4,3,3,3,2,2,2,2,2,2,2,2,2,1,4,2,2,2,1,5,6,7,6,4,5,3,3,3,1,30,4,2,6,1,48,0,0,2400,417102,미디어 산업 증가,정보미디어학
34675,3,5,4,6,3,6,3,5,4,6,4,6,4,6,4,5,3,6,4,6,3,5,2,2,4,4,3,4,3,4,3,4,3,3,2,3,3,3,3,4,4,4,3,4,4,5,4,4,3,5,3,6,4,6,4,6,3,5,3,6,3,3,5,6,4,6,3,5,4,5,4,5,4,5,4,6,3,6,4,5,3,5,3,5,4,6,4,6,3,3,2,3,3,3,3,2,3,2,2,4,4,4,1,4,1,1,3,5,5,4,5,4,5,4,4,4,4,5,4,4,4,5,4,3,4,5,4,4,3,4,4,5,5,4,4,5,4,4,5,5,5,4,2,2,2,2,2,2,2,2,2,2,2,3,3,3,2,6,5,7,6,6,5,7,5,5,1,40,4,1,1,1,40,4300,3600,0,811401,전자기사 전기기사 산업기사 전기설비교육 전기 설비 자동화 가속 화로,전기
34676,4,5,3,4,3,4,2,3,4,5,4,5,2,2,3,4,4,5,4,5,4,5,4,5,2,3,4,5,3,4,2,3,2,3,2,3,3,4,2,2,4,5,3,4,2,3,3,4,4,5,2,3,4,5,4,5,4,5,4,6,3,4,4,6,4,5,4,5,4,6,4,6,1,0,2,3,2,3,3,3,2,2,2,3,3,4,2,3,4,4,3,3,3,3,4,4,3,4,3,4,4,3,1,2,2,2,0,6,5,3,3,3,4,4,3,4,3,3,3,3,1,4,3,3,3,3,4,4,4,3,3,4,4,3,3,4,4,4,3,3,4,3,2,2,1,1,1,1,2,2,2,3,2,3,3,3,2,3,5,6,4,5,6,3,7,4,2,38,4,1,1,1,40,5000,3700,0,154101,제품 연구 프로젝트 업체 해외진출,화학
34677,3,4,3,4,3,4,2,4,1,0,3,4,3,4,3,4,3,3,3,4,2,3,2,4,3,4,3,3,3,4,3,4,1,0,1,0,2,3,3,3,2,3,3,3,4,4,3,4,1,0,1,0,1,0,1,0,3,4,1,0,2,2,1,0,1,0,1,0,1,0,1,0,1,0,1,0,1,0,1,0,1,0,3,4,2,3,5,5,3,3,4,2,4,4,2,4,4,3,3,4,4,18,4,1,2,2,0,6,2,4,4,4,3,4,4,2,1,3,3,3,1,4,5,2,3,3,2,2,4,5,3,4,4,3,4,4,4,5,3,2,4,4,2,2,2,2,2,2,2,2,2,1,2,2,2,2,2,4,6,4,4,3,2,6,8,4,2,48,5,1,4,2,20,2800,2300,0,414602,보수,성악
34678,4,4,4,4,3,4,3,4,4,4,4,4,3,4,3,4,3,4,3,4,2,4,4,4,4,4,3,4,4,4,3,5,3,4,2,4,1,0,3,4,4,5,4,4,4,5,1,0,3,4,1,0,4,4,1,0,4,4,4,4,3,4,1,0,4,3,4,4,3,4,3,3,1,0,4,4,4,4,4,4,4,5,4,4,4,4,3,4,4,4,3,3,4,2,4,4,3,4,4,3,4,13,1,3,1,1,2,1,4,3,3,3,3,4,2,3,3,3,4,3,3,2,3,4,3,2,4,3,3,3,3,4,3,3,2,3,3,4,3,3,4,2,2,2,2,2,2,2,2,2,2,1,2,3,3,3,2,7,7,3,3,3,3,3,3,7,1,25,3,1,1,1,50,3150,3000,0,158501,방사선동위원소일반면허 방사선비파괴 방사선 안전관리자 교육 불황,방사선
34679,5,6,4,6,2,1,4,6,4,4,4,6,4,4,4,4,4,6,4,5,5,7,4,6,5,6,1,0,2,2,1,0,1,0,3,4,2,1,4,5,4,6,1,0,3,3,1,0,1,0,1,0,2,1,1,0,1,0,3,5,3,3,2,5,1,0,2,2,1,0,2,3,1,0,2,3,1,0,1,0,1,0,1,0,3,4,2,3,4,3,3,3,4,3,3,5,3,5,4,3,4,15,2,3,2,2,0,7,4,4,3,3,3,4,3,3,3,4,4,3,3,4,3,3,4,4,4,3,4,4,3,4,5,4,3,3,4,4,5,3,4,4,2,2,2,2,2,2,2,2,2,1,3,3,3,3,2,8,6,4,2,4,2,9,4,2,2,34,4,1,1,1,40,4800,2800,0,155401,변화,화공
34680,4,6,5,5,3,5,4,5,3,5,3,4,4,5,2,3,4,5,3,4,2,3,5,5,3,4,4,5,4,5,4,5,3,5,4,5,3,4,4,5,4,5,4,5,4,5,4,5,3,4,3,5,4,5,4,5,4,5,4,5,3,4,3,5,4,4,2,2,1,0,1,0,4,5,1,0,2,2,3,4,2,3,3,3,3,4,3,2,4,4,3,4,4,5,4,3,3,4,3,3,3,16,5,3,1,1,3,3,5,4,4,5,3,3,3,4,4,5,4,4,3,3,4,3,3,4,3,3,4,3,3,3,4,3,3,3,3,4,3,3,4,3,2,2,2,2,2,2,2,2,2,1,3,3,3,3,2,6,6,7,5,6,6,6,5,6,2,57,4,2,5,1,43,0,0,5000,13201,유치원1급 교육활동 기획 변화,유아교육학
34681,2,3,3,5,2,2,3,3,2,2,2,2,3,3,2,2,3,4,4,4,2,2,2,2,4,4,3,3,1,0,2,2,2,2,2,2,2,2,2,2,4,5,2,2,4,5,1,0,2,2,2,2,2,2,1,0,2,2,1,0,2,2,4,5,4,4,4,2,5,2,5,3,2,2,4,5,4,5,4,5,5,6,5,6,4,5,4,5,3,3,1,2,2,1,2,3,2,2,4,4,3,3,1,2,2,2,0,1,1,2,2,2,2,3,3,2,1,3,3,3,3,3,3,4,4,4,4,5,3,3,3,3,2,2,2,2,3,5,5,2,4,4,2,2,2,2,2,2,2,2,2,3,2,3,3,3,2,5,6,7,5,6,6,2,2,2,1,42,2,1,1,1,40,2700,2000,0,885902,포장 자동화 대체,상고
34682,4,4,3,4,3,5,4,5,4,4,5,5,4,6,3,5,3,5,3,4,4,5,3,4,3,4,3,5,4,5,4,5,4,5,2,4,2,2,3,5,3,5,3,5,3,3,4,2,4,4,4,6,3,5,2,2,2,2,3,2,3,3,3,2,2,1,3,2,2,1,2,1,3,4,2,1,2,1,3,4,4,4,3,5,3,3,3,3,4,3,4,2,5,3,5,4,3,5,4,5,4,7,1,4,2,2,0,6,5,4,4,3,4,4,2,5,3,5,4,5,1,3,3,4,5,3,4,2,2,3,4,4,4,3,4,3,5,5,4,4,4,3,1,1,1,1,1,1,1,2,2,3,2,3,3,3,2,7,4,2,1,3,2,7,8,3,1,49,5,1,2,1,46,7000,6000,0,12301,프린터 제작 가능 업무 대체,경영
34683,4,5,3,5,4,6,2,5,1,0,3,6,3,5,4,5,3,5,2,5,2,4,3,5,3,4,2,4,2,5,2,5,2,4,2,4,2,4,2,5,3,4,3,5,3,5,3,4,2,4,2,5,2,4,1,0,1,0,1,0,2,4,1,0,1,0,1,0,1,0,1,0,1,0,1,0,1,0,3,4,3,4,1,0,1,0,1,0,4,3,5,3,4,3,5,3,3,4,3,4,3,18,2,3,1,2,0,4,6,4,4,4,4,4,4,3,3,4,4,4,2,4,4,4,4,4,4,2,3,3,3,5,4,4,4,4,3,5,3,3,4,5,2,2,2,2,2,2,2,2,2,3,3,2,2,3,1,7,7,7,7,7,7,5,5,7,2,49,5,1,1,1,50,6300,3000,0,413101,준학예사 지속 사업 인력,인류학
34684,2,2,3,3,2,2,3,3,2,3,3,3,4,4,4,4,3,3,2,2,2,3,2,2,4,5,3,3,3,3,2,3,2,2,2,4,2,2,3,3,4,4,3,3,3,3,1,0,2,2,1,0,2,2,2,3,4,4,4,5,4,5,2,3,5,4,5,6,3,4,4,2,1,0,2,3,5,4,3,3,4,5,3,4,2,2,3,3,3,4,2,1,4,1,1,4,2,1,1,1,3,3,1,1,2,2,0,6,2,2,1,1,1,3,1,1,2,4,3,3,5,1,1,1,1,5,4,1,2,3,4,5,2,2,1,1,1,2,1,1,5,4,2,2,2,2,2,2,2,2,2,2,3,2,2,2,1,9,5,6,9,5,8,9,6,6,1,42,2,1,1,1,40,3200,2300,0,885201,기업 영업 회사 굴리 가장 기본 이기 때문,기계
34685,5,7,5,7,4,7,5,7,3,4,4,5,3,5,4,5,4,5,2,4,2,3,5,6,5,6,3,5,4,5,3,4,4,5,2,2,5,6,3,4,4,5,2,3,4,4,2,3,3,4,3,4,3,4,1,0,1,0,1,0,5,5,1,0,1,0,1,0,1,0,1,0,2,4,2,4,1,0,1,0,2,4,1,0,4,5,4,3,5,4,4,4,5,4,4,2,4,5,5,4,4,16,5,6,2,2,0,5,7,5,3,3,3,5,4,4,4,4,4,4,1,5,5,3,4,4,4,4,4,3,3,5,4,4,4,4,5,5,4,4,4,3,2,2,2,2,2,2,2,2,2,1,3,2,1,3,1,5,6,4,4,5,6,6,6,5,1,57,6,1,1,1,40,3800,2900,0,211201,변동 직종,사학
34686,3,5,4,6,3,5,3,5,2,4,3,5,2,3,2,3,3,4,4,5,3,3,3,4,4,6,4,5,2,4,3,5,3,4,3,4,4,5,4,5,4,6,4,5,3,5,2,4,2,3,3,5,3,4,2,3,3,4,2,4,3,4,2,3,4,6,3,4,4,5,3,5,3,5,3,4,3,4,4,5,3,5,2,2,4,5,3,4,3,4,4,2,4,4,5,3,3,4,4,4,3,13,2,3,1,1,4,7,5,4,3,3,4,4,4,2,3,4,4,4,3,3,3,4,3,3,3,2,3,4,3,4,3,4,4,4,4,4,4,4,4,4,2,1,1,2,2,1,2,2,2,2,3,2,3,3,1,7,7,7,7,7,7,8,8,8,2,25,4,1,1,1,40,2500,2500,0,621401,항공교통관제사 항공영어 구술능력4등급이상 직무관련 교육 기술 적의 변화 장비 도입 국민 서비스 변화 예상,항공교통
34687,3,2,3,1,1,0,1,0,1,0,1,0,1,0,4,3,3,2,3,4,3,3,1,0,2,2,1,0,1,0,2,2,1,0,2,2,1,0,2,2,3,3,2,2,3,3,1,0,2,2,1,0,1,0,1,0,1,0,1,0,1,0,1,0,1,0,1,0,1,0,1,0,1,0,2,2,3,5,4,3,4,4,3,3,3,3,2,3,4,3,3,4,2,2,4,2,3,1,2,2,4,8,4,1,1,1,3,2,2,2,3,1,3,3,3,3,9,3,3,4,2,3,2,3,1,2,3,3,2,5,3,3,1,1,1,2,3,5,2,3,4,3,2,2,2,2,2,2,2,2,2,3,2,3,3,3,2,8,7,9,4,7,5,5,4,5,1,37,2,2,6,1,45,0,0,3500,622304,운전면허 제1종 화물특수 운전교육 기계 조작 자동화 인공 지능 생각,기계공학
34688,5,7,5,7,5,7,5,7,5,6,5,7,5,6,5,6,5,6,4,6,5,6,5,6,5,7,5,6,5,6,5,7,4,6,5,6,5,6,5,7,5,7,5,6,5,6,5,6,5,6,4,6,4,5,4,5,3,4,3,3,2,3,2,3,2,2,1,0,1,0,1,0,1,0,1,0,2,2,1,0,1,0,1,0,2,3,3,4,5,4,4,4,4,4,4,4,4,4,4,4,4,15,2,4,2,2,0,6,5,5,5,5,5,5,5,5,5,5,5,5,3,3,3,4,4,3,4,3,4,4,4,4,4,4,4,4,4,4,4,4,4,5,2,2,2,2,2,2,2,2,2,1,3,3,1,3,2,7,7,6,3,3,4,3,7,7,1,58,5,1,3,1,52,8000,7500,0,11102,정부 행정 관리 대체 감소,행정
34689,4,3,3,5,3,2,5,7,3,2,4,5,1,0,1,0,4,6,1,0,1,0,3,6,2,1,1,0,1,0,1,0,1,0,1,0,5,7,1,0,1,0,1,0,1,0,1,0,2,1,2,1,1,0,1,0,1,0,1,0,4,3,1,0,2,2,1,0,1,0,1,0,1,0,2,1,1,0,2,1,2,1,2,1,3,2,3,2,4,4,2,3,4,4,4,2,3,3,4,3,3,16,5,2,1,2,0,4,5,4,4,4,3,3,3,4,9,9,4,4,3,3,3,2,2,2,4,2,4,4,4,4,4,4,4,4,4,5,2,3,2,3,2,2,2,2,2,2,2,2,2,1,3,3,2,3,2,3,5,6,5,3,8,4,7,5,1,52,4,1,2,2,32,4000,3200,0,214101,공인중개사 신종 직업 대한 관심 유지,경영학
34690,4,5,5,6,4,5,4,5,3,3,4,5,1,0,3,5,4,5,1,0,4,5,1,0,5,7,1,0,1,0,4,5,4,5,3,4,2,2,4,5,3,4,3,3,4,5,1,0,1,0,1,0,1,0,1,0,1,0,1,0,5,7,1,0,1,0,1,0,1,0,1,0,1,0,1,0,1,0,4,4,1,0,2,4,2,3,3,3,4,4,3,3,4,3,4,4,4,3,4,4,4,8,1,2,2,2,0,7,4,3,3,3,3,4,3,3,3,3,3,3,3,3,4,4,5,3,3,5,2,4,3,4,3,4,3,4,4,5,4,3,4,4,2,2,2,2,2,2,2,2,2,2,2,2,2,2,1,4,2,4,6,7,7,2,4,3,2,27,4,1,1,1,40,3200,2600,0,28203,전산 시스템 발달,경영학
34691,4,3,2,3,3,3,4,4,2,3,3,3,3,3,3,3,3,4,4,4,4,4,3,4,3,5,3,5,3,5,4,5,3,5,3,4,4,4,3,4,4,4,3,3,2,4,2,3,2,4,2,4,2,3,2,4,2,4,2,3,2,4,4,5,3,4,4,4,4,5,3,4,3,4,4,4,4,5,4,4,4,4,3,4,2,3,2,3,3,2,3,3,2,2,2,2,3,2,2,3,3,13,1,2,2,2,0,7,5,3,3,4,3,4,4,4,5,4,4,4,4,4,3,4,3,3,4,3,3,4,3,4,3,4,5,4,3,4,3,4,4,3,2,2,2,2,2,2,2,2,2,2,3,3,3,3,2,3,6,5,6,5,5,3,5,5,2,38,4,1,1,1,40,5000,3000,0,416302,보도,신문방송학
34692,3,3,3,4,1,0,2,2,1,0,2,2,1,0,3,3,2,2,1,0,3,4,3,3,2,2,1,0,1,0,1,0,1,0,1,0,1,0,1,0,3,3,1,0,1,0,1,0,1,0,1,0,1,0,1,0,2,3,2,2,1,0,3,3,3,3,2,2,3,4,2,3,1,0,4,5,3,4,1,0,4,4,2,3,2,4,2,3,1,1,2,1,2,1,1,1,1,1,1,2,2,3,1,2,2,2,0,2,2,2,1,1,2,2,1,1,3,2,3,2,4,2,1,4,3,3,2,4,2,4,2,4,3,3,4,4,3,4,3,2,4,4,2,2,2,2,2,2,2,2,2,1,2,3,2,2,2,6,7,5,6,4,5,4,3,4,1,45,3,1,1,1,54,2600,2300,0,852201,선호 직업,기계설비
34693,2,3,2,3,2,3,4,5,3,3,3,5,4,5,3,4,3,2,3,4,1,0,4,5,4,5,4,5,4,5,4,6,2,2,3,3,4,5,4,5,3,4,3,5,4,5,4,5,3,4,2,1,4,5,2,1,3,4,2,1,1,0,3,4,2,1,3,4,2,2,2,1,3,4,4,5,4,5,1,0,1,0,4,5,4,5,4,5,4,4,2,3,4,1,2,3,3,3,4,2,3,18,3,2,1,2,0,2,4,3,3,3,5,5,4,3,4,3,3,3,3,3,4,3,3,3,4,3,3,3,2,3,4,3,3,3,3,3,3,3,2,4,2,2,2,2,2,2,2,2,2,1,2,3,3,3,1,4,4,4,5,5,5,5,5,5,2,39,4,1,1,1,25,3400,3000,0,420402,트레이닝 정형외과 물리치료 발전,물리치료
34694,4,5,4,5,3,3,4,5,2,4,4,4,4,4,3,4,2,4,4,4,4,4,4,4,4,5,3,4,3,5,4,4,3,4,3,4,4,4,4,5,4,4,3,4,4,4,3,4,3,4,3,4,4,6,4,5,4,5,3,4,3,6,1,0,3,4,3,3,1,0,1,0,4,5,3,4,1,0,1,0,1,0,3,4,4,4,3,3,5,5,4,4,4,3,4,5,4,5,4,4,4,6,1,2,1,2,0,7,5,4,4,3,4,4,3,3,4,4,5,4,1,4,3,3,4,3,3,4,4,4,2,4,4,4,3,4,4,5,5,4,4,4,2,2,2,2,2,2,2,2,2,2,2,2,2,3,2,7,8,9,6,3,7,7,3,6,1,43,4,1,1,1,46,6000,3200,0,140101,건축사 자격증 건축 경기 일자리 감소,건축공학
34695,1,0,1,0,1,0,2,4,1,0,1,0,1,0,3,4,2,5,4,4,2,4,1,0,4,4,1,0,1,0,2,4,1,0,1,0,3,5,2,3,1,0,1,0,3,4,1,0,3,5,2,4,4,4,3,5,4,4,2,4,1,0,1,0,2,3,3,3,2,4,4,4,2,3,3,5,4,4,4,4,4,6,4,5,4,5,2,4,3,2,4,3,2,1,3,4,3,3,2,2,3,8,1,2,1,2,0,2,2,2,2,3,4,3,4,4,4,3,4,4,2,3,2,4,3,5,4,3,3,4,3,4,4,5,3,4,3,4,5,3,4,4,2,2,2,2,2,2,2,2,2,1,2,2,2,2,2,7,6,7,3,4,3,7,5,3,1,28,2,1,2,2,50,3100,3100,0,623002,지게차운전기능사 경제 성장 장기,공고
34696,4,4,3,4,3,4,3,4,2,3,2,4,2,3,4,4,4,4,3,4,2,4,3,4,2,4,4,5,4,5,4,4,3,5,3,5,5,5,4,5,3,5,4,4,5,5,2,3,1,0,3,5,2,3,1,0,4,4,1,0,4,4,3,3,3,5,3,4,1,0,1,0,5,5,1,0,1,0,1,0,3,3,4,4,3,3,2,3,4,5,2,3,4,4,4,4,4,3,4,5,4,15,2,4,2,2,0,6,5,5,4,3,4,4,4,4,4,3,5,4,2,4,3,3,3,3,3,2,4,4,3,4,4,3,4,4,5,4,4,4,4,4,2,2,2,2,2,2,2,2,2,1,3,3,3,3,2,6,4,3,5,7,7,7,4,3,1,50,4,1,1,1,40,6000,5500,0,13305,교도 업무 자체 인력 일자리 크게 변화,행정학
34697,3,4,3,4,3,3,4,4,1,0,4,4,4,5,1,0,3,4,1,0,1,0,1,0,4,4,4,4,4,5,4,5,4,4,1,0,1,0,4,4,3,3,3,5,2,3,1,0,1,0,1,0,1,0,1,0,1,0,1,0,3,3,1,0,1,0,1,0,1,0,1,0,1,0,1,0,1,0,1,0,1,0,1,0,4,4,3,3,4,4,3,3,4,3,4,3,4,4,3,4,3,17,1,2,1,2,0,2,5,4,4,3,4,4,4,3,3,4,4,3,2,4,4,4,3,2,4,3,4,3,4,4,3,4,3,4,3,5,4,4,5,4,2,2,2,2,2,2,2,2,2,1,3,2,2,3,2,2,3,4,3,8,9,3,7,5,2,34,4,1,1,1,40,4500,3000,0,306502,작업치료사자격증 장애 사람 도움 지속,작업치료학
34698,4,6,4,5,4,3,4,4,5,5,5,5,5,5,4,4,5,5,5,5,5,5,4,4,5,5,4,4,5,5,2,3,2,3,4,4,5,5,4,4,5,5,4,4,4,4,5,5,4,4,4,4,4,4,4,4,5,5,5,5,4,4,4,4,5,5,5,4,5,5,4,6,4,4,5,5,4,4,4,4,4,4,4,5,4,5,4,4,4,3,4,3,4,3,4,2,3,4,3,4,3,3,1,5,2,2,0,2,3,4,2,2,4,4,3,3,2,2,3,3,4,2,3,4,4,3,4,4,3,4,4,5,3,4,4,3,4,5,4,3,4,3,2,2,2,2,2,2,2,2,2,2,2,2,2,2,2,5,6,5,6,6,5,5,6,5,1,29,2,1,1,1,50,2800,2000,0,825201,인공 지능 로봇 기술 자동화 일자리 감소,전기
34699,3,5,3,5,1,0,1,0,2,4,1,0,1,0,3,5,1,0,1,0,3,3,1,0,1,0,1,0,1,0,1,0,1,0,1,0,1,0,1,0,1,0,1,0,1,0,1,0,1,0,1,0,4,5,5,6,3,4,1,0,3,4,1,0,1,0,1,0,1,0,1,0,1,0,1,0,1,0,1,0,1,0,1,0,3,3,1,0,2,2,2,4,3,3,4,3,4,4,2,3,2,3,1,5,1,2,0,7,4,3,3,3,3,3,3,4,4,4,4,4,2,4,4,3,3,3,3,3,4,3,3,4,3,3,3,3,2,4,3,3,3,3,2,2,2,2,2,2,2,2,2,2,3,3,3,3,2,5,6,6,6,6,5,6,4,3,1,35,4,1,1,1,48,5500,3500,0,152101,금속재료기술사 분석 사람 직접,제철금속
34700,4,6,4,5,1,0,4,6,1,0,4,6,5,7,4,5,3,4,4,6,4,6,4,6,2,3,2,3,2,1,2,3,1,0,1,0,4,6,1,0,2,2,2,3,3,3,2,1,2,2,4,5,2,2,2,3,2,2,1,0,4,6,1,0,2,2,2,2,2,2,1,0,1,0,4,6,2,3,3,5,1,0,1,0,4,6,5,7,2,2,3,3,3,4,2,5,3,3,3,3,4,18,4,1,2,2,0,3,1,4,4,1,4,4,3,3,9,9,9,4,1,4,4,4,4,5,4,3,5,5,3,5,5,5,4,4,5,5,3,3,5,5,2,2,2,2,2,2,2,2,2,1,2,2,2,2,1,7,7,6,7,8,9,7,8,8,1,32,4,2,6,1,30,0,0,3500,414502,소득 보장,실용음악
34701,4,6,4,6,4,5,5,6,5,6,5,6,4,5,5,5,5,5,5,6,4,5,4,6,4,5,4,6,4,6,4,6,4,6,5,6,4,5,4,5,5,6,5,6,4,6,5,6,4,5,4,5,5,6,1,0,1,0,1,0,1,0,1,0,1,0,1,0,1,0,1,0,1,0,1,0,1,0,1,0,1,0,2,3,5,6,4,5,5,5,4,4,5,4,4,4,4,5,5,4,3,11,1,2,1,2,0,3,5,4,4,4,4,3,4,5,4,5,4,4,4,3,4,4,4,4,3,4,3,3,4,4,5,4,5,5,4,4,5,4,4,4,2,2,2,2,2,2,2,2,2,2,2,2,2,2,1,9,3,7,2,6,5,7,3,5,1,61,4,1,1,1,40,4500,3300,0,31501,손해사정사 기술 개발 사고 저조,경영학
34702,3,2,4,2,2,1,4,3,2,1,2,1,4,3,3,5,2,4,4,2,2,3,4,3,5,4,3,4,5,3,4,3,4,5,3,5,3,3,5,4,3,2,3,2,3,2,5,3,3,2,2,1,3,2,3,3,4,2,3,5,1,0,4,3,3,4,3,2,5,3,3,2,1,0,5,4,1,0,2,3,1,0,3,2,5,6,1,0,5,4,4,3,5,5,4,2,3,4,3,2,4,3,4,1,1,2,0,5,2,3,2,1,3,2,4,3,9,9,9,4,2,4,4,4,5,3,4,2,3,5,1,4,3,2,3,4,5,5,4,3,4,3,2,2,2,2,2,2,2,2,2,2,1,3,2,2,2,7,6,5,6,4,5,6,4,5,1,51,2,2,6,1,60,0,0,2400,884201,귀금속가공기능사 기능장 수입 기피 직업,기계
34703,3,5,2,3,2,3,2,4,2,3,2,3,1,0,4,4,2,4,1,0,3,4,4,5,4,5,4,5,3,4,3,5,1,0,1,0,4,5,2,3,5,6,4,5,3,4,2,3,4,5,4,4,4,4,3,4,4,4,3,5,3,4,4,4,4,5,4,5,3,4,4,4,2,3,4,4,4,5,3,4,3,3,1,0,3,5,3,3,4,3,4,3,3,3,3,4,3,5,4,4,4,3,1,6,1,1,4,4,5,5,4,4,4,4,4,4,3,4,4,4,2,5,5,5,4,5,4,4,5,2,4,4,4,5,4,5,5,5,4,3,4,4,2,2,2,2,2,2,2,2,2,1,4,3,3,3,1,2,1,2,1,2,2,9,2,2,1,32,4,1,1,1,40,4000,2600,0,153301,전자산업기사 산업계측제어기술사 연구원 채용후 최소 6개월이상 교육 과정 이수가 필요함 제품 개발 연구 계속 일자리 증가,전기전자
34704,2,2,2,2,1,0,1,0,2,3,2,3,2,3,2,3,2,3,3,3,1,0,1,0,1,0,1,0,1,0,1,0,1,0,1,0,1,0,1,0,1,0,1,0,2,3,1,0,1,0,1,0,1,0,1,0,2,2,2,3,1,0,1,0,2,2,2,2,2,2,2,2,1,0,1,0,1,0,1,0,4,5,2,2,2,2,1,0,2,3,2,3,3,1,3,4,2,2,2,2,2,6,1,2,1,2,0,5,1,2,3,2,2,3,2,3,9,9,3,3,4,3,2,4,3,4,4,2,3,3,3,5,3,3,4,4,4,5,3,3,4,3,2,2,2,2,2,2,2,2,2,1,3,3,3,3,2,8,8,8,3,3,4,3,3,4,1,24,2,1,3,2,45,2800,2800,0,701701,조직기능사 기계화 자동화 변화 일이 불가능,공업고등학교
34705,5,7,5,7,2,3,5,7,1,0,4,6,5,7,5,7,5,7,4,6,4,6,1,0,4,6,3,5,3,4,3,4,3,4,3,4,1,0,1,0,3,4,4,5,3,4,1,0,1,0,1,0,1,0,1,0,1,0,1,0,1,0,1,0,1,0,1,0,1,0,1,0,1,0,3,4,3,4,3,4,4,5,4,5,4,6,4,6,4,3,3,2,3,2,3,4,3,3,3,3,4,18,4,1,2,2,0,7,2,4,3,3,3,4,3,2,9,9,9,2,3,3,3,3,4,5,4,3,4,4,3,5,4,3,3,3,4,4,4,3,4,4,2,2,2,2,2,2,2,2,2,1,1,2,2,2,1,4,3,1,4,2,4,8,7,3,2,30,4,1,4,2,40,1500,1200,0,416203,뮤지컬 연극 배우 일자리 지금 한정 제한 코로나 비대 온라인 공연 변화 기인 예상,뮤지컬학
34706,4,5,4,6,4,5,4,5,4,6,4,6,3,4,2,3,4,6,4,5,4,6,4,5,4,5,4,6,4,5,3,4,4,5,4,5,3,4,4,6,4,5,5,5,4,5,4,5,4,5,4,4,4,5,4,5,3,5,3,4,4,6,4,5,4,6,3,5,4,5,4,5,3,4,4,6,4,5,3,5,4,5,4,5,4,6,4,5,4,2,3,4,4,4,4,4,4,4,3,3,4,17,1,1,1,1,2,3,5,4,4,4,4,4,4,4,3,4,4,4,2,4,4,4,3,2,2,3,4,4,4,4,3,3,4,4,4,4,4,3,4,4,2,2,2,2,2,2,2,2,2,2,2,3,3,3,2,7,2,8,2,6,4,8,5,8,1,36,4,1,1,1,40,4800,3600,0,301301,한의사전문의 한의사의 자격 놓는것 전산 생명공학,한의학
34707,5,6,3,5,4,5,3,5,1,0,4,5,4,4,3,4,4,3,3,3,2,5,1,0,2,3,2,3,3,4,2,3,3,3,1,0,2,2,4,5,3,4,3,3,3,5,4,3,1,0,3,4,4,4,1,0,2,4,2,3,3,3,1,0,2,3,3,4,4,5,2,3,1,0,3,4,1,0,1,0,2,2,2,3,2,3,3,3,4,4,3,4,5,2,4,4,3,4,5,4,4,17,1,1,1,2,0,6,5,4,5,4,4,4,4,4,9,9,9,4,4,4,4,4,3,4,4,3,3,3,3,4,4,3,4,4,3,4,3,4,4,3,2,2,2,2,2,2,2,2,2,2,4,3,3,3,2,3,4,5,4,3,6,4,5,6,1,55,5,2,5,1,40,0,0,6600,302001,수의사면허 애완견 시장 증가,수의학
34708,3,3,3,4,1,0,3,3,1,0,1,0,1,0,1,0,2,2,2,2,1,0,3,3,3,3,1,0,2,2,3,4,1,0,2,2,1,0,2,3,3,4,3,4,2,3,1,0,2,1,1,0,1,0,1,0,1,0,1,0,1,0,1,0,1,0,1,0,1,0,1,0,1,0,1,0,1,0,1,0,2,2,2,3,2,2,2,1,3,2,2,4,3,4,4,4,3,3,2,4,4,15,2,5,2,2,0,7,4,2,3,4,3,4,4,3,2,4,4,3,3,3,4,4,5,4,3,3,3,5,4,4,3,2,3,3,4,4,2,2,3,4,2,2,2,2,2,2,2,2,2,2,3,2,2,3,1,7,8,6,4,3,3,5,4,3,1,32,3,1,1,1,45,2800,2400,0,561201,변화,쥬얼리
34709,3,3,3,4,4,5,3,3,3,3,3,3,2,2,3,3,2,2,3,3,2,2,3,4,4,5,3,3,3,3,3,3,3,4,2,3,3,3,4,4,3,3,3,4,2,3,4,5,3,4,2,2,3,4,4,4,3,3,3,4,4,4,3,3,3,3,4,4,3,3,3,3,3,3,2,2,3,3,3,3,2,2,3,4,3,3,2,2,3,2,3,4,3,3,3,3,2,3,2,4,3,3,1,1,1,2,0,1,2,4,4,3,5,4,4,3,9,9,3,3,3,4,3,3,2,3,4,3,3,3,4,3,4,4,3,4,5,4,3,4,4,3,2,2,2,2,2,2,2,2,2,2,2,2,2,2,2,5,6,4,5,5,4,3,6,5,2,42,6,1,2,2,40,2600,2100,0,863101,한복기능사 착용 추장 평상복 착용,의상디자인학
34710,3,4,4,6,3,4,4,6,4,4,4,6,4,6,2,3,4,5,3,4,4,5,4,6,4,5,5,6,4,5,4,5,3,4,3,4,4,6,3,4,4,6,4,5,4,5,1,0,4,6,4,6,4,6,4,4,4,6,4,5,4,6,5,6,3,4,3,4,2,3,2,3,3,4,3,4,4,6,3,4,2,3,3,4,4,5,4,5,4,3,4,4,4,4,4,4,3,2,3,2,4,3,1,5,2,2,0,1,3,4,4,2,4,4,4,4,4,4,4,4,2,4,4,4,5,4,3,2,4,5,5,4,3,4,4,3,4,4,4,3,4,5,2,2,2,2,2,2,2,2,2,2,3,3,3,3,2,5,4,3,4,6,4,3,5,3,1,56,2,1,1,1,40,5000,2500,0,28401,경기 침체 업무 전산 구축 증가,기계
34711,4,6,4,5,4,5,3,4,2,2,4,5,4,5,5,7,5,7,4,6,4,6,4,6,4,6,3,4,4,6,1,0,1,0,1,0,5,7,2,2,5,6,1,0,2,2,4,5,5,6,5,6,4,6,3,4,2,2,4,5,4,5,1,0,4,5,4,6,4,6,4,5,4,5,4,6,1,0,1,0,2,3,2,2,3,3,2,3,3,2,3,3,4,4,2,4,3,4,4,3,2,13,1,3,2,1,4,5,4,4,3,3,3,4,3,3,3,3,3,3,1,4,4,4,2,3,2,1,4,3,5,5,3,4,4,4,4,4,1,2,4,4,2,1,2,2,2,2,2,2,2,3,4,2,2,2,1,7,7,7,5,5,5,5,5,5,1,29,4,1,1,1,48,2800,2800,0,135001,해킹 예방 직무교육 정보보호정책 숙지 시뮬레이션 프로그램 도입 정보보호 중요성 시장 확대,경제학
34712,2,2,2,2,2,2,3,3,2,3,3,3,1,0,2,3,2,3,1,0,1,0,2,2,2,2,1,0,2,2,1,0,1,0,1,0,1,0,4,3,2,3,1,0,4,3,1,0,1,0,1,0,1,0,1,0,2,3,2,4,2,3,1,0,2,3,1,0,2,3,3,4,1,0,1,0,3,3,2,4,1,0,3,4,2,2,2,2,4,4,3,1,1,2,2,4,1,2,1,4,3,4,1,2,2,2,0,7,1,1,1,1,2,2,3,2,3,2,4,3,4,1,1,2,2,4,3,3,3,5,3,2,2,3,3,2,2,3,3,3,4,2,2,2,2,2,2,2,2,2,2,3,2,3,3,3,2,7,6,8,6,7,6,7,6,7,2,46,3,1,1,1,40,2600,1400,0,562101,검침 원격 처리 방식 일자리 생각,일어
34713,5,7,4,7,5,7,3,7,4,6,5,7,3,5,4,5,3,6,4,6,3,5,3,5,4,5,3,6,2,4,2,4,3,4,3,4,3,5,4,6,3,5,3,5,4,6,2,4,2,4,3,4,5,6,4,3,2,4,2,3,3,4,2,4,2,3,2,3,2,3,2,3,2,3,2,2,2,2,1,0,1,0,1,0,1,0,1,0,5,3,5,4,4,5,5,4,4,5,5,5,5,13,1,2,1,1,1,5,5,5,5,5,5,5,4,3,3,9,4,4,2,5,4,5,4,3,4,4,3,3,5,4,4,4,4,4,3,4,3,4,4,3,2,2,2,2,2,2,2,2,2,1,4,3,3,2,2,1,2,3,1,3,4,3,4,3,1,58,5,2,5,1,40,0,0,8000,221401,변리사 산업재산권 심판 소송 실무 기술 개발 특허 출원 증가 예상,법학
34714,3,4,2,3,2,3,3,4,3,3,3,4,3,3,2,4,3,3,3,4,3,5,3,4,3,4,3,3,3,4,3,4,3,3,3,4,3,4,3,4,3,3,3,4,3,5,3,4,3,4,3,4,3,4,3,4,3,4,3,4,3,4,5,6,3,4,3,5,3,4,3,5,3,4,3,4,3,5,3,4,3,4,3,4,5,6,3,4,3,3,3,3,3,4,4,3,4,3,4,3,3,3,2,4,2,1,3,2,5,3,4,4,3,4,4,3,4,4,4,4,2,3,3,3,4,3,3,3,4,4,4,4,4,3,3,3,4,4,3,3,4,5,1,1,1,1,2,2,1,1,1,2,2,2,2,2,2,5,5,6,6,5,5,6,6,5,1,39,4,1,1,1,52,4500,4000,0,872301,식품 표준 검사법 자동화 설비 도입 기능 발전 일자리 감소,식품공학
34715,3,4,3,4,1,0,1,0,2,2,3,4,3,4,3,4,3,4,3,4,3,4,1,0,1,0,3,4,1,0,3,4,2,2,1,0,1,0,3,4,3,4,3,4,3,4,1,0,2,2,2,2,3,4,3,4,3,4,4,5,3,4,3,4,2,2,3,4,3,4,4,5,2,2,3,4,2,2,3,4,3,4,2,2,3,4,3,4,4,3,3,3,2,2,4,3,3,3,3,4,4,19,1,1,1,2,0,7,2,4,3,2,4,4,4,4,4,4,4,4,2,3,3,4,3,3,3,2,4,2,4,4,4,3,3,3,4,5,4,3,3,4,2,2,2,2,2,2,2,2,2,2,1,2,2,2,2,2,8,2,7,3,8,2,8,2,1,52,1,1,1,1,48,3700,3000,0,822101,판금제관기능사 경기 하락,0
34716,4,6,4,5,4,5,3,4,2,2,3,5,2,3,3,4,4,5,2,3,3,4,4,5,4,5,3,4,4,5,4,5,4,5,4,6,3,4,4,4,4,5,3,5,3,5,2,3,3,4,3,4,4,4,3,5,3,4,2,2,3,3,2,2,3,4,1,0,2,2,2,3,3,4,2,2,2,2,3,4,1,0,1,0,2,3,3,4,4,5,1,2,4,2,2,4,3,4,5,4,3,17,3,2,2,2,0,2,2,3,4,3,5,4,4,4,4,3,4,4,3,4,3,4,4,4,3,4,4,3,3,4,3,4,4,4,4,3,4,4,3,3,2,2,2,2,2,2,2,2,2,1,4,2,1,3,1,8,7,6,3,4,3,7,3,3,2,37,3,1,3,2,40,2000,2000,0,231501,사회 계층 소리 분위기,의무행정학
34717,3,3,2,2,3,4,3,3,2,2,3,4,2,2,3,4,2,2,3,3,3,4,2,2,4,5,3,4,4,4,4,4,2,3,4,5,3,4,3,3,4,5,3,3,3,4,4,5,4,5,2,3,3,4,3,3,3,4,2,3,4,5,3,3,3,4,4,5,3,3,4,5,4,5,3,4,4,5,3,3,4,5,2,3,3,4,4,4,3,3,3,3,2,3,4,3,4,4,3,3,3,14,1,2,2,2,0,7,2,4,4,3,4,5,4,4,5,5,4,4,3,4,3,3,4,3,5,4,4,3,3,4,4,3,4,4,3,3,3,4,4,3,2,2,2,2,2,2,2,2,2,2,4,1,1,1,2,4,7,5,3,5,5,5,7,4,1,31,4,1,1,1,40,1900,1800,0,561301,바이러스 예방 방역,경영학
34718,4,6,4,5,1,0,4,5,3,4,4,5,3,4,3,5,5,7,3,4,2,2,1,0,5,6,2,1,2,1,3,4,3,4,1,0,3,4,3,4,4,6,2,2,2,2,1,0,2,2,1,0,3,5,3,3,3,4,5,6,3,3,2,3,3,4,3,4,5,7,5,7,1,0,5,6,4,5,4,6,4,5,3,5,5,6,2,3,3,3,3,4,3,2,3,4,2,3,3,3,3,8,1,6,1,1,3,4,4,3,3,3,2,4,2,3,3,4,4,3,2,3,3,3,5,5,4,4,4,4,2,5,5,4,4,3,4,4,2,4,4,3,2,2,2,2,2,2,2,2,2,1,4,2,2,2,2,7,4,7,4,6,2,8,3,6,1,40,4,1,1,1,40,7200,3800,0,812101,항공정비사 항공기계 교육 점검실무훈련 항공 고객 증가 대한 일자리 증가,기계공학
34719,2,2,2,2,2,2,2,2,1,0,1,0,1,0,2,2,1,0,2,3,1,0,1,0,2,3,2,3,2,3,1,0,1,0,1,0,1,0,1,0,1,0,2,3,1,0,1,0,2,3,1,0,2,3,2,3,3,4,3,4,1,0,2,3,2,3,3,4,2,3,2,3,2,3,4,5,4,5,2,3,5,7,5,6,4,5,4,5,3,2,3,3,3,2,3,4,2,2,3,3,3,6,1,4,1,2,0,6,3,3,3,3,4,3,3,3,3,3,3,3,2,4,3,2,3,2,3,4,4,5,2,4,3,3,4,4,4,5,4,4,5,4,2,2,2,2,2,2,2,2,2,2,3,2,2,2,1,9,6,7,6,6,6,8,2,2,1,40,2,1,1,1,40,2800,2800,0,701101,철조기능사 산업기사 경기 흐름,기계
34720,4,5,3,4,3,4,4,5,3,4,3,4,3,4,4,5,4,4,3,4,3,4,3,4,4,5,3,4,4,5,4,5,3,4,3,4,3,4,3,3,3,3,4,5,3,4,2,3,3,4,4,4,5,6,5,6,4,6,4,6,4,6,5,6,4,6,4,5,4,6,4,6,3,4,2,3,2,3,3,4,3,4,3,4,4,4,1,0,5,4,2,4,4,4,4,4,4,3,4,4,4,13,1,4,1,1,2,2,5,4,4,4,4,3,4,4,4,3,4,4,2,3,4,3,4,4,3,2,4,4,4,4,3,3,2,3,4,4,3,3,3,3,2,2,1,1,2,2,2,2,2,1,5,3,3,3,1,7,8,6,4,3,4,7,4,3,1,37,4,1,1,1,45,5600,4200,0,132002,컴퓨터시스템응용기술사 사내시스템 설계 기술방법 안내 시스템 개발 모바일 접속 시스템 컴퓨터 이중 루트 개발,기계학
34721,4,5,4,5,2,1,3,4,2,1,1,0,1,0,1,0,3,3,2,2,1,0,2,3,3,4,2,2,4,5,3,4,4,5,4,5,1,0,3,3,4,5,4,5,3,3,2,2,2,3,1,0,1,0,1,0,1,0,1,0,1,0,1,0,1,0,1,0,1,0,1,0,1,0,1,0,1,0,1,0,1,0,2,2,3,2,2,2,4,2,3,3,3,2,4,4,2,2,3,2,4,19,1,4,2,2,0,7,2,2,1,2,5,3,3,3,3,2,4,3,2,3,3,3,4,4,2,3,3,5,4,5,3,4,4,3,4,5,4,3,5,5,2,2,2,2,2,2,2,2,2,3,2,2,2,3,2,7,6,4,4,4,4,5,6,6,2,53,2,1,1,1,52,2800,2000,0,615601,공란,이과
34722,1,0,1,0,1,0,1,0,1,0,1,0,1,0,2,3,3,4,3,4,1,0,1,0,2,4,3,4,2,3,2,3,1,0,1,0,1,0,1,0,1,0,1,0,2,4,1,0,1,0,1,0,1,0,1,0,1,0,1,0,1,0,1,0,3,4,2,3,1,0,1,0,2,3,2,3,3,4,2,4,2,4,2,3,2,3,2,3,3,3,3,4,4,3,3,3,4,3,3,3,3,8,2,4,2,2,0,7,4,3,3,3,4,3,3,3,3,4,4,3,2,3,4,3,4,3,3,3,3,4,4,3,4,3,3,3,4,4,3,3,4,4,2,2,2,2,2,2,2,2,2,2,2,3,3,3,1,3,3,4,6,6,5,6,5,4,1,39,4,1,1,1,43,4629,4110,0,28202,인건비 최소 고용 감소,통신학
34723,4,4,3,5,3,4,4,4,4,5,3,4,3,4,4,4,3,5,3,4,3,5,3,4,4,7,4,6,3,3,3,3,2,4,3,5,4,4,3,5,3,4,4,4,3,5,3,4,3,4,3,5,3,5,3,4,4,4,3,5,4,4,4,5,3,4,3,5,3,2,3,4,3,4,4,5,3,5,3,5,3,4,3,3,4,7,3,6,4,3,3,3,4,2,3,3,2,3,4,3,3,6,1,2,1,2,0,6,3,4,3,4,3,3,3,3,4,4,5,4,4,3,4,4,2,3,3,4,3,4,3,4,3,3,3,4,2,2,3,3,3,3,2,2,2,2,2,2,2,2,2,2,2,3,3,3,1,4,6,5,5,5,5,4,5,6,1,58,3,1,1,1,40,4500,2800,0,140304,토목감리기술사 자동화 일자리 감소,토목공학
34724,4,2,5,2,1,0,1,0,3,4,2,1,1,0,3,2,4,4,2,2,4,5,2,3,4,2,3,1,2,1,4,4,1,0,1,0,3,4,1,0,1,0,4,2,2,1,1,0,3,1,2,1,3,2,4,1,2,5,2,3,2,1,3,2,4,2,2,2,3,2,1,0,3,1,1,0,3,5,2,1,1,0,1,0,2,1,2,1,3,4,3,4,4,3,5,2,4,3,4,4,2,6,1,2,1,2,0,3,5,4,4,5,4,5,5,4,5,3,4,4,5,3,4,4,5,3,4,2,3,3,4,4,3,5,5,4,4,3,4,5,5,4,2,2,2,2,2,2,2,2,2,1,3,3,3,3,2,3,4,6,5,3,6,7,6,6,1,40,4,1,1,1,40,4000,3800,0,158201,소방설비기사 건설 경기 침체 정부 안전 정책 강화,제어계측공학
34725,2,3,2,3,2,2,3,3,3,4,3,3,4,4,2,2,2,2,2,2,2,3,3,4,3,3,3,3,2,3,3,4,2,3,3,4,2,2,2,3,2,2,3,4,2,3,2,2,3,3,2,2,3,4,3,3,2,3,3,3,2,2,3,3,2,2,3,3,2,3,3,4,2,2,3,5,2,3,3,4,2,2,2,3,3,5,2,3,3,3,2,2,4,3,3,3,2,2,3,2,3,3,1,2,1,1,1,1,4,4,3,3,4,4,4,4,9,4,4,4,4,4,3,3,4,4,3,4,3,4,3,4,4,4,3,3,4,4,3,4,5,3,2,2,2,2,2,2,2,2,2,2,2,2,2,2,2,6,7,6,4,5,5,6,7,4,1,27,4,1,1,1,40,2800,2800,0,884201,귀금속가공기능사 실무훈련 프린터 사용 점점 확대,귀금속보석공예
34726,4,4,4,5,3,4,4,3,2,4,3,5,4,4,3,3,3,4,3,5,3,5,4,5,3,3,3,5,4,5,4,5,4,4,4,5,4,5,5,5,4,5,4,4,3,3,4,3,4,4,4,5,4,4,3,4,3,3,4,2,3,5,3,3,4,4,3,3,3,3,3,2,3,3,2,2,3,3,3,3,3,5,3,4,3,3,3,4,4,3,2,2,4,3,3,2,3,2,3,3,4,9,1,2,1,1,1,4,4,4,2,2,2,2,2,2,2,2,3,1,4,2,3,4,4,4,4,4,3,2,2,4,3,2,2,2,3,4,4,3,2,3,1,2,2,2,2,2,2,2,2,3,1,2,2,2,1,2,3,3,2,2,2,2,3,3,1,56,3,1,1,1,48,3400,2500,0,14103,종사원 자격증 1종 대형 운전면허 서비스 교육 경쟁 업체 신설 시스템 자동화,관광학
34727,2,3,3,4,2,2,3,4,3,4,2,3,2,3,3,4,2,2,2,2,2,2,2,2,2,2,2,2,2,2,2,2,2,2,2,2,2,3,2,2,2,2,2,2,2,2,2,2,2,2,2,2,2,2,2,2,2,2,2,2,2,2,3,4,2,3,3,4,3,4,3,4,2,3,3,4,3,4,2,3,2,3,2,3,3,4,3,4,2,3,3,3,3,2,3,2,2,3,3,3,2,3,1,2,2,2,0,3,3,3,3,3,3,3,2,3,3,4,4,4,3,3,3,3,4,4,4,2,3,2,4,4,4,4,3,3,4,4,3,4,4,4,2,2,2,2,2,2,2,2,2,1,3,2,2,2,2,8,3,8,3,3,5,8,7,7,1,31,2,1,1,1,40,2400,1800,0,825201,기계 자동화 대체,토목
34728,1,0,1,0,1,0,1,0,1,0,1,0,1,0,1,0,1,0,1,0,1,0,1,0,1,0,1,0,1,0,1,0,1,0,1,0,1,0,1,0,1,0,1,0,1,0,1,0,2,3,1,0,4,5,1,0,1,0,2,2,2,3,4,5,4,5,3,5,2,2,4,5,4,5,4,5,4,5,3,4,3,4,3,4,4,5,1,0,3,4,4,3,3,2,3,4,4,5,4,4,3,3,1,2,2,2,0,7,2,3,4,3,4,4,4,4,5,4,3,4,3,4,3,3,2,3,4,3,2,3,4,2,3,3,4,3,4,5,3,2,2,4,2,2,2,2,2,2,2,2,2,2,2,3,3,3,2,7,8,6,7,6,5,7,7,7,1,44,3,1,1,1,40,4800,2800,0,862101,기술 개발,디자인
34729,1,0,1,0,1,0,1,0,1,0,1,0,1,0,1,0,1,0,1,0,1,0,1,0,1,0,2,3,2,2,2,2,2,2,2,2,2,2,4,4,2,2,1,0,1,0,1,0,1,0,1,0,1,0,1,0,1,0,1,0,1,0,1,0,1,0,1,0,1,0,1,0,1,0,1,0,1,0,1,0,4,5,1,0,1,0,3,3,4,4,2,2,4,4,3,3,3,2,3,4,3,17,1,2,1,2,0,7,2,3,3,3,4,3,3,4,3,3,4,3,2,3,2,3,3,2,3,3,2,3,3,2,2,2,2,4,4,4,3,3,3,3,2,2,2,2,2,2,2,2,2,2,3,2,2,2,1,6,7,6,7,6,6,6,5,6,2,50,3,1,3,2,50,3200,2200,0,550201,보육교사 향후 일자리 변화,보건학
34730,3,3,3,3,2,3,3,4,2,2,2,2,1,0,1,0,2,3,1,0,1,0,2,2,2,3,2,3,2,3,1,0,2,2,1,0,1,0,2,2,2,2,1,0,2,2,1,0,1,0,1,0,1,0,1,0,1,0,1,0,2,2,1,0,1,0,1,0,1,0,1,0,1,0,3,3,1,0,1,0,2,3,1,0,4,5,4,5,2,2,2,3,2,2,4,2,3,3,2,2,2,13,1,2,2,2,0,1,2,2,2,1,4,2,2,4,9,3,3,4,3,2,2,4,3,4,5,4,2,4,2,2,4,3,2,3,3,4,3,4,4,2,2,2,2,2,2,2,2,2,1,2,1,3,2,2,2,8,9,7,8,8,7,2,2,4,2,53,2,1,3,2,46,1800,1000,0,29303,면접 프로젝트 진행 자동화 기계 발달,문과
34731,4,5,4,5,4,6,4,6,3,4,3,4,3,4,1,0,4,5,1,0,3,4,5,7,4,5,3,4,3,4,1,0,1,0,1,0,5,5,1,0,3,4,3,4,2,3,1,0,1,0,1,0,1,0,1,0,1,0,1,0,3,4,1,0,1,0,1,0,1,0,1,0,1,0,1,0,1,0,1,0,1,0,1,0,2,3,2,3,5,5,4,3,4,2,4,4,3,3,4,2,4,16,5,3,1,2,0,7,5,3,3,4,5,5,5,4,4,4,4,4,1,5,5,4,3,4,3,3,2,3,4,4,5,3,4,4,5,3,3,4,4,3,2,2,2,2,2,2,2,2,2,1,2,1,1,3,1,8,7,4,3,3,4,8,9,8,1,41,4,1,1,1,40,4200,2500,0,212101,교사 자격증 인구 감소,교육학
34732,4,7,4,6,4,6,2,2,1,0,2,2,4,5,4,5,3,3,1,0,3,4,3,5,1,0,3,4,1,0,1,0,1,0,1,0,2,2,1,0,3,3,1,0,3,3,1,0,1,0,1,0,1,0,1,0,1,0,1,0,2,3,1,0,1,0,1,0,1,0,1,0,1,0,1,0,1,0,1,0,1,0,1,0,2,2,1,0,3,2,3,2,3,3,4,3,2,4,3,2,2,18,2,3,1,1,1,7,5,3,3,3,5,4,3,2,3,4,4,4,2,4,3,3,3,2,2,3,4,2,3,4,4,4,3,3,3,3,2,2,3,4,2,1,1,2,2,1,2,2,2,1,4,3,3,3,1,4,5,2,4,3,3,6,4,2,2,27,5,1,1,1,40,2500,2000,0,413101,학예사 실무교육 장비 도입 교육 국한 관심사 증가,사학
34733,1,0,1,0,1,0,1,0,1,0,1,0,1,0,1,0,1,0,4,5,1,0,1,0,1,0,1,0,1,0,1,0,1,0,1,0,1,0,1,0,1,0,1,0,2,4,1,0,1,0,1,0,1,0,1,0,1,0,1,0,1,0,1,0,1,0,2,3,1,0,1,0,1,0,1,0,4,5,4,5,5,6,4,5,3,4,2,5,4,4,4,3,4,3,3,3,2,3,3,3,3,8,1,4,1,2,0,3,2,4,3,3,4,3,2,3,4,4,4,3,4,3,3,4,4,3,3,2,3,4,5,5,3,4,3,3,4,4,4,4,5,4,2,1,2,2,2,2,2,2,2,2,4,1,1,1,1,6,6,6,5,6,6,5,6,5,1,45,2,1,1,1,58,4000,2500,0,624101,화물운송종사자 물품 분류 자동화 시스템 도입 대면 소비 패턴 온라인 더욱 확대,문과
34734,4,5,4,5,4,6,4,4,4,5,4,5,4,5,4,5,4,5,4,5,4,4,4,5,4,5,4,4,4,5,4,5,4,5,4,5,4,4,4,4,4,5,4,5,4,5,3,4,4,5,4,5,4,4,3,4,3,4,4,5,3,4,3,5,4,5,4,5,3,4,4,4,4,5,4,6,4,5,4,4,3,3,3,3,4,5,4,5,3,2,4,3,4,4,4,3,3,4,4,4,4,18,1,2,2,1,4,6,5,3,4,3,4,4,3,4,4,3,4,4,2,4,4,4,4,3,3,4,4,4,4,4,4,3,3,4,4,4,3,3,3,4,2,2,2,2,2,2,2,2,2,3,2,2,2,2,1,7,7,5,4,6,4,7,7,4,1,38,4,1,3,1,48,3700,3000,0,416104,짧은 시간안에 자신만의 색깔을 메세지 전달 실습 변동,영상편집
34735,4,5,4,4,4,4,4,4,2,2,3,4,4,5,1,0,2,3,1,0,1,0,4,4,3,3,1,0,2,3,2,3,1,0,2,2,2,2,3,4,4,4,1,0,2,2,1,0,2,2,1,0,4,4,5,6,4,5,4,5,5,7,1,0,4,5,3,4,1,0,1,0,1,0,3,4,2,3,1,0,2,3,1,0,3,3,1,0,4,4,4,4,3,3,4,4,4,3,3,2,4,19,1,2,1,2,0,2,2,4,3,3,4,4,4,4,3,3,4,4,2,3,3,4,3,3,4,4,3,4,3,4,4,4,3,3,4,4,4,4,3,4,2,2,2,2,2,2,2,2,2,2,2,3,2,2,2,7,6,5,4,7,7,7,4,7,1,32,3,1,1,1,40,3200,3000,0,415501,웹디자인기능사 경기 침체,컴퓨터학
34736,3,5,3,4,4,6,3,5,3,4,3,5,3,4,4,6,3,5,3,5,3,4,3,5,4,5,3,5,3,5,3,5,3,4,3,5,3,5,3,3,3,5,3,4,3,5,1,0,3,5,3,5,2,4,2,3,1,0,1,0,4,6,3,5,2,3,3,4,2,3,2,3,3,5,3,5,3,5,3,5,3,5,3,5,3,5,3,5,4,4,4,3,4,2,4,3,4,4,3,3,4,15,2,2,1,1,2,2,4,4,3,2,4,4,5,3,2,3,3,3,2,4,4,4,4,4,5,4,4,4,3,4,4,5,4,4,4,4,4,3,4,4,2,2,2,2,2,2,2,2,2,2,3,2,2,2,1,7,6,8,4,3,4,7,3,5,2,33,4,1,1,1,40,3000,1800,0,413201,정사서 자격증 사서직무교육 전산 화로 일자리 감소,경영학
34737,3,3,3,4,2,2,2,3,2,3,2,2,1,0,3,4,3,4,1,0,3,3,2,3,3,4,1,0,1,0,1,0,1,0,1,0,1,0,2,3,2,2,2,3,3,3,1,0,1,0,1,0,1,0,1,0,2,3,1,0,1,0,1,0,3,3,4,4,4,4,5,5,1,0,4,4,4,4,4,4,3,3,2,4,3,4,3,3,2,2,2,3,3,1,3,3,3,3,2,2,2,3,1,5,1,2,0,5,2,3,3,3,4,3,2,3,2,3,3,3,5,3,3,4,4,3,3,3,3,5,4,4,4,3,5,4,4,5,4,4,5,3,2,2,2,2,2,2,2,2,2,2,2,3,3,3,2,7,7,6,7,5,5,6,4,1,1,28,3,1,1,1,40,3600,3200,0,851101,화공기사 해외 공장 이전,화학
34738,4,4,3,5,4,4,2,3,4,4,3,5,3,4,2,4,4,5,2,4,3,5,2,4,2,3,4,4,3,3,3,5,3,5,3,5,3,4,4,4,3,5,4,4,3,4,2,5,4,4,3,4,2,4,2,3,3,3,3,5,3,4,2,4,4,4,4,4,4,4,2,3,3,4,3,3,4,5,2,4,3,5,4,4,3,5,4,4,2,3,3,4,2,2,3,4,3,3,2,4,3,17,2,3,1,1,6,6,5,3,4,3,4,4,4,4,5,4,4,4,3,3,4,4,3,3,2,3,3,3,3,4,3,4,3,4,4,4,3,4,4,3,2,2,2,2,2,2,2,2,2,2,4,1,1,3,1,7,7,8,7,7,7,7,8,7,2,49,4,1,1,1,38,4640,2800,0,13501,사회복지사 자격증 사회복지법 고령화 치매 질병 증가,경영
34739,3,5,3,5,4,5,2,4,2,3,2,3,2,3,3,5,2,5,3,5,3,5,3,6,3,5,3,5,2,4,3,5,2,4,2,4,3,5,2,4,2,4,3,5,3,5,3,5,3,5,1,0,1,0,2,3,1,0,1,0,3,5,2,4,2,4,1,0,1,0,1,0,3,5,2,4,2,4,1,0,2,4,2,4,3,5,2,4,4,5,4,3,4,3,4,3,4,4,4,4,4,7,1,3,1,2,0,5,5,4,3,3,4,4,4,3,4,4,4,4,4,3,3,4,3,3,2,1,2,4,4,4,3,3,2,2,3,3,2,2,4,4,2,1,2,2,2,2,2,2,2,2,3,2,2,2,1,3,4,5,6,5,5,5,4,3,1,33,3,1,1,1,46,3700,2700,0,28101,유통관리사 무용 개발 프로그램 도입 현재 하락 세지 수출입 의존 무역 자유 화가 촉진 상승 가능성 보임,무역학
34740,4,5,3,4,4,4,2,4,3,4,3,4,5,4,2,4,3,3,5,4,4,4,2,3,3,4,2,4,3,3,2,3,3,3,2,4,2,3,2,3,4,4,4,4,2,3,1,0,1,0,1,0,2,3,2,3,2,4,2,4,4,3,3,3,3,4,3,3,1,0,2,4,3,3,5,5,2,5,2,2,1,0,1,0,2,2,1,0,4,5,4,2,5,3,3,4,3,3,5,3,4,18,1,2,2,2,0,2,2,3,1,2,3,4,3,2,9,3,4,4,2,4,4,2,3,2,3,2,3,4,1,4,5,5,4,3,3,3,2,2,3,3,2,2,2,2,2,2,2,2,2,1,4,3,3,3,2,2,3,3,3,4,4,8,4,4,1,37,3,1,1,1,40,3000,2400,0,414301,온라인 유통 활성화,만화학
34741,5,6,4,5,4,5,4,5,3,4,4,5,3,4,4,5,3,4,3,4,3,3,3,4,4,5,4,5,1,0,2,2,5,6,5,6,3,3,5,6,4,5,3,4,3,4,3,3,3,3,3,3,5,5,4,4,3,3,3,3,5,6,4,3,2,3,1,0,1,0,3,3,1,0,1,0,3,4,4,5,1,0,3,4,4,5,4,5,5,2,2,2,3,3,2,5,4,4,4,4,4,6,1,2,1,2,0,7,5,4,4,3,5,4,4,3,4,3,4,4,1,4,4,4,4,2,2,4,2,4,3,4,5,4,4,4,5,5,4,3,5,3,2,2,2,2,2,2,2,2,2,2,4,2,2,3,2,7,8,8,6,4,5,5,6,3,1,40,4,1,1,1,40,5900,3300,0,140305,토목기사 토목산업기사 정부 시설 투자가 계속 것이므,토목공학
34742,5,5,4,4,4,5,4,5,3,4,3,5,3,4,3,4,4,4,5,4,2,4,3,4,4,5,2,3,3,4,3,3,2,3,3,4,2,4,3,5,5,5,4,4,4,4,3,4,3,4,3,4,2,3,3,4,2,3,2,4,5,6,4,5,4,4,2,4,2,3,2,4,2,3,3,4,4,4,2,3,3,4,2,3,4,4,4,5,4,4,4,4,4,5,3,2,3,5,4,4,2,17,1,6,1,2,0,1,5,3,3,3,4,4,4,4,4,4,3,4,1,4,3,5,3,3,4,3,3,4,4,4,4,4,3,3,4,5,4,3,4,4,2,2,2,2,2,2,2,2,2,1,4,2,2,2,1,8,8,5,4,4,5,3,4,5,2,28,4,1,1,1,44,2300,2200,0,306901,언어재활자격증 영상의학 검사 치료 방법 구현,특수교육학
34743,1,0,1,0,1,0,1,0,1,0,1,0,1,0,1,0,1,0,1,0,1,0,1,0,4,4,1,0,1,0,1,0,1,0,1,0,1,0,4,4,1,0,1,0,1,0,1,0,1,0,1,0,1,0,1,0,4,5,4,5,1,0,1,0,1,0,4,4,4,5,4,5,1,0,4,5,3,3,1,0,4,4,4,4,4,4,1,0,4,3,4,3,3,2,4,2,3,3,4,4,3,4,1,2,1,2,0,4,4,3,2,2,4,3,3,3,3,4,3,3,3,4,4,4,3,1,3,2,4,3,5,4,3,4,3,3,4,3,3,3,4,4,2,2,2,2,2,2,2,2,2,1,3,3,3,3,2,9,5,6,4,7,6,7,6,4,1,30,4,1,1,1,40,3500,3000,0,831201,전기기사 자격증 상황,전기공학
34744,1,0,1,0,1,0,4,6,1,0,3,3,1,0,1,0,4,5,3,4,3,4,3,4,1,0,1,0,1,0,1,0,1,0,1,0,2,3,1,0,3,3,1,0,1,0,1,0,1,0,3,4,3,4,4,5,2,2,1,0,3,4,1,0,3,4,4,6,4,5,3,4,1,0,2,2,2,2,1,0,1,0,1,0,3,3,3,3,4,3,4,3,4,4,3,4,3,3,4,3,3,10,1,4,2,1,2,6,5,4,2,2,4,4,4,3,4,3,3,3,2,4,4,4,2,2,2,1,3,3,4,4,3,4,3,3,3,4,2,3,4,4,2,2,2,2,2,2,2,2,2,1,4,3,3,3,1,7,3,5,1,3,7,5,4,4,2,40,4,1,1,1,48,6000,2600,0,135001,직무교육 기술 필요,정보통신학
34745,3,4,2,3,3,3,2,3,2,3,3,3,3,3,2,3,3,3,2,3,3,3,3,3,3,3,2,3,3,3,3,3,3,4,3,4,3,3,3,3,3,3,3,3,3,4,3,4,3,3,2,3,3,3,3,4,3,3,3,4,2,3,2,3,2,3,3,3,3,3,3,3,2,3,2,3,2,3,3,3,3,4,3,3,3,3,2,3,4,4,3,2,4,3,2,4,1,3,3,4,4,16,5,3,1,2,0,3,5,3,4,3,3,4,3,4,3,4,4,3,3,3,3,3,4,3,3,4,3,4,3,4,3,4,3,2,3,3,4,3,4,3,2,2,2,2,2,2,2,2,2,1,3,1,2,2,1,5,6,5,4,5,7,5,4,6,2,31,4,1,1,1,54,2900,2400,0,212901,보육교사2급 교육 초등 기관 필요,초등
34746,2,2,2,3,1,0,3,4,1,0,1,0,4,5,2,2,1,0,2,2,1,0,3,3,3,4,3,4,2,3,3,3,3,4,3,4,3,3,4,5,2,2,3,4,3,3,2,1,3,3,2,2,3,3,1,0,4,5,1,0,1,0,2,2,1,0,2,1,1,0,1,0,1,0,5,5,4,4,2,2,3,3,3,4,4,5,2,2,4,4,2,3,4,4,3,4,4,3,3,2,3,19,1,2,1,2,0,7,4,1,3,2,4,4,4,3,2,2,3,3,2,3,3,4,3,2,4,1,3,3,5,4,3,4,2,2,3,3,2,2,3,2,2,2,2,2,2,2,2,2,2,1,4,3,2,2,2,7,5,7,5,7,8,3,4,3,2,28,3,1,3,1,42,2500,1800,0,511401,미용 메이크업 국가자격증 외모 소비자,의상학
34747,5,6,4,6,3,3,4,6,3,4,4,6,4,6,4,5,5,6,4,6,4,5,3,5,5,7,1,0,1,0,2,1,1,0,2,3,2,3,4,6,4,5,1,0,3,4,1,0,1,0,1,0,1,0,1,0,2,2,3,4,2,3,3,4,2,3,2,3,1,0,3,4,1,0,3,4,1,0,1,0,1,0,1,0,4,6,3,3,4,4,3,2,4,3,3,5,3,5,4,3,2,15,2,4,2,2,0,7,4,4,3,3,3,3,2,2,3,3,3,3,3,2,2,4,5,5,3,3,4,4,3,5,5,4,3,4,5,4,5,2,3,4,2,2,2,2,2,2,2,2,2,1,3,3,3,3,2,3,6,1,5,2,1,6,9,8,1,44,5,1,1,1,40,8200,3200,0,155401,변화,수질환경
34748,4,6,4,5,4,5,4,6,5,6,5,6,4,6,4,6,4,6,4,6,4,6,5,6,4,5,4,6,4,6,4,6,5,6,4,6,4,6,4,6,4,6,4,5,4,6,4,6,4,5,4,4,4,5,4,6,4,5,4,5,4,4,3,4,3,3,3,4,3,3,3,4,3,4,3,4,3,3,3,4,3,4,3,4,4,4,3,4,3,3,3,3,4,3,4,3,3,4,4,3,4,15,2,5,2,2,0,4,6,3,3,3,5,5,5,3,3,3,4,4,3,3,3,3,3,3,3,3,3,4,4,3,3,3,3,3,3,4,3,2,4,4,2,2,2,2,2,2,2,2,2,2,3,3,3,3,2,2,2,5,8,7,5,2,2,5,1,51,6,1,1,1,48,10000,6000,0,110202,상태 유지,농업경제학
34749,1,0,1,0,1,0,4,4,1,0,1,0,1,0,1,0,1,0,1,0,1,0,1,0,4,5,4,5,4,4,1,0,1,0,1,0,1,0,4,5,3,3,3,4,3,3,4,4,4,4,2,2,1,0,1,0,1,0,1,0,2,3,1,0,1,0,4,4,3,3,3,4,1,0,5,5,1,0,1,0,2,2,3,4,5,5,1,0,4,4,2,3,4,4,3,2,4,4,4,3,4,19,1,1,1,2,0,4,4,3,3,2,4,3,4,3,9,9,9,3,2,4,4,3,3,4,2,3,4,3,5,4,3,4,3,3,4,4,3,4,4,4,2,2,2,2,2,2,2,2,2,1,4,2,2,2,2,9,6,5,7,9,7,7,5,6,2,49,2,2,5,1,45,0,0,4000,511301,스킨케어 자격증 외모 지상 주의,피부미용
34750,4,5,4,5,3,4,3,4,3,4,3,4,2,3,3,4,2,3,3,4,2,3,3,4,3,4,4,5,3,4,3,4,3,3,3,3,3,4,4,5,4,5,3,4,3,4,3,4,3,4,3,4,3,4,4,5,4,5,3,4,4,5,4,3,4,5,4,5,4,5,4,5,3,4,3,4,3,4,3,4,3,4,3,4,3,4,2,3,3,3,3,3,3,3,3,3,2,3,3,3,3,15,2,2,2,2,0,3,5,3,3,3,3,3,3,4,3,4,4,4,3,3,3,4,4,4,4,2,3,4,4,4,4,4,3,3,4,4,4,4,4,3,2,2,2,2,2,2,2,2,2,1,3,2,2,2,2,8,2,5,3,5,6,8,7,6,1,44,4,1,1,1,40,5000,2400,0,25201,수출입 업무 계속,행정학
34751,2,3,2,3,2,4,3,3,1,0,3,4,1,0,1,0,1,0,1,0,3,4,1,0,1,0,3,5,2,3,2,3,2,3,2,4,1,0,1,0,4,4,3,3,3,2,2,3,3,3,3,4,4,4,3,4,4,4,2,3,2,3,4,4,2,4,3,3,4,5,3,3,2,2,1,0,1,0,1,0,1,0,1,0,2,2,2,1,3,2,3,3,4,3,4,2,3,3,2,2,2,4,1,4,1,1,1,2,5,3,4,3,4,3,4,3,4,3,4,4,3,4,3,3,4,3,4,3,4,3,4,4,3,4,4,3,4,4,3,4,3,3,2,2,2,2,2,2,2,2,2,2,2,3,3,3,2,6,6,5,4,5,5,6,7,6,1,46,4,1,1,1,40,6000,3000,0,16201,가스기사 안전교육 효율 측면 인원 감축,기계공학
34752,3,3,2,3,1,0,3,4,3,3,3,2,2,3,3,4,2,3,3,3,1,0,2,3,3,2,3,3,1,0,1,0,1,0,1,0,2,2,3,3,2,3,3,2,2,3,2,2,3,3,1,0,2,3,3,2,3,4,3,4,2,2,3,3,4,5,3,2,2,2,3,3,3,2,4,6,4,5,3,3,4,3,2,3,3,3,3,3,3,2,3,2,3,2,2,3,2,3,3,2,3,6,4,1,1,1,2,5,2,2,2,3,3,3,4,4,9,9,5,3,2,3,3,2,2,4,3,3,2,3,4,2,2,3,4,4,3,3,2,4,3,3,2,2,2,2,2,2,2,2,2,1,3,2,2,2,1,7,7,6,5,4,4,5,4,4,1,48,2,2,6,1,40,0,0,4500,701602,문화재수리기능사 직무교육 전통 가옥 옛날 유지,문과
34753,3,3,4,4,1,0,3,3,2,2,3,3,2,2,2,2,4,4,3,3,2,2,2,2,3,3,1,0,2,2,3,3,1,0,1,0,2,2,2,2,4,5,3,3,4,5,1,0,2,2,1,0,2,2,1,0,4,5,3,3,3,3,5,4,4,5,5,5,5,5,5,5,2,4,3,3,2,2,2,2,5,4,4,5,3,3,3,3,3,2,2,3,3,1,4,2,2,3,3,3,3,3,1,6,2,2,0,3,2,3,3,3,4,3,2,3,2,2,3,3,2,4,2,3,2,4,2,4,2,5,3,5,3,4,5,4,4,5,5,3,2,4,2,2,2,2,2,2,2,2,2,2,1,3,3,3,2,7,6,7,5,6,3,7,5,5,1,41,2,1,1,1,40,3500,2500,0,882201,시설 자동화 인력 감축 예상,상고(상업계)
34754,2,2,3,4,2,2,3,4,3,4,2,2,2,2,2,3,3,4,1,0,1,0,1,0,3,3,3,4,3,4,3,4,3,4,3,4,1,0,3,3,3,3,3,4,3,3,3,4,3,3,1,0,1,0,1,0,1,0,1,0,1,0,3,3,1,0,1,0,1,0,1,0,1,0,1,0,1,0,1,0,1,0,3,3,2,2,2,2,5,2,5,2,2,4,4,5,3,2,4,2,5,7,4,5,2,2,0,7,2,2,2,3,4,3,4,2,9,9,9,2,3,2,4,2,3,3,4,3,3,3,3,2,2,3,4,3,2,3,3,2,3,3,2,2,2,2,2,2,2,2,2,1,3,2,2,2,1,4,4,5,6,4,5,4,4,5,1,51,2,2,6,1,40,0,0,2900,615601,관심,화학
34755,5,6,4,5,3,5,3,5,4,5,5,6,5,6,4,5,5,6,4,5,4,5,2,3,5,6,4,6,3,5,4,6,2,3,3,3,3,5,3,5,5,6,4,5,4,6,1,0,2,2,5,6,5,6,4,4,3,5,1,0,4,6,1,0,1,0,1,0,1,0,1,0,4,6,1,0,4,5,4,5,1,0,1,0,4,4,4,4,4,4,3,4,4,5,4,3,3,4,4,4,4,10,1,3,1,2,0,3,5,4,4,4,4,4,3,4,4,4,5,4,2,4,4,4,3,3,4,4,4,4,4,4,3,4,3,4,4,4,4,3,4,4,1,1,1,2,2,2,2,2,2,2,2,3,3,3,1,2,2,4,7,6,6,6,7,7,1,46,5,1,1,1,40,6800,2200,0,153204,데이타베이스자격증 SCIP 대체 기술 발달,광학공학
34756,3,4,4,5,3,4,2,3,5,6,4,5,4,6,4,5,3,4,3,4,2,3,4,5,4,5,2,3,2,3,2,3,2,3,2,3,1,0,2,3,3,4,2,3,2,3,2,3,2,3,1,0,2,3,4,5,2,3,3,4,5,6,3,4,2,3,2,3,2,3,2,2,2,2,2,2,1,0,2,2,1,0,2,3,3,3,2,3,2,2,3,3,4,4,3,4,3,4,4,3,3,10,1,2,1,1,5,3,4,4,4,3,4,3,4,3,3,4,4,4,2,3,3,3,3,2,4,4,2,5,3,4,4,4,3,4,4,3,2,3,4,4,1,2,2,1,2,2,2,2,1,2,3,3,3,1,1,5,4,3,4,4,3,7,4,3,1,31,4,1,2,1,40,2800,2400,0,133205,정보처리 컴퓨터활용 전산 기술 설계 업무 난이도 상승 프론트엔드 개발 대한 업무 추진 업무,정보통신
34757,4,6,4,6,2,5,2,4,3,6,4,6,4,7,4,5,3,5,2,5,4,5,4,6,3,7,3,6,2,4,3,5,2,5,2,5,3,5,3,6,4,6,4,5,3,5,2,5,3,5,3,6,5,7,5,5,4,6,4,5,5,6,4,6,4,5,4,6,3,6,3,5,4,4,2,4,2,4,1,0,3,5,1,0,3,5,1,0,5,4,3,3,3,3,3,4,3,3,3,3,3,13,1,5,2,2,0,4,5,3,4,3,4,3,3,3,3,4,4,3,2,3,2,5,2,2,3,2,3,3,4,5,4,3,2,1,4,5,3,3,5,5,2,2,2,2,2,2,2,2,2,2,3,3,3,3,1,1,1,1,5,4,4,3,3,8,1,40,4,1,1,1,44,4600,2500,0,133201,모바일 소프트웨어 기술 증가,전자공학
34758,2,2,3,3,2,2,2,2,3,3,2,3,3,3,2,2,4,4,3,3,2,2,3,3,3,3,2,2,4,4,2,2,3,4,2,3,4,4,2,2,3,3,2,2,3,4,3,3,4,4,3,3,3,4,2,2,3,4,2,2,2,2,4,5,3,3,3,3,3,4,2,2,4,5,3,3,3,3,2,2,3,4,2,2,3,3,2,2,2,3,3,2,2,3,3,3,2,2,3,3,2,6,1,1,1,2,0,1,1,3,4,3,3,3,3,3,9,4,5,4,3,3,2,3,4,4,3,3,3,2,4,4,3,4,4,3,2,3,4,4,3,3,2,2,2,2,2,2,2,2,2,2,4,2,2,2,2,4,7,6,6,5,6,6,3,4,1,45,3,1,1,1,40,2900,2700,0,702201,방수기능사 노후 건물 재건축 공사 증가,간호학
34759,4,5,4,5,3,4,2,3,3,4,3,4,2,3,3,4,2,3,3,4,2,3,2,3,2,3,2,3,3,4,2,3,2,3,2,3,3,4,3,4,3,4,3,4,3,4,2,3,3,4,3,4,3,4,3,4,3,4,3,4,3,4,4,5,3,4,3,4,3,4,3,4,3,4,3,4,3,4,3,4,3,4,3,4,3,4,2,2,2,3,4,3,3,3,3,3,4,3,3,3,3,17,1,2,1,2,0,3,4,3,3,3,3,3,3,4,9,4,4,4,3,3,3,4,4,4,4,2,3,2,4,4,4,4,3,3,4,4,3,4,4,3,2,2,2,2,2,2,2,2,2,1,3,2,2,2,2,8,2,5,3,5,5,8,7,7,1,51,4,1,1,1,40,4200,2400,0,306201,방사선사 기계 대체 불가,방사선
34760,2,3,2,3,2,3,3,3,3,4,4,6,4,5,4,5,4,5,3,5,3,4,4,6,4,5,4,6,4,5,4,5,4,6,4,6,4,5,4,6,4,6,4,5,4,6,4,5,4,5,4,5,4,6,4,5,4,5,4,5,4,5,4,5,4,5,3,5,4,5,4,5,4,5,4,5,4,5,3,5,3,5,4,5,4,5,4,5,3,4,3,3,2,4,3,3,4,3,4,4,3,14,1,2,2,2,0,7,5,4,3,3,3,3,3,4,3,3,2,3,4,3,3,4,3,4,3,2,3,3,3,4,3,3,4,3,2,3,3,3,3,4,2,2,2,2,2,2,2,2,2,2,5,2,2,2,1,7,6,7,4,5,5,6,3,4,1,50,3,1,1,1,40,5600,2800,0,14301,전문 보안 시스템 경비 인력 필요성 감소,건축학
34761,2,4,3,4,3,2,1,0,1,0,3,5,1,0,1,0,4,5,1,0,1,0,1,0,3,4,3,5,3,5,1,0,3,5,1,0,4,5,5,5,3,5,3,4,4,3,3,5,1,0,1,0,1,0,2,3,3,4,1,0,1,0,1,0,1,0,1,0,1,0,1,0,1,0,1,0,1,0,1,0,3,4,1,0,1,0,1,0,4,2,4,4,4,2,3,2,2,2,4,2,3,9,1,2,1,2,0,2,2,3,2,2,3,4,2,4,3,4,4,4,2,3,3,4,2,3,4,2,4,4,4,4,3,2,3,3,2,4,3,2,4,2,2,2,2,2,2,2,2,2,2,1,3,3,1,3,2,5,7,7,7,7,7,8,5,2,1,31,4,1,1,1,60,3600,3000,0,531301,중식조리기능사 상태 유지,체육학
34762,5,5,4,5,3,3,2,3,3,5,2,4,1,0,5,5,3,5,1,0,3,5,3,3,4,4,3,4,2,2,3,3,1,0,1,0,5,5,4,5,4,5,4,4,3,4,1,0,1,0,3,3,4,4,3,4,4,4,3,5,3,3,4,4,4,4,4,5,5,6,5,5,3,3,4,5,5,5,3,4,4,4,3,4,3,4,3,4,4,3,3,2,2,1,2,5,2,3,3,3,3,8,1,3,1,1,1,5,2,3,3,3,3,3,2,2,3,2,4,3,3,4,4,5,4,3,4,3,4,3,3,4,3,2,3,3,4,3,3,2,4,4,2,2,2,2,2,2,2,2,2,2,3,3,3,3,2,9,8,9,4,7,7,9,5,2,1,39,2,1,1,1,42,4700,3500,0,621203,해기사 안전교육 화물 여객 변화 유지,기관
34763,4,5,4,5,3,5,4,6,3,5,3,5,3,5,3,5,3,5,3,5,2,4,4,6,3,4,3,5,3,5,4,5,4,5,4,6,5,6,3,5,3,4,4,6,4,5,3,5,3,5,3,5,1,0,1,0,1,0,1,0,2,3,1,0,1,0,2,3,2,2,2,2,3,4,2,3,2,3,1,0,2,2,2,3,2,3,2,3,4,4,2,3,4,3,4,3,3,4,4,4,3,16,5,2,1,1,2,2,4,4,4,4,4,4,4,4,4,4,4,4,2,4,4,4,4,3,3,2,4,3,3,4,4,4,3,4,4,5,4,4,4,4,2,2,2,2,2,2,2,2,2,2,1,2,2,3,1,6,4,4,3,3,4,4,7,6,2,51,4,1,1,1,48,4800,3500,0,13201,유아교육교사자격증 유아들의 돌발상황 대처 부모상담법 출산율 저하 유아 인구 감소,유아교육학
34764,2,2,2,2,2,2,1,0,2,2,3,3,3,3,2,2,2,2,2,2,2,2,3,3,3,3,3,3,1,0,1,0,1,0,2,2,2,2,3,2,3,3,2,2,3,3,3,3,3,3,2,2,3,3,3,3,3,3,3,3,2,2,3,3,2,2,3,3,2,2,3,3,3,3,2,2,2,2,3,3,2,2,1,0,1,0,1,0,4,3,3,3,3,4,3,3,3,4,3,3,3,13,1,2,1,1,3,3,5,3,3,3,4,3,3,4,3,3,3,3,3,3,4,4,3,3,4,3,3,4,3,3,3,4,4,4,3,3,4,3,3,3,1,1,2,2,2,2,2,2,2,3,3,2,2,2,1,6,6,5,5,5,5,5,5,6,2,29,4,1,1,1,48,3000,2500,0,153204,광학기사 실무 경험 기술 개발 변화,광학공학
34765,2,1,3,1,2,1,2,1,4,2,3,2,1,0,3,2,4,3,2,3,4,3,2,1,4,3,2,1,3,2,2,3,4,4,1,0,2,2,1,0,2,2,4,3,2,3,1,0,2,2,3,1,4,4,5,4,2,3,3,3,2,4,4,2,4,3,3,3,5,3,2,5,2,1,4,3,5,4,4,3,4,4,2,3,4,3,2,3,2,4,3,3,2,4,5,2,3,2,4,3,3,13,2,2,1,2,0,2,4,4,2,4,4,5,4,5,3,3,4,3,3,4,5,2,4,4,5,3,2,4,4,2,4,3,3,5,4,3,3,5,4,4,2,2,2,2,2,2,2,2,2,2,4,3,2,2,2,4,7,6,7,8,4,4,7,6,1,47,4,1,1,1,40,6200,5800,0,705902,잠수기능사 스킨스쿠버 해양 물류 발달 선박 증가 수요 증가,해양학
34766,1,0,1,0,4,5,1,0,1,0,4,5,1,0,1,0,2,2,1,0,1,0,1,0,1,0,1,0,3,4,1,0,1,0,1,0,2,4,1,0,2,3,2,2,2,3,2,2,1,0,2,2,2,3,2,3,1,0,1,0,2,4,1,0,2,2,2,2,1,0,5,4,1,0,1,0,1,0,1,0,1,0,1,0,1,0,1,0,4,4,4,4,4,4,3,3,2,4,4,2,4,4,1,2,1,1,4,4,4,4,4,4,4,4,4,3,3,4,4,3,4,3,4,4,4,5,4,3,4,4,4,4,5,4,5,4,5,4,4,4,5,4,2,2,2,2,2,2,2,2,2,3,2,3,3,3,2,8,7,5,2,3,6,5,6,7,1,31,4,1,1,1,40,3500,3000,0,153105,전기산업기사 전기감리 직무교육 첨단 장비 계속,전기
34767,3,4,3,4,2,3,3,4,3,5,3,4,5,6,3,4,3,5,2,3,3,4,3,5,3,3,3,4,2,3,2,3,2,3,3,4,3,4,4,5,3,4,3,5,3,4,3,3,2,3,3,4,2,3,3,4,2,3,2,2,4,6,3,3,2,3,3,4,3,5,3,3,3,5,3,4,2,3,2,3,2,2,2,3,2,3,2,3,4,3,3,2,3,3,2,3,2,3,3,4,3,10,3,2,2,2,0,2,4,4,3,3,3,3,2,2,3,3,3,3,3,3,3,4,3,2,3,3,3,4,3,3,3,3,4,5,4,4,3,3,4,4,2,2,2,2,2,2,2,2,2,2,3,3,3,3,2,5,4,3,5,4,5,5,6,6,1,54,4,1,1,1,40,4800,2400,0,133205,컨텐츠 발전 수요,컴퓨터공학
34768,2,3,1,0,1,0,1,0,1,0,1,0,1,0,1,0,1,0,2,2,1,0,2,3,2,3,2,3,2,2,3,4,2,2,2,3,4,5,1,0,1,0,1,0,1,0,3,4,3,4,2,3,2,2,2,3,2,3,2,3,3,4,2,2,2,2,2,3,2,3,2,3,3,4,2,2,1,0,1,0,1,0,1,0,3,3,2,2,3,3,3,3,4,4,2,3,3,4,3,2,3,13,1,2,2,2,0,7,4,4,4,4,3,3,3,2,2,2,2,3,2,3,3,4,1,3,3,2,3,3,4,4,3,4,3,2,2,3,2,2,3,3,2,2,2,2,2,2,2,2,2,2,3,2,2,2,2,7,7,8,5,5,6,4,5,6,2,31,3,1,1,1,48,2800,2200,0,415503,인력 포화,시각디자인
34769,3,5,4,5,3,5,3,4,3,5,4,5,3,4,3,4,3,4,4,5,4,5,3,4,3,5,4,5,3,4,3,4,4,4,4,4,3,4,3,5,3,5,4,5,3,4,2,3,2,3,3,5,3,5,2,3,3,4,3,3,2,3,2,4,3,4,2,3,3,3,3,4,3,4,2,3,3,4,3,4,3,3,2,2,2,4,3,4,4,3,3,3,3,4,4,3,3,3,3,4,3,13,2,2,1,1,1,5,3,4,3,3,4,3,3,3,3,4,4,4,3,3,3,3,3,3,3,2,3,3,4,4,3,4,3,3,3,3,3,3,3,4,2,2,2,2,2,2,2,2,2,3,2,3,3,3,2,3,3,3,4,3,3,3,3,3,2,43,4,1,1,1,50,5300,4000,0,621402,항해사 안전교육 전산 자동화 현재 업무 가능성,가정학
34770,4,5,3,4,4,5,4,4,4,5,4,5,5,6,4,5,4,6,4,5,4,4,4,5,4,5,4,5,4,5,4,5,4,5,4,4,3,3,4,6,4,5,4,5,3,4,1,0,1,0,1,0,4,5,4,6,4,5,4,5,5,5,4,6,4,5,4,5,4,5,4,5,4,5,2,2,3,4,4,4,1,0,2,3,4,6,4,5,4,4,3,5,4,3,4,4,3,3,4,3,3,13,1,2,1,2,0,7,4,4,4,3,4,4,3,4,3,4,4,4,2,4,4,4,4,4,3,3,3,3,4,4,4,5,4,4,4,5,4,4,4,3,2,2,1,2,2,2,2,2,2,2,2,3,3,3,2,2,8,9,2,5,5,8,5,5,1,45,4,1,1,1,48,4300,2800,0,159104,기구설계 제도사 자격증 실내인테리어 자격증 장비 자동화,전산학
34771,4,5,4,5,3,5,3,5,3,5,3,5,2,2,2,2,2,2,2,2,2,2,2,2,2,3,2,3,3,4,2,2,2,3,2,2,3,4,3,4,3,5,2,3,2,2,2,2,2,2,2,2,2,2,2,2,2,2,2,2,2,4,2,2,2,2,2,2,2,2,2,2,2,2,2,2,2,2,2,2,2,2,2,2,2,3,2,2,4,4,3,3,3,4,3,2,3,3,4,4,3,14,1,2,1,2,0,1,5,4,4,3,4,4,4,4,9,9,4,4,2,4,3,4,4,3,4,4,4,4,4,4,4,4,3,3,4,4,4,3,4,4,2,2,2,2,2,2,2,2,2,2,2,3,3,3,2,3,3,4,4,5,5,4,6,5,1,45,4,2,5,1,40,0,0,4000,29903,행정사 자격증 컴퓨터 행정 서류 대행,행정학
34772,2,3,4,4,2,4,2,3,4,4,4,4,2,3,3,3,3,3,2,3,1,0,2,3,3,4,2,3,2,3,4,4,2,3,3,3,3,3,4,4,3,3,3,3,2,3,3,3,2,3,3,3,4,4,4,5,3,3,2,2,4,5,3,3,2,3,2,3,3,3,3,3,4,4,2,3,2,3,2,3,1,0,1,0,3,3,3,3,4,3,4,4,4,4,3,4,2,3,4,3,3,3,1,2,1,2,0,5,5,4,3,3,4,4,4,5,4,5,4,4,2,4,4,4,4,3,2,2,4,5,4,4,4,5,4,3,4,3,4,3,4,3,2,2,2,2,2,2,2,2,2,1,3,3,3,3,2,2,7,5,5,4,7,8,5,5,1,37,4,1,1,1,40,3300,3100,0,134401,정보처리기능사 워드프로세서1급 기계 대체 불가,정보미디어
34773,4,3,3,2,2,2,3,2,1,0,1,0,2,3,1,0,2,3,3,3,2,2,2,2,3,2,3,2,2,2,2,2,2,2,1,0,1,0,2,2,2,1,2,2,2,2,1,0,1,0,1,0,1,0,1,0,1,0,1,0,2,2,1,0,1,0,1,0,1,0,1,0,1,0,2,1,1,0,2,2,2,2,2,2,2,2,2,2,3,4,2,2,2,1,2,4,2,3,2,2,2,18,4,1,2,2,0,5,2,2,2,3,4,3,2,2,9,9,4,3,3,3,4,3,2,4,3,4,4,3,4,4,4,3,4,4,4,3,3,4,3,4,2,2,2,2,2,2,2,2,2,1,2,2,2,2,1,8,8,6,2,2,3,7,2,4,1,27,3,1,4,2,35,2200,2000,0,416204,방송,방송연예
34774,4,5,4,5,3,4,4,4,4,4,4,4,4,5,4,4,4,4,4,4,4,5,4,5,5,6,4,5,3,3,4,5,3,3,4,4,4,4,4,4,4,4,4,4,4,4,3,3,4,5,4,4,4,4,4,4,4,4,4,4,4,4,4,4,4,4,4,4,4,4,4,4,4,4,4,5,4,4,4,4,4,5,4,4,5,5,4,4,3,4,3,3,4,4,4,3,4,4,2,4,2,17,1,1,1,1,4,5,4,4,4,3,4,4,3,3,3,4,4,4,3,2,2,5,4,4,4,3,4,2,4,4,4,5,4,3,5,3,4,2,4,5,2,2,2,2,2,2,2,2,2,1,4,2,2,3,2,8,3,5,7,3,7,8,6,5,2,30,4,1,1,1,50,3200,2900,0,511502,동물간호복지사 반려동물관리사 동물 건강 증진에 대한 교육 반려견 선호 동물 사람 증가,유아교육
34775,2,3,3,4,2,3,3,4,2,3,2,3,2,3,2,3,2,3,2,3,2,3,2,3,2,3,1,0,3,4,2,3,3,4,2,3,2,3,2,3,2,3,2,3,3,4,2,2,2,3,1,0,2,3,1,0,2,3,3,4,2,3,2,4,1,0,2,3,2,3,2,3,1,0,4,5,3,4,3,4,3,4,3,5,4,4,5,6,4,4,4,3,4,3,4,4,4,3,4,3,4,19,4,1,1,2,0,3,2,3,3,3,3,3,3,3,9,9,9,3,1,4,4,4,4,2,4,2,2,2,2,4,3,4,4,4,4,5,4,4,4,5,2,2,2,2,2,2,2,2,2,1,2,2,2,2,2,6,5,4,3,2,5,6,4,3,1,62,2,2,6,1,38,0,0,3800,885101,피아노 조율사 불황 인구 감소 피아노 소유자,인문계
34776,4,5,3,4,3,4,4,6,4,6,5,6,5,7,5,6,4,5,4,5,4,5,3,4,3,4,4,5,2,3,2,2,2,2,2,3,4,5,3,4,5,6,4,5,2,2,1,0,3,4,3,4,5,6,5,7,4,5,4,5,2,3,3,4,4,5,4,5,3,4,4,5,1,0,4,5,4,5,3,4,3,4,1,0,4,5,1,0,4,4,4,5,5,4,5,2,3,5,4,4,5,13,1,2,2,2,0,7,5,4,5,4,4,4,4,5,5,4,4,4,4,3,4,4,5,5,4,5,4,5,3,5,4,5,4,5,4,5,4,5,5,4,2,2,2,2,2,2,2,2,2,1,3,3,3,3,2,2,2,1,2,2,1,9,8,8,1,31,4,1,1,1,40,3400,3000,0,159103,변화,인터넷정보
34777,3,5,4,4,3,4,2,2,3,4,2,2,3,4,3,4,2,3,2,3,1,0,2,4,2,3,2,3,2,3,1,0,1,0,1,0,2,2,1,0,2,3,1,0,1,0,2,2,2,2,3,3,2,3,3,4,3,3,3,4,3,4,1,0,3,3,2,2,2,3,2,2,2,3,2,2,2,2,1,0,1,0,2,2,3,4,3,3,4,3,3,3,4,3,3,4,2,3,3,3,3,16,5,4,1,1,6,6,6,5,4,4,5,5,2,3,9,9,9,4,1,4,4,4,2,3,3,2,4,3,4,4,4,4,4,4,3,4,2,3,4,4,2,2,2,1,2,2,2,2,2,2,4,2,2,2,1,3,3,3,5,5,5,5,5,5,2,31,5,1,1,1,40,3500,2500,0,413101,학예사 유물을 다룰 있도록 전시 기획 능력 코로나 확진 비대 전시 기획 개발 시대 변화 박물관,문화예술경영
34778,4,5,4,5,5,6,5,6,4,5,4,6,3,4,4,5,4,5,3,5,3,5,2,4,3,4,4,5,4,5,4,5,5,6,5,7,4,5,4,5,5,6,5,7,5,7,3,5,2,3,4,5,2,3,1,0,1,0,1,0,3,5,2,3,2,3,1,0,1,0,1,0,2,3,1,0,1,0,3,3,1,0,1,0,2,3,2,3,2,2,2,3,4,4,3,3,1,3,4,3,3,11,1,6,2,1,4,5,5,4,2,1,3,3,2,3,3,1,2,2,2,2,2,2,3,1,2,3,2,5,3,5,2,3,3,4,2,5,1,2,3,3,2,1,1,1,2,2,1,1,1,2,1,1,3,3,1,2,2,4,4,5,2,2,2,3,1,44,4,1,1,1,50,13000,10000,0,12401,고객관리 모바일 기술 발달 오프라인 점점 감소 지점 축소 인력 조정 스마트폰 금융 업무 처리 가능,국제통상학
34779,3,4,3,4,1,0,1,0,1,0,1,0,1,0,1,0,1,0,1,0,1,0,2,3,3,4,1,0,1,0,1,0,1,0,1,0,3,4,2,3,1,0,1,0,1,0,1,0,1,0,1,0,1,0,1,0,3,4,2,3,1,0,2,3,3,4,2,3,3,3,3,4,1,0,2,2,3,3,3,4,2,3,2,3,2,2,1,0,1,1,4,3,2,3,3,1,2,2,2,2,2,3,1,2,2,1,2,7,2,2,2,2,3,2,2,3,3,3,3,3,3,2,3,3,3,3,3,3,3,3,4,3,3,3,3,3,3,3,3,3,3,4,2,2,2,2,2,2,2,2,2,1,3,3,3,3,2,5,7,5,3,5,2,5,5,5,1,53,2,1,1,1,40,3300,2200,0,852101,기계조작훈련 변화,이과
34780,4,4,3,4,3,3,4,5,4,5,3,4,4,4,3,3,3,5,5,5,4,5,4,6,3,4,3,4,4,5,4,4,3,3,3,4,4,4,3,3,3,3,4,4,3,4,3,3,4,4,3,5,3,5,4,5,3,5,3,4,4,6,4,4,3,3,4,5,3,4,3,4,4,4,4,5,3,4,4,6,4,6,4,5,4,4,3,4,4,4,4,3,3,4,4,4,4,3,3,3,2,14,1,2,2,2,0,6,2,4,4,3,4,4,4,3,3,3,4,3,3,3,3,3,3,2,3,3,3,3,4,3,3,3,3,3,2,2,3,3,3,3,2,2,2,2,2,2,2,2,2,2,2,3,3,3,2,5,6,5,4,5,5,5,6,5,1,65,1,1,1,1,40,1900,1700,0,542001,업무 다해,0
34781,2,3,4,4,1,0,2,3,2,2,2,4,4,4,3,4,1,0,3,4,3,3,3,3,4,4,4,4,2,2,4,5,3,3,2,3,1,0,3,3,3,3,3,3,3,3,2,2,2,2,2,2,3,3,2,2,1,0,1,0,1,0,2,2,3,3,2,3,1,0,2,2,2,3,4,4,3,3,5,5,4,4,4,4,2,6,2,4,5,4,2,4,5,2,2,4,3,3,4,3,4,18,1,2,2,2,0,1,2,4,3,2,4,3,4,4,9,9,9,4,3,3,2,3,2,3,3,2,3,3,2,4,3,4,4,3,4,4,4,3,4,4,2,2,2,2,2,2,2,2,2,1,2,2,1,3,2,7,7,5,2,6,6,7,2,2,2,28,3,1,3,2,40,2200,1800,0,416202,경기 둔화,방송학
34782,5,6,4,6,4,4,4,5,4,4,4,5,1,0,4,5,5,5,4,5,4,5,4,5,4,5,5,5,5,7,4,6,5,6,4,5,5,6,4,6,4,6,4,6,4,6,4,6,4,6,4,6,5,6,3,4,4,6,3,4,2,3,3,4,4,4,4,5,2,3,3,4,3,4,4,5,4,4,2,2,2,3,2,4,5,6,4,6,4,5,3,5,5,2,5,5,4,4,4,3,5,17,1,2,1,2,0,6,6,4,4,4,4,5,4,5,9,9,4,4,2,5,4,3,3,1,2,4,3,5,3,4,5,3,3,4,5,4,4,3,4,4,2,2,1,2,2,2,2,2,2,1,4,2,2,2,2,3,1,4,3,5,5,6,5,3,1,56,5,2,5,1,45,0,0,11000,301109,전문의 자격증 국민 고령화 수명연장 의료 서비스 수요,의학
34783,1,0,2,2,1,0,2,2,1,0,1,0,2,3,2,2,3,3,1,0,2,2,1,0,2,1,1,0,2,2,3,4,1,0,1,0,3,3,3,4,1,0,3,3,1,0,3,3,3,4,1,0,1,0,1,0,2,2,1,0,1,0,2,2,1,0,2,1,2,2,2,2,1,0,3,3,4,5,3,4,3,4,3,5,2,3,2,3,4,2,4,3,2,4,3,3,4,1,3,2,2,9,1,1,1,2,0,7,3,2,3,3,4,4,4,4,9,9,9,4,2,4,4,4,3,2,3,1,3,3,5,4,4,3,3,2,3,4,3,3,4,2,2,2,2,2,2,2,2,2,2,1,4,1,1,3,2,5,5,7,5,6,7,4,4,5,2,49,2,1,1,1,48,3000,2000,0,531701,바리스타 자격증 커피 비량 증가 증가,문과
34784,5,6,5,6,5,6,5,6,5,6,4,5,4,5,4,5,3,4,4,5,3,4,4,5,4,5,3,4,3,4,3,5,3,4,2,2,5,6,4,5,3,5,2,2,1,0,1,0,2,3,2,4,2,4,2,3,2,2,1,0,1,0,1,0,1,0,1,0,1,0,1,0,2,3,1,0,1,0,1,0,1,0,1,0,2,2,2,2,4,4,4,3,3,5,5,4,4,4,4,4,4,16,5,6,2,2,0,6,7,5,5,5,5,5,3,4,4,4,4,4,2,3,4,4,4,3,3,2,4,3,4,2,4,4,4,4,3,4,4,2,3,4,2,2,2,2,2,2,2,2,2,2,4,3,3,3,1,7,2,2,1,3,3,2,2,3,1,39,6,1,1,1,50,5000,3500,0,121101,투자 가치 고부 가치 산업 가능성,물리
34785,3,3,4,4,1,0,2,1,1,0,1,0,1,0,2,2,3,3,2,2,1,0,2,3,3,4,1,0,4,5,4,4,2,2,1,0,1,0,2,3,4,5,3,3,2,2,1,0,2,3,1,0,1,0,1,0,1,0,1,0,1,0,1,0,1,0,1,0,1,0,1,0,1,0,1,0,1,0,2,1,3,3,4,5,2,2,1,0,3,3,3,4,3,3,5,4,3,3,3,3,5,15,2,5,2,2,0,7,2,3,3,2,3,3,2,3,3,4,4,4,3,4,2,4,4,4,4,2,4,3,4,3,4,5,4,4,5,5,3,3,4,4,2,2,2,2,2,2,2,2,2,1,3,3,3,3,1,7,8,7,4,3,5,5,4,6,1,49,4,1,1,1,45,3900,2400,0,561201,변화,국문학
34786,2,3,3,4,2,1,2,2,3,4,3,3,1,0,2,2,2,3,4,5,1,0,1,0,3,3,1,0,1,0,1,0,1,0,1,0,1,0,3,4,1,0,3,4,3,3,2,2,2,3,1,0,1,0,1,0,3,5,1,0,1,0,1,0,3,4,4,5,4,4,3,4,1,0,3,4,3,4,3,4,3,4,2,3,4,4,4,4,4,2,4,2,2,2,4,3,2,2,2,2,4,8,4,1,1,2,0,1,3,2,2,2,4,3,2,2,9,9,9,3,4,3,3,4,4,3,2,3,2,4,2,4,3,3,3,3,4,4,4,3,4,4,2,2,2,2,2,2,2,2,2,1,2,3,2,2,2,7,6,7,4,5,5,6,5,4,1,45,2,2,6,1,48,0,0,3300,622304,1종대형운전면허 신규 허가 제한,상고
34787,4,6,5,5,5,6,5,7,5,6,5,6,4,7,4,6,3,6,4,5,3,6,4,6,4,6,3,5,4,4,3,3,2,4,4,6,3,3,2,2,3,5,5,6,5,7,2,2,1,0,2,4,1,0,1,0,1,0,2,3,4,6,2,2,2,2,2,2,1,0,2,3,4,5,1,0,3,3,4,3,1,0,2,2,4,5,1,0,5,4,5,3,4,2,1,5,2,4,5,4,2,10,1,3,2,1,2,4,5,4,5,4,5,5,4,4,4,5,4,4,2,4,4,4,3,4,4,3,5,4,4,4,5,4,4,3,4,5,4,4,5,3,2,2,2,2,2,2,2,2,2,2,2,1,1,1,1,2,2,3,2,4,3,7,5,5,1,43,4,1,1,1,40,4000,2600,0,412001,업무에 필요한 직무교육 독자 감소,신문방송학
34788,5,6,4,6,4,5,4,5,4,4,4,5,3,3,3,4,4,5,3,3,3,4,4,4,4,5,5,6,4,6,4,6,3,4,4,5,3,4,4,5,5,5,4,6,3,4,3,4,3,3,4,5,3,3,1,0,3,3,3,3,3,3,1,0,1,0,1,0,1,0,1,0,4,5,1,0,1,0,3,3,1,0,3,3,3,3,3,4,4,1,3,4,4,4,2,3,2,4,4,2,1,11,1,2,1,1,3,3,5,3,4,5,5,4,3,4,9,9,3,4,2,5,4,5,4,4,3,4,5,4,3,3,2,2,4,4,1,4,2,2,3,3,2,2,2,2,2,2,2,2,2,3,2,1,1,3,1,4,3,5,6,4,5,3,3,6,1,50,4,2,5,1,45,0,0,11000,12402,변액보험관리사 손해사정사 기초교육 기계 대체 데이터 중심 변화,법학
34789,1,0,3,2,1,0,3,2,4,2,2,1,1,0,2,1,2,1,3,1,3,1,3,2,3,1,3,1,3,3,3,3,2,2,2,2,3,3,3,3,4,3,4,3,4,2,3,2,3,1,3,4,2,1,4,2,4,2,1,0,1,0,2,2,2,1,4,2,1,0,1,0,3,3,5,3,5,2,2,1,4,5,4,4,2,1,2,1,2,4,2,2,2,1,1,2,2,2,2,2,2,7,1,2,2,2,0,6,2,1,1,1,4,3,3,2,9,2,2,2,4,3,1,2,2,4,4,4,4,4,2,4,2,3,3,4,4,5,3,3,5,5,2,2,2,2,2,2,2,2,2,1,1,2,2,2,2,7,7,7,7,5,3,3,3,5,1,62,4,1,3,2,20,2100,1800,0,702501,경제 침체 유튜브 발전 셀프 인테리어 증가,토목학
34790,4,4,2,4,4,3,2,3,1,0,3,4,1,0,3,3,2,2,2,3,2,4,1,0,3,3,1,0,3,4,2,3,1,0,1,0,2,4,4,3,3,4,2,2,3,3,1,0,2,4,1,0,1,0,1,0,3,3,1,0,3,3,1,0,1,0,1,0,1,0,1,0,1,0,3,4,3,2,1,0,4,5,2,3,3,3,3,3,5,4,2,3,3,1,2,2,3,3,4,3,3,17,1,2,1,2,0,3,2,4,3,3,4,3,4,4,4,5,4,4,4,4,4,4,4,4,3,4,5,4,4,4,5,5,4,4,4,5,4,4,4,3,2,2,2,2,2,2,2,2,2,2,4,3,3,3,2,3,4,5,6,6,6,3,4,6,1,34,2,1,1,1,40,3200,2300,0,512301,장례지도사 고령화 인구 사망 자수 증가,문과
34791,3,4,4,5,2,4,4,3,2,5,3,5,2,5,3,3,4,4,4,4,4,4,3,6,3,5,3,3,3,4,4,4,4,3,4,4,2,5,4,3,4,3,4,4,4,4,2,6,4,3,2,5,3,3,4,5,3,4,4,4,3,2,3,5,4,4,4,4,4,4,2,5,3,3,4,4,2,4,3,5,3,5,2,4,3,5,4,4,4,3,3,4,3,3,4,3,4,3,4,3,4,3,1,4,2,1,2,1,2,3,4,3,3,3,3,3,3,3,3,3,3,2,4,2,3,4,3,3,2,2,4,3,3,4,3,3,2,2,2,3,3,2,2,2,2,2,2,2,2,2,2,2,2,2,2,2,2,6,5,4,4,5,6,4,4,6,1,27,2,1,1,1,40,3800,2600,0,852301,실무교육 자동화,화학
34792,4,5,4,6,4,5,3,4,4,4,4,5,1,0,3,3,4,5,1,0,2,3,1,0,4,5,1,0,2,3,3,3,3,3,1,0,1,0,4,4,3,3,4,4,4,4,1,0,1,0,1,0,1,0,1,0,3,3,1,0,2,2,3,4,3,3,3,3,1,0,1,0,1,0,4,5,4,4,4,4,3,4,2,2,5,5,3,4,4,5,4,4,5,4,4,4,3,3,4,3,4,17,3,5,1,1,4,4,4,5,4,4,5,4,4,3,3,4,4,4,2,4,4,4,5,4,4,3,4,2,2,5,4,4,4,5,5,5,2,4,4,4,2,2,1,2,2,1,2,2,2,4,1,1,2,3,2,7,4,3,3,2,3,3,7,6,2,38,3,1,1,1,40,3200,2300,0,306101,임상병리사2급 의료관계 법규 코로나19 대처 방안 코로나 소독 방역 인공 지능 화로 검사 기기 발달 사람 대신,임상병리학
34793,4,4,4,5,3,4,4,5,3,4,4,5,2,2,2,2,3,3,3,3,4,5,4,4,3,3,3,2,3,2,2,2,2,2,2,2,3,4,2,2,2,2,3,3,3,3,2,3,2,2,2,2,2,2,1,0,1,0,1,0,4,5,1,0,3,3,1,0,1,0,1,0,1,0,1,0,1,0,1,0,1,0,2,2,4,5,4,4,4,3,3,3,3,4,3,3,3,2,3,3,2,11,1,2,2,2,0,7,4,4,3,4,3,3,4,4,3,4,4,4,3,3,3,4,4,4,4,3,4,3,3,4,3,3,3,4,4,4,4,3,4,3,2,2,2,2,2,2,2,2,2,2,2,2,2,3,1,2,2,8,2,5,5,8,8,5,2,30,3,1,1,1,40,3200,2850,0,32302,전산 화가,국문
34794,4,5,4,5,2,2,3,4,4,5,4,5,4,5,3,4,4,5,3,4,4,5,2,2,4,5,4,5,5,5,4,5,2,2,2,2,2,2,3,4,4,5,4,5,4,5,1,0,4,5,4,5,4,5,4,5,4,5,4,5,4,5,4,6,4,5,4,5,4,5,4,5,4,5,4,5,5,6,4,5,4,6,4,5,4,5,4,5,4,4,5,4,4,4,4,4,5,4,4,2,2,3,1,2,2,2,0,3,2,4,4,5,4,4,4,5,4,5,5,4,4,4,3,4,3,4,5,4,4,5,4,5,4,5,5,4,4,5,4,4,4,4,2,2,2,2,2,2,2,2,2,2,3,2,2,2,1,7,3,7,6,3,6,7,5,8,1,34,2,1,1,1,42,3500,2800,0,825201,현재 수준 유지,기계학
34795,5,6,5,6,3,5,5,6,5,6,4,5,4,6,3,5,3,5,4,5,5,6,4,5,5,6,4,5,4,6,3,4,4,5,4,6,3,5,4,4,4,6,5,6,4,6,2,3,2,3,4,6,3,3,2,2,1,0,1,0,4,4,1,0,2,2,1,0,1,0,1,0,3,3,2,2,1,0,2,2,1,0,2,2,4,5,4,5,4,5,4,4,4,5,4,4,3,4,5,5,4,13,1,2,1,1,2,4,5,5,5,4,5,5,4,4,9,9,4,4,1,5,4,3,4,4,3,2,4,4,4,3,4,4,4,4,3,4,4,3,5,3,2,2,2,2,2,2,2,2,2,2,2,2,2,2,1,3,7,5,5,3,5,4,6,5,1,35,4,2,5,1,45,0,0,4500,23101,회계사 회계와 관련된 직무교육 첨단 기술 자동화,경제학
34796,3,4,4,5,3,4,3,4,4,4,4,5,2,3,3,4,3,3,4,5,3,3,3,4,4,4,3,4,4,4,3,4,4,4,3,3,4,3,5,4,5,4,3,4,3,4,3,3,1,0,4,5,3,4,1,0,4,5,4,5,3,5,3,3,5,4,4,3,5,5,4,5,1,0,3,4,3,4,3,4,3,4,3,4,3,3,3,3,3,4,4,3,3,3,4,2,3,3,3,3,3,8,2,6,1,1,4,4,3,4,3,4,4,4,4,4,1,1,4,3,3,3,3,4,4,3,4,4,3,3,1,3,3,3,3,3,3,3,3,3,3,4,2,2,1,2,2,1,2,2,2,3,2,3,3,3,2,7,7,7,7,7,7,8,7,6,1,43,4,1,1,1,40,6000,3000,0,812301,전기기사 철도차량정비기능사 정비관련 기술교육들 전자부품 측정 장비 도입 신차 대한 교육 필요 장비 고도화,금속공학
34797,4,4,4,5,4,4,4,5,4,5,4,5,4,4,4,4,4,5,4,4,4,4,4,4,4,4,4,5,4,5,3,3,4,5,4,5,4,4,4,4,4,5,4,5,4,4,4,4,4,4,4,4,4,4,4,5,2,3,3,3,4,5,4,5,3,3,4,4,3,3,3,3,3,3,2,2,2,2,3,3,2,2,2,2,3,3,3,3,4,3,3,3,4,3,4,3,3,4,4,3,4,16,5,2,2,2,0,2,5,3,2,2,3,4,4,3,3,2,3,3,3,2,2,4,3,3,4,3,3,4,4,3,2,3,3,3,2,3,3,3,4,4,2,2,2,1,1,2,1,1,1,2,1,2,2,2,1,6,5,6,7,7,5,6,7,5,1,47,4,1,3,1,52,5600,4000,0,22202,교육 프로그램 도입 자동화 일자리 감소,정보학
34798,4,6,5,6,4,5,4,5,4,4,5,6,4,5,4,4,4,4,3,4,4,5,5,5,4,5,4,4,4,5,4,5,3,4,2,3,4,5,4,4,4,5,3,4,4,4,3,4,3,3,2,3,2,3,1,0,1,0,1,0,1,0,2,3,2,4,1,0,1,0,1,0,4,4,2,3,2,2,3,3,2,4,2,3,4,4,3,4,4,3,4,4,3,4,4,4,3,4,4,3,4,15,2,5,1,2,0,7,5,4,3,3,4,5,4,4,3,3,4,4,1,3,3,4,3,3,3,1,4,3,4,5,4,2,2,3,4,5,4,2,4,4,2,2,2,2,2,2,2,2,2,1,3,3,3,3,2,6,5,5,5,4,4,4,4,5,2,33,5,1,1,1,50,4000,2800,0,122106,축산산업기사 축산기사 상태 유지,축산학
34799,4,4,3,4,3,3,2,4,3,4,3,4,4,4,4,4,3,5,4,5,3,4,4,5,4,5,3,3,3,3,4,5,3,4,4,5,4,4,4,4,4,4,4,5,4,5,4,6,4,5,3,5,4,3,4,4,3,3,3,3,4,5,3,3,3,3,4,5,3,4,3,4,2,4,3,3,3,3,4,5,4,5,2,2,3,4,3,5,4,4,5,3,2,2,2,4,3,4,2,4,3,6,1,2,1,2,0,2,2,4,4,3,4,4,4,4,4,4,3,4,4,3,4,3,4,4,4,3,4,4,4,3,4,3,4,4,3,4,4,4,4,3,2,2,2,2,2,2,2,2,2,1,1,2,2,3,2,6,5,6,5,6,6,6,5,6,1,36,3,1,1,1,40,3500,3000,0,703101,배관기능사 인기 직종,건축설비
34800,2,3,2,2,3,3,3,5,4,5,4,5,4,5,4,5,4,5,4,5,4,4,4,5,4,5,4,5,4,5,4,5,4,5,4,5,4,5,4,5,4,5,4,6,4,6,5,6,4,5,4,5,4,5,4,5,4,5,4,5,4,5,4,5,4,5,4,5,4,5,3,4,4,5,1,0,1,0,1,0,1,0,1,0,1,0,1,0,4,4,3,4,5,4,5,4,4,4,4,3,4,10,1,5,1,1,4,4,5,4,4,4,4,5,5,4,4,4,4,4,4,5,5,4,4,4,4,4,5,4,4,2,4,4,4,4,4,5,4,3,4,5,2,2,1,1,1,2,2,2,2,2,3,2,2,3,2,7,3,4,4,4,4,6,6,5,1,50,4,1,1,1,45,7000,3000,0,136002,음향 영상기술 자격증 방송 송출 실무 송신 장비 구입 현재 상황 동일,통계학
34801,2,3,4,5,2,3,4,5,2,2,2,3,2,3,2,3,2,3,2,3,2,3,3,4,3,3,2,2,3,3,2,3,3,4,2,3,3,4,5,5,2,2,3,3,3,4,2,3,3,2,2,3,1,0,1,0,2,2,1,0,3,4,1,0,1,0,2,2,2,2,2,1,1,0,3,4,2,3,2,3,2,3,2,3,3,4,2,3,5,4,3,4,3,1,4,5,3,3,4,3,4,7,1,2,2,1,3,1,2,3,4,3,4,3,2,3,2,3,3,3,2,3,2,2,3,2,5,1,3,1,3,4,3,3,3,4,3,4,4,5,5,2,2,2,2,1,2,2,2,2,2,2,2,2,2,2,1,8,7,7,4,7,3,4,6,4,2,42,2,1,3,2,30,1800,1700,0,615601,마사지 메이크업 간단한 핸드케어 기술 개발 신제품 출시 도움 경쟁 업체 증가 인터넷 판매 증가 방문 판매,인문계
34802,3,5,5,6,3,4,3,4,2,3,3,4,3,4,4,5,3,3,4,4,3,4,1,0,1,0,1,0,2,4,2,2,3,4,1,0,1,0,3,4,4,5,4,4,3,3,1,0,1,0,1,0,3,5,5,5,4,6,4,5,3,5,4,4,1,0,1,0,1,0,1,0,1,0,1,0,1,0,1,0,1,0,1,0,3,3,2,3,5,4,2,3,4,3,4,3,4,3,3,4,5,3,1,4,2,2,0,6,6,4,5,4,4,4,4,4,5,4,5,4,4,4,4,4,5,4,4,4,3,4,4,4,5,4,4,3,4,4,4,3,4,3,2,2,2,2,2,2,2,2,2,3,2,3,3,3,2,6,3,4,4,3,6,4,5,6,1,39,6,1,1,1,40,5000,4000,0,122102,경기 침체 소비 위축,약학
34803,2,2,4,5,1,0,3,3,2,2,1,0,1,0,1,0,2,3,2,2,1,0,2,2,3,4,3,3,2,2,4,5,3,4,4,5,3,3,3,4,4,5,3,4,2,3,4,5,2,2,3,4,4,5,3,4,3,3,2,2,1,0,2,2,3,4,1,0,1,0,1,0,2,2,3,4,4,5,1,0,4,5,3,4,2,1,1,0,3,2,3,4,3,2,3,4,2,2,3,2,2,6,1,1,2,2,0,7,2,2,3,2,4,4,3,3,9,9,4,3,2,3,4,3,3,2,3,4,3,3,3,3,2,3,3,2,3,3,2,2,3,4,2,2,2,2,2,2,2,2,2,1,3,2,2,2,2,6,7,5,3,3,4,4,3,5,1,59,2,2,5,1,40,0,0,6800,702401,사람,전자
34804,3,4,4,5,2,3,4,5,2,2,3,3,1,0,2,1,3,3,1,0,1,0,2,3,3,4,4,5,3,4,3,4,2,3,4,5,3,4,4,5,4,5,4,5,3,4,2,3,2,2,3,4,4,5,1,0,1,0,1,0,2,2,3,4,2,2,1,0,1,0,1,0,1,0,1,0,1,0,1,0,1,0,2,1,2,2,2,2,4,2,3,4,3,3,4,4,2,4,4,2,3,11,1,6,1,1,2,3,5,3,5,3,4,3,3,3,3,2,4,3,2,4,3,3,3,3,3,2,3,4,4,3,2,3,4,3,2,3,4,2,3,5,2,2,2,1,2,2,2,2,2,4,2,1,1,3,1,6,4,3,3,4,5,6,4,3,1,56,2,1,1,1,45,9500,5000,0,32101,은행FP 파생상품권유자문 펀드투자권유인 신입사원 훈련 내지 업무 처리 가능 지점 축소,문과
34805,2,3,2,3,1,0,2,3,1,0,1,0,2,3,1,0,2,3,2,3,1,0,2,3,3,4,1,0,2,3,2,3,1,0,1,0,1,0,2,3,1,0,1,0,2,3,1,0,1,0,1,0,1,0,1,0,2,3,2,3,2,3,1,0,1,0,1,0,1,0,2,3,1,0,2,3,2,3,2,3,1,0,2,3,3,3,2,3,2,3,2,3,2,2,3,2,2,3,2,3,2,3,1,2,2,2,0,2,2,2,2,2,3,3,3,3,2,3,3,3,4,2,3,4,4,2,3,2,3,3,3,4,2,2,3,3,2,4,3,3,4,4,2,2,2,2,2,2,2,2,2,1,2,3,3,3,2,4,5,5,5,5,5,6,5,4,1,26,2,1,1,1,48,2600,2600,0,825201,자동기계 대체,용접
34806,3,5,4,6,4,5,2,3,2,3,2,4,1,0,2,4,2,5,2,4,3,5,3,6,3,5,2,5,2,4,3,5,1,0,2,4,2,4,3,6,2,5,2,4,2,5,2,5,2,5,2,5,1,0,1,0,1,0,1,0,3,6,1,0,1,0,1,0,1,0,1,0,2,4,1,0,1,0,1,0,1,0,1,0,3,5,2,4,4,5,3,3,4,4,4,4,3,4,4,4,4,8,1,5,1,2,0,4,5,4,3,3,4,4,4,3,4,4,4,4,3,3,3,4,4,3,3,2,3,4,4,5,3,3,2,2,2,3,3,3,4,4,2,2,2,2,1,2,2,2,2,2,2,2,2,2,1,4,4,5,6,4,5,4,5,3,1,41,4,1,1,1,46,4300,2700,0,28204,컴퓨터활용능력 전산 화로 구조조정 유가 급등 세계 경기 침체 감소 추세,경영
34807,3,3,2,3,1,0,3,2,3,4,3,2,1,0,4,3,5,4,2,1,2,4,4,4,2,3,3,3,1,0,2,4,2,1,1,0,2,3,2,2,4,3,2,2,4,4,3,3,2,2,4,2,3,2,3,2,3,5,5,4,3,2,2,1,4,4,2,4,5,5,4,5,5,2,2,1,5,3,1,0,1,0,2,2,4,3,2,3,3,2,4,4,5,2,3,1,2,1,3,4,2,3,2,2,2,2,0,2,2,2,4,4,4,5,5,3,4,4,2,3,5,2,3,4,3,5,5,4,4,3,4,2,3,3,5,4,4,3,4,4,4,4,2,2,2,2,2,2,2,2,2,2,2,3,3,3,2,8,6,7,4,3,4,3,6,5,1,40,2,1,1,1,48,3000,2500,0,851201,인건비 상승 해외 기업 진출,기계
34808,3,5,2,5,2,4,2,2,5,6,4,3,1,0,5,6,3,3,1,0,2,2,3,4,2,4,5,4,2,2,4,3,2,2,1,0,2,1,3,2,4,3,4,3,5,3,4,3,3,3,4,4,2,2,2,2,3,2,1,0,5,2,4,3,5,5,2,2,1,0,1,0,2,2,1,0,1,0,2,1,3,1,1,0,2,2,3,4,2,3,3,4,3,5,4,4,4,3,4,3,5,13,2,4,2,2,0,3,6,3,5,5,4,5,5,4,4,3,3,4,1,5,4,4,3,3,4,3,5,4,3,4,4,3,5,5,4,5,4,3,5,3,2,2,2,2,2,2,2,2,2,2,3,3,3,3,1,5,7,6,4,7,5,7,5,6,1,43,6,1,1,1,40,8000,8000,0,13101,국책 기관 민간 기업 수요 포화상태,수학
34809,4,6,4,5,4,5,3,5,2,4,3,5,2,3,2,3,4,5,1,0,3,5,3,4,1,0,1,0,3,5,3,5,3,5,4,5,4,5,4,5,4,6,3,5,4,5,4,5,4,6,3,5,4,5,1,0,1,0,1,0,3,4,5,7,3,4,2,3,1,0,2,3,3,4,3,5,2,5,4,5,4,5,4,5,3,5,4,5,4,3,4,3,4,4,4,3,4,4,3,3,3,7,1,2,2,1,5,4,5,4,5,4,4,4,4,4,5,4,4,4,2,4,4,4,3,4,5,3,4,4,4,4,5,4,5,4,4,5,4,4,4,4,2,2,2,2,2,2,2,2,2,1,1,2,2,2,1,6,7,3,6,3,5,4,6,5,2,40,4,1,1,1,40,4200,2800,0,872301,식품 안정성 교육,식품공학
34810,4,3,2,4,4,3,4,5,3,4,4,4,1,0,3,3,2,3,3,4,2,3,1,0,2,3,1,0,2,4,3,3,1,0,1,0,2,3,3,3,2,2,2,2,1,0,1,0,4,4,1,0,2,3,2,4,2,2,2,1,4,5,1,0,2,4,5,4,4,5,3,4,1,0,1,0,1,0,1,0,1,0,2,1,2,4,4,3,4,3,3,4,5,3,4,3,4,3,5,4,4,17,1,2,1,2,0,6,4,4,4,4,4,3,4,4,5,4,5,4,4,4,4,4,4,3,4,3,4,4,3,4,4,4,3,4,4,4,4,3,4,3,2,2,2,2,2,2,2,2,2,2,4,3,3,3,2,4,5,4,6,5,4,6,5,6,1,34,3,1,1,1,40,3600,2600,0,306201,방사선사 고령화 사회,방사선학
34811,2,4,4,5,2,2,2,3,2,3,3,3,5,5,4,5,3,5,4,4,4,5,3,4,5,5,4,6,3,5,3,3,3,4,3,3,3,4,4,4,3,5,4,5,2,2,1,0,1,0,1,0,4,4,2,3,3,3,1,0,2,2,1,0,3,3,2,2,1,0,1,0,2,2,4,4,3,4,3,4,4,6,4,4,4,5,3,5,4,5,3,2,5,3,2,5,4,4,5,4,4,18,1,2,2,2,0,3,2,3,2,3,3,3,3,3,9,4,4,4,3,4,3,3,4,2,4,4,2,4,2,3,4,3,4,3,4,3,2,3,3,2,2,2,2,2,2,2,2,2,2,2,2,2,2,2,1,7,4,6,3,4,3,7,4,6,1,39,4,1,3,2,50,4000,2000,0,414702,세계 침체 코로나 영향,무용학
34812,4,6,4,6,4,5,3,5,4,5,4,6,4,6,3,5,4,5,1,0,4,6,3,5,3,5,2,2,1,0,1,0,1,0,1,0,3,5,3,5,4,5,4,5,4,5,2,1,4,6,3,5,3,5,1,0,3,5,3,5,3,4,3,5,4,5,1,0,1,0,3,5,3,5,4,5,4,5,3,3,3,5,2,1,5,6,2,2,5,4,5,4,5,4,4,4,4,3,4,3,3,13,1,4,2,2,0,3,6,5,4,4,5,4,4,4,3,3,5,4,1,4,4,3,4,5,3,4,3,4,4,3,4,5,3,4,3,4,5,4,4,2,2,2,2,2,2,2,2,2,2,2,4,3,3,3,2,4,6,8,4,6,6,7,4,4,1,36,5,1,1,1,40,5000,3800,0,121102,소재 친환경 산업 발달 수요 증가,신소재공학
34813,4,5,4,5,2,2,4,6,4,6,4,5,4,5,4,5,4,4,4,4,3,4,4,4,4,5,4,5,4,5,4,5,4,5,4,5,4,4,4,4,4,4,4,5,4,4,4,5,4,5,4,4,4,4,4,4,4,4,4,5,3,3,4,4,4,5,4,4,4,5,4,5,4,4,4,4,4,4,4,5,4,4,4,5,4,5,4,5,3,4,3,3,3,2,3,4,2,3,3,4,4,6,1,2,1,2,0,6,4,2,1,1,3,4,2,4,4,4,5,4,3,2,2,4,4,4,3,4,4,3,4,4,4,4,4,3,4,4,3,3,4,3,1,1,1,1,1,1,1,1,1,2,3,2,2,2,1,8,7,7,8,8,7,4,4,5,1,54,4,1,3,1,40,4800,3000,0,140306,토목기사 자격증 근로자 인적 구조조정 상황 유지,토목공학
34814,1,0,2,3,1,0,1,0,1,0,1,0,1,0,3,5,3,4,1,0,1,0,2,3,2,3,3,4,1,0,3,5,1,0,1,0,2,3,3,5,3,5,3,5,4,5,3,5,3,5,3,5,2,3,4,4,3,5,4,6,1,0,3,3,3,4,4,6,3,4,4,5,3,5,3,2,3,4,3,5,3,5,1,0,4,5,2,3,3,3,2,2,4,2,3,2,4,2,2,4,4,5,1,2,1,2,0,2,4,3,4,3,4,3,5,4,3,3,2,3,5,3,3,4,4,2,5,4,3,3,4,4,4,3,5,4,3,4,4,5,3,5,2,2,2,2,2,2,2,2,2,2,3,3,3,3,2,7,8,5,6,3,4,6,8,7,1,43,4,1,1,1,40,3400,3000,0,155303,폐기물처리산업기사 환경문제 수요 증가,환경공학
34815,2,2,3,5,2,2,4,6,2,2,2,1,4,4,3,1,3,3,2,2,1,0,4,6,3,3,3,4,3,2,3,3,2,2,2,2,3,4,4,6,3,3,3,3,3,3,3,3,3,3,1,0,1,0,3,4,3,4,3,3,1,0,3,2,2,2,3,2,2,1,1,0,1,0,4,5,4,3,3,1,3,2,3,2,2,1,2,2,4,4,4,4,4,2,2,4,4,4,4,3,4,18,1,2,1,2,0,6,4,4,2,2,4,4,4,4,9,9,4,4,2,4,4,3,3,3,4,3,3,5,2,4,4,3,4,4,4,4,3,3,4,3,2,2,2,2,2,2,2,2,2,1,3,3,2,2,1,7,7,7,5,5,5,5,5,5,2,47,4,2,5,1,40,0,0,3400,214401,플로리스트 자격증 사람 욕구 점점 생각 일자리 변화 생각,서양미술학
34816,3,3,5,6,2,2,4,6,1,0,1,0,4,5,3,4,4,5,2,3,2,2,1,0,3,4,4,5,5,4,2,3,3,4,4,4,5,7,4,5,4,4,4,5,3,4,2,4,2,2,4,5,1,0,1,0,1,0,1,0,2,3,1,0,1,0,1,0,1,0,1,0,1,0,2,3,3,3,3,4,3,4,2,3,4,5,5,6,5,3,3,4,3,2,5,4,2,4,4,3,4,18,1,2,2,2,0,7,1,4,4,4,5,4,2,4,5,5,5,5,1,5,5,3,4,4,4,2,5,4,4,5,5,4,3,3,4,4,4,3,4,5,1,1,1,2,2,2,2,2,2,1,2,2,2,2,1,9,7,6,4,3,4,7,9,6,2,46,4,1,1,1,48,4000,2000,0,416103,디지털 기술 복합 향후 관련 분야 문화 콘텐츠 영상 수요 이동 예상,정치외교학
34817,1,0,3,5,4,4,4,5,2,3,3,4,4,4,2,5,5,6,5,6,1,0,4,5,1,0,5,7,4,5,1,0,3,2,5,5,2,3,2,3,5,6,5,6,5,5,4,5,4,4,2,4,3,5,4,5,3,4,4,3,1,0,2,4,3,4,2,3,5,5,4,4,4,4,3,3,4,5,3,3,4,5,3,3,2,3,2,4,3,3,4,3,4,3,3,3,2,4,4,3,2,13,1,4,1,1,2,6,5,4,4,3,4,3,3,3,2,3,4,3,3,3,2,3,3,3,3,2,2,3,4,4,3,3,3,3,3,3,2,2,3,3,2,2,2,2,2,2,2,2,2,1,5,2,2,2,2,3,3,3,5,5,5,5,5,5,1,31,4,1,2,1,48,3400,2550,0,155302,수질환경기술사 수질환경기사 실험분석 기기 숙련교육 현장실무 업무관련 전문교육 환경문제 심각 화로 관심 증가,화공학
34818,4,6,5,7,5,7,5,6,4,6,5,6,4,6,4,6,4,6,4,7,5,6,4,6,5,6,4,6,5,6,4,5,4,6,5,7,5,6,4,5,4,7,4,5,4,6,4,6,5,7,5,6,5,6,4,5,3,4,3,4,4,5,4,5,3,4,4,5,4,5,5,6,4,5,5,6,4,5,4,5,4,6,5,6,5,6,5,3,3,3,3,3,3,3,3,5,4,4,4,3,4,15,2,5,1,2,0,5,6,3,3,3,4,4,4,4,4,4,4,3,3,3,3,3,3,3,4,3,3,4,5,3,3,3,3,2,4,5,4,2,4,4,2,2,2,2,2,2,2,2,2,2,3,3,3,3,2,2,2,3,2,5,5,7,6,3,1,51,6,1,1,1,40,5300,3000,0,121105,박사학위 공공기관 업종,지구과학
34819,2,4,3,4,1,0,1,0,3,5,3,4,1,0,4,5,2,3,1,0,1,0,3,5,4,5,3,5,1,0,3,2,1,0,1,0,3,4,4,5,4,6,3,5,1,0,3,3,4,6,1,0,3,5,2,3,4,6,3,5,2,3,4,5,4,5,3,5,3,4,3,5,1,0,3,4,3,4,3,2,2,2,2,3,4,5,1,0,5,4,2,2,2,2,4,3,4,2,3,4,2,5,1,2,1,2,0,2,4,3,2,4,4,5,3,4,3,5,4,4,4,2,3,5,4,3,5,5,3,4,4,4,4,3,5,4,4,3,4,5,5,5,2,2,2,2,2,2,2,2,2,2,3,3,3,3,2,7,4,6,6,4,7,5,8,7,1,30,4,1,1,1,40,3500,3300,0,155303,폐기물처리산업기사 환경 관심,에너지공학
34820,3,2,3,2,2,3,3,3,4,4,4,4,4,5,3,4,3,4,3,4,3,4,3,4,3,4,3,4,3,4,3,4,4,5,4,5,3,4,4,5,4,5,4,5,3,4,4,5,4,5,4,5,4,5,4,5,4,5,3,5,2,3,4,5,3,3,3,5,3,4,3,4,4,5,2,3,2,2,3,3,2,3,1,0,1,0,1,0,4,4,2,4,4,2,3,4,4,4,4,3,4,3,1,2,2,2,0,4,5,4,4,4,4,4,2,3,3,3,3,3,2,3,3,4,4,4,3,4,3,2,3,5,4,4,4,4,4,4,4,4,4,4,2,2,2,2,2,2,2,2,2,1,3,2,2,2,2,7,7,7,4,4,4,7,7,7,1,58,3,1,1,1,40,6000,2500,0,705201,기계 전산 시스템 사람 그대로,중어중문학
34821,3,4,3,3,2,2,3,3,2,3,3,3,4,4,3,4,3,4,4,5,3,4,3,4,4,5,4,4,3,3,3,4,3,4,3,3,3,4,3,3,3,3,3,4,3,4,3,4,3,3,4,5,4,5,4,4,3,4,3,4,4,5,4,5,4,5,3,4,3,4,3,4,4,4,1,0,1,0,3,4,1,0,1,0,1,0,1,0,4,3,4,4,3,3,3,4,4,3,3,4,3,6,1,2,1,1,2,5,5,3,4,4,4,4,4,4,4,4,3,4,3,4,4,4,3,4,3,4,3,4,4,3,4,3,4,4,3,4,4,3,4,4,2,2,1,2,2,2,2,2,2,4,3,3,3,3,2,4,8,4,3,9,6,3,5,8,1,31,5,1,1,1,45,5500,4800,0,151101,건설안전기사 건축산업기사 현장 안전 교육 기계 도입 상황,건설공학
34822,1,0,1,0,1,0,2,4,1,0,1,0,2,4,1,0,1,0,2,4,1,0,1,0,1,0,1,0,1,0,3,5,2,4,1,0,1,0,3,5,1,0,1,0,1,0,1,0,1,0,1,0,1,0,1,0,1,0,1,0,1,0,2,4,1,0,2,4,1,0,1,0,2,4,1,0,2,5,2,4,4,5,4,5,3,5,2,4,4,4,4,3,3,3,3,4,4,4,4,3,4,19,1,3,2,2,0,4,2,3,3,3,4,4,4,3,3,4,4,4,4,3,3,4,4,3,4,2,3,4,4,4,3,4,3,3,4,4,4,4,5,4,2,2,2,2,2,2,2,2,2,2,2,2,2,2,1,6,5,6,6,5,5,6,4,5,2,30,3,1,3,2,42,2500,2000,0,617101,관광 문화 가전 자동차 마케팅 홍보 증가 추세,호텔경영학
34823,4,6,4,6,4,6,4,6,4,6,4,6,4,6,4,5,4,5,4,5,4,5,4,6,4,5,4,6,4,6,4,5,4,5,4,5,4,4,4,5,4,6,4,5,4,5,4,5,3,3,3,3,3,5,4,5,4,6,4,5,4,4,4,5,4,5,4,4,4,5,4,4,4,5,4,6,4,5,4,4,4,4,3,3,4,5,4,5,4,5,4,4,4,4,4,4,3,5,4,4,5,18,1,4,1,1,3,3,5,4,4,5,4,4,4,4,5,5,4,4,2,5,4,4,4,4,3,4,4,3,3,5,5,4,4,4,4,5,5,4,4,3,2,2,2,2,2,2,2,2,2,1,3,3,3,3,2,9,9,1,1,1,1,1,9,9,1,54,4,1,1,1,40,4000,2700,0,416105,무대예술전문인 영상물제작 편집 연출에 필요한 기술 업무 종합예술,연극영화
34824,4,5,4,5,4,5,3,5,2,3,5,5,2,3,5,7,3,4,1,0,4,5,2,2,2,3,3,4,4,3,5,3,4,3,2,2,2,3,4,5,3,4,5,4,4,5,1,0,2,3,2,3,1,0,1,0,1,0,1,0,3,4,2,3,2,3,2,2,1,0,1,0,2,3,3,3,2,3,2,3,2,2,2,2,2,2,2,2,3,4,4,3,4,4,4,3,3,3,3,5,4,15,2,4,2,2,0,7,4,4,4,4,4,4,3,4,3,4,5,5,2,4,4,3,3,4,4,3,2,2,4,4,4,5,3,3,4,5,4,3,5,4,2,2,2,2,2,2,2,2,2,1,3,3,2,3,1,6,7,4,6,4,3,2,5,6,2,45,3,1,1,1,40,4700,2600,0,25401,공무원 정원,환경공학
34825,5,7,5,7,4,6,5,7,3,4,5,6,3,5,5,7,4,6,4,6,3,5,4,5,4,5,5,7,5,7,5,7,5,7,4,6,4,6,3,4,3,5,4,6,3,4,1,0,1,0,5,7,1,0,1,0,1,0,1,0,2,2,1,0,1,0,1,0,1,0,1,0,1,0,1,0,1,0,1,0,1,0,1,0,1,0,1,0,5,5,1,4,5,2,3,5,3,4,5,5,3,15,2,6,2,2,0,7,5,4,5,5,2,3,4,4,4,4,5,4,2,5,4,4,5,5,5,3,4,4,3,4,5,5,3,4,5,4,5,3,4,2,2,2,2,2,2,2,2,2,2,1,3,1,1,1,1,8,6,3,2,3,2,9,7,5,1,49,6,1,1,1,42,8500,8000,0,11102,국가 정책 다변 탄력 외적 변화 대한 인력 수요 유지,경영학
34826,2,3,4,4,2,2,3,3,2,2,3,4,1,0,3,3,3,3,3,3,1,0,1,0,3,4,1,0,1,0,1,0,1,0,1,0,1,0,1,0,3,5,1,0,1,0,1,0,1,0,1,0,1,0,1,0,1,0,1,0,1,0,1,0,1,0,3,3,2,2,2,2,1,0,2,3,2,3,2,2,3,4,2,3,3,2,2,3,2,3,2,1,2,2,2,4,2,3,2,4,3,6,1,1,2,2,0,4,2,2,2,2,4,3,3,2,1,2,3,2,2,4,3,4,4,3,2,4,3,3,3,3,2,3,2,4,3,5,3,3,4,4,2,2,2,2,2,2,2,2,2,1,3,2,2,2,2,8,6,6,8,7,7,2,3,7,1,35,2,1,2,1,40,3000,2500,0,702201,수요 때문,공고
34827,4,5,4,5,4,5,3,5,3,4,3,4,4,5,4,4,3,5,2,5,3,4,4,5,4,5,3,4,3,5,4,5,4,5,3,4,4,5,3,5,4,5,4,6,4,4,3,4,4,6,3,5,4,6,4,6,4,5,4,6,5,6,4,5,4,5,4,5,4,6,4,4,4,4,3,5,4,5,4,5,4,5,3,4,4,5,4,5,4,3,4,4,3,4,4,4,3,3,3,3,3,10,1,3,1,2,0,5,5,4,3,3,3,4,3,4,4,4,4,4,4,4,4,4,4,4,4,4,3,3,3,3,3,4,4,4,4,4,4,3,4,4,2,2,2,2,2,2,2,2,2,2,3,2,2,3,1,7,7,6,7,6,5,5,6,6,1,49,4,1,1,1,40,5200,2800,0,131202,전자응용기술사 산업기사 변화,전기공학
34828,5,5,4,5,3,4,4,5,1,0,2,2,2,3,3,3,4,5,2,2,2,3,4,4,2,3,5,2,3,3,4,6,3,3,1,0,4,5,4,5,4,3,2,3,2,2,1,0,1,0,1,0,1,0,1,0,1,0,1,0,4,6,1,0,1,0,1,0,1,0,1,0,5,4,2,3,4,4,2,4,2,2,3,4,3,3,3,4,3,4,1,3,4,2,4,5,3,4,2,4,4,17,1,4,2,1,1,4,4,4,3,3,4,4,3,3,4,4,4,4,2,5,4,4,3,3,4,1,5,2,4,4,3,4,2,4,3,4,3,4,3,2,2,2,2,2,2,2,2,2,2,1,3,1,1,3,2,7,6,4,7,6,5,1,5,3,2,50,4,1,1,1,40,5500,2700,0,301004,CS 교육 사람 일이 변화,간호학
34829,4,5,4,5,3,4,3,4,4,5,3,4,3,4,4,4,3,4,4,5,4,4,3,4,4,5,3,4,4,5,4,5,3,4,4,4,3,4,4,4,3,4,3,4,4,5,4,5,4,5,4,5,2,3,1,0,1,0,1,0,1,0,4,5,2,2,1,0,1,0,2,2,2,2,3,4,3,4,3,4,3,3,2,3,3,4,2,3,4,4,3,3,4,4,3,4,4,4,3,3,4,13,1,2,2,2,0,2,4,3,2,3,3,4,3,3,3,3,4,4,3,3,2,3,3,4,4,3,3,3,3,4,4,3,3,4,4,4,3,4,4,3,2,2,2,2,2,2,2,2,2,3,3,3,3,3,2,7,4,5,6,3,5,6,4,5,1,30,3,1,1,1,40,2800,2500,0,415404,기본 인원,경영학
34830,1,0,1,0,1,0,1,0,3,5,3,5,1,0,1,0,1,0,1,0,3,5,1,0,1,0,1,0,1,0,1,0,1,0,1,0,1,0,1,0,3,5,3,5,1,0,1,0,1,0,1,0,4,5,3,5,4,5,4,5,1,0,4,5,4,5,4,5,4,5,4,5,1,0,1,0,1,0,1,0,1,0,1,0,1,0,1,0,3,4,3,3,4,2,3,3,3,4,4,2,3,3,1,2,1,2,0,7,5,3,4,4,4,4,4,3,4,4,4,4,2,4,4,4,3,3,3,3,4,3,3,4,3,3,3,3,4,5,4,3,4,3,2,1,1,2,2,2,2,2,2,1,3,1,1,1,2,6,7,7,3,3,3,6,3,3,1,45,4,1,1,1,50,6000,3000,0,153101,전기기능사 장비 프로그램 도입 전산 자동화 대체 음으로,전기공학
34831,3,3,3,4,1,0,2,2,1,0,2,2,4,5,2,2,3,3,2,3,2,2,3,3,2,2,1,0,2,2,2,2,1,0,2,3,2,2,2,3,3,3,3,3,2,3,1,0,1,0,1,0,1,0,1,0,1,0,1,0,1,0,1,0,1,0,1,0,1,0,1,0,1,0,1,0,1,0,2,3,1,0,2,2,3,5,4,5,2,5,5,1,4,4,2,5,4,3,3,3,4,18,1,1,2,2,0,5,5,4,5,2,4,5,3,1,5,5,5,4,3,4,4,4,3,4,3,4,5,5,2,4,5,5,4,4,5,5,5,4,5,5,2,2,2,2,2,2,2,2,2,1,2,2,2,2,2,9,8,9,8,8,8,9,8,8,1,48,4,1,1,1,40,2000,1800,0,414602,인구 감소,성악
34832,3,4,4,5,3,4,3,4,2,2,3,4,3,4,4,4,3,3,2,2,2,2,3,3,2,3,2,2,2,2,2,2,3,3,3,4,2,2,3,4,2,2,2,1,2,1,2,2,2,2,2,3,2,1,2,3,2,2,1,0,3,4,2,2,4,6,4,5,1,0,1,0,2,2,2,2,1,0,1,0,1,0,1,0,2,2,2,2,3,3,2,3,3,4,2,4,2,3,3,2,3,10,3,2,1,1,4,3,4,4,3,3,3,3,2,3,3,3,4,3,3,4,3,4,3,3,4,4,3,4,3,4,3,3,3,4,4,5,3,4,4,3,2,2,2,2,2,2,2,2,2,2,4,3,3,3,1,5,4,3,4,4,5,6,5,6,1,39,4,1,1,1,48,3900,2600,0,134201,정보처리기사 웹에디터교육 포토샵 일러스트등의 그래픽소프트웨어 교육 웹사이트 활용,응용소프트웨어
34833,5,5,5,6,4,6,5,6,3,3,5,6,4,5,4,4,5,6,3,3,4,5,5,6,3,4,3,4,4,5,4,5,4,5,4,5,4,4,3,4,4,5,4,5,4,4,4,5,3,3,5,6,3,3,1,0,1,0,1,0,2,3,3,3,1,0,1,0,1,0,1,0,1,0,1,0,1,0,3,3,5,3,3,4,4,5,4,3,4,4,3,3,4,3,4,2,4,4,4,4,4,16,5,3,1,1,2,2,5,4,4,3,4,4,4,4,3,4,4,4,2,4,4,4,4,3,4,3,4,4,4,4,4,4,4,4,4,4,4,4,4,3,1,1,1,1,1,1,1,1,1,2,1,1,1,3,1,7,8,8,2,2,3,3,8,2,1,58,5,1,1,1,40,3700,2200,0,212201,워드 초등교사자격증 컴퓨터활용능력 원격 수업 변화 과학기술 변화,교육학
34834,3,4,3,5,3,4,3,5,4,6,3,5,1,0,1,0,1,0,1,0,3,4,1,0,1,0,1,0,1,0,1,0,3,5,1,0,1,0,1,0,4,5,3,5,1,0,1,0,1,0,1,0,1,0,1,0,1,0,1,0,1,0,1,0,1,0,1,0,1,0,1,0,1,0,1,0,1,0,1,0,1,0,1,0,1,0,1,0,3,3,3,4,3,3,3,3,3,3,3,2,3,11,1,2,1,2,0,7,5,3,3,2,3,3,3,3,4,4,4,3,2,3,3,5,3,4,3,3,4,3,3,4,3,3,3,3,3,4,3,2,5,4,2,2,2,2,2,2,2,2,2,1,2,3,3,3,2,7,8,6,3,3,3,7,8,8,1,39,4,1,1,1,40,3000,3000,0,32501,신용정보사 전산 업무 간편 감소,경영학
34835,2,3,2,3,2,2,1,0,1,0,1,0,1,0,3,4,3,3,1,0,1,0,1,0,2,2,1,0,1,0,1,0,1,0,1,0,1,0,1,0,3,4,1,0,1,0,1,0,2,2,2,2,4,5,1,0,2,2,2,2,1,0,1,0,4,5,3,4,3,4,3,4,1,0,1,0,1,0,1,0,1,0,1,0,1,0,1,0,3,2,3,2,3,2,2,3,3,3,3,2,3,17,1,5,2,2,0,2,2,3,4,4,2,2,2,2,3,3,2,3,2,3,2,2,3,2,3,2,3,2,3,3,2,3,4,3,3,2,3,3,3,2,2,2,2,2,2,2,2,2,2,2,3,3,3,3,2,6,7,3,4,5,5,6,7,5,1,29,2,1,1,1,40,2800,2600,0,834001,전기,기계
34836,3,4,2,3,1,0,2,3,3,4,3,4,2,2,3,3,3,4,3,3,3,3,2,3,2,3,3,4,3,4,3,3,2,2,1,0,2,3,3,4,3,4,3,3,2,3,1,0,1,0,2,3,1,0,1,0,2,3,3,4,1,0,1,0,4,3,3,4,3,4,3,4,3,4,5,4,2,4,3,4,3,4,3,4,3,4,2,3,4,3,2,3,4,1,4,4,1,3,4,3,4,6,4,1,1,2,0,6,2,4,3,3,4,4,2,4,3,4,3,4,2,3,4,4,4,4,4,1,3,2,4,4,3,3,3,2,2,4,3,2,5,3,2,1,1,2,2,2,1,2,1,2,2,3,2,3,2,7,5,7,4,5,7,3,6,7,1,53,2,1,4,2,40,6000,2500,0,701301,산업기사 건축 프린트 발전 보급 확대 인적 구조조정 건설 경기 위축 직업 강도,전기
34837,3,4,3,4,5,6,3,4,3,4,1,0,4,4,1,0,3,4,3,4,3,4,3,4,3,4,3,4,3,4,3,4,1,0,1,0,1,0,3,3,3,3,2,3,2,3,1,0,1,0,1,0,1,0,1,0,1,0,1,0,1,0,1,0,1,0,1,0,1,0,1,0,1,0,1,0,1,0,1,0,1,0,1,0,1,0,1,0,3,3,3,3,3,3,3,3,3,3,3,3,3,18,1,2,1,1,3,5,4,2,3,3,4,4,4,3,4,3,3,4,2,4,4,3,4,3,3,4,3,3,4,3,3,4,3,3,3,3,3,2,3,4,2,2,2,2,2,2,2,2,2,3,3,2,2,2,1,8,7,3,4,6,6,4,6,6,2,30,3,1,1,1,45,3200,2400,0,414303,일러스트 포토샵 컴퓨터 활용 교육 상황 유지,애니메이션학
34838,3,3,4,3,2,2,4,5,3,3,2,5,1,0,3,4,3,5,3,3,2,2,3,4,3,3,1,0,3,3,3,2,4,2,1,0,2,2,4,4,2,2,1,0,1,0,1,0,1,0,1,0,1,0,1,0,1,0,1,0,1,0,1,0,2,1,1,0,1,0,1,0,1,0,1,0,3,2,4,4,3,2,3,3,4,4,2,2,3,5,3,2,3,2,3,3,3,3,3,3,1,9,1,3,1,2,0,7,3,3,3,2,3,3,2,2,3,4,4,3,2,3,2,4,3,1,4,3,4,3,3,5,3,3,3,2,4,5,3,3,4,3,2,2,2,2,2,2,2,2,2,2,4,2,2,2,2,5,4,4,4,5,6,5,4,5,1,38,3,1,1,1,40,2900,2300,0,523001,호텔관리사 호텔서비스사 관광 여행 레저 산업 숙박시설 설비 직업 증가,호텔경영학
34839,4,4,4,4,4,4,4,4,3,3,3,3,3,4,3,3,3,4,3,4,3,4,3,4,3,4,3,4,3,4,3,4,3,4,3,4,3,4,3,4,3,4,3,4,3,3,3,3,2,3,2,3,2,3,3,3,3,3,3,4,2,3,2,3,2,3,3,3,3,4,3,4,3,4,3,3,3,3,3,4,3,4,3,3,3,4,3,4,4,4,3,3,4,3,4,3,4,4,3,4,4,17,3,2,1,1,2,2,5,4,4,4,4,4,4,4,4,4,4,4,2,4,4,4,3,4,3,2,3,2,3,4,4,4,4,4,4,4,4,4,4,4,2,2,2,2,2,2,1,2,2,1,4,3,3,3,1,7,7,7,7,7,7,3,7,5,1,36,4,1,1,1,40,3200,3000,0,231101,사회복지사 보수교육 진행 노인,사회복지
34840,4,6,4,5,1,0,2,1,2,2,2,1,1,0,4,5,3,4,3,5,1,0,2,2,3,4,1,0,3,3,4,5,1,0,1,0,2,2,4,5,2,1,4,5,2,1,1,0,2,1,3,5,1,0,3,4,2,3,2,3,4,5,1,0,3,4,2,3,2,3,2,3,3,4,2,3,2,3,3,4,1,0,2,3,3,4,3,4,4,4,3,3,2,3,3,4,2,3,4,3,4,15,2,3,2,1,4,5,5,3,4,4,4,5,4,3,3,4,3,3,4,3,3,3,4,3,3,4,4,3,1,3,3,4,3,4,4,4,4,2,4,4,2,2,2,2,2,2,2,2,2,1,3,3,3,3,1,4,3,3,5,5,4,3,5,6,1,44,4,1,1,1,45,4200,2400,0,25301,신입들의 정신교육 지식교육 기술 변화 요인 때문 대체 가능성 생각,기계
34841,4,6,4,7,2,6,2,6,3,6,3,5,4,5,4,4,3,4,4,5,4,4,4,6,5,6,2,5,2,5,3,5,2,4,2,5,3,5,2,6,3,4,4,5,4,6,2,5,2,5,3,5,4,5,3,5,3,5,2,5,2,6,2,5,3,6,3,5,2,5,2,5,3,6,3,5,2,5,3,5,3,5,2,4,4,4,2,4,4,4,4,4,4,4,4,4,4,4,4,4,4,13,1,2,1,1,4,4,4,4,4,4,4,4,4,4,4,4,4,4,1,4,4,5,4,3,3,1,4,4,5,5,4,5,1,1,5,5,3,3,5,5,2,1,1,1,1,1,2,2,2,2,3,3,3,3,1,1,1,3,2,5,6,4,2,5,1,40,4,1,1,1,46,3900,2500,0,415501,웹디자인기능사 실무에 필요한 웹디자인의 기술을 충분히 습득 웹사이트 전체 디자인 소프트웨어 교체 웹사이트 모바일 버전 증가,산업디자인학
34842,5,6,4,5,4,6,4,5,3,4,3,4,3,4,4,5,4,5,3,4,3,4,4,6,5,6,1,0,1,0,2,1,1,0,2,2,1,0,4,6,3,3,1,0,3,3,1,0,1,0,1,0,2,1,1,0,1,0,2,2,2,2,2,2,2,2,2,2,1,0,3,3,1,0,3,3,1,0,1,0,1,0,1,0,4,6,3,3,4,3,4,3,4,3,3,5,3,4,3,3,3,15,2,4,2,2,0,7,4,4,3,3,2,4,3,2,3,4,3,3,4,3,2,3,4,5,4,3,5,3,3,4,4,3,2,3,4,4,5,3,4,3,2,2,2,2,2,1,2,2,2,2,4,3,3,3,2,8,6,4,2,1,4,1,2,5,1,33,4,1,1,1,40,3800,3200,0,155401,기술 장비 도입 환경 분야 국민 관심 일자리 증대,환경공학
34843,4,5,3,3,3,5,3,5,3,5,4,5,3,4,3,4,4,4,4,4,4,4,3,5,4,4,3,4,3,4,4,4,4,4,4,4,3,4,4,4,4,4,4,4,3,4,2,4,2,4,2,4,2,4,2,4,2,4,2,3,2,3,2,4,2,3,2,4,2,4,2,4,2,4,2,4,2,4,3,4,2,4,2,4,3,4,3,4,3,3,3,3,3,4,4,4,1,3,4,1,3,13,1,2,1,1,4,5,5,4,2,1,4,4,1,2,9,2,5,1,5,1,1,3,3,1,4,2,1,5,2,4,2,4,4,4,4,2,2,2,4,1,2,2,2,2,2,2,2,2,2,1,4,1,1,3,2,9,9,6,6,6,6,9,9,9,2,28,4,1,1,1,60,3600,2160,0,22201,공인노무사 글쓰기 엑셀 말하기 노사 관계 업무 수요 증가,경제학
34844,1,0,3,4,1,0,3,4,1,0,3,4,2,3,3,4,2,3,2,2,1,0,2,3,4,6,1,0,3,4,2,2,3,4,3,4,2,2,3,4,3,4,4,6,4,6,3,4,1,0,2,2,3,4,1,0,1,0,1,0,3,4,4,6,1,0,1,0,1,0,1,0,3,4,4,6,1,0,1,0,3,4,3,4,4,6,3,4,4,4,2,3,3,2,4,3,3,2,3,3,3,19,1,1,2,2,0,2,1,4,3,3,4,4,3,3,9,9,3,3,2,4,4,4,4,4,2,1,5,2,4,4,4,2,2,2,4,4,4,3,4,2,2,1,2,2,2,2,2,1,2,2,1,2,2,2,1,4,6,3,2,4,8,4,7,4,2,42,1,1,3,2,48,4000,3000,0,863201,패턴 개발 현재 기성복 침체 상태,0
34845,2,3,2,3,2,4,2,2,2,3,2,3,1,0,2,2,3,3,1,0,2,2,2,3,2,2,2,2,1,0,1,0,1,0,1,0,2,3,3,3,2,3,2,2,3,4,2,2,2,2,2,2,2,3,2,3,4,6,4,6,3,3,4,5,4,5,4,6,4,6,4,6,2,3,3,4,3,4,3,4,3,3,2,3,3,4,3,4,3,3,2,4,3,3,2,2,3,4,4,4,4,13,1,3,1,2,0,4,5,4,4,3,4,4,4,4,4,4,4,4,2,4,4,2,3,2,3,4,4,4,2,4,3,3,3,3,3,3,3,4,4,4,2,2,2,2,2,2,2,2,2,2,3,3,3,3,2,5,5,4,5,4,4,5,5,5,1,35,4,1,1,1,45,3800,3600,0,153301,전자기사 지금,전기공학
34846,4,4,4,4,4,4,4,4,4,4,4,7,4,4,4,7,4,4,4,4,4,4,4,4,4,4,4,4,4,4,4,4,4,4,4,4,4,4,4,4,4,7,4,4,4,4,4,4,4,4,4,4,4,4,4,4,4,4,4,4,4,7,4,4,4,4,4,4,5,5,4,4,4,4,4,4,4,4,4,4,4,4,4,4,3,3,4,4,3,3,4,3,2,3,3,3,2,4,3,3,4,15,2,3,2,2,0,5,5,5,4,4,5,5,4,4,3,4,5,4,2,4,4,5,4,4,4,5,4,4,4,4,3,4,3,4,5,5,4,3,5,3,2,2,2,2,2,2,2,2,2,2,4,3,3,3,2,3,3,3,3,3,3,7,7,4,2,31,5,1,1,1,40,4000,2800,0,121106,환경오염 기상 변화 대처 방법 대한 연구,대기과학
34847,2,3,2,2,1,0,5,7,3,4,2,2,1,0,2,2,3,4,3,3,2,2,2,2,2,2,4,5,4,6,4,6,4,6,4,6,1,0,5,7,2,4,4,5,4,5,2,3,2,4,2,2,1,0,1,0,1,0,1,0,1,0,1,0,1,0,1,0,1,0,1,0,1,0,1,0,1,0,1,0,2,3,2,3,3,4,3,4,4,2,2,4,4,4,4,2,4,4,4,4,4,8,1,2,2,2,0,7,4,5,4,4,4,5,4,4,4,5,4,4,4,4,5,5,4,4,5,4,4,4,5,4,4,5,4,4,4,5,4,4,4,4,2,2,2,2,2,2,2,2,2,3,1,2,2,2,2,8,7,7,6,6,6,4,5,5,2,28,3,1,1,1,40,2800,2500,0,522201,승무원,교통대학교
34848,4,5,5,6,3,3,4,5,3,3,4,5,3,4,2,2,4,5,4,5,3,3,5,6,4,5,5,5,3,4,4,5,4,5,3,3,5,6,4,5,5,6,3,3,5,6,1,0,4,5,4,5,3,3,1,0,4,5,4,4,5,6,4,5,3,3,4,5,3,4,3,3,1,0,2,5,2,2,2,2,2,2,3,3,5,3,4,5,3,4,5,2,4,4,1,3,4,3,3,3,3,16,5,1,1,2,0,4,5,3,3,3,3,4,3,2,1,3,3,3,2,3,4,4,4,2,4,2,4,2,3,4,3,3,4,4,4,4,5,5,4,4,2,2,2,2,2,2,2,2,2,1,3,2,2,2,2,2,1,2,5,7,8,4,5,4,1,44,4,1,2,1,40,3000,2400,0,214201,워드프로세서1급 정보처리기능사 컴퓨터활용능력1급 컴퓨터 생활 사람,컴퓨터공학
34849,2,3,3,3,3,3,2,3,4,5,3,3,3,3,4,5,3,5,3,3,3,4,4,5,3,4,2,2,1,0,3,4,2,3,1,0,3,4,5,6,4,5,4,4,2,2,1,0,3,3,1,0,3,5,4,5,4,6,4,5,2,3,3,3,4,4,3,4,4,4,4,5,3,5,5,5,4,5,4,4,3,4,4,4,3,3,2,4,4,5,3,4,5,4,4,4,3,3,5,4,4,14,1,2,1,2,0,2,4,4,2,3,3,4,4,2,4,4,5,4,4,3,2,4,3,4,3,2,4,3,2,4,3,4,4,3,4,4,4,3,4,3,2,2,2,2,2,2,2,2,2,1,2,2,2,3,1,6,5,4,3,4,3,6,5,6,1,38,4,1,1,1,40,3400,3000,0,811201,승강기산업기사 경기 둔화 영향,기계학
34850,3,5,3,5,3,5,3,5,3,5,3,4,3,5,2,4,3,4,2,3,2,4,4,5,2,4,2,3,3,4,3,3,3,5,3,5,5,5,3,4,3,4,3,5,3,5,3,4,3,5,3,5,2,3,1,0,2,3,1,0,2,3,2,3,2,3,2,2,2,2,2,2,3,4,3,4,2,3,2,4,2,2,2,3,3,5,3,4,4,4,3,3,4,4,3,3,4,3,4,4,4,16,5,1,2,1,1,1,4,4,4,3,3,4,4,3,3,4,4,4,2,4,4,3,3,2,3,2,3,4,3,4,3,5,4,5,4,4,4,4,5,3,2,2,2,2,2,2,2,2,2,2,2,2,2,2,2,7,6,4,6,4,5,3,3,4,2,30,4,1,1,1,25,2500,2000,0,214101,학생들의 강의 집중 훈련방법 인터넷 강의 증가,수학교육
34851,4,6,4,6,3,5,3,5,4,5,4,5,4,5,4,5,3,5,1,0,4,5,3,5,3,5,3,5,1,0,1,0,1,0,1,0,3,5,3,5,3,5,3,4,4,5,1,0,4,5,4,5,3,5,4,5,3,5,1,0,4,5,4,5,3,5,3,5,4,4,4,5,3,5,3,5,4,5,3,5,3,5,2,2,5,6,2,1,4,4,3,4,3,4,3,4,3,4,3,3,3,3,1,4,1,2,0,3,5,4,4,5,4,4,4,4,3,4,5,4,2,4,4,4,3,2,4,3,3,3,4,4,3,5,4,3,4,3,5,4,4,3,2,2,2,2,2,2,2,2,2,2,3,3,3,3,2,7,3,5,7,6,5,5,7,4,1,40,4,1,1,1,40,4500,3500,0,154103,화공기사 화공안전기사 화학분석사 자동차 건설 조선업 저조 현상 유지,화학
34852,4,6,4,5,4,5,4,6,4,5,4,5,4,5,4,5,4,5,4,5,4,5,4,5,4,5,4,5,4,5,4,5,4,5,4,6,4,5,4,6,4,5,4,5,4,4,4,5,4,5,4,5,4,4,4,5,4,5,4,5,4,5,4,5,4,4,4,5,4,5,4,5,4,5,4,5,4,5,4,5,4,4,4,5,4,5,4,5,4,4,4,4,4,4,4,4,4,4,4,4,4,11,3,2,1,2,0,7,5,4,4,4,4,4,4,4,4,4,4,4,1,4,4,4,4,4,4,2,4,4,4,4,4,4,4,4,3,4,3,3,4,5,2,2,2,2,2,2,2,2,2,2,4,3,3,3,2,7,7,7,8,8,8,7,7,7,1,42,4,1,1,1,45,6100,4500,0,23401,감정평가 재산 가치 증가 대한 관심 상승,경영정보
34853,3,3,2,2,1,0,5,6,1,0,4,6,5,7,4,5,2,3,4,6,3,5,3,5,5,7,2,3,1,0,1,0,1,0,1,0,3,4,2,1,3,3,3,3,3,3,2,2,1,0,1,0,2,2,1,0,2,2,1,0,4,6,1,0,2,1,2,1,1,0,1,0,1,0,4,5,3,4,4,5,1,0,1,0,4,6,5,7,4,2,4,2,4,5,1,5,3,5,5,4,4,18,4,1,2,2,0,6,4,3,2,3,4,5,3,1,9,9,9,3,1,3,4,5,5,4,4,5,5,5,3,4,5,4,4,5,5,5,5,5,5,3,1,1,1,1,1,2,2,2,2,1,2,2,2,2,1,7,9,8,9,8,8,8,9,7,1,42,4,2,6,1,50,0,0,2000,414502,소프트웨어 개발 경험 지식 정형 데이터 축적 작곡 수가 컴퓨터 발전 일자리 어둠,미디어영상학
34854,2,3,2,3,2,3,2,2,2,3,3,5,3,4,3,4,2,2,2,4,2,3,2,4,2,2,2,3,2,2,2,2,2,3,2,3,2,3,2,3,3,3,2,2,2,2,1,0,2,1,2,1,2,2,2,1,3,3,2,1,2,1,3,3,2,1,2,1,2,2,2,1,1,0,2,2,3,3,2,3,4,6,3,4,2,3,2,1,3,3,2,3,3,1,3,4,3,3,3,3,2,1,1,2,1,2,0,4,2,3,3,2,3,3,2,3,9,3,3,3,3,3,3,3,3,2,3,3,2,3,3,5,3,3,3,2,3,3,3,3,4,3,2,2,2,2,2,2,2,2,2,2,4,3,3,3,2,6,6,6,4,4,4,6,4,4,1,51,2,1,3,2,40,3000,2800,0,901501,산림기능사 빌딩 리조트 공원 신축 건물 조성 수요,인문계(문)
34855,4,5,3,4,3,4,3,4,3,4,3,4,3,4,3,4,3,4,4,5,4,5,3,4,4,5,3,4,3,4,4,5,3,4,3,4,4,5,4,5,3,4,4,5,3,4,3,4,4,5,4,5,3,4,4,5,3,4,3,4,3,4,4,4,3,4,4,5,3,4,3,4,4,5,3,4,3,4,4,5,3,4,1,0,1,0,1,0,5,4,4,4,4,4,4,3,3,3,3,3,3,14,1,5,2,1,5,6,4,4,4,4,4,4,4,3,3,3,3,3,2,4,4,3,4,3,4,3,3,3,4,3,3,3,3,3,4,4,4,2,3,4,2,2,2,2,2,2,2,2,2,3,3,2,2,2,2,8,3,6,5,6,7,2,8,7,1,40,4,1,1,1,45,5000,2000,0,416105,카메라 음향교육 변화,기계공학
34856,3,2,2,2,2,1,2,2,3,3,3,4,2,2,3,3,3,3,2,2,3,3,2,3,2,1,2,3,2,1,2,2,2,1,2,1,2,3,2,2,3,3,3,4,2,3,2,2,2,2,2,1,3,4,3,4,4,5,4,4,3,3,3,4,4,4,4,5,4,4,4,5,3,4,3,3,3,4,3,4,3,3,2,2,3,5,3,5,3,2,3,2,3,2,2,3,2,3,2,3,3,4,1,2,2,2,0,2,2,3,2,2,3,3,3,4,4,4,5,4,4,3,2,3,3,4,4,4,3,3,2,4,3,3,2,2,4,3,2,2,5,4,2,2,2,2,2,2,2,2,2,1,3,3,3,3,2,8,8,9,2,2,7,7,5,6,1,35,4,1,1,1,40,3500,2700,0,833001,전력 에너지,전기
34857,3,4,4,5,3,5,2,3,4,6,4,5,3,4,4,5,4,5,3,4,4,5,4,5,5,6,5,7,1,0,1,0,3,4,4,5,3,4,2,2,3,4,3,4,4,5,1,0,1,0,4,5,4,6,5,6,4,5,2,4,4,5,1,0,5,6,4,5,5,6,5,7,2,2,3,4,1,0,4,5,1,0,1,0,3,4,1,0,4,2,3,3,3,5,2,4,2,4,3,3,4,10,1,2,1,2,0,3,5,4,3,3,2,4,3,3,3,4,4,3,2,2,3,4,4,3,4,5,4,5,4,4,3,5,4,4,5,5,4,2,4,4,2,2,2,2,2,2,2,2,2,2,3,3,1,1,2,7,4,3,6,7,6,3,2,3,1,42,4,1,1,1,40,5000,3200,0,134302,CCNA CCNP 네트워크관리사 정책 상품 개발 필요성,컴퓨터
34858,5,6,5,6,4,5,5,6,4,5,4,4,3,3,3,3,5,6,4,4,4,4,4,4,4,4,5,6,5,6,4,4,5,6,3,4,4,5,5,5,4,5,4,4,5,6,4,5,4,4,4,4,3,4,4,4,4,4,4,4,4,4,5,6,4,4,4,4,4,4,4,4,4,4,5,6,4,4,4,4,5,5,4,4,5,6,4,5,4,5,4,4,5,2,4,2,3,3,5,4,3,15,2,5,1,2,0,2,4,4,3,4,3,4,3,4,3,5,4,4,2,4,3,3,4,3,5,3,3,4,4,5,3,4,4,3,4,5,3,4,5,3,2,2,2,2,2,2,2,2,2,2,2,3,3,3,2,4,7,6,3,5,5,5,7,4,1,38,4,1,1,1,40,4200,3000,0,621402,항해사 면허 컴퓨터 자동화 시스템,해양공학
34859,4,4,4,4,4,4,4,4,4,4,4,4,4,4,4,4,4,4,4,4,4,4,4,4,4,4,4,4,4,4,4,4,4,4,4,4,4,4,4,4,4,4,4,4,4,4,4,4,4,4,4,4,4,4,4,4,4,4,4,4,4,4,4,4,4,4,4,4,5,5,4,4,4,4,4,4,4,4,4,4,4,4,4,4,3,3,4,4,3,3,4,3,2,3,3,3,2,4,3,3,4,13,1,2,1,1,5,5,5,4,3,4,4,4,4,3,3,4,4,4,3,3,4,4,5,4,3,4,3,4,4,4,3,4,3,4,5,5,3,4,4,5,2,2,2,2,2,2,2,2,2,2,3,3,3,3,2,7,4,6,4,4,5,6,4,5,1,36,4,1,1,1,40,3900,2700,0,140602,지형정보기능사 기본적인 시스템 교육 도로 건설업 증가,정보통신학
34860,4,7,5,7,4,6,5,6,5,7,5,6,5,7,5,6,5,6,4,5,5,7,5,7,5,6,5,6,5,6,5,6,5,6,5,6,5,7,5,6,5,6,5,6,5,6,5,5,5,5,5,6,5,6,5,4,5,6,5,6,5,6,5,6,5,5,5,4,5,3,5,6,5,6,5,6,5,5,5,5,4,4,4,4,5,6,5,5,5,4,3,4,4,3,4,4,3,4,5,5,3,3,1,2,2,2,0,6,6,5,4,4,4,4,3,4,4,4,4,4,2,4,4,4,4,4,4,3,4,3,3,4,4,4,4,4,4,4,4,4,4,4,2,2,2,2,2,2,2,2,2,1,4,3,3,3,2,7,3,3,3,5,4,6,6,6,2,39,5,1,1,1,40,7000,5000,0,154104,한류 열풍 소셜커머스 시장 성장 화장품 소비 확대 화장품 산업 관련 고용 증가 예상,화공생명공학
34861,4,4,3,3,3,3,3,5,3,5,3,3,2,3,3,2,2,4,4,5,3,5,4,4,4,3,3,4,5,5,4,5,4,4,4,4,3,2,2,1,2,4,4,4,2,4,4,4,3,3,1,0,1,0,2,3,3,3,3,3,3,3,3,3,2,3,2,3,1,0,1,0,2,2,2,1,1,0,2,3,2,3,2,2,2,3,3,4,3,3,4,2,3,2,2,3,3,2,3,3,2,3,1,5,2,2,0,3,2,3,3,2,4,3,3,4,3,3,4,3,2,2,3,3,3,2,2,3,1,1,3,3,3,4,3,3,2,2,1,1,5,4,2,2,2,1,2,1,2,1,1,3,1,3,3,2,2,3,4,2,3,3,5,5,3,5,2,52,2,1,1,1,40,3600,2400,0,885902,경기 침체 시스템 개발 대체 경기 침체,이과
34862,4,4,4,4,4,4,3,3,3,3,3,3,3,3,3,3,3,3,3,3,3,4,3,3,3,3,3,3,3,4,3,3,4,4,3,4,4,3,3,4,3,4,4,4,3,3,2,2,2,3,3,3,3,3,1,0,1,0,1,0,3,3,1,0,1,0,1,0,2,2,2,2,2,3,4,4,3,2,3,4,2,3,3,4,3,4,3,3,4,3,2,3,3,2,4,4,2,3,4,3,4,16,5,2,1,1,2,2,5,3,2,3,4,3,3,3,3,3,4,3,2,3,3,3,4,3,4,3,3,4,4,5,4,4,4,4,4,4,3,3,4,4,2,1,2,2,2,2,2,2,2,1,4,2,2,2,1,4,5,7,8,7,6,7,8,4,2,35,3,1,1,1,45,2500,2000,0,213001,유치원정교사 새로운 프로그램 개발 교육 프로그램 개발 맞벌이 직장인 일자리 증가,유아교육
34863,5,7,4,5,3,4,5,7,3,4,4,5,3,4,3,4,5,7,3,4,3,4,4,5,4,5,4,5,2,3,2,3,2,3,1,0,3,4,1,0,1,0,1,0,2,3,1,0,1,0,1,0,1,0,1,0,1,0,1,0,1,0,1,0,1,0,1,0,1,0,1,0,1,0,1,0,1,0,1,0,1,0,1,0,4,5,3,4,3,5,4,3,4,5,3,4,3,4,4,4,4,18,1,6,2,2,0,3,2,4,4,4,5,5,4,3,3,3,4,3,2,5,4,3,3,2,3,5,4,5,2,5,5,4,5,5,4,5,4,4,5,4,2,2,2,2,2,2,2,2,2,2,3,1,1,1,1,8,2,3,1,1,3,8,4,2,2,27,4,1,1,1,40,2500,2400,0,416205,목소리 연기 기계 대신,국어국문학
34864,1,0,3,4,1,0,3,4,1,0,2,2,3,4,2,2,1,0,1,0,1,0,2,3,4,5,1,0,3,4,4,5,3,4,1,0,2,2,2,3,1,0,1,0,2,3,1,0,1,0,1,0,4,5,4,4,4,6,1,0,1,0,1,0,1,0,1,0,1,0,1,0,1,0,2,2,2,3,3,4,1,0,3,4,3,4,3,4,4,5,5,4,3,3,4,3,2,4,3,2,4,9,1,2,1,1,3,2,4,3,4,4,4,3,4,4,3,3,4,4,3,3,4,4,3,3,4,4,4,3,3,4,4,3,3,4,4,3,4,4,4,4,2,2,2,2,2,2,2,2,2,1,3,2,2,2,2,4,4,4,4,3,4,4,3,3,2,29,3,1,1,1,32,3000,2300,0,531601,조주기능사 칵테일제조연습 대체 사람,바리스타학
34865,4,5,4,4,2,2,4,5,1,0,1,0,4,5,3,4,4,5,2,2,1,0,1,0,2,2,1,0,2,3,2,2,2,2,1,0,1,0,4,4,1,0,2,2,2,2,1,0,1,0,2,2,1,0,1,0,1,0,1,0,1,0,1,0,1,0,1,0,1,0,1,0,1,0,1,0,1,0,1,0,1,0,1,0,2,2,1,0,4,2,3,3,3,3,2,4,2,2,3,2,3,18,4,1,2,2,0,7,4,2,3,3,4,2,3,2,9,9,4,3,2,3,3,2,3,4,3,3,3,4,3,3,4,3,3,2,3,3,2,3,3,4,2,2,2,2,2,2,2,2,2,1,3,3,3,3,2,8,6,7,6,4,5,8,4,5,2,29,3,2,6,1,40,0,0,2000,416204,기계 대체 불가,연예연기과
34866,4,5,4,5,5,6,4,6,5,3,5,6,5,6,5,6,4,6,4,6,5,6,5,6,4,5,5,6,5,6,5,6,4,5,5,6,4,6,4,6,4,5,5,6,4,6,5,4,1,0,3,4,1,0,1,0,1,0,1,0,1,0,1,0,1,0,1,0,1,0,1,0,1,0,1,0,1,0,1,0,4,5,4,5,4,5,5,5,4,5,4,4,4,5,4,4,4,5,4,3,4,11,1,2,1,2,0,3,5,4,4,4,4,4,3,5,9,9,5,5,4,5,4,4,4,5,5,4,4,4,4,4,4,4,4,5,4,4,4,4,5,4,2,2,2,2,2,2,2,2,2,2,2,3,2,2,1,9,3,7,3,7,4,8,3,7,1,38,4,1,1,1,42,4500,3800,0,33201,보험중개사 보험 인구 감소,금융보험학
34867,1,0,1,0,1,0,1,0,1,0,1,0,1,0,1,0,1,0,1,0,1,0,1,0,2,3,1,0,1,0,1,0,1,0,1,0,1,0,1,0,3,5,1,0,2,3,1,0,1,0,1,0,2,3,1,0,2,3,3,4,1,0,1,0,4,4,4,5,4,5,4,5,3,4,4,5,4,5,3,4,3,4,4,4,3,4,1,0,4,4,3,4,3,2,3,3,4,3,3,3,3,13,1,2,1,2,0,7,2,3,4,4,4,3,2,3,9,5,4,4,4,3,3,3,4,3,2,4,5,4,4,2,2,3,3,5,4,4,4,4,3,4,2,2,2,2,2,2,2,2,2,2,3,3,3,3,2,8,9,5,6,4,7,8,7,7,1,42,2,1,1,1,40,2600,2400,0,831201,전기기능사 전기 계속 사용 관련 직종 인력,이과
34868,2,3,2,2,1,0,1,0,3,3,1,0,1,0,2,2,2,2,2,2,1,0,1,0,2,3,3,3,1,0,1,0,1,0,1,0,1,0,2,3,4,4,2,3,3,2,3,3,3,3,1,0,3,4,1,0,2,2,1,0,1,0,3,3,2,2,3,3,2,3,2,3,1,0,3,4,2,2,2,2,2,5,3,4,3,3,1,0,5,3,3,3,2,1,5,3,3,2,3,3,3,1,4,1,1,2,0,2,2,3,2,2,4,4,2,4,9,9,9,4,3,3,2,3,3,1,3,3,2,5,2,3,3,3,4,4,5,5,3,2,4,4,2,2,2,2,2,2,2,2,2,2,2,3,3,3,2,8,6,9,4,7,7,5,4,4,1,43,2,2,6,1,45,0,0,3500,902201,축산기능사 이제 사람 선호 직종,문과
34869,3,5,3,4,2,2,2,2,3,4,3,5,1,0,2,2,3,3,3,4,2,3,3,4,4,6,4,5,3,5,3,4,2,4,2,3,1,0,3,3,4,5,3,4,4,5,3,4,3,4,3,5,3,4,3,3,3,4,2,3,5,6,3,4,2,3,2,3,2,2,2,3,2,3,2,3,3,3,3,4,3,5,1,0,3,4,2,3,4,3,2,3,4,4,3,3,3,2,4,3,3,8,1,2,2,2,0,1,5,4,3,3,4,5,3,3,3,4,3,3,3,4,3,4,4,4,4,2,4,3,3,5,4,4,4,3,4,5,4,3,4,3,2,2,2,2,2,2,2,2,2,3,2,2,2,2,2,7,6,5,3,3,4,7,7,6,1,48,4,1,1,1,40,5200,3500,0,28203,운송 사업 자동화 따름,항공학
34870,1,0,1,0,1,0,1,0,2,2,2,2,2,2,3,4,2,3,3,4,2,3,2,3,1,0,3,4,1,0,1,0,1,0,1,0,2,2,1,0,1,0,3,4,2,2,3,4,3,4,2,3,3,4,3,4,4,5,3,4,2,3,3,4,2,2,3,4,4,6,4,5,3,4,4,5,4,5,3,4,5,7,5,7,3,4,3,4,5,4,4,3,3,2,3,4,3,4,3,3,4,1,1,1,2,2,0,3,2,2,2,2,4,4,3,3,3,3,3,3,2,4,4,3,2,3,2,4,4,4,3,5,5,4,4,4,4,5,4,4,5,4,2,2,2,2,2,2,2,2,2,2,3,2,2,2,1,9,5,8,1,1,5,5,2,2,1,33,3,1,1,1,40,3000,2500,0,902101,변동 직종,낙농학
34871,4,5,4,5,3,3,3,5,2,3,4,6,2,2,4,6,4,5,2,2,2,3,2,2,4,6,2,3,3,4,2,2,2,2,2,2,2,2,3,4,4,6,3,4,2,2,2,2,2,3,2,2,2,2,2,2,2,2,2,2,3,4,2,2,2,2,2,2,2,2,2,2,2,2,5,6,4,6,3,5,3,4,3,4,3,5,4,5,4,4,4,3,4,4,3,3,3,3,4,4,4,17,1,1,1,2,0,2,5,4,4,4,4,4,4,3,9,9,9,4,1,4,3,3,3,4,3,3,3,4,4,4,3,4,4,3,3,4,3,3,4,2,2,2,2,2,2,2,2,2,2,2,2,3,3,3,2,7,4,5,4,5,5,5,4,6,2,39,4,2,5,1,45,0,0,7000,302001,수의학 인구 감소,수의학
34872,4,5,4,5,3,4,4,4,3,4,3,4,4,4,3,4,4,4,3,5,4,4,3,4,3,4,3,4,3,4,5,4,4,4,4,4,3,4,4,4,3,3,4,4,3,4,2,5,4,5,4,4,3,4,3,5,3,4,3,4,5,5,3,5,3,5,3,4,4,4,4,4,3,3,3,4,2,4,3,4,4,5,3,4,3,5,3,3,4,5,4,3,4,4,3,2,3,4,4,3,3,8,1,6,2,2,0,5,5,4,4,4,4,4,4,4,4,4,3,4,3,4,3,3,4,4,4,3,4,4,4,4,4,3,5,4,5,4,3,5,4,4,2,2,2,2,2,2,2,2,2,2,4,3,3,3,2,7,6,3,4,3,5,6,4,6,1,40,4,1,1,1,40,3800,2700,0,26201,업무 환경 발전,경영
34873,4,4,4,4,4,4,3,4,4,4,4,4,2,4,2,2,2,2,3,3,2,2,4,4,3,3,3,3,3,3,2,3,2,2,1,0,3,3,3,3,2,2,3,3,4,4,3,4,3,3,4,3,3,3,3,3,2,2,3,3,4,5,2,2,3,3,3,3,1,0,1,0,2,2,1,0,3,4,2,2,3,3,1,0,2,3,3,3,4,3,4,3,3,3,4,3,2,3,4,3,3,3,1,2,2,2,0,7,5,4,3,4,3,3,4,4,3,4,4,4,3,3,4,3,4,4,3,4,4,4,4,3,4,3,3,4,3,4,4,4,3,4,2,2,2,2,2,2,1,2,2,2,2,3,3,3,1,4,3,4,5,5,5,5,4,5,2,28,4,1,3,1,52,2500,1800,0,27201,둔화 구조조정 진행 자동화 시스템 일자리,경제학
34874,2,3,1,0,1,0,1,0,1,0,1,0,3,4,1,0,1,0,1,0,1,0,3,5,3,4,1,0,1,0,3,3,1,0,1,0,3,4,3,4,1,0,3,4,3,4,1,0,1,0,1,0,1,0,1,0,1,0,1,0,1,0,1,0,1,0,1,0,1,0,1,0,1,0,3,4,3,4,3,4,3,4,2,3,3,4,4,5,3,4,2,3,3,3,1,4,2,3,3,3,2,18,1,2,2,2,0,5,5,3,4,3,4,5,4,2,3,4,4,3,3,4,5,3,4,3,3,4,3,3,2,3,4,4,4,4,4,3,2,2,4,3,2,2,2,2,2,2,2,2,2,1,3,2,2,2,1,4,5,6,4,5,5,4,5,2,1,29,4,1,1,1,45,3900,2600,0,414401,공연 수요 증가 영화 방송 수요 코로나 변수,국악
34875,4,5,4,5,3,6,3,5,2,5,3,5,4,6,5,5,5,4,3,5,4,5,5,6,3,6,4,5,5,6,4,6,3,4,4,5,2,4,5,7,4,6,5,5,4,5,3,5,3,6,4,5,2,4,2,3,2,5,3,2,3,4,2,4,3,3,2,2,2,2,2,2,4,4,2,2,2,2,2,4,2,4,2,5,2,5,3,4,4,4,4,3,4,2,3,4,2,4,4,2,4,13,1,6,1,1,1,5,4,3,3,2,2,4,3,2,2,4,4,4,4,3,3,4,4,3,4,3,3,2,4,4,3,4,4,3,4,4,4,3,4,4,2,1,1,2,1,1,1,1,2,3,2,1,1,3,1,7,6,5,4,5,4,8,6,6,2,22,3,1,3,1,40,3200,2800,0,29401,비서 자격증 워드 전산회계 전산회계 인공 지능 일정 관리 정보 수집 업무 전산 자동화 기본 기적 업무,비서
34876,2,3,2,3,1,0,1,0,1,0,1,0,1,0,1,0,1,0,1,0,1,0,2,2,1,0,2,2,1,0,1,0,2,2,2,3,1,0,2,3,2,3,1,0,1,0,1,0,1,0,1,0,1,0,1,0,1,0,1,0,2,2,1,0,2,2,1,0,2,3,2,4,1,0,1,0,1,0,1,0,2,2,1,0,2,3,2,3,2,2,4,2,2,2,4,2,3,2,2,3,2,4,2,2,2,2,0,1,2,3,3,3,4,2,3,3,3,3,3,3,4,2,2,3,3,4,3,4,2,3,3,4,3,3,3,3,3,4,3,2,4,4,2,2,2,2,2,2,2,2,2,2,2,3,3,3,2,6,4,4,4,4,6,5,5,5,1,58,2,1,1,1,48,4000,1800,0,562101,기술 개발 감소,기계
34877,3,4,3,4,2,3,4,5,4,4,3,4,3,3,3,3,3,3,3,4,3,3,3,4,4,4,3,4,3,4,3,5,3,5,4,5,3,4,4,5,4,5,4,5,3,4,2,2,1,0,1,0,2,2,3,3,3,4,4,5,3,5,3,3,3,4,1,0,1,0,1,0,3,4,3,3,2,2,2,2,2,3,3,4,2,3,2,2,4,5,3,4,5,3,4,4,4,4,4,4,4,3,1,2,2,2,0,2,4,3,3,4,4,3,4,4,3,2,5,4,2,3,3,4,3,3,4,2,4,2,3,4,4,4,3,4,4,5,4,4,4,3,2,2,2,2,2,2,2,2,2,2,3,2,2,3,1,6,5,4,5,6,5,5,4,5,1,32,4,1,1,1,40,3000,3000,0,612201,필요성 대두 침체 유지,유통학
34878,3,4,4,5,4,5,3,4,1,0,3,4,4,5,2,2,3,4,3,4,4,5,1,0,4,5,2,2,3,4,2,2,3,4,4,5,3,4,4,5,4,5,4,5,2,2,3,4,2,2,1,0,1,0,1,0,3,4,2,2,1,0,3,4,2,2,3,4,2,2,1,0,3,4,2,2,2,2,1,0,2,2,3,4,4,5,4,5,4,5,2,4,4,2,3,4,2,3,2,3,3,7,1,1,1,1,2,2,5,3,2,3,4,4,3,4,4,3,3,3,3,4,3,4,4,3,3,4,3,4,4,4,3,3,4,4,3,4,4,4,3,4,2,2,2,2,2,2,2,2,2,1,3,3,3,3,2,3,3,3,2,2,2,3,3,4,2,36,4,1,1,1,40,4500,3000,0,415301,실내디자인건축기사자격증 인테리어 기본교육 실내 인테리어 관심 중요도,디자인학
34879,3,3,4,5,3,3,3,5,2,1,4,6,3,5,4,6,4,6,4,5,3,6,4,6,3,5,4,6,3,5,3,5,4,6,4,6,3,5,2,4,3,5,4,6,3,6,4,5,3,6,3,5,4,5,3,5,4,6,4,6,3,5,4,6,4,6,4,6,3,5,4,5,3,3,4,6,3,4,4,6,2,4,3,5,3,5,3,6,4,3,2,3,3,2,4,3,4,3,2,4,3,10,3,3,1,2,0,4,5,3,4,2,4,3,4,4,3,4,2,3,3,4,4,4,3,2,2,3,4,4,3,3,4,3,3,2,3,4,4,2,4,4,2,2,2,1,1,1,2,2,1,2,2,3,2,3,2,3,7,2,4,8,4,6,8,4,1,58,4,1,1,1,43,5200,3700,0,136002,무선설비기능사 서비스 개발 경제 어려움,영상콘텐츠학
34880,2,3,3,2,2,3,2,3,3,2,3,3,2,3,3,2,2,3,3,3,3,5,3,3,3,3,3,3,2,3,3,3,2,4,2,3,2,3,3,3,3,3,3,5,3,4,2,4,2,4,2,4,2,4,2,4,2,3,2,4,3,3,3,3,3,4,4,6,4,6,4,6,2,4,3,4,3,3,3,2,3,3,3,4,4,4,3,3,4,3,3,4,2,3,3,3,4,3,3,3,4,4,1,2,1,2,0,2,4,4,2,3,3,4,4,4,3,4,5,4,4,3,4,4,4,3,4,3,3,4,3,4,4,3,3,4,5,4,3,3,3,3,1,2,2,2,2,2,2,2,2,2,3,2,2,2,2,7,8,8,5,4,5,6,5,6,1,45,3,1,1,1,40,5000,3000,0,842101,무선설비산업기사 기술 개발 작업 필요성,기계공학
34881,2,3,2,3,3,4,2,3,1,0,3,4,3,4,2,3,2,3,2,3,2,3,3,4,2,3,4,6,3,4,2,3,2,3,2,3,3,4,4,6,3,4,2,3,2,3,2,3,1,0,1,0,3,4,1,0,1,0,1,0,3,4,1,0,1,0,1,0,1,0,1,0,2,3,1,0,2,3,2,3,2,3,3,4,2,3,2,3,4,4,5,4,4,4,4,3,4,2,3,3,3,18,1,1,1,1,1,1,1,4,2,2,5,4,4,3,9,3,3,3,4,2,3,4,3,3,3,2,3,4,3,4,3,5,3,4,4,4,4,3,4,4,2,2,2,2,2,2,2,2,2,1,3,2,2,2,1,5,3,5,3,5,3,5,3,7,1,43,2,2,5,1,50,0,0,3500,307601,안마사 안마할 수있는 자세와 목표 침체 수요 감소,인문계
34882,2,4,3,5,2,5,4,5,1,0,1,0,2,5,4,5,3,5,3,5,2,5,1,0,3,5,4,5,3,5,2,5,2,5,3,5,3,5,3,5,4,4,4,6,4,5,5,6,5,6,4,5,5,5,5,6,5,6,5,6,1,0,3,5,4,5,5,5,5,5,5,5,1,0,4,3,4,3,3,3,4,6,3,3,3,3,3,4,4,4,5,3,3,1,2,5,1,2,2,3,4,3,4,1,2,2,0,7,1,3,3,3,3,3,3,3,9,9,9,3,4,3,3,3,3,3,2,3,2,5,3,4,3,3,4,5,4,5,2,4,4,3,2,2,2,2,2,2,2,2,2,1,3,3,2,2,2,9,9,9,7,9,7,7,2,1,1,41,2,2,6,1,48,0,0,3000,883101,외국 완제 유통 구조 변화 지금 수준 유지,건축설비
34883,3,4,3,4,3,4,4,5,4,5,4,5,4,6,4,5,4,5,4,4,2,3,4,5,3,4,4,5,3,4,4,5,3,4,3,4,4,5,4,5,3,4,3,4,5,6,2,2,3,4,2,4,3,4,1,0,1,0,2,2,3,3,3,5,4,6,4,5,4,5,4,5,4,5,4,6,4,5,4,5,4,5,4,5,4,5,4,5,4,4,4,3,3,3,3,4,3,3,3,3,3,16,5,2,1,2,0,7,4,3,3,2,3,3,3,3,4,3,4,4,3,2,3,3,4,3,3,3,3,2,3,3,4,2,3,4,4,3,4,4,4,3,2,2,2,2,2,2,2,2,2,2,1,2,2,2,1,7,6,6,4,5,7,7,4,3,2,38,4,1,1,1,48,3700,2500,0,232101,보육교사 출산율 하락 아동 감소,유아교육
34884,3,4,4,5,4,5,3,5,3,4,4,5,2,3,3,4,2,3,2,3,2,4,3,4,4,6,3,4,2,4,2,3,4,5,4,5,3,5,4,6,3,4,2,4,2,4,3,4,2,4,3,4,3,4,2,2,3,4,2,2,2,3,1,0,2,2,2,2,2,2,3,3,2,3,4,5,2,3,2,4,3,4,3,4,4,5,4,5,5,4,2,3,5,4,4,3,2,4,4,4,4,17,1,1,1,1,6,6,6,5,5,5,4,4,3,4,9,9,3,4,2,4,4,4,4,3,4,2,3,2,2,5,3,4,4,4,4,4,4,3,3,4,2,2,2,2,2,2,2,2,2,2,3,2,2,2,2,5,4,3,4,4,6,5,6,6,1,63,6,2,5,1,48,0,0,10000,301101,전문의자격증 의사자격증 다양한 환자의 임상사례교육 인구 고령화 갈수록 의료 서비스,의학
34885,4,4,4,5,4,6,4,5,4,5,4,5,4,6,4,6,4,5,4,5,4,5,4,5,4,5,3,4,3,4,4,4,3,4,3,4,4,4,3,4,3,4,4,4,3,4,3,4,4,4,3,4,3,4,2,3,2,2,2,3,3,3,2,2,3,3,4,5,3,4,3,4,4,4,2,2,1,0,1,0,1,0,1,0,1,0,1,0,4,4,4,4,4,4,3,4,4,3,3,3,4,16,5,4,1,1,5,5,5,3,4,4,4,4,4,3,2,4,4,4,3,2,3,4,4,4,5,4,4,4,4,2,3,4,4,4,4,5,4,3,4,5,2,1,2,2,1,2,2,1,2,3,3,2,2,3,1,5,5,5,6,5,5,7,5,4,1,30,4,1,1,1,45,3800,3000,0,411301,일러스트 포토샵 출판기획 교정수업 작업 조직 구성 설계 변화,문학
34886,4,4,3,5,3,4,4,4,4,4,4,4,4,3,4,4,4,3,4,4,4,5,3,5,4,3,4,4,4,4,4,4,4,4,4,5,4,4,4,4,4,4,4,3,4,4,4,3,4,4,4,4,4,4,4,4,4,4,4,4,4,3,3,5,3,2,4,4,4,4,3,5,4,5,4,4,3,5,4,4,4,4,4,3,4,4,3,3,4,3,4,3,4,3,4,4,3,4,3,4,3,3,1,3,1,2,0,3,2,4,3,4,4,4,5,3,4,3,4,4,4,5,4,4,5,4,3,3,4,3,4,3,4,3,3,3,3,5,5,3,3,3,2,2,2,2,2,2,2,2,2,2,2,2,2,2,2,6,7,4,6,7,6,6,7,7,1,38,4,1,1,1,50,3000,2000,0,873101,식육가공 기능사 자동화 설비 도입 로봇 능률,전기공학
34887,3,4,4,3,3,4,3,3,3,4,4,4,3,3,3,3,3,3,4,4,3,4,3,5,4,5,4,5,4,4,4,5,4,4,4,4,3,4,3,4,3,4,3,5,4,6,4,5,4,5,3,5,3,4,1,0,1,0,1,0,4,4,1,0,3,4,3,3,1,0,1,0,3,4,3,3,3,2,2,2,1,0,1,0,4,5,4,5,3,4,3,3,4,3,3,4,3,3,4,4,3,17,3,2,1,2,0,4,5,4,3,4,3,3,3,3,3,4,4,4,3,3,3,3,4,3,3,3,4,3,3,4,4,4,4,4,3,3,4,3,4,4,2,2,2,2,2,2,2,2,2,2,3,2,2,3,1,6,6,7,6,6,7,4,3,7,2,26,4,1,1,1,40,2700,2500,0,232901,사회복지사 생각,사회복지
34888,1,0,1,0,1,0,1,0,2,4,2,3,3,3,3,3,2,4,4,4,3,4,2,4,3,3,3,4,2,5,3,4,1,0,1,0,2,4,3,3,2,5,2,3,1,0,2,4,2,4,2,2,4,4,3,4,4,4,4,4,1,0,3,3,3,4,3,5,3,5,4,5,3,4,5,4,4,4,3,4,5,6,5,4,3,4,2,4,4,4,4,3,3,2,4,4,3,4,4,3,2,3,1,2,2,2,0,5,2,2,3,3,4,3,3,3,3,5,5,3,3,2,2,5,3,3,3,2,2,3,4,5,2,2,2,2,3,4,3,3,4,4,2,2,2,2,2,2,2,2,2,2,3,3,3,3,2,7,8,7,4,3,2,7,4,2,1,26,2,1,1,1,50,2300,2000,0,883101,생산 감소,문과
34889,4,6,4,6,4,6,4,6,4,6,4,6,4,6,4,6,4,6,4,6,4,6,4,6,4,6,4,6,4,6,4,6,5,6,4,6,4,6,5,6,4,6,4,6,4,6,4,6,4,6,4,6,4,6,4,6,4,6,4,6,4,6,4,6,4,6,3,6,3,6,4,6,4,6,4,6,4,6,4,6,2,2,2,2,3,4,2,2,4,4,5,4,5,5,5,4,4,3,3,4,4,18,1,3,2,2,0,3,5,3,3,2,3,3,4,4,4,3,3,4,4,3,4,4,4,3,4,3,4,4,4,3,4,4,3,4,4,4,3,3,4,4,2,2,2,2,2,2,2,2,2,2,2,2,2,2,1,6,6,6,7,7,7,6,6,5,1,48,4,1,1,1,48,7000,2800,0,521101,경기 침체 일자리 감소,일어
34890,3,5,3,4,3,4,4,5,4,5,4,5,4,5,4,5,4,5,4,5,3,5,4,5,4,5,4,5,4,4,3,5,4,5,4,5,4,4,3,5,3,4,3,5,4,5,4,5,4,5,4,5,4,4,3,4,4,5,3,5,3,5,4,5,3,4,4,5,4,5,4,5,3,5,4,4,3,4,3,5,3,5,4,4,3,5,3,5,4,3,3,4,4,3,3,3,3,4,4,3,4,6,1,2,1,1,3,5,5,4,3,3,3,3,4,5,5,4,4,4,4,3,3,4,3,4,3,3,4,3,3,3,2,3,4,4,3,4,4,2,4,3,2,2,2,2,2,2,2,2,2,2,2,3,3,2,2,5,5,6,5,5,5,6,7,6,1,52,4,1,1,1,47,5200,3000,0,140101,건축사 건축설계 침체,건축학
34891,3,4,4,5,1,0,3,4,1,0,1,0,1,0,2,3,2,2,1,0,1,0,1,0,1,0,1,0,2,2,4,4,1,0,1,0,1,0,4,5,2,3,1,0,2,2,1,0,2,2,1,0,1,0,1,0,1,0,1,0,2,2,1,0,1,0,1,0,1,0,1,0,1,0,1,0,1,0,2,1,1,0,2,3,3,3,3,4,2,4,3,2,3,3,3,4,2,2,3,1,3,19,1,2,2,1,2,2,3,2,3,2,4,3,3,2,2,3,4,3,3,3,3,3,3,2,3,5,3,5,3,4,2,1,2,2,4,4,3,2,3,3,2,2,2,2,2,2,2,2,2,3,2,3,3,3,2,7,6,6,3,3,5,4,5,6,2,33,3,1,1,1,40,2600,2000,0,29101,안내접수원 전화교환 훈련 온라인 접수 안내 확인 증가,호텔관광경영학
34892,5,6,4,5,4,5,4,5,4,5,5,6,1,0,5,6,4,6,5,6,4,5,5,6,4,5,5,5,5,6,5,6,4,5,4,5,5,7,5,6,5,6,5,6,5,7,2,3,4,4,4,4,5,6,1,0,5,6,1,0,3,5,4,5,4,5,4,4,3,4,3,4,4,5,4,5,4,5,5,5,1,0,4,4,5,6,5,4,4,4,1,4,4,2,4,4,4,5,4,4,5,17,5,6,1,2,0,6,6,5,4,4,5,4,4,4,4,4,4,4,2,4,4,4,4,3,3,2,5,4,2,5,4,4,5,4,3,5,4,3,4,3,2,2,2,2,2,2,2,2,2,2,4,3,3,3,2,2,4,3,5,3,2,6,3,1,2,58,6,1,1,1,40,11000,8000,0,301110,전문의자격증 인구 고령화 환자 증가,의학
34893,5,6,5,7,5,6,5,6,5,6,5,6,5,6,5,6,5,6,4,6,5,6,5,6,4,6,5,6,5,6,4,6,5,6,5,6,4,5,4,6,5,6,5,6,5,6,5,6,4,6,4,6,5,6,4,6,4,6,4,6,4,5,4,6,4,6,4,6,4,6,4,6,4,5,4,6,4,6,4,5,4,6,4,6,4,4,4,4,3,3,3,3,3,3,3,3,3,4,3,3,3,15,2,5,2,2,0,5,6,3,3,3,5,5,5,3,3,4,4,4,3,3,3,3,3,2,2,2,3,3,4,3,3,3,3,2,2,3,3,3,4,5,2,2,2,2,2,2,2,2,2,2,3,3,3,3,2,2,3,5,5,4,5,2,3,3,1,33,5,1,1,1,48,3800,2800,0,155103,상태 유지,에너지공학
34894,3,4,3,4,3,4,3,4,3,4,2,3,2,3,2,3,2,3,2,3,1,0,2,3,2,3,2,2,2,2,2,2,2,3,2,3,2,2,2,2,2,2,3,4,3,4,3,4,2,2,3,3,2,3,2,3,2,3,2,2,4,5,3,4,3,4,2,3,2,2,2,2,2,2,2,2,2,2,2,3,3,4,2,3,2,3,2,2,2,3,3,3,3,3,3,2,3,3,3,3,3,17,1,3,1,2,0,3,4,3,3,3,3,3,4,3,3,4,4,4,2,3,3,3,4,4,4,2,3,2,4,4,4,4,3,3,4,4,4,4,4,3,2,2,2,2,2,2,2,2,2,1,4,2,2,2,2,8,2,7,3,3,7,2,6,6,2,41,3,1,1,1,40,2800,2000,0,307401,의무기록사 보건의료정보관리사 전반 일자리,보건행정학
34895,3,4,3,4,1,0,3,4,3,4,3,5,3,4,2,2,3,4,3,4,3,4,1,0,3,4,3,4,1,0,3,4,2,2,1,0,1,0,3,4,3,4,3,4,4,5,4,6,3,4,3,4,3,4,4,6,3,4,3,4,3,4,3,4,1,0,3,4,3,4,4,6,2,2,3,4,3,4,2,2,3,4,3,4,3,4,3,4,4,3,3,3,2,3,4,3,3,3,2,4,4,19,1,1,1,2,0,3,1,4,3,3,4,4,4,3,4,4,4,4,2,4,4,4,3,4,2,2,4,3,4,4,4,3,3,3,4,4,4,3,3,4,2,2,2,2,2,2,2,2,2,2,3,2,2,3,2,2,8,3,8,3,8,2,8,3,1,62,2,1,3,2,38,3000,2400,0,822101,판금기능사 기계화 자동화 인원 감소,공고
34896,3,5,3,5,3,5,3,4,4,5,4,5,3,4,3,4,3,4,3,4,3,5,3,5,3,5,3,5,3,5,3,5,3,5,4,5,4,5,3,5,3,5,3,4,4,5,3,5,3,5,3,5,3,5,4,5,4,5,4,6,3,5,3,5,3,5,3,5,3,5,3,5,4,6,4,5,4,5,4,5,4,5,3,5,4,4,3,4,3,3,3,4,4,4,3,4,4,3,3,3,3,13,1,2,1,1,5,6,2,4,3,3,4,3,3,3,4,3,3,3,2,3,2,3,4,3,3,3,2,3,3,4,3,3,4,4,3,3,4,3,3,3,2,2,2,2,2,2,2,2,2,2,2,2,2,3,1,7,7,8,7,7,7,7,6,7,1,38,2,1,1,1,45,4800,4600,0,153106,전기산업기사 전기안전기사 실무교육 시스템 개발,전기
34897,2,2,2,3,2,3,2,2,2,2,2,2,2,3,2,3,2,2,2,2,2,3,2,2,2,3,3,4,2,2,2,2,2,2,2,2,2,2,2,2,2,3,2,2,2,3,2,3,2,2,2,3,2,3,2,3,2,3,2,2,2,2,2,2,2,3,2,2,2,2,3,3,2,2,2,2,2,2,2,3,2,3,2,2,2,3,2,3,3,2,3,3,2,1,2,2,3,3,2,2,2,1,1,1,2,2,0,7,2,3,2,2,4,2,1,3,2,3,3,3,3,2,3,4,3,3,2,3,3,2,2,5,5,4,4,4,5,4,4,4,4,3,2,2,2,2,2,2,2,2,2,2,2,2,2,2,2,6,7,5,5,6,6,4,4,7,2,55,2,2,7,2,40,0,0,7000,904101,인구 감소,상고
34898,1,0,3,4,1,0,3,4,2,2,2,2,2,2,3,4,3,4,2,2,2,2,3,4,3,4,3,4,3,4,3,4,3,4,3,4,1,0,3,4,3,4,4,6,4,6,1,0,1,0,2,2,1,0,1,0,1,0,1,0,4,6,3,4,1,0,1,0,1,0,1,0,3,4,3,4,3,4,3,4,3,4,3,4,3,4,3,4,4,4,3,3,3,2,4,3,2,3,2,4,4,19,4,1,2,2,0,2,2,3,2,2,4,4,4,3,9,9,4,4,2,3,3,4,4,4,3,1,4,2,4,4,4,3,3,3,4,5,4,3,4,3,2,2,2,2,2,2,2,2,2,2,2,2,2,2,1,2,7,2,8,3,9,1,8,2,1,70,2,2,6,1,40,0,0,3000,864301,자동화 설비 인력,문과
34899,2,3,3,3,2,3,2,3,3,2,3,2,4,4,3,3,4,3,4,3,3,3,3,3,4,3,2,2,3,2,2,3,4,3,4,3,2,3,3,3,3,2,4,4,4,4,4,3,4,3,4,3,3,3,3,3,3,2,3,2,2,2,3,2,3,2,3,2,3,2,3,2,3,2,3,2,3,3,3,2,4,4,3,2,4,3,3,3,4,3,3,3,3,3,3,3,3,3,3,3,3,6,4,1,2,1,3,3,2,3,2,2,3,3,2,3,9,9,9,3,3,3,3,4,4,3,4,3,3,3,3,4,3,3,3,3,3,4,4,3,3,3,2,2,2,2,2,2,2,2,2,2,1,2,2,2,2,7,7,7,3,3,3,7,6,5,1,65,2,2,6,1,55,0,0,3500,885201,간판 제작에 필요한 제단 도장 관련업무 인공 지능 로봇 발전,인문
34900,2,3,2,3,2,4,2,3,1,0,1,0,1,0,3,3,2,3,2,3,1,0,1,0,1,0,2,3,2,3,1,0,1,0,1,0,2,3,2,3,3,3,3,4,2,3,4,5,3,4,2,3,1,0,1,0,2,3,2,3,1,0,2,3,3,3,4,5,5,4,4,4,1,0,4,4,5,4,4,5,4,6,3,5,2,3,2,4,4,3,4,3,2,1,3,1,2,2,2,3,5,1,4,1,2,2,0,7,1,2,1,1,4,3,2,3,9,9,9,3,3,3,1,4,4,3,2,4,4,4,2,5,3,3,4,3,3,5,3,3,5,3,2,2,2,2,2,2,2,2,2,1,1,3,3,3,2,3,4,5,5,7,7,5,5,5,1,64,2,2,6,1,48,0,0,2800,902201,동물 사람,인문계
34901,4,5,4,5,2,2,4,6,3,4,3,4,5,6,3,4,5,6,3,4,4,5,2,2,3,3,3,3,1,0,3,3,3,3,1,0,1,0,1,0,1,0,1,0,1,0,1,0,1,0,1,0,1,0,1,0,1,0,1,0,1,0,1,0,1,0,1,0,1,0,1,0,1,0,3,4,3,4,3,4,2,3,4,5,3,4,3,4,4,3,3,2,5,3,1,4,4,4,4,3,3,18,4,1,2,1,4,4,2,4,5,4,5,4,4,2,3,3,5,3,2,5,5,4,3,3,4,3,3,4,3,5,5,4,4,4,5,5,4,4,5,4,2,2,2,2,2,2,2,2,2,1,4,2,2,2,2,7,5,6,5,8,8,5,7,3,2,29,4,1,4,2,40,2500,1300,0,416203,연기훈련 공연 예술 대한 관심 증가,성악
34902,4,5,5,6,3,5,1,0,5,6,1,0,2,3,3,5,4,4,5,5,4,4,1,0,5,6,2,3,5,7,4,6,1,0,4,6,5,5,4,6,4,5,2,3,1,0,1,0,4,5,3,4,4,4,1,0,1,0,1,0,4,6,4,5,3,4,1,0,4,4,4,4,1,0,3,4,1,0,1,0,1,0,1,0,4,6,4,5,2,3,4,2,4,4,3,4,3,2,4,3,5,6,1,4,2,2,0,4,2,2,4,3,4,3,5,1,2,2,1,1,3,4,2,4,3,2,3,5,4,3,1,4,3,2,3,4,3,2,4,3,1,3,1,1,2,2,1,2,1,2,1,3,1,3,1,2,2,7,6,3,7,5,8,8,6,4,1,59,4,1,1,1,40,5700,3000,0,833001,상품 개발 도입 서비스 개발 추진 변화 전산 프로그램 도입 장비 다양성,전기공학
34903,2,3,2,3,3,3,3,4,3,4,3,4,4,4,4,5,4,4,5,6,4,6,4,5,4,5,4,5,4,5,4,5,3,5,4,5,4,5,4,5,4,5,4,6,4,6,2,2,4,6,2,3,5,5,4,5,4,5,3,4,3,4,3,4,3,5,3,4,3,4,3,5,3,4,4,4,3,4,5,6,4,5,4,5,3,4,4,5,3,4,4,3,4,4,3,3,3,4,4,3,3,8,2,5,1,2,0,7,5,3,3,3,4,4,4,3,4,4,4,4,3,3,3,2,3,4,3,3,3,3,3,3,3,3,2,3,4,3,3,3,3,3,2,2,2,2,1,2,2,2,2,2,2,2,2,3,2,7,6,5,4,5,5,6,4,4,1,44,4,1,1,1,42,6700,3800,0,621901,철도신호기능사 신호 체계 자동화 시스템 연구 발달 점차 자동 신호 조절,철도학
34904,4,5,4,5,4,4,4,5,4,5,4,5,3,3,2,2,4,4,3,3,3,3,3,4,3,4,1,0,2,2,3,3,2,3,2,5,2,2,3,3,2,5,3,3,4,4,1,0,3,3,1,0,2,2,3,4,4,5,4,4,3,4,5,4,4,5,4,4,4,4,4,4,1,0,4,5,4,5,5,4,4,4,4,5,3,5,2,4,3,2,2,3,4,2,3,3,2,3,2,2,2,3,1,2,1,2,0,3,3,3,2,2,3,3,2,3,2,3,4,3,4,2,3,3,4,3,4,4,3,2,2,3,2,3,4,4,5,4,5,3,3,4,2,2,2,2,2,2,2,2,2,2,2,3,3,3,2,7,6,5,5,6,5,2,4,4,1,32,3,1,1,1,40,2700,2400,0,816103,기계조립 기능사 인건비 해외 공장 이전,기계공학
34905,4,4,3,5,4,4,3,3,3,4,4,4,3,4,2,3,3,3,3,3,3,4,3,4,2,3,3,4,3,4,3,3,3,4,3,4,3,5,3,4,3,5,3,3,3,5,4,5,3,4,4,4,4,4,3,4,2,4,3,4,3,5,3,3,3,3,3,4,2,4,2,3,3,4,3,5,3,4,3,3,3,3,3,3,2,3,3,3,4,3,4,4,4,3,4,3,4,4,4,3,4,3,1,3,2,2,0,2,4,4,4,3,3,4,4,3,4,3,4,4,3,4,4,3,4,4,3,4,4,4,4,3,4,4,4,3,5,4,4,4,4,3,2,2,2,2,2,2,2,2,2,1,4,3,3,3,2,6,3,5,4,3,6,4,7,5,2,30,3,1,1,1,40,2500,2500,0,415202,경제 여유 제품 개발 선호,산업디자인학
34906,3,4,3,3,3,4,3,4,3,3,2,3,2,2,3,4,2,2,3,4,2,3,1,0,2,3,2,3,2,3,1,0,2,3,2,3,3,4,5,5,3,4,3,3,2,3,1,0,2,3,3,4,1,0,1,0,3,3,2,4,2,3,1,0,2,2,1,0,1,0,1,0,1,0,3,3,3,4,2,3,3,4,3,3,3,5,3,4,3,5,2,3,2,2,3,4,3,3,2,3,5,8,1,2,2,1,3,2,4,4,3,2,2,2,3,3,3,2,3,3,3,2,3,4,4,3,4,3,4,3,4,4,4,3,3,4,4,3,4,3,3,4,2,2,2,2,2,2,2,2,2,1,2,3,2,2,2,8,7,7,6,5,5,8,3,1,2,33,4,1,1,1,40,3000,2600,0,522201,선박 안전 교육 일본 중국 관광객,호텔경영학
34907,3,2,2,2,2,2,2,3,1,0,3,4,2,1,4,3,3,3,3,3,2,1,2,3,3,4,2,3,1,0,3,1,2,2,1,0,3,3,4,1,2,3,3,3,2,2,1,0,1,0,1,0,2,3,2,2,2,3,1,0,2,2,4,4,3,3,2,2,1,0,3,3,1,0,3,4,2,3,3,4,3,3,3,1,3,3,3,2,3,4,3,2,3,1,3,3,3,4,4,3,3,15,2,6,2,2,0,2,2,3,2,3,3,4,3,2,3,3,4,3,2,3,3,3,3,2,3,4,4,4,5,3,4,3,2,3,4,4,3,3,4,4,2,2,2,2,2,2,2,2,2,1,2,2,2,2,2,5,7,6,5,4,4,6,7,6,1,35,4,1,1,1,40,4200,2800,0,621901,점점 컴퓨터 일자리 감소,철도전기제어
34908,4,4,3,3,1,0,2,2,2,3,3,4,3,3,4,4,4,3,3,3,2,3,4,4,2,3,1,0,2,3,2,2,1,0,1,0,1,0,3,3,3,2,2,2,2,2,1,0,1,0,1,0,3,3,1,0,1,0,1,0,1,0,3,3,4,4,3,1,2,2,1,0,1,0,3,4,1,0,1,0,3,3,3,3,3,3,2,3,4,3,2,4,5,2,4,4,2,4,3,3,4,3,1,2,1,2,0,6,4,4,4,3,4,3,4,4,4,5,4,4,4,4,4,4,3,4,4,4,3,4,3,4,4,3,4,5,4,4,4,3,4,3,2,2,2,2,2,2,2,2,2,2,3,3,2,2,2,7,5,4,3,3,4,5,6,7,2,25,3,1,1,1,40,2400,2300,0,871101,제과기능사 제빵기능사 제과점 가게,식품영양학
34909,5,6,5,7,5,7,5,7,3,5,4,7,2,5,3,6,4,6,2,4,3,4,2,5,4,6,3,6,4,6,4,6,4,6,5,7,4,6,4,6,5,6,4,6,4,6,4,6,3,5,3,5,4,6,2,4,3,5,3,5,3,5,2,4,3,5,4,6,4,5,2,6,3,5,3,5,3,6,4,5,4,6,4,6,4,6,3,6,4,4,5,4,4,5,4,4,5,4,4,5,4,10,1,4,2,1,5,5,5,4,5,4,4,5,5,4,5,5,4,4,4,4,5,3,4,4,4,4,4,4,4,4,4,3,4,4,4,4,4,4,4,3,2,2,2,2,2,2,2,2,2,1,3,2,2,2,1,7,8,7,5,4,3,6,4,5,2,36,4,1,3,1,50,3500,3000,0,412002,글쓰는 방법 지금,영어
34910,3,4,4,5,2,3,3,4,4,5,4,4,3,4,4,4,3,3,2,2,3,3,4,5,5,6,4,5,3,5,3,3,2,3,1,0,4,5,4,3,5,4,2,3,1,0,1,0,3,4,1,0,1,0,1,0,5,6,5,7,4,5,4,5,4,5,5,3,4,4,5,6,1,0,3,5,4,4,4,3,3,4,3,4,4,5,3,3,2,3,4,4,3,2,3,2,4,2,5,2,4,19,1,2,1,2,0,5,3,3,3,3,3,4,2,4,3,4,4,4,2,4,4,3,2,3,2,3,4,4,4,3,2,2,3,4,3,3,3,2,4,4,2,2,2,2,2,2,2,2,2,1,3,3,3,3,2,8,7,6,7,7,6,8,7,6,1,43,3,1,1,1,40,4500,2500,0,811201,승강기기능사 건설 경기 크게 변화,기계
34911,3,4,4,5,3,4,5,6,1,0,3,5,4,5,2,4,3,4,1,0,3,5,5,5,5,5,3,4,5,6,4,5,4,6,2,3,5,6,5,5,3,4,1,0,4,5,1,0,2,3,2,5,1,0,1,0,1,0,1,0,2,3,1,0,1,0,1,0,1,0,1,0,1,0,4,5,2,3,2,3,1,0,2,3,2,4,2,4,3,4,3,2,4,2,3,4,4,3,3,4,4,16,5,3,1,1,6,6,5,4,4,3,5,5,5,3,4,5,5,4,3,4,4,4,4,3,2,3,5,5,3,4,4,4,4,4,4,5,5,2,5,5,2,2,2,2,2,2,2,2,2,1,3,2,2,2,1,9,8,7,4,3,2,1,2,5,2,27,4,1,1,1,48,2800,2200,0,232101,보육교사2급자격증 영유아 상담 심리 교육이 필요하다고 생각됨 무상보 육이 일자리,유아교육
34912,3,5,3,5,5,6,4,6,1,0,3,4,5,7,2,3,3,4,1,0,2,3,3,4,3,4,2,3,4,5,3,4,4,6,4,6,2,3,4,6,4,6,4,5,3,3,2,3,1,0,2,3,1,0,1,0,3,4,1,0,3,5,1,0,1,0,2,3,1,0,1,0,2,3,1,0,2,3,1,0,1,0,1,0,2,2,2,2,4,4,3,3,3,4,2,4,3,4,4,3,3,19,1,3,1,2,0,7,5,4,4,3,4,3,3,4,3,3,3,3,2,3,4,3,2,4,4,4,5,5,4,4,3,4,3,4,4,5,4,3,4,4,1,1,1,2,2,2,1,1,2,2,4,3,3,3,1,6,7,6,4,4,3,3,2,5,1,34,4,1,1,1,40,7300,3800,0,12301,GTQ포토샵 컴퓨터그래픽스운용기능사 시스템 도입 광고 홍보 방식 변화 관리자 일자리,언론정보학
34913,2,4,2,3,2,4,3,4,3,4,3,4,4,4,3,4,3,4,4,6,4,6,3,5,4,5,3,4,4,5,4,5,4,5,4,5,3,4,4,5,3,5,4,6,4,5,4,5,4,5,3,3,4,4,4,6,4,5,4,5,3,4,3,4,4,5,4,5,4,5,4,5,4,5,4,5,4,5,3,5,4,4,3,3,4,4,3,4,3,4,2,4,5,3,4,4,3,4,4,3,3,6,1,5,2,1,2,7,5,4,3,3,4,3,4,4,3,2,3,3,3,4,3,4,3,3,2,3,3,3,3,3,4,3,2,3,4,5,4,4,4,4,2,2,2,2,2,2,2,2,2,1,4,3,3,2,1,7,6,4,3,4,5,7,4,5,1,29,4,1,1,1,40,3600,3400,0,140502,교통 흐름 연구 체제 설계 방법 교육 교통 흐름 대한 연구 필요성 증가,도로교통학
34914,5,5,4,4,4,4,4,4,3,3,3,4,4,3,5,4,3,3,2,2,1,0,4,4,3,2,3,3,5,5,5,6,3,4,4,4,5,6,3,3,4,4,5,5,5,5,1,0,1,0,3,2,1,0,1,0,1,0,1,0,2,1,1,0,1,0,1,0,1,0,1,0,1,0,1,0,3,3,4,4,3,1,3,2,5,5,5,4,1,3,3,1,4,3,3,2,1,1,3,3,2,16,5,2,1,1,1,4,5,3,1,1,3,2,2,1,2,3,3,2,4,2,1,3,2,2,2,4,2,4,1,2,3,2,2,2,2,3,3,2,3,3,2,2,2,2,2,2,2,1,2,1,3,2,2,3,1,2,2,8,2,2,8,2,8,5,2,42,4,1,1,1,40,4000,2500,0,212301,특수교육교사 자격증 특수 교육 환견에 적응하려면 스트레스,특수교육학과
34915,1,0,1,0,1,0,2,1,1,0,1,0,1,0,1,0,1,0,2,1,1,0,1,0,4,2,1,0,3,3,1,0,1,0,1,0,3,2,3,3,1,0,1,0,1,0,1,0,1,0,1,0,1,0,1,0,1,0,1,0,1,0,1,0,1,0,1,0,1,0,1,0,1,0,4,2,3,2,1,0,1,0,2,4,2,2,1,0,4,4,5,3,3,2,4,2,4,4,4,3,3,19,4,1,1,2,0,2,3,4,3,3,4,4,2,3,9,9,9,3,2,4,4,2,2,3,3,2,4,4,3,4,4,4,3,4,3,5,2,2,4,2,2,2,2,2,2,2,2,2,2,2,1,3,2,2,2,3,3,7,3,3,6,6,6,3,1,46,1,2,6,1,48,0,0,2500,511101,이용사자격증 미용실 이용 증가 로봇 등장,0
34916,3,3,4,4,3,4,2,3,3,4,3,3,2,2,3,4,4,4,3,3,2,2,3,3,1,0,1,0,2,3,2,2,3,3,3,3,1,0,2,3,2,2,3,3,2,3,1,0,1,0,1,0,1,0,1,0,1,0,1,0,5,4,1,0,1,0,1,0,1,0,1,0,1,0,1,0,1,0,1,0,1,0,1,0,3,3,2,3,2,2,3,3,3,5,4,3,3,3,2,4,2,8,1,2,2,2,0,7,4,4,3,3,4,3,3,3,3,4,4,3,3,2,2,4,4,3,2,3,3,4,3,4,4,3,3,3,3,5,2,4,3,3,2,2,2,2,2,2,2,2,2,2,3,3,2,3,2,6,3,3,7,5,5,4,5,5,2,28,4,1,1,1,40,2600,2400,0,28204,경기 필요 인력,영어영문학
34917,1,0,2,2,1,0,2,3,1,0,1,0,1,0,1,0,2,2,1,0,1,0,1,0,1,0,1,0,1,0,2,2,1,0,1,0,1,0,1,0,1,0,1,0,1,0,1,0,1,0,1,0,1,0,1,0,1,0,1,0,1,0,1,0,1,0,1,0,1,0,1,0,1,0,1,0,1,0,1,0,1,0,1,0,2,2,2,2,3,4,3,2,2,4,2,1,2,1,2,1,2,18,4,1,2,1,3,4,3,3,4,4,4,4,3,3,2,3,4,3,2,4,4,2,2,2,2,4,2,5,2,5,5,3,5,4,3,3,3,3,4,2,2,2,2,2,2,2,2,2,2,1,5,2,2,2,2,7,6,9,3,9,8,7,7,5,2,25,3,1,4,2,16,2000,1200,0,416202,워킹 표정연기 활동 영역,모델학
34918,5,5,4,5,4,5,4,5,4,5,4,5,4,5,4,5,4,5,4,5,4,5,5,6,4,6,4,5,4,5,4,5,5,5,5,5,4,5,5,6,4,5,5,6,4,5,4,5,4,5,5,5,5,5,5,6,4,5,4,5,5,5,5,5,5,5,5,5,4,5,5,5,4,5,4,5,5,4,5,4,4,4,4,4,4,4,4,4,4,3,4,3,4,3,4,4,4,3,4,4,4,6,1,4,1,2,0,7,5,4,3,3,4,4,4,4,3,4,4,3,4,4,3,4,4,3,4,4,4,4,4,4,3,4,3,4,4,4,4,4,4,4,2,2,2,2,2,2,2,2,2,1,3,3,2,3,1,7,3,6,4,5,6,7,4,6,1,39,5,1,1,1,40,3400,3000,0,151102,정밀산업측정기사 건설업 경기 감소 원인,기계공학
34919,3,5,5,7,4,5,5,5,4,7,4,5,4,4,2,6,4,5,4,5,3,4,5,7,5,4,2,3,3,5,3,6,4,5,2,3,5,5,2,3,4,5,3,3,4,6,3,3,1,0,3,6,3,3,2,2,3,4,2,4,3,4,2,3,3,4,2,5,3,4,4,4,2,3,1,0,1,0,3,3,2,3,3,4,2,3,3,3,3,5,3,3,4,4,5,1,3,5,4,2,4,16,5,3,1,1,2,6,5,4,4,4,2,4,4,4,4,4,4,4,2,4,4,4,4,4,4,3,4,3,3,3,4,4,3,4,4,4,4,4,3,4,2,2,2,2,2,2,2,2,2,1,2,3,3,3,1,5,5,5,4,4,4,5,7,7,1,59,4,1,1,1,40,7700,6850,0,13202,초등학교1 2급정교사 학교관리 업무 교육 학생 부족 폐교 증가 현상,교육학
34920,5,5,5,5,4,4,4,6,4,5,4,5,3,4,3,5,4,5,4,4,3,4,5,5,4,5,3,4,3,5,3,5,3,4,2,4,5,5,3,5,3,5,3,5,5,6,2,3,2,4,3,4,2,2,2,3,1,0,1,0,1,0,1,0,1,0,1,0,1,0,1,0,1,0,1,0,1,0,2,3,3,4,3,4,4,4,4,5,4,4,4,3,4,4,4,4,3,4,4,4,4,16,5,4,2,2,0,5,4,4,3,3,4,4,3,3,4,4,4,4,4,3,3,4,4,3,3,1,3,4,4,5,3,3,2,3,3,4,4,3,4,4,2,2,2,2,2,2,2,2,2,2,2,2,2,2,1,3,3,3,4,5,5,4,6,5,2,28,4,1,1,1,45,3000,2500,0,214501,온라인 수업 증가,유아교육학
34921,2,4,3,5,4,3,4,5,4,5,3,5,2,3,3,4,4,5,3,4,2,3,3,4,4,5,3,4,4,4,3,4,4,5,3,4,4,5,2,3,3,4,4,4,4,6,3,3,4,5,4,5,4,6,4,5,4,6,4,6,3,4,2,3,3,4,4,5,4,6,4,6,3,4,4,5,4,5,3,3,3,3,3,4,4,5,3,4,3,2,3,3,3,2,3,2,3,3,3,3,3,15,2,6,1,1,2,4,5,3,2,2,3,3,3,3,3,2,3,3,4,3,2,3,2,2,2,3,3,4,3,4,3,3,3,3,3,3,3,3,3,4,2,2,2,2,2,2,2,2,2,2,1,3,3,3,2,7,7,7,5,5,5,3,5,6,1,36,4,1,1,1,52,4250,2930,0,812301,철도차량정비기능사 실습과정 자동화 일자리 감소,대학교 기계학
34922,2,3,3,3,2,2,3,3,2,2,2,4,3,4,3,4,2,3,2,2,2,2,3,5,2,2,2,3,3,3,2,3,3,4,3,5,3,4,3,4,2,4,2,3,3,3,3,3,3,4,2,3,3,4,3,3,4,4,3,3,2,1,3,4,3,3,3,3,3,3,3,3,2,1,4,5,3,5,3,4,3,4,3,3,3,3,3,1,3,4,3,3,3,2,4,3,4,3,3,3,4,3,4,1,2,2,0,4,3,3,2,2,5,4,3,3,9,9,9,4,1,4,4,4,4,3,4,3,5,3,3,5,4,4,3,3,4,4,3,4,5,4,2,2,2,2,2,2,2,2,2,1,2,3,2,2,2,8,7,6,5,4,4,7,4,3,1,52,2,2,6,1,40,0,0,3800,863201,자동화 일자리 감소,문과
34923,2,3,3,4,2,2,5,5,3,4,2,2,3,3,3,4,4,6,3,4,3,3,3,5,4,5,4,5,4,5,3,4,3,3,3,3,1,0,4,5,4,6,3,4,4,5,1,0,1,0,1,0,3,5,1,0,1,0,1,0,3,4,4,5,3,4,3,4,1,0,1,0,3,3,4,5,4,5,4,4,2,2,3,3,3,4,4,4,4,4,4,4,5,3,4,3,4,4,5,4,3,7,3,2,1,2,0,3,4,4,4,3,3,4,4,4,3,3,4,4,3,3,4,4,3,2,4,2,4,2,2,4,4,4,4,4,5,4,4,3,4,4,2,2,2,2,2,2,2,2,2,2,2,2,2,2,1,6,4,4,5,5,4,5,4,5,1,52,4,1,1,1,40,4800,2700,0,612501,경매사 인터넷 쇼핑 발달 영향,경영학
34924,5,7,5,6,5,6,5,6,5,7,5,5,5,6,5,7,5,6,5,6,4,6,4,5,3,5,4,6,5,7,5,7,5,7,4,6,4,6,5,7,5,6,5,6,5,6,5,7,5,6,5,7,5,5,3,5,5,5,4,4,5,5,4,4,4,6,4,5,4,6,4,4,4,6,4,6,5,7,5,6,3,5,1,0,3,5,1,0,3,3,3,3,4,3,4,4,4,3,3,3,3,15,2,5,2,2,0,2,5,3,3,4,5,4,5,3,3,3,3,3,3,3,3,3,3,3,3,3,3,3,5,3,3,3,3,3,3,3,3,3,3,4,2,2,2,2,2,2,2,2,2,2,3,3,3,3,2,2,3,5,4,6,5,5,4,6,1,63,4,1,1,1,40,7200,3200,0,121104,상태 유지,생명공학
34925,4,5,4,5,3,4,4,5,3,4,4,4,3,4,3,5,4,5,2,2,3,5,3,5,3,3,4,4,3,4,2,3,3,4,3,4,4,5,3,4,3,4,3,4,3,4,2,2,1,0,1,0,1,0,2,2,2,2,1,0,1,0,1,0,2,2,1,0,1,0,1,0,2,2,1,0,1,0,2,2,2,2,2,2,4,5,4,5,4,3,4,4,2,4,2,3,3,2,4,4,3,16,5,2,2,2,0,1,3,4,3,3,3,3,3,4,3,3,3,3,2,3,3,2,3,4,4,3,3,3,3,4,3,3,4,3,2,3,3,3,3,3,2,2,2,2,2,2,2,2,2,2,2,2,2,2,2,4,3,4,3,2,4,3,3,2,2,43,4,1,1,1,40,5200,2500,0,214501,인공 지능 수업 가능,수학
34926,4,5,4,5,4,6,4,5,4,5,4,6,4,5,4,4,5,4,4,5,4,5,4,5,4,6,4,5,5,3,4,5,4,4,4,5,5,5,4,5,4,5,4,5,4,4,3,3,4,5,4,5,4,5,4,5,4,5,3,3,3,4,4,5,3,4,3,5,4,5,3,4,5,4,3,4,2,3,4,5,5,6,3,4,2,3,3,4,4,4,3,3,3,2,4,4,4,5,4,4,4,3,1,6,2,1,4,6,6,4,4,4,4,4,4,5,3,5,5,4,3,4,3,4,4,3,3,3,4,4,4,4,4,4,4,4,4,5,3,4,5,5,2,2,2,2,2,2,2,2,2,2,3,3,3,3,2,8,8,8,8,8,8,8,7,8,1,33,5,1,1,1,40,5000,4150,0,154102,유해화학물질 교육 사람 일이,신소재공학
34927,1,0,1,0,1,0,1,0,1,0,1,0,1,0,1,0,1,0,2,3,1,0,1,0,2,2,1,0,1,0,3,4,1,0,1,0,1,0,1,0,3,3,1,0,1,0,1,0,1,0,1,0,1,0,1,0,2,3,2,2,1,0,1,0,3,3,4,5,4,5,4,5,1,0,3,3,4,5,2,3,3,4,3,4,4,4,3,4,3,2,4,2,2,2,2,2,2,2,2,3,4,6,1,2,1,1,3,7,2,2,2,1,2,2,1,2,9,9,3,3,4,2,2,2,2,2,3,3,4,4,2,5,4,3,3,2,3,4,3,3,4,5,2,2,2,2,2,2,2,2,2,1,3,3,2,2,2,8,8,8,5,3,6,8,2,2,1,54,3,1,1,1,40,5000,2800,0,704001,굴삭기운전자격증 직무교육 건설 계속,기계공학
34928,3,3,4,4,2,2,3,4,1,0,3,4,4,4,3,4,4,4,3,4,2,3,1,0,4,4,3,3,3,4,4,4,2,3,2,2,3,4,2,3,3,3,4,4,2,1,1,0,3,4,2,4,3,3,1,0,4,5,3,4,1,0,1,0,4,5,4,4,4,4,4,4,3,4,3,4,4,4,4,5,4,4,4,4,4,4,3,4,4,4,2,3,3,2,4,4,2,3,3,4,3,5,1,2,2,2,0,5,3,4,3,2,4,4,2,3,2,3,3,3,4,3,3,4,4,5,4,3,2,2,4,4,4,3,2,3,4,5,4,2,4,4,2,2,2,2,2,2,2,2,2,2,3,3,3,3,2,5,5,5,5,7,3,2,3,5,1,48,2,1,1,1,40,4200,2500,0,853201,근무 환경 기피 변화,공고
34929,2,3,3,3,1,0,3,3,1,0,1,0,2,3,1,0,3,3,1,0,2,2,1,0,3,2,3,2,3,3,2,2,3,2,2,2,1,0,2,2,2,2,2,2,2,3,2,2,1,0,1,0,1,0,1,0,1,0,1,0,1,0,1,0,1,0,1,0,2,2,1,0,1,0,2,2,2,2,2,3,3,4,3,4,3,3,3,4,4,4,3,1,1,1,1,5,2,2,2,1,2,18,4,1,2,2,0,5,2,4,4,4,5,4,4,2,9,9,4,3,2,4,3,4,3,4,3,3,4,3,3,4,4,5,5,5,5,4,3,4,4,4,2,2,2,2,2,2,2,2,2,1,3,2,2,2,1,7,4,4,6,4,6,3,4,3,2,42,2,1,4,2,50,2000,1500,0,416201,변화,연극영화
34930,2,3,3,3,3,4,3,3,2,3,4,4,1,0,4,4,2,3,3,3,3,2,1,0,3,4,2,3,2,3,3,2,1,0,2,1,3,2,3,4,2,2,3,3,2,4,3,1,2,3,1,0,3,4,3,3,3,2,2,4,3,4,4,2,3,2,3,3,3,5,2,3,3,3,3,5,2,3,3,3,2,3,3,3,3,2,2,2,3,2,3,2,2,3,3,3,3,2,3,2,3,4,1,2,1,1,2,2,2,3,3,3,4,3,3,4,4,3,5,4,3,4,4,4,2,3,3,4,3,4,3,4,3,3,3,2,4,3,3,4,4,5,2,2,2,2,2,2,2,2,2,2,2,2,2,2,1,7,7,7,5,5,5,6,6,5,1,32,4,1,1,1,40,3300,3000,0,831201,전기기능사 산업기사 안전교육 자동화 증가,전기공학
34931,1,0,1,0,1,0,1,0,1,0,3,4,1,0,1,0,1,0,1,0,3,5,1,0,1,0,1,0,1,0,1,0,1,0,1,0,1,0,1,0,1,0,1,0,1,0,1,0,1,0,1,0,5,7,5,7,3,5,3,5,1,0,5,6,4,5,3,4,3,5,3,5,1,0,1,0,1,0,1,0,1,0,1,0,1,0,1,0,4,4,4,4,4,2,3,3,3,4,3,2,3,13,1,2,2,2,0,7,5,3,3,3,4,4,4,4,4,4,4,4,2,4,4,4,3,2,4,4,3,4,4,4,3,3,2,3,4,5,4,3,4,3,2,2,2,2,2,2,2,2,2,2,2,2,2,2,1,7,7,6,4,3,4,6,4,4,1,41,4,1,1,1,40,4200,2400,0,153102,전체 인구 감소 때문,전자공학
34932,1,0,1,0,1,0,1,0,1,0,1,0,1,0,1,0,1,0,1,0,1,0,1,0,1,0,1,0,1,0,1,0,1,0,1,0,1,0,1,0,1,0,1,0,1,0,1,0,1,0,1,0,1,0,1,0,1,0,1,0,1,0,1,0,1,0,1,0,1,0,1,0,1,0,1,0,1,0,3,5,3,4,3,3,3,4,3,3,3,4,4,3,3,4,3,3,3,2,3,3,4,1,4,1,2,2,0,7,1,2,3,2,4,3,3,2,3,2,3,3,3,3,3,4,3,4,3,3,2,3,3,2,2,2,2,2,2,2,2,2,2,2,2,2,2,2,2,2,2,2,2,2,3,3,3,3,2,8,7,8,7,6,6,8,7,5,1,57,2,2,6,1,52,0,0,4500,902201,현재 상태 유지,문과
34933,4,5,2,3,2,3,3,4,2,3,4,4,1,0,2,4,2,3,1,0,1,0,3,5,4,4,1,0,2,3,1,0,1,0,1,0,4,5,1,0,1,0,3,5,4,5,1,0,1,0,1,0,1,0,1,0,1,0,1,0,2,4,1,0,1,0,1,0,1,0,1,0,1,0,1,0,1,0,1,0,1,0,1,0,2,3,2,3,3,3,4,3,4,4,4,2,4,4,4,3,3,16,5,3,2,2,0,7,6,4,3,3,4,3,3,3,3,3,4,3,2,3,4,4,3,3,4,3,3,3,3,3,3,4,4,5,4,3,4,3,3,4,2,2,2,2,2,2,2,2,2,2,2,2,2,3,1,3,3,6,4,7,5,4,4,7,2,31,5,1,3,2,20,2500,1600,0,211201,대면 수업 비대 수업 관련 일자리 감소,상담심리학
34934,4,6,4,6,3,6,4,5,4,5,4,5,4,5,3,5,4,5,4,5,3,5,4,5,4,4,4,5,4,5,4,5,3,5,4,5,4,5,3,5,3,5,4,4,4,5,3,5,4,5,4,4,4,5,4,5,3,5,3,5,4,4,4,5,3,5,4,5,4,5,4,4,4,5,4,5,4,5,4,5,4,4,4,5,4,5,4,4,4,3,4,4,4,3,4,4,3,4,3,4,4,13,1,5,1,1,4,2,4,4,3,4,4,4,3,4,5,4,4,4,2,3,3,4,3,4,3,3,3,3,3,4,3,4,4,3,4,4,3,3,3,3,2,2,2,2,2,2,2,2,2,2,2,2,2,3,1,8,7,6,6,6,7,7,6,7,1,31,4,1,1,1,40,4700,4500,0,153104,전기기능사 전기안전기술사 전기응용기술사 실무교육 장비 도입,전기공학
34935,1,0,2,3,1,0,2,2,3,4,3,3,1,0,1,0,3,4,1,0,1,0,1,0,4,5,4,5,4,5,4,4,3,3,4,5,5,6,1,0,4,5,4,4,4,5,4,5,4,4,4,4,3,4,4,4,1,0,1,0,1,0,1,0,1,0,1,0,1,0,1,0,1,0,1,0,1,0,1,0,1,0,3,3,1,0,1,0,4,2,3,4,4,4,4,4,4,4,3,3,3,18,1,4,1,1,4,5,4,4,4,4,4,4,4,3,9,3,3,3,1,4,4,3,3,3,3,3,3,3,3,2,3,4,5,4,4,4,4,2,3,4,2,2,2,2,2,2,2,2,2,1,3,2,2,2,1,9,9,7,5,6,5,1,2,3,2,32,4,1,1,1,45,5000,2000,0,420101,스포츠지도사 스포츠 지도 코칭 상황 유지,체육학
34936,3,3,3,3,3,3,3,3,3,3,3,3,3,2,3,2,3,2,3,3,3,3,3,3,3,3,3,2,3,2,3,2,3,3,3,3,3,3,3,3,3,2,3,3,3,2,3,2,3,2,2,1,2,1,3,2,3,1,1,0,4,3,1,0,1,0,1,0,1,0,1,0,1,0,1,0,1,0,1,0,1,0,1,0,1,0,1,0,4,4,3,4,4,4,3,4,3,4,4,4,3,11,1,2,1,1,1,7,5,3,4,3,3,3,3,4,4,3,4,4,3,4,4,3,3,4,3,3,3,4,3,4,5,3,3,5,3,3,3,3,4,3,2,2,2,2,2,2,2,2,2,2,3,3,2,3,1,6,5,5,5,6,5,5,5,5,1,48,4,1,1,1,40,6700,4400,0,32201,증권투자상담사 직무교육 영역,회계학
34937,2,3,3,4,1,0,3,4,2,2,2,1,2,3,3,3,3,4,3,4,2,1,3,4,3,3,4,5,4,5,3,4,2,2,1,0,3,4,4,5,4,5,3,4,4,5,3,4,3,4,3,4,2,2,1,0,1,0,1,0,1,0,3,4,2,2,3,4,3,3,3,4,2,2,1,0,2,2,3,4,2,3,2,2,2,2,2,3,4,3,1,4,2,3,2,4,2,3,4,1,2,9,1,6,2,2,0,4,2,2,4,4,4,5,3,4,9,9,3,4,1,5,4,4,4,4,4,2,4,2,5,4,4,4,4,4,4,4,4,3,4,3,2,2,2,2,2,2,2,2,2,3,3,3,3,3,2,7,8,9,4,7,3,4,4,5,1,48,2,2,5,1,40,0,0,5500,532101,공란,자동차
34938,5,7,5,7,5,7,5,6,5,6,4,5,4,5,4,4,4,5,3,5,3,5,3,5,3,5,3,5,3,5,3,5,3,5,3,5,4,5,3,5,3,5,4,5,4,5,4,5,1,0,1,0,1,0,1,0,1,0,1,0,1,0,1,0,1,0,1,0,1,0,1,0,1,0,1,0,1,0,1,0,1,0,1,0,1,0,1,0,4,4,4,3,4,4,4,2,4,4,4,4,3,16,5,5,2,2,0,6,7,5,5,5,5,5,3,4,5,4,4,4,2,4,4,3,3,4,2,2,3,3,4,4,4,3,4,2,4,4,3,2,3,4,2,2,2,2,2,2,2,2,2,2,2,3,3,3,1,3,3,4,4,3,3,4,3,4,1,60,6,1,1,1,50,8000,4000,0,110101,연구 성과 영역,철학
34939,2,2,5,3,2,2,1,0,2,1,3,3,1,0,3,3,3,3,3,3,4,3,3,4,2,3,4,4,1,0,2,2,1,0,1,0,1,0,1,0,5,3,4,2,2,3,1,0,4,2,2,2,3,2,1,0,5,3,4,3,1,0,3,3,5,4,4,5,5,4,4,4,3,5,1,0,2,4,2,2,1,0,1,0,1,0,2,2,2,3,4,4,3,5,4,3,4,2,3,2,4,3,1,4,1,2,0,2,5,3,3,3,3,4,4,4,4,3,4,4,1,3,3,4,2,2,3,3,3,4,4,4,4,3,3,5,4,4,4,4,5,4,2,2,2,2,2,2,2,2,2,1,3,3,2,2,2,7,6,7,5,6,7,3,4,5,1,32,4,1,1,1,40,4900,4900,0,851101,산업기사 화공기사 침체 중국 경제성장 어려움 당분간 유지,기계
34940,3,4,3,4,4,5,3,4,2,3,4,5,3,4,3,4,3,4,4,5,3,4,4,5,3,4,3,4,2,3,2,3,2,2,3,4,3,5,2,2,3,4,5,6,2,3,3,4,3,4,3,4,4,6,4,6,4,5,2,3,2,3,4,6,3,4,3,4,3,4,3,4,3,5,2,2,2,3,3,4,3,4,3,4,3,4,2,3,5,4,4,4,5,3,4,4,3,4,4,4,4,6,1,4,1,2,0,6,5,4,4,4,4,4,4,3,3,4,4,4,3,4,4,2,3,3,2,5,4,5,2,4,4,5,4,4,4,5,4,4,5,4,2,2,2,2,2,2,2,2,2,2,3,2,2,2,1,2,1,1,2,2,5,2,2,3,1,43,5,1,1,1,40,5200,2600,0,140205,건설안전산업기사 기술사 건설기계산업기사 기술사 변동 직종,건축공학
34941,2,3,3,4,2,2,3,3,2,2,1,0,1,0,3,4,2,3,4,5,1,0,1,0,2,2,1,0,1,0,1,0,1,0,1,0,1,0,1,0,2,2,2,2,4,4,4,4,4,4,3,4,1,0,1,0,2,2,1,0,1,0,1,0,3,4,3,4,3,3,3,4,1,0,2,3,2,2,3,3,2,3,2,2,3,4,2,3,4,3,2,3,3,2,3,2,2,1,4,4,4,6,1,2,1,2,0,2,2,4,3,3,3,4,2,3,9,9,9,3,2,4,4,4,4,2,3,1,4,2,4,5,4,4,2,2,1,5,3,2,4,4,2,2,2,2,2,2,2,2,2,1,3,3,3,3,2,6,8,7,8,5,2,7,4,3,1,52,2,2,5,1,40,0,0,4000,704001,건설기계운전원자격증 건설 시장 계속,공고
34942,2,3,2,3,2,4,2,2,2,3,3,3,1,0,2,2,2,4,1,0,2,2,3,3,2,2,2,2,1,0,1,0,1,0,1,0,2,2,2,3,2,3,2,2,2,2,2,2,2,2,2,2,2,2,2,3,4,6,4,6,3,3,4,5,4,6,4,6,4,6,4,6,3,4,3,3,3,3,2,3,3,4,3,3,3,4,3,4,3,3,2,4,4,2,4,2,4,4,4,4,4,13,1,2,1,2,0,4,5,3,3,3,4,4,4,4,3,3,4,4,2,4,4,4,3,3,4,4,4,4,3,4,3,4,4,4,4,3,3,4,4,5,2,2,2,2,2,2,2,2,2,1,3,3,3,3,2,6,6,4,5,4,4,4,4,5,1,33,4,1,1,1,48,3300,3300,0,153301,전자기사 지금 상황,전자공학
34943,4,6,4,6,4,6,4,6,2,3,3,4,2,3,4,5,3,4,4,6,4,5,4,6,5,7,3,4,3,4,3,4,3,4,2,3,5,7,3,4,3,4,5,7,3,4,2,3,2,3,2,3,3,4,3,4,3,4,2,3,3,4,2,3,2,2,1,0,1,0,1,0,2,2,3,4,3,4,2,3,3,4,3,4,5,7,5,6,3,5,4,4,5,4,5,5,3,5,5,5,4,17,1,2,1,1,6,6,7,4,5,5,5,5,4,4,4,4,3,4,2,5,5,2,2,3,3,5,4,5,2,5,4,5,5,5,5,5,5,3,5,4,2,2,2,2,2,2,2,2,2,2,3,1,1,1,1,3,3,2,2,2,3,4,2,2,2,36,6,1,1,1,40,5500,3500,0,301113,의사 전문의 3년의 전문 훈련이 필요하다 인구 고령화 소득 상승 이유,가정의학
34944,4,4,5,5,3,4,4,4,3,4,3,3,3,4,3,3,5,5,5,5,3,5,3,3,4,4,3,4,4,4,3,4,4,4,3,3,3,4,3,3,5,5,5,4,3,3,2,2,2,2,2,2,2,2,2,3,3,3,1,0,3,6,3,3,3,4,3,4,3,4,3,3,3,3,3,3,4,4,4,4,4,4,4,4,4,4,3,5,4,5,2,3,5,2,5,5,3,4,5,4,5,15,2,2,1,2,0,2,4,4,3,4,4,5,4,3,4,3,5,4,4,3,3,3,3,2,4,3,3,4,2,4,4,5,4,4,3,5,4,4,4,2,2,2,2,2,2,2,2,2,2,1,4,1,1,3,1,6,3,4,4,5,5,6,3,4,1,44,4,1,1,1,40,4500,3000,0,240102,응급구조사2급 화학류관리기사 재난 안전 사고 증가 현장 인력 증원 요구,경찰행정학
34945,2,4,4,5,2,3,2,3,1,0,1,0,4,5,3,4,4,5,1,0,4,5,4,5,4,5,4,5,4,5,3,4,1,0,1,0,3,4,1,0,3,4,3,4,4,5,1,0,3,4,3,5,1,0,1,0,1,0,4,5,1,0,3,4,1,0,3,5,1,0,4,5,3,4,3,4,3,4,4,4,1,0,1,0,3,4,4,5,4,5,2,3,3,3,1,4,2,3,3,4,4,18,1,2,2,2,0,5,5,3,4,3,5,5,4,4,3,4,4,4,3,4,3,3,3,4,3,3,4,3,3,3,4,3,4,4,4,3,3,4,4,2,2,2,2,2,2,2,2,2,2,1,2,2,2,2,1,7,6,5,5,6,4,6,4,3,1,45,2,1,1,1,45,3840,3100,0,414401,일반인 국악 대한 관심,문과
34946,3,4,3,4,2,2,2,3,2,3,1,0,3,2,3,3,2,3,1,0,2,2,1,0,3,5,1,0,3,4,3,4,3,4,1,0,1,0,3,3,2,2,2,3,2,2,1,0,1,0,1,0,1,0,1,0,4,4,3,4,1,0,1,0,3,3,3,3,3,3,3,3,1,0,4,3,4,4,3,3,3,4,3,4,3,4,2,3,2,3,2,2,3,1,2,3,2,2,2,3,4,3,1,2,1,2,0,4,3,3,3,2,4,3,2,3,2,4,4,3,3,4,3,5,4,4,4,1,4,2,1,4,4,5,4,5,4,5,4,5,5,4,2,2,2,2,2,2,2,2,2,2,3,2,2,3,1,3,4,3,5,5,5,6,7,6,1,39,3,1,1,1,45,3400,2400,0,825201,자동차 보수도장기능사 업종 선호 직업 변화,전기전자공학
34947,4,6,4,6,4,5,4,4,3,5,3,5,5,6,3,4,4,4,3,5,3,4,3,6,5,5,3,5,5,5,4,6,5,6,4,5,4,4,5,6,5,5,4,6,5,4,5,5,4,5,3,5,4,4,3,4,4,6,4,4,3,4,5,6,4,4,3,4,3,3,4,6,4,4,3,4,4,4,4,4,3,5,3,4,5,4,3,3,4,3,4,4,5,2,5,3,3,3,5,3,5,7,1,2,1,1,6,6,5,5,5,5,4,5,3,5,5,9,5,5,1,5,5,4,3,3,4,3,4,2,2,4,4,4,4,3,4,4,3,4,5,3,2,2,2,1,1,1,2,1,1,1,2,2,2,2,1,7,7,8,7,7,7,8,7,8,1,62,4,2,5,1,40,0,0,12000,862201,양복기능사 달에 3회 이상 교육 프로그램 이수 구조조정 디자인 개발 조화 국내 생산 저하,디자인
34948,4,6,4,7,4,4,4,6,3,6,4,6,1,0,4,5,4,6,3,3,1,0,3,5,5,6,3,5,2,4,2,4,2,3,2,5,1,0,4,5,4,5,1,0,5,7,1,0,1,0,2,4,2,5,1,0,3,5,2,4,3,5,3,4,3,6,3,4,2,5,3,5,2,4,4,5,4,6,4,5,3,5,4,3,4,4,4,6,4,5,5,5,4,3,4,4,2,4,4,4,3,17,3,4,1,2,0,2,5,4,4,3,5,5,4,4,2,2,4,3,4,3,3,3,3,4,2,4,3,4,4,4,4,5,3,2,4,3,4,4,5,5,2,2,2,2,2,1,2,2,1,1,3,2,2,3,2,5,3,3,7,2,4,6,3,4,1,39,4,1,1,1,40,3800,2500,0,306101,임상병리사 장비 도입 수탁 검사 기관 활용,임상병리학
34949,3,5,4,4,2,3,3,5,2,3,3,5,2,4,2,4,3,4,2,4,3,4,2,4,3,4,3,3,4,5,2,4,3,4,3,4,2,2,4,5,3,5,3,4,4,4,2,2,2,2,2,2,2,3,2,1,1,0,1,0,3,3,2,1,2,2,1,0,1,0,1,0,2,1,2,1,2,2,2,2,2,2,2,2,2,2,2,2,2,3,3,3,3,4,3,3,3,3,3,3,2,6,1,5,1,2,0,2,4,3,2,2,3,3,4,3,3,4,3,3,2,3,3,4,4,2,3,2,3,3,3,4,3,3,2,3,3,3,3,3,4,3,2,2,2,2,2,2,2,2,2,1,3,3,3,3,2,6,4,4,4,4,4,4,3,3,2,45,4,1,1,1,40,4300,2800,0,29401,비서자격증 애플리케이션 개발 단순 업무 담당 비서 감소 전문 비서 수요 증가,비서학
34950,3,3,3,3,2,2,2,1,2,4,2,2,2,2,4,6,3,4,2,2,2,2,3,4,2,2,2,3,2,2,3,3,2,3,2,3,3,3,2,1,3,3,3,3,2,2,2,1,2,2,2,3,3,4,3,4,3,3,3,3,2,2,3,4,3,4,3,4,3,3,3,3,3,3,4,4,3,3,4,5,4,3,3,3,4,6,3,3,4,3,2,3,3,2,3,2,3,2,3,2,2,3,4,1,2,2,0,6,1,3,2,2,3,2,2,3,9,9,9,3,2,4,2,2,3,2,4,3,4,3,3,4,3,3,2,3,3,4,4,3,4,4,2,2,2,2,2,2,2,2,2,3,1,2,2,2,2,8,8,7,3,2,2,6,4,5,1,63,1,2,6,1,48,0,0,3000,823101,기계화 사람,0
34951,2,2,3,3,1,0,2,2,2,2,3,3,2,2,3,3,2,2,2,2,2,2,3,3,2,2,2,2,1,0,1,0,1,0,2,2,2,2,2,3,3,3,2,2,2,2,2,2,2,2,2,2,3,2,3,3,2,2,3,3,2,2,2,3,2,2,2,2,3,3,2,3,2,2,3,3,1,0,2,2,1,0,1,0,2,2,2,2,4,3,3,3,3,4,3,3,3,4,3,3,3,4,2,4,1,2,0,4,5,3,3,4,4,4,4,4,3,3,3,4,3,3,4,3,3,4,4,3,3,3,3,3,4,4,3,3,4,4,3,3,3,3,2,2,2,2,2,2,2,2,2,2,3,1,2,2,1,5,5,4,5,6,6,5,5,6,1,31,4,1,1,1,48,3900,3000,0,153102,산업계측제어기술사 변화,전기공학
34952,4,6,3,6,3,4,4,4,5,5,3,4,2,2,3,3,3,6,2,3,2,2,4,5,4,4,3,4,4,5,3,5,3,5,4,6,3,5,4,6,3,5,3,4,3,4,4,4,3,4,4,4,2,2,1,0,1,0,1,0,3,5,1,0,2,2,1,0,1,0,1,0,3,3,1,0,2,2,2,3,3,4,3,3,3,3,3,4,4,3,3,4,3,3,3,5,5,5,5,5,5,11,1,2,2,2,0,3,5,3,4,3,4,5,3,4,4,4,4,4,2,5,4,4,4,2,3,4,4,3,2,5,2,3,4,3,4,4,3,2,5,5,2,2,2,2,2,2,2,2,2,2,2,3,3,3,2,6,6,3,5,2,3,4,3,4,2,48,4,1,1,1,40,4800,2300,0,32101,인터넷 휴대폰 활성화 점포 은행 점포 폐쇄 증가 일자리,경제학
34953,3,4,2,3,3,4,2,3,3,4,2,3,2,3,2,3,3,4,2,3,2,3,2,3,3,4,2,3,2,3,3,4,2,3,2,3,2,3,3,4,2,3,3,4,2,3,3,4,2,3,2,3,2,3,3,4,2,3,2,3,2,3,3,4,3,4,2,3,2,3,2,3,3,4,2,3,2,3,3,4,2,3,2,3,2,3,3,4,3,4,3,3,3,2,3,2,2,3,4,3,3,3,1,4,2,2,0,4,4,4,3,3,4,4,2,3,4,3,3,3,3,3,3,4,4,3,3,2,3,4,3,4,3,2,3,3,3,4,3,3,4,3,2,2,2,2,2,2,2,2,2,1,3,3,3,3,2,5,5,5,5,5,5,5,5,5,1,38,2,1,1,1,48,3800,2200,0,852201,기계 자동화 증가,전산
34954,4,4,3,4,2,2,3,4,4,4,4,5,3,4,2,2,3,4,3,4,1,0,2,2,2,3,2,2,2,3,3,4,3,4,2,2,3,3,5,3,2,3,3,4,3,4,1,0,3,4,1,0,1,0,1,0,1,0,1,0,1,0,2,2,1,0,3,4,1,0,1,0,3,3,2,2,3,4,2,2,2,3,3,4,3,3,2,2,4,4,3,3,5,2,2,4,3,4,4,4,3,19,1,2,2,2,0,3,4,4,3,3,3,4,2,3,1,3,4,3,2,4,3,3,3,2,3,3,2,3,3,4,5,4,5,4,4,5,4,3,4,3,2,2,2,2,2,2,2,2,2,1,4,2,2,2,2,6,5,4,6,7,2,6,5,6,2,30,4,1,1,1,50,3000,2500,0,512102,현대인 웨딩 수요,국문학
34955,3,2,2,3,1,0,3,2,2,2,2,3,2,2,4,5,3,3,2,2,3,3,1,0,2,3,1,0,1,0,2,2,1,0,1,0,1,0,2,2,2,2,3,2,3,3,1,0,1,0,1,0,3,2,1,0,3,3,5,4,1,0,1,0,2,2,3,4,3,5,3,4,1,0,2,2,3,3,3,3,4,4,3,4,2,2,3,3,2,3,1,2,2,1,3,2,2,2,2,3,3,3,1,2,2,2,0,3,2,3,3,3,3,5,2,3,3,3,4,4,3,4,5,3,4,5,4,5,4,2,2,4,3,3,1,3,4,5,2,2,5,4,2,2,2,2,2,2,2,2,2,2,2,3,3,3,2,8,4,3,2,7,6,2,5,3,1,47,2,1,1,1,40,3700,2400,0,703201,수주 감소 일자리 변화,공고
34956,2,4,3,4,1,0,2,2,1,0,1,0,1,0,2,3,2,4,2,2,2,3,2,3,2,2,2,2,2,3,2,2,2,2,2,3,2,3,2,2,2,2,2,3,2,3,2,3,3,3,2,3,2,2,3,3,2,3,2,3,3,3,3,3,3,3,3,3,3,3,3,3,3,3,3,3,3,3,3,3,3,3,2,2,3,3,2,2,4,4,3,2,1,2,2,2,2,2,3,2,2,3,1,1,2,1,2,2,1,2,2,2,2,2,2,2,2,3,3,2,4,3,3,4,4,4,4,3,4,4,2,4,5,4,4,4,4,4,4,4,4,4,2,2,2,2,2,2,2,2,2,2,2,2,2,2,2,7,8,8,8,8,8,3,3,5,1,37,2,1,3,2,45,2900,1900,0,852401,기계조작 기계 대체,기계공학
34957,2,3,3,3,1,0,1,0,2,3,3,3,3,2,2,2,4,5,3,4,4,5,4,4,3,4,3,3,2,3,3,3,1,0,1,0,1,0,3,4,3,2,3,3,4,3,2,2,2,2,2,2,2,3,1,0,1,0,3,3,3,4,2,4,3,3,3,2,3,2,3,3,2,2,3,3,3,3,3,3,3,5,4,3,4,5,2,3,2,2,2,3,2,2,3,2,2,3,2,3,3,19,1,2,1,1,2,2,4,3,3,3,2,4,3,3,3,4,4,3,4,2,2,2,3,2,3,4,2,4,4,4,2,3,2,3,3,5,3,2,4,3,2,2,1,2,1,1,2,2,2,2,2,2,3,3,1,7,5,6,2,3,5,4,5,5,1,30,3,1,1,1,52,3300,2500,0,842301,방송통신기능사 통신기기기능사 정보통신산업기사 인터넷 서비스 영업 교육 기계 장비 도입 경기 침체,정보통신공학
34958,4,7,4,6,3,4,3,5,5,7,4,5,4,5,3,5,4,5,4,6,4,6,4,6,4,6,3,4,3,3,3,5,3,4,4,6,4,5,3,5,5,7,4,5,4,6,3,4,2,3,3,4,4,6,5,7,3,5,3,5,4,6,3,5,2,3,2,3,2,4,2,4,2,3,2,3,2,2,2,3,2,3,1,0,2,2,2,2,4,4,4,3,4,4,3,2,2,4,4,4,4,3,1,3,1,1,2,6,4,4,4,3,4,4,3,3,3,3,4,3,2,4,3,4,3,2,3,2,4,3,4,4,3,4,4,4,4,4,4,3,4,4,1,1,1,1,1,1,1,1,1,2,2,2,3,3,2,8,8,8,7,7,7,7,7,7,2,31,4,1,3,1,40,3000,2700,0,159104,AUTO CAD 설계프로그램교육 CAD Inventor Solidworks등 개발 기술 고객 요구 프로그램 교육 변활르 개발 개발 소요 인력,환경공학
34959,4,5,5,5,4,5,5,6,1,0,4,6,4,5,1,0,4,5,1,0,1,0,4,6,4,5,5,6,4,4,4,6,4,6,4,6,5,5,3,4,3,4,2,3,4,4,3,5,3,5,4,5,2,5,1,0,1,0,1,0,5,6,2,3,4,5,1,0,1,0,1,0,1,0,1,0,3,2,2,3,1,0,1,0,4,5,5,5,4,4,4,2,2,4,2,4,2,2,1,4,4,13,1,2,2,2,0,3,5,2,1,1,5,4,4,3,4,4,4,4,2,4,4,5,4,4,4,5,4,4,4,5,4,2,2,4,4,4,5,4,4,3,2,2,2,2,2,2,2,2,2,1,2,3,2,2,2,7,5,3,6,3,5,3,6,4,2,40,4,1,1,1,40,4000,2000,0,29303,온라인 조사,통계학
34960,3,5,3,4,1,0,2,3,4,5,4,4,1,0,4,6,4,5,3,5,1,0,3,4,4,6,2,5,1,0,4,5,1,0,1,0,4,5,2,5,5,5,2,3,4,5,2,1,1,0,3,5,3,5,4,5,5,6,4,5,2,4,5,6,5,5,4,5,5,5,5,7,5,5,2,4,5,6,4,4,3,5,2,1,2,3,2,4,2,3,3,4,3,3,2,5,3,4,3,3,4,3,1,2,2,2,0,2,2,3,5,4,3,5,4,2,2,5,4,4,2,5,4,3,4,2,2,3,4,3,5,2,4,3,4,4,3,5,5,2,3,4,2,2,2,2,2,2,2,2,2,2,3,3,3,3,2,8,4,6,4,3,6,7,5,6,1,50,3,1,1,1,48,3500,2800,0,851201,상업 발달 기초 산업 베이스 제품 변동,화학
34961,4,4,4,5,4,6,4,5,4,5,4,5,4,4,4,4,4,5,4,5,3,5,4,6,4,4,4,5,4,5,4,5,3,5,4,5,4,4,4,5,4,5,4,4,4,5,3,5,4,5,3,5,3,5,4,4,4,5,3,5,4,4,4,5,3,5,4,5,4,5,4,5,4,4,4,4,4,5,4,5,3,5,3,5,4,4,4,4,4,4,3,4,4,3,4,4,3,4,3,4,4,17,1,1,1,1,6,6,5,3,3,3,4,4,4,4,3,3,3,3,3,3,3,4,4,3,3,2,4,3,4,3,3,3,3,3,3,4,4,2,4,4,2,2,2,2,2,2,2,2,2,1,4,3,3,3,2,3,3,2,3,4,4,4,4,5,1,37,5,2,5,1,45,0,0,21000,301107,의사 면허증 전공의 자격증 레지던트 대체 정신질환 대체 사람 마음 사람 치료,정신건강의학
34962,2,2,2,2,1,0,2,2,1,0,2,2,2,2,3,3,2,3,2,2,3,3,1,0,2,3,1,0,3,4,2,2,2,2,1,0,2,3,2,2,2,3,2,2,3,4,1,0,2,2,1,0,2,3,3,3,5,4,5,3,1,0,4,3,4,2,3,4,5,3,5,4,2,2,4,3,3,4,2,2,3,3,4,4,3,3,4,4,3,2,2,2,3,1,1,3,2,3,2,4,2,19,1,1,1,2,0,1,2,4,3,3,3,3,2,3,4,4,3,4,2,4,3,3,3,4,2,4,3,5,4,4,3,5,3,4,4,4,5,3,5,4,2,2,2,2,2,2,2,2,2,2,3,3,3,3,2,5,7,4,5,7,4,7,3,5,1,51,2,1,1,1,52,3700,2400,0,822101,판금기능사 제조업 침체 당분간 일자리,공고
34963,3,4,4,4,4,4,4,5,4,5,4,5,1,0,1,0,1,0,1,0,1,0,1,0,1,0,1,0,4,5,1,0,4,5,5,6,1,0,4,5,4,4,4,5,4,5,5,5,4,5,1,0,1,0,1,0,1,0,1,0,3,4,1,0,1,0,1,0,1,0,1,0,1,0,1,0,1,0,1,0,1,0,1,0,1,0,1,0,5,4,5,2,4,4,2,3,3,4,4,4,5,7,1,2,2,2,0,7,5,3,1,1,4,4,2,3,9,3,4,3,3,3,2,4,4,4,5,4,5,3,4,3,4,4,3,4,3,5,4,3,4,3,2,2,2,2,2,2,2,2,2,1,2,2,2,2,2,9,8,8,2,2,8,8,6,5,1,41,4,2,5,1,48,0,0,6000,612301,업체,철학
34964,1,0,1,0,1,0,1,0,1,0,1,0,1,0,1,0,2,2,1,0,1,0,1,0,1,0,1,0,1,0,1,0,1,0,1,0,1,0,3,3,2,3,3,3,1,0,1,0,1,0,1,0,1,0,1,0,1,0,1,0,1,0,1,0,4,5,1,0,1,0,5,7,1,0,1,0,1,0,1,0,1,0,1,0,2,2,2,2,1,2,3,3,2,3,2,2,2,2,1,2,2,5,1,2,1,2,0,7,2,3,1,2,4,3,3,4,3,3,4,3,3,2,2,5,4,4,4,5,4,4,4,4,5,4,4,4,4,5,4,4,4,5,2,2,2,2,2,2,2,2,2,3,1,3,3,3,2,5,5,5,4,5,4,5,4,5,1,50,2,1,1,1,58,4000,2800,0,853201,폐기물처리 산업기사 대기환경 산업기사 자동화 시스템 사람 간접 인수 부분,기계
34965,2,2,2,3,2,2,2,3,2,3,2,3,2,2,2,3,2,2,1,0,2,2,3,4,2,2,3,4,2,3,3,3,2,3,2,3,3,4,2,3,2,2,3,4,3,3,2,2,2,3,3,4,2,3,2,2,2,3,1,0,2,2,3,3,2,3,2,2,3,4,2,2,1,0,3,4,2,3,2,2,2,2,2,2,3,3,2,2,4,3,4,3,3,3,2,3,3,2,4,2,2,3,1,2,2,2,0,4,1,3,2,2,3,4,3,3,3,4,3,3,3,3,4,3,2,3,4,3,2,3,3,3,3,3,2,2,3,4,3,4,4,4,2,2,2,2,2,2,2,2,2,2,2,2,2,3,2,6,7,6,4,4,5,5,4,4,1,44,3,1,1,1,40,3300,1800,0,862301,유아 단체 회사,산업디자인
34966,4,4,4,5,4,5,2,4,5,6,5,5,4,6,4,6,2,4,2,5,4,5,4,5,3,4,2,5,2,4,2,4,1,0,2,5,4,6,1,0,5,6,3,4,2,4,3,6,2,5,3,4,4,6,5,5,4,6,4,6,4,6,2,4,3,5,3,5,4,5,3,6,2,4,3,4,2,3,1,0,3,4,1,0,2,3,1,0,5,4,3,4,5,3,5,4,3,4,4,5,4,13,1,3,2,2,0,5,5,5,4,4,5,5,3,3,3,4,4,4,2,4,3,5,4,3,4,3,3,2,4,5,4,4,3,2,3,5,3,3,5,5,1,1,1,1,1,1,2,2,2,1,4,3,3,3,1,7,3,3,3,1,3,6,6,3,1,40,4,1,1,1,42,5000,3500,0,151201,시대 다변 자동화 시대,전자공학
34967,4,5,3,4,4,5,3,4,4,6,5,7,5,7,4,5,5,7,5,7,4,5,4,5,4,5,3,4,4,5,4,6,3,4,2,3,3,4,4,6,5,7,4,6,2,3,3,4,4,5,4,5,5,7,5,7,3,4,4,5,3,4,4,5,3,4,2,3,3,4,2,3,2,2,3,4,2,2,1,0,2,2,1,0,2,3,2,3,4,4,4,4,5,3,3,4,2,3,3,3,4,6,1,2,1,2,0,6,5,3,4,3,4,4,4,4,9,9,5,4,2,3,3,2,3,4,4,3,4,4,5,4,4,3,5,4,5,4,5,4,5,5,1,1,1,1,1,1,2,2,2,3,2,3,2,2,2,4,5,3,2,4,5,5,7,7,1,37,4,1,1,1,40,4000,2500,0,140101,건축사 발달 변화 시장 상황 악화 일자리,건축
34968,3,3,2,4,3,3,3,3,2,2,3,4,3,3,4,4,3,3,3,3,2,3,2,2,3,3,4,4,3,2,3,3,2,2,1,0,3,2,4,3,1,0,2,3,2,2,3,1,2,2,1,0,2,2,3,3,3,2,1,0,1,0,2,2,2,3,3,3,3,4,1,0,1,0,4,4,3,3,3,3,4,4,3,3,4,3,3,2,3,2,3,4,3,2,3,3,2,3,3,2,3,1,3,2,2,1,1,4,2,2,2,2,4,3,4,4,4,3,3,4,3,4,3,3,3,2,2,4,3,3,3,3,3,2,2,4,3,3,4,4,4,5,2,2,2,2,2,2,2,2,2,2,2,3,3,3,2,7,8,8,7,7,5,7,5,4,1,60,2,2,5,1,40,0,0,3100,901101,농업교육 농업 기계화 자동화 가속,문과
34969,3,4,4,3,3,4,4,4,3,2,2,2,1,0,3,3,4,4,1,0,1,0,4,4,3,3,4,3,3,4,2,3,3,3,1,0,4,4,1,0,3,3,1,0,3,2,1,0,1,0,1,0,1,0,1,0,1,0,1,0,3,4,1,0,1,0,1,0,1,0,1,0,1,0,1,0,1,0,1,0,3,1,1,0,3,3,2,1,3,4,2,4,4,3,5,3,3,3,4,3,4,16,5,3,1,1,2,7,5,4,4,4,5,4,4,3,3,3,4,3,1,3,3,4,3,3,3,4,3,3,3,3,3,2,2,3,4,4,3,3,4,3,2,2,2,2,2,2,2,2,2,2,3,3,3,3,1,5,4,5,4,3,4,5,6,6,2,54,4,1,1,1,40,3700,2000,0,212201,초등교사 자격증 한국사 자격증 적성 교육 아동 교육법 출산율 저하 인공 지능 발달 인터넷 원격 강의 도입 초등학교 선생님 예상,국어
34970,2,2,2,2,1,0,3,4,3,5,3,4,3,5,3,4,3,5,3,5,3,5,3,4,3,4,3,4,4,5,3,4,3,5,3,4,3,4,3,4,3,4,3,4,3,5,3,4,3,4,3,5,3,4,3,4,3,4,3,5,3,4,3,4,3,4,4,5,4,5,4,5,3,4,3,4,3,4,3,4,3,4,3,4,3,4,3,4,3,3,3,4,4,4,3,3,3,3,3,3,4,6,1,5,1,1,4,2,3,3,3,3,4,4,4,4,3,3,3,3,2,3,3,3,3,3,4,3,4,3,3,3,3,3,3,3,3,3,3,3,4,3,2,2,1,1,1,1,1,2,2,1,3,2,3,2,2,5,5,6,6,6,5,6,5,6,1,44,2,1,3,1,52,5000,2000,0,811301,중장비 크레인점검 수리방법 자동화 설비 기계 업무 한계,공업
34971,4,5,4,5,4,5,2,2,5,6,4,5,4,5,4,5,4,5,1,0,4,5,3,4,4,5,4,5,4,5,3,4,4,5,4,5,4,5,4,5,3,4,5,6,4,6,2,4,1,0,3,3,3,3,1,0,3,3,2,2,2,3,3,3,3,3,3,4,1,0,1,0,5,6,4,5,4,4,4,3,2,1,1,0,3,3,2,2,3,4,4,4,5,4,3,3,2,4,4,4,4,11,1,5,2,2,0,7,5,4,5,4,3,4,2,3,4,4,4,4,2,4,5,2,3,4,4,3,3,4,4,3,4,3,2,4,4,5,2,4,4,4,2,2,2,2,1,1,2,2,2,1,4,2,2,2,1,8,4,3,2,4,4,7,3,4,1,36,4,1,1,1,43,5500,4000,0,31102,코로나 신용 평가 기준 변경 기업 평가 요소 다각 화로 전문성 증가,경영학
34972,2,2,2,2,2,2,4,5,4,6,4,6,4,5,4,6,4,6,5,6,5,6,4,6,4,6,4,6,4,6,4,5,2,2,2,3,3,4,4,6,4,6,3,4,2,2,3,4,4,5,2,2,4,6,4,5,4,6,5,6,2,2,4,6,4,6,5,6,5,6,4,6,4,6,4,5,4,5,4,6,4,6,4,6,4,6,4,6,4,5,4,5,5,4,4,5,3,4,4,2,4,17,3,3,1,1,3,2,5,4,5,4,4,4,3,4,5,5,4,4,4,4,4,4,5,4,4,4,4,4,4,4,4,5,4,4,4,5,4,4,4,4,2,2,2,2,2,2,2,2,2,1,3,2,2,2,2,5,5,4,6,5,5,5,4,6,1,42,4,1,1,1,40,4200,2800,0,705902,잠수기능사 스킨스쿠버 잠수 실무교육 상황 유지,토목학
34973,3,5,4,6,2,3,5,6,3,4,4,5,3,5,3,5,3,5,3,5,2,3,2,3,3,5,3,5,3,5,3,5,2,3,2,3,3,5,3,5,3,5,2,3,3,5,3,5,2,3,3,5,2,3,3,5,3,5,2,3,2,3,2,3,3,5,3,5,3,5,2,3,3,5,3,5,2,3,2,3,3,5,2,3,3,5,2,3,4,4,4,4,4,4,4,4,3,3,4,3,4,17,1,1,1,1,4,4,5,3,4,4,4,4,3,3,4,4,4,4,2,4,4,4,3,3,3,2,3,4,4,3,4,3,3,3,4,3,3,3,4,4,2,2,2,2,2,2,2,2,2,1,4,1,1,1,2,2,2,3,3,4,3,7,3,6,2,46,4,1,1,1,52,8400,6300,0,302001,수의사면허증 수의학 연구 반려 인구 증가 동물 고령화,수의학
34974,2,2,2,2,1,0,1,0,1,0,3,3,3,3,2,3,4,4,3,3,3,3,4,5,4,5,4,5,4,4,4,5,4,5,4,4,4,5,4,4,4,4,4,5,4,5,4,5,4,4,4,4,3,3,4,5,4,5,4,5,1,0,4,5,4,5,4,4,3,4,4,5,4,5,4,5,4,4,4,5,3,4,1,0,1,0,1,0,4,2,3,4,4,3,4,4,4,4,4,2,2,3,1,2,1,1,4,5,3,3,3,3,4,4,3,3,3,3,3,3,3,3,3,3,4,3,4,4,4,4,4,3,3,3,3,2,2,4,3,2,3,4,2,2,2,2,2,2,2,2,2,3,3,2,2,2,1,8,8,8,7,8,7,4,4,4,1,30,2,1,1,1,45,4000,3200,0,823301,주조산업기사 주물주로 실무 상황 유지,공업
34975,3,4,4,5,3,3,2,4,3,4,4,4,2,3,2,3,3,4,2,4,2,4,3,4,2,4,3,5,2,3,4,5,3,5,3,4,3,4,3,3,4,5,4,5,3,5,2,3,2,2,2,3,4,4,4,5,4,5,4,5,3,3,4,5,2,4,4,5,4,6,4,5,3,4,4,5,4,4,4,5,2,3,3,4,3,4,3,4,4,3,3,3,4,3,3,3,4,4,4,3,3,6,1,2,1,1,1,5,4,4,5,4,4,4,4,4,5,5,4,4,4,3,3,4,3,3,4,3,3,3,3,4,3,4,4,3,3,4,3,3,3,3,1,1,1,2,2,1,1,2,2,3,2,2,2,2,1,6,5,4,6,7,6,6,6,6,1,47,4,1,1,1,40,5000,3000,0,833001,토목기사 건축기사 건설안전기사 건설관련 자격증 취득 과정 기계 도입 기계 대한 재교육 기계 도입 인력 대체 일자리 감소,물리학
34976,1,0,1,0,1,0,1,0,1,0,1,0,1,0,1,0,1,0,1,0,1,0,3,4,1,0,1,0,1,0,1,0,1,0,1,0,1,0,1,0,2,2,2,2,2,2,2,2,2,2,1,0,1,0,1,0,2,2,1,0,1,0,1,0,2,3,2,2,1,0,2,2,1,0,1,0,3,4,1,0,5,6,1,0,1,0,1,0,4,3,4,3,4,2,4,3,3,3,2,3,3,1,4,1,2,2,0,7,2,3,2,3,4,3,3,3,2,3,3,2,2,4,3,3,2,3,4,3,2,3,3,2,3,2,3,2,4,3,4,4,3,3,2,2,2,2,2,2,2,2,2,2,3,3,3,3,2,7,8,6,7,7,6,7,6,7,1,55,2,2,6,1,50,0,0,4000,901101,변화,문과
34977,3,4,3,3,3,3,3,4,2,3,3,4,2,2,3,3,3,4,4,4,4,5,4,5,3,5,4,5,4,4,3,4,3,4,3,3,4,5,3,4,3,4,4,4,4,5,2,2,2,2,4,5,3,4,2,2,2,2,1,0,1,0,3,3,2,2,2,3,2,3,2,2,3,3,2,2,2,2,2,6,2,2,2,2,3,3,2,3,4,3,2,4,3,2,3,2,3,3,4,3,3,16,5,3,1,2,0,5,5,4,4,4,4,4,3,4,9,9,9,4,2,4,4,2,3,3,3,4,2,4,2,4,4,4,4,4,4,4,3,2,4,4,2,2,2,2,2,2,2,2,2,1,3,3,3,3,2,6,6,5,4,4,4,5,4,4,1,42,4,1,3,2,45,5000,4000,0,420101,전문스포츠 지도사 경기지도사 1급 야구 대표 스포츠,체육학
34978,2,3,4,3,3,2,4,5,1,0,2,2,3,3,2,2,2,2,3,3,2,2,2,3,2,1,2,3,3,3,2,3,2,2,2,2,2,3,3,3,2,2,2,3,3,3,3,4,3,4,3,4,2,3,2,1,2,2,3,3,2,3,3,3,2,3,2,2,3,3,2,3,3,3,2,2,2,3,2,2,2,2,2,2,3,3,2,2,4,3,3,3,4,4,5,3,3,3,4,4,4,8,2,6,1,1,3,1,2,3,2,3,5,4,4,3,1,3,3,2,1,4,3,5,4,3,2,1,5,5,3,5,2,2,2,2,2,5,3,3,5,4,2,2,2,2,2,2,2,2,2,2,3,3,3,3,1,5,5,5,5,5,5,6,5,6,1,55,3,1,1,1,40,6000,2800,0,812301,철도차량 산업기사 지게차 운전기능사 워드프로세서 실무실습 정비 장비 발달 인력,관광영어통역
34979,4,4,3,4,2,2,2,2,1,0,2,2,3,4,2,3,4,5,2,3,1,0,3,3,4,5,1,0,3,3,2,3,2,2,2,3,3,4,2,2,2,2,3,4,3,4,1,0,1,0,2,3,1,0,1,0,1,0,1,0,1,0,1,0,1,0,1,0,1,0,1,0,1,0,1,0,1,0,1,0,1,0,1,0,4,5,5,7,2,4,3,2,4,2,1,5,3,3,3,4,4,16,5,4,2,2,0,4,6,4,3,3,4,5,4,1,3,4,4,3,2,4,5,4,4,5,4,4,5,5,3,5,5,5,4,4,4,5,5,4,5,5,2,1,1,2,2,2,2,2,2,2,2,3,3,3,1,9,9,9,9,9,9,9,8,8,1,40,5,1,3,2,30,7000,3000,0,414602,발전 때문 사회 문화 배려 수준 저하,성악
34980,5,5,4,4,4,3,4,4,4,4,4,4,3,4,3,5,4,3,4,4,3,4,3,4,4,4,3,4,4,3,3,4,4,3,4,4,4,5,4,4,4,3,3,4,2,3,2,2,4,4,3,4,3,4,3,4,3,4,3,3,3,5,2,3,2,3,1,0,4,4,3,4,3,4,2,4,3,4,5,4,2,6,3,4,4,4,3,2,4,4,1,3,3,2,4,3,2,3,2,4,1,15,2,3,1,2,0,2,2,4,3,4,4,4,3,3,4,4,5,4,2,5,5,5,4,5,5,1,4,4,1,3,3,4,4,4,4,5,4,4,4,4,2,2,2,2,2,2,2,2,2,2,3,3,3,3,2,8,1,5,5,2,6,8,2,6,1,35,4,1,1,1,45,2900,2700,0,25201,공무원 자격증 역량 지속 증가,사회학
34981,2,4,3,4,1,0,3,4,1,0,1,0,1,0,1,0,1,0,1,0,1,0,1,0,1,0,1,0,1,0,1,0,1,0,1,0,1,0,4,4,4,5,1,0,1,0,1,0,3,4,1,0,3,3,1,0,3,4,1,0,1,0,1,0,1,0,3,5,4,5,4,4,1,0,3,5,3,5,1,0,3,5,2,4,3,5,3,5,2,4,5,3,4,3,4,2,3,3,3,3,4,19,2,2,1,2,0,2,2,3,2,2,4,3,3,4,2,4,4,4,4,4,4,2,3,3,2,3,2,4,3,3,2,2,3,3,4,5,3,3,5,5,2,2,2,2,2,2,2,2,2,1,2,2,2,3,2,6,4,3,6,7,5,4,5,6,1,47,2,1,1,1,48,3600,2400,0,811901,농기계정비기능사 농업 산업 감소,기계
34982,2,2,4,2,2,2,2,2,3,3,2,2,1,0,3,4,3,3,2,3,1,0,1,0,2,2,1,0,4,3,2,3,1,0,2,2,1,0,3,3,2,2,2,2,3,2,2,2,1,0,1,0,1,0,1,0,1,0,1,0,1,0,1,0,1,0,1,0,1,0,1,0,1,0,3,3,3,3,2,2,2,2,3,4,3,4,4,4,4,2,4,1,2,1,3,2,3,2,2,2,3,19,1,1,2,2,0,7,1,2,1,2,4,2,3,3,9,9,9,3,2,4,3,4,4,4,4,2,3,4,2,4,4,4,3,3,4,4,4,3,5,3,2,2,1,2,2,2,2,2,2,3,2,2,2,2,2,6,6,6,4,4,5,5,6,6,1,65,1,2,5,1,52,0,0,2200,562301,자동차 단기 자동차 단기 기계화,0
34983,4,6,4,6,4,5,3,3,4,6,3,3,1,0,3,3,3,3,2,1,1,0,3,4,3,3,3,5,3,1,2,1,1,0,1,0,3,5,2,1,4,5,1,0,3,2,1,0,1,0,4,5,5,7,3,2,4,6,1,0,4,5,5,7,5,5,5,7,5,5,5,6,3,3,3,5,5,5,2,1,3,2,3,3,4,5,3,2,4,2,4,2,2,2,3,2,2,4,2,3,3,13,1,2,1,2,0,6,5,2,2,2,3,4,2,3,3,3,3,3,3,4,3,2,2,2,4,4,3,4,2,4,2,2,3,3,4,4,3,3,4,4,2,2,2,2,2,2,2,2,2,1,3,3,3,3,2,2,2,5,5,7,7,5,3,3,1,45,4,1,1,1,40,4500,4300,0,153301,전자기기 기능사 전자제품 성능 체크 이기 기계 대신,전기공학
34984,4,5,5,6,2,2,3,4,2,2,2,3,3,5,3,3,5,6,3,5,4,4,3,5,5,6,3,5,5,5,3,5,2,2,1,0,1,0,3,5,4,4,4,4,2,3,1,0,1,0,1,0,1,0,1,0,1,0,1,0,2,4,1,0,1,0,1,0,1,0,1,0,2,3,3,3,1,0,4,5,1,0,2,4,4,6,4,5,4,3,4,3,3,3,4,4,3,4,3,3,3,10,1,2,2,2,0,7,4,3,3,3,4,3,3,3,3,3,4,3,3,4,4,3,4,4,4,3,4,4,3,4,5,4,3,3,4,4,4,4,4,3,2,2,2,2,2,2,2,2,2,1,4,2,2,2,1,6,5,5,4,3,4,6,7,5,2,40,5,1,1,1,40,3300,2700,0,411202,글로벌화 필요성 대두,영어영문학
34985,3,4,3,5,3,5,3,4,3,4,4,5,2,4,2,3,3,4,2,4,2,4,2,4,2,3,2,3,3,4,2,4,3,4,3,2,2,3,2,3,2,4,2,4,3,4,2,3,2,2,2,2,2,1,1,0,1,0,1,0,3,4,1,0,2,2,1,0,1,0,1,0,2,1,2,1,2,2,2,2,2,2,2,2,2,4,2,2,3,3,3,3,3,4,4,2,3,3,3,4,3,15,2,2,1,2,0,3,5,3,3,3,4,3,3,3,3,4,4,4,2,4,3,4,4,3,4,2,3,2,4,4,4,4,3,3,4,4,3,3,4,4,2,2,2,2,2,2,2,2,2,2,3,1,3,3,2,5,4,4,4,4,4,5,4,5,2,26,4,1,1,1,40,3300,3000,0,25401,컴활1급 현재 인구 비숫 유지,행정학
34986,2,2,3,4,1,0,2,2,1,0,1,0,1,0,3,1,2,2,1,0,1,0,2,2,3,4,2,3,2,3,3,3,2,3,3,3,3,4,2,3,2,3,3,3,2,3,2,3,3,3,2,3,2,3,3,3,2,2,2,1,1,0,2,2,1,0,3,2,2,1,1,0,2,2,3,4,3,2,1,0,3,4,2,2,2,2,2,1,4,3,2,2,3,4,3,4,2,3,2,3,4,6,1,2,2,2,0,7,2,3,4,2,3,4,3,3,2,2,4,3,2,2,3,3,2,3,4,3,2,3,3,2,2,3,4,3,2,4,3,2,3,3,2,2,2,2,2,2,2,2,2,2,3,2,2,3,1,7,4,3,5,5,6,4,3,5,2,35,4,1,1,1,45,3000,2400,0,702401,사람,문과
34987,4,6,4,4,4,4,3,4,4,5,4,5,4,5,3,4,3,3,4,5,3,4,3,4,4,4,3,4,3,4,4,5,3,4,3,4,4,5,3,4,4,4,4,4,4,4,4,4,4,4,4,5,4,4,4,5,4,5,4,5,4,4,4,4,4,5,4,5,4,5,4,5,4,5,4,5,4,5,4,5,4,5,4,5,4,4,4,4,4,4,3,4,4,4,4,4,4,3,3,4,4,4,1,4,1,2,0,2,5,3,3,3,4,4,4,5,4,4,5,5,4,4,4,4,3,4,4,3,3,3,4,4,5,4,5,5,4,4,4,4,4,4,2,2,2,2,2,2,2,2,2,2,2,2,3,2,2,8,7,8,7,7,7,7,7,7,1,47,4,1,1,1,40,5500,2300,0,153101,전기기사 자동화,전자공학
34988,4,5,4,5,2,4,4,5,2,3,3,5,2,2,2,4,4,5,4,5,4,6,4,6,4,5,4,6,5,6,4,6,4,5,4,6,3,4,4,5,4,5,4,6,2,4,2,2,2,2,3,5,4,5,2,3,2,3,2,3,2,3,2,3,2,4,2,4,2,3,2,3,2,3,2,3,2,3,3,5,5,6,2,3,2,5,2,5,4,4,2,2,4,2,4,4,2,2,4,4,4,15,2,4,1,2,0,7,5,4,4,4,4,4,4,3,5,4,5,5,4,4,4,5,5,4,4,4,4,4,5,5,4,4,4,5,5,4,4,4,4,4,2,2,2,2,2,2,2,2,2,1,3,3,3,3,2,8,8,8,7,4,4,4,6,7,1,48,4,1,1,1,45,4800,2600,0,240101,경찰공무원 치안 필요,경영학과
34989,2,2,4,5,2,2,3,4,2,3,1,0,1,0,3,4,3,4,3,3,2,3,2,1,4,5,3,4,3,4,3,4,2,3,2,3,1,0,3,4,4,5,3,4,2,3,3,4,3,4,1,0,1,0,2,2,3,4,2,2,1,0,2,3,2,3,3,4,2,3,3,4,2,2,3,4,2,2,3,4,2,2,1,0,2,2,2,1,4,3,4,3,3,5,4,2,4,3,4,2,3,19,4,1,2,2,0,7,2,3,2,3,4,4,4,3,9,9,9,3,2,4,4,3,2,3,3,3,4,3,3,4,3,2,4,3,4,4,3,2,3,4,2,2,2,2,2,2,2,2,2,1,3,1,3,1,2,8,8,7,4,3,5,3,7,6,1,59,2,2,6,1,40,0,0,2800,561501,공란,농업
34990,3,6,3,6,3,6,2,5,4,7,5,7,2,6,4,7,4,6,4,6,3,6,3,6,2,6,2,5,3,5,2,5,3,5,3,5,2,5,1,0,5,7,5,7,3,5,2,3,4,6,2,6,5,7,5,7,5,7,4,6,4,7,5,7,4,7,4,7,5,7,5,7,5,7,3,6,2,6,4,6,2,4,1,0,2,4,2,4,4,4,2,4,4,4,4,4,3,4,3,3,3,13,1,4,2,2,0,7,5,4,4,4,4,4,4,4,5,4,4,4,1,5,5,4,5,5,4,5,5,4,4,5,4,4,4,3,5,5,4,4,4,3,2,2,2,2,2,2,2,2,2,1,4,3,3,3,2,2,3,3,3,4,4,7,4,4,1,31,5,1,1,1,48,5000,4400,0,151102,첨단 기술 개발 필요,기계공학
34991,3,3,3,4,1,0,3,4,3,4,3,4,3,4,3,5,4,5,3,5,1,0,1,0,4,4,1,0,3,3,3,3,1,0,3,3,1,0,4,4,4,4,3,3,3,3,2,3,3,3,1,0,4,3,3,4,3,4,3,4,3,3,4,4,4,4,4,5,4,4,4,4,1,0,5,5,4,5,4,5,4,6,3,5,4,5,2,4,3,3,3,3,2,2,2,2,2,3,2,3,3,3,1,2,2,2,0,2,2,3,2,3,4,4,2,2,3,3,3,3,4,2,3,3,2,2,3,3,3,3,4,4,2,3,2,2,3,4,3,3,5,3,2,2,1,1,2,2,2,1,2,2,2,3,2,3,2,7,5,4,2,3,5,4,5,4,1,40,2,1,1,1,52,3400,2200,0,826401,상품 개발 경기 침체,기계
34992,4,5,4,5,3,4,3,4,4,5,4,5,3,4,4,5,5,5,3,4,4,5,4,4,3,4,4,4,4,4,3,4,3,4,3,4,3,4,4,4,4,5,4,4,4,4,3,4,3,4,3,4,3,4,3,3,4,4,2,3,4,4,4,4,3,4,4,4,4,5,4,4,3,4,1,0,3,4,2,3,1,0,2,3,4,5,3,5,4,4,2,3,3,3,3,4,3,3,3,2,3,13,1,2,1,1,2,4,4,4,3,3,4,4,3,3,4,4,4,4,2,4,4,3,3,3,2,3,4,3,4,4,4,4,4,4,4,4,4,3,3,4,2,2,2,2,2,2,2,2,2,2,3,3,3,3,2,6,7,8,6,7,7,8,5,7,1,40,4,1,1,1,40,4200,2600,0,158201,소방설비기사 컴퓨터활용능력 워드프로세서 소방시설 이해 소방법 소방전기 기계 등의 기술법 교육 소방시설 관리 것이므,전기공학
34993,2,2,2,2,1,0,2,2,1,0,3,4,2,2,3,4,3,4,4,4,2,3,2,2,4,4,2,2,1,0,4,4,4,4,4,4,1,0,4,4,4,4,4,4,4,4,4,4,4,4,4,4,4,4,4,4,4,4,4,4,1,0,4,4,4,4,4,4,4,4,4,4,4,4,4,4,4,4,4,4,4,4,4,4,4,4,4,4,4,4,3,3,3,3,4,3,4,3,2,4,2,3,1,5,2,1,2,7,2,3,2,2,4,4,3,3,3,3,4,3,4,2,3,4,4,3,4,4,3,4,4,4,3,4,2,4,4,5,3,4,4,5,2,2,2,2,2,2,2,2,2,2,2,3,3,3,2,7,4,6,4,6,8,5,7,4,1,30,2,1,1,1,60,2900,2800,0,852101,직무훈련 자동화 추세,전기
34994,5,7,5,7,3,4,3,4,4,5,5,5,4,5,4,5,3,4,3,3,3,4,1,0,2,3,1,0,2,4,3,5,4,4,1,0,1,0,1,0,4,5,3,4,3,3,1,0,1,0,1,0,4,6,5,6,4,5,5,6,4,6,5,6,4,5,4,6,4,5,4,6,1,0,1,0,1,0,1,0,1,0,1,0,3,4,3,3,5,3,2,5,4,4,4,3,4,4,3,5,4,3,1,5,2,2,0,6,6,4,4,4,4,4,4,4,5,5,4,5,3,4,3,4,3,4,5,4,4,4,4,4,4,5,4,3,4,4,4,4,4,3,2,2,2,2,2,2,2,2,2,2,3,3,3,3,2,3,4,5,3,5,4,4,5,6,1,43,5,1,1,1,40,5500,3400,0,122101,신약 개발 장기 연구 분야 증가,생명공학
34995,4,6,5,7,5,6,5,7,4,5,4,6,5,6,4,5,4,6,3,3,3,4,3,4,4,5,3,4,3,4,2,3,2,3,2,3,5,7,4,6,4,5,2,3,2,3,2,3,2,2,2,3,2,5,1,0,1,0,1,0,1,0,1,0,1,0,1,0,1,0,1,0,2,3,1,0,1,0,1,0,1,0,1,0,1,0,1,0,5,4,5,5,5,5,5,5,3,5,3,5,5,16,5,5,2,2,0,6,7,4,4,4,5,5,3,4,4,4,4,4,2,4,4,3,3,3,3,3,4,3,4,4,4,4,3,3,3,2,3,3,3,4,2,2,2,2,2,2,2,2,2,2,3,3,3,3,1,4,4,3,4,5,4,4,3,4,1,61,6,1,1,1,50,7000,3200,0,121102,전문성 중요시 일자리 제한,화학
34996,5,6,5,7,3,4,5,6,4,6,4,5,4,6,4,6,3,4,1,0,4,6,4,6,1,0,1,0,3,4,1,0,1,0,1,0,4,5,4,4,4,5,1,0,1,0,2,2,3,4,3,4,1,0,4,5,1,0,1,0,1,0,4,5,1,0,1,0,1,0,1,0,1,0,1,0,1,0,1,0,1,0,1,0,2,3,2,2,4,5,3,4,5,5,5,1,3,4,5,5,5,17,1,1,1,2,0,7,5,5,4,3,5,5,3,4,9,9,9,4,1,4,4,4,5,4,4,2,5,2,5,5,4,5,3,4,5,5,4,4,5,4,2,2,2,2,2,2,2,2,2,1,2,2,2,2,2,1,1,1,2,1,2,7,7,3,1,40,4,2,5,1,45,0,0,18000,301301,한의사 인구 감소,한의학
34997,3,3,3,5,3,3,4,4,3,3,2,3,3,3,2,2,3,3,3,3,3,3,1,0,3,4,3,3,3,3,3,3,2,2,2,2,4,5,4,4,3,3,3,3,4,5,3,2,4,4,3,4,3,3,2,2,3,3,3,3,3,4,3,3,3,3,3,3,3,5,3,3,3,3,2,2,3,3,3,3,2,3,3,3,3,4,3,3,5,4,2,3,3,3,3,4,3,3,3,4,4,3,1,2,2,2,0,6,4,4,3,3,4,3,3,3,4,3,4,3,5,1,4,4,4,5,3,5,3,2,3,4,2,3,2,3,4,5,4,3,5,4,2,2,2,2,2,2,2,2,2,3,2,2,2,2,1,7,5,4,3,6,8,3,5,4,1,43,4,1,1,1,40,4300,3600,0,16301,관리자 인력 축소 예상,전자공학
34998,4,5,3,4,4,4,3,3,4,5,4,5,4,5,4,5,3,3,4,5,3,4,3,4,4,5,4,5,3,4,3,4,3,4,3,3,4,5,2,3,4,5,3,4,3,4,3,4,4,5,3,3,4,5,4,5,4,5,4,5,4,5,4,5,4,4,4,5,3,4,3,4,4,5,3,4,1,0,2,2,1,0,1,0,1,0,1,0,4,3,4,3,3,3,3,4,4,4,3,3,4,6,1,4,1,1,4,5,5,4,4,4,4,4,4,4,4,4,4,4,2,4,4,3,4,3,4,4,3,3,4,3,4,4,3,4,3,4,3,2,3,3,2,2,2,2,2,2,2,2,2,3,3,3,3,3,2,3,3,7,7,5,3,5,8,6,1,33,5,1,1,1,45,5000,4200,0,151101,건축기사 건축산업기사 CAD CAM 상황 유지,기계시스템공학
34999,2,2,2,3,2,3,1,0,5,7,4,6,3,4,4,5,2,3,5,7,3,4,4,5,5,7,1,0,1,0,1,0,1,0,1,0,2,2,1,0,4,5,4,5,1,0,1,0,1,0,4,5,5,7,5,7,5,6,4,6,4,5,3,4,4,5,3,4,3,4,3,4,4,5,2,3,1,0,1,0,2,3,1,0,3,4,1,0,4,3,4,3,4,3,4,4,3,4,3,3,4,6,1,2,1,1,3,6,5,4,5,4,4,5,4,3,3,4,4,4,2,4,4,3,3,2,2,5,3,5,4,4,4,5,4,4,4,5,4,4,5,4,2,2,2,2,2,2,2,2,2,2,3,3,3,3,2,2,2,2,3,3,6,2,2,8,1,36,4,1,1,1,40,6500,3000,0,140301,산림토목기술사 건설기계기술사 도로및공항기술사 현장실습 지금,토목공학
35000,2,3,3,3,1,0,2,2,4,4,2,3,2,3,4,4,2,2,5,4,2,3,3,4,3,4,3,5,1,0,3,3,1,0,1,0,1,0,1,0,5,4,4,4,2,2,1,0,1,0,1,0,5,4,5,5,4,4,3,4,1,0,3,4,3,4,5,5,4,4,4,5,3,4,3,4,4,3,5,4,5,5,3,4,2,3,2,4,4,4,4,3,4,2,3,2,2,2,4,3,3,6,1,2,1,2,0,1,2,3,1,2,2,4,2,3,2,3,4,3,3,2,1,4,4,2,4,3,4,4,2,5,2,2,2,2,3,4,3,3,4,4,2,2,2,2,2,2,2,2,2,3,2,2,2,2,2,7,8,7,4,3,3,6,3,2,1,46,2,1,1,1,40,4000,3000,0,701101,비계산업기사 철근산업기사 전염병 세계 경기 침체 영향,이과
35001,4,6,4,6,4,5,5,5,2,4,4,5,1,0,2,3,3,4,3,3,2,4,1,0,4,3,2,2,2,4,5,5,3,4,3,2,2,2,2,4,3,5,4,6,3,4,3,4,2,1,3,4,1,0,1,0,2,4,1,0,2,4,1,0,3,3,1,0,2,3,1,0,3,3,3,4,1,0,3,5,1,0,3,4,4,5,3,4,5,4,4,4,4,3,4,4,4,4,4,4,3,17,1,1,1,1,6,6,5,4,4,4,4,4,4,4,9,9,4,4,5,4,4,5,4,4,4,5,4,4,4,4,4,5,4,4,4,3,4,3,4,2,2,2,2,2,2,2,2,2,2,2,4,3,2,2,2,7,3,5,6,6,7,5,6,6,1,56,4,2,5,1,45,0,0,10500,301113,의사면허 가정의학과전문의 레지던트 인턴과정 고령 사회 진료 환자 증가,의학
35002,5,7,5,6,5,6,4,6,5,6,5,7,4,6,5,6,5,6,4,6,5,6,5,6,4,6,5,6,5,6,4,7,5,6,5,6,4,5,4,7,5,7,5,7,5,7,4,6,5,7,5,6,5,6,5,4,5,3,5,3,4,6,5,5,5,6,5,3,2,3,2,2,4,7,5,3,5,3,4,3,5,3,2,2,5,7,5,6,4,5,4,4,5,4,4,4,4,4,4,5,4,13,1,2,1,1,2,2,5,4,4,5,4,4,5,5,9,9,5,5,4,4,4,4,5,4,4,5,4,4,4,4,4,4,5,4,4,5,4,4,5,4,2,2,2,2,2,2,2,2,2,2,3,3,3,2,1,7,8,8,7,8,8,7,7,7,1,43,4,2,5,1,40,0,0,8000,23201,세무사 실무 교육 윤리 소양 국세 지방세 교육 의뢰,경영학
35003,4,4,2,3,2,3,3,3,4,3,3,3,1,0,3,4,5,3,3,4,1,0,4,3,2,2,3,3,1,0,4,4,2,2,2,2,1,0,5,4,4,3,4,3,4,4,2,2,4,4,4,3,4,4,5,5,5,4,5,3,2,1,4,3,2,2,5,4,5,3,5,4,1,0,5,3,5,5,3,4,4,3,3,3,4,5,5,5,3,4,4,4,3,4,3,3,3,2,3,3,3,3,1,4,2,2,0,7,1,3,3,3,4,4,3,3,3,3,4,3,3,3,3,3,3,3,4,3,3,4,3,4,4,4,4,4,4,3,4,4,4,3,2,2,2,2,2,2,2,2,2,2,3,3,2,2,2,6,6,5,4,4,3,6,5,4,2,29,3,1,1,1,42,2240,2150,0,873501,소비자 증가 생산 증가,식품공학
35004,3,4,3,4,2,2,3,4,1,0,2,3,1,0,3,4,4,5,1,0,1,0,2,3,5,6,4,5,4,6,4,6,2,2,1,0,3,4,5,7,3,4,3,4,2,3,1,0,1,0,3,4,1,0,2,2,2,3,1,0,3,4,1,0,3,4,3,4,1,0,1,0,3,4,4,5,3,4,3,4,2,3,3,4,2,3,3,3,3,4,2,3,4,4,3,3,2,4,5,3,4,17,1,2,1,2,0,7,5,3,4,4,4,3,3,3,3,3,4,4,2,4,5,2,2,3,4,4,3,5,4,4,4,5,4,5,5,5,3,4,4,4,2,2,2,2,2,2,2,2,2,1,4,3,2,3,1,6,5,7,3,5,6,6,6,4,1,32,4,1,1,1,40,2300,1800,0,511502,수의테크니션 반려동물 품질 케어 주인 일자리 증가,전자
35005,3,3,2,2,2,2,2,2,2,2,2,3,2,2,2,2,2,2,4,4,2,2,2,2,2,2,2,2,2,3,2,2,2,2,2,3,2,2,2,2,2,3,1,0,5,3,1,0,1,0,1,0,2,2,2,3,2,2,2,2,2,2,2,2,2,2,2,2,2,2,2,2,2,3,2,2,4,4,4,4,2,1,3,4,2,2,3,4,4,4,3,3,4,2,5,2,4,2,4,4,4,15,2,3,1,2,0,7,2,4,2,2,2,2,4,3,3,3,3,3,2,4,3,3,3,2,3,2,3,5,3,3,2,2,2,2,3,5,3,2,5,4,2,1,1,2,1,1,2,2,2,2,2,1,1,2,1,5,5,6,4,4,6,6,5,4,1,36,2,1,1,1,40,4500,2500,0,624201,운전면허1종 보통 원동기 자격증 정보화 관련 자격증 장비 시스템 도입 업무 숙지 필요 우편물 감소 잉여 인력 발생,인문계
35006,2,1,5,1,1,0,4,1,1,0,3,4,1,0,1,0,2,1,1,0,1,0,2,1,3,1,1,0,5,1,4,1,3,1,1,0,3,1,4,3,1,0,1,0,1,0,1,0,1,0,1,0,1,0,1,0,2,1,1,0,1,0,1,0,3,2,3,1,2,1,3,1,1,0,3,1,3,1,1,0,3,2,2,1,1,0,1,0,2,4,2,2,2,3,2,2,2,2,2,3,3,9,1,2,2,2,0,7,1,4,3,3,1,3,4,2,4,3,2,4,4,2,2,2,2,2,4,4,2,5,2,4,2,2,2,4,2,4,1,2,3,3,2,2,2,2,2,2,2,2,2,2,2,3,3,3,2,5,4,5,6,6,5,5,5,5,2,27,2,1,2,2,24,1000,990,0,532101,오스 도입,문과
35007,4,6,4,4,4,5,4,5,3,5,4,5,4,5,3,4,4,4,4,5,3,5,4,5,3,5,3,4,4,4,4,4,4,5,4,5,3,4,4,5,3,5,3,5,4,5,3,5,3,4,3,5,3,5,3,4,3,5,4,4,3,4,3,5,3,4,3,4,3,4,3,5,3,4,3,3,3,4,3,4,2,4,3,5,3,4,3,4,4,3,3,4,4,3,4,4,3,3,4,4,3,3,1,2,2,2,0,5,5,4,4,4,4,3,3,4,4,5,5,4,4,4,4,3,4,4,3,4,4,3,4,3,4,4,3,3,2,3,4,4,3,3,2,2,2,2,2,2,2,2,2,1,4,3,3,3,2,7,6,5,4,7,7,7,6,7,2,40,4,1,1,1,42,3500,2600,0,415202,제품 개발,패션디자인
35008,2,2,3,2,2,3,3,5,3,3,3,4,2,3,2,3,3,3,3,5,3,2,2,4,3,5,3,5,4,6,2,4,1,0,1,0,4,5,4,5,4,6,4,6,3,5,2,4,3,5,2,4,3,4,2,2,3,5,2,3,1,0,3,5,4,5,4,6,3,3,2,2,3,5,3,5,4,6,2,4,3,5,2,4,3,5,4,6,3,3,4,3,2,2,2,2,2,3,4,2,2,9,1,2,2,2,0,1,1,3,2,3,3,2,3,3,2,3,3,2,3,4,3,2,2,3,3,4,3,4,3,2,3,3,2,4,4,3,3,2,4,2,2,2,2,2,2,1,1,1,2,4,1,2,2,2,1,3,3,6,8,8,3,2,6,3,2,56,2,1,3,2,48,2500,1440,0,532201,장비 변화 업무 좀더 수행 자동화기 일자리 감소,문과
35009,3,5,4,5,3,4,3,4,3,4,3,4,1,0,3,4,3,4,3,4,3,4,3,4,2,3,2,3,3,4,2,3,1,0,1,0,2,3,3,3,2,3,3,3,2,3,1,0,1,0,1,0,2,3,3,4,4,6,3,3,3,3,3,4,3,3,3,5,1,0,1,0,1,0,1,0,2,3,2,3,3,4,3,3,4,5,3,3,3,3,3,2,3,4,2,2,3,4,3,2,3,3,1,3,2,1,1,4,2,3,3,3,3,4,2,2,2,2,3,3,3,2,3,3,2,3,2,3,2,5,4,3,4,3,3,2,3,3,4,4,4,5,2,2,2,2,2,2,2,2,2,3,2,2,2,2,2,8,9,9,8,9,8,9,3,4,1,30,3,1,1,1,40,3000,2500,0,872301,현장 훈련 식품 수입 증가 갈수록 것이므,식품영양학
35010,2,3,2,3,2,3,2,3,3,3,3,3,2,3,2,3,2,2,2,5,2,3,2,4,2,3,2,2,2,3,2,2,2,3,2,3,2,3,3,4,4,4,2,3,2,3,1,0,2,1,2,1,3,3,2,3,2,2,2,4,2,1,2,4,2,3,3,4,5,5,3,4,2,2,3,3,3,3,2,3,2,3,3,3,2,3,2,2,3,3,3,3,3,3,3,2,2,3,3,3,3,10,3,4,1,2,0,4,3,3,3,2,3,3,2,3,3,3,3,3,2,4,3,4,3,2,3,3,3,3,3,4,3,3,2,2,3,4,3,3,4,4,2,2,2,2,2,2,2,2,2,1,3,3,3,3,2,7,6,6,5,4,4,6,4,4,1,45,2,1,1,1,40,3800,2800,0,842201,방송통신기능사 인터넷 보급 포화상태,전기
35011,1,0,1,0,1,0,1,0,1,0,1,0,1,0,1,0,1,0,2,3,1,0,1,0,2,3,1,0,1,0,1,0,1,0,1,0,1,0,1,0,1,0,1,0,1,0,1,0,1,0,1,0,1,0,1,0,3,5,3,4,1,0,1,0,3,4,3,4,2,3,3,4,2,3,3,4,3,4,2,3,3,4,3,4,3,4,2,3,3,3,4,3,3,2,3,2,3,3,2,2,3,3,1,1,2,2,0,7,2,3,2,2,3,3,3,3,3,2,3,3,2,3,3,3,2,3,3,3,2,4,3,3,2,3,3,3,4,4,3,2,3,4,2,2,2,2,2,2,2,2,2,2,2,2,2,2,1,4,6,8,5,7,6,6,6,7,2,38,2,1,3,2,40,2900,2500,0,825201,인건비 해외 도입,이과
35012,4,5,4,5,3,4,3,5,3,5,3,4,3,4,3,4,3,4,2,3,2,3,3,4,3,4,3,4,3,5,3,3,3,5,4,5,3,4,3,5,4,5,4,6,3,4,4,6,4,5,4,6,3,3,2,2,2,2,2,2,2,3,2,2,2,2,2,2,2,2,2,2,3,4,2,2,2,2,2,2,2,3,2,2,2,2,2,2,4,4,4,3,4,4,3,3,3,3,4,4,4,3,1,2,2,2,0,1,5,4,4,4,4,4,4,4,9,9,4,4,1,4,4,4,4,3,4,3,5,5,4,4,4,4,4,5,4,4,4,3,5,2,2,2,2,2,2,2,2,2,2,2,2,3,3,3,2,7,4,5,4,4,5,6,7,4,1,51,4,2,5,1,45,0,0,8000,12201,기업 폐업,기계공학
35013,1,0,1,0,1,0,1,0,1,0,1,0,1,0,1,0,2,2,3,4,1,0,1,0,5,6,1,0,1,0,1,0,1,0,1,0,2,3,2,2,2,1,1,0,2,3,2,1,2,1,1,0,1,0,1,0,1,0,1,0,1,0,1,0,1,0,2,1,2,3,1,0,1,0,4,4,4,4,3,2,3,4,4,5,4,5,3,2,3,3,4,3,3,4,3,4,2,3,3,3,3,1,4,1,2,2,0,7,1,4,3,4,4,3,3,4,9,9,9,4,3,3,3,3,4,3,3,3,4,3,4,4,3,4,3,3,3,3,3,4,3,3,2,2,2,2,2,2,2,2,2,3,1,3,2,3,2,6,6,6,5,6,6,3,3,4,1,62,1,2,6,1,48,0,0,3400,904201,바다 자원 고갈 환경오염 때문,0
35014,4,5,3,4,2,3,3,3,1,0,2,3,2,3,2,4,2,4,4,4,2,2,4,5,4,4,1,0,2,3,2,3,1,0,1,0,3,3,3,4,1,0,4,3,5,3,4,4,1,0,1,0,1,0,1,0,3,5,3,4,1,0,1,0,1,0,1,0,1,0,1,0,1,0,1,0,1,0,1,0,1,0,3,4,2,4,5,6,4,3,3,1,3,4,3,5,3,3,3,3,4,18,4,1,2,2,0,6,4,5,4,3,3,5,4,2,1,3,3,3,2,5,5,4,4,3,3,3,2,3,4,5,4,5,4,4,3,5,4,3,5,3,2,2,2,2,2,2,2,2,2,1,2,2,2,2,2,6,4,3,4,3,4,7,7,4,1,55,5,1,4,2,32,4000,2500,0,414602,안정 경제 어려움,성악
35015,4,5,4,5,4,5,4,5,4,6,4,5,4,4,4,5,3,5,4,5,4,5,4,5,4,5,4,5,4,5,4,5,4,5,4,5,4,5,4,5,4,4,4,5,4,5,4,5,4,4,4,4,4,5,4,5,4,5,4,5,4,5,4,5,4,5,4,5,4,5,4,5,4,5,4,5,4,5,4,5,4,5,4,5,4,5,3,5,4,4,3,4,4,4,3,4,4,3,4,4,4,18,1,1,2,1,4,4,5,4,3,4,4,4,4,4,3,4,4,4,3,2,3,4,3,2,3,3,2,3,3,4,3,4,3,3,3,4,3,4,3,3,2,2,2,2,2,2,2,2,2,2,2,2,2,2,1,7,7,7,8,7,7,7,6,7,1,42,4,1,1,1,40,5800,3800,0,14103,직무교육 인구 감소,관광
35016,2,1,3,4,2,1,2,2,1,0,1,0,3,3,1,0,2,3,1,0,1,0,1,0,2,4,3,5,2,2,2,1,3,4,2,1,2,2,1,0,1,0,1,0,2,2,2,3,2,2,1,0,2,3,1,0,3,2,1,0,1,0,1,0,3,3,1,0,1,0,2,1,1,0,3,2,3,1,2,1,2,1,1,0,2,2,4,3,3,2,3,2,2,3,2,2,2,1,3,1,2,18,4,1,2,2,0,1,2,4,2,3,3,3,2,2,9,9,2,2,2,2,3,1,2,2,1,4,3,5,3,2,4,5,3,2,2,3,1,3,4,4,2,2,2,2,2,2,2,2,2,1,4,2,2,2,1,8,7,6,2,4,5,4,6,5,2,32,2,2,6,1,40,0,0,2500,414601,음악 산업 지속 발전 일자리 증가,문과
35017,2,3,2,2,2,3,2,3,2,2,2,2,2,2,3,4,2,3,3,4,2,2,3,4,5,7,3,4,2,3,2,3,2,3,2,3,3,4,2,3,4,5,3,4,2,3,2,3,3,4,2,3,4,5,3,4,4,5,4,5,2,3,5,6,4,6,5,7,4,5,4,5,3,4,4,5,5,6,4,5,5,7,4,5,5,6,2,3,2,3,3,2,3,2,3,4,2,3,3,3,3,3,1,2,1,1,3,3,2,2,2,2,3,3,3,3,3,3,4,3,3,3,3,3,3,2,3,4,4,5,2,5,3,4,4,4,3,5,3,3,4,4,2,2,2,2,2,2,2,2,2,2,3,2,2,2,2,6,8,5,8,4,2,9,4,1,1,55,2,1,1,1,40,3000,2000,0,861201,양복기능사 양장기능사 염색기능사 수습 일이,전자
35018,5,5,4,4,3,5,3,4,4,6,4,3,1,0,5,4,5,5,2,4,4,4,3,3,4,4,4,4,1,0,1,0,1,0,2,3,3,3,3,4,4,4,1,0,4,4,1,0,1,0,2,4,4,4,2,2,3,5,1,0,3,5,3,3,2,4,3,3,1,0,3,3,1,0,3,4,4,4,4,3,3,4,4,4,3,5,3,4,3,3,4,4,5,3,4,4,3,4,4,4,2,17,3,4,1,2,0,2,5,4,4,5,4,5,4,5,4,4,3,4,2,3,4,2,4,4,3,5,3,4,4,4,3,4,4,3,2,4,3,4,5,4,2,1,1,2,2,1,2,2,1,2,4,1,1,1,2,3,4,7,2,5,4,5,4,3,2,35,4,1,1,1,45,4500,3200,0,306101,임상병리사 장비 개발 바이러스 출현,임상병리학
35019,5,6,5,6,4,6,5,6,5,5,4,5,4,6,4,5,5,5,4,5,3,5,4,6,4,5,4,6,4,5,3,4,2,4,3,4,4,6,4,5,4,6,3,4,4,4,3,4,2,3,4,4,2,4,3,4,2,4,2,3,3,4,2,3,3,3,2,3,2,4,2,2,3,5,3,3,2,3,3,5,3,4,2,3,4,4,3,5,5,4,4,5,4,4,5,4,4,5,4,4,4,16,5,5,2,2,0,7,7,4,4,3,5,4,4,5,5,5,4,5,2,4,3,4,2,3,3,2,4,3,4,4,3,2,2,3,4,5,4,4,5,5,2,2,2,2,2,2,2,2,2,1,3,3,3,3,2,6,5,5,6,4,5,6,4,4,1,61,6,1,1,1,45,11000,4000,0,121103,상태 유지,수학교육
35020,4,5,4,5,2,2,4,5,2,2,1,0,1,0,1,0,2,2,1,0,2,2,1,0,1,0,1,0,2,3,2,2,3,4,2,2,2,2,3,4,2,3,2,3,2,2,2,1,1,0,1,0,2,2,1,0,1,0,1,0,2,3,1,0,2,2,1,0,2,1,1,0,1,0,2,2,1,0,2,1,1,0,1,0,2,2,3,4,4,3,4,3,3,2,2,3,2,3,2,2,3,11,1,4,2,2,0,2,2,3,3,3,4,3,3,4,3,4,4,4,3,3,2,3,3,2,2,3,3,5,3,3,2,3,2,3,3,4,2,3,4,3,2,2,2,2,2,2,2,2,2,3,1,3,3,3,1,6,5,5,4,4,4,3,3,4,2,30,3,1,2,2,25,1800,1600,0,613001,홈페이지 통해 가입 혜택,사무정보
35021,2,3,2,3,3,3,1,0,1,0,1,0,1,0,2,3,2,3,1,0,1,0,1,0,1,0,1,0,1,0,1,0,1,0,1,0,1,0,2,2,1,0,1,0,2,3,1,0,1,0,1,0,1,0,1,0,1,0,1,0,4,5,1,0,1,0,1,0,1,0,1,0,1,0,3,4,2,3,1,0,1,0,1,0,3,4,3,4,3,3,4,3,4,4,3,2,3,3,3,2,2,17,1,5,1,2,0,7,4,4,3,3,4,3,3,4,3,3,3,3,3,3,3,4,3,3,4,3,3,3,3,3,3,4,3,3,3,4,3,3,3,3,2,2,2,2,2,2,2,2,2,1,3,2,2,3,1,4,5,6,5,4,6,6,5,5,2,32,4,1,1,1,40,3200,3000,0,307401,보건의료정보관리사 의료 서비스 관련 유지,보건관리학
35022,4,6,3,5,4,5,3,5,2,3,5,7,1,0,2,3,2,3,1,0,1,0,3,5,4,5,4,5,5,7,5,7,2,2,2,3,2,3,5,6,4,5,5,7,3,4,4,6,3,4,4,5,4,5,1,0,1,0,1,0,2,3,1,0,1,0,1,0,1,0,1,0,4,6,1,0,1,0,2,3,1,0,1,0,2,2,2,3,4,3,4,4,4,3,3,2,2,3,2,2,2,15,2,5,2,2,0,7,5,3,4,4,3,4,3,3,3,4,4,3,3,4,4,2,3,4,4,4,4,5,3,4,3,5,1,5,5,5,3,2,5,5,1,1,1,2,2,2,1,1,2,1,2,3,2,2,1,2,2,4,3,5,5,2,3,5,1,37,4,1,1,1,40,5500,3300,0,26101,불황 인력 구조조정 고용 악화 구조조정 진행 일자리 감소,수학
35023,5,6,5,6,4,5,4,6,4,6,4,6,3,4,3,5,4,5,4,6,3,4,5,6,4,5,3,5,3,5,3,5,3,5,2,4,5,6,3,5,3,5,3,5,5,6,2,4,2,4,3,5,2,4,2,3,1,0,1,0,1,0,1,0,1,0,1,0,1,0,1,0,1,0,1,0,1,0,2,4,3,4,3,4,4,5,4,5,4,4,4,4,4,3,4,4,4,5,5,5,4,16,5,4,2,2,0,5,4,4,3,3,3,4,4,3,3,3,4,4,3,3,3,4,4,3,3,1,2,3,4,5,4,3,2,2,3,3,3,2,4,4,2,2,2,2,2,2,2,2,2,2,2,2,2,2,1,4,4,4,5,5,5,4,6,6,2,36,3,1,1,1,48,3700,2500,0,214501,온라인 강의 대체,사회교육학
35024,4,5,4,5,1,0,4,6,1,0,4,5,1,0,4,5,4,6,4,6,1,0,4,6,4,6,4,6,4,6,4,6,4,6,1,0,4,6,4,5,4,6,4,6,4,6,4,6,4,6,4,5,1,0,1,0,1,0,1,0,4,6,1,0,1,0,1,0,1,0,1,0,1,0,4,6,4,6,4,6,4,6,4,6,4,5,4,5,4,3,4,4,3,2,4,4,4,4,5,4,5,17,1,1,1,1,6,6,5,4,4,4,5,4,4,4,3,4,4,4,3,3,3,4,3,4,3,4,3,4,3,4,3,4,5,4,4,3,4,4,4,3,2,2,1,2,2,2,2,2,2,2,4,2,2,2,1,7,8,6,3,2,3,6,7,6,1,52,4,2,5,1,40,0,0,18000,301105,이비인후과전문의 자격증 병원 수련 과정 의료 장비 도입 노령 인구 증가 의료 산업 증가,의학
35025,4,4,4,4,4,5,4,4,3,5,3,6,3,4,4,4,4,4,3,4,4,4,4,5,3,4,4,5,3,5,4,4,4,5,3,5,3,5,4,4,4,5,4,4,4,4,4,5,3,5,3,4,4,5,4,4,4,5,4,5,3,5,3,5,4,5,4,4,4,5,4,5,3,5,4,5,4,5,4,4,4,4,4,5,4,4,4,4,4,4,3,4,4,4,4,4,3,4,4,3,4,18,1,2,1,1,1,3,5,4,4,4,4,4,4,4,5,5,4,4,4,4,3,4,4,3,3,4,3,3,3,4,4,3,5,4,4,3,3,4,4,2,2,2,2,2,2,2,2,2,2,1,3,1,1,1,1,6,4,5,6,7,6,7,6,7,2,40,3,1,1,1,40,3300,2800,0,521304,국내여행안내사 관광통역안내사 여행안내 해설 직무 교육 여행 인구 변동,관광학
35026,5,6,5,6,5,6,4,6,4,5,4,6,4,5,3,3,3,4,4,5,3,4,4,6,4,5,5,6,4,5,4,5,4,5,4,5,3,4,4,5,4,4,3,3,3,4,2,3,3,4,4,5,2,3,2,2,3,3,3,3,5,5,2,2,4,4,2,2,3,3,1,0,2,3,2,2,2,2,3,3,2,3,4,5,4,5,4,4,4,3,3,4,5,3,4,4,3,4,4,4,4,13,2,2,2,1,2,7,5,4,4,5,4,4,3,4,4,4,4,4,2,4,4,4,4,3,4,4,4,3,3,4,4,5,4,4,4,5,4,4,5,3,2,2,2,2,2,2,2,2,2,1,4,2,3,2,1,8,2,1,2,5,5,5,5,5,1,36,4,1,1,1,56,4300,3400,0,412001,수습기간 사건 사고,경영학
35027,4,5,5,6,5,4,5,7,2,2,3,4,2,3,4,4,4,6,3,4,3,4,2,4,3,4,2,3,5,5,4,5,3,4,4,4,3,4,2,3,4,4,3,4,4,4,1,0,1,0,1,0,3,3,1,0,1,0,1,0,2,3,2,2,2,2,1,0,1,0,2,2,1,0,1,0,1,0,1,0,1,0,2,2,5,5,4,4,2,3,1,4,4,4,5,4,3,3,4,4,3,10,2,4,2,2,0,6,5,5,4,4,5,4,4,4,3,4,4,4,1,4,5,5,4,4,3,3,4,5,2,3,3,3,4,4,3,4,5,3,5,5,2,2,2,2,2,2,2,2,2,1,3,3,3,3,2,6,4,7,5,5,8,4,7,7,1,36,4,1,1,1,35,4600,3500,0,416301,아나운서 직업 자체 특성 일자리,영어영문학
35028,5,4,5,2,5,4,5,3,5,4,5,3,5,3,5,2,5,4,5,4,5,5,5,3,5,3,5,3,5,3,5,4,5,3,5,3,5,3,5,2,5,3,5,3,5,3,5,3,5,2,5,3,5,3,5,5,5,4,5,3,5,3,5,4,5,4,5,5,5,5,5,5,5,4,5,4,5,4,5,4,5,7,5,4,5,6,5,5,5,3,4,3,4,2,5,3,2,4,4,5,4,13,1,3,2,2,0,3,5,4,2,2,3,4,2,3,3,4,4,3,1,4,4,5,5,3,4,2,5,4,2,5,4,5,4,5,5,5,4,3,5,5,1,2,1,1,2,1,2,2,2,1,4,2,2,2,1,5,5,8,3,2,5,5,5,5,2,36,4,1,1,1,45,3700,2500,0,151101,장비 도입 제조 기술 진행 기술 혁신 서비스 제공,기계공학
35029,3,3,3,3,2,2,3,4,2,2,2,2,3,3,2,2,2,2,2,1,1,0,2,1,3,2,2,2,3,3,3,3,2,3,2,3,2,2,3,2,3,3,3,3,2,1,3,3,3,3,3,3,2,1,1,0,1,0,1,0,1,0,1,0,1,0,1,0,1,0,1,0,3,2,1,0,1,0,3,3,1,0,2,2,3,3,3,3,3,4,3,3,3,3,3,2,3,3,3,2,3,19,3,2,2,2,0,2,2,4,3,3,4,4,2,2,9,3,4,3,2,4,4,4,5,4,4,3,3,2,2,3,4,4,3,3,5,3,4,3,3,3,2,2,2,2,2,2,2,2,2,1,4,1,1,3,2,6,5,4,3,4,4,5,7,7,1,31,4,1,1,1,40,2600,2400,0,231501,사회 점점 사회 문제 증가,사회학
35030,3,6,1,0,1,0,2,3,2,2,1,0,4,6,1,0,2,2,1,0,2,3,1,0,3,4,2,3,2,3,1,0,1,0,2,3,2,3,3,3,1,0,2,2,2,2,1,0,1,0,1,0,3,4,1,0,1,0,3,5,1,0,1,0,4,4,1,0,1,0,1,0,1,0,4,5,1,0,2,2,2,3,1,0,4,4,2,2,2,2,3,2,3,3,3,2,2,4,4,4,3,10,1,2,1,1,3,6,4,4,3,3,2,4,2,2,3,4,3,3,3,2,2,3,3,2,3,2,3,3,4,4,2,2,3,3,2,3,2,2,4,3,2,2,2,2,2,2,2,2,2,4,4,3,3,3,2,7,7,7,5,5,5,3,3,5,1,32,3,1,1,1,48,3200,2200,0,415502,게임그래픽전문가 캐릭터 디자인 훈련 게임 산업 게임 업체 계속,컴퓨터공학
35031,5,7,5,7,5,7,5,7,3,6,5,7,5,6,4,6,4,6,4,5,3,5,4,6,4,6,3,3,4,6,2,3,4,6,4,6,3,5,3,5,5,6,3,3,3,3,3,3,2,2,1,0,1,0,1,0,1,0,1,0,1,0,1,0,1,0,1,0,1,0,1,0,3,4,1,0,1,0,1,0,1,0,1,0,3,4,2,3,5,5,4,3,4,4,4,4,4,3,4,4,4,15,2,4,2,1,3,3,5,4,4,4,4,4,3,5,4,5,4,4,2,4,3,4,4,3,4,3,3,4,3,4,3,4,4,4,3,4,4,3,4,2,2,2,2,2,2,2,2,2,2,2,3,3,3,3,1,3,3,2,3,3,3,3,2,3,1,42,4,1,1,1,50,6000,5000,0,221101,사법연수원 업무 특성 변화 직업,법학
35032,3,4,3,4,3,4,5,7,3,4,3,4,3,4,3,4,4,5,3,4,3,4,4,5,3,4,3,4,4,4,4,4,4,5,4,5,2,2,2,3,2,4,2,2,5,6,4,5,3,4,3,4,2,3,1,0,1,0,1,0,4,4,3,4,2,3,1,0,1,0,1,0,1,0,1,0,1,0,3,4,3,4,3,4,4,6,4,5,4,4,4,3,4,4,4,4,4,3,3,3,3,7,1,2,2,2,0,2,2,4,4,3,5,4,4,3,3,4,3,4,3,4,3,4,3,3,3,2,3,4,3,4,4,4,5,5,5,5,4,3,5,5,2,2,2,2,2,2,2,2,2,2,3,3,3,3,2,6,6,8,8,8,3,7,5,7,2,42,3,1,1,1,42,4200,2500,0,24301,변동,교육
35033,4,4,5,5,4,5,3,4,3,4,4,4,2,2,4,5,3,4,2,3,4,4,3,5,4,4,3,3,3,4,3,4,1,0,2,2,2,3,3,4,4,4,4,4,4,4,3,4,2,3,3,4,4,4,1,0,4,5,3,5,4,4,3,4,3,4,4,5,3,4,4,3,3,4,1,0,1,0,1,0,1,0,2,2,4,4,3,3,3,3,3,3,4,3,4,4,3,3,3,4,4,13,2,3,1,2,0,3,5,4,4,3,3,5,3,3,2,3,4,3,2,4,3,3,3,1,2,4,2,4,2,4,3,3,4,4,3,4,4,2,5,4,2,2,2,2,2,2,2,2,2,2,4,3,3,3,2,2,2,2,1,1,2,8,6,7,1,33,4,1,1,1,40,4000,3000,0,155306,토양기사 환경오염 문제 문제 발생,환경공학
35034,1,0,2,3,1,0,3,4,1,0,1,0,4,5,1,0,3,4,2,3,2,3,1,0,2,3,4,5,1,0,2,3,1,0,1,0,1,0,1,0,1,0,2,3,4,6,1,0,1,0,3,4,1,0,1,0,1,0,1,0,1,0,1,0,2,3,1,0,1,0,1,0,1,0,3,4,1,0,2,3,3,4,2,3,3,4,2,3,4,3,3,3,4,3,3,3,2,3,3,2,3,18,1,3,2,2,0,7,5,3,2,2,4,4,3,3,3,2,3,3,3,3,4,3,4,3,3,3,3,4,3,3,3,4,4,3,5,4,3,3,2,4,2,2,2,2,2,2,2,2,2,2,3,2,2,3,1,5,5,4,6,5,4,6,5,6,2,33,4,1,1,1,46,3500,2900,0,416101,인기,미디어학
35035,3,4,4,5,3,3,4,4,4,4,3,3,3,3,3,3,4,4,3,3,3,3,3,3,4,4,3,3,4,4,3,3,4,5,4,4,3,3,4,4,3,3,4,4,3,3,3,3,2,2,2,3,2,2,2,2,2,2,2,2,3,3,2,2,2,2,1,0,1,0,1,0,2,2,1,0,1,0,1,0,1,0,1,0,3,2,3,2,3,4,4,3,3,3,3,3,3,3,3,3,3,11,1,3,2,1,3,3,2,3,1,1,3,3,3,3,3,3,3,3,4,2,2,4,4,4,4,4,3,3,3,4,3,3,3,2,3,3,2,4,3,3,2,1,2,2,2,2,2,2,2,2,2,2,2,2,1,3,3,3,3,3,3,3,3,3,2,70,2,1,1,1,40,2000,1600,0,33202,보험관련업무 전산 개발 전산 화로 인력 필요,인문고등학교
35036,3,4,2,3,3,4,3,5,2,3,3,5,3,4,3,5,2,3,3,4,3,4,2,3,3,5,3,4,2,3,3,5,2,3,2,3,3,4,2,3,3,4,3,4,3,5,2,3,3,4,2,3,3,5,3,5,3,4,2,3,3,4,2,3,2,3,3,5,3,4,3,5,3,4,2,3,3,5,3,5,2,3,2,3,3,4,3,4,4,4,3,4,3,4,4,4,3,4,3,4,4,3,1,2,2,2,0,5,4,4,3,3,4,4,3,4,3,4,3,4,2,4,4,4,4,3,3,2,4,3,3,4,3,4,4,3,2,4,3,3,4,3,2,2,2,2,2,2,2,2,2,1,3,3,3,3,2,4,5,6,5,4,5,5,4,6,1,42,3,1,1,1,48,4200,2400,0,825201,지금,중문학
35037,4,5,4,5,3,4,3,4,2,3,2,2,2,2,2,2,4,5,2,2,2,2,2,2,4,5,3,4,4,5,3,4,2,3,2,3,3,4,3,4,3,4,3,4,3,4,2,2,2,2,2,2,2,2,2,3,2,2,2,2,2,2,2,2,2,2,2,2,2,2,2,2,2,2,2,2,2,2,3,4,3,4,4,5,4,5,5,7,3,4,3,3,4,3,3,2,3,2,4,3,3,17,3,2,1,2,0,7,5,3,3,3,3,3,3,3,3,4,4,4,2,3,3,4,4,4,4,2,3,2,4,4,4,4,3,3,4,4,4,4,4,3,2,2,2,2,2,2,2,2,2,1,3,3,3,3,2,8,3,7,3,3,7,2,8,8,2,31,3,1,3,2,20,2000,1400,0,306902,언어치료사 기계 대체 불가,사회복지
35038,2,4,3,4,1,0,1,0,1,0,1,0,1,0,3,4,3,4,1,0,1,0,3,4,1,0,3,4,1,0,1,0,1,0,1,0,3,4,1,0,1,0,1,0,1,0,1,0,1,0,1,0,2,2,1,0,3,4,1,0,1,0,1,0,3,4,1,0,3,3,3,4,1,0,3,2,2,2,3,4,3,4,2,3,2,3,1,0,1,1,4,3,3,3,3,2,3,2,2,2,2,3,1,2,2,1,2,7,2,2,2,2,3,3,2,3,3,3,3,3,3,3,3,3,3,4,4,3,3,3,3,3,3,3,3,3,3,4,4,3,3,4,2,2,2,2,2,2,2,2,2,2,3,3,3,3,2,5,3,2,5,4,3,5,5,5,1,45,2,1,1,1,40,2931,2000,0,852101,기계조작 교육훈련 인공 지능 발달,문과
35039,2,3,3,4,2,2,4,5,2,3,3,4,4,6,3,4,4,5,4,5,2,3,4,5,4,5,3,4,4,5,4,5,3,4,2,4,4,5,4,5,3,4,4,5,4,5,2,3,1,0,2,3,1,0,1,0,1,0,1,0,2,3,1,0,1,0,1,0,1,0,1,0,1,0,1,0,1,0,3,4,4,5,3,4,3,4,4,5,4,4,2,3,4,3,3,4,3,3,4,3,3,18,1,1,2,2,0,7,5,5,4,4,4,5,4,3,2,3,4,3,3,4,5,4,4,2,3,4,3,5,3,5,5,5,5,5,4,5,4,4,5,4,2,2,2,2,2,2,2,2,2,1,4,3,3,3,2,7,3,3,2,2,7,7,7,8,1,41,4,1,3,2,15,1000,500,0,414501,소규모 합창단 악단 취미 생활 일환,작곡
35040,2,3,4,5,3,3,2,1,2,2,2,1,2,1,2,2,2,4,2,1,2,1,2,3,3,4,3,3,4,5,3,3,2,2,2,3,3,3,3,4,4,5,3,3,3,4,3,4,3,4,4,5,3,3,2,1,2,3,2,1,2,1,3,3,2,2,3,3,3,3,3,4,4,5,4,5,3,4,3,3,4,5,3,3,2,1,2,2,3,2,3,2,3,3,2,3,2,3,3,2,3,9,1,1,1,2,0,7,2,3,2,2,3,3,2,3,2,4,3,3,3,2,3,3,3,3,4,2,2,3,4,3,2,3,3,3,3,2,2,2,3,4,2,2,2,2,2,2,2,2,2,1,3,2,2,3,2,6,7,6,4,3,4,5,3,5,1,38,2,1,1,1,60,3200,2150,0,531501,일식조리사자격증 일식 요리 기계 대신,문과
35041,4,6,4,5,4,6,4,6,3,5,4,6,2,2,4,6,3,5,3,5,3,5,3,5,2,4,5,5,4,5,3,5,4,6,4,6,3,5,4,6,4,6,3,5,3,5,1,0,1,0,5,6,1,0,1,0,1,0,1,0,3,5,1,0,1,0,1,0,1,0,1,0,3,5,1,0,1,0,1,0,1,0,2,3,3,5,3,4,5,5,4,4,5,4,4,5,3,5,4,4,5,13,1,1,1,1,4,7,5,4,4,4,4,5,4,4,3,4,5,4,2,4,4,4,3,3,2,3,2,3,3,4,4,4,4,4,4,3,4,3,3,4,2,2,2,2,2,2,2,2,2,1,3,3,2,2,2,2,3,1,7,2,1,2,5,6,2,25,4,1,1,1,40,5500,5000,0,22201,공인노무사 서류작성 교육 급여와 4대보험 관리업무 교육이 필요함 기계 고도화 직업 인적 요소 실제 수행 이기 때문 다년 교류 업무 이기 때문,경영학
35042,4,5,4,5,3,3,4,4,3,3,2,2,4,5,3,4,2,3,3,3,3,3,3,3,4,5,2,2,4,5,1,0,4,5,4,5,2,2,3,3,4,5,3,3,4,5,2,2,2,2,2,2,2,2,4,5,4,5,3,3,2,2,4,5,3,3,4,5,4,5,4,5,1,0,4,5,4,5,4,5,4,5,4,5,4,5,3,3,4,2,4,3,4,1,4,3,2,4,4,2,4,3,4,1,2,2,0,6,1,2,2,1,4,3,3,3,9,9,9,3,2,4,4,4,4,5,4,2,4,2,2,2,2,2,3,4,4,4,4,2,4,4,2,2,2,2,2,2,2,2,2,3,2,3,3,3,2,5,6,7,4,4,5,7,3,5,1,52,2,2,6,1,54,0,0,4400,864101,대기업 제품 가격 경쟁력 대응 수입,인문계
35043,4,5,4,5,4,5,4,5,4,6,5,5,4,5,4,5,4,5,3,4,4,5,4,5,4,6,4,5,1,0,3,4,2,3,2,3,3,4,4,5,4,5,4,5,4,5,2,3,3,4,3,4,4,5,4,5,4,5,4,5,4,6,4,5,4,5,4,5,3,4,3,4,4,5,3,4,3,4,2,3,4,5,3,4,4,5,4,5,4,4,3,3,4,4,4,4,3,3,4,3,4,3,1,4,1,1,3,7,5,4,4,4,4,4,4,4,9,4,4,4,2,4,4,4,5,4,4,2,3,4,5,4,3,4,4,4,4,3,4,3,4,4,2,2,2,2,2,2,2,2,2,2,3,3,3,3,2,4,7,6,4,4,4,3,7,4,1,29,4,1,1,1,45,3300,2700,0,140701,품질경영산업기사 품질관리 생산관리 생산공정 관리 변화,기계공학
35044,3,4,3,4,1,0,2,2,5,6,4,5,3,4,3,4,3,3,3,4,4,5,3,4,3,4,3,4,5,5,3,5,3,3,3,3,1,0,4,6,4,5,3,4,1,0,1,0,1,0,1,0,4,5,4,5,4,6,3,4,3,4,5,6,4,5,4,5,3,4,4,5,3,3,4,5,3,3,3,4,2,2,4,5,2,3,2,2,4,5,3,3,5,4,4,3,4,4,5,4,4,17,1,3,1,2,0,1,4,4,4,3,5,4,4,3,3,3,4,4,2,4,3,4,3,3,4,2,4,4,2,4,4,4,3,4,4,4,4,3,4,4,2,2,2,2,2,2,2,2,2,3,4,3,3,3,2,4,5,4,5,6,4,5,3,3,1,39,4,1,1,1,40,3600,3000,0,306701,의지보조기기사 수요 기술 동반 증가,의료공학
35045,3,5,4,6,3,4,3,5,2,3,3,4,5,6,3,5,4,5,3,5,3,5,3,5,4,5,4,5,4,6,3,5,3,4,3,6,4,5,3,5,3,4,4,6,4,6,4,6,5,6,4,6,3,6,3,4,3,6,3,6,4,6,4,6,3,5,2,4,2,4,2,4,3,5,3,4,3,6,2,4,4,6,2,3,2,4,1,0,4,5,3,3,4,4,4,4,4,5,4,5,4,14,1,2,2,2,0,4,4,4,3,3,5,4,4,4,4,4,4,4,2,3,3,4,3,2,3,1,3,4,4,4,3,2,2,2,3,2,3,2,4,4,2,2,2,2,2,2,2,2,2,2,3,2,2,2,1,8,8,6,3,4,4,6,5,5,2,30,3,1,1,1,45,3400,2600,0,24404,분야 세분 마케팅 홍보 역할 확대 전망,광고홍보
35046,1,0,1,0,1,0,1,0,1,0,1,0,2,4,2,4,1,0,2,4,1,0,1,0,2,4,1,0,1,0,2,4,1,0,1,0,1,0,3,5,1,0,2,4,2,4,2,5,3,5,1,0,1,0,1,0,3,4,1,0,1,0,3,5,2,4,3,5,2,3,2,3,2,4,3,4,4,5,3,4,4,5,4,5,2,4,1,0,4,4,4,3,4,4,3,4,3,4,4,3,4,9,1,2,1,2,0,3,2,4,3,3,4,4,4,3,3,4,4,4,4,3,3,4,4,4,4,3,3,4,5,4,4,4,3,4,4,4,4,4,5,4,2,2,1,2,2,2,2,2,2,2,2,2,2,2,1,6,5,6,5,6,5,5,6,5,1,33,3,1,1,1,45,3000,2500,0,531701,바리스타 모바일 서비스 도입 바리스타 자동화 전망,식품조리학
35047,3,3,3,3,2,3,3,4,2,3,1,0,1,0,2,2,2,3,2,2,1,0,1,0,3,5,4,5,3,4,2,2,3,4,4,5,1,0,4,5,3,3,2,3,5,4,2,3,2,3,3,3,1,0,1,0,1,0,1,0,1,0,1,0,1,0,1,0,1,0,1,0,1,0,1,0,3,4,2,2,2,2,1,0,3,3,3,4,4,3,3,3,2,3,2,4,2,2,2,2,3,18,1,2,2,2,0,7,4,4,3,3,3,4,3,3,3,3,3,4,3,2,3,4,3,3,2,3,3,3,3,4,3,3,3,2,4,3,3,3,3,3,2,2,2,2,2,2,2,2,2,1,3,3,3,3,2,7,8,7,6,7,7,8,2,3,1,27,3,1,3,2,40,2000,2000,0,417201,매니저 역할 점점 세분 전문화,연예매니지먼트
35048,3,4,3,4,2,2,3,5,3,4,3,3,2,3,4,5,4,5,3,4,2,3,4,4,4,5,4,6,4,4,2,3,3,4,3,2,3,5,4,5,4,5,3,5,4,5,3,2,2,3,3,4,4,5,2,3,3,4,4,5,3,3,3,4,4,4,4,5,4,3,4,6,3,4,3,4,3,4,3,4,4,5,3,3,3,4,2,4,4,4,3,4,3,2,3,4,3,4,3,3,4,10,1,3,2,2,0,3,3,4,4,4,4,4,3,4,3,4,4,4,2,4,4,4,4,5,4,3,4,3,3,4,4,3,4,4,5,5,4,4,5,4,2,2,2,2,2,2,2,2,2,2,3,3,2,3,2,6,6,4,5,3,3,7,3,2,1,39,3,1,1,1,40,4000,2200,0,842201,인터넷 사용 계속 것이므,정보통신학
35049,3,3,3,3,3,3,3,3,2,3,2,3,2,2,2,2,2,2,2,3,2,3,2,3,3,3,2,2,2,3,3,3,2,3,2,3,2,2,2,2,3,3,3,3,3,4,3,4,2,3,2,3,2,3,5,6,5,6,3,4,3,4,4,4,3,4,4,5,4,5,4,5,4,4,3,4,3,3,3,4,3,4,2,3,3,4,3,3,3,2,2,2,2,2,2,3,2,2,2,1,2,19,1,2,1,1,1,2,2,2,2,2,3,4,3,2,3,3,4,3,3,3,3,3,3,3,3,4,4,4,2,4,3,2,3,4,3,4,3,3,4,4,2,2,2,2,2,2,2,2,2,1,3,3,3,3,2,6,5,6,5,4,5,6,6,4,1,30,3,1,1,1,48,2800,2400,0,811901,농기계정비기능사 실무훈련 기계 정비 대체,기계공학
35050,3,4,3,4,3,4,4,5,3,4,3,5,3,5,3,4,4,5,4,4,3,4,3,4,3,5,3,4,3,4,4,5,3,4,2,3,3,4,4,5,4,5,4,5,5,6,2,3,1,0,3,4,4,5,3,4,3,4,3,4,1,0,2,3,2,2,3,4,4,5,4,5,1,0,4,5,3,4,4,5,2,3,2,3,4,5,4,5,4,4,2,4,4,3,4,2,4,3,4,5,3,15,2,6,1,1,3,3,4,5,5,5,5,4,4,4,4,4,4,4,2,4,4,5,5,2,4,2,5,3,3,5,4,3,4,4,4,5,3,3,4,5,2,2,1,1,1,1,2,2,2,2,2,3,3,3,2,8,7,6,2,4,7,3,3,6,1,53,3,1,1,1,50,9000,3800,0,621301,철도운전면허2종 열차 운행에 필요한 규정 차량 고정시 응급조치요령 차종별 특성 원리 신형 전동차 구입 운행 지식 운용 습득 고객 만족도 요구사항 관계 하차 안전 객실 민원 세심 응대 이용 승객 휴대폰 민원 제기 열차 운행 자동화 이용 승객 감소 재택근무 운행 횟수 감소 일자리,철도운전제어
35051,4,4,3,5,3,5,3,3,3,3,4,4,1,0,3,4,3,4,3,3,2,2,5,5,5,4,3,5,4,4,3,4,2,4,1,0,5,4,3,4,4,4,4,5,4,5,4,5,3,4,4,5,3,4,1,0,4,5,2,3,2,2,1,0,3,4,3,4,3,3,4,3,3,4,4,4,1,0,1,0,1,0,2,2,4,4,3,3,4,5,3,3,4,3,5,3,4,3,3,5,4,17,1,2,1,2,0,6,6,5,4,5,4,5,4,3,9,9,3,3,2,5,4,3,3,3,2,2,4,4,3,4,4,5,3,4,5,4,3,4,4,4,2,2,2,2,2,2,2,2,2,2,3,3,2,2,2,7,4,5,5,6,5,3,5,6,2,40,5,2,5,1,45,0,0,9500,301112,전문의자격증 이용환,의학
35052,4,5,5,6,4,5,4,6,4,5,4,5,5,5,4,6,4,5,3,4,2,3,3,3,4,5,4,5,3,5,2,3,2,3,2,3,3,4,4,5,4,4,2,3,2,2,2,3,3,4,4,5,2,2,2,2,2,3,2,2,2,2,2,2,2,2,2,2,2,2,2,2,2,2,2,3,2,2,4,4,3,3,2,3,4,5,4,4,4,4,4,3,3,4,4,4,4,4,3,4,4,11,1,3,1,2,0,2,5,4,4,3,4,4,4,4,3,3,4,4,3,3,3,4,3,3,4,4,4,3,3,4,3,3,4,4,4,4,4,4,4,3,2,2,2,2,2,2,2,2,2,3,3,3,3,3,2,7,4,4,5,6,5,4,7,6,1,37,4,1,1,1,40,4500,3500,0,32301,손해사정사 변화,경영학
35053,4,6,4,6,4,6,4,5,4,5,4,5,4,5,4,6,4,6,4,6,4,6,4,6,4,6,4,5,4,6,4,6,4,6,4,6,4,6,4,6,4,6,4,6,4,6,4,6,4,5,4,6,4,6,4,5,4,6,4,6,4,5,4,6,4,6,4,5,4,5,3,5,3,5,3,5,3,5,3,5,3,5,3,5,4,5,4,5,4,3,3,3,4,4,3,4,4,3,3,4,4,11,1,3,1,2,0,5,5,4,4,4,4,4,4,4,4,4,4,4,2,4,4,4,4,4,4,3,4,4,4,4,4,3,4,4,4,4,4,3,4,4,2,2,2,2,2,2,2,2,2,4,4,2,2,3,2,7,7,7,8,8,8,7,7,7,1,42,4,1,1,1,40,7500,3500,0,31201,CFA 기계 대체,경영학
35054,3,3,4,4,2,1,3,2,1,0,1,0,1,0,1,0,1,0,1,0,1,0,1,0,2,2,3,3,4,5,1,0,3,3,1,0,3,3,3,4,2,3,1,0,1,0,2,2,1,0,1,0,3,3,1,0,1,0,1,0,1,0,1,0,1,0,1,0,1,0,1,0,1,0,3,4,1,0,1,0,1,0,1,0,3,4,2,3,4,3,4,3,3,4,3,4,3,4,4,3,4,16,5,2,1,2,0,5,4,4,3,5,4,4,2,5,4,5,5,4,4,3,4,4,5,4,3,3,5,4,4,4,3,3,4,4,4,4,3,4,4,2,2,2,2,2,2,2,2,2,2,2,3,3,3,3,1,8,7,6,6,7,6,7,7,5,2,46,4,1,1,1,40,2700,2300,0,231401,직업상담사 청년 실업 위기 상담사 사람,심리학
35055,2,3,2,4,2,4,3,4,2,4,3,4,2,3,2,4,3,4,3,5,2,3,2,3,3,4,1,0,3,4,2,4,2,3,2,3,2,3,3,4,3,5,2,4,2,3,2,3,3,5,1,0,1,0,1,0,2,3,1,0,1,0,1,0,1,0,2,3,2,4,2,4,1,0,3,4,2,3,2,3,2,3,3,4,3,4,2,4,3,4,4,2,2,2,4,4,2,3,4,2,4,19,4,1,2,2,0,7,1,2,2,1,4,2,3,2,1,3,3,2,4,2,1,3,3,2,2,3,2,4,3,4,2,3,4,4,4,5,4,3,4,4,2,2,1,2,2,2,2,2,2,2,2,2,2,2,2,8,7,8,7,8,9,3,3,4,2,52,2,1,4,2,52,1900,1800,0,561601,가전제품 사용 경우 종종 맞벌이 가구 식구 숫자 일자리 자꾸 감소,인문계
35056,4,4,5,6,2,2,5,4,3,4,4,5,3,3,3,4,3,5,2,2,2,2,4,5,5,4,4,4,4,5,5,6,3,3,2,3,3,5,4,4,3,3,3,4,3,5,3,4,2,3,3,4,1,0,2,3,2,2,1,0,3,3,1,0,1,0,2,3,1,0,1,0,1,0,5,5,3,2,3,3,3,3,3,3,3,3,2,3,5,4,3,4,3,4,4,3,4,4,4,5,5,17,1,1,1,2,0,6,6,4,5,5,4,4,4,4,9,9,5,4,2,4,4,3,4,4,5,3,4,2,3,4,4,5,4,4,5,4,4,4,4,4,2,2,2,2,2,2,2,2,2,1,4,2,2,2,2,5,4,6,5,5,6,6,5,6,1,55,5,2,5,1,48,0,0,10000,301301,한의사면허 한약 보험 범위 확대 고령화 시대 수요 증가,한의학
35057,3,3,3,5,1,0,3,5,1,0,2,4,1,0,3,4,4,5,4,4,4,6,1,0,3,4,1,0,3,5,4,5,1,0,2,3,1,0,5,6,4,6,3,5,2,3,1,0,1,0,1,0,1,0,1,0,5,4,1,0,2,2,1,0,3,5,3,4,1,0,1,0,1,0,1,0,1,0,4,6,4,6,3,5,4,6,4,6,4,4,4,2,3,1,2,5,3,1,3,4,3,19,1,3,1,2,0,7,2,4,2,2,3,3,2,2,1,2,3,2,3,2,3,4,3,2,2,4,2,4,2,5,3,3,2,2,3,5,3,3,4,5,2,2,2,2,2,2,2,2,2,1,4,3,2,2,2,6,7,4,3,4,2,7,2,4,1,29,3,1,1,1,40,2400,2200,0,541101,운전면허증 경찰 대가,체육학
35058,2,3,3,4,2,1,2,3,2,3,3,3,1,0,3,3,2,2,2,2,3,3,2,2,2,2,1,0,2,2,2,3,1,0,1,0,2,2,2,3,4,3,3,3,2,3,2,3,2,2,2,2,3,2,2,3,3,3,3,4,2,1,1,0,3,3,2,2,4,4,3,3,1,0,3,2,3,4,1,0,3,4,2,3,3,3,2,2,4,4,3,3,3,3,4,4,2,2,3,2,3,19,1,2,1,1,2,2,2,4,3,2,4,4,3,4,9,9,4,4,2,5,2,3,1,2,4,3,5,5,3,4,3,1,2,3,5,5,2,1,4,4,2,2,2,2,2,2,2,2,2,2,2,3,3,3,2,8,8,7,5,3,6,6,3,4,1,36,2,1,1,1,40,3700,3300,0,703101,배관산업기사 건설 배관 관리 훈련 안전 사고 위험 일자리 전망 감소,문과
35059,4,5,4,6,4,6,4,5,1,0,1,0,1,0,1,0,3,4,1,0,1,0,1,0,3,5,3,4,4,5,1,0,3,4,4,5,2,3,4,5,3,4,1,0,1,0,1,0,1,0,1,0,1,0,1,0,1,0,1,0,1,0,1,0,1,0,1,0,1,0,1,0,1,0,1,0,1,0,1,0,1,0,1,0,2,2,2,2,4,3,2,3,3,4,4,4,4,4,4,4,4,17,1,3,1,2,0,7,5,4,3,4,4,3,4,4,3,4,3,4,2,4,3,3,4,3,4,3,4,3,4,3,3,4,4,4,4,4,3,4,3,3,2,2,2,2,2,2,2,2,2,2,3,3,3,3,2,6,7,5,8,7,8,8,7,7,2,30,4,1,1,1,40,2600,2200,0,306601,임상심리학 정신건강 인구 증가 일자리,심리학
35060,2,2,4,5,2,2,4,5,3,3,1,0,1,0,2,2,2,3,2,2,1,0,1,0,3,4,2,2,4,5,3,3,1,0,1,0,2,2,4,5,3,4,2,2,2,3,2,2,1,0,2,2,1,0,1,0,1,0,1,0,2,2,1,0,1,0,1,0,1,0,1,0,1,0,2,2,2,3,2,3,2,2,1,0,2,3,2,2,2,2,1,3,3,4,2,4,2,3,3,1,2,18,1,6,2,2,0,3,2,2,3,2,2,3,3,3,3,4,4,3,2,2,3,3,3,4,3,2,2,4,4,4,2,1,3,2,3,3,3,4,2,3,2,2,2,2,2,2,2,2,2,2,3,2,2,3,2,7,5,6,4,5,6,3,3,4,2,25,2,1,1,1,55,2200,2200,0,616201,공란,문과
35061,3,5,3,5,3,5,3,5,3,5,3,5,2,4,3,4,4,4,3,4,2,4,3,4,4,5,3,5,4,5,3,4,4,5,4,5,4,4,4,5,4,5,4,5,5,4,1,0,1,0,5,5,3,5,1,0,4,5,4,4,4,2,3,5,3,4,4,3,3,3,4,4,3,4,3,2,3,3,5,5,4,5,3,5,4,5,4,4,4,3,4,3,4,3,5,3,3,4,4,4,4,8,2,4,1,1,2,6,3,5,3,3,5,3,4,3,3,2,4,4,2,5,4,3,4,3,4,3,5,4,3,4,3,3,3,4,3,4,3,3,4,3,2,2,2,2,2,2,2,2,2,1,3,2,2,3,1,3,3,3,3,3,3,3,3,3,1,43,2,1,1,1,40,7000,3800,0,621301,철도교통안전관리자 철도차량운전면허 전기기능사 사무자동화산업기사 안전교육 철도 국가 기관 산업 이기 때문 국민 편의 위해,인문계 고등학교
35062,3,4,3,4,2,2,2,2,4,6,4,5,5,7,4,5,4,5,3,4,3,4,3,4,3,4,3,4,1,0,1,0,1,0,1,0,2,2,2,3,4,5,3,4,1,0,1,0,1,0,1,0,5,6,5,7,4,5,4,6,5,6,3,4,1,0,2,3,1,0,1,0,1,0,2,3,2,2,3,4,2,2,1,0,4,5,1,0,5,4,4,3,3,3,4,3,3,5,4,3,4,13,1,2,2,2,0,7,5,4,3,4,4,4,3,5,5,4,4,5,3,4,3,5,3,3,4,4,3,5,4,4,4,5,5,4,5,4,4,2,4,3,2,2,2,2,2,2,2,2,2,2,4,2,2,3,2,2,1,2,2,3,8,8,8,5,1,44,4,1,1,1,40,5500,3200,0,159103,차원 영상 형상 경우,소프트웨어
35063,3,3,3,3,2,2,3,3,1,0,1,0,1,0,3,4,3,4,1,0,1,0,3,4,4,5,1,0,1,0,2,3,1,0,1,0,1,0,1,0,1,0,1,0,1,0,1,0,4,3,1,0,4,5,5,5,5,6,5,5,2,2,5,3,5,5,5,2,2,2,2,3,1,0,3,3,4,5,2,2,5,2,3,5,3,3,2,2,1,2,1,3,2,1,3,1,4,3,4,1,1,3,1,2,2,2,0,5,2,3,2,2,4,3,2,3,2,2,3,2,3,2,2,4,3,2,5,4,3,3,4,4,4,4,3,3,3,5,4,3,5,3,2,2,2,2,2,2,2,2,2,4,2,3,3,3,2,7,6,7,8,7,7,8,6,4,1,32,2,1,1,1,40,2600,2400,0,822101,공정 자동화 인력 감소 예상,정밀기계
35064,5,6,5,7,4,6,5,7,5,7,5,6,4,6,4,7,4,6,5,6,4,6,5,7,4,6,3,5,4,5,5,7,4,6,5,6,4,6,4,5,4,6,5,7,5,7,4,6,5,7,5,7,5,7,5,7,5,6,5,7,4,6,4,7,4,4,5,6,5,7,4,6,4,6,5,5,5,6,1,0,1,0,1,0,4,5,1,0,3,3,3,2,3,3,3,3,3,3,3,3,3,15,2,5,1,2,0,5,7,3,3,3,5,4,5,3,3,3,4,4,3,3,3,3,3,3,3,3,2,3,5,3,3,3,3,3,3,3,3,3,3,4,2,2,2,2,2,2,2,2,2,2,3,3,3,3,2,1,5,5,8,5,3,5,5,5,1,46,6,1,1,1,40,5100,3000,0,122104,박사학위 상태 유지,수산학
35065,4,5,3,4,3,4,4,5,3,4,2,2,2,2,4,5,3,4,2,3,1,0,4,5,4,5,4,4,4,5,3,4,3,4,4,4,4,4,4,4,4,5,3,3,3,3,1,0,1,0,4,5,2,2,2,2,2,2,1,0,4,4,4,5,3,3,1,0,1,0,1,0,2,2,1,0,1,0,2,2,2,2,1,0,3,3,1,0,4,4,2,3,4,3,4,4,4,4,5,3,3,3,1,3,2,2,0,2,4,4,3,3,4,4,4,3,3,2,4,3,3,3,4,4,3,2,4,2,3,3,3,4,4,3,4,4,4,5,4,4,4,4,2,2,2,2,2,2,2,2,2,2,2,3,3,2,1,6,6,5,4,4,4,6,5,5,2,31,4,1,1,1,40,3400,3300,0,26201,성장 여파 감소,행정학
35066,4,4,4,4,4,4,4,4,4,4,4,4,4,4,3,4,5,5,4,4,4,5,4,5,4,5,3,5,4,4,4,4,5,5,5,5,5,5,4,5,5,5,5,5,5,5,5,5,4,5,4,4,4,4,5,5,4,5,3,4,5,5,4,4,4,4,5,5,4,4,4,4,4,4,5,5,4,4,4,4,4,5,5,5,4,5,5,5,4,5,4,4,4,3,4,4,4,3,3,5,3,13,2,4,2,2,0,3,2,4,4,4,4,4,4,3,4,3,4,3,2,4,4,4,5,4,5,4,4,4,4,4,4,3,4,3,4,5,4,4,4,4,2,2,2,2,2,2,2,2,2,2,2,2,2,2,2,6,3,7,4,3,6,6,7,4,1,43,6,1,1,1,40,5100,3000,0,122104,인공 지능 로봇 기술 일자리 감소,수산학
35067,5,7,5,7,4,6,5,6,4,6,5,6,3,3,2,3,5,6,3,5,3,3,5,5,4,5,5,5,4,5,4,6,4,5,3,5,5,7,2,3,4,6,4,5,4,4,3,5,2,4,2,4,1,0,1,0,1,0,1,0,3,5,2,3,2,3,1,0,1,0,1,0,2,3,2,2,2,3,2,4,2,3,2,3,4,5,3,3,5,3,2,2,4,4,2,3,2,5,4,5,4,16,5,4,2,2,0,4,6,5,3,2,3,4,4,2,3,2,4,3,4,3,2,4,5,4,3,4,3,5,3,3,4,3,2,4,3,4,5,3,4,5,2,2,2,2,2,2,2,2,2,1,2,2,2,2,1,3,2,1,3,3,7,8,5,3,2,39,5,1,2,2,30,3360,2640,0,211201,학생 감소,문학
35068,2,4,2,3,3,4,2,4,3,4,2,3,2,4,3,3,3,3,2,4,3,3,3,3,2,3,3,3,3,4,2,3,3,3,3,3,2,4,2,3,3,3,2,4,3,3,2,3,4,3,2,3,2,4,2,3,3,3,2,3,2,3,3,3,2,3,2,4,3,3,3,4,3,3,3,3,2,3,2,4,2,3,3,3,2,4,2,3,3,2,3,2,3,2,2,2,3,2,2,1,2,16,5,2,1,2,0,7,5,3,4,4,3,2,3,4,3,3,4,4,3,3,2,3,4,4,3,3,3,3,3,3,4,3,3,2,4,5,4,3,3,3,2,2,2,2,2,2,2,2,2,2,3,2,2,2,1,3,7,5,4,3,7,3,6,5,2,34,3,1,1,1,40,3900,2500,0,304003,간호사면허증 일자리 한정,간호학
35069,5,5,5,6,5,6,5,6,4,4,5,6,4,5,5,5,5,6,3,5,5,5,5,6,5,5,5,6,5,5,5,6,5,6,5,5,3,5,5,5,5,7,5,7,5,7,4,5,5,5,5,7,5,5,5,3,2,4,2,2,5,5,5,6,5,4,3,3,2,1,1,0,5,6,1,0,1,0,5,4,5,3,1,0,3,4,2,2,5,3,5,1,2,4,5,4,1,5,4,4,3,16,5,4,1,1,6,6,6,3,3,3,2,4,1,1,1,1,3,2,4,2,2,4,3,2,3,1,1,2,1,4,3,4,3,4,3,1,1,3,3,5,2,2,2,2,2,2,2,2,2,1,3,3,3,3,2,9,9,3,1,1,1,9,9,9,2,32,5,1,1,1,45,5000,3300,0,110104,워드프로세서 컴퓨터 활용 능력 어학 정보화 법령 예산 교육 대한 관심,교육학
35070,4,5,3,4,2,1,2,2,3,4,3,3,2,3,4,4,3,4,3,4,2,4,4,4,4,5,3,5,3,3,3,3,3,4,3,3,1,0,3,3,3,5,4,4,3,5,1,0,2,2,1,0,3,5,2,2,4,4,3,3,5,6,3,4,4,5,3,3,4,4,3,4,3,3,3,4,4,4,2,4,2,2,2,2,3,5,2,3,4,4,3,4,5,3,4,4,3,3,4,3,4,8,1,2,2,2,0,2,5,4,4,3,3,4,4,4,3,3,4,4,2,3,4,3,3,2,3,1,3,4,1,5,4,4,4,3,3,5,4,3,3,3,2,2,2,2,2,2,2,2,2,2,1,2,2,2,1,5,6,5,4,4,4,6,4,4,1,30,4,1,1,1,40,3000,2500,0,28203,코로나 여파 항공 어려움,항공학
35071,1,0,2,2,1,0,1,0,1,0,1,0,1,0,2,2,1,0,1,0,1,0,1,0,2,2,2,3,2,2,1,0,1,0,1,0,1,0,2,2,2,2,1,0,3,4,1,0,1,0,1,0,1,0,1,0,2,2,1,0,1,0,1,0,1,0,1,0,2,3,1,0,1,0,1,0,1,0,1,0,3,4,2,3,2,2,2,3,2,3,5,4,2,2,3,4,3,2,3,3,4,19,1,2,2,2,0,1,1,2,1,1,3,2,2,4,9,4,4,3,3,2,2,3,2,3,2,3,2,4,3,5,2,1,1,3,4,2,2,2,4,1,2,2,2,2,2,2,2,2,2,1,2,2,2,2,2,9,8,8,2,2,3,6,8,7,2,50,1,1,3,2,40,1700,1700,0,561601,로봇,0
35072,4,5,3,4,4,4,3,4,4,4,3,4,3,4,3,5,4,5,3,3,1,0,2,3,5,5,3,4,3,4,4,5,4,5,4,4,3,4,3,4,4,4,3,3,3,4,2,4,2,4,4,4,4,4,4,5,3,4,3,4,2,4,3,4,4,5,4,4,4,4,4,5,4,4,4,4,3,4,3,4,4,4,3,3,4,4,4,4,3,4,3,4,4,3,4,3,3,3,4,3,3,17,3,2,1,2,0,5,4,4,4,4,5,4,4,4,4,5,5,5,4,4,4,4,4,3,3,4,2,3,5,4,4,4,4,3,4,5,3,4,4,3,2,2,2,2,2,2,2,2,2,1,4,3,3,3,2,8,8,7,2,2,2,6,4,5,2,35,3,1,1,1,40,2300,1900,0,306904,웃음치료사 자격증 웃음 치료 점점,사회복지
35073,4,5,4,6,3,5,4,5,1,0,4,5,4,3,4,4,3,5,3,5,3,5,3,5,4,6,3,5,5,6,3,5,3,5,3,3,3,4,3,5,3,5,4,6,3,5,3,4,3,3,3,5,3,4,3,2,1,0,1,0,3,3,1,0,1,0,1,0,1,0,1,0,3,5,2,1,3,5,2,3,3,3,1,0,5,5,4,3,4,4,3,4,3,4,3,3,4,3,4,3,4,19,1,2,1,2,0,3,6,5,4,4,4,4,4,4,3,3,4,4,1,4,4,4,3,4,5,3,4,4,4,3,4,3,5,4,3,4,4,5,3,2,2,2,2,2,2,2,2,2,2,2,3,3,3,3,2,7,4,6,3,4,7,5,7,7,1,39,6,1,1,1,40,5200,5200,0,110105,심리상담사 인구 감소 일자리 감소,심리학
35074,2,2,2,2,1,0,3,3,1,0,2,2,1,0,3,4,5,6,4,5,3,4,3,4,4,5,2,2,1,0,4,5,1,0,1,0,2,2,2,3,3,4,5,7,3,4,1,0,1,0,2,2,4,5,2,2,3,4,3,4,1,0,1,0,5,6,2,2,5,7,5,7,1,0,5,6,5,7,4,5,3,4,3,4,4,5,4,5,5,5,4,4,5,4,3,3,3,4,4,5,5,8,1,6,1,1,5,5,5,4,5,4,4,5,5,4,3,3,4,3,4,3,4,4,4,3,3,3,3,4,4,4,5,5,5,4,4,5,4,4,5,4,2,2,2,2,2,2,2,2,2,1,4,2,2,2,2,2,2,2,1,8,7,8,8,7,1,44,4,1,1,1,51,10500,8500,0,621101,사업용 조종사 운송용 조종사 비행훈련 시스템 숙지 훈련 교통 수단 항공 수단,항공학
35075,1,0,2,5,1,0,1,0,2,4,2,5,3,5,3,5,3,5,2,5,3,5,2,5,3,5,2,4,1,0,2,4,1,0,1,0,2,5,2,5,3,5,3,4,1,0,2,5,3,5,1,0,4,6,3,4,4,6,3,5,1,0,3,5,3,5,3,6,4,6,4,5,3,5,5,6,4,6,3,5,5,5,5,5,3,4,2,4,4,4,4,3,4,2,3,4,3,4,3,2,3,3,1,2,2,2,0,5,2,2,3,3,4,4,3,3,3,4,4,3,3,2,2,5,3,2,3,1,2,3,5,4,3,3,3,3,4,3,2,3,4,4,1,2,1,1,2,1,2,2,2,2,2,3,3,3,2,7,6,8,4,3,2,8,6,2,1,27,2,1,1,1,48,2700,2200,0,883101,상품 개발 해외 수입 국내 제조 사의 감소,이과
35076,2,2,3,3,2,2,3,4,3,4,3,4,3,3,3,3,3,4,1,0,2,2,3,3,3,4,2,2,1,0,1,0,1,0,1,0,2,2,1,0,3,4,1,0,1,0,3,4,4,5,1,0,3,4,4,5,5,7,4,6,4,5,3,4,4,5,3,4,3,4,4,5,5,6,1,0,2,2,1,0,2,2,3,3,5,6,3,3,3,4,4,4,4,4,4,5,3,4,3,5,3,13,1,3,1,2,0,7,5,5,4,4,5,5,3,4,3,4,4,4,2,4,4,3,4,2,3,3,4,4,3,4,3,4,3,3,4,3,3,3,3,2,2,2,2,2,2,2,2,2,2,2,4,3,3,3,2,3,7,3,7,5,3,3,3,4,1,35,4,1,1,1,40,2706,2400,0,155301,대기관리기술사 대기환경기술사 미세먼지 대기오염 일자리 증가 예상,환경공학
35077,5,7,5,7,5,6,4,6,4,5,5,7,4,6,4,6,4,6,4,6,3,5,4,6,4,6,3,4,4,6,4,5,4,5,4,5,4,5,4,5,4,5,3,5,2,4,2,3,2,2,3,3,3,3,1,0,1,0,1,0,2,3,2,3,1,0,1,0,1,0,1,0,2,3,1,0,1,0,1,0,1,0,1,0,2,3,2,3,4,4,4,4,4,4,4,4,4,3,4,4,4,15,2,4,2,2,0,3,5,4,3,3,4,4,4,5,4,4,4,4,2,4,4,3,4,4,3,4,3,3,2,4,4,3,4,3,4,4,3,4,4,2,2,2,2,2,2,2,2,2,2,2,3,3,3,3,1,4,3,2,3,3,4,3,2,3,1,33,4,1,1,1,50,5000,4500,0,221101,상태 유지,법학
35078,1,0,3,4,2,1,3,4,2,2,1,0,1,0,2,2,3,3,1,0,1,0,1,0,3,4,1,0,2,3,3,4,2,3,3,4,1,0,3,4,3,4,3,3,2,2,3,4,3,4,1,0,1,0,1,0,2,2,2,3,1,0,1,0,2,3,2,3,1,0,1,0,1,0,3,3,3,4,2,2,2,3,2,2,2,2,2,1,4,2,4,2,2,3,2,4,3,2,2,2,4,9,4,1,2,2,0,2,2,2,2,2,3,2,3,3,9,9,9,3,3,4,2,2,3,2,4,3,4,2,4,4,3,2,3,2,4,4,3,2,4,4,2,2,2,2,2,2,2,2,2,3,1,2,2,2,1,6,7,7,5,4,5,4,3,2,1,56,2,2,6,1,40,0,0,2500,615501,재래시장 상권 약화,전자
35079,1,0,2,2,1,0,2,2,3,3,2,2,3,3,2,4,3,4,3,3,2,2,1,0,2,2,5,3,2,2,3,3,2,2,3,2,3,2,4,3,4,3,4,4,3,3,2,1,4,3,3,3,4,5,4,5,3,5,3,6,3,5,4,5,4,5,5,5,4,5,3,5,3,3,3,3,3,3,4,3,4,3,4,4,4,4,3,3,4,3,3,3,3,3,3,2,2,3,2,3,2,10,1,2,1,1,2,2,2,3,2,3,4,4,3,3,3,3,4,3,2,4,3,4,4,4,4,4,3,3,3,4,3,4,2,4,4,4,2,4,3,4,2,2,2,2,2,2,2,2,2,1,3,3,2,3,2,7,7,6,5,4,4,6,6,3,1,29,2,1,1,1,52,3250,3170,0,842301,방송통신산업기사 방송통신기능사 인터넷 케이블 설치 수리 실무 교육 고속 인터넷 확산 수리 설치 기사 수요 안정,전기
35080,3,4,3,4,3,3,2,2,2,2,3,3,3,3,2,2,3,3,3,3,3,3,3,4,4,4,3,3,3,3,3,3,3,3,3,3,3,4,3,4,3,4,3,4,3,3,3,3,3,3,2,2,2,2,2,2,2,2,2,2,3,3,2,2,2,2,2,2,2,2,2,2,3,4,2,2,2,2,2,2,2,2,2,2,3,4,3,4,3,3,2,2,2,2,2,3,2,2,2,2,3,10,1,2,2,2,0,1,4,3,2,1,3,3,4,4,2,2,3,3,3,2,2,3,2,3,3,4,4,4,4,4,3,3,2,2,3,2,2,3,3,4,2,2,2,2,2,2,2,1,1,3,1,3,3,3,2,6,5,6,7,6,7,4,5,6,2,34,3,1,3,1,52,3600,2600,0,22202,업무 압박 경쟁 업체,사회복지
35081,3,3,3,3,4,4,1,0,1,0,2,3,2,1,1,0,2,2,3,3,4,4,3,4,3,3,3,3,2,2,1,0,1,0,1,0,4,4,2,2,1,0,1,0,1,0,3,3,2,2,3,4,2,2,4,4,1,0,1,0,2,2,2,2,3,4,4,5,3,3,3,3,3,3,4,5,4,4,1,0,2,2,2,2,3,4,2,3,3,2,4,3,4,4,3,4,3,4,4,3,2,10,1,4,2,2,0,3,4,4,3,3,4,5,3,3,3,3,3,3,2,3,3,4,3,3,3,2,3,3,4,4,3,3,3,3,3,3,1,2,4,3,2,1,2,2,2,2,2,2,2,2,4,3,3,3,1,8,8,8,5,5,5,5,5,5,1,30,4,1,1,1,48,2600,2400,0,415502,그래픽 프로그램 도입 스마트폰 모바일 사용 확대 게임 산업 지속 성장 예상,애니메이션
35082,4,5,2,3,3,4,3,4,4,5,5,5,1,0,4,5,3,4,1,0,2,2,2,3,3,4,4,6,3,4,3,5,2,3,2,3,2,3,4,6,4,5,2,3,3,4,3,5,2,3,4,5,2,3,1,0,2,4,1,0,5,4,1,0,2,3,1,0,1,0,1,0,4,6,4,3,1,0,2,3,1,0,3,2,3,4,2,3,4,3,3,3,4,4,4,3,3,4,4,3,4,13,1,2,1,1,3,5,5,3,3,3,5,4,3,2,9,9,3,3,3,3,2,4,3,4,4,4,3,3,2,5,3,4,3,4,5,5,3,2,4,4,2,1,2,2,2,2,2,2,2,2,4,3,2,3,1,2,4,3,4,2,3,2,5,6,1,37,4,2,5,1,45,0,0,5000,23301,관세사자격증 FTA관세무역 수출입 요건 컴퓨터 프로그램 변경 신고 업무 용이 관세사 업무 대행 역할,행정학
35083,4,5,4,4,3,4,2,4,4,5,5,5,4,5,4,5,3,5,2,4,4,5,4,5,4,5,3,4,2,3,3,6,2,3,2,3,2,5,2,3,5,5,3,5,4,5,2,4,2,3,3,5,5,5,5,6,4,5,5,5,5,5,4,5,5,6,4,5,5,5,4,6,4,6,3,4,2,3,2,3,2,3,2,3,2,3,1,0,4,4,5,4,4,4,4,4,4,5,5,5,5,10,1,3,1,2,0,5,5,4,4,4,4,4,5,3,4,4,4,4,3,4,3,4,3,3,2,3,4,4,4,4,3,3,3,2,2,2,3,3,4,4,2,2,2,2,2,2,2,2,2,2,4,1,1,1,1,4,6,3,6,5,5,5,4,6,1,35,4,1,1,1,46,3700,2900,0,133101,정보처리기능사 프로그램 무궁무진 증가 추세,컴퓨터공학
35084,3,3,3,3,2,5,2,5,3,5,3,5,4,5,2,5,3,5,3,4,3,5,2,5,3,5,3,4,2,4,2,4,3,5,3,5,2,4,2,4,2,4,3,5,3,5,3,5,2,4,3,5,2,4,3,4,4,4,4,4,3,5,3,5,3,5,3,5,3,5,3,5,2,4,3,5,3,5,2,1,3,5,3,5,3,3,2,3,4,4,3,4,4,3,3,3,4,3,3,2,3,6,1,2,1,2,0,4,5,5,4,4,5,4,4,4,3,3,5,4,2,4,4,3,4,3,4,3,4,4,4,4,3,5,4,3,4,3,5,2,4,3,2,2,2,2,2,2,2,2,2,2,2,3,3,3,2,7,5,3,4,4,5,7,5,7,1,46,4,1,1,1,40,5500,4200,0,140101,토목구조설계사 토목기사 농어업토목기술사 공부 경기 건설업 하향,토목공학
35085,5,5,4,4,2,3,5,5,3,3,3,3,3,3,3,3,3,3,3,3,3,3,4,3,4,4,2,2,5,3,2,3,3,3,3,3,3,4,3,3,3,2,4,4,4,4,3,3,4,4,3,4,4,3,5,4,3,4,3,3,3,3,3,3,2,2,4,4,3,4,3,3,3,3,3,3,3,2,2,2,3,3,3,3,4,4,3,3,5,5,5,5,4,4,5,2,3,4,4,3,3,17,1,1,1,1,2,3,5,3,3,4,4,4,3,3,3,3,3,3,3,3,3,3,3,3,4,4,3,4,2,4,4,4,4,4,4,4,4,4,4,3,2,2,2,2,2,2,2,2,2,1,3,3,2,3,2,7,7,6,5,4,3,7,7,7,1,34,4,1,1,1,52,5900,5800,0,303001,약사 조제실무업무 고령화 소비 증가,약학
35086,1,0,1,0,1,0,1,0,1,0,1,0,2,3,1,0,1,0,3,4,1,0,1,0,5,6,1,0,1,0,1,0,1,0,1,0,1,0,4,5,1,0,2,3,1,0,4,5,4,4,1,0,1,0,1,0,1,0,1,0,1,0,1,0,1,0,1,0,1,0,1,0,1,0,5,5,4,5,2,3,4,6,3,4,3,3,1,0,3,3,4,2,3,2,2,3,2,2,3,4,4,3,1,1,2,2,0,1,1,4,3,3,4,4,2,3,9,9,9,3,4,3,2,4,4,3,4,3,2,3,5,4,3,4,3,2,3,4,3,2,3,3,2,2,2,2,2,2,2,2,2,1,3,1,1,2,2,9,9,9,1,9,9,3,7,3,1,55,2,2,5,1,45,0,0,2700,872201,변동,문과
35087,4,5,4,6,3,4,4,5,2,3,3,3,3,5,2,3,2,3,3,5,3,3,3,4,2,3,2,2,2,3,2,2,3,4,2,3,3,3,3,4,2,2,2,2,2,3,2,2,2,1,2,3,2,2,2,2,2,2,1,0,4,4,2,2,2,2,3,3,2,3,2,3,3,4,3,3,2,2,2,2,2,2,2,1,3,3,2,2,4,3,1,3,3,4,2,4,1,3,3,3,2,10,3,2,1,1,4,3,5,3,4,3,3,4,2,3,3,4,4,3,3,3,2,3,4,3,4,4,3,4,2,4,3,4,4,4,3,5,4,3,4,4,2,2,2,2,2,2,2,2,2,2,3,3,3,3,2,4,4,6,4,5,5,4,3,5,2,40,4,1,1,1,46,3500,2600,0,134201,정보처리기능사 OCP 드림위버 일러스트레이터 플래시 요새 일자리 향후 증가 추세,컴퓨터공학
35088,1,0,1,0,1,0,2,2,1,0,1,0,1,0,1,0,1,0,1,0,1,0,1,0,1,0,1,0,1,0,1,0,1,0,1,0,1,0,1,0,1,0,1,0,1,0,1,0,1,0,1,0,1,0,1,0,1,0,1,0,1,0,1,0,1,0,3,3,4,4,1,0,1,0,1,0,4,5,1,0,4,5,3,4,3,5,3,5,1,3,3,3,2,3,3,3,4,3,3,3,3,6,4,1,2,2,0,2,2,3,3,3,3,3,3,3,3,4,3,3,3,3,4,3,3,3,4,3,3,3,3,3,4,3,3,3,4,3,3,3,3,3,2,2,2,2,2,2,2,2,2,2,2,3,3,3,2,5,5,6,5,6,5,5,5,6,1,42,2,2,6,1,40,0,0,2000,902201,기계 작업 증가,인문계 문
35089,4,4,4,5,4,5,5,6,1,0,3,4,3,4,3,5,4,4,2,3,4,4,1,0,3,4,3,5,3,4,5,4,3,4,1,0,1,0,3,3,3,3,4,3,4,4,1,0,2,3,1,0,1,0,1,0,3,3,1,0,3,4,1,0,4,4,1,0,1,0,1,0,1,0,1,0,1,0,1,0,1,0,2,3,4,4,3,5,5,3,3,2,3,2,3,4,4,4,2,4,3,10,1,4,2,2,0,6,4,3,3,2,3,3,3,2,1,3,3,3,4,3,3,3,4,2,3,4,3,4,2,4,3,3,4,4,5,4,3,3,4,4,2,2,2,2,2,2,2,2,2,1,2,2,2,2,2,7,9,8,4,7,7,9,8,6,2,28,4,1,3,2,40,2400,2000,0,416302,프리랜서 수입 정치 이직,행정학
35090,2,2,2,2,1,0,4,2,1,0,1,0,1,0,1,0,3,3,3,4,1,0,1,0,3,3,1,0,3,4,4,5,3,3,1,0,1,0,4,5,2,2,4,4,2,2,1,0,1,0,1,0,1,0,1,0,1,0,1,0,1,0,1,0,1,0,1,0,1,0,1,0,1,0,1,0,1,0,1,0,1,0,1,0,3,4,2,2,4,3,3,4,3,3,3,4,4,2,4,3,3,15,2,6,2,2,0,7,5,4,3,3,4,3,4,4,3,4,3,3,4,3,4,4,4,3,3,3,4,3,3,4,3,3,4,3,3,3,3,4,4,4,2,2,2,2,2,2,2,2,2,1,3,3,3,3,2,7,6,5,4,4,5,6,4,5,2,28,4,1,1,1,40,3100,2800,0,522202,기차 이용,교통대학교
35091,3,4,2,3,3,4,3,4,3,4,3,4,5,6,4,5,4,5,4,6,4,5,2,2,3,3,2,3,2,3,3,3,2,3,3,4,3,4,2,3,3,4,4,5,4,6,2,2,4,5,4,5,4,5,4,4,4,6,4,5,2,2,1,0,3,4,2,3,3,3,2,3,3,4,3,3,4,5,5,6,2,3,3,3,4,5,4,4,4,4,3,4,4,3,4,3,4,3,3,3,3,18,1,4,2,1,2,2,4,2,3,4,4,4,3,4,3,3,4,4,3,3,3,3,3,4,3,3,4,3,3,3,4,3,3,3,2,3,3,3,3,3,2,1,1,2,2,2,2,2,2,2,2,2,2,2,1,7,8,7,2,2,7,8,2,3,1,28,4,1,1,1,45,3000,2800,0,416401,스튜디오 카메라 조작법 영상편집 기술 발달 스마트폰 카메라 성능 발달 필터 발달 수요 감소,영상제작
35092,4,6,4,6,4,6,1,0,1,0,4,5,4,6,3,4,1,0,1,0,4,4,4,6,1,0,3,6,1,0,1,0,1,0,1,0,2,5,1,0,3,4,1,0,1,0,1,0,1,0,1,0,1,0,1,0,1,0,1,0,3,4,1,0,1,0,1,0,1,0,1,0,3,4,1,0,1,0,1,0,1,0,1,0,1,0,1,0,3,2,3,4,4,4,4,2,3,4,3,4,3,16,5,4,2,1,3,7,6,4,4,4,4,4,4,3,4,4,4,4,2,4,4,4,3,3,3,2,3,3,4,4,3,4,3,3,3,4,3,3,3,3,2,2,2,2,2,2,2,2,2,1,3,3,3,3,1,3,5,3,7,5,3,5,4,4,2,33,5,1,1,1,40,4000,3800,0,110104,보고서 작성 실무 교육 항상,사회학
35093,1,0,1,0,1,0,1,0,1,0,1,0,1,0,1,0,1,0,1,0,1,0,1,0,1,0,1,0,1,0,1,0,1,0,1,0,1,0,1,0,1,0,1,0,1,0,1,0,1,0,1,0,1,0,1,0,1,0,1,0,1,0,1,0,2,2,2,3,2,2,2,2,1,0,1,0,3,4,2,3,4,6,3,4,2,2,1,0,4,4,4,3,4,2,4,3,3,4,3,3,2,1,4,1,2,2,0,7,2,3,4,3,3,3,2,3,3,4,3,3,2,3,2,3,3,4,3,4,3,3,3,2,3,3,2,3,4,3,4,2,2,3,2,2,2,2,2,2,2,2,2,2,3,3,3,3,2,7,8,6,6,6,6,7,8,6,1,46,2,2,6,1,40,0,0,3500,901101,현재 변화,실업계
35094,4,5,1,0,1,0,1,0,1,0,1,0,1,0,1,0,1,0,1,0,1,0,1,0,1,0,1,0,1,0,1,0,1,0,1,0,1,0,1,0,1,0,1,0,1,0,1,0,1,0,1,0,1,0,1,0,1,0,1,0,5,5,1,0,1,0,1,0,1,0,1,0,1,0,1,0,1,0,1,0,1,0,1,0,3,4,1,0,4,4,4,3,4,4,3,3,3,3,4,2,3,18,1,2,1,2,0,1,4,4,3,2,4,2,3,3,3,4,4,3,2,3,2,3,3,4,3,2,3,3,3,4,3,2,2,3,4,3,4,4,3,4,2,2,2,2,2,2,2,2,2,1,2,2,2,3,1,6,5,4,5,6,5,4,5,6,1,49,4,1,1,1,48,4000,2000,0,29901,전자출판기능사 미디어 산업 발달 보지,시각디자인
35095,2,2,3,4,1,0,3,4,2,3,2,2,2,2,1,0,2,2,2,2,2,2,1,0,3,4,2,2,2,2,3,3,3,3,3,3,2,2,2,2,2,2,3,4,2,3,2,2,3,4,3,3,4,4,4,4,4,4,3,4,1,0,4,5,4,5,4,5,5,6,5,6,4,5,4,5,4,4,3,4,4,5,4,5,4,6,4,5,3,3,4,2,3,3,2,4,3,3,3,2,3,19,1,2,1,2,0,2,2,3,3,4,3,3,2,4,3,3,4,3,3,3,3,4,4,3,3,3,4,3,3,3,3,4,3,2,3,3,3,3,3,4,2,2,2,2,2,2,2,2,2,2,3,3,3,3,2,6,7,7,6,7,7,4,5,6,1,34,2,1,1,1,40,3800,3200,0,811301,건설 기계정비 변화,자동화기계
35096,3,4,4,5,3,4,3,4,4,5,3,5,3,5,4,4,3,4,3,4,3,4,4,4,3,4,4,4,3,4,3,5,4,5,3,5,3,4,4,5,3,4,3,5,3,4,3,5,3,4,3,4,3,3,3,4,3,3,3,4,3,5,3,5,3,4,3,4,3,4,4,5,3,4,4,5,3,4,3,4,4,5,2,3,3,3,2,3,5,5,4,3,4,1,4,3,3,4,3,4,4,1,1,2,1,1,3,3,5,3,4,4,4,4,4,4,4,4,4,4,2,2,3,3,4,3,4,3,3,3,4,3,3,4,2,2,3,3,4,2,3,4,2,2,2,2,2,2,2,2,2,2,2,2,2,2,1,7,7,7,7,8,7,7,6,6,1,66,4,2,5,1,40,0,0,3200,901401,농업기능사 유기적 농업의 중요성이 커지고 있다 농업 기술 발달,조경학과
35097,2,3,2,3,3,5,4,5,1,0,3,4,1,0,3,4,3,5,4,5,2,2,4,6,4,5,2,3,4,6,4,6,4,6,4,5,4,6,4,6,4,6,5,4,4,6,1,0,1,0,2,3,1,0,1,0,1,0,1,0,1,0,1,0,1,0,1,0,1,0,1,0,2,2,1,0,4,6,4,6,4,6,1,0,2,2,2,2,3,4,2,2,4,2,3,2,2,3,5,4,2,16,5,2,1,2,0,7,5,4,3,3,4,4,3,2,2,3,4,3,2,4,4,3,4,4,4,4,5,5,4,4,4,4,2,3,5,5,3,4,4,4,2,2,2,2,2,2,2,2,2,1,5,2,2,2,2,7,3,8,7,4,5,4,7,6,2,34,4,1,1,1,40,3500,1800,0,212301,정교사 2급 특수 교육 대한 사람 관심 지원 일자리,문헌정보
35098,1,0,1,0,1,0,1,0,1,0,2,2,1,0,2,2,2,2,1,0,2,3,1,0,3,3,3,3,1,0,1,0,1,0,1,0,1,0,1,0,3,3,1,0,1,0,1,0,1,0,1,0,1,0,1,0,1,0,3,3,1,0,1,0,4,4,2,2,4,5,5,5,1,0,3,3,3,4,1,0,1,0,1,0,2,2,2,1,2,2,4,3,3,3,5,2,3,2,2,3,3,4,2,2,1,1,1,7,2,3,3,3,4,4,3,3,3,4,4,4,2,4,3,4,3,4,2,2,4,3,4,4,3,3,4,4,3,4,4,2,4,3,2,2,1,2,2,1,2,2,2,2,2,3,3,3,1,6,7,7,6,6,6,4,3,4,1,46,4,1,1,1,40,4500,3000,0,153105,전기산업기사 안전 실무 전기 관련 설비 도입 대체 무량 감소,전기
35099,5,7,5,7,4,6,5,7,5,6,4,6,4,6,5,6,4,6,3,5,4,6,5,7,5,7,4,7,4,6,4,6,5,6,4,6,5,7,4,6,4,6,4,5,4,6,3,5,4,6,5,6,4,6,3,4,3,4,3,3,5,7,4,5,4,4,3,3,2,3,2,3,4,6,3,2,2,2,2,3,2,3,2,2,4,6,5,6,4,4,3,4,5,2,5,2,4,5,5,4,4,16,5,2,1,2,0,2,5,5,5,5,5,5,5,4,4,4,5,4,2,5,4,4,4,4,5,3,4,2,4,4,4,5,4,4,5,4,4,4,4,4,2,1,2,2,2,2,2,2,2,1,3,1,3,3,1,1,2,1,2,1,2,8,8,9,1,54,5,1,1,1,40,8000,4000,0,13203,정교사 자격증 교장 자격증 온라인 교육 프로그램 교육,국어교육학
35100,5,7,5,7,5,7,5,6,5,7,5,7,4,6,4,5,4,6,4,6,4,6,4,6,4,5,3,4,4,6,4,5,4,6,4,6,4,5,5,6,5,7,4,6,4,6,3,5,4,5,4,6,3,5,3,4,3,4,2,2,1,0,1,0,1,0,1,0,1,0,1,0,4,5,1,0,1,0,1,0,1,0,1,0,2,2,2,2,4,4,4,4,3,4,4,4,4,4,4,4,3,15,2,4,2,2,0,6,5,4,4,4,4,4,3,4,4,4,4,4,2,4,4,4,4,4,3,2,3,4,4,4,4,4,4,4,3,3,4,3,4,4,2,2,2,2,2,2,2,2,2,1,3,1,1,3,2,7,6,7,4,5,6,6,5,6,1,58,4,1,3,1,32,9000,9000,0,11102,상태 유지,경영학
35101,1,0,2,2,1,0,3,4,1,0,1,0,1,0,2,2,2,1,1,0,1,0,1,0,3,5,3,3,2,4,3,3,2,2,2,4,3,4,2,2,2,4,3,3,2,3,1,0,1,0,1,0,4,6,3,3,4,6,4,4,1,0,5,6,4,6,4,5,3,5,4,5,5,6,4,5,3,5,3,5,2,3,1,0,3,2,2,2,3,2,2,4,3,2,2,3,3,4,4,2,3,4,2,4,1,2,0,2,2,4,2,2,4,4,3,4,3,5,5,4,2,4,3,4,3,2,2,3,3,4,4,4,5,4,4,4,4,5,4,3,4,5,2,2,2,2,2,2,2,2,2,1,3,3,3,3,2,7,2,2,8,8,2,8,2,8,1,32,3,1,1,1,45,2800,2000,0,812301,전기철도 객화차정비 대체 업무 이기 때문,전기
35102,3,4,3,4,2,3,2,2,3,4,2,3,1,0,4,4,3,4,1,0,2,2,2,2,3,4,1,0,5,5,3,4,2,2,1,0,1,0,5,4,2,3,2,3,2,3,1,0,1,0,1,0,2,2,1,0,2,2,3,4,3,3,1,0,5,4,5,4,3,3,5,3,2,3,3,3,5,5,5,4,2,3,2,2,3,4,2,2,4,4,4,3,3,4,4,4,4,3,4,4,3,17,1,3,1,1,2,3,4,4,3,3,2,4,3,3,3,2,2,3,3,2,3,2,3,2,3,4,4,3,4,4,4,3,4,4,3,5,4,4,5,4,2,2,2,2,2,2,2,2,2,3,4,2,2,2,2,7,8,7,6,8,7,7,8,7,1,38,4,1,1,1,40,3700,2600,0,306201,방사선사 방사선 위험요소 예방교육 평균수명 질병 병원 일이,방사선학
35103,3,4,2,3,2,2,5,5,1,0,2,2,1,0,3,2,3,2,1,0,3,3,5,5,4,5,2,4,4,5,3,5,4,4,1,0,5,7,3,3,3,3,2,3,2,4,1,0,3,3,4,4,1,0,1,0,3,3,1,0,3,3,1,0,1,0,1,0,1,0,1,0,1,0,3,3,2,2,1,0,2,2,3,3,2,3,2,3,4,4,3,4,4,4,4,3,2,4,4,4,4,16,5,3,1,2,0,5,5,4,4,4,4,5,4,4,5,3,3,4,2,4,4,4,4,4,2,4,4,4,2,4,4,3,4,3,4,5,5,2,4,4,2,2,2,2,2,2,2,2,2,2,3,3,3,3,2,8,6,7,3,4,7,7,5,3,2,34,4,1,1,1,45,3900,3200,0,304003,보건교사 자격증 학생 의사소통 상황 상태 보고 도리 판단,보건학
35104,5,6,4,6,4,5,4,5,3,4,4,5,3,4,4,5,3,4,3,4,3,3,3,4,4,5,4,5,4,6,3,4,5,6,4,5,3,4,3,3,3,4,4,5,4,5,4,6,3,4,4,6,3,4,2,2,2,2,2,2,2,3,2,3,2,2,2,2,2,2,2,2,3,4,2,2,2,2,2,2,2,2,2,2,2,3,2,2,4,4,3,4,5,4,3,3,2,2,4,4,3,3,1,4,2,2,0,6,5,4,3,4,4,4,4,4,3,4,4,4,2,4,3,4,4,3,4,4,3,5,4,4,4,4,4,4,5,5,5,4,5,3,2,2,2,2,2,2,2,2,2,2,2,3,3,3,2,7,3,4,5,4,5,5,4,6,1,51,4,1,1,1,40,6500,5000,0,12201,기업 직원 때문 일자리 감소,회계학
35105,5,4,5,5,2,4,5,4,2,4,2,4,1,0,3,4,4,4,5,5,1,0,3,4,5,7,5,5,4,4,4,5,3,3,2,4,4,5,5,6,5,7,5,5,5,7,3,5,3,4,2,4,5,6,5,5,5,5,5,4,3,4,1,0,5,5,5,7,5,6,5,5,3,5,5,5,5,7,5,5,5,6,4,5,5,5,5,5,4,4,4,4,4,2,4,2,2,2,5,5,5,15,2,6,1,1,3,3,3,5,1,1,4,4,2,5,5,5,5,5,1,5,5,5,4,1,4,1,5,5,2,5,2,4,5,5,5,5,5,5,5,5,2,1,2,2,1,1,2,2,1,5,1,3,2,3,2,7,7,7,9,9,9,9,9,1,1,29,4,1,1,1,52,3800,3000,0,621301,철도운전면허 전동차 운행실전 기술 발달 인건비 증가 기술 발달,철도운전제어
35106,3,5,4,5,2,4,3,3,4,5,3,4,1,0,2,3,3,4,1,0,1,0,2,3,1,0,3,4,3,3,2,4,2,4,2,4,3,3,3,3,3,4,4,4,2,3,4,4,2,2,2,3,1,0,1,0,2,1,1,0,3,3,1,0,1,0,1,0,1,0,1,0,1,0,1,0,1,0,1,0,1,0,2,2,4,3,2,2,3,4,4,5,5,4,4,2,2,3,4,4,4,19,1,1,1,1,2,2,5,4,4,4,4,4,4,4,4,4,5,4,3,4,4,3,3,4,4,4,4,4,4,4,4,4,5,5,4,4,4,4,4,4,2,2,2,2,2,2,2,2,2,2,4,2,2,2,1,6,5,5,5,5,6,6,6,5,1,50,4,2,5,1,40,0,0,7500,23201,세무사 자격증 회계 관련 훈련 세무사 수행 업무 증가,세무회계학
35107,2,3,2,3,2,3,3,4,2,2,2,3,2,3,2,3,3,4,2,2,2,2,3,4,2,3,4,5,2,4,2,3,2,3,2,2,3,4,3,4,3,4,4,5,2,3,2,3,2,3,2,3,2,3,2,3,2,2,2,3,4,5,3,4,2,3,2,3,2,3,2,3,2,3,2,3,2,3,2,3,2,3,2,3,2,4,2,3,4,4,4,3,3,4,3,3,4,2,4,3,4,19,4,1,1,2,0,1,1,4,2,1,5,3,3,4,9,9,9,4,2,4,4,4,4,3,3,2,4,4,4,4,4,3,3,2,4,4,4,3,4,4,2,2,2,2,2,2,2,2,2,2,3,2,2,2,1,6,5,3,8,4,3,5,2,7,2,54,2,2,6,1,40,0,0,2400,550201,베이비시터 자격증 상태 유지,문과
35108,2,1,2,2,2,2,2,2,3,2,2,1,1,0,2,3,2,3,3,2,1,0,2,2,4,4,1,0,1,0,3,3,1,0,1,0,2,2,1,0,2,2,2,2,2,1,1,0,2,2,1,0,1,0,2,2,4,4,4,3,1,0,1,0,5,4,4,4,4,3,5,2,1,0,4,4,4,3,4,3,5,6,4,4,3,3,3,3,3,2,2,3,1,1,3,2,3,1,3,4,2,3,1,2,1,2,0,7,2,4,3,2,4,3,2,3,3,3,4,3,2,3,3,4,2,3,2,4,4,5,2,5,2,3,3,4,4,5,2,3,4,3,2,2,2,2,2,2,2,2,2,2,4,3,1,3,2,9,9,9,7,9,8,9,1,1,1,32,2,1,1,1,40,2800,2500,0,853201,대기환경산업기사 재활용 시설 일자리,화공
35109,1,0,2,3,1,0,2,3,1,0,3,3,2,2,4,4,4,5,3,4,2,3,1,0,2,2,2,2,1,0,3,3,1,0,1,0,2,3,2,2,2,2,2,3,2,2,1,0,3,3,3,3,2,3,2,2,2,3,2,2,1,0,1,0,1,0,2,3,1,0,1,0,1,0,2,2,2,2,2,3,5,6,4,5,2,2,2,2,4,3,2,3,2,1,4,2,2,3,2,2,3,19,4,1,2,2,0,3,1,3,2,1,2,2,2,3,9,9,9,3,2,3,3,4,5,4,4,4,4,2,3,5,3,3,3,4,4,4,3,4,4,4,2,2,2,2,2,2,2,2,2,1,3,3,3,3,2,9,9,8,1,2,8,8,8,8,1,54,2,2,6,1,40,0,0,6900,903101,휴양 관광 대한 관심,인문계
35110,3,3,3,4,1,0,3,4,3,5,3,3,1,0,4,6,3,4,4,5,1,0,3,4,4,5,4,6,3,3,3,3,1,0,1,0,1,0,3,4,4,4,3,3,1,0,1,0,1,0,1,0,2,3,3,5,4,6,4,6,1,0,4,5,4,6,4,5,4,6,4,5,3,3,4,6,4,6,3,5,3,4,3,3,3,3,1,0,3,4,2,3,4,3,4,2,3,2,3,2,3,13,1,3,1,2,0,1,4,4,3,4,4,4,3,3,3,2,4,3,2,3,3,4,3,4,3,2,4,2,2,5,3,4,4,4,3,4,4,3,4,4,2,2,2,2,2,2,2,2,2,2,4,2,2,2,2,6,7,6,5,4,4,4,3,4,1,47,4,1,1,1,40,3700,2700,0,834001,전자산업기사 전기산업기사 고층 건물 증가,전기학
35111,3,5,3,5,3,4,2,3,3,5,3,4,2,2,4,5,3,4,4,5,3,4,3,4,4,4,2,3,2,3,3,4,2,4,2,3,4,5,2,3,3,4,3,5,3,4,2,4,3,4,2,4,4,5,3,4,5,5,4,5,3,4,4,5,5,5,5,5,5,5,5,5,3,4,3,4,4,5,2,3,3,5,5,5,5,5,2,4,4,4,4,3,4,4,4,3,3,4,4,4,4,1,1,5,1,2,0,4,4,4,3,3,4,4,3,3,4,3,4,3,3,3,3,4,3,3,2,1,2,4,4,4,2,3,2,3,3,4,3,3,4,4,1,2,2,2,2,2,2,2,2,2,4,1,1,1,1,4,4,8,5,8,8,3,3,5,1,45,4,1,1,1,40,4300,3000,0,158501,방사선 비파괴 검사기능사 품질 안정 프로그램 도입 산업 전반 안전 진단 대한 필요성 때문,금속공학
35112,3,4,4,5,2,4,4,5,4,5,3,4,2,2,2,3,3,3,2,4,3,5,3,4,3,4,3,5,3,4,3,4,3,4,3,4,3,4,3,4,3,4,3,5,3,4,4,5,3,4,3,5,3,4,3,4,3,3,2,2,4,5,2,2,2,2,2,2,2,2,2,2,2,2,2,2,2,2,2,3,2,2,2,2,2,2,2,2,3,3,2,3,3,4,4,2,2,2,2,2,3,11,1,6,1,1,1,1,4,3,3,3,3,3,3,3,3,3,3,3,3,3,3,2,3,3,4,4,3,4,3,4,3,4,4,4,3,3,3,3,3,3,2,2,2,2,2,2,2,2,2,2,2,1,2,3,2,5,5,5,4,4,4,4,4,4,2,40,4,1,1,1,50,10000,4000,0,32401,보험대리점 파생상품투자전문자문인력 업무연수 자동화,통계학
35113,5,5,5,5,5,5,5,6,1,0,4,4,3,4,4,4,5,5,2,3,4,5,4,5,4,5,5,5,5,5,3,4,3,4,2,3,5,6,5,6,5,5,3,4,5,7,3,4,2,3,1,0,4,4,1,0,3,3,1,0,5,6,1,0,3,3,1,0,1,0,1,0,1,0,1,0,1,0,1,0,1,0,2,3,3,4,4,3,5,3,4,1,3,4,1,5,2,4,2,3,5,16,5,6,2,2,0,6,6,4,3,3,3,5,3,2,1,2,3,3,4,3,3,3,4,2,3,3,2,4,3,4,4,4,5,5,4,4,4,3,4,4,2,2,2,2,2,2,2,2,2,1,3,3,2,2,1,3,4,1,5,4,4,4,4,7,1,46,5,1,3,2,28,2300,1600,0,211201,정이 강사,법학
35114,1,0,2,3,1,0,3,4,2,3,3,4,3,4,3,4,3,3,3,4,3,4,3,4,3,4,3,4,3,4,4,5,4,5,4,5,3,4,3,4,3,3,4,5,3,4,2,3,3,4,1,0,3,3,4,5,4,5,4,5,1,0,4,5,4,5,4,5,4,5,4,5,3,4,3,4,3,4,4,5,4,5,3,4,4,4,3,3,3,4,3,3,3,2,3,3,4,3,2,4,4,19,1,2,2,1,2,7,2,4,3,3,3,4,4,4,3,3,3,3,4,3,3,4,3,2,3,4,3,3,3,3,4,3,2,3,4,3,4,4,3,3,2,2,2,2,2,2,2,2,2,2,4,3,3,3,1,7,8,7,3,2,3,7,3,2,1,32,3,1,1,1,45,3200,2800,0,864301,기계조작 섬유구분 업체 업무 전반 파악 전문 세탁 업체 증가,기계학
35115,3,4,4,4,2,3,3,3,4,3,4,4,4,5,4,4,4,4,3,4,4,4,3,3,3,3,3,3,2,3,2,3,3,2,4,4,2,3,4,4,4,4,4,3,2,3,2,3,4,4,2,3,3,3,5,5,4,5,5,4,3,3,4,4,4,4,4,5,5,5,4,5,2,3,3,3,3,2,2,3,2,3,2,2,2,3,2,3,4,4,3,4,4,3,3,4,2,4,3,3,3,3,1,3,1,2,0,5,5,4,3,3,4,5,4,3,3,3,4,4,1,3,3,2,3,3,4,2,3,3,4,3,4,4,3,4,5,3,3,4,4,4,2,2,2,2,1,2,2,2,1,2,2,1,1,3,1,3,5,7,4,3,5,2,4,5,1,46,4,1,1,1,40,4500,3200,0,153102,산업계측제어 전자응용기술사 구조 조정 시스템 개발,전기
35116,5,5,5,5,4,5,5,5,5,3,5,5,5,5,5,4,5,4,4,5,5,4,5,4,5,4,4,5,5,3,4,4,5,5,5,4,4,4,5,4,5,4,4,5,5,4,5,4,5,4,5,4,5,6,5,6,5,6,4,4,4,5,5,6,5,5,4,5,5,6,4,5,5,5,5,4,5,5,5,4,5,4,5,4,5,6,5,4,4,3,5,3,4,4,5,4,3,5,4,5,4,3,1,5,2,2,0,5,4,4,4,4,5,5,3,4,3,4,5,4,1,5,5,5,4,3,4,2,5,4,3,5,3,5,4,4,5,5,5,4,5,5,1,1,1,1,2,1,2,1,1,3,2,1,1,2,2,3,2,3,5,5,5,5,5,1,2,32,3,1,1,1,50,6000,2500,0,156201,기술 실행 위해 컴퓨터 프로그램 사용 인력 활동 근로자,섬유
35117,4,6,4,6,4,5,4,6,3,4,3,4,3,4,4,6,4,6,3,4,3,3,4,6,4,6,2,2,4,3,4,6,4,4,3,4,2,2,3,4,3,4,3,4,4,4,3,4,4,5,4,5,4,5,2,3,2,4,3,4,4,6,4,6,4,3,3,4,1,0,1,0,1,0,1,0,1,0,1,0,4,5,3,3,3,4,3,4,4,2,3,3,3,4,3,1,4,3,3,2,2,3,1,2,1,2,0,2,4,4,3,3,3,3,4,4,3,4,4,4,4,4,3,4,3,3,3,4,3,3,5,3,4,3,4,3,3,4,3,3,4,4,2,2,2,2,2,2,2,2,2,1,3,3,2,2,2,7,6,6,7,6,6,7,5,6,1,47,3,1,1,1,40,3900,2600,0,28301,ERP정보생산관리 현재 상태 유지,사회
35118,5,7,5,7,4,5,5,7,1,0,4,5,4,4,5,6,4,4,5,6,4,5,4,4,5,5,5,6,4,5,3,4,4,5,3,3,4,5,3,4,1,0,1,0,5,6,1,0,1,0,4,5,1,0,1,0,1,0,1,0,4,4,1,0,1,0,1,0,1,0,1,0,4,5,1,0,1,0,4,5,1,0,1,0,4,6,5,6,4,4,4,4,4,5,4,2,4,4,3,4,4,18,1,4,1,2,0,7,5,4,5,4,5,4,4,3,4,4,5,4,2,4,4,2,4,3,3,4,3,4,4,3,5,5,4,3,4,4,5,3,4,3,2,2,2,2,2,2,2,2,2,1,3,3,3,3,2,9,1,9,1,1,2,2,9,3,2,34,4,1,1,1,45,5000,2800,0,416301,기상기사 장비 기술,영어영문학
35119,3,5,3,4,3,5,4,5,3,4,4,5,3,4,3,4,3,4,2,3,3,4,3,4,3,4,4,5,4,5,3,5,3,5,4,5,3,4,4,5,4,4,4,5,3,4,4,5,3,5,4,5,4,5,4,5,4,5,3,3,1,0,3,4,3,4,3,3,3,3,2,3,4,5,2,2,1,0,1,0,1,0,1,0,1,0,1,0,4,4,2,4,4,4,4,4,2,4,4,3,4,19,1,2,2,2,0,6,5,4,4,4,4,4,3,3,9,9,9,3,2,4,4,4,4,4,4,4,4,2,2,4,4,4,4,4,4,4,4,4,4,4,2,2,2,1,1,1,2,2,2,2,2,2,2,2,2,6,6,4,4,4,4,6,5,5,1,49,4,2,5,1,45,0,0,8000,832101,기계 기술 도입 교육 기술 개발 기계 대체,전자학
35120,5,4,5,3,3,4,5,2,2,3,5,4,5,3,4,2,5,2,4,2,4,3,4,4,4,4,5,3,5,4,3,4,5,3,5,4,5,4,3,5,5,3,4,4,4,5,4,4,5,4,4,4,3,5,5,3,5,4,5,3,1,0,3,3,5,3,5,3,3,5,5,4,4,4,4,4,2,5,4,4,4,3,1,0,3,3,2,5,4,4,3,5,5,1,4,3,3,4,4,3,3,15,2,2,1,2,0,3,5,4,2,2,3,4,4,4,1,5,5,4,2,4,3,4,4,1,5,5,4,4,4,4,3,3,4,4,4,5,5,5,5,5,1,1,1,1,1,1,1,1,2,3,2,3,3,3,2,4,5,9,6,4,9,9,9,7,1,34,4,1,1,1,52,7000,4000,0,903101,산림기사 신규 프로그램 도입 여유 업종 감소,산림
35121,4,5,3,5,2,4,2,4,4,5,3,5,4,5,2,4,4,6,3,5,3,5,3,5,3,5,3,5,3,5,3,5,3,6,3,5,2,4,2,4,2,4,3,5,3,5,3,5,3,5,3,5,3,5,3,5,3,5,3,5,3,5,3,5,3,4,3,5,3,5,3,5,3,5,3,5,3,5,2,4,4,4,4,4,4,5,4,5,5,4,4,3,3,4,3,4,3,3,4,3,4,13,2,3,1,2,0,3,5,5,4,4,5,4,4,3,4,5,4,4,2,4,4,3,4,3,5,4,3,3,4,3,4,3,5,4,3,4,4,3,4,3,2,2,1,2,2,2,2,2,2,2,2,3,3,3,1,5,7,4,6,5,8,4,7,5,1,41,4,1,1,1,40,6500,2600,0,140602,지적기능사 정보처리산업기사 지형공간정보기사 드론 작업 가능 드론 대체로 인력 감소,도시공학
35122,2,3,3,3,2,2,4,4,3,3,3,3,3,2,4,4,3,3,1,0,3,4,2,3,4,3,2,2,4,4,2,2,1,0,1,0,4,3,3,4,3,3,2,3,4,4,2,2,3,3,3,3,2,4,2,3,4,4,1,0,1,0,3,4,1,0,3,3,1,0,1,0,1,0,5,5,3,3,1,0,1,0,2,3,4,4,2,3,3,4,5,1,4,2,4,2,3,4,4,4,5,3,4,1,2,2,0,7,2,4,3,3,4,4,3,1,9,9,3,2,2,4,3,4,4,4,3,4,3,4,2,5,4,5,4,4,5,4,4,4,4,4,2,2,2,2,2,2,2,2,2,1,4,3,2,2,2,4,6,7,6,7,6,6,7,6,2,47,3,2,6,1,54,0,0,3500,863101,개량 한복 파티 소비 것이므,의상디자인학
35123,5,6,4,6,4,5,3,5,4,6,4,6,4,6,4,5,4,6,3,5,4,5,4,6,4,6,4,6,3,6,4,6,3,5,4,6,4,5,3,5,4,6,4,6,4,6,2,3,3,5,1,0,4,6,4,6,4,6,4,5,4,6,4,5,3,5,3,5,4,6,4,6,3,5,4,5,2,3,2,2,2,2,1,0,2,3,2,2,5,3,4,4,5,4,4,4,3,3,4,2,4,16,5,2,1,1,3,4,5,4,3,4,4,4,4,2,3,4,3,4,3,3,3,3,4,4,4,3,4,4,3,4,4,5,4,3,4,5,4,4,4,4,2,2,2,2,2,2,2,2,2,1,2,2,2,2,1,2,1,3,6,6,5,4,4,3,1,33,4,1,1,1,40,3300,2600,0,214301,산업기사 건축기사 실내건축기사 기술 기능훈련 로봇 도입,건축학
35124,2,2,2,3,2,2,3,3,2,2,2,3,3,3,3,5,3,3,3,3,3,3,3,3,4,5,4,5,4,5,4,5,4,4,4,4,4,4,3,4,3,4,4,4,4,4,4,4,4,4,2,3,4,4,4,5,4,5,4,5,4,4,4,5,4,4,4,4,4,5,5,6,4,5,4,5,4,4,4,5,4,5,3,4,4,4,4,4,4,3,3,4,4,3,4,4,3,3,4,3,3,3,1,2,2,2,0,7,2,4,4,4,3,4,4,4,4,4,4,4,2,4,4,4,4,4,5,3,4,4,2,4,3,4,3,3,4,5,5,3,5,3,2,2,2,2,2,2,1,2,2,2,2,3,3,3,2,9,9,8,8,5,5,6,7,3,2,43,2,1,1,1,52,3420,2100,0,882201,경기 침체 구조 조정 진행중 변화 일자리 감소,일반고등학교 (문과)
35125,2,2,2,2,2,2,2,3,2,2,2,2,2,2,2,2,2,3,2,2,2,3,2,3,3,4,1,0,1,0,1,0,1,0,1,0,1,0,1,0,1,0,1,0,2,3,1,0,1,0,1,0,1,0,2,2,2,2,3,4,1,0,1,0,1,0,3,4,3,4,4,5,1,0,3,4,3,4,2,2,3,4,2,3,3,4,2,2,2,2,4,2,2,2,3,2,3,2,2,2,2,19,1,2,1,2,0,4,2,3,2,2,4,2,2,2,2,3,4,3,4,2,2,4,3,4,4,3,2,4,3,5,1,5,5,4,3,5,3,4,4,4,2,2,2,2,2,2,2,2,2,4,1,3,3,3,2,7,7,7,4,4,4,4,4,4,1,34,3,1,1,1,40,4000,2800,0,817101,자동차검사기능사 업무 자동화 도입,자동차정비
35126,3,4,4,5,3,4,3,4,5,7,4,6,3,4,4,6,4,5,4,5,4,5,4,6,4,6,4,5,3,4,3,4,3,4,4,5,3,3,4,5,4,6,3,4,3,4,3,4,3,5,3,5,5,7,4,6,5,6,4,7,4,6,4,6,4,5,4,6,4,6,4,5,4,5,4,6,4,5,4,6,3,4,2,3,3,5,3,5,4,3,4,5,4,4,4,4,3,4,4,4,4,13,1,4,1,2,0,3,5,4,5,5,4,5,4,5,5,4,5,5,2,4,4,4,5,4,5,4,3,4,2,4,5,5,5,4,3,4,4,4,4,4,2,1,1,1,2,2,2,2,2,2,4,1,1,1,1,3,8,3,8,7,3,2,8,8,1,44,5,1,1,1,40,5200,3900,0,131202,정보통신산업기사 전자응용기술사 최근 개발 장비 추가 용법 시장 요구,전기공학
35127,1,0,1,0,1,0,1,0,2,2,1,0,1,0,3,3,2,2,1,0,1,0,2,1,2,2,1,0,1,0,1,0,1,0,1,0,3,3,1,0,1,0,1,0,1,0,1,0,3,4,1,0,1,0,2,2,3,4,3,4,1,0,1,0,1,0,2,2,2,2,1,0,2,2,4,4,3,3,1,0,4,5,3,4,2,2,1,0,2,3,2,3,2,2,3,2,1,2,2,2,2,13,1,2,1,2,0,1,2,3,3,3,3,2,2,4,9,9,9,4,4,2,2,3,3,2,3,2,3,3,4,4,3,2,2,2,2,3,2,2,4,3,2,2,2,2,2,2,2,2,2,1,1,2,2,2,2,6,6,7,6,5,6,5,4,5,1,31,3,1,2,1,20,2010,1500,0,702701,국가기술자격증 경제,기계
35128,4,3,2,4,2,3,4,3,1,0,2,2,1,0,3,3,3,3,3,3,1,0,1,0,1,0,1,0,3,2,2,3,1,0,1,0,1,0,2,4,2,2,3,3,2,1,1,0,2,1,1,0,1,0,1,0,3,4,1,0,3,3,1,0,2,3,1,0,1,0,1,0,2,2,2,1,2,2,1,0,1,0,2,2,2,3,2,3,4,4,2,3,4,1,3,2,2,3,2,3,4,17,1,2,1,2,0,6,4,4,4,5,3,4,4,4,5,5,4,5,4,4,4,4,5,4,4,4,4,4,4,4,5,4,4,4,5,4,5,4,4,3,2,2,2,2,2,2,2,2,2,1,4,3,2,2,2,6,3,4,4,4,6,5,6,3,2,30,3,1,1,1,50,2400,2000,0,307501,간호조무사 의료 기술 발달,보건행정학
35129,3,5,4,5,2,3,4,4,2,3,2,3,1,0,3,5,2,4,1,0,1,0,2,3,3,2,3,4,3,4,3,3,4,4,4,4,3,3,5,4,4,5,2,4,5,4,3,4,2,4,3,5,1,0,1,0,2,3,1,0,2,3,1,0,1,0,1,0,1,0,1,0,2,4,1,0,1,0,1,0,1,0,1,0,1,0,1,0,3,5,3,2,4,3,5,2,3,3,4,5,3,17,3,2,1,1,5,6,5,5,2,2,5,5,3,2,2,3,4,3,3,3,3,2,2,2,2,4,2,5,2,5,3,3,4,4,3,5,3,2,5,4,2,2,2,2,2,2,2,2,2,1,3,1,1,3,1,8,7,6,3,2,4,7,9,8,2,28,4,1,1,1,45,2800,2500,0,13501,사회복지사1급 정신 건강 상담이나 봉사를 위한 심리 교육이 필요함 지금 생각,사회복지학
35130,1,0,4,3,2,2,2,2,2,2,3,4,3,3,3,2,2,2,1,0,2,2,3,3,3,3,1,0,2,3,1,0,1,0,2,2,2,2,3,2,2,3,2,3,4,2,2,2,3,2,1,0,2,3,1,0,3,2,2,2,1,0,1,0,2,2,3,2,1,0,1,0,1,0,3,2,3,3,3,3,2,2,2,2,2,2,2,1,4,4,4,3,3,3,2,4,3,2,2,2,4,17,1,1,1,2,0,4,5,3,3,4,4,4,4,4,4,4,3,4,3,4,4,3,3,3,4,3,3,4,4,4,3,3,4,3,2,4,4,3,3,4,2,2,2,2,2,2,2,2,2,2,4,3,3,3,2,8,9,5,6,5,6,6,7,7,2,28,3,1,1,1,40,2300,2000,0,511501,애견미용 자격증 변려 동물 사람 증가,애견동물학
35131,3,5,1,0,3,4,3,4,1,0,1,0,1,0,1,0,1,0,1,0,1,0,1,0,1,0,1,0,1,0,1,0,1,0,1,0,1,0,1,0,3,4,1,0,1,0,1,0,1,0,1,0,3,4,1,0,1,0,1,0,2,3,3,4,3,4,1,0,1,0,1,0,1,0,1,0,1,0,1,0,3,3,1,0,3,4,1,0,2,2,3,4,4,4,4,2,4,4,3,3,4,6,1,3,1,2,0,2,5,3,3,3,4,3,4,4,4,4,4,4,4,4,4,3,3,4,4,3,4,4,4,5,3,4,5,3,5,5,4,3,4,4,2,2,2,2,2,2,2,2,2,1,2,2,2,2,2,3,6,5,7,4,7,3,7,4,1,36,4,1,1,1,40,4500,2400,0,140701,건설재료시험자격증 건설 경기 둔화,건축학
35132,3,3,2,3,3,3,4,5,1,0,2,3,3,4,4,4,4,3,4,4,4,5,1,0,1,0,1,0,2,2,3,3,2,2,1,0,2,3,3,3,3,4,4,5,3,3,2,4,3,4,2,2,3,4,1,0,3,3,3,4,2,3,4,5,3,4,3,4,2,3,4,4,3,3,1,0,1,0,1,0,2,3,2,3,4,3,2,3,4,4,2,4,5,3,4,3,4,5,5,3,4,17,4,1,1,2,0,6,5,4,4,4,4,4,4,4,9,9,9,4,4,4,4,4,3,4,4,4,4,3,4,4,3,3,4,4,3,4,4,3,4,3,2,2,2,2,2,2,2,2,2,1,3,3,3,3,2,4,5,6,6,7,8,4,5,5,1,33,4,2,6,1,40,0,0,4000,303002,한약사 한약재 소비,한약학
35133,2,2,2,3,2,2,2,2,3,4,3,4,4,4,3,3,4,5,4,5,3,4,3,4,4,4,3,4,3,4,2,3,3,4,3,5,2,3,3,4,3,3,3,4,4,4,3,4,3,4,4,4,3,4,3,3,2,3,2,3,3,2,3,3,2,3,1,0,1,0,1,0,1,0,4,4,4,5,4,4,3,3,1,0,1,0,1,0,5,4,4,3,4,4,4,3,3,3,3,3,3,18,1,2,2,1,3,5,5,4,4,4,3,4,4,3,3,3,3,3,4,4,4,4,3,4,3,4,4,4,4,2,5,4,4,3,4,4,3,3,4,4,2,2,2,1,2,1,2,2,2,2,3,2,2,2,1,7,7,7,3,4,5,6,4,5,1,48,4,1,1,1,40,5500,2500,0,414102,포토샵 재료 조각상 제작 직업,미술학
35134,3,3,3,3,2,2,4,3,2,2,1,0,2,2,2,2,3,3,2,2,2,2,2,3,2,2,2,2,3,3,2,2,2,2,3,2,2,2,2,2,3,2,2,2,4,3,3,3,2,2,2,2,2,2,1,0,3,2,1,0,1,0,3,3,1,0,3,3,3,4,4,4,2,2,2,3,3,3,4,5,5,7,3,4,3,3,3,3,4,3,4,3,4,1,3,2,3,2,4,3,4,1,1,1,2,2,0,4,2,4,3,3,4,3,3,4,9,9,9,4,1,4,4,3,2,3,4,3,3,2,4,4,3,3,2,4,3,3,2,3,4,4,2,2,2,2,2,2,2,2,2,1,3,3,3,3,2,7,6,4,6,5,5,6,4,5,1,66,2,2,5,1,45,0,0,6500,901401,경기 연관,이과
35135,4,6,4,5,3,4,2,3,4,6,3,4,2,2,3,4,3,5,2,3,3,3,4,5,3,5,3,4,3,3,2,4,3,5,4,4,1,0,3,5,4,4,3,5,2,2,2,3,2,4,2,2,2,3,2,2,2,4,2,3,5,5,3,4,2,3,2,3,3,3,3,5,3,3,2,4,2,4,2,3,2,3,2,4,3,3,2,3,4,5,3,4,5,4,4,3,4,4,5,4,4,15,2,3,2,2,0,3,4,5,4,4,4,5,4,4,4,3,5,4,2,4,4,4,3,2,4,2,3,2,2,5,4,4,3,4,4,5,4,3,4,3,2,2,2,2,2,2,2,2,2,2,4,3,3,3,1,6,5,5,3,3,3,4,6,5,2,48,4,1,1,1,40,4900,3500,0,25101,세금 민원 증가 영향,세무학
35136,3,3,4,4,1,0,2,2,3,3,3,3,3,3,3,3,2,2,1,0,2,2,1,0,2,2,2,2,1,0,1,0,1,0,2,2,1,0,3,3,2,2,3,3,2,2,2,2,2,2,3,3,2,4,3,4,3,3,2,2,2,2,3,3,2,2,2,2,2,2,3,3,3,3,2,2,2,2,3,3,2,2,3,3,2,2,1,0,4,3,3,3,4,3,3,3,2,3,3,3,3,13,1,2,1,1,3,3,5,3,4,3,4,4,3,4,3,3,4,3,3,3,3,4,3,3,3,4,3,3,3,3,4,3,3,3,4,3,3,3,4,4,1,1,2,2,2,2,2,2,2,2,3,2,2,2,1,5,5,4,4,5,5,5,6,5,1,41,4,1,1,1,48,4000,2800,0,153201,전기공사기사 실무 실습 기술 개발 증가 변화,전자공학
35137,1,0,2,1,1,0,2,1,2,2,3,1,1,0,4,2,3,3,3,2,3,1,3,3,3,2,4,3,3,2,3,2,1,0,3,3,3,3,3,3,4,3,4,5,4,4,4,5,4,3,3,3,2,2,3,3,4,2,3,2,2,1,5,5,4,4,4,4,3,3,4,4,3,3,4,3,4,3,4,2,4,6,4,4,2,1,2,2,2,2,2,2,2,1,2,3,2,3,2,4,2,1,4,2,1,2,0,5,4,1,1,1,4,4,3,3,2,2,3,2,2,3,2,1,1,1,1,4,3,5,2,5,2,2,4,4,4,5,3,3,5,4,2,2,1,2,2,2,2,2,2,2,2,2,2,2,2,7,7,6,5,4,4,5,5,5,1,39,2,2,6,1,36,0,0,4000,902101,축산기사 스마트 도입 우유 품질 비용 감소 생육 환경 제어 도움 감소 기계 대신 일로 일자리 예상,문과
35138,3,5,2,3,2,2,1,0,2,3,3,3,1,0,3,2,2,2,4,3,3,2,2,2,4,2,3,3,1,0,3,5,2,3,2,3,3,5,2,2,5,5,3,2,3,2,1,0,4,2,3,2,2,2,1,0,4,2,3,3,2,1,4,2,2,2,2,3,5,4,2,3,2,1,4,4,2,2,4,2,3,4,3,2,2,1,2,1,3,2,4,3,4,4,2,5,4,4,4,3,3,3,1,2,2,2,0,3,2,4,4,4,4,5,4,4,3,4,5,4,4,3,4,4,3,3,4,3,5,4,4,2,2,4,3,3,4,5,4,4,3,4,2,2,2,2,2,2,2,2,2,2,2,2,2,2,1,7,6,6,3,3,4,4,7,6,1,40,3,1,1,1,48,3100,2400,0,851201,중국 자체 화학 제품 자금 국내 인건비 상승 해외 이전 기업,기계
35139,2,3,3,4,1,0,2,3,2,3,1,0,1,0,2,3,2,3,1,0,1,0,1,0,2,3,2,3,3,4,2,3,1,0,2,3,2,3,1,0,1,0,2,3,2,3,1,0,1,0,2,3,1,0,1,0,2,3,2,3,1,0,1,0,2,3,1,0,1,0,3,4,2,3,1,0,2,3,2,3,3,4,1,0,2,3,2,3,4,3,3,4,3,3,4,2,3,3,4,3,3,6,1,4,1,2,0,1,4,3,3,3,4,3,4,4,3,3,3,3,3,3,3,4,3,3,3,2,3,3,4,3,4,4,3,3,4,4,3,3,3,4,2,2,2,2,2,2,2,2,2,1,3,2,2,3,1,3,6,4,5,4,6,4,4,5,1,31,4,1,3,2,42,3911,3800,0,140207,건설기계 인력 작업,설비공학
35140,4,4,3,4,3,4,2,4,3,5,3,4,2,3,3,4,3,5,2,3,2,3,3,4,3,5,4,6,2,3,2,2,2,3,2,3,2,3,1,0,3,4,3,5,3,4,3,4,4,5,3,4,4,5,5,6,5,6,5,6,1,0,5,6,4,5,5,6,5,6,5,6,3,4,3,4,4,5,3,4,3,4,2,3,3,4,3,4,4,2,2,3,2,2,3,3,3,3,2,2,3,3,1,6,2,1,3,5,3,3,2,2,2,3,2,4,2,4,4,4,2,5,3,3,3,4,2,3,4,3,3,5,4,4,3,3,4,4,4,4,5,3,2,2,2,2,2,2,1,2,2,2,3,3,2,2,2,8,7,7,5,5,5,6,4,3,1,52,2,1,1,1,50,6000,2500,0,812201,현장 적응 장비 다루르는 구조조정 노후 선박 증가 예상,기계
35141,2,3,3,4,2,3,2,3,3,4,3,4,2,3,3,4,3,4,3,4,2,3,3,4,2,3,2,3,2,3,2,3,3,4,3,4,2,3,2,3,2,3,3,4,3,4,2,3,2,3,2,3,3,4,3,4,3,4,2,3,2,3,2,3,3,4,3,4,3,4,3,4,1,0,2,3,2,3,3,4,3,4,3,4,2,3,2,3,3,4,3,3,3,2,3,4,2,3,3,3,3,3,1,2,2,2,0,4,5,3,3,3,4,3,3,4,3,2,3,3,2,3,3,4,4,3,3,2,3,3,3,4,3,2,3,3,2,4,3,3,4,3,2,2,2,2,2,2,2,2,2,1,2,3,3,3,2,4,4,5,5,5,4,4,5,6,1,36,3,1,1,1,48,3800,2400,0,822301,인구 감소 소비 생산량 감소,농업경제
35142,4,5,4,5,4,5,5,5,4,6,4,6,4,6,4,5,4,5,3,5,4,5,4,5,4,5,4,5,5,5,4,6,4,6,4,5,4,5,4,5,4,5,4,5,4,5,4,5,4,2,3,3,4,3,3,1,2,2,3,2,4,4,3,4,3,2,3,3,3,3,3,3,3,3,4,3,3,4,3,3,3,3,3,4,3,4,4,4,4,4,4,3,4,4,4,5,1,4,3,3,4,11,1,2,1,1,2,3,3,4,4,4,2,4,4,4,3,4,4,4,2,4,3,4,4,3,3,4,3,4,3,5,3,3,4,4,4,4,4,3,5,5,1,1,1,1,1,1,1,1,1,3,1,1,2,3,2,6,6,6,7,6,7,7,6,6,2,39,4,1,3,1,52,6000,4000,0,32401,펀드 파생 방카 직무교육 창구 응대 방법 지점 폐쇄되 손님 지점 폐쇄,수학
35143,4,4,4,4,4,4,4,4,4,4,4,4,4,4,4,4,4,4,4,4,4,4,4,6,4,4,4,4,4,4,4,4,4,4,4,4,4,7,4,4,4,4,4,4,4,4,4,4,4,4,4,4,4,4,4,4,4,4,4,4,4,4,4,4,4,4,4,4,5,5,4,4,4,4,4,4,4,4,4,4,4,4,4,4,3,3,4,4,3,3,4,3,2,3,3,3,2,4,3,3,4,16,5,2,1,2,0,4,4,5,4,4,5,5,3,3,3,4,4,4,3,4,3,4,4,4,4,4,4,4,3,4,3,4,4,3,4,4,4,3,4,4,2,2,2,2,2,2,2,2,2,2,2,3,3,3,2,6,4,5,4,7,4,7,5,3,2,34,2,1,1,1,40,3400,2800,0,214301,미용사자격증 인구 감소,인문계
35144,2,2,2,2,1,0,2,2,2,2,2,2,1,0,2,2,2,2,2,2,2,3,2,3,2,2,1,0,2,3,2,2,2,2,2,3,2,3,2,3,2,2,2,3,2,3,2,2,2,3,2,3,2,2,2,3,2,3,2,3,2,2,3,5,4,5,4,5,4,5,4,5,4,6,3,3,3,4,3,4,3,4,2,2,3,4,3,4,3,2,2,1,1,2,2,3,2,2,2,2,2,3,1,2,2,1,3,3,1,2,1,1,2,2,2,2,2,3,3,2,2,3,2,4,4,3,4,4,4,4,2,4,4,3,4,4,4,4,3,4,4,4,2,2,2,2,2,2,2,2,2,2,2,2,2,2,2,8,7,5,4,3,5,6,7,4,1,40,2,1,1,1,50,3200,1900,0,873101,절육원 기계 조작 기계,문과
35145,3,3,3,3,2,4,3,4,3,3,3,3,3,3,4,4,3,3,3,3,2,3,3,3,3,3,4,4,1,0,1,0,1,0,1,0,1,0,4,4,2,2,1,0,1,0,1,0,2,3,1,0,3,3,2,2,3,3,3,3,1,0,3,3,4,5,3,3,2,2,2,2,1,0,4,5,4,4,2,3,3,4,2,3,4,4,2,2,3,3,3,4,2,1,3,3,3,2,3,3,3,6,4,1,1,1,2,3,2,3,3,3,4,4,4,4,9,9,5,4,2,4,3,4,3,3,4,4,3,3,4,4,4,3,3,4,4,4,5,5,4,4,2,2,2,2,2,2,2,2,2,2,2,2,2,2,1,8,8,8,5,5,5,7,7,5,1,51,2,2,6,1,40,0,0,4500,701602,문화재수리기능사 직무교육 수요,문과
35146,4,5,4,5,2,2,4,3,4,4,4,4,4,5,4,5,4,4,4,6,4,5,4,5,4,5,4,5,4,5,4,5,4,5,4,5,4,5,4,5,4,5,4,5,4,5,4,4,3,4,4,4,4,5,4,5,4,5,4,5,3,4,4,5,4,5,4,5,4,5,4,5,4,5,4,5,4,5,4,5,4,5,4,5,4,5,4,5,4,4,3,4,4,4,4,4,2,3,3,3,3,6,1,3,1,2,0,6,4,3,2,3,3,3,2,4,4,4,3,3,2,4,4,4,4,4,3,3,4,4,4,4,4,4,3,3,4,4,4,3,4,4,2,2,2,2,2,2,2,2,2,2,3,3,3,3,2,4,3,4,5,2,3,2,5,2,1,53,2,1,1,1,36,3000,2100,0,623001,기중기 운전기능사 경기 침체,중기정비
35147,1,0,3,3,1,0,3,4,2,3,2,2,3,4,3,3,2,2,2,2,1,0,3,4,3,3,2,2,3,3,3,4,2,2,2,1,3,4,3,3,3,4,3,3,2,2,2,3,3,4,3,4,2,3,1,0,2,2,3,3,1,0,1,0,2,2,2,2,1,0,1,0,2,3,3,4,3,4,3,4,3,3,3,4,2,2,2,2,4,4,3,2,4,2,3,4,3,2,4,2,3,18,1,1,1,2,0,3,4,2,3,3,4,4,4,4,3,3,3,4,4,3,4,4,4,3,2,3,2,3,4,4,3,3,4,2,3,2,3,3,3,4,2,2,2,2,2,2,2,2,2,1,3,2,2,3,2,6,5,7,5,4,4,4,5,5,1,35,3,1,1,1,45,2900,2400,0,420401,생활체육지도사 취미,응급구조
35148,4,5,3,4,3,2,3,5,3,3,3,3,2,2,2,2,3,4,2,3,3,3,1,0,3,3,4,5,2,2,3,3,1,0,1,0,1,0,1,0,2,2,1,0,4,4,2,2,2,2,1,0,2,2,1,0,2,2,1,0,3,2,5,5,1,0,2,1,1,0,2,2,1,0,3,2,2,3,3,3,1,0,1,0,3,4,3,3,4,3,2,2,3,4,3,3,2,3,3,4,2,3,1,3,2,2,0,7,2,3,3,2,4,3,3,2,2,3,3,2,4,2,1,4,4,3,3,4,5,2,3,4,2,3,2,3,3,5,4,2,5,4,2,2,2,2,2,2,2,2,2,2,3,3,3,3,2,7,6,8,5,4,7,3,6,5,2,32,4,1,1,1,40,2700,2200,0,28402,제조업 직종 변화,무역학
35149,3,4,3,5,3,4,3,5,3,4,4,5,4,5,4,4,3,4,4,5,4,5,4,5,3,4,3,5,3,4,3,4,4,5,4,5,3,4,3,4,4,4,4,5,3,4,4,5,4,5,4,5,4,5,4,5,4,5,3,4,3,4,3,4,4,5,4,5,4,5,4,5,4,6,4,5,3,4,3,4,1,0,3,4,3,4,3,4,3,3,4,3,4,4,4,3,3,4,4,4,4,6,1,4,1,1,3,5,5,4,5,5,4,5,4,4,3,3,4,4,3,3,3,2,2,2,2,4,4,4,4,4,3,3,4,4,4,3,3,3,4,3,2,2,2,2,2,2,2,2,2,2,3,2,2,2,1,6,3,3,3,3,5,4,3,6,1,45,4,1,1,1,40,3500,2500,0,140304,토목시공기술사 산림토목 기술사 토목구조기술사 수습 현장실습 품질안전점검 변활르 요인,토목공학
35150,2,3,2,3,2,3,4,5,1,0,4,4,2,2,3,3,4,5,2,3,2,2,4,6,3,4,3,4,2,2,2,2,2,3,2,3,5,4,2,2,3,3,3,3,3,3,1,0,1,0,1,0,1,0,1,0,1,0,1,0,2,3,1,0,1,0,3,3,2,2,2,2,1,0,5,5,2,2,5,3,2,2,3,4,2,2,5,2,4,3,1,3,4,2,3,4,3,3,4,3,4,16,5,4,1,2,0,6,7,4,4,4,4,4,3,3,2,3,3,3,2,4,4,4,3,4,4,3,3,4,2,5,5,5,5,5,4,4,3,3,4,4,2,2,2,2,2,2,2,2,2,1,3,2,2,2,1,5,5,4,4,4,4,7,4,4,2,39,6,1,3,2,18,2500,2500,0,211201,박사학위 음악 실기 분야 기술 변화 요인 변화,피아노학
35151,1,0,1,0,1,0,1,0,4,4,3,5,1,0,2,2,1,0,2,3,1,0,1,0,3,3,1,0,1,0,1,0,2,2,3,4,1,0,1,0,2,2,4,4,2,2,1,0,3,3,3,4,5,6,4,5,4,6,5,7,1,0,3,4,4,5,3,4,4,4,4,5,2,2,4,5,4,5,1,0,3,5,1,0,5,6,3,5,4,4,2,2,2,1,2,5,1,3,4,3,2,3,1,2,1,2,0,1,2,3,4,3,3,4,2,3,3,4,4,4,2,4,4,3,3,3,4,2,4,4,4,5,3,4,2,3,4,4,3,2,5,4,2,2,2,2,2,2,2,2,2,2,2,2,2,2,2,7,6,5,4,4,5,7,5,6,1,46,2,1,1,1,40,3800,2200,0,824101,용접산업기사 자동화 기기 설비,기계
35152,5,7,5,7,5,6,5,6,5,6,5,6,3,4,3,4,4,4,3,4,3,4,3,3,3,5,3,3,3,5,4,5,4,5,5,5,5,6,5,6,5,6,4,6,5,6,4,5,5,7,5,5,3,4,4,5,4,6,5,5,4,4,4,5,4,4,3,4,3,3,1,0,1,0,1,0,3,2,1,0,1,0,1,0,1,0,1,0,3,3,3,4,3,3,4,3,3,3,3,3,3,15,2,5,2,2,0,2,5,3,3,3,5,4,4,3,3,3,3,3,3,3,3,3,3,3,3,3,3,3,4,2,3,3,3,3,4,4,3,2,3,4,2,2,2,2,2,1,2,2,2,2,3,3,3,3,2,2,6,5,6,3,4,3,5,7,2,46,4,1,1,1,40,5000,4000,0,122105,첨단 생명공학 기술 개발 근무 한정,산림학
35153,4,5,4,4,3,4,4,5,2,3,3,4,3,3,2,3,4,5,2,3,3,4,3,4,2,3,3,4,5,5,3,3,3,4,4,4,3,4,2,3,4,4,3,4,3,4,2,2,2,2,3,4,3,3,1,0,2,2,2,3,2,3,2,3,1,0,1,0,1,0,1,0,2,3,1,0,1,0,1,0,1,0,1,0,3,3,3,3,5,5,5,4,4,4,5,4,4,5,5,4,4,17,1,2,1,1,2,3,4,4,4,4,4,4,4,4,5,4,4,5,4,3,3,4,3,4,4,4,4,4,3,4,3,3,4,4,3,3,3,4,4,5,2,2,2,2,2,2,2,2,2,1,4,3,3,3,2,8,8,7,6,7,7,8,8,8,2,38,5,1,1,1,40,2200,2000,0,231201,청소년상담사2급 판단과 의사결정 정신건강 관심,상담심리학
35154,2,4,3,4,2,3,3,4,2,2,4,3,1,0,4,4,2,3,2,2,3,4,3,3,2,3,4,4,2,3,3,3,2,3,2,2,3,3,4,4,4,4,1,0,1,0,1,0,2,2,3,3,1,0,1,0,5,4,5,5,1,0,5,4,4,4,5,4,4,5,4,4,2,3,3,4,4,5,4,4,4,5,4,4,3,3,3,3,3,3,1,2,3,1,4,3,4,3,3,4,4,3,1,3,2,2,0,7,1,3,2,2,4,3,2,2,2,3,3,3,2,4,4,4,4,3,3,2,3,3,4,3,3,2,2,2,3,5,4,3,3,4,2,2,2,2,2,2,2,2,2,2,2,3,3,3,2,7,7,6,2,7,8,6,6,5,1,51,2,1,1,1,48,4600,2500,0,817301,조선 경기 안정,전기
35155,5,6,4,6,4,6,4,5,4,6,4,5,3,5,4,5,3,5,2,2,3,4,4,5,3,5,2,3,2,2,2,2,2,3,2,2,4,6,2,2,4,7,4,7,3,7,3,6,2,2,4,7,2,2,2,2,2,2,2,2,2,2,2,2,2,2,2,2,2,2,2,2,3,6,2,2,2,2,2,2,2,2,2,2,2,3,2,3,4,4,3,3,4,2,2,2,2,5,4,4,3,16,5,5,2,2,0,5,6,5,4,4,5,4,4,4,9,9,4,4,1,5,4,3,4,3,4,3,4,4,3,4,4,4,4,4,4,5,4,4,5,2,2,2,2,2,2,2,2,2,2,2,2,2,2,3,1,7,4,5,4,5,6,7,4,6,1,63,5,1,1,1,40,10000,7000,0,13204,학생 감소,법학
35156,4,6,4,6,2,3,4,5,4,3,4,5,1,0,4,5,4,5,4,5,4,5,4,6,4,5,4,5,4,5,4,5,1,0,1,0,4,6,4,5,4,5,4,5,4,5,1,0,1,0,4,5,2,3,1,0,4,5,4,5,1,0,1,0,2,3,4,5,4,5,4,5,1,0,4,5,3,6,4,5,4,6,4,5,3,4,4,5,4,4,4,3,4,2,4,3,3,3,3,4,4,8,2,6,1,1,2,6,3,4,4,4,4,4,3,3,3,3,4,4,3,4,4,4,4,4,4,2,4,2,3,4,4,3,3,4,4,4,4,4,4,2,1,1,1,2,1,1,2,2,2,2,1,3,3,3,1,2,3,3,3,3,3,3,3,3,1,55,3,1,1,1,40,6500,2800,0,831101,소방기술사 전기기사 철도차량 분야별 교육 부품 시험 도입 신품 도입 가공 계약 인원 감소 예상,메카트로릭스학
35157,5,5,4,5,4,5,4,5,2,3,4,5,2,2,3,4,5,6,2,2,2,2,1,0,4,5,1,0,5,5,4,5,2,2,1,0,1,0,5,6,3,4,3,4,4,4,2,3,2,2,1,0,1,0,1,0,2,2,2,2,5,5,1,0,1,0,1,0,1,0,1,0,1,0,3,2,3,3,3,3,4,4,3,3,4,3,3,3,3,5,2,3,3,2,3,2,2,4,4,2,2,13,1,2,1,1,3,3,4,3,2,2,3,3,2,2,2,4,4,3,4,2,2,4,3,2,2,1,4,4,3,2,2,4,2,1,4,5,2,4,4,3,2,2,2,2,2,2,2,2,2,2,1,3,3,3,2,1,2,5,5,3,2,2,5,5,2,31,3,1,1,1,42,3000,2500,0,29401,비서자격증1급 정보기술자격 ITQ 전산회계운용사 비서사무행정 고객응대기법 인공 지능 비서 대신,비서학
35158,4,5,4,6,4,6,4,6,4,6,4,6,4,6,4,6,4,6,4,5,2,2,4,5,4,6,4,6,3,5,2,2,2,2,2,2,5,5,4,5,3,4,2,2,2,2,3,5,4,6,4,6,3,5,2,2,2,2,2,2,2,2,4,5,4,5,4,6,2,2,4,5,3,4,2,2,1,0,1,0,2,3,3,3,2,3,2,2,3,3,3,3,4,3,3,4,2,3,4,4,3,5,1,2,1,2,0,6,5,5,3,3,4,3,3,3,3,3,3,3,1,4,3,3,2,3,3,2,4,3,4,4,4,4,4,4,3,4,2,3,4,4,2,2,1,2,2,2,2,2,2,2,4,3,3,3,2,6,5,4,4,3,4,3,3,5,1,31,5,1,1,1,48,2400,2400,0,155303,폐기물처리기사 폐기물처리기술사 폐기물 분류 장치 도입 환경 규제 갈수록 것임,환경학
35159,2,3,3,3,2,2,2,2,2,2,3,4,4,4,2,3,4,4,3,4,3,4,3,4,4,5,3,4,2,3,2,3,2,3,1,0,3,4,2,3,3,3,3,3,3,3,2,3,2,3,2,3,3,4,1,0,2,3,3,3,4,6,2,3,3,3,2,2,3,2,2,2,1,0,4,4,2,2,2,3,2,3,2,2,3,3,3,3,4,3,4,4,4,2,3,2,3,4,4,3,3,18,1,2,2,2,0,2,2,3,4,3,4,3,4,4,4,4,4,4,2,3,3,3,2,3,4,3,4,4,3,3,3,3,4,4,3,2,3,4,3,3,2,2,2,2,2,2,2,2,2,2,4,3,3,3,2,4,4,6,4,4,6,7,3,7,1,35,2,1,3,1,48,4800,2600,0,420202,스포츠 산업 발전,문과
35160,3,3,3,3,3,3,3,4,3,3,3,3,3,4,3,4,3,3,3,3,3,3,3,3,3,3,3,3,3,3,3,3,3,3,3,3,3,3,3,3,2,3,3,4,3,3,3,3,3,4,3,4,2,3,3,4,3,4,3,3,3,3,3,3,3,3,3,3,3,3,3,3,3,3,2,3,2,3,3,3,2,3,2,3,2,3,2,3,3,3,3,2,3,3,2,3,2,3,3,3,3,18,1,2,2,2,0,2,5,4,3,3,3,3,3,3,3,3,3,3,3,3,3,3,3,3,3,4,3,4,3,3,3,3,3,3,4,4,4,3,5,3,2,2,2,2,2,2,2,2,2,1,3,2,2,2,1,5,5,4,5,4,4,4,5,4,1,41,5,2,5,1,40,0,0,3500,14103,변화,경영학
35161,3,5,3,5,1,0,2,4,3,4,2,4,1,0,4,6,4,5,4,5,2,5,3,4,4,4,2,4,2,4,2,4,2,3,3,4,3,4,3,4,3,4,3,4,3,4,3,4,3,3,2,3,4,5,3,4,3,5,3,4,2,4,4,6,4,5,4,5,3,4,3,4,3,4,3,4,3,4,4,5,4,5,4,5,4,5,4,5,3,2,4,3,3,3,4,2,4,2,3,3,2,3,1,2,2,2,0,5,3,3,3,2,4,4,2,3,3,3,4,3,2,4,3,4,4,4,3,2,3,4,3,4,3,4,4,4,4,4,4,3,5,4,1,1,1,2,2,1,2,2,2,3,2,3,2,3,2,7,8,7,4,3,3,7,4,4,1,53,2,1,1,1,42,4200,2400,0,862201,로봇 단기 도입 로봇 단기 도입,문과
35162,3,5,3,3,2,2,3,4,5,3,3,2,2,2,2,1,4,5,1,0,3,3,5,7,4,4,3,3,4,2,4,4,3,4,2,1,4,4,4,4,4,5,3,3,4,4,2,1,2,1,2,1,1,0,1,0,2,1,2,2,2,1,1,0,1,0,1,0,1,0,1,0,1,0,1,0,1,0,1,0,1,0,1,0,4,5,2,3,5,4,4,4,3,3,3,2,3,4,4,1,3,16,5,2,2,2,0,2,5,4,3,3,4,4,3,5,4,5,5,5,4,4,4,3,3,4,4,3,2,3,3,4,4,4,4,4,4,5,4,3,4,3,2,2,2,2,2,2,2,2,2,3,2,2,2,2,2,4,3,3,3,3,4,6,7,5,1,31,4,1,3,2,40,3300,2800,0,214101,학원 학원 경쟁 심해 일자리 감소 예상,수학
35163,4,5,4,5,4,5,3,4,4,5,4,5,2,2,4,6,5,5,4,5,3,4,3,4,3,3,2,2,2,2,3,4,1,0,1,0,1,0,2,4,4,5,3,5,4,4,4,4,1,0,1,0,4,4,3,4,4,5,3,4,4,5,5,6,3,3,3,5,1,0,3,4,1,0,2,2,2,3,2,4,1,0,3,3,4,4,4,3,3,3,2,4,3,3,3,4,3,3,3,3,2,3,1,3,1,2,0,5,6,4,3,3,4,4,3,4,3,4,5,4,2,4,5,3,3,3,3,4,3,4,2,4,4,4,5,4,3,3,3,2,4,3,2,2,2,2,2,2,2,2,2,2,4,3,3,3,2,4,4,4,5,4,2,6,7,4,1,32,5,1,1,1,40,3600,3300,0,154105,화학분석기능사 인구 고령화 약품 사용 필요성,화학공학
35164,3,4,3,4,3,4,3,4,4,5,4,5,1,0,3,4,4,5,3,4,4,5,1,0,3,4,4,5,4,5,3,4,4,5,3,4,3,4,5,7,3,4,2,2,4,5,3,4,1,0,3,4,1,0,1,0,1,0,1,0,1,0,1,0,1,0,1,0,1,0,1,0,3,4,1,0,1,0,3,4,1,0,1,0,1,0,2,2,3,4,2,4,4,3,3,3,2,3,3,2,3,11,1,2,2,2,0,3,5,3,4,3,4,3,4,4,4,3,4,4,3,2,2,3,4,3,3,2,3,3,4,3,3,2,3,3,2,2,4,3,4,4,2,2,2,2,2,2,2,2,2,1,3,3,3,3,2,3,3,2,2,3,3,6,5,6,2,46,4,1,1,1,40,5200,5100,0,12402,기계 대체 불가,영어영문학
35165,2,3,2,3,3,4,2,3,3,5,3,4,3,4,3,4,3,4,3,4,3,4,4,5,3,4,3,4,3,4,3,4,3,4,3,4,3,5,3,4,2,3,3,4,2,3,3,4,2,3,3,4,3,5,4,6,3,4,2,2,4,5,3,4,3,4,2,3,2,2,2,2,3,4,2,3,2,2,2,2,2,2,2,2,2,3,2,2,4,3,4,4,3,4,3,3,4,4,3,4,4,3,1,2,1,1,1,1,5,4,3,4,5,4,4,5,5,4,4,4,4,4,3,4,3,3,3,2,3,3,4,3,4,4,3,4,4,4,4,3,3,4,2,2,2,2,2,2,2,2,2,2,2,3,3,3,1,7,3,3,4,6,4,4,4,4,1,40,5,1,1,1,40,4200,3500,0,151107,CAD 기계설계기사 사내시스템 숙지 침체,자동차공학
35166,3,4,2,3,3,3,3,3,3,4,3,3,3,3,2,3,2,3,3,3,3,4,3,3,2,3,2,3,3,3,3,3,2,3,3,4,2,3,2,3,3,3,2,3,2,3,3,3,2,3,2,3,2,3,2,3,3,4,2,4,3,4,2,1,3,4,3,4,2,3,3,3,3,3,2,2,2,3,2,4,3,4,2,3,3,4,3,3,3,4,4,3,2,3,2,3,2,3,3,4,4,16,5,3,1,2,0,5,5,3,4,3,4,3,2,3,3,3,4,3,3,3,3,3,4,3,3,3,2,3,2,3,2,3,4,3,3,3,4,2,3,3,2,2,2,2,2,2,2,2,2,1,4,3,3,3,1,4,5,6,4,7,6,5,6,3,2,33,4,1,1,1,34,3200,2200,0,212901,보육교사2급 맞벌이 부부 증가 부분 보조 교사 생각,초등
35167,4,5,4,6,5,7,3,5,3,5,3,5,3,5,3,5,3,5,2,3,3,4,3,4,2,4,2,4,3,5,4,5,4,5,4,5,3,4,2,2,2,4,2,4,3,4,4,5,2,3,2,2,3,4,2,2,1,0,1,0,3,4,2,4,3,4,2,3,2,2,1,0,1,0,1,0,1,0,1,0,1,0,1,0,1,0,1,0,3,3,3,4,4,3,4,4,4,4,4,4,4,19,3,3,1,2,0,3,6,3,3,4,4,4,4,3,4,4,4,4,2,3,4,4,4,4,3,3,3,4,4,4,4,4,3,3,4,4,4,3,4,3,2,2,2,2,2,2,2,2,2,2,3,3,3,3,1,4,4,4,5,4,4,5,5,5,1,55,4,1,1,1,45,5000,2500,0,110102,사학 상태 유지,사학
35168,2,4,3,4,3,3,3,4,2,2,1,0,2,1,1,0,3,4,1,0,2,3,3,4,2,3,3,4,3,4,3,4,3,4,3,3,3,4,3,3,3,4,3,4,4,5,1,0,2,3,1,0,1,0,1,0,1,0,1,0,1,0,2,3,1,0,1,0,1,0,1,0,2,3,1,0,1,0,2,3,3,4,3,3,2,1,2,1,3,2,1,2,4,2,2,5,2,3,5,2,3,16,5,2,1,2,0,7,4,3,2,2,4,3,3,3,2,4,3,3,2,4,3,4,4,3,4,3,3,4,3,3,4,4,3,3,4,3,4,3,4,2,2,2,2,2,2,2,2,2,2,2,3,2,2,3,1,6,7,4,3,3,5,4,7,6,2,31,3,1,1,1,48,2600,2400,0,213001,유치원교사2급 보육교사,유아교육
35169,2,2,5,7,1,0,1,0,1,0,3,4,5,7,5,7,5,7,1,0,4,5,1,0,4,5,4,5,1,0,1,0,1,0,1,0,1,0,1,0,1,0,1,0,3,4,1,0,1,0,1,0,1,0,1,0,1,0,1,0,1,0,1,0,1,0,1,0,1,0,1,0,1,0,5,6,3,4,3,4,3,4,3,4,5,7,5,7,4,5,1,1,3,3,4,2,4,3,4,4,2,18,4,1,2,1,2,6,2,4,1,1,4,4,3,2,9,9,5,3,2,4,4,4,4,4,4,3,5,2,2,5,4,5,4,4,4,5,5,4,5,5,2,2,2,2,2,2,2,2,2,1,1,2,2,2,1,9,8,3,1,1,3,7,3,3,1,28,5,1,4,2,48,2000,800,0,414503,계속 훈련을 하여 감각을 살려야 한다 공연 코로나,실용음악
35170,4,5,4,6,4,5,3,5,1,0,3,5,1,0,3,3,3,4,3,3,4,4,3,5,4,4,3,4,4,5,3,4,3,5,1,0,3,5,2,3,3,4,4,5,4,4,4,4,3,3,1,0,4,5,4,4,3,4,3,3,4,4,3,4,3,4,4,4,3,3,3,3,4,4,2,4,4,3,4,4,3,3,3,3,4,4,4,4,5,4,2,4,4,3,4,3,2,4,4,3,3,17,3,6,1,1,6,6,5,4,4,3,4,3,4,4,5,5,4,4,4,4,4,4,4,3,4,5,4,3,4,4,4,4,3,4,4,5,4,4,4,3,2,2,2,2,2,2,2,2,2,2,4,3,2,2,2,3,5,6,7,6,6,5,4,4,1,36,5,1,1,1,40,9500,8500,0,301110,의사면허 마취통증의 레지던트 인턴과정 고령 인구 증가,의학
35171,3,3,3,3,2,2,3,3,3,4,4,5,4,5,3,3,3,4,3,4,4,5,2,3,3,4,4,4,2,2,2,2,1,0,2,3,2,3,4,5,4,5,3,4,2,2,1,0,3,3,3,3,4,5,2,2,3,4,3,4,3,4,3,3,3,3,2,2,1,0,2,3,1,0,3,3,3,3,4,5,1,0,2,3,3,4,2,2,4,4,5,3,4,3,3,3,3,4,4,4,3,3,1,2,2,2,0,7,5,4,3,3,4,4,3,3,3,4,4,3,3,3,4,4,4,4,3,4,4,3,3,4,5,4,4,4,4,3,4,3,3,5,2,2,2,2,2,1,2,2,2,1,2,3,3,3,2,5,5,7,7,5,5,8,6,6,1,35,4,1,1,1,40,3400,2600,0,154201,자동화 시스템 산업 로봇 대체 모든 분야 자동화 시스템 도입 추세,화학
35172,3,4,4,5,3,5,4,5,2,3,2,2,1,0,4,4,3,3,1,0,2,2,1,0,3,3,4,2,4,4,2,2,3,3,1,0,2,2,4,2,3,5,2,2,4,3,4,4,2,1,5,3,1,0,1,0,3,4,1,0,5,3,1,0,1,0,1,0,1,0,1,0,2,2,1,0,1,0,1,0,1,0,1,0,4,4,2,3,3,5,4,4,5,3,4,3,5,4,4,4,4,15,2,4,2,2,0,3,5,2,4,3,5,4,4,4,5,4,3,5,4,3,3,5,4,4,3,5,4,4,4,2,3,3,5,4,4,3,5,5,4,4,2,2,2,2,2,2,2,2,2,2,3,3,3,3,2,6,8,7,6,6,4,4,7,7,1,45,6,1,1,1,40,6800,6800,0,12101,특정 일자리,건축
35173,4,4,4,4,3,3,3,3,4,4,3,4,3,3,4,4,3,5,2,3,3,3,2,2,3,3,3,3,4,4,4,4,3,3,3,3,3,3,2,3,4,4,4,4,3,5,3,3,2,2,3,3,4,5,5,6,2,5,3,3,3,3,2,2,2,2,2,2,1,0,2,2,3,4,1,0,1,0,1,0,1,0,1,0,4,4,3,4,4,4,2,4,4,4,3,4,3,4,4,4,5,3,1,3,2,2,0,6,6,4,4,3,4,4,2,4,4,4,4,4,2,4,3,5,4,4,3,5,4,2,4,4,2,4,2,4,4,4,3,3,4,4,2,2,1,2,2,2,2,2,2,2,3,3,3,3,2,2,5,3,8,2,5,3,6,3,1,53,5,1,1,1,40,7000,5000,0,13101,자동 제어 수처리 제어 시스템 도입 생산 과학 관련 연구,전자공학
35174,4,5,4,5,4,5,4,6,4,5,4,6,1,0,4,4,3,4,1,0,4,6,2,4,3,4,4,5,3,4,4,6,5,5,4,5,3,4,2,3,4,5,4,5,4,4,1,0,1,0,3,3,2,3,1,0,1,0,1,0,2,4,2,3,1,0,1,0,1,0,1,0,3,4,1,0,1,0,1,0,1,0,1,0,2,2,2,2,4,3,2,3,3,4,3,2,2,3,5,3,4,3,1,6,1,2,0,6,5,3,2,2,4,2,2,3,3,3,4,4,4,2,2,3,4,2,4,2,2,3,2,5,2,3,4,4,4,3,4,4,4,4,2,2,2,2,2,2,2,2,2,1,3,2,2,2,1,8,8,8,3,3,3,2,2,7,1,32,4,1,1,1,40,3200,3200,0,26401,검수사 기업 감사 업무 존재 일이,경영학
35175,3,4,2,3,2,2,2,2,3,3,3,4,1,0,1,0,2,3,1,0,1,0,1,0,5,6,1,0,2,3,3,4,1,0,1,0,1,0,3,4,3,3,3,3,3,4,1,0,1,0,1,0,1,0,1,0,1,0,1,0,3,4,1,0,1,0,1,0,1,0,1,0,1,0,5,6,3,4,4,5,3,3,4,5,5,5,1,0,4,4,4,3,4,4,4,3,4,4,4,5,5,17,1,2,1,2,0,6,5,4,4,3,5,4,3,3,3,4,4,4,2,4,4,4,3,2,4,4,3,3,3,3,3,4,4,3,4,4,3,3,4,3,2,2,2,2,2,2,2,2,2,1,3,2,2,2,2,8,3,6,4,7,5,8,4,7,1,34,4,1,1,1,40,9600,8500,0,301110,마취과자격증 환자 상태 시행 때문 변화,의대 마취병리
35176,4,6,4,6,4,5,4,6,3,4,4,5,3,4,3,4,4,5,3,4,3,4,5,6,4,6,4,6,4,5,3,4,3,4,4,4,5,7,5,6,4,6,4,6,4,5,3,4,3,4,4,5,2,2,1,0,1,0,1,0,4,5,3,4,2,2,1,0,1,0,1,0,4,5,3,4,3,4,3,4,3,4,3,4,4,5,4,6,2,3,2,1,3,3,2,4,2,2,3,1,1,16,5,2,2,2,0,3,5,2,2,2,2,2,2,1,1,1,2,1,4,2,2,4,4,5,4,4,5,4,3,4,4,5,4,4,5,4,4,4,5,5,2,2,2,2,2,2,1,1,1,2,3,2,2,2,1,2,2,3,2,2,3,8,2,2,2,27,4,1,2,2,30,1500,1500,0,212901,업무 과중 스트레스 향후 변동 예상,철학
35177,2,2,3,3,2,2,2,3,1,0,2,3,2,2,2,3,3,4,2,2,1,0,1,0,2,3,1,0,3,2,1,0,1,0,1,0,2,2,2,1,2,1,1,0,2,2,1,0,2,2,1,0,2,2,2,2,4,3,2,3,2,2,2,2,3,3,3,2,4,3,4,3,2,2,4,4,4,4,3,3,3,4,4,4,3,4,3,3,4,4,2,3,3,2,3,4,3,4,3,4,4,3,1,3,2,2,0,2,2,4,3,3,4,4,2,4,3,4,4,4,2,4,4,4,5,4,5,5,2,1,4,5,4,3,3,4,5,4,3,1,4,4,2,2,2,2,2,2,2,2,2,2,4,3,3,3,2,2,7,5,3,6,5,3,7,5,1,48,2,1,1,1,40,6000,3200,0,833001,생활수준 향상 전기 용량 증가 인력,기계
35178,4,4,4,5,3,3,4,4,3,5,4,4,1,0,3,3,3,3,3,3,3,3,3,3,2,3,3,3,3,3,3,3,4,4,4,4,3,3,4,4,3,4,2,3,3,3,3,4,3,3,3,4,2,3,2,3,3,3,2,2,4,5,3,4,4,4,2,3,2,3,1,0,2,3,1,0,1,0,1,0,2,2,1,0,3,3,3,3,4,3,3,4,4,3,4,3,3,4,3,3,3,11,2,2,2,2,0,2,5,4,4,4,4,3,4,4,3,4,4,4,4,4,3,4,3,4,4,4,3,4,4,3,4,4,4,3,4,4,4,4,4,4,2,2,2,2,2,2,2,2,2,2,2,3,3,3,2,6,7,7,8,7,7,6,5,6,2,46,4,1,3,1,52,4800,2500,0,32101,자동기계 화로 점점,경제학
35179,4,6,4,6,3,3,3,4,2,3,3,5,3,3,3,4,3,4,3,3,2,2,2,2,3,4,2,2,2,2,2,3,2,2,2,2,2,2,2,2,2,2,3,4,3,3,2,2,2,2,2,2,2,2,2,2,2,2,2,2,2,2,2,2,2,2,2,2,2,2,2,2,2,2,4,7,4,6,3,5,3,5,4,5,3,5,3,5,4,4,4,3,4,3,3,4,3,4,4,4,4,17,1,1,1,2,0,7,5,4,4,3,4,4,4,4,9,9,4,4,1,4,4,3,3,3,3,3,4,4,4,4,3,4,3,3,4,4,3,3,4,2,2,2,2,2,2,2,2,2,2,1,4,3,3,3,2,6,7,4,5,6,5,5,6,6,1,36,4,2,5,1,40,0,0,7000,302001,수의사 자격증 동물 인구,수의학
35180,4,6,5,6,4,6,4,6,4,5,4,6,4,6,4,5,4,6,3,5,3,5,3,4,3,4,3,4,4,5,3,4,2,6,3,4,2,4,4,5,4,6,4,5,4,5,3,3,2,1,3,4,2,2,1,0,1,0,1,0,2,3,2,1,2,1,1,0,1,0,1,0,3,4,1,0,1,0,1,0,1,0,1,0,3,3,2,3,4,5,4,5,5,4,4,3,4,4,5,4,3,15,2,4,2,1,3,3,5,4,5,4,4,4,3,4,3,2,2,3,1,4,4,5,5,5,4,3,4,4,3,4,4,5,4,3,4,4,4,4,3,3,2,2,2,2,2,2,2,2,2,2,3,3,3,3,1,4,3,2,3,2,5,5,4,4,2,30,4,1,1,1,50,7000,6800,0,221102,사법연수원 검사 권한 축소 메리트,법학
35181,3,2,1,0,1,0,2,2,4,5,2,4,2,3,2,3,2,2,2,2,3,4,2,3,3,4,1,0,1,0,2,3,2,3,2,3,2,4,2,2,4,3,2,3,2,2,1,0,1,0,1,0,2,4,4,5,3,4,4,5,3,3,2,3,4,4,3,5,5,4,3,3,2,3,5,4,2,3,1,0,1,0,1,0,2,4,1,0,3,4,4,3,2,2,3,3,4,4,3,4,4,3,1,2,1,2,0,3,2,3,4,4,4,5,4,4,3,3,4,4,3,3,2,3,3,2,3,2,3,3,3,4,3,4,3,4,4,4,5,3,4,3,2,2,2,2,2,2,2,2,2,1,2,2,2,2,1,3,4,4,7,6,6,6,3,4,1,41,4,1,1,1,40,4200,3500,0,831201,전기공사산업기사 전반 경기 침체 영향,전기공학
35182,3,6,3,6,3,6,2,4,2,4,2,5,2,5,3,2,4,2,4,5,3,4,2,5,2,4,3,2,3,4,4,5,4,4,4,4,2,3,2,4,2,4,2,4,2,4,3,4,2,4,2,4,2,4,2,4,3,3,2,4,2,4,2,4,2,5,4,5,3,5,3,5,2,4,2,3,3,4,4,4,3,5,3,5,2,3,2,3,2,2,2,3,2,3,3,2,4,3,4,3,2,19,1,2,2,2,0,1,5,3,2,2,3,3,3,3,3,4,3,3,3,2,3,3,3,2,3,2,2,3,3,4,4,3,3,2,3,4,3,4,3,4,2,2,1,2,1,2,1,1,2,2,2,2,2,2,2,6,6,5,7,5,7,6,6,3,1,41,4,1,1,1,40,3000,2400,0,24203,시스템 개발 여러가지 조사 변화 경기 침체,산업디자인학
35183,3,3,4,3,2,4,4,2,3,3,5,5,3,5,3,3,4,4,4,3,4,3,2,3,2,4,4,5,5,5,3,5,2,5,2,5,4,4,4,4,5,5,5,6,5,6,4,6,4,5,3,4,5,5,3,5,2,5,4,5,5,5,5,6,4,5,4,4,4,4,3,4,3,4,4,4,3,4,4,5,4,4,3,3,5,5,5,4,2,4,2,3,4,1,2,2,3,3,4,3,2,7,1,2,2,2,0,1,2,3,4,3,2,3,3,3,4,4,4,4,3,2,3,3,4,3,3,4,3,4,4,3,3,2,3,4,3,5,2,2,3,4,2,2,2,2,2,2,2,2,2,2,2,3,3,3,2,8,7,9,7,5,6,8,5,5,2,38,2,1,1,1,40,1800,1500,0,615101,무인 계산,인문계
35184,4,5,4,5,4,5,2,2,2,3,2,1,1,0,4,5,3,4,3,4,2,1,2,1,4,5,1,0,4,5,4,5,3,4,3,4,2,1,3,4,3,4,3,4,3,4,1,0,1,0,3,4,2,3,1,0,2,3,2,3,4,5,1,0,3,3,2,3,1,0,1,0,3,4,2,1,3,4,3,4,2,1,2,3,4,5,4,5,4,4,4,3,3,3,3,4,2,3,4,3,3,15,2,3,2,1,3,5,5,3,3,4,4,4,3,3,3,4,3,4,3,3,3,3,4,3,2,3,3,3,3,3,4,3,3,3,2,3,3,2,4,4,2,2,2,2,2,2,2,2,2,2,3,2,3,3,1,3,2,4,4,5,5,6,4,5,1,35,4,1,1,1,45,3400,2600,0,25301,법률교육 기술 변화 요인 대체 생각,행정
35185,4,4,4,3,2,3,3,5,1,0,1,0,1,0,1,0,5,5,3,5,1,0,4,6,3,4,1,0,2,5,4,3,4,2,1,0,1,0,1,0,1,0,1,0,4,3,1,0,1,0,1,0,1,0,1,0,1,0,1,0,1,0,1,0,1,0,1,0,1,0,1,0,1,0,1,0,1,0,1,0,1,0,2,5,1,0,5,3,3,4,5,2,3,1,3,4,3,4,4,3,4,18,4,1,2,2,0,7,1,3,3,3,4,4,2,2,9,9,9,2,4,4,4,3,3,4,4,4,4,4,2,4,5,5,4,4,4,4,4,4,3,3,2,2,2,2,2,2,2,2,2,1,2,2,2,2,2,7,8,7,7,4,4,7,7,7,2,44,2,2,6,1,40,0,0,2000,414601,가수 지망 증가,인문
35186,4,5,4,5,3,4,4,6,3,4,2,3,2,3,2,3,3,4,2,3,2,2,3,4,3,4,3,4,4,5,4,5,4,5,3,4,3,4,4,6,3,4,3,4,3,4,3,4,2,3,2,3,2,3,2,3,2,3,3,4,2,3,3,4,2,3,2,3,3,4,3,4,2,3,3,4,2,3,3,4,2,3,3,4,4,5,4,5,3,5,3,3,4,4,4,2,3,4,4,4,3,16,5,2,1,2,0,7,5,4,4,4,4,3,3,4,3,4,4,4,2,3,3,4,4,4,5,2,3,2,4,4,4,4,3,3,4,4,4,3,4,3,2,2,2,2,2,2,2,2,2,1,4,3,3,3,2,8,7,7,3,3,7,2,3,8,2,30,4,1,1,1,40,3000,2400,0,304003,간호사 건강 생각,간호학
35187,4,5,3,5,2,2,2,3,1,0,2,2,1,0,4,3,2,3,1,0,4,3,2,3,3,3,2,3,2,3,2,3,1,0,1,0,2,2,1,0,4,3,1,0,3,3,3,5,3,2,4,2,1,0,1,0,2,2,1,0,1,0,1,0,1,0,1,0,1,0,1,0,2,2,1,0,1,0,1,0,1,0,1,0,3,4,3,2,3,3,4,3,4,2,4,2,4,3,4,4,2,15,1,1,1,2,0,3,5,3,4,3,3,4,4,4,3,5,5,4,2,5,4,4,3,5,4,4,3,4,4,3,5,4,4,3,4,5,5,4,4,4,2,2,2,2,2,2,2,2,2,1,3,3,3,3,2,3,5,3,6,6,5,4,7,7,1,40,4,2,5,1,40,0,0,5600,221301,법무사 행정소송 민원 국민 법률 서비스 증가,법학
35188,4,6,5,5,3,6,4,6,4,6,4,6,2,3,5,6,4,5,4,6,4,5,4,5,4,6,4,5,4,6,4,6,4,6,3,4,3,5,4,6,4,6,4,6,3,5,2,4,3,4,2,3,2,4,1,0,2,4,2,4,3,5,1,0,2,4,2,3,3,4,2,3,2,3,1,0,3,4,4,6,4,5,3,5,3,4,4,5,4,4,2,2,4,2,4,2,2,2,4,4,4,15,2,5,2,1,2,7,5,4,4,4,1,4,2,3,3,3,4,3,4,4,3,4,4,3,4,2,4,2,4,4,4,4,3,3,3,4,4,2,4,3,2,2,2,2,2,2,2,2,2,1,3,3,3,2,2,7,7,7,7,6,7,5,7,7,1,58,4,1,1,1,55,6800,1900,0,240101,성인지교육 인권교육 국가 종사 변화,사회복지학
35189,4,6,4,6,4,5,5,5,5,5,4,5,4,5,3,5,4,5,3,5,3,5,4,5,4,5,3,4,3,5,3,6,4,4,3,3,4,5,5,6,4,5,4,5,4,5,3,5,3,4,4,5,5,6,4,5,3,6,4,6,4,6,2,4,4,4,3,4,3,5,3,5,3,4,4,3,2,4,1,0,2,4,2,3,5,5,4,3,4,3,2,3,3,4,3,2,3,4,4,2,4,3,1,5,2,1,1,6,5,4,3,3,4,4,3,4,3,2,4,3,2,4,3,4,4,3,3,2,3,2,4,4,2,2,2,2,3,4,3,3,4,2,2,1,2,2,2,1,2,2,2,2,5,3,3,3,2,2,2,2,5,3,4,3,5,4,1,41,5,1,1,1,46,8000,3400,0,151201,영상처리 AI 인공지능 인공 지능 발달 자동화 설비 검사 설비 인공 지능 적용 필요 검사 시스템 도입 증가 기업 자동화 설비 도입 업무 증가 판단,전자공학
35190,3,4,3,4,3,4,3,4,2,2,2,2,2,2,2,2,2,2,2,2,2,3,2,2,3,3,2,3,2,3,3,4,3,4,3,4,2,3,3,4,4,5,2,3,2,3,2,3,4,5,4,5,3,4,2,3,2,2,2,2,3,5,4,5,3,4,2,2,2,2,2,2,3,4,2,2,2,2,3,4,3,4,3,4,2,3,2,2,3,3,3,3,3,3,3,3,3,3,3,3,3,10,1,2,2,2,0,3,2,3,3,3,3,3,3,3,3,4,4,4,3,3,3,4,4,4,4,2,3,4,4,4,4,4,3,3,4,4,3,4,4,3,2,2,2,2,2,2,2,2,2,1,3,2,2,2,2,8,3,7,3,5,7,8,7,7,1,35,2,1,1,1,40,2800,1800,0,26103,전산 자동화 대체,기계
35191,2,2,3,3,2,2,3,3,1,0,1,0,1,0,2,2,3,4,3,4,2,2,1,0,2,2,1,0,3,3,2,2,1,0,1,0,1,0,5,5,2,1,1,0,2,2,1,0,1,0,1,0,1,0,1,0,2,2,1,0,1,0,1,0,1,0,1,0,1,0,1,0,1,0,1,0,3,4,3,4,4,4,4,5,3,3,2,2,1,3,3,2,2,3,3,1,3,2,3,2,3,9,1,2,2,2,0,7,4,2,2,2,3,2,3,3,9,9,9,3,3,2,2,3,3,2,2,2,3,3,3,3,2,2,2,4,4,4,3,3,5,4,2,2,2,2,2,2,2,2,2,1,3,2,2,2,2,6,6,7,6,6,6,5,5,5,1,42,2,1,2,1,44,4000,2500,0,523001,공란,문과
35192,5,7,5,7,5,7,4,5,4,5,4,5,4,4,3,4,4,4,3,5,3,5,3,4,4,4,3,4,3,4,3,4,2,2,2,2,5,7,4,5,4,5,3,5,3,4,3,4,2,2,1,0,3,3,2,2,1,0,1,0,1,0,1,0,2,3,1,0,1,0,1,0,4,4,3,3,2,2,1,0,1,0,1,0,2,2,1,0,4,4,3,4,3,5,4,4,3,4,4,4,3,16,5,5,2,2,0,6,7,5,4,4,4,4,3,4,4,3,4,4,1,3,3,4,3,3,4,2,4,3,4,4,4,3,3,2,4,3,2,2,3,4,2,2,2,2,2,2,2,2,2,2,2,3,3,3,1,4,3,3,3,4,4,5,4,4,1,59,6,1,1,1,50,6500,3200,0,110201,취업,정치학
35193,5,6,4,5,5,6,4,6,3,5,4,5,4,5,2,2,4,5,4,5,4,5,4,5,4,5,3,5,3,4,4,5,4,5,4,5,4,5,4,6,4,5,4,4,2,2,2,2,2,2,2,2,2,2,2,2,3,3,2,2,3,4,4,5,4,2,3,4,2,4,3,3,3,4,2,3,3,3,2,2,2,2,2,2,3,4,3,3,4,4,4,3,3,3,3,3,2,3,4,4,4,15,2,1,1,1,3,3,5,4,3,3,3,3,4,4,4,3,4,4,4,4,3,4,4,3,3,3,3,4,4,4,4,3,3,4,4,3,3,4,4,3,2,2,2,2,2,2,2,2,2,1,4,2,2,3,2,6,6,5,6,5,6,6,5,5,1,50,4,1,1,1,43,5500,2400,0,29903,행정사 고객이 의뢰한 행정서류 작성 방법 공공기관 제출 문서 전문,행정학
35194,2,3,3,3,2,3,3,3,3,3,3,3,3,3,4,4,3,5,2,3,2,4,3,3,3,3,1,0,1,0,2,3,1,0,1,0,2,2,2,2,2,2,1,0,3,4,1,0,2,2,1,0,3,4,2,2,4,5,3,3,1,0,2,2,4,3,4,3,4,4,3,5,1,0,3,4,4,4,3,4,4,4,3,4,4,4,3,4,3,3,4,2,3,1,3,3,4,3,3,4,3,6,1,2,2,2,0,2,5,3,2,2,3,3,2,2,2,3,3,3,3,2,3,3,3,3,2,2,3,3,3,4,5,4,3,4,3,3,5,4,5,3,2,2,2,2,2,2,2,2,2,1,3,2,2,2,1,7,7,7,5,8,9,6,4,5,1,57,2,1,1,1,50,3800,2500,0,701501,건설 경기 직접 영향 당분간 신규 건축 감소,공고
35195,4,4,3,3,2,2,2,1,2,1,2,2,2,2,3,5,3,4,2,2,2,2,3,4,2,2,3,4,2,2,2,3,2,2,2,1,3,4,2,2,2,3,3,3,2,2,2,1,2,2,2,2,3,4,4,5,4,5,3,5,3,5,3,5,4,4,4,5,4,5,4,5,3,4,3,4,3,3,3,3,3,3,3,3,3,4,2,3,3,3,2,3,2,3,2,3,3,2,2,3,2,3,1,5,2,1,2,2,2,3,2,2,3,3,2,4,3,4,5,4,3,3,2,3,3,2,3,3,3,2,4,5,4,2,4,4,2,3,3,2,5,5,2,2,2,2,2,2,2,2,2,1,3,3,3,3,2,8,7,7,2,2,4,7,4,5,1,33,2,1,1,1,40,3800,2700,0,851201,직무교육 제조업 계속 유지,컴퓨터공학
35196,2,2,2,2,1,0,2,2,2,2,1,0,2,2,2,2,3,3,3,3,2,2,2,2,4,4,2,2,3,3,2,2,2,2,3,4,2,2,4,5,3,4,4,5,2,3,2,2,3,4,4,5,4,5,3,4,3,4,4,4,1,0,3,4,2,3,3,4,5,5,4,5,3,4,2,2,3,4,2,3,2,3,3,3,3,4,2,2,2,2,3,3,3,4,2,2,2,3,3,2,3,7,4,1,2,2,0,6,2,3,3,2,3,2,3,3,4,3,4,4,3,2,3,2,3,3,4,4,4,3,3,4,3,4,3,3,3,3,3,3,4,4,2,2,2,2,2,2,2,2,2,2,2,3,3,3,2,5,6,6,6,5,5,7,6,5,1,58,2,2,6,1,46,0,0,2100,883101,수리 일감 부족,이과
35197,2,2,2,2,2,2,2,3,1,0,2,2,5,6,4,6,4,5,4,5,3,4,3,4,4,5,4,5,4,5,3,4,2,4,3,4,4,4,3,5,3,4,3,4,3,4,4,5,3,4,3,4,3,3,2,3,4,5,3,4,2,2,3,3,3,4,4,5,3,4,2,3,1,0,4,5,1,0,4,5,3,4,4,3,5,6,1,0,2,4,1,2,3,4,2,2,2,4,3,3,2,16,5,5,1,2,0,7,3,2,2,2,3,4,3,2,3,3,3,3,3,3,3,2,3,4,2,2,3,3,3,2,3,3,3,3,4,3,3,3,3,3,2,2,2,2,2,2,2,2,2,2,2,2,2,2,2,8,7,7,3,8,3,8,2,2,2,42,4,1,1,1,43,4500,2200,0,511402,특수분장사 대면 공연 감소 분장 필요 분야 감소,방송
35198,3,4,4,5,3,4,3,4,2,4,3,5,2,2,2,3,3,5,2,2,1,0,3,5,3,3,3,4,4,6,3,4,3,3,2,3,3,4,5,6,3,4,3,5,3,4,2,3,3,3,3,5,1,0,1,0,1,0,1,0,3,4,2,2,2,2,1,0,1,0,1,0,3,2,1,0,2,4,1,0,3,3,2,2,3,4,3,3,5,5,2,4,4,3,2,4,3,3,3,4,4,9,1,4,1,1,6,6,5,4,3,3,4,4,3,3,4,4,4,4,1,4,4,4,5,3,3,3,2,3,3,4,2,3,2,1,2,5,3,2,5,4,2,2,2,2,2,2,2,2,2,1,4,3,2,2,2,5,6,4,3,2,3,4,5,4,1,53,4,1,1,1,44,6200,4800,0,14103,호텔관리사 외국어능력 향상 소득 수준 향상 여행객 갈수록,경영학
35199,2,4,3,4,2,3,2,3,1,0,2,3,3,4,2,4,3,4,3,4,3,4,2,4,2,4,2,4,2,4,2,4,2,4,2,4,3,4,3,4,3,4,3,4,2,3,1,0,1,0,1,0,1,0,1,0,1,0,1,0,1,0,1,0,3,4,2,3,1,0,3,4,1,0,1,0,1,0,2,3,1,0,1,0,3,4,3,4,4,4,3,1,1,2,4,4,2,2,4,2,4,15,2,6,1,2,0,2,2,3,4,4,4,3,3,2,2,3,3,3,3,2,2,4,4,2,4,2,4,2,4,4,3,4,4,4,4,5,4,4,5,3,2,2,2,2,2,2,2,1,1,3,2,1,1,3,2,5,4,2,5,2,2,8,2,8,1,48,4,1,1,1,40,7400,4000,0,621403,관제면허 무량 감소 전산 향상,사회복지학
35200,3,2,4,2,2,2,3,2,2,1,2,2,4,5,3,2,3,2,4,5,1,0,2,2,4,2,2,2,5,3,4,4,3,2,2,3,2,3,5,3,4,4,4,3,2,2,3,4,2,2,1,0,4,4,4,4,5,5,3,3,2,2,3,3,5,4,2,2,4,4,5,4,1,0,4,4,3,3,3,2,1,0,2,2,2,2,3,2,4,2,1,3,4,4,4,5,4,4,4,2,2,18,1,1,1,2,0,3,3,3,4,4,5,5,4,4,9,9,4,4,1,4,4,3,4,4,2,3,5,5,5,5,4,4,5,4,5,4,3,1,5,4,2,2,2,2,2,2,2,2,2,1,3,2,2,2,2,4,7,3,5,4,4,7,4,4,1,48,5,2,5,1,45,0,0,5000,884101,도자기공예기능사 문화 수준 향상 공예품 증가,도예
35201,1,0,3,4,3,2,2,3,2,2,4,4,3,3,4,4,3,3,3,3,2,2,1,0,3,4,4,3,3,2,3,3,1,0,1,0,2,2,4,4,3,3,3,2,3,3,2,3,3,2,3,4,4,2,3,3,3,3,1,0,1,0,3,4,3,4,3,3,4,4,4,4,2,3,3,3,2,2,3,3,4,4,3,3,3,3,3,3,3,4,3,3,2,2,3,3,2,2,3,3,3,3,1,3,2,1,1,2,1,2,2,3,4,4,4,4,4,4,5,4,3,4,2,4,5,3,2,2,4,3,3,3,2,1,1,1,3,3,3,4,4,2,2,2,2,2,2,2,2,2,2,2,2,2,2,2,1,8,7,7,3,3,5,5,7,8,1,43,2,1,1,1,40,3200,2800,0,885902,직무 교육 기계화 인간 업무 기계 분담,문과
35202,1,0,3,4,1,0,2,3,2,3,1,0,1,0,2,3,2,2,2,3,2,3,1,0,1,0,1,0,3,3,1,0,1,0,1,0,1,0,2,2,2,2,2,3,2,2,2,2,1,0,1,0,1,0,1,0,1,0,1,0,1,0,2,3,1,0,1,0,1,0,1,0,1,0,1,0,1,0,1,0,2,3,2,2,2,3,2,2,2,4,5,3,2,1,5,4,3,1,3,4,5,7,4,1,2,2,0,1,1,2,2,1,5,3,3,4,9,9,4,4,2,4,4,4,4,3,4,3,4,3,2,4,5,3,3,2,3,2,3,4,4,2,2,2,2,2,2,2,2,2,2,1,3,2,2,2,2,9,9,8,3,3,2,8,3,1,2,82,1,2,6,1,48,0,0,1500,615501,변동,0
35203,3,4,3,5,2,4,2,3,2,4,2,4,2,3,2,4,1,0,2,4,3,4,2,4,4,5,2,3,1,0,1,0,2,3,2,4,2,3,1,0,2,3,3,4,2,4,4,5,5,6,1,0,1,0,1,0,1,0,1,0,4,5,3,4,1,0,1,0,1,0,1,0,3,4,1,0,1,0,1,0,1,0,1,0,3,4,1,0,4,4,3,3,4,3,4,3,3,3,3,3,4,10,1,4,1,2,0,4,3,3,3,3,4,3,3,3,4,4,4,3,4,3,3,4,3,3,3,1,3,4,4,4,3,3,3,3,3,3,3,2,4,4,2,1,2,2,1,2,2,2,2,2,4,2,2,2,1,6,6,6,4,4,6,5,5,5,1,33,3,1,1,1,48,3400,2700,0,28301,컴퓨터활용능력 국제 전화 선불 카드 도입 산업 분야 발달 자재 구매 사무 수요 증가 추세,경영학
35204,3,4,5,5,3,3,4,5,1,0,1,0,1,0,2,3,3,4,4,5,1,0,3,3,2,2,1,0,4,4,3,5,3,3,1,0,1,0,5,6,3,4,1,0,2,2,1,0,1,0,1,0,1,0,1,0,1,0,1,0,2,3,1,0,1,0,1,0,1,0,1,0,1,0,1,0,1,0,2,3,3,3,3,4,2,3,4,5,3,4,2,1,2,2,2,3,4,3,2,2,3,9,4,2,2,1,1,7,2,3,2,2,2,3,3,2,3,3,4,3,5,2,2,4,3,2,4,4,4,2,2,5,3,2,2,2,4,5,2,3,4,4,2,2,2,2,2,2,2,2,2,1,4,2,2,2,2,6,6,4,7,6,7,3,4,2,1,31,2,1,4,1,48,3000,2100,0,523001,고객 응대 교육 경제 사람 증가,인문계
35205,3,4,3,4,3,4,3,4,1,0,1,0,2,2,2,2,2,3,3,4,2,2,3,3,2,3,2,2,2,2,2,2,2,2,2,2,2,2,2,2,2,2,1,0,2,2,1,0,2,2,1,0,2,2,2,2,2,2,3,4,2,2,1,0,2,2,3,4,3,4,3,3,1,0,2,2,2,3,2,3,2,2,3,4,2,3,2,3,4,3,1,3,4,2,3,4,3,3,4,4,2,18,1,2,2,1,1,2,2,4,4,3,4,3,4,4,5,5,5,5,1,4,4,3,4,4,3,4,3,2,3,4,5,5,5,4,4,4,3,4,4,4,2,2,2,2,2,2,2,2,2,2,2,3,2,3,2,6,5,6,3,4,6,6,4,3,1,27,2,1,1,1,58,2500,2200,0,416701,조명설치방법 드론 촬영 장비 다양 화로,기계
35206,2,2,2,2,1,0,4,5,1,0,2,3,1,0,3,4,1,0,1,0,1,0,3,4,4,5,1,0,3,3,4,5,3,4,1,0,2,2,3,4,1,0,2,2,2,2,2,2,3,4,1,0,3,3,2,2,3,3,2,2,3,4,3,3,3,4,3,4,2,2,2,2,1,0,4,5,4,5,3,3,1,0,3,3,4,6,3,4,3,4,2,3,4,4,3,2,2,1,4,1,1,17,1,1,2,2,0,2,4,2,3,3,3,4,3,2,9,9,9,2,4,2,3,3,4,2,3,2,4,3,4,4,4,4,3,2,4,4,3,3,4,4,2,2,2,2,2,2,2,2,2,1,4,2,2,2,1,3,2,5,4,3,5,3,2,5,2,31,3,1,3,2,40,2637,2400,0,306401,미용 시술,치위생
35207,3,4,2,3,2,3,2,2,3,5,2,4,2,4,3,5,3,5,2,3,2,4,2,4,3,4,2,2,2,3,2,3,2,3,2,3,2,3,2,3,3,3,2,4,3,3,2,3,1,0,1,0,1,0,1,0,1,0,1,0,3,5,1,0,2,2,1,0,2,1,2,1,1,0,2,1,2,2,1,0,1,0,2,1,2,2,2,1,3,2,3,3,3,4,2,2,3,3,3,3,3,7,1,4,1,2,0,3,2,3,2,1,2,3,4,3,2,3,4,3,4,2,2,3,3,2,3,2,3,4,2,4,3,3,3,3,3,3,3,4,4,3,2,2,2,2,2,2,2,2,2,3,1,3,3,3,2,6,4,4,4,4,6,4,4,4,2,24,2,1,1,1,42,2800,2500,0,27201,전산회계운용사 3급 전산 프로그램 발전 인력 감소 예상,회계정보
35208,2,3,4,6,1,0,1,0,1,0,1,0,5,7,5,7,5,7,1,0,4,5,1,0,4,5,3,4,1,0,1,0,1,0,1,0,1,0,1,0,1,0,1,0,1,0,1,0,1,0,1,0,1,0,1,0,1,0,1,0,1,0,1,0,1,0,1,0,1,0,1,0,1,0,5,6,3,4,3,4,3,4,3,4,5,6,5,7,3,4,1,1,3,3,1,2,3,3,4,3,1,18,4,1,2,1,6,6,2,3,1,1,2,4,3,1,9,9,4,3,4,2,2,4,4,4,4,3,5,2,2,5,4,4,4,4,5,5,5,4,5,5,2,2,2,2,2,2,2,2,2,1,1,2,2,2,1,8,4,8,2,2,4,4,4,8,1,48,3,1,4,2,20,2000,1000,0,414503,연주를 하려면 계속 훈련이 필요 일거리 경제 문화 활동,식품공학
35209,2,2,3,3,2,3,3,3,2,3,2,3,3,3,4,4,4,5,2,3,3,4,3,2,3,3,2,2,2,3,3,3,2,3,2,3,2,3,1,0,2,2,3,3,3,3,1,0,2,2,3,3,3,3,1,0,3,3,3,3,1,0,1,0,5,4,4,3,5,3,5,3,2,3,5,3,5,3,5,5,3,3,3,3,3,3,2,3,3,4,2,2,4,2,3,4,3,1,2,3,2,5,1,2,2,2,0,3,2,3,2,2,3,2,2,2,2,3,4,3,3,3,3,4,3,2,4,3,3,2,3,4,3,2,3,4,5,4,2,3,5,4,2,2,2,2,2,2,2,2,2,2,4,3,3,3,2,6,9,6,5,5,5,5,5,8,1,57,2,1,1,1,40,3600,2600,0,853201,환경 관련 산업 발전,상고
35210,1,0,3,4,1,0,1,0,1,0,1,0,2,2,1,0,1,0,1,0,1,0,4,5,4,5,3,4,4,5,1,0,1,0,1,0,5,6,4,5,3,4,1,0,1,0,1,0,1,0,1,0,1,0,1,0,1,0,1,0,2,3,1,0,1,0,1,0,1,0,1,0,1,0,4,5,1,0,4,5,4,5,4,5,3,4,1,0,3,3,3,2,4,2,3,4,3,3,2,3,3,18,1,2,2,2,0,7,4,3,4,3,4,4,4,3,4,3,4,3,3,3,3,3,4,3,4,3,3,3,3,5,5,5,5,5,4,4,4,5,4,5,2,2,2,2,2,2,2,2,2,1,3,2,2,2,1,3,4,3,6,6,6,4,5,4,1,33,4,1,1,1,40,4500,3000,0,420402,기계 대체 불가,체육학
35211,5,7,4,6,5,5,5,3,2,1,3,5,2,3,4,3,4,3,4,3,1,0,3,3,5,4,4,3,4,4,3,4,2,2,3,3,4,6,2,1,3,4,5,3,2,1,3,3,3,4,4,5,2,4,1,0,2,1,1,0,2,1,1,0,1,0,1,0,1,0,1,0,2,3,1,0,1,0,2,1,2,1,1,0,1,0,2,1,5,4,4,5,4,3,5,5,4,3,5,4,4,16,5,5,2,2,0,4,7,4,2,4,3,4,4,3,9,9,5,4,4,5,4,3,5,4,4,3,5,4,4,4,3,5,4,4,5,5,4,4,5,5,2,2,2,2,2,2,2,2,2,2,3,2,3,3,2,4,6,7,4,4,5,4,6,3,1,56,6,2,5,1,40,0,0,9000,13204,직책 자리 고정 적임,수학
35212,4,4,4,5,4,6,4,5,4,5,4,6,4,5,4,5,4,4,4,6,4,6,4,6,4,6,4,6,4,6,3,5,3,3,4,5,4,5,3,4,3,5,4,4,4,5,4,4,4,4,4,5,3,5,4,5,3,5,4,5,2,2,3,5,3,3,4,3,2,2,2,2,4,2,4,4,4,2,4,5,3,5,4,5,4,4,3,5,4,4,4,4,3,3,3,4,3,3,3,4,3,7,1,1,2,2,0,6,2,3,3,3,3,4,3,3,9,9,3,3,3,4,4,3,3,4,4,3,3,3,3,3,3,3,4,4,4,3,3,3,3,3,2,2,2,2,2,2,2,2,2,1,3,2,2,2,2,6,5,5,6,4,4,5,4,4,2,60,2,2,5,1,55,0,0,3000,872201,이용자,인문계
35213,3,4,4,4,2,3,3,4,4,5,3,4,1,0,5,5,3,4,2,2,3,3,4,4,3,4,3,5,2,2,2,4,2,3,1,0,1,0,2,3,3,4,3,4,2,3,1,0,1,0,1,0,4,3,2,2,3,4,2,4,3,6,4,4,3,4,3,3,3,4,3,3,3,4,3,5,2,4,3,4,2,3,3,3,2,4,1,0,4,5,3,4,4,2,4,2,4,3,4,3,4,17,1,2,1,2,0,2,4,4,4,3,4,4,4,4,3,4,4,4,3,4,3,3,3,2,3,2,3,3,2,4,3,4,3,3,3,4,3,3,4,3,2,2,2,2,2,2,2,2,2,3,3,2,2,3,1,4,5,4,5,5,5,6,4,4,1,32,4,1,1,1,40,3000,3000,0,306101,임상병리사 필요성 배출 기자,임상병리학
35214,4,4,4,5,4,5,4,5,3,6,4,5,4,4,4,4,4,4,4,4,4,5,3,5,4,5,3,5,4,5,4,4,4,5,3,5,4,4,4,5,4,4,4,4,4,5,4,4,4,5,3,5,3,5,4,4,4,4,4,5,4,5,3,5,4,5,4,4,4,5,4,5,4,5,4,4,4,5,4,4,4,5,3,4,4,5,4,5,4,3,4,4,3,4,4,4,3,4,4,4,4,13,2,2,2,2,0,2,5,4,4,4,4,4,4,4,4,5,4,4,4,4,4,4,4,4,5,4,4,4,4,4,4,3,4,4,4,3,4,4,4,4,2,2,2,2,2,2,2,2,2,2,2,3,3,3,2,6,7,6,5,4,4,7,6,7,1,32,4,1,3,1,52,3000,2700,0,151107,자동 시스템,기계공학
35215,3,4,2,2,3,4,3,4,3,3,4,4,1,0,2,2,2,3,1,0,1,0,3,4,3,4,3,4,1,0,2,2,3,3,2,2,2,3,2,1,4,5,2,3,3,5,3,4,3,5,3,5,3,4,2,2,3,4,2,3,2,3,3,4,3,4,3,3,2,2,3,3,2,3,2,2,2,3,2,2,2,2,3,3,4,4,2,3,2,3,3,4,3,1,3,4,2,4,4,4,2,19,1,2,1,1,1,2,2,4,4,4,4,4,4,4,3,4,4,4,4,4,4,4,4,3,4,4,4,4,4,4,3,4,4,4,4,4,5,4,4,4,2,2,2,2,2,2,2,2,2,2,4,3,3,3,2,8,4,5,3,4,6,6,4,3,1,32,4,1,1,1,40,3800,3200,0,155301,대기환경기사 직무교육 환경오염 때문,환경공학
35216,3,3,4,4,3,3,3,4,1,0,4,4,2,2,3,4,4,4,3,4,5,5,1,0,3,4,2,3,4,5,3,4,3,4,3,4,3,3,3,3,4,5,3,4,2,3,1,0,3,4,2,3,1,0,1,0,3,4,1,0,1,0,1,0,1,0,1,0,1,0,1,0,3,3,1,0,2,3,3,4,2,3,1,0,3,4,1,0,4,4,2,3,4,2,4,4,2,2,4,4,4,13,2,3,2,1,4,5,4,4,3,3,4,4,3,4,4,4,4,4,2,3,4,4,4,2,2,3,3,4,4,4,4,3,3,4,4,4,4,3,3,4,2,2,2,2,2,2,2,2,2,1,3,3,3,3,2,8,8,8,3,3,3,3,3,6,1,28,3,1,1,1,49,4900,4700,0,13305,직무훈련 직업 이기,응급구조
35217,5,5,5,5,3,5,5,4,5,6,5,5,1,0,4,5,5,4,3,5,2,5,3,4,5,5,1,0,3,4,4,6,3,4,3,3,3,4,2,3,5,5,5,5,5,4,1,0,1,0,1,0,4,4,1,0,5,5,3,4,2,4,5,5,4,4,4,4,5,5,5,5,1,0,5,5,2,4,3,3,3,4,4,4,4,4,3,5,4,3,4,2,4,2,5,1,4,4,3,5,2,8,2,6,1,1,2,2,3,4,4,4,4,4,4,2,3,5,5,4,2,5,5,2,5,3,1,2,3,1,4,5,3,4,4,5,4,3,3,2,5,5,2,2,2,2,2,2,2,2,2,2,2,3,2,3,2,8,7,6,6,7,8,3,5,5,1,27,4,1,1,1,42,3600,3000,0,812301,전기기사 기계기사 철도차량정비기능사 정비기술 교육 기계화,기계공학
35218,4,5,3,4,3,5,3,4,4,4,3,3,4,5,3,2,4,5,1,0,3,4,3,4,3,3,4,5,1,0,1,0,1,0,1,0,4,5,2,3,4,5,2,3,1,0,1,0,3,4,1,0,4,5,4,6,3,4,3,4,4,4,5,6,3,4,2,3,3,3,2,3,1,0,3,4,3,4,1,0,1,0,2,3,3,4,1,0,4,2,4,5,4,2,4,4,3,4,4,2,2,13,1,3,1,1,1,1,5,4,4,4,4,4,4,4,5,4,4,4,2,4,4,4,4,4,4,3,4,3,3,4,4,4,4,3,4,4,5,4,4,2,2,2,2,2,2,2,2,2,2,2,2,3,3,3,2,7,7,7,4,3,4,7,7,6,1,48,6,1,1,1,40,6000,3600,0,156101,방사기술사 섬유공정기술사 의류기사 기술사 직무교육 인건비 상승 섬유 산업 자체 해외 전이,섬유공학
35219,4,4,3,4,4,4,2,2,3,5,5,4,1,0,5,4,3,4,2,2,2,3,2,2,1,0,5,5,2,2,2,2,2,2,1,0,2,2,4,4,2,3,4,5,2,2,1,0,1,0,3,4,3,3,1,0,1,0,1,0,4,6,1,0,2,2,1,0,1,0,1,0,3,4,1,0,1,0,1,0,1,0,1,0,4,5,3,3,5,4,3,3,4,4,4,3,4,4,3,4,3,11,1,4,2,1,2,3,4,4,5,4,4,4,3,3,4,4,5,4,2,4,4,4,3,4,5,3,4,3,3,5,3,4,4,4,5,3,4,4,4,4,2,2,2,2,2,2,2,2,2,2,3,3,3,3,2,7,7,6,5,5,4,6,4,4,2,29,4,1,1,1,40,3800,3000,0,26401,인터넷 활용능력과 문서작성능력 기업 운영 업무,회계학
35220,5,7,5,6,5,6,4,6,3,3,4,4,5,7,4,6,5,7,3,4,5,7,4,5,4,5,3,3,4,5,1,0,3,3,2,2,1,0,2,2,3,2,1,0,2,2,1,0,1,0,2,2,1,0,1,0,1,0,1,0,3,4,1,0,1,0,1,0,1,0,1,0,1,0,2,2,1,0,1,0,1,0,2,2,2,4,1,0,4,3,4,4,3,2,4,4,4,4,4,3,4,18,1,2,2,2,0,7,1,3,1,1,4,4,4,4,9,4,4,4,2,4,4,3,4,5,4,3,5,4,4,4,5,4,3,3,4,4,4,4,4,4,2,2,2,2,2,2,2,2,2,1,3,3,3,3,2,6,4,2,3,1,4,7,4,1,1,35,4,1,1,1,48,3000,1500,0,411103,상황 유지 계속,문예창작
35221,2,3,4,4,2,3,2,3,2,2,1,0,1,0,3,4,3,4,2,3,2,2,2,3,3,4,1,0,5,4,5,5,2,3,2,2,2,3,5,4,2,3,2,3,3,4,1,0,1,0,1,0,1,0,1,0,2,2,1,0,1,0,1,0,1,0,1,0,1,0,2,3,1,0,1,0,2,3,2,3,3,4,4,4,5,5,4,4,2,4,3,2,2,2,2,2,2,2,1,2,2,14,1,2,2,2,0,7,1,2,2,2,2,2,1,2,1,3,3,2,3,3,2,3,3,4,2,3,4,4,3,4,2,3,5,3,2,5,3,2,5,3,2,2,2,2,2,2,2,2,2,2,2,3,3,3,2,9,9,9,7,9,9,9,6,2,1,65,2,1,1,1,40,2000,1800,0,542001,무인 경비 시스템 발달,인문계졸업
35222,2,2,3,3,1,0,3,3,1,0,3,3,1,0,4,4,1,0,1,0,1,0,1,0,3,3,4,4,1,0,1,0,1,0,1,0,3,3,4,4,1,0,2,3,3,3,1,0,3,3,1,0,3,3,3,4,2,3,1,0,1,0,3,3,2,3,3,4,2,2,4,3,3,2,4,4,3,3,3,3,4,4,3,2,4,4,1,0,3,3,4,3,2,2,2,2,3,2,3,2,3,3,1,2,2,1,1,1,2,3,3,2,4,4,3,4,4,4,3,3,2,3,3,4,2,2,3,2,3,3,3,3,3,2,2,2,1,4,3,5,4,4,2,2,1,2,2,2,2,2,2,3,1,2,2,2,1,7,7,5,5,3,3,6,6,5,1,28,2,1,1,1,40,3500,3000,0,825201,직무교육 자동화 장비 등장 자동화 장비,문과
35223,3,5,2,4,1,0,3,3,3,3,2,3,1,0,3,4,4,6,2,4,3,3,2,3,4,5,4,4,3,3,2,2,1,0,1,0,3,4,5,5,4,4,4,4,3,3,1,0,3,5,1,0,3,3,1,0,4,5,4,6,1,0,1,0,3,5,4,6,4,6,3,5,3,3,4,5,3,3,3,3,4,4,4,5,3,5,3,3,3,2,2,3,2,1,1,5,2,2,3,4,4,4,1,2,1,1,2,5,2,3,2,1,2,1,1,3,3,3,4,3,3,2,2,4,3,2,2,2,3,4,4,3,2,3,4,3,3,4,3,2,4,5,2,2,2,2,2,2,2,2,2,2,2,3,3,3,2,6,7,6,4,4,3,4,2,2,1,46,2,1,1,1,50,4800,3600,0,831301,전기기능사 한전정기교육 공사 발전소 유지 보수 일자리 줄어듬,전기
35224,2,5,4,4,5,6,4,6,1,0,3,4,1,0,4,4,3,3,1,0,2,3,1,0,1,0,2,3,3,2,4,3,2,2,1,0,1,0,1,0,4,4,2,3,4,5,1,0,1,0,1,0,2,4,1,0,1,0,1,0,1,0,1,0,3,2,1,0,1,0,1,0,1,0,1,0,1,0,1,0,1,0,1,0,1,0,1,0,4,3,5,4,4,3,5,2,3,4,4,4,5,19,1,2,1,2,0,3,5,5,4,5,4,5,5,4,5,5,3,4,2,4,4,2,4,4,3,5,4,4,4,4,3,3,5,5,4,5,3,4,4,5,2,2,2,2,2,2,2,2,2,2,4,3,3,3,2,3,4,2,7,5,6,5,8,7,1,46,4,1,1,1,40,6000,5000,0,221401,변리사 지적 재산 유지 보호 위해 증가 예상,회계
35225,3,4,3,5,3,4,3,5,3,5,3,5,3,5,3,4,3,4,3,5,3,4,3,5,4,4,3,4,4,4,3,4,3,4,3,4,4,4,3,3,4,4,3,3,4,5,3,4,4,4,4,5,3,4,2,3,2,2,2,3,4,5,3,3,3,3,2,3,2,2,2,3,4,5,2,2,2,2,3,4,2,2,2,2,3,5,3,5,4,3,4,2,3,4,4,3,3,3,4,4,4,15,2,2,2,1,3,3,5,4,3,2,3,4,3,3,3,2,3,3,4,2,3,4,3,2,3,3,3,4,4,4,2,3,4,4,3,4,4,5,4,3,2,1,1,2,1,1,2,2,2,2,4,3,3,3,1,7,5,4,3,3,5,4,6,7,1,34,3,1,1,1,40,3600,2500,0,25301,직무교육 컴퓨터 프로그램 도입 상승 일자리,"경영,회계계열"
35226,4,4,3,4,3,3,3,3,3,4,3,3,3,3,3,3,3,3,3,3,3,3,4,3,4,4,1,0,3,3,4,3,1,0,1,0,3,3,3,4,3,3,1,0,4,4,2,4,3,3,1,0,1,0,3,4,3,3,4,4,1,0,1,0,5,4,4,3,4,4,4,4,1,0,3,4,4,4,4,4,4,4,3,4,3,4,2,3,3,4,2,3,3,2,4,3,3,3,4,3,4,3,1,2,2,2,0,2,2,3,1,2,3,2,3,3,2,3,4,3,4,2,2,4,3,4,4,5,4,2,3,4,3,2,3,4,4,3,4,2,4,5,2,2,2,2,2,2,2,2,2,2,2,2,2,3,2,7,3,7,3,4,8,2,3,7,1,44,2,1,1,1,40,3500,2200,0,873401,가공 과정 기계화 자동화,상고
35227,5,6,4,4,4,6,4,5,3,5,4,6,3,5,4,6,4,5,3,5,4,6,4,5,4,5,4,6,4,5,4,6,4,6,5,6,3,5,4,6,5,6,4,6,4,6,4,6,2,4,4,5,2,2,1,0,1,0,1,0,3,4,1,0,1,0,1,0,1,0,1,0,1,0,1,0,1,0,1,0,1,0,1,0,1,0,1,0,4,3,5,5,4,2,4,3,3,4,3,3,2,11,1,5,1,2,0,4,5,4,3,3,4,4,4,4,3,3,3,3,2,4,3,2,2,1,3,2,3,4,2,4,3,5,4,5,4,3,2,2,3,4,2,2,2,2,2,2,1,1,1,3,4,1,1,3,1,5,4,4,3,4,5,3,6,5,2,40,4,1,1,1,40,5500,3200,0,31501,손해사정사 질병 재해 보험 상품 증가 손해 정의 다각 사건 사고 증가 손해 사정 업무,경제금융학
35228,5,4,4,5,2,3,1,0,2,4,4,4,2,3,4,3,3,5,5,4,4,4,2,4,2,2,1,0,1,0,4,3,1,0,1,0,3,4,1,0,5,4,4,4,2,4,1,0,2,3,1,0,4,4,3,5,2,4,3,3,1,0,2,4,4,4,2,4,4,3,3,3,1,0,2,4,2,4,3,2,1,0,1,0,2,2,1,0,3,5,4,3,3,5,4,4,3,5,4,4,2,13,2,4,2,2,0,3,6,3,4,5,5,4,4,4,3,5,5,4,2,5,4,3,5,4,3,4,4,3,4,4,5,3,3,4,4,5,3,4,5,5,2,2,2,2,2,2,2,2,2,2,3,3,3,3,2,6,4,3,7,6,8,4,8,6,1,52,6,1,1,1,40,6200,4200,0,121105,기초 과학 분야 변동,지질학
35229,2,2,4,4,1,0,2,1,2,3,2,3,1,0,4,3,3,4,2,2,2,4,2,2,3,4,1,0,1,0,3,3,1,0,2,2,3,3,3,3,2,2,2,2,3,2,1,0,1,0,1,0,1,0,1,0,3,2,3,3,1,0,1,0,2,2,3,3,4,3,1,0,1,0,3,4,3,4,5,4,3,3,4,3,3,4,3,3,3,3,2,3,2,2,2,4,3,1,3,3,4,8,1,4,2,2,0,1,2,3,3,2,3,2,2,2,1,3,3,2,3,1,3,3,2,3,3,2,2,3,3,4,4,3,5,3,4,4,4,2,4,5,2,2,2,2,2,2,2,2,2,1,3,2,2,2,2,6,9,7,6,7,6,9,6,2,1,42,1,1,1,1,48,3200,2000,0,624301,변화 업종,0
35230,4,5,4,5,4,5,4,5,4,5,4,5,4,5,4,5,4,5,4,5,4,5,4,5,4,5,4,5,4,5,4,5,4,5,4,5,4,5,4,5,4,5,4,5,4,5,4,5,4,5,4,5,4,5,3,5,3,5,3,5,4,6,4,5,3,5,3,5,4,5,4,5,3,5,3,5,3,5,3,5,3,5,3,5,3,4,3,4,4,4,2,3,4,3,3,3,3,3,4,3,4,3,1,3,1,1,3,3,5,4,4,4,4,4,4,3,4,3,4,4,1,2,4,5,4,3,4,3,3,2,4,4,4,4,4,4,4,4,4,4,4,1,2,2,2,2,2,1,1,1,1,3,3,1,1,3,2,7,7,7,8,8,8,7,7,7,1,41,4,1,1,1,40,4300,2600,0,26102,일본어능력시험 외국어 교육 영업 직원 코로나 영향 무량 증가 국가 무역 계속,경제무역학
35231,4,6,4,6,4,6,4,5,4,4,3,3,3,5,3,3,3,4,3,3,3,5,4,5,3,3,4,3,4,4,3,4,3,5,3,5,4,5,3,5,4,4,3,4,3,4,3,4,4,5,3,4,1,0,1,0,2,5,1,0,3,4,3,4,1,0,1,0,1,0,1,0,5,5,1,0,1,0,1,0,2,2,1,0,3,3,3,3,4,5,2,2,4,4,4,4,3,3,4,4,5,17,3,2,1,2,0,6,5,4,4,4,5,5,3,3,9,9,4,4,2,4,4,4,4,2,3,1,4,3,5,5,4,3,3,3,5,4,5,3,4,3,2,2,2,2,2,2,2,2,2,1,4,3,3,3,2,8,5,3,5,3,4,2,7,7,2,54,4,2,5,1,44,0,0,6800,13501,사회복지사1급 전산세무회계 고령화 시대 사회 복지 중요성 더욱,경영학
35232,4,6,4,5,1,0,2,2,4,6,4,5,1,0,4,6,3,5,2,3,2,2,3,3,2,2,4,5,2,2,1,0,1,0,1,0,1,0,1,0,3,3,2,3,1,0,5,5,5,5,1,0,1,0,2,2,2,2,1,0,4,5,4,6,3,3,1,0,1,0,1,0,1,0,2,2,1,0,1,0,1,0,1,0,3,4,1,0,4,3,3,3,4,3,4,2,3,4,3,4,3,3,1,4,2,2,0,2,4,3,3,4,4,5,4,2,2,5,4,3,2,3,3,4,4,5,4,2,4,2,2,5,5,4,4,5,4,4,3,4,3,4,2,2,2,2,2,2,2,2,2,3,3,2,2,3,1,3,3,6,5,4,4,4,7,7,1,48,4,1,1,1,40,4000,3000,0,28301,시장 동향 영향,경제학
35233,3,4,4,5,2,3,4,4,4,4,4,5,4,5,3,3,4,5,3,4,4,5,3,4,3,4,4,5,3,4,3,4,3,4,3,4,3,5,4,5,4,5,3,5,3,4,3,4,2,3,3,4,3,4,3,4,4,5,4,5,3,4,4,5,4,5,4,5,4,5,4,5,4,5,4,5,4,5,3,4,3,4,3,4,4,5,4,5,4,4,4,4,5,4,4,4,4,3,3,4,4,17,1,2,1,1,3,3,2,4,3,2,4,4,4,4,3,5,5,5,2,4,4,4,3,2,2,3,4,4,4,4,3,3,4,4,4,4,4,3,4,5,2,2,1,1,1,1,2,2,2,2,2,3,3,3,2,7,2,7,3,8,3,7,2,7,1,29,2,1,1,1,50,2800,1800,0,814001,에너지관리사 자격증 난방 교육 기계 도입 기계 시스템 계기,실업계
35234,2,3,3,4,3,4,2,3,1,0,2,3,1,0,3,4,3,4,2,3,1,0,4,5,4,5,3,4,5,7,4,5,4,6,4,6,3,4,5,7,5,6,4,6,5,7,3,5,2,3,3,5,3,4,1,0,1,0,1,0,2,3,1,0,2,2,1,0,1,0,1,0,1,0,1,0,1,0,2,3,3,5,3,4,2,2,2,3,5,5,2,4,4,2,3,4,3,2,3,3,4,7,1,3,2,2,0,5,5,4,3,3,5,4,3,3,4,4,3,3,1,3,3,3,2,2,3,3,3,4,3,4,3,5,3,4,4,4,3,5,4,3,2,2,2,2,2,2,2,2,2,2,3,3,3,3,2,9,6,7,2,7,1,7,3,5,1,50,4,1,1,1,48,6200,3000,0,15101,판매 상품 증가 일자리 영향,경영학
35235,2,3,2,3,2,3,2,3,2,3,2,4,2,3,2,3,2,2,2,4,2,2,2,3,2,2,2,2,2,3,2,2,2,2,2,2,2,3,3,4,4,4,2,3,2,3,2,1,2,1,2,1,2,3,3,3,2,4,4,4,2,2,2,4,3,3,2,1,3,4,3,3,2,1,2,2,2,3,2,2,3,2,2,2,2,2,2,1,2,4,3,3,2,3,3,3,2,2,3,3,3,6,3,2,1,2,0,4,3,3,2,2,4,3,2,3,9,3,3,3,2,4,3,3,3,2,3,4,3,3,2,4,3,2,2,3,3,4,2,3,5,3,2,2,2,2,2,2,2,2,2,2,2,2,2,2,1,7,6,4,3,3,3,7,4,3,1,39,2,1,3,2,40,3800,3200,0,814001,에너지관리기능사 건설 경기 침체,기계
35236,3,4,4,6,2,2,5,6,3,4,4,6,4,6,2,2,5,7,3,4,4,6,5,7,3,4,5,6,5,6,3,4,5,6,2,2,3,4,3,4,5,6,4,6,4,6,4,5,1,0,3,4,1,0,1,0,1,0,1,0,3,4,1,0,1,0,1,0,1,0,1,0,1,0,1,0,1,0,3,4,5,6,3,4,4,5,5,6,5,4,2,3,5,5,4,3,4,3,3,4,4,17,1,2,1,2,0,5,5,4,3,3,4,4,4,4,9,9,4,4,2,4,4,4,4,3,2,1,4,2,4,4,4,3,4,3,4,5,4,2,4,4,2,2,2,2,2,2,2,2,2,2,4,3,3,3,1,2,8,2,8,1,8,1,9,3,1,59,4,2,5,1,40,0,0,6000,13401,사회복지사 1급 고령화 사회 인식 노인 인구 요양 병원 추세,사회복지
35237,4,5,4,5,5,5,5,5,3,5,4,5,5,4,4,4,3,4,4,5,4,4,3,5,4,5,4,5,4,5,5,6,4,5,4,6,4,4,3,5,4,5,4,4,4,5,3,3,3,4,4,5,2,4,2,4,1,0,2,4,2,3,1,0,2,3,2,5,3,5,1,0,4,5,2,4,1,0,1,0,2,3,5,5,2,3,3,4,5,3,2,4,4,2,3,3,4,3,4,4,4,18,1,2,2,2,0,6,5,5,4,4,3,5,4,4,9,9,9,4,1,5,5,3,3,3,5,2,4,3,4,3,5,4,4,4,4,4,4,4,4,5,2,2,2,2,2,2,2,2,2,1,4,3,2,2,2,7,6,6,3,3,3,8,5,2,2,38,4,2,5,1,40,0,0,4500,414702,임금 직업,무용
35238,4,3,4,4,3,3,2,3,3,5,3,4,4,4,4,4,3,4,3,4,4,4,4,4,5,5,3,4,3,4,3,5,3,4,2,4,3,4,3,5,3,4,3,4,4,5,3,5,2,4,4,5,4,4,3,4,3,5,3,4,2,4,3,5,3,5,3,4,2,3,2,4,3,5,3,4,3,5,3,4,3,4,2,5,3,4,2,4,4,3,3,3,4,3,3,3,3,3,4,3,4,13,1,3,1,2,0,4,4,3,3,3,4,4,3,3,3,3,4,3,4,3,2,4,3,3,3,2,2,3,3,5,1,3,2,2,4,4,3,3,4,4,2,2,2,2,2,2,2,2,2,2,3,3,3,3,1,3,3,2,5,6,4,1,4,4,2,29,4,1,1,1,46,3400,2700,0,415501,웹디자인기능사 멀티미디어 디자인 대한 기대 수요,컴퓨터공학
35239,3,5,4,5,3,3,4,5,3,3,3,3,1,0,3,3,4,4,3,4,2,2,2,2,4,4,1,0,5,5,5,3,3,3,2,2,4,5,4,5,4,5,1,0,3,4,1,0,1,0,1,0,2,2,1,0,1,0,1,0,2,3,2,2,1,0,1,0,1,0,2,1,2,2,2,2,1,0,3,3,1,0,3,4,4,4,4,4,3,3,2,2,3,5,3,3,4,3,3,2,3,19,1,2,2,2,0,3,2,3,2,2,3,3,4,2,1,3,3,3,4,2,1,3,3,4,2,4,2,3,3,3,4,4,3,4,4,4,4,3,4,3,2,2,2,2,2,2,2,2,2,2,3,2,2,2,2,8,6,4,5,3,5,7,4,6,2,30,4,1,1,1,40,2500,2000,0,29101,변화 일자리,영어영문학
35240,3,5,4,6,4,5,4,6,3,5,4,6,3,5,4,6,4,5,2,3,3,5,4,5,4,6,4,6,4,4,4,6,4,6,4,6,4,6,4,6,4,6,4,6,4,6,4,6,2,3,4,5,4,5,3,5,3,5,3,5,4,6,3,4,4,3,3,4,3,4,3,4,4,6,2,2,3,4,4,5,2,2,2,2,2,3,4,5,4,4,3,3,4,4,3,4,3,4,4,4,4,13,1,2,1,1,2,5,5,3,3,2,4,4,4,3,4,4,4,4,2,4,2,4,4,4,4,2,4,3,4,4,3,4,4,4,4,4,4,3,4,4,2,1,1,2,1,1,1,1,1,2,1,2,2,3,2,5,5,4,3,4,3,3,7,7,2,32,4,1,1,1,30,4400,2000,0,23301,관세사 관련 법령 개정 사항 전산 시스템 발달 기존 인적자원 용도 위험성 발생 전산 시스템 발달,행정학
35241,4,5,5,6,2,3,2,4,3,4,4,5,4,5,5,6,4,5,1,0,3,4,4,5,5,6,3,3,5,6,4,5,2,4,2,4,4,5,5,6,4,5,4,5,5,6,4,5,4,5,1,0,4,5,5,6,4,5,4,5,2,2,5,6,4,5,4,5,4,5,4,5,3,3,5,6,4,5,4,5,5,4,3,3,3,3,2,4,4,4,3,4,5,2,4,4,4,3,4,3,4,13,1,2,1,2,0,7,4,4,4,4,4,4,3,3,4,3,4,4,1,3,4,3,3,3,2,2,3,4,3,5,4,4,5,4,5,5,4,3,4,4,2,2,2,2,2,2,2,2,2,2,4,2,2,3,2,5,7,8,8,4,5,4,7,6,1,39,3,1,1,1,40,4800,2600,0,306701,의지보조기기사자격증 산업 현장 사고 생활 사고,의료보장구학
35242,4,5,3,5,4,5,4,5,4,6,3,5,4,5,4,5,3,5,4,6,2,3,3,4,3,5,4,6,4,5,4,6,5,6,4,6,4,6,3,4,4,5,4,6,3,5,4,6,3,5,4,6,4,5,4,6,4,6,3,5,4,6,4,6,4,5,4,5,2,3,4,6,4,6,4,5,4,6,3,4,4,5,2,2,3,4,2,3,4,4,2,4,5,2,3,4,2,3,3,2,3,6,1,2,1,2,0,4,5,4,3,3,4,5,2,4,5,4,3,3,1,5,4,3,2,4,4,5,4,5,3,4,5,5,4,5,5,3,2,3,4,5,2,2,2,2,2,2,2,2,2,2,4,2,3,3,2,7,7,8,3,8,7,7,8,7,1,34,4,1,1,1,40,6000,3300,0,140207,건축시공기술사 국내 건설 산업 성숙 단계 진입 유지관리 증가,건축학
35243,4,4,2,3,3,4,4,4,3,5,4,4,4,6,2,2,3,4,2,2,3,5,2,3,3,4,2,3,4,6,3,4,4,5,4,5,3,4,2,3,3,4,4,6,3,5,4,5,3,4,2,2,2,3,2,2,3,4,2,3,3,3,3,3,2,3,3,3,2,3,3,3,3,3,3,3,2,4,2,3,4,5,3,3,4,5,4,4,4,3,2,2,3,4,2,3,2,3,2,3,3,6,1,1,1,2,0,1,3,3,3,3,3,3,2,2,2,3,3,3,3,2,2,2,2,1,1,3,3,5,2,2,2,3,2,3,3,4,3,2,4,3,2,1,2,2,2,2,1,2,2,3,1,2,2,2,2,6,5,7,4,5,5,6,4,4,1,52,2,2,5,1,50,0,0,3000,140204,건축설비기사 자격증 컴퓨터 기술 개발 자동화 일자리 감소,이과
35244,4,6,3,5,3,3,1,0,5,5,2,3,1,0,3,3,4,4,3,5,2,4,1,0,1,0,2,4,1,0,4,4,1,0,1,0,1,0,1,0,4,4,3,3,3,5,1,0,5,5,1,0,2,4,4,4,2,4,1,0,1,0,1,0,2,4,4,3,3,5,1,0,1,0,2,3,3,3,1,0,2,3,1,0,2,4,1,0,4,3,2,4,5,2,4,4,2,4,4,3,5,13,2,5,2,2,0,3,6,3,5,5,5,4,5,5,3,4,4,3,2,4,4,5,4,4,3,5,4,3,5,2,3,3,4,3,5,5,4,3,2,4,2,2,2,2,2,2,2,2,2,2,3,3,3,3,2,7,5,6,3,4,6,4,3,2,1,45,6,1,1,1,40,5100,4000,0,121105,건설 경기 어려움 어려움,지구과학
35245,3,4,4,5,2,4,4,6,1,0,2,4,5,5,3,4,4,4,2,3,3,3,3,4,2,3,4,5,3,5,3,4,4,5,4,6,3,4,4,4,2,3,2,2,3,3,1,0,1,0,2,2,1,0,1,0,1,0,2,3,1,0,1,0,1,0,1,0,1,0,1,0,1,0,2,2,1,0,1,0,1,0,2,2,3,3,3,4,3,2,3,4,3,3,4,4,3,2,4,2,3,11,1,2,2,2,0,2,5,3,2,4,4,5,4,3,2,4,3,3,3,4,3,4,5,3,2,3,3,4,4,4,3,4,5,4,4,4,3,2,4,4,2,2,2,2,2,2,2,2,2,1,4,2,2,2,1,6,4,3,7,5,6,5,7,6,2,33,4,1,1,1,45,3100,2600,0,26102,광고 홍보 관련 시장,광고학
35246,5,6,3,4,3,4,4,5,5,7,4,6,1,0,2,2,2,4,2,2,2,2,1,0,2,2,2,2,2,3,1,0,3,4,2,3,1,0,3,4,4,5,4,5,2,3,2,2,1,0,3,4,2,2,1,0,1,0,1,0,3,4,1,0,2,2,1,0,1,0,1,0,3,4,1,0,1,0,1,0,1,0,1,0,2,2,2,2,4,3,3,4,4,5,4,2,3,2,3,2,2,11,1,3,1,2,0,7,5,4,3,3,4,3,4,4,3,3,4,4,2,3,3,4,3,4,4,3,3,3,3,3,4,4,3,3,4,4,3,3,3,5,2,2,2,2,2,2,2,2,2,1,3,2,2,3,2,8,7,5,6,6,6,2,2,5,1,45,4,1,1,1,40,8000,3000,0,31301,보험계리사 보험 계속 필요,국문
35247,5,6,5,5,4,5,3,3,3,4,4,5,3,4,5,5,5,6,4,5,3,5,3,4,2,3,3,4,2,3,2,3,1,0,1,0,3,3,3,4,3,5,3,4,5,4,3,4,2,3,2,3,4,4,3,4,5,5,3,4,4,5,3,4,3,3,4,6,3,4,4,5,3,4,1,0,1,0,1,0,1,0,1,0,4,5,4,4,3,3,3,3,3,4,3,3,3,2,3,3,3,3,1,2,1,2,0,6,5,4,4,4,4,4,4,3,3,3,4,3,3,3,3,3,2,3,2,5,4,4,3,5,4,5,4,4,3,3,4,2,5,5,2,2,2,2,2,2,2,2,2,2,4,3,3,3,2,3,3,1,4,3,5,7,4,3,2,36,5,1,1,1,40,5700,3200,0,154105,화학분석기능사 인구 수명 개발 갈수록,화학공학
35248,2,5,4,6,3,5,4,5,3,4,3,5,3,5,3,5,4,5,5,6,3,5,3,4,4,5,3,4,4,5,4,5,4,5,3,4,4,5,4,5,4,5,4,5,3,4,3,4,4,6,5,6,3,4,2,4,2,4,3,5,4,5,4,5,3,4,3,5,3,4,2,4,5,6,3,5,4,5,5,6,5,6,5,6,3,4,3,4,4,4,2,3,4,1,3,5,3,4,4,3,3,9,1,2,2,2,0,4,4,3,3,3,3,3,3,2,3,4,4,3,3,2,2,5,4,3,3,2,3,4,5,4,2,3,2,2,3,5,2,3,4,5,1,2,1,1,1,2,1,2,2,2,1,2,2,2,1,8,7,6,3,2,5,3,1,2,1,37,3,1,1,1,46,3700,2700,0,14201,서비스 향상 상품 다변 인구 감소,조리학
